time,free,used
2022-06-17 03:40:00,15662.2,346.93
2022-06-17 03:39:59,15662.3,346.836
2022-06-17 03:39:58,15644,365.195
2022-06-17 03:39:57,15685.5,323.672
2022-06-17 03:39:56,15685.5,323.672
2022-06-17 03:39:55,15685.5,323.664
2022-06-17 03:39:54,15685.3,323.918
2022-06-17 03:39:53,15685.3,323.918
2022-06-17 03:39:52,15685.5,323.664
2022-06-17 03:39:51,15685.3,323.918
2022-06-17 03:39:50,15685.3,323.918
2022-06-17 03:39:49,15685.5,323.664
2022-06-17 03:39:48,15685.3,323.918
2022-06-17 03:39:47,15685.5,323.672
2022-06-17 03:39:46,15685.5,323.672
2022-06-17 03:39:45,15685.3,323.918
2022-06-17 03:39:44,15685.5,323.664
2022-06-17 03:39:43,15685.5,323.672
2022-06-17 03:39:42,15685.3,323.918
2022-06-17 03:39:41,15685.3,323.918
2022-06-17 03:39:40,15685.3,323.918
2022-06-17 03:39:39,15685.5,323.672
2022-06-17 03:39:38,15685.3,323.918
2022-06-17 03:39:37,15685.3,323.918
2022-06-17 03:39:36,15685.5,323.672
2022-06-17 03:39:35,15685.5,323.672
2022-06-17 03:39:34,15685.3,323.918
2022-06-17 03:39:33,15685.5,323.672
2022-06-17 03:39:32,15685.5,323.672
2022-06-17 03:39:31,15685.8,323.426
2022-06-17 03:39:30,15685.8,323.398
2022-06-17 03:39:29,15685.5,323.664
2022-06-17 03:39:28,15685.5,323.699
2022-06-17 03:39:27,15685.2,323.945
2022-06-17 03:39:26,15685,324.191
2022-06-17 03:39:25,15685.5,323.699
2022-06-17 03:39:24,15685.2,323.945
2022-06-17 03:39:23,15685.2,323.945
2022-06-17 03:39:22,15685.5,323.699
2022-06-17 03:39:21,15685.2,323.945
2022-06-17 03:39:20,15685.5,323.699
2022-06-17 03:39:19,15685.2,324.008
2022-06-17 03:39:18,15685.2,323.945
2022-06-17 03:39:17,15685.3,323.84
2022-06-17 03:39:16,15685.2,324.023
2022-06-17 03:39:15,15685.2,323.945
2022-06-17 03:39:14,15685.2,323.953
2022-06-17 03:39:13,15684.9,324.301
2022-06-17 03:39:12,15685,324.215
2022-06-17 03:39:11,15685,324.191
2022-06-17 03:39:10,15684.7,324.445
2022-06-17 03:39:09,15684.7,324.516
2022-06-17 03:39:08,15684.4,324.762
2022-06-17 03:39:07,15684.5,324.691
2022-06-17 03:39:06,15684.4,324.801
2022-06-17 03:39:05,15684.2,324.984
2022-06-17 03:39:04,15684.2,324.977
2022-06-17 03:39:03,15684,325.137
2022-06-17 03:39:02,15683.8,325.391
2022-06-17 03:39:01,15672.5,336.637
2022-06-17 03:39:00,15672.8,336.383
2022-06-17 03:38:59,15673,336.164
2022-06-17 03:38:58,15679.3,329.84
2022-06-17 03:38:57,15679.4,329.824
2022-06-17 03:38:56,15679.3,329.832
2022-06-17 03:38:55,15678.9,330.23
2022-06-17 03:38:54,15678.8,330.414
2022-06-17 03:38:53,15678.9,330.234
2022-06-17 03:38:52,15674.5,334.695
2022-06-17 03:38:51,15675,334.184
2022-06-17 03:38:50,15675,334.191
2022-06-17 03:38:49,15675,334.145
2022-06-17 03:38:48,15673.2,335.965
2022-06-17 03:38:47,15577.4,431.793
2022-06-17 03:38:46,15578,431.129
2022-06-17 03:38:45,15578,431.215
2022-06-17 03:38:44,15674.7,334.445
2022-06-17 03:38:43,15674.3,334.914
2022-06-17 03:38:42,4996.18,11013
2022-06-17 03:38:41,5089.88,10919.3
2022-06-17 03:38:40,5953.64,10055.5
2022-06-17 03:38:39,6840.56,9168.61
2022-06-17 03:38:38,7535.28,8473.89
2022-06-17 03:38:37,8413.34,7595.84
2022-06-17 03:38:36,9294.99,6714.18
2022-06-17 03:38:35,11962.4,4046.81
2022-06-17 03:38:34,15211.3,797.883
2022-06-17 03:38:33,14574.9,1434.24
2022-06-17 03:38:32,4999.44,11009.7
2022-06-17 03:38:31,5258.92,10750.3
2022-06-17 03:38:30,6157.79,9851.38
2022-06-17 03:38:29,7058.98,8950.19
2022-06-17 03:38:28,7718.52,8290.66
2022-06-17 03:38:27,8619.95,7389.22
2022-06-17 03:38:26,9508.11,6501.06
2022-06-17 03:38:25,13114.1,2895.1
2022-06-17 03:38:24,15382.1,627.035
2022-06-17 03:38:23,9865.93,6143.24
2022-06-17 03:38:22,4998.52,11010.7
2022-06-17 03:38:21,5472.16,10537
2022-06-17 03:38:20,6336.93,9672.25
2022-06-17 03:38:19,7273.31,8735.87
2022-06-17 03:38:18,7938.99,8070.18
2022-06-17 03:38:17,8790.24,7218.94
2022-06-17 03:38:16,9729.09,6280.09
2022-06-17 03:38:15,14165.2,1843.99
2022-06-17 03:38:14,15447.5,561.648
2022-06-17 03:38:13,6358.4,9650.77
2022-06-17 03:38:12,4998.96,11010.2
2022-06-17 03:38:11,5626.44,10382.7
2022-06-17 03:38:10,6499.32,9509.85
2022-06-17 03:38:09,7406.43,8602.74
2022-06-17 03:38:08,8089.83,7919.35
2022-06-17 03:38:07,8955.59,7053.58
2022-06-17 03:38:06,10405.3,5603.84
2022-06-17 03:38:05,14686.3,1322.92
2022-06-17 03:38:04,15507.1,502.109
2022-06-17 03:38:03,4996.67,11012.5
2022-06-17 03:38:02,4997.69,11011.5
2022-06-17 03:38:01,5826.12,10183.1
2022-06-17 03:38:00,6694.09,9315.09
2022-06-17 03:37:59,7451.82,8557.36
2022-06-17 03:37:58,8290.25,7718.93
2022-06-17 03:37:57,9163.89,6845.29
2022-06-17 03:37:56,11324.3,4684.83
2022-06-17 03:37:55,15130.7,878.477
2022-06-17 03:37:54,15575.6,433.594
2022-06-17 03:37:53,4995.88,11013.3
2022-06-17 03:37:52,5121.29,10887.9
2022-06-17 03:37:51,6056.18,9953
2022-06-17 03:37:50,6898.55,9110.63
2022-06-17 03:37:49,7597.96,8411.22
2022-06-17 03:37:48,8528.43,7480.75
2022-06-17 03:37:47,9363.19,6645.99
2022-06-17 03:37:46,12407,3602.17
2022-06-17 03:37:45,15308.2,700.98
2022-06-17 03:37:44,13672.1,2337.05
2022-06-17 03:37:43,4996.77,11012.4
2022-06-17 03:37:42,5313.48,10695.7
2022-06-17 03:37:41,6186.14,9823.04
2022-06-17 03:37:40,7133.93,8875.25
2022-06-17 03:37:39,7770.09,8239.09
2022-06-17 03:37:38,8648.39,7360.79
2022-06-17 03:37:37,9583.3,6425.87
2022-06-17 03:37:36,13457,2552.15
2022-06-17 03:37:35,15403.7,605.43
2022-06-17 03:37:34,8632.58,7376.59
2022-06-17 03:37:33,4999.07,11010.1
2022-06-17 03:37:32,5491.07,10518.1
2022-06-17 03:37:31,6383.05,9626.13
2022-06-17 03:37:30,7295.97,8713.2
2022-06-17 03:37:29,7952.57,8056.61
2022-06-17 03:37:28,8842.69,7166.48
2022-06-17 03:37:27,9926,6083.18
2022-06-17 03:37:26,14227,1782.19
2022-06-17 03:37:25,15463.3,545.867
2022-06-17 03:37:24,7495.18,8514
2022-06-17 03:37:23,4997.92,11011.3
2022-06-17 03:37:22,5695.73,10313.4
2022-06-17 03:37:21,6596.19,9412.99
2022-06-17 03:37:20,7368.03,8641.14
2022-06-17 03:37:19,8181.58,7827.59
2022-06-17 03:37:18,9059.41,6949.77
2022-06-17 03:37:17,11057.2,4951.96
2022-06-17 03:37:16,14765.4,1243.78
2022-06-17 03:37:15,15546.3,462.828
2022-06-17 03:37:14,4999.73,11009.4
2022-06-17 03:37:13,5104.75,10904.4
2022-06-17 03:37:12,5964.48,10044.7
2022-06-17 03:37:11,6788.39,9220.78
2022-06-17 03:37:10,7524.47,8484.71
2022-06-17 03:37:09,8424.55,7584.63
2022-06-17 03:37:08,9225.29,6783.88
2022-06-17 03:37:07,11814.5,4194.67
2022-06-17 03:37:06,15193.4,815.82
2022-06-17 03:37:05,14598.2,1410.98
2022-06-17 03:37:04,4998.35,11010.8
2022-06-17 03:37:03,5237.01,10772.2
2022-06-17 03:37:02,6112.67,9896.5
2022-06-17 03:37:01,7007.71,9001.47
2022-06-17 03:37:00,7698.81,8310.37
2022-06-17 03:36:59,8576.87,7432.31
2022-06-17 03:36:58,9479.43,6529.75
2022-06-17 03:36:57,12964.2,3045.02
2022-06-17 03:36:56,15372,637.207
2022-06-17 03:36:55,10309.6,5699.53
2022-06-17 03:36:54,4999,11010.2
2022-06-17 03:36:53,5408.12,10601.1
2022-06-17 03:36:52,6286.68,9722.5
2022-06-17 03:36:51,7218.38,8790.8
2022-06-17 03:36:50,7874.46,8134.71
2022-06-17 03:36:49,8731.62,7277.56
2022-06-17 03:36:48,9811.48,6197.7
2022-06-17 03:36:47,13779.2,2230.01
2022-06-17 03:36:46,15430.2,578.93
2022-06-17 03:36:45,7652.28,8356.89
2022-06-17 03:36:44,5001.36,11007.8
2022-06-17 03:36:43,5603.88,10405.3
2022-06-17 03:36:42,6518.85,9490.32
2022-06-17 03:36:41,7333.41,8675.76
2022-06-17 03:36:40,8085.97,7923.21
2022-06-17 03:36:39,8978.56,7030.62
2022-06-17 03:36:38,10551.3,5457.83
2022-06-17 03:36:37,14498.1,1511.07
2022-06-17 03:36:36,15510.3,498.914
2022-06-17 03:36:35,7117.27,8891.9
2022-06-17 03:36:34,5028.22,10981
2022-06-17 03:36:33,5698.08,10311.1
2022-06-17 03:36:32,6599.76,9409.41
2022-06-17 03:36:31,7341.99,8667.19
2022-06-17 03:36:30,8158.77,7850.41
2022-06-17 03:36:29,9038.8,6970.37
2022-06-17 03:36:28,10921.2,5087.94
2022-06-17 03:36:27,14656.8,1352.38
2022-06-17 03:36:26,15535,474.215
2022-06-17 03:36:25,4997.4,11011.8
2022-06-17 03:36:24,5066.63,10942.5
2022-06-17 03:36:23,5924.4,10084.8
2022-06-17 03:36:22,6766.54,9242.64
2022-06-17 03:36:21,7501.13,8508.05
2022-06-17 03:36:20,8382.38,7626.79
2022-06-17 03:36:19,9214.93,6794.25
2022-06-17 03:36:18,11672.7,4336.51
2022-06-17 03:36:17,15187.8,821.418
2022-06-17 03:36:16,15596.4,412.73
2022-06-17 03:36:15,4999.83,11009.3
2022-06-17 03:36:14,5207.83,10801.3
2022-06-17 03:36:13,6061.41,9947.77
2022-06-17 03:36:12,6974.41,9034.77
2022-06-17 03:36:11,7651.66,8357.51
2022-06-17 03:36:10,8524.3,7484.88
2022-06-17 03:36:09,9423.04,6586.13
2022-06-17 03:36:08,12704.9,3304.23
2022-06-17 03:36:07,15307.4,701.797
2022-06-17 03:36:06,10888.1,5121.03
2022-06-17 03:36:05,4999.76,11009.4
2022-06-17 03:36:04,5374.82,10634.4
2022-06-17 03:36:03,6273.79,9735.39
2022-06-17 03:36:02,7192.35,8816.83
2022-06-17 03:36:01,7842.85,8166.32
2022-06-17 03:36:00,8748.73,7260.45
2022-06-17 03:35:59,9718.34,6290.84
2022-06-17 03:35:58,13723.7,2285.48
2022-06-17 03:35:57,15430.7,578.434
2022-06-17 03:35:56,8325.39,7683.78
2022-06-17 03:35:55,4998.31,11010.9
2022-06-17 03:35:54,5566.64,10442.5
2022-06-17 03:35:53,6410.73,9598.44
2022-06-17 03:35:52,7310.22,8698.96
2022-06-17 03:35:51,8012.78,7996.39
2022-06-17 03:35:50,8867.48,7141.7
2022-06-17 03:35:49,10146.9,5862.26
2022-06-17 03:35:48,14261.5,1747.66
2022-06-17 03:35:47,15475,534.137
2022-06-17 03:35:46,5585.96,10423.2
2022-06-17 03:35:45,5048.89,10960.3
2022-06-17 03:35:44,5725.52,10283.7
2022-06-17 03:35:43,6555.35,9453.83
2022-06-17 03:35:42,7417.65,8591.52
2022-06-17 03:35:41,8183,7826.17
2022-06-17 03:35:40,9006.69,7002.49
2022-06-17 03:35:39,10786.4,5222.82
2022-06-17 03:35:38,14680.7,1328.52
2022-06-17 03:35:37,15394.9,614.27
2022-06-17 03:35:36,5408.55,10600.6
2022-06-17 03:35:35,5129.13,10880
2022-06-17 03:35:34,5832.79,10176.4
2022-06-17 03:35:33,6711.81,9297.37
2022-06-17 03:35:32,7535.25,8473.93
2022-06-17 03:35:31,8306.25,7702.93
2022-06-17 03:35:30,9172.26,6836.92
2022-06-17 03:35:29,11685.2,4323.97
2022-06-17 03:35:28,14969.1,1040.06
2022-06-17 03:35:27,12733.2,3275.97
2022-06-17 03:35:26,4998.68,11010.5
2022-06-17 03:35:25,5249.9,10759.3
2022-06-17 03:35:24,6128.51,9880.67
2022-06-17 03:35:23,7006.68,9002.5
2022-06-17 03:35:22,7711.97,8297.21
2022-06-17 03:35:21,8596.66,7412.51
2022-06-17 03:35:20,9493.68,6515.49
2022-06-17 03:35:19,12907.9,3101.3
2022-06-17 03:35:18,15316.4,692.734
2022-06-17 03:35:17,11597.6,4411.59
2022-06-17 03:35:16,5001.68,11007.5
2022-06-17 03:35:15,5428.07,10581.1
2022-06-17 03:35:14,6329.02,9680.16
2022-06-17 03:35:13,7190.92,8818.25
2022-06-17 03:35:12,7930.93,8078.25
2022-06-17 03:35:11,8809.24,7199.94
2022-06-17 03:35:10,10137.2,5872.02
2022-06-17 03:35:09,14000.5,2008.65
2022-06-17 03:35:08,15466.1,543.125
2022-06-17 03:35:07,7663.45,8345.73
2022-06-17 03:35:06,5077.43,10931.7
2022-06-17 03:35:05,5715.15,10294
2022-06-17 03:35:04,6577.95,9431.23
2022-06-17 03:35:03,7426.72,8582.45
2022-06-17 03:35:02,8178.43,7830.75
2022-06-17 03:35:01,9058.91,6950.26
2022-06-17 03:35:00,11054.9,4954.29
2022-06-17 03:34:59,14640.6,1368.53
2022-06-17 03:34:58,14193.8,1815.34
2022-06-17 03:34:57,5817.23,10191.9
2022-06-17 03:34:56,5139.21,10870
2022-06-17 03:34:55,5935.14,10074
2022-06-17 03:34:54,6812.95,9196.23
2022-06-17 03:34:53,7566.25,8442.93
2022-06-17 03:34:52,8425.23,7583.95
2022-06-17 03:34:51,9275.46,6733.72
2022-06-17 03:34:50,12177.5,3831.72
2022-06-17 03:34:49,15110,899.219
2022-06-17 03:34:48,13138.1,2871.13
2022-06-17 03:34:47,5000.37,11008.8
2022-06-17 03:34:46,5302.41,10706.8
2022-06-17 03:34:45,6159.55,9849.63
2022-06-17 03:34:44,7070.66,8938.52
2022-06-17 03:34:43,7770.31,8238.86
2022-06-17 03:34:42,8615.88,7393.29
2022-06-17 03:34:41,9536.4,6472.77
2022-06-17 03:34:40,13209,2800.17
2022-06-17 03:34:39,15320.9,688.258
2022-06-17 03:34:38,9305.88,6703.3
2022-06-17 03:34:37,5003.32,11005.9
2022-06-17 03:34:36,5452.41,10556.8
2022-06-17 03:34:35,6322.35,9686.83
2022-06-17 03:34:34,7227.72,8781.46
2022-06-17 03:34:33,7902.26,8106.91
2022-06-17 03:34:32,8766.3,7242.87
2022-06-17 03:34:31,9826.37,6182.81
2022-06-17 03:34:30,13973.1,2036.05
2022-06-17 03:34:29,15444.1,565.09
2022-06-17 03:34:28,8459.72,7549.45
2022-06-17 03:34:27,5000.28,11008.9
2022-06-17 03:34:26,5605.19,10404
2022-06-17 03:34:25,6451.02,9558.16
2022-06-17 03:34:24,7335.72,8673.45
2022-06-17 03:34:23,8074.23,7934.95
2022-06-17 03:34:22,8922.04,7087.14
2022-06-17 03:34:21,10398.7,5610.45
2022-06-17 03:34:20,14527.8,1481.34
2022-06-17 03:34:19,15499,510.191
2022-06-17 03:34:18,4999.7,11009.5
2022-06-17 03:34:17,5052.5,10956.7
2022-06-17 03:34:16,5818.53,10190.6
2022-06-17 03:34:15,6679.86,9329.31
2022-06-17 03:34:14,7476.71,8532.47
2022-06-17 03:34:13,8310.72,7698.46
2022-06-17 03:34:12,9137.35,6871.82
2022-06-17 03:34:11,11363.9,4645.27
2022-06-17 03:34:10,15062.9,946.242
2022-06-17 03:34:09,15574.8,434.422
2022-06-17 03:34:08,4996.66,11012.5
2022-06-17 03:34:07,5132.01,10877.2
2022-06-17 03:34:06,5992.22,10017
2022-06-17 03:34:05,6864.61,9144.56
2022-06-17 03:34:04,7566.97,8442.2
2022-06-17 03:34:03,8447.49,7561.69
2022-06-17 03:34:02,9307.59,6701.58
2022-06-17 03:34:01,12040.9,3968.32
2022-06-17 03:34:00,15203.2,806.02
2022-06-17 03:33:59,14583.8,1425.4
2022-06-17 03:33:58,4998.05,11011.1
2022-06-17 03:33:57,5206.19,10803
2022-06-17 03:33:56,6122.02,9887.16
2022-06-17 03:33:55,7024.19,8984.99
2022-06-17 03:33:54,7649.03,8360.15
2022-06-17 03:33:53,8543.57,7465.61
2022-06-17 03:33:52,9460.52,6548.65
2022-06-17 03:33:51,12737.6,3271.61
2022-06-17 03:33:50,15321.2,687.941
2022-06-17 03:33:49,12916.2,3092.98
2022-06-17 03:33:48,5000.32,11008.9
2022-06-17 03:33:47,5341.66,10667.5
2022-06-17 03:33:46,6250.37,9758.81
2022-06-17 03:33:45,7143.19,8865.99
2022-06-17 03:33:44,7811.82,8197.35
2022-06-17 03:33:43,8714.5,7294.67
2022-06-17 03:33:42,9762.62,6246.56
2022-06-17 03:33:41,13554.8,2454.34
2022-06-17 03:33:40,15424.6,584.555
2022-06-17 03:33:39,8937.49,7071.68
2022-06-17 03:33:38,4998.82,11010.4
2022-06-17 03:33:37,5581.27,10427.9
2022-06-17 03:33:36,6470.41,9538.77
2022-06-17 03:33:35,7340.83,8668.34
2022-06-17 03:33:34,8057.46,7951.72
2022-06-17 03:33:33,8936.76,7072.42
2022-06-17 03:33:32,10430.3,5578.88
2022-06-17 03:33:31,14515.6,1493.6
2022-06-17 03:33:30,15499.9,509.254
2022-06-17 03:33:29,4999.98,11009.2
2022-06-17 03:33:28,5030.71,10978.5
2022-06-17 03:33:27,5813.78,10195.4
2022-06-17 03:33:26,6674.61,9334.57
2022-06-17 03:33:25,7437.75,8571.43
2022-06-17 03:33:24,8302.51,7706.66
2022-06-17 03:33:23,9154.25,6854.92
2022-06-17 03:33:22,11329.5,4679.7
2022-06-17 03:33:21,15161.1,848.031
2022-06-17 03:33:20,15570.8,438.402
2022-06-17 03:33:19,4998.68,11010.5
2022-06-17 03:33:18,5178.72,10830.5
2022-06-17 03:33:17,6018.75,9990.43
2022-06-17 03:33:16,6884.84,9124.34
2022-06-17 03:33:15,7619.18,8389.99
2022-06-17 03:33:14,8483.95,7525.23
2022-06-17 03:33:13,9340.12,6669.06
2022-06-17 03:33:12,12383,3626.2
2022-06-17 03:33:11,15222.3,786.875
2022-06-17 03:33:10,10703.2,5306
2022-06-17 03:33:09,4999.85,11009.3
2022-06-17 03:33:08,5379.06,10630.1
2022-06-17 03:33:07,6193.96,9815.22
2022-06-17 03:33:06,7153.33,8855.84
2022-06-17 03:33:05,7845.68,8163.5
2022-06-17 03:33:04,8628.01,7381.16
2022-06-17 03:33:03,9577.2,6431.98
2022-06-17 03:33:02,13472.8,2536.39
2022-06-17 03:33:01,15338,671.137
2022-06-17 03:33:00,7638.73,8370.45
2022-06-17 03:32:59,4997.86,11011.3
2022-06-17 03:32:58,5527.89,10481.3
2022-06-17 03:32:57,6431.3,9577.87
2022-06-17 03:32:56,7292.22,8716.96
2022-06-17 03:32:55,8008.49,8000.69
2022-06-17 03:32:54,8905.85,7103.33
2022-06-17 03:32:53,10336.1,5673.03
2022-06-17 03:32:52,14320.9,1688.23
2022-06-17 03:32:51,15493.5,515.641
2022-06-17 03:32:50,7493.97,8515.21
2022-06-17 03:32:49,5019.55,10989.6
2022-06-17 03:32:48,5777.89,10231.3
2022-06-17 03:32:47,6656.68,9352.49
2022-06-17 03:32:46,7374.39,8634.79
2022-06-17 03:32:45,8250.97,7758.21
2022-06-17 03:32:44,9112.28,6896.89
2022-06-17 03:32:43,11288,4721.18
2022-06-17 03:32:42,14949.9,1059.27
2022-06-17 03:32:41,15562,447.141
2022-06-17 03:32:40,4997.77,11011.4
2022-06-17 03:32:39,5131.34,10877.8
2022-06-17 03:32:38,6023.62,9985.55
2022-06-17 03:32:37,6872.64,9136.54
2022-06-17 03:32:36,7597.77,8411.41
2022-06-17 03:32:35,8494.98,7514.19
2022-06-17 03:32:34,9343.03,6666.14
2022-06-17 03:32:33,12360.9,3648.31
2022-06-17 03:32:32,15256.4,752.793
2022-06-17 03:32:31,13869.9,2139.27
2022-06-17 03:32:30,4999.55,11009.6
2022-06-17 03:32:29,5314.2,10695
2022-06-17 03:32:28,6222,9787.18
2022-06-17 03:32:27,7128.11,8881.07
2022-06-17 03:32:26,7808.32,8200.85
2022-06-17 03:32:25,8694.62,7314.56
2022-06-17 03:32:24,9601.2,6407.97
2022-06-17 03:32:23,13578.7,2430.48
2022-06-17 03:32:22,15410,599.195
2022-06-17 03:32:21,9957.24,6051.94
2022-06-17 03:32:20,4995.54,11013.6
2022-06-17 03:32:19,5552.66,10456.5
2022-06-17 03:32:18,6425.31,9583.87
2022-06-17 03:32:17,7299.43,8709.74
2022-06-17 03:32:16,8036.22,7972.95
2022-06-17 03:32:15,8900.56,7108.62
2022-06-17 03:32:14,10292,5717.15
2022-06-17 03:32:13,14463.4,1545.81
2022-06-17 03:32:12,15491.9,517.277
2022-06-17 03:32:11,5000.21,11009
2022-06-17 03:32:10,5042.29,10966.9
2022-06-17 03:32:09,5790.47,10218.7
2022-06-17 03:32:08,6640.97,9368.21
2022-06-17 03:32:07,7476.2,8532.97
2022-06-17 03:32:06,8249.43,7759.75
2022-06-17 03:32:05,9108.92,6900.26
2022-06-17 03:32:04,11027.8,4981.36
2022-06-17 03:32:03,15029.2,979.992
2022-06-17 03:32:02,15561.1,448.043
2022-06-17 03:32:01,4998.07,11011.1
2022-06-17 03:32:00,5083.12,10926.1
2022-06-17 03:31:59,5974.4,10034.8
2022-06-17 03:31:58,6862.55,9146.63
2022-06-17 03:31:57,7525.04,8484.14
2022-06-17 03:31:56,8446.15,7563.03
2022-06-17 03:31:55,9316.6,6692.58
2022-06-17 03:31:54,12126.3,3882.91
2022-06-17 03:31:53,15288.2,720.945
2022-06-17 03:31:52,13375.6,2633.57
2022-06-17 03:31:51,4996.33,11012.8
2022-06-17 03:31:50,5224.5,10784.7
2022-06-17 03:31:49,6152.13,9857.05
2022-06-17 03:31:48,7038.88,8970.3
2022-06-17 03:31:47,7689.06,8320.11
2022-06-17 03:31:46,8626.67,7382.5
2022-06-17 03:31:45,9521.48,6487.7
2022-06-17 03:31:44,12962.4,3046.82
2022-06-17 03:31:43,15376.5,632.695
2022-06-17 03:31:42,11749.1,4260.06
2022-06-17 03:31:41,4997.15,11012
2022-06-17 03:31:40,5421.74,10587.4
2022-06-17 03:31:39,6323.43,9685.75
2022-06-17 03:31:38,7184.65,8824.52
2022-06-17 03:31:37,7922.03,8087.15
2022-06-17 03:31:36,8800.1,7209.08
2022-06-17 03:31:35,10093.8,5915.36
2022-06-17 03:31:34,13898.9,2110.27
2022-06-17 03:31:33,15451.2,558.016
2022-06-17 03:31:32,6356.64,9652.54
2022-06-17 03:31:31,5008.09,11001.1
2022-06-17 03:31:30,5658.48,10350.7
2022-06-17 03:31:29,6494.21,9514.96
2022-06-17 03:31:28,7368.34,8640.84
2022-06-17 03:31:27,8135.64,7873.53
2022-06-17 03:31:26,8967.69,7041.48
2022-06-17 03:31:25,10676.2,5333.02
2022-06-17 03:31:24,14634.5,1374.69
2022-06-17 03:31:23,15524.7,484.445
2022-06-17 03:31:22,4999.3,11009.9
2022-06-17 03:31:21,5093.98,10915.2
2022-06-17 03:31:20,5905.63,10103.5
2022-06-17 03:31:19,6772.12,9237.06
2022-06-17 03:31:18,7547.07,8462.1
2022-06-17 03:31:17,8394.12,7615.05
2022-06-17 03:31:16,9244.12,6765.05
2022-06-17 03:31:15,11803.2,4205.99
2022-06-17 03:31:14,15144.4,864.777
2022-06-17 03:31:13,12164.9,3844.25
2022-06-17 03:31:12,4999.28,11009.9
2022-06-17 03:31:11,5279.29,10729.9
2022-06-17 03:31:10,6091.76,9917.41
2022-06-17 03:31:09,7023.96,8985.22
2022-06-17 03:31:08,7746.5,8262.68
2022-06-17 03:31:07,8592.31,7416.86
2022-06-17 03:31:06,9574.24,6434.94
2022-06-17 03:31:05,13010.8,2998.39
2022-06-17 03:31:04,15273,736.203
2022-06-17 03:31:03,10286.8,5722.36
2022-06-17 03:31:02,4998.73,11010.4
2022-06-17 03:31:01,5489.56,10519.6
2022-06-17 03:31:00,6350.33,9658.84
2022-06-17 03:30:59,7172.06,8837.11
2022-06-17 03:30:58,7954.15,8055.03
2022-06-17 03:30:57,8805.15,7204.03
2022-06-17 03:30:56,10300.4,5708.76
2022-06-17 03:30:55,13814.6,2194.6
2022-06-17 03:30:54,15407,602.137
2022-06-17 03:30:53,7651.94,8357.24
2022-06-17 03:30:52,5058.71,10950.5
2022-06-17 03:30:51,5687.68,10321.5
2022-06-17 03:30:50,6574.1,9435.07
2022-06-17 03:30:49,7372.92,8636.25
2022-06-17 03:30:48,8165.83,7843.35
2022-06-17 03:30:47,9045.62,6963.55
2022-06-17 03:30:46,11045.7,4963.49
2022-06-17 03:30:45,14502.3,1506.88
2022-06-17 03:30:44,15534,475.187
2022-06-17 03:30:43,6979.56,9029.61
2022-06-17 03:30:42,5118.55,10890.6
2022-06-17 03:30:41,5930.25,10078.9
2022-06-17 03:30:40,6768.95,9240.23
2022-06-17 03:30:39,7478.92,8530.25
2022-06-17 03:30:38,8369.78,7639.39
2022-06-17 03:30:37,9210.2,6798.98
2022-06-17 03:30:36,11896.8,4112.35
2022-06-17 03:30:35,14905.2,1104.01
2022-06-17 03:30:34,14682.7,1326.48
2022-06-17 03:30:33,4997.63,11011.5
2022-06-17 03:30:32,5245.35,10763.8
2022-06-17 03:30:31,6052.75,9956.43
2022-06-17 03:30:30,6944.9,9064.27
2022-06-17 03:30:29,7685.42,8323.76
2022-06-17 03:30:28,8511.55,7497.63
2022-06-17 03:30:27,9404.88,6604.3
2022-06-17 03:30:26,12618,3391.23
2022-06-17 03:30:25,15245.1,764.086
2022-06-17 03:30:24,10541,5468.13
2022-06-17 03:30:23,4996.77,11012.4
2022-06-17 03:30:22,5361.6,10647.6
2022-06-17 03:30:21,6181.49,9827.69
2022-06-17 03:30:20,7135.66,8873.52
2022-06-17 03:30:19,7805.86,8203.32
2022-06-17 03:30:18,8627.09,7382.08
2022-06-17 03:30:17,9569.88,6439.3
2022-06-17 03:30:16,13422.4,2586.74
2022-06-17 03:30:15,15400.7,608.496
2022-06-17 03:30:14,7639.91,8369.27
2022-06-17 03:30:13,4994.09,11015.1
2022-06-17 03:30:12,5493.06,10516.1
2022-06-17 03:30:11,6391.55,9617.63
2022-06-17 03:30:10,7289.69,8719.49
2022-06-17 03:30:09,7964.31,8044.87
2022-06-17 03:30:08,8851.12,7158.06
2022-06-17 03:30:07,10117.7,5891.45
2022-06-17 03:30:06,14181.5,1827.63
2022-06-17 03:30:05,15471.8,537.422
2022-06-17 03:30:04,7653.99,8355.19
2022-06-17 03:30:03,5000.59,11008.6
2022-06-17 03:30:02,5702.9,10306.3
2022-06-17 03:30:01,6599.42,9409.76
2022-06-17 03:30:00,7308.65,8700.52
2022-06-17 03:29:59,8165.79,7843.39
2022-06-17 03:29:58,9049.03,6960.15
2022-06-17 03:29:57,11081.1,4928.03
2022-06-17 03:29:56,14542.2,1466.97
2022-06-17 03:29:55,15538.1,471.105
2022-06-17 03:29:54,7385.48,8623.7
2022-06-17 03:29:53,5158.12,10851.1
2022-06-17 03:29:52,5957.84,10051.3
2022-06-17 03:29:51,6828.77,9180.41
2022-06-17 03:29:50,7542.44,8466.74
2022-06-17 03:29:49,8419.25,7589.92
2022-06-17 03:29:48,9283.54,6725.63
2022-06-17 03:29:47,12249.2,3759.97
2022-06-17 03:29:46,14870.2,1138.99
2022-06-17 03:29:45,11543.9,4465.27
2022-06-17 03:29:44,4996.57,11012.6
2022-06-17 03:29:43,5347.65,10661.5
2022-06-17 03:29:42,6097.6,9911.58
2022-06-17 03:29:41,7037.43,8971.75
2022-06-17 03:29:40,7777.19,8231.99
2022-06-17 03:29:39,8550.41,7458.77
2022-06-17 03:29:38,9483.85,6525.33
2022-06-17 03:29:37,13105.4,2903.75
2022-06-17 03:29:36,15232.4,776.777
2022-06-17 03:29:35,7618.62,8390.55
2022-06-17 03:29:34,4995.16,11014
2022-06-17 03:29:33,5480.27,10528.9
2022-06-17 03:29:32,6305.66,9703.51
2022-06-17 03:29:31,7184.95,8824.23
2022-06-17 03:29:30,7968.51,8040.66
2022-06-17 03:29:29,8761.68,7247.5
2022-06-17 03:29:28,10120.1,5889.06
2022-06-17 03:29:27,13812.2,2196.98
2022-06-17 03:29:26,15352,657.199
2022-06-17 03:29:25,7636.86,8372.31
2022-06-17 03:29:24,5076.45,10932.7
2022-06-17 03:29:23,5735.42,10273.8
2022-06-17 03:29:22,6575.58,9433.59
2022-06-17 03:29:21,7379.32,8629.86
2022-06-17 03:29:20,8202.99,7806.18
2022-06-17 03:29:19,9031.1,6978.07
2022-06-17 03:29:18,11405.1,4604.11
2022-06-17 03:29:17,14186.4,1822.74
2022-06-17 03:29:16,11462.3,4546.86
2022-06-17 03:29:15,7652.84,8356.33
2022-06-17 03:29:14,5240.42,10768.8
2022-06-17 03:29:13,5887.01,10122.2
2022-06-17 03:29:12,6850.96,9158.22
2022-06-17 03:29:11,7568.57,8440.61
2022-06-17 03:29:10,8354.09,7655.08
2022-06-17 03:29:09,9303.53,6705.65
2022-06-17 03:29:08,12347.9,3661.29
2022-06-17 03:29:07,14749,1260.13
2022-06-17 03:29:06,10248.2,5760.94
2022-06-17 03:29:05,4995.37,11013.8
2022-06-17 03:29:04,5358.21,10651
2022-06-17 03:29:03,6167.66,9841.52
2022-06-17 03:29:02,7068.6,8940.57
2022-06-17 03:29:01,7793.09,8216.08
2022-06-17 03:29:00,8642.38,7366.8
2022-06-17 03:28:59,9715.35,6293.83
2022-06-17 03:28:58,13209,2800.18
2022-06-17 03:28:57,15276.4,732.727
2022-06-17 03:28:56,7630.07,8379.1
2022-06-17 03:28:55,4997.36,11011.8
2022-06-17 03:28:54,5526.05,10483.1
2022-06-17 03:28:53,6394.16,9615.02
2022-06-17 03:28:52,7258.01,8751.16
2022-06-17 03:28:51,7987.97,8021.2
2022-06-17 03:28:50,8838.69,7170.48
2022-06-17 03:28:49,10155.5,5853.64
2022-06-17 03:28:48,13988.1,2021.04
2022-06-17 03:28:47,15443,566.184
2022-06-17 03:28:46,7661.11,8348.07
2022-06-17 03:28:45,5009.14,11000
2022-06-17 03:28:44,5705.34,10303.8
2022-06-17 03:28:43,6594.34,9414.84
2022-06-17 03:28:42,7343.65,8665.53
2022-06-17 03:28:41,8175.69,7833.49
2022-06-17 03:28:40,9050.07,6959.11
2022-06-17 03:28:39,11037.4,4971.82
2022-06-17 03:28:38,14554.9,1454.31
2022-06-17 03:28:37,15538.5,470.648
2022-06-17 03:28:36,5682.33,10326.8
2022-06-17 03:28:35,5121.59,10887.6
2022-06-17 03:28:34,5938.14,10071
2022-06-17 03:28:33,6788.76,9220.41
2022-06-17 03:28:32,7524.8,8484.37
2022-06-17 03:28:31,8406.79,7602.38
2022-06-17 03:28:30,9243.75,6765.42
2022-06-17 03:28:29,12021.7,3987.52
2022-06-17 03:28:28,14998.5,1010.69
2022-06-17 03:28:27,15522.9,486.289
2022-06-17 03:28:26,5003.73,11005.4
2022-06-17 03:28:25,5271.48,10737.7
2022-06-17 03:28:24,6095.72,9913.46
2022-06-17 03:28:23,7003.19,9005.99
2022-06-17 03:28:22,7734.34,8274.84
2022-06-17 03:28:21,8550.13,7459.05
2022-06-17 03:28:20,9458.96,6550.21
2022-06-17 03:28:19,12854.3,3154.87
2022-06-17 03:28:18,15266.5,742.723
2022-06-17 03:28:17,8640.47,7368.7
2022-06-17 03:28:16,5004.52,11004.7
2022-06-17 03:28:15,5441.04,10568.1
2022-06-17 03:28:14,6277.26,9731.92
2022-06-17 03:28:13,7206.36,8802.82
2022-06-17 03:28:12,7909.19,8099.98
2022-06-17 03:28:11,8739.27,7269.9
2022-06-17 03:28:10,9829.22,6179.95
2022-06-17 03:28:09,13831.1,2178.05
2022-06-17 03:28:08,15444.3,564.871
2022-06-17 03:28:07,7664.65,8344.53
2022-06-17 03:28:06,5007.4,11001.8
2022-06-17 03:28:05,5618.3,10390.9
2022-06-17 03:28:04,6514.57,9494.61
2022-06-17 03:28:03,7353.51,8655.67
2022-06-17 03:28:02,8090.45,7918.72
2022-06-17 03:28:01,8961.86,7047.32
2022-06-17 03:28:00,10455.2,5554.02
2022-06-17 03:27:59,14573.8,1435.37
2022-06-17 03:27:58,15515.4,493.746
2022-06-17 03:27:57,5013.23,10995.9
2022-06-17 03:27:56,5062.93,10946.2
2022-06-17 03:27:55,5852.76,10156.4
2022-06-17 03:27:54,6690.7,9318.48
2022-06-17 03:27:53,7500.11,8509.07
2022-06-17 03:27:52,8344.59,7664.59
2022-06-17 03:27:51,9169.22,6839.96
2022-06-17 03:27:50,11498.4,4510.78
2022-06-17 03:27:49,15088.2,920.988
2022-06-17 03:27:48,15591.7,417.469
2022-06-17 03:27:47,5002.53,11006.6
2022-06-17 03:27:46,5215.59,10793.6
2022-06-17 03:27:45,6035.53,9973.65
2022-06-17 03:27:44,6975.11,9034.06
2022-06-17 03:27:43,7685.83,8323.34
2022-06-17 03:27:42,8523.53,7485.65
2022-06-17 03:27:41,9435.41,6573.76
2022-06-17 03:27:40,12841.8,3167.37
2022-06-17 03:27:39,15283,726.133
2022-06-17 03:27:38,10311.6,5697.54
2022-06-17 03:27:37,5004.36,11004.8
2022-06-17 03:27:36,5437.3,10571.9
2022-06-17 03:27:35,6358.9,9650.28
2022-06-17 03:27:34,7241.52,8767.65
2022-06-17 03:27:33,7925.91,8083.27
2022-06-17 03:27:32,8835.72,7173.45
2022-06-17 03:27:31,9948.93,6060.25
2022-06-17 03:27:30,13987.8,2021.34
2022-06-17 03:27:29,15458.9,550.25
2022-06-17 03:27:28,6456.87,9552.31
2022-06-17 03:27:27,5008.06,11001.1
2022-06-17 03:27:26,5636.03,10373.1
2022-06-17 03:27:25,6511.3,9497.88
2022-06-17 03:27:24,7383.54,8625.63
2022-06-17 03:27:23,8111.24,7897.94
2022-06-17 03:27:22,8972.32,7036.85
2022-06-17 03:27:21,10499.5,5509.72
2022-06-17 03:27:20,14643.6,1365.6
2022-06-17 03:27:19,15519.7,489.477
2022-06-17 03:27:18,5003.69,11005.5
2022-06-17 03:27:17,5088.48,10920.7
2022-06-17 03:27:16,5866.95,10142.2
2022-06-17 03:27:15,6717.68,9291.49
2022-06-17 03:27:14,7499.04,8510.14
2022-06-17 03:27:13,8313.85,7695.32
2022-06-17 03:27:12,9185.77,6823.41
2022-06-17 03:27:11,11517.3,4491.85
2022-06-17 03:27:10,15000.8,1008.41
2022-06-17 03:27:09,12906.8,3102.37
2022-06-17 03:27:08,5004.66,11004.5
2022-06-17 03:27:07,5205.76,10803.4
2022-06-17 03:27:06,6054.8,9954.38
2022-06-17 03:27:05,6951.07,9058.11
2022-06-17 03:27:04,7658.1,8351.07
2022-06-17 03:27:03,8531.23,7477.95
2022-06-17 03:27:02,9458.52,6550.66
2022-06-17 03:27:01,12544.7,3464.43
2022-06-17 03:27:00,15250,759.137
2022-06-17 03:26:59,10299.3,5709.87
2022-06-17 03:26:58,5005.65,11003.5
2022-06-17 03:26:57,5360,10649.2
2022-06-17 03:26:56,6240.91,9768.27
2022-06-17 03:26:55,7161.78,8847.39
2022-06-17 03:26:54,7849.12,8160.06
2022-06-17 03:26:53,8707.01,7302.17
2022-06-17 03:26:52,9806.55,6202.62
2022-06-17 03:26:51,13630,2379.17
2022-06-17 03:26:50,15414.5,594.629
2022-06-17 03:26:49,7659.89,8349.28
2022-06-17 03:26:48,5003.75,11005.4
2022-06-17 03:26:47,5572.94,10436.2
2022-06-17 03:26:46,6451.5,9557.68
2022-06-17 03:26:45,7296.57,8712.6
2022-06-17 03:26:44,8056.02,7953.16
2022-06-17 03:26:43,8915.14,7094.04
2022-06-17 03:26:42,10523.1,5486.09
2022-06-17 03:26:41,14284.9,1724.3
2022-06-17 03:26:40,15503.9,505.258
2022-06-17 03:26:39,6363.04,9646.14
2022-06-17 03:26:38,5062.15,10947
2022-06-17 03:26:37,5812.34,10196.8
2022-06-17 03:26:36,6660.87,9348.31
2022-06-17 03:26:35,7481.1,8528.07
2022-06-17 03:26:34,8285.09,7724.09
2022-06-17 03:26:33,9132.89,6876.29
2022-06-17 03:26:32,11316.3,4692.87
2022-06-17 03:26:31,14937,1072.19
2022-06-17 03:26:30,15573.3,435.852
2022-06-17 03:26:29,5006.2,11003
2022-06-17 03:26:28,5144.08,10865.1
2022-06-17 03:26:27,5979.94,10029.2
2022-06-17 03:26:26,6862.43,9146.74
2022-06-17 03:26:25,7587.19,8421.99
2022-06-17 03:26:24,8442.6,7566.57
2022-06-17 03:26:23,9314.77,6694.41
2022-06-17 03:26:22,12189.2,3819.96
2022-06-17 03:26:21,15222.7,786.469
2022-06-17 03:26:20,13301.7,2707.45
2022-06-17 03:26:19,4999.92,11009.3
2022-06-17 03:26:18,5276.68,10732.5
2022-06-17 03:26:17,6208.7,9800.47
2022-06-17 03:26:16,7085.14,8924.04
2022-06-17 03:26:15,7739.26,8269.91
2022-06-17 03:26:14,8675.64,7333.54
2022-06-17 03:26:13,9573.89,6435.29
2022-06-17 03:26:12,13163.9,2845.32
2022-06-17 03:26:11,15399.3,609.855
2022-06-17 03:26:10,12984.2,3025.02
2022-06-17 03:26:09,5023.09,10986.1
2022-06-17 03:26:08,5499.61,10509.6
2022-06-17 03:26:07,6410.48,9598.7
2022-06-17 03:26:06,7235.01,8774.16
2022-06-17 03:26:05,7983.36,8025.81
2022-06-17 03:26:04,8875.95,7133.22
2022-06-17 03:26:03,10450.7,5558.44
2022-06-17 03:26:02,13889.6,2119.56
2022-06-17 03:26:01,14630.6,1378.56
2022-06-17 03:26:00,8144.62,7864.55
2022-06-17 03:25:59,5131.59,10877.6
2022-06-17 03:25:58,5629.84,10379.3
2022-06-17 03:25:57,6517.42,9491.75
2022-06-17 03:25:56,7343.94,8665.24
2022-06-17 03:25:55,8097.99,7911.19
2022-06-17 03:25:54,8976.06,7033.12
2022-06-17 03:25:53,10788.6,5220.56
2022-06-17 03:25:52,14285.5,1723.72
2022-06-17 03:25:51,15516.4,492.824
2022-06-17 03:25:50,5590.96,10418.2
2022-06-17 03:25:49,5150.38,10858.8
2022-06-17 03:25:48,5864.02,10145.2
2022-06-17 03:25:47,6703.44,9305.73
2022-06-17 03:25:46,7532.98,8476.2
2022-06-17 03:25:45,8310.52,7698.65
2022-06-17 03:25:44,9159.09,6850.09
2022-06-17 03:25:43,11618.9,4390.23
2022-06-17 03:25:42,14934.7,1074.46
2022-06-17 03:25:41,12896.4,3112.8
2022-06-17 03:25:40,5001.93,11007.2
2022-06-17 03:25:39,5277.87,10731.3
2022-06-17 03:25:38,6039.14,9970.03
2022-06-17 03:25:37,6981.68,9027.5
2022-06-17 03:25:36,7729.31,8279.86
2022-06-17 03:25:35,8528.46,7480.72
2022-06-17 03:25:34,9441.49,6567.69
2022-06-17 03:25:33,12779.9,3229.27
2022-06-17 03:25:32,15273.3,735.859
2022-06-17 03:25:31,10297.3,5711.84
2022-06-17 03:25:30,5005.24,11003.9
2022-06-17 03:25:29,5402.47,10606.7
2022-06-17 03:25:28,6322.37,9686.8
2022-06-17 03:25:27,7161.8,8847.38
2022-06-17 03:25:26,7883.33,8125.85
2022-06-17 03:25:25,8793.89,7215.29
2022-06-17 03:25:24,10186.1,5823.06
2022-06-17 03:25:23,13677.8,2331.34
2022-06-17 03:25:22,15460.7,548.48
2022-06-17 03:25:21,7613.56,8395.62
2022-06-17 03:25:20,5006.19,11003
2022-06-17 03:25:19,5689.89,10319.3
2022-06-17 03:25:18,6580.5,9428.68
2022-06-17 03:25:17,7355.94,8653.23
2022-06-17 03:25:16,8187.49,7821.69
2022-06-17 03:25:15,9046.36,6962.82
2022-06-17 03:25:14,11127.7,4881.48
2022-06-17 03:25:13,14571.7,1437.5
2022-06-17 03:25:12,14232.4,1776.73
2022-06-17 03:25:11,5005.83,11003.3
2022-06-17 03:25:10,5220.63,10788.5
2022-06-17 03:25:09,5948.48,10060.7
2022-06-17 03:25:08,6850.16,9159.02
2022-06-17 03:25:07,7632.01,8377.17
2022-06-17 03:25:06,8408.33,7600.85
2022-06-17 03:25:05,9294.86,6714.31
2022-06-17 03:25:04,12106.4,3902.77
2022-06-17 03:25:03,15138.3,870.887
2022-06-17 03:25:02,10269,5740.17
2022-06-17 03:25:01,5003.73,11005.4
2022-06-17 03:25:00,5354.97,10654.2
2022-06-17 03:24:59,6202.93,9806.25
2022-06-17 03:24:58,7080.74,8928.44
2022-06-17 03:24:57,7811.88,8197.29
2022-06-17 03:24:56,8675.19,7333.99
2022-06-17 03:24:55,9840.44,6168.73
2022-06-17 03:24:54,13256.3,2752.9
2022-06-17 03:24:53,15360.6,648.547
2022-06-17 03:24:52,10318.6,5690.6
2022-06-17 03:24:51,5005.47,11003.7
2022-06-17 03:24:50,5553.73,10455.4
2022-06-17 03:24:49,6447.05,9562.12
2022-06-17 03:24:48,7228.89,8780.29
2022-06-17 03:24:47,8013.19,7995.99
2022-06-17 03:24:46,8905.53,7103.64
2022-06-17 03:24:45,10514.7,5494.44
2022-06-17 03:24:44,14144.3,1864.84
2022-06-17 03:24:43,15494.5,514.691
2022-06-17 03:24:42,7668.11,8341.07
2022-06-17 03:24:41,5048.99,10960.2
2022-06-17 03:24:40,5749.5,10259.7
2022-06-17 03:24:39,6622.49,9386.68
2022-06-17 03:24:38,7373.07,8636.11
2022-06-17 03:24:37,8222.59,7786.59
2022-06-17 03:24:36,9091.31,6917.87
2022-06-17 03:24:35,11227.1,4782.1
2022-06-17 03:24:34,14699.7,1309.5
2022-06-17 03:24:33,15556.5,452.711
2022-06-17 03:24:32,6439.04,9570.13
2022-06-17 03:24:31,5150.18,10859
2022-06-17 03:24:30,5962.88,10046.3
2022-06-17 03:24:29,6797.99,9211.18
2022-06-17 03:24:28,7543.51,8465.66
2022-06-17 03:24:27,8428.7,7580.47
2022-06-17 03:24:26,9265.92,6743.25
2022-06-17 03:24:25,12168.5,3840.65
2022-06-17 03:24:24,15019.8,989.422
2022-06-17 03:24:23,12017.6,3991.6
2022-06-17 03:24:22,5004.2,11005
2022-06-17 03:24:21,5370.44,10638.7
2022-06-17 03:24:20,6127.12,9882.06
2022-06-17 03:24:19,7082.93,8926.24
2022-06-17 03:24:18,7814.52,8194.65
2022-06-17 03:24:17,8574.97,7434.2
2022-06-17 03:24:16,9530.56,6478.61
2022-06-17 03:24:15,13236.3,2772.91
2022-06-17 03:24:14,15291.4,717.781
2022-06-17 03:24:13,7648.04,8361.14
2022-06-17 03:24:12,5005.36,11003.8
2022-06-17 03:24:11,5481.51,10527.7
2022-06-17 03:24:10,6382.31,9626.87
2022-06-17 03:24:09,7300.23,8708.95
2022-06-17 03:24:08,7966.65,8042.53
2022-06-17 03:24:07,8853.21,7155.97
2022-06-17 03:24:06,9992.23,6016.95
2022-06-17 03:24:05,14246.8,1762.33
2022-06-17 03:24:04,15475.6,533.578
2022-06-17 03:24:03,6971.66,9037.51
2022-06-17 03:24:02,5006.47,11002.7
2022-06-17 03:24:01,5735.02,10274.2
2022-06-17 03:24:00,6605.45,9403.73
2022-06-17 03:23:59,7395.93,8613.25
2022-06-17 03:23:58,8210.92,7798.26
2022-06-17 03:23:57,9057.98,6951.2
2022-06-17 03:23:56,10857.8,5151.36
2022-06-17 03:23:55,14924.8,1084.35
2022-06-17 03:23:54,15547,462.148
2022-06-17 03:23:53,5003.36,11005.8
2022-06-17 03:23:52,5049.95,10959.2
2022-06-17 03:23:51,5920.49,10088.7
2022-06-17 03:23:50,6796.33,9212.84
2022-06-17 03:23:49,7520.84,8488.34
2022-06-17 03:23:48,8374.88,7634.3
2022-06-17 03:23:47,9234.74,6774.44
2022-06-17 03:23:46,11663.8,4345.42
2022-06-17 03:23:45,15177.3,831.832
2022-06-17 03:23:44,14828.5,1180.65
2022-06-17 03:23:43,5002.61,11006.6
2022-06-17 03:23:42,5175.16,10834
2022-06-17 03:23:41,6078.78,9930.39
2022-06-17 03:23:40,6965.94,9043.23
2022-06-17 03:23:39,7640.24,8368.94
2022-06-17 03:23:38,8547.09,7462.08
2022-06-17 03:23:37,9412.5,6596.68
2022-06-17 03:23:36,12602.7,3406.46
2022-06-17 03:23:35,15338,671.187
2022-06-17 03:23:34,13764.5,2244.69
2022-06-17 03:23:33,5001.9,11007.3
2022-06-17 03:23:32,5358.53,10650.6
2022-06-17 03:23:31,6252.32,9756.86
2022-06-17 03:23:30,7168.27,8840.9
2022-06-17 03:23:29,7845.77,8163.4
2022-06-17 03:23:28,8727.78,7281.4
2022-06-17 03:23:27,9653.43,6355.75
2022-06-17 03:23:26,13782.1,2227.12
2022-06-17 03:23:25,15426.8,582.387
2022-06-17 03:23:24,7459.45,8549.73
2022-06-17 03:23:23,5004.69,11004.5
2022-06-17 03:23:22,5578.93,10430.2
2022-06-17 03:23:21,6424.75,9584.42
2022-06-17 03:23:20,7334.07,8675.11
2022-06-17 03:23:19,8064.95,7944.22
2022-06-17 03:23:18,8900.7,7108.48
2022-06-17 03:23:17,10359.8,5649.39
2022-06-17 03:23:16,14518.5,1490.64
2022-06-17 03:23:15,15505.3,503.883
2022-06-17 03:23:14,5005.79,11003.4
2022-06-17 03:23:13,5010.99,10998.2
2022-06-17 03:23:12,5784.17,10225
2022-06-17 03:23:11,6653.45,9355.73
2022-06-17 03:23:10,7438.98,8570.2
2022-06-17 03:23:09,8257.23,7751.94
2022-06-17 03:23:08,9120.29,6888.88
2022-06-17 03:23:07,11022.3,4986.83
2022-06-17 03:23:06,15051,958.203
2022-06-17 03:23:05,15562.3,446.887
2022-06-17 03:23:04,5006.83,11002.3
2022-06-17 03:23:03,5139.5,10869.7
2022-06-17 03:23:02,5993.84,10015.3
2022-06-17 03:23:01,6853.35,9155.83
2022-06-17 03:23:00,7608.2,8400.97
2022-06-17 03:22:59,8451.07,7558.11
2022-06-17 03:22:58,9342.67,6666.5
2022-06-17 03:22:57,12228.8,3780.42
2022-06-17 03:22:56,15196.8,812.363
2022-06-17 03:22:55,11960.4,4048.82
2022-06-17 03:22:54,5005.93,11003.2
2022-06-17 03:22:53,5324.57,10684.6
2022-06-17 03:22:52,6220.04,9789.14
2022-06-17 03:22:51,7135.5,8873.68
2022-06-17 03:22:50,7794.44,8214.74
2022-06-17 03:22:49,8696.7,7312.47
2022-06-17 03:22:48,9666.56,6342.62
2022-06-17 03:22:47,13374.3,2634.86
2022-06-17 03:22:46,15400.2,609.016
2022-06-17 03:22:45,9587.35,6421.82
2022-06-17 03:22:44,5006.02,11003.2
2022-06-17 03:22:43,5545.01,10464.2
2022-06-17 03:22:42,6428.48,9580.69
2022-06-17 03:22:41,7262.24,8746.93
2022-06-17 03:22:40,8017.75,7991.43
2022-06-17 03:22:39,8884.41,7124.77
2022-06-17 03:22:38,10454,5555.15
2022-06-17 03:22:37,14166.5,1842.7
2022-06-17 03:22:36,15492.9,516.281
2022-06-17 03:22:35,7667.92,8341.26
2022-06-17 03:22:34,5045.28,10963.9
2022-06-17 03:22:33,5754.75,10254.4
2022-06-17 03:22:32,6634.52,9374.65
2022-06-17 03:22:31,7352.63,8656.54
2022-06-17 03:22:30,8199.92,7809.26
2022-06-17 03:22:29,9088.57,6920.61
2022-06-17 03:22:28,11028.2,4981.01
2022-06-17 03:22:27,14734.2,1275.01
2022-06-17 03:22:26,15547.8,461.402
2022-06-17 03:22:25,5005.32,11003.9
2022-06-17 03:22:24,5153.96,10855.2
2022-06-17 03:22:23,5981.75,10027.4
2022-06-17 03:22:22,6831.52,9177.66
2022-06-17 03:22:21,7601.55,8407.62
2022-06-17 03:22:20,8443.68,7565.5
2022-06-17 03:22:19,9306.25,6702.93
2022-06-17 03:22:18,12064.7,3944.48
2022-06-17 03:22:17,15218.3,790.922
2022-06-17 03:22:16,12339.5,3669.66
2022-06-17 03:22:15,5002.78,11006.4
2022-06-17 03:22:14,5345.02,10664.2
2022-06-17 03:22:13,6174.2,9834.98
2022-06-17 03:22:12,7093.61,8915.57
2022-06-17 03:22:11,7796.71,8212.47
2022-06-17 03:22:10,8665.9,7343.27
2022-06-17 03:22:09,9651.02,6358.15
2022-06-17 03:22:08,13292.3,2716.84
2022-06-17 03:22:07,15366.1,643.047
2022-06-17 03:22:06,8178.66,7830.52
2022-06-17 03:22:05,5004.8,11004.4
2022-06-17 03:22:04,5527.23,10481.9
2022-06-17 03:22:03,6416.62,9592.56
2022-06-17 03:22:02,7288.9,8720.28
2022-06-17 03:22:01,8007.21,8001.97
2022-06-17 03:22:00,8904.72,7104.46
2022-06-17 03:21:59,10268.8,5740.36
2022-06-17 03:21:58,14293.7,1715.45
2022-06-17 03:21:57,15491.3,517.922
2022-06-17 03:21:56,7501.23,8507.95
2022-06-17 03:21:55,5081.3,10927.9
2022-06-17 03:21:54,5747.14,10262
2022-06-17 03:21:53,6644.89,9364.29
2022-06-17 03:21:52,7455.11,8554.07
2022-06-17 03:21:51,8226.37,7782.81
2022-06-17 03:21:50,9112.56,6896.62
2022-06-17 03:21:49,11281.2,4727.96
2022-06-17 03:21:48,14771.8,1237.34
2022-06-17 03:21:47,12886,3123.15
2022-06-17 03:21:46,5120,10889.2
2022-06-17 03:21:45,5195.65,10813.5
2022-06-17 03:21:44,6001.62,10007.6
2022-06-17 03:21:43,6857.11,9152.07
2022-06-17 03:21:42,7628.13,8381.05
2022-06-17 03:21:41,8498.93,7510.25
2022-06-17 03:21:40,9636.58,6372.59
2022-06-17 03:21:39,12282,3727.12
2022-06-17 03:21:38,15217.9,791.258
2022-06-17 03:21:37,12447.5,3561.69
2022-06-17 03:21:36,5021.14,10988
2022-06-17 03:21:35,5447.61,10561.6
2022-06-17 03:21:34,6269.57,9739.61
2022-06-17 03:21:33,7130.81,8878.37
2022-06-17 03:21:32,7918.14,8091.04
2022-06-17 03:21:31,8730.01,7279.16
2022-06-17 03:21:30,10244.7,5764.48
2022-06-17 03:21:29,13485.3,2523.84
2022-06-17 03:21:28,15367.2,641.988
2022-06-17 03:21:27,7656.99,8352.18
2022-06-17 03:21:26,5040.96,10968.2
2022-06-17 03:21:25,5669.44,10339.7
2022-06-17 03:21:24,6575.81,9433.37
2022-06-17 03:21:23,7338.44,8670.73
2022-06-17 03:21:22,8170.73,7838.45
2022-06-17 03:21:21,9039.94,6969.23
2022-06-17 03:21:20,11088.2,4920.94
2022-06-17 03:21:19,14536,1473.18
2022-06-17 03:21:18,15544.1,465.09
2022-06-17 03:21:17,6312.22,9696.96
2022-06-17 03:21:16,5166.28,10842.9
2022-06-17 03:21:15,5938.48,10070.7
2022-06-17 03:21:14,6805.47,9203.71
2022-06-17 03:21:13,7568.12,8441.06
2022-06-17 03:21:12,8398.92,7610.25
2022-06-17 03:21:11,9276.25,6732.92
2022-06-17 03:21:10,12150.7,3858.46
2022-06-17 03:21:09,15082.9,926.277
2022-06-17 03:21:08,11753.8,4255.34
2022-06-17 03:21:07,5004.35,11004.8
2022-06-17 03:21:06,5351.96,10657.2
2022-06-17 03:21:05,6189.76,9819.42
2022-06-17 03:21:04,7091.68,8917.49
2022-06-17 03:21:03,7810.28,8198.9
2022-06-17 03:21:02,8649.47,7359.71
2022-06-17 03:21:01,9558.78,6450.39
2022-06-17 03:21:00,13287.3,2721.83
2022-06-17 03:20:59,15324.6,684.57
2022-06-17 03:20:58,9044.48,6964.69
2022-06-17 03:20:57,5003.13,11006
2022-06-17 03:20:56,5533.8,10475.4
2022-06-17 03:20:55,6416.54,9592.63
2022-06-17 03:20:54,7257.69,8751.48
2022-06-17 03:20:53,8023.53,7985.65
2022-06-17 03:20:52,8906.51,7102.66
2022-06-17 03:20:51,10534.9,5474.25
2022-06-17 03:20:50,14197.3,1811.87
2022-06-17 03:20:49,15495.1,514.105
2022-06-17 03:20:48,7663.24,8345.93
2022-06-17 03:20:47,5047.24,10961.9
2022-06-17 03:20:46,5772.47,10236.7
2022-06-17 03:20:45,6653.91,9355.27
2022-06-17 03:20:44,7335.34,8673.84
2022-06-17 03:20:43,8226.69,7782.49
2022-06-17 03:20:42,9096.64,6912.54
2022-06-17 03:20:41,11340.8,4668.41
2022-06-17 03:20:40,14632.5,1376.68
2022-06-17 03:20:39,15561.4,447.75
2022-06-17 03:20:38,7590.22,8418.96
2022-06-17 03:20:37,5192.74,10816.4
2022-06-17 03:20:36,5943.73,10065.4
2022-06-17 03:20:35,6829.91,9179.27
2022-06-17 03:20:34,7523.16,8486.02
2022-06-17 03:20:33,8379.31,7629.86
2022-06-17 03:20:32,9265.75,6743.43
2022-06-17 03:20:31,12224.9,3784.28
2022-06-17 03:20:30,14792.4,1216.75
2022-06-17 03:20:29,12183.5,3825.72
2022-06-17 03:20:28,5005.91,11003.3
2022-06-17 03:20:27,5349.85,10659.3
2022-06-17 03:20:26,6128.99,9880.18
2022-06-17 03:20:25,7051.85,8957.33
2022-06-17 03:20:24,7811.78,8197.39
2022-06-17 03:20:23,8596.83,7412.34
2022-06-17 03:20:22,9528.05,6481.12
2022-06-17 03:20:21,13210.4,2798.82
2022-06-17 03:20:20,15299.4,709.785
2022-06-17 03:20:19,9414.62,6594.55
2022-06-17 03:20:18,5003.96,11005.2
2022-06-17 03:20:17,5544.34,10464.8
2022-06-17 03:20:16,6409.53,9599.64
2022-06-17 03:20:15,7239.12,8770.06
2022-06-17 03:20:14,8022.95,7986.22
2022-06-17 03:20:13,8887,7122.18
2022-06-17 03:20:12,10481.2,5527.98
2022-06-17 03:20:11,14215.3,1793.87
2022-06-17 03:20:10,15490.4,518.824
2022-06-17 03:20:09,7662.64,8346.54
2022-06-17 03:20:08,5074.99,10934.2
2022-06-17 03:20:07,5738.72,10270.5
2022-06-17 03:20:06,6620.23,9388.95
2022-06-17 03:20:05,7375.41,8633.77
2022-06-17 03:20:04,8195.13,7814.05
2022-06-17 03:20:03,9057.66,6951.52
2022-06-17 03:20:02,11039.9,4969.23
2022-06-17 03:20:01,14645.3,1363.88
2022-06-17 03:20:00,15546.2,462.996
2022-06-17 03:19:59,5519.72,10489.5
2022-06-17 03:19:58,5116.6,10892.6
2022-06-17 03:19:57,5955.48,10053.7
2022-06-17 03:19:56,6779.4,9229.78
2022-06-17 03:19:55,7528.27,8480.91
2022-06-17 03:19:54,8430.26,7578.92
2022-06-17 03:19:53,9233.77,6775.4
2022-06-17 03:19:52,11959.7,4049.45
2022-06-17 03:19:51,15152.1,857.105
2022-06-17 03:19:50,14042.3,1966.85
2022-06-17 03:19:49,5006.09,11003.1
2022-06-17 03:19:48,5275.49,10733.7
2022-06-17 03:19:47,6133.76,9875.42
2022-06-17 03:19:46,7033.23,8975.95
2022-06-17 03:19:45,7717.86,8291.31
2022-06-17 03:19:44,8589.03,7420.15
2022-06-17 03:19:43,9486.66,6522.52
2022-06-17 03:19:42,12963.2,3046
2022-06-17 03:19:41,15318.4,690.812
2022-06-17 03:19:40,9918.78,6090.4
2022-06-17 03:19:39,5006.03,11003.1
2022-06-17 03:19:38,5417.01,10592.2
2022-06-17 03:19:37,6284.25,9724.93
2022-06-17 03:19:36,7219.64,8789.54
2022-06-17 03:19:35,7876.96,8132.21
2022-06-17 03:19:34,8719.1,7290.08
2022-06-17 03:19:33,9656.47,6352.71
2022-06-17 03:19:32,13816.9,2192.32
2022-06-17 03:19:31,15429.8,579.359
2022-06-17 03:19:30,7669.59,8339.58
2022-06-17 03:19:29,5006.99,11002.2
2022-06-17 03:19:28,5548.47,10460.7
2022-06-17 03:19:27,6432.93,9576.25
2022-06-17 03:19:26,7376.94,8632.24
2022-06-17 03:19:25,8013.58,7995.6
2022-06-17 03:19:24,8869.75,7139.43
2022-06-17 03:19:23,9928.44,6080.73
2022-06-17 03:19:22,14521.4,1487.78
2022-06-17 03:19:21,15486.2,523
2022-06-17 03:19:20,5704.26,10304.9
2022-06-17 03:19:19,5005.18,11004
2022-06-17 03:19:18,5737.15,10272
2022-06-17 03:19:17,6603.64,9405.53
2022-06-17 03:19:16,7422.9,8586.28
2022-06-17 03:19:15,8208.17,7801
2022-06-17 03:19:14,9073.2,6935.98
2022-06-17 03:19:13,10862.1,5147.12
2022-06-17 03:19:12,15009,1000.15
2022-06-17 03:19:11,15554.4,454.777
2022-06-17 03:19:10,5003.89,11005.3
2022-06-17 03:19:09,5116.37,10892.8
2022-06-17 03:19:08,5986.6,10022.6
2022-06-17 03:19:07,6829.71,9179.47
2022-06-17 03:19:06,7561.84,8447.33
2022-06-17 03:19:05,8442.61,7566.57
2022-06-17 03:19:04,9279.33,6729.84
2022-06-17 03:19:03,11974.9,4034.23
2022-06-17 03:19:02,15203.6,805.57
2022-06-17 03:19:01,14973.9,1035.25
2022-06-17 03:19:00,5004.88,11004.3
2022-06-17 03:18:59,5242.77,10766.4
2022-06-17 03:18:58,6151.74,9857.44
2022-06-17 03:18:57,7046.29,8962.89
2022-06-17 03:18:56,7705.33,8303.85
2022-06-17 03:18:55,8613.64,7395.53
2022-06-17 03:18:54,9521.5,6487.68
2022-06-17 03:18:53,13114.5,2894.67
2022-06-17 03:18:52,15390.7,618.473
2022-06-17 03:18:51,11802.9,4206.3
2022-06-17 03:18:50,5004.2,11005
2022-06-17 03:18:49,5438.2,10571
2022-06-17 03:18:48,6343.46,9665.72
2022-06-17 03:18:47,7222.37,8786.81
2022-06-17 03:18:46,7915.36,8093.82
2022-06-17 03:18:45,8802.29,7206.89
2022-06-17 03:18:44,9925.95,6083.22
2022-06-17 03:18:43,13932.6,2076.57
2022-06-17 03:18:42,15449.4,559.77
2022-06-17 03:18:41,7674.9,8334.28
2022-06-17 03:18:40,5009.53,10999.6
2022-06-17 03:18:39,5631.32,10377.9
2022-06-17 03:18:38,6489.41,9519.77
2022-06-17 03:18:37,7378.96,8630.21
2022-06-17 03:18:36,8076.45,7932.73
2022-06-17 03:18:35,8914.41,7094.77
2022-06-17 03:18:34,10204.7,5804.5
2022-06-17 03:18:33,14558.2,1450.99
2022-06-17 03:18:32,15500.5,508.688
2022-06-17 03:18:31,5003.79,11005.4
2022-06-17 03:18:30,5070.23,10938.9
2022-06-17 03:18:29,5831.02,10178.2
2022-06-17 03:18:28,6648,9361.17
2022-06-17 03:18:27,7480.79,8528.38
2022-06-17 03:18:26,8290.43,7718.74
2022-06-17 03:18:25,9098.37,6910.81
2022-06-17 03:18:24,11364.9,4644.3
2022-06-17 03:18:23,14877.9,1131.26
2022-06-17 03:18:22,15068.8,940.348
2022-06-17 03:18:21,5004.69,11004.5
2022-06-17 03:18:20,5234.68,10774.5
2022-06-17 03:18:19,5989.08,10020.1
2022-06-17 03:18:18,6929.4,9079.78
2022-06-17 03:18:17,7689.8,8319.38
2022-06-17 03:18:16,8473.59,7535.58
2022-06-17 03:18:15,9387.84,6621.34
2022-06-17 03:18:14,12509.2,3499.95
2022-06-17 03:18:13,15244.8,764.387
2022-06-17 03:18:12,11740.2,4268.98
2022-06-17 03:18:11,5004.93,11004.2
2022-06-17 03:18:10,5341.75,10667.4
2022-06-17 03:18:09,6263.38,9745.79
2022-06-17 03:18:08,7165.56,8843.62
2022-06-17 03:18:07,7816.1,8193.08
2022-06-17 03:18:06,8725.4,7283.77
2022-06-17 03:18:05,9625.12,6384.05
2022-06-17 03:18:04,13568.4,2440.79
2022-06-17 03:18:03,15416.5,592.652
2022-06-17 03:18:02,10335.3,5673.84
2022-06-17 03:18:01,5006.71,11002.5
2022-06-17 03:18:00,5532.54,10476.6
2022-06-17 03:17:59,6438.89,9570.28
2022-06-17 03:17:58,7287.93,8721.25
2022-06-17 03:17:57,8027.68,7981.49
2022-06-17 03:17:56,8902.5,7106.67
2022-06-17 03:17:55,10364.3,5644.87
2022-06-17 03:17:54,14324.7,1684.44
2022-06-17 03:17:53,15496.8,512.363
2022-06-17 03:17:52,5003.09,11006.1
2022-06-17 03:17:51,5102.92,10906.3
2022-06-17 03:17:50,5795.72,10213.5
2022-06-17 03:17:49,6663.69,9345.49
2022-06-17 03:17:48,7496.48,8512.7
2022-06-17 03:17:47,8270.68,7738.49
2022-06-17 03:17:46,9150.84,6858.33
2022-06-17 03:17:45,11472.4,4536.75
2022-06-17 03:17:44,14935,1074.14
2022-06-17 03:17:43,12902,3107.21
2022-06-17 03:17:42,5005.73,11003.4
2022-06-17 03:17:41,5281.56,10727.6
2022-06-17 03:17:40,6080.35,9928.83
2022-06-17 03:17:39,6909.18,9099.99
2022-06-17 03:17:38,7727.21,8281.97
2022-06-17 03:17:37,8540.54,7468.64
2022-06-17 03:17:36,9699.79,6309.38
2022-06-17 03:17:35,12514.9,3494.31
2022-06-17 03:17:34,15243.3,765.863
2022-06-17 03:17:33,10298.9,5710.32
2022-06-17 03:17:32,5004.82,11004.4
2022-06-17 03:17:31,5394.51,10614.7
2022-06-17 03:17:30,6326.55,9682.63
2022-06-17 03:17:29,7176.05,8833.12
2022-06-17 03:17:28,7861.67,8147.5
2022-06-17 03:17:27,8799.79,7209.39
2022-06-17 03:17:26,9998.51,6010.66
2022-06-17 03:17:25,13698.7,2310.51
2022-06-17 03:17:24,15443.2,565.934
2022-06-17 03:17:23,9650.63,6358.55
2022-06-17 03:17:22,5037.06,10972.1
2022-06-17 03:17:21,5657.38,10351.8
2022-06-17 03:17:20,6536.09,9473.08
2022-06-17 03:17:19,7304.24,8704.94
2022-06-17 03:17:18,8121.75,7887.42
2022-06-17 03:17:17,8978.66,7030.52
2022-06-17 03:17:16,10814.8,5194.41
2022-06-17 03:17:15,14474.5,1534.69
2022-06-17 03:17:14,15528.1,481.047
2022-06-17 03:17:13,5005.58,11003.6
2022-06-17 03:17:12,5177.21,10832
2022-06-17 03:17:11,5885.97,10123.2
2022-06-17 03:17:10,6750.5,9258.68
2022-06-17 03:17:09,7573.6,8435.57
2022-06-17 03:17:08,8350.09,7659.08
2022-06-17 03:17:07,9209.96,6799.22
2022-06-17 03:17:06,11810.7,4198.43
2022-06-17 03:17:05,15044.5,964.684
2022-06-17 03:17:04,12934.3,3074.84
2022-06-17 03:17:03,5002.42,11006.8
2022-06-17 03:17:02,5221.25,10787.9
2022-06-17 03:17:01,6048.78,9960.39
2022-06-17 03:17:00,6980.24,9028.93
2022-06-17 03:16:59,7663.65,8345.52
2022-06-17 03:16:58,8517.1,7492.08
2022-06-17 03:16:57,9435.77,6573.4
2022-06-17 03:16:56,12757.3,3251.84
2022-06-17 03:16:55,15288.7,720.437
2022-06-17 03:16:54,10299.5,5709.64
2022-06-17 03:16:53,5004.91,11004.3
2022-06-17 03:16:52,5398.27,10610.9
2022-06-17 03:16:51,6303.89,9705.28
2022-06-17 03:16:50,7208.78,8800.4
2022-06-17 03:16:49,7879.38,8129.8
2022-06-17 03:16:48,8783.22,7225.96
2022-06-17 03:16:47,9887.74,6121.44
2022-06-17 03:16:46,13811.5,2197.67
2022-06-17 03:16:45,15449.7,559.469
2022-06-17 03:16:44,7162.2,8846.97
2022-06-17 03:16:43,5007.2,11002
2022-06-17 03:16:42,5683.94,10325.2
2022-06-17 03:16:41,6534.19,9474.98
2022-06-17 03:16:40,7412.75,8596.42
2022-06-17 03:16:39,8156.69,7852.49
2022-06-17 03:16:38,9027.87,6981.31
2022-06-17 03:16:37,10637.3,5371.86
2022-06-17 03:16:36,14941.5,1067.66
2022-06-17 03:16:35,15538.8,470.418
2022-06-17 03:16:34,5007.48,11001.7
2022-06-17 03:16:33,5065.93,10943.2
2022-06-17 03:16:32,5932.38,10076.8
2022-06-17 03:16:31,6777.9,9231.28
2022-06-17 03:16:30,7495.51,8513.66
2022-06-17 03:16:29,8413.93,7595.25
2022-06-17 03:16:28,9259.76,6749.42
2022-06-17 03:16:27,11832.6,4176.61
2022-06-17 03:16:26,15296,713.133
2022-06-17 03:16:25,15621.4,387.754
2022-06-17 03:16:24,5003.61,11005.6
2022-06-17 03:16:23,5214.83,10794.3
2022-06-17 03:16:22,6127.61,9881.57
2022-06-17 03:16:21,7012.56,8996.61
2022-06-17 03:16:20,7670.13,8339.04
2022-06-17 03:16:19,8565.41,7443.76
2022-06-17 03:16:18,9462.19,6546.99
2022-06-17 03:16:17,12937.9,3071.27
2022-06-17 03:16:16,15373.8,635.395
2022-06-17 03:16:15,10433,5576.18
2022-06-17 03:16:14,5006.14,11003
2022-06-17 03:16:13,5426.06,10583.1
2022-06-17 03:16:12,6332.48,9676.69
2022-06-17 03:16:11,7209.83,8799.34
2022-06-17 03:16:10,7889.04,8120.13
2022-06-17 03:16:09,8796.89,7212.29
2022-06-17 03:16:08,9948.36,6060.81
2022-06-17 03:16:07,13820.3,2188.91
2022-06-17 03:16:06,15451.1,558.09
2022-06-17 03:16:05,7667.75,8341.43
2022-06-17 03:16:04,5006.01,11003.2
2022-06-17 03:16:03,5628.51,10380.7
2022-06-17 03:16:02,6499.87,9509.31
2022-06-17 03:16:01,7347.4,8661.77
2022-06-17 03:16:00,8097,7912.18
2022-06-17 03:15:59,8932.74,7076.44
2022-06-17 03:15:58,10425.8,5583.39
2022-06-17 03:15:57,14599.6,1409.57
2022-06-17 03:15:56,15509.6,499.57
2022-06-17 03:15:55,5003.24,11005.9
2022-06-17 03:15:54,5042.96,10966.2
2022-06-17 03:15:53,5810.43,10198.7
2022-06-17 03:15:52,6655.92,9353.26
2022-06-17 03:15:51,7470.64,8538.54
2022-06-17 03:15:50,8269.97,7739.21
2022-06-17 03:15:49,9081.59,6927.59
2022-06-17 03:15:48,11029.8,4979.43
2022-06-17 03:15:47,14869.7,1139.49
2022-06-17 03:15:46,15557.4,451.793
2022-06-17 03:15:45,5003.09,11006.1
2022-06-17 03:15:44,5141.48,10867.7
2022-06-17 03:15:43,5898.44,10110.7
2022-06-17 03:15:42,6739.58,9269.59
2022-06-17 03:15:41,7560.22,8448.96
2022-06-17 03:15:40,8387.73,7621.45
2022-06-17 03:15:39,9203.04,6806.14
2022-06-17 03:15:38,11680.7,4328.5
2022-06-17 03:15:37,15120.2,888.957
2022-06-17 03:15:36,15603.2,406.016
2022-06-17 03:15:35,5005.62,11003.6
2022-06-17 03:15:34,5228.47,10780.7
2022-06-17 03:15:33,6042.61,9966.57
2022-06-17 03:15:32,6942.32,9066.86
2022-06-17 03:15:31,7676.79,8332.38
2022-06-17 03:15:30,8495.86,7513.31
2022-06-17 03:15:29,9398.89,6610.28
2022-06-17 03:15:28,12613.5,3395.68
2022-06-17 03:15:27,15250.6,758.617
2022-06-17 03:15:26,11052.1,4957.12
2022-06-17 03:15:25,5000.22,11009
2022-06-17 03:15:24,5346.21,10663
2022-06-17 03:15:23,6221.39,9787.79
2022-06-17 03:15:22,7144.23,8864.95
2022-06-17 03:15:21,7834.84,8174.34
2022-06-17 03:15:20,8681.18,7328
2022-06-17 03:15:19,9768.79,6240.38
2022-06-17 03:15:18,13510.5,2498.64
2022-06-17 03:15:17,15403.1,606.102
2022-06-17 03:15:16,7652.22,8356.95
2022-06-17 03:15:15,5002.53,11006.6
2022-06-17 03:15:14,5561.86,10447.3
2022-06-17 03:15:13,6451.24,9557.94
2022-06-17 03:15:12,7304.68,8704.49
2022-06-17 03:15:11,8042.97,7966.21
2022-06-17 03:15:10,8927.19,7081.99
2022-06-17 03:15:09,10468.4,5540.8
2022-06-17 03:15:08,14319.1,1690.05
2022-06-17 03:15:07,15501,508.148
2022-06-17 03:15:06,6929.45,9079.73
2022-06-17 03:15:05,5042.26,10966.9
2022-06-17 03:15:04,5799.53,10209.6
2022-06-17 03:15:03,6661.84,9347.34
2022-06-17 03:15:02,7438.75,8570.43
2022-06-17 03:15:01,8293.18,7716
2022-06-17 03:15:00,9139.76,6869.42
2022-06-17 03:14:59,11446.7,4562.51
2022-06-17 03:14:58,14974,1035.16
2022-06-17 03:14:57,15584.7,424.523
2022-06-17 03:14:56,5002.16,11007
2022-06-17 03:14:55,5201.52,10807.7
2022-06-17 03:14:54,6036.48,9972.7
2022-06-17 03:14:53,6913.32,9095.86
2022-06-17 03:14:52,7658.98,8350.19
2022-06-17 03:14:51,8483.88,7525.29
2022-06-17 03:14:50,9372.04,6637.13
2022-06-17 03:14:49,12455.5,3553.7
2022-06-17 03:14:48,15240,769.125
2022-06-17 03:14:47,11223.6,4785.62
2022-06-17 03:14:46,5000.23,11008.9
2022-06-17 03:14:45,5354.03,10655.1
2022-06-17 03:14:44,6240.8,9768.37
2022-06-17 03:14:43,7180.87,8828.3
2022-06-17 03:14:42,7828.34,8180.83
2022-06-17 03:14:41,8709.86,7299.32
2022-06-17 03:14:40,9670.61,6338.57
2022-06-17 03:14:39,13570,2439.18
2022-06-17 03:14:38,15423.3,585.828
2022-06-17 03:14:37,8543.15,7466.03
2022-06-17 03:14:36,5001.93,11007.2
2022-06-17 03:14:35,5566.76,10442.4
2022-06-17 03:14:34,6449.08,9560.09
2022-06-17 03:14:33,7328.61,8680.56
2022-06-17 03:14:32,8023.58,7985.59
2022-06-17 03:14:31,8907.31,7101.86
2022-06-17 03:14:30,10154.3,5854.91
2022-06-17 03:14:29,14387.4,1621.8
2022-06-17 03:14:28,15491.1,518.113
2022-06-17 03:14:27,6286.45,9722.73
2022-06-17 03:14:26,5004.2,11005
2022-06-17 03:14:25,5773.52,10235.7
2022-06-17 03:14:24,6647.05,9362.12
2022-06-17 03:14:23,7411.99,8597.18
2022-06-17 03:14:22,8251.66,7757.52
2022-06-17 03:14:21,9118.65,6890.52
2022-06-17 03:14:20,11060.3,4948.84
2022-06-17 03:14:19,15077.2,932.02
2022-06-17 03:14:18,15561.6,447.609
2022-06-17 03:14:17,5002.27,11006.9
2022-06-17 03:14:16,5101,10908.2
2022-06-17 03:14:15,6001.04,10008.1
2022-06-17 03:14:14,6833.07,9176.11
2022-06-17 03:14:13,7559.98,8449.19
2022-06-17 03:14:12,8466.12,7543.05
2022-06-17 03:14:11,9294.98,6714.2
2022-06-17 03:14:10,12115.2,3894.02
2022-06-17 03:14:09,15213.9,795.289
2022-06-17 03:14:08,15190,819.199
2022-06-17 03:14:07,5000.82,11008.4
2022-06-17 03:14:06,5271.36,10737.8
2022-06-17 03:14:05,6139.19,9869.98
2022-06-17 03:14:04,7037.92,8971.25
2022-06-17 03:14:03,7707.05,8302.12
2022-06-17 03:14:02,8586.02,7423.16
2022-06-17 03:14:01,9477.7,6531.48
2022-06-17 03:14:00,12935.1,3074.03
2022-06-17 03:13:59,15371.4,637.742
2022-06-17 03:13:58,11355.2,4653.94
2022-06-17 03:13:57,5002.62,11006.6
2022-06-17 03:13:56,5394.91,10614.3
2022-06-17 03:13:55,6247.64,9761.53
2022-06-17 03:13:54,7206.41,8802.76
2022-06-17 03:13:53,7858.81,8150.36
2022-06-17 03:13:52,8712.02,7297.15
2022-06-17 03:13:51,9643.38,6365.8
2022-06-17 03:13:50,13776.2,2232.95
2022-06-17 03:13:49,15423.7,585.523
2022-06-17 03:13:48,6851.09,9158.09
2022-06-17 03:13:47,5005.3,11003.9
2022-06-17 03:13:46,5571.2,10438
2022-06-17 03:13:45,6407.02,9602.16
2022-06-17 03:13:44,7380.56,8628.61
2022-06-17 03:13:43,8041.32,7967.86
2022-06-17 03:13:42,8890.84,7118.34
2022-06-17 03:13:41,10074.6,5934.62
2022-06-17 03:13:40,14575.7,1433.48
2022-06-17 03:13:39,15487.6,521.57
2022-06-17 03:13:38,5001.47,11007.7
2022-06-17 03:13:37,5003.16,11006
2022-06-17 03:13:36,5768.7,10240.5
2022-06-17 03:13:35,6621.16,9388.01
2022-06-17 03:13:34,7428.96,8580.22
2022-06-17 03:13:33,8242.03,7767.15
2022-06-17 03:13:32,9088.1,6921.07
2022-06-17 03:13:31,10929.3,5079.9
2022-06-17 03:13:30,15001,1008.16
2022-06-17 03:13:29,15554.7,454.484
2022-06-17 03:13:28,5000.76,11008.4
2022-06-17 03:13:27,5091.28,10917.9
2022-06-17 03:13:26,5975.16,10034
2022-06-17 03:13:25,6827.62,9181.56
2022-06-17 03:13:24,7532.68,8476.49
2022-06-17 03:13:23,8451.44,7557.74
2022-06-17 03:13:22,9285.45,6723.72
2022-06-17 03:13:21,12021,3988.21
2022-06-17 03:13:20,15226.9,782.297
2022-06-17 03:13:19,15258.9,750.273
2022-06-17 03:13:18,5001.57,11007.6
2022-06-17 03:13:17,5255.62,10753.6
2022-06-17 03:13:16,6141.57,9867.61
2022-06-17 03:13:15,7042.27,8966.91
2022-06-17 03:13:14,7715.34,8293.84
2022-06-17 03:13:13,8608.49,7400.69
2022-06-17 03:13:12,9515.87,6493.31
2022-06-17 03:13:11,13147,2862.21
2022-06-17 03:13:10,15384.6,624.605
2022-06-17 03:13:09,10292,5717.14
2022-06-17 03:13:08,5000.75,11008.4
2022-06-17 03:13:07,5463.43,10545.7
2022-06-17 03:13:06,6357.08,9652.1
2022-06-17 03:13:05,7266.88,8742.3
2022-06-17 03:13:04,7929.36,8079.81
2022-06-17 03:13:03,8821.71,7187.47
2022-06-17 03:13:02,9935.4,6073.77
2022-06-17 03:13:01,14078.2,1930.99
2022-06-17 03:13:00,15462.6,546.527
2022-06-17 03:12:59,6340.51,9668.66
2022-06-17 03:12:58,5000.9,11008.3
2022-06-17 03:12:57,5673.33,10335.8
2022-06-17 03:12:56,6508,9501.18
2022-06-17 03:12:55,7380.48,8628.69
2022-06-17 03:12:54,8109.41,7899.77
2022-06-17 03:12:53,8943.92,7065.26
2022-06-17 03:12:52,10399.5,5609.68
2022-06-17 03:12:51,14672.9,1336.25
2022-06-17 03:12:50,15508.7,500.5
2022-06-17 03:12:49,5000.5,11008.7
2022-06-17 03:12:48,5017.07,10992.1
2022-06-17 03:12:47,5800.41,10208.8
2022-06-17 03:12:46,6652.63,9356.54
2022-06-17 03:12:45,7457.28,8551.89
2022-06-17 03:12:44,8257.64,7751.53
2022-06-17 03:12:43,9105.35,6903.83
2022-06-17 03:12:42,11070.3,4938.87
2022-06-17 03:12:41,15021,988.141
2022-06-17 03:12:40,15560,449.191
2022-06-17 03:12:39,5000.53,11008.6
2022-06-17 03:12:38,5161.35,10847.8
2022-06-17 03:12:37,6013.65,9995.52
2022-06-17 03:12:36,6886.55,9122.63
2022-06-17 03:12:35,7618.18,8391
2022-06-17 03:12:34,8470.32,7538.86
2022-06-17 03:12:33,9356.59,6652.59
2022-06-17 03:12:32,12362.6,3646.53
2022-06-17 03:12:31,15261.4,747.797
2022-06-17 03:12:30,13357.6,2651.61
2022-06-17 03:12:29,4996.59,11012.6
2022-06-17 03:12:28,5310.88,10698.3
2022-06-17 03:12:27,6202.58,9806.6
2022-06-17 03:12:26,7131.82,8877.36
2022-06-17 03:12:25,7798.74,8210.44
2022-06-17 03:12:24,8684.68,7324.5
2022-06-17 03:12:23,9599.33,6409.84
2022-06-17 03:12:22,13588.1,2421.09
2022-06-17 03:12:21,15412.4,596.727
2022-06-17 03:12:20,9095.04,6914.13
2022-06-17 03:12:19,4999.91,11009.3
2022-06-17 03:12:18,5509.55,10499.6
2022-06-17 03:12:17,6389.34,9619.84
2022-06-17 03:12:16,7292.98,8716.19
2022-06-17 03:12:15,7953.25,8055.92
2022-06-17 03:12:14,8839.2,7169.98
2022-06-17 03:12:13,10077.5,5931.63
2022-06-17 03:12:12,14088.5,1920.68
2022-06-17 03:12:11,15467.3,541.859
2022-06-17 03:12:10,8069.41,7939.77
2022-06-17 03:12:09,4998.73,11010.4
2022-06-17 03:12:08,5669.19,10340
2022-06-17 03:12:07,6555.62,9453.55
2022-06-17 03:12:06,7338.2,8670.98
2022-06-17 03:12:05,8117.32,7891.85
2022-06-17 03:12:04,8979.64,7029.53
2022-06-17 03:12:03,10595,5414.18
2022-06-17 03:12:02,14599.4,1409.81
2022-06-17 03:12:01,15512.3,496.918
2022-06-17 03:12:00,4997.62,11011.6
2022-06-17 03:11:59,5072.92,10936.3
2022-06-17 03:11:58,5853.77,10155.4
2022-06-17 03:11:57,6700.1,9309.07
2022-06-17 03:11:56,7501.61,8507.56
2022-06-17 03:11:55,8319.63,7689.55
2022-06-17 03:11:54,9164.72,6844.46
2022-06-17 03:11:53,11424.4,4584.79
2022-06-17 03:11:52,15095.3,913.891
2022-06-17 03:11:51,15585.6,423.59
2022-06-17 03:11:50,5000.69,11008.5
2022-06-17 03:11:49,5165.04,10844.1
2022-06-17 03:11:48,6032.5,9976.68
2022-06-17 03:11:47,6937.19,9071.98
2022-06-17 03:11:46,7628.16,8381.02
2022-06-17 03:11:45,8512.61,7496.56
2022-06-17 03:11:44,9377.89,6631.29
2022-06-17 03:11:43,12492.7,3516.48
2022-06-17 03:11:42,15265.8,743.332
2022-06-17 03:11:41,11827.9,4181.24
2022-06-17 03:11:40,5006.12,11003.1
2022-06-17 03:11:39,5355.46,10653.7
2022-06-17 03:11:38,6249.61,9759.56
2022-06-17 03:11:37,7138.99,8870.19
2022-06-17 03:11:36,7829.77,8179.4
2022-06-17 03:11:35,8738.6,7270.57
2022-06-17 03:11:34,9902.88,6106.3
2022-06-17 03:11:33,13579.6,2429.54
2022-06-17 03:11:32,15437.3,571.84
2022-06-17 03:11:31,10336.6,5672.53
2022-06-17 03:11:30,5004.45,11004.7
2022-06-17 03:11:29,5570.28,10438.9
2022-06-17 03:11:28,6482.28,9526.89
2022-06-17 03:11:27,7282.33,8726.85
2022-06-17 03:11:26,8059.99,7949.19
2022-06-17 03:11:25,8929.44,7079.73
2022-06-17 03:11:24,10572.4,5436.74
2022-06-17 03:11:23,14313,1696.15
2022-06-17 03:11:22,15505.7,503.512
2022-06-17 03:11:21,6614.95,9394.23
2022-06-17 03:11:20,5099.09,10910.1
2022-06-17 03:11:19,5816.38,10192.8
2022-06-17 03:11:18,6651.96,9357.21
2022-06-17 03:11:17,7480.45,8528.73
2022-06-17 03:11:16,8290.43,7718.75
2022-06-17 03:11:15,9116.82,6892.36
2022-06-17 03:11:14,11360.4,4648.82
2022-06-17 03:11:13,14893.3,1115.91
2022-06-17 03:11:12,15030.4,978.781
2022-06-17 03:11:11,5002.35,11006.8
2022-06-17 03:11:10,5214.41,10794.8
2022-06-17 03:11:09,5958.61,10050.6
2022-06-17 03:11:08,6869.39,9139.79
2022-06-17 03:11:07,7660.27,8348.91
2022-06-17 03:11:06,8423.52,7585.65
2022-06-17 03:11:05,9318.91,6690.26
2022-06-17 03:11:04,12072.2,3936.98
2022-06-17 03:11:03,15105.2,904.008
2022-06-17 03:11:02,10676.1,5333.07
2022-06-17 03:11:01,5004.61,11004.6
2022-06-17 03:11:00,5340.41,10668.8
2022-06-17 03:10:59,6157.61,9851.56
2022-06-17 03:10:58,7054.37,8954.8
2022-06-17 03:10:57,7793.5,8215.68
2022-06-17 03:10:56,8622.82,7386.35
2022-06-17 03:10:55,9594.05,6415.13
2022-06-17 03:10:54,13140,2869.19
2022-06-17 03:10:53,15296.4,712.805
2022-06-17 03:10:52,10303.9,5705.32
2022-06-17 03:10:51,5008.33,11000.8
2022-06-17 03:10:50,5467.51,10541.7
2022-06-17 03:10:49,6349.76,9659.42
2022-06-17 03:10:48,7218.71,8790.47
2022-06-17 03:10:47,7902.45,8106.72
2022-06-17 03:10:46,8783.23,7225.95
2022-06-17 03:10:45,9956.6,6052.57
2022-06-17 03:10:44,13723,2286.16
2022-06-17 03:10:43,15445.2,563.949
2022-06-17 03:10:42,7666.92,8342.25
2022-06-17 03:10:41,5005.01,11004.2
2022-06-17 03:10:40,5622.4,10386.8
2022-06-17 03:10:39,6506.11,9503.06
2022-06-17 03:10:38,7357.85,8651.32
2022-06-17 03:10:37,8120.33,7888.85
2022-06-17 03:10:36,8977.48,7031.7
2022-06-17 03:10:35,10563.1,5446.12
2022-06-17 03:10:34,14705.6,1303.55
2022-06-17 03:10:33,15517,492.188
2022-06-17 03:10:32,5006.27,11002.9
2022-06-17 03:10:31,5059.52,10949.7
2022-06-17 03:10:30,5869.2,10140
2022-06-17 03:10:29,6718.95,9290.22
2022-06-17 03:10:28,7490.22,8518.96
2022-06-17 03:10:27,8365.39,7643.78
2022-06-17 03:10:26,9193.76,6815.41
2022-06-17 03:10:25,11599.5,4409.64
2022-06-17 03:10:24,15102.7,906.504
2022-06-17 03:10:23,15545.7,463.441
2022-06-17 03:10:22,5006.31,11002.9
2022-06-17 03:10:21,5226.5,10782.7
2022-06-17 03:10:20,6070.1,9939.08
2022-06-17 03:10:19,6970.56,9038.62
2022-06-17 03:10:18,7667.5,8341.68
2022-06-17 03:10:17,8532.51,7476.67
2022-06-17 03:10:16,9424.18,6585
2022-06-17 03:10:15,12675.4,3333.8
2022-06-17 03:10:14,15286.3,722.836
2022-06-17 03:10:13,10299.4,5709.77
2022-06-17 03:10:12,5004.22,11005
2022-06-17 03:10:11,5360.26,10648.9
2022-06-17 03:10:10,6265.89,9743.28
2022-06-17 03:10:09,7173,8836.18
2022-06-17 03:10:08,7833.23,8175.95
2022-06-17 03:10:07,8723.99,7285.19
2022-06-17 03:10:06,9751.49,6257.68
2022-06-17 03:10:05,13540.1,2469.03
2022-06-17 03:10:04,15411.4,597.727
2022-06-17 03:10:03,9428.95,6580.23
2022-06-17 03:10:02,5004.53,11004.6
2022-06-17 03:10:01,5542.52,10466.7
2022-06-17 03:10:00,6434.29,9574.89
2022-06-17 03:09:59,7286.82,8722.35
2022-06-17 03:09:58,8009.11,8000.06
2022-06-17 03:09:57,8888.16,7121.01
2022-06-17 03:09:56,10196.8,5812.43
2022-06-17 03:09:55,14294.2,1715.02
2022-06-17 03:09:54,15482.5,526.637
2022-06-17 03:09:53,7455.07,8554.11
2022-06-17 03:09:52,5044.73,10964.4
2022-06-17 03:09:51,5756.23,10252.9
2022-06-17 03:09:50,6633.55,9375.63
2022-06-17 03:09:49,7420.32,8588.86
2022-06-17 03:09:48,8226.76,7782.42
2022-06-17 03:09:47,9084.16,6925.02
2022-06-17 03:09:46,11145.8,4863.4
2022-06-17 03:09:45,14863.2,1145.99
2022-06-17 03:09:44,15561.1,448.031
2022-06-17 03:09:43,5006.04,11003.1
2022-06-17 03:09:42,5168.78,10840.4
2022-06-17 03:09:41,5958.34,10050.8
2022-06-17 03:09:40,6819.91,9189.27
2022-06-17 03:09:39,7605.45,8403.73
2022-06-17 03:09:38,8420.41,7588.77
2022-06-17 03:09:37,9295.62,6713.55
2022-06-17 03:09:36,12080.8,3928.34
2022-06-17 03:09:35,15206.4,802.734
2022-06-17 03:09:34,10911.6,5097.61
2022-06-17 03:09:33,5005.87,11003.3
2022-06-17 03:09:32,5287,10722.2
2022-06-17 03:09:31,6127.48,9881.69
2022-06-17 03:09:30,7049.59,8959.59
2022-06-17 03:09:29,7743.09,8266.09
2022-06-17 03:09:28,8592.1,7417.07
2022-06-17 03:09:27,9500.36,6508.81
2022-06-17 03:09:26,13045,2964.18
2022-06-17 03:09:25,15343.9,665.273
2022-06-17 03:09:24,10319.5,5689.66
2022-06-17 03:09:23,5007.1,11002.1
2022-06-17 03:09:22,5429.09,10580.1
2022-06-17 03:09:21,6289.43,9719.75
2022-06-17 03:09:20,7229,8780.17
2022-06-17 03:09:19,7895.92,8113.26
2022-06-17 03:09:18,8742,7267.18
2022-06-17 03:09:17,9682.56,6326.61
2022-06-17 03:09:16,13963.1,2046.08
2022-06-17 03:09:15,15440.4,568.754
2022-06-17 03:09:14,6515.79,9493.38
2022-06-17 03:09:13,5005.34,11003.8
2022-06-17 03:09:12,5584.51,10424.7
2022-06-17 03:09:11,6456.41,9552.76
2022-06-17 03:09:10,7409.79,8599.39
2022-06-17 03:09:09,8055.78,7953.4
2022-06-17 03:09:08,8912.44,7096.74
2022-06-17 03:09:07,10152.8,5856.43
2022-06-17 03:09:06,14672.9,1336.24
2022-06-17 03:09:05,15499.9,509.285
2022-06-17 03:09:04,5006.16,11003
2022-06-17 03:09:03,5007.99,11001.2
2022-06-17 03:09:02,5708.41,10300.8
2022-06-17 03:09:01,6572.93,9436.24
2022-06-17 03:09:00,7454.2,8554.97
2022-06-17 03:08:59,8141.53,7867.64
2022-06-17 03:08:58,9008.04,7001.14
2022-06-17 03:08:57,10452.4,5556.81
2022-06-17 03:08:56,14829.4,1179.79
2022-06-17 03:08:55,15529,480.199
2022-06-17 03:08:54,5007.44,11001.7
2022-06-17 03:08:53,5007.96,11001.2
2022-06-17 03:08:52,5842.69,10166.5
2022-06-17 03:08:51,6712.39,9296.79
2022-06-17 03:08:50,7456.09,8553.09
2022-06-17 03:08:49,8289.11,7720.07
2022-06-17 03:08:48,9167.67,6841.5
2022-06-17 03:08:47,11204.1,4805.08
2022-06-17 03:08:46,15159.7,849.434
2022-06-17 03:08:45,15576.3,432.887
2022-06-17 03:08:44,5004.01,11005.2
2022-06-17 03:08:43,5096.63,10912.5
2022-06-17 03:08:42,6036.55,9972.62
2022-06-17 03:08:41,6877.64,9131.53
2022-06-17 03:08:40,7559.82,8449.35
2022-06-17 03:08:39,8488.08,7521.1
2022-06-17 03:08:38,9346.71,6662.47
2022-06-17 03:08:37,12215.7,3793.52
2022-06-17 03:08:36,15312.3,696.855
2022-06-17 03:08:35,15278.3,730.844
2022-06-17 03:08:34,5003.98,11005.2
2022-06-17 03:08:33,5270.07,10739.1
2022-06-17 03:08:32,6183.03,9826.15
2022-06-17 03:08:31,7071.11,8938.06
2022-06-17 03:08:30,7741.18,8268
2022-06-17 03:08:29,8644.12,7365.05
2022-06-17 03:08:28,9529.33,6479.85
2022-06-17 03:08:27,13246.8,2762.41
2022-06-17 03:08:26,15393.7,615.461
2022-06-17 03:08:25,9447.03,6562.15
2022-06-17 03:08:24,5004.86,11004.3
2022-06-17 03:08:23,5478.63,10530.5
2022-06-17 03:08:22,6351.77,9657.41
2022-06-17 03:08:21,7295.2,8713.97
2022-06-17 03:08:20,7948.48,8060.7
2022-06-17 03:08:19,8805.15,7204.02
2022-06-17 03:08:18,9820.78,6188.39
2022-06-17 03:08:17,14209.2,1799.96
2022-06-17 03:08:16,15463.1,546.07
2022-06-17 03:08:15,5004.62,11004.6
2022-06-17 03:08:14,5005.63,11003.5
2022-06-17 03:08:13,5691.6,10317.6
2022-06-17 03:08:12,6548.74,9460.43
2022-06-17 03:08:11,7415.24,8593.94
2022-06-17 03:08:10,8183.68,7825.49
2022-06-17 03:08:09,9012.69,6996.48
2022-06-17 03:08:08,10600.7,5408.43
2022-06-17 03:08:07,14895.1,1114.1
2022-06-17 03:08:06,15530.5,478.684
2022-06-17 03:08:05,5004.95,11004.2
2022-06-17 03:08:04,5059.03,10950.1
2022-06-17 03:08:03,5883.07,10126.1
2022-06-17 03:08:02,6725.94,9283.24
2022-06-17 03:08:01,7522.3,8486.87
2022-06-17 03:08:00,8364.68,7644.49
2022-06-17 03:07:59,9205.49,6803.68
2022-06-17 03:07:58,11599.6,4409.54
2022-06-17 03:07:57,15099.1,910.117
2022-06-17 03:07:56,15596.7,412.508
2022-06-17 03:07:55,5004.22,11005
2022-06-17 03:07:54,5197.28,10811.9
2022-06-17 03:07:53,6058.61,9950.57
2022-06-17 03:07:52,6975.06,9034.11
2022-06-17 03:07:51,7661.66,8347.52
2022-06-17 03:07:50,8534.55,7474.63
2022-06-17 03:07:49,9442.4,6566.78
2022-06-17 03:07:48,12754.4,3254.76
2022-06-17 03:07:47,15364.8,644.422
2022-06-17 03:07:46,10453.9,5555.29
2022-06-17 03:07:45,5003.75,11005.4
2022-06-17 03:07:44,5369.53,10639.6
2022-06-17 03:07:43,6293.01,9716.17
2022-06-17 03:07:42,7185.83,8823.35
2022-06-17 03:07:41,7876.86,8132.32
2022-06-17 03:07:40,8773.88,7235.3
2022-06-17 03:07:39,9869.49,6139.69
2022-06-17 03:07:38,13746.3,2262.83
2022-06-17 03:07:37,15447.4,561.73
2022-06-17 03:07:36,8379.75,7629.42
2022-06-17 03:07:35,5046.57,10962.6
2022-06-17 03:07:34,5664.36,10344.8
2022-06-17 03:07:33,6538.73,9470.44
2022-06-17 03:07:32,7333.12,8676.06
2022-06-17 03:07:31,8143.75,7865.43
2022-06-17 03:07:30,9007.06,7002.12
2022-06-17 03:07:29,11046.5,4962.68
2022-06-17 03:07:28,14398.3,1610.83
2022-06-17 03:07:27,15539.9,469.309
2022-06-17 03:07:26,5961.42,10047.8
2022-06-17 03:07:25,5194.31,10814.9
2022-06-17 03:07:24,5895.39,10113.8
2022-06-17 03:07:23,6817.99,9191.18
2022-06-17 03:07:22,7599.59,8409.58
2022-06-17 03:07:21,8368.13,7641.04
2022-06-17 03:07:20,9280.9,6728.27
2022-06-17 03:07:19,12217.2,3791.98
2022-06-17 03:07:18,15009.4,999.746
2022-06-17 03:07:17,10267.3,5741.86
2022-06-17 03:07:16,5003.77,11005.4
2022-06-17 03:07:15,5341.22,10668
2022-06-17 03:07:14,6185.96,9823.21
2022-06-17 03:07:13,7088.62,8920.55
2022-06-17 03:07:12,7816.82,8192.36
2022-06-17 03:07:11,8648.62,7360.56
2022-06-17 03:07:10,9700.92,6308.26
2022-06-17 03:07:09,13303,2706.14
2022-06-17 03:07:08,15310.7,698.434
2022-06-17 03:07:07,7883.64,8125.54
2022-06-17 03:07:06,5019.79,10989.4
2022-06-17 03:07:05,5575.78,10433.4
2022-06-17 03:07:04,6391,9618.18
2022-06-17 03:07:03,7262.73,8746.45
2022-06-17 03:07:02,8020.21,7988.97
2022-06-17 03:07:01,8818.79,7190.39
2022-06-17 03:07:00,10316.7,5692.51
2022-06-17 03:06:59,13839.6,2169.59
2022-06-17 03:06:58,14169.8,1839.39
2022-06-17 03:06:57,7671.43,8337.75
2022-06-17 03:06:56,5162.87,10846.3
2022-06-17 03:06:55,5744.41,10264.8
2022-06-17 03:06:54,6663.17,9346.01
2022-06-17 03:06:53,7475.66,8533.52
2022-06-17 03:06:52,8209.35,7799.82
2022-06-17 03:06:51,9132.72,6876.46
2022-06-17 03:06:50,11437.3,4571.89
2022-06-17 03:06:49,14540.8,1468.4
2022-06-17 03:06:48,12877.6,3131.56
2022-06-17 03:06:47,6476.78,9532.39
2022-06-17 03:06:46,5232.18,10777
2022-06-17 03:06:45,6029.27,9979.91
2022-06-17 03:06:44,6843.91,9165.27
2022-06-17 03:06:43,7540.56,8468.61
2022-06-17 03:06:42,8371.03,7638.14
2022-06-17 03:06:41,9270.92,6738.25
2022-06-17 03:06:40,12102.3,3906.88
2022-06-17 03:06:39,14942.3,1066.87
2022-06-17 03:06:38,12935,3074.2
2022-06-17 03:06:37,5008.18,11001
2022-06-17 03:06:36,5314.47,10694.7
2022-06-17 03:06:35,6138.39,9870.78
2022-06-17 03:06:34,7058.78,8950.4
2022-06-17 03:06:33,7777.49,8231.69
2022-06-17 03:06:32,8584.21,7424.97
2022-06-17 03:06:31,9520.61,6488.57
2022-06-17 03:06:30,13066.3,2942.91
2022-06-17 03:06:29,15291,718.148
2022-06-17 03:06:28,8773.47,7235.7
2022-06-17 03:06:27,5009.49,10999.7
2022-06-17 03:06:26,5472.83,10536.3
2022-06-17 03:06:25,6348.18,9660.99
2022-06-17 03:06:24,7293.43,8715.75
2022-06-17 03:06:23,7918.33,8090.85
2022-06-17 03:06:22,8812.9,7196.28
2022-06-17 03:06:21,9900.14,6109.03
2022-06-17 03:06:20,14019.5,1989.63
2022-06-17 03:06:19,15461.7,547.457
2022-06-17 03:06:18,7657.09,8352.09
2022-06-17 03:06:17,5020.38,10988.8
2022-06-17 03:06:16,5662.53,10346.6
2022-06-17 03:06:15,6566.67,9442.51
2022-06-17 03:06:14,7334.24,8674.93
2022-06-17 03:06:13,8124.2,7884.97
2022-06-17 03:06:12,9038.81,6970.37
2022-06-17 03:06:11,10717.1,5292.04
2022-06-17 03:06:10,14614.5,1394.63
2022-06-17 03:06:09,15529.1,480.051
2022-06-17 03:06:08,5003.55,11005.6
2022-06-17 03:06:07,5088.59,10920.6
2022-06-17 03:06:06,5907.2,10102
2022-06-17 03:06:05,6752.78,9256.4
2022-06-17 03:06:04,7487.86,8521.32
2022-06-17 03:06:03,8361,7648.18
2022-06-17 03:06:02,9206.71,6802.47
2022-06-17 03:06:01,11644.7,4364.49
2022-06-17 03:06:00,15130,879.16
2022-06-17 03:05:59,15602.8,406.426
2022-06-17 03:05:58,5003.87,11005.3
2022-06-17 03:05:57,5227.98,10781.2
2022-06-17 03:05:56,6114.35,9894.83
2022-06-17 03:05:55,6970.66,9038.52
2022-06-17 03:05:54,7658.97,8350.21
2022-06-17 03:05:53,8552.03,7457.14
2022-06-17 03:05:52,9417.55,6591.63
2022-06-17 03:05:51,12680.5,3328.67
2022-06-17 03:05:50,15353.3,655.836
2022-06-17 03:05:49,12813.9,3195.3
2022-06-17 03:05:48,5001.53,11007.6
2022-06-17 03:05:47,5348,10661.2
2022-06-17 03:05:46,6277.53,9731.64
2022-06-17 03:05:45,7167.41,8841.77
2022-06-17 03:05:44,7809.22,8199.96
2022-06-17 03:05:43,8725.67,7283.51
2022-06-17 03:05:42,9706.5,6302.68
2022-06-17 03:05:41,13560.8,2448.33
2022-06-17 03:05:40,15410.9,598.297
2022-06-17 03:05:39,8860.65,7148.53
2022-06-17 03:05:38,4994.12,11015.1
2022-06-17 03:05:37,5519.12,10490.1
2022-06-17 03:05:36,6363.62,9645.55
2022-06-17 03:05:35,7207.97,8801.21
2022-06-17 03:05:34,7849.88,8159.3
2022-06-17 03:05:33,8748.12,7261.05
2022-06-17 03:05:32,9720.93,6288.24
2022-06-17 03:05:31,13667.7,2341.47
2022-06-17 03:05:30,15424.2,584.926
2022-06-17 03:05:29,7148.02,8861.15
2022-06-17 03:05:28,4999.58,11009.6
2022-06-17 03:05:27,5562.45,10446.7
2022-06-17 03:05:26,6406.78,9602.39
2022-06-17 03:05:25,7303.96,8705.22
2022-06-17 03:05:24,8021.65,7987.52
2022-06-17 03:05:23,8847.06,7162.12
2022-06-17 03:05:22,10217.1,5792.11
2022-06-17 03:05:21,14355.5,1653.7
2022-06-17 03:05:20,15485.3,523.914
2022-06-17 03:05:19,5000.66,11008.5
2022-06-17 03:05:18,5072.18,10937
2022-06-17 03:05:17,5761.94,10247.2
2022-06-17 03:05:16,6588.82,9420.36
2022-06-17 03:05:15,7497.89,8511.29
2022-06-17 03:05:14,8199.73,7809.45
2022-06-17 03:05:13,9054.91,6954.27
2022-06-17 03:05:12,10867.1,5142.12
2022-06-17 03:05:11,14823.2,1185.95
2022-06-17 03:05:10,15538.9,470.277
2022-06-17 03:05:09,4990.08,11019.1
2022-06-17 03:05:08,5117.84,10891.3
2022-06-17 03:05:07,5889.43,10119.7
2022-06-17 03:05:06,6633.18,9375.99
2022-06-17 03:05:05,7432.29,8576.88
2022-06-17 03:05:04,8242.18,7767
2022-06-17 03:05:03,9073.25,6935.93
2022-06-17 03:05:02,11006.6,5002.62
2022-06-17 03:05:01,15022.9,986.262
2022-06-17 03:05:00,15564.7,444.52
2022-06-17 03:04:59,5001.81,11007.4
2022-06-17 03:04:58,5153.25,10855.9
2022-06-17 03:04:57,5975.86,10033.3
2022-06-17 03:04:56,6842.9,9166.27
2022-06-17 03:04:55,7600.4,8408.78
2022-06-17 03:04:54,8420.62,7588.56
2022-06-17 03:04:53,9293.03,6716.14
2022-06-17 03:04:52,12080.5,3928.71
2022-06-17 03:04:51,15139.3,869.875
2022-06-17 03:04:50,11444.5,4564.63
2022-06-17 03:04:49,5006.89,11002.3
2022-06-17 03:04:48,5307.88,10701.3
2022-06-17 03:04:47,6157.65,9851.52
2022-06-17 03:04:46,7099.69,8909.48
2022-06-17 03:04:45,7758.84,8250.33
2022-06-17 03:04:44,8635.65,7373.53
2022-06-17 03:04:43,9582.86,6426.31
2022-06-17 03:04:42,13184.9,2824.3
2022-06-17 03:04:41,15402.2,606.988
2022-06-17 03:04:40,10317.6,5691.62
2022-06-17 03:04:39,5005.19,11004
2022-06-17 03:04:38,5558.41,10450.8
2022-06-17 03:04:37,6435.98,9573.2
2022-06-17 03:04:36,7219.28,8789.89
2022-06-17 03:04:35,8024.62,7984.55
2022-06-17 03:04:34,8910.06,7099.12
2022-06-17 03:04:33,10759.9,5249.27
2022-06-17 03:04:32,13967.2,2041.93
2022-06-17 03:04:31,15505.6,503.539
2022-06-17 03:04:30,7539.79,8469.39
2022-06-17 03:04:29,5081.8,10927.4
2022-06-17 03:04:28,5808.4,10200.8
2022-06-17 03:04:27,6650.28,9358.89
2022-06-17 03:04:26,7435.82,8573.36
2022-06-17 03:04:25,8264.9,7744.27
2022-06-17 03:04:24,9094.12,6915.05
2022-06-17 03:04:23,11272.1,4737.12
2022-06-17 03:04:22,14802.3,1206.91
2022-06-17 03:04:21,15567.1,442.039
2022-06-17 03:04:20,5005.75,11003.4
2022-06-17 03:04:19,5133.56,10875.6
2022-06-17 03:04:18,5995.9,10013.3
2022-06-17 03:04:17,6828.19,9180.99
2022-06-17 03:04:16,7556.88,8452.3
2022-06-17 03:04:15,8443.3,7565.88
2022-06-17 03:04:14,9285.68,6723.49
2022-06-17 03:04:13,11970.2,4038.94
2022-06-17 03:04:12,15210.9,798.258
2022-06-17 03:04:11,14094.5,1914.69
2022-06-17 03:04:10,5007.42,11001.8
2022-06-17 03:04:09,5291.37,10717.8
2022-06-17 03:04:08,6154.1,9855.08
2022-06-17 03:04:07,7062.75,8946.43
2022-06-17 03:04:06,7762.15,8247.02
2022-06-17 03:04:05,8612.41,7396.77
2022-06-17 03:04:04,9505.24,6503.94
2022-06-17 03:04:03,13124.1,2885.04
2022-06-17 03:04:02,15372.4,636.73
2022-06-17 03:04:01,10328.2,5680.94
2022-06-17 03:04:00,5010.31,10998.9
2022-06-17 03:03:59,5477.44,10531.7
2022-06-17 03:03:58,6387.5,9621.68
2022-06-17 03:03:57,7264.81,8744.36
2022-06-17 03:03:56,7946,8063.17
2022-06-17 03:03:55,8861.97,7147.21
2022-06-17 03:03:54,10097.9,5911.32
2022-06-17 03:03:53,14096.4,1912.79
2022-06-17 03:03:52,15471.6,537.57
2022-06-17 03:03:51,6721.65,9287.53
2022-06-17 03:03:50,5036.04,10973.1
2022-06-17 03:03:49,5729.61,10279.6
2022-06-17 03:03:48,6583.05,9426.12
2022-06-17 03:03:47,7393.69,8615.48
2022-06-17 03:03:46,8211.7,7797.48
2022-06-17 03:03:45,9052.01,6957.16
2022-06-17 03:03:44,10997.4,5011.77
2022-06-17 03:03:43,14842.9,1166.27
2022-06-17 03:03:42,15552.9,456.301
2022-06-17 03:03:41,5006.21,11003
2022-06-17 03:03:40,5111.86,10897.3
2022-06-17 03:03:39,5931.85,10077.3
2022-06-17 03:03:38,6758.24,9250.93
2022-06-17 03:03:37,7525.56,8483.61
2022-06-17 03:03:36,8350.22,7658.96
2022-06-17 03:03:35,9193.09,6816.09
2022-06-17 03:03:34,11491.5,4517.64
2022-06-17 03:03:33,15132.1,877.055
2022-06-17 03:03:32,15593.6,415.539
2022-06-17 03:03:31,5003.47,11005.7
2022-06-17 03:03:30,5177.59,10831.6
2022-06-17 03:03:29,6076.03,9933.14
2022-06-17 03:03:28,6955.56,9053.61
2022-06-17 03:03:27,7644.39,8364.79
2022-06-17 03:03:26,8524.9,7484.27
2022-06-17 03:03:25,9415.17,6594
2022-06-17 03:03:24,12670.8,3338.38
2022-06-17 03:03:23,15348.1,661.121
2022-06-17 03:03:22,11865.9,4143.26
2022-06-17 03:03:21,5002.73,11006.4
2022-06-17 03:03:20,5402.32,10606.9
2022-06-17 03:03:19,6298.35,9710.83
2022-06-17 03:03:18,7203.23,8805.95
2022-06-17 03:03:17,7875.06,8134.11
2022-06-17 03:03:16,8758.05,7251.12
2022-06-17 03:03:15,9678.69,6330.48
2022-06-17 03:03:14,13832.4,2176.73
2022-06-17 03:03:13,15434.7,574.473
2022-06-17 03:03:12,7576.58,8432.59
2022-06-17 03:03:11,5003.21,11006
2022-06-17 03:03:10,5624.67,10384.5
2022-06-17 03:03:09,6506.66,9502.52
2022-06-17 03:03:08,7373.16,8636.01
2022-06-17 03:03:07,8101.35,7907.83
2022-06-17 03:03:06,8970.56,7038.62
2022-06-17 03:03:05,10499,5510.13
2022-06-17 03:03:04,14669.9,1339.23
2022-06-17 03:03:03,15520.8,488.375
2022-06-17 03:03:02,5004.57,11004.6
2022-06-17 03:03:01,5055.75,10953.4
2022-06-17 03:03:00,5885.94,10123.2
2022-06-17 03:02:59,6746.8,9262.38
2022-06-17 03:02:58,7489.02,8520.15
2022-06-17 03:02:57,8348.38,7660.8
2022-06-17 03:02:56,9210.94,6798.23
2022-06-17 03:02:55,11545.5,4463.71
2022-06-17 03:02:54,15183,826.195
2022-06-17 03:02:53,15598.9,410.309
2022-06-17 03:02:52,5001.79,11007.4
2022-06-17 03:02:51,5213.83,10795.3
2022-06-17 03:02:50,6065.62,9943.55
2022-06-17 03:02:49,6968.11,9041.07
2022-06-17 03:02:48,7688.22,8320.96
2022-06-17 03:02:47,8538.95,7470.22
2022-06-17 03:02:46,9439.17,6570
2022-06-17 03:02:45,12824,3185.14
2022-06-17 03:02:44,15301.6,707.555
2022-06-17 03:02:43,10456.7,5552.48
2022-06-17 03:02:42,5001.95,11007.2
2022-06-17 03:02:41,5382.43,10626.7
2022-06-17 03:02:40,6268.23,9740.94
2022-06-17 03:02:39,7205.98,8803.2
2022-06-17 03:02:38,7868.24,8140.94
2022-06-17 03:02:37,8750.49,7258.68
2022-06-17 03:02:36,9709.52,6299.66
2022-06-17 03:02:35,13864.6,2144.55
2022-06-17 03:02:34,15443.5,565.723
2022-06-17 03:02:33,7666.28,8342.9
2022-06-17 03:02:32,5006.83,11002.3
2022-06-17 03:02:31,5657.4,10351.8
2022-06-17 03:02:30,6549.73,9459.45
2022-06-17 03:02:29,7369.14,8640.04
2022-06-17 03:02:28,8130.75,7878.42
2022-06-17 03:02:27,9012.72,6996.45
2022-06-17 03:02:26,10722.8,5286.35
2022-06-17 03:02:25,14733.6,1275.55
2022-06-17 03:02:24,15533.9,475.297
2022-06-17 03:02:23,4999.77,11009.4
2022-06-17 03:02:22,5016.93,10992.2
2022-06-17 03:02:21,5870.32,10138.9
2022-06-17 03:02:20,6751.58,9257.6
2022-06-17 03:02:19,7449.51,8559.67
2022-06-17 03:02:18,8332.77,7676.4
2022-06-17 03:02:17,9195.11,6814.06
2022-06-17 03:02:16,11421.5,4587.65
2022-06-17 03:02:15,15168.6,840.527
2022-06-17 03:02:14,15590.3,418.848
2022-06-17 03:02:13,5004.94,11004.2
2022-06-17 03:02:12,5153.28,10855.9
2022-06-17 03:02:11,6087.79,9921.38
2022-06-17 03:02:10,6924.75,9084.43
2022-06-17 03:02:09,7602.99,8406.18
2022-06-17 03:02:08,8539.6,7469.57
2022-06-17 03:02:07,9386.62,6622.55
2022-06-17 03:02:06,12479.7,3529.45
2022-06-17 03:02:05,15338.5,670.68
2022-06-17 03:02:04,11535.7,4473.51
2022-06-17 03:02:03,5002.59,11006.6
2022-06-17 03:02:02,5287.69,10721.5
2022-06-17 03:02:01,6162.43,9846.75
2022-06-17 03:02:00,7086.75,8922.43
2022-06-17 03:01:59,7758.84,8250.34
2022-06-17 03:01:58,8630.5,7378.68
2022-06-17 03:01:57,9557.44,6451.73
2022-06-17 03:01:56,13281.4,2727.74
2022-06-17 03:01:55,15394.5,614.637
2022-06-17 03:01:54,10327.2,5681.93
2022-06-17 03:01:53,5006.09,11003.1
2022-06-17 03:01:52,5503.66,10505.5
2022-06-17 03:01:51,6413.96,9595.22
2022-06-17 03:01:50,7245.01,8764.16
2022-06-17 03:01:49,7977.39,8031.79
2022-06-17 03:01:48,8878.34,7130.83
2022-06-17 03:01:47,10320.8,5688.36
2022-06-17 03:01:46,14130.3,1878.88
2022-06-17 03:01:45,15480.6,528.574
2022-06-17 03:01:44,7302.51,8706.67
2022-06-17 03:01:43,5083.37,10925.8
2022-06-17 03:01:42,5811.33,10197.8
2022-06-17 03:01:41,6674.14,9335.04
2022-06-17 03:01:40,7476.15,8533.03
2022-06-17 03:01:39,8290.47,7718.7
2022-06-17 03:01:38,9137.53,6871.64
2022-06-17 03:01:37,11499.2,4509.95
2022-06-17 03:01:36,14761.6,1247.6
2022-06-17 03:01:35,12559.8,3449.36
2022-06-17 03:01:34,7352,8657.18
2022-06-17 03:01:33,5278.65,10730.5
2022-06-17 03:01:32,6015.97,9993.2
2022-06-17 03:01:31,6954.81,9054.36
2022-06-17 03:01:30,7680.31,8328.87
2022-06-17 03:01:29,8483.79,7525.38
2022-06-17 03:01:28,9427.82,6581.36
2022-06-17 03:01:27,12904.6,3104.56
2022-06-17 03:01:26,15009.5,999.652
2022-06-17 03:01:25,9092.67,6916.51
2022-06-17 03:01:24,5003.29,11005.9
2022-06-17 03:01:23,5464.69,10544.5
2022-06-17 03:01:22,6272.86,9736.31
2022-06-17 03:01:21,7221.06,8788.11
2022-06-17 03:01:20,7914.55,8094.63
2022-06-17 03:01:19,8739.22,7269.96
2022-06-17 03:01:18,9766.39,6242.78
2022-06-17 03:01:17,13758.5,2250.63
2022-06-17 03:01:16,15335,674.168
2022-06-17 03:01:15,7639.82,8369.36
2022-06-17 03:01:14,5004.85,11004.3
2022-06-17 03:01:13,5641.93,10367.2
2022-06-17 03:01:12,6539.11,9470.07
2022-06-17 03:01:11,7299.12,8710.05
2022-06-17 03:01:10,8115.9,7893.28
2022-06-17 03:01:09,8997.66,7011.51
2022-06-17 03:01:08,10934.4,5074.75
2022-06-17 03:01:07,14423,1586.14
2022-06-17 03:01:06,15495.1,514.121
2022-06-17 03:01:05,7656.28,8352.89
2022-06-17 03:01:04,5163.72,10845.5
2022-06-17 03:01:03,5873.13,10136
2022-06-17 03:01:02,6777.77,9231.4
2022-06-17 03:01:01,7491.34,8517.83
2022-06-17 03:01:00,8326.92,7682.25
2022-06-17 03:00:59,9237.23,6771.94
2022-06-17 03:00:58,12305.9,3703.26
2022-06-17 03:00:57,14630.9,1378.27
2022-06-17 03:00:56,11575.4,4433.77
2022-06-17 03:00:55,5870.07,10139.1
2022-06-17 03:00:54,5362.82,10646.4
2022-06-17 03:00:53,6154.2,9854.98
2022-06-17 03:00:52,7053.73,8955.45
2022-06-17 03:00:51,7817.35,8191.82
2022-06-17 03:00:50,8642.02,7367.15
2022-06-17 03:00:49,9755.99,6253.19
2022-06-17 03:00:48,13196.2,2813.02
2022-06-17 03:00:47,15309,700.145
2022-06-17 03:00:46,9398.28,6610.89
2022-06-17 03:00:45,5005.34,11003.8
2022-06-17 03:00:44,5505.64,10503.5
2022-06-17 03:00:43,6404.37,9604.81
2022-06-17 03:00:42,7271.84,8737.34
2022-06-17 03:00:41,8010.12,7999.05
2022-06-17 03:00:40,8889.67,7119.51
2022-06-17 03:00:39,10285.5,5723.67
2022-06-17 03:00:38,14299.3,1709.92
2022-06-17 03:00:37,15492,517.184
2022-06-17 03:00:36,7216.45,8792.73
2022-06-17 03:00:35,5013.11,10996.1
2022-06-17 03:00:34,5768.07,10241.1
2022-06-17 03:00:33,6620.75,9388.43
2022-06-17 03:00:32,7412.19,8596.99
2022-06-17 03:00:31,8262.43,7746.74
2022-06-17 03:00:30,9097.68,6911.49
2022-06-17 03:00:29,11163.7,4845.47
2022-06-17 03:00:28,14989,1020.17
2022-06-17 03:00:27,15564.8,444.406
2022-06-17 03:00:26,5003.54,11005.6
2022-06-17 03:00:25,5087.52,10921.7
2022-06-17 03:00:24,5987.07,10022.1
2022-06-17 03:00:23,6811.96,9197.21
2022-06-17 03:00:22,7508.91,8500.27
2022-06-17 03:00:21,8419.44,7589.73
2022-06-17 03:00:20,9259.12,6750.05
2022-06-17 03:00:19,11808.9,4200.28
2022-06-17 03:00:18,15257.1,752.055
2022-06-17 03:00:17,15613.5,395.699
2022-06-17 03:00:16,5004.46,11004.7
2022-06-17 03:00:15,5169.06,10840.1
2022-06-17 03:00:14,6137.39,9871.79
2022-06-17 03:00:13,6949.1,9060.07
2022-06-17 03:00:12,7595.84,8413.34
2022-06-17 03:00:11,8566.18,7442.99
2022-06-17 03:00:10,9369.93,6639.25
2022-06-17 03:00:09,12474.8,3534.41
2022-06-17 03:00:08,15340.6,668.547
2022-06-17 03:00:07,15652.6,356.543
2022-06-17 03:00:06,5003.09,11006.1
2022-06-17 03:00:05,5273.1,10736.1
2022-06-17 03:00:04,6222.95,9786.22
2022-06-17 03:00:03,7027.58,8981.6
2022-06-17 03:00:02,7673.78,8335.39
2022-06-17 03:00:01,8644.88,7364.3
2022-06-17 03:00:00,9453.54,6555.63
2022-06-17 02:59:59,12856.8,3152.38
2022-06-17 02:59:58,15368.1,641.066
2022-06-17 02:59:57,14210.6,1798.59
2022-06-17 02:59:56,5006.19,11003
2022-06-17 02:59:55,5366.53,10642.6
2022-06-17 02:59:54,6232.99,9776.19
2022-06-17 02:59:53,7171.18,8838
2022-06-17 02:59:52,7818.93,8190.24
2022-06-17 02:59:51,8674.35,7334.83
2022-06-17 02:59:50,9618.86,6390.31
2022-06-17 02:59:49,13606.4,2402.78
2022-06-17 02:59:48,15416.8,592.352
2022-06-17 02:59:47,6408.64,9600.53
2022-06-17 02:59:46,5006.68,11002.5
2022-06-17 02:59:45,5548.41,10460.8
2022-06-17 02:59:44,6357.23,9651.95
2022-06-17 02:59:43,7335.37,8673.81
2022-06-17 02:59:42,7980.89,8028.28
2022-06-17 02:59:41,8789.56,7219.61
2022-06-17 02:59:40,9774.92,6234.25
2022-06-17 02:59:39,14345.9,1663.29
2022-06-17 02:59:38,15465.6,543.555
2022-06-17 02:59:37,5005.14,11004
2022-06-17 02:59:36,5006.41,11002.8
2022-06-17 02:59:35,5658.35,10350.8
2022-06-17 02:59:34,6533.7,9475.48
2022-06-17 02:59:33,7454.34,8554.83
2022-06-17 02:59:32,8114.75,7894.43
2022-06-17 02:59:31,8994.75,7014.43
2022-06-17 02:59:30,10383,5626.21
2022-06-17 02:59:29,14870.2,1139
2022-06-17 02:59:28,15522.7,486.512
2022-06-17 02:59:27,5006.89,11002.3
2022-06-17 02:59:26,5009.75,10999.4
2022-06-17 02:59:25,5838.38,10170.8
2022-06-17 02:59:24,6726.28,9282.89
2022-06-17 02:59:23,7454.97,8554.2
2022-06-17 02:59:22,8285.82,7723.36
2022-06-17 02:59:21,9154.81,6854.37
2022-06-17 02:59:20,11161,4848.21
2022-06-17 02:59:19,15048.5,960.703
2022-06-17 02:59:18,15571.6,437.605
2022-06-17 02:59:17,5005.19,11004
2022-06-17 02:59:16,5088.56,10920.6
2022-06-17 02:59:15,6012.8,9996.37
2022-06-17 02:59:14,6887.9,9121.27
2022-06-17 02:59:13,7563.19,8445.98
2022-06-17 02:59:12,8470.53,7538.64
2022-06-17 02:59:11,9359.18,6649.99
2022-06-17 02:59:10,12335,3674.18
2022-06-17 02:59:09,15324.2,684.926
2022-06-17 02:59:08,14219.4,1789.82
2022-06-17 02:59:07,5001.03,11008.1
2022-06-17 02:59:06,5269.82,10739.4
2022-06-17 02:59:05,6165.38,9843.8
2022-06-17 02:59:04,7045.4,8963.78
2022-06-17 02:59:03,7700.02,8309.16
2022-06-17 02:59:02,8612.28,7396.9
2022-06-17 02:59:01,9475.58,6533.59
2022-06-17 02:59:00,12981.9,3027.28
2022-06-17 02:58:59,15375.4,633.746
2022-06-17 02:58:58,12446.9,3562.31
2022-06-17 02:58:57,5001.99,11007.2
2022-06-17 02:58:56,5424.59,10584.6
2022-06-17 02:58:55,6295.51,9713.66
2022-06-17 02:58:54,7240.75,8768.43
2022-06-17 02:58:53,7914.31,8094.87
2022-06-17 02:58:52,8760.88,7248.3
2022-06-17 02:58:51,9710.06,6299.11
2022-06-17 02:58:50,14048.4,1960.78
2022-06-17 02:58:49,15444.2,564.945
2022-06-17 02:58:48,7646.33,8362.84
2022-06-17 02:58:47,5003.83,11005.3
2022-06-17 02:58:46,5592.48,10416.7
2022-06-17 02:58:45,6473.25,9535.93
2022-06-17 02:58:44,7374.92,8634.25
2022-06-17 02:58:43,8074.08,7935.1
2022-06-17 02:58:42,8935.66,7073.52
2022-06-17 02:58:41,10305.9,5703.27
2022-06-17 02:58:40,14634.9,1374.29
2022-06-17 02:58:39,15505.9,503.238
2022-06-17 02:58:38,6641.52,9367.65
2022-06-17 02:58:37,5120.27,10888.9
2022-06-17 02:58:36,5810.17,10199
2022-06-17 02:58:35,6697.09,9312.09
2022-06-17 02:58:34,7519.04,8490.13
2022-06-17 02:58:33,8280.45,7728.73
2022-06-17 02:58:32,9160.76,6848.42
2022-06-17 02:58:31,11553.9,4455.23
2022-06-17 02:58:30,14935,1074.16
2022-06-17 02:58:29,14340.6,1668.58
2022-06-17 02:58:28,5005.05,11004.1
2022-06-17 02:58:27,5215.56,10793.6
2022-06-17 02:58:26,6043.72,9965.46
2022-06-17 02:58:25,6926.45,9082.73
2022-06-17 02:58:24,7668.92,8340.25
2022-06-17 02:58:23,8512.77,7496.41
2022-06-17 02:58:22,9397.98,6611.2
2022-06-17 02:58:21,12632.2,3376.93
2022-06-17 02:58:20,15086.6,922.566
2022-06-17 02:58:19,10276.7,5732.46
2022-06-17 02:58:18,5005.19,11004
2022-06-17 02:58:17,5426.4,10582.8
2022-06-17 02:58:16,6251.45,9757.72
2022-06-17 02:58:15,7111.64,8897.54
2022-06-17 02:58:14,7869.86,8139.32
2022-06-17 02:58:13,8689.84,7319.34
2022-06-17 02:58:12,9901.61,6107.57
2022-06-17 02:58:11,13474.3,2534.85
2022-06-17 02:58:10,15246.3,762.875
2022-06-17 02:58:09,8575.53,7433.64
2022-06-17 02:58:08,5005.39,11003.8
2022-06-17 02:58:07,5620.32,10388.9
2022-06-17 02:58:06,6434.75,9574.42
2022-06-17 02:58:05,7201.97,8807.21
2022-06-17 02:58:04,8043.69,7965.49
2022-06-17 02:58:03,8861.46,7147.71
2022-06-17 02:58:02,10486.7,5522.51
2022-06-17 02:58:01,13923.2,2085.99
2022-06-17 02:58:00,15392.1,617.086
2022-06-17 02:57:59,7666.04,8343.13
2022-06-17 02:57:58,5056.14,10953
2022-06-17 02:57:57,5732.98,10276.2
2022-06-17 02:57:56,6618.42,9390.76
2022-06-17 02:57:55,7383.16,8626.02
2022-06-17 02:57:54,8197.68,7811.49
2022-06-17 02:57:53,9057.3,6951.88
2022-06-17 02:57:52,10983.7,5025.46
2022-06-17 02:57:51,14684.9,1324.31
2022-06-17 02:57:50,15539.6,469.613
2022-06-17 02:57:49,5001.62,11007.6
2022-06-17 02:57:48,5204.02,10805.2
2022-06-17 02:57:47,5896.73,10112.4
2022-06-17 02:57:46,6791.03,9218.15
2022-06-17 02:57:45,7624.41,8384.77
2022-06-17 02:57:44,8359.74,7649.43
2022-06-17 02:57:43,9266.36,6742.82
2022-06-17 02:57:42,12131.2,3878.01
2022-06-17 02:57:41,14981.8,1027.35
2022-06-17 02:57:40,11369.9,4639.23
2022-06-17 02:57:39,5004.5,11004.7
2022-06-17 02:57:38,5332.2,10677
2022-06-17 02:57:37,6182.61,9826.57
2022-06-17 02:57:36,7100.53,8908.65
2022-06-17 02:57:35,7784.79,8224.38
2022-06-17 02:57:34,8658.64,7350.53
2022-06-17 02:57:33,9767.31,6241.87
2022-06-17 02:57:32,13265.7,2743.5
2022-06-17 02:57:31,15402.3,606.887
2022-06-17 02:57:30,10315.2,5693.99
2022-06-17 02:57:29,5025.53,10983.6
2022-06-17 02:57:28,5512.66,10496.5
2022-06-17 02:57:27,6442.89,9566.28
2022-06-17 02:57:26,7225.46,8783.71
2022-06-17 02:57:25,8004.43,8004.75
2022-06-17 02:57:24,8915.24,7093.94
2022-06-17 02:57:23,10602.8,5406.39
2022-06-17 02:57:22,13952.4,2056.76
2022-06-17 02:57:21,15392.4,616.769
2022-06-17 02:57:20,10339.2,5669.95
2022-06-17 02:57:19,5108.56,10900.6
2022-06-17 02:57:18,5713.23,10295.9
2022-06-17 02:57:17,6623.77,9385.41
2022-06-17 02:57:16,7375.1,8634.07
2022-06-17 02:57:15,8164.7,7844.48
2022-06-17 02:57:14,9083.58,6925.59
2022-06-17 02:57:13,11352.5,4656.64
2022-06-17 02:57:12,14244.8,1764.43
2022-06-17 02:57:11,12861.7,3147.46
2022-06-17 02:57:10,5153.59,10855.6
2022-06-17 02:57:09,5238.94,10770.2
2022-06-17 02:57:08,5947.02,10062.2
2022-06-17 02:57:07,6841.32,9167.86
2022-06-17 02:57:06,7666.23,8342.94
2022-06-17 02:57:05,8403.68,7605.5
2022-06-17 02:57:04,9330.19,6678.98
2022-06-17 02:57:03,12205.4,3803.75
2022-06-17 02:57:02,15044.1,965.117
2022-06-17 02:57:01,10252.6,5756.58
2022-06-17 02:57:00,5003.86,11005.3
2022-06-17 02:56:59,5360.22,10649
2022-06-17 02:56:58,6206.26,9802.92
2022-06-17 02:56:57,7061.67,8947.5
2022-06-17 02:56:56,7859.26,8149.91
2022-06-17 02:56:55,8688.11,7321.06
2022-06-17 02:56:54,10037.1,5972.1
2022-06-17 02:56:53,13174.1,2835.09
2022-06-17 02:56:52,15319.8,689.418
2022-06-17 02:56:51,9046.73,6962.45
2022-06-17 02:56:50,5019.94,10989.2
2022-06-17 02:56:49,5608.16,10401
2022-06-17 02:56:48,6454.39,9554.78
2022-06-17 02:56:47,7253.28,8755.89
2022-06-17 02:56:46,8092.96,7916.22
2022-06-17 02:56:45,8936.33,7072.85
2022-06-17 02:56:44,10916.2,5093.01
2022-06-17 02:56:43,14200.6,1808.58
2022-06-17 02:56:42,15518.8,490.426
2022-06-17 02:56:41,7674.25,8334.93
2022-06-17 02:56:40,5206.23,10802.9
2022-06-17 02:56:39,5831.65,10177.5
2022-06-17 02:56:38,6789.45,9219.73
2022-06-17 02:56:37,7575.96,8433.22
2022-06-17 02:56:36,8316.94,7692.23
2022-06-17 02:56:35,9269.34,6739.84
2022-06-17 02:56:34,12151.2,3857.95
2022-06-17 02:56:33,14715.5,1293.64
2022-06-17 02:56:32,10245.3,5763.85
2022-06-17 02:56:31,5003.63,11005.5
2022-06-17 02:56:30,5331.33,10677.8
2022-06-17 02:56:29,6132.64,9876.54
2022-06-17 02:56:28,7021.28,8987.9
2022-06-17 02:56:27,7768.91,8240.26
2022-06-17 02:56:26,8604.88,7404.3
2022-06-17 02:56:25,9738.39,6270.78
2022-06-17 02:56:24,12920.3,3088.88
2022-06-17 02:56:23,15204.9,804.27
2022-06-17 02:56:22,10293.3,5715.88
2022-06-17 02:56:21,5005.34,11003.8
2022-06-17 02:56:20,5488.86,10520.3
2022-06-17 02:56:19,6347.48,9661.69
2022-06-17 02:56:18,7192.39,8816.79
2022-06-17 02:56:17,7935.01,8074.16
2022-06-17 02:56:16,8781.09,7228.09
2022-06-17 02:56:15,10083.4,5925.78
2022-06-17 02:56:14,13861.4,2147.81
2022-06-17 02:56:13,15458.2,550.957
2022-06-17 02:56:12,7657.47,8351.7
2022-06-17 02:56:11,5003.23,11005.9
2022-06-17 02:56:10,5681.14,10328
2022-06-17 02:56:09,6580.86,9428.32
2022-06-17 02:56:08,7330.2,8678.97
2022-06-17 02:56:07,8133.21,7875.97
2022-06-17 02:56:06,9018.66,6990.52
2022-06-17 02:56:05,10710.3,5298.87
2022-06-17 02:56:04,14505.6,1503.58
2022-06-17 02:56:03,15519.8,489.422
2022-06-17 02:56:02,5006.05,11003.1
2022-06-17 02:56:01,5017.54,10991.6
2022-06-17 02:56:00,5846.15,10163
2022-06-17 02:55:59,6711.93,9297.24
2022-06-17 02:55:58,7444.81,8564.37
2022-06-17 02:55:57,8305.39,7703.78
2022-06-17 02:55:56,9168.7,6840.48
2022-06-17 02:55:55,11266.4,4742.78
2022-06-17 02:55:54,15163.8,845.41
2022-06-17 02:55:53,15583.3,425.918
2022-06-17 02:55:52,5006.58,11002.6
2022-06-17 02:55:51,5144.79,10864.4
2022-06-17 02:55:50,6056.34,9952.84
2022-06-17 02:55:49,6920.61,9088.57
2022-06-17 02:55:48,7577.69,8431.49
2022-06-17 02:55:47,8515.79,7493.39
2022-06-17 02:55:46,9367.03,6642.14
2022-06-17 02:55:45,12450.1,3559.06
2022-06-17 02:55:44,15349.1,660.102
2022-06-17 02:55:43,15030.5,978.711
2022-06-17 02:55:42,5002.16,11007
2022-06-17 02:55:41,5317.05,10692.1
2022-06-17 02:55:40,6227.16,9782.02
2022-06-17 02:55:39,7108.67,8900.5
2022-06-17 02:55:38,7768.95,8240.23
2022-06-17 02:55:37,8669.64,7339.53
2022-06-17 02:55:36,9547.96,6461.21
2022-06-17 02:55:35,13287.2,2721.93
2022-06-17 02:55:34,15395,614.172
2022-06-17 02:55:33,10979.6,5029.62
2022-06-17 02:55:32,5003.53,11005.6
2022-06-17 02:55:31,5473.75,10535.4
2022-06-17 02:55:30,6318.66,9690.51
2022-06-17 02:55:29,7291.77,8717.41
2022-06-17 02:55:28,7957.48,8051.69
2022-06-17 02:55:27,8787.81,7221.37
2022-06-17 02:55:26,9862.5,6146.68
2022-06-17 02:55:25,14239,1770.16
2022-06-17 02:55:24,15470.4,538.801
2022-06-17 02:55:23,5191.99,10817.2
2022-06-17 02:55:22,5005.59,11003.6
2022-06-17 02:55:21,5734.2,10275
2022-06-17 02:55:20,6582.64,9426.53
2022-06-17 02:55:19,7419.2,8589.97
2022-06-17 02:55:18,8219.12,7790.05
2022-06-17 02:55:17,9033.66,6975.51
2022-06-17 02:55:16,10827.7,5181.52
2022-06-17 02:55:15,14967.9,1041.32
2022-06-17 02:55:14,15550.6,458.586
2022-06-17 02:55:13,5005.03,11004.1
2022-06-17 02:55:12,5071.43,10937.8
2022-06-17 02:55:11,5974.28,10034.9
2022-06-17 02:55:10,6827.97,9181.2
2022-06-17 02:55:09,7534.44,8474.74
2022-06-17 02:55:08,8461.3,7547.88
2022-06-17 02:55:07,9317.27,6691.91
2022-06-17 02:55:06,12110.1,3899.06
2022-06-17 02:55:05,15300,709.137
2022-06-17 02:55:04,15626.2,383.02
2022-06-17 02:55:03,5008.52,11000.7
2022-06-17 02:55:02,5219.41,10789.8
2022-06-17 02:55:01,6156.95,9852.23
2022-06-17 02:55:00,6972.5,9036.68
2022-06-17 02:54:59,7625.39,8383.79
2022-06-17 02:54:58,8591.04,7418.13
2022-06-17 02:54:57,9395.05,6614.13
2022-06-17 02:54:56,12610,3399.18
2022-06-17 02:54:55,15353.6,655.543
2022-06-17 02:54:54,14384.5,1624.7
2022-06-17 02:54:53,5005.3,11003.9
2022-06-17 02:54:52,5332.96,10676.2
2022-06-17 02:54:51,6245.54,9763.64
2022-06-17 02:54:50,7119.91,8889.27
2022-06-17 02:54:49,7767.38,8241.79
2022-06-17 02:54:48,8687.76,7321.42
2022-06-17 02:54:47,9542.46,6466.72
2022-06-17 02:54:46,13244,2765.16
2022-06-17 02:54:45,15394.6,614.57
2022-06-17 02:54:44,11209.1,4800.09
2022-06-17 02:54:43,5013.98,10995.2
2022-06-17 02:54:42,5460.41,10548.8
2022-06-17 02:54:41,6335.77,9673.41
2022-06-17 02:54:40,7266.98,8742.2
2022-06-17 02:54:39,7917.89,8091.28
2022-06-17 02:54:38,8758.31,7250.87
2022-06-17 02:54:37,9665.66,6343.52
2022-06-17 02:54:36,13793.4,2215.74
2022-06-17 02:54:35,15435.2,573.938
2022-06-17 02:54:34,7490.82,8518.36
2022-06-17 02:54:33,5016.89,10992.3
2022-06-17 02:54:32,5596.36,10412.8
2022-06-17 02:54:31,6449.07,9560.11
2022-06-17 02:54:30,7392.85,8616.33
2022-06-17 02:54:29,8082.16,7927.02
2022-06-17 02:54:28,8908.54,7100.64
2022-06-17 02:54:27,10128.4,5880.75
2022-06-17 02:54:26,14644.3,1364.91
2022-06-17 02:54:25,15507.6,501.578
2022-06-17 02:54:24,5011.81,10997.4
2022-06-17 02:54:23,5055.32,10953.9
2022-06-17 02:54:22,5789.69,10219.5
2022-06-17 02:54:21,6641.91,9367.27
2022-06-17 02:54:20,7521.7,8487.48
2022-06-17 02:54:19,8259.49,7749.69
2022-06-17 02:54:18,9096.7,6912.48
2022-06-17 02:54:17,11036.9,4972.23
2022-06-17 02:54:16,14935.6,1073.62
2022-06-17 02:54:15,15570,439.152
2022-06-17 02:54:14,5015.53,10993.6
2022-06-17 02:54:13,5158.85,10850.3
2022-06-17 02:54:12,5947.49,10061.7
2022-06-17 02:54:11,6853.85,9155.33
2022-06-17 02:54:10,7640.37,8368.8
2022-06-17 02:54:09,8442.63,7566.55
2022-06-17 02:54:08,9326.61,6682.57
2022-06-17 02:54:07,12140,3869.17
2022-06-17 02:54:06,15152.1,857.094
2022-06-17 02:54:05,12578.3,3430.91
2022-06-17 02:54:04,5010.6,10998.6
2022-06-17 02:54:03,5264.24,10744.9
2022-06-17 02:54:02,6163.94,9845.23
2022-06-17 02:54:01,7049.39,8959.79
2022-06-17 02:54:00,7706.64,8302.54
2022-06-17 02:53:59,8607.88,7401.3
2022-06-17 02:53:58,9548.94,6460.23
2022-06-17 02:53:57,12979.7,3029.44
2022-06-17 02:53:56,15358.7,650.523
2022-06-17 02:53:55,10310.8,5698.38
2022-06-17 02:53:54,5014.15,10995
2022-06-17 02:53:53,5423.44,10585.7
2022-06-17 02:53:52,6339.88,9669.3
2022-06-17 02:53:51,7213.31,8795.87
2022-06-17 02:53:50,7897.69,8111.48
2022-06-17 02:53:49,8805.05,7204.13
2022-06-17 02:53:48,9978.91,6030.26
2022-06-17 02:53:47,13886.7,2122.47
2022-06-17 02:53:46,15461.5,547.723
2022-06-17 02:53:45,7679.68,8329.5
2022-06-17 02:53:44,5050.05,10959.1
2022-06-17 02:53:43,5692.42,10316.8
2022-06-17 02:53:42,6544.88,9464.3
2022-06-17 02:53:41,7381.24,8627.93
2022-06-17 02:53:40,8160.71,7848.47
2022-06-17 02:53:39,9018.84,6990.33
2022-06-17 02:53:38,10882.8,5126.43
2022-06-17 02:53:37,14619.1,1390.03
2022-06-17 02:53:36,15547.6,461.59
2022-06-17 02:53:35,5013.32,10995.9
2022-06-17 02:53:34,5120.22,10889
2022-06-17 02:53:33,5935.6,10073.6
2022-06-17 02:53:32,6768.84,9240.33
2022-06-17 02:53:31,7541.09,8468.08
2022-06-17 02:53:30,8411.24,7597.94
2022-06-17 02:53:29,9229.51,6779.67
2022-06-17 02:53:28,11691.4,4317.77
2022-06-17 02:53:27,15169.8,839.336
2022-06-17 02:53:26,14339.9,1669.27
2022-06-17 02:53:25,5014.03,10995.1
2022-06-17 02:53:24,5261.45,10747.7
2022-06-17 02:53:23,6096.21,9912.96
2022-06-17 02:53:22,7006.62,9002.56
2022-06-17 02:53:21,7723.5,8285.67
2022-06-17 02:53:20,8562.44,7446.74
2022-06-17 02:53:19,9473.98,6535.2
2022-06-17 02:53:18,12938.8,3070.35
2022-06-17 02:53:17,15357.2,651.949
2022-06-17 02:53:16,10395.1,5614.07
2022-06-17 02:53:15,5014.96,10994.2
2022-06-17 02:53:14,5470.41,10538.8
2022-06-17 02:53:13,6375.53,9633.64
2022-06-17 02:53:12,7238.59,8770.59
2022-06-17 02:53:11,7957.25,8051.92
2022-06-17 02:53:10,8859.45,7149.72
2022-06-17 02:53:09,10150.7,5858.47
2022-06-17 02:53:08,14076.8,1932.42
2022-06-17 02:53:07,15484.8,524.332
2022-06-17 02:53:06,5391.13,10618
2022-06-17 02:53:05,5068.92,10940.3
2022-06-17 02:53:04,5737.79,10271.4
2022-06-17 02:53:03,6578.68,9430.49
2022-06-17 02:53:02,7424.52,8584.66
2022-06-17 02:53:01,8214.84,7794.33
2022-06-17 02:53:00,9042.18,6967
2022-06-17 02:52:59,10916.2,5093
2022-06-17 02:52:58,14767,1242.19
2022-06-17 02:52:57,15551.6,457.562
2022-06-17 02:52:56,5012.47,10996.7
2022-06-17 02:52:55,5085.07,10924.1
2022-06-17 02:52:54,5911.87,10097.3
2022-06-17 02:52:53,6787.71,9221.47
2022-06-17 02:52:52,7550.36,8458.81
2022-06-17 02:52:51,8359.76,7649.42
2022-06-17 02:52:50,9244.1,6765.07
2022-06-17 02:52:49,11705.5,4303.69
2022-06-17 02:52:48,15122.1,887.102
2022-06-17 02:52:47,15470.1,539.039
2022-06-17 02:52:46,5017.58,10991.6
2022-06-17 02:52:45,5217.52,10791.7
2022-06-17 02:52:44,6122.2,9886.98
2022-06-17 02:52:43,6999.77,9009.41
2022-06-17 02:52:42,7705.81,8303.36
2022-06-17 02:52:41,8577.22,7431.95
2022-06-17 02:52:40,9460.58,6548.59
2022-06-17 02:52:39,12837.5,3171.71
2022-06-17 02:52:38,15320.6,688.598
2022-06-17 02:52:37,11756.2,4253.01
2022-06-17 02:52:36,5015.1,10994.1
2022-06-17 02:52:35,5431.52,10577.7
2022-06-17 02:52:34,6346.82,9662.35
2022-06-17 02:52:33,7197.56,8811.61
2022-06-17 02:52:32,7913.2,8095.97
2022-06-17 02:52:31,8817.6,7191.57
2022-06-17 02:52:30,10160.3,5848.88
2022-06-17 02:52:29,13883.7,2125.51
2022-06-17 02:52:28,15475.2,533.977
2022-06-17 02:52:27,6698.45,9310.72
2022-06-17 02:52:26,5014.98,10994.2
2022-06-17 02:52:25,5683.58,10325.6
2022-06-17 02:52:24,6565.25,9443.93
2022-06-17 02:52:23,7385.32,8623.86
2022-06-17 02:52:22,8157.56,7851.62
2022-06-17 02:52:21,9020.86,6988.32
2022-06-17 02:52:20,10726.3,5282.89
2022-06-17 02:52:19,14755.1,1254.1
2022-06-17 02:52:18,15543.8,465.426
2022-06-17 02:52:17,5013.45,10995.7
2022-06-17 02:52:16,5060.11,10949.1
2022-06-17 02:52:15,5921.89,10087.3
2022-06-17 02:52:14,6767.95,9241.23
2022-06-17 02:52:13,7519.43,8489.75
2022-06-17 02:52:12,8401.52,7607.66
2022-06-17 02:52:11,9251.53,6757.64
2022-06-17 02:52:10,11785.9,4223.29
2022-06-17 02:52:09,15210.2,798.996
2022-06-17 02:52:08,15624.6,384.602
2022-06-17 02:52:07,5011.72,10997.5
2022-06-17 02:52:06,5223.49,10785.7
2022-06-17 02:52:05,6122.78,9886.39
2022-06-17 02:52:04,7006,9003.17
2022-06-17 02:52:03,7654.22,8354.95
2022-06-17 02:52:02,8573.13,7436.05
2022-06-17 02:52:01,9455.63,6553.55
2022-06-17 02:52:00,12767.9,3241.3
2022-06-17 02:51:59,15369.8,639.406
2022-06-17 02:51:58,12599.3,3409.92
2022-06-17 02:51:57,5015.85,10993.3
2022-06-17 02:51:56,5370.37,10638.8
2022-06-17 02:51:55,6267.05,9742.12
2022-06-17 02:51:54,7185.22,8823.95
2022-06-17 02:51:53,7844.26,8164.91
2022-06-17 02:51:52,8733.41,7275.77
2022-06-17 02:51:51,9653.54,6355.63
2022-06-17 02:51:50,13738.8,2270.34
2022-06-17 02:51:49,15434,575.129
2022-06-17 02:51:48,8125.13,7884.05
2022-06-17 02:51:47,5016.21,10993
2022-06-17 02:51:46,5565.9,10443.3
2022-06-17 02:51:45,6404.83,9604.34
2022-06-17 02:51:44,7364.6,8644.58
2022-06-17 02:51:43,8029.77,7979.4
2022-06-17 02:51:42,8866.01,7143.16
2022-06-17 02:51:41,10093.8,5915.4
2022-06-17 02:51:40,14492.5,1516.68
2022-06-17 02:51:39,15498.8,510.406
2022-06-17 02:51:38,5012.03,10997.1
2022-06-17 02:51:37,5046.88,10962.3
2022-06-17 02:51:36,5793.41,10215.8
2022-06-17 02:51:35,6644.38,9364.8
2022-06-17 02:51:34,7474.2,8534.97
2022-06-17 02:51:33,8284.83,7724.35
2022-06-17 02:51:32,9122.29,6886.88
2022-06-17 02:51:31,11208.9,4800.23
2022-06-17 02:51:30,14994.7,1014.45
2022-06-17 02:51:29,14675.3,1333.86
2022-06-17 02:51:28,5011,10998.2
2022-06-17 02:51:27,5191.44,10817.7
2022-06-17 02:51:26,6023.29,9985.89
2022-06-17 02:51:25,6904.87,9104.3
2022-06-17 02:51:24,7651.79,8357.39
2022-06-17 02:51:23,8477.67,7531.5
2022-06-17 02:51:22,9384.78,6624.39
2022-06-17 02:51:21,12443.1,3566.07
2022-06-17 02:51:20,15239.8,769.387
2022-06-17 02:51:19,11097.9,4911.24
2022-06-17 02:51:18,5012.02,10997.2
2022-06-17 02:51:17,5350.68,10658.5
2022-06-17 02:51:16,6173.98,9835.2
2022-06-17 02:51:15,7124.98,8884.2
2022-06-17 02:51:14,7819.22,8189.95
2022-06-17 02:51:13,8639.71,7369.47
2022-06-17 02:51:12,9594.8,6414.38
2022-06-17 02:51:11,13492.8,2516.35
2022-06-17 02:51:10,15401.9,607.27
2022-06-17 02:51:09,7659.34,8349.84
2022-06-17 02:51:08,5014.81,10994.4
2022-06-17 02:51:07,5519.04,10490.1
2022-06-17 02:51:06,6422.03,9587.14
2022-06-17 02:51:05,7308.72,8700.46
2022-06-17 02:51:04,7983.59,8025.58
2022-06-17 02:51:03,8873.97,7135.21
2022-06-17 02:51:02,10160.5,5848.63
2022-06-17 02:51:01,14209.8,1799.37
2022-06-17 02:51:00,15491,518.145
2022-06-17 02:50:59,7669.8,8339.38
2022-06-17 02:50:58,5027.22,10982
2022-06-17 02:50:57,5753.91,10255.3
2022-06-17 02:50:56,6645.92,9363.25
2022-06-17 02:50:55,7369.75,8639.42
2022-06-17 02:50:54,8219.15,7790.03
2022-06-17 02:50:53,9103.09,6906.09
2022-06-17 02:50:52,11191.7,4817.49
2022-06-17 02:50:51,14685.6,1323.54
2022-06-17 02:50:50,15561.2,448.004
2022-06-17 02:50:49,6691.87,9317.31
2022-06-17 02:50:48,5171.95,10837.2
2022-06-17 02:50:47,5965.73,10043.4
2022-06-17 02:50:46,6821.15,9188.02
2022-06-17 02:50:45,7572.65,8436.53
2022-06-17 02:50:44,8425.93,7583.25
2022-06-17 02:50:43,9274.34,6734.84
2022-06-17 02:50:42,12224.5,3784.72
2022-06-17 02:50:41,15036.8,972.344
2022-06-17 02:50:40,11717,4292.2
2022-06-17 02:50:39,5011.34,10997.8
2022-06-17 02:50:38,5320.69,10688.5
2022-06-17 02:50:37,6158.43,9850.75
2022-06-17 02:50:36,7081.03,8928.15
2022-06-17 02:50:35,7791.75,8217.43
2022-06-17 02:50:34,8632.65,7376.53
2022-06-17 02:50:33,9549.35,6459.82
2022-06-17 02:50:32,13278.5,2730.68
2022-06-17 02:50:31,15354.7,654.492
2022-06-17 02:50:30,10028.7,5980.48
2022-06-17 02:50:29,5011.21,10998
2022-06-17 02:50:28,5492.28,10516.9
2022-06-17 02:50:27,6373.29,9635.88
2022-06-17 02:50:26,7254.31,8754.87
2022-06-17 02:50:25,7982.74,8026.44
2022-06-17 02:50:24,8851.21,7157.96
2022-06-17 02:50:23,10194.1,5815.03
2022-06-17 02:50:22,14119.1,1890.09
2022-06-17 02:50:21,15483.9,525.266
2022-06-17 02:50:20,7670.02,8339.16
2022-06-17 02:50:19,5022.55,10986.6
2022-06-17 02:50:18,5730.32,10278.9
2022-06-17 02:50:17,6645.06,9364.12
2022-06-17 02:50:16,7354.53,8654.64
2022-06-17 02:50:15,8215.86,7793.31
2022-06-17 02:50:14,9103.04,6906.14
2022-06-17 02:50:13,11244.5,4764.63
2022-06-17 02:50:12,14763.1,1246.08
2022-06-17 02:50:11,15572.2,436.996
2022-06-17 02:50:10,5050.66,10958.5
2022-06-17 02:50:09,5211.15,10798
2022-06-17 02:50:08,6008.14,10001
2022-06-17 02:50:07,6887.91,9121.26
2022-06-17 02:50:06,7636.78,8372.39
2022-06-17 02:50:05,8482.85,7526.33
2022-06-17 02:50:04,9351.81,6657.36
2022-06-17 02:50:03,12522.2,3486.96
2022-06-17 02:50:02,15099.3,909.848
2022-06-17 02:50:01,9802.65,6206.52
2022-06-17 02:50:00,5011.52,10997.7
2022-06-17 02:49:59,5419.73,10589.4
2022-06-17 02:49:58,6196.41,9812.77
2022-06-17 02:49:57,7141.4,8867.78
2022-06-17 02:49:56,7889.52,8119.65
2022-06-17 02:49:55,8665.71,7343.47
2022-06-17 02:49:54,9765.75,6243.43
2022-06-17 02:49:53,13511.7,2497.43
2022-06-17 02:49:52,15335.6,673.578
2022-06-17 02:49:51,7656.73,8352.45
2022-06-17 02:49:50,5010.77,10998.4
2022-06-17 02:49:49,5564.76,10444.4
2022-06-17 02:49:48,6479.73,9529.44
2022-06-17 02:49:47,7305.86,8703.31
2022-06-17 02:49:46,8049.81,7959.37
2022-06-17 02:49:45,8937.97,7071.21
2022-06-17 02:49:44,10433.5,5575.7
2022-06-17 02:49:43,14362.7,1646.49
2022-06-17 02:49:42,15512.1,497.098
2022-06-17 02:49:41,6980.12,9029.05
2022-06-17 02:49:40,5019.61,10989.6
2022-06-17 02:49:39,5807.55,10201.6
2022-06-17 02:49:38,6689.4,9319.78
2022-06-17 02:49:37,7412.67,8596.51
2022-06-17 02:49:36,8292.44,7716.74
2022-06-17 02:49:35,9145.17,6864.01
2022-06-17 02:49:34,11263.8,4745.39
2022-06-17 02:49:33,15087.3,921.898
2022-06-17 02:49:32,15581.2,427.934
2022-06-17 02:49:31,5011.96,10997.2
2022-06-17 02:49:30,5159.79,10849.4
2022-06-17 02:49:29,6051.42,9957.76
2022-06-17 02:49:28,6880.63,9128.54
2022-06-17 02:49:27,7606.21,8402.97
2022-06-17 02:49:26,8533.48,7475.69
2022-06-17 02:49:25,9356.68,6652.5
2022-06-17 02:49:24,12324.6,3684.54
2022-06-17 02:49:23,15298.5,710.695
2022-06-17 02:49:22,15646.5,362.715
2022-06-17 02:49:21,5012.71,10996.5
2022-06-17 02:49:20,5294.66,10714.5
2022-06-17 02:49:19,6205.05,9804.12
2022-06-17 02:49:18,7107.97,8901.21
2022-06-17 02:49:17,7748.68,8260.5
2022-06-17 02:49:16,8659.95,7349.23
2022-06-17 02:49:15,9548.95,6460.23
2022-06-17 02:49:14,13250.4,2758.75
2022-06-17 02:49:13,15401.7,607.516
2022-06-17 02:49:12,8618.82,7390.36
2022-06-17 02:49:11,5014.42,10994.8
2022-06-17 02:49:10,5486.17,10523
2022-06-17 02:49:09,6324.71,9684.47
2022-06-17 02:49:08,7302.44,8706.73
2022-06-17 02:49:07,7973.29,8035.89
2022-06-17 02:49:06,8797.69,7211.49
2022-06-17 02:49:05,9767.05,6242.13
2022-06-17 02:49:04,14312.2,1697
2022-06-17 02:49:03,15471,538.16
2022-06-17 02:49:02,5009.71,10999.5
2022-06-17 02:49:01,5011.09,10998.1
2022-06-17 02:49:00,5679.4,10329.8
2022-06-17 02:48:59,6546.62,9462.55
2022-06-17 02:48:58,7457.87,8551.31
2022-06-17 02:48:57,8138.97,7870.21
2022-06-17 02:48:56,9016.3,6992.88
2022-06-17 02:48:55,10489.9,5519.3
2022-06-17 02:48:54,14906.5,1102.67
2022-06-17 02:48:53,15535.7,473.488
2022-06-17 02:48:52,5011.71,10997.5
2022-06-17 02:48:51,5035.44,10973.7
2022-06-17 02:48:50,5901.02,10108.2
2022-06-17 02:48:49,6759.39,9249.78
2022-06-17 02:48:48,7484.64,8524.54
2022-06-17 02:48:47,8374.86,7634.31
2022-06-17 02:48:46,9230.01,6779.16
2022-06-17 02:48:45,11597.7,4411.45
2022-06-17 02:48:44,15266.2,742.977
2022-06-17 02:48:43,15611,398.176
2022-06-17 02:48:42,5008.99,11000.2
2022-06-17 02:48:41,5154.58,10854.6
2022-06-17 02:48:40,6112.93,9896.24
2022-06-17 02:48:39,6978.19,9030.98
2022-06-17 02:48:38,7628.38,8380.8
2022-06-17 02:48:37,8583.87,7425.3
2022-06-17 02:48:36,9445.66,6563.51
2022-06-17 02:48:35,12712.8,3296.38
2022-06-17 02:48:34,15366,643.191
2022-06-17 02:48:33,13811,2198.18
2022-06-17 02:48:32,5008.84,11000.3
2022-06-17 02:48:31,5355.66,10653.5
2022-06-17 02:48:30,6218.87,9790.3
2022-06-17 02:48:29,7166.57,8842.61
2022-06-17 02:48:28,7837.92,8171.26
2022-06-17 02:48:27,8679.74,7329.44
2022-06-17 02:48:26,9615.6,6393.58
2022-06-17 02:48:25,13632.1,2377.12
2022-06-17 02:48:24,15427.4,581.793
2022-06-17 02:48:23,7676.3,8332.87
2022-06-17 02:48:22,5010.08,10999.1
2022-06-17 02:48:21,5566.17,10443
2022-06-17 02:48:20,6433.89,9575.28
2022-06-17 02:48:19,7356.01,8653.16
2022-06-17 02:48:18,8048.51,7960.66
2022-06-17 02:48:17,8900.13,7109.04
2022-06-17 02:48:16,10175.8,5833.33
2022-06-17 02:48:15,14530.6,1478.59
2022-06-17 02:48:14,15499.6,509.625
2022-06-17 02:48:13,5012.11,10997.1
2022-06-17 02:48:12,5012.54,10996.6
2022-06-17 02:48:11,5728.89,10280.3
2022-06-17 02:48:10,6608.5,9400.68
2022-06-17 02:48:09,7459.74,8549.43
2022-06-17 02:48:08,8150.52,7858.66
2022-06-17 02:48:07,9017.14,6992.03
2022-06-17 02:48:06,10362.3,5646.92
2022-06-17 02:48:05,14850.1,1159.04
2022-06-17 02:48:04,15525.8,483.344
2022-06-17 02:48:03,5010.53,10998.6
2022-06-17 02:48:02,5011.63,10997.5
2022-06-17 02:48:01,5817.7,10191.5
2022-06-17 02:48:00,6708.47,9300.7
2022-06-17 02:47:59,7458.41,8550.77
2022-06-17 02:47:58,8299.79,7709.38
2022-06-17 02:47:57,9162.98,6846.2
2022-06-17 02:47:56,11233.1,4776.09
2022-06-17 02:47:55,15102.3,906.887
2022-06-17 02:47:54,15581.8,427.414
2022-06-17 02:47:53,5014.43,10994.8
2022-06-17 02:47:52,5148.53,10860.6
2022-06-17 02:47:51,6021.6,9987.58
2022-06-17 02:47:50,6888.33,9120.84
2022-06-17 02:47:49,7629.5,8379.68
2022-06-17 02:47:48,8495.08,7514.1
2022-06-17 02:47:47,9359.12,6650.05
2022-06-17 02:47:46,12426.9,3582.31
2022-06-17 02:47:45,15241,768.176
2022-06-17 02:47:44,11801.7,4207.48
2022-06-17 02:47:43,5008.94,11000.2
2022-06-17 02:47:42,5353.87,10655.3
2022-06-17 02:47:41,6252.49,9756.69
2022-06-17 02:47:40,7155.15,8854.02
2022-06-17 02:47:39,7841.01,8168.16
2022-06-17 02:47:38,8720.07,7289.11
2022-06-17 02:47:37,9632.34,6376.84
2022-06-17 02:47:36,13711.9,2297.25
2022-06-17 02:47:35,15430.2,578.957
2022-06-17 02:47:34,8478.88,7530.3
2022-06-17 02:47:33,5010.34,10998.8
2022-06-17 02:47:32,5559.85,10449.3
2022-06-17 02:47:31,6448,9561.17
2022-06-17 02:47:30,7334.43,8674.75
2022-06-17 02:47:29,8036.04,7973.14
2022-06-17 02:47:28,8918.05,7091.13
2022-06-17 02:47:27,10174.4,5834.82
2022-06-17 02:47:26,14431.9,1577.32
2022-06-17 02:47:25,15494.7,514.488
2022-06-17 02:47:24,6145.16,9864.02
2022-06-17 02:47:23,5022.28,10986.9
2022-06-17 02:47:22,5771.03,10238.1
2022-06-17 02:47:21,6634.57,9374.61
2022-06-17 02:47:20,7463.42,8545.76
2022-06-17 02:47:19,8267.64,7741.53
2022-06-17 02:47:18,9109.29,6899.88
2022-06-17 02:47:17,11109.4,4899.76
2022-06-17 02:47:16,15013.3,995.844
2022-06-17 02:47:15,15573.2,435.926
2022-06-17 02:47:14,5009.27,10999.9
2022-06-17 02:47:13,5150.81,10858.4
2022-06-17 02:47:12,5966.73,10042.4
2022-06-17 02:47:11,6850.95,9158.23
2022-06-17 02:47:10,7616.54,8392.63
2022-06-17 02:47:09,8440.2,7568.97
2022-06-17 02:47:08,9320.74,6688.43
2022-06-17 02:47:07,12164,3845.21
2022-06-17 02:47:06,15171.7,837.48
2022-06-17 02:47:05,12947.3,3061.86
2022-06-17 02:47:04,5012.1,10997.1
2022-06-17 02:47:03,5297.46,10711.7
2022-06-17 02:47:02,6176.47,9832.7
2022-06-17 02:47:01,7059.7,8949.47
2022-06-17 02:47:00,7777.8,8231.38
2022-06-17 02:46:59,8658.08,7351.1
2022-06-17 02:46:58,9761.81,6247.36
2022-06-17 02:46:57,13197.1,2812.08
2022-06-17 02:46:56,15406.3,602.906
2022-06-17 02:46:55,10324.5,5684.63
2022-06-17 02:46:54,5007.96,11001.2
2022-06-17 02:46:53,5477.69,10531.5
2022-06-17 02:46:52,6397.09,9612.08
2022-06-17 02:46:51,7261.12,8748.05
2022-06-17 02:46:50,7941.82,8067.36
2022-06-17 02:46:49,8844,7165.17
2022-06-17 02:46:48,10101.8,5907.39
2022-06-17 02:46:47,13981.9,2027.29
2022-06-17 02:46:46,15469.8,539.328
2022-06-17 02:46:45,9263.78,6745.39
2022-06-17 02:46:44,5030.59,10978.6
2022-06-17 02:46:43,5684.33,10324.8
2022-06-17 02:46:42,6554.36,9454.82
2022-06-17 02:46:41,7334.48,8674.69
2022-06-17 02:46:40,8155.69,7853.48
2022-06-17 02:46:39,9008.66,7000.52
2022-06-17 02:46:38,10931.8,5077.39
2022-06-17 02:46:37,14446.7,1562.43
2022-06-17 02:46:36,15537.6,471.613
2022-06-17 02:46:35,5009.34,10999.8
2022-06-17 02:46:34,5137.26,10871.9
2022-06-17 02:46:33,5928.97,10080.2
2022-06-17 02:46:32,6797.09,9212.09
2022-06-17 02:46:31,7602.61,8406.56
2022-06-17 02:46:30,8397.48,7611.7
2022-06-17 02:46:29,9264.47,6744.71
2022-06-17 02:46:28,11941.4,4067.73
2022-06-17 02:46:27,15143.6,865.578
2022-06-17 02:46:26,12892.7,3116.49
2022-06-17 02:46:25,5011.65,10997.5
2022-06-17 02:46:24,5313.02,10696.2
2022-06-17 02:46:23,6169.88,9839.29
2022-06-17 02:46:22,7091.38,8917.8
2022-06-17 02:46:21,7796.79,8212.38
2022-06-17 02:46:20,8646.18,7363
2022-06-17 02:46:19,9562.63,6446.54
2022-06-17 02:46:18,13296.6,2712.56
2022-06-17 02:46:17,15378.5,630.641
2022-06-17 02:46:16,7769.59,8239.59
2022-06-17 02:46:15,5013.81,10995.4
2022-06-17 02:46:14,5557.17,10452
2022-06-17 02:46:13,6442.86,9566.32
2022-06-17 02:46:12,7314.63,8694.54
2022-06-17 02:46:11,8036.39,7972.79
2022-06-17 02:46:10,8918.38,7090.8
2022-06-17 02:46:09,10310.5,5698.64
2022-06-17 02:46:08,14397.6,1611.61
2022-06-17 02:46:07,15505.8,503.367
2022-06-17 02:46:06,7241.03,8768.14
2022-06-17 02:46:05,5074.6,10934.6
2022-06-17 02:46:04,5810.47,10198.7
2022-06-17 02:46:03,6692.22,9316.96
2022-06-17 02:46:02,7447.24,8561.93
2022-06-17 02:46:01,8302.29,7706.89
2022-06-17 02:46:00,9161.13,6848.05
2022-06-17 02:45:59,11503.9,4505.23
2022-06-17 02:45:58,14952.3,1056.91
2022-06-17 02:45:57,15592.1,417.063
2022-06-17 02:45:56,5010.87,10998.3
2022-06-17 02:45:55,5210.39,10798.8
2022-06-17 02:45:54,6055.96,9953.22
2022-06-17 02:45:53,6935.24,9073.93
2022-06-17 02:45:52,7670.58,8338.6
2022-06-17 02:45:51,8508.75,7500.43
2022-06-17 02:45:50,9388.75,6620.42
2022-06-17 02:45:49,12571.2,3438.02
2022-06-17 02:45:48,15252.2,756.949
2022-06-17 02:45:47,12015.3,3993.86
2022-06-17 02:45:46,5013.32,10995.9
2022-06-17 02:45:45,5376.55,10632.6
2022-06-17 02:45:44,6265.62,9743.56
2022-06-17 02:45:43,7202.49,8806.69
2022-06-17 02:45:42,7862.51,8146.66
2022-06-17 02:45:41,8754.77,7254.41
2022-06-17 02:45:40,9734.68,6274.5
2022-06-17 02:45:39,13812,2197.21
2022-06-17 02:45:38,15442.7,566.437
2022-06-17 02:45:37,7088.68,8920.49
2022-06-17 02:45:36,5010.18,10999
2022-06-17 02:45:35,5592.73,10416.4
2022-06-17 02:45:34,6435.84,9573.34
2022-06-17 02:45:33,7409.89,8599.29
2022-06-17 02:45:32,8051.69,7957.48
2022-06-17 02:45:31,8890.88,7118.3
2022-06-17 02:45:30,9943.55,6065.63
2022-06-17 02:45:29,14651.7,1357.5
2022-06-17 02:45:28,15495.5,513.633
2022-06-17 02:45:27,5010.41,10998.8
2022-06-17 02:45:26,5012.05,10997.1
2022-06-17 02:45:25,5720.49,10288.7
2022-06-17 02:45:24,6598.05,9411.12
2022-06-17 02:45:23,7460.13,8549.05
2022-06-17 02:45:22,8177.98,7831.2
2022-06-17 02:45:21,9039.31,6969.86
2022-06-17 02:45:20,10600.7,5408.52
2022-06-17 02:45:19,14885.2,1123.97
2022-06-17 02:45:18,15542.6,466.582
2022-06-17 02:45:17,5013.93,10995.2
2022-06-17 02:45:16,5056.23,10952.9
2022-06-17 02:45:15,5924.46,10084.7
2022-06-17 02:45:14,6796.7,9212.48
2022-06-17 02:45:13,7502.49,8506.68
2022-06-17 02:45:12,8405.89,7603.29
2022-06-17 02:45:11,9279.04,6730.13
2022-06-17 02:45:10,11808.8,4200.38
2022-06-17 02:45:09,15264.6,744.547
2022-06-17 02:45:08,15621,388.18
2022-06-17 02:45:07,5009.29,10999.9
2022-06-17 02:45:06,5177.3,10831.9
2022-06-17 02:45:05,6127.52,9881.66
2022-06-17 02:45:04,6965.88,9043.3
2022-06-17 02:45:03,7631.64,8377.54
2022-06-17 02:45:02,8580.81,7428.37
2022-06-17 02:45:01,9414.84,6594.34
2022-06-17 02:45:00,12686.5,3322.72
2022-06-17 02:44:59,15362.7,646.516
2022-06-17 02:44:58,12993.3,3015.88
2022-06-17 02:44:57,5013.88,10995.3
2022-06-17 02:44:56,5336.28,10672.9
2022-06-17 02:44:55,6257.8,9751.37
2022-06-17 02:44:54,7127.5,8881.68
2022-06-17 02:44:53,7800.24,8208.93
2022-06-17 02:44:52,8706.68,7302.5
2022-06-17 02:44:51,9589.42,6419.75
2022-06-17 02:44:50,13493.4,2515.82
2022-06-17 02:44:49,15415.7,593.437
2022-06-17 02:44:48,8958.88,7050.29
2022-06-17 02:44:47,5014.37,10994.8
2022-06-17 02:44:46,5519.19,10490
2022-06-17 02:44:45,6384.45,9624.72
2022-06-17 02:44:44,7308.78,8700.4
2022-06-17 02:44:43,7992.91,8016.26
2022-06-17 02:44:42,8848.81,7160.36
2022-06-17 02:44:41,10074.6,5934.57
2022-06-17 02:44:40,14309.8,1699.41
2022-06-17 02:44:39,15484.4,524.789
2022-06-17 02:44:38,5741.02,10268.2
2022-06-17 02:44:37,5052.38,10956.8
2022-06-17 02:44:36,5723.14,10286
2022-06-17 02:44:35,6580.03,9429.14
2022-06-17 02:44:34,7458.84,8550.34
2022-06-17 02:44:33,8201.55,7807.63
2022-06-17 02:44:32,9056.48,6952.7
2022-06-17 02:44:31,10796.8,5212.37
2022-06-17 02:44:30,14833.9,1175.25
2022-06-17 02:44:29,13821.4,2187.77
2022-06-17 02:44:28,5088.84,10920.3
2022-06-17 02:44:27,5175.09,10834.1
2022-06-17 02:44:26,5960.45,10048.7
2022-06-17 02:44:25,6845.4,9163.78
2022-06-17 02:44:24,7599.68,8409.49
2022-06-17 02:44:23,8459.53,7549.64
2022-06-17 02:44:22,9321.85,6687.33
2022-06-17 02:44:21,12377.7,3631.52
2022-06-17 02:44:20,15067.9,941.316
2022-06-17 02:44:19,11487.8,4521.41
2022-06-17 02:44:18,5009.36,10999.8
2022-06-17 02:44:17,5403.32,10605.9
2022-06-17 02:44:16,6232.5,9776.67
2022-06-17 02:44:15,7090.64,8918.54
2022-06-17 02:44:14,7858.94,8150.23
2022-06-17 02:44:13,8709.45,7299.73
2022-06-17 02:44:12,9978.8,6030.38
2022-06-17 02:44:11,13307,2702.19
2022-06-17 02:44:10,15363,646.215
2022-06-17 02:44:09,9472.5,6536.67
2022-06-17 02:44:08,5064.47,10944.7
2022-06-17 02:44:07,5639.19,10370
2022-06-17 02:44:06,6527.83,9481.34
2022-06-17 02:44:05,7341.3,8667.87
2022-06-17 02:44:04,8097.52,7911.65
2022-06-17 02:44:03,8986.18,7023
2022-06-17 02:44:02,10983.5,5025.67
2022-06-17 02:44:01,14310.1,1699.03
2022-06-17 02:44:00,15537.7,471.438
2022-06-17 02:43:59,5234.51,10774.7
2022-06-17 02:43:58,5136.79,10872.4
2022-06-17 02:43:57,5868.33,10140.8
2022-06-17 02:43:56,6717.64,9291.53
2022-06-17 02:43:55,7551.33,8457.84
2022-06-17 02:43:54,8326.64,7682.53
2022-06-17 02:43:53,9191.39,6817.79
2022-06-17 02:43:52,11658.2,4350.94
2022-06-17 02:43:51,15040.2,969.004
2022-06-17 02:43:50,13623.3,2385.86
2022-06-17 02:43:49,5011.43,10997.7
2022-06-17 02:43:48,5258.14,10751
2022-06-17 02:43:47,6077.12,9932.05
2022-06-17 02:43:46,7009.9,8999.28
2022-06-17 02:43:45,7723.81,8285.36
2022-06-17 02:43:44,8557.32,7451.85
2022-06-17 02:43:43,9484.49,6524.68
2022-06-17 02:43:42,12943.1,3066.11
2022-06-17 02:43:41,15346.2,662.926
2022-06-17 02:43:40,10316.3,5692.91
2022-06-17 02:43:39,5014.72,10994.5
2022-06-17 02:43:38,5432.14,10577
2022-06-17 02:43:37,6338.26,9670.91
2022-06-17 02:43:36,7231.26,8777.91
2022-06-17 02:43:35,7906.18,8103
2022-06-17 02:43:34,8793.34,7215.83
2022-06-17 02:43:33,9972.62,6036.55
2022-06-17 02:43:32,13861.9,2147.28
2022-06-17 02:43:31,15467.6,541.625
2022-06-17 02:43:30,7909.49,8099.69
2022-06-17 02:43:29,5012.69,10996.5
2022-06-17 02:43:28,5683.8,10325.4
2022-06-17 02:43:27,6566.53,9442.65
2022-06-17 02:43:26,7361.91,8647.27
2022-06-17 02:43:25,8139.31,7869.86
2022-06-17 02:43:24,9010.98,6998.19
2022-06-17 02:43:23,10677.5,5331.64
2022-06-17 02:43:22,14599.9,1409.25
2022-06-17 02:43:21,15532.2,476.953
2022-06-17 02:43:20,5010.51,10998.7
2022-06-17 02:43:19,5060.02,10949.2
2022-06-17 02:43:18,5857.95,10151.2
2022-06-17 02:43:17,6724.44,9284.74
2022-06-17 02:43:16,7482.66,8526.52
2022-06-17 02:43:15,8345.7,7663.47
2022-06-17 02:43:14,9186.86,6822.32
2022-06-17 02:43:13,11623.5,4385.7
2022-06-17 02:43:12,15038.5,970.633
2022-06-17 02:43:11,15536.7,472.5
2022-06-17 02:43:10,5012.61,10996.6
2022-06-17 02:43:09,5249.42,10759.8
2022-06-17 02:43:08,6077.22,9931.96
2022-06-17 02:43:07,6969.13,9040.05
2022-06-17 02:43:06,7714.06,8295.12
2022-06-17 02:43:05,8529.02,7480.16
2022-06-17 02:43:04,9415.45,6593.72
2022-06-17 02:43:03,12641.4,3367.8
2022-06-17 02:43:02,15263,746.184
2022-06-17 02:43:01,10002,6007.13
2022-06-17 02:43:00,5016.62,10992.6
2022-06-17 02:42:59,5427.56,10581.6
2022-06-17 02:42:58,6240.16,9769.02
2022-06-17 02:42:57,7175.31,8833.86
2022-06-17 02:42:56,7923.19,8085.98
2022-06-17 02:42:55,8721.03,7288.14
2022-06-17 02:42:54,9894.65,6114.52
2022-06-17 02:42:53,13740.2,2268.95
2022-06-17 02:42:52,15356.5,652.668
2022-06-17 02:42:51,7656.57,8352.6
2022-06-17 02:42:50,5015.53,10993.6
2022-06-17 02:42:49,5632.27,10376.9
2022-06-17 02:42:48,6537.41,9471.77
2022-06-17 02:42:47,7308.66,8700.52
2022-06-17 02:42:46,8109.94,7899.24
2022-06-17 02:42:45,8994.9,7014.28
2022-06-17 02:42:44,10907.5,5101.64
2022-06-17 02:42:43,14397.9,1611.29
2022-06-17 02:42:42,15539,470.215
2022-06-17 02:42:41,7672.07,8337.11
2022-06-17 02:42:40,5149.67,10859.5
2022-06-17 02:42:39,5910.77,10098.4
2022-06-17 02:42:38,6815.41,9193.77
2022-06-17 02:42:37,7526.86,8482.31
2022-06-17 02:42:36,8380.55,7628.63
2022-06-17 02:42:35,9290.37,6718.8
2022-06-17 02:42:34,12325.8,3683.41
2022-06-17 02:42:33,14859.5,1149.7
2022-06-17 02:42:32,11476,4533.22
2022-06-17 02:42:31,5011.96,10997.2
2022-06-17 02:42:30,5404.2,10605
2022-06-17 02:42:29,6180.97,9828.21
2022-06-17 02:42:28,7026.31,8982.87
2022-06-17 02:42:27,7822.91,8186.27
2022-06-17 02:42:26,8636.64,7372.54
2022-06-17 02:42:25,9901.67,6107.51
2022-06-17 02:42:24,13152,2857.2
2022-06-17 02:42:23,15165.8,843.371
2022-06-17 02:42:22,9765.49,6243.69
2022-06-17 02:42:21,5049.65,10959.5
2022-06-17 02:42:20,5596.72,10412.5
2022-06-17 02:42:19,6430.15,9579.02
2022-06-17 02:42:18,7210.85,8798.33
2022-06-17 02:42:17,8060.86,7948.32
2022-06-17 02:42:16,8890.69,7118.48
2022-06-17 02:42:15,10845,5164.13
2022-06-17 02:42:14,13922.5,2086.63
2022-06-17 02:42:13,15517,492.203
2022-06-17 02:42:12,7668.24,8340.93
2022-06-17 02:42:11,5133.22,10876
2022-06-17 02:42:10,5857.48,10151.7
2022-06-17 02:42:09,6727.9,9281.27
2022-06-17 02:42:08,7440.23,8568.95
2022-06-17 02:42:07,8313.97,7695.21
2022-06-17 02:42:06,9168.66,6840.52
2022-06-17 02:42:05,11606.4,4402.81
2022-06-17 02:42:04,14639.6,1369.56
2022-06-17 02:42:03,15161,848.168
2022-06-17 02:42:02,6317.14,9692.04
2022-06-17 02:42:01,5231.57,10777.6
2022-06-17 02:42:00,6003.28,10005.9
2022-06-17 02:41:59,6882.47,9126.71
2022-06-17 02:41:58,7602.29,8406.88
2022-06-17 02:41:57,8467.06,7542.12
2022-06-17 02:41:56,9330.61,6678.57
2022-06-17 02:41:55,12467.8,3541.33
2022-06-17 02:41:54,15038,971.156
2022-06-17 02:41:53,10114.1,5895.04
2022-06-17 02:41:52,5008.66,11000.5
2022-06-17 02:41:51,5396.93,10612.2
2022-06-17 02:41:50,6173.61,9835.57
2022-06-17 02:41:49,7138.04,8871.14
2022-06-17 02:41:48,7840.72,8168.45
2022-06-17 02:41:47,8618.63,7390.55
2022-06-17 02:41:46,9608.41,6400.76
2022-06-17 02:41:45,13259.6,2749.59
2022-06-17 02:41:44,15306.9,702.305
2022-06-17 02:41:43,7645.43,8363.75
2022-06-17 02:41:42,5008.29,11000.9
2022-06-17 02:41:41,5548.58,10460.6
2022-06-17 02:41:40,6421.72,9587.45
2022-06-17 02:41:39,7261.88,8747.3
2022-06-17 02:41:38,8026.25,7982.93
2022-06-17 02:41:37,8874.91,7134.27
2022-06-17 02:41:36,10458.8,5550.41
2022-06-17 02:41:35,14106.6,1902.61
2022-06-17 02:41:34,15497.6,511.535
2022-06-17 02:41:33,7672.45,8336.73
2022-06-17 02:41:32,5033.4,10975.8
2022-06-17 02:41:31,5774.31,10234.9
2022-06-17 02:41:30,6654.34,9354.84
2022-06-17 02:41:29,7367.77,8641.41
2022-06-17 02:41:28,8232.29,7776.89
2022-06-17 02:41:27,9104.7,6904.48
2022-06-17 02:41:26,11167.3,4841.84
2022-06-17 02:41:25,14753.2,1255.97
2022-06-17 02:41:24,15557.8,451.356
2022-06-17 02:41:23,5012.32,10996.9
2022-06-17 02:41:22,5148.1,10861.1
2022-06-17 02:41:21,5988.12,10021.1
2022-06-17 02:41:20,6803.18,9206
2022-06-17 02:41:19,7534.57,8474.6
2022-06-17 02:41:18,8422.97,7586.21
2022-06-17 02:41:17,9250.34,6758.84
2022-06-17 02:41:16,11943.2,4065.95
2022-06-17 02:41:15,15163.7,845.461
2022-06-17 02:41:14,13405.8,2603.39
2022-06-17 02:41:13,5008.18,11001
2022-06-17 02:41:12,5294.77,10714.4
2022-06-17 02:41:11,6110.87,9898.31
2022-06-17 02:41:10,7033.22,8975.95
2022-06-17 02:41:09,7759.7,8249.48
2022-06-17 02:41:08,8597.64,7411.54
2022-06-17 02:41:07,9504.26,6504.92
2022-06-17 02:41:06,13091,2918.21
2022-06-17 02:41:05,15315.5,693.664
2022-06-17 02:41:04,10296,5713.18
2022-06-17 02:41:03,5011.08,10998.1
2022-06-17 02:41:02,5430.82,10578.4
2022-06-17 02:41:01,6323.23,9685.95
2022-06-17 02:41:00,7255.92,8753.26
2022-06-17 02:40:59,7910.03,8099.14
2022-06-17 02:40:58,8804.35,7204.83
2022-06-17 02:40:57,9946.96,6062.21
2022-06-17 02:40:56,14011.3,1997.87
2022-06-17 02:40:55,15466.9,542.273
2022-06-17 02:40:54,7670.72,8338.46
2022-06-17 02:40:53,5010.92,10998.3
2022-06-17 02:40:52,5715.74,10293.4
2022-06-17 02:40:51,6622.8,9386.38
2022-06-17 02:40:50,7360.86,8648.32
2022-06-17 02:40:49,8189.46,7819.72
2022-06-17 02:40:48,9090.66,6918.52
2022-06-17 02:40:47,11020,4989.14
2022-06-17 02:40:46,14724.5,1284.68
2022-06-17 02:40:45,15550.3,458.863
2022-06-17 02:40:44,6405.36,9603.82
2022-06-17 02:40:43,5133.13,10876
2022-06-17 02:40:42,5950.64,10058.5
2022-06-17 02:40:41,6776.77,9232.41
2022-06-17 02:40:40,7516.44,8492.74
2022-06-17 02:40:39,8429.28,7579.89
2022-06-17 02:40:38,9227.62,6781.55
2022-06-17 02:40:37,11988.2,4021.02
2022-06-17 02:40:36,15052.7,956.434
2022-06-17 02:40:35,15040.4,968.809
2022-06-17 02:40:34,5010.58,10998.6
2022-06-17 02:40:33,5289.85,10719.3
2022-06-17 02:40:32,6099.03,9910.14
2022-06-17 02:40:31,7013.76,8995.41
2022-06-17 02:40:30,7753.27,8255.9
2022-06-17 02:40:29,8567.34,7441.83
2022-06-17 02:40:28,9483.05,6526.12
2022-06-17 02:40:27,13018.2,2990.95
2022-06-17 02:40:26,15293,716.18
2022-06-17 02:40:25,9687.84,6321.34
2022-06-17 02:40:24,5006.93,11002.2
2022-06-17 02:40:23,5411.44,10597.7
2022-06-17 02:40:22,6302.05,9707.13
2022-06-17 02:40:21,7229.07,8780.1
2022-06-17 02:40:20,7914.2,8094.98
2022-06-17 02:40:19,8783.41,7225.77
2022-06-17 02:40:18,9840.38,6168.8
2022-06-17 02:40:17,14038.9,1970.29
2022-06-17 02:40:16,15457.5,551.668
2022-06-17 02:40:15,7638.01,8371.16
2022-06-17 02:40:14,5008.12,11001.1
2022-06-17 02:40:13,5638.18,10371
2022-06-17 02:40:12,6523.7,9485.47
2022-06-17 02:40:11,7371.99,8637.18
2022-06-17 02:40:10,8102.64,7906.54
2022-06-17 02:40:09,8972.09,7037.08
2022-06-17 02:40:08,10510.9,5498.26
2022-06-17 02:40:07,14590.3,1418.83
2022-06-17 02:40:06,15516.3,492.914
2022-06-17 02:40:05,5007.76,11001.4
2022-06-17 02:40:04,5048.2,10961
2022-06-17 02:40:03,5827.98,10181.2
2022-06-17 02:40:02,6664.33,9344.84
2022-06-17 02:40:01,7418.09,8591.09
2022-06-17 02:40:00,8258,7751.18
2022-06-17 02:39:59,9111.95,6897.23
2022-06-17 02:39:58,11071.3,4937.83
2022-06-17 02:39:57,14983.4,1025.8
2022-06-17 02:39:56,15567.3,441.883
2022-06-17 02:39:55,5008.95,11000.2
2022-06-17 02:39:54,5118,10891.2
2022-06-17 02:39:53,6015.31,9993.87
2022-06-17 02:39:52,6875.25,9133.92
2022-06-17 02:39:51,7573.92,8435.26
2022-06-17 02:39:50,8470.18,7538.99
2022-06-17 02:39:49,9327.83,6681.35
2022-06-17 02:39:48,12120.6,3888.63
2022-06-17 02:39:47,15247.8,761.367
2022-06-17 02:39:46,13995.5,2013.65
2022-06-17 02:39:45,5004.23,11004.9
2022-06-17 02:39:44,5288.27,10720.9
2022-06-17 02:39:43,6164.7,9844.47
2022-06-17 02:39:42,7085.33,8923.84
2022-06-17 02:39:41,7762.94,8246.24
2022-06-17 02:39:40,8642.25,7366.93
2022-06-17 02:39:39,9561.66,6447.51
2022-06-17 02:39:38,13337.8,2671.42
2022-06-17 02:39:37,15402.2,606.93
2022-06-17 02:39:36,10325.6,5683.59
2022-06-17 02:39:35,5006.15,11003
2022-06-17 02:39:34,5523.06,10486.1
2022-06-17 02:39:33,6428.02,9581.15
2022-06-17 02:39:32,7245.54,8763.64
2022-06-17 02:39:31,8020.24,7988.93
2022-06-17 02:39:30,8911.21,7097.97
2022-06-17 02:39:29,10498.8,5510.41
2022-06-17 02:39:28,14238.8,1770.33
2022-06-17 02:39:27,15499.3,509.879
2022-06-17 02:39:26,7673.73,8335.44
2022-06-17 02:39:25,5084.5,10924.7
2022-06-17 02:39:24,5805.22,10204
2022-06-17 02:39:23,6682.94,9326.23
2022-06-17 02:39:22,7471,8538.17
2022-06-17 02:39:21,8272.04,7737.14
2022-06-17 02:39:20,9157.62,6851.55
2022-06-17 02:39:19,11543.7,4465.5
2022-06-17 02:39:18,14767.6,1241.57
2022-06-17 02:39:17,14082.8,1926.39
2022-06-17 02:39:16,5006.89,11002.3
2022-06-17 02:39:15,5287.19,10722
2022-06-17 02:39:14,6045.22,9963.96
2022-06-17 02:39:13,6974.96,9034.22
2022-06-17 02:39:12,7706.75,8302.43
2022-06-17 02:39:11,8547.23,7461.95
2022-06-17 02:39:10,9528.16,6481.01
2022-06-17 02:39:09,12788.4,3220.81
2022-06-17 02:39:08,15216,793.18
2022-06-17 02:39:07,10290.7,5718.52
2022-06-17 02:39:06,5005.41,11003.8
2022-06-17 02:39:05,5457.73,10551.4
2022-06-17 02:39:04,6350.81,9658.37
2022-06-17 02:39:03,7195.64,8813.53
2022-06-17 02:39:02,7953.12,8056.06
2022-06-17 02:39:01,8809.53,7199.64
2022-06-17 02:39:00,10294.5,5714.72
2022-06-17 02:38:59,13870.7,2138.52
2022-06-17 02:38:58,15430.6,578.559
2022-06-17 02:38:57,7652.62,8356.55
2022-06-17 02:38:56,5039.82,10969.4
2022-06-17 02:38:55,5684.77,10324.4
2022-06-17 02:38:54,6570.96,9438.22
2022-06-17 02:38:53,7316.12,8693.05
2022-06-17 02:38:52,8160.97,7848.21
2022-06-17 02:38:51,9024.76,6984.42
2022-06-17 02:38:50,11011.1,4998.11
2022-06-17 02:38:49,14403.2,1605.95
2022-06-17 02:38:48,15472,537.141
2022-06-17 02:38:47,7662.96,8346.21
2022-06-17 02:38:46,5203.61,10805.6
2022-06-17 02:38:45,5830.32,10178.9
2022-06-17 02:38:44,6775.81,9233.37
2022-06-17 02:38:43,7557.66,8451.52
2022-06-17 02:38:42,8297.65,7711.52
2022-06-17 02:38:41,9248.08,6761.1
2022-06-17 02:38:40,12077.9,3931.31
2022-06-17 02:38:39,14766,1243.14
2022-06-17 02:38:38,10244.7,5764.49
2022-06-17 02:38:37,5006.38,11002.8
2022-06-17 02:38:36,5331.01,10678.2
2022-06-17 02:38:35,6138.15,9871.02
2022-06-17 02:38:34,7061.73,8947.44
2022-06-17 02:38:33,7781.81,8227.36
2022-06-17 02:38:32,8609.91,7399.27
2022-06-17 02:38:31,9620.38,6388.8
2022-06-17 02:38:30,13058.6,2950.61
2022-06-17 02:38:29,15292.8,716.375
2022-06-17 02:38:28,10266,5743.21
2022-06-17 02:38:27,5000.88,11008.3
2022-06-17 02:38:26,5520.21,10489
2022-06-17 02:38:25,6349.55,9659.63
2022-06-17 02:38:24,7182.57,8826.61
2022-06-17 02:38:23,7997.14,8012.04
2022-06-17 02:38:22,8808.03,7201.15
2022-06-17 02:38:21,10335.5,5673.64
2022-06-17 02:38:20,13856.1,2153.09
2022-06-17 02:38:19,15358.3,650.855
2022-06-17 02:38:18,7636.57,8372.6
2022-06-17 02:38:17,5047.59,10961.6
2022-06-17 02:38:16,5722.45,10286.7
2022-06-17 02:38:15,6570.48,9438.69
2022-06-17 02:38:14,7318.6,8690.57
2022-06-17 02:38:13,8181.41,7827.77
2022-06-17 02:38:12,9042.5,6966.68
2022-06-17 02:38:11,11293,4716.17
2022-06-17 02:38:10,14411.7,1597.45
2022-06-17 02:38:09,15547.6,461.574
2022-06-17 02:38:08,7665.06,8344.12
2022-06-17 02:38:07,5198.39,10810.8
2022-06-17 02:38:06,5962.62,10046.6
2022-06-17 02:38:05,6830.17,9179.01
2022-06-17 02:38:04,7530.31,8478.86
2022-06-17 02:38:03,8406.15,7603.02
2022-06-17 02:38:02,9269.21,6739.96
2022-06-17 02:38:01,12187.7,3821.46
2022-06-17 02:38:00,14768.6,1240.57
2022-06-17 02:37:59,12575.8,3433.34
2022-06-17 02:37:58,5005.2,11004
2022-06-17 02:37:57,5345.11,10664.1
2022-06-17 02:37:56,6088.93,9920.25
2022-06-17 02:37:55,7028.67,8980.51
2022-06-17 02:37:54,7770.98,8238.2
2022-06-17 02:37:53,8551.33,7457.85
2022-06-17 02:37:52,9470.26,6538.92
2022-06-17 02:37:51,13009.4,2999.75
2022-06-17 02:37:50,15282.9,726.258
2022-06-17 02:37:49,7632.96,8376.21
2022-06-17 02:37:48,5003.08,11006.1
2022-06-17 02:37:47,5469.59,10539.6
2022-06-17 02:37:46,6319.18,9690
2022-06-17 02:37:45,7238.11,8771.07
2022-06-17 02:37:44,7936.9,8072.27
2022-06-17 02:37:43,8792.18,7217
2022-06-17 02:37:42,10011.3,5997.86
2022-06-17 02:37:41,13961.8,2047.4
2022-06-17 02:37:40,15459.8,549.363
2022-06-17 02:37:39,7673.68,8335.49
2022-06-17 02:37:38,5014.91,10994.3
2022-06-17 02:37:37,5656.95,10352.2
2022-06-17 02:37:36,6578.33,9430.85
2022-06-17 02:37:35,7347.49,8661.69
2022-06-17 02:37:34,8136.69,7872.48
2022-06-17 02:37:33,9035.43,6973.74
2022-06-17 02:37:32,10770.6,5238.54
2022-06-17 02:37:31,14628.5,1380.66
2022-06-17 02:37:30,15538.7,470.52
2022-06-17 02:37:29,5206.96,10802.2
2022-06-17 02:37:28,5075.81,10933.4
2022-06-17 02:37:27,5909.44,10099.7
2022-06-17 02:37:26,6753.53,9255.64
2022-06-17 02:37:25,7494.35,8514.82
2022-06-17 02:37:24,8388.17,7621.01
2022-06-17 02:37:23,9228.59,6780.59
2022-06-17 02:37:22,11711.7,4297.52
2022-06-17 02:37:21,15143,866.215
2022-06-17 02:37:20,15580.3,428.871
2022-06-17 02:37:19,5015.48,10993.7
2022-06-17 02:37:18,5244.32,10764.9
2022-06-17 02:37:17,6111.02,9898.16
2022-06-17 02:37:16,6987.1,9022.07
2022-06-17 02:37:15,7690.45,8318.73
2022-06-17 02:37:14,8565.93,7443.25
2022-06-17 02:37:13,9438.32,6570.86
2022-06-17 02:37:12,12688.4,3320.82
2022-06-17 02:37:11,15310.1,699.074
2022-06-17 02:37:10,10673,5336.18
2022-06-17 02:37:09,5011.4,10997.8
2022-06-17 02:37:08,5399.73,10609.4
2022-06-17 02:37:07,6310.84,9698.34
2022-06-17 02:37:06,7206.12,8803.06
2022-06-17 02:37:05,7874.02,8135.16
2022-06-17 02:37:04,8773.74,7235.43
2022-06-17 02:37:03,9786.31,6222.87
2022-06-17 02:37:02,13768.3,2240.84
2022-06-17 02:37:01,15449.4,559.762
2022-06-17 02:37:00,7681.94,8327.23
2022-06-17 02:36:59,5022.98,10986.2
2022-06-17 02:36:58,5642.87,10366.3
2022-06-17 02:36:57,6534.46,9474.72
2022-06-17 02:36:56,7358.38,8650.8
2022-06-17 02:36:55,8136.3,7872.88
2022-06-17 02:36:54,9006.74,7002.44
2022-06-17 02:36:53,10719.9,5289.25
2022-06-17 02:36:52,14675.8,1333.33
2022-06-17 02:36:51,15540.6,468.59
2022-06-17 02:36:50,5013.07,10996.1
2022-06-17 02:36:49,5149.6,10859.6
2022-06-17 02:36:48,5914.71,10094.5
2022-06-17 02:36:47,6792.27,9216.91
2022-06-17 02:36:46,7613.74,8395.44
2022-06-17 02:36:45,8384,7625.17
2022-06-17 02:36:44,9253.22,6755.96
2022-06-17 02:36:43,11883.8,4125.38
2022-06-17 02:36:42,15112.1,897.125
2022-06-17 02:36:41,12252.1,3757.06
2022-06-17 02:36:40,5013.25,10995.9
2022-06-17 02:36:39,5301.43,10707.7
2022-06-17 02:36:38,6176.01,9833.16
2022-06-17 02:36:37,7100.16,8909.01
2022-06-17 02:36:36,7780.12,8229.06
2022-06-17 02:36:35,8655.48,7353.69
2022-06-17 02:36:34,9612.62,6396.55
2022-06-17 02:36:33,13260,2749.18
2022-06-17 02:36:32,15400.1,609.086
2022-06-17 02:36:31,10200,5809.2
2022-06-17 02:36:30,5012.79,10996.4
2022-06-17 02:36:29,5557.92,10451.3
2022-06-17 02:36:28,6454.19,9554.99
2022-06-17 02:36:27,7305.6,8703.57
2022-06-17 02:36:26,8069.06,7940.12
2022-06-17 02:36:25,8936.79,7072.39
2022-06-17 02:36:24,10447.3,5561.86
2022-06-17 02:36:23,14525.6,1483.6
2022-06-17 02:36:22,15516.7,492.441
2022-06-17 02:36:21,5011.47,10997.7
2022-06-17 02:36:20,5046.76,10962.4
2022-06-17 02:36:19,5839.91,10169.3
2022-06-17 02:36:18,6683.51,9325.67
2022-06-17 02:36:17,7489.97,8519.21
2022-06-17 02:36:16,8338.72,7670.45
2022-06-17 02:36:15,9167.82,6841.36
2022-06-17 02:36:14,11445,4564.17
2022-06-17 02:36:13,15131.4,877.75
2022-06-17 02:36:12,15597.9,411.25
2022-06-17 02:36:11,5010.87,10998.3
2022-06-17 02:36:10,5140.43,10868.7
2022-06-17 02:36:09,6061.95,9947.23
2022-06-17 02:36:08,6942.96,9066.22
2022-06-17 02:36:07,7602,8407.17
2022-06-17 02:36:06,8525.09,7484.08
2022-06-17 02:36:05,9414.46,6594.71
2022-06-17 02:36:04,12538,3471.19
2022-06-17 02:36:03,15356.2,652.992
2022-06-17 02:36:02,12985.8,3023.39
2022-06-17 02:36:01,5009.68,10999.5
2022-06-17 02:36:00,5356.02,10653.2
2022-06-17 02:35:59,6248.37,9760.8
2022-06-17 02:35:58,7182.78,8826.39
2022-06-17 02:35:57,7832.71,8176.46
2022-06-17 02:35:56,8736.87,7272.3
2022-06-17 02:35:55,9678.67,6330.5
2022-06-17 02:35:54,13756,2253.19
2022-06-17 02:35:53,15437.1,572.047
2022-06-17 02:35:52,9071.97,6937.21
2022-06-17 02:35:51,5009.77,10999.4
2022-06-17 02:35:50,5609.95,10399.2
2022-06-17 02:35:49,6472.51,9536.66
2022-06-17 02:35:48,7327.2,8681.97
2022-06-17 02:35:47,8085.9,7923.27
2022-06-17 02:35:46,8949.45,7059.72
2022-06-17 02:35:45,10511.4,5497.77
2022-06-17 02:35:44,14509.3,1499.91
2022-06-17 02:35:43,15517.2,491.934
2022-06-17 02:35:42,5009.51,10999.7
2022-06-17 02:35:41,5131.95,10877.2
2022-06-17 02:35:40,5869.54,10139.6
2022-06-17 02:35:39,6707.08,9302.1
2022-06-17 02:35:38,7508.62,8500.55
2022-06-17 02:35:37,8317.28,7691.89
2022-06-17 02:35:36,9152.53,6856.64
2022-06-17 02:35:35,11551,4458.15
2022-06-17 02:35:34,14900.4,1108.82
2022-06-17 02:35:33,12913,3096.14
2022-06-17 02:35:32,5007.77,11001.4
2022-06-17 02:35:31,5255.06,10754.1
2022-06-17 02:35:30,6071.42,9937.76
2022-06-17 02:35:29,6936.27,9072.91
2022-06-17 02:35:28,7692.85,8316.32
2022-06-17 02:35:27,8532.96,7476.21
2022-06-17 02:35:26,9607.17,6402
2022-06-17 02:35:25,12531.4,3477.75
2022-06-17 02:35:24,15271.4,737.727
2022-06-17 02:35:23,10852.3,5156.83
2022-06-17 02:35:22,5050.33,10958.8
2022-06-17 02:35:21,5496.09,10513.1
2022-06-17 02:35:20,6346.67,9662.5
2022-06-17 02:35:19,7175.75,8833.42
2022-06-17 02:35:18,7966.53,8042.64
2022-06-17 02:35:17,8804,7205.17
2022-06-17 02:35:16,10447.5,5561.65
2022-06-17 02:35:15,13487.4,2521.82
2022-06-17 02:35:14,13870.1,2139.08
2022-06-17 02:35:13,9779.17,6230
2022-06-17 02:35:12,5145.66,10863.5
2022-06-17 02:35:11,5690.77,10318.4
2022-06-17 02:35:10,6617.72,9391.46
2022-06-17 02:35:09,7394.97,8614.21
2022-06-17 02:35:08,8180.25,7828.93
2022-06-17 02:35:07,9090.79,6918.39
2022-06-17 02:35:06,11462.6,4546.61
2022-06-17 02:35:05,14415,1594.13
2022-06-17 02:35:04,12883.8,3125.36
2022-06-17 02:35:03,5007.36,11001.8
2022-06-17 02:35:02,5296.51,10712.7
2022-06-17 02:35:01,6008,10001.2
2022-06-17 02:35:00,6910.41,9098.76
2022-06-17 02:34:59,7714.66,8294.52
2022-06-17 02:34:58,8476.06,7533.11
2022-06-17 02:34:57,9419.22,6589.95
2022-06-17 02:34:56,12445.1,3564.04
2022-06-17 02:34:55,15127.6,881.617
2022-06-17 02:34:54,10278.8,5730.33
2022-06-17 02:34:53,5009.94,10999.2
2022-06-17 02:34:52,5408.86,10600.3
2022-06-17 02:34:51,6291.84,9717.34
2022-06-17 02:34:50,7154.39,8854.79
2022-06-17 02:34:49,7848.87,8160.31
2022-06-17 02:34:48,8730.14,7279.04
2022-06-17 02:34:47,9774.07,6235.11
2022-06-17 02:34:46,13483.2,2525.98
2022-06-17 02:34:45,15350.6,658.527
2022-06-17 02:34:44,9074.87,6934.31
2022-06-17 02:34:43,5006.56,11002.6
2022-06-17 02:34:42,5612.83,10396.3
2022-06-17 02:34:41,6504.68,9504.5
2022-06-17 02:34:40,7296.11,8713.07
2022-06-17 02:34:39,8100.09,7909.08
2022-06-17 02:34:38,8988.01,7021.17
2022-06-17 02:34:37,10679.1,5330.06
2022-06-17 02:34:36,14516.4,1492.81
2022-06-17 02:34:35,15522.2,486.926
2022-06-17 02:34:34,7675.04,8334.13
2022-06-17 02:34:33,5084.8,10924.4
2022-06-17 02:34:32,5857.91,10151.3
2022-06-17 02:34:31,6749.5,9259.68
2022-06-17 02:34:30,7457.76,8551.41
2022-06-17 02:34:29,8314.65,7694.52
2022-06-17 02:34:28,9199.37,6809.81
2022-06-17 02:34:27,11684.1,4325.07
2022-06-17 02:34:26,14877.1,1132.05
2022-06-17 02:34:25,15595.6,413.621
2022-06-17 02:34:24,5008.71,11000.5
2022-06-17 02:34:23,5276.2,10733
2022-06-17 02:34:22,6058.05,9951.13
2022-06-17 02:34:21,6963.66,9045.51
2022-06-17 02:34:20,7719.67,8289.5
2022-06-17 02:34:19,8535.22,7473.96
2022-06-17 02:34:18,9433.47,6575.71
2022-06-17 02:34:17,12856.9,3152.27
2022-06-17 02:34:16,15276.4,732.766
2022-06-17 02:34:15,10166.2,5843
2022-06-17 02:34:14,5005.62,11003.6
2022-06-17 02:34:13,5482.63,10526.5
2022-06-17 02:34:12,6320.82,9688.36
2022-06-17 02:34:11,7204.78,8804.39
2022-06-17 02:34:10,7952.66,8056.51
2022-06-17 02:34:09,8800.22,7208.96
2022-06-17 02:34:08,10161.1,5848.06
2022-06-17 02:34:07,13910.8,2098.43
2022-06-17 02:34:06,15466.3,542.875
2022-06-17 02:34:05,7667.3,8341.88
2022-06-17 02:34:04,5041.14,10968
2022-06-17 02:34:03,5723.8,10285.4
2022-06-17 02:34:02,6600.34,9408.83
2022-06-17 02:34:01,7377.51,8631.66
2022-06-17 02:34:00,8190.35,7818.82
2022-06-17 02:33:59,9056.85,6952.32
2022-06-17 02:33:58,10993.1,5016.07
2022-06-17 02:33:57,14648,1361.13
2022-06-17 02:33:56,15550.6,458.527
2022-06-17 02:33:55,5008.39,11000.8
2022-06-17 02:33:54,5162.41,10846.8
2022-06-17 02:33:53,5990.04,10019.1
2022-06-17 02:33:52,6850.96,9158.21
2022-06-17 02:33:51,7609.2,8399.98
2022-06-17 02:33:50,8444.68,7564.5
2022-06-17 02:33:49,9321.02,6688.15
2022-06-17 02:33:48,12204.4,3804.79
2022-06-17 02:33:47,15235.7,773.5
2022-06-17 02:33:46,11624.3,4384.86
2022-06-17 02:33:45,5007.09,11002.1
2022-06-17 02:33:44,5331.06,10678.1
2022-06-17 02:33:43,6179.72,9829.45
2022-06-17 02:33:42,7126.59,8882.59
2022-06-17 02:33:41,7797.82,8211.36
2022-06-17 02:33:40,8651.79,7357.38
2022-06-17 02:33:39,9603.43,6405.75
2022-06-17 02:33:38,13547.2,2461.93
2022-06-17 02:33:37,15417.2,591.926
2022-06-17 02:33:36,7667.96,8341.22
2022-06-17 02:33:35,5007.54,11001.6
2022-06-17 02:33:34,5545.62,10463.6
2022-06-17 02:33:33,6412.84,9596.33
2022-06-17 02:33:32,7357.12,8652.05
2022-06-17 02:33:31,8008.33,8000.84
2022-06-17 02:33:30,8868.97,7140.21
2022-06-17 02:33:29,9955.47,6053.7
2022-06-17 02:33:28,14414.8,1594.39
2022-06-17 02:33:27,15487.4,521.801
2022-06-17 02:33:26,6406.3,9602.87
2022-06-17 02:33:25,5010.71,10998.5
2022-06-17 02:33:24,5756.43,10252.7
2022-06-17 02:33:23,6618.98,9390.2
2022-06-17 02:33:22,7418.06,8591.12
2022-06-17 02:33:21,8227.55,7781.63
2022-06-17 02:33:20,9067.69,6941.49
2022-06-17 02:33:19,10791.1,5218.09
2022-06-17 02:33:18,14962.8,1046.43
2022-06-17 02:33:17,15548.3,460.891
2022-06-17 02:33:16,5004.42,11004.8
2022-06-17 02:33:15,5082.93,10926.2
2022-06-17 02:33:14,5953.9,10055.3
2022-06-17 02:33:13,6810.79,9198.38
2022-06-17 02:33:12,7569.02,8440.16
2022-06-17 02:33:11,8458.88,7550.29
2022-06-17 02:33:10,9318.87,6690.31
2022-06-17 02:33:09,12163.4,3845.81
2022-06-17 02:33:08,15240.9,768.293
2022-06-17 02:33:07,13635.3,2373.92
2022-06-17 02:33:06,5007.2,11002
2022-06-17 02:33:05,5292.73,10716.4
2022-06-17 02:33:04,6211.68,9797.5
2022-06-17 02:33:03,7095.15,8914.03
2022-06-17 02:33:02,7756.66,8252.52
2022-06-17 02:33:01,8683.16,7326.02
2022-06-17 02:33:00,9589.78,6419.4
2022-06-17 02:32:59,13351.9,2657.32
2022-06-17 02:32:58,15411.7,597.434
2022-06-17 02:32:57,9670.21,6338.96
2022-06-17 02:32:56,5005.76,11003.4
2022-06-17 02:32:55,5519.8,10489.4
2022-06-17 02:32:54,6361.68,9647.49
2022-06-17 02:32:53,7318.26,8690.92
2022-06-17 02:32:52,8010.51,7998.66
2022-06-17 02:32:51,8838.62,7170.55
2022-06-17 02:32:50,10030.7,5978.47
2022-06-17 02:32:49,14432.7,1576.45
2022-06-17 02:32:48,15484.6,524.535
2022-06-17 02:32:47,5005.36,11003.8
2022-06-17 02:32:46,5025.18,10984
2022-06-17 02:32:45,5759,10250.2
2022-06-17 02:32:44,6608.02,9401.16
2022-06-17 02:32:43,7470.09,8539.08
2022-06-17 02:32:42,8243.81,7765.37
2022-06-17 02:32:41,9091.6,6917.57
2022-06-17 02:32:40,11035.5,4973.72
2022-06-17 02:32:39,15010,999.141
2022-06-17 02:32:38,15563.1,446.117
2022-06-17 02:32:37,5005.21,11004
2022-06-17 02:32:36,5090.61,10918.6
2022-06-17 02:32:35,6001.81,10007.4
2022-06-17 02:32:34,6854.02,9155.15
2022-06-17 02:32:33,7554.17,8455.01
2022-06-17 02:32:32,8492.76,7516.41
2022-06-17 02:32:31,9320.14,6689.04
2022-06-17 02:32:30,12117,3892.14
2022-06-17 02:32:29,15294.8,714.371
2022-06-17 02:32:28,15500.7,508.504
2022-06-17 02:32:27,5008.82,11000.4
2022-06-17 02:32:26,5237.32,10771.9
2022-06-17 02:32:25,6131.34,9877.84
2022-06-17 02:32:24,7028.93,8980.25
2022-06-17 02:32:23,7681.08,8328.09
2022-06-17 02:32:22,8589.41,7419.77
2022-06-17 02:32:21,9486.67,6522.5
2022-06-17 02:32:20,13001.6,3007.63
2022-06-17 02:32:19,15381.7,627.43
2022-06-17 02:32:18,10324.2,5684.94
2022-06-17 02:32:17,5005.83,11003.3
2022-06-17 02:32:16,5418.44,10590.7
2022-06-17 02:32:15,6327.49,9681.69
2022-06-17 02:32:14,7245.35,8763.82
2022-06-17 02:32:13,7882.77,8126.41
2022-06-17 02:32:12,8789.63,7219.55
2022-06-17 02:32:11,9770.07,6239.11
2022-06-17 02:32:10,13967.5,2041.64
2022-06-17 02:32:09,15451.6,557.559
2022-06-17 02:32:08,5760.38,10248.8
2022-06-17 02:32:07,5007.15,11002
2022-06-17 02:32:06,5677.45,10331.7
2022-06-17 02:32:05,6524.75,9484.43
2022-06-17 02:32:04,7367.87,8641.3
2022-06-17 02:32:03,8144.68,7864.5
2022-06-17 02:32:02,8994.03,7015.14
2022-06-17 02:32:01,10645.3,5363.85
2022-06-17 02:32:00,14824.4,1184.79
2022-06-17 02:31:59,15533.8,475.391
2022-06-17 02:31:58,5007.75,11001.4
2022-06-17 02:31:57,5067.01,10942.2
2022-06-17 02:31:56,5904.01,10105.2
2022-06-17 02:31:55,6773.7,9235.48
2022-06-17 02:31:54,7512.48,8496.7
2022-06-17 02:31:53,8381.92,7627.25
2022-06-17 02:31:52,9230.43,6778.75
2022-06-17 02:31:51,11731.7,4277.5
2022-06-17 02:31:50,15173.1,836.094
2022-06-17 02:31:49,15610.3,398.859
2022-06-17 02:31:48,5007.21,11002
2022-06-17 02:31:47,5163.17,10846
2022-06-17 02:31:46,6097.45,9911.72
2022-06-17 02:31:45,6974.33,9034.85
2022-06-17 02:31:44,7620.51,8388.66
2022-06-17 02:31:43,8550.49,7458.69
2022-06-17 02:31:42,9436.68,6572.49
2022-06-17 02:31:41,12693.4,3315.77
2022-06-17 02:31:40,15359.2,649.93
2022-06-17 02:31:39,11127,4882.13
2022-06-17 02:31:38,5002.3,11006.9
2022-06-17 02:31:37,5392.86,10616.3
2022-06-17 02:31:36,6289.62,9719.55
2022-06-17 02:31:35,7201.6,8807.57
2022-06-17 02:31:34,7868.76,8140.41
2022-06-17 02:31:33,8770.94,7238.23
2022-06-17 02:31:32,9745.72,6263.45
2022-06-17 02:31:31,13854,2155.21
2022-06-17 02:31:30,15441.6,567.559
2022-06-17 02:31:29,7710.2,8298.98
2022-06-17 02:31:28,5010.29,10998.9
2022-06-17 02:31:27,5663.38,10345.8
2022-06-17 02:31:26,6539.96,9469.22
2022-06-17 02:31:25,7365.01,8644.17
2022-06-17 02:31:24,8177.17,7832
2022-06-17 02:31:23,9020.54,6988.63
2022-06-17 02:31:22,10905.5,5103.72
2022-06-17 02:31:21,14774.2,1234.96
2022-06-17 02:31:20,15547.5,461.664
2022-06-17 02:31:19,5002.33,11006.8
2022-06-17 02:31:18,5167.7,10841.5
2022-06-17 02:31:17,5953.33,10055.8
2022-06-17 02:31:16,6817.85,9191.33
2022-06-17 02:31:15,7614.46,8394.71
2022-06-17 02:31:14,8421.63,7587.54
2022-06-17 02:31:13,9292.05,6717.12
2022-06-17 02:31:12,12160.7,3848.48
2022-06-17 02:31:11,15182.3,826.852
2022-06-17 02:31:10,12102.6,3906.61
2022-06-17 02:31:09,5005.45,11003.7
2022-06-17 02:31:08,5290.33,10718.8
2022-06-17 02:31:07,6202.68,9806.5
2022-06-17 02:31:06,7114.69,8894.48
2022-06-17 02:31:05,7762.17,8247.01
2022-06-17 02:31:04,8665.16,7344.02
2022-06-17 02:31:03,9664.35,6344.82
2022-06-17 02:31:02,13325.2,2683.93
2022-06-17 02:31:01,15415.9,593.254
2022-06-17 02:31:00,10341.8,5667.41
2022-06-17 02:30:59,5007.26,11001.9
2022-06-17 02:30:58,5558.87,10450.3
2022-06-17 02:30:57,6439.04,9570.14
2022-06-17 02:30:56,7304.88,8704.29
2022-06-17 02:30:55,8024.45,7984.72
2022-06-17 02:30:54,8888.12,7121.05
2022-06-17 02:30:53,10256.4,5752.77
2022-06-17 02:30:52,14375.5,1633.65
2022-06-17 02:30:51,15494.1,515.074
2022-06-17 02:30:50,5007.43,11001.7
2022-06-17 02:30:49,5041.41,10967.8
2022-06-17 02:30:48,5770.78,10238.4
2022-06-17 02:30:47,6627.67,9381.51
2022-06-17 02:30:46,7458.22,8550.95
2022-06-17 02:30:45,8258.53,7750.65
2022-06-17 02:30:44,9113.46,6895.71
2022-06-17 02:30:43,11123.4,4885.82
2022-06-17 02:30:42,15003.6,1005.57
2022-06-17 02:30:41,15287.7,721.43
2022-06-17 02:30:40,5007.52,11001.7
2022-06-17 02:30:39,5147.5,10861.7
2022-06-17 02:30:38,6002.26,10006.9
2022-06-17 02:30:37,6890.16,9119.02
2022-06-17 02:30:36,7614.17,8395
2022-06-17 02:30:35,8475.47,7533.7
2022-06-17 02:30:34,9371.26,6637.91
2022-06-17 02:30:33,12417.4,3591.8
2022-06-17 02:30:32,15280.2,728.981
2022-06-17 02:30:31,12775.1,3234.1
2022-06-17 02:30:30,5006.95,11002.2
2022-06-17 02:30:29,5348.46,10660.7
2022-06-17 02:30:28,6249.46,9759.71
2022-06-17 02:30:27,7153.85,8855.33
2022-06-17 02:30:26,7839.47,8169.71
2022-06-17 02:30:25,8707.2,7301.98
2022-06-17 02:30:24,9609.86,6399.32
2022-06-17 02:30:23,13631.5,2377.66
2022-06-17 02:30:22,15421.1,588.121
2022-06-17 02:30:21,8744.16,7265.02
2022-06-17 02:30:20,5007.33,11001.8
2022-06-17 02:30:19,5557.62,10451.6
2022-06-17 02:30:18,6433.71,9575.47
2022-06-17 02:30:17,7338.11,8671.07
2022-06-17 02:30:16,8050.05,7959.12
2022-06-17 02:30:15,8910.16,7099.02
2022-06-17 02:30:14,10312.2,5697.02
2022-06-17 02:30:13,14504.6,1504.55
2022-06-17 02:30:12,15507.3,501.898
2022-06-17 02:30:11,5006.75,11002.4
2022-06-17 02:30:10,5084.71,10924.5
2022-06-17 02:30:09,5881.55,10127.6
2022-06-17 02:30:08,6719.49,9289.69
2022-06-17 02:30:07,7535.79,8473.39
2022-06-17 02:30:06,8377.42,7631.75
2022-06-17 02:30:05,9207.01,6802.16
2022-06-17 02:30:04,11561.6,4447.54
2022-06-17 02:30:03,15117.6,891.594
2022-06-17 02:30:02,15016.7,992.43
2022-06-17 02:30:01,5007.41,11001.8
2022-06-17 02:30:00,5200.59,10808.6
2022-06-17 02:29:59,6093.37,9915.8
2022-06-17 02:29:58,6957.16,9052.02
2022-06-17 02:29:57,7646.96,8362.21
2022-06-17 02:29:56,8571.53,7437.64
2022-06-17 02:29:55,9436.56,6572.62
2022-06-17 02:29:54,12744.9,3264.23
2022-06-17 02:29:53,15364.5,644.629
2022-06-17 02:29:52,12125.9,3883.3
2022-06-17 02:29:51,5004.61,11004.6
2022-06-17 02:29:50,5376.36,10632.8
2022-06-17 02:29:49,6240.79,9768.39
2022-06-17 02:29:48,7192.43,8816.74
2022-06-17 02:29:47,7865.75,8143.43
2022-06-17 02:29:46,8732.88,7276.29
2022-06-17 02:29:45,9677.25,6331.93
2022-06-17 02:29:44,13885.8,2123.36
2022-06-17 02:29:43,15440.7,568.516
2022-06-17 02:29:42,7666.57,8342.6
2022-06-17 02:29:41,5004.47,11004.7
2022-06-17 02:29:40,5602.26,10406.9
2022-06-17 02:29:39,6490,9519.18
2022-06-17 02:29:38,7375.58,8633.59
2022-06-17 02:29:37,8076.9,7932.28
2022-06-17 02:29:36,8939.22,7069.96
2022-06-17 02:29:35,10291,5718.16
2022-06-17 02:29:34,14602.5,1406.7
2022-06-17 02:29:33,15508.4,500.805
2022-06-17 02:29:32,5351.2,10658
2022-06-17 02:29:31,5026.37,10982.8
2022-06-17 02:29:30,5832.56,10176.6
2022-06-17 02:29:29,6673.6,9335.58
2022-06-17 02:29:28,7472.59,8536.59
2022-06-17 02:29:27,8310.3,7698.88
2022-06-17 02:29:26,9160.81,6848.37
2022-06-17 02:29:25,11282.4,4726.82
2022-06-17 02:29:24,15119.1,890.086
2022-06-17 02:29:23,15439.2,569.984
2022-06-17 02:29:22,5005.95,11003.2
2022-06-17 02:29:21,5201.32,10807.9
2022-06-17 02:29:20,6054.96,9954.22
2022-06-17 02:29:19,6969.94,9039.24
2022-06-17 02:29:18,7665.55,8343.63
2022-06-17 02:29:17,8538.89,7470.29
2022-06-17 02:29:16,9446.7,6562.47
2022-06-17 02:29:15,12769.2,3239.97
2022-06-17 02:29:14,15324.5,684.672
2022-06-17 02:29:13,10307.4,5701.79
2022-06-17 02:29:12,5006.54,11002.6
2022-06-17 02:29:11,5432.24,10576.9
2022-06-17 02:29:10,6365.43,9643.75
2022-06-17 02:29:09,7177.03,8832.14
2022-06-17 02:29:08,7910.63,8098.54
2022-06-17 02:29:07,8843.07,7166.11
2022-06-17 02:29:06,10252.4,5756.73
2022-06-17 02:29:05,13798,2211.18
2022-06-17 02:29:04,15471,538.129
2022-06-17 02:29:03,8587.61,7421.57
2022-06-17 02:29:02,5090.36,10918.8
2022-06-17 02:29:01,5761.73,10247.4
2022-06-17 02:29:00,6608.28,9400.89
2022-06-17 02:28:59,7420.64,8588.53
2022-06-17 02:28:58,8227.33,7781.84
2022-06-17 02:28:57,9072.18,6937
2022-06-17 02:28:56,11308.8,4700.35
2022-06-17 02:28:55,14706.4,1302.82
2022-06-17 02:28:54,13936.9,2072.32
2022-06-17 02:28:53,5008.39,11000.8
2022-06-17 02:28:52,5197.93,10811.2
2022-06-17 02:28:51,5980.05,10029.1
2022-06-17 02:28:50,6880.5,9128.67
2022-06-17 02:28:49,7652.26,8356.91
2022-06-17 02:28:48,8441.23,7567.95
2022-06-17 02:28:47,9344.65,6664.53
2022-06-17 02:28:46,12271.3,3737.91
2022-06-17 02:28:45,15145.7,863.488
2022-06-17 02:28:44,10270.5,5738.71
2022-06-17 02:28:43,5007.35,11001.8
2022-06-17 02:28:42,5304.93,10704.3
2022-06-17 02:28:41,6154.88,9854.3
2022-06-17 02:28:40,7089.53,8919.64
2022-06-17 02:28:39,7740.21,8268.96
2022-06-17 02:28:38,8604.24,7404.94
2022-06-17 02:28:37,9529.31,6479.86
2022-06-17 02:28:36,13144.8,2864.42
2022-06-17 02:28:35,15373.4,635.73
2022-06-17 02:28:34,10306.9,5702.3
2022-06-17 02:28:33,5008.24,11000.9
2022-06-17 02:28:32,5478.38,10530.8
2022-06-17 02:28:31,6413.53,9595.64
2022-06-17 02:28:30,7230.08,8779.1
2022-06-17 02:28:29,7982.13,8027.04
2022-06-17 02:28:28,8888.01,7121.16
2022-06-17 02:28:27,10292,5717.2
2022-06-17 02:28:26,14138.1,1871.03
2022-06-17 02:28:25,15486.5,522.703
2022-06-17 02:28:24,5006.64,11002.5
2022-06-17 02:28:23,5027.68,10981.5
2022-06-17 02:28:22,5749.07,10260.1
2022-06-17 02:28:21,6592.18,9416.99
2022-06-17 02:28:20,7399.38,8609.8
2022-06-17 02:28:19,8198.44,7810.74
2022-06-17 02:28:18,9043.28,6965.89
2022-06-17 02:28:17,10774.8,5234.38
2022-06-17 02:28:16,14875,1134.2
2022-06-17 02:28:15,15543.6,465.535
2022-06-17 02:28:14,5005.88,11003.3
2022-06-17 02:28:13,5155.36,10853.8
2022-06-17 02:28:12,5970.69,10038.5
2022-06-17 02:28:11,6805.02,9204.16
2022-06-17 02:28:10,7582.44,8426.74
2022-06-17 02:28:09,8431.21,7577.97
2022-06-17 02:28:08,9283.68,6725.49
2022-06-17 02:28:07,11995.2,4014.02
2022-06-17 02:28:06,15204.4,804.781
2022-06-17 02:28:05,14693,1316.15
2022-06-17 02:28:04,5008.23,11000.9
2022-06-17 02:28:03,5210.39,10798.8
2022-06-17 02:28:02,6095.33,9913.84
2022-06-17 02:28:01,6979.95,9029.22
2022-06-17 02:28:00,7636.12,8373.06
2022-06-17 02:27:59,8552.81,7456.36
2022-06-17 02:27:58,9433.1,6576.08
2022-06-17 02:27:57,12708.3,3300.91
2022-06-17 02:27:56,15361.1,648.031
2022-06-17 02:27:55,13508,2501.23
2022-06-17 02:27:54,5010.66,10998.5
2022-06-17 02:27:53,5377.54,10631.6
2022-06-17 02:27:52,6274.05,9735.12
2022-06-17 02:27:51,7193.21,8815.97
2022-06-17 02:27:50,7867.17,8142.01
2022-06-17 02:27:49,8738.19,7270.98
2022-06-17 02:27:48,9642.34,6366.84
2022-06-17 02:27:47,13800.1,2209.05
2022-06-17 02:27:46,15435.7,573.457
2022-06-17 02:27:45,7824.32,8184.86
2022-06-17 02:27:44,5007.46,11001.7
2022-06-17 02:27:43,5629.53,10379.6
2022-06-17 02:27:42,6478.05,9531.12
2022-06-17 02:27:41,7368.18,8640.99
2022-06-17 02:27:40,8112.61,7896.56
2022-06-17 02:27:39,8953.25,7055.92
2022-06-17 02:27:38,10484.9,5524.23
2022-06-17 02:27:37,14727.8,1281.37
2022-06-17 02:27:36,15522.5,486.633
2022-06-17 02:27:35,5004.48,11004.7
2022-06-17 02:27:34,5068.26,10940.9
2022-06-17 02:27:33,5875.33,10133.8
2022-06-17 02:27:32,6718.32,9290.86
2022-06-17 02:27:31,7521.8,8487.38
2022-06-17 02:27:30,8363.67,7645.5
2022-06-17 02:27:29,9199.66,6809.52
2022-06-17 02:27:28,11620.1,4389.04
2022-06-17 02:27:27,15108.1,901.059
2022-06-17 02:27:26,15606.8,402.371
2022-06-17 02:27:25,5004.68,11004.5
2022-06-17 02:27:24,5184.11,10825.1
2022-06-17 02:27:23,6108.23,9900.95
2022-06-17 02:27:22,6981.74,9027.44
2022-06-17 02:27:21,7665.64,8343.54
2022-06-17 02:27:20,8587.99,7421.19
2022-06-17 02:27:19,9442.68,6566.5
2022-06-17 02:27:18,12798,3211.14
2022-06-17 02:27:17,15368.7,640.508
2022-06-17 02:27:16,12050.1,3959.03
2022-06-17 02:27:15,5006.67,11002.5
2022-06-17 02:27:14,5395.77,10613.4
2022-06-17 02:27:13,6266.61,9742.57
2022-06-17 02:27:12,7181.82,8827.35
2022-06-17 02:27:11,7876.64,8132.54
2022-06-17 02:27:10,8728.12,7281.05
2022-06-17 02:27:09,9823.98,6185.2
2022-06-17 02:27:08,13780.6,2228.55
2022-06-17 02:27:07,15440,569.156
2022-06-17 02:27:06,7672.58,8336.6
2022-06-17 02:27:05,5009.1,11000.1
2022-06-17 02:27:04,5610.28,10398.9
2022-06-17 02:27:03,6502.13,9507.05
2022-06-17 02:27:02,7339.58,8669.6
2022-06-17 02:27:01,8083.39,7925.79
2022-06-17 02:27:00,8973.24,7035.94
2022-06-17 02:26:59,10485,5524.18
2022-06-17 02:26:58,14495.9,1513.25
2022-06-17 02:26:57,15514.2,494.945
2022-06-17 02:26:56,7261.27,8747.91
2022-06-17 02:26:55,5087.71,10921.5
2022-06-17 02:26:54,5833.53,10175.6
2022-06-17 02:26:53,6719.22,9289.96
2022-06-17 02:26:52,7468.58,8540.6
2022-06-17 02:26:51,8273.67,7735.51
2022-06-17 02:26:50,9137.92,6871.25
2022-06-17 02:26:49,11424.8,4584.36
2022-06-17 02:26:48,14900.7,1108.48
2022-06-17 02:26:47,14956.3,1052.92
2022-06-17 02:26:46,5008.28,11000.9
2022-06-17 02:26:45,5219.38,10789.8
2022-06-17 02:26:44,6048.07,9961.11
2022-06-17 02:26:43,6910.95,9098.22
2022-06-17 02:26:42,7664.06,8345.11
2022-06-17 02:26:41,8525.42,7483.76
2022-06-17 02:26:40,9374.97,6634.21
2022-06-17 02:26:39,12549.1,3460.09
2022-06-17 02:26:38,15245.7,763.508
2022-06-17 02:26:37,11323.5,4685.69
2022-06-17 02:26:36,5007.07,11002.1
2022-06-17 02:26:35,5429.18,10580
2022-06-17 02:26:34,6245.47,9763.71
2022-06-17 02:26:33,7209.82,8799.35
2022-06-17 02:26:32,7876.82,8132.36
2022-06-17 02:26:31,8737.07,7272.11
2022-06-17 02:26:30,9811.48,6197.7
2022-06-17 02:26:29,13740.7,2268.45
2022-06-17 02:26:28,15448.3,560.852
2022-06-17 02:26:27,7656.08,8353.1
2022-06-17 02:26:26,5006.7,11002.5
2022-06-17 02:26:25,5625.46,10383.7
2022-06-17 02:26:24,6524.19,9484.98
2022-06-17 02:26:23,7306.27,8702.91
2022-06-17 02:26:22,8081.39,7927.79
2022-06-17 02:26:21,8958.66,7050.51
2022-06-17 02:26:20,10510.8,5498.42
2022-06-17 02:26:19,14384.1,1625.09
2022-06-17 02:26:18,15511.9,497.324
2022-06-17 02:26:17,7202.18,8807
2022-06-17 02:26:16,5056.76,10952.4
2022-06-17 02:26:15,5851.62,10157.6
2022-06-17 02:26:14,6699.9,9309.28
2022-06-17 02:26:13,7432.77,8576.4
2022-06-17 02:26:12,8318.46,7690.72
2022-06-17 02:26:11,9160.52,6848.66
2022-06-17 02:26:10,11476.8,4532.36
2022-06-17 02:26:09,15068.1,941.121
2022-06-17 02:26:08,15592.5,416.691
2022-06-17 02:26:07,5005.52,11003.7
2022-06-17 02:26:06,5170.18,10839
2022-06-17 02:26:05,6067.24,9941.93
2022-06-17 02:26:04,6945.3,9063.88
2022-06-17 02:26:03,7633.63,8375.55
2022-06-17 02:26:02,8537.04,7472.14
2022-06-17 02:26:01,9407.23,6601.95
2022-06-17 02:26:00,12643.6,3365.54
2022-06-17 02:25:59,15342.2,666.93
2022-06-17 02:25:58,11820.5,4188.68
2022-06-17 02:25:57,5009.08,11000.1
2022-06-17 02:25:56,5387.39,10621.8
2022-06-17 02:25:55,6232.95,9776.23
2022-06-17 02:25:54,7216.08,8793.09
2022-06-17 02:25:53,7865.28,8143.9
2022-06-17 02:25:52,8731.04,7278.13
2022-06-17 02:25:51,9675.06,6334.12
2022-06-17 02:25:50,13925.8,2083.38
2022-06-17 02:25:49,15440,569.156
2022-06-17 02:25:48,7667.13,8342.05
2022-06-17 02:25:47,5007.22,11002
2022-06-17 02:25:46,5604.87,10404.3
2022-06-17 02:25:45,6495.97,9513.21
2022-06-17 02:25:44,7362.71,8646.46
2022-06-17 02:25:43,8075.4,7933.78
2022-06-17 02:25:42,8958.39,7050.79
2022-06-17 02:25:41,10416.7,5592.44
2022-06-17 02:25:40,14603.9,1405.31
2022-06-17 02:25:39,15515.1,494.059
2022-06-17 02:25:38,5004.98,11004.2
2022-06-17 02:25:37,5044.5,10964.7
2022-06-17 02:25:36,5835.14,10174
2022-06-17 02:25:35,6700.89,9308.29
2022-06-17 02:25:34,7501.19,8507.98
2022-06-17 02:25:33,8333.48,7675.7
2022-06-17 02:25:32,9186.94,6822.24
2022-06-17 02:25:31,11482.2,4526.98
2022-06-17 02:25:30,15125.3,883.91
2022-06-17 02:25:29,15590.8,418.328
2022-06-17 02:25:28,5008.51,11000.7
2022-06-17 02:25:27,5151.28,10857.9
2022-06-17 02:25:26,6080.18,9929
2022-06-17 02:25:25,6946.42,9062.75
2022-06-17 02:25:24,7616.05,8393.12
2022-06-17 02:25:23,8559.57,7449.61
2022-06-17 02:25:22,9428.53,6580.64
2022-06-17 02:25:21,12664.6,3344.53
2022-06-17 02:25:20,15357.4,651.758
2022-06-17 02:25:19,13102.5,2906.7
2022-06-17 02:25:18,5009.49,10999.7
2022-06-17 02:25:17,5371.16,10638
2022-06-17 02:25:16,6249.89,9759.29
2022-06-17 02:25:15,7173.37,8835.8
2022-06-17 02:25:14,7852.34,8156.83
2022-06-17 02:25:13,8714.66,7294.51
2022-06-17 02:25:12,9639.24,6369.94
2022-06-17 02:25:11,13755.1,2254.12
2022-06-17 02:25:10,15428.5,580.629
2022-06-17 02:25:09,7202.73,8806.45
2022-06-17 02:25:08,5009.61,10999.6
2022-06-17 02:25:07,5593.95,10415.2
2022-06-17 02:25:06,6417.5,9591.68
2022-06-17 02:25:05,7330.84,8678.33
2022-06-17 02:25:04,8040.18,7969
2022-06-17 02:25:03,8869.67,7139.51
2022-06-17 02:25:02,10177,5832.16
2022-06-17 02:25:01,14408.9,1600.28
2022-06-17 02:25:00,15488.6,520.539
2022-06-17 02:24:59,5120.5,10888.7
2022-06-17 02:24:58,5086.09,10923.1
2022-06-17 02:24:57,5784.65,10224.5
2022-06-17 02:24:56,6626.53,9382.64
2022-06-17 02:24:55,7494.17,8515
2022-06-17 02:24:54,8230.73,7778.45
2022-06-17 02:24:53,9095.62,6913.56
2022-06-17 02:24:52,11152.8,4856.33
2022-06-17 02:24:51,14885.9,1123.24
2022-06-17 02:24:50,13457.7,2551.45
2022-06-17 02:24:49,5007.39,11001.8
2022-06-17 02:24:48,5177.98,10831.2
2022-06-17 02:24:47,6015.47,9993.71
2022-06-17 02:24:46,6875.81,9133.36
2022-06-17 02:24:45,7619.1,8390.08
2022-06-17 02:24:44,8485.08,7524.09
2022-06-17 02:24:43,9339.65,6669.53
2022-06-17 02:24:42,12255,3754.17
2022-06-17 02:24:41,15225.3,783.848
2022-06-17 02:24:40,12956.1,3053.03
2022-06-17 02:24:39,5004.19,11005
2022-06-17 02:24:38,5364.14,10645
2022-06-17 02:24:37,6224.27,9784.9
2022-06-17 02:24:36,7099.88,8909.29
2022-06-17 02:24:35,7845.29,8163.88
2022-06-17 02:24:34,8692,7317.17
2022-06-17 02:24:33,9851.79,6157.38
2022-06-17 02:24:32,13382.9,2626.27
2022-06-17 02:24:31,15353.4,655.809
2022-06-17 02:24:30,10321.8,5687.42
2022-06-17 02:24:29,5050.99,10958.2
2022-06-17 02:24:28,5556.68,10452.5
2022-06-17 02:24:27,6460.59,9548.59
2022-06-17 02:24:26,7303.94,8705.23
2022-06-17 02:24:25,8065.11,7944.07
2022-06-17 02:24:24,8941.3,7067.88
2022-06-17 02:24:23,10736.9,5272.25
2022-06-17 02:24:22,14180.1,1829.03
2022-06-17 02:24:21,14733.9,1275.23
2022-06-17 02:24:20,7674.55,8334.62
2022-06-17 02:24:19,5122.71,10886.5
2022-06-17 02:24:18,5806.64,10202.5
2022-06-17 02:24:17,6716.44,9292.73
2022-06-17 02:24:16,7474.66,8534.52
2022-06-17 02:24:15,8290.94,7718.23
2022-06-17 02:24:14,9190.18,6819
2022-06-17 02:24:13,11765.8,4243.37
2022-06-17 02:24:12,14799.7,1209.45
2022-06-17 02:24:11,13523.5,2485.67
2022-06-17 02:24:10,5005.93,11003.3
2022-06-17 02:24:09,5289.96,10719.2
2022-06-17 02:24:08,6088.18,9921
2022-06-17 02:24:07,7001.43,9007.75
2022-06-17 02:24:06,7759.15,8250.02
2022-06-17 02:24:05,8583.81,7425.37
2022-06-17 02:24:04,9476.64,6532.53
2022-06-17 02:24:03,12983.7,3025.48
2022-06-17 02:24:02,15280.3,728.863
2022-06-17 02:24:01,8805.02,7204.16
2022-06-17 02:24:00,5005.12,11004.1
2022-06-17 02:23:59,5486.05,10523.1
2022-06-17 02:23:58,6347.45,9661.72
2022-06-17 02:23:57,7237.32,8771.86
2022-06-17 02:23:56,7973.14,8036.04
2022-06-17 02:23:55,8839.4,7169.78
2022-06-17 02:23:54,10237.7,5771.47
2022-06-17 02:23:53,14107.2,1902
2022-06-17 02:23:52,15478.8,530.336
2022-06-17 02:23:51,7661.72,8347.46
2022-06-17 02:23:50,5072.12,10937.1
2022-06-17 02:23:49,5742.72,10266.5
2022-06-17 02:23:48,6639.4,9369.77
2022-06-17 02:23:47,7379.74,8629.44
2022-06-17 02:23:46,8224.08,7785.1
2022-06-17 02:23:45,9108.79,6900.38
2022-06-17 02:23:44,11260,4749.19
2022-06-17 02:23:43,14724,1285.18
2022-06-17 02:23:42,15563.7,445.496
2022-06-17 02:23:41,5004.55,11004.6
2022-06-17 02:23:40,5192.46,10816.7
2022-06-17 02:23:39,5978.65,10030.5
2022-06-17 02:23:38,6882.79,9126.39
2022-06-17 02:23:37,7628.14,8381.04
2022-06-17 02:23:36,8452.87,7556.31
2022-06-17 02:23:35,9358.01,6651.17
2022-06-17 02:23:34,12536.8,3472.4
2022-06-17 02:23:33,15226.1,783.082
2022-06-17 02:23:32,10286.6,5722.61
2022-06-17 02:23:31,5004.21,11005
2022-06-17 02:23:30,5385.42,10623.8
2022-06-17 02:23:29,6270.29,9738.88
2022-06-17 02:23:28,7160.65,8848.52
2022-06-17 02:23:27,7867.19,8141.99
2022-06-17 02:23:26,8737.31,7271.87
2022-06-17 02:23:25,9884.67,6124.5
2022-06-17 02:23:24,13677.5,2331.67
2022-06-17 02:23:23,15429.5,579.668
2022-06-17 02:23:22,9132.96,6876.22
2022-06-17 02:23:21,5014.41,10994.8
2022-06-17 02:23:20,5607.07,10402.1
2022-06-17 02:23:19,6490.05,9519.12
2022-06-17 02:23:18,7303.63,8705.54
2022-06-17 02:23:17,8109.84,7899.34
2022-06-17 02:23:16,8974.12,7035.05
2022-06-17 02:23:15,10722.2,5287.01
2022-06-17 02:23:14,14503.5,1505.71
2022-06-17 02:23:13,15523.4,485.789
2022-06-17 02:23:12,7317.1,8692.07
2022-06-17 02:23:11,5113.21,10896
2022-06-17 02:23:10,5903.35,10105.8
2022-06-17 02:23:09,6747.69,9261.49
2022-06-17 02:23:08,7483.52,8525.66
2022-06-17 02:23:07,8381.5,7627.67
2022-06-17 02:23:06,9221.18,6787.99
2022-06-17 02:23:05,11827.2,4182.02
2022-06-17 02:23:04,15045.1,964.051
2022-06-17 02:23:03,14499.9,1509.28
2022-06-17 02:23:02,4999.92,11009.3
2022-06-17 02:23:01,5266.52,10742.7
2022-06-17 02:23:00,6100.23,9908.95
2022-06-17 02:22:59,7015.45,8993.73
2022-06-17 02:22:58,7702.55,8306.63
2022-06-17 02:22:57,8566.82,7442.36
2022-06-17 02:22:56,9468.02,6541.15
2022-06-17 02:22:55,12941.2,3068
2022-06-17 02:22:54,15333.8,675.352
2022-06-17 02:22:53,8504.58,7504.6
2022-06-17 02:22:52,5002.18,11007
2022-06-17 02:22:51,5452.6,10556.6
2022-06-17 02:22:50,6317.87,9691.31
2022-06-17 02:22:49,7266.31,8742.87
2022-06-17 02:22:48,7911.56,8097.61
2022-06-17 02:22:47,8796.77,7212.41
2022-06-17 02:22:46,9811.17,6198.01
2022-06-17 02:22:45,14088,1921.18
2022-06-17 02:22:44,15460.4,548.758
2022-06-17 02:22:43,6585.42,9423.76
2022-06-17 02:22:42,5001,11008.2
2022-06-17 02:22:41,5689.68,10319.5
2022-06-17 02:22:40,6548.77,9460.41
2022-06-17 02:22:39,7408.62,8600.55
2022-06-17 02:22:38,8182.82,7826.35
2022-06-17 02:22:37,9049.57,6959.6
2022-06-17 02:22:36,10789.5,5219.72
2022-06-17 02:22:35,14994.7,1014.51
2022-06-17 02:22:34,15547.5,461.629
2022-06-17 02:22:33,4999.55,11009.6
2022-06-17 02:22:32,5061.88,10947.3
2022-06-17 02:22:31,5947.09,10062.1
2022-06-17 02:22:30,6791.23,9217.95
2022-06-17 02:22:29,7492.59,8516.59
2022-06-17 02:22:28,8401.41,7607.76
2022-06-17 02:22:27,9240.85,6768.33
2022-06-17 02:22:26,11811.1,4198.08
2022-06-17 02:22:25,15236.6,772.605
2022-06-17 02:22:24,15607.9,401.258
2022-06-17 02:22:23,4999.35,11009.8
2022-06-17 02:22:22,5173.27,10835.9
2022-06-17 02:22:21,6139.7,9869.48
2022-06-17 02:22:20,6955.02,9054.15
2022-06-17 02:22:19,7599.12,8410.06
2022-06-17 02:22:18,8574.13,7435.04
2022-06-17 02:22:17,9387.97,6621.2
2022-06-17 02:22:16,12613.8,3395.41
2022-06-17 02:22:15,15346.6,662.566
2022-06-17 02:22:14,13376.6,2632.57
2022-06-17 02:22:13,4999.71,11009.5
2022-06-17 02:22:12,5335.14,10674
2022-06-17 02:22:11,6227.16,9782.02
2022-06-17 02:22:10,7116.42,8892.75
2022-06-17 02:22:09,7768.17,8241
2022-06-17 02:22:08,8649.53,7359.64
2022-06-17 02:22:07,9515.04,6494.14
2022-06-17 02:22:06,13207,2802.13
2022-06-17 02:22:05,15382.7,626.449
2022-06-17 02:22:04,10232.7,5776.52
2022-06-17 02:22:03,4998.55,11010.6
2022-06-17 02:22:02,5449.08,10560.1
2022-06-17 02:22:01,6299.27,9709.91
2022-06-17 02:22:00,7232.89,8776.29
2022-06-17 02:21:59,7886.68,8122.5
2022-06-17 02:21:58,8738.73,7270.44
2022-06-17 02:21:57,9667.34,6341.84
2022-06-17 02:21:56,13937,2072.16
2022-06-17 02:21:55,15432.7,576.496
2022-06-17 02:21:54,6705.41,9303.77
2022-06-17 02:21:53,4998.35,11010.8
2022-06-17 02:21:52,5615.56,10393.6
2022-06-17 02:21:51,6463.59,9545.59
2022-06-17 02:21:50,7376.85,8632.32
2022-06-17 02:21:49,8068.83,7940.35
2022-06-17 02:21:48,8906.29,7102.88
2022-06-17 02:21:47,10278.1,5731.03
2022-06-17 02:21:46,14637.5,1371.66
2022-06-17 02:21:45,15499.7,509.496
2022-06-17 02:21:44,4995.77,11013.4
2022-06-17 02:21:43,5048.8,10960.4
2022-06-17 02:21:42,5815.32,10193.9
2022-06-17 02:21:41,6689.69,9319.49
2022-06-17 02:21:40,7489.5,8519.68
2022-06-17 02:21:39,8293.73,7715.45
2022-06-17 02:21:38,9152.44,6856.73
2022-06-17 02:21:37,11414.7,4594.44
2022-06-17 02:21:36,15004.7,1004.45
2022-06-17 02:21:35,15583.3,425.914
2022-06-17 02:21:34,4997.95,11011.2
2022-06-17 02:21:33,5222.84,10786.3
2022-06-17 02:21:32,6042.95,9966.23
2022-06-17 02:21:31,6982.28,9026.9
2022-06-17 02:21:30,7692.02,8317.16
2022-06-17 02:21:29,8524.06,7485.12
2022-06-17 02:21:28,9448.64,6560.54
2022-06-17 02:21:27,12913,3096.22
2022-06-17 02:21:26,15305.6,703.598
2022-06-17 02:21:25,10300.2,5708.97
2022-06-17 02:21:24,5001.84,11007.3
2022-06-17 02:21:23,5464.67,10544.5
2022-06-17 02:21:22,6398.35,9610.82
2022-06-17 02:21:21,7184.12,8825.06
2022-06-17 02:21:20,7947.75,8061.43
2022-06-17 02:21:19,8865.44,7143.73
2022-06-17 02:21:18,10352.3,5656.84
2022-06-17 02:21:17,13927.2,2081.94
2022-06-17 02:21:16,15465.8,543.367
2022-06-17 02:21:15,8571.87,7437.3
2022-06-17 02:21:14,5096.69,10912.5
2022-06-17 02:21:13,5718.41,10290.8
2022-06-17 02:21:12,6639.78,9369.39
2022-06-17 02:21:11,7432.44,8576.73
2022-06-17 02:21:10,8221.66,7787.51
2022-06-17 02:21:09,9112.04,6897.14
2022-06-17 02:21:08,11555.8,4453.34
2022-06-17 02:21:07,14766.4,1242.74
2022-06-17 02:21:06,12874.9,3134.28
2022-06-17 02:21:05,6301.08,9708.1
2022-06-17 02:21:04,5287.53,10721.6
2022-06-17 02:21:03,6052.45,9956.73
2022-06-17 02:21:02,6834.61,9174.57
2022-06-17 02:21:01,7685.11,8324.06
2022-06-17 02:21:00,8507.8,7501.38
2022-06-17 02:20:59,9829.08,6180.09
2022-06-17 02:20:58,12382.4,3626.82
2022-06-17 02:20:57,14956.8,1052.34
2022-06-17 02:20:56,10257.7,5751.52
2022-06-17 02:20:55,5068.3,10940.9
2022-06-17 02:20:54,5518.71,10490.5
2022-06-17 02:20:53,6355.19,9653.98
2022-06-17 02:20:52,7188.68,8820.49
2022-06-17 02:20:51,7975.44,8033.74
2022-06-17 02:20:50,8837.75,7171.43
2022-06-17 02:20:49,10839.4,5169.73
2022-06-17 02:20:48,13341.4,2667.78
2022-06-17 02:20:47,12683,3326.18
2022-06-17 02:20:46,10316.2,5692.96
2022-06-17 02:20:45,5171.5,10837.7
2022-06-17 02:20:44,5772.09,10237.1
2022-06-17 02:20:43,6651.88,9357.29
2022-06-17 02:20:42,7439.63,8569.55
2022-06-17 02:20:41,8239.07,7770.11
2022-06-17 02:20:40,9288.51,6720.66
2022-06-17 02:20:39,11657.4,4351.79
2022-06-17 02:20:38,14561.4,1447.73
2022-06-17 02:20:37,12113.8,3895.39
2022-06-17 02:20:36,5151.77,10857.4
2022-06-17 02:20:35,5327.26,10681.9
2022-06-17 02:20:34,6037.72,9971.46
2022-06-17 02:20:33,6946.87,9062.3
2022-06-17 02:20:32,7747.07,8262.11
2022-06-17 02:20:31,8533.82,7475.36
2022-06-17 02:20:30,9622.09,6387.09
2022-06-17 02:20:29,12611.6,3397.54
2022-06-17 02:20:28,15160.1,849.086
2022-06-17 02:20:27,10267.7,5741.5
2022-06-17 02:20:26,5005.9,11003.3
2022-06-17 02:20:25,5434.26,10574.9
2022-06-17 02:20:24,6298.29,9710.88
2022-06-17 02:20:23,7120.41,8888.77
2022-06-17 02:20:22,7920.21,8088.97
2022-06-17 02:20:21,8786.12,7223.06
2022-06-17 02:20:20,10413.4,5595.74
2022-06-17 02:20:19,13483.1,2526.05
2022-06-17 02:20:18,15402.5,606.715
2022-06-17 02:20:17,9891.94,6117.23
2022-06-17 02:20:16,5085.44,10923.7
2022-06-17 02:20:15,5690.1,10319.1
2022-06-17 02:20:14,6602.61,9406.57
2022-06-17 02:20:13,7367.72,8641.45
2022-06-17 02:20:12,8179.43,7829.75
2022-06-17 02:20:11,9068.81,6940.36
2022-06-17 02:20:10,11331.2,4677.95
2022-06-17 02:20:09,14648,1361.18
2022-06-17 02:20:08,12883.7,3125.46
2022-06-17 02:20:07,5005.51,11003.7
2022-06-17 02:20:06,5197.32,10811.9
2022-06-17 02:20:05,6026.74,9982.44
2022-06-17 02:20:04,6898.64,9110.53
2022-06-17 02:20:03,7662.03,8347.14
2022-06-17 02:20:02,8515.97,7493.21
2022-06-17 02:20:01,9707.67,6301.5
2022-06-17 02:20:00,12412.1,3597.05
2022-06-17 02:19:59,15261.2,748.008
2022-06-17 02:19:58,11349.7,4659.45
2022-06-17 02:19:57,5007.02,11002.2
2022-06-17 02:19:56,5423,10586.2
2022-06-17 02:19:55,6315.09,9694.09
2022-06-17 02:19:54,7168.3,8840.88
2022-06-17 02:19:53,7906.82,8102.36
2022-06-17 02:19:52,8804.33,7204.84
2022-06-17 02:19:51,10304.5,5704.67
2022-06-17 02:19:50,13712.5,2296.64
2022-06-17 02:19:49,14957,1052.15
2022-06-17 02:19:48,9968.85,6040.33
2022-06-17 02:19:47,5130.64,10878.5
2022-06-17 02:19:46,5674.37,10334.8
2022-06-17 02:19:45,6592.63,9416.55
2022-06-17 02:19:44,7408.43,8600.75
2022-06-17 02:19:43,8165.65,7843.53
2022-06-17 02:19:42,9078.91,6930.27
2022-06-17 02:19:41,11336.9,4672.25
2022-06-17 02:19:40,14509.7,1499.46
2022-06-17 02:19:39,12876.9,3132.3
2022-06-17 02:19:38,6450.4,9558.78
2022-06-17 02:19:37,5316.09,10693.1
2022-06-17 02:19:36,6010.96,9998.21
2022-06-17 02:19:35,6901.31,9107.86
2022-06-17 02:19:34,7709.92,8299.25
2022-06-17 02:19:33,8506.52,7502.66
2022-06-17 02:19:32,9649.39,6359.79
2022-06-17 02:19:31,12705.3,3303.84
2022-06-17 02:19:30,15096.2,912.926
2022-06-17 02:19:29,10275.2,5733.93
2022-06-17 02:19:28,5005.42,11003.8
2022-06-17 02:19:27,5504.61,10504.6
2022-06-17 02:19:26,6382.18,9626.99
2022-06-17 02:19:25,7155.65,8853.53
2022-06-17 02:19:24,7977.49,8031.68
2022-06-17 02:19:23,8854.92,7154.26
2022-06-17 02:19:22,10502.8,5506.41
2022-06-17 02:19:21,13897.7,2111.48
2022-06-17 02:19:20,15471,538.168
2022-06-17 02:19:19,8948.09,7061.09
2022-06-17 02:19:18,5102.28,10906.9
2022-06-17 02:19:17,5784.57,10224.6
2022-06-17 02:19:16,6639.5,9369.68
2022-06-17 02:19:15,7420.84,8588.34
2022-06-17 02:19:14,8255.34,7753.84
2022-06-17 02:19:13,9100.83,6908.35
2022-06-17 02:19:12,11315.8,4693.35
2022-06-17 02:19:11,14705.1,1304.06
2022-06-17 02:19:10,12945.7,3063.48
2022-06-17 02:19:09,5002.8,11006.4
2022-06-17 02:19:08,5241.62,10767.6
2022-06-17 02:19:07,5963,10046.2
2022-06-17 02:19:06,6877.73,9131.45
2022-06-17 02:19:05,7651.45,8357.72
2022-06-17 02:19:04,8422.7,7586.47
2022-06-17 02:19:03,9346.55,6662.63
2022-06-17 02:19:02,12505.3,3503.84
2022-06-17 02:19:01,15228.9,780.27
2022-06-17 02:19:00,10289.9,5719.28
2022-06-17 02:18:59,5002.83,11006.3
2022-06-17 02:18:58,5370.45,10638.7
2022-06-17 02:18:57,6264.58,9744.6
2022-06-17 02:18:56,7182.76,8826.41
2022-06-17 02:18:55,7839.83,8169.35
2022-06-17 02:18:54,8723.07,7286.11
2022-06-17 02:18:53,9687.51,6321.67
2022-06-17 02:18:52,13937.3,2071.85
2022-06-17 02:18:51,15443.8,565.402
2022-06-17 02:18:50,7484.47,8524.7
2022-06-17 02:18:49,5002.46,11006.7
2022-06-17 02:18:48,5650.33,10358.8
2022-06-17 02:18:47,6527.97,9481.21
2022-06-17 02:18:46,7374.8,8634.38
2022-06-17 02:18:45,8141.37,7867.81
2022-06-17 02:18:44,9009.11,7000.07
2022-06-17 02:18:43,10729.8,5279.38
2022-06-17 02:18:42,14813.9,1195.3
2022-06-17 02:18:41,15539.7,469.504
2022-06-17 02:18:40,5006.48,11002.7
2022-06-17 02:18:39,5122.36,10886.8
2022-06-17 02:18:38,5973.45,10035.7
2022-06-17 02:18:37,6828.37,9180.8
2022-06-17 02:18:36,7569.02,8440.15
2022-06-17 02:18:35,8440.65,7568.53
2022-06-17 02:18:34,9307.64,6701.53
2022-06-17 02:18:33,12142.7,3866.45
2022-06-17 02:18:32,15225.7,783.5
2022-06-17 02:18:31,12710.9,3298.32
2022-06-17 02:18:30,5003.57,11005.6
2022-06-17 02:18:29,5355.95,10653.2
2022-06-17 02:18:28,6252.02,9757.16
2022-06-17 02:18:27,7179.05,8830.13
2022-06-17 02:18:26,7861.22,8147.96
2022-06-17 02:18:25,8741.11,7268.07
2022-06-17 02:18:24,9678.75,6330.43
2022-06-17 02:18:23,13983.8,2025.35
2022-06-17 02:18:22,15448.1,561.125
2022-06-17 02:18:21,5455.5,10553.7
2022-06-17 02:18:20,5005.31,11003.9
2022-06-17 02:18:19,5651.63,10357.5
2022-06-17 02:18:18,6519.77,9489.41
2022-06-17 02:18:17,7440.98,8568.2
2022-06-17 02:18:16,8136.43,7872.74
2022-06-17 02:18:15,9007.93,7001.25
2022-06-17 02:18:14,10510.6,5498.57
2022-06-17 02:18:13,14909.8,1099.34
2022-06-17 02:18:12,15541.5,467.629
2022-06-17 02:18:11,4998.72,11010.5
2022-06-17 02:18:10,5067.87,10941.3
2022-06-17 02:18:09,5950.13,10059
2022-06-17 02:18:08,6818.83,9190.34
2022-06-17 02:18:07,7544.08,8465.1
2022-06-17 02:18:06,8433.45,7575.72
2022-06-17 02:18:05,9294.79,6714.39
2022-06-17 02:18:04,12079.1,3930.1
2022-06-17 02:18:03,15277,732.211
2022-06-17 02:18:02,15336.3,672.848
2022-06-17 02:18:01,5004.51,11004.7
2022-06-17 02:18:00,5305.36,10703.8
2022-06-17 02:17:59,6211.66,9797.51
2022-06-17 02:17:58,7123.19,8885.99
2022-06-17 02:17:57,7804.62,8204.56
2022-06-17 02:17:56,8709.93,7299.25
2022-06-17 02:17:55,9599.88,6409.29
2022-06-17 02:17:54,13759,2250.19
2022-06-17 02:17:53,15428.1,581.078
2022-06-17 02:17:52,7351.92,8657.26
2022-06-17 02:17:51,5001.66,11007.5
2022-06-17 02:17:50,5595.99,10413.2
2022-06-17 02:17:49,6432.45,9576.72
2022-06-17 02:17:48,7352.85,8656.32
2022-06-17 02:17:47,8074.39,7934.79
2022-06-17 02:17:46,8905.7,7103.47
2022-06-17 02:17:45,10306.1,5703.03
2022-06-17 02:17:44,14714.7,1294.49
2022-06-17 02:17:43,15516.3,492.895
2022-06-17 02:17:42,5002.55,11006.6
2022-06-17 02:17:41,5006.02,11003.2
2022-06-17 02:17:40,5845.78,10163.4
2022-06-17 02:17:39,6705.14,9304.04
2022-06-17 02:17:38,7454.99,8554.19
2022-06-17 02:17:37,8290.46,7718.71
2022-06-17 02:17:36,9140.24,6868.94
2022-06-17 02:17:35,11221.7,4787.47
2022-06-17 02:17:34,15092.1,917.094
2022-06-17 02:17:33,14995.1,1014.12
2022-06-17 02:17:32,4997.93,11011.2
2022-06-17 02:17:31,5249.97,10759.2
2022-06-17 02:17:30,6053.42,9955.75
2022-06-17 02:17:29,6986.88,9022.3
2022-06-17 02:17:28,7718.75,8290.43
2022-06-17 02:17:27,8553.26,7455.91
2022-06-17 02:17:26,9480.3,6528.88
2022-06-17 02:17:25,13080.1,2929.07
2022-06-17 02:17:24,15362.4,646.738
2022-06-17 02:17:23,10535,5474.15
2022-06-17 02:17:22,5058.1,10951.1
2022-06-17 02:17:21,5447.53,10561.6
2022-06-17 02:17:20,6361.52,9647.66
2022-06-17 02:17:19,7197.49,8811.68
2022-06-17 02:17:18,7956.44,8052.73
2022-06-17 02:17:17,8867.49,7141.68
2022-06-17 02:17:16,10392.3,5616.92
2022-06-17 02:17:15,13922.5,2086.73
2022-06-17 02:17:14,13155,2854.14
2022-06-17 02:17:13,7439.49,8569.69
2022-06-17 02:17:12,5080.22,10929
2022-06-17 02:17:11,5859.58,10149.6
2022-06-17 02:17:10,6736.9,9272.27
2022-06-17 02:17:09,7477.63,8531.55
2022-06-17 02:17:08,8350.78,7658.4
2022-06-17 02:17:07,9227.86,6781.31
2022-06-17 02:17:06,11844.7,4164.46
2022-06-17 02:17:05,15188.6,820.547
2022-06-17 02:17:04,12922.1,3087.09
2022-06-17 02:17:03,5003.38,11005.8
2022-06-17 02:17:02,5282.96,10726.2
2022-06-17 02:17:01,6193.38,9815.8
2022-06-17 02:17:00,7065.28,8943.9
2022-06-17 02:16:59,7752.12,8257.05
2022-06-17 02:16:58,8661.45,7347.73
2022-06-17 02:16:57,9690.86,6318.32
2022-06-17 02:16:56,13346.1,2663.05
2022-06-17 02:16:55,15412.9,596.301
2022-06-17 02:16:54,10321.5,5687.7
2022-06-17 02:16:53,5015.72,10993.5
2022-06-17 02:16:52,5626.56,10382.6
2022-06-17 02:16:51,6525.46,9483.71
2022-06-17 02:16:50,7382.12,8627.05
2022-06-17 02:16:49,8115.73,7893.45
2022-06-17 02:16:48,8991.82,7017.35
2022-06-17 02:16:47,10720.4,5288.76
2022-06-17 02:16:46,14682.6,1326.57
2022-06-17 02:16:45,15539.9,469.305
2022-06-17 02:16:44,5003.95,11005.2
2022-06-17 02:16:43,5061.05,10948.1
2022-06-17 02:16:42,5986.6,10022.6
2022-06-17 02:16:41,6806.17,9203.01
2022-06-17 02:16:40,7526.24,8482.94
2022-06-17 02:16:39,8467.06,7542.11
2022-06-17 02:16:38,9298.86,6710.32
2022-06-17 02:16:37,12250.8,3758.34
2022-06-17 02:16:36,15313.4,695.793
2022-06-17 02:16:35,15645.2,364.016
2022-06-17 02:16:34,5005.24,11003.9
2022-06-17 02:16:33,5326.4,10682.8
2022-06-17 02:16:32,6233.75,9775.43
2022-06-17 02:16:31,7141.08,8868.1
2022-06-17 02:16:30,7793.89,8215.29
2022-06-17 02:16:29,8695.33,7313.85
2022-06-17 02:16:28,9605.14,6404.04
2022-06-17 02:16:27,13698,2311.15
2022-06-17 02:16:26,15423.2,586.008
2022-06-17 02:16:25,7672.73,8336.45
2022-06-17 02:16:24,5005.55,11003.6
2022-06-17 02:16:23,5638.26,10370.9
2022-06-17 02:16:22,6504.99,9504.18
2022-06-17 02:16:21,7399.3,8609.87
2022-06-17 02:16:20,8119.6,7889.58
2022-06-17 02:16:19,8982.16,7027.01
2022-06-17 02:16:18,10612.9,5396.27
2022-06-17 02:16:17,14819.6,1189.59
2022-06-17 02:16:16,15542.2,467.023
2022-06-17 02:16:15,5004.71,11004.5
2022-06-17 02:16:14,5045.16,10964
2022-06-17 02:16:13,5982.53,10026.6
2022-06-17 02:16:12,6828.84,9180.33
2022-06-17 02:16:11,7521.61,8487.57
2022-06-17 02:16:10,8472.68,7536.5
2022-06-17 02:16:09,9299.31,6709.86
2022-06-17 02:16:08,12217.8,3791.37
2022-06-17 02:16:07,15332.9,676.266
2022-06-17 02:16:06,15127.7,881.457
2022-06-17 02:16:05,5000.32,11008.9
2022-06-17 02:16:04,5290.21,10719
2022-06-17 02:16:03,6198.79,9810.38
2022-06-17 02:16:02,7093.84,8915.34
2022-06-17 02:16:01,7750.64,8258.53
2022-06-17 02:16:00,8662.68,7346.49
2022-06-17 02:15:59,9555.67,6453.51
2022-06-17 02:15:58,13554,2455.13
2022-06-17 02:15:57,15401.7,607.492
2022-06-17 02:15:56,9993.66,6015.52
2022-06-17 02:15:55,5000.3,11008.9
2022-06-17 02:15:54,5570.36,10438.8
2022-06-17 02:15:53,6467.37,9541.8
2022-06-17 02:15:52,7315.66,8693.52
2022-06-17 02:15:51,8052.2,7956.97
2022-06-17 02:15:50,8953.41,7055.76
2022-06-17 02:15:49,10511.4,5497.74
2022-06-17 02:15:48,14615.3,1393.91
2022-06-17 02:15:47,15525.3,483.898
2022-06-17 02:15:46,5001.02,11008.2
2022-06-17 02:15:45,5082.71,10926.5
2022-06-17 02:15:44,5967.42,10041.8
2022-06-17 02:15:43,6813.97,9195.2
2022-06-17 02:15:42,7561.11,8448.06
2022-06-17 02:15:41,8445.58,7563.59
2022-06-17 02:15:40,9301.5,6707.68
2022-06-17 02:15:39,12229.7,3779.48
2022-06-17 02:15:38,15233.3,775.898
2022-06-17 02:15:37,15047.9,961.301
2022-06-17 02:15:36,5001.93,11007.2
2022-06-17 02:15:35,5362.95,10646.2
2022-06-17 02:15:34,6206.55,9802.63
2022-06-17 02:15:33,7143.18,8865.99
2022-06-17 02:15:32,7810.35,8198.82
2022-06-17 02:15:31,8678.65,7330.53
2022-06-17 02:15:30,9594.02,6415.15
2022-06-17 02:15:29,13793.6,2215.57
2022-06-17 02:15:28,15414.5,594.68
2022-06-17 02:15:27,15647.4,361.734
2022-06-17 02:15:26,15670.5,338.703
