time,received,sent
2022-06-14 15:56:13,1.1462968,-4.664434
2022-06-14 15:56:12,1.1897131,-4.8956
2022-06-14 15:56:11,0.7839767,-2.735919
2022-06-14 15:56:10,1.1462777,-4.664338
2022-06-14 15:56:09,1.1897243,-4.895669
2022-06-14 15:56:08,0.7839767,-2.735919
2022-06-14 15:56:07,1.1463258,-4.66453
2022-06-14 15:56:06,1.1897229,-4.89564
2022-06-14 15:56:05,0.7839865,-2.735953
2022-06-14 15:56:04,1.1462902,-4.664406
2022-06-14 15:56:03,1.1897247,-4.895646
2022-06-14 15:56:02,0.7839879,-2.735958
2022-06-14 15:56:01,1.1462256,-4.664124
2022-06-14 15:56:00,1.1897718,-4.895867
2022-06-14 15:55:59,0.7839835,-2.735942
2022-06-14 15:55:58,1.6444238,-13.706092
2022-06-14 15:55:57,1.747619,-15.022058
2022-06-14 15:55:56,0.7839575,-2.735852
2022-06-14 15:55:55,1.1462912,-4.664395
2022-06-14 15:55:54,1.1897303,-4.89568
2022-06-14 15:55:53,0.7840155,-2.736054
2022-06-14 15:55:52,1.1463885,-4.664857
2022-06-14 15:55:51,1.1896503,-4.895278
2022-06-14 15:55:50,0.7839514,-2.73583
2022-06-14 15:55:49,1.1463356,-4.664615
2022-06-14 15:55:48,1.1896983,-4.895503
2022-06-14 15:55:47,0.7839829,-2.73594
2022-06-14 15:55:46,1.1463326,-4.664618
2022-06-14 15:55:45,1.189685,-4.895444
2022-06-14 15:55:44,0.7839728,-2.735905
2022-06-14 15:55:43,1.146324,-4.664571
2022-06-14 15:55:42,1.1897391,-4.895649
2022-06-14 15:55:41,0.7840016,-2.736006
2022-06-14 15:55:40,1.1463396,-4.664698
2022-06-14 15:55:39,2.661649,-6.612626
2022-06-14 15:55:38,2.431993,-4.658613
2022-06-14 15:55:37,1.1462545,-4.664308
2022-06-14 15:55:36,1.1897472,-4.895698
2022-06-14 15:55:35,0.7839845,-2.735946
2022-06-14 15:55:34,1.1463044,-4.664515
2022-06-14 15:55:33,1.1896954,-4.895485
2022-06-14 15:55:32,0.7839946,-2.735981
2022-06-14 15:55:31,1.1463041,-4.664508
2022-06-14 15:55:30,1.1896707,-4.895404
2022-06-14 15:55:29,0.9349458,-2.735997
2022-06-14 15:55:28,1.390742,-4.664117
2022-06-14 15:55:27,13.500819,-823.1557
2022-06-14 15:55:26,25.50511,-1336.5932
2022-06-14 15:55:25,20446.02,-493.3165
2022-06-14 15:55:24,78826.82,-73.17183
2022-06-14 15:55:23,84221.2,-72.00712
2022-06-14 15:55:22,24173.07,-27.36742
2022-06-14 15:55:21,61806.67,-44.96111
2022-06-14 15:55:20,186528.9,-123.43622
2022-06-14 15:55:19,188555.8,-130.70648
2022-06-14 15:55:18,64027.14,-50.39947
2022-06-14 15:55:17,77478.22,-52.28954
2022-06-14 15:55:16,105178.55,-69.86858
2022-06-14 15:55:15,125407.04,-81.91067
2022-06-14 15:55:14,150625.73,-100.0301
2022-06-14 15:55:13,90674.04,-481.6016
2022-06-14 15:55:12,84761.7,-524.8153
2022-06-14 15:55:11,59043.44,-48.9499
2022-06-14 15:55:10,87220.06,-73.56493
2022-06-14 15:55:09,147156.4,-108.64817
2022-06-14 15:55:08,133535.58,-98.85165
2022-06-14 15:55:07,98435.18,-82.8887
2022-06-14 15:55:06,75977.13,-63.44685
2022-06-14 15:55:05,57739.98,-49.17324
2022-06-14 15:55:04,146258.15,-105.50864
2022-06-14 15:55:03,179448.9,-125.48277
2022-06-14 15:55:02,115525.63,-89.68797
2022-06-14 15:55:01,83033.55,-72.02867
2022-06-14 15:55:00,93313.18,-80.17287
2022-06-14 15:54:59,84225.72,-88.07709
2022-06-14 15:54:58,141620.02,-120.20695
2022-06-14 15:54:57,177483.2,-135.70714
2022-06-14 15:54:56,121418.63,-110.3421
2022-06-14 15:54:55,77971.33,-110.30614
2022-06-14 15:54:54,30678.51,-69.47375
2022-06-14 15:54:53,36152.67,-32.98928
2022-06-14 15:54:52,82299.37,-463.5932
2022-06-14 15:54:51,46477.37,-494.484
2022-06-14 15:54:50,8697.986,-21.88935
2022-06-14 15:54:49,117467.56,-82.52387
2022-06-14 15:54:48,120595.85,-82.97104
2022-06-14 15:54:47,2.377726,-5.977125
2022-06-14 15:54:46,53380.7,-36.85351
2022-06-14 15:54:45,177904.7,-114.67378
2022-06-14 15:54:44,139270.31,-120.94574
2022-06-14 15:54:43,7848.074,-50.29436
2022-06-14 15:54:42,62001.28,-51.38363
2022-06-14 15:54:41,86612.77,-55.07413
2022-06-14 15:54:40,19245.68,-17.78188
2022-06-14 15:54:39,42168.8,-27.12567
2022-06-14 15:54:38,83693.45,-47.32118
2022-06-14 15:54:37,40852.16,-29.94529
2022-06-14 15:54:36,11448.239,-14.511496
2022-06-14 15:54:35,79870.5,-45.93086
2022-06-14 15:54:34,75076.24,-45.81507
2022-06-14 15:54:33,1162.9669,-7.780201
2022-06-14 15:54:32,65166.27,-37.81848
2022-06-14 15:54:31,109891.75,-105.42244
2022-06-14 15:54:30,42933.63,-481.9403
2022-06-14 15:54:29,33.06284,-1271.1612
2022-06-14 15:54:28,46.27809,-1752.906
2022-06-14 15:54:27,37.52537,-1763.956
2022-06-14 15:54:26,26.7536,-1341.1925
2022-06-14 15:54:25,11042.2,-495.1764
2022-06-14 15:54:24,42030.64,-59.14028
2022-06-14 15:54:23,39835.24,-6688.403
2022-06-14 15:54:22,36361.64,-36394.15
2022-06-14 15:54:21,80090.18,-80117.93
2022-06-14 15:54:20,53356.62,-53377.1
2022-06-14 15:54:19,19372.31,-19391.9
2022-06-14 15:54:18,41417.61,-41437.09
2022-06-14 15:54:17,22094.5,-22114.77
2022-06-14 15:54:16,24351.11,-39.41472
2022-06-14 15:54:15,61478.16,-4540.99
2022-06-14 15:54:14,106890.81,-48758.73
2022-06-14 15:54:13,167031.77,-139226.98
2022-06-14 15:54:12,234784.5,-234798.8
2022-06-14 15:54:11,269603.3,-269623.5
2022-06-14 15:54:10,204099.3,-204121.6
2022-06-14 15:54:09,129689.17,-129708.64
2022-06-14 15:54:08,97246.11,-97264.32
2022-06-14 15:54:07,71091.44,-71105.85
2022-06-14 15:54:06,36378.48,-29975
2022-06-14 15:54:05,34534.99,-113.86942
2022-06-14 15:54:04,79715.4,-19261.84
2022-06-14 15:54:03,113592.83,-65197.09
2022-06-14 15:54:02,167732.69,-151112.09
2022-06-14 15:54:01,243177.4,-243191.8
2022-06-14 15:54:00,261089.7,-261103.9
2022-06-14 15:53:59,172148.1,-172168.3
2022-06-14 15:53:58,81943.62,-81965.94
2022-06-14 15:53:57,82108.83,-82128.29
2022-06-14 15:53:56,67594.36,-67612.37
2022-06-14 15:53:55,22655.95,-22670.12
2022-06-14 15:53:54,12151.458,-26.40505
2022-06-14 15:53:53,54128.72,-8079.373
2022-06-14 15:53:52,121884.89,-66955.8
2022-06-14 15:53:51,208672.8,-172388.2
2022-06-14 15:53:50,262784.7,-245495.2
2022-06-14 15:53:49,231082.2,-231096.6
2022-06-14 15:53:48,154647.65,-154661.91
2022-06-14 15:53:47,99996.73,-100016.9
2022-06-14 15:53:46,74155.18,-74177.49
2022-06-14 15:53:45,59485.02,-59504.48
2022-06-14 15:53:44,45579.61,-45597.41
2022-06-14 15:53:43,19587.57,-16183.522
2022-06-14 15:53:42,26618.12,-34.73556
2022-06-14 15:53:41,72061.37,-20969.39
2022-06-14 15:53:40,155356.8,-104763.7
2022-06-14 15:53:39,236345.6,-207025.9
2022-06-14 15:53:38,251177.4,-245807.2
2022-06-14 15:53:37,177006.3,-177020.6
2022-06-14 15:53:36,107340.83,-107355.06
2022-06-14 15:53:35,111624.27,-111641.92
2022-06-14 15:53:34,84178.87,-84201.2
2022-06-14 15:53:33,63346.14,-63369.08
2022-06-14 15:53:32,54604.71,-54623.28
2022-06-14 15:53:31,20224.21,-20238.97
2022-06-14 15:53:30,2761.074,-19.53227
2022-06-14 15:53:29,26878.04,-3574.071
2022-06-14 15:53:28,83922.7,-36807.22
2022-06-14 15:53:27,158786.9,-114635.68
2022-06-14 15:53:26,231653.9,-196066.4
2022-06-14 15:53:25,279387.5,-237675
2022-06-14 15:53:24,281060.1,-255483.6
2022-06-14 15:53:23,229271.7,-229242.4
2022-06-14 15:53:22,152046.81,-152022.67
2022-06-14 15:53:21,99923.22,-99912.91
2022-06-14 15:53:20,77757.68,-77751.41
2022-06-14 15:53:19,66998.02,-67004.9
2022-06-14 15:53:18,74745.35,-74756.09
2022-06-14 15:53:17,61619.71,-61618.68
2022-06-14 15:53:16,40252.87,-40642.82
2022-06-14 15:53:15,24474.16,-25310.38
2022-06-14 15:53:14,98.46959,-929.6242
2022-06-14 15:53:13,69.91331,-1309.6737
2022-06-14 15:53:12,54.21725,-961.3921
2022-06-14 15:53:11,47.50405,-853.5408
2022-06-14 15:53:10,31.31489,-935.1879
2022-06-14 15:53:09,25.31614,-437.3162
2022-06-14 15:53:08,29.25219,-493.0454
2022-06-14 15:53:07,22582.96,-22615.71
2022-06-14 15:53:06,60590.6,-60622.99
2022-06-14 15:53:05,87214.67,-87240.97
2022-06-14 15:53:04,65547.12,-65566.43
2022-06-14 15:53:03,49726.65,-49751.35
2022-06-14 15:53:02,40257.36,-40278.12
2022-06-14 15:53:01,22448.71,-22465.54
2022-06-14 15:53:00,25084.55,-25106.48
2022-06-14 15:52:59,11030.988,-11051.741
2022-06-14 15:52:58,55546.99,-55561.35
2022-06-14 15:52:57,150510.67,-150529.84
2022-06-14 15:52:56,242083.7,-242102
2022-06-14 15:52:55,288104.5,-288118.6
2022-06-14 15:52:54,251130.5,-251152.4
2022-06-14 15:52:53,147181.06,-147201.81
2022-06-14 15:52:52,85685.01,-85699.38
2022-06-14 15:52:51,67466.52,-67485.7
2022-06-14 15:52:50,40202.06,-40220.35
2022-06-14 15:52:49,14392.086,-14406.223
2022-06-14 15:52:48,37657.02,-37674.09
2022-06-14 15:52:47,79748.11,-79768.28
2022-06-14 15:52:46,142077.74,-142097.6
2022-06-14 15:52:45,221536.2,-221555.3
2022-06-14 15:52:44,293350.5,-293368.8
2022-06-14 15:52:43,278966.9,-278981
2022-06-14 15:52:42,160008.98,-160025.99
2022-06-14 15:52:41,81565.62,-81583.33
2022-06-14 15:52:40,39072.8,-39092.37
2022-06-14 15:52:39,745.0102,-767.1488
2022-06-14 15:52:38,3944.083,-3962.613
2022-06-14 15:52:37,33028.3,-33042.37
2022-06-14 15:52:36,92142.74,-92159.75
2022-06-14 15:52:35,162842.52,-162860.24
2022-06-14 15:52:34,246167,-246186.5
2022-06-14 15:52:33,294196.7,-294218.6
2022-06-14 15:52:32,274856.3,-274874.6
2022-06-14 15:52:31,167014.47,-167028.54
2022-06-14 15:52:30,55965.13,-55982.13
2022-06-14 15:52:29,21575.23,-21592.94
2022-06-14 15:52:28,4.268855,-23.83769
2022-06-14 15:52:27,73.39574,-95.32328
2022-06-14 15:52:26,16783.35,-16801.64
2022-06-14 15:52:25,47285.19,-47299.26
2022-06-14 15:52:24,93658.34,-93675.35
2022-06-14 15:52:23,180681.3,-180699
2022-06-14 15:52:22,279517.5,-279537
2022-06-14 15:52:21,348101.1,-348123
2022-06-14 15:52:20,307653.2,-307671.5
2022-06-14 15:52:19,157197.94,-157211.99
2022-06-14 15:52:18,36170.51,-36185.22
2022-06-14 15:52:17,4.423576,-21.98304
2022-06-14 15:52:16,6.060862,-28.84399
2022-06-14 15:52:15,6.724881,-29.58614
2022-06-14 15:52:14,7.154489,-26.18744
2022-06-14 15:52:13,12165.154,-12178.469
2022-06-14 15:52:12,35640.7,-35653.91
2022-06-14 15:52:11,102406.02,-102419.85
2022-06-14 15:52:10,181371.7,-181388.8
2022-06-14 15:52:09,254384.6,-254401.6
2022-06-14 15:52:08,343528.6,-343538.1
2022-06-14 15:52:07,349890,-349889.3
2022-06-14 15:52:06,298742.2,-298725.7
2022-06-14 15:52:05,196530,-196486.5
2022-06-14 15:52:04,86023.44,-85993.25
2022-06-14 15:52:03,30938.95,-30920.9
2022-06-14 15:52:02,129.23055,-118.60387
2022-06-14 15:52:01,17.40514,-33.18165
2022-06-14 15:52:00,10.617392,-24.03397
2022-06-14 15:51:59,12.614453,-24.62263
2022-06-14 15:51:58,21.89098,-24.48158
2022-06-14 15:51:57,74.41823,-1236.4788
2022-06-14 15:51:56,126.9839,-3030.195
2022-06-14 15:51:55,83.08311,-2293.406
2022-06-14 15:51:54,23.48076,-505.7004
2022-06-14 15:51:53,9.465974,-27.87484
2022-06-14 15:51:52,6.919263,-26.47431
2022-06-14 15:51:51,4.669307,-24.4622
2022-06-14 15:51:50,6.249983,-28.93228
2022-06-14 15:51:49,49332.14,-49367.12
2022-06-14 15:51:48,117943.6,-117976.58
2022-06-14 15:51:47,158365.73,-158386.51
2022-06-14 15:51:46,98507.92,-98527.21
2022-06-14 15:51:45,5.143272,-24.89951
2022-06-14 15:51:44,3.81237,-19.06862
2022-06-14 15:51:43,6.370591,-28.1135
2022-06-14 15:51:42,8.437766,-28.48321
2022-06-14 15:51:41,32145.17,-32157.68
2022-06-14 15:51:40,120465.87,-120485.15
2022-06-14 15:51:39,236884,-236903.7
2022-06-14 15:51:38,340883.3,-340898.6
2022-06-14 15:51:37,344295.4,-344317.1
2022-06-14 15:51:36,207920.4,-207940.5
2022-06-14 15:51:35,55982.57,-55995.08
2022-06-14 15:51:34,4.683505,-23.96732
2022-06-14 15:51:33,4.796561,-24.55301
2022-06-14 15:51:32,5.487937,-20.74352
2022-06-14 15:51:31,7099.53,-7121.274
2022-06-14 15:51:30,58449.65,-58469.7
2022-06-14 15:51:29,146956.23,-146968.73
2022-06-14 15:51:28,245975.2,-245994.5
2022-06-14 15:51:27,352201.1,-352220.9
2022-06-14 15:51:26,340581,-340593.8
2022-06-14 15:51:25,165044.33,-165065.79
2022-06-14 15:51:24,24744.41,-24767.21
2022-06-14 15:51:23,2.609761,-15.114009
2022-06-14 15:51:22,5.862252,-25.14153
2022-06-14 15:51:21,6.31006,-26.06596
2022-06-14 15:51:20,10969.026,-10981.823
2022-06-14 15:51:19,70025.68,-70047.13
2022-06-14 15:51:18,154260.7,-154283.49
2022-06-14 15:51:17,254120,-254132.5
2022-06-14 15:51:16,342027.7,-342047
2022-06-14 15:51:15,325988.6,-326008.4
2022-06-14 15:51:14,195660.8,-195673.6
2022-06-14 15:51:13,48824.01,-48845.46
2022-06-14 15:51:12,5.97729,-28.76618
2022-06-14 15:51:11,3.048674,-15.55226
2022-06-14 15:51:10,5.66601,-24.94613
2022-06-14 15:51:09,3295.819,-3315.786
2022-06-14 15:51:08,26017.36,-26030.39
2022-06-14 15:51:07,82632.82,-82654.26
2022-06-14 15:51:06,176131.1,-176153.9
2022-06-14 15:51:05,280470.3,-280482.8
2022-06-14 15:51:04,337212.1,-337231.3
2022-06-14 15:51:03,298310.6,-298327.9
2022-06-14 15:51:02,159266.45,-159278.96
2022-06-14 15:51:01,37611.12,-37632.78
2022-06-14 15:51:00,4786.808,-4809.801
2022-06-14 15:50:59,4.967886,-21.03994
2022-06-14 15:50:58,5.735155,-25.54506
2022-06-14 15:50:57,6.599571,-24.47293
2022-06-14 15:50:56,1752.111,-1765.008
2022-06-14 15:50:55,48261.32,-48279.66
2022-06-14 15:50:54,112242.46,-112259.75
2022-06-14 15:50:53,173165.8,-173178.5
2022-06-14 15:50:52,258719.9,-258735.4
2022-06-14 15:50:51,338787.6,-338802.2
2022-06-14 15:50:50,355802.1,-355800
2022-06-14 15:50:49,277062.3,-277027.8
2022-06-14 15:50:48,175078.9,-175045.2
2022-06-14 15:50:47,87417.93,-87406.56
2022-06-14 15:50:46,42313.13,-42295.44
2022-06-14 15:50:45,17034.4,-17022.41
2022-06-14 15:50:44,92.76933,-97.07315
2022-06-14 15:50:43,12.609885,-26.45162
2022-06-14 15:50:42,14.14921,-28.17281
2022-06-14 15:50:41,35.02183,-824.694
2022-06-14 15:50:40,75.14727,-1345.9268
2022-06-14 15:50:39,98.23324,-1724.154
2022-06-14 15:50:38,91.39216,-2222.313
2022-06-14 15:50:37,40.78806,-964.4584
2022-06-14 15:50:36,13.501882,-47.15442
2022-06-14 15:50:35,5.141496,-20.42172
2022-06-14 15:50:34,4.186507,-18.56281
2022-06-14 15:50:33,3225.702,-3244.9
2022-06-14 15:50:32,55949.86,-55982.99
2022-06-14 15:50:31,85302.22,-85337.78
2022-06-14 15:50:30,100994.66,-101022.12
2022-06-14 15:50:29,124857.66,-124878.5
2022-06-14 15:50:28,78278.23,-78292.67
2022-06-14 15:50:27,30673.32,-30685.12
2022-06-14 15:50:26,6.237354,-28.58275
2022-06-14 15:50:25,73.05559,-100.87381
2022-06-14 15:50:24,28715.99,-28733.21
2022-06-14 15:50:23,101132.46,-101147.95
2022-06-14 15:50:22,195729.7,-195744.1
2022-06-14 15:50:21,261351.7,-261363.5
2022-06-14 15:50:20,263817.5,-263839.9
2022-06-14 15:50:19,235729,-235756.7
2022-06-14 15:50:18,179357,-179374
2022-06-14 15:50:17,78280.33,-78295.59
2022-06-14 15:50:16,5532.953,-5547.317
2022-06-14 15:50:15,3.246185,-15.046082
2022-06-14 15:50:14,7.46263,-29.80916
2022-06-14 15:50:13,25618.8,-25646.62
2022-06-14 15:50:12,97033.91,-97050.91
2022-06-14 15:50:11,197535.4,-197550.6
2022-06-14 15:50:10,299419,-299433.3
2022-06-14 15:50:09,318725.5,-318737.3
2022-06-14 15:50:08,239682.5,-239704.8
2022-06-14 15:50:07,142276.38,-142304.19
2022-06-14 15:50:06,48539.99,-48557
2022-06-14 15:50:05,4.552004,-19.80802
2022-06-14 15:50:04,5.492837,-19.8574
2022-06-14 15:50:03,5.002382,-16.80208
2022-06-14 15:50:02,22146.8,-22169.14
2022-06-14 15:50:01,111706.05,-111733.86
2022-06-14 15:50:00,265246.1,-265263.1
2022-06-14 15:49:59,341791.6,-341806.8
2022-06-14 15:49:58,282716,-282730.3
2022-06-14 15:49:57,200385,-200396.8
2022-06-14 15:49:56,134422.32,-134444.66
2022-06-14 15:49:55,65328.75,-65356.56
2022-06-14 15:49:54,12223.739,-12240.748
2022-06-14 15:49:53,5.822989,-21.0788
2022-06-14 15:49:52,4.556484,-18.92049
2022-06-14 15:49:51,5684.494,-5696.294
2022-06-14 15:49:50,58288.73,-58311.07
2022-06-14 15:49:49,202671.1,-202698.9
2022-06-14 15:49:48,324304.8,-324321.8
2022-06-14 15:49:47,282976.5,-282991.7
2022-06-14 15:49:46,186482.5,-186496.8
2022-06-14 15:49:45,131721.5,-131733.3
2022-06-14 15:49:44,103735.92,-103758.18
2022-06-14 15:49:43,79050.71,-79078.99
2022-06-14 15:49:42,28180.03,-28197.83
2022-06-14 15:49:41,4.575244,-20.18803
2022-06-14 15:49:40,5.469804,-20.21654
2022-06-14 15:49:39,211.6407,-223.6599
2022-06-14 15:49:38,24851.29,-24870.2
2022-06-14 15:49:37,83749.36,-83772.53
2022-06-14 15:49:36,161980.38,-161995.29
2022-06-14 15:49:35,254409.3,-254422
2022-06-14 15:49:34,309730,-309743.1
2022-06-14 15:49:33,277716.8,-277715.5
2022-06-14 15:49:32,201397.2,-201369.1
2022-06-14 15:49:31,144182.22,-144156.51
2022-06-14 15:49:30,107510.91,-107498.74
2022-06-14 15:49:29,81140.9,-81133.74
2022-06-14 15:49:28,82586.13,-82592.88
2022-06-14 15:49:27,79260.26,-79264.07
2022-06-14 15:49:26,31579.39,-31567.28
2022-06-14 15:49:25,153.53606,-140.74538
2022-06-14 15:49:24,45.963,-820.4895
2022-06-14 15:49:23,83.99518,-2149.17
2022-06-14 15:49:22,82.88068,-1826.955
2022-06-14 15:49:21,38.00263,-513.4284
2022-06-14 15:49:20,32.46385,-42.65663
2022-06-14 15:49:19,39.75814,-835.2
2022-06-14 15:49:18,21.6674,-942.1828
2022-06-14 15:49:17,12.868384,-41.98416
2022-06-14 15:49:16,3220.161,-3239.775
2022-06-14 15:49:15,41027.18,-41054.08
2022-06-14 15:49:14,138151.64,-138180.4
2022-06-14 15:49:13,166459.76,-166484.27
2022-06-14 15:49:12,95446.65,-95469.17
2022-06-14 15:49:11,33202.68,-33222.89
2022-06-14 15:49:10,21625.72,-21648.08
2022-06-14 15:49:09,65425.55,-65445.03
2022-06-14 15:49:08,46106.81,-46124.81
2022-06-14 15:49:07,12572.431,-12591.714
2022-06-14 15:49:06,63046.17,-63065.92
2022-06-14 15:49:05,155877.78,-155895.49
2022-06-14 15:49:04,255976.5,-255993.6
2022-06-14 15:49:03,267033.9,-267050.6
2022-06-14 15:49:02,172348.7,-172366.7
2022-06-14 15:49:01,70342.89,-70362.17
2022-06-14 15:49:00,54454.98,-54474.74
2022-06-14 15:48:59,106025.09,-106042.81
2022-06-14 15:48:58,120477.33,-120494.44
2022-06-14 15:48:57,62830.63,-62847.35
2022-06-14 15:48:56,22648.67,-22666.68
2022-06-14 15:48:55,73245.61,-73262.43
2022-06-14 15:48:54,148275.58,-148295.26
2022-06-14 15:48:53,236229.9,-236250.6
2022-06-14 15:48:52,270617.4,-270634.5
2022-06-14 15:48:51,191526.2,-191542.9
2022-06-14 15:48:50,66363.71,-66381.71
2022-06-14 15:48:49,27908.53,-27925.35
2022-06-14 15:48:48,85928.56,-85948.02
2022-06-14 15:48:47,152951.75,-152972.22
2022-06-14 15:48:46,113729.07,-113746.19
2022-06-14 15:48:45,31159.51,-31176.23
2022-06-14 15:48:44,68065.09,-68083.1
2022-06-14 15:48:43,153892.95,-153909.78
2022-06-14 15:48:42,239009.1,-239028.6
2022-06-14 15:48:41,274764.9,-274785.4
2022-06-14 15:48:40,190397.8,-190414.9
2022-06-14 15:48:39,59118.07,-59134.79
2022-06-14 15:48:38,8358.86,-8376.864
2022-06-14 15:48:37,32376.7,-32393.52
2022-06-14 15:48:36,92671.86,-92691.32
2022-06-14 15:48:35,115889.63,-115910.1
2022-06-14 15:48:34,73771.91,-73789.02
2022-06-14 15:48:33,28400.64,-28414.9
2022-06-14 15:48:32,59256.06,-59273.78
2022-06-14 15:48:31,170969.6,-170989.2
2022-06-14 15:48:30,272733,-272752.5
2022-06-14 15:48:29,298724.5,-298745
2022-06-14 15:48:28,204611.8,-204628.9
2022-06-14 15:48:27,54432.4,-54446.63
2022-06-14 15:48:26,1072.9971,-1090.63
2022-06-14 15:48:25,18714.77,-18734.84
2022-06-14 15:48:24,76647.31,-76667.54
2022-06-14 15:48:23,117222.73,-117243.73
2022-06-14 15:48:22,90159.14,-90176.68
2022-06-14 15:48:21,32402.56,-32414.36
2022-06-14 15:48:20,21433.2,-21447.03
2022-06-14 15:48:19,76063.24,-76080.35
2022-06-14 15:48:18,155000.1,-155015.84
2022-06-14 15:48:17,259439,-259456.8
2022-06-14 15:48:16,316256.6,-316274
2022-06-14 15:48:15,266857,-266841.3
2022-06-14 15:48:14,165261.75,-165229.07
2022-06-14 15:48:13,76799.77,-76775.38
2022-06-14 15:48:12,23528.28,-23507.49
2022-06-14 15:48:11,19010.74,-19017.78
2022-06-14 15:48:10,44877.1,-44895.44
2022-06-14 15:48:09,74635.37,-74650.46
2022-06-14 15:48:08,90210.64,-90223.04
2022-06-14 15:48:07,83936.88,-83949.23
2022-06-14 15:48:06,85807.5,-86597.2
2022-06-14 15:48:05,44850.72,-46103.09
2022-06-14 15:48:04,405.8557,-2025.461
2022-06-14 15:48:03,56.53063,-1402.1758
2022-06-14 15:48:02,12.790177,-31.38425
2022-06-14 15:48:01,8.039736,-26.28077
2022-06-14 15:48:00,6.199648,-22.46637
2022-06-14 15:47:59,36.58903,-443.8951
2022-06-14 15:47:58,48.07026,-904.3568
2022-06-14 15:47:57,4002.235,-4478.252
2022-06-14 15:47:56,81568.98,-81604.86
2022-06-14 15:47:55,175978.1,-176006.2
2022-06-14 15:47:54,123480.08,-123496.8
2022-06-14 15:47:53,25833.91,-25849.46
2022-06-14 15:47:52,5.167272,-24.16901
2022-06-14 15:47:51,23630.83,-23655.81
2022-06-14 15:47:50,62106.44,-62129.37
2022-06-14 15:47:49,50590.88,-50610.75
2022-06-14 15:47:48,48907.55,-48924.27
2022-06-14 15:47:47,138723.35,-138738.9
2022-06-14 15:47:46,255084.8,-255101.3
2022-06-14 15:47:45,298328.3,-298348
2022-06-14 15:47:44,209751.2,-209771.4
2022-06-14 15:47:43,107274.35,-107294.21
2022-06-14 15:47:42,76939.97,-76956.69
2022-06-14 15:47:41,52379.29,-52394.84
2022-06-14 15:47:40,45094.45,-45110.98
2022-06-14 15:47:39,60320.41,-60340.17
2022-06-14 15:47:38,52501.11,-52521.29
2022-06-14 15:47:37,73965.09,-73984.95
2022-06-14 15:47:36,177817.1,-177833.9
2022-06-14 15:47:35,280849.9,-280865.4
2022-06-14 15:47:34,282212.9,-282229.4
2022-06-14 15:47:33,190321.6,-190341.3
2022-06-14 15:47:32,118815.07,-118835.24
2022-06-14 15:47:31,60547.69,-60567.56
2022-06-14 15:47:30,11759.391,-11776.11
2022-06-14 15:47:29,28779.55,-28795.09
2022-06-14 15:47:28,57791.88,-57808.42
2022-06-14 15:47:27,56361.6,-56381.35
2022-06-14 15:47:26,96253.9,-96271.61
2022-06-14 15:47:25,217521,-217540.5
2022-06-14 15:47:24,308286.7,-308306.2
2022-06-14 15:47:23,328568.2,-328583.9
2022-06-14 15:47:22,234462.2,-234479
2022-06-14 15:47:21,72347.8,-72367.55
2022-06-14 15:47:20,10614.648,-10632.362
2022-06-14 15:47:19,5.389656,-24.96242
2022-06-14 15:47:18,11560.733,-11580.202
2022-06-14 15:47:17,42937.46,-42953.01
2022-06-14 15:47:16,68135.51,-68152.04
2022-06-14 15:47:15,95031.62,-95051.38
2022-06-14 15:47:14,155035,-155052.71
2022-06-14 15:47:13,249043.1,-249062.7
2022-06-14 15:47:12,326830.1,-326849.5
2022-06-14 15:47:11,296007.7,-296023.3
2022-06-14 15:47:10,154721.75,-154735.4
2022-06-14 15:47:09,31985.92,-32005.28
2022-06-14 15:47:08,652.3101,-673.5283
2022-06-14 15:47:07,5.978765,-26.2891
2022-06-14 15:47:06,1379.0653,-1399.0745
2022-06-14 15:47:05,25033.38,-25049.47
2022-06-14 15:47:04,59578.25,-59591.57
2022-06-14 15:47:03,83212.16,-83226.63
2022-06-14 15:47:02,125428.37,-125444.81
2022-06-14 15:47:01,173411.5,-173430
2022-06-14 15:47:00,211964.9,-211980.7
2022-06-14 15:46:59,287381,-287393.9
2022-06-14 15:46:58,328419.6,-328408
2022-06-14 15:46:57,254972,-254948.9
2022-06-14 15:46:56,144473.73,-144450.47
2022-06-14 15:46:55,68414.25,-68391.3
2022-06-14 15:46:54,25060.79,-25050.69
2022-06-14 15:46:53,39.75987,-37.12385
2022-06-14 15:46:52,13.508256,-28.08421
2022-06-14 15:46:51,11.68972,-26.19273
2022-06-14 15:46:50,10.130575,-21.97568
2022-06-14 15:46:49,4074.318,-4067.61
2022-06-14 15:46:48,32454.55,-33628.65
2022-06-14 15:46:47,65844.37,-68765.18
2022-06-14 15:46:46,64387.51,-66185.49
2022-06-14 15:46:45,51939.23,-51953.43
2022-06-14 15:46:44,26003.17,-26007.78
2022-06-14 15:46:43,7.274277,-27.16904
2022-06-14 15:46:42,8.784609,-24.00798
2022-06-14 15:46:41,6.927983,-23.27207
2022-06-14 15:46:40,4.492866,-26.20298
2022-06-14 15:46:39,25095.59,-25118.82
2022-06-14 15:46:38,161967.72,-162397.41
2022-06-14 15:46:37,221243.1,-221719.5
2022-06-14 15:46:36,80705.76,-80720.02
2022-06-14 15:46:35,742.2277,-757.4867
2022-06-14 15:46:34,4.683494,-23.96728
2022-06-14 15:46:33,4.981574,-22.27791
2022-06-14 15:46:32,66.58818,-86.48212
2022-06-14 15:46:31,22902.65,-22927.74
2022-06-14 15:46:30,96228.03,-96245.05
2022-06-14 15:46:29,213785.4,-213800.6
2022-06-14 15:46:28,298959.9,-298979.2
2022-06-14 15:46:27,337273.1,-337290.4
2022-06-14 15:46:26,234458.8,-234478.5
2022-06-14 15:46:25,47882.2,-47904.78
2022-06-14 15:46:24,3.500151,-17.97935
2022-06-14 15:46:23,3.477333,-18.73305
2022-06-14 15:46:22,9032.616,-9051.899
2022-06-14 15:46:21,46376.55,-46393.85
2022-06-14 15:46:20,95553.32,-95570.74
2022-06-14 15:46:19,140315.81,-140338.13
2022-06-14 15:46:18,205261.7,-205278.7
2022-06-14 15:46:17,289967,-289982.2
2022-06-14 15:46:16,314082,-314101.3
2022-06-14 15:46:15,198104.3,-198121.6
2022-06-14 15:46:14,51112.34,-51129.76
2022-06-14 15:46:13,5.667713,-27.98361
2022-06-14 15:46:12,12642.491,-12659.5
2022-06-14 15:46:11,43187.23,-43202.55
2022-06-14 15:46:10,64489.68,-64509.02
2022-06-14 15:46:09,69680.31,-69697.6
2022-06-14 15:46:08,101765.7,-101783.12
2022-06-14 15:46:07,190834.8,-190857.1
2022-06-14 15:46:06,283743.2,-283760.2
2022-06-14 15:46:05,294898.6,-294913.8
2022-06-14 15:46:04,211666.6,-211685.9
2022-06-14 15:46:03,79367.04,-79384.34
2022-06-14 15:46:02,1633.2214,-1650.6445
2022-06-14 15:46:01,26227.48,-26249.79
2022-06-14 15:46:00,58276.95,-58293.96
2022-06-14 15:45:59,55649.84,-55665.09
2022-06-14 15:45:58,34191.79,-34211.08
2022-06-14 15:45:57,51285.17,-51302.46
2022-06-14 15:45:56,132757.73,-132775.15
2022-06-14 15:45:55,222994.6,-223016.9
2022-06-14 15:45:54,284545,-284561.9
2022-06-14 15:45:53,272479.6,-272495.1
2022-06-14 15:45:52,202553.9,-202573.5
2022-06-14 15:45:51,116079.42,-116096.88
2022-06-14 15:45:50,64200.01,-64217.59
2022-06-14 15:45:49,56696.1,-56718.72
2022-06-14 15:45:48,42689.68,-42707.26
2022-06-14 15:45:47,17777.15,-17792.76
2022-06-14 15:45:46,71.71661,-90.16261
2022-06-14 15:45:45,16052.438,-16068.783
2022-06-14 15:45:44,65925.11,-65940.33
2022-06-14 15:45:43,136935.1,-136953.71
2022-06-14 15:45:42,232320,-232334.7
2022-06-14 15:45:41,274805.4,-274813.5
2022-06-14 15:45:40,275953.8,-275956
2022-06-14 15:45:39,256388.3,-256385
2022-06-14 15:45:38,182695.8,-182671.4
2022-06-14 15:45:37,168783.8,-168764.6
2022-06-14 15:45:36,131753.62,-131749.9
2022-06-14 15:45:35,67438.67,-67425.54
2022-06-14 15:45:34,48037.29,-48031.92
2022-06-14 15:45:33,29704.79,-29705.03
2022-06-14 15:45:32,10839.959,-11230.172
2022-06-14 15:45:31,48.585,-497.8871
2022-06-14 15:45:30,45.53219,-442.7598
2022-06-14 15:45:29,62.2595,-898.0476
2022-06-14 15:45:28,54.42282,-1308.9035
2022-06-14 15:45:27,61.91862,-1351.2032
2022-06-14 15:45:26,63.69824,-908.9416
2022-06-14 15:45:25,39.62983,-898.5731
2022-06-14 15:45:24,13.548055,-478.9045
2022-06-14 15:45:23,4.274633,-22.02584
2022-06-14 15:45:22,3085.63,-3110.17
2022-06-14 15:45:21,47432.45,-47459.91
2022-06-14 15:45:20,106249.49,-106270.28
2022-06-14 15:45:19,99035.15,-99059.39
2022-06-14 15:45:18,84703.78,-84731.54
2022-06-14 15:45:17,103664.33,-103687.27
2022-06-14 15:45:16,82275.3,-82297.62
2022-06-14 15:45:15,45301.87,-45321.33
2022-06-14 15:45:14,21843.33,-21858.87
2022-06-14 15:45:13,9563.695,-9580.229
2022-06-14 15:45:12,62560.74,-62580.5
2022-06-14 15:45:11,146624.12,-146641.84
2022-06-14 15:45:10,185797.6,-185817.1
2022-06-14 15:45:09,186133.3,-186152.8
2022-06-14 15:45:08,225013.7,-225029.5
2022-06-14 15:45:07,238267.5,-238284.3
2022-06-14 15:45:06,152973.26,-152993.02
2022-06-14 15:45:05,84601.38,-84619.09
2022-06-14 15:45:04,49945.88,-49965.45
2022-06-14 15:45:03,10672.667,-10692.131
2022-06-14 15:45:02,21589.44,-21604.98
2022-06-14 15:45:01,80337.94,-80352.02
2022-06-14 15:45:00,135741.01,-135760.48
2022-06-14 15:44:59,167134.28,-167154.74
2022-06-14 15:44:58,200379.8,-200399.3
2022-06-14 15:44:57,257403.8,-257423.3
2022-06-14 15:44:56,250886.1,-250901.6
2022-06-14 15:44:55,142461.53,-142475.6
2022-06-14 15:44:54,66298.88,-66318.35
2022-06-14 15:44:53,26707.94,-26728.4
2022-06-14 15:44:52,1046.8378,-1066.4071
2022-06-14 15:44:51,23739.28,-23758.74
2022-06-14 15:44:50,69537.09,-69552.63
2022-06-14 15:44:49,121379.98,-121394.05
2022-06-14 15:44:48,172051.6,-172071
2022-06-14 15:44:47,213377.3,-213397.7
2022-06-14 15:44:46,240304.8,-240324.4
2022-06-14 15:44:45,240040.1,-240059.6
2022-06-14 15:44:44,169421.2,-169436.8
2022-06-14 15:44:43,77475.64,-77489.71
2022-06-14 15:44:42,41659.16,-41678.62
2022-06-14 15:44:41,14815.357,-14835.822
2022-06-14 15:44:40,11196.638,-11216.207
2022-06-14 15:44:39,41616.12,-41635.59
2022-06-14 15:44:38,95942.38,-95957.92
2022-06-14 15:44:37,141507.28,-141521.35
2022-06-14 15:44:36,170265.6,-170285
2022-06-14 15:44:35,200327.8,-200345.8
2022-06-14 15:44:34,220038.1,-220057.3
2022-06-14 15:44:33,201912.6,-201934.9
2022-06-14 15:44:32,134400.85,-134416.77
2022-06-14 15:44:31,84461.25,-84475.54
2022-06-14 15:44:30,56948.44,-56967.85
2022-06-14 15:44:29,22924.07,-22942.37
2022-06-14 15:44:28,2246.768,-2265.426
2022-06-14 15:44:27,24363.32,-24383.36
2022-06-14 15:44:26,66313.81,-66328.4
2022-06-14 15:44:25,119861.72,-119875.99
2022-06-14 15:44:24,166836.88,-166854.33
2022-06-14 15:44:23,176648.2,-176651.1
2022-06-14 15:44:22,188872.9,-188869.6
2022-06-14 15:44:21,206620.6,-206623.1
2022-06-14 15:44:20,217565.8,-217570.3
2022-06-14 15:44:19,246838.8,-246843.9
2022-06-14 15:44:18,218601.9,-218587.4
2022-06-14 15:44:17,149461.12,-149440.14
2022-06-14 15:44:16,96462.08,-96449.4
2022-06-14 15:44:15,55070.28,-55054.12
2022-06-14 15:44:14,27102.75,-27499.75
2022-06-14 15:44:13,260.0797,-706.4289
2022-06-14 15:44:12,39.2303,-435.3591
2022-06-14 15:44:11,26.18413,-481.4942
2022-06-14 15:44:10,57.95461,-847.0274
2022-06-14 15:44:09,69.54851,-1351.6857
2022-06-14 15:44:08,50.03901,-902.4338
2022-06-14 15:44:07,49.49163,-1304.1134
2022-06-14 15:44:06,32.20242,-939.2237
2022-06-14 15:44:05,10.891964,-36.50057
2022-06-14 15:44:04,25202.9,-25228.03
2022-06-14 15:44:03,38977.46,-38996.95
2022-06-14 15:44:02,23533.43,-23556.41
2022-06-14 15:44:01,56510.09,-56537.38
2022-06-14 15:44:00,138428.71,-138448.77
2022-06-14 15:43:59,112110.97,-112135.81
2022-06-14 15:43:58,77226.48,-77257.08
2022-06-14 15:43:57,114893.16,-114910.17
2022-06-14 15:43:56,55587.83,-55605.55
2022-06-14 15:43:55,37678.09,-37697.67
2022-06-14 15:43:54,66219.72,-66234.27
2022-06-14 15:43:53,62209.13,-62226.56
2022-06-14 15:43:52,78502.26,-78524.58
2022-06-14 15:43:51,144123.24,-144140.25
2022-06-14 15:43:50,215538.2,-215555.9
2022-06-14 15:43:49,257474.6,-257494.1
2022-06-14 15:43:48,225449.3,-225463.8
2022-06-14 15:43:47,140984.75,-141002.18
2022-06-14 15:43:46,83131.27,-83153.59
2022-06-14 15:43:45,34244.86,-34261.87
2022-06-14 15:43:44,25353.54,-25371.26
2022-06-14 15:43:43,56902.67,-56922.24
2022-06-14 15:43:42,76705.84,-76720.39
2022-06-14 15:43:41,120088.61,-120106.03
2022-06-14 15:43:40,181702.3,-181724.6
2022-06-14 15:43:39,247783.9,-247800.9
2022-06-14 15:43:38,251857.2,-251875.1
2022-06-14 15:43:37,182711.7,-182731.6
2022-06-14 15:43:36,111121.27,-111135.82
2022-06-14 15:43:35,63664.76,-63682.19
2022-06-14 15:43:34,28552.52,-28574.81
2022-06-14 15:43:33,14122.816,-14139.824
2022-06-14 15:43:32,48819.5,-48837.22
2022-06-14 15:43:31,108889.21,-108905.92
2022-06-14 15:43:30,178123.4,-178137.7
2022-06-14 15:43:29,229673,-229693.7
2022-06-14 15:43:28,239169.8,-239192.1
2022-06-14 15:43:27,178906.1,-178923.1
2022-06-14 15:43:26,106672.79,-106690.5
2022-06-14 15:43:25,96134.88,-96151.99
2022-06-14 15:43:24,97086.8,-97101.05
2022-06-14 15:43:23,49418.32,-49438.48
2022-06-14 15:43:22,10018.591,-10040.901
2022-06-14 15:43:21,21384.82,-21401.83
2022-06-14 15:43:20,72380.4,-72398.11
2022-06-14 15:43:19,151664.52,-151681.63
2022-06-14 15:43:18,211184.6,-211198.9
2022-06-14 15:43:17,203178.5,-203198.7
2022-06-14 15:43:16,164837.53,-164857.38
2022-06-14 15:43:15,132800.57,-132817.25
2022-06-14 15:43:14,117837.25,-117857.84
2022-06-14 15:43:13,112293.5,-112311.19
2022-06-14 15:43:12,89850.03,-89864.89
2022-06-14 15:43:11,67519.06,-67539.36
2022-06-14 15:43:10,39865.56,-39885.75
2022-06-14 15:43:09,5152.92,-5166.42
2022-06-14 15:43:08,35648.98,-35665.43
2022-06-14 15:43:07,108253.48,-108270.87
2022-06-14 15:43:06,188602,-188615.3
2022-06-14 15:43:05,234530.5,-234547
2022-06-14 15:43:04,247058.2,-247064
2022-06-14 15:43:03,245750.7,-245733.6
2022-06-14 15:43:02,200124.5,-200106.1
2022-06-14 15:43:01,151732.38,-151726.83
2022-06-14 15:43:00,140294.89,-140290.89
2022-06-14 15:42:59,98232,-98219.97
2022-06-14 15:42:58,84652.57,-84652.18
2022-06-14 15:42:57,85199.99,-85208.96
2022-06-14 15:42:56,52243.87,-52233.28
2022-06-14 15:42:55,44387.97,-44769.52
2022-06-14 15:42:54,41756.66,-42593.41
2022-06-14 15:42:53,15456.295,-16294.429
2022-06-14 15:42:52,301.6918,-1127.4599
2022-06-14 15:42:51,49.10663,-1290.5292
2022-06-14 15:42:50,38.4547,-954.8281
2022-06-14 15:42:49,29.00128,-443.3199
2022-06-14 15:42:48,28.5144,-883.4162
2022-06-14 15:42:47,30.06903,-493.6109
2022-06-14 15:42:46,10.086177,-40.05472
2022-06-14 15:42:45,10950.713,-10973.26
2022-06-14 15:42:44,56992.13,-57009.86
2022-06-14 15:42:43,86746.24,-86770.76
2022-06-14 15:42:42,85864.24,-85896.63
2022-06-14 15:42:41,137908.26,-137934.55
2022-06-14 15:42:40,118476.44,-118495.73
2022-06-14 15:42:39,47357.56,-47377.33
2022-06-14 15:42:38,58524.78,-58540.04
2022-06-14 15:42:37,42564.82,-42584.1
2022-06-14 15:42:36,22706.69,-22731.37
2022-06-14 15:42:35,52344.03,-52362.32
2022-06-14 15:42:34,102561.6,-102578.14
2022-06-14 15:42:33,157489.33,-157506.63
2022-06-14 15:42:32,236828,-236840.5
2022-06-14 15:42:31,286460.6,-286479.9
2022-06-14 15:42:30,215746.7,-215771.3
2022-06-14 15:42:29,110348.3,-110366.58
2022-06-14 15:42:28,75538.72,-75555.25
2022-06-14 15:42:27,67382.03,-67399.33
2022-06-14 15:42:26,33170.9,-33183.41
2022-06-14 15:42:25,31414.72,-31434
2022-06-14 15:42:24,72857.97,-72882.64
2022-06-14 15:42:23,112355.88,-112374.17
2022-06-14 15:42:22,170810.2,-170826.8
2022-06-14 15:42:21,264468.5,-264485.8
2022-06-14 15:42:20,303792.1,-303804.6
2022-06-14 15:42:19,182738.8,-182758.1
2022-06-14 15:42:18,64734.73,-64759.41
2022-06-14 15:42:17,59537.81,-59556.1
2022-06-14 15:42:16,59859.14,-59875.67
2022-06-14 15:42:15,27248.08,-27265.37
2022-06-14 15:42:14,26863.25,-26875.76
2022-06-14 15:42:13,70688,-70707.28
2022-06-14 15:42:12,128907.14,-128931.81
2022-06-14 15:42:11,207534.2,-207552.5
2022-06-14 15:42:10,272000.2,-272016.8
2022-06-14 15:42:09,262235.9,-262253.4
2022-06-14 15:42:08,164545.88,-164558.63
2022-06-14 15:42:07,68982.85,-69002.13
2022-06-14 15:42:06,49134.57,-49159.24
2022-06-14 15:42:05,59039.61,-59057.9
2022-06-14 15:42:04,36050.55,-36067.09
2022-06-14 15:42:03,6567.857,-6585.15
2022-06-14 15:42:02,30648.82,-30661.33
2022-06-14 15:42:01,102169.13,-102188.42
2022-06-14 15:42:00,192071.4,-192096
2022-06-14 15:41:59,262083.8,-262102.1
2022-06-14 15:41:58,284004.3,-284020.8
2022-06-14 15:41:57,214006.5,-214023.7
2022-06-14 15:41:56,85452.03,-85464.5
2022-06-14 15:41:55,26020.26,-26039.65
2022-06-14 15:41:54,38504.78,-38529.93
2022-06-14 15:41:53,66653.51,-66672.57
2022-06-14 15:41:52,46275.7,-46290.18
2022-06-14 15:41:51,9656.899,-9674.235
2022-06-14 15:41:50,10238.849,-10253.312
2022-06-14 15:41:49,47170.62,-47186.17
2022-06-14 15:41:48,102031.58,-102051.15
2022-06-14 15:41:47,190525.5,-190541.3
2022-06-14 15:41:46,272640.5,-272653.6
2022-06-14 15:41:45,312754.7,-312764.4
2022-06-14 15:41:44,357793.9,-357784.2
2022-06-14 15:41:43,269242.8,-269213.5
2022-06-14 15:41:42,138892.61,-139116.82
2022-06-14 15:41:41,108687.11,-109287.84
2022-06-14 15:41:40,79275.1,-80243.01
2022-06-14 15:41:39,66440.05,-67117.53
2022-06-14 15:41:38,40642.17,-40656.22
2022-06-14 15:41:37,22299.22,-22308.72
2022-06-14 15:41:36,11022.955,-11023.395
2022-06-14 15:41:35,35.53168,-424.8765
2022-06-14 15:41:34,59.03213,-1288.117
2022-06-14 15:41:33,90.82452,-1785.364
2022-06-14 15:41:32,83.55567,-1767.587
2022-06-14 15:41:31,45.62861,-942.0399
2022-06-14 15:41:30,29.90196,-450.4687
2022-06-14 15:41:29,27.73435,-487.1423
2022-06-14 15:41:28,10.147997,-43.46314
2022-06-14 15:41:27,6.286011,-25.78561
2022-06-14 15:41:26,15153.092,-15168.659
2022-06-14 15:41:25,42191.79,-42218.21
2022-06-14 15:41:24,102506.28,-102536.99
2022-06-14 15:41:23,169451.1,-169476.4
2022-06-14 15:41:22,151212.96,-151241.15
2022-06-14 15:41:21,98194.43,-98213.91
2022-06-14 15:41:20,70827.6,-70843.16
2022-06-14 15:41:19,35714.3,-35733.29
2022-06-14 15:41:18,3335.438,-3355.483
2022-06-14 15:41:17,11216.077,-11233.504
2022-06-14 15:41:16,56303.32,-56325.64
2022-06-14 15:41:15,150897.34,-150914.35
2022-06-14 15:41:14,249569.2,-249582
2022-06-14 15:41:13,290994.9,-291013.9
2022-06-14 15:41:12,251098,-251118.1
2022-06-14 15:41:11,181947.8,-181965.2
2022-06-14 15:41:10,121399.19,-121421.51
2022-06-14 15:41:09,41420.01,-41437.02
2022-06-14 15:41:08,3.466163,-16.263198
2022-06-14 15:41:07,67.31664,-86.31133
2022-06-14 15:41:06,25080.63,-25100.67
2022-06-14 15:41:05,80369.12,-80386.54
2022-06-14 15:41:04,163291.24,-163313.57
2022-06-14 15:41:03,257536.7,-257553.7
2022-06-14 15:41:02,317716.4,-317729.2
2022-06-14 15:41:01,296952.5,-296971.5
2022-06-14 15:41:00,170163.5,-170183.6
2022-06-14 15:40:59,43557.21,-43574.64
2022-06-14 15:40:58,5.425199,-27.74576
2022-06-14 15:40:57,5.893434,-22.90151
2022-06-14 15:40:56,4436.727,-4449.524
2022-06-14 15:40:55,38920.13,-38939.13
2022-06-14 15:40:54,95468.33,-95488.37
2022-06-14 15:40:53,186577.2,-186594.7
2022-06-14 15:40:52,297173.4,-297195.8
2022-06-14 15:40:51,331758.6,-331775.7
2022-06-14 15:40:50,258793.6,-258806.4
2022-06-14 15:40:49,117642.11,-117661.1
2022-06-14 15:40:48,20971.97,-20992.01
2022-06-14 15:40:47,4.250073,-21.67259
2022-06-14 15:40:46,6.211054,-28.52753
2022-06-14 15:40:45,6.37856,-23.38641
2022-06-14 15:40:44,8220.009,-8232.806
2022-06-14 15:40:43,59956.03,-59975.02
2022-06-14 15:40:42,158690.39,-158710.43
2022-06-14 15:40:41,246243.8,-246261.2
2022-06-14 15:40:40,297472.4,-297494.7
2022-06-14 15:40:39,299979.3,-299996.3
2022-06-14 15:40:38,211841.1,-211854.1
2022-06-14 15:40:37,73754.78,-73773.95
2022-06-14 15:40:36,3112.293,-3132.678
2022-06-14 15:40:35,4.885744,-22.86494
2022-06-14 15:40:34,5.841381,-28.84849
2022-06-14 15:40:33,6.702491,-24.50548
2022-06-14 15:40:32,2252.275,-2265.457
2022-06-14 15:40:31,30347.51,-30363.14
2022-06-14 15:40:30,86512.64,-86528.67
2022-06-14 15:40:29,157670.74,-157684.58
2022-06-14 15:40:28,230234.4,-230251.5
2022-06-14 15:40:27,356108.5,-356123
2022-06-14 15:40:26,433877,-433879
2022-06-14 15:40:25,315405.6,-315381.3
2022-06-14 15:40:24,223592.1,-223561.8
2022-06-14 15:40:23,152028.27,-151997.59
2022-06-14 15:40:22,35786.15,-35757.81
2022-06-14 15:40:21,1172.6191,-1167.2194
2022-06-14 15:40:20,26.67113,-32.56202
2022-06-14 15:40:19,12.874843,-27.41192
2022-06-14 15:40:18,17.63391,-33.43211
2022-06-14 15:40:17,13.625051,-404.7599
2022-06-14 15:40:16,51.05599,-1654.4893
2022-06-14 15:40:15,112.50621,-2618.418
2022-06-14 15:40:14,110.57147,-2254.421
2022-06-14 15:40:13,51.62932,-967.9892
2022-06-14 15:40:12,5.85592,-25.80595
2022-06-14 15:40:11,2.656704,-20.40748
2022-06-14 15:40:10,4.257863,-21.39716
2022-06-14 15:40:09,5.545452,-22.28809
2022-06-14 15:40:08,6.424201,-29.40526
2022-06-14 15:40:07,9.457264,-36.75391
2022-06-14 15:40:06,54995.42,-55022.88
2022-06-14 15:40:05,155309.4,-155337.57
2022-06-14 15:40:04,215694,-215719.1
2022-06-14 15:40:03,215699.9,-215719.4
2022-06-14 15:40:02,115670.6,-115693.53
2022-06-14 15:40:01,14535.118,-14554.979
2022-06-14 15:40:00,3.107393,-17.36362
2022-06-14 15:39:59,5.800122,-23.51161
2022-06-14 15:39:58,1651.9954,-1669.1079
2022-06-14 15:39:57,62371.08,-62387.8
2022-06-14 15:39:56,164288.27,-164311.19
2022-06-14 15:39:55,238482.9,-238502.8
2022-06-14 15:39:54,296691.6,-296706.1
2022-06-14 15:39:53,309859.2,-310371.7
2022-06-14 15:39:52,217426.2,-217995.8
2022-06-14 15:39:51,66560.44,-66577.16
2022-06-14 15:39:50,5.592582,-28.51557
2022-06-14 15:39:49,5.217575,-25.07933
2022-06-14 15:39:48,5.857732,-20.11367
2022-06-14 15:39:47,15154.233,-15171.944
2022-06-14 15:39:46,91339.11,-91356.22
2022-06-14 15:39:45,195131.2,-195147.9
2022-06-14 15:39:44,266970.5,-266993.5
2022-06-14 15:39:43,305352.6,-305372.5
2022-06-14 15:39:42,274855,-274869.2
2022-06-14 15:39:41,162033.81,-162051.52
2022-06-14 15:39:40,42767.76,-42784.93
2022-06-14 15:39:39,4.932713,-21.71867
2022-06-14 15:39:38,6.378559,-29.30226
2022-06-14 15:39:37,800.5046,-820.3664
2022-06-14 15:39:36,38076.14,-38090.39
2022-06-14 15:39:35,114981.41,-114999.12
2022-06-14 15:39:34,188477.5,-188494.6
2022-06-14 15:39:33,233661.7,-233675.9
2022-06-14 15:39:32,265421.9,-265444.5
2022-06-14 15:39:31,250566.5,-250589.2
2022-06-14 15:39:30,182295.6,-182309.9
2022-06-14 15:39:29,85121.85,-85139.56
2022-06-14 15:39:28,3195.024,-3212.137
2022-06-14 15:39:27,3.892966,-18.14835
2022-06-14 15:39:26,71.58022,-94.26835
2022-06-14 15:39:25,25200.16,-25222.74
2022-06-14 15:39:24,87242.92,-87257.15
2022-06-14 15:39:23,155458.88,-155476.59
2022-06-14 15:39:22,197684,-197701.1
2022-06-14 15:39:21,216686.5,-216700.8
2022-06-14 15:39:20,239955.5,-239978.1
2022-06-14 15:39:19,241745.7,-241768.5
2022-06-14 15:39:18,151883.78,-151898.23
2022-06-14 15:39:17,35810.6,-35828.42
2022-06-14 15:39:16,5.551592,-23.20937
2022-06-14 15:39:15,4.771283,-19.43995
2022-06-14 15:39:14,1519.8856,-1541.5913
2022-06-14 15:39:13,17432.15,-17454.15
2022-06-14 15:39:12,76962.54,-76976.04
2022-06-14 15:39:11,118051.43,-118065.41
2022-06-14 15:39:10,143387.11,-143401.55
2022-06-14 15:39:09,203462.5,-203471
2022-06-14 15:39:08,231110.8,-231114.2
2022-06-14 15:39:07,319130,-319133.8
2022-06-14 15:39:06,348256.6,-348247.2
2022-06-14 15:39:05,258238.2,-258217.5
2022-06-14 15:39:04,199242.6,-199230.7
2022-06-14 15:39:03,104620.93,-104599.51
2022-06-14 15:39:02,26040.97,-26013.36
2022-06-14 15:39:01,39.79793,-38.97435
2022-06-14 15:39:00,17.38389,-20.72659
2022-06-14 15:38:59,36.30427,-442.8011
2022-06-14 15:38:58,27.14925,-489.1171
2022-06-14 15:38:57,26.57048,-18.12714
2022-06-14 15:38:56,55.16851,-839.4782
2022-06-14 15:38:55,90.54884,-1367.9675
2022-06-14 15:38:54,6859.221,-9269.068
2022-06-14 15:38:53,7593.878,-9819.848
2022-06-14 15:38:52,6.476607,-28.54916
2022-06-14 15:38:51,4.612787,-24.40555
2022-06-14 15:38:50,22801.49,-22184.59
2022-06-14 15:38:49,25483.99,-25149.98
2022-06-14 15:38:48,11.076079,-435.3244
2022-06-14 15:38:47,14217.859,-14246.618
2022-06-14 15:38:46,79049.62,-79069.21
2022-06-14 15:38:45,120969.96,-120989.44
2022-06-14 15:38:44,148581.47,-148599.49
2022-06-14 15:38:43,215786.2,-215800.6
2022-06-14 15:38:42,146227.7,-146249.34
2022-06-14 15:38:41,49364.89,-49388.4
2022-06-14 15:38:40,84139.47,-84156.3
2022-06-14 15:38:39,112451.48,-112468.48
2022-06-14 15:38:38,78140.34,-78155.6
2022-06-14 15:38:37,55693.28,-55707.65
2022-06-14 15:38:36,97975.71,-97994.89
2022-06-14 15:38:35,160355.93,-160711.57
2022-06-14 15:38:34,201762.6,-202153.7
2022-06-14 15:38:33,224263.1,-224280.1
2022-06-14 15:38:32,184115.6,-184130.8
2022-06-14 15:38:31,92743.53,-92757.89
2022-06-14 15:38:30,72417.76,-72436.94
2022-06-14 15:38:29,104993.21,-105016.42
2022-06-14 15:38:28,119811.32,-119830.89
2022-06-14 15:38:27,72014.69,-72031.7
2022-06-14 15:38:26,65775.86,-65791.11
2022-06-14 15:38:25,128586.4,-128600.77
2022-06-14 15:38:24,180471.5,-180490.9
2022-06-14 15:38:23,210010.6,-210034.1
2022-06-14 15:38:22,201617.3,-201636.8
2022-06-14 15:38:21,161124.26,-161141.27
2022-06-14 15:38:20,70186.92,-70202.18
2022-06-14 15:38:19,37057.6,-37071.97
2022-06-14 15:38:18,89896.07,-89912.79
2022-06-14 15:38:17,108760.4,-108783.33
2022-06-14 15:38:16,101463.74,-101486.05
2022-06-14 15:38:15,124216.45,-124233.46
2022-06-14 15:38:14,168581.2,-168596.5
2022-06-14 15:38:13,169154.3,-169168.7
2022-06-14 15:38:12,134300.56,-134317.28
2022-06-14 15:38:11,144333.81,-144356.73
2022-06-14 15:38:10,156652.18,-156674.3
2022-06-14 15:38:09,103710.73,-103727.7
2022-06-14 15:38:08,58297.26,-58312.77
2022-06-14 15:38:07,73494.81,-73509.22
2022-06-14 15:38:06,96046.95,-96063.67
2022-06-14 15:38:05,84116.59,-84139.51
2022-06-14 15:38:04,119118.02,-119140.33
2022-06-14 15:38:03,181044,-181058.5
2022-06-14 15:38:02,174167.5,-174182.5
2022-06-14 15:38:01,141783.62,-141800.73
2022-06-14 15:38:00,118082.85,-118099.55
2022-06-14 15:37:59,152364.47,-152387.54
2022-06-14 15:37:58,157109.15,-157131.83
2022-06-14 15:37:57,103681.79,-103696.72
2022-06-14 15:37:56,77850.75,-77863.48
2022-06-14 15:37:55,84488.47,-84505.26
2022-06-14 15:37:54,83317.42,-83335.82
2022-06-14 15:37:53,57701.41,-57722.15
2022-06-14 15:37:52,63929.82,-63949.99
2022-06-14 15:37:51,101249.35,-101262.78
2022-06-14 15:37:50,166093.45,-166105.93
2022-06-14 15:37:49,218057.3,-218068.5
2022-06-14 15:37:48,192568.5,-192566.7
2022-06-14 15:37:47,169682.1,-169672.5
2022-06-14 15:37:46,170811.4,-170807.1
2022-06-14 15:37:45,136054.99,-136614.61
2022-06-14 15:37:44,134594.17,-135216.69
2022-06-14 15:37:43,141133.79,-141131.12
2022-06-14 15:37:42,89674.81,-89669.32
2022-06-14 15:37:41,59430.43,-59421.62
2022-06-14 15:37:40,88689.07,-88676.37
2022-06-14 15:37:39,110386.95,-110764.68
2022-06-14 15:37:38,71829.48,-73075.42
2022-06-14 15:37:37,38316.77,-39230.06
2022-06-14 15:37:36,25601.85,-25604.87
2022-06-14 15:37:35,10202.566,-10589.875
2022-06-14 15:37:34,60.8507,-901.1074
2022-06-14 15:37:33,1313.1323,-923.5093
2022-06-14 15:37:32,3775.4,-2837.076
2022-06-14 15:37:31,2618.327,-3026.95
2022-06-14 15:37:30,281.5586,-495.5778
2022-06-14 15:37:29,1063.2291,-462.3185
2022-06-14 15:37:28,852.0604,-499.2277
2022-06-14 15:37:27,487.9508,-29.73819
2022-06-14 15:37:26,597.2419,-81.49478
2022-06-14 15:37:25,17150.26,-16809.45
2022-06-14 15:37:24,53248.3,-52868.1
2022-06-14 15:37:23,106929.72,-106945.27
2022-06-14 15:37:22,153663.41,-153677.49
2022-06-14 15:37:21,195849.5,-195866.5
2022-06-14 15:37:20,229113,-229128.3
2022-06-14 15:37:19,183323.4,-183762.7
2022-06-14 15:37:18,105920.53,-106409.57
2022-06-14 15:37:17,86561.85,-86577.11
2022-06-14 15:37:16,87310.26,-87845.79
2022-06-14 15:37:15,59677.47,-60274.1
2022-06-14 15:37:14,41947.57,-41962.82
2022-06-14 15:37:13,52775.31,-52797.05
2022-06-14 15:37:12,107675.66,-107698.17
2022-06-14 15:37:11,176272.9,-176288.2
2022-06-14 15:37:10,231275,-231291.8
2022-06-14 15:37:09,238634.4,-238651.4
2022-06-14 15:37:08,178465.3,-178480.5
2022-06-14 15:37:07,122658.83,-122680.57
2022-06-14 15:37:06,112282.54,-112302.58
2022-06-14 15:37:05,84458.59,-84473.56
2022-06-14 15:37:04,29149.9,-29169.46
2022-06-14 15:37:03,10470.523,-10487.531
2022-06-14 15:37:02,52555.82,-52571.08
2022-06-14 15:37:01,130444.18,-130465.92
2022-06-14 15:37:00,211905.4,-211925.4
2022-06-14 15:36:59,249693.5,-249708.5
2022-06-14 15:36:58,223015.5,-223035.1
2022-06-14 15:36:57,169243.7,-169260.7
2022-06-14 15:36:56,142961.34,-142976.6
2022-06-14 15:36:55,115889.02,-115910.76
2022-06-14 15:36:54,46356.87,-46376.92
2022-06-14 15:36:53,66.69412,-81.86894
2022-06-14 15:36:52,22586.22,-22606.02
2022-06-14 15:36:51,70353.84,-70370.85
2022-06-14 15:36:50,139375.31,-139390.57
2022-06-14 15:36:49,201560,-201581.8
2022-06-14 15:36:48,231277.7,-231297.7
2022-06-14 15:36:47,214600.9,-214615.9
2022-06-14 15:36:46,183913.7,-184487.8
2022-06-14 15:36:45,161044.02,-161680.62
2022-06-14 15:36:44,95733.53,-95748.78
2022-06-14 15:36:43,31784.42,-31806.16
2022-06-14 15:36:42,6.288462,-26.32946
2022-06-14 15:36:41,8057.283,-8072.247
2022-06-14 15:36:40,46401.26,-46420.83
2022-06-14 15:36:39,145200.63,-145217.63
2022-06-14 15:36:38,218468.5,-218483.7
2022-06-14 15:36:37,214540.2,-214562
2022-06-14 15:36:36,204507.8,-204527.9
2022-06-14 15:36:35,185556.1,-185571
2022-06-14 15:36:34,172394.2,-172414
2022-06-14 15:36:33,117341.96,-117359.32
2022-06-14 15:36:32,49606.8,-49622.43
2022-06-14 15:36:31,22648.36,-22665.37
2022-06-14 15:36:30,5.407698,-25.1779
2022-06-14 15:36:29,5158.416,-5178.227
2022-06-14 15:36:28,44727.94,-44745.36
2022-06-14 15:36:27,90723.96,-90738.65
2022-06-14 15:36:26,117014.04,-117027.93
2022-06-14 15:36:25,169731.6,-169747.4
2022-06-14 15:36:24,213951.2,-213962.9
2022-06-14 15:36:23,275539,-275536.6
2022-06-14 15:36:22,301844.2,-301832.6
2022-06-14 15:36:21,229431.5,-229423.6
2022-06-14 15:36:20,183867.9,-183863.4
2022-06-14 15:36:19,129728.13,-129707.64
2022-06-14 15:36:18,70700.22,-70681.38
2022-06-14 15:36:17,62427.48,-62426.16
2022-06-14 15:36:16,49327.24,-49321.73
2022-06-14 15:36:15,32939.53,-33340.71
2022-06-14 15:36:14,16904.34,-17344.9
2022-06-14 15:36:13,411.1785,-802.5322
2022-06-14 15:36:12,30.73776,-882.5568
2022-06-14 15:36:11,50.11283,-480.9346
2022-06-14 15:36:10,78.58518,-1267.7528
2022-06-14 15:36:09,4709.856,-4713.89
2022-06-14 15:36:08,16003.083,-14498.662
2022-06-14 15:36:07,14417.627,-12881.056
2022-06-14 15:36:06,15530.763,-15730.096
2022-06-14 15:36:05,15190.213,-16559.245
2022-06-14 15:36:04,21909.47,-21407.88
2022-06-14 15:36:03,23485.47,-23896.95
2022-06-14 15:36:02,5.228205,-22.95558
2022-06-14 15:36:01,2052.326,-2069.447
2022-06-14 15:36:00,43842.93,-43859.65
2022-06-14 15:35:59,108402.07,-108422.55
2022-06-14 15:35:58,152626.12,-152645.7
2022-06-14 15:35:57,202598.8,-202980.3
2022-06-14 15:35:56,246824.6,-249497.5
2022-06-14 15:35:55,223379.9,-225909.3
2022-06-14 15:35:54,150987.34,-151004.07
2022-06-14 15:35:53,106358.5,-106378.97
2022-06-14 15:35:52,62246.93,-62266.5
2022-06-14 15:35:51,16153.67,-16170.677
2022-06-14 15:35:50,10483.686,-10501.402
2022-06-14 15:35:49,47758.89,-47776
2022-06-14 15:35:48,117848.54,-117865.26
2022-06-14 15:35:47,205829.2,-205849.7
2022-06-14 15:35:46,268258.7,-268278.3
2022-06-14 15:35:45,252765.5,-255136.9
2022-06-14 15:35:44,205751.8,-208759.4
2022-06-14 15:35:43,163859.57,-164278.09
2022-06-14 15:35:42,72416.44,-72834.24
2022-06-14 15:35:41,4803.988,-5272.673
2022-06-14 15:35:40,5.632139,-25.20443
2022-06-14 15:35:39,11279.802,-11296.811
2022-06-14 15:35:38,67648.52,-67666.23
2022-06-14 15:35:37,155353.48,-155370.63
2022-06-14 15:35:36,238913.7,-238930.5
2022-06-14 15:35:35,256999.6,-257017.6
2022-06-14 15:35:34,205618.1,-205637.3
2022-06-14 15:35:33,196483,-196502.8
2022-06-14 15:35:32,171673.6,-171691.4
2022-06-14 15:35:31,68595.69,-68612.8
2022-06-14 15:35:30,2676.131,-2692.851
2022-06-14 15:35:29,6.494371,-24.49886
2022-06-14 15:35:28,19997.59,-20016.87
2022-06-14 15:35:27,86533.4,-86553.15
2022-06-14 15:35:26,169313.9,-169331.6
2022-06-14 15:35:25,241289.1,-241306.2
2022-06-14 15:35:24,264220.1,-264237
2022-06-14 15:35:23,245302,-245320.2
2022-06-14 15:35:22,196666.5,-196685.8
2022-06-14 15:35:21,111398.13,-111415.42
2022-06-14 15:35:20,41729.74,-41747.16
2022-06-14 15:35:19,2369.824,-2389.681
2022-06-14 15:35:18,4.644063,-21.3631
2022-06-14 15:35:17,5029.488,-5047.493
2022-06-14 15:35:16,45384.49,-45403.77
2022-06-14 15:35:15,134587.67,-134604.97
2022-06-14 15:35:14,194135,-194152.4
2022-06-14 15:35:13,198639.7,-198659.6
2022-06-14 15:35:12,235139.3,-235156
2022-06-14 15:35:11,250453.3,-250471.3
2022-06-14 15:35:10,198993.1,-199012.5
2022-06-14 15:35:09,103639.4,-103656.94
2022-06-14 15:35:08,14575.736,-14593.334
2022-06-14 15:35:07,5.830227,-26.20786
2022-06-14 15:35:06,6.111793,-23.41396
2022-06-14 15:35:05,2252.041,-2269.4
2022-06-14 15:35:04,26391.39,-26408.74
2022-06-14 15:35:03,88973.59,-88989.74
2022-06-14 15:35:02,139635.5,-139648.07
2022-06-14 15:35:01,169137.4,-169153.1
2022-06-14 15:35:00,214224.8,-214234.6
2022-06-14 15:34:59,257717.2,-257717.9
2022-06-14 15:34:58,312872.1,-312867.2
2022-06-14 15:34:57,291572,-291563.3
2022-06-14 15:34:56,189316.4,-189291.7
2022-06-14 15:34:55,124682.28,-124657.16
2022-06-14 15:34:54,67423.17,-67762.43
2022-06-14 15:34:53,18028.49,-18409.69
2022-06-14 15:34:52,421.861,-428.6273
2022-06-14 15:34:51,11.905537,-26.12025
2022-06-14 15:34:50,25.95011,-424.7584
2022-06-14 15:34:49,51.40167,-901.2861
2022-06-14 15:34:48,41.75708,-496.1926
2022-06-14 15:34:47,48.71143,-1228.2525
2022-06-14 15:34:46,89.33173,-2224.646
2022-06-14 15:34:45,1102.4047,-1002.3379
2022-06-14 15:34:44,1180.9841,-464.3773
2022-06-14 15:34:43,2785.57,-501.2844
2022-06-14 15:34:42,4088.321,-321.3446
2022-06-14 15:34:41,25373.81,-24599.31
2022-06-14 15:34:40,29126.54,-29466.61
2022-06-14 15:34:39,2243.527,-3009.52
2022-06-14 15:34:38,7.202053,-462.9285
2022-06-14 15:34:37,8945.165,-8962.233
2022-06-14 15:34:36,59379.47,-59396.49
2022-06-14 15:34:35,118789.02,-118806.75
2022-06-14 15:34:34,148960.75,-148980.33
2022-06-14 15:34:33,204929.8,-205521.2
2022-06-14 15:34:32,268896.5,-269553.6
2022-06-14 15:34:31,271898.6,-271915.4
2022-06-14 15:34:30,169486.5,-169503.5
2022-06-14 15:34:29,41244.39,-41262.1
2022-06-14 15:34:28,5.978799,-25.54663
2022-06-14 15:34:27,136.77651,-156.24418
2022-06-14 15:34:26,34255.01,-34273.01
2022-06-14 15:34:25,100627.06,-100643.89
2022-06-14 15:34:24,161276.22,-161290.77
2022-06-14 15:34:23,190241.1,-190258.5
2022-06-14 15:34:22,212242.6,-212264.9
2022-06-14 15:34:21,242347.9,-242367.3
2022-06-14 15:34:20,232912.1,-232930.1
2022-06-14 15:34:19,146103.47,-146120.29
2022-06-14 15:34:18,33124.54,-33139.09
2022-06-14 15:34:17,4.088426,-19.05516
2022-06-14 15:34:16,131.50388,-153.53154
2022-06-14 15:34:15,35112.34,-35134.55
2022-06-14 15:34:14,130825.83,-130843.83
2022-06-14 15:34:13,221870.1,-221886.9
2022-06-14 15:34:12,228971.1,-228985.6
2022-06-14 15:34:11,188136.2,-188151.1
2022-06-14 15:34:10,207295.4,-207317.4
2022-06-14 15:34:09,212690.1,-212712.4
2022-06-14 15:34:08,108208.78,-108224.32
2022-06-14 15:34:07,17785.22,-17801.76
2022-06-14 15:34:06,5.027905,-22.32506
2022-06-14 15:34:05,5952.844,-5967.812
2022-06-14 15:34:04,51553.42,-51575.45
2022-06-14 15:34:03,148692.94,-148715.15
2022-06-14 15:34:02,225396.6,-225412.2
2022-06-14 15:34:01,216894.9,-216911.4
2022-06-14 15:34:00,185799.6,-185816.9
2022-06-14 15:33:59,197138.3,-197153.3
2022-06-14 15:33:58,188418.2,-188440.3
2022-06-14 15:33:57,110482.73,-110504.95
2022-06-14 15:33:56,26982.92,-26998.47
2022-06-14 15:33:55,4.844313,-21.37614
2022-06-14 15:33:54,5.519145,-23.02367
2022-06-14 15:33:53,4482.709,-4497.913
2022-06-14 15:33:52,64938.7,-64960.73
2022-06-14 15:33:51,166483.59,-166505.8
2022-06-14 15:33:50,249333.4,-249348.9
2022-06-14 15:33:49,260945.4,-260961.9
2022-06-14 15:33:48,199634.5,-199651.8
2022-06-14 15:33:47,176796.7,-176811.7
2022-06-14 15:33:46,142391.95,-142413.92
2022-06-14 15:33:45,72653.26,-72675.75
2022-06-14 15:33:44,24539.4,-24555.71
2022-06-14 15:33:43,5.236892,-22.15375
2022-06-14 15:33:42,5.466876,-23.09325
2022-06-14 15:33:41,69.86152,-470.0939
2022-06-14 15:33:40,23161.88,-23957.44
2022-06-14 15:33:39,87163.67,-87567.33
2022-06-14 15:33:38,166013.59,-166129.74
2022-06-14 15:33:37,260258.5,-260872.3
2022-06-14 15:33:36,311195.4,-311751.1
2022-06-14 15:33:35,323033.5,-323037
2022-06-14 15:33:34,303362.9,-303343.7
2022-06-14 15:33:33,211776.5,-211748.2
2022-06-14 15:33:32,140387.35,-140374.29
2022-06-14 15:33:31,117647.86,-117637.31
2022-06-14 15:33:30,75579.51,-75560.37
2022-06-14 15:33:29,11872.62,-11859.927
2022-06-14 15:33:28,29.12685,-36.60151
2022-06-14 15:33:27,9.694454,-22.88391
2022-06-14 15:33:26,19.12428,-21.31132
2022-06-14 15:33:25,43.11751,-438.3362
2022-06-14 15:33:24,64.99354,-1302.8276
2022-06-14 15:33:23,83.24903,-1763.032
2022-06-14 15:33:22,82.43454,-1764.111
2022-06-14 15:33:21,6855.994,-7241.563
2022-06-14 15:33:20,17660.75,-16614.705
2022-06-14 15:33:19,12236.482,-11145.27
2022-06-14 15:33:18,1529.8612,-529.514
2022-06-14 15:33:17,3985.036,-53.1753
2022-06-14 15:33:16,3952.099,-49.20954
2022-06-14 15:33:15,9.780759,-1809.665
2022-06-14 15:33:14,10.333151,-2017.706
2022-06-14 15:33:13,11990.725,-12007.557
2022-06-14 15:33:12,72837.22,-72854.23
2022-06-14 15:33:11,148139.72,-148159.91
2022-06-14 15:33:10,203441.1,-203463.4
2022-06-14 15:33:09,211239.4,-211256.3
2022-06-14 15:33:08,218964.1,-218979.6
2022-06-14 15:33:07,240604.3,-240621.5
2022-06-14 15:33:06,157348.04,-157365.05
2022-06-14 15:33:05,46841.78,-46861.96
2022-06-14 15:33:04,6.650174,-28.97071
2022-06-14 15:33:03,5.985528,-22.99283
2022-06-14 15:33:02,22808.45,-22823.7
2022-06-14 15:33:01,98592.56,-98609.39
2022-06-14 15:33:00,184461.9,-184479
2022-06-14 15:32:59,220488.4,-220508.6
2022-06-14 15:32:58,232362.9,-232385.2
2022-06-14 15:32:57,253211.7,-253228.7
2022-06-14 15:32:56,220910,-220925.2
2022-06-14 15:32:55,114677.9,-114694.73
2022-06-14 15:32:54,27422.19,-27439.2
2022-06-14 15:32:53,5.661185,-25.83625
2022-06-14 15:32:52,150.11129,-172.4316
2022-06-14 15:32:51,31766.2,-31783.21
2022-06-14 15:32:50,115744.6,-115759.86
2022-06-14 15:32:49,196167.7,-196182.1
2022-06-14 15:32:48,248509.3,-248526
2022-06-14 15:32:47,272506.5,-272529.5
2022-06-14 15:32:46,263321.4,-263343.7
2022-06-14 15:32:45,175721,-175738
2022-06-14 15:32:44,45499.15,-45514.41
2022-06-14 15:32:43,3.435804,-17.79992
2022-06-14 15:32:42,5.868885,-22.5876
2022-06-14 15:32:41,16064.677,-16085.142
2022-06-14 15:32:40,54232.05,-54254.08
2022-06-14 15:32:39,109404.96,-109424.72
2022-06-14 15:32:38,178428.8,-178444
2022-06-14 15:32:37,255592.6,-255607
2022-06-14 15:32:36,287817.7,-287834.4
2022-06-14 15:32:35,246982.2,-247002.7
2022-06-14 15:32:34,154748.68,-154770.71
2022-06-14 15:32:33,44409.56,-44429.31
2022-06-14 15:32:32,4.94493,-20.20093
2022-06-14 15:32:31,4.360074,-18.72425
2022-06-14 15:32:30,5.822921,-22.53841
2022-06-14 15:32:29,10958.779,-10979.238
2022-06-14 15:32:28,56615.05,-56637.08
2022-06-14 15:32:27,156673.85,-156693.6
2022-06-14 15:32:26,254840.1,-255454.3
2022-06-14 15:32:25,297058.4,-297742
2022-06-14 15:32:24,252963.3,-252980
2022-06-14 15:32:23,169278.9,-169297.1
2022-06-14 15:32:22,107298.26,-107320.34
2022-06-14 15:32:21,36681.67,-36704.47
2022-06-14 15:32:20,3163.167,-3178.976
2022-06-14 15:32:19,5.434433,-20.40414
2022-06-14 15:32:18,4.667128,-21.54891
2022-06-14 15:32:17,2312.094,-2330.398
2022-06-14 15:32:16,31382.71,-31400.2
2022-06-14 15:32:15,100967.17,-100983.27
2022-06-14 15:32:14,168153.5,-168167.5
2022-06-14 15:32:13,244138.1,-244152.6
2022-06-14 15:32:12,303004,-303013.8
2022-06-14 15:32:11,310292.7,-310283.2
2022-06-14 15:32:10,282143.1,-282119.6
2022-06-14 15:32:09,207468,-207450.4
2022-06-14 15:32:08,160641.44,-160631.76
2022-06-14 15:32:07,108582.76,-108572.81
2022-06-14 15:32:06,41083.51,-41069.07
2022-06-14 15:32:05,12230.959,-12223.909
2022-06-14 15:32:04,21.18708,-26.87489
2022-06-14 15:32:03,10.100169,-23.21
2022-06-14 15:32:02,36.83429,-30.41727
2022-06-14 15:32:01,61.92881,-1259.379
2022-06-14 15:32:00,67.15393,-1809.036
2022-06-14 15:31:59,77.00715,-1706.282
2022-06-14 15:31:58,72.66792,-1822.869
2022-06-14 15:31:57,2405.021,-532.2378
2022-06-14 15:31:56,6161.552,-3560.676
2022-06-14 15:31:55,8356.534,-5562.759
2022-06-14 15:31:54,19611.89,-14059.169
2022-06-14 15:31:53,23854.57,-21621.32
2022-06-14 15:31:52,8362.148,-8900.174
2022-06-14 15:31:51,9.94568,-614.7277
2022-06-14 15:31:50,8.481294,-675.1009
2022-06-14 15:31:49,1024.5557,-1501.2531
2022-06-14 15:31:48,38459.95,-38996.37
2022-06-14 15:31:47,119363.69,-119379.25
2022-06-14 15:31:46,218671.4,-218687.9
2022-06-14 15:31:45,310726.3,-310753.4
2022-06-14 15:31:44,318201.5,-318222.6
2022-06-14 15:31:43,212370.6,-212382.2
2022-06-14 15:31:42,82192.84,-82209.56
2022-06-14 15:31:41,15939.607,-15955.152
2022-06-14 15:31:40,5.676093,-22.21104
2022-06-14 15:31:39,8.360924,-35.70375
2022-06-14 15:31:38,5152.488,-5173.762
2022-06-14 15:31:37,49306.04,-49568.86
2022-06-14 15:31:36,155322.96,-155620.38
2022-06-14 15:31:35,285731.3,-285746.8
2022-06-14 15:31:34,356925.5,-357494.7
2022-06-14 15:31:33,272266.7,-272909
2022-06-14 15:31:32,133481.01,-133501.76
2022-06-14 15:31:31,67024.5,-67038.87
2022-06-14 15:31:30,21753.78,-21770.5
2022-06-14 15:31:29,4.622516,-20.1673
2022-06-14 15:31:28,6.022973,-22.5582
2022-06-14 15:31:27,11362.003,-11384.219
2022-06-14 15:31:26,66949.16,-66969.62
2022-06-14 15:31:25,168565,-168582.1
2022-06-14 15:31:24,281443.5,-281460.2
2022-06-14 15:31:23,344157.2,-344172.7
2022-06-14 15:31:22,300675.1,-300691.6
2022-06-14 15:31:21,152996.92,-153019.13
2022-06-14 15:31:20,24940.69,-24961.14
2022-06-14 15:31:19,4.107122,-21.21577
2022-06-14 15:31:18,5.279701,-21.999
2022-06-14 15:31:17,5.847519,-21.39244
2022-06-14 15:31:16,10311.887,-10325.962
2022-06-14 15:31:15,84403.13,-84422.39
2022-06-14 15:31:14,200618.3,-203136.1
2022-06-14 15:31:13,313887,-316694.6
2022-06-14 15:31:12,364315.1,-364331.8
2022-06-14 15:31:11,264571.2,-264586.8
2022-06-14 15:31:10,115094.49,-115108.57
2022-06-14 15:31:09,24752.53,-24772
2022-06-14 15:31:08,5.153687,-28.06514
2022-06-14 15:31:07,5.217376,-25.07405
2022-06-14 15:31:06,6.065458,-22.78071
2022-06-14 15:31:05,7.118544,-22.65922
2022-06-14 15:31:04,28171.58,-28185.65
2022-06-14 15:31:03,126226.75,-126246.22
2022-06-14 15:31:02,266761.3,-266784.2
2022-06-14 15:31:01,391061.1,-391080.9
2022-06-14 15:31:00,366877.5,-366894.2
2022-06-14 15:30:59,179775.6,-179791.2
2022-06-14 15:30:58,43042.56,-43056.61
2022-06-14 15:30:57,6058.393,-6077.771
2022-06-14 15:30:56,5.15255,-28.30988
2022-06-14 15:30:55,6.788866,-27.77941
2022-06-14 15:30:54,6.251327,-23.79437
2022-06-14 15:30:53,7.032404,-23.17931
2022-06-14 15:30:52,4494.46,-4506.819
2022-06-14 15:30:51,44419.5,-44435.09
2022-06-14 15:30:50,110990.77,-111008.83
2022-06-14 15:30:49,230533,-230548.9
2022-06-14 15:30:48,378541.1,-378555.4
2022-06-14 15:30:47,423491.5,-423504.4
2022-06-14 15:30:46,333307.1,-333302.5
2022-06-14 15:30:45,204043.3,-203997.5
2022-06-14 15:30:44,106059.11,-106010.93
2022-06-14 15:30:43,45035.75,-45022.8
2022-06-14 15:30:42,22534.38,-22524.06
2022-06-14 15:30:41,45.74241,-44.58858
2022-06-14 15:30:40,17.50381,-32.90699
2022-06-14 15:30:39,7.904093,-20.42678
2022-06-14 15:30:38,10.191391,-21.06044
2022-06-14 15:30:37,36.99866,-428.6446
2022-06-14 15:30:36,95.27054,-1700.615
2022-06-14 15:30:35,120.88509,-3036.319
2022-06-14 15:30:34,77.38021,-2297.19
2022-06-14 15:30:33,26.65605,-513.7937
2022-06-14 15:30:32,13298.586,-9701.063
2022-06-14 15:30:31,21512.79,-16999.16
2022-06-14 15:30:30,24028.95,-22230.36
2022-06-14 15:30:29,23223.68,-21258.88
2022-06-14 15:30:28,5236.023,-4619.018
2022-06-14 15:30:27,3.293265,-20.30916
2022-06-14 15:30:26,3.881462,-21.60806
2022-06-14 15:30:25,150.9125,-170.4982
2022-06-14 15:30:24,16670.839,-16687.855
2022-06-14 15:30:23,79147.59,-79165.31
2022-06-14 15:30:22,178251.5,-178271.1
2022-06-14 15:30:21,263561.7,-263578.7
2022-06-14 15:30:20,290944.6,-290962.3
2022-06-14 15:30:19,255447.7,-255467.2
2022-06-14 15:30:18,169947.3,-169964.3
2022-06-14 15:30:17,61859.4,-61877.12
2022-06-14 15:30:16,3998.352,-4017.924
2022-06-14 15:30:15,4.911201,-21.91955
2022-06-14 15:30:14,6.377527,-24.09276
2022-06-14 15:30:13,19102.3,-19121.88
2022-06-14 15:30:12,93136.67,-93153.67
2022-06-14 15:30:11,197273.2,-197290.9
2022-06-14 15:30:10,276201.2,-276220.8
2022-06-14 15:30:09,313634.5,-313651.5
2022-06-14 15:30:08,270044.4,-270062.4
2022-06-14 15:30:07,142583.32,-142603.13
2022-06-14 15:30:06,33056.51,-33073.52
2022-06-14 15:30:05,4.759996,-22.47623
2022-06-14 15:30:04,5.539879,-25.1086
2022-06-14 15:30:03,78.54235,-95.54616
2022-06-14 15:30:02,27868.96,-27884.21
2022-06-14 15:30:01,123801.74,-124161.18
2022-06-14 15:30:00,223272.3,-223675
2022-06-14 15:29:59,291679,-292449.8
2022-06-14 15:29:58,299560.2,-300418.2
2022-06-14 15:29:57,228392.2,-229512.4
2022-06-14 15:29:56,124917.11,-126165.02
2022-06-14 15:29:55,25902.98,-25919.81
2022-06-14 15:29:54,5.604252,-25.07227
2022-06-14 15:29:53,6.367276,-26.83119
2022-06-14 15:29:52,1857.761,-1877.329
2022-06-14 15:29:51,31317.68,-31334.69
2022-06-14 15:29:50,127718.69,-127733.95
2022-06-14 15:29:49,239112.6,-239129.4
2022-06-14 15:29:48,292313.7,-292333.2
2022-06-14 15:29:47,313688.2,-313708.6
2022-06-14 15:29:46,240239.9,-240259.4
2022-06-14 15:29:45,114976.97,-114993.97
2022-06-14 15:29:44,41973.31,-41988.57
2022-06-14 15:29:43,4.475528,-21.29911
2022-06-14 15:29:42,4.772194,-24.23979
2022-06-14 15:29:41,6.714186,-27.175
2022-06-14 15:29:40,2141.131,-2160.695
2022-06-14 15:29:39,52339.1,-52356.1
2022-06-14 15:29:38,164979.48,-164994.74
2022-06-14 15:29:37,256360.2,-256377
2022-06-14 15:29:36,284640.5,-284660
2022-06-14 15:29:35,278281,-278301.4
2022-06-14 15:29:34,225836.3,-225855.8
2022-06-14 15:29:33,99103.67,-99120.81
2022-06-14 15:29:32,7339.378,-7354.991
2022-06-14 15:29:31,5.723518,-22.9029
2022-06-14 15:29:30,5.234262,-25.03498
2022-06-14 15:29:29,6.494689,-27.45623
2022-06-14 15:29:28,2327.364,-2346.507
2022-06-14 15:29:27,26288.8,-26303.71
2022-06-14 15:29:26,75778.78,-75791.5
2022-06-14 15:29:25,148515.03,-148529.31
2022-06-14 15:29:24,218069.6,-218084.3
2022-06-14 15:29:23,299479.9,-299490.8
2022-06-14 15:29:22,360081.8,-360080.8
2022-06-14 15:29:21,307333.9,-307321.5
2022-06-14 15:29:20,211670.6,-211656.7
2022-06-14 15:29:19,147591.48,-147575.13
2022-06-14 15:29:18,84748.34,-84721.41
2022-06-14 15:29:17,18655.99,-18627.32
2022-06-14 15:29:16,580.4926,-577.8321
2022-06-14 15:29:15,13.462103,-27.93835
2022-06-14 15:29:14,29.15387,-428.6475
2022-06-14 15:29:13,48.13311,-494.5234
2022-06-14 15:29:12,52.5039,-446.4801
2022-06-14 15:29:11,57.2613,-1290.7464
2022-06-14 15:29:10,83.88614,-2164.2
2022-06-14 15:29:09,77.54121,-1828.624
2022-06-14 15:29:08,390.8894,-1005.2386
2022-06-14 15:29:07,4161.166,-3857.747
2022-06-14 15:29:06,8026.8,-7510.824
2022-06-14 15:29:05,4853.488,-4309.794
2022-06-14 15:29:04,3331.836,-483.855
2022-06-14 15:29:03,3605.269,-1100.63
2022-06-14 15:29:02,647.6595,-665.387
2022-06-14 15:29:01,4.129849,-26.17817
2022-06-14 15:29:00,14300.944,-14320.713
2022-06-14 15:28:59,67797.88,-67815.61
2022-06-14 15:28:58,136813.24,-136830.36
2022-06-14 15:28:57,210281.2,-210295.5
2022-06-14 15:28:56,237158,-237175.8
2022-06-14 15:28:55,211625.2,-211644.9
2022-06-14 15:28:54,201204.2,-201223.7
2022-06-14 15:28:53,141713.55,-141734.01
2022-06-14 15:28:52,65639.58,-65656.69
2022-06-14 15:28:51,22647.72,-22662
2022-06-14 15:28:50,6.775534,-24.50071
2022-06-14 15:28:49,21435.13,-21454.67
2022-06-14 15:28:48,83171.45,-83190.91
2022-06-14 15:28:47,154345.13,-154365.6
2022-06-14 15:28:46,234784.4,-234801.5
2022-06-14 15:28:45,277681.4,-277695.7
2022-06-14 15:28:44,237728.3,-237746
2022-06-14 15:28:43,148187.34,-148206.91
2022-06-14 15:28:42,72081.78,-72096.32
2022-06-14 15:28:41,60704.78,-60719.92
2022-06-14 15:28:40,46923.4,-46940.7
2022-06-14 15:28:39,16313.691,-16327.951
2022-06-14 15:28:38,35730.74,-35748.66
2022-06-14 15:28:37,108854.01,-108873.82
2022-06-14 15:28:36,178268.2,-178287.7
2022-06-14 15:28:35,241635,-241655.5
2022-06-14 15:28:34,275214.5,-275231.6
2022-06-14 15:28:33,219684.5,-219698.8
2022-06-14 15:28:32,101598.31,-101616.03
2022-06-14 15:28:31,45226.04,-45245.61
2022-06-14 15:28:30,55187.46,-55206.93
2022-06-14 15:28:29,57178.69,-57199.15
2022-06-14 15:28:28,31949.12,-31966.23
2022-06-14 15:28:27,47544.2,-47558.46
2022-06-14 15:28:26,122641.16,-122909.75
2022-06-14 15:28:25,195749.3,-196408.5
2022-06-14 15:28:24,250560.6,-251536.2
2022-06-14 15:28:23,251160.1,-251800.1
2022-06-14 15:28:22,185492.6,-185509.7
2022-06-14 15:28:21,103405.63,-103419.88
2022-06-14 15:28:20,62205.38,-62223.09
2022-06-14 15:28:19,59877.85,-59897.42
2022-06-14 15:28:18,52539.71,-52559.17
2022-06-14 15:28:17,19403.8,-19424.26
2022-06-14 15:28:16,14602.049,-14619.157
2022-06-14 15:28:15,74117.7,-74131.95
2022-06-14 15:28:14,168506,-168523.7
2022-06-14 15:28:13,233097.2,-233116.8
2022-06-14 15:28:12,253759.5,-253776.5
2022-06-14 15:28:11,216842,-216862.1
2022-06-14 15:28:10,159444.59,-159464.42
2022-06-14 15:28:09,93594.12,-93608.57
2022-06-14 15:28:08,39933,-39951.05
2022-06-14 15:28:07,59597.11,-59617
2022-06-14 15:28:06,52976.25,-52993.85
2022-06-14 15:28:05,17783.83,-17802.11
2022-06-14 15:28:04,11689.285,-11708.03
2022-06-14 15:28:03,40968.33,-40983.02
2022-06-14 15:28:02,81882.76,-81894.22
2022-06-14 15:28:01,165708.34,-165723.75
2022-06-14 15:28:00,249528.8,-249546.1
2022-06-14 15:27:59,270892.4,-270896.1
2022-06-14 15:27:58,299765.3,-299763.8
2022-06-14 15:27:57,267031.3,-267026.5
2022-06-14 15:27:56,173846.3,-173821.1
2022-06-14 15:27:55,122428.54,-122404.34
2022-06-14 15:27:54,64510.23,-64499.21
2022-06-14 15:27:53,29827.21,-29819.74
2022-06-14 15:27:52,26054.4,-26061.49
2022-06-14 15:27:51,31769.12,-31783.92
2022-06-14 15:27:50,41535.46,-41538.63
2022-06-14 15:27:49,59479.98,-59887.54
2022-06-14 15:27:48,53037.17,-53480.02
2022-06-14 15:27:47,15794.15,-16559.545
2022-06-14 15:27:46,101.53949,-1776.588
2022-06-14 15:27:45,3330.111,-5042.022
2022-06-14 15:27:44,3666.07,-4592.87
2022-06-14 15:27:43,545.5807,-35.31541
2022-06-14 15:27:42,4721.654,-116.26123
2022-06-14 15:27:41,8385.9,-4549.629
2022-06-14 15:27:40,4234.821,-4979.372
2022-06-14 15:27:39,4.449645,-24.22063
2022-06-14 15:27:38,4.250349,-26.91331
2022-06-14 15:27:37,1600.2637,-1193.7518
2022-06-14 15:27:36,26238.84,-25771.02
2022-06-14 15:27:35,59002.48,-59012.53
2022-06-14 15:27:34,120214.29,-120230.83
2022-06-14 15:27:33,209957.4,-209977.1
2022-06-14 15:27:32,267212.7,-267235.4
2022-06-14 15:27:31,257141.2,-257166.3
2022-06-14 15:27:30,160013.22,-160027.77
2022-06-14 15:27:29,50983.88,-50993.92
2022-06-14 15:27:28,11347.64,-11364.174
2022-06-14 15:27:27,40522.2,-40539.5
2022-06-14 15:27:26,68953.84,-68976.19
2022-06-14 15:27:25,79031.59,-79059.41
2022-06-14 15:27:24,82166.7,-82540.25
2022-06-14 15:27:23,137269.87,-137931.77
2022-06-14 15:27:22,239892.2,-240188.8
2022-06-14 15:27:21,307714.3,-307731.6
2022-06-14 15:27:20,236316.3,-236338.7
2022-06-14 15:27:19,103620.29,-103648.1
2022-06-14 15:27:18,38027.86,-38042.41
2022-06-14 15:27:17,16550.476,-16560.524
2022-06-14 15:27:16,45439.04,-45455.58
2022-06-14 15:27:15,67576.96,-67594.26
2022-06-14 15:27:14,73013.47,-73035.81
2022-06-14 15:27:13,96571,-96598.81
2022-06-14 15:27:12,185253.8,-185268.3
2022-06-14 15:27:11,284560.1,-284570.2
2022-06-14 15:27:10,280696.4,-280713
2022-06-14 15:27:09,169870.1,-169887.6
2022-06-14 15:27:08,76192.84,-76215.43
2022-06-14 15:27:07,41912.34,-41940.15
2022-06-14 15:27:06,9733.954,-9748.496
2022-06-14 15:27:05,18224.29,-18234.33
2022-06-14 15:27:04,52195,-52211.53
2022-06-14 15:27:03,94770.79,-94788.09
2022-06-14 15:27:02,135487.82,-135510.16
2022-06-14 15:27:01,210731.7,-210759.5
2022-06-14 15:27:00,290835.1,-290849.7
2022-06-14 15:26:59,272843.6,-272853.7
2022-06-14 15:26:58,162485.67,-162502.19
2022-06-14 15:26:57,59421.62,-59438.91
2022-06-14 15:26:56,38761.75,-38784.08
2022-06-14 15:26:55,17913.41,-17941.22
2022-06-14 15:26:54,1531.2064,-1545.7549
2022-06-14 15:26:53,41881.36,-41891.41
2022-06-14 15:26:52,84741.28,-84757.81
2022-06-14 15:26:51,125584.17,-125601.46
2022-06-14 15:26:50,194073.8,-194096.1
2022-06-14 15:26:49,274236.9,-274264.7
2022-06-14 15:26:48,295178.5,-295193
2022-06-14 15:26:47,192622.1,-192632.3
2022-06-14 15:26:46,90459.59,-90476.16
2022-06-14 15:26:45,46944.03,-46961.48
2022-06-14 15:26:44,43416.06,-43438.51
2022-06-14 15:26:43,21310.93,-21339.37
2022-06-14 15:26:42,5.535357,-21.12489
2022-06-14 15:26:41,1599.5377,-1609.805
2022-06-14 15:26:40,25907.06,-25922.36
2022-06-14 15:26:39,73589.01,-73605.13
2022-06-14 15:26:38,123159.24,-123177.02
2022-06-14 15:26:37,194821.6,-194841.6
2022-06-14 15:26:36,289467.5,-289480.6
2022-06-14 15:26:35,356916.3,-356923.2
2022-06-14 15:26:34,319292.3,-319291.9
2022-06-14 15:26:33,243261.9,-243249.2
2022-06-14 15:26:32,156647.84,-156609.05
2022-06-14 15:26:31,56704.08,-56676.11
2022-06-14 15:26:30,31417.21,-31422.56
2022-06-14 15:26:29,27630.55,-27639.86
2022-06-14 15:26:28,15555.936,-15559.529
2022-06-14 15:26:27,446.4656,-451.2889
2022-06-14 15:26:26,18.46813,-21.17216
2022-06-14 15:26:25,1867.131,-2274.937
2022-06-14 15:26:24,21260.1,-22592.05
2022-06-14 15:26:23,49083.31,-51269.92
2022-06-14 15:26:22,49789.66,-51978.1
2022-06-14 15:26:21,55497.41,-56872.69
2022-06-14 15:26:20,49105.24,-49852.93
2022-06-14 15:26:19,34829.89,-34661.35
2022-06-14 15:26:18,26124.91,-25084.13
2022-06-14 15:26:17,4389.616,-3795.904
2022-06-14 15:26:16,4220.56,-9825.507
2022-06-14 15:26:15,566.341,-6297.292
2022-06-14 15:26:14,1197.9404,-608.171
2022-06-14 15:26:13,665.5793,-1071.0088
2022-06-14 15:26:12,17725.76,-18194.06
2022-06-14 15:26:11,58984.35,-58999.91
2022-06-14 15:26:10,141877.26,-141891.35
2022-06-14 15:26:09,238988.3,-238621.2
2022-06-14 15:26:08,269877.5,-269463.6
2022-06-14 15:26:07,188507,-188523.8
2022-06-14 15:26:06,90455.61,-90475.08
2022-06-14 15:26:05,72449.59,-72465.14
2022-06-14 15:26:04,56689.62,-56703.7
2022-06-14 15:26:03,23470.02,-23491.95
2022-06-14 15:26:02,15450.139,-15470.897
2022-06-14 15:26:01,86964.04,-86978.41
2022-06-14 15:26:00,154405.3,-154424.48
2022-06-14 15:25:59,174221.9,-174240.2
2022-06-14 15:25:58,218784.9,-218799
2022-06-14 15:25:57,270380.3,-270402.2
2022-06-14 15:25:56,194515,-194535.7
2022-06-14 15:25:55,75685.15,-75699.52
2022-06-14 15:25:54,63125.04,-63144.22
2022-06-14 15:25:53,63657.71,-63676.01
2022-06-14 15:25:52,59933.14,-59947.21
2022-06-14 15:25:51,86526.77,-86548.7
2022-06-14 15:25:50,119705.88,-119726.63
2022-06-14 15:25:49,121898.01,-121912.37
2022-06-14 15:25:48,149438.33,-149457.51
2022-06-14 15:25:47,209266.6,-209284.9
2022-06-14 15:25:46,213874,-213888.1
2022-06-14 15:25:45,149304.62,-149326.55
2022-06-14 15:25:44,107154.13,-107174.88
2022-06-14 15:25:43,83150.61,-83164.97
2022-06-14 15:25:42,67993.73,-68012.91
2022-06-14 15:25:41,75921.4,-75939.69
2022-06-14 15:25:40,101151.41,-101165.49
2022-06-14 15:25:39,111238.67,-111260.81
2022-06-14 15:25:38,114769.09,-114790.11
2022-06-14 15:25:37,164843.15,-164857.55
2022-06-14 15:25:36,201753.4,-201772.6
2022-06-14 15:25:35,198369,-198387.3
2022-06-14 15:25:34,134354.34,-134368.42
2022-06-14 15:25:33,81411.16,-81433.09
2022-06-14 15:25:32,81684.58,-81702.87
2022-06-14 15:25:31,86419.6,-86433.68
2022-06-14 15:25:30,89678.2,-89700.13
2022-06-14 15:25:29,74306.72,-74325.01
2022-06-14 15:25:28,73571.82,-73585.9
2022-06-14 15:25:27,88845.5,-88864.96
2022-06-14 15:25:26,143665.51,-143683.51
2022-06-14 15:25:25,180073.5,-180090.3
2022-06-14 15:25:24,197091.5,-197113.4
2022-06-14 15:25:23,181771,-181789.5
2022-06-14 15:25:22,125181.69,-125195.98
2022-06-14 15:25:21,102618.7,-103190.5
2022-06-14 15:25:20,94710.11,-95345.53
2022-06-14 15:25:19,101995.21,-102012.4
2022-06-14 15:25:18,87691.73,-87712.84
2022-06-14 15:25:17,53299.69,-53316.97
2022-06-14 15:25:16,56637.18,-56651.67
2022-06-14 15:25:15,73691.01,-73708.16
2022-06-14 15:25:14,95074.63,-95090.34
2022-06-14 15:25:13,109004.41,-109017.03
2022-06-14 15:25:12,130137.98,-130143
2022-06-14 15:25:11,200859.7,-200864.7
2022-06-14 15:25:10,221945.9,-221958.8
2022-06-14 15:25:09,188645.8,-188638.1
2022-06-14 15:25:08,203465.9,-203452.5
2022-06-14 15:25:07,186402,-186405.9
2022-06-14 15:25:06,154606.33,-154595.42
2022-06-14 15:25:05,139925.21,-140308.3
2022-06-14 15:25:04,106250.37,-106690.06
2022-06-14 15:25:03,49470.33,-49469.03
2022-06-14 15:25:02,24457.32,-24456.78
2022-06-14 15:25:01,11280.882,-11281.282
2022-06-14 15:25:00,45.47495,-31.64325
2022-06-14 15:24:59,61.14404,-1246.3639
2022-06-14 15:24:58,53.36613,-1399.4713
2022-06-14 15:24:57,1104.4614,-1091.9643
2022-06-14 15:24:56,1235.7995,-2020.334
2022-06-14 15:24:55,52.26978,-1355.2794
2022-06-14 15:24:54,3657.335,-3761.536
2022-06-14 15:24:53,6288.496,-4523.325
2022-06-14 15:24:52,24647.17,-23121.36
2022-06-14 15:24:51,28441.59,-28052.9
2022-06-14 15:24:50,4116.765,-3677.441
2022-06-14 15:24:49,10478.534,-10503.335
2022-06-14 15:24:48,43660.79,-43678.09
2022-06-14 15:24:47,64279.65,-64292.16
2022-06-14 15:24:46,53106.03,-53125.33
2022-06-14 15:24:45,86185.18,-86202.49
2022-06-14 15:24:44,187875.2,-187892.6
2022-06-14 15:24:43,244787.4,-244812.2
2022-06-14 15:24:42,215556.1,-215573.4
2022-06-14 15:24:41,188209,-188221.5
2022-06-14 15:24:40,150418.09,-150437.38
2022-06-14 15:24:39,64298.61,-64315.91
2022-06-14 15:24:38,23270.01,-23763.69
2022-06-14 15:24:37,48357.42,-48914.44
2022-06-14 15:24:36,64914.01,-64931.31
2022-06-14 15:24:35,66222.24,-66234.75
2022-06-14 15:24:34,124421.14,-124440.42
2022-06-14 15:24:33,220763.4,-220780.7
2022-06-14 15:24:32,239959.5,-239976.9
2022-06-14 15:24:31,207534.1,-207558.9
2022-06-14 15:24:30,196953.2,-196970.5
2022-06-14 15:24:29,133227.67,-133240.17
2022-06-14 15:24:28,29895.46,-29914.74
2022-06-14 15:24:27,18223.95,-18241.24
2022-06-14 15:24:26,50183.25,-50200.75
2022-06-14 15:24:25,74043.8,-74068.65
2022-06-14 15:24:24,108320.32,-108337.6
2022-06-14 15:24:23,165996.6,-166006.66
2022-06-14 15:24:22,222094.6,-222113.6
2022-06-14 15:24:21,201458.5,-201478.5
2022-06-14 15:24:20,171998.3,-172015.7
2022-06-14 15:24:19,181132.7,-181157.5
2022-06-14 15:24:18,119218.91,-119236.23
2022-06-14 15:24:17,33015.31,-33025.36
2022-06-14 15:24:16,10486.719,-10505.689
2022-06-14 15:24:15,41007.53,-41027.58
2022-06-14 15:24:14,76773.95,-77042.36
2022-06-14 15:24:13,127856.59,-128161.85
2022-06-14 15:24:12,186982,-186999.3
2022-06-14 15:24:11,224279.6,-224289.7
2022-06-14 15:24:10,223890.8,-223909.8
2022-06-14 15:24:09,196482.6,-196502.6
2022-06-14 15:24:08,162979.44,-162997.07
2022-06-14 15:24:07,98085.07,-98110.08
2022-06-14 15:24:06,28985.14,-29002.43
2022-06-14 15:24:05,3.961618,-14.009298
2022-06-14 15:24:04,8056.435,-8075.425
2022-06-14 15:24:03,38647.03,-38667.08
2022-06-14 15:24:02,102937.62,-102955.04
2022-06-14 15:24:01,197804.7,-198172
2022-06-14 15:24:00,245527,-245927
2022-06-14 15:23:59,192821.4,-192831.5
2022-06-14 15:23:58,146125.68,-146144.65
2022-06-14 15:23:57,145799.89,-145820.09
2022-06-14 15:23:56,132465.7,-132854.41
2022-06-14 15:23:55,104635.28,-107391.66
2022-06-14 15:23:54,55674.51,-58281.2
2022-06-14 15:23:53,11198.954,-11209.222
2022-06-14 15:23:52,67.12925,-84.86468
2022-06-14 15:23:51,30830.64,-30849.48
2022-06-14 15:23:50,72905.1,-72919.36
2022-06-14 15:23:49,119898.76,-119918.52
2022-06-14 15:23:48,216153.5,-216169.7
2022-06-14 15:23:47,309554.2,-309559.9
2022-06-14 15:23:46,299760,-299760.8
2022-06-14 15:23:45,216554.5,-216547.9
2022-06-14 15:23:44,159817.32,-159788.13
2022-06-14 15:23:43,121048.29,-121025.32
2022-06-14 15:23:42,121424.32,-121430.73
2022-06-14 15:23:41,120890.26,-120899.91
2022-06-14 15:23:40,82230.95,-82610.94
2022-06-14 15:23:39,48183.64,-48609.55
2022-06-14 15:23:38,35366.42,-35362.41
2022-06-14 15:23:37,19675.67,-20061.38
2022-06-14 15:23:36,498.7185,-1405.1736
2022-06-14 15:23:35,79.62369,-1793.07
2022-06-14 15:23:34,66.43875,-2159.499
2022-06-14 15:23:33,67.16716,-1715.461
2022-06-14 15:23:32,478.7379,-955.6199
2022-06-14 15:23:31,518.7157,-443.1383
2022-06-14 15:23:30,2701.382,-504.4408
2022-06-14 15:23:29,27985.36,-24595.45
2022-06-14 15:23:28,48934.39,-48447.26
2022-06-14 15:23:27,23480.69,-23497.72
2022-06-14 15:23:26,19014.05,-19034.25
2022-06-14 15:23:25,21250.19,-21270.07
2022-06-14 15:23:24,12316.463,-12333.401
2022-06-14 15:23:23,41605.43,-41628.61
2022-06-14 15:23:22,83189.64,-83209.51
2022-06-14 15:23:21,130151.55,-130165.81
2022-06-14 15:23:20,229530.3,-229548.1
2022-06-14 15:23:19,323904.2,-323921.4
2022-06-14 15:23:18,247780,-247796.7
2022-06-14 15:23:17,92631.7,-92654.62
2022-06-14 15:23:16,43263.91,-43283.77
2022-06-14 15:23:15,65966.45,-65980.71
2022-06-14 15:23:14,40371.3,-40389.01
2022-06-14 15:23:13,24131.63,-24148.74
2022-06-14 15:23:12,60728.36,-61160.13
2022-06-14 15:23:11,118776.74,-119263.93
2022-06-14 15:23:10,193647.6,-194068.8
2022-06-14 15:23:09,277488.2,-277950.8
2022-06-14 15:23:08,300324.5,-300342.2
2022-06-14 15:23:07,172853.1,-172870.3
2022-06-14 15:23:06,47627.75,-47644.46
2022-06-14 15:23:05,45814,-45836.91
2022-06-14 15:23:04,65071.99,-65091.85
2022-06-14 15:23:03,56705.37,-56719.63
2022-06-14 15:23:02,59452.19,-59469.91
2022-06-14 15:23:01,103051.33,-103068.44
2022-06-14 15:23:00,153754.41,-153771.12
2022-06-14 15:22:59,201899.5,-201922.4
2022-06-14 15:22:58,278347.3,-278367.2
2022-06-14 15:22:57,266240.5,-266254.7
2022-06-14 15:22:56,119604.26,-119621.97
2022-06-14 15:22:55,16875.24,-16892.35
2022-06-14 15:22:54,32451.13,-32467.84
2022-06-14 15:22:53,63901.66,-63924.58
2022-06-14 15:22:52,74587.87,-74607.73
2022-06-14 15:22:51,73734.36,-73748.62
2022-06-14 15:22:50,83708.62,-83726.33
2022-06-14 15:22:49,131889.68,-131906.79
2022-06-14 15:22:48,207731.3,-207748
2022-06-14 15:22:47,275689.1,-275712
2022-06-14 15:22:46,263836.1,-263856
2022-06-14 15:22:45,128118.49,-128132.75
2022-06-14 15:22:44,8239.62,-8257.332
2022-06-14 15:22:43,17188.26,-19449.65
2022-06-14 15:22:42,48074.63,-50599.69
2022-06-14 15:22:41,80183.54,-80206.45
2022-06-14 15:22:40,96061.42,-96081.28
2022-06-14 15:22:39,73385.39,-73399.86
2022-06-14 15:22:38,72758.26,-72776.21
2022-06-14 15:22:37,138337.64,-138354.75
2022-06-14 15:22:36,247536.2,-247550.4
2022-06-14 15:22:35,289037.7,-289060.5
2022-06-14 15:22:34,203578.7,-203601.5
2022-06-14 15:22:33,78704.22,-78718.45
2022-06-14 15:22:32,6331.302,-6349.119
2022-06-14 15:22:31,7328.242,-7345.912
2022-06-14 15:22:30,38686.93,-38700.43
2022-06-14 15:22:29,72174.06,-72195.47
2022-06-14 15:22:28,88392.91,-88416.03
2022-06-14 15:22:27,84030.36,-84043.87
2022-06-14 15:22:26,87170.4,-87184.38
2022-06-14 15:22:25,154353.79,-154368.23
2022-06-14 15:22:24,208407.4,-208407.7
2022-06-14 15:22:23,239077.7,-239081.1
2022-06-14 15:22:22,262883.4,-262897.6
2022-06-14 15:22:21,265015.3,-265007.1
2022-06-14 15:22:20,213561,-213540.4
2022-06-14 15:22:19,120332.99,-120324.45
2022-06-14 15:22:18,76432.73,-76423.25
2022-06-14 15:22:17,29383.33,-29355.26
2022-06-14 15:22:16,16743.519,-17135.33
2022-06-14 15:22:15,29622.02,-30086.85
2022-06-14 15:22:14,37596.56,-37610.43
2022-06-14 15:22:13,55578.86,-55970.9
2022-06-14 15:22:12,56397.52,-57585.49
2022-06-14 15:22:11,26500.74,-27739.44
2022-06-14 15:22:10,1103.2355,-1332.8276
2022-06-14 15:22:09,739.2775,-1326.8536
2022-06-14 15:22:08,525.4414,-1468.2699
2022-06-14 15:22:07,1027.2251,-596.9365
2022-06-14 15:22:06,896.1202,-38.70907
2022-06-14 15:22:05,16223.191,-15686.644
2022-06-14 15:22:04,18222.13,-17530.89
2022-06-14 15:22:03,620.6579,-398.4446
2022-06-14 15:22:02,8.991227,-427.231
2022-06-14 15:22:01,4567.486,-4587.373
2022-06-14 15:22:00,37620.93,-37077.13
2022-06-14 15:21:59,84491.79,-83883.29
2022-06-14 15:21:58,120260.96,-120275.33
2022-06-14 15:21:57,165140.55,-165157.27
2022-06-14 15:21:56,222540.9,-222563.9
2022-06-14 15:21:55,239153.7,-239173.5
2022-06-14 15:21:54,189814.2,-189830.9
2022-06-14 15:21:53,88780.85,-88799.07
2022-06-14 15:21:52,37765.03,-37779.63
2022-06-14 15:21:51,64908.4,-64925.12
2022-06-14 15:21:50,59298.67,-59321.6
2022-06-14 15:21:49,70195.12,-70214.98
2022-06-14 15:21:48,112112.94,-112129.66
2022-06-14 15:21:47,150735.38,-150753.39
2022-06-14 15:21:46,186544.9,-186559.3
2022-06-14 15:21:45,224176.3,-224193.1
2022-06-14 15:21:44,215664.2,-215687.1
2022-06-14 15:21:43,183377.2,-183397.1
2022-06-14 15:21:42,126163.21,-126179.93
2022-06-14 15:21:41,54526.23,-54544.23
2022-06-14 15:21:40,22561.59,-22575.95
2022-06-14 15:21:39,24207.33,-24224.05
2022-06-14 15:21:38,57413.66,-57436.58
2022-06-14 15:21:37,94447.65,-94829.43
2022-06-14 15:21:36,151627.25,-152046.15
2022-06-14 15:21:35,242336.9,-242354.6
2022-06-14 15:21:34,290908.4,-290925.5
2022-06-14 15:21:33,242055.9,-242072.6
2022-06-14 15:21:32,157811.82,-157834.74
2022-06-14 15:21:31,65703.3,-68388.44
2022-06-14 15:21:30,14553.277,-17546.07
2022-06-14 15:21:29,5.349236,-23.06498
2022-06-14 15:21:28,7481.95,-7499.063
2022-06-14 15:21:27,54944.77,-54961.49
2022-06-14 15:21:26,126522.18,-126545.11
2022-06-14 15:21:25,203450.8,-203470.7
2022-06-14 15:21:24,271507.7,-271522
2022-06-14 15:21:23,271916.5,-271934.2
2022-06-14 15:21:22,226734.5,-226751.6
2022-06-14 15:21:21,154662.07,-154678.81
2022-06-14 15:21:20,61450.33,-61473.21
2022-06-14 15:21:19,6433.003,-6452.86
2022-06-14 15:21:18,3.846955,-18.10663
2022-06-14 15:21:17,5.349148,-23.06459
2022-06-14 15:21:16,6031.865,-6048.978
2022-06-14 15:21:15,51655.31,-51672.03
2022-06-14 15:21:14,138415.67,-138438.59
2022-06-14 15:21:13,241456.3,-241476.1
2022-06-14 15:21:12,305269.1,-305283.4
2022-06-14 15:21:11,281170.4,-281547.4
2022-06-14 15:21:10,209507.2,-209925.7
2022-06-14 15:21:09,109066.92,-109083.8
2022-06-14 15:21:08,34205.1,-34704.82
2022-06-14 15:21:07,9661.356,-10218.835
2022-06-14 15:21:06,6.287242,-26.56278
2022-06-14 15:21:05,5.545757,-24.00325
2022-06-14 15:21:04,67.0687,-84.75373
2022-06-14 15:21:03,44531.04,-44545.58
2022-06-14 15:21:02,101921.43,-101935.56
2022-06-14 15:21:01,133244.59,-133260.14
2022-06-14 15:21:00,210295.4,-210311.3
2022-06-14 15:20:59,308462.3,-308476.3
2022-06-14 15:20:58,390085.3,-390090.6
2022-06-14 15:20:57,370602.4,-370585.4
2022-06-14 15:20:56,219587,-219546.4
2022-06-14 15:20:55,112123.98,-112093.14
2022-06-14 15:20:54,63512.69,-63497.18
2022-06-14 15:20:53,14118.795,-14103.112
2022-06-14 15:20:52,26.15044,-33.34088
2022-06-14 15:20:51,16.307402,-32.45822
2022-06-14 15:20:50,8.767141,-20.39481
2022-06-14 15:20:49,10.970436,-22.86508
2022-06-14 15:20:48,40.20439,-830.2802
2022-06-14 15:20:47,91.43724,-2547.451
2022-06-14 15:20:46,118.70222,-2694.547
2022-06-14 15:20:45,76.32777,-990.0202
2022-06-14 15:20:44,384.6644,-46.98027
2022-06-14 15:20:43,809.6235,-37.32673
2022-06-14 15:20:42,21734.12,-20177.17
2022-06-14 15:20:41,33152.19,-30774.68
2022-06-14 15:20:40,34360.56,-33137.55
2022-06-14 15:20:39,26718.25,-26738.02
2022-06-14 15:20:38,3.627574,-18.92545
2022-06-14 15:20:37,3474.874,-3850.567
2022-06-14 15:20:36,32433.93,-32854.82
2022-06-14 15:20:35,66807.78,-66825.81
2022-06-14 15:20:34,69498.5,-69517.79
2022-06-14 15:20:33,123258.92,-123278.69
2022-06-14 15:20:32,261795,-261810.2
2022-06-14 15:20:31,361775.6,-361790
2022-06-14 15:20:30,288473.6,-288492.8
2022-06-14 15:20:29,104588.46,-104609.21
2022-06-14 15:20:28,8503.671,-8522.951
2022-06-14 15:20:27,4.600204,-24.35284
2022-06-14 15:20:26,11687.816,-11703.072
2022-06-14 15:20:25,43636.21,-43650.58
2022-06-14 15:20:24,82338.95,-82358.03
2022-06-14 15:20:23,109388.68,-109409.64
2022-06-14 15:20:22,160494.71,-160514.33
2022-06-14 15:20:21,262389.3,-262409
2022-06-14 15:20:20,340703.7,-340719
2022-06-14 15:20:19,254100.5,-254719
2022-06-14 15:20:18,73953.75,-74647.99
2022-06-14 15:20:17,3095.389,-3116.141
2022-06-14 15:20:16,5.272805,-24.55262
2022-06-14 15:20:15,10081.63,-10101.383
2022-06-14 15:20:14,64730.43,-64745.69
2022-06-14 15:20:13,125914.95,-125929.38
2022-06-14 15:20:12,144771.46,-144790.7
2022-06-14 15:20:11,171559.7,-171580.5
2022-06-14 15:20:10,237036.1,-237055.4
2022-06-14 15:20:09,275644.4,-275664.2
2022-06-14 15:20:08,210987.4,-211002.7
2022-06-14 15:20:07,92617.65,-92632.01
2022-06-14 15:20:06,16085.934,-16632.414
2022-06-14 15:20:05,5163.336,-5773.356
2022-06-14 15:20:04,33428.66,-33447.94
2022-06-14 15:20:03,73780.79,-73800.54
2022-06-14 15:20:02,104173.44,-104188.69
2022-06-14 15:20:01,138594.38,-138608.74
2022-06-14 15:20:00,189460.4,-189479.6
2022-06-14 15:19:59,220539.3,-220560
2022-06-14 15:19:58,255147.9,-255167.2
2022-06-14 15:19:57,230246.9,-230266.6
2022-06-14 15:19:56,115400.8,-115416.06
2022-06-14 15:19:55,36306.77,-36321.13
2022-06-14 15:19:54,13861.146,-13880.321
2022-06-14 15:19:53,47678.4,-47699.15
2022-06-14 15:19:52,80448.99,-80468.27
2022-06-14 15:19:51,83270.71,-83290.46
2022-06-14 15:19:50,77430.47,-77445.71
2022-06-14 15:19:49,100192.99,-100207.54
2022-06-14 15:19:48,139801.63,-139820.99
2022-06-14 15:19:47,189584.7,-189605.4
2022-06-14 15:19:46,210246.2,-210265.6
2022-06-14 15:19:45,203912.3,-203932.3
2022-06-14 15:19:44,163494.48,-163508.53
2022-06-14 15:19:43,61948.09,-61961.12
2022-06-14 15:19:42,16616.715,-16633.377
2022-06-14 15:19:41,50414.38,-50433.95
2022-06-14 15:19:40,86343.18,-86364.22
2022-06-14 15:19:39,128777.01,-128792.66
2022-06-14 15:19:38,110611.99,-110613.79
2022-06-14 15:19:37,58707.5,-58711.86
2022-06-14 15:19:36,71859.69,-71862.55
2022-06-14 15:19:35,98440.13,-98442.37
2022-06-14 15:19:34,110051.61,-110068.2
2022-06-14 15:19:33,137754.36,-137769.77
2022-06-14 15:19:32,221132.9,-221144.9
2022-06-14 15:19:31,280895.9,-281285.7
2022-06-14 15:19:30,239948.2,-240372.4
2022-06-14 15:19:29,164549.46,-164918.86
2022-06-14 15:19:28,81829.7,-82245.13
2022-06-14 15:19:27,14787.106,-14783.927
2022-06-14 15:19:26,447.7668,-452.2212
2022-06-14 15:19:25,13.64862,-30.58763
2022-06-14 15:19:24,17.74355,-34.60465
2022-06-14 15:19:23,6.424587,-17.89465
2022-06-14 15:19:22,3836.007,-4268.171
2022-06-14 15:19:21,5527.478,-6094.115
2022-06-14 15:19:20,1413.7732,-1924.181
2022-06-14 15:19:19,37.78224,-514.1098
2022-06-14 15:19:18,9.26446,-42.47557
2022-06-14 15:19:17,22126.08,-22146.59
2022-06-14 15:19:16,72072.09,-73739.65
2022-06-14 15:19:15,67325.79,-69189.35
2022-06-14 15:19:14,36935.13,-36474.58
2022-06-14 15:19:13,58934.91,-58416.31
2022-06-14 15:19:12,94062.98,-94085.21
2022-06-14 15:19:11,94312.88,-94658
2022-06-14 15:19:10,51660.61,-52040.52
2022-06-14 15:19:09,21112.81,-21132
2022-06-14 15:19:08,60789.99,-60808.3
2022-06-14 15:19:07,181140,-181156.6
2022-06-14 15:19:06,289083.7,-289105.9
2022-06-14 15:19:05,280124.3,-280142.3
2022-06-14 15:19:04,149572.39,-149586.75
2022-06-14 15:19:03,40692.15,-41200.73
2022-06-14 15:19:02,47341.46,-48226.61
2022-06-14 15:19:01,99364.62,-99738.73
2022-06-14 15:19:00,101259.58,-101281.79
2022-06-14 15:18:59,61423.63,-61441.64
2022-06-14 15:18:58,52664.87,-52679.24
2022-06-14 15:18:57,107205.82,-107225
2022-06-14 15:18:56,201625.1,-201643.4
2022-06-14 15:18:55,296793.4,-296809.9
2022-06-14 15:18:54,266242.6,-266265.1
2022-06-14 15:18:53,112375.76,-112394
2022-06-14 15:18:52,32084.74,-32099.1
2022-06-14 15:18:51,56933.36,-56952.54
2022-06-14 15:18:50,82578.78,-82597.07
2022-06-14 15:18:49,70884.18,-70900.72
2022-06-14 15:18:48,67931.14,-67953.35
2022-06-14 15:18:47,110696.6,-110714.6
2022-06-14 15:18:46,151760.02,-151774.38
2022-06-14 15:18:45,207624.8,-207644
2022-06-14 15:18:44,259770.6,-259788.9
2022-06-14 15:18:43,209219.2,-209233.3
2022-06-14 15:18:42,95742.31,-95764.24
2022-06-14 15:18:41,40612.5,-40633.26
2022-06-14 15:18:40,54030.2,-54044.57
2022-06-14 15:18:39,63933.15,-63952.32
2022-06-14 15:18:38,62776.92,-62795.21
2022-06-14 15:18:37,65583.72,-65597.8
2022-06-14 15:18:36,101380.26,-101402.18
2022-06-14 15:18:35,161780.7,-161801.46
2022-06-14 15:18:34,226243.6,-226257.9
2022-06-14 15:18:33,253253.6,-253272.8
2022-06-14 15:18:32,185932.6,-185950.9
2022-06-14 15:18:31,83663.04,-83677.11
2022-06-14 15:18:30,49162.78,-49179.78
2022-06-14 15:18:29,54522.71,-54535.68
2022-06-14 15:18:28,61055.92,-61070.19
2022-06-14 15:18:27,63159.92,-63181.84
2022-06-14 15:18:26,61383.49,-61401.78
2022-06-14 15:18:25,79432.72,-79446.8
2022-06-14 15:18:24,101721.93,-101743.85
2022-06-14 15:18:23,156375.73,-156394.02
2022-06-14 15:18:22,228824.7,-228838.8
2022-06-14 15:18:21,265436.2,-265455.8
2022-06-14 15:18:20,207448.1,-207466.3
2022-06-14 15:18:19,81357.07,-81373.86
2022-06-14 15:18:18,19972.52,-19994.53
2022-06-14 15:18:17,5.860231,-24.86583
2022-06-14 15:18:16,4536.248,-4549.784
2022-06-14 15:18:15,27119.28,-27487.67
2022-06-14 15:18:14,52484.04,-53278.5
2022-06-14 15:18:13,78192.65,-78638.78
2022-06-14 15:18:12,111585.94,-111603.15
2022-06-14 15:18:11,162837.52,-163211.57
2022-06-14 15:18:10,216713.6,-217127.4
2022-06-14 15:18:09,247848.7,-247863.1
2022-06-14 15:18:08,269136.2,-269146
2022-06-14 15:18:07,248567.5,-248555.9
2022-06-14 15:18:06,178255.6,-178224.3
2022-06-14 15:18:05,128887.9,-128874.45
2022-06-14 15:18:04,92156.85,-92159.41
2022-06-14 15:18:03,36274.6,-36244.76
2022-06-14 15:18:02,12273.507,-12654.473
2022-06-14 15:18:01,16.187622,-898.846
2022-06-14 15:18:00,10.64497,-489.9415
2022-06-14 15:17:59,26.03453,-31.76163
2022-06-14 15:17:58,68.3881,-456.0652
2022-06-14 15:17:57,67.58782,-1710.807
2022-06-14 15:17:56,483.4241,-1400.591
2022-06-14 15:17:55,536.6853,-1260.9776
2022-06-14 15:17:54,21031.15,-22401.81
2022-06-14 15:17:53,24444.41,-24075.49
2022-06-14 15:17:52,14982.317,-13990.989
2022-06-14 15:17:51,37076.38,-38230.43
2022-06-14 15:17:50,24562.11,-28401.56
2022-06-14 15:17:49,3217.774,-5301.65
2022-06-14 15:17:48,8245.63,-8262.646
2022-06-14 15:17:47,44879.61,-44897.34
2022-06-14 15:17:46,74752.99,-74775.03
2022-06-14 15:17:45,64148.12,-64167.89
2022-06-14 15:17:44,115859.52,-115874.78
2022-06-14 15:17:43,202079.5,-202096.3
2022-06-14 15:17:42,242194,-242211
2022-06-14 15:17:41,222491.5,-222509.2
2022-06-14 15:17:40,169330.6,-169350.2
2022-06-14 15:17:39,108641.89,-108661.35
2022-06-14 15:17:38,54794.75,-54812.76
2022-06-14 15:17:37,48789.92,-48806.75
2022-06-14 15:17:36,63616.89,-63633.9
2022-06-14 15:17:35,64781.34,-64799.05
2022-06-14 15:17:34,79458.91,-79478.48
2022-06-14 15:17:33,143261.61,-143281.08
2022-06-14 15:17:32,207506.7,-207524.7
2022-06-14 15:17:31,256758,-256774.8
2022-06-14 15:17:30,227867.6,-227884.6
2022-06-14 15:17:29,115398.15,-115415.87
2022-06-14 15:17:28,56251.85,-56271.42
2022-06-14 15:17:27,67201.84,-67221.31
2022-06-14 15:17:26,67194.4,-67212.41
2022-06-14 15:17:25,67557.04,-67573.87
2022-06-14 15:17:24,91596.55,-91613.56
2022-06-14 15:17:23,118521.85,-118539.77
2022-06-14 15:17:22,136363.2,-136383.01
2022-06-14 15:17:21,192018.4,-192037.9
2022-06-14 15:17:20,245280.5,-245298.5
2022-06-14 15:17:19,207852.3,-207869.1
2022-06-14 15:17:18,102690.12,-102707.12
2022-06-14 15:17:17,42146.25,-42163.97
2022-06-14 15:17:16,61661.98,-61681.55
2022-06-14 15:17:15,75888.61,-75908.08
2022-06-14 15:17:14,81814.13,-81832.13
2022-06-14 15:17:13,116939.85,-116956.68
2022-06-14 15:17:12,137906.37,-137923.38
2022-06-14 15:17:11,133806.04,-133823.75
2022-06-14 15:17:10,167354.67,-167374.24
2022-06-14 15:17:09,207385.2,-207404.6
2022-06-14 15:17:08,196739.1,-196757.1
2022-06-14 15:17:07,99964.63,-99981.45
2022-06-14 15:17:06,24510.9,-24527.91
2022-06-14 15:17:05,43075.29,-43093
2022-06-14 15:17:04,88363.44,-88383.01
2022-06-14 15:17:03,101237.91,-101257.38
2022-06-14 15:17:02,82076.97,-82094.97
2022-06-14 15:17:01,113324.92,-113341.74
2022-06-14 15:17:00,162013.21,-162030.22
2022-06-14 15:16:59,186293.5,-186311.2
2022-06-14 15:16:58,201179,-201198.7
2022-06-14 15:16:57,181564,-181583.7
2022-06-14 15:16:56,148010.8,-148389.61
2022-06-14 15:16:55,80237,-81141.71
2022-06-14 15:16:54,24265.16,-24823.97
2022-06-14 15:16:53,41788.4,-41802.84
2022-06-14 15:16:52,58921.68,-58938.82
2022-06-14 15:16:51,91149.89,-91170.9
2022-06-14 15:16:50,132194.19,-132212.32
2022-06-14 15:16:49,126124.81,-126822.87
2022-06-14 15:16:48,132582.92,-133355.11
2022-06-14 15:16:47,161111.82,-161111.25
2022-06-14 15:16:46,169715.3,-169709
2022-06-14 15:16:45,183083.1,-183336.1
2022-06-14 15:16:44,195355.4,-195647.6
2022-06-14 15:16:43,186241.7,-186242.9
2022-06-14 15:16:42,155107.31,-155096.05
2022-06-14 15:16:41,100728.47,-101205.2
2022-06-14 15:16:40,57076.53,-57611.38
2022-06-14 15:16:39,37504.34,-37877.03
2022-06-14 15:16:38,30672.2,-31107.62
2022-06-14 15:16:37,32329.24,-32750.48
2022-06-14 15:16:36,29168.11,-29630.58
2022-06-14 15:16:35,45818.82,-45814.2
2022-06-14 15:16:34,61359.17,-62142.44
2022-06-14 15:16:33,48069.89,-49710.76
2022-06-14 15:16:32,16058.228,-16275.334
2022-06-14 15:16:31,1201.7405,-912.667
2022-06-14 15:16:30,17.32883,-488.3231
2022-06-14 15:16:29,23130.44,-22200.2
2022-06-14 15:16:28,25864.32,-25307.77
2022-06-14 15:16:27,275.4174,-587.7926
2022-06-14 15:16:26,765.7754,-453.6636
2022-06-14 15:16:25,520.3071,-490.539
2022-06-14 15:16:24,6269.832,-6291.485
2022-06-14 15:16:23,51359.18,-51380.24
2022-06-14 15:16:22,111489.19,-111051.2
2022-06-14 15:16:21,138040.9,-137553.51
2022-06-14 15:16:20,152588.95,-152607.53
2022-06-14 15:16:19,171093.5,-171110.6
2022-06-14 15:16:18,164369.42,-164391.06
2022-06-14 15:16:17,136810.97,-136832.03
2022-06-14 15:16:16,130101.93,-130116.01
2022-06-14 15:16:15,77565.18,-77582.18
2022-06-14 15:16:14,9730.18,-9747.899
2022-06-14 15:16:13,26188.23,-26205.35
2022-06-14 15:16:12,102843.46,-102865.1
2022-06-14 15:16:11,180247.8,-180268.8
2022-06-14 15:16:10,198216.5,-198230.5
2022-06-14 15:16:09,201523.2,-201540.2
2022-06-14 15:16:08,198825.5,-198843.2
2022-06-14 15:16:07,150757.09,-150774.2
2022-06-14 15:16:06,124904.96,-124926.58
2022-06-14 15:16:05,110783.72,-110804.77
2022-06-14 15:16:04,46427.18,-46441.26
2022-06-14 15:16:03,1581.0362,-1598.0439
2022-06-14 15:16:02,42999.94,-43017.65
2022-06-14 15:16:01,122197.18,-122214.29
2022-06-14 15:16:00,176648.7,-176670.3
2022-06-14 15:15:59,205797.6,-205818.6
2022-06-14 15:15:58,220117.8,-220131.9
2022-06-14 15:15:57,196975.5,-197351.2
2022-06-14 15:15:56,160881.23,-161299.67
2022-06-14 15:15:55,139420.02,-139437.13
2022-06-14 15:15:54,74685.67,-75134.55
2022-06-14 15:15:53,8825.309,-9324.038
2022-06-14 15:15:52,6.190404,-20.50189
2022-06-14 15:15:51,30390.37,-30407.38
2022-06-14 15:15:50,107425.21,-107442.91
2022-06-14 15:15:49,183644.7,-183661.8
2022-06-14 15:15:48,222506.9,-222528.6
2022-06-14 15:15:47,213831.7,-213852.8
2022-06-14 15:15:46,181706.8,-181720.9
2022-06-14 15:15:45,162598.09,-162615.1
2022-06-14 15:15:44,140775.2,-140792.91
2022-06-14 15:15:43,83384.35,-83401.45
2022-06-14 15:15:42,21259.15,-21280.79
2022-06-14 15:15:41,6.751138,-27.79376
2022-06-14 15:15:40,19267.77,-19281.84
2022-06-14 15:15:39,79926.62,-79943.63
2022-06-14 15:15:38,157555.89,-157571.18
2022-06-14 15:15:37,190789.3,-190806.1
2022-06-14 15:15:36,186301.3,-186325.7
2022-06-14 15:15:35,195016.1,-195037.1
2022-06-14 15:15:34,207303,-207317.1
2022-06-14 15:15:33,185510.2,-185525
2022-06-14 15:15:32,107669.69,-107684.85
2022-06-14 15:15:31,27798.01,-27817.55
2022-06-14 15:15:30,6.123748,-30.58493
2022-06-14 15:15:29,6.335069,-28.25192
2022-06-14 15:15:28,7644.385,-7658.141
2022-06-14 15:15:27,61567.22,-61580.43
2022-06-14 15:15:26,124909.17,-124922.91
2022-06-14 15:15:25,150964.38,-151345.39
2022-06-14 15:15:24,154077.97,-154502.99
2022-06-14 15:15:23,174505.5,-174516.9
2022-06-14 15:15:22,279880.3,-279879.9
2022-06-14 15:15:21,303624.9,-303628.7
2022-06-14 15:15:20,265365.8,-265365.6
2022-06-14 15:15:19,225453.9,-225439
2022-06-14 15:15:18,99571.18,-99538.68
2022-06-14 15:15:17,40174.13,-40153.56
2022-06-14 15:15:16,30329.69,-30342.18
2022-06-14 15:15:15,18397.98,-18402.06
2022-06-14 15:15:14,9392.15,-9384.15
2022-06-14 15:15:13,25.23924,-432.4445
2022-06-14 15:15:12,1039.5141,-1503.8885
2022-06-14 15:15:11,26833.67,-27231.55
2022-06-14 15:15:10,89059.07,-90277.42
2022-06-14 15:15:09,86563.82,-88255.68
2022-06-14 15:15:08,35893.71,-36746.75
2022-06-14 15:15:07,16236.144,-16170.638
2022-06-14 15:15:06,14535.235,-14557.281
2022-06-14 15:15:05,17609.15,-16277.298
2022-06-14 15:15:04,1983.719,-55.65237
2022-06-14 15:15:03,948.5711,-41.31349
2022-06-14 15:15:02,530.5967,-439.8866
2022-06-14 15:15:01,25.02809,-482.3436
2022-06-14 15:15:00,6490.936,-6518.553
2022-06-14 15:14:59,36528.61,-36546.91
2022-06-14 15:14:58,76728.91,-76294.87
2022-06-14 15:14:57,121121.6,-120645.23
2022-06-14 15:14:56,162916.76,-162937.82
2022-06-14 15:14:55,222071.8,-222085.9
2022-06-14 15:14:54,245133.5,-245155.4
2022-06-14 15:14:53,160936.67,-160954.97
2022-06-14 15:14:52,87548.62,-87560.24
2022-06-14 15:14:51,36449.13,-36470.77
2022-06-14 15:14:50,7263.072,-7284.114
2022-06-14 15:14:49,54579.13,-54593.2
2022-06-14 15:14:48,113010.79,-113032.71
2022-06-14 15:14:47,134730.78,-134749.07
2022-06-14 15:14:46,144857.7,-144869.32
2022-06-14 15:14:45,196986.7,-197008.3
2022-06-14 15:14:44,259793.5,-259814.5
2022-06-14 15:14:43,222993.8,-223007.8
2022-06-14 15:14:42,133368.97,-133390.9
2022-06-14 15:14:41,64099.25,-64117.54
2022-06-14 15:14:40,32171.96,-32183.57
2022-06-14 15:14:39,52148.21,-52164.93
2022-06-14 15:14:38,93280.41,-93300.87
2022-06-14 15:14:37,110318.44,-110338.01
2022-06-14 15:14:36,109357.5,-109379.43
2022-06-14 15:14:35,139176.56,-139194.85
2022-06-14 15:14:34,205181.8,-205193.4
2022-06-14 15:14:33,239013,-239029.7
2022-06-14 15:14:32,200226.1,-200246.5
2022-06-14 15:14:31,136266.42,-136285.99
2022-06-14 15:14:30,99168.73,-99190.65
2022-06-14 15:14:29,81974.83,-81993.11
2022-06-14 15:14:28,64230.91,-64242.52
2022-06-14 15:14:27,64868.67,-64885.38
2022-06-14 15:14:26,69542.52,-69558.06
2022-06-14 15:14:25,85037.24,-85051.48
2022-06-14 15:14:24,139319.26,-139341.58
2022-06-14 15:14:23,211604.4,-211623
2022-06-14 15:14:22,219636.9,-219648.5
2022-06-14 15:14:21,161672.12,-161688.84
2022-06-14 15:14:20,124627.86,-124648.32
2022-06-14 15:14:19,128201.66,-128221.23
2022-06-14 15:14:18,102084.61,-102106.53
2022-06-14 15:14:17,65626.72,-65645
2022-06-14 15:14:16,67892.19,-67903.8
2022-06-14 15:14:15,57761.37,-58658.5
2022-06-14 15:14:14,33199.14,-34203.64
2022-06-14 15:14:13,68440.68,-68460.25
2022-06-14 15:14:12,180985.2,-181007.1
2022-06-14 15:14:11,234643.9,-234662.3
2022-06-14 15:14:10,179673.8,-179685.6
2022-06-14 15:14:09,141978.82,-141995.53
2022-06-14 15:14:08,161853.5,-161873.93
2022-06-14 15:14:07,143545.97,-143565.68
2022-06-14 15:14:06,64373.7,-64394.76
2022-06-14 15:14:05,13141.43,-13158.738
2022-06-14 15:14:04,41417.46,-41429.49
2022-06-14 15:14:03,58697.81,-58714.7
2022-06-14 15:14:02,65319.82,-65339.39
2022-06-14 15:14:01,82425.67,-82439.04
2022-06-14 15:14:00,108533.15,-108535.84
2022-06-14 15:13:59,184217.5,-184222.1
2022-06-14 15:13:58,256999.7,-257013.7
2022-06-14 15:13:57,233268.6,-233279.7
2022-06-14 15:13:56,206532.3,-206529.7
2022-06-14 15:13:55,181528.6,-181516.5
2022-06-14 15:13:54,170146.4,-170126.6
2022-06-14 15:13:53,190367.4,-190348.3
2022-06-14 15:13:52,135101.98,-135502.35
2022-06-14 15:13:51,55946.23,-56378.8
2022-06-14 15:13:50,11991.467,-11975.28
2022-06-14 15:13:49,7.479525,-21.85228
2022-06-14 15:13:48,21.48847,-27.67998
2022-06-14 15:13:47,6814.913,-7613.847
2022-06-14 15:13:46,7601.041,-8500.883
2022-06-14 15:13:45,44.35161,-848.0704
2022-06-14 15:13:44,63.61563,-1748.813
2022-06-14 15:13:43,60.61126,-957.7899
2022-06-14 15:13:42,2735.818,-736.2356
2022-06-14 15:13:41,24681.64,-22828.73
2022-06-14 15:13:40,39455.25,-39909.67
2022-06-14 15:13:39,35825.07,-36211.49
2022-06-14 15:13:38,39040.3,-39007.35
2022-06-14 15:13:37,51404.49,-50911.97
2022-06-14 15:13:36,63881.79,-63901.56
2022-06-14 15:13:35,32402.54,-32417.8
2022-06-14 15:13:34,11197.865,-11214.697
2022-06-14 15:13:33,68905.01,-68924.49
2022-06-14 15:13:32,161547.79,-161565.8
2022-06-14 15:13:31,205603,-205622.3
2022-06-14 15:13:30,215765.4,-215785.2
2022-06-14 15:13:29,197977.2,-197992.4
2022-06-14 15:13:28,153717.12,-153733.95
2022-06-14 15:13:27,130737.41,-130756.88
2022-06-14 15:13:26,96580.22,-96598.23
2022-06-14 15:13:25,62213.81,-62233.09
2022-06-14 15:13:24,37644.73,-37664.48
2022-06-14 15:13:23,44776.11,-44791.37
2022-06-14 15:13:22,94480.3,-94497.13
2022-06-14 15:13:21,154661.36,-154680.83
2022-06-14 15:13:20,200732.7,-200750.7
2022-06-14 15:13:19,224582.2,-224601.5
2022-06-14 15:13:18,197602.7,-197622.4
2022-06-14 15:13:17,153225.67,-153240.93
2022-06-14 15:13:16,128994.45,-129011.28
2022-06-14 15:13:15,89764.18,-89783.65
2022-06-14 15:13:14,37555.61,-37573.62
2022-06-14 15:13:13,12114.263,-12133.546
2022-06-14 15:13:12,52135.15,-52154.91
2022-06-14 15:13:11,138502.33,-138517.59
2022-06-14 15:13:10,213410.3,-213427.1
2022-06-14 15:13:09,229519.4,-229538.9
2022-06-14 15:13:08,193530.3,-193548.4
2022-06-14 15:13:07,159256.61,-159275.93
2022-06-14 15:13:06,144113.22,-144132.98
2022-06-14 15:13:05,109618.25,-109709.63
2022-06-14 15:13:04,69641.79,-69995.04
2022-06-14 15:13:03,31037.56,-31337.97
2022-06-14 15:13:02,5788.576,-5806.581
2022-06-14 15:13:01,68422.42,-68439.25
2022-06-14 15:13:00,185376.7,-187689.4
2022-06-14 15:12:59,252348.9,-254926.9
2022-06-14 15:12:58,221973,-224176.5
2022-06-14 15:12:57,167265.56,-169731.4
2022-06-14 15:12:56,147223.26,-147241.26
2022-06-14 15:12:55,115598.45,-115615.27
2022-06-14 15:12:54,65800.14,-65819.81
2022-06-14 15:12:53,47349.31,-47365.08
2022-06-14 15:12:52,56481.13,-56497.66
2022-06-14 15:12:51,51834.09,-51853.84
2022-06-14 15:12:50,58510.88,-58528.59
2022-06-14 15:12:49,119995.65,-120825.81
2022-06-14 15:12:48,200150.3,-201076
2022-06-14 15:12:47,239419.7,-239435.5
2022-06-14 15:12:46,195136.4,-195153.1
2022-06-14 15:12:45,121105.75,-121655.83
2022-06-14 15:12:44,121914.95,-122525.35
2022-06-14 15:12:43,106181.11,-106200.81
2022-06-14 15:12:42,67285.34,-67303.99
2022-06-14 15:12:41,53634.8,-53649.39
2022-06-14 15:12:40,45087.2,-45103.9
2022-06-14 15:12:39,60167.46,-60187.52
2022-06-14 15:12:38,82704.22,-82720.14
2022-06-14 15:12:37,110513.55,-110519.14
2022-06-14 15:12:36,134815.95,-134819.08
2022-06-14 15:12:35,160056.32,-160068
2022-06-14 15:12:34,169574.9,-169590
2022-06-14 15:12:33,179989.4,-179994.9
2022-06-14 15:12:32,207032.4,-207019.3
2022-06-14 15:12:31,205333,-205326.8
2022-06-14 15:12:30,160283.33,-160275.31
2022-06-14 15:12:29,131032.99,-131409.56
2022-06-14 15:12:28,106210.06,-106644.72
2022-06-14 15:12:27,69286.05,-69286.85
2022-06-14 15:12:26,39084.9,-39083.33
2022-06-14 15:12:25,19897.87,-20285.93
2022-06-14 15:12:24,491.1799,-1328.6722
2022-06-14 15:12:23,32.79934,-495.4887
2022-06-14 15:12:22,15270.784,-15286.061
2022-06-14 15:12:21,17107.27,-17891.92
2022-06-14 15:12:20,556.3141,-1742.807
2022-06-14 15:12:19,608.9051,-1367.9941
2022-06-14 15:12:18,6048.768,-6524.33
2022-06-14 15:12:17,7228.586,-6765.087
2022-06-14 15:12:16,1108.0993,-47.39199
2022-06-14 15:12:15,3045.442,-939.4978
2022-06-14 15:12:14,26083.22,-24388.23
2022-06-14 15:12:13,56612.89,-56629.73
2022-06-14 15:12:12,64585.83,-64602.85
2022-06-14 15:12:11,65698.05,-65715.78
2022-06-14 15:12:10,66550.25,-66574.76
2022-06-14 15:12:09,83810.31,-83833.03
2022-06-14 15:12:08,109679.25,-109692.29
2022-06-14 15:12:07,146299.15,-146313.23
2022-06-14 15:12:06,185764.4,-185781.4
2022-06-14 15:12:05,227977.5,-227992.8
2022-06-14 15:12:04,220811.5,-220835.7
2022-06-14 15:12:03,130690.36,-130715.62
2022-06-14 15:12:02,78521.08,-78533.87
2022-06-14 15:12:01,70565.77,-70579.85
2022-06-14 15:12:00,69712.47,-69729.48
2022-06-14 15:11:59,78658.76,-78674.01
2022-06-14 15:11:58,84057.56,-83597.54
2022-06-14 15:11:57,99359.34,-99327.71
2022-06-14 15:11:56,159245.65,-159799.55
2022-06-14 15:11:55,223785.9,-223800
2022-06-14 15:11:54,257963.8,-257980.9
2022-06-14 15:11:53,183458.3,-183473.5
2022-06-14 15:11:52,56368.88,-56393.07
2022-06-14 15:11:51,28875.31,-28900.56
2022-06-14 15:11:50,85260.71,-85820.29
2022-06-14 15:11:49,121207.52,-121832.66
2022-06-14 15:11:48,78745.96,-78762.97
2022-06-14 15:11:47,46712.33,-46727.6
2022-06-14 15:11:46,99789.84,-100370.09
2022-06-14 15:11:45,191428.3,-192071.1
2022-06-14 15:11:44,280209.7,-280222.5
2022-06-14 15:11:43,271842.5,-271856.6
2022-06-14 15:11:42,125275.94,-125292.94
2022-06-14 15:11:41,9581.969,-9597.224
2022-06-14 15:11:40,18402.13,-18426.32
2022-06-14 15:11:39,67489.18,-67514.42
2022-06-14 15:11:38,111900.7,-111913.5
2022-06-14 15:11:37,102964.69,-102978.76
2022-06-14 15:11:36,78271.3,-78288.3
2022-06-14 15:11:35,122363.6,-122378.86
2022-06-14 15:11:34,208772.9,-208797.1
2022-06-14 15:11:33,257286.7,-257311.9
2022-06-14 15:11:32,214975.9,-215387.2
2022-06-14 15:11:31,122124.68,-122584.04
2022-06-14 15:11:30,44493.72,-44510.72
2022-06-14 15:11:29,2241.547,-2256.803
2022-06-14 15:11:28,28716.82,-28741.01
2022-06-14 15:11:27,78168.19,-78193.42
2022-06-14 15:11:26,123911.69,-123924.48
2022-06-14 15:11:25,123715.57,-123729.64
2022-06-14 15:11:24,121461.46,-121478.46
2022-06-14 15:11:23,183591.4,-183857.7
2022-06-14 15:11:22,231250.9,-231555.5
2022-06-14 15:11:21,222439.1,-222462.2
2022-06-14 15:11:20,160554.22,-160567.17
2022-06-14 15:11:19,81579.17,-81595.96
2022-06-14 15:11:18,24545.5,-24562.64
2022-06-14 15:11:17,4.482684,-20.09436
2022-06-14 15:11:16,940.588,-962.7143
2022-06-14 15:11:15,31540.14,-31560.8
2022-06-14 15:11:14,81406.85,-81419.97
2022-06-14 15:11:13,121007.03,-121021.58
2022-06-14 15:11:12,158313.91,-158328.23
2022-06-14 15:11:11,185309.6,-185314.9
2022-06-14 15:11:10,207867.5,-207857.8
2022-06-14 15:11:09,214559.8,-214558.5
2022-06-14 15:11:08,228776,-228785.2
2022-06-14 15:11:07,272829.9,-272828.6
2022-06-14 15:11:06,233802.3,-233790.6
2022-06-14 15:11:05,126139.33,-126120.1
2022-06-14 15:11:04,71037.23,-71012.1
2022-06-14 15:11:03,29306.4,-29281.74
2022-06-14 15:11:02,882.1513,-1269.9653
2022-06-14 15:11:01,38.11636,-894.3415
2022-06-14 15:11:00,24.26835,-494.54
2022-06-14 15:10:59,27.06422,-37.41357
2022-06-14 15:10:58,48.59009,-825.1259
2022-06-14 15:10:57,75.00069,-2138.053
2022-06-14 15:10:56,900.8963,-1835.381
2022-06-14 15:10:55,964.7582,-543.2845
2022-06-14 15:10:54,10.027084,-40.76492
2022-06-14 15:10:53,1852.557,-889.3184
2022-06-14 15:10:52,3799.825,-3455.073
2022-06-14 15:10:51,23615.57,-24452.69
2022-06-14 15:10:50,24227.59,-24245.62
2022-06-14 15:10:49,8.362048,-369.1641
2022-06-14 15:10:48,22978.13,-23379.53
2022-06-14 15:10:47,74772.74,-74788
2022-06-14 15:10:46,116534.52,-116551.35
2022-06-14 15:10:45,101815.94,-101833.02
2022-06-14 15:10:44,84532.51,-84547.83
2022-06-14 15:10:43,156326.71,-156348.47
2022-06-14 15:10:42,281499.1,-281521.7
2022-06-14 15:10:41,301507.8,-301523.1
2022-06-14 15:10:40,155231.37,-155688.17
2022-06-14 15:10:39,29200.43,-29709.32
2022-06-14 15:10:38,6604.872,-6620.398
2022-06-14 15:10:37,34260.66,-34809.35
2022-06-14 15:10:36,66412.54,-67023.87
2022-06-14 15:10:35,83679.12,-83694.38
2022-06-14 15:10:34,89123.58,-89514.91
2022-06-14 15:10:33,140829.23,-141264.69
2022-06-14 15:10:32,231762.6,-231777.9
2022-06-14 15:10:31,297092,-297113.7
2022-06-14 15:10:30,276408.9,-276431.4
2022-06-14 15:10:29,129310.03,-129325.28
2022-06-14 15:10:28,17996.15,-18012.98
2022-06-14 15:10:27,14827.7,-14844.708
2022-06-14 15:10:26,48536.67,-48551.93
2022-06-14 15:10:25,79820.31,-79842.05
2022-06-14 15:10:24,87277.73,-87300.23
2022-06-14 15:10:23,93931.83,-93947.09
2022-06-14 15:10:22,147464.32,-147481.14
2022-06-14 15:10:21,233441.2,-233458.2
2022-06-14 15:10:20,298417.1,-298432.3
2022-06-14 15:10:19,234363.7,-234383
2022-06-14 15:10:18,92739.66,-92761.89
2022-06-14 15:10:17,20214.67,-20232.68
2022-06-14 15:10:16,13876.922,-13893.746
2022-06-14 15:10:15,48177.67,-48194.68
2022-06-14 15:10:14,71566.54,-71581.79
2022-06-14 15:10:13,80576.01,-80595.29
2022-06-14 15:10:12,108714.22,-108736.44
2022-06-14 15:10:11,186142.1,-186160.1
2022-06-14 15:10:10,249155.4,-249172.3
2022-06-14 15:10:09,220851.5,-222046
2022-06-14 15:10:08,194748.5,-196080.5
2022-06-14 15:10:07,134253.98,-134273.26
2022-06-14 15:10:06,46838.65,-46860.87
2022-06-14 15:10:05,27971.13,-28380.23
2022-06-14 15:10:04,38559.22,-39695.1
2022-06-14 15:10:03,62574.36,-63353.61
2022-06-14 15:10:02,60997.72,-61012.97
2022-06-14 15:10:01,98189.8,-98209.08
2022-06-14 15:10:00,169344.4,-169366.6
2022-06-14 15:09:59,213931.3,-213949.3
2022-06-14 15:09:58,243041.6,-243058.7
2022-06-14 15:09:57,207953.9,-207971.1
2022-06-14 15:09:56,136984.74,-136999.96
2022-06-14 15:09:55,89354.1,-89373.32
2022-06-14 15:09:54,51441.07,-51462.33
2022-06-14 15:09:53,28974.01,-28991.46
2022-06-14 15:09:52,19454.21,-19471.74
2022-06-14 15:09:51,47429.07,-47446.43
2022-06-14 15:09:50,70374.6,-70389.04
2022-06-14 15:09:49,93865.35,-93881.03
2022-06-14 15:09:48,121390.64,-121396.38
2022-06-14 15:09:47,155750.32,-155751.82
2022-06-14 15:09:46,176723.4,-176737.7
2022-06-14 15:09:45,204815.2,-204830.6
2022-06-14 15:09:44,259846.7,-259843.2
2022-06-14 15:09:43,229591.8,-229575.4
2022-06-14 15:09:42,187253.7,-187242.3
2022-06-14 15:09:41,151764.68,-151749.93
2022-06-14 15:09:40,96174.27,-98901.95
2022-06-14 15:09:39,55496.49,-58954.08
2022-06-14 15:09:38,21030.18,-23791.04
2022-06-14 15:09:37,12008.449,-14594.435
2022-06-14 15:09:36,25.33583,-31.91786
2022-06-14 15:09:35,18.27401,-22.93081
2022-06-14 15:09:34,52.31925,-447.1925
2022-06-14 15:09:33,418.4119,-1734.048
2022-06-14 15:09:32,738.2656,-2110.752
2022-06-14 15:09:31,370.0173,-1629.601
2022-06-14 15:09:30,545.8439,-961.6407
2022-06-14 15:09:29,3678.114,-71.43842
2022-06-14 15:09:28,24214.54,-20816.81
2022-06-14 15:09:27,23742.13,-23491.25
2022-06-14 15:09:26,1155.6011,-376.2886
2022-06-14 15:09:25,2868.008,-2906.986
2022-06-14 15:09:24,30342.94,-30995.36
2022-06-14 15:09:23,63785.71,-63798.51
2022-06-14 15:09:22,58533.24,-58549.78
2022-06-14 15:09:21,56405.34,-56425.11
2022-06-14 15:09:20,114930.03,-114942.83
2022-06-14 15:09:19,224004.2,-224349
2022-06-14 15:09:18,276169.8,-276558.6
2022-06-14 15:09:17,228329.1,-228344.7
2022-06-14 15:09:16,160073.4,-160089.93
2022-06-14 15:09:15,86192.45,-86212.21
2022-06-14 15:09:14,24073.71,-24086.5
2022-06-14 15:09:13,28618.46,-28637.45
2022-06-14 15:09:12,56819,-56843.96
2022-06-14 15:09:11,61414.19,-61429.73
2022-06-14 15:09:10,92351.85,-92368.39
2022-06-14 15:09:09,170522,-170541.8
2022-06-14 15:09:08,248180.4,-248128.4
2022-06-14 15:09:07,249938.9,-249950.5
2022-06-14 15:09:06,214652.9,-214750.5
2022-06-14 15:09:05,162893.05,-162908.59
2022-06-14 15:09:04,56549.5,-56566.03
2022-06-14 15:09:03,9840.092,-9859.848
2022-06-14 15:09:02,37483.35,-37496.14
2022-06-14 15:09:01,63535.3,-63554.29
2022-06-14 15:09:00,72235.96,-72260.91
2022-06-14 15:08:59,112753.52,-112769.07
2022-06-14 15:08:58,185362.3,-185378.8
2022-06-14 15:08:57,233961,-233980.8
2022-06-14 15:08:56,237942.2,-237955
2022-06-14 15:08:55,210907.1,-210926.1
2022-06-14 15:08:54,139396.14,-139421.09
2022-06-14 15:08:53,45303.01,-45318.55
2022-06-14 15:08:52,2489.499,-2506.033
2022-06-14 15:08:51,26014.86,-26034.61
2022-06-14 15:08:50,57510.19,-57522.98
2022-06-14 15:08:49,88792.84,-88811.83
2022-06-14 15:08:48,128197.79,-128777.14
2022-06-14 15:08:47,188529.2,-189164.2
2022-06-14 15:08:46,226351.3,-226367.8
2022-06-14 15:08:45,228786.2,-228805.9
2022-06-14 15:08:44,202522.4,-202786.2
2022-06-14 15:08:43,142985.93,-143285.45
2022-06-14 15:08:42,92455.48,-92480.43
2022-06-14 15:08:41,26716.45,-27117.99
2022-06-14 15:08:40,14854.436,-15302.263
2022-06-14 15:08:39,45140.12,-45159.86
2022-06-14 15:08:38,63596.3,-63609.1
2022-06-14 15:08:37,106568.79,-106587.78
2022-06-14 15:08:36,166748.04,-167198.59
2022-06-14 15:08:35,198187.6,-198681.2
2022-06-14 15:08:34,196080.9,-196097.7
2022-06-14 15:08:33,174235.6,-174255
2022-06-14 15:08:32,169901.9,-169917.6
2022-06-14 15:08:31,133095.2,-133114.32
2022-06-14 15:08:30,73386.2,-73409.17
2022-06-14 15:08:29,29619.12,-29635.2
2022-06-14 15:08:28,3185.679,-3202.688
2022-06-14 15:08:27,11532.817,-11551.219
2022-06-14 15:08:26,36126.67,-36141.26
2022-06-14 15:08:25,70504.26,-70518.62
2022-06-14 15:08:24,119721.25,-119738.61
2022-06-14 15:08:23,183275.4,-183291.1
2022-06-14 15:08:22,237509.1,-237513.4
2022-06-14 15:08:21,278057.5,-278059.1
2022-06-14 15:08:20,284893.7,-284891
2022-06-14 15:08:19,197301.8,-197272.6
2022-06-14 15:08:18,159790.08,-159767.71
2022-06-14 15:08:17,150279.45,-150278.97
2022-06-14 15:08:16,78422.08,-78419.22
2022-06-14 15:08:15,48492.7,-48488.48
2022-06-14 15:08:14,33241.27,-33246.54
2022-06-14 15:08:13,30320.61,-30319.25
2022-06-14 15:08:12,16457.514,-16854.4
2022-06-14 15:08:11,466.1798,-912.9298
2022-06-14 15:08:10,66.92568,-818.5095
2022-06-14 15:08:09,95.96631,-2556.842
2022-06-14 15:08:08,61.64091,-1877.285
2022-06-14 15:08:07,3295.047,-3721.533
2022-06-14 15:08:06,3669.51,-4128.553
2022-06-14 15:08:05,1093.0086,-446.0377
2022-06-14 15:08:04,47293.1,-46135.95
2022-06-14 15:08:03,54187.5,-53709.19
2022-06-14 15:08:02,2997.271,-3020.227
2022-06-14 15:08:01,367.7324,-34.49239
2022-06-14 15:08:00,3053.982,-2673.615
2022-06-14 15:07:59,27895.11,-27910.37
2022-06-14 15:07:58,68057.87,-68072.24
2022-06-14 15:07:57,75070.31,-75087.03
2022-06-14 15:07:56,97209.1,-97232.04
2022-06-14 15:07:55,198332,-198354.3
2022-06-14 15:07:54,297831.6,-297848.6
2022-06-14 15:07:53,282126.3,-282141.6
2022-06-14 15:07:52,121073.24,-121087.61
2022-06-14 15:07:51,26516.22,-26532.94
2022-06-14 15:07:50,62305.49,-62328.42
2022-06-14 15:07:49,62649.96,-62672.29
2022-06-14 15:07:48,56818.09,-56835.1
2022-06-14 15:07:47,65092.88,-65108.13
2022-06-14 15:07:46,88347.56,-88361.92
2022-06-14 15:07:45,150702.15,-150718.87
2022-06-14 15:07:44,261547.6,-261570.6
2022-06-14 15:07:43,308212.5,-308234.9
2022-06-14 15:07:42,199292.1,-199309.1
2022-06-14 15:07:41,62411.76,-62427.02
2022-06-14 15:07:40,42334.14,-42348.5
2022-06-14 15:07:39,72996.6,-73010.86
2022-06-14 15:07:38,58069.38,-58092.23
2022-06-14 15:07:37,51949.15,-51974.45
2022-06-14 15:07:36,86432.57,-86449.58
2022-06-14 15:07:35,118343.16,-118358.42
2022-06-14 15:07:34,180934.1,-181340.3
2022-06-14 15:07:33,282950.5,-283402.5
2022-06-14 15:07:32,281899,-281921.6
2022-06-14 15:07:31,138038.75,-138063.82
2022-06-14 15:07:30,26172.54,-26189.55
2022-06-14 15:07:29,31838.36,-31853.62
2022-06-14 15:07:28,60993.02,-61007.38
2022-06-14 15:07:27,90425.39,-90439.65
2022-06-14 15:07:26,93343.73,-93366.36
2022-06-14 15:07:25,105235.59,-105587.75
2022-06-14 15:07:24,155472.81,-155852.92
2022-06-14 15:07:23,243980.3,-244322.4
2022-06-14 15:07:22,303369.8,-303752.4
2022-06-14 15:07:21,211424.6,-211438.9
2022-06-14 15:07:20,91342.52,-94145.56
2022-06-14 15:07:19,43387.3,-46522.17
2022-06-14 15:07:18,26614.17,-26628.72
2022-06-14 15:07:17,26109.93,-26124.9
2022-06-14 15:07:16,66227.13,-66244.24
2022-06-14 15:07:15,97617.05,-97631.31
2022-06-14 15:07:14,89502.47,-89525.1
2022-06-14 15:07:13,110922.39,-110947.46
2022-06-14 15:07:12,195007.5,-195022
2022-06-14 15:07:11,261132.1,-261147.1
2022-06-14 15:07:10,242322.8,-242340
2022-06-14 15:07:09,132399.49,-132413.72
2022-06-14 15:07:08,61220.58,-61243.32
2022-06-14 15:07:07,51977.23,-52002.82
2022-06-14 15:07:06,38703.13,-38718.28
2022-06-14 15:07:05,34573.19,-34588.32
2022-06-14 15:07:04,55928.56,-55946.01
2022-06-14 15:07:03,59575.08,-59588.58
2022-06-14 15:07:02,52881.71,-52900.58
2022-06-14 15:07:01,82652.7,-82673.85
2022-06-14 15:07:00,144448.89,-144462.3
2022-06-14 15:06:59,219079.3,-219092.1
2022-06-14 15:06:58,295508.7,-295518.5
2022-06-14 15:06:57,271911.5,-272328.6
2022-06-14 15:06:56,176207.7,-176660.3
2022-06-14 15:06:55,121265.72,-121254.06
2022-06-14 15:06:54,82391.09,-82382.02
2022-06-14 15:06:53,51330.55,-51317.81
2022-06-14 15:06:52,42185.78,-42192.51
2022-06-14 15:06:51,33942.67,-33956.44
2022-06-14 15:06:50,24588.01,-24588.14
2022-06-14 15:06:49,31316.28,-31308.76
2022-06-14 15:06:48,54652.68,-55437.47
2022-06-14 15:06:47,57623.1,-59310.91
2022-06-14 15:06:46,50040.07,-50938.42
2022-06-14 15:06:45,45864.5,-46668.12
2022-06-14 15:06:44,18574.51,-19478.25
2022-06-14 15:06:43,15290.69,-15044.057
2022-06-14 15:06:42,17902.71,-17240.26
2022-06-14 15:06:41,3351.611,-2128.107
2022-06-14 15:06:40,2709.311,-1833.896
2022-06-14 15:06:39,15.51401,-25.60744
2022-06-14 15:06:38,603.6797,-447.1673
2022-06-14 15:06:37,670.873,-3097.722
2022-06-14 15:06:36,16.03098,-2931.232
2022-06-14 15:06:35,20816.15,-20833.89
2022-06-14 15:06:34,88250.48,-87746.21
2022-06-14 15:06:33,166434.81,-165868.91
2022-06-14 15:06:32,229422.4,-229440.5
2022-06-14 15:06:31,248125.4,-248142.3
2022-06-14 15:06:30,186167.9,-186184.9
2022-06-14 15:06:29,105023.21,-105040.93
2022-06-14 15:06:28,69476.37,-69495.95
2022-06-14 15:06:27,37905.12,-37924.58
2022-06-14 15:06:26,32694.21,-32712.21
2022-06-14 15:06:25,72457.97,-72474.8
2022-06-14 15:06:24,101617.81,-101634.82
2022-06-14 15:06:23,160770.97,-160788.69
2022-06-14 15:06:22,218437.3,-218456.8
2022-06-14 15:06:21,212445.4,-212462.4
2022-06-14 15:06:20,182559.7,-182577.4
2022-06-14 15:06:19,166227.13,-166246.7
2022-06-14 15:06:18,117726.09,-117743.09
2022-06-14 15:06:17,74114.56,-74132.28
2022-06-14 15:06:16,67888.33,-67907.91
2022-06-14 15:06:15,70139.33,-70156.33
2022-06-14 15:06:14,54089.54,-54107.26
2022-06-14 15:06:13,75318.4,-75337.97
2022-06-14 15:06:12,150297.35,-150314.36
2022-06-14 15:06:11,204241.3,-204259
2022-06-14 15:06:10,212556.1,-212575.6
2022-06-14 15:06:09,195111.2,-195128.5
2022-06-14 15:06:08,158339.24,-158357.19
2022-06-14 15:06:07,135526.49,-135546.06
2022-06-14 15:06:06,111085.88,-111102.89
2022-06-14 15:06:05,62944.82,-62962.53
2022-06-14 15:06:04,25159.75,-25179.33
2022-06-14 15:06:03,27268.32,-27285.33
2022-06-14 15:06:02,90935.33,-90953.04
2022-06-14 15:06:01,158723.32,-158742.89
2022-06-14 15:06:00,209560.1,-209577.1
2022-06-14 15:05:59,223348.6,-223366.3
2022-06-14 15:05:58,197969.6,-197989.2
2022-06-14 15:05:57,164127.85,-164144.86
2022-06-14 15:05:56,168115.9,-168133.7
2022-06-14 15:05:55,127088.49,-127108.06
2022-06-14 15:05:54,33763.46,-33780.46
2022-06-14 15:05:53,2373.303,-2391.013
2022-06-14 15:05:52,126.07322,-145.6461
2022-06-14 15:05:51,29437.47,-29454.48
2022-06-14 15:05:50,103627.34,-103645.05
2022-06-14 15:05:49,180946.4,-180966
2022-06-14 15:05:48,216476.3,-216493.3
2022-06-14 15:05:47,218629.8,-218647.5
2022-06-14 15:05:46,215002.3,-215021.8
2022-06-14 15:05:45,201202.1,-201219.1
2022-06-14 15:05:44,140297.65,-140315.47
2022-06-14 15:05:43,43767.01,-43787.1
2022-06-14 15:05:42,17.78126,-2494.885
2022-06-14 15:05:41,18.7954,-2785.18
2022-06-14 15:05:40,5.955824,-26.05508
2022-06-14 15:05:39,6665.408,-6681.825
2022-06-14 15:05:38,52072.66,-52086.89
2022-06-14 15:05:37,127477.2,-127492.93
2022-06-14 15:05:36,196578.7,-196593.1
2022-06-14 15:05:35,255628,-255642
2022-06-14 15:05:34,326180.4,-326191.5
2022-06-14 15:05:33,349481.5,-349473.6
2022-06-14 15:05:32,286970.4,-286943.7
2022-06-14 15:05:31,190875,-191359.1
2022-06-14 15:05:30,107467.91,-108015.77
2022-06-14 15:05:29,59592.72,-59568.34
2022-06-14 15:05:28,14191.593,-14178.471
2022-06-14 15:05:27,22.35754,-28.45269
2022-06-14 15:05:26,12.387358,-24.97203
2022-06-14 15:05:25,25.47693,-30.12975
2022-06-14 15:05:24,52.11536,-432.6438
2022-06-14 15:05:23,52.20189,-1297.719
2022-06-14 15:05:22,64.4706,-1758.717
2022-06-14 15:05:21,97.15977,-1774.66
2022-06-14 15:05:20,63.46024,-1381.0917
2022-06-14 15:05:19,833.6773,-518.3047
2022-06-14 15:05:18,24435.12,-21434.8
2022-06-14 15:05:17,28436.26,-24299.67
2022-06-14 15:05:16,3199.264,-459.8877
2022-06-14 15:05:15,1356.8019,-507.6307
2022-06-14 15:05:14,526.4206,-549.6533
2022-06-14 15:05:13,4.730515,-29.24184
2022-06-14 15:05:12,3.203179,-23.2615
2022-06-14 15:05:11,12879.042,-12889.09
2022-06-14 15:05:10,86477.7,-86489.31
2022-06-14 15:05:09,180419.1,-180435.8
2022-06-14 15:05:08,275366,-275388.9
2022-06-14 15:05:07,320186.2,-320213.4
2022-06-14 15:05:06,238375.5,-238395.6
2022-06-14 15:05:05,135599.13,-135609.17
2022-06-14 15:05:04,45302.06,-45313.67
2022-06-14 15:05:03,4.748215,-21.46712
2022-06-14 15:05:02,7.545301,-30.46807
2022-06-14 15:05:01,12666.722,-12693.962
2022-06-14 15:05:00,54941.23,-54961.27
2022-06-14 15:04:59,125233.8,-125243.85
2022-06-14 15:04:58,218602.2,-218613.8
2022-06-14 15:04:57,306318,-306334.8
2022-06-14 15:04:56,313824.1,-313847
2022-06-14 15:04:55,203611.5,-203638.7
2022-06-14 15:04:54,86359.91,-86379.95
2022-06-14 15:04:53,28329.42,-28339.47
2022-06-14 15:04:52,4.081768,-15.697643
2022-06-14 15:04:51,5.672549,-22.39164
2022-06-14 15:04:50,10866.037,-10888.956
2022-06-14 15:04:49,78736.88,-78764.12
2022-06-14 15:04:48,190349.6,-190369.7
2022-06-14 15:04:47,277839.7,-277849.8
2022-06-14 15:04:46,282572.1,-282583.7
2022-06-14 15:04:45,225624.3,-225641
2022-06-14 15:04:44,165610.63,-165633.56
2022-06-14 15:04:43,92439.16,-92466.4
2022-06-14 15:04:42,29159.14,-29772.57
2022-06-14 15:04:41,12.379092,-685.5236
2022-06-14 15:04:40,5.352891,-16.96887
2022-06-14 15:04:39,25194.85,-25211.77
2022-06-14 15:04:38,117436.24,-117459.4
2022-06-14 15:04:37,223495.7,-225819.9
2022-06-14 15:04:36,279372.6,-281961.7
2022-06-14 15:04:35,241964.9,-241977.7
2022-06-14 15:04:34,153155.15,-153166.77
2022-06-14 15:04:33,117755.24,-117771.96
2022-06-14 15:04:32,97682.53,-97702.99
2022-06-14 15:04:31,69905.75,-69930.24
2022-06-14 15:04:30,28337.64,-28360.14
2022-06-14 15:04:29,4.205848,-17.00299
2022-06-14 15:04:28,863.6888,-1457.1566
2022-06-14 15:04:27,55064.83,-55731.69
2022-06-14 15:04:26,170052.7,-170073.2
2022-06-14 15:04:25,268040.6,-268062.7
2022-06-14 15:04:24,297593.9,-297616.1
2022-06-14 15:04:23,226976.9,-226992.5
2022-06-14 15:04:22,131687.09,-131698.71
2022-06-14 15:04:21,90241.49,-90255.72
2022-06-14 15:04:20,69502.76,-69522.82
2022-06-14 15:04:19,51295.35,-51320.8
2022-06-14 15:04:18,23468.03,-23491.43
2022-06-14 15:04:17,6.39069,-22.50344
2022-06-14 15:04:16,5.422045,-17.25741
2022-06-14 15:04:15,11100.36,-11112.16
2022-06-14 15:04:14,58370.08,-58385.18
2022-06-14 15:04:13,141068.76,-141089.71
2022-06-14 15:04:12,234592.2,-234610.8
2022-06-14 15:04:11,388786.8,-388799.9
2022-06-14 15:04:10,420866.9,-420873.7
2022-06-14 15:04:09,280702.9,-280682.1
2022-06-14 15:04:08,176340.3,-176289.6
2022-06-14 15:04:07,79619.95,-79580.46
2022-06-14 15:04:06,41138.74,-41131.23
2022-06-14 15:04:05,38544.16,-38556.12
2022-06-14 15:04:04,30347.53,-30364.18
2022-06-14 15:04:03,45411.78,-45428.32
2022-06-14 15:04:02,48105.8,-48112.87
2022-06-14 15:04:01,16364.032,-16347.009
2022-06-14 15:04:00,495.4948,-1265.733
2022-06-14 15:03:59,84.27237,-2163.013
2022-06-14 15:03:58,87.48218,-2240.237
2022-06-14 15:03:57,47.85467,-969.9207
2022-06-14 15:03:56,2556.08,-47.5712
2022-06-14 15:03:55,23627.89,-21213.59
2022-06-14 15:03:54,30372.45,-29720.83
2022-06-14 15:03:53,7997.996,-6783.876
2022-06-14 15:03:52,9.836669,-651.0407
2022-06-14 15:03:51,6.91854,-709.9735
2022-06-14 15:03:50,3262.859,-3277.842
2022-06-14 15:03:49,3647.577,-3669.634
2022-06-14 15:03:48,17317.55,-17334.85
2022-06-14 15:03:47,66757.37,-66777.27
2022-06-14 15:03:46,143984.93,-144010.01
2022-06-14 15:03:45,245896.1,-245910.7
2022-06-14 15:03:44,313357.3,-313369.8
2022-06-14 15:03:43,246138.7,-246157.9
2022-06-14 15:03:42,91430.09,-91447.39
2022-06-14 15:03:41,28018.31,-28038.2
2022-06-14 15:03:40,55193.24,-55218.31
2022-06-14 15:03:39,60326.51,-60341.05
2022-06-14 15:03:38,27639.61,-27652.12
2022-06-14 15:03:37,44473.98,-44493.26
2022-06-14 15:03:36,119380.37,-119397.67
2022-06-14 15:03:35,188338.1,-188358
2022-06-14 15:03:34,253688.1,-253710.7
2022-06-14 15:03:33,264711.3,-264725.6
2022-06-14 15:03:32,199862.9,-199878.2
2022-06-14 15:03:31,97789.06,-97808.35
2022-06-14 15:03:30,50650.51,-50667.81
2022-06-14 15:03:29,60553.66,-60573.55
2022-06-14 15:03:28,54672.28,-54694.89
2022-06-14 15:03:27,38525.73,-38539.99
2022-06-14 15:03:26,71696.25,-71711.54
2022-06-14 15:03:25,130564.55,-130583.85
2022-06-14 15:03:24,192666.2,-193023.9
2022-06-14 15:03:23,269020.7,-269420.9
2022-06-14 15:03:22,289943.9,-289966.5
2022-06-14 15:03:21,174003.8,-174018
2022-06-14 15:03:20,36128.88,-36490.53
2022-06-14 15:03:19,31471.97,-32222.73
2022-06-14 15:03:18,66679.26,-67769.81
2022-06-14 15:03:17,55966.36,-56755.47
2022-06-14 15:03:16,45511.19,-45533.8
2022-06-14 15:03:15,72022.39,-72036.65
2022-06-14 15:03:14,140855.57,-140870.83
2022-06-14 15:03:13,245685.9,-245705.1
2022-06-14 15:03:12,294931.3,-294948.6
2022-06-14 15:03:11,244955.7,-244975.6
2022-06-14 15:03:10,130190.3,-130212.9
2022-06-14 15:03:09,26988.87,-27003.13
2022-06-14 15:03:08,1530.4687,-1545.9364
2022-06-14 15:03:07,27355.6,-27375.15
2022-06-14 15:03:06,57961.81,-57979.14
2022-06-14 15:03:05,65242.49,-65262.36
2022-06-14 15:03:04,81590.14,-81612.74
2022-06-14 15:03:03,126990.85,-127005.11
2022-06-14 15:03:02,203827.4,-203842.6
2022-06-14 15:03:01,264392.8,-264412.1
2022-06-14 15:03:00,239772.8,-239790.1
2022-06-14 15:02:59,161892.79,-161912.62
2022-06-14 15:02:58,106913.31,-106936.25
2022-06-14 15:02:57,48517.94,-48532.61
2022-06-14 15:02:56,2812.495,-2827.887
2022-06-14 15:02:55,12167.962,-12187.579
2022-06-14 15:02:54,41923.06,-41940.91
2022-06-14 15:02:53,77021.44,-77039.34
2022-06-14 15:02:52,96365.16,-96385.25
2022-06-14 15:02:51,114053.73,-114067.01
2022-06-14 15:02:50,167112.14,-167124.86
2022-06-14 15:02:49,234396.8,-234412.3
2022-06-14 15:02:48,271691.3,-271696.6
2022-06-14 15:02:47,255406.1,-255395.5
2022-06-14 15:02:46,242076.3,-242072.2
2022-06-14 15:02:45,204347,-204342.1
2022-06-14 15:02:44,124499.7,-124482.59
2022-06-14 15:02:43,67633.21,-67615.18
2022-06-14 15:02:42,29651.09,-29643.94
2022-06-14 15:02:41,12222.6,-12223.557
2022-06-14 15:02:40,3554.625,-3560.162
2022-06-14 15:02:39,18759.71,-19547.96
2022-06-14 15:02:38,38119.74,-39016.1
2022-06-14 15:02:37,50494.2,-50516.25
2022-06-14 15:02:36,57607.08,-58400.85
2022-06-14 15:02:35,43073.01,-44738.44
2022-06-14 15:02:34,13068.924,-14349.885
2022-06-14 15:02:33,943.4342,-523.6948
2022-06-14 15:02:32,3713.414,-2735.543
2022-06-14 15:02:31,23180.87,-22752.58
2022-06-14 15:02:30,23385.29,-22419.37
2022-06-14 15:02:29,16319.151,-18537.83
2022-06-14 15:02:28,18550.57,-23304.67
2022-06-14 15:02:27,1539.437,-3848.837
2022-06-14 15:02:26,9.19673,-498.0182
2022-06-14 15:02:25,7362.728,-7387.274
2022-06-14 15:02:24,60509.78,-60532.47
2022-06-14 15:02:23,122813.13,-122826.18
2022-06-14 15:02:22,169118.4,-169135
2022-06-14 15:02:21,235445.9,-235465.6
2022-06-14 15:02:20,248818.7,-248836.4
2022-06-14 15:02:19,190761.9,-190786.4
2022-06-14 15:02:18,110607.38,-110627.43
2022-06-14 15:02:17,45776.54,-45786.59
2022-06-14 15:02:16,35166.27,-35182.81
2022-06-14 15:02:15,53562.33,-53582.08
2022-06-14 15:02:14,58031.01,-58048.73
2022-06-14 15:02:13,69442.85,-69467.34
2022-06-14 15:02:12,129005.31,-129025.35
2022-06-14 15:02:11,222120.2,-222130.2
2022-06-14 15:02:10,277817.5,-277834
2022-06-14 15:02:09,241154.6,-241554.2
2022-06-14 15:02:08,148574.71,-149456.85
2022-06-14 15:02:07,86193.76,-86709.92
2022-06-14 15:02:06,62583.14,-62603.18
2022-06-14 15:02:05,64637.79,-65023.15
2022-06-14 15:02:04,56157.42,-56593.32
2022-06-14 15:02:03,40729.42,-40749.17
2022-06-14 15:02:02,82550.31,-82568.02
2022-06-14 15:02:01,160001.48,-160025.97
2022-06-14 15:02:00,205497.8,-205517.8
2022-06-14 15:01:59,210688.7,-210698.8
2022-06-14 15:01:58,194989.8,-195006.3
2022-06-14 15:01:57,170708.4,-170728.2
2022-06-14 15:01:56,150583.7,-150601.42
2022-06-14 15:01:55,121273.91,-121298.4
2022-06-14 15:01:54,53612.94,-53632.98
2022-06-14 15:01:53,4.551059,-14.599019
2022-06-14 15:01:52,15392.084,-15406.156
2022-06-14 15:01:51,72946.7,-72966.17
2022-06-14 15:01:50,147399.92,-147420.38
2022-06-14 15:01:49,206686.8,-206711.3
2022-06-14 15:01:48,262305.7,-262325.8
2022-06-14 15:01:47,260169.2,-260179.3
2022-06-14 15:01:46,197451.5,-197465.6
2022-06-14 15:01:45,131118.27,-131137.73
2022-06-14 15:01:44,65342.16,-65362.62
2022-06-14 15:01:43,18903.92,-18928.4
2022-06-14 15:01:42,5.213876,-25.25512
2022-06-14 15:01:41,3.915569,-13.963626
2022-06-14 15:01:40,21910.23,-21924.31
2022-06-14 15:01:39,77137.19,-77156.87
2022-06-14 15:01:38,163045.65,-163066.34
2022-06-14 15:01:37,243535.9,-243560.4
2022-06-14 15:01:36,280209.1,-280229.1
2022-06-14 15:01:35,265238.8,-265249
2022-06-14 15:01:34,184781.8,-184796
2022-06-14 15:01:33,96764.84,-96784.44
2022-06-14 15:01:32,36732,-36750.17
2022-06-14 15:01:31,5256.505,-5281.149
2022-06-14 15:01:30,6.93675,-30.65157
2022-06-14 15:01:29,5.140386,-15.823804
2022-06-14 15:01:28,66.00718,-79.10543
2022-06-14 15:01:27,21689.59,-21706.69
2022-06-14 15:01:26,94155.03,-94169.42
2022-06-14 15:01:25,153009.43,-153026.1
2022-06-14 15:01:24,232735.4,-232754.1
2022-06-14 15:01:23,352176.5,-352183.4
2022-06-14 15:01:22,389068.8,-389068.4
2022-06-14 15:01:21,302585.7,-302333.3
2022-06-14 15:01:20,179843.3,-179780.8
2022-06-14 15:01:19,101789.84,-102014.73
2022-06-14 15:01:18,46361.88,-46345.78
2022-06-14 15:01:17,35642.06,-35649.75
2022-06-14 15:01:16,17249.75,-17260.3
2022-06-14 15:01:15,460.5098,-470.2684
2022-06-14 15:01:14,21.30135,-25.39027
2022-06-14 15:01:13,13.234881,-14.30098
2022-06-14 15:01:12,38.90298,-828.7172
2022-06-14 15:01:11,103.14545,-2549.711
2022-06-14 15:01:10,106.69451,-2280.876
2022-06-14 15:01:09,47.34659,-927.3496
2022-06-14 15:01:08,22184.88,-22650.71
2022-06-14 15:01:07,45776.28,-45814.55
2022-06-14 15:01:06,44457.49,-42305.11
2022-06-14 15:01:05,23441.57,-21023.87
2022-06-14 15:01:04,2444.092,-27.1207
2022-06-14 15:01:03,2732.317,-37.68911
2022-06-14 15:01:02,3.618253,-24.39254
2022-06-14 15:01:01,3.620005,-25.37791
2022-06-14 15:01:00,3.803997,-26.3261
2022-06-14 15:00:59,13971.493,-13984.294
2022-06-14 15:00:58,87882.45,-87894.06
2022-06-14 15:00:57,222706,-222725.2
2022-06-14 15:00:56,348481.1,-348501.9
2022-06-14 15:00:55,349464.2,-349486
2022-06-14 15:00:54,207069.1,-207091.6
2022-06-14 15:00:53,66453.7,-66466.7
2022-06-14 15:00:52,7227.357,-7239.21
2022-06-14 15:00:51,6.319439,-25.49809
2022-06-14 15:00:50,6.333651,-27.08659
2022-06-14 15:00:49,7.88381,-29.62565
2022-06-14 15:00:48,19043.42,-19065.93
2022-06-14 15:00:47,122199.3,-122212.1
2022-06-14 15:00:46,293385.3,-293396.9
2022-06-14 15:00:45,410988.2,-411007.4
2022-06-14 15:00:44,340524.9,-340545.6
2022-06-14 15:00:43,141824.95,-141846.69
2022-06-14 15:00:42,25087.25,-25109.76
2022-06-14 15:00:41,2.68024,-15.476882
2022-06-14 15:00:40,3.989416,-15.60521
2022-06-14 15:00:39,6.365494,-25.54373
2022-06-14 15:00:38,1770.385,-1791.138
2022-06-14 15:00:37,46089.76,-46111.5
2022-06-14 15:00:36,160463.13,-163986.01
2022-06-14 15:00:35,314334.3,-318258.8
2022-06-14 15:00:34,399341.6,-399353.2
2022-06-14 15:00:33,294257.4,-294274.1
2022-06-14 15:00:32,113556.48,-113576.95
2022-06-14 15:00:31,20224.42,-20248.91
2022-06-14 15:00:30,5.421743,-27.92694
2022-06-14 15:00:29,4.344169,-17.14057
2022-06-14 15:00:28,5.260365,-16.87594
2022-06-14 15:00:27,6249.373,-6266.093
2022-06-14 15:00:26,65783.71,-65804.17
2022-06-14 15:00:25,195324.4,-195348.9
2022-06-14 15:00:24,315535.1,-315557.6
2022-06-14 15:00:23,370209.9,-370222.7
2022-06-14 15:00:22,272456.8,-272468.4
2022-06-14 15:00:21,102967.78,-102984.5
2022-06-14 15:00:20,25286.65,-25307.12
2022-06-14 15:00:19,5.077178,-29.56836
2022-06-14 15:00:18,5.860551,-28.36484
2022-06-14 15:00:17,4.73713,-17.53406
2022-06-14 15:00:16,4494.543,-5054.739
2022-06-14 15:00:15,44718.72,-45348.53
2022-06-14 15:00:14,119145.76,-119166.22
2022-06-14 15:00:13,213835.9,-213860.4
2022-06-14 15:00:12,318051.1,-318073.7
2022-06-14 15:00:11,324989.3,-325002.1
2022-06-14 15:00:10,197044.2,-197055.9
2022-06-14 15:00:09,79716.57,-79733.48
2022-06-14 15:00:08,40843.36,-40859.45
2022-06-14 15:00:07,14794.251,-14813.716
2022-06-14 15:00:06,5.400809,-28.37343
2022-06-14 15:00:05,5.962125,-19.56128
2022-06-14 15:00:04,5.399002,-17.45394
2022-06-14 15:00:03,11083.537,-11099.032
2022-06-14 15:00:02,57705.76,-57721.39
2022-06-14 15:00:01,125210.84,-125230.54
2022-06-14 15:00:00,206966,-206986.3
2022-06-14 14:59:59,354397.2,-354408.7
2022-06-14 14:59:58,437887.5,-437894.5
2022-06-14 14:59:57,348670.3,-348662.1
2022-06-14 14:59:56,225067.2,-225037.7
2022-06-14 14:59:55,121965.14,-121920.63
2022-06-14 14:59:54,62828.36,-62798.76
2022-06-14 14:59:53,44777.61,-44781.49
2022-06-14 14:59:52,26221.99,-26232.08
2022-06-14 14:59:51,12116.389,-12121.234
2022-06-14 14:59:50,1068.7651,-1074.8893
2022-06-14 14:59:49,2.818126,-12.984825
2022-06-14 14:59:48,49.6744,-1223.3466
2022-06-14 14:59:47,120.31762,-2207.205
2022-06-14 14:59:46,88.01119,-1781.212
2022-06-14 14:59:45,43.80397,-1469.4982
2022-06-14 14:59:44,39.65013,-1019.2674
2022-06-14 14:59:43,23098,-23240.47
2022-06-14 14:59:42,28180.12,-27486.58
2022-06-14 14:59:41,4458.801,-4908.228
2022-06-14 14:59:40,2613.883,-2961.103
2022-06-14 14:59:39,670.0569,-29.33933
2022-06-14 14:59:38,15.184121,-2449.586
2022-06-14 14:59:37,16.84259,-2736.549
2022-06-14 14:59:36,3.96465,-23.73372
2022-06-14 14:59:35,15713.744,-15726.545
2022-06-14 14:59:34,87639,-87650.62
2022-06-14 14:59:33,191038.8,-191055.5
2022-06-14 14:59:32,284958.3,-284981.2
2022-06-14 14:59:31,333688,-333712.8
2022-06-14 14:59:30,257526.7,-257546.5
2022-06-14 14:59:29,124388.45,-124401.24
2022-06-14 14:59:28,50362.29,-50373.97
2022-06-14 14:59:27,16974.98,-16991.77
2022-06-14 14:59:26,7.10646,-30.03003
2022-06-14 14:59:25,7574.456,-7599.236
2022-06-14 14:59:24,40686.71,-40706.36
2022-06-14 14:59:23,109994.95,-110013.76
2022-06-14 14:59:22,223089.9,-223108.4
2022-06-14 14:59:21,309422.7,-309439.5
2022-06-14 14:59:20,282215.6,-282238.5
2022-06-14 14:59:19,195583.7,-195608.5
2022-06-14 14:59:18,115419.48,-115439.23
2022-06-14 14:59:17,51591.72,-51604.51
2022-06-14 14:59:16,12109.529,-12121.145
2022-06-14 14:59:15,10.534186,-278.0603
2022-06-14 14:59:14,28633.17,-28936.35
2022-06-14 14:59:13,68578.85,-68603.62
2022-06-14 14:59:12,141715.34,-141735.1
2022-06-14 14:59:11,270650.5,-270663.3
2022-06-14 14:59:10,331092.2,-331104.1
2022-06-14 14:59:09,235437.2,-235454.1
2022-06-14 14:59:08,120932.99,-120955.91
2022-06-14 14:59:07,99560.81,-99585.59
2022-06-14 14:59:06,63003.46,-63023.22
2022-06-14 14:59:05,16982.74,-17246.53
2022-06-14 14:59:04,9.409597,-301.5008
2022-06-14 14:59:03,8700.414,-8717.133
2022-06-14 14:59:02,60041.95,-60064.87
2022-06-14 14:59:01,157582.43,-157607.21
2022-06-14 14:59:00,265020,-265039.7
2022-06-14 14:58:59,288661.2,-288674
2022-06-14 14:58:58,206258.3,-206270
2022-06-14 14:58:57,126095.12,-126111.84
2022-06-14 14:58:56,98655.02,-98677.94
2022-06-14 14:58:55,88985.3,-89010.08
2022-06-14 14:58:54,39460.68,-39480.43
2022-06-14 14:58:53,1555.0793,-1567.8756
2022-06-14 14:58:52,630.7112,-642.3266
2022-06-14 14:58:51,33835.38,-33852.1
2022-06-14 14:58:50,114324.44,-114347.36
2022-06-14 14:58:49,198825,-198849.7
2022-06-14 14:58:48,259554.2,-259574
2022-06-14 14:58:47,244975.8,-244988.6
2022-06-14 14:58:46,168322,-168333.6
2022-06-14 14:58:45,140574.1,-140590.79
2022-06-14 14:58:44,123575.17,-123595.54
2022-06-14 14:58:43,80469.91,-80495.06
2022-06-14 14:58:42,35473.75,-35497.24
2022-06-14 14:58:41,3.974431,-17.15755
2022-06-14 14:58:40,4.798426,-16.633985
2022-06-14 14:58:39,4963.087,-4977.316
2022-06-14 14:58:38,50887.56,-50904.3
2022-06-14 14:58:37,114303.73,-114323.49
2022-06-14 14:58:36,197483.5,-197502.2
2022-06-14 14:58:35,296717.9,-296731
2022-06-14 14:58:34,311992.8,-312004.5
2022-06-14 14:58:33,277123.7,-277111.4
2022-06-14 14:58:32,208672.3,-208629.9
2022-06-14 14:58:31,131699.5,-131672.06
2022-06-14 14:58:30,89032.24,-89025.49
2022-06-14 14:58:29,77762.87,-77768.09
2022-06-14 14:58:28,70770.38,-70781.89
2022-06-14 14:58:27,38416.43,-38418.23
2022-06-14 14:58:26,24955.05,-24954.44
2022-06-14 14:58:25,11876.5,-11876.838
2022-06-14 14:58:24,49.61533,-90.22439
2022-06-14 14:58:23,85.78373,-1480.6931
2022-06-14 14:58:22,91.47267,-2500.565
2022-06-14 14:58:21,60.4097,-1489.1958
2022-06-14 14:58:20,31.46463,-500.3869
2022-06-14 14:58:19,22195.14,-23051.49
2022-06-14 14:58:18,27013.84,-26202.6
2022-06-14 14:58:17,2951.01,-890.0779
2022-06-14 14:58:16,516.4553,-431.1491
2022-06-14 14:58:15,21012.15,-21033.82
2022-06-14 14:58:14,23849.39,-24053.41
2022-06-14 14:58:13,412.3479,-628.4128
2022-06-14 14:58:12,2.009581,-16.273136
2022-06-14 14:58:11,3594.652,-3612.379
2022-06-14 14:58:10,67977.01,-67994.13
2022-06-14 14:58:09,182535.4,-182552.1
2022-06-14 14:58:08,286746.3,-286769.2
2022-06-14 14:58:07,278068.5,-278088.4
2022-06-14 14:58:06,173112.1,-173126.4
2022-06-14 14:58:05,116778.66,-116796.38
2022-06-14 14:58:04,90062.58,-90079.69
2022-06-14 14:58:03,72246.14,-72262.86
2022-06-14 14:58:02,29152.29,-29175.22
2022-06-14 14:58:01,7.031769,-26.89289
2022-06-14 14:58:00,18187.94,-18700.78
2022-06-14 14:57:59,94434.19,-95009.02
2022-06-14 14:57:58,219902.8,-219919.9
2022-06-14 14:57:57,306116.5,-306133.2
2022-06-14 14:57:56,278314.1,-278337
2022-06-14 14:57:55,204174.1,-204444.6
2022-06-14 14:57:54,130269.84,-130564.14
2022-06-14 14:57:53,68284.85,-68302.57
2022-06-14 14:57:52,31038.06,-31055.18
2022-06-14 14:57:51,5.718723,-22.43784
2022-06-14 14:57:50,73.40936,-741.4292
2022-06-14 14:57:49,26113.47,-26854.24
2022-06-14 14:57:48,114242.19,-114256.45
2022-06-14 14:57:47,248458,-248475.7
2022-06-14 14:57:46,354433.9,-354451
2022-06-14 14:57:45,311835.2,-311852
2022-06-14 14:57:44,172902.1,-172925
2022-06-14 14:57:43,89350.78,-89370.65
2022-06-14 14:57:42,48224.7,-48238.96
2022-06-14 14:57:41,16425.169,-16442.885
2022-06-14 14:57:40,6.163575,-23.27563
2022-06-14 14:57:39,151.10409,-167.8235
2022-06-14 14:57:38,35094.98,-35117.91
2022-06-14 14:57:37,132915.28,-132935.14
2022-06-14 14:57:36,229982.6,-229996.8
2022-06-14 14:57:35,308117.2,-308134.9
2022-06-14 14:57:34,304601.1,-304618.4
2022-06-14 14:57:33,194928.3,-194945.3
2022-06-14 14:57:32,93466.78,-93489.7
2022-06-14 14:57:31,35824.5,-35844.37
2022-06-14 14:57:30,13733.025,-13747.285
2022-06-14 14:57:29,5.591767,-23.29975
2022-06-14 14:57:28,5.770742,-22.87414
2022-06-14 14:57:27,7921.004,-7937.724
2022-06-14 14:57:26,71207.43,-71230.35
2022-06-14 14:57:25,194025.2,-194045
2022-06-14 14:57:24,308739.7,-308754
2022-06-14 14:57:23,326960.3,-326978
2022-06-14 14:57:22,246381.7,-246398.8
2022-06-14 14:57:21,129206.49,-129223.19
2022-06-14 14:57:20,48493.14,-48515.95
2022-06-14 14:57:19,22649.02,-22669.57
2022-06-14 14:57:18,5.118131,-20.2298
2022-06-14 14:57:17,5.198717,-23.21657
2022-06-14 14:57:16,5.724947,-23.20955
2022-06-14 14:57:15,136.97106,-151.40072
2022-06-14 14:57:14,39092.35,-39361.37
2022-06-14 14:57:13,117939.06,-118236.86
2022-06-14 14:57:12,227758.7,-227771.8
2022-06-14 14:57:11,305214,-305226.7
2022-06-14 14:57:10,301418.7,-301433
2022-06-14 14:57:09,289464,-289452.1
2022-06-14 14:57:08,275061.5,-275023.7
2022-06-14 14:57:07,201621.3,-201601.9
2022-06-14 14:57:06,101219.04,-101214.04
2022-06-14 14:57:05,77654.72,-77641.62
2022-06-14 14:57:04,58839.65,-58829.77
2022-06-14 14:57:03,18908.6,-18909.9
2022-06-14 14:57:02,1111.9551,-1115.6511
2022-06-14 14:57:01,10.877463,-22.67735
2022-06-14 14:57:00,20.20557,-23.51537
2022-06-14 14:56:59,65.58247,-839.5885
2022-06-14 14:56:58,97.89489,-1769.224
2022-06-14 14:56:57,76.19049,-1776.72
2022-06-14 14:56:56,55.89746,-1759.035
2022-06-14 14:56:55,21621.69,-21964.15
2022-06-14 14:56:54,26875.49,-25478.3
2022-06-14 14:56:53,4755.487,-3039.625
2022-06-14 14:56:52,2376.429,-957.194
2022-06-14 14:56:51,1059.9322,-41.92543
2022-06-14 14:56:50,571.1036,-31.21396
2022-06-14 14:56:49,4.447904,-21.78057
2022-06-14 14:56:48,3.782529,-18.27906
2022-06-14 14:56:47,11060.121,-11077.846
2022-06-14 14:56:46,79717.89,-79739.94
2022-06-14 14:56:45,198078.3,-198098.1
2022-06-14 14:56:44,281521.8,-281539.5
2022-06-14 14:56:43,268759.1,-268776.2
2022-06-14 14:56:42,214357.8,-214372.1
2022-06-14 14:56:41,165934.97,-165952.66
2022-06-14 14:56:40,95920.97,-95943
2022-06-14 14:56:39,31589.17,-31608.93
2022-06-14 14:56:38,5.742053,-23.45748
2022-06-14 14:56:37,2970.429,-2987.542
2022-06-14 14:56:36,36848.05,-36862.31
2022-06-14 14:56:35,115085.63,-118814.66
2022-06-14 14:56:34,212270.3,-216442.4
2022-06-14 14:56:33,278685.2,-278707.7
2022-06-14 14:56:32,259461.9,-259479.6
2022-06-14 14:56:31,200191.1,-200208.2
2022-06-14 14:56:30,154013.91,-154028.17
2022-06-14 14:56:29,76289.95,-76305.21
2022-06-14 14:56:28,8863.507,-8885.246
2022-06-14 14:56:27,17014.24,-17036.74
2022-06-14 14:56:26,46191.64,-46209.35
2022-06-14 14:56:25,79589.05,-79606.16
2022-06-14 14:56:24,139238.11,-139252.37
2022-06-14 14:56:23,204396.5,-204411.8
2022-06-14 14:56:22,232101.7,-232123.4
2022-06-14 14:56:21,217993.6,-218016.1
2022-06-14 14:56:20,195753.1,-195770.8
2022-06-14 14:56:19,151937.03,-151954.15
2022-06-14 14:56:18,74909.26,-74923.52
2022-06-14 14:56:17,16978.16,-16993.42
2022-06-14 14:56:16,8138.889,-8160.627
2022-06-14 14:56:15,36216.08,-36238.58
2022-06-14 14:56:14,84199.69,-84217.41
2022-06-14 14:56:13,136537.3,-136554.42
2022-06-14 14:56:12,170314.5,-170328.8
2022-06-14 14:56:11,215488.7,-215504
2022-06-14 14:56:10,227118.6,-227140.3
2022-06-14 14:56:09,194387.7,-194410.3
2022-06-14 14:56:08,158849.77,-158867.49
2022-06-14 14:56:07,87691.55,-87708.66
2022-06-14 14:56:06,26655.55,-26669.81
2022-06-14 14:56:05,7.94528,-342.9502
2022-06-14 14:56:04,5727.493,-6104.132
2022-06-14 14:56:03,31695.92,-31720.35
2022-06-14 14:56:02,85429.39,-87021.32
2022-06-14 14:56:01,152680.74,-154451.2
2022-06-14 14:56:00,205359.5,-205373.8
2022-06-14 14:55:59,228160.9,-228176.1
2022-06-14 14:55:58,252744.6,-252763.8
2022-06-14 14:55:57,227017.7,-227040.1
2022-06-14 14:55:56,123973.49,-123994.11
2022-06-14 14:55:55,37464.28,-37481.72
2022-06-14 14:55:54,743.5453,-758.2139
2022-06-14 14:55:53,4.147634,-17.10643
2022-06-14 14:55:52,147.46909,-165.62827
2022-06-14 14:55:51,12040.109,-12064.228
2022-06-14 14:55:50,54209.56,-54228.2
2022-06-14 14:55:49,112471.15,-112485.81
2022-06-14 14:55:48,179680.4,-179693.7
2022-06-14 14:55:47,212000.4,-212007.5
2022-06-14 14:55:46,237105.2,-237107.3
2022-06-14 14:55:45,267042.9,-267043.2
2022-06-14 14:55:44,250703.7,-250692.6
2022-06-14 14:55:43,246262.9,-246254.5
2022-06-14 14:55:42,202665.8,-202662
2022-06-14 14:55:41,123506.65,-123490.14
2022-06-14 14:55:40,60623.16,-60600.49
2022-06-14 14:55:39,14525.226,-14510.109
2022-06-14 14:55:38,18.98949,-21.91025
2022-06-14 14:55:37,26.29452,-31.28614
2022-06-14 14:55:36,47.11308,-439.3406
2022-06-14 14:55:35,53.62764,-1296.0707
2022-06-14 14:55:34,48.20113,-949.5166
2022-06-14 14:55:33,58.17454,-1253.3218
2022-06-14 14:55:32,74.20067,-1406.0863
2022-06-14 14:55:31,3624.597,-896.4527
2022-06-14 14:55:30,4015.062,-976.5715
2022-06-14 14:55:29,392.433,-36.39272
2022-06-14 14:55:28,2476.173,-56.69243
2022-06-14 14:55:27,2782.44,-56.14423
2022-06-14 14:55:26,2814.37,-42.19601
2022-06-14 14:55:25,2524.945,-40.79506
2022-06-14 14:55:24,2.900472,-19.92128
2022-06-14 14:55:23,15958.403,-15973.667
2022-06-14 14:55:22,89699.29,-89721.05
2022-06-14 14:55:21,181211.6,-181231.6
2022-06-14 14:55:20,204983.6,-204998.6
2022-06-14 14:55:19,168005.7,-168025.3
2022-06-14 14:55:18,177316.4,-177333.5
2022-06-14 14:55:17,185267.8,-185283.1
2022-06-14 14:55:16,120744.42,-120766.16
2022-06-14 14:55:15,81212.36,-81232.41
2022-06-14 14:55:14,60518.67,-60533.64
2022-06-14 14:55:13,29861.61,-29881.18
2022-06-14 14:55:12,40075.85,-40630.72
2022-06-14 14:55:11,128171.66,-128785.52
2022-06-14 14:55:10,188557.2,-188578.6
2022-06-14 14:55:09,196004.7,-196027.5
2022-06-14 14:55:08,177774.2,-177789.1
2022-06-14 14:55:07,176840.3,-176859.9
2022-06-14 14:55:06,178325.9,-178342.9
2022-06-14 14:55:05,130421.57,-130434.37
2022-06-14 14:55:04,83823.05,-83844.71
2022-06-14 14:55:03,39938.2,-39961.24
2022-06-14 14:55:02,11016.487,-11031.454
2022-06-14 14:55:01,48978.64,-48998.21
2022-06-14 14:55:00,130138.79,-130153.34
2022-06-14 14:54:59,192862.6,-192875.1
2022-06-14 14:54:58,200896.5,-200918.3
2022-06-14 14:54:57,210341.4,-210363.9
2022-06-14 14:54:56,218850.5,-218868.2
2022-06-14 14:54:55,147080.79,-147100.37
2022-06-14 14:54:54,79666.31,-79680.86
2022-06-14 14:54:53,68656.94,-68669.44
2022-06-14 14:54:52,40083.08,-40104.82
2022-06-14 14:54:51,8721.642,-8744.148
2022-06-14 14:54:50,42644.73,-42662.44
2022-06-14 14:54:49,111228.77,-111248.34
2022-06-14 14:54:48,178510.2,-178524.8
2022-06-14 14:54:47,234414.9,-234427.4
2022-06-14 14:54:46,241973,-241994.8
2022-06-14 14:54:45,228456.3,-228478.8
2022-06-14 14:54:44,157193.33,-157211.05
2022-06-14 14:54:43,61560.3,-61579.9
2022-06-14 14:54:42,56511.08,-56525.62
2022-06-14 14:54:41,48458.15,-48470.64
2022-06-14 14:54:40,16155.958,-16177.756
2022-06-14 14:54:39,9511.734,-9534.304
2022-06-14 14:54:38,58136.1,-58153.8
2022-06-14 14:54:37,137063,-137082.58
2022-06-14 14:54:36,213582.1,-213596.7
2022-06-14 14:54:35,275271.5,-275284
2022-06-14 14:54:34,269016.7,-269038.4
2022-06-14 14:54:33,183573.4,-183595.8
2022-06-14 14:54:32,84160.6,-84175.99
2022-06-14 14:54:31,37498.53,-37518.14
2022-06-14 14:54:30,50033.66,-50051.51
2022-06-14 14:54:29,61059.15,-61072.09
2022-06-14 14:54:28,30774.93,-30796.58
2022-06-14 14:54:27,9764.064,-9785.865
2022-06-14 14:54:26,41368.92,-41382.3
2022-06-14 14:54:25,100947.41,-100962.96
2022-06-14 14:54:24,203660,-203674.6
2022-06-14 14:54:23,248982,-248994.5
2022-06-14 14:54:22,224784,-224790.8
2022-06-14 14:54:21,232812,-232811.1
2022-06-14 14:54:20,214138,-214120
2022-06-14 14:54:19,182125.7,-182105.4
2022-06-14 14:54:18,142042.2,-142047.57
2022-06-14 14:54:17,88906.14,-88897.86
2022-06-14 14:54:16,58914.68,-58892.24
2022-06-14 14:54:15,58828.03,-58825.72
2022-06-14 14:54:14,55583.5,-55982.81
2022-06-14 14:54:13,32563.43,-33016.61
2022-06-14 14:54:12,30262.8,-30271.37
2022-06-14 14:54:11,14500.888,-15271.768
2022-06-14 14:54:10,63.78411,-1354.1694
2022-06-14 14:54:09,61.66631,-908.5813
2022-06-14 14:54:08,3330.141,-4577.319
2022-06-14 14:54:07,3665.506,-4594.326
2022-06-14 14:54:06,15613.398,-15455.99
2022-06-14 14:54:05,17820.1,-19820.25
2022-06-14 14:54:04,420.2674,-2868.995
2022-06-14 14:54:03,1922.28,-616.1247
2022-06-14 14:54:02,2146.969,-681.0659
2022-06-14 14:54:01,4695.945,-2673.12
2022-06-14 14:54:00,30919.48,-28667.49
2022-06-14 14:53:59,61361.76,-61387.74
2022-06-14 14:53:58,62320.7,-62340.28
2022-06-14 14:53:57,104405.93,-104422.95
2022-06-14 14:53:56,177371.7,-177384.5
2022-06-14 14:53:55,174974.8,-174986.4
2022-06-14 14:53:54,145838.26,-145859.9
2022-06-14 14:53:53,171074.1,-171100.1
2022-06-14 14:53:52,207108.7,-207128.3
2022-06-14 14:53:51,143317.83,-143334.85
2022-06-14 14:53:50,45009.78,-45532.16
2022-06-14 14:53:49,39715.43,-40296.48
2022-06-14 14:53:48,61878.26,-62401.31
2022-06-14 14:53:47,79047.9,-79634.22
2022-06-14 14:53:46,128261.47,-128281.04
2022-06-14 14:53:45,188192.9,-188209.9
2022-06-14 14:53:44,203027.5,-203040.3
2022-06-14 14:53:43,169413.2,-169424.8
2022-06-14 14:53:42,174927.7,-174949.3
2022-06-14 14:53:41,189357.7,-189383.7
2022-06-14 14:53:40,103860.6,-103880.18
2022-06-14 14:53:39,33397.35,-33414.36
2022-06-14 14:53:38,56812.52,-56825.32
2022-06-14 14:53:37,70297.32,-70308.94
2022-06-14 14:53:36,76369.22,-76390.85
2022-06-14 14:53:35,118795.8,-118821.76
2022-06-14 14:53:34,195358.6,-197890.4
2022-06-14 14:53:33,228840.3,-231664.6
2022-06-14 14:53:32,198724.4,-198737.4
2022-06-14 14:53:31,157431.17,-157442.79
2022-06-14 14:53:30,129931.54,-129953.17
2022-06-14 14:53:29,74831.46,-74857.41
2022-06-14 14:53:28,46900.89,-46920.47
2022-06-14 14:53:27,55422.98,-55439.99
2022-06-14 14:53:26,77967.54,-77980.35
2022-06-14 14:53:25,97184.19,-97195.81
2022-06-14 14:53:24,132539.98,-132561.6
2022-06-14 14:53:23,180774,-180800
2022-06-14 14:53:22,195835,-195854.5
2022-06-14 14:53:21,191344.6,-191361.6
2022-06-14 14:53:20,182516.9,-182529.7
2022-06-14 14:53:19,139972.12,-139983.73
2022-06-14 14:53:18,68147.6,-68169.22
2022-06-14 14:53:17,54500.89,-54526.84
2022-06-14 14:53:16,64197.19,-64216.77
2022-06-14 14:53:15,80567.6,-80584.6
2022-06-14 14:53:14,88514.91,-88527.7
2022-06-14 14:53:13,93576.14,-93587.76
2022-06-14 14:53:12,137125.31,-137144.46
2022-06-14 14:53:11,192641.1,-192666.9
2022-06-14 14:53:10,242827,-242849.5
2022-06-14 14:53:09,204423,-204440
2022-06-14 14:53:08,104150.82,-104163.82
2022-06-14 14:53:07,64343.36,-64355.2
2022-06-14 14:53:06,61353.71,-61371.62
2022-06-14 14:53:05,46164.49,-46189.08
2022-06-14 14:53:04,40480.6,-40503.45
2022-06-14 14:53:03,60985.75,-61002.15
2022-06-14 14:53:02,91254.23,-91266.12
2022-06-14 14:53:01,98956.73,-99214.17
2022-06-14 14:53:00,114905.72,-115186.58
2022-06-14 14:52:59,137381.68,-137390.37
2022-06-14 14:52:58,187414.5,-187429.7
2022-06-14 14:52:57,253685.8,-253684.6
2022-06-14 14:52:56,278124.3,-278122.4
2022-06-14 14:52:55,239460.6,-239463.2
2022-06-14 14:52:54,140254.14,-140230.23
2022-06-14 14:52:53,97363.08,-97331.01
2022-06-14 14:52:52,56105.59,-56481
2022-06-14 14:52:51,32612.13,-33058.37
2022-06-14 14:52:50,32555.79,-32580.48
2022-06-14 14:52:49,34783.3,-34797.91
2022-06-14 14:52:48,28829.69,-29235.16
2022-06-14 14:52:47,13807.377,-14243.718
2022-06-14 14:52:46,51.52175,-823.8267
2022-06-14 14:52:45,19825.92,-21509.03
2022-06-14 14:52:44,22157,-23467.92
2022-06-14 14:52:43,488.443,-913.4967
2022-06-14 14:52:42,536.4649,-908.6386
2022-06-14 14:52:41,22523.89,-21259.77
2022-06-14 14:52:40,26158.35,-23251.49
2022-06-14 14:52:39,1560.2944,-48.35902
2022-06-14 14:52:38,902.637,-72.35671
2022-06-14 14:52:37,12935.183,-12522.95
2022-06-14 14:52:36,51933.43,-51947.69
2022-06-14 14:52:35,70146.12,-70161.39
2022-06-14 14:52:34,57765.19,-57782.02
2022-06-14 14:52:33,99839.89,-99856.9
2022-06-14 14:52:32,175713.7,-175736.4
2022-06-14 14:52:31,199680.6,-199703.2
2022-06-14 14:52:30,188236.9,-188251.2
2022-06-14 14:52:29,199283.7,-199867.6
2022-06-14 14:52:28,175246.4,-175898.7
2022-06-14 14:52:27,90890.35,-90907.36
2022-06-14 14:52:26,55715.5,-55738.2
2022-06-14 14:52:25,66069.28,-66726.86
2022-06-14 14:52:24,50146.95,-50864.7
2022-06-14 14:52:23,69148.31,-69163.57
2022-06-14 14:52:22,141179.07,-141195.9
2022-06-14 14:52:21,193520.9,-193537.9
2022-06-14 14:52:20,224871.5,-224894.1
2022-06-14 14:52:19,238497.2,-238514.9
2022-06-14 14:52:18,186553.6,-186562.5
2022-06-14 14:52:17,91143.94,-91159.39
2022-06-14 14:52:16,28419.21,-28436.03
2022-06-14 14:52:15,21370.03,-21387.03
2022-06-14 14:52:14,57996.34,-58018.97
2022-06-14 14:52:13,105782.18,-105804.79
2022-06-14 14:52:12,157939.73,-157953.98
2022-06-14 14:52:11,171606.8,-171622.1
2022-06-14 14:52:10,194811.1,-194827.9
2022-06-14 14:52:09,223697,-223714
2022-06-14 14:52:08,216454.9,-216477.5
2022-06-14 14:52:07,143298.17,-143320.79
2022-06-14 14:52:06,61276.67,-61290.93
2022-06-14 14:52:05,27460.14,-27475.39
2022-06-14 14:52:04,21451.92,-21468.95
2022-06-14 14:52:03,75195.78,-75213.02
2022-06-14 14:52:02,139573.89,-139596.52
2022-06-14 14:52:01,214101.5,-214124.1
2022-06-14 14:52:00,210231,-210245.3
2022-06-14 14:51:59,138266.18,-138281.43
2022-06-14 14:51:58,158789.43,-158806.26
2022-06-14 14:51:57,175558.8,-176302.1
2022-06-14 14:51:56,161799.33,-162634.15
2022-06-14 14:51:55,103242.62,-103265.23
2022-06-14 14:51:54,7896.336,-7910.592
2022-06-14 14:51:53,12310.17,-12325.422
2022-06-14 14:51:52,61693.12,-61709.94
2022-06-14 14:51:51,144075.91,-144090.45
2022-06-14 14:51:50,186993.9,-187016.2
2022-06-14 14:51:49,195791.2,-195816.6
2022-06-14 14:51:48,176314.9,-176329.2
2022-06-14 14:51:47,91778.24,-91793.44
2022-06-14 14:51:46,91327.79,-91344.77
2022-06-14 14:51:45,158654.98,-158669.94
2022-06-14 14:51:44,165172.42,-165194.9
2022-06-14 14:51:43,101326.31,-101352.16
2022-06-14 14:51:42,19825.41,-19839.13
2022-06-14 14:51:41,7484.164,-7496.884
2022-06-14 14:51:40,45881.87,-45897.32
2022-06-14 14:51:39,110888.66,-110903.18
2022-06-14 14:51:38,141777.21,-141796.29
2022-06-14 14:51:37,180072.1,-180094.1
2022-06-14 14:51:36,221464,-221464.5
2022-06-14 14:51:35,198873.6,-198859.3
2022-06-14 14:51:34,167464.03,-167464.08
2022-06-14 14:51:33,136328.65,-136329.4
2022-06-14 14:51:32,112523.9,-112501.51
2022-06-14 14:51:31,112524.82,-112516.71
2022-06-14 14:51:30,125382.08,-125394.8
2022-06-14 14:51:29,119334.51,-119346.63
2022-06-14 14:51:28,104023.63,-104012.76
2022-06-14 14:51:27,71045.35,-71423.32
2022-06-14 14:51:26,20931.61,-21370.83
2022-06-14 14:51:25,463.6332,-864.5699
2022-06-14 14:51:24,56.87016,-496.5842
2022-06-14 14:51:23,71.81762,-1270.4152
2022-06-14 14:51:22,25.77696,-1392.3119
2022-06-14 14:51:21,432.8898,-28.99485
2022-06-14 14:51:20,904.2032,-1265.9252
2022-06-14 14:51:19,4644.773,-5134.817
2022-06-14 14:51:18,5108.788,-4199.681
2022-06-14 14:51:17,847.49,-35.86232
2022-06-14 14:51:16,19134.64,-18390.74
2022-06-14 14:51:15,20780.51,-20760.3
2022-06-14 14:51:14,7.105529,-461.1074
2022-06-14 14:51:13,4.012964,-25.77112
2022-06-14 14:51:12,15430.627,-15450.685
2022-06-14 14:51:11,81110.44,-81511.83
2022-06-14 14:51:10,186461.9,-186913.3
2022-06-14 14:51:09,257073,-258068.5
2022-06-14 14:51:08,233931.6,-235580.8
2022-06-14 14:51:07,177598.8,-178848
2022-06-14 14:51:06,175581.8,-176298.5
2022-06-14 14:51:05,132607.5,-132873.26
2022-06-14 14:51:04,35836.15,-36135.99
2022-06-14 14:51:03,4.645571,-19.19457
2022-06-14 14:51:02,7576.762,-7591.532
2022-06-14 14:51:01,39103.61,-39128.07
2022-06-14 14:51:00,105281.05,-105301.31
2022-06-14 14:50:59,192388.7,-192403.7
2022-06-14 14:50:58,239145.3,-239164.9
2022-06-14 14:50:57,239788.1,-239802.6
2022-06-14 14:50:56,220211.5,-220226.5
2022-06-14 14:50:55,184111.3,-184135.8
2022-06-14 14:50:54,102650.37,-103051.43
2022-06-14 14:50:53,14820.395,-15261.107
2022-06-14 14:50:52,77.69764,-97.26516
2022-06-14 14:50:51,21429.75,-21444.3
2022-06-14 14:50:50,74257.15,-74272.12
2022-06-14 14:50:49,135578.06,-135602.56
2022-06-14 14:50:48,195607.9,-195627.9
2022-06-14 14:50:47,225696.1,-225711.1
2022-06-14 14:50:46,249362,-249381.6
2022-06-14 14:50:45,240636.9,-240651.5
2022-06-14 14:50:44,154494.97,-154509.94
2022-06-14 14:50:43,54695.66,-54720.15
2022-06-14 14:50:42,5.306264,-25.35186
2022-06-14 14:50:41,65.26486,-77.76849
2022-06-14 14:50:40,21678.03,-21697.31
2022-06-14 14:50:39,80639.79,-80657.09
2022-06-14 14:50:38,147800.9,-147815.9
2022-06-14 14:50:37,194438.8,-194460.8
2022-06-14 14:50:36,219351.9,-219371.6
2022-06-14 14:50:35,249365.4,-249380.7
2022-06-14 14:50:34,247039.3,-247058.8
2022-06-14 14:50:33,151274.82,-151292.35
2022-06-14 14:50:32,40440.3,-40455.27
2022-06-14 14:50:31,5.308477,-27.34026
2022-06-14 14:50:30,5.628664,-25.38173
2022-06-14 14:50:29,1510.7235,-1525.9716
2022-06-14 14:50:28,25980.75,-26000.02
2022-06-14 14:50:27,94803.47,-94820.76
2022-06-14 14:50:26,186330.3,-186345.3
2022-06-14 14:50:25,254811.6,-254833.6
2022-06-14 14:50:24,260179.8,-260199.5
2022-06-14 14:50:23,229837.1,-229852.3
2022-06-14 14:50:22,193714.4,-193733.9
2022-06-14 14:50:21,124631.58,-124649.1
2022-06-14 14:50:20,40443.52,-40458.43
2022-06-14 14:50:19,5.308457,-27.62106
2022-06-14 14:50:18,6.218077,-26.71774
2022-06-14 14:50:17,4426.497,-4441.158
2022-06-14 14:50:16,40060.89,-40079.19
2022-06-14 14:50:15,71636.64,-71654.29
2022-06-14 14:50:14,89971.54,-89984.33
2022-06-14 14:50:13,148018.8,-148034.49
2022-06-14 14:50:12,205784.1,-205795.3
2022-06-14 14:50:11,253127.1,-253127.9
2022-06-14 14:50:10,289234,-289240.4
2022-06-14 14:50:09,297547.4,-297553.5
2022-06-14 14:50:08,269514.4,-279028.1
2022-06-14 14:50:07,174656.6,-185271.6
2022-06-14 14:50:06,82261.7,-82240.3
2022-06-14 14:50:05,41324.05,-41319.56
2022-06-14 14:50:04,11591.85,-11585.497
2022-06-14 14:50:03,36.25968,-33.2925
2022-06-14 14:50:02,26.93678,-29.94122
2022-06-14 14:50:01,11.146782,-27.89174
2022-06-14 14:50:00,38.11804,-37.1042
2022-06-14 14:49:59,73.4091,-48.77143
2022-06-14 14:49:58,443.9551,-88.98209
2022-06-14 14:49:57,732.196,-376.0906
2022-06-14 14:49:56,335.6549,-738.1364
2022-06-14 14:49:55,890.4485,-452.269
2022-06-14 14:49:54,16453.932,-15824.82
2022-06-14 14:49:53,40797.52,-40144.46
2022-06-14 14:49:52,36298.45,-35174.07
2022-06-14 14:49:51,11213.325,-11237.667
2022-06-14 14:49:50,4.93673,-25.93169
2022-06-14 14:49:49,12411.17,-12427.859
2022-06-14 14:49:48,42916.13,-42933.61
2022-06-14 14:49:47,80152.95,-81074.23
2022-06-14 14:49:46,139731.75,-140764.15
2022-06-14 14:49:45,200221,-200245.4
2022-06-14 14:49:44,231539.6,-232194.7
2022-06-14 14:49:43,271820.4,-272545.5
2022-06-14 14:49:42,235746.2,-235763.5
2022-06-14 14:49:41,86114.37,-86126.81
2022-06-14 14:49:40,660.9044,-677.6645
2022-06-14 14:49:39,6.955673,-31.27754
2022-06-14 14:49:38,6127.189,-6148.167
2022-06-14 14:49:37,44487.15,-44503.62
2022-06-14 14:49:36,120737.09,-120754.32
2022-06-14 14:49:35,188057.4,-187819.7
2022-06-14 14:49:34,250213.9,-250201.3
2022-06-14 14:49:33,267375.9,-267679.7
2022-06-14 14:49:32,228732.5,-228753.5
2022-06-14 14:49:31,171694.8,-171711.3
2022-06-14 14:49:30,69554.5,-69571.73
2022-06-14 14:49:29,6614.37,-6624.354
2022-06-14 14:49:28,5.629919,-22.10075
2022-06-14 14:49:27,81.22794,-105.83955
2022-06-14 14:49:26,31672.9,-31693.59
2022-06-14 14:49:25,124555.64,-124574.85
2022-06-14 14:49:24,238440.6,-238457.9
2022-06-14 14:49:23,304013,-304022.9
2022-06-14 14:49:22,252327.4,-252343.9
2022-06-14 14:49:21,164567.72,-164592.33
2022-06-14 14:49:20,139463,-139483.68
2022-06-14 14:49:19,82694.39,-82713.61
2022-06-14 14:49:18,14118.729,-14135.963
2022-06-14 14:49:17,4.504917,-14.488939
2022-06-14 14:49:16,9815.817,-9832.288
2022-06-14 14:49:15,69680.52,-69705.13
2022-06-14 14:49:14,172753.3,-172774
2022-06-14 14:49:13,265635.1,-265654.3
2022-06-14 14:49:12,282779.4,-282796.7
2022-06-14 14:49:11,194891.7,-194901.7
2022-06-14 14:49:10,122662.72,-122679.18
2022-06-14 14:49:09,110195.38,-110219.98
2022-06-14 14:49:08,90339.1,-90359.77
2022-06-14 14:49:07,39256.28,-39275.5
2022-06-14 14:49:06,5.813812,-23.04729
2022-06-14 14:49:05,5.140454,-15.124452
2022-06-14 14:49:04,24698.17,-24714.64
2022-06-14 14:49:03,115689.93,-115714.74
2022-06-14 14:49:02,220998.1,-221019
2022-06-14 14:49:01,269649.6,-269668.8
2022-06-14 14:49:00,219513.9,-219531.1
2022-06-14 14:48:59,139037.57,-139047.56
2022-06-14 14:48:58,123427.28,-123443.71
2022-06-14 14:48:57,113400.5,-113425.4
2022-06-14 14:48:56,90604.25,-90625.7
2022-06-14 14:48:55,39249.02,-39268.62
2022-06-14 14:48:54,5.813678,-23.37614
2022-06-14 14:48:53,4.943978,-15.367008
2022-06-14 14:48:52,8859.206,-9290.185
2022-06-14 14:48:51,52628.49,-53595.1
2022-06-14 14:48:50,135305.89,-135861.73
2022-06-14 14:48:49,230178.8,-230196
2022-06-14 14:48:48,313724.4,-313739.1
2022-06-14 14:48:47,316433.9,-316435.1
2022-06-14 14:48:46,269098.4,-269076.8
2022-06-14 14:48:45,187473.4,-187446.6
2022-06-14 14:48:44,111351.6,-111340.31
2022-06-14 14:48:43,95281.79,-95272.5
2022-06-14 14:48:42,82459.88,-82458.54
2022-06-14 14:48:41,78848.66,-78860.88
2022-06-14 14:48:40,67731.03,-67740.98
2022-06-14 14:48:39,49231.84,-49229.08
2022-06-14 14:48:38,11010.657,-10981.488
2022-06-14 14:48:37,67.90083,-40.47179
2022-06-14 14:48:36,71.71414,-70.64429
2022-06-14 14:48:35,53.63998,-77.32269
2022-06-14 14:48:34,17.03418,-56.05281
2022-06-14 14:48:33,31.84603,-35.68152
2022-06-14 14:48:32,24922.65,-24070.73
2022-06-14 14:48:31,28561.12,-27224.54
2022-06-14 14:48:30,1406.45,-392.0553
2022-06-14 14:48:29,654.2069,-461.7024
2022-06-14 14:48:28,13.012145,-1189.0301
2022-06-14 14:48:27,890.0343,-2084.737
2022-06-14 14:48:26,987.2559,-1476.471
2022-06-14 14:48:25,4.083194,-26.06514
2022-06-14 14:48:24,11001.282,-12185.293
2022-06-14 14:48:23,92656.4,-93973.33
2022-06-14 14:48:22,240507.7,-240527
2022-06-14 14:48:21,315921.2,-315940.9
2022-06-14 14:48:20,221517.4,-221535.1
2022-06-14 14:48:19,91222.24,-91244.42
2022-06-14 14:48:18,73901.08,-73918.56
2022-06-14 14:48:17,110934.9,-110947.34
2022-06-14 14:48:16,115470.96,-115490.18
2022-06-14 14:48:15,50162.27,-50181.96
2022-06-14 14:48:14,6.909009,-24.56047
2022-06-14 14:48:13,21556.51,-21578.47
2022-06-14 14:48:12,127572.26,-127589.49
2022-06-14 14:48:11,267896.7,-267909.2
2022-06-14 14:48:10,328731.4,-328750.6
2022-06-14 14:48:09,214428.7,-214448.4
2022-06-14 14:48:08,53521.25,-53538.93
2022-06-14 14:48:07,62975.97,-62997.97
2022-06-14 14:48:06,117907.6,-117924.83
2022-06-14 14:48:05,108996.09,-109008.53
2022-06-14 14:48:04,43833.43,-43852.65
2022-06-14 14:48:03,154.71687,-174.4092
2022-06-14 14:48:02,50934.41,-50952.06
2022-06-14 14:48:01,171755.2,-171777.2
2022-06-14 14:48:00,295577.7,-295595
2022-06-14 14:47:59,313224.2,-313236.6
2022-06-14 14:47:58,160241.25,-160260.46
2022-06-14 14:47:57,37671.95,-37691.64
2022-06-14 14:47:56,66537.89,-66555.54
2022-06-14 14:47:55,118859.97,-118881.94
2022-06-14 14:47:54,102904.97,-102922.2
2022-06-14 14:47:53,33460.85,-33473.29
2022-06-14 14:47:52,801.9859,-821.2009
2022-06-14 14:47:51,55641.95,-55661.64
2022-06-14 14:47:50,182966.8,-182984.5
2022-06-14 14:47:49,308955.5,-308977.5
2022-06-14 14:47:48,313670.1,-313687.4
2022-06-14 14:47:47,146234.38,-146244.43
2022-06-14 14:47:46,34968.15,-34987.08
2022-06-14 14:47:45,60528.25,-60550.69
2022-06-14 14:47:44,87730.91,-87748.56
2022-06-14 14:47:43,78647.88,-78669.85
2022-06-14 14:47:42,51844.38,-51861.61
2022-06-14 14:47:41,26958.19,-26968.18
2022-06-14 14:47:40,27404.67,-27423.59
2022-06-14 14:47:39,107045.86,-107068.3
2022-06-14 14:47:38,235371.2,-235388.9
2022-06-14 14:47:37,324121.2,-324143.1
2022-06-14 14:47:36,231444.7,-231461.9
2022-06-14 14:47:35,101785.93,-101795.91
2022-06-14 14:47:34,73849.12,-73867.89
2022-06-14 14:47:33,85160.03,-85182.77
2022-06-14 14:47:32,117567.56,-117586.07
2022-06-14 14:47:31,85656.73,-85679.42
2022-06-14 14:47:30,22564.17,-22581.99
2022-06-14 14:47:29,4.33154,-14.535084
2022-06-14 14:47:28,14549.451,-14564.694
2022-06-14 14:47:27,59118.98,-59137.56
2022-06-14 14:47:26,126530.61,-126546.16
2022-06-14 14:47:25,205639.9,-205658
2022-06-14 14:47:24,300225.8,-300241.6
2022-06-14 14:47:23,308103.7,-308102.2
2022-06-14 14:47:22,243630.5,-243614.7
2022-06-14 14:47:21,188697.6,-188677
2022-06-14 14:47:20,103288.01,-103261.31
2022-06-14 14:47:19,75101.01,-75085.7
2022-06-14 14:47:18,78664.59,-78672.85
2022-06-14 14:47:17,63613.22,-63623.13
2022-06-14 14:47:16,48286.03,-48287.05
2022-06-14 14:47:15,36058.66,-36063.49
2022-06-14 14:47:14,55012.92,-55013.67
2022-06-14 14:47:13,52952.9,-52929.26
2022-06-14 14:47:12,14180.166,-14169.369
2022-06-14 14:47:11,56.53708,-67.66833
2022-06-14 14:47:10,27.26488,-39.88234
2022-06-14 14:47:09,21031.21,-21042.42
2022-06-14 14:47:08,27452.58,-27424.2
2022-06-14 14:47:07,11544.501,-11185.99
2022-06-14 14:47:06,8350.72,-10615.276
2022-06-14 14:47:05,21450.37,-24400.04
2022-06-14 14:47:04,23479.68,-23493.99
2022-06-14 14:47:03,548.3632,-1066.2895
2022-06-14 14:47:02,1631.6585,-2227.043
2022-06-14 14:47:01,10251.581,-10285.158
2022-06-14 14:47:00,40899.88,-40911.62
2022-06-14 14:46:59,105721.4,-105731.38
2022-06-14 14:46:58,182302,-182313.6
2022-06-14 14:46:57,241620.3,-241632.1
2022-06-14 14:46:56,227900.3,-227930
2022-06-14 14:46:55,180903.6,-180937.1
2022-06-14 14:46:54,152977.27,-152989.01
2022-06-14 14:46:53,97780.85,-97790.83
2022-06-14 14:46:52,51896.8,-51908.35
2022-06-14 14:46:51,17270.08,-17281.81
2022-06-14 14:46:50,19488.57,-19518.23
2022-06-14 14:46:49,59593.51,-59627.05
2022-06-14 14:46:48,113624.24,-113636.18
2022-06-14 14:46:47,180561.4,-180571.6
2022-06-14 14:46:46,253407.1,-253418.7
2022-06-14 14:46:45,274440.5,-275192.5
2022-06-14 14:46:44,215477.5,-216334.4
2022-06-14 14:46:43,145231.01,-145264.55
2022-06-14 14:46:42,71993.19,-72004.93
2022-06-14 14:46:41,16161.174,-16171.158
2022-06-14 14:46:40,4.763572,-16.3157
2022-06-14 14:46:39,6124.51,-6136.246
2022-06-14 14:46:38,31182.85,-31212.51
2022-06-14 14:46:37,108952.42,-108985.96
2022-06-14 14:46:36,238571.2,-238582.9
2022-06-14 14:46:35,332310.9,-332320.9
2022-06-14 14:46:34,312334.5,-312346.1
2022-06-14 14:46:33,197493.9,-197505.6
2022-06-14 14:46:32,88918.75,-88948.41
2022-06-14 14:46:31,26978.36,-27011.9
2022-06-14 14:46:30,3.639136,-15.375278
2022-06-14 14:46:29,3.719131,-13.703257
2022-06-14 14:46:28,66.44983,-78.00176
2022-06-14 14:46:27,30969.23,-30980.97
2022-06-14 14:46:26,120380.38,-120410.04
2022-06-14 14:46:25,243252.6,-243286.1
2022-06-14 14:46:24,348762.5,-348774.2
2022-06-14 14:46:23,349524.7,-349534.7
2022-06-14 14:46:22,199984.8,-199996.4
2022-06-14 14:46:21,66405.44,-66417.17
2022-06-14 14:46:20,25110.2,-25139.85
2022-06-14 14:46:19,7.696257,-41.22995
2022-06-14 14:46:18,3.685083,-15.420512
2022-06-14 14:46:17,4.45838,-14.442039
2022-06-14 14:46:16,863.9028,-875.4535
2022-06-14 14:46:15,50443.26,-50455
2022-06-14 14:46:14,159277.84,-159307.5
2022-06-14 14:46:13,302286,-302319.5
2022-06-14 14:46:12,393779.6,-393791.3
2022-06-14 14:46:11,312460.5,-312470.5
2022-06-14 14:46:10,121477.02,-121488.57
2022-06-14 14:46:09,4830.381,-4842.117
2022-06-14 14:46:08,6.664853,-35.90025
2022-06-14 14:46:07,8.308183,-42.54956
2022-06-14 14:46:06,6.088962,-19.53534
2022-06-14 14:46:05,5.08256,-15.505686
2022-06-14 14:46:04,5.470336,-19.24732
2022-06-14 14:46:03,9904.829,-9919.052
2022-06-14 14:46:02,71960.08,-71981.57
2022-06-14 14:46:01,157877.27,-157901.67
2022-06-14 14:46:00,367811.6,-367823.4
2022-06-14 14:45:59,527228.7,-527238.7
2022-06-14 14:45:58,429160.4,-429171.9
2022-06-14 14:45:57,288080,-288064.2
2022-06-14 14:45:56,128543.45,-128458.13
2022-06-14 14:45:55,26721.07,-26660.45
2022-06-14 14:45:54,1.189519,-12.927568
2022-06-14 14:45:53,1.3734396,-11.346184
2022-06-14 14:45:52,31.939,-51.11323
2022-06-14 14:45:51,35.45295,-55.71047
2022-06-14 14:45:50,1.4426024,-10.949267
2022-06-14 14:45:49,1.6454525,-19.61514
2022-06-14 14:45:48,25.6482,-43.91382
2022-06-14 14:45:47,2141.953,-1179.3608
2022-06-14 14:45:46,2368.083,-1288.6603
2022-06-14 14:45:45,1.1897304,-4.895673
2022-06-14 14:45:44,0.7840038,-2.736013
2022-06-14 14:45:43,1083.8892,-1088.1318
2022-06-14 14:45:42,1213.8068,-1218.3242
2022-06-14 14:45:41,0.7840075,-2.736026
2022-06-14 14:45:40,1.1463099,-4.664514
2022-06-14 14:45:39,1181.5351,-16.265803
2022-06-14 14:45:38,1322.9569,-15.975284
2022-06-14 14:45:37,1.4760061,-5.230989
2022-06-14 14:45:36,1.1896849,-4.895452
2022-06-14 14:45:35,0.7841415,-2.736494
2022-06-14 14:45:34,1.1464791,-4.665397
2022-06-14 14:45:33,1.1893623,-4.894049
2022-06-14 14:45:32,0.7839952,-2.735983
