time,guest_nice,guest,steal,softirq,irq,user,system,nice,iowait
2022-06-26 07:38:46,0,0,0,0,0,0.25,0.75,0.25,0
2022-06-26 07:38:45,0,0,0,0,0,0,0.2506266,0.2506266,0
2022-06-26 07:38:44,0,0,0,0,0,1.0025063,0.2506266,0.2506266,0
2022-06-26 07:38:43,0,0,0,0,0,1.25,0.75,0.25,0
2022-06-26 07:38:42,0,0,2.244389,0.7481297,0,21.94514,6.483791,0.2493766,0.2493766
2022-06-26 07:38:41,0,0,0,0.2506266,0,11.528822,0.5012531,0.5012531,0
2022-06-26 07:38:40,0,0,0,0,0,1.25,0.25,0,0
2022-06-26 07:38:39,0,0,0,0,0,0.7518797,0.2506266,0.5012531,0
2022-06-26 07:38:38,0,0,0,0,0,0.7537688,0.2512563,0,0
2022-06-26 07:38:37,0,0,0,0,0,1,0.5,0.5,0.25
2022-06-26 07:38:36,0,0,0,0,0,0.9975062,0.4987531,0.2493766,0
2022-06-26 07:38:35,0,0,0,0,0,1.0025063,0.2506266,0.2506266,0
2022-06-26 07:38:34,0,0,0.7481297,0.2493766,0,1.2468828,0.7481297,0.2493766,0
2022-06-26 07:38:33,0,0,0,0,0,1.754386,0,0.2506266,0
2022-06-26 07:38:32,0,0,0,0,0,0.7518797,0.5012531,0.2506266,0
2022-06-26 07:38:31,0,0,0.2518892,0,0,1.0075567,0.5037783,0.2518892,0
2022-06-26 07:38:30,0,0,0,0,0,0.9975062,0.4987531,0.4987531,0
2022-06-26 07:38:29,0,0,0,0,0,0.4987531,0.7481297,0.2493766,0
2022-06-26 07:38:28,0,0,0.7518797,0,0,1.0025063,0.7518797,0.5012531,0.2506266
2022-06-26 07:38:27,0,0,0,0,0,1.2437811,0.2487562,0.7462687,0
2022-06-26 07:38:26,0,0,0,0,0,1.2531328,0.2506266,0,0
2022-06-26 07:38:25,0,0,0,0,0,1.2531328,0.5012531,0.5012531,0
2022-06-26 07:38:24,0,0,0,0,0,1.2468828,0.2493766,0.2493766,0
2022-06-26 07:38:23,0,0,0,0,0,0.7518797,0.5012531,0.2506266,0
2022-06-26 07:38:22,0,0,0,0,0,1.0025063,0.2506266,0.2506266,0
2022-06-26 07:38:21,0,0,0,0,0,1,0.5,0.5,0
2022-06-26 07:38:20,0,0,0,0,0,0.7518797,0.5012531,0.2506266,0
2022-06-26 07:38:19,0,0,0,0.25,0,1,0.25,0.5,0
2022-06-26 07:38:18,0,0,0,0,0,1.0025063,0.5012531,0,0
2022-06-26 07:38:17,0,0,0,0,0,1,0.5,0,0
2022-06-26 07:38:16,0,0,0,0,0,1.0025063,0.5012531,0.5012531,0
2022-06-26 07:38:15,0,0,0.5,0,0,1,0.25,0.25,0.25
2022-06-26 07:38:14,0,0,0.5037783,0,0,0.7556675,0.5037783,0.2518892,0
2022-06-26 07:38:13,0,0,0,0.4962779,0,1.2406948,0.4962779,0.248139,0
2022-06-26 07:38:12,0,0,0,0,0,1,0.5,0.25,0
2022-06-26 07:38:11,0,0,0,0,0,0.7537688,0.2512563,0,0
2022-06-26 07:38:10,0,0,0,0,0,1,0.75,0,0
2022-06-26 07:38:09,0,0,0,0,0,0.7537688,0.5025126,0.5025126,0
2022-06-26 07:38:08,0,0,0,0,0,1.0050251,0.2512563,0,0
2022-06-26 07:38:07,0,0,0,0,0,1,0.5,0.25,0
2022-06-26 07:38:06,0,0,0,0,0,1,0.25,0.5,0
2022-06-26 07:38:05,0,0,0,0,0,1,0.75,0.25,0
2022-06-26 07:38:04,0,0,0,0,0,1,0.25,0.5,0.25
2022-06-26 07:38:03,0,0,0,0.2493766,0,0.9975062,0.4987531,0.2493766,0
2022-06-26 07:38:02,0,0,0,0,0,1.0025063,0.2506266,0.2506266,0
2022-06-26 07:38:01,0,0,0,0,0,1.25,0.5,0,0
2022-06-26 07:38:00,0,0,0,0,0,0.7537688,0.5025126,0.2512563,0
2022-06-26 07:37:59,0,0,0.25,0,0,1.25,0.5,0.25,0
2022-06-26 07:37:58,0,0,0,0,0,1.2562814,0.7537688,0,0
2022-06-26 07:37:57,0,0,0,0,0,0.9975062,0.2493766,0.4987531,0.2493766
2022-06-26 07:37:56,0,0,0.2506266,0,0,0.7518797,0.7518797,0,0
2022-06-26 07:37:55,0,0,0,0.7481297,0,20.94763,1.4962594,0.2493766,0
2022-06-26 07:37:54,0,0,0.248139,0.9925558,0,25.80645,0.9925558,0.248139,0
2022-06-26 07:37:53,0,0,0,0.4987531,0,25.18703,0.7481297,0.4987531,0
2022-06-26 07:37:52,0,0,0,1.2315271,0,35.46798,0.4926108,0.4926108,0
2022-06-26 07:37:51,0,0,0,0.5012531,0,25.81454,0.5012531,0.2506266,0
2022-06-26 07:37:50,0,0,0.248139,0.7444169,0,26.05459,0.4962779,0.248139,0
2022-06-26 07:37:49,0,0,0,1,0,35.5,0.75,0.5,0
2022-06-26 07:37:48,0,0,0,0.2493766,0,29.17706,0.2493766,0,0
2022-06-26 07:37:47,0,0,0,0.9925558,0,33.7469,0.4962779,0.4962779,0
2022-06-26 07:37:46,0,0,0.248139,0.248139,0,34.49132,0.4962779,0.248139,0
2022-06-26 07:37:45,0,0,0,0.4975124,0,25.12438,0.4975124,0.2487562,0
2022-06-26 07:37:44,0,0,0.2475248,0.990099,0,34.90099,0.990099,0.2475248,0
2022-06-26 07:37:43,0,0,0,0.7462687,0,28.85572,0.4975124,0.2487562,0
2022-06-26 07:37:42,0,0,0,0.4975124,0,29.35323,0.4975124,0.4975124,0
2022-06-26 07:37:41,0,0,0,0.7481297,0,36.40898,0.7481297,0.2493766,0
2022-06-26 07:37:40,0,0,0.2469136,1.4814815,0,48.39506,2.716049,0.2469136,0
2022-06-26 07:37:39,0,0,0.25,0.25,0,73.25,1.5,0.25,0
2022-06-26 07:37:38,0,0,0.2469136,0.4938272,0,89.1358,1.975309,0.2469136,0
2022-06-26 07:37:37,0,0,0.2518892,0.7556675,0,79.34509,4.282116,0.5037783,0
2022-06-26 07:37:36,0,0,0,0.2487562,0,97.01493,2.487562,0,0
2022-06-26 07:37:35,0,0,0.2506266,0,0,97.49373,1.5037594,0.5012531,0
2022-06-26 07:37:34,0,0,0.7518797,0.2506266,0,95.98997,2.756892,0,0
2022-06-26 07:37:33,0,0,0.5,0.5,0,85.5,3,0.25,0
2022-06-26 07:37:32,0,0,0,1.2345679,0,74.5679,0.2469136,0.2469136,0
2022-06-26 07:37:31,0,0,0.2506266,0.5012531,0,89.97494,0.7518797,0.2506266,0
2022-06-26 07:37:30,0,0,0.7481297,0.9975062,0,88.2793,0.9975062,0,0
2022-06-26 07:37:29,0,0,0.2457002,1.4742015,0,74.93857,0.7371007,0,0
2022-06-26 07:37:28,0,0,0,1.4851485,0,79.9505,0.7425743,0.4950495,0.2475248
2022-06-26 07:37:27,0,0,0.7462687,0.2487562,0,83.58209,2.487562,0,0
2022-06-26 07:37:26,0,0,0.5037783,0,0,97.22922,1.0075567,0.2518892,0
2022-06-26 07:37:25,0,0,0.2493766,0.2493766,0,98.50374,0.4987531,0.4987531,0
2022-06-26 07:37:24,0,0,0.7481297,0.2493766,0,96.50873,2.244389,0.2493766,0
2022-06-26 07:37:23,0,0,0.2512563,0,0,98.74372,1.0050251,0,0
2022-06-26 07:37:22,0,0,0.5,0.5,0,98.25,0.75,0,0
2022-06-26 07:37:21,0,0,0.7462687,0.2487562,0,96.76617,1.741294,0.4975124,0
2022-06-26 07:37:20,0,0,0.25,0,0,98.75,0.5,0.25,0
2022-06-26 07:37:19,0,0,0.2506266,0,0,98.99749,0.5012531,0.2506266,0
2022-06-26 07:37:18,0,0,0.25,0.25,0,98.75,0.75,0,0
2022-06-26 07:37:17,0,0,0.5,0,0,98.25,1,0.25,0
2022-06-26 07:37:16,0,0,0.5012531,0.2506266,0,98.24561,0.7518797,0.2506266,0
2022-06-26 07:37:15,0,0,0.9975062,0.2493766,0,95.26185,3.241895,0.2493766,0
2022-06-26 07:37:14,0,0,0.5012531,0.5012531,0,97.74436,1.2531328,0,0
2022-06-26 07:37:13,0,0,0.2493766,0,0,98.75312,0.7481297,0.2493766,0
2022-06-26 07:37:12,0,0,0.2506266,0.2506266,0,98.24561,1.0025063,0.2506266,0
2022-06-26 07:37:11,0,0,0.4987531,0.2493766,0,98.50374,0.4987531,0.2493766,0
2022-06-26 07:37:10,0,0,0.25,0.5,0,98,1,0.25,0
2022-06-26 07:37:09,0,0,0.5012531,0.5012531,0,97.49373,1.5037594,0,0
2022-06-26 07:37:08,0,0,0.5,0.25,0,97.5,1.5,0.25,0
2022-06-26 07:37:07,0,0,0.9950249,0.9950249,0,93.78109,3.9801,0.2487562,0
2022-06-26 07:37:06,0,0,0.2506266,0.2506266,0,96.2406,3.007519,0.2506266,0
2022-06-26 07:37:05,0,0,0.5012531,0.2506266,0,95.98997,3.007519,0.2506266,0
2022-06-26 07:37:04,0,0,0.5,0.25,0,96.25,3,0,0
2022-06-26 07:37:03,0,0,0.25,0.25,0,94.25,4.75,0.5,0
2022-06-26 07:37:02,0,0,0.7444169,0,0,96.02978,2.977667,0.248139,0
2022-06-26 07:37:01,0,0,0.2518892,0.2518892,0,95.21411,4.030227,0.2518892,0
2022-06-26 07:37:00,0,0,0.75,0,0,94.25,4.75,0.25,0
2022-06-26 07:36:59,0,0,0.2487562,0.2487562,0,94.52736,4.726368,0.2487562,0
2022-06-26 07:36:58,0,0,0.25,0.25,0,98,1.25,0,0
2022-06-26 07:36:57,0,0,0.5012531,0.2506266,0,96.99248,2.005013,0.2506266,0
2022-06-26 07:36:56,0,0,0.2506266,0.2506266,0,96.99248,2.255639,0.2506266,0
2022-06-26 07:36:55,0,0,0.4987531,0.7481297,0,96.00998,2.244389,0.2493766,0
2022-06-26 07:36:54,0,0,0.5012531,0.2506266,0,98.74687,0.2506266,0.2506266,0
2022-06-26 07:36:53,0,0,0,0,0,98.74687,1.2531328,0,0
2022-06-26 07:36:52,0,0,0.7481297,0.2493766,0,96.25935,2.244389,0.2493766,0
2022-06-26 07:36:51,0,0,0.7481297,0.2493766,0,97.75561,1.2468828,0,0
2022-06-26 07:36:50,0,0,0.2506266,0.2506266,0,97.99499,1.5037594,0,0
2022-06-26 07:36:49,0,0,0.5,0.25,0,97.5,1.5,0.25,0
2022-06-26 07:36:48,0,0,0.2493766,0.2493766,0,97.25686,1.995012,0.2493766,0
2022-06-26 07:36:47,0,0,0.2506266,0,0,96.74185,2.756892,0.2506266,0
2022-06-26 07:36:46,0,0,0.7481297,0,0,96.7581,2.244389,0.2493766,0
2022-06-26 07:36:45,0,0,0.7518797,0,0,97.24311,2.005013,0,0
2022-06-26 07:36:44,0,0,0.4987531,0.4987531,0,95.51122,3.241895,0.2493766,0
2022-06-26 07:36:43,0,0,0,0,0,97.75,1.75,0.5,0
2022-06-26 07:36:42,0,0,0.5025126,0.2512563,0,97.73869,1.5075377,0,0
2022-06-26 07:36:41,0,0,0.2493766,0.4987531,0,95.51122,3.491272,0.2493766,0
2022-06-26 07:36:40,0,0,0.4987531,0,0,94.51372,4.987531,0,0
2022-06-26 07:36:39,0,0,0.25,0.25,0,95.75,3.5,0.25,0
2022-06-26 07:36:38,0,0,0.75,0.25,0,95.5,3.25,0.25,0
2022-06-26 07:36:37,0,0,0.5012531,0.2506266,0,96.99248,1.754386,0.5012531,0
2022-06-26 07:36:36,0,0,0.248139,0.248139,0,97.27047,2.233251,0,0
2022-06-26 07:36:35,0,0,0.2525253,0.2525253,0,97.47475,1.767677,0.2525253,0
2022-06-26 07:36:34,0,0,0.2493766,0.2493766,0,98.00499,0.9975062,0.4987531,0
2022-06-26 07:36:33,0,0,0.2493766,0,0,98.50374,0.9975062,0,0
2022-06-26 07:36:32,0,0,0.7481297,0,0,96.25935,2.743142,0.2493766,0
2022-06-26 07:36:31,0,0,0.5012531,0,0,96.74185,2.506266,0.2506266,0
2022-06-26 07:36:30,0,0,0.2493766,0.2493766,0,98.75312,0.4987531,0.2493766,0
2022-06-26 07:36:29,0,0,0.75,0,0,98,1,0.25,0
2022-06-26 07:36:28,0,0,0.5012531,0.2506266,0,95.98997,3.007519,0.2506266,0
2022-06-26 07:36:27,0,0,0.5012531,0.5012531,0,96.74185,1.754386,0.5012531,0
2022-06-26 07:36:26,0,0,0.4987531,0.2493766,0,97.50623,1.4962594,0.2493766,0
2022-06-26 07:36:25,0,0,0.5,0,0,96.75,2.75,0,0
2022-06-26 07:36:24,0,0,1.2468828,0.2493766,0,96.50873,1.745636,0.2493766,0
2022-06-26 07:36:23,0,0,0,0.25,0,98.75,0.75,0.25,0
2022-06-26 07:36:22,0,0,0.2506266,0,0,98.49624,1.2531328,0,0
2022-06-26 07:36:21,0,0,0.7518797,0.5012531,0,97.99499,0.7518797,0,0
2022-06-26 07:36:20,0,0,0.5,0,0,98,1,0.5,0
2022-06-26 07:36:19,0,0,0.4987531,0.2493766,0,97.25686,1.995012,0,0
2022-06-26 07:36:18,0,0,1.0050251,0.2512563,0,97.23618,1.0050251,0.5025126,0
2022-06-26 07:36:17,0,0,0.2493766,0.2493766,0,95.7606,3.241895,0.2493766,0
2022-06-26 07:36:16,0,0,0.4987531,0.2493766,0,95.01247,4.239401,0,0
2022-06-26 07:36:15,0,0,0.5012531,0.2506266,0,95.98997,3.007519,0.2506266,0
2022-06-26 07:36:14,0,0,0.4987531,0.2493766,0,96.7581,2.244389,0.2493766,0
2022-06-26 07:36:13,0,0,0.2506266,0,0,97.49373,2.005013,0.2506266,0
2022-06-26 07:36:12,0,0,0.75,0.25,0,96,2.75,0.25,0
2022-06-26 07:36:11,0,0,0.2493766,0.2493766,0,98.25436,0.9975062,0.2493766,0
2022-06-26 07:36:10,0,0,0,0,0,99.49875,0.2506266,0.2506266,0
2022-06-26 07:36:09,0,0,0.4987531,0.2493766,0,97.75561,1.4962594,0,0
2022-06-26 07:36:08,0,0,0.7481297,0.4987531,0,97.50623,0.9975062,0.2493766,0
2022-06-26 07:36:07,0,0,0.2512563,0,0,97.98995,1.5075377,0.2512563,0
2022-06-26 07:36:06,0,0,1,0.25,0,95.5,3.25,0,0
2022-06-26 07:36:05,0,0,0.4987531,0.2493766,0,97.50623,1.4962594,0.2493766,0
2022-06-26 07:36:04,0,0,0.2506266,0.2506266,0,97.74436,1.754386,0,0
2022-06-26 07:36:03,0,0,0.5,0.25,0,96,3,0.25,0
2022-06-26 07:36:02,0,0,0.5,0.25,0,97,2,0.25,0
2022-06-26 07:36:01,0,0,0.9950249,0.2487562,0,94.52736,3.233831,0.7462687,0
2022-06-26 07:36:00,0,0,0.2512563,0,0,95.47739,4.271357,0,0
2022-06-26 07:35:59,0,0,0.5,0.25,0,95,3.75,0.25,0
2022-06-26 07:35:58,0,0,0.7481297,0,0,96.50873,2.493766,0.2493766,0
2022-06-26 07:35:57,0,0,0.2506266,0,0,96.99248,2.506266,0.2506266,0
2022-06-26 07:35:56,0,0,0.2487562,0,0,96.26866,3.233831,0.2487562,0
2022-06-26 07:35:55,0,0,0,0,0,99.24433,0.5037783,0.2518892,0
2022-06-26 07:35:54,0,0,0.7462687,0.4975124,0,97.51244,0.9950249,0.2487562,0
2022-06-26 07:35:53,0,0,0.7518797,0.2506266,0,97.74436,1.0025063,0.2506266,0
2022-06-26 07:35:52,0,0,0.5012531,0.5012531,0,97.24311,1.754386,0,0
2022-06-26 07:35:51,0,0,0.4975124,0,0,96.51741,2.487562,0.4975124,0
2022-06-26 07:35:50,0,0,0.2512563,0,0,97.23618,2.261307,0.2512563,0
2022-06-26 07:35:49,0,0,0.2487562,0.2487562,0,96.0199,3.233831,0,0
2022-06-26 07:35:48,0,0,0.5012531,0,0,97.49373,1.754386,0.2506266,0
2022-06-26 07:35:47,0,0,0.2493766,0.2493766,0,97.00748,1.995012,0.4987531,0
2022-06-26 07:35:46,0,0,0.9950249,0.4975124,0,94.52736,3.731343,0.2487562,0
2022-06-26 07:35:45,0,0,0.7537688,0.7537688,0,94.72362,3.768844,0,0
2022-06-26 07:35:44,0,0,0.25,0.5,0,95.75,3.25,0.25,0
2022-06-26 07:35:43,0,0,0,0,0,97.74436,2.255639,0,0
2022-06-26 07:35:42,0,0,0.25,0.25,0,97.75,1.75,0,0
2022-06-26 07:35:41,0,0,0.4987531,0.2493766,0,97.00748,1.995012,0.2493766,0
2022-06-26 07:35:40,0,0,1,0.75,0,94.5,3.75,0,0
2022-06-26 07:35:39,0,0,1,0.25,0,96.75,1.5,0.5,0
2022-06-26 07:35:38,0,0,0,0,0,98.74687,1.2531328,0,0
2022-06-26 07:35:37,0,0,0,0,0,99.25,0.5,0.25,0
2022-06-26 07:35:36,0,0,0.2493766,0.2493766,0,98.25436,0.9975062,0.2493766,0
2022-06-26 07:35:35,0,0,0.5,0,0,98,1,0.5,0
2022-06-26 07:35:34,0,0,1.2531328,0.2506266,0,96.74185,1.5037594,0.2506266,0
2022-06-26 07:35:33,0,0,0.4987531,0.7481297,0,96.00998,2.493766,0.2493766,0
2022-06-26 07:35:32,0,0,0.5012531,0.5012531,0,97.24311,1.2531328,0.5012531,0
2022-06-26 07:35:31,0,0,0.2506266,0.2506266,0,96.2406,3.007519,0.2506266,0
2022-06-26 07:35:30,0,0,0.2493766,0,0,97.25686,2.244389,0,0
2022-06-26 07:35:29,0,0,0.2506266,0.2506266,0,96.2406,3.258145,0,0
2022-06-26 07:35:28,0,0,0.7444169,0.4962779,0,96.27792,1.985112,0.4962779,0
2022-06-26 07:35:27,0,0,0.7537688,0.5025126,0,95.22613,3.266332,0.2512563,0
2022-06-26 07:35:26,0,0,0.25,0,0,99,0.75,0,0
2022-06-26 07:35:25,0,0,0,0,0,98.74687,1.0025063,0.2506266,0
2022-06-26 07:35:24,0,0,0.9975062,0,0,98.00499,0.7481297,0.2493766,0
2022-06-26 07:35:23,0,0,0.2506266,0.2506266,0,98.49624,0.7518797,0.2506266,0
2022-06-26 07:35:22,0,0,0.5,0.5,0,97.75,1,0.25,0
2022-06-26 07:35:21,0,0,0.75,0.5,0,97,1.5,0.25,0
2022-06-26 07:35:20,0,0,0.7462687,0.4975124,0,96.76617,1.4925373,0.4975124,0
2022-06-26 07:35:19,0,0,0.5012531,0,0,96.49123,2.756892,0.2506266,0
2022-06-26 07:35:18,0,0,0.2506266,0.2506266,0,95.2381,4.010025,0.2506266,0
2022-06-26 07:35:17,0,0,0.4987531,0.2493766,0,97.25686,1.4962594,0.4987531,0
2022-06-26 07:35:16,0,0,0,0.2512563,0,97.73869,2.01005,0,0
2022-06-26 07:35:15,0,0,0.7462687,0.7462687,0,95.27363,2.985075,0.2487562,0
2022-06-26 07:35:14,0,0,0.5012531,0,0,95.73935,3.759398,0,0
2022-06-26 07:35:13,0,0,0.25,0,0,95.25,4,0.5,0
2022-06-26 07:35:12,0,0,0.5,0.25,0,97.25,1.75,0.25,0
2022-06-26 07:35:11,0,0,0.2506266,0.5012531,0,96.99248,2.005013,0.2506266,0
2022-06-26 07:35:10,0,0,0.5012531,0,0,96.99248,2.255639,0.2506266,0
2022-06-26 07:35:09,0,0,0.25,0.5,0,96.5,2.75,0,0
2022-06-26 07:35:08,0,0,0.75,0.25,0,95,3.75,0.25,0
2022-06-26 07:35:07,0,0,0.7462687,0.2487562,0,93.78109,3.731343,0.7462687,0
2022-06-26 07:35:06,0,0,0.5025126,0.2512563,0,97.73869,1.5075377,0,0
2022-06-26 07:35:05,0,0,0.2506266,0.2506266,0,97.49373,1.754386,0.2506266,0
2022-06-26 07:35:04,0,0,0.5012531,0,0,96.49123,2.756892,0.2506266,0
2022-06-26 07:35:03,0,0,0.4950495,0.7425743,0,86.88119,1.732673,0.2475248,0
2022-06-26 07:35:02,0,0,0,2.216749,0,78.57143,0.9852217,0.2463054,0
2022-06-26 07:35:01,0,0,0.4975124,0.7462687,0,89.55224,1.4925373,0,0
2022-06-26 07:35:00,0,0,0.2506266,0.5012531,0,92.23058,2.005013,0,0
2022-06-26 07:34:59,0,0,0.4962779,0.248139,0,85.60794,3.473945,0,0
2022-06-26 07:34:58,0,0,0,0.2518892,0,91.18388,2.015113,0.5037783,0
2022-06-26 07:34:57,0,0,0.4975124,0.4975124,0,90.54726,4.726368,0.2487562,0
2022-06-26 07:34:56,0,0,0.2506266,0,0,89.22306,1.754386,0,0
2022-06-26 07:34:55,0,0,0.2493766,0.4987531,0,87.03242,0.9975062,0.4987531,0
2022-06-26 07:34:54,0,0,0,0.990099,0,79.9505,0.4950495,0.2475248,0
2022-06-26 07:34:53,0,0,0.2512563,0.2512563,0,88.44221,2.261307,0.5025126,0
2022-06-26 07:34:52,0,0,0.4962779,1.736973,0,81.63772,3.225806,0.248139,0
2022-06-26 07:34:51,0,0,0.4950495,0.7425743,0,91.08911,2.970297,0.2475248,0
2022-06-26 07:34:50,0,0,0.7518797,0.5012531,0,92.98246,3.258145,0.2506266,0
2022-06-26 07:34:49,0,0,0,0.990099,0,67.07921,2.475248,0.2475248,0
2022-06-26 07:34:48,0,0,0.2439024,1.707317,0,51.95122,0.9756098,0.4878049,0
2022-06-26 07:34:47,0,0,0,1.0025063,0,75.93985,1.2531328,0,0
2022-06-26 07:34:46,0,0,0.2475248,1.2376238,0,61.63366,4.950495,0.2475248,0
2022-06-26 07:34:45,0,0,0,0.2518892,0,75.81864,2.770781,0,0
2022-06-26 07:34:44,0,0,0.2475248,0.990099,0,45.54455,2.970297,0.7425743,0
2022-06-26 07:34:43,0,0,0,1.732673,0,54.45545,2.475248,0.4950495,0
2022-06-26 07:34:42,0,0,0,1.960784,0,51.47059,0.7352941,0.245098,0
2022-06-26 07:34:41,0,0,0,1.2315271,0,56.40394,0.7389163,0.4926108,0
2022-06-26 07:34:40,0,0,0.2469136,1.975309,0,57.28395,1.4814815,0,0
2022-06-26 07:34:39,0,0,0,0.7407407,0,90.12346,1.975309,0.4938272,0
2022-06-26 07:34:38,0,0,0.2475248,1.732673,0,74.75248,0.7425743,0.2475248,0
2022-06-26 07:34:37,0,0,0.2475248,0.990099,0,83.41584,1.4851485,0.4950495,0
2022-06-26 07:34:36,0,0,0.2487562,0.7462687,0,82.83582,0.9950249,0.2487562,0
2022-06-26 07:34:35,0,0,0,1.4778325,0,84.23645,0.9852217,0.2463054,0
2022-06-26 07:34:34,0,0,0.2493766,0.4987531,0,82.04489,0.9975062,0.2493766,0
2022-06-26 07:34:33,0,0,0.4987531,0.4987531,0,88.02993,1.4962594,0.2493766,0.2493766
2022-06-26 07:34:32,0,0,0.4962779,1.2406948,0,77.91563,5.707196,0.248139,0
2022-06-26 07:34:31,0,0,0.2518892,0.2518892,0,95.96977,2.770781,0.2518892,0
2022-06-26 07:34:30,0,0,0.25,0,0,97,2.5,0,0
2022-06-26 07:34:29,0,0,0.7518797,0,0,97.24311,1.754386,0,0
2022-06-26 07:34:28,0,0,0.2469136,0.2469136,0,85.67901,2.222222,0.4938272,0
2022-06-26 07:34:27,0,0,0,2.45098,0,75,0.245098,0.245098,0
2022-06-26 07:34:26,0,0,0.5,0,0,96.25,0.5,0.25,0
2022-06-26 07:34:25,0,0,0.25,0.25,0,88,1.25,0.25,0
2022-06-26 07:34:24,0,0,0.4975124,0.2487562,0,80.0995,1.741294,0.4975124,0
2022-06-26 07:34:23,0,0,0,0,0,98.9899,0.7575758,0.2525253,0
2022-06-26 07:34:22,0,0,0.4987531,0.4987531,0,97.75561,0.9975062,0.2493766,0
2022-06-26 07:34:21,0,0,1,0.5,0,96,1.75,0.25,0
2022-06-26 07:34:20,0,0,0.5012531,0.2506266,0,97.99499,1.0025063,0.2506266,0
2022-06-26 07:34:19,0,0,0.25,0.25,0,98.75,0.5,0.25,0
2022-06-26 07:34:18,0,0,0.25,0,0,99,0.75,0,0
2022-06-26 07:34:17,0,0,0.2506266,0.2506266,0,97.49373,1.5037594,0.5012531,0
2022-06-26 07:34:16,0,0,1.2468828,0.7481297,0,95.7606,2.244389,0,0
2022-06-26 07:34:15,0,0,0.7518797,0.7518797,0,94.48622,3.007519,0.2506266,0
2022-06-26 07:34:14,0,0,0.2506266,0.2506266,0,97.24311,2.005013,0,0
2022-06-26 07:34:13,0,0,0,0,0,97.75,1.5,0.25,0
2022-06-26 07:34:12,0,0,0.2506266,0.2506266,0,96.74185,2.506266,0.2506266,0
2022-06-26 07:34:11,0,0,0.4975124,0.2487562,0,93.28358,1.99005,0.2487562,0
2022-06-26 07:34:10,0,0,0.7462687,0.9950249,0,82.58706,4.726368,0,0
2022-06-26 07:34:09,0,0,0,0,0,95.26185,4.239401,0,0
2022-06-26 07:34:08,0,0,0,0,0,97.9798,1.767677,0,0
2022-06-26 07:34:07,0,0,0.25,0,0,97,2.25,0.5,0
2022-06-26 07:34:06,0,0,0.5012531,0.2506266,0,91.72932,3.007519,0,0
2022-06-26 07:34:05,0,0,0.2463054,1.4778325,0,82.26601,0.7389163,0.4926108,0
2022-06-26 07:34:04,0,0,0,1.4814815,0,83.45679,1.728395,0,0
2022-06-26 07:34:03,0,0,0.2493766,0.7481297,0,88.2793,0.7481297,0.4987531,0
2022-06-26 07:34:02,0,0,0.248139,0.9925558,0,80.14888,0.7444169,0.248139,0
2022-06-26 07:34:01,0,0,0.2487562,0.4975124,0,85.8209,1.2437811,0.2487562,0
2022-06-26 07:34:00,0,0,0.2469136,1.2345679,0,80.24691,2.469136,0.4938272,0
2022-06-26 07:33:59,0,0,0.75,0,0,90.25,5.75,0.25,0
2022-06-26 07:33:58,0,0,0.5,0.25,0,96,2.75,0.25,0
2022-06-26 07:33:57,0,0,0,0,0,96.99248,2.506266,0.2506266,0
2022-06-26 07:33:56,0,0,0.248139,0.7444169,0,88.83375,2.233251,0.248139,0
2022-06-26 07:33:55,0,0,0,1.732673,0,80.94059,0.4950495,0.2475248,0
2022-06-26 07:33:54,0,0,0.5012531,0.5012531,0,90.97744,2.255639,0.2506266,0
2022-06-26 07:33:53,0,0,0.5025126,0.2512563,0,96.98492,2.261307,0,0
2022-06-26 07:33:52,0,0,0.2475248,0.4950495,0,93.81188,4.455446,0.2475248,0
2022-06-26 07:33:51,0,0,0.5050505,0.2525253,0,97.47475,1.2626263,0,0
2022-06-26 07:33:50,0,0,0.4975124,0.2487562,0,95.27363,3.482587,0.4975124,0
2022-06-26 07:33:49,0,0,0.2512563,0.2512563,0,92.21106,2.512563,0.5025126,0
2022-06-26 07:33:48,0,0,0,0.990099,0,77.72277,0.7425743,0,0
2022-06-26 07:33:47,0,0,0.4987531,0.7481297,0,88.77805,0.2493766,0.4987531,0
2022-06-26 07:33:46,0,0,0.4962779,1.2406948,0,84.61538,1.2406948,0.248139,0
2022-06-26 07:33:45,0,0,0.2493766,0.7481297,0,83.29177,0.9975062,0.2493766,0
2022-06-26 07:33:44,0,0,0,1.4925373,0,76.61692,0.4975124,0.2487562,0
2022-06-26 07:33:43,0,0,0.4975124,0.9950249,0,89.05473,0.7462687,0,0
2022-06-26 07:33:42,0,0,0.4975124,0.4975124,0,86.31841,1.741294,0.4975124,0
2022-06-26 07:33:41,0,0,0.2469136,1.2345679,0,79.01235,2.962963,0.2469136,0
2022-06-26 07:33:40,0,0,0.2493766,0.7481297,0,88.77805,3.740648,0,0
2022-06-26 07:33:39,0,0,0.5012531,0.2506266,0,90.47619,2.255639,0.2506266,0
2022-06-26 07:33:38,0,0,0.5,0.25,0,79.75,2.75,0.5,0
2022-06-26 07:33:37,0,0,0,2.689487,0,50.61125,0.7334963,0,0
2022-06-26 07:33:36,0,0,0,0.9925558,0,61.7866,0.4962779,0.4962779,0
2022-06-26 07:33:35,0,0,0.2506266,0.7518797,0,70.17544,1.0025063,0.2506266,0
2022-06-26 07:33:34,0,0,0,1.724138,0,53.69458,0.4926108,0.2463054,0
2022-06-26 07:33:33,0,0,0.2475248,1.2376238,0,67.82178,0.990099,0.2475248,0
2022-06-26 07:33:32,0,0,0.2493766,1.2468828,0,67.83042,4.738155,0.2493766,0
2022-06-26 07:33:31,0,0,0,0.75,0,82.5,2.5,0.25,0
2022-06-26 07:33:30,0,0,0,0.9876543,0,61.97531,3.45679,0.2469136,0
2022-06-26 07:33:29,0,0,0,0.990099,0,36.38614,0.7425743,0.4950495,0.2475248
2022-06-26 07:33:28,0,0,0.2493766,0.7481297,0,37.40648,2.493766,0.2493766,0
2022-06-26 07:33:27,0,0,0,1.4888337,0,43.9206,3.722084,0.248139,0
2022-06-26 07:33:26,0,0,0,1.25,0,38.5,4.25,0.5,0
2022-06-26 07:33:25,0,0,0,0,0,0.25,0.5,0.25,0
2022-06-26 07:33:24,0,0,0.25,0,0,0.25,0.25,0.5,0
2022-06-26 07:33:23,0,0,0,0,0,0.5012531,0.2506266,0.2506266,0
2022-06-26 07:33:22,0,0,0,0,0,0.25,0.75,0.5,0
2022-06-26 07:33:21,0,0,0,0,0,0.2512563,0.2512563,0.2512563,0
2022-06-26 07:33:20,0,0,0,0.2493766,0,0.7481297,1.4962594,0.2493766,0
2022-06-26 07:33:19,0,0,0,0.7481297,0,33.16708,1.4962594,0.2493766,0
2022-06-26 07:33:18,0,0,0,0.990099,0,25,0.7425743,0.2475248,0.2475248
2022-06-26 07:33:17,0,0,0,0.4975124,0,25.62189,1.2437811,0.4975124,0
2022-06-26 07:33:16,0,0,0,1.736973,0,33.00248,0,0.248139,0
2022-06-26 07:33:15,0,0,0.2493766,0.2493766,0,27.6808,0.4987531,0.7481297,0
2022-06-26 07:33:14,0,0,0,0.25,0,25.5,0.5,0.25,0
2022-06-26 07:33:13,0,0,0,0.9950249,0,34.32836,0.9950249,0.2487562,0
2022-06-26 07:33:12,0,0,0,0.4975124,0,26.86567,0.4975124,0.2487562,0
2022-06-26 07:33:11,0,0,0,0.4975124,0,25.37313,0.4975124,0.4975124,0
2022-06-26 07:33:10,0,0,0,1.4925373,0,36.31841,0.9950249,0,0
2022-06-26 07:33:09,0,0,0,0.4975124,0,27.8607,0.9950249,0.2487562,0
2022-06-26 07:33:08,0,0,0,1.2468828,0,39.15212,1.745636,0.2493766,0
2022-06-26 07:33:07,0,0,0.245098,2.45098,0,61.27451,0.7352941,0.245098,0
2022-06-26 07:33:06,0,0,0,2.444988,0,53.05623,1.2224939,0.4889976,0.2444988
2022-06-26 07:33:05,0,0,0,1.2406948,0,74.68983,1.985112,0.248139,0
2022-06-26 07:33:04,0,0,0.2444988,1.95599,0,80.4401,0.9779951,0.2444988,0
2022-06-26 07:33:03,0,0,0.7425743,1.4851485,0,85.39604,2.722772,0.2475248,0
2022-06-26 07:33:02,0,0,0.25,0,0,98.25,1.5,0,0
2022-06-26 07:33:01,0,0,0.2512563,0,0,98.99497,0.7537688,0,0
2022-06-26 07:33:00,0,0,0,0.2487562,0,98.50746,0.7462687,0.4975124,0
2022-06-26 07:32:59,0,0,0.7537688,0,0,95.9799,3.015075,0.2512563,0
2022-06-26 07:32:58,0,0,1,0.75,0,95.25,2.75,0.25,0
2022-06-26 07:32:57,0,0,0.2506266,0.2506266,0,95.98997,3.508772,0,0
2022-06-26 07:32:56,0,0,0.2493766,0,0,98.00499,1.745636,0,0
2022-06-26 07:32:55,0,0,0,0,0,97.74436,1.754386,0.5012531,0
2022-06-26 07:32:54,0,0,0.7444169,0.248139,0,95.78164,2.729529,0.4962779,0
2022-06-26 07:32:53,0,0,0.2512563,0.2512563,0,95.22613,4.271357,0,0
2022-06-26 07:32:52,0,0,0.7518797,0.2506266,0,96.49123,2.005013,0.2506266,0
2022-06-26 07:32:51,0,0,0.2487562,0.2487562,0,98.50746,0.7462687,0.2487562,0
2022-06-26 07:32:50,0,0,0,0,0,99.25,0.75,0,0
2022-06-26 07:32:49,0,0,0.75,0.25,0,98.25,0.5,0.25,0
2022-06-26 07:32:48,0,0,0.75,0.25,0,96.5,2,0.5,0
2022-06-26 07:32:47,0,0,0.5012531,0,0,98.49624,1.0025063,0,0
2022-06-26 07:32:46,0,0,0.7481297,0.4987531,0,95.51122,3.241895,0,0
2022-06-26 07:32:45,0,0,0,0,0,99.24812,0.5012531,0.2506266,0
2022-06-26 07:32:44,0,0,0,0,0,98.5,1.25,0.25,0
2022-06-26 07:32:43,0,0,0.7462687,0.2487562,0,97.26368,1.2437811,0.4975124,0
2022-06-26 07:32:42,0,0,1.0050251,0.5025126,0,96.98492,1.2562814,0.2512563,0
2022-06-26 07:32:41,0,0,0.25,0,0,98.25,1,0.5,0
2022-06-26 07:32:40,0,0,0.5,0,0,98.5,0.75,0.25,0
2022-06-26 07:32:39,0,0,0.25,0.5,0,98.75,0.5,0,0
2022-06-26 07:32:38,0,0,0.4987531,0,0,97.25686,1.995012,0.2493766,0
2022-06-26 07:32:37,0,0,0.2506266,0.2506266,0,98.74687,0.7518797,0,0
2022-06-26 07:32:36,0,0,0.4987531,0.2493766,0,97.75561,1.2468828,0.2493766,0
2022-06-26 07:32:35,0,0,1,0.25,0,96.5,2.25,0,0
2022-06-26 07:32:34,0,0,0.7537688,0.5025126,0,96.73367,2.01005,0,0
2022-06-26 07:32:33,0,0,0.4975124,0.2487562,0,97.26368,1.741294,0.2487562,0
2022-06-26 07:32:32,0,0,0.25,0,0,98.25,1.25,0.25,0
2022-06-26 07:32:31,0,0,0.2506266,0.5012531,0,96.99248,2.255639,0,0
2022-06-26 07:32:30,0,0,0.2506266,0.2506266,0,97.99499,1.5037594,0,0
2022-06-26 07:32:29,0,0,0.25,0.5,0,95.75,3.5,0,0
2022-06-26 07:32:28,0,0,0.75,0.25,0,97,2,0,0
2022-06-26 07:32:27,0,0,0.9950249,0.9950249,0,95.02488,2.736318,0.2487562,0
2022-06-26 07:32:26,0,0,0.7518797,0.7518797,0,93.98496,4.511278,0,0
2022-06-26 07:32:25,0,0,0.4962779,0.248139,0,95.5335,3.225806,0.4962779,0
2022-06-26 07:32:24,0,0,0.5037783,0,0,94.71033,4.534005,0.2518892,0
2022-06-26 07:32:23,0,0,0,0,0,97.75,2.25,0,0
2022-06-26 07:32:22,0,0,0.25,0,0,98.25,1.25,0.25,0
2022-06-26 07:32:21,0,0,0.5012531,0,0,97.49373,2.005013,0,0
2022-06-26 07:32:20,0,0,0.7481297,0.4987531,0,95.51122,2.743142,0.4987531,0
2022-06-26 07:32:19,0,0,0.75,0.75,0,95.5,3,0,0
2022-06-26 07:32:18,0,0,0.2506266,0.2506266,0,94.98747,3.258145,0.7518797,0
2022-06-26 07:32:17,0,0,0.25,0,0,97.75,1.75,0.25,0
2022-06-26 07:32:16,0,0,0.2506266,0.2506266,0,96.74185,2.255639,0.2506266,0
2022-06-26 07:32:15,0,0,0.75,0.75,0,94.5,3,0.25,0
2022-06-26 07:32:14,0,0,0.2475248,0.2475248,0,93.31683,2.970297,0.4950495,0
2022-06-26 07:32:13,0,0,0.248139,1.736973,0,78.16377,1.4888337,0.248139,0
2022-06-26 07:32:12,0,0,0,0.5,0,88.25,3,0,0
2022-06-26 07:32:11,0,0,0.7462687,0.7462687,0,90.04975,4.726368,0,0
2022-06-26 07:32:10,0,0,0.5012531,0.7518797,0,87.7193,6.516291,0.2506266,0
2022-06-26 07:32:09,0,0,0,0,0,89.02743,4.987531,0.4987531,0
2022-06-26 07:32:08,0,0,0.2493766,0,0,90.77307,2.992519,0.2493766,0
2022-06-26 07:32:07,0,0,0,1.2376238,0,70.54455,4.455446,0.2475248,0
2022-06-26 07:32:06,0,0,0.2512563,0.7537688,0,84.67337,1.0050251,0,0
2022-06-26 07:32:05,0,0,0.248139,0.4962779,0,79.40447,4.466501,0.248139,0
2022-06-26 07:32:04,0,0,0.2512563,0.2512563,0,91.20603,2.261307,0.2512563,0
2022-06-26 07:32:03,0,0,0.2493766,0.4987531,0,89.77556,3.491272,0.2493766,0
2022-06-26 07:32:02,0,0,0,1.732673,0,55.69307,1.980198,0.4950495,0
2022-06-26 07:32:01,0,0,0.2469136,1.4814815,0,61.23457,0.9876543,0.4938272,0
2022-06-26 07:32:00,0,0,0,1.4962594,0,53.86534,0.4987531,0.2493766,0
2022-06-26 07:31:59,0,0,0,1.4778325,0,53.20197,0.4926108,0.2463054,0
2022-06-26 07:31:58,0,0,0.2469136,1.2345679,0,64.19753,0.4938272,0.4938272,0
2022-06-26 07:31:57,0,0,0,1.4888337,0,54.34243,0.7444169,0.248139,0
2022-06-26 07:31:56,0,0,0,1.728395,0,57.53086,0.4938272,0.2469136,0
2022-06-26 07:31:55,0,0,0,1.975309,0,63.20988,0.7407407,0.4938272,0
2022-06-26 07:31:54,0,0,0.243309,2.919708,0,55.47445,1.216545,0.486618,0
2022-06-26 07:31:53,0,0,0,0.5012531,0,68.67168,2.005013,0.5012531,0
2022-06-26 07:31:52,0,0,0.2463054,1.2315271,0,83.99015,0.4926108,0,0
2022-06-26 07:31:51,0,0,0.2518892,0.2518892,0,89.42065,2.518892,0,0
2022-06-26 07:31:50,0,0,0.248139,0.248139,0,98.01489,0.9925558,0.248139,0
2022-06-26 07:31:49,0,0,0,0,0,99.24812,0.7518797,0,0
2022-06-26 07:31:48,0,0,0.75,0.25,0,98.25,0.5,0.25,0
2022-06-26 07:31:47,0,0,0.2506266,0.2506266,0,97.99499,1.2531328,0.2506266,0
2022-06-26 07:31:46,0,0,0.9975062,0.2493766,0,95.7606,2.992519,0,0
2022-06-26 07:31:45,0,0,0.2506266,0.2506266,0,94.98747,4.260652,0.2506266,0
2022-06-26 07:31:44,0,0,0.25,0,0,97.25,2.25,0.25,0
2022-06-26 07:31:43,0,0,0.25,0,0,97.75,1.75,0,0
2022-06-26 07:31:42,0,0,0.4975124,0.2487562,0,95.27363,3.482587,0.4975124,0
2022-06-26 07:31:41,0,0,0.7537688,0.2512563,0,94.22111,4.773869,0,0
2022-06-26 07:31:40,0,0,0.7462687,0.4975124,0,94.77612,3.731343,0.2487562,0
2022-06-26 07:31:39,0,0,0,0,0,97.5,2.25,0.25,0
2022-06-26 07:31:38,0,0,0,0,0,98.24561,1.5037594,0.2506266,0
2022-06-26 07:31:37,0,0,0.25,0,0,96.75,2.75,0.25,0
2022-06-26 07:31:36,0,0,0.75,0.75,0,95.5,2.75,0.25,0
2022-06-26 07:31:35,0,0,1.0025063,0.5012531,0,96.99248,1.5037594,0,0
2022-06-26 07:31:34,0,0,0,0.2493766,0,98.50374,0.7481297,0.4987531,0
2022-06-26 07:31:33,0,0,0,0,0,99.25,0.75,0,0
2022-06-26 07:31:32,0,0,0.5012531,0.2506266,0,97.24311,1.754386,0.2506266,0
2022-06-26 07:31:31,0,0,1.0025063,0.2506266,0,97.24311,1.5037594,0,0
2022-06-26 07:31:30,0,0,0.4975124,0.2487562,0,96.51741,2.487562,0.2487562,0
2022-06-26 07:31:29,0,0,0.25,0.25,0,97.5,1.75,0.25,0
2022-06-26 07:31:28,0,0,0.25,0,0,99,0.5,0.25,0
2022-06-26 07:31:27,0,0,0.25,0,0,98.75,1,0,0
2022-06-26 07:31:26,0,0,0,0,0,99.24623,0.5025126,0.2512563,0
2022-06-26 07:31:25,0,0,1,0.75,0,96.25,1.75,0.25,0
2022-06-26 07:31:24,0,0,1.25,0,0,97.75,0.75,0.25,0
2022-06-26 07:31:23,0,0,0.2493766,0.2493766,0,98.00499,1.2468828,0.2493766,0
2022-06-26 07:31:22,0,0,0.2506266,0,0,98.74687,1.0025063,0,0
2022-06-26 07:31:21,0,0,0.25,0.25,0,97.75,1.5,0.25,0
2022-06-26 07:31:20,0,0,0.5,0,0,98.25,1,0.25,0
2022-06-26 07:31:19,0,0,0.25,0.25,0,98.25,1,0.25,0
2022-06-26 07:31:18,0,0,1.2468828,0.7481297,0,96.00998,1.745636,0.2493766,0
2022-06-26 07:31:17,0,0,0.7518797,0.2506266,0,97.49373,1.5037594,0,0
2022-06-26 07:31:16,0,0,0.2493766,0,0,98.00499,1.2468828,0.4987531,0
2022-06-26 07:31:15,0,0,0.25,0.25,0,98,1.25,0.25,0
2022-06-26 07:31:14,0,0,0.4987531,0.2493766,0,96.7581,2.244389,0.2493766,0
2022-06-26 07:31:13,0,0,0.5,0.5,0,96,3,0,0
2022-06-26 07:31:12,0,0,0.5,0.25,0,97.25,1.75,0.25,0
2022-06-26 07:31:11,0,0,0.5012531,0.5012531,0,96.74185,2.005013,0.2506266,0
2022-06-26 07:31:10,0,0,1.25,1,0,94.25,3.5,0,0
2022-06-26 07:31:09,0,0,0.7518797,0.2506266,0,95.73935,3.007519,0.2506266,0
2022-06-26 07:31:08,0,0,0.2493766,0.4987531,0,94.01496,4.987531,0.2493766,0
2022-06-26 07:31:07,0,0,0.25,0,0,98.5,1.25,0,0
2022-06-26 07:31:06,0,0,0.2506266,0.2506266,0,97.74436,1.5037594,0.2506266,0
2022-06-26 07:31:05,0,0,0.4987531,0.4987531,0,95.26185,3.491272,0.2493766,0
2022-06-26 07:31:04,0,0,0.4987531,0,0,96.00998,2.743142,0.2493766,0.2493766
2022-06-26 07:31:03,0,0,0.75,0.25,0,96,2.75,0,0
2022-06-26 07:31:02,0,0,0.5012531,0,0,94.48622,4.010025,0.5012531,0
2022-06-26 07:31:01,0,0,0,0.2487562,0,98.25871,1.4925373,0,0
2022-06-26 07:31:00,0,0,0.7537688,0,0,96.48241,2.01005,0.5025126,0
2022-06-26 07:30:59,0,0,0.5,0.5,0,95.5,3,0.5,0
2022-06-26 07:30:58,0,0,0.5025126,0.7537688,0,87.9397,4.773869,0,0
2022-06-26 07:30:57,0,0,0.25,0.5,0,84.75,3.75,0,0
2022-06-26 07:30:56,0,0,0.2487562,0,0,92.53731,4.726368,0.4975124,0
2022-06-26 07:30:55,0,0,0.25,0.25,0,95.75,3.5,0.25,0
2022-06-26 07:30:54,0,0,0.4987531,0.4987531,0,94.26434,1.995012,0.2493766,0
2022-06-26 07:30:53,0,0,0.4987531,0.7481297,0,80.04988,2.493766,0.4987531,0
2022-06-26 07:30:52,0,0,0,0.25,0,98.5,1.25,0,0
2022-06-26 07:30:51,0,0,0.2506266,0,0,98.24561,1.2531328,0.2506266,0
2022-06-26 07:30:50,0,0,0.5,0.25,0,96.5,2.5,0.25,0
2022-06-26 07:30:49,0,0,0.7462687,0.4975124,0,94.52736,3.9801,0.2487562,0
2022-06-26 07:30:48,0,0,0.7537688,0,0,96.23116,3.015075,0,0
2022-06-26 07:30:47,0,0,0.248139,0.4962779,0,96.27792,2.729529,0.248139,0
2022-06-26 07:30:46,0,0,0.2512563,0,0,94.72362,4.773869,0.2512563,0
2022-06-26 07:30:45,0,0,0.25,0,0,97.5,2.25,0,0
2022-06-26 07:30:44,0,0,0.25,0.5,0,96.5,2,0.5,0
2022-06-26 07:30:43,0,0,0.75,0.25,0,96,2.75,0.25,0
2022-06-26 07:30:42,0,0,0.25,1,0,86.25,4,0.25,0
2022-06-26 07:30:41,0,0,0.4987531,0,0,95.7606,0.9975062,0.4987531,0
2022-06-26 07:30:40,0,0,0.2512563,0.2512563,0,98.99497,0.5025126,0,0
2022-06-26 07:30:39,0,0,0.5012531,0.2506266,0,98.49624,0.5012531,0.2506266,0
2022-06-26 07:30:38,0,0,0.9975062,0.7481297,0,96.50873,1.2468828,0,0
2022-06-26 07:30:37,0,0,0.2493766,0.2493766,0,98.25436,1.2468828,0,0
2022-06-26 07:30:36,0,0,0.5012531,0.2506266,0,98.24561,0.7518797,0.2506266,0
2022-06-26 07:30:35,0,0,0,0.2487562,0,97.51244,1.99005,0.2487562,0
2022-06-26 07:30:34,0,0,1.0025063,0.5012531,0,96.49123,1.754386,0,0
2022-06-26 07:30:33,0,0,0.7518797,0.2506266,0,97.74436,1.0025063,0.2506266,0
2022-06-26 07:30:32,0,0,0.25,0,0,98.75,0.75,0.25,0
2022-06-26 07:30:31,0,0,0.5,0.5,0,97,1.75,0.25,0
2022-06-26 07:30:30,0,0,0.25,0,0,98.75,0.75,0.25,0
2022-06-26 07:30:29,0,0,0.4987531,0.2493766,0,98.00499,0.9975062,0.2493766,0
2022-06-26 07:30:28,0,0,1.0075567,0.7556675,0,95.71788,2.267003,0.2518892,0
2022-06-26 07:30:27,0,0,0.4987531,0.4987531,0,97.25686,1.4962594,0.2493766,0
2022-06-26 07:30:26,0,0,0.4987531,0,0,97.75561,1.4962594,0.2493766,0
2022-06-26 07:30:25,0,0,0.5025126,0,0,95.9799,3.517588,0,0
2022-06-26 07:30:24,0,0,0.75,0,0,97.5,1.25,0.5,0
2022-06-26 07:30:23,0,0,0.2493766,0,0,99.25187,0.2493766,0.2493766,0
2022-06-26 07:30:22,0,0,0.5,0.75,0,97,1.5,0.25,0
2022-06-26 07:30:21,0,0,0.7518797,0,0,97.49373,1.5037594,0.2506266,0
2022-06-26 07:30:20,0,0,0.7481297,0.4987531,0,96.7581,1.4962594,0.2493766,0
2022-06-26 07:30:19,0,0,0.2493766,0.4987531,0,95.51122,3.491272,0.2493766,0
2022-06-26 07:30:18,0,0,0.4987531,0.2493766,0,96.50873,2.493766,0.2493766,0
2022-06-26 07:30:17,0,0,0.5025126,0,0,97.98995,1.0050251,0.5025126,0
2022-06-26 07:30:16,0,0,0.4987531,0.2493766,0,97.25686,1.745636,0.2493766,0
2022-06-26 07:30:15,0,0,0,0,0,97.49373,2.255639,0.2506266,0
2022-06-26 07:30:14,0,0,0.7481297,0.2493766,0,96.25935,2.743142,0,0
2022-06-26 07:30:13,0,0,1,0.25,0,96.75,1.75,0.25,0
2022-06-26 07:30:12,0,0,0.2506266,0.2506266,0,96.99248,2.506266,0,0
2022-06-26 07:30:11,0,0,0.2493766,0.2493766,0,97.75561,1.745636,0,0
2022-06-26 07:30:10,0,0,0.4987531,0,0,97.00748,1.745636,0.7481297,0
2022-06-26 07:30:09,0,0,0.2506266,0.2506266,0,95.73935,3.508772,0.2506266,0
2022-06-26 07:30:08,0,0,0.7481297,0.2493766,0,94.51372,3.990025,0.4987531,0
2022-06-26 07:30:07,0,0,0.5025126,0.5025126,0,94.47236,4.020101,0,0
2022-06-26 07:30:06,0,0,0.2506266,0.2506266,0,96.49123,2.756892,0,0
2022-06-26 07:30:05,0,0,0.5012531,0,0,98.24561,1.0025063,0.2506266,0
2022-06-26 07:30:04,0,0,0.2493766,0.4987531,0,93.26683,3.241895,0.2493766,0
2022-06-26 07:30:03,0,0,0.5,0.25,0,91,1.75,0,0
2022-06-26 07:30:02,0,0,0.7481297,0.7481297,0,92.01995,2.244389,0,0
2022-06-26 07:30:01,0,0,0.2512563,0.5025126,0,87.68844,3.768844,0.7537688,0
2022-06-26 07:30:00,0,0,0.2506266,0.5012531,0,90.47619,3.759398,0,0
2022-06-26 07:29:59,0,0,0.2469136,0.4938272,0,82.96296,4.197531,0.4938272,0
2022-06-26 07:29:58,0,0,0,2.463054,0,55.91133,0.7389163,0.2463054,0
2022-06-26 07:29:57,0,0,0,0.4975124,0,70.89552,2.487562,0.2487562,0
2022-06-26 07:29:56,0,0,0.2463054,2.216749,0,57.38916,2.955665,0.4926108,0
2022-06-26 07:29:55,0,0,0.2487562,0.4975124,0,76.1194,3.233831,0.4975124,0
2022-06-26 07:29:54,0,0,0.2506266,0.2506266,0,74.43609,7.017544,0.5012531,0
2022-06-26 07:29:53,0,0,0,0.75,0,60.5,1,0.25,0
2022-06-26 07:29:52,0,0,0.2444988,1.711491,0,63.81418,0.7334963,0.4889976,0
2022-06-26 07:29:51,0,0,0.2463054,1.2315271,0,57.88177,4.187192,0.2463054,0
2022-06-26 07:29:50,0,0,0,1.0050251,0,71.10553,2.512563,0.2512563,0
2022-06-26 07:29:49,0,0,0.2506266,0.5012531,0,73.93484,5.012531,0.7518797,0
2022-06-26 07:29:48,0,0,0,0.7462687,0,25.37313,0.7462687,0.2487562,0
2022-06-26 07:29:47,0,0,0.2506266,0.2506266,0,25.31328,0.2506266,0.5012531,0
2022-06-26 07:29:46,0,0,0,1.4742015,0,35.38084,0.7371007,0.2457002,0
2022-06-26 07:29:45,0,0,0,0.5012531,0,27.3183,0.5012531,0.5012531,0
2022-06-26 07:29:44,0,0,0,0,0,25.37688,0.2512563,0.2512563,0
2022-06-26 07:29:43,0,0,0.245098,2.205882,0,35.29412,1.715686,0,0.245098
2022-06-26 07:29:42,0,0,0,0.25,0,25.25,0.5,0.5,0
2022-06-26 07:29:41,0,0,0,0.2506266,0,25.31328,0.2506266,0.2506266,0
2022-06-26 07:29:40,0,0,0,0.990099,0,33.16832,0.990099,0.2475248,0
2022-06-26 07:29:39,0,0,0,1.2406948,0,31.26551,0.4962779,0.4962779,0
2022-06-26 07:29:38,0,0,0,0.4975124,0,26.61692,0.7462687,0.4975124,0
2022-06-26 07:29:37,0,0,0.248139,0.7444169,0,41.43921,0.9925558,0,0.248139
2022-06-26 07:29:36,0,0,0,0.5,0,30.75,0.75,0.5,0
2022-06-26 07:29:35,0,0,0,0.2493766,0,27.93017,0.4987531,0.2493766,0
2022-06-26 07:29:34,0,0,0.25,1.25,0,37.5,2.25,0.25,0
2022-06-26 07:29:33,0,0,0,1.4851485,0,46.28713,4.207921,0.7425743,0
2022-06-26 07:29:32,0,0,0,0.5050505,0,45.20202,4.040404,0.2525253,0
2022-06-26 07:29:31,0,0,0,0,0,0.7518797,0.7518797,0.5012531,0
2022-06-26 07:29:30,0,0,0,0,0,0.2512563,0.5025126,0,0
2022-06-26 07:29:29,0,0,0,0,0,0.2493766,0.4987531,0.7481297,0
2022-06-26 07:29:28,0,0,0,0.25,0,9,1.5,0.25,0
2022-06-26 07:29:27,0,0,0,0.2487562,0,31.34328,0.4975124,0.4975124,0.2487562
2022-06-26 07:29:26,0,0,0.25,0.25,0,26,0.5,0,0
2022-06-26 07:29:25,0,0,0,1.2315271,0,25.36946,1.4778325,0.4926108,0
2022-06-26 07:29:24,0,0,0,1.4851485,0,57.17822,1.2376238,0.2475248,0
2022-06-26 07:29:23,0,0,0,1.2437811,0,50,0.7462687,0.2487562,0
2022-06-26 07:29:22,0,0,0,2.689487,0,49.87775,0.4889976,0.7334963,0
2022-06-26 07:29:21,0,0,0,0.4962779,0,58.06452,0.9925558,0.248139,0
2022-06-26 07:29:20,0,0,0.2444988,2.444988,0,57.45721,1.4669927,0.2444988,0
2022-06-26 07:29:19,0,0,0,1.975309,0,51.35802,0.7407407,0,0
2022-06-26 07:29:18,0,0,0,2.227723,0,58.41584,1.2376238,0,0
2022-06-26 07:29:17,0,0,0.2475248,0.990099,0,58.16832,0.7425743,0.7425743,0
2022-06-26 07:29:16,0,0,0,2.222222,0,58.02469,0.7407407,0.2469136,0
2022-06-26 07:29:15,0,0,0,1.2345679,0,59.75309,0.9876543,0.4938272,0
2022-06-26 07:29:14,0,0,0,1.95599,0,54.76773,0.7334963,0.2444988,0
2022-06-26 07:29:13,0,0,0.2444988,2.444988,0,57.70171,0.7334963,0.4889976,0
2022-06-26 07:29:12,0,0,0.25,0.75,0,67.25,0.75,0.25,0
2022-06-26 07:29:11,0,0,0,0.9925558,0,58.31266,0.7444169,0.248139,0
2022-06-26 07:29:10,0,0,0,1.4705882,0,66.17647,1.2254902,0.4901961,0
2022-06-26 07:29:09,0,0,0.25,1.25,0,62.25,2.5,0.25,0
2022-06-26 07:29:08,0,0,0.25,1,0,81.5,3.75,0.25,0
2022-06-26 07:29:07,0,0,0.2487562,0.7462687,0,77.36318,4.477612,0.4975124,0
2022-06-26 07:29:06,0,0,0,0.990099,0,40.59406,3.465347,0.4950495,0.2475248
2022-06-26 07:29:05,0,0,0,1,0,66.25,1,0.25,0
2022-06-26 07:29:04,0,0,0.2469136,1.975309,0,56.2963,4.691358,0.2469136,0
2022-06-26 07:29:03,0,0,0,0.5050505,0,83.08081,3.535354,0.2525253,0
2022-06-26 07:29:02,0,0,0,0.25,0,89.5,3.5,0.25,0
2022-06-26 07:29:01,0,0,0.2439024,2.439024,0,59.02439,1.95122,0.2439024,0.2439024
2022-06-26 07:29:00,0,0,0,2.205882,0,50.73529,0.9803922,0.245098,0
2022-06-26 07:28:59,0,0,0,2.43309,0,50.12165,1.946472,0.243309,0
2022-06-26 07:28:58,0,0,0.7518797,0.2506266,0,88.7218,3.258145,0.2506266,0
2022-06-26 07:28:57,0,0,0.5,0.5,0,95,3.75,0.25,0
2022-06-26 07:28:56,0,0,0.25,0,0,97.75,1.75,0.25,0
2022-06-26 07:28:55,0,0,0,0,0,99.25,0.5,0.25,0
2022-06-26 07:28:54,0,0,0,0,0,99.24812,0.7518797,0,0
2022-06-26 07:28:53,0,0,0.2493766,0,0,98.50374,0.9975062,0.2493766,0
2022-06-26 07:28:52,0,0,0.4987531,0,0,98.75312,0.4987531,0.2493766,0
2022-06-26 07:28:51,0,0,0.2518892,0.7556675,0,97.733,1.0075567,0.2518892,0
2022-06-26 07:28:50,0,0,0.4938272,0.4938272,0,96.79012,1.4814815,0.7407407,0
2022-06-26 07:28:49,0,0,0.2518892,0,0,97.98489,1.763224,0,0
2022-06-26 07:28:48,0,0,0.75,0,0,97.25,1.5,0.5,0
2022-06-26 07:28:47,0,0,0.7537688,0,0,97.48744,1.758794,0,0
2022-06-26 07:28:46,0,0,0.9925558,0.4962779,0,96.02978,1.985112,0.4962779,0
2022-06-26 07:28:45,0,0,0.2506266,0,0,98.74687,1.0025063,0,0
2022-06-26 07:28:44,0,0,0.25,0.25,0,97.25,2.25,0,0
2022-06-26 07:28:43,0,0,0.7518797,0,0,97.49373,1.2531328,0.5012531,0
2022-06-26 07:28:42,0,0,0.4987531,0.2493766,0,98.00499,1.2468828,0,0
2022-06-26 07:28:41,0,0,0.75,0.25,0,96.5,2,0.5,0
2022-06-26 07:28:40,0,0,0.75,0.25,0,98,1,0,0
2022-06-26 07:28:39,0,0,1.2531328,0.2506266,0,95.73935,2.255639,0.5012531,0
2022-06-26 07:28:38,0,0,0.2493766,0.2493766,0,98.25436,0.9975062,0.2493766,0
2022-06-26 07:28:37,0,0,0.2487562,0.2487562,0,98.50746,0.7462687,0.2487562,0
2022-06-26 07:28:36,0,0,0.7537688,0.5025126,0,97.23618,1.2562814,0.2512563,0
2022-06-26 07:28:35,0,0,0.7518797,0,0,96.99248,2.255639,0,0
2022-06-26 07:28:34,0,0,0.5,0,0,97,2.5,0,0
2022-06-26 07:28:33,0,0,0.7481297,0.4987531,0,97.25686,1.4962594,0,0
2022-06-26 07:28:32,0,0,1,0.25,0,97.5,1.25,0,0
2022-06-26 07:28:31,0,0,0.5,0.25,0,96.5,2.25,0.5,0
2022-06-26 07:28:30,0,0,0,0,0,98.75,1,0.25,0
2022-06-26 07:28:29,0,0,0.75,0.25,0,97.75,1.25,0,0
2022-06-26 07:28:28,0,0,0.5,0.25,0,94.75,4.25,0.25,0
2022-06-26 07:28:27,0,0,0.75,0.25,0,95.25,3.25,0.5,0
2022-06-26 07:28:26,0,0,0.4987531,0,0,96.7581,2.493766,0,0
2022-06-26 07:28:25,0,0,0.7481297,0.2493766,0,97.00748,1.745636,0.2493766,0
2022-06-26 07:28:24,0,0,1.0050251,0.2512563,0,95.72864,3.015075,0,0
2022-06-26 07:28:23,0,0,0.2506266,0.2506266,0,96.99248,2.005013,0.5012531,0
2022-06-26 07:28:22,0,0,0.4975124,0.4975124,0,93.78109,4.975124,0.2487562,0
2022-06-26 07:28:21,0,0,0.75,0.25,0,95.25,3.75,0,0
2022-06-26 07:28:20,0,0,0.25,0,0,97.75,1.75,0.25,0
2022-06-26 07:28:19,0,0,0.2506266,0.2506266,0,97.49373,2.005013,0,0
2022-06-26 07:28:18,0,0,0.9975062,0,0,95.26185,3.491272,0.2493766,0
2022-06-26 07:28:17,0,0,1,0.25,0,94.25,4.5,0,0
2022-06-26 07:28:16,0,0,0.2506266,0.2506266,0,98.24561,1.0025063,0.2506266,0
2022-06-26 07:28:15,0,0,0.5012531,0,0,96.99248,2.255639,0.2506266,0
2022-06-26 07:28:14,0,0,0.7481297,0.2493766,0,96.25935,2.244389,0.4987531,0
2022-06-26 07:28:13,0,0,0.5025126,0,0,93.71859,5.025126,0.2512563,0
2022-06-26 07:28:12,0,0,0.7462687,0.2487562,0,92.78607,5.721393,0.2487562,0
2022-06-26 07:28:11,0,0,1.5075377,0.2512563,0,89.69849,8.040201,0.5025126,0
2022-06-26 07:28:10,0,0,1.0025063,0.2506266,0,91.22807,7.518797,0,0
2022-06-26 07:28:09,0,0,0,0,0,93.53234,5.970149,0.4975124,0
2022-06-26 07:28:08,0,0,0.2512563,0,0,95.72864,3.768844,0.2512563,0
2022-06-26 07:28:07,0,0,0,0,0,94.26434,4.987531,0.7481297,0
2022-06-26 07:28:06,0,0,0.2506266,0,0,95.48872,4.010025,0.2506266,0
2022-06-26 07:28:05,0,0,0,0,0,94.22111,5.527638,0,0
2022-06-26 07:28:04,0,0,0.2493766,0,0,94.01496,4.488778,0.4987531,0
2022-06-26 07:28:03,0,0,0.25,0.25,0,96.75,2.75,0,0
2022-06-26 07:28:02,0,0,0,0,0,98.5,1,0.5,0
2022-06-26 07:28:01,0,0,0.5,0.25,0,97.25,1.75,0.25,0
2022-06-26 07:28:00,0,0,0.5,0.25,0,97.25,1.75,0.25,0
2022-06-26 07:27:59,0,0,0.5,0,0,98,1.5,0,0
2022-06-26 07:27:58,0,0,0.5,0,0,97,2,0.5,0
2022-06-26 07:27:57,0,0,0,0.25,0,98.25,1.5,0,0
2022-06-26 07:27:56,0,0,0,0,0,99,1,0,0
2022-06-26 07:27:55,0,0,0.5,0,0,98,1.25,0.25,0
2022-06-26 07:27:54,0,0,0.9975062,0.2493766,0,95.7606,2.743142,0.2493766,0
2022-06-26 07:27:53,0,0,1.2531328,0.2506266,0,95.73935,2.506266,0.2506266,0
2022-06-26 07:27:52,0,0,0.4987531,0.2493766,0,97.00748,1.995012,0.2493766,0
2022-06-26 07:27:51,0,0,0.2493766,0.4987531,0,96.50873,2.743142,0,0
2022-06-26 07:27:50,0,0,0.2506266,0,0,98.74687,1.0025063,0,0
2022-06-26 07:27:49,0,0,0.2506266,0,0,98.74687,0.7518797,0.2506266,0
2022-06-26 07:27:48,0,0,0.75,0,0,97.5,1.5,0.25,0
2022-06-26 07:27:47,0,0,0.75,0.25,0,96.75,2,0.25,0
2022-06-26 07:27:46,0,0,1.0025063,0.2506266,0,95.48872,2.756892,0.5012531,0
2022-06-26 07:27:45,0,0,0.5,0.25,0,97,2.25,0,0
2022-06-26 07:27:44,0,0,0.4987531,0,0,97.50623,1.745636,0.2493766,0
2022-06-26 07:27:43,0,0,0.25,0,0,98.75,0.75,0.25,0
2022-06-26 07:27:42,0,0,0.2506266,0,0,97.49373,2.005013,0.2506266,0
2022-06-26 07:27:41,0,0,1.2468828,0.2493766,0,96.25935,2.244389,0,0
2022-06-26 07:27:40,0,0,0.2493766,0.4987531,0,98.00499,0.9975062,0.2493766,0
2022-06-26 07:27:39,0,0,1.0025063,0.2506266,0,95.73935,2.756892,0.2506266,0
2022-06-26 07:27:38,0,0,0.75,0,0,96.25,3,0,0
2022-06-26 07:27:37,0,0,0.2506266,0.2506266,0,97.49373,1.754386,0.2506266,0
2022-06-26 07:27:36,0,0,0,0,0,99.00249,0.7481297,0.2493766,0
2022-06-26 07:27:35,0,0,0.5,0,0,98,1.5,0,0
2022-06-26 07:27:34,0,0,0.75,0.25,0,97.25,1.5,0.25,0
2022-06-26 07:27:33,0,0,0.2506266,0,0,97.99499,1.754386,0,0
2022-06-26 07:27:32,0,0,0.7481297,0.2493766,0,96.25935,2.244389,0.4987531,0
2022-06-26 07:27:31,0,0,0.5,0,0,96.75,2.5,0.25,0
2022-06-26 07:27:30,0,0,0.7518797,0,0,96.74185,2.255639,0.2506266,0
2022-06-26 07:27:29,0,0,0.25,0,0,97.75,1.75,0.25,0
2022-06-26 07:27:28,0,0,0.75,0,0,95,3,1.25,0
2022-06-26 07:27:27,0,0,0.7481297,0.2493766,0,96.50873,2.244389,0.2493766,0
2022-06-26 07:27:26,0,0,0.2506266,0,0,96.99248,2.506266,0.2506266,0
2022-06-26 07:27:25,0,0,0.2493766,0,0,98.25436,1.2468828,0.2493766,0
2022-06-26 07:27:24,0,0,0.9950249,0.2487562,0,95.52239,2.736318,0.2487562,0
2022-06-26 07:27:23,0,0,0.5025126,0.5025126,0,96.48241,2.261307,0.2512563,0
2022-06-26 07:27:22,0,0,0.9950249,0,0,94.77612,3.731343,0.4975124,0
2022-06-26 07:27:21,0,0,0.5012531,0.2506266,0,92.73183,6.015038,0.5012531,0
2022-06-26 07:27:20,0,0,0.75,0.25,0,92,6.75,0.25,0
2022-06-26 07:27:19,0,0,1.0025063,0,0,93.48371,5.263158,0.2506266,0
2022-06-26 07:27:18,0,0,0.5,0.25,0,93.75,5.5,0,0
2022-06-26 07:27:17,0,0,0.7462687,0,0,93.78109,4.975124,0.4975124,0
2022-06-26 07:27:16,0,0,0.2512563,0,0,91.70854,7.286432,0.5025126,0
2022-06-26 07:27:15,0,0,0.4962779,0.248139,0,91.81141,7.19603,0.248139,0
2022-06-26 07:27:14,0,0,0.2506266,0,0,93.98496,5.263158,0.5012531,0
2022-06-26 07:27:13,0,0,0.75,0,0,91.25,7.5,0.25,0
2022-06-26 07:27:12,0,0,0,0,0,90.15152,9.59596,0.2525253,0
2022-06-26 07:27:11,0,0,0,0,0,94.77612,4.975124,0.2487562,0
2022-06-26 07:27:10,0,0,0.2506266,0.2506266,0,95.2381,3.759398,0.2506266,0
2022-06-26 07:27:09,0,0,0,0,0,97.5,2.5,0,0
2022-06-26 07:27:08,0,0,0,0,0,97.73869,2.01005,0.2512563,0
2022-06-26 07:27:07,0,0,0.2493766,0,0,96.7581,2.244389,0.7481297,0
2022-06-26 07:27:06,0,0,0,0.25,0,98.75,1,0,0
2022-06-26 07:27:05,0,0,0,0,0,99,0.75,0.25,0
2022-06-26 07:27:04,0,0,0.25,0,0,98.75,0.75,0.25,0
2022-06-26 07:27:03,0,0,0.75,0.25,0,97,2,0,0
2022-06-26 07:27:02,0,0,1.0025063,0,0,96.99248,1.754386,0.2506266,0
2022-06-26 07:27:01,0,0,0.2493766,0.2493766,0,98.00499,1.2468828,0.2493766,0
2022-06-26 07:27:00,0,0,1,0,0,96.25,2.5,0.25,0
2022-06-26 07:26:59,0,0,0.2506266,0,0,98.74687,1.0025063,0,0
2022-06-26 07:26:58,0,0,0.4987531,0,0,97.25686,1.745636,0.4987531,0
2022-06-26 07:26:57,0,0,0.25,0,0,99,0.5,0.25,0
2022-06-26 07:26:56,0,0,1,0.25,0,96.25,2.25,0.25,0
2022-06-26 07:26:55,0,0,0.7518797,0.2506266,0,97.49373,1.5037594,0,0
2022-06-26 07:26:54,0,0,0.4987531,0.2493766,0,96.50873,2.244389,0.4987531,0
2022-06-26 07:26:53,0,0,1.2468828,0,0,95.7606,2.743142,0.2493766,0
2022-06-26 07:26:52,0,0,0.5012531,0.2506266,0,97.74436,1.2531328,0.2506266,0
2022-06-26 07:26:51,0,0,0,0,0,98.49624,1.2531328,0.2506266,0
2022-06-26 07:26:50,0,0,0.4962779,0,0,98.26303,0.9925558,0.248139,0
2022-06-26 07:26:49,0,0,0.7556675,0,0,96.72544,2.518892,0,0
2022-06-26 07:26:48,0,0,1.4962594,0.2493766,0,95.26185,2.743142,0.2493766,0
2022-06-26 07:26:47,0,0,0.5012531,0.2506266,0,93.48371,5.764411,0,0
2022-06-26 07:26:46,0,0,0.9950249,0.2487562,0,97.26368,1.4925373,0,0
2022-06-26 07:26:45,0,0,0.5,0,0,97.5,1.5,0.5,0
2022-06-26 07:26:44,0,0,0,0,0,98.99497,0.7537688,0.2512563,0
2022-06-26 07:26:43,0,0,0.2493766,0.2493766,0,99.00249,0.2493766,0.2493766,0
2022-06-26 07:26:42,0,0,0.5012531,0.2506266,0,95.98997,3.007519,0.2506266,0
2022-06-26 07:26:41,0,0,1.741294,0.2487562,0,94.52736,3.233831,0.2487562,0
2022-06-26 07:26:40,0,0,1.2531328,0.2506266,0,95.73935,2.506266,0.2506266,0
2022-06-26 07:26:39,0,0,0.7481297,0,0,97.25686,1.745636,0.2493766,0
2022-06-26 07:26:38,0,0,0.5,0,0,97.25,2,0.25,0
2022-06-26 07:26:37,0,0,0.2512563,0,0,98.74372,0.7537688,0.2512563,0
2022-06-26 07:26:36,0,0,0,0.25,0,99,0.75,0,0
2022-06-26 07:26:35,0,0,0.4987531,0,0,96.50873,2.493766,0.4987531,0
2022-06-26 07:26:34,0,0,1,0.25,0,95.75,2.75,0.25,0
2022-06-26 07:26:33,0,0,1,0.25,0,94.75,3.5,0.5,0
2022-06-26 07:26:32,0,0,0.5,0,0,97.25,2.25,0,0
2022-06-26 07:26:31,0,0,0.5,0.25,0,95.75,3,0.5,0
2022-06-26 07:26:30,0,0,0.7518797,0,0,97.99499,1.2531328,0,0
2022-06-26 07:26:29,0,0,0,0,0,98.25,1.5,0.25,0
2022-06-26 07:26:28,0,0,0,0,0,99.24812,0.7518797,0,0
2022-06-26 07:26:27,0,0,0.4987531,0.2493766,0,95.51122,3.491272,0.2493766,0
2022-06-26 07:26:26,0,0,1,0.5,0,95,3,0.5,0
2022-06-26 07:26:25,0,0,1.25,0.5,0,94.75,3.5,0,0
2022-06-26 07:26:24,0,0,1.741294,0.2487562,0,89.801,7.462687,0.4975124,0
2022-06-26 07:26:23,0,0,1,0.25,0,91.25,7.5,0,0
2022-06-26 07:26:22,0,0,1,0.25,0,93.25,5,0.5,0
2022-06-26 07:26:21,0,0,0.4987531,0.2493766,0,91.27182,7.481297,0.4987531,0
2022-06-26 07:26:20,0,0,0.5025126,0,0,91.70854,7.788945,0,0
2022-06-26 07:26:19,0,0,0.2506266,0,0,91.97995,7.518797,0.2506266,0
2022-06-26 07:26:18,0,0,0,0,0,94.02985,5.472637,0.4975124,0
2022-06-26 07:26:17,0,0,0.2506266,0,0,90.72682,8.521303,0.2506266,0
2022-06-26 07:26:16,0,0,0,0,0,87.12121,9.090909,0,0
2022-06-26 07:26:15,0,0,0.248139,0.248139,0,92.55583,5.955335,0.4962779,0
2022-06-26 07:26:14,0,0,0,0,0,96.49123,3.258145,0.2506266,0
2022-06-26 07:26:13,0,0,0,0,0,96.74185,3.007519,0.2506266,0
2022-06-26 07:26:12,0,0,0.2493766,0,0,99.00249,0.7481297,0,0
2022-06-26 07:26:11,0,0,0,0,0,99.25,0.5,0.25,0
2022-06-26 07:26:10,0,0,0,0,0,99,1,0,0
2022-06-26 07:26:09,0,0,0,0,0,99.25,0.5,0.25,0
2022-06-26 07:26:08,0,0,0,0,0,99.49875,0.5012531,0,0
2022-06-26 07:26:07,0,0,0.5,0,0,97,2.25,0.25,0
2022-06-26 07:26:06,0,0,0.5,0.25,0,97.75,1.25,0.25,0
2022-06-26 07:26:05,0,0,0.9975062,0.2493766,0,96.25935,1.995012,0.4987531,0
2022-06-26 07:26:04,0,0,1,0,0,96.5,2.5,0,0
2022-06-26 07:26:03,0,0,0.5,0.25,0,97.5,1.75,0,0
2022-06-26 07:26:02,0,0,0,0,0,98.99749,1.0025063,0,0
2022-06-26 07:26:01,0,0,0.2487562,0,0,98.75622,0.7462687,0.2487562,0
2022-06-26 07:26:00,0,0,0.2512563,0.2512563,0,97.73869,1.758794,0,0
2022-06-26 07:25:59,0,0,0.7462687,0,0,96.76617,1.99005,0.4975124,0
2022-06-26 07:25:58,0,0,1.2437811,0.2487562,0,95.02488,2.736318,0.4975124,0
2022-06-26 07:25:57,0,0,1.5075377,0.2512563,0,94.97487,3.266332,0,0
2022-06-26 07:25:56,0,0,0.2506266,0,0,98.49624,1.0025063,0.2506266,0
2022-06-26 07:25:55,0,0,0,0,0,98.75,1,0.25,0
2022-06-26 07:25:54,0,0,0.25,0,0,98.5,1,0.25,0
2022-06-26 07:25:53,0,0,0.4987531,0.2493766,0,98.00499,1.2468828,0,0
2022-06-26 07:25:52,0,0,1.2531328,0,0,96.2406,2.506266,0,0
2022-06-26 07:25:51,0,0,1,0.25,0,96,2.5,0.25,0
2022-06-26 07:25:50,0,0,1,0.5,0,95.25,2.75,0.5,0
2022-06-26 07:25:49,0,0,0.7481297,0.2493766,0,96.7581,1.995012,0.2493766,0
2022-06-26 07:25:48,0,0,0,0,0,99.25,0.75,0,0
2022-06-26 07:25:47,0,0,0,0,0,99.49875,0.5012531,0,0
2022-06-26 07:25:46,0,0,0.4987531,0,0,97.50623,1.4962594,0.4987531,0
2022-06-26 07:25:45,0,0,0.7481297,0.2493766,0,96.50873,2.244389,0.2493766,0
2022-06-26 07:25:44,0,0,1.0025063,0.2506266,0,96.2406,2.506266,0,0
2022-06-26 07:25:43,0,0,1.4925373,0.2487562,0,93.28358,4.228856,0.7462687,0
2022-06-26 07:25:42,0,0,0.5025126,0,0,97.48744,2.01005,0,0
2022-06-26 07:25:41,0,0,0,0,0,98.75,1,0.25,0
2022-06-26 07:25:40,0,0,0,0,0,99.5,0.5,0,0
2022-06-26 07:25:39,0,0,0.25,0,0,97.75,1.75,0.25,0
2022-06-26 07:25:38,0,0,0.75,0,0,96.5,2.25,0.5,0
2022-06-26 07:25:37,0,0,0.7518797,0,0,96.49123,2.756892,0,0
2022-06-26 07:25:36,0,0,1.4925373,0.2487562,0,93.28358,4.477612,0.4975124,0
2022-06-26 07:25:35,0,0,1,0,0,95,3.75,0.25,0
2022-06-26 07:25:34,0,0,0.5012531,0.2506266,0,96.49123,2.255639,0.5012531,0
2022-06-26 07:25:33,0,0,0.2506266,0,0,98.24561,1.5037594,0,0
2022-06-26 07:25:32,0,0,0.2493766,0,0,98.50374,0.9975062,0.2493766,0
2022-06-26 07:25:31,0,0,0,0,0,99,0.5,0.5,0
2022-06-26 07:25:30,0,0,0.5,0.25,0,96.75,2.5,0,0
2022-06-26 07:25:29,0,0,0.7462687,0,0,93.78109,4.975124,0.4975124,0
2022-06-26 07:25:28,0,0,1.5037594,0.2506266,0,94.73684,3.258145,0.2506266,0
2022-06-26 07:25:27,0,0,1.25,0.25,0,90.5,7.75,0.25,0
2022-06-26 07:25:26,0,0,1.5037594,0.5012531,0,89.72431,8.02005,0.2506266,0
2022-06-26 07:25:25,0,0,0.7481297,0.2493766,0,91.02244,7.730673,0.2493766,0
2022-06-26 07:25:24,0,0,1.0025063,0,0,91.72932,7.017544,0.2506266,0
2022-06-26 07:25:23,0,0,0.5,0.25,0,92.25,6.5,0.5,0
2022-06-26 07:25:22,0,0,0,0,0,92.96482,6.78392,0.2512563,0
2022-06-26 07:25:21,0,0,0,0,0,93.78109,5.721393,0.2487562,0
2022-06-26 07:25:20,0,0,0.2525253,0,0,90.40404,8.585859,0.2525253,0
2022-06-26 07:25:19,0,0,0,0.2506266,0,85.21303,9.273183,0.5012531,0
2022-06-26 07:25:18,0,0,0.2493766,0,0,90.77307,7.98005,0,0
2022-06-26 07:25:17,0,0,0,0.2506266,0,95.2381,4.260652,0.2506266,0
2022-06-26 07:25:16,0,0,0.2493766,0,0,98.25436,1.2468828,0.2493766,0
2022-06-26 07:25:15,0,0,0,0,0,99.49875,0.2506266,0.2506266,0
2022-06-26 07:25:14,0,0,0,0,0,98.5,1.5,0,0
2022-06-26 07:25:13,0,0,0,0,0,98.75,1.25,0,0
2022-06-26 07:25:12,0,0,0,0,0,99.49875,0.2506266,0.2506266,0
2022-06-26 07:25:11,0,0,0.2487562,0,0,98.25871,1.2437811,0.2487562,0
2022-06-26 07:25:10,0,0,0,0,0,98.74687,1.2531328,0,0
2022-06-26 07:25:09,0,0,0.7481297,0.2493766,0,96.00998,2.992519,0,0
2022-06-26 07:25:08,0,0,1.2531328,0,0,96.49123,2.005013,0.2506266,0
2022-06-26 07:25:07,0,0,1,0,0,96.25,2.5,0.25,0
2022-06-26 07:25:06,0,0,0.2506266,0,0,98.49624,1.0025063,0.2506266,0
2022-06-26 07:25:05,0,0,0.2493766,0,0,98.25436,1.4962594,0,0
2022-06-26 07:25:04,0,0,0,0,0,98.75,1,0.25,0
2022-06-26 07:25:03,0,0,0.5012531,0.2506266,0,97.24311,2.005013,0,0
2022-06-26 07:25:02,0,0,0.9950249,0.4975124,0,95.27363,2.985075,0.2487562,0
2022-06-26 07:25:01,0,0,1.0050251,0.2512563,0,96.23116,2.512563,0,0
2022-06-26 07:25:00,0,0,1.25,0.25,0,96.25,2,0.25,0
2022-06-26 07:24:59,0,0,0.25,0,0,98.75,0.75,0.25,0
2022-06-26 07:24:58,0,0,0,0,0,99.25,0.5,0.25,0
2022-06-26 07:24:57,0,0,0.2493766,0,0,98.75312,0.4987531,0.4987531,0
2022-06-26 07:24:56,0,0,0.5012531,0,0,98.74687,0.7518797,0,0
2022-06-26 07:24:55,0,0,1.4962594,0.2493766,0,95.51122,2.493766,0.2493766,0
2022-06-26 07:24:54,0,0,0.9975062,0.2493766,0,95.51122,2.992519,0.2493766,0
2022-06-26 07:24:53,0,0,1.0050251,0.2512563,0,96.23116,2.261307,0.2512563,0
2022-06-26 07:24:52,0,0,0.25,0,0,98.5,1.25,0,0
2022-06-26 07:24:51,0,0,0,0.2493766,0,98.50374,0.9975062,0.2493766,0
2022-06-26 07:24:50,0,0,0.4975124,0.2487562,0,97.76119,1.2437811,0.2487562,0
2022-06-26 07:24:49,0,0,0.5025126,0,0,97.98995,1.2562814,0.2512563,0
2022-06-26 07:24:48,0,0,1,0.25,0,96,2.5,0.25,0
2022-06-26 07:24:47,0,0,1.4925373,0.4975124,0,95.02488,2.736318,0.2487562,0
2022-06-26 07:24:46,0,0,0.5012531,0,0,97.24311,2.005013,0.2506266,0
2022-06-26 07:24:45,0,0,0.2506266,0,0,97.74436,1.754386,0.2506266,0
2022-06-26 07:24:44,0,0,0,0,0,99.49875,0.5012531,0,0
2022-06-26 07:24:43,0,0,0.4987531,0,0,97.00748,2.244389,0.2493766,0
2022-06-26 07:24:42,0,0,0.2506266,0,0,98.74687,1.0025063,0,0
2022-06-26 07:24:41,0,0,0.4975124,0.2487562,0,96.26866,2.736318,0.2487562,0
2022-06-26 07:24:40,0,0,1.5,0,0,95,3.25,0.25,0
2022-06-26 07:24:39,0,0,1.0025063,0.2506266,0,94.73684,3.759398,0.2506266,0
2022-06-26 07:24:38,0,0,1,0.25,0,96.25,2.25,0.25,0
2022-06-26 07:24:37,0,0,0.2506266,0,0,97.74436,1.754386,0.2506266,0
2022-06-26 07:24:36,0,0,0,0.2493766,0,98.50374,0.9975062,0.2493766,0
2022-06-26 07:24:35,0,0,0.4987531,0,0,98.50374,0.9975062,0,0
2022-06-26 07:24:34,0,0,0.5012531,0,0,97.49373,1.754386,0.2506266,0
2022-06-26 07:24:33,0,0,0.5,0,0,95.5,3.75,0.25,0
2022-06-26 07:24:32,0,0,1.2531328,0,0,93.98496,4.260652,0.5012531,0
2022-06-26 07:24:31,0,0,1.25,0.25,0,92,6.25,0.25,0
2022-06-26 07:24:30,0,0,1.4962594,0.4987531,0,88.52868,9.226933,0.2493766,0
2022-06-26 07:24:29,0,0,1.2468828,0.2493766,0,92.26933,5.985037,0.2493766,0
2022-06-26 07:24:28,0,0,0.5012531,0.2506266,0,90.72682,8.270677,0.2506266,0
2022-06-26 07:24:27,0,0,0.25,0,0,93,6.25,0.5,0
2022-06-26 07:24:26,0,0,0.2493766,0,0,94.76309,4.738155,0.2493766,0
2022-06-26 07:24:25,0,0,0,0,0,94.23559,5.263158,0.2506266,0
2022-06-26 07:24:24,0,0,0.5012531,0.2506266,0,89.97494,8.77193,0.5012531,0
2022-06-26 07:24:23,0,0,0.2487562,0.2487562,0,90.79602,7.960199,0.2487562,0
2022-06-26 07:24:22,0,0,0,0,0,90.45226,8.291457,0.2512563,0
2022-06-26 07:24:21,0,0,0.2506266,0.2506266,0,92.4812,5.513784,0.5012531,0
2022-06-26 07:24:20,0,0,0,0,0,97,2.5,0.25,0
2022-06-26 07:24:19,0,0,0,0,0,99.25,0.5,0.25,0
2022-06-26 07:24:18,0,0,0.25,0,0,98.5,1,0.25,0
2022-06-26 07:24:17,0,0,0,0,0,98.49624,1.2531328,0.2506266,0
2022-06-26 07:24:16,0,0,0.2493766,0,0,99.00249,0.7481297,0,0
2022-06-26 07:24:15,0,0,0,0.25,0,99.25,0.25,0.25,0
2022-06-26 07:24:14,0,0,0.25,0,0,97,2.5,0.25,0
2022-06-26 07:24:13,0,0,0.75,0,0,97.25,1.75,0.25,0
2022-06-26 07:24:12,0,0,0.9950249,0.4975124,0,95.52239,2.736318,0.2487562,0
2022-06-26 07:24:11,0,0,1.0025063,0.2506266,0,95.48872,3.007519,0.2506266,0
2022-06-26 07:24:10,0,0,0.7518797,0,0,96.74185,2.506266,0,0
2022-06-26 07:24:09,0,0,0.25,0.25,0,97.5,1.75,0.25,0
2022-06-26 07:24:08,0,0,0.2493766,0,0,98.50374,0.9975062,0.2493766,0
2022-06-26 07:24:07,0,0,0,0,0,98.74372,1.0050251,0.2512563,0
2022-06-26 07:24:06,0,0,0.7444169,0.248139,0,96.52605,2.233251,0.248139,0
2022-06-26 07:24:05,0,0,1.2531328,0.2506266,0,95.2381,3.007519,0.2506266,0
2022-06-26 07:24:04,0,0,1.5,0.25,0,95.5,2.75,0,0
2022-06-26 07:24:03,0,0,0.5,0,0,97.75,1.5,0.25,0
2022-06-26 07:24:02,0,0,0,0,0,97.99499,2.005013,0,0
2022-06-26 07:24:01,0,0,0,0,0,99.25,0.5,0.25,0
2022-06-26 07:24:00,0,0,0.25,0,0,98.5,0.75,0.5,0
2022-06-26 07:23:59,0,0,1,0.25,0,97.5,1.25,0,0
2022-06-26 07:23:58,0,0,1.4962594,0.2493766,0,94.76309,3.241895,0.2493766,0
2022-06-26 07:23:57,0,0,1.2468828,0.2493766,0,95.51122,2.493766,0.4987531,0
2022-06-26 07:23:56,0,0,0.5025126,0,0,97.23618,2.01005,0.2512563,0
2022-06-26 07:23:55,0,0,0,0,0,99.00498,0.7462687,0.2487562,0
2022-06-26 07:23:54,0,0,0,0,0,98.99497,1.0050251,0,0
2022-06-26 07:23:53,0,0,0,0,0,99.25,0.25,0.5,0
2022-06-26 07:23:52,0,0,0.4987531,0.2493766,0,97.00748,1.995012,0.2493766,0
2022-06-26 07:23:51,0,0,2,0.25,0,93.25,4,0.5,0
2022-06-26 07:23:50,0,0,1.2531328,0.2506266,0,94.23559,4.010025,0.2506266,0
2022-06-26 07:23:49,0,0,0.5,0,0,97,2.5,0,0
2022-06-26 07:23:48,0,0,0,0,0,99.49875,0.5012531,0,0
2022-06-26 07:23:47,0,0,0,0,0,99.00249,0.7481297,0.2493766,0
2022-06-26 07:23:46,0,0,0,0,0,98.74687,1.0025063,0.2506266,0
2022-06-26 07:23:45,0,0,0.4975124,0.2487562,0,96.76617,2.487562,0,0
2022-06-26 07:23:44,0,0,1.0025063,0,0,92.4812,6.265664,0.2506266,0
2022-06-26 07:23:43,0,0,1.5037594,0.2506266,0,93.48371,4.511278,0.2506266,0
2022-06-26 07:23:42,0,0,0.4987531,0.2493766,0,97.50623,1.4962594,0.2493766,0
2022-06-26 07:23:41,0,0,0.5012531,0,0,98.24561,1.2531328,0,0
2022-06-26 07:23:40,0,0,0.2487562,0,0,97.51244,1.99005,0.2487562,0
2022-06-26 07:23:39,0,0,0,0,0,98.74687,1.0025063,0.2506266,0
2022-06-26 07:23:38,0,0,0,0,0,99.74874,0.2512563,0,0
2022-06-26 07:23:37,0,0,0.248139,0,0,97.51861,1.985112,0.248139,0
2022-06-26 07:23:36,0,0,0.7518797,0.2506266,0,96.74185,2.005013,0.2506266,0
2022-06-26 07:23:35,0,0,1.5,0.25,0,90.5,7.25,0.5,0
2022-06-26 07:23:34,0,0,2,0.25,0,91.25,6.25,0.25,0
2022-06-26 07:23:33,0,0,1.5,0.25,0,88.75,9.25,0.25,0
2022-06-26 07:23:32,0,0,0.5,0,0,91.5,7.5,0.25,0
2022-06-26 07:23:31,0,0,0.5,0,0,95,4.25,0.25,0
2022-06-26 07:23:30,0,0,0.2506266,0,0,92.73183,6.766917,0.2506266,0
2022-06-26 07:23:29,0,0,0,0,0,94.75,5,0.25,0
2022-06-26 07:23:28,0,0,0,0.2493766,0,93.01746,6.234414,0.4987531,0
2022-06-26 07:23:27,0,0,0,0,0,94.5,5.25,0,0
2022-06-26 07:23:26,0,0,0.2487562,0.2487562,0,87.06468,10.696517,0.2487562,0.2487562
2022-06-26 07:23:25,0,0,0.2518892,0.2518892,0,82.87154,8.564232,0.2518892,0
2022-06-26 07:23:24,0,0,0.5,0,0,95.75,3.25,0.5,0
2022-06-26 07:23:23,0,0,0,0,0,98.49624,1.2531328,0.2506266,0
2022-06-26 07:23:22,0,0,0,0,0,98.75,0.75,0.5,0
2022-06-26 07:23:21,0,0,0.2506266,0.2506266,0,97.74436,1.5037594,0.2506266,0
2022-06-26 07:23:20,0,0,0,0,0,98.75,1,0.25,0
2022-06-26 07:23:19,0,0,0.2487562,0.2487562,0,99.00498,0.4975124,0,0
2022-06-26 07:23:18,0,0,0,0,0,98.75,1,0.25,0
2022-06-26 07:23:17,0,0,0,0,0,98.50374,1.2468828,0.2493766,0
2022-06-26 07:23:16,0,0,0.75,0.25,0,96.75,2.25,0,0
2022-06-26 07:23:15,0,0,0.7537688,0.2512563,0,95.22613,3.768844,0,0
2022-06-26 07:23:14,0,0,1,0,0,96,2.5,0.5,0
2022-06-26 07:23:13,0,0,1.0025063,0.2506266,0,96.74185,2.005013,0,0
2022-06-26 07:23:12,0,0,0.2493766,0,0,98.25436,0.9975062,0.4987531,0
2022-06-26 07:23:11,0,0,0,0,0,99,0.75,0.25,0
2022-06-26 07:23:10,0,0,0,0,0,99.25,0.75,0,0
2022-06-26 07:23:09,0,0,0.7481297,0,0,97.25686,1.745636,0.2493766,0
2022-06-26 07:23:08,0,0,1.25,0.75,0,94.25,3.25,0.5,0
2022-06-26 07:23:07,0,0,1.2531328,0.2506266,0,95.73935,2.756892,0,0
2022-06-26 07:23:06,0,0,0.7481297,0.2493766,0,97.50623,1.2468828,0.2493766,0
2022-06-26 07:23:05,0,0,0,0,0,98.24561,1.5037594,0.2506266,0
2022-06-26 07:23:04,0,0,0,0,0,99.49875,0.2506266,0.2506266,0
2022-06-26 07:23:03,0,0,0.4987531,0,0,98.75312,0.7481297,0,0
2022-06-26 07:23:02,0,0,0.5,0.25,0,97,2.25,0,0
2022-06-26 07:23:01,0,0,1.2468828,0.2493766,0,95.51122,2.493766,0.4987531,0
2022-06-26 07:23:00,0,0,1.2531328,0,0,96.74185,1.754386,0.2506266,0
2022-06-26 07:22:59,0,0,1,0.25,0,96,2.75,0,0
2022-06-26 07:22:58,0,0,0,0.25,0,98.75,0.75,0.25,0
2022-06-26 07:22:57,0,0,0.2493766,0,0,98.50374,0.9975062,0.2493766,0
2022-06-26 07:22:56,0,0,0,0,0,98.75312,0.7481297,0.4987531,0
2022-06-26 07:22:55,0,0,0.7518797,0.2506266,0,96.99248,1.754386,0.2506266,0
2022-06-26 07:22:54,0,0,1.2468828,0.2493766,0,94.26434,3.990025,0.2493766,0
2022-06-26 07:22:53,0,0,1.511335,0.2518892,0,94.45844,3.778338,0,0
2022-06-26 07:22:52,0,0,0.9975062,0.2493766,0,95.51122,3.241895,0,0
2022-06-26 07:22:51,0,0,0,0,0,97.75,2,0.25,0
2022-06-26 07:22:50,0,0,0,0.25,0,99,0.75,0,0
2022-06-26 07:22:49,0,0,0.2487562,0,0,98.75622,0.4975124,0.4975124,0
2022-06-26 07:22:48,0,0,0.2506266,0,0,98.24561,1.2531328,0.2506266,0
2022-06-26 07:22:47,0,0,1.0025063,0.2506266,0,96.49123,2.255639,0,0
2022-06-26 07:22:46,0,0,0.9975062,0.2493766,0,95.26185,3.241895,0.2493766,0
2022-06-26 07:22:45,0,0,1.0025063,0.5012531,0,94.48622,3.759398,0.2506266,0
2022-06-26 07:22:44,0,0,0.5,0,0,96.5,2.75,0,0
2022-06-26 07:22:43,0,0,0.25,0,0,97.75,1.75,0.25,0
2022-06-26 07:22:42,0,0,0.2493766,0.2493766,0,98.25436,0.9975062,0.2493766,0
2022-06-26 07:22:41,0,0,0,0,0,99.74937,0.2506266,0,0
2022-06-26 07:22:40,0,0,0,0,0,96.51741,3.233831,0.2487562,0
2022-06-26 07:22:39,0,0,0.75,0.25,0,96.25,2.5,0.25,0
2022-06-26 07:22:38,0,0,1.0050251,0.5025126,0,93.46734,4.773869,0.2512563,0
2022-06-26 07:22:37,0,0,1.4925373,0.4975124,0,91.04478,6.716418,0.2487562,0
2022-06-26 07:22:36,0,0,1.5075377,0,0,90.70352,7.537688,0.2512563,0
2022-06-26 07:22:35,0,0,1.2468828,0.4987531,0,89.52618,8.478803,0.2493766,0
2022-06-26 07:22:34,0,0,0.7481297,0,0,93.76559,5.486284,0,0
2022-06-26 07:22:33,0,0,0,0,0,92,7.5,0.5,0
2022-06-26 07:22:32,0,0,0.25,0,0,94.25,5.25,0.25,0
2022-06-26 07:22:31,0,0,0,0.2512563,0,93.46734,5.778894,0.5025126,0
2022-06-26 07:22:30,0,0,0.2487562,0,0,91.04478,8.457711,0.2487562,0
2022-06-26 07:22:29,0,0,0,0,0,91.9598,7.537688,0.5025126,0
2022-06-26 07:22:28,0,0,0.25,0.5,0,89.25,9.25,0.25,0
2022-06-26 07:22:27,0,0,0,0.2493766,0,89.77556,6.234414,0.2493766,0
2022-06-26 07:22:26,0,0,0,0.2493766,0,96.00998,3.491272,0.2493766,0
2022-06-26 07:22:25,0,0,0,0,0,98.99749,1.0025063,0,0
2022-06-26 07:22:24,0,0,0.5,0,0,98,1.25,0.25,0
2022-06-26 07:22:23,0,0,0.2493766,0,0,99.00249,0.7481297,0,0
2022-06-26 07:22:22,0,0,0,0,0,98.49624,1.5037594,0,0
2022-06-26 07:22:21,0,0,0,0,0,99,1,0,0
2022-06-26 07:22:20,0,0,0.25,0,0,98.5,1,0.25,0
2022-06-26 07:22:19,0,0,0.5012531,0,0,97.74436,1.5037594,0.2506266,0
2022-06-26 07:22:18,0,0,0.9975062,0.2493766,0,95.51122,2.992519,0.2493766,0
2022-06-26 07:22:17,0,0,0.75,0,0,96.75,2.5,0,0
2022-06-26 07:22:16,0,0,1,0.25,0,96.75,1.75,0.25,0
2022-06-26 07:22:15,0,0,0.2506266,0,0,98.24561,1.2531328,0.2506266,0
2022-06-26 07:22:14,0,0,0.25,0,0,98.25,1.5,0,0
2022-06-26 07:22:13,0,0,0.4975124,0.2487562,0,97.26368,1.4925373,0.4975124,0
2022-06-26 07:22:12,0,0,0.2506266,0,0,98.49624,1.2531328,0,0
2022-06-26 07:22:11,0,0,0.7518797,0,0,97.49373,1.754386,0,0
2022-06-26 07:22:10,0,0,1.2468828,0.2493766,0,95.26185,2.992519,0.2493766,0
2022-06-26 07:22:09,0,0,0.7481297,0,0,96.25935,2.743142,0.2493766,0
2022-06-26 07:22:08,0,0,0.2512563,0,0,98.24121,1.2562814,0.2512563,0
2022-06-26 07:22:07,0,0,0,0,0,99.25,0.75,0,0
2022-06-26 07:22:06,0,0,0.7518797,0,0,97.49373,1.5037594,0.2506266,0
2022-06-26 07:22:05,0,0,0.4987531,0,0,98.25436,0.9975062,0.2493766,0
2022-06-26 07:22:04,0,0,0.9975062,0.4987531,0,95.51122,2.244389,0.7481297,0
2022-06-26 07:22:03,0,0,1.5,0,0,95,3.5,0,0
2022-06-26 07:22:02,0,0,0.25,0.25,0,98.75,0.5,0.25,0
2022-06-26 07:22:01,0,0,0.5,0,0,98.25,1,0.25,0
2022-06-26 07:22:00,0,0,0,0.25,0,99.25,0.25,0.25,0
2022-06-26 07:21:59,0,0,0.5025126,0,0,97.48744,2.01005,0,0
2022-06-26 07:21:58,0,0,0.7444169,0.248139,0,96.77419,1.985112,0.248139,0
2022-06-26 07:21:57,0,0,1.0025063,0.7518797,0,94.98747,3.007519,0.2506266,0
2022-06-26 07:21:56,0,0,0.75,0.25,0,95.5,3,0.5,0
2022-06-26 07:21:55,0,0,0.25,0,0,99,0.75,0,0
2022-06-26 07:21:54,0,0,0.5,0,0,97.25,2,0.25,0
2022-06-26 07:21:53,0,0,0.2506266,0,0,98.49624,1.0025063,0.2506266,0
2022-06-26 07:21:52,0,0,0,0.2493766,0,97.50623,1.4962594,0.7481297,0
2022-06-26 07:21:51,0,0,1,0,0,96.25,2.75,0,0
2022-06-26 07:21:50,0,0,1,0.25,0,94.5,4,0.25,0
2022-06-26 07:21:49,0,0,0.7518797,0,0,96.2406,3.007519,0,0
2022-06-26 07:21:48,0,0,0.7444169,0.248139,0,95.28536,3.225806,0.4962779,0
2022-06-26 07:21:47,0,0,0,0,0,97.74436,2.005013,0.2506266,0
2022-06-26 07:21:46,0,0,0.5025126,0,0,97.48744,2.01005,0,0
2022-06-26 07:21:45,0,0,0.2493766,0,0,97.75561,1.4962594,0.4987531,0
2022-06-26 07:21:44,0,0,0.2493766,0.2493766,0,98.25436,1.2468828,0,0
2022-06-26 07:21:43,0,0,0.5012531,0,0,97.24311,2.005013,0.2506266,0
2022-06-26 07:21:42,0,0,0.75,0.25,0,94.75,4,0.25,0
2022-06-26 07:21:41,0,0,1.2468828,0.4987531,0,92.26933,5.735661,0.2493766,0
2022-06-26 07:21:40,0,0,1.5037594,0.2506266,0,90.22556,8.02005,0,0
2022-06-26 07:21:39,0,0,0.7537688,0,0,92.21106,6.78392,0.2512563,0
2022-06-26 07:21:38,0,0,0.7444169,0.248139,0,94.78908,4.218362,0,0
2022-06-26 07:21:37,0,0,0.5012531,0,0,92.98246,6.015038,0.5012531,0
2022-06-26 07:21:36,0,0,0.5,0.25,0,93.25,5.5,0.25,0
2022-06-26 07:21:35,0,0,0.25,0,0,94,5.25,0.5,0
2022-06-26 07:21:34,0,0,0.25,0,0,90.25,9.25,0.25,0
2022-06-26 07:21:33,0,0,0.25,0.25,0,91.25,8,0.25,0
2022-06-26 07:21:32,0,0,0,0,0,90.75,8.25,0.5,0
2022-06-26 07:21:31,0,0,0.2506266,0,0,93.98496,5.513784,0,0
2022-06-26 07:21:30,0,0,0,0.25,0,97.25,2.25,0.25,0
2022-06-26 07:21:29,0,0,0.248139,0,0,97.27047,2.233251,0.248139,0
2022-06-26 07:21:28,0,0,0,0,0,98.24121,1.5075377,0.2512563,0
2022-06-26 07:21:27,0,0,0,0,0,98.49624,1.2531328,0.2506266,0
2022-06-26 07:21:26,0,0,0,0,0,99,0.75,0.25,0
2022-06-26 07:21:25,0,0,0.2493766,0,0,98.50374,0.9975062,0.2493766,0
2022-06-26 07:21:24,0,0,0.5,0,0,98.25,1,0.25,0
2022-06-26 07:21:23,0,0,0.2493766,0.2493766,0,98.50374,0.4987531,0.4987531,0
2022-06-26 07:21:22,0,0,0.5025126,0,0,97.48744,2.01005,0,0
2022-06-26 07:21:21,0,0,1.2437811,0.2487562,0,94.27861,3.731343,0.4975124,0
2022-06-26 07:21:20,0,0,1.0050251,0,0,96.98492,2.01005,0,0
2022-06-26 07:21:19,0,0,0.2493766,0.2493766,0,98.75312,0.4987531,0.2493766,0
2022-06-26 07:21:18,0,0,0.25,0.25,0,98,1.5,0,0
2022-06-26 07:21:17,0,0,0.2506266,0.2506266,0,98.24561,1.2531328,0,0
2022-06-26 07:21:16,0,0,0.25,0,0,98.25,1.25,0.25,0
2022-06-26 07:21:15,0,0,0.7481297,0.2493766,0,97.00748,1.745636,0.2493766,0
2022-06-26 07:21:14,0,0,1.5037594,0,0,95.73935,2.756892,0,0
2022-06-26 07:21:13,0,0,1,0.5,0,95.5,2.25,0.75,0
2022-06-26 07:21:12,0,0,0.2487562,0,0,98.75622,0.9950249,0,0
2022-06-26 07:21:11,0,0,0.5012531,0.2506266,0,96.74185,2.005013,0.5012531,0
2022-06-26 07:21:10,0,0,0.25,0,0,99,0.5,0.25,0
2022-06-26 07:21:09,0,0,0.2506266,0,0,98.49624,1.0025063,0.2506266,0
2022-06-26 07:21:08,0,0,0.7481297,0.2493766,0,97.00748,1.4962594,0.4987531,0
2022-06-26 07:21:07,0,0,1.2531328,0,0,95.73935,2.756892,0.2506266,0
2022-06-26 07:21:06,0,0,1.2437811,0.2487562,0,95.27363,2.985075,0.2487562,0
2022-06-26 07:21:05,0,0,0.75,0.25,0,97.5,1.5,0,0
2022-06-26 07:21:04,0,0,0.5025126,0,0,98.24121,1.0050251,0.2512563,0
2022-06-26 07:21:03,0,0,0,0,0,98.25436,1.4962594,0.2493766,0
2022-06-26 07:21:02,0,0,0.2506266,0,0,98.49624,1.0025063,0.2506266,0
2022-06-26 07:21:01,0,0,0.5,0.25,0,97.75,1,0.5,0
2022-06-26 07:21:00,0,0,1.4888337,0.248139,0,93.30025,4.71464,0.248139,0
2022-06-26 07:20:59,0,0,1.2594458,0,0,96.22166,2.267003,0.2518892,0
2022-06-26 07:20:58,0,0,0.7481297,0,0,97.25686,1.745636,0.2493766,0
2022-06-26 07:20:57,0,0,0,0.2506266,0,97.24311,2.255639,0.2506266,0
2022-06-26 07:20:56,0,0,0,0,0,98.49624,1.5037594,0,0
2022-06-26 07:20:55,0,0,0.2493766,0.2493766,0,98.00499,0.9975062,0.4987531,0
2022-06-26 07:20:54,0,0,0.5,0,0,97.5,1.5,0.5,0
2022-06-26 07:20:53,0,0,0.9950249,0,0,95.27363,3.233831,0.4975124,0
2022-06-26 07:20:52,0,0,0.7537688,0.2512563,0,95.72864,3.266332,0,0
2022-06-26 07:20:51,0,0,0.75,0,0,96.5,2.25,0.5,0
2022-06-26 07:20:50,0,0,0.75,0,0,95.5,3.25,0.5,0
2022-06-26 07:20:49,0,0,0.5,0,0,98.75,0.75,0,0
2022-06-26 07:20:48,0,0,0,0,0,98.75,1,0.25,0
2022-06-26 07:20:47,0,0,0.25,0.25,0,97.25,2.25,0,0
2022-06-26 07:20:46,0,0,0.5,0,0,98.25,1.25,0,0
2022-06-26 07:20:45,0,0,0.7518797,0,0,95.2381,3.759398,0.2506266,0
2022-06-26 07:20:44,0,0,1.2468828,0.2493766,0,92.5187,5.735661,0.2493766,0
2022-06-26 07:20:43,0,0,1.0025063,0.2506266,0,93.98496,4.511278,0.2506266,0
2022-06-26 07:20:42,0,0,1.4925373,0.4975124,0,89.801,7.960199,0.2487562,0
2022-06-26 07:20:41,0,0,1.0025063,0,0,91.4787,7.017544,0.5012531,0
2022-06-26 07:20:40,0,0,1.0025063,0,0,91.22807,7.518797,0.2506266,0
2022-06-26 07:20:39,0,0,0.2506266,0,0,92.73183,6.766917,0.2506266,0
2022-06-26 07:20:38,0,0,0,0,0,93.76559,5.985037,0,0
2022-06-26 07:20:37,0,0,0.25,0,0,94,5,0.75,0
2022-06-26 07:20:36,0,0,0,0,0,90.54726,8.457711,0.4975124,0
2022-06-26 07:20:35,0,0,0,0,0,92.69521,7.052897,0.2518892,0
2022-06-26 07:20:34,0,0,0.2512563,0,0,87.68844,10.552764,0,0
2022-06-26 07:20:33,0,0,0,0.4975124,0,87.31343,5.472637,0.2487562,0
2022-06-26 07:20:32,0,0,0.2493766,0.2493766,0,98.25436,0.7481297,0.4987531,0
2022-06-26 07:20:31,0,0,0,0,0,99,1,0,0
2022-06-26 07:20:30,0,0,0,0,0,99.00498,0.7462687,0.2487562,0
2022-06-26 07:20:29,0,0,0.2512563,0,0,98.74372,1.0050251,0,0
2022-06-26 07:20:28,0,0,0,0,0,98.5,1,0.5,0
2022-06-26 07:20:27,0,0,0,0.25,0,99,0.75,0,0
2022-06-26 07:20:26,0,0,0.2487562,0,0,98.50746,0.9950249,0.2487562,0
2022-06-26 07:20:25,0,0,0.7537688,0,0,96.98492,2.261307,0,0
2022-06-26 07:20:24,0,0,1.25,0.25,0,96.5,1.75,0.25,0
2022-06-26 07:20:23,0,0,1.2468828,0,0,96.00998,2.244389,0.4987531,0
2022-06-26 07:20:22,0,0,0.7537688,0.2512563,0,95.9799,2.763819,0.2512563,0
2022-06-26 07:20:21,0,0,0.4987531,0,0,98.25436,1.2468828,0,0
2022-06-26 07:20:20,0,0,0,0.2493766,0,99.00249,0.4987531,0.2493766,0
2022-06-26 07:20:19,0,0,0.2506266,0,0,97.99499,1.5037594,0.2506266,0
2022-06-26 07:20:18,0,0,1.0025063,0,0,96.49123,2.255639,0.2506266,0
2022-06-26 07:20:17,0,0,0.7481297,0.2493766,0,97.50623,1.4962594,0,0
2022-06-26 07:20:16,0,0,1.2437811,0,0,94.52736,3.731343,0.4975124,0
2022-06-26 07:20:15,0,0,0.7537688,0.2512563,0,95.9799,2.512563,0.5025126,0
2022-06-26 07:20:14,0,0,0.25,0,0,98.75,0.75,0.25,0
2022-06-26 07:20:13,0,0,0,0.25,0,99,0.75,0,0
2022-06-26 07:20:12,0,0,0.5,0,0,97.5,1.75,0.25,0
2022-06-26 07:20:11,0,0,0.7481297,0.2493766,0,96.7581,2.244389,0,0
2022-06-26 07:20:10,0,0,0.7518797,0,0,97.74436,1.5037594,0,0
2022-06-26 07:20:09,0,0,1.25,0,0,94.5,4,0.25,0
2022-06-26 07:20:08,0,0,1,0.25,0,96.25,2.5,0,0
2022-06-26 07:20:07,0,0,0,0,0,98.75,0.75,0.5,0
2022-06-26 07:20:06,0,0,0,0,0,98.75,1.25,0,0
2022-06-26 07:20:05,0,0,0.25,0,0,98.75,1,0,0
2022-06-26 07:20:04,0,0,0.7462687,0,0,97.01493,1.741294,0.4975124,0
2022-06-26 07:20:03,0,0,1.010101,0,0,96.46465,2.525253,0,0
2022-06-26 07:20:02,0,0,0.9950249,0.4975124,0,95.77114,2.487562,0.2487562,0
2022-06-26 07:20:01,0,0,1.25,0,0,96.25,2.25,0.25,0
2022-06-26 07:20:00,0,0,0.25,0,0,98.25,1.5,0,0
2022-06-26 07:19:59,0,0,0,0,0,99,1,0,0
2022-06-26 07:19:58,0,0,0,0,0,98.75,0.75,0.5,0
2022-06-26 07:19:57,0,0,0.2506266,0.2506266,0,97.24311,2.255639,0,0
2022-06-26 07:19:56,0,0,1.2437811,0.2487562,0,95.27363,2.985075,0.2487562,0
2022-06-26 07:19:55,0,0,1.0025063,0.2506266,0,96.99248,1.5037594,0.2506266,0
2022-06-26 07:19:54,0,0,1.0025063,0.2506266,0,95.2381,3.508772,0,0
2022-06-26 07:19:53,0,0,1,0,0,95.25,3.5,0.25,0
2022-06-26 07:19:52,0,0,0.25,0,0,98.5,1.25,0,0
2022-06-26 07:19:51,0,0,0.2506266,0,0,98.49624,1.0025063,0.2506266,0
2022-06-26 07:19:50,0,0,0,0,0,99.25187,0.4987531,0.2493766,0
2022-06-26 07:19:49,0,0,0.25,0.25,0,97.75,1.75,0,0
2022-06-26 07:19:48,0,0,1,0,0,95.75,3,0.25,0
2022-06-26 07:19:47,0,0,1.0025063,0.2506266,0,95.2381,3.258145,0.2506266,0
2022-06-26 07:19:46,0,0,1.2468828,0.2493766,0,90.52369,7.730673,0.2493766,0
2022-06-26 07:19:45,0,0,1.5037594,0.2506266,0,90.47619,7.518797,0.2506266,0
2022-06-26 07:19:44,0,0,1.2437811,0.2487562,0,90.04975,7.960199,0.4975124,0
2022-06-26 07:19:43,0,0,0.7537688,0,0,94.72362,4.522613,0,0
2022-06-26 07:19:42,0,0,0,0.2493766,0,92.26933,6.982544,0.2493766,0
2022-06-26 07:19:41,0,0,0.2493766,0,0,94.01496,5.486284,0.2493766,0
2022-06-26 07:19:40,0,0,0,0,0,93.25,6.25,0.5,0
2022-06-26 07:19:39,0,0,0,0,0,89.77556,9.476309,0.4987531,0
2022-06-26 07:19:38,0,0,0.2493766,0.2493766,0,90.27431,8.977556,0,0
2022-06-26 07:19:37,0,0,0,0,0,89.69849,8.79397,0.5025126,0
2022-06-26 07:19:36,0,0,0,0,0,95.73935,4.010025,0,0
2022-06-26 07:19:35,0,0,0.25,0,0,97.75,1.75,0.25,0
2022-06-26 07:19:34,0,0,0,0,0,99,1,0,0
2022-06-26 07:19:33,0,0,0,0,0,98.00995,1.4925373,0.4975124,0
2022-06-26 07:19:32,0,0,0.2487562,0.2487562,0,98.50746,0.7462687,0.2487562,0
2022-06-26 07:19:31,0,0,0,0,0,98.9899,0.7575758,0.2525253,0
2022-06-26 07:19:30,0,0,0,0,0,99.25373,0.7462687,0,0
2022-06-26 07:19:29,0,0,0.5012531,0,0,97.99499,1.5037594,0,0
2022-06-26 07:19:28,0,0,0.4987531,0.2493766,0,96.7581,1.995012,0.4987531,0
2022-06-26 07:19:27,0,0,1.0075567,0,0,96.72544,2.267003,0,0
2022-06-26 07:19:26,0,0,1.2406948,0.4962779,0,94.54094,3.473945,0.248139,0
2022-06-26 07:19:25,0,0,0.7518797,0,0,96.2406,2.756892,0.2506266,0
2022-06-26 07:19:24,0,0,0.7481297,0,0,98.00499,0.7481297,0.4987531,0
2022-06-26 07:19:23,0,0,0,0,0,98.99749,1.0025063,0,0
2022-06-26 07:19:22,0,0,0.25,0.25,0,97.25,2,0.25,0
2022-06-26 07:19:21,0,0,0.5,0.25,0,97.25,1.75,0.25,0
2022-06-26 07:19:20,0,0,1,0,0,96.5,2.25,0.25,0
2022-06-26 07:19:19,0,0,1.4925373,0.2487562,0,95.27363,2.985075,0,0
2022-06-26 07:19:18,0,0,0.7537688,0,0,97.48744,1.758794,0,0
2022-06-26 07:19:17,0,0,0.2506266,0,0,98.99749,0.5012531,0.2506266,0
2022-06-26 07:19:16,0,0,0,0,0,99,1,0,0
2022-06-26 07:19:15,0,0,0.25,0.25,0,98.25,1,0.25,0
2022-06-26 07:19:14,0,0,0.7481297,0.2493766,0,97.50623,0.9975062,0.4987531,0
2022-06-26 07:19:13,0,0,1.0025063,0,0,95.73935,3.258145,0,0
2022-06-26 07:19:12,0,0,1.995012,0.2493766,0,94.76309,2.743142,0.2493766,0
2022-06-26 07:19:11,0,0,0.4987531,0.2493766,0,97.75561,1.2468828,0.2493766,0
2022-06-26 07:19:10,0,0,0,0,0,98.49246,1.2562814,0.2512563,0
2022-06-26 07:19:09,0,0,0.25,0,0,99.25,0.25,0.25,0
2022-06-26 07:19:08,0,0,0,0.25,0,99,0.75,0,0
2022-06-26 07:19:07,0,0,0.7481297,0,0,96.25935,2.743142,0.2493766,0
2022-06-26 07:19:06,0,0,1.25,0.5,0,93.75,4,0.5,0
2022-06-26 07:19:05,0,0,1.5,0.75,0,94,3.5,0.25,0
2022-06-26 07:19:04,0,0,0.5012531,0,0,97.24311,2.255639,0,0
2022-06-26 07:19:03,0,0,0,0.25,0,98,1.5,0.25,0
2022-06-26 07:19:02,0,0,0.2493766,0,0,98.75312,0.9975062,0,0
2022-06-26 07:19:01,0,0,0,0,0,98.5,1.25,0.25,0
2022-06-26 07:19:00,0,0,0.5,0.25,0,97.25,2,0,0
2022-06-26 07:18:59,0,0,0.75,0.25,0,95.5,3,0.5,0
2022-06-26 07:18:58,0,0,1.5,0,0,93.75,4.5,0.25,0
2022-06-26 07:18:57,0,0,0.9975062,0.2493766,0,96.00998,2.743142,0,0
2022-06-26 07:18:56,0,0,0.5,0.25,0,96.75,2.25,0.25,0
2022-06-26 07:18:55,0,0,0,0,0,98.99497,0.7537688,0.2512563,0
2022-06-26 07:18:54,0,0,0.2487562,0,0,97.51244,1.741294,0.4975124,0
2022-06-26 07:18:53,0,0,0,0,0,99.24812,0.5012531,0.2506266,0
2022-06-26 07:18:52,0,0,0.5,0.5,0,96.25,2.75,0,0
2022-06-26 07:18:51,0,0,0.7462687,0.2487562,0,96.0199,2.736318,0.2487562,0
2022-06-26 07:18:50,0,0,1.5,0.25,0,92.75,5.25,0.25,0
2022-06-26 07:18:49,0,0,1.2594458,0,0,91.93955,6.801008,0,0
2022-06-26 07:18:48,0,0,1.5,0,0,90.5,7.5,0.25,0
2022-06-26 07:18:47,0,0,1.4962594,0.2493766,0,91.5212,5.985037,0.7481297,0
2022-06-26 07:18:46,0,0,0.2506266,0.2506266,0,91.4787,7.769424,0,0
2022-06-26 07:18:45,0,0,0.4975124,0,0,93.28358,5.721393,0.4975124,0
2022-06-26 07:18:44,0,0,0,0,0,95.22613,4.773869,0,0
2022-06-26 07:18:43,0,0,0,0.2487562,0,92.28856,6.716418,0.7462687,0
2022-06-26 07:18:42,0,0,0,0,0,91.45729,8.040201,0.2512563,0
2022-06-26 07:18:41,0,0,0.2487562,0,0,90.04975,8.208955,0.4975124,0
2022-06-26 07:18:40,0,0,0.2506266,0,0,88.22055,10.776942,0.2506266,0
2022-06-26 07:18:39,0,0,0,0,0,97.74436,2.255639,0,0
2022-06-26 07:18:38,0,0,0,0,0,98.25,1.5,0.25,0
2022-06-26 07:18:37,0,0,0,0.25,0,99,0.75,0,0
2022-06-26 07:18:36,0,0,0.2493766,0,0,98.25436,0.9975062,0.4987531,0
2022-06-26 07:18:35,0,0,0,0,0,99,1,0,0
2022-06-26 07:18:34,0,0,0,0,0,99.5,0.5,0,0
2022-06-26 07:18:33,0,0,0,0,0,99.25,0.5,0.25,0
2022-06-26 07:18:32,0,0,0.2506266,0,0,97.99499,1.754386,0,0
2022-06-26 07:18:31,0,0,0.7481297,0,0,96.7581,1.995012,0.4987531,0
2022-06-26 07:18:30,0,0,1,0.25,0,95.75,2.75,0.25,0
2022-06-26 07:18:29,0,0,0.9975062,0,0,95.51122,3.241895,0.2493766,0
2022-06-26 07:18:28,0,0,0.5025126,0,0,97.73869,1.5075377,0.2512563,0
2022-06-26 07:18:27,0,0,0.25,0,0,99,0.5,0.25,0
2022-06-26 07:18:26,0,0,0.2493766,0,0,98.75312,0.7481297,0.2493766,0
2022-06-26 07:18:25,0,0,0.2487562,0.2487562,0,98.25871,0.9950249,0.2487562,0
2022-06-26 07:18:24,0,0,1.2594458,0,0,96.72544,2.015113,0,0
2022-06-26 07:18:23,0,0,1.4962594,0.2493766,0,94.76309,3.241895,0.2493766,0
2022-06-26 07:18:22,0,0,0.75,0.5,0,96.5,1.75,0.5,0
2022-06-26 07:18:21,0,0,0.75,0,0,98,1.25,0,0
2022-06-26 07:18:20,0,0,0,0,0,99.24623,0.7537688,0,0
2022-06-26 07:18:19,0,0,0.2487562,0,0,98.00995,1.2437811,0.4975124,0
2022-06-26 07:18:18,0,0,0.2506266,0,0,98.24561,1.5037594,0,0
2022-06-26 07:18:17,0,0,1,0.25,0,96,2.5,0.25,0
2022-06-26 07:18:16,0,0,1.2531328,0.2506266,0,95.48872,3.007519,0,0
2022-06-26 07:18:15,0,0,0.9975062,0.2493766,0,96.00998,2.493766,0.2493766,0
2022-06-26 07:18:14,0,0,0.5,0,0,98.5,1,0,0
2022-06-26 07:18:13,0,0,0.4975124,0.2487562,0,97.01493,1.741294,0.4975124,0
2022-06-26 07:18:12,0,0,0,0,0,99.49875,0.5012531,0,0
2022-06-26 07:18:11,0,0,0.25,0,0,98,1,0.75,0
2022-06-26 07:18:10,0,0,1.0025063,0,0,95.73935,3.258145,0,0
2022-06-26 07:18:09,0,0,1.2437811,0.7462687,0,95.52239,2.238806,0.2487562,0
2022-06-26 07:18:08,0,0,0.75,0.25,0,95.75,3,0.25,0
2022-06-26 07:18:07,0,0,0.5025126,0,0,97.73869,1.758794,0,0
2022-06-26 07:18:06,0,0,0.4987531,0,0,98.00499,1.2468828,0.2493766,0
2022-06-26 07:18:05,0,0,0,0,0,99,1,0,0
2022-06-26 07:18:04,0,0,0.2506266,0,0,96.74185,3.007519,0,0
2022-06-26 07:18:03,0,0,0.4975124,0,0,97.26368,1.741294,0.4975124,0
2022-06-26 07:18:02,0,0,1.2531328,0.2506266,0,95.48872,3.007519,0,0
2022-06-26 07:18:01,0,0,0.75,0.25,0,96.25,2,0.75,0
2022-06-26 07:18:00,0,0,1.0025063,0,0,95.73935,3.258145,0,0
2022-06-26 07:17:59,0,0,0.7462687,0,0,96.0199,2.736318,0.2487562,0
2022-06-26 07:17:58,0,0,0.2506266,0,0,97.74436,1.754386,0.2506266,0
2022-06-26 07:17:57,0,0,0,0.2506266,0,98.99749,0.7518797,0,0
2022-06-26 07:17:56,0,0,0.2493766,0,0,97.50623,1.745636,0.4987531,0
2022-06-26 07:17:55,0,0,0.7537688,0.2512563,0,96.98492,2.01005,0,0
2022-06-26 07:17:54,0,0,0.7481297,0.4987531,0,95.26185,3.241895,0.2493766,0
2022-06-26 07:17:53,0,0,1.25,0,0,92.75,5.75,0.25,0
2022-06-26 07:17:52,0,0,1,0,0,94.25,4.5,0.25,0
2022-06-26 07:17:51,0,0,1.5,0.5,0,90.25,7.75,0,0
2022-06-26 07:17:50,0,0,0.7537688,0,0,92.71357,6.281407,0.2512563,0
2022-06-26 07:17:49,0,0,1.2406948,0.4962779,0,89.33002,8.436725,0.4962779,0
2022-06-26 07:17:48,0,0,0.25,0,0,92.25,7.25,0.25,0
2022-06-26 07:17:47,0,0,0,0,0,94.75,5.25,0,0
2022-06-26 07:17:46,0,0,0,0,0,92.73183,7.017544,0.2506266,0
2022-06-26 07:17:45,0,0,0.2493766,0,0,91.27182,8.229426,0.2493766,0
2022-06-26 07:17:44,0,0,0,0.25,0,94.5,5,0.25,0
2022-06-26 07:17:43,0,0,0.2512563,0.2512563,0,87.68844,9.798995,0,0
2022-06-26 07:17:42,0,0,0,0,0,95.22613,3.517588,0,0
2022-06-26 07:17:41,0,0,0.2493766,0,0,98.25436,0.7481297,0.4987531,0
2022-06-26 07:17:40,0,0,0,0,0,98.25,1.5,0.25,0
2022-06-26 07:17:39,0,0,0.25,0,0,98.5,1,0.25,0
2022-06-26 07:17:38,0,0,0,0.2487562,0,99.00498,0.4975124,0.2487562,0
2022-06-26 07:17:37,0,0,0,0,0,98.99497,0.7537688,0.2512563,0
2022-06-26 07:17:36,0,0,0,0,0,99.49875,0.5012531,0,0
2022-06-26 07:17:35,0,0,0.7481297,0,0,97.00748,1.995012,0.2493766,0
2022-06-26 07:17:34,0,0,0.7481297,0.2493766,0,96.25935,2.493766,0.2493766,0
2022-06-26 07:17:33,0,0,0.7518797,0,0,97.49373,1.754386,0,0
2022-06-26 07:17:32,0,0,0.7518797,0,0,96.99248,2.255639,0,0
2022-06-26 07:17:31,0,0,0.7481297,0.2493766,0,96.7581,1.995012,0.2493766,0
2022-06-26 07:17:30,0,0,0.25,0,0,98,1.5,0.25,0
2022-06-26 07:17:29,0,0,0.2493766,0,0,99.00249,0.7481297,0,0
2022-06-26 07:17:28,0,0,0.5,0,0,96.75,2.25,0.5,0
2022-06-26 07:17:27,0,0,1.0025063,0.2506266,0,97.24311,1.5037594,0,0
2022-06-26 07:17:26,0,0,0.5,0,0,97,2.25,0.25,0
2022-06-26 07:17:25,0,0,1.25,0.25,0,96,2.5,0,0
2022-06-26 07:17:24,0,0,1,0,0,97,1.75,0.25,0
2022-06-26 07:17:23,0,0,0.25,0,0,98.25,1.25,0.25,0
2022-06-26 07:17:22,0,0,0,0,0,99.25,0.75,0,0
2022-06-26 07:17:21,0,0,0.9975062,0.2493766,0,97.25686,1.4962594,0,0
2022-06-26 07:17:20,0,0,0.75,0,0,97,2,0.25,0
2022-06-26 07:17:19,0,0,0.75,0,0,95.75,3.25,0.25,0
2022-06-26 07:17:18,0,0,1.25,0,0,96.5,2,0.25,0
2022-06-26 07:17:17,0,0,0.5,0,0,97.75,1.5,0.25,0
2022-06-26 07:17:16,0,0,0,0,0,98.49624,1.0025063,0.5012531,0
2022-06-26 07:17:15,0,0,0,0.25,0,99.5,0.25,0,0
2022-06-26 07:17:14,0,0,0.75,0,0,97,2.25,0,0
2022-06-26 07:17:13,0,0,0.7518797,0.2506266,0,96.74185,2.255639,0,0
2022-06-26 07:17:12,0,0,0.9975062,0.2493766,0,96.50873,1.995012,0.2493766,0
2022-06-26 07:17:11,0,0,1.2468828,0.2493766,0,95.26185,2.992519,0.2493766,0
2022-06-26 07:17:10,0,0,0.2506266,0,0,96.74185,3.007519,0,0
2022-06-26 07:17:09,0,0,0,0,0,99.5,0.25,0.25,0
2022-06-26 07:17:08,0,0,0,0,0,99.5,0.25,0.25,0
2022-06-26 07:17:07,0,0,0.25,0,0,96.5,3,0.25,0
2022-06-26 07:17:06,0,0,0.7518797,0.2506266,0,97.49373,1.5037594,0,0
2022-06-26 07:17:05,0,0,1.2437811,0,0,95.27363,3.233831,0.2487562,0
2022-06-26 07:17:04,0,0,1.2594458,0,0,94.96222,3.778338,0,0
2022-06-26 07:17:03,0,0,0.9925558,0.248139,0,95.78164,2.48139,0.4962779,0
2022-06-26 07:17:02,0,0,0.5025126,0,0,98.24121,1.2562814,0,0
2022-06-26 07:17:01,0,0,0,0,0,98.75312,0.9975062,0.2493766,0
2022-06-26 07:17:00,0,0,0,0,0,99.24812,0.5012531,0.2506266,0
2022-06-26 07:16:59,0,0,0.5,0,0,97.25,2,0.25,0
2022-06-26 07:16:58,0,0,0.7481297,0,0,95.01247,3.740648,0.4987531,0
2022-06-26 07:16:57,0,0,1.0025063,0,0,95.48872,3.258145,0.2506266,0
2022-06-26 07:16:56,0,0,1.4962594,0.4987531,0,93.51621,4.488778,0,0
2022-06-26 07:16:55,0,0,1.5,0.25,0,89,9,0.25,0
2022-06-26 07:16:54,0,0,1.0025063,0,0,90.72682,8.270677,0,0
2022-06-26 07:16:53,0,0,1,0.25,0,90.75,7.5,0.5,0
2022-06-26 07:16:52,0,0,0.2493766,0,0,94.26434,5.236908,0,0
2022-06-26 07:16:51,0,0,0,0,0,93.5,6,0.5,0
2022-06-26 07:16:50,0,0,0,0,0,95.2381,4.511278,0.2506266,0
2022-06-26 07:16:49,0,0,0,0,0,90.75,9,0.25,0
2022-06-26 07:16:48,0,0,0.25,0.25,0,90.75,8.5,0.25,0
2022-06-26 07:16:47,0,0,0,0,0,91.27182,8.229426,0,0
2022-06-26 07:16:46,0,0,0.2506266,0,0,88.7218,7.26817,0.2506266,0
2022-06-26 07:16:45,0,0,0,0.2493766,0,98.25436,1.2468828,0.2493766,0
2022-06-26 07:16:44,0,0,0,0,0,99.25,0.5,0.25,0
2022-06-26 07:16:43,0,0,0,0,0,98.49624,1.2531328,0.2506266,0
2022-06-26 07:16:42,0,0,0.2493766,0,0,97.50623,2.244389,0,0
2022-06-26 07:16:41,0,0,0,0,0,99.24623,0.7537688,0,0
2022-06-26 07:16:40,0,0,0,0,0,99.25,0.5,0.25,0
2022-06-26 07:16:39,0,0,0.2493766,0.2493766,0,98.25436,0.9975062,0.2493766,0
2022-06-26 07:16:38,0,0,0.2493766,0,0,98.75312,0.9975062,0,0
2022-06-26 07:16:37,0,0,0.7481297,0.7481297,0,95.7606,2.493766,0.2493766,0
2022-06-26 07:16:36,0,0,1.2531328,0.2506266,0,95.98997,2.255639,0.2506266,0
2022-06-26 07:16:35,0,0,1.2468828,0.4987531,0,94.26434,3.241895,0.7481297,0
2022-06-26 07:16:34,0,0,0.5012531,0,0,98.24561,1.2531328,0,0
2022-06-26 07:16:33,0,0,0,0,0,98.75,0.75,0.5,0
2022-06-26 07:16:32,0,0,0.2487562,0,0,99.00498,0.4975124,0.2487562,0
2022-06-26 07:16:31,0,0,0.2512563,0,0,98.49246,1.2562814,0,0
2022-06-26 07:16:30,0,0,0.9975062,0.2493766,0,95.51122,2.493766,0.7481297,0
2022-06-26 07:16:29,0,0,1.2562814,0,0,95.72864,3.015075,0,0
2022-06-26 07:16:28,0,0,0.9950249,0.2487562,0,95.77114,2.736318,0.2487562,0
2022-06-26 07:16:27,0,0,0.5025126,0,0,97.48744,2.01005,0,0
2022-06-26 07:16:26,0,0,0.25,0,0,98.25,1.25,0.25,0
2022-06-26 07:16:25,0,0,0,0,0,99,1,0,0
2022-06-26 07:16:24,0,0,0.9975062,0,0,97.00748,1.745636,0.2493766,0
2022-06-26 07:16:23,0,0,1.2468828,0.2493766,0,94.51372,3.491272,0.4987531,0
2022-06-26 07:16:22,0,0,1.0050251,0.2512563,0,96.48241,2.01005,0.2512563,0
2022-06-26 07:16:21,0,0,1.25,0.25,0,95.25,3.25,0,0
2022-06-26 07:16:20,0,0,0.4987531,0,0,97.75561,1.4962594,0.2493766,0
2022-06-26 07:16:19,0,0,0,0,0,99.24812,0.5012531,0.2506266,0
2022-06-26 07:16:18,0,0,0,0.25,0,99,0.75,0,0
2022-06-26 07:16:17,0,0,0.75,0,0,97.5,1.75,0,0
2022-06-26 07:16:16,0,0,0.4987531,0.2493766,0,97.00748,1.995012,0.2493766,0
2022-06-26 07:16:15,0,0,1.2531328,0,0,95.98997,2.756892,0,0
2022-06-26 07:16:14,0,0,1.2468828,0.4987531,0,95.01247,2.992519,0.2493766,0
2022-06-26 07:16:13,0,0,0.5012531,0,0,97.49373,2.005013,0,0
2022-06-26 07:16:12,0,0,0,0,0,98.5,1.25,0.25,0
2022-06-26 07:16:11,0,0,0.2493766,0,0,98.50374,1.2468828,0,0
2022-06-26 07:16:10,0,0,0.25,0.25,0,97.5,1.75,0.25,0
2022-06-26 07:16:09,0,0,1,0.25,0,96.5,2.25,0,0
2022-06-26 07:16:08,0,0,0.4987531,0,0,96.7581,2.493766,0.2493766,0
2022-06-26 07:16:07,0,0,1.0050251,0.2512563,0,95.47739,3.015075,0.2512563,0
2022-06-26 07:16:06,0,0,0.9975062,0.2493766,0,95.26185,3.241895,0.2493766,0
2022-06-26 07:16:05,0,0,0.4987531,0,0,97.00748,2.244389,0.2493766,0
2022-06-26 07:16:04,0,0,0,0,0,98.99497,0.7537688,0.2512563,0
2022-06-26 07:16:03,0,0,0,0,0,99.25,0.5,0.25,0
2022-06-26 07:16:02,0,0,0.2493766,0,0,97.50623,1.995012,0.2493766,0
2022-06-26 07:16:01,0,0,0.7481297,0.2493766,0,96.25935,2.743142,0,0
2022-06-26 07:16:00,0,0,1,0,0,95.5,3.25,0.25,0
2022-06-26 07:15:59,0,0,1.0050251,0,0,93.71859,5.025126,0.2512563,0
2022-06-26 07:15:58,0,0,1.4925373,0.2487562,0,89.30348,8.706468,0.2487562,0
2022-06-26 07:15:57,0,0,1.2594458,0,0,93.19899,5.541562,0,0
2022-06-26 07:15:56,0,0,0.9925558,0,0,92.55583,5.955335,0.4962779,0
2022-06-26 07:15:55,0,0,0.5012531,0,0,87.7193,11.278195,0.5012531,0
2022-06-26 07:15:54,0,0,0.25,0.25,0,93,6.25,0.25,0
2022-06-26 07:15:53,0,0,0,0,0,94.02985,5.472637,0.4975124,0
2022-06-26 07:15:52,0,0,0,0,0,94.72362,5.025126,0,0
2022-06-26 07:15:51,0,0,0.2512563,0,0,91.45729,7.537688,0.5025126,0
2022-06-26 07:15:50,0,0,0,0,0,91.75,8,0.25,0
2022-06-26 07:15:49,0,0,0.2506266,0.2506266,0,83.9599,9.52381,0.5012531,0
2022-06-26 07:15:48,0,0,0,0,0,97.25,2.5,0.25,0
2022-06-26 07:15:47,0,0,0.25,0,0,98.25,1.25,0.25,0
2022-06-26 07:15:46,0,0,0,0,0,98.75,1,0.25,0
2022-06-26 07:15:45,0,0,0,0,0,98.5,1.25,0.25,0
2022-06-26 07:15:44,0,0,0,0,0,99.25,0.75,0,0
2022-06-26 07:15:43,0,0,0,0.25,0,99,0.5,0.25,0
2022-06-26 07:15:42,0,0,0.2512563,0,0,98.24121,1.5075377,0,0
2022-06-26 07:15:41,0,0,0.4987531,0.2493766,0,97.25686,1.995012,0,0
2022-06-26 07:15:40,0,0,0.4987531,0,0,98.00499,1.2468828,0.2493766,0
2022-06-26 07:15:39,0,0,0.7518797,0.2506266,0,96.2406,2.756892,0,0
2022-06-26 07:15:38,0,0,1.0025063,0,0,96.2406,2.255639,0.5012531,0
2022-06-26 07:15:37,0,0,0.9975062,0.2493766,0,96.00998,2.493766,0.2493766,0
2022-06-26 07:15:36,0,0,0,0,0,98.5,1.25,0.25,0
2022-06-26 07:15:35,0,0,0.2506266,0,0,98.24561,1.2531328,0.2506266,0
2022-06-26 07:15:34,0,0,0.7425743,0.2475248,0,97.27723,1.4851485,0.2475248,0
2022-06-26 07:15:33,0,0,0.7575758,0.2525253,0,95.70707,3.282828,0,0
2022-06-26 07:15:32,0,0,0.4987531,0.2493766,0,97.50623,1.4962594,0.2493766,0
2022-06-26 07:15:31,0,0,1.4962594,0.2493766,0,95.26185,2.992519,0,0
2022-06-26 07:15:30,0,0,0.5012531,0,0,96.74185,2.506266,0.2506266,0
2022-06-26 07:15:29,0,0,0.2493766,0,0,99.00249,0.4987531,0.2493766,0
2022-06-26 07:15:28,0,0,0,0,0,99.24812,0.7518797,0,0
2022-06-26 07:15:27,0,0,0.7518797,0,0,97.49373,1.754386,0,0
2022-06-26 07:15:26,0,0,0.9975062,0,0,96.25935,2.493766,0.2493766,0
2022-06-26 07:15:25,0,0,0.7481297,0.2493766,0,97.00748,1.745636,0.2493766,0
2022-06-26 07:15:24,0,0,1.758794,0.5025126,0,94.22111,3.266332,0.2512563,0
2022-06-26 07:15:23,0,0,0.7462687,0,0,97.76119,1.4925373,0,0
2022-06-26 07:15:22,0,0,0,0,0,99.49875,0.5012531,0,0
2022-06-26 07:15:21,0,0,0,0,0,98.75,1,0.25,0
2022-06-26 07:15:20,0,0,0.25,0,0,99.25,0.5,0,0
2022-06-26 07:15:19,0,0,0.7481297,0.4987531,0,96.25935,2.244389,0.2493766,0
2022-06-26 07:15:18,0,0,1.25,0,0,96,2.5,0.25,0
2022-06-26 07:15:17,0,0,1.0025063,0.5012531,0,94.98747,3.258145,0.2506266,0
2022-06-26 07:15:16,0,0,0.5,0.25,0,97.75,1,0.5,0
2022-06-26 07:15:15,0,0,0,0,0,98.99749,1.0025063,0,0
2022-06-26 07:15:14,0,0,0,0,0,98.50374,1.2468828,0.2493766,0
2022-06-26 07:15:13,0,0,0.25,0.25,0,98.25,1,0,0
2022-06-26 07:15:12,0,0,0.9925558,0.248139,0,95.28536,3.225806,0.248139,0
2022-06-26 07:15:11,0,0,1.0025063,0,0,94.23559,4.511278,0.2506266,0
2022-06-26 07:15:10,0,0,0.7518797,0.2506266,0,94.98747,3.508772,0.5012531,0
2022-06-26 07:15:09,0,0,0.7518797,0.2506266,0,95.98997,2.756892,0.2506266,0
2022-06-26 07:15:08,0,0,0.5,0,0,97.25,2.25,0,0
2022-06-26 07:15:07,0,0,0,0,0,99.25,0.5,0.25,0
2022-06-26 07:15:06,0,0,0.2493766,0.2493766,0,98.25436,0.9975062,0.2493766,0
2022-06-26 07:15:05,0,0,0,0.2506266,0,97.99499,1.754386,0,0
2022-06-26 07:15:04,0,0,0.7444169,0.248139,0,96.52605,2.233251,0.248139,0
2022-06-26 07:15:03,0,0,1.010101,0.2525253,0,94.94949,3.535354,0.2525253,0
2022-06-26 07:15:02,0,0,1.2406948,0.4962779,0,92.30769,5.459057,0.4962779,0
2022-06-26 07:15:01,0,0,1.2531328,0,0,92.23058,6.265664,0.2506266,0
2022-06-26 07:15:00,0,0,1.5,0.5,0,91.75,6,0.25,0
2022-06-26 07:14:59,0,0,0.4987531,0.2493766,0,91.77057,6.982544,0.4987531,0
2022-06-26 07:14:58,0,0,0.5,0,0,91.75,7.5,0.25,0
2022-06-26 07:14:57,0,0,0,0.2512563,0,94.22111,5.527638,0,0
2022-06-26 07:14:56,0,0,0,0,0,95.02488,4.726368,0.2487562,0
2022-06-26 07:14:55,0,0,0,0,0,92.71357,7.035176,0.2512563,0
2022-06-26 07:14:54,0,0,0.2487562,0,0,90.54726,8.706468,0.4975124,0
2022-06-26 07:14:53,0,0,0,0,0,91.4787,8.270677,0.2506266,0
2022-06-26 07:14:52,0,0,0.2512563,0.2512563,0,86.93467,10.050251,0.5025126,0
2022-06-26 07:14:51,0,0,0,0,0,96.2406,3.759398,0,0
2022-06-26 07:14:50,0,0,0.2493766,0,0,98.50374,0.7481297,0.4987531,0
2022-06-26 07:14:49,0,0,0,0.25,0,98.75,1,0,0
2022-06-26 07:14:48,0,0,0,0,0,99,0.75,0.25,0
2022-06-26 07:14:47,0,0,0,0,0,99.25,0.75,0,0
2022-06-26 07:14:46,0,0,0.2506266,0,0,98.24561,1.5037594,0,0
2022-06-26 07:14:45,0,0,0,0,0,98.00499,1.745636,0.2493766,0
2022-06-26 07:14:44,0,0,0.2506266,0,0,99.24812,0.5012531,0,0
2022-06-26 07:14:43,0,0,0.5,0,0,96.25,3,0.25,0
2022-06-26 07:14:42,0,0,0.9975062,0,0,97.25686,1.745636,0,0
2022-06-26 07:14:41,0,0,1.0025063,0.2506266,0,94.98747,3.508772,0.2506266,0
2022-06-26 07:14:40,0,0,0.75,0.25,0,97,2,0,0
2022-06-26 07:14:39,0,0,0.5,0,0,97.25,2.25,0,0
2022-06-26 07:14:38,0,0,0,0,0,99.25,0.5,0.25,0
2022-06-26 07:14:37,0,0,0.5,0,0,98,1.25,0.25,0
2022-06-26 07:14:36,0,0,0.75,0.25,0,97,1.75,0.25,0
2022-06-26 07:14:35,0,0,1.25,0.25,0,96,2.25,0.25,0
2022-06-26 07:14:34,0,0,1,0.25,0,96.75,1.75,0.25,0
2022-06-26 07:14:33,0,0,0.2506266,0.2506266,0,97.74436,1.754386,0,0
2022-06-26 07:14:32,0,0,0.4962779,0,0,98.26303,0.7444169,0.4962779,0
2022-06-26 07:14:31,0,0,0.2518892,0,0,98.74055,0.7556675,0.2518892,0
2022-06-26 07:14:30,0,0,0.4987531,0,0,97.50623,1.745636,0.2493766,0
2022-06-26 07:14:29,0,0,1,0,0,97,1.5,0.5,0
2022-06-26 07:14:28,0,0,1.25,0.25,0,95.75,2.5,0.25,0
2022-06-26 07:14:27,0,0,0.7481297,0,0,95.51122,3.241895,0.4987531,0
2022-06-26 07:14:26,0,0,0.2506266,0.2506266,0,98.49624,1.0025063,0,0
2022-06-26 07:14:25,0,0,0.5,0,0,97.75,1.25,0.5,0
2022-06-26 07:14:24,0,0,1,0,0,97.5,1.5,0,0
2022-06-26 07:14:23,0,0,0,0.25,0,98.25,1.25,0.25,0
2022-06-26 07:14:22,0,0,0.9950249,0.2487562,0,96.76617,1.99005,0,0
2022-06-26 07:14:21,0,0,1.2562814,0,0,94.72362,3.517588,0.5025126,0
2022-06-26 07:14:20,0,0,1,0.25,0,96,2.5,0.25,0
2022-06-26 07:14:19,0,0,0,0,0,98.99749,1.0025063,0,0
2022-06-26 07:14:18,0,0,0,0.2493766,0,98.25436,1.2468828,0.2493766,0
2022-06-26 07:14:17,0,0,0.5,0,0,98.75,0.5,0.25,0
2022-06-26 07:14:16,0,0,0.4987531,0,0,98.00499,1.2468828,0.2493766,0
2022-06-26 07:14:15,0,0,0.5012531,0,0,96.99248,2.506266,0,0
2022-06-26 07:14:14,0,0,1.2437811,0.2487562,0,93.78109,4.477612,0.2487562,0
2022-06-26 07:14:13,0,0,1.2562814,0,0,94.22111,4.271357,0.2512563,0
2022-06-26 07:14:12,0,0,0.75,0.25,0,96.5,2.25,0.25,0
2022-06-26 07:14:11,0,0,0.25,0.25,0,97.75,1.5,0.25,0
2022-06-26 07:14:10,0,0,0.2506266,0,0,99.24812,0.5012531,0,0
2022-06-26 07:14:09,0,0,0.4975124,0,0,97.26368,1.741294,0.2487562,0
2022-06-26 07:14:08,0,0,0,0,0,98.5,1.25,0.25,0
2022-06-26 07:14:07,0,0,0.5,0.25,0,97.25,1.75,0.25,0
2022-06-26 07:14:06,0,0,0.7518797,0.5012531,0,94.98747,3.759398,0,0
2022-06-26 07:14:05,0,0,1.2437811,0.4975124,0,94.02985,3.731343,0.4975124,0
2022-06-26 07:14:04,0,0,1.754386,0.2506266,0,90.97744,6.516291,0.5012531,0
2022-06-26 07:14:03,0,0,0.7518797,0.2506266,0,90.72682,8.02005,0.2506266,0
2022-06-26 07:14:02,0,0,0.7481297,0.2493766,0,92.01995,6.733167,0.2493766,0
2022-06-26 07:14:01,0,0,0,0,0,94.76309,4.987531,0.2493766,0
2022-06-26 07:14:00,0,0,0.7537688,0.2512563,0,93.71859,4.773869,0.5025126,0
2022-06-26 07:13:59,0,0,0.25,0,0,94.5,5,0.25,0
2022-06-26 07:13:58,0,0,0.4975124,0.2487562,0,90.79602,8.208955,0.2487562,0
2022-06-26 07:13:57,0,0,0.4987531,0,0,87.78055,10.972569,0.7481297,0
2022-06-26 07:13:56,0,0,0,0,0,90.42821,7.808564,0.2518892,0
2022-06-26 07:13:55,0,0,0.2506266,0.2506266,0,93.98496,4.761905,0.5012531,0
2022-06-26 07:13:54,0,0,0,0,0,96.49123,3.508772,0,0
2022-06-26 07:13:53,0,0,0.2493766,0.2493766,0,96.00998,3.241895,0.2493766,0
2022-06-26 07:13:52,0,0,0,0,0,97,2.75,0.25,0
2022-06-26 07:13:51,0,0,0.2493766,0,0,99.00249,0.4987531,0.2493766,0
2022-06-26 07:13:50,0,0,0,0,0,98.99749,0.7518797,0.2506266,0
2022-06-26 07:13:49,0,0,0,0,0,98.25436,1.4962594,0.2493766,0
2022-06-26 07:13:48,0,0,0,0,0,99.49749,0.5025126,0,0
2022-06-26 07:13:47,0,0,0.4987531,0.2493766,0,97.75561,1.4962594,0,0
2022-06-26 07:13:46,0,0,0.7481297,0,0,97.00748,1.995012,0.2493766,0
2022-06-26 07:13:45,0,0,1.0025063,0.2506266,0,95.98997,2.506266,0.2506266,0
2022-06-26 07:13:44,0,0,0.7481297,0.2493766,0,98.00499,0.7481297,0.2493766,0
2022-06-26 07:13:43,0,0,0.5012531,0,0,97.24311,2.255639,0,0
2022-06-26 07:13:42,0,0,0.25,0,0,98.75,1,0,0
2022-06-26 07:13:41,0,0,0.2506266,0,0,97.49373,2.005013,0.2506266,0
2022-06-26 07:13:40,0,0,0.5,0,0,97.5,2,0,0
2022-06-26 07:13:39,0,0,1,0,0,95.75,2.75,0.5,0
2022-06-26 07:13:38,0,0,0.75,0.25,0,97,1.75,0.25,0
2022-06-26 07:13:37,0,0,0.7481297,0.2493766,0,96.25935,2.493766,0.2493766,0
2022-06-26 07:13:36,0,0,0.75,0,0,97.5,1.75,0,0
2022-06-26 07:13:35,0,0,0.25,0,0,98.25,1.5,0,0
2022-06-26 07:13:34,0,0,0.75,0,0,97,2,0.25,0
2022-06-26 07:13:33,0,0,0.5012531,0.2506266,0,98.24561,1.0025063,0,0
2022-06-26 07:13:32,0,0,0.9950249,0,0,96.76617,1.741294,0.4975124,0
2022-06-26 07:13:31,0,0,0.5025126,0,0,98.49246,1.0050251,0,0
2022-06-26 07:13:30,0,0,0.9950249,0.2487562,0,95.27363,2.985075,0.4975124,0
2022-06-26 07:13:29,0,0,0.7518797,0,0,96.74185,2.506266,0,0
2022-06-26 07:13:28,0,0,0.5012531,0,0,98.49624,1.0025063,0,0
2022-06-26 07:13:27,0,0,0.25,0,0,97.75,1.75,0.25,0
2022-06-26 07:13:26,0,0,0.5,0,0,98.25,1,0.25,0
2022-06-26 07:13:25,0,0,0.7462687,0.2487562,0,97.01493,1.741294,0.2487562,0
2022-06-26 07:13:24,0,0,1.2562814,0,0,96.73367,2.01005,0,0
2022-06-26 07:13:23,0,0,0.9975062,0.2493766,0,95.7606,2.743142,0.2493766,0
2022-06-26 07:13:22,0,0,0.4975124,0,0,98.25871,0.9950249,0,0
2022-06-26 07:13:21,0,0,0.7537688,0.5025126,0,95.9799,2.261307,0.5025126,0
2022-06-26 07:13:20,0,0,0.25,0,0,98.75,1,0,0
2022-06-26 07:13:19,0,0,0.25,0,0,98.5,1.25,0,0
2022-06-26 07:13:18,0,0,0.5012531,0.2506266,0,94.98747,4.010025,0.2506266,0
2022-06-26 07:13:17,0,0,0.9950249,0,0,94.02985,4.477612,0.4975124,0
2022-06-26 07:13:16,0,0,1.0025063,0,0,94.48622,4.260652,0.2506266,0
2022-06-26 07:13:15,0,0,0.75,0.25,0,97.25,1.75,0,0
2022-06-26 07:13:14,0,0,0.7462687,0,0,97.01493,1.741294,0.4975124,0
2022-06-26 07:13:13,0,0,0.5025126,0.2512563,0,97.98995,1.2562814,0,0
2022-06-26 07:13:12,0,0,0.2487562,0.2487562,0,98.00995,1.2437811,0.2487562,0
2022-06-26 07:13:11,0,0,0,0,0,98.99497,0.7537688,0.2512563,0
2022-06-26 07:13:10,0,0,0.2506266,0,0,97.99499,1.754386,0,0
2022-06-26 07:13:09,0,0,0.9975062,0.2493766,0,94.51372,3.990025,0.2493766,0
2022-06-26 07:13:08,0,0,1.25,0.25,0,93.25,5,0.25,0
2022-06-26 07:13:07,0,0,1.745636,0.4987531,0,89.52618,7.98005,0.2493766,0
2022-06-26 07:13:06,0,0,1.25,0,0,92.75,5.75,0.25,0
2022-06-26 07:13:05,0,0,0.7518797,0,0,91.72932,7.26817,0.2506266,0
2022-06-26 07:13:04,0,0,0.7481297,0.2493766,0,92.5187,6.234414,0.2493766,0
2022-06-26 07:13:03,0,0,0.2512563,0.2512563,0,93.96985,5.276382,0.2512563,0
2022-06-26 07:13:02,0,0,0.4975124,0.2487562,0,91.04478,7.711443,0.4975124,0
2022-06-26 07:13:01,0,0,0,0,0,94.97487,5.025126,0,0
2022-06-26 07:13:00,0,0,0,0.2487562,0,90.54726,8.457711,0.4975124,0
2022-06-26 07:12:59,0,0,0.2506266,0,0,92.23058,6.766917,0.2506266,0
2022-06-26 07:12:58,0,0,0,0,0,92.23058,7.518797,0.2506266,0
2022-06-26 07:12:57,0,0,0,0,0,94.72362,5.276382,0,0
2022-06-26 07:12:56,0,0,0.248139,0,0,95.03722,4.218362,0.4962779,0
2022-06-26 07:12:55,0,0,0,0,0,98.74372,1.0050251,0.2512563,0
2022-06-26 07:12:54,0,0,0,0,0,99.49875,0.5012531,0,0
2022-06-26 07:12:53,0,0,0.2493766,0,0,98.00499,1.2468828,0.4987531,0
2022-06-26 07:12:52,0,0,0,0,0,99.5,0.5,0,0
2022-06-26 07:12:51,0,0,0,0.2493766,0,98.25436,0.7481297,0.7481297,0
2022-06-26 07:12:50,0,0,0,0,0,98.99497,1.0050251,0,0
2022-06-26 07:12:49,0,0,0.5,0,0,97.75,1.5,0.25,0
2022-06-26 07:12:48,0,0,0.7462687,0.2487562,0,97.51244,1.2437811,0.2487562,0
2022-06-26 07:12:47,0,0,0.75,0.25,0,97.25,1.5,0.25,0
2022-06-26 07:12:46,0,0,0.7518797,0.2506266,0,96.74185,2.005013,0.2506266,0
2022-06-26 07:12:45,0,0,0.75,0,0,96.75,2.25,0.25,0
2022-06-26 07:12:44,0,0,0.25,0,0,98.5,0.75,0.5,0
2022-06-26 07:12:43,0,0,0.25,0.25,0,97.5,1.75,0.25,0
2022-06-26 07:12:42,0,0,0.5,0,0,98.25,1,0.25,0
2022-06-26 07:12:41,0,0,0.75,0,0,97,2.25,0,0
2022-06-26 07:12:40,0,0,0.9950249,0.2487562,0,95.77114,2.487562,0.4975124,0
2022-06-26 07:12:39,0,0,0.5025126,0,0,98.24121,1.2562814,0,0
2022-06-26 07:12:38,0,0,1,0.25,0,96.75,2,0,0
2022-06-26 07:12:37,0,0,0.25,0,0,97.75,1.75,0.25,0
2022-06-26 07:12:36,0,0,0.25,0.25,0,98.25,1,0.25,0
2022-06-26 07:12:35,0,0,0.5,0,0,97.75,1.5,0.25,0
2022-06-26 07:12:34,0,0,0.9975062,0.2493766,0,96.00998,2.743142,0,0
2022-06-26 07:12:33,0,0,1.2531328,0.2506266,0,96.49123,1.754386,0.2506266,0
2022-06-26 07:12:32,0,0,0.7518797,0,0,96.49123,2.506266,0.2506266,0
2022-06-26 07:12:31,0,0,0.2493766,0.2493766,0,98.00499,1.2468828,0.2493766,0
2022-06-26 07:12:30,0,0,0.75,0,0,97.5,1.5,0.25,0
2022-06-26 07:12:29,0,0,0.5,0,0,98.25,1.25,0,0
2022-06-26 07:12:28,0,0,0.5012531,0.2506266,0,97.49373,1.5037594,0.2506266,0
2022-06-26 07:12:27,0,0,0.4975124,0,0,98.00995,1.2437811,0.2487562,0
2022-06-26 07:12:26,0,0,1.0050251,0.2512563,0,96.23116,2.261307,0.2512563,0
2022-06-26 07:12:25,0,0,0.75,0,0,97.25,1.75,0.25,0
2022-06-26 07:12:24,0,0,1.2468828,0,0,97.00748,1.4962594,0.2493766,0
2022-06-26 07:12:23,0,0,0.5,0.25,0,97.25,2,0,0
2022-06-26 07:12:22,0,0,0.2506266,0,0,97.74436,1.754386,0.2506266,0
2022-06-26 07:12:21,0,0,0.4987531,0.2493766,0,96.00998,2.743142,0.4987531,0
2022-06-26 07:12:20,0,0,0.5,0,0,98.5,1,0,0
2022-06-26 07:12:19,0,0,0.9975062,0,0,94.26434,4.239401,0.4987531,0
2022-06-26 07:12:18,0,0,1.25,0.25,0,95.25,3.25,0,0
2022-06-26 07:12:17,0,0,0.5012531,0.2506266,0,96.74185,2.255639,0.2506266,0
2022-06-26 07:12:16,0,0,0.2506266,0,0,98.24561,1.5037594,0,0
2022-06-26 07:12:15,0,0,0.5,0.5,0,96.5,2.25,0.25,0
2022-06-26 07:12:14,0,0,0.2493766,0,0,97.25686,2.244389,0.2493766,0
2022-06-26 07:12:13,0,0,0.5,0.5,0,97,2,0,0
2022-06-26 07:12:12,0,0,0.5,0,0,96.5,2.75,0.25,0
2022-06-26 07:12:11,0,0,0.75,0.25,0,95.25,3.75,0,0
2022-06-26 07:12:10,0,0,0.7462687,0.4975124,0,92.53731,5.721393,0.4975124,0
2022-06-26 07:12:09,0,0,1.5075377,0.5025126,0,91.70854,6.030151,0.2512563,0
2022-06-26 07:12:08,0,0,1.2468828,0.2493766,0,92.26933,5.985037,0.2493766,0
2022-06-26 07:12:07,0,0,0.5025126,0,0,92.96482,6.281407,0.2512563,0
2022-06-26 07:12:06,0,0,0.75,0,0,93,5.75,0.5,0
2022-06-26 07:12:05,0,0,0.7481297,0,0,89.77556,8.977556,0.4987531,0
2022-06-26 07:12:04,0,0,0.5,0.25,0,91.25,8,0,0
2022-06-26 07:12:03,0,0,0,0,0,92.98246,7.017544,0,0
2022-06-26 07:12:02,0,0,0.25,0,0,92.5,7.25,0,0
2022-06-26 07:12:01,0,0,0,0,0,93.79653,5.707196,0.248139,0
2022-06-26 07:12:00,0,0,0.2506266,0.2506266,0,93.23308,6.015038,0.2506266,0
2022-06-26 07:11:59,0,0,0,0,0,93.73434,5.764411,0.5012531,0
2022-06-26 07:11:58,0,0,0,0,0,98,1.75,0.25,0
2022-06-26 07:11:57,0,0,0.25,0,0,98.25,1.5,0,0
2022-06-26 07:11:56,0,0,0,0,0,98.49246,1.5075377,0,0
2022-06-26 07:11:55,0,0,0,0.2487562,0,98.25871,1.2437811,0.2487562,0
2022-06-26 07:11:54,0,0,0.2493766,0,0,98.50374,0.7481297,0.4987531,0
2022-06-26 07:11:53,0,0,0.5012531,0,0,97.74436,1.5037594,0.2506266,0
2022-06-26 07:11:52,0,0,0.25,0,0,97.75,1.25,0.75,0
2022-06-26 07:11:51,0,0,0.25,0.25,0,98.75,0.75,0,0
2022-06-26 07:11:50,0,0,1,0.5,0,95.25,3.25,0,0
2022-06-26 07:11:49,0,0,1,0,0,96.75,1.75,0.5,0
2022-06-26 07:11:48,0,0,0.5,0.25,0,97.5,1.5,0.25,0
2022-06-26 07:11:47,0,0,0.5,0.25,0,97.25,2,0,0
2022-06-26 07:11:46,0,0,0.4975124,0,0,97.51244,1.741294,0.2487562,0
2022-06-26 07:11:45,0,0,0.5025126,0,0,98.24121,1.2562814,0,0
2022-06-26 07:11:44,0,0,0.2506266,0,0,98.24561,1.5037594,0,0
2022-06-26 07:11:43,0,0,0.9975062,0,0,96.7581,1.995012,0.2493766,0
2022-06-26 07:11:42,0,0,0.9975062,0,0,96.50873,2.244389,0.2493766,0
2022-06-26 07:11:41,0,0,0.5025126,0.2512563,0,97.23618,1.758794,0.2512563,0
2022-06-26 07:11:40,0,0,0.25,0,0,98.75,0.75,0.25,0
2022-06-26 07:11:39,0,0,0.4987531,0,0,98.00499,1.2468828,0.2493766,0
2022-06-26 07:11:38,0,0,0.4987531,0,0,98.00499,1.2468828,0.2493766,0
2022-06-26 07:11:37,0,0,1,0.25,0,96.25,2,0.5,0
2022-06-26 07:11:36,0,0,1,0,0,97.25,1.75,0,0
2022-06-26 07:11:35,0,0,1.0050251,0.2512563,0,95.47739,3.266332,0,0
2022-06-26 07:11:34,0,0,0.7481297,0,0,95.26185,3.740648,0.2493766,0
2022-06-26 07:11:33,0,0,0,0,0,99.00249,0.7481297,0.2493766,0
2022-06-26 07:11:32,0,0,0.5,0.25,0,97.25,1.5,0.5,0
2022-06-26 07:11:31,0,0,0.5,0,0,97.25,2.25,0,0
2022-06-26 07:11:30,0,0,0.5025126,0,0,97.98995,1.5075377,0,0
2022-06-26 07:11:29,0,0,0.9975062,0.2493766,0,95.01247,3.241895,0.4987531,0
2022-06-26 07:11:28,0,0,1.0025063,0,0,95.73935,2.756892,0.5012531,0
2022-06-26 07:11:27,0,0,0.5,0,0,96.75,2.5,0.25,0
2022-06-26 07:11:26,0,0,0.25,0,0,99,0.75,0,0
2022-06-26 07:11:25,0,0,0,0,0,99.25,0.5,0.25,0
2022-06-26 07:11:24,0,0,1,0.25,0,97,1.5,0.25,0
2022-06-26 07:11:23,0,0,0.9975062,0.4987531,0,95.26185,2.743142,0.4987531,0
2022-06-26 07:11:22,0,0,0.9950249,0.2487562,0,95.27363,2.985075,0.4975124,0
2022-06-26 07:11:21,0,0,1.511335,0,0,94.71033,3.526448,0.2518892,0
2022-06-26 07:11:20,0,0,0.7481297,0,0,97.00748,1.995012,0.2493766,0
2022-06-26 07:11:19,0,0,0.5,0,0,97.75,1.75,0,0
2022-06-26 07:11:18,0,0,0,0,0,99,0.75,0.25,0
2022-06-26 07:11:17,0,0,0,0,0,99,0.75,0.25,0
2022-06-26 07:11:16,0,0,0,0.2506266,0,98.74687,1.0025063,0,0
2022-06-26 07:11:15,0,0,0.4962779,0,0,95.28536,3.970223,0.248139,0
2022-06-26 07:11:14,0,0,1.2531328,0,0,94.98747,3.508772,0.2506266,0
2022-06-26 07:11:13,0,0,1.5075377,0.5025126,0,91.9598,5.778894,0.2512563,0
2022-06-26 07:11:12,0,0,1.99005,0.4975124,0,88.0597,9.20398,0.2487562,0
2022-06-26 07:11:11,0,0,1.0050251,0,0,90.95477,8.040201,0,0
2022-06-26 07:11:10,0,0,0.7444169,0.4962779,0,92.30769,5.955335,0.4962779,0
2022-06-26 07:11:09,0,0,0.2506266,0,0,92.4812,7.017544,0.2506266,0
2022-06-26 07:11:08,0,0,0.2506266,0.2506266,0,94.48622,4.761905,0.2506266,0
2022-06-26 07:11:07,0,0,0,0,0,93.23308,6.766917,0,0
2022-06-26 07:11:06,0,0,0,0,0,92.53731,6.965174,0.2487562,0
2022-06-26 07:11:05,0,0,0.2512563,0,0,89.69849,9.547739,0.2512563,0
2022-06-26 07:11:04,0,0,0,0.4987531,0,90.02494,8.229426,0.4987531,0
2022-06-26 07:11:03,0,0,0.2506266,0,0,90.47619,7.017544,0,0
2022-06-26 07:11:02,0,0,0,0.25,0,97.75,1.75,0.25,0
2022-06-26 07:11:01,0,0,0.25,0,0,98.5,1,0.25,0
2022-06-26 07:11:00,0,0,0.25,0,0,98.75,1,0,0
2022-06-26 07:10:59,0,0,0,0,0,98.24561,1.754386,0,0
2022-06-26 07:10:58,0,0,0.2493766,0,0,99.25187,0.4987531,0,0
2022-06-26 07:10:57,0,0,0,0,0,98.99749,0.7518797,0.2506266,0
2022-06-26 07:10:56,0,0,0.2487562,0.2487562,0,97.51244,1.741294,0.2487562,0
2022-06-26 07:10:55,0,0,0.2512563,0.2512563,0,97.98995,1.0050251,0.5025126,0
2022-06-26 07:10:54,0,0,0.7462687,0,0,97.01493,1.99005,0.2487562,0
2022-06-26 07:10:53,0,0,1.2562814,0,0,95.47739,3.266332,0,0
2022-06-26 07:10:52,0,0,1,0,0,96.25,2.25,0.5,0
2022-06-26 07:10:51,0,0,0.5,0,0,97.75,1.75,0,0
2022-06-26 07:10:50,0,0,0.5,0,0,98.5,1,0,0
2022-06-26 07:10:49,0,0,0,0,0,99.00249,0.7481297,0.2493766,0
2022-06-26 07:10:48,0,0,0.2506266,0,0,97.99499,1.2531328,0.5012531,0
2022-06-26 07:10:47,0,0,0.9950249,0.2487562,0,95.77114,2.736318,0.2487562,0
2022-06-26 07:10:46,0,0,1.5037594,0,0,95.48872,3.007519,0,0
2022-06-26 07:10:45,0,0,0.7518797,0,0,97.74436,1.5037594,0,0
2022-06-26 07:10:44,0,0,0.4987531,0,0,97.50623,1.745636,0.2493766,0
2022-06-26 07:10:43,0,0,0.2506266,0.2506266,0,97.74436,1.5037594,0.2506266,0
2022-06-26 07:10:42,0,0,0,0,0,99,1,0,0
2022-06-26 07:10:41,0,0,0.4987531,0,0,97.75561,1.2468828,0.4987531,0
2022-06-26 07:10:40,0,0,1.25,0,0,96.25,2.5,0,0
2022-06-26 07:10:39,0,0,1.25,0.5,0,95.75,2.25,0.25,0
2022-06-26 07:10:38,0,0,0.7481297,0,0,96.50873,2.743142,0,0
2022-06-26 07:10:37,0,0,0.5025126,0,0,98.74372,0.5025126,0.2512563,0
2022-06-26 07:10:36,0,0,0.2493766,0,0,98.50374,0.9975062,0.2493766,0
2022-06-26 07:10:35,0,0,0,0,0,99.25,0.5,0.25,0
2022-06-26 07:10:34,0,0,0.5012531,0,0,97.49373,1.754386,0.2506266,0
2022-06-26 07:10:33,0,0,0.9975062,0.2493766,0,95.7606,2.743142,0.2493766,0
2022-06-26 07:10:32,0,0,0.7518797,0,0,96.49123,2.506266,0.2506266,0
2022-06-26 07:10:31,0,0,1,0.25,0,96.25,2.5,0,0
2022-06-26 07:10:30,0,0,0.7462687,0,0,97.76119,1.2437811,0.2487562,0
2022-06-26 07:10:29,0,0,0.2506266,0,0,97.99499,1.0025063,0.7518797,0
2022-06-26 07:10:28,0,0,0,0.25,0,98.25,1.5,0,0
2022-06-26 07:10:27,0,0,0.25,0,0,98,1.5,0.25,0
2022-06-26 07:10:26,0,0,0.7518797,0,0,95.73935,3.258145,0.2506266,0
2022-06-26 07:10:25,0,0,0.9975062,0.4987531,0,95.01247,3.241895,0.2493766,0
2022-06-26 07:10:24,0,0,2,0,0,94,4,0,0
2022-06-26 07:10:23,0,0,1.2437811,0,0,95.52239,2.487562,0.7462687,0
2022-06-26 07:10:22,0,0,0.5012531,0,0,96.74185,2.506266,0.2506266,0
2022-06-26 07:10:21,0,0,0.2506266,0.2506266,0,97.99499,1.5037594,0,0
2022-06-26 07:10:20,0,0,0,0,0,99.25,0.5,0.25,0
2022-06-26 07:10:19,0,0,0,0,0,97.50623,2.244389,0.2493766,0
2022-06-26 07:10:18,0,0,0.4987531,0.2493766,0,96.7581,2.244389,0.2493766,0
2022-06-26 07:10:17,0,0,0.7537688,0.2512563,0,96.48241,2.261307,0.2512563,0
2022-06-26 07:10:16,0,0,1,0,0,95.5,3.5,0,0
2022-06-26 07:10:15,0,0,1.741294,0,0,90.04975,7.960199,0.2487562,0
2022-06-26 07:10:14,0,0,1.5075377,0.2512563,0,90.45226,7.537688,0.2512563,0
2022-06-26 07:10:13,0,0,0.9975062,0.2493766,0,91.77057,6.483791,0.4987531,0
2022-06-26 07:10:12,0,0,0.25,0.25,0,91,8,0.25,0
2022-06-26 07:10:11,0,0,0.2506266,0,0,91.97995,7.518797,0.2506266,0
2022-06-26 07:10:10,0,0,0.2506266,0,0,95.48872,4.260652,0,0
2022-06-26 07:10:09,0,0,0,0.2506266,0,91.22807,8.02005,0.5012531,0
2022-06-26 07:10:08,0,0,0.248139,0.248139,0,91.81141,6.451613,0.4962779,0
2022-06-26 07:10:07,0,0,0,0,0,89.87342,9.620253,0.2531646,0
2022-06-26 07:10:06,0,0,0.2493766,0,0,90.77307,7.730673,0.2493766,0
2022-06-26 07:10:05,0,0,0,0,0,96.47355,3.02267,0.2518892,0
2022-06-26 07:10:04,0,0,0.2493766,0,0,98.50374,1.2468828,0,0
2022-06-26 07:10:03,0,0,0,0.25,0,98.25,1.5,0,0
2022-06-26 07:10:02,0,0,0,0,0,99.24812,0.5012531,0.2506266,0
2022-06-26 07:10:01,0,0,0,0.2493766,0,98.50374,0.9975062,0.2493766,0
2022-06-26 07:10:00,0,0,0.25,0,0,98.5,1,0.25,0
2022-06-26 07:09:59,0,0,0,0,0,99.24812,0.5012531,0.2506266,0
2022-06-26 07:09:58,0,0,0,0,0,99.24812,0.7518797,0,0
2022-06-26 07:09:57,0,0,0.7462687,0,0,97.01493,1.99005,0.2487562,0
2022-06-26 07:09:56,0,0,1,0.25,0,96,2.5,0.25,0
2022-06-26 07:09:55,0,0,1,0.25,0,95.75,2.75,0.25,0
2022-06-26 07:09:54,0,0,0.9975062,0,0,96.50873,2.244389,0.2493766,0
2022-06-26 07:09:53,0,0,0.2512563,0.2512563,0,97.98995,1.2562814,0.2512563,0
2022-06-26 07:09:52,0,0,0.2493766,0,0,99.00249,0.7481297,0,0
2022-06-26 07:09:51,0,0,0,0,0,98.99749,0.7518797,0.2506266,0
2022-06-26 07:09:50,0,0,1,0,0,96,2.75,0.25,0
2022-06-26 07:09:49,0,0,1,0.25,0,95.75,3,0,0
2022-06-26 07:09:48,0,0,1.2468828,0.2493766,0,95.01247,2.992519,0.4987531,0
2022-06-26 07:09:47,0,0,1,0.25,0,96,2.5,0.25,0
2022-06-26 07:09:46,0,0,0.25,0,0,98.75,0.5,0.5,0
2022-06-26 07:09:45,0,0,0,0,0,99.5,0.5,0,0
2022-06-26 07:09:44,0,0,0.2506266,0,0,97.99499,1.754386,0,0
2022-06-26 07:09:43,0,0,0.7462687,0.2487562,0,97.26368,1.4925373,0.2487562,0
2022-06-26 07:09:42,0,0,1.0050251,0.2512563,0,96.98492,1.758794,0,0
2022-06-26 07:09:41,0,0,1.25,0.25,0,96.25,2,0.25,0
2022-06-26 07:09:40,0,0,0.75,0.25,0,96.75,2,0.25,0
2022-06-26 07:09:39,0,0,0.5,0,0,98,1.25,0.25,0
2022-06-26 07:09:38,0,0,0,0,0,99.00249,0.9975062,0,0
2022-06-26 07:09:37,0,0,0.2512563,0,0,98.24121,1.0050251,0.5025126,0
2022-06-26 07:09:36,0,0,0.9975062,0,0,96.50873,2.244389,0.2493766,0
2022-06-26 07:09:35,0,0,1,0.25,0,95,3.5,0.25,0
2022-06-26 07:09:34,0,0,0.7518797,0.2506266,0,96.2406,2.506266,0.2506266,0
2022-06-26 07:09:33,0,0,0.7462687,0.2487562,0,97.76119,1.2437811,0,0
2022-06-26 07:09:32,0,0,0.5012531,0,0,97.24311,2.005013,0.2506266,0
2022-06-26 07:09:31,0,0,0,0.2493766,0,98.00499,1.4962594,0.2493766,0
2022-06-26 07:09:30,0,0,0.25,0,0,99.25,0.5,0,0
2022-06-26 07:09:29,0,0,0.2506266,0,0,97.99499,1.754386,0,0
2022-06-26 07:09:28,0,0,1.2468828,0.2493766,0,96.00998,2.244389,0.2493766,0
2022-06-26 07:09:27,0,0,0.9975062,0,0,96.7581,1.995012,0.2493766,0
2022-06-26 07:09:26,0,0,0.7518797,0,0,96.99248,1.754386,0.5012531,0
2022-06-26 07:09:25,0,0,0.9975062,0,0,95.26185,3.491272,0.2493766,0
2022-06-26 07:09:24,0,0,0.7518797,0.2506266,0,97.99499,1.0025063,0,0
2022-06-26 07:09:23,0,0,0,0,0,98.74687,0.7518797,0.5012531,0
2022-06-26 07:09:22,0,0,0,0,0,98.99749,1.0025063,0,0
2022-06-26 07:09:21,0,0,0.4987531,0,0,97.25686,1.995012,0.2493766,0
2022-06-26 07:09:20,0,0,0.75,0.25,0,95.5,3.5,0,0
2022-06-26 07:09:19,0,0,1.25,0,0,94.25,4.25,0.25,0
2022-06-26 07:09:18,0,0,1.2468828,0.4987531,0,91.77057,6.234414,0,0
2022-06-26 07:09:17,0,0,1.5,0.75,0,91,6.25,0.5,0
2022-06-26 07:09:16,0,0,1,0.25,0,92.5,6,0.25,0
2022-06-26 07:09:15,0,0,1.0025063,0,0,90.72682,8.02005,0.2506266,0
2022-06-26 07:09:14,0,0,0.2493766,0,0,93.26683,5.985037,0.4987531,0
2022-06-26 07:09:13,0,0,0,0.2512563,0,93.46734,5.778894,0.5025126,0
2022-06-26 07:09:12,0,0,0.2493766,0,0,93.26683,5.985037,0.4987531,0
2022-06-26 07:09:11,0,0,0,0.2493766,0,91.27182,8.478803,0,0
2022-06-26 07:09:10,0,0,0.25,0,0,90.5,8.75,0.25,0
2022-06-26 07:09:09,0,0,0,0,0,91.41414,7.828283,0,0
2022-06-26 07:09:08,0,0,0,0.2493766,0,95.01247,3.990025,0.2493766,0
2022-06-26 07:09:07,0,0,0.2506266,0,0,97.99499,1.754386,0,0
2022-06-26 07:09:06,0,0,0,0.25,0,98.75,0.75,0.25,0
2022-06-26 07:09:05,0,0,0,0,0,98.5,1,0.5,0
2022-06-26 07:09:04,0,0,0,0,0,99.25,0.75,0,0
2022-06-26 07:09:03,0,0,0.2493766,0.2493766,0,97.75561,1.2468828,0.4987531,0
2022-06-26 07:09:02,0,0,0,0,0,98.99749,1.0025063,0,0
2022-06-26 07:09:01,0,0,0.2487562,0,0,98.50746,0.9950249,0.2487562,0
2022-06-26 07:09:00,0,0,0.7518797,0,0,96.74185,2.255639,0.2506266,0
2022-06-26 07:08:59,0,0,0.5012531,0.2506266,0,97.49373,1.5037594,0.2506266,0
2022-06-26 07:08:58,0,0,0.9975062,0,0,96.00998,2.743142,0.2493766,0
2022-06-26 07:08:57,0,0,0.7518797,0,0,96.2406,3.007519,0,0
2022-06-26 07:08:56,0,0,0.7481297,0,0,97.25686,1.745636,0.2493766,0
2022-06-26 07:08:55,0,0,0,0,0,99.74937,0.2506266,0,0
2022-06-26 07:08:54,0,0,0.4987531,0.2493766,0,96.7581,2.244389,0.2493766,0
2022-06-26 07:08:53,0,0,0.5012531,0,0,98.24561,1.0025063,0.2506266,0
2022-06-26 07:08:52,0,0,0.75,0.5,0,96.25,2.25,0.25,0
2022-06-26 07:08:51,0,0,1,0.25,0,95.5,3,0.25,0
2022-06-26 07:08:50,0,0,0.7518797,0.2506266,0,95.98997,3.007519,0,0
2022-06-26 07:08:49,0,0,0.4987531,0,0,98.00499,0.9975062,0.4987531,0
2022-06-26 07:08:48,0,0,0.25,0.25,0,98.25,1.25,0,0
2022-06-26 07:08:47,0,0,0.2506266,0,0,98.74687,0.7518797,0.2506266,0
2022-06-26 07:08:46,0,0,0.7481297,0.2493766,0,97.75561,1.2468828,0,0
2022-06-26 07:08:45,0,0,0.9975062,0,0,96.00998,2.743142,0.2493766,0
2022-06-26 07:08:44,0,0,1.2468828,0.2493766,0,96.25935,1.995012,0.2493766,0
2022-06-26 07:08:43,0,0,0.5012531,0,0,97.49373,1.754386,0.2506266,0
2022-06-26 07:08:42,0,0,0.7481297,0,0,97.00748,1.4962594,0.7481297,0
2022-06-26 07:08:41,0,0,0.2506266,0.2506266,0,98.49624,1.0025063,0,0
2022-06-26 07:08:40,0,0,0.2506266,0,0,98.74687,0.5012531,0.5012531,0
2022-06-26 07:08:39,0,0,0.75,0.25,0,98,1,0,0
2022-06-26 07:08:38,0,0,0.75,0.25,0,96.5,2.5,0,0
2022-06-26 07:08:37,0,0,1.745636,0.7481297,0,93.51621,3.740648,0.2493766,0
2022-06-26 07:08:36,0,0,0.2506266,0,0,98.49624,1.0025063,0,0
2022-06-26 07:08:35,0,0,0.4975124,0,0,96.76617,2.487562,0.2487562,0
2022-06-26 07:08:34,0,0,0.5012531,0.2506266,0,97.74436,1.5037594,0,0
2022-06-26 07:08:33,0,0,0,0,0,99,1,0,0
2022-06-26 07:08:32,0,0,0.2506266,0,0,96.74185,2.756892,0.2506266,0
2022-06-26 07:08:31,0,0,0.75,0.25,0,95.75,2.75,0.5,0
2022-06-26 07:08:30,0,0,1.4925373,0.7462687,0,93.03483,4.726368,0,0
2022-06-26 07:08:29,0,0,1.0025063,0,0,95.98997,3.007519,0,0
2022-06-26 07:08:28,0,0,0.25,0,0,98.25,1.25,0.25,0
2022-06-26 07:08:27,0,0,0.5,0.25,0,97.5,1.5,0.25,0
2022-06-26 07:08:26,0,0,0.5,0,0,97.75,1.5,0.25,0
2022-06-26 07:08:25,0,0,0,0,0,99.25,0.5,0.25,0
2022-06-26 07:08:24,0,0,0.5,0.25,0,98.25,1,0,0
2022-06-26 07:08:23,0,0,0.75,0.25,0,95,3.75,0.25,0
2022-06-26 07:08:22,0,0,1.5,0.25,0,94.5,3.5,0.25,0
2022-06-26 07:08:21,0,0,1.5,0,0,92,6.25,0.25,0
2022-06-26 07:08:20,0,0,0.7518797,0,0,91.4787,7.769424,0,0
2022-06-26 07:08:19,0,0,0.7518797,0.2506266,0,92.98246,5.764411,0.2506266,0
2022-06-26 07:08:18,0,0,0.7462687,0,0,95.52239,3.482587,0.2487562,0
2022-06-26 07:08:17,0,0,0.5012531,0,0,90.22556,9.273183,0,0
2022-06-26 07:08:16,0,0,0.25,0,0,92.75,6.75,0.25,0
2022-06-26 07:08:15,0,0,0.2493766,0,0,94.26434,4.738155,0.7481297,0
2022-06-26 07:08:14,0,0,0,0,0,90.72682,8.521303,0.2506266,0
2022-06-26 07:08:13,0,0,0,0.5012531,0,87.21805,9.273183,0,0
2022-06-26 07:08:12,0,0,0.25,0,0,94.5,5,0.25,0
2022-06-26 07:08:11,0,0,0,0,0,96.49123,3.508772,0,0
2022-06-26 07:08:10,0,0,0.2493766,0,0,96.7581,2.493766,0.2493766,0
2022-06-26 07:08:09,0,0,0,0,0,99,1,0,0
2022-06-26 07:08:08,0,0,0,0,0,99.24812,0.7518797,0,0
2022-06-26 07:08:07,0,0,0,0,0,98.25436,1.2468828,0.4987531,0
2022-06-26 07:08:06,0,0,0,0,0,99.25,0.75,0,0
2022-06-26 07:08:05,0,0,0.25,0,0,99.25,0.5,0,0
2022-06-26 07:08:04,0,0,0,0,0,99,1,0,0
2022-06-26 07:08:03,0,0,0.25,0.25,0,98,1.5,0,0
2022-06-26 07:08:02,0,0,1.2531328,0.2506266,0,95.48872,3.007519,0,0
2022-06-26 07:08:01,0,0,0.7481297,0,0,96.50873,2.493766,0.2493766,0
2022-06-26 07:08:00,0,0,0.75,0,0,97.25,1.75,0.25,0
2022-06-26 07:07:59,0,0,0.4987531,0,0,97.75561,1.4962594,0.2493766,0
2022-06-26 07:07:58,0,0,0.5025126,0,0,97.73869,1.758794,0,0
2022-06-26 07:07:57,0,0,0,0,0,99.25,0.75,0,0
2022-06-26 07:07:56,0,0,0.4987531,0.2493766,0,97.75561,0.9975062,0.4987531,0
2022-06-26 07:07:55,0,0,1.2468828,0.2493766,0,96.00998,2.244389,0.2493766,0
2022-06-26 07:07:54,0,0,1.2531328,0,0,96.2406,2.506266,0,0
2022-06-26 07:07:53,0,0,0.5,0,0,97,2.25,0.25,0
2022-06-26 07:07:52,0,0,0.4975124,0.2487562,0,98.50746,0.7462687,0,0
2022-06-26 07:07:51,0,0,0.5025126,0,0,97.48744,1.758794,0.2512563,0
2022-06-26 07:07:50,0,0,0,0,0,99,0.5,0.5,0
2022-06-26 07:07:49,0,0,0.4987531,0,0,97.75561,1.4962594,0.2493766,0
2022-06-26 07:07:48,0,0,1.0050251,0.2512563,0,95.47739,3.266332,0,0
2022-06-26 07:07:47,0,0,1.4925373,0.2487562,0,95.52239,2.238806,0.4975124,0
2022-06-26 07:07:46,0,0,0.5025126,0,0,98.24121,1.2562814,0,0
2022-06-26 07:07:45,0,0,0.5,0,0,97,2.25,0.25,0
2022-06-26 07:07:44,0,0,0.2487562,0,0,97.76119,1.741294,0.2487562,0
2022-06-26 07:07:43,0,0,0,0,0,99.24623,0.7537688,0,0
2022-06-26 07:07:42,0,0,0.2493766,0.2493766,0,97.75561,1.745636,0,0
2022-06-26 07:07:41,0,0,1.25,0.25,0,94.75,3.5,0.25,0
2022-06-26 07:07:40,0,0,1.2531328,0.2506266,0,93.98496,4.260652,0.2506266,0
2022-06-26 07:07:39,0,0,0.9950249,0,0,95.02488,3.731343,0.2487562,0
2022-06-26 07:07:38,0,0,0.7537688,0.2512563,0,96.23116,2.512563,0.2512563,0
2022-06-26 07:07:37,0,0,0,0,0,99,1,0,0
2022-06-26 07:07:36,0,0,0.25,0,0,98.25,1.25,0.25,0
2022-06-26 07:07:35,0,0,0.25,0.25,0,97.75,1.75,0,0
2022-06-26 07:07:34,0,0,0.9925558,0.248139,0,95.03722,2.977667,0.7444169,0
2022-06-26 07:07:33,0,0,1.0050251,0.2512563,0,93.71859,4.773869,0.2512563,0
2022-06-26 07:07:32,0,0,1,0.25,0,95.25,3.5,0,0
2022-06-26 07:07:31,0,0,1.0025063,0.5012531,0,95.98997,2.506266,0,0
2022-06-26 07:07:30,0,0,0.7481297,0.2493766,0,95.7606,2.992519,0.2493766,0
2022-06-26 07:07:29,0,0,0,0,0,98.5,1,0.5,0
2022-06-26 07:07:28,0,0,0,0,0,99.25,0.75,0,0
2022-06-26 07:07:27,0,0,0.25,0,0,98.25,1.25,0.25,0
2022-06-26 07:07:26,0,0,0.7518797,0.2506266,0,95.98997,3.007519,0,0
2022-06-26 07:07:25,0,0,0.7462687,0.2487562,0,95.27363,3.482587,0.2487562,0
2022-06-26 07:07:24,0,0,1.758794,0.5025126,0,93.46734,4.271357,0,0
2022-06-26 07:07:23,0,0,1.2468828,0.4987531,0,88.77805,9.226933,0.2493766,0
2022-06-26 07:07:22,0,0,1.2468828,0,0,93.01746,5.486284,0.2493766,0
2022-06-26 07:07:21,0,0,0.7518797,0.2506266,0,91.22807,7.769424,0,0
2022-06-26 07:07:20,0,0,0.4975124,0,0,91.04478,7.960199,0.4975124,0
2022-06-26 07:07:19,0,0,0.5012531,0,0,92.98246,6.265664,0.2506266,0
2022-06-26 07:07:18,0,0,0,0.2493766,0,92.01995,7.23192,0.2493766,0
2022-06-26 07:07:17,0,0,0,0,0,92.5187,7.23192,0.2493766,0
2022-06-26 07:07:16,0,0,0.2518892,0,0,89.16877,9.571788,0.5037783,0
2022-06-26 07:07:15,0,0,0,0,0,92.19144,6.549118,0.2518892,0
2022-06-26 07:07:14,0,0,0.2493766,0,0,90.52369,8.229426,0.2493766,0
2022-06-26 07:07:13,0,0,0,0,0,96.98492,3.015075,0,0
2022-06-26 07:07:12,0,0,0.248139,0.248139,0,98.26303,0.9925558,0.248139,0
2022-06-26 07:07:11,0,0,0,0,0,98.99497,1.0050251,0,0
2022-06-26 07:07:10,0,0,0,0.25,0,98,1.75,0,0
2022-06-26 07:07:09,0,0,0.25,0,0,98.5,0.75,0.5,0
2022-06-26 07:07:08,0,0,0,0,0,99.25,0.75,0,0
2022-06-26 07:07:07,0,0,0,0,0,98.75312,0.9975062,0.2493766,0
2022-06-26 07:07:06,0,0,0.25,0,0,98.5,1.25,0,0
2022-06-26 07:07:05,0,0,1.0025063,0.5012531,0,96.2406,2.255639,0,0
2022-06-26 07:07:04,0,0,0.7481297,0,0,96.00998,2.743142,0.4987531,0
2022-06-26 07:07:03,0,0,1.0025063,0.2506266,0,95.98997,2.756892,0,0
2022-06-26 07:07:02,0,0,0.75,0,0,97.25,1.5,0.5,0
2022-06-26 07:07:01,0,0,0.5,0,0,98,1.25,0.25,0
2022-06-26 07:07:00,0,0,0.2493766,0,0,99.00249,0.7481297,0,0
2022-06-26 07:06:59,0,0,0.2506266,0,0,97.74436,1.754386,0.2506266,0
2022-06-26 07:06:58,0,0,0.75,0.25,0,97.25,1.75,0,0
2022-06-26 07:06:57,0,0,0.7481297,0.2493766,0,96.50873,2.244389,0.2493766,0
2022-06-26 07:06:56,0,0,1,0.25,0,95.75,2.75,0.25,0
2022-06-26 07:06:55,0,0,0.7481297,0.4987531,0,96.25935,2.244389,0.2493766,0
2022-06-26 07:06:54,0,0,0.5012531,0,0,97.99499,1.2531328,0.2506266,0
2022-06-26 07:06:53,0,0,0,0,0,98.99749,1.0025063,0,0
2022-06-26 07:06:52,0,0,0.4987531,0,0,97.25686,1.995012,0.2493766,0
2022-06-26 07:06:51,0,0,0.7518797,0,0,97.24311,2.005013,0,0
2022-06-26 07:06:50,0,0,0.7518797,0,0,96.99248,2.005013,0.2506266,0
2022-06-26 07:06:49,0,0,1.2468828,0.4987531,0,95.01247,2.992519,0.2493766,0
2022-06-26 07:06:48,0,0,0.75,0.25,0,96.5,2.25,0.25,0
2022-06-26 07:06:47,0,0,0.25,0.25,0,98.25,1.25,0,0
2022-06-26 07:06:46,0,0,0.25,0,0,98.5,1,0.25,0
2022-06-26 07:06:45,0,0,0.25,0,0,98,1.5,0.25,0
2022-06-26 07:06:44,0,0,0.75,0.25,0,96.75,2.25,0,0
2022-06-26 07:06:43,0,0,0.5,0.25,0,97.75,1,0.5,0
2022-06-26 07:06:42,0,0,1.2437811,0,0,93.53234,4.975124,0.2487562,0
2022-06-26 07:06:41,0,0,1.010101,0.7575758,0,95.70707,2.272727,0.2525253,0
2022-06-26 07:06:40,0,0,0.248139,0,0,98.01489,1.736973,0,0
2022-06-26 07:06:39,0,0,0,0,0,98.49624,1.0025063,0.5012531,0
2022-06-26 07:06:38,0,0,0.25,0,0,98.75,0.75,0.25,0
2022-06-26 07:06:37,0,0,0.5012531,0.2506266,0,95.73935,3.508772,0,0
2022-06-26 07:06:36,0,0,0.7444169,0,0,96.02978,2.977667,0.248139,0
2022-06-26 07:06:35,0,0,0.7537688,0,0,94.97487,4.020101,0.2512563,0
2022-06-26 07:06:34,0,0,1.2468828,0.2493766,0,94.51372,3.740648,0.2493766,0
2022-06-26 07:06:33,0,0,0.7537688,0.5025126,0,95.22613,3.266332,0.2512563,0
2022-06-26 07:06:32,0,0,0.2493766,0,0,98.50374,0.9975062,0.2493766,0
2022-06-26 07:06:31,0,0,0,0,0,99.25,0.5,0.25,0
2022-06-26 07:06:30,0,0,0,0,0,98.74687,1.2531328,0,0
2022-06-26 07:06:29,0,0,0.5,0.25,0,96.5,2.5,0.25,0
2022-06-26 07:06:28,0,0,1,0.5,0,95.25,3,0.25,0
2022-06-26 07:06:27,0,0,1.2406948,0.248139,0,92.55583,5.459057,0.4962779,0
2022-06-26 07:06:26,0,0,1.5075377,0,0,90.45226,7.788945,0.2512563,0
2022-06-26 07:06:25,0,0,1.4925373,0.4975124,0,90.54726,7.21393,0.2487562,0
2022-06-26 07:06:24,0,0,2.267003,0.5037783,0,91.68766,5.289673,0.2518892,0
2022-06-26 07:06:23,0,0,0.75,0.5,0,93.25,5.25,0.25,0
2022-06-26 07:06:22,0,0,0.4987531,0.2493766,0,90.52369,8.72818,0,0
2022-06-26 07:06:21,0,0,0,0.2487562,0,93.78109,5.721393,0.2487562,0
2022-06-26 07:06:20,0,0,0,0,0,94.22111,5.778894,0,0
2022-06-26 07:06:19,0,0,0.2506266,0,0,89.97494,8.77193,0.2506266,0
2022-06-26 07:06:18,0,0,0,0,0,90.52369,8.977556,0.4987531,0
2022-06-26 07:06:17,0,0,0.2512563,0,0,94.22111,5.276382,0.2512563,0
2022-06-26 07:06:16,0,0,0,0,0,94.48622,4.511278,0.5012531,0
2022-06-26 07:06:15,0,0,0.2493766,0.2493766,0,97.00748,2.493766,0,0
2022-06-26 07:06:14,0,0,0,0,0,98.74687,1.0025063,0.2506266,0
2022-06-26 07:06:13,0,0,0.2487562,0.2487562,0,98.25871,0.9950249,0.2487562,0
2022-06-26 07:06:12,0,0,0,0,0,98.74687,1.2531328,0,0
2022-06-26 07:06:11,0,0,0,0,0,96.5,3.25,0.25,0
2022-06-26 07:06:10,0,0,0,0,0,98.75312,0.9975062,0.2493766,0
2022-06-26 07:06:09,0,0,0.2487562,0,0,98.50746,0.7462687,0.4975124,0
2022-06-26 07:06:08,0,0,0.7518797,0,0,97.24311,1.754386,0.2506266,0
2022-06-26 07:06:07,0,0,1.0075567,0,0,95.71788,2.770781,0.5037783,0
2022-06-26 07:06:06,0,0,0.4987531,0.2493766,0,98.50374,0.7481297,0,0
2022-06-26 07:06:05,0,0,0.5012531,0.2506266,0,96.2406,2.255639,0.7518797,0
2022-06-26 07:06:04,0,0,0.9975062,0.2493766,0,96.00998,2.493766,0.2493766,0
2022-06-26 07:06:03,0,0,0.2493766,0,0,98.50374,0.9975062,0.2493766,0
2022-06-26 07:06:02,0,0,0.2493766,0.2493766,0,98.50374,0.7481297,0.2493766,0
2022-06-26 07:06:01,0,0,0.7537688,0,0,96.23116,2.763819,0.2512563,0
2022-06-26 07:06:00,0,0,1,0.25,0,96,2.75,0,0
2022-06-26 07:05:59,0,0,0.2506266,0,0,97.74436,2.005013,0,0
2022-06-26 07:05:58,0,0,0.9950249,0,0,96.26866,2.487562,0.2487562,0
2022-06-26 07:05:57,0,0,0.5012531,0,0,98.24561,0.7518797,0.2506266,0
2022-06-26 07:05:56,0,0,0.25,0,0,98.25,1.25,0.25,0
2022-06-26 07:05:55,0,0,0.4975124,0.2487562,0,97.76119,1.2437811,0.2487562,0
2022-06-26 07:05:54,0,0,0.7518797,0,0,97.74436,1.5037594,0,0
2022-06-26 07:05:53,0,0,1,0.25,0,95.5,2.75,0.5,0
2022-06-26 07:05:52,0,0,0.5,0,0,97.5,1.75,0.25,0
2022-06-26 07:05:51,0,0,0.7518797,0,0,96.99248,2.255639,0,0
2022-06-26 07:05:50,0,0,0.5,0.25,0,97.75,1.25,0.25,0
2022-06-26 07:05:49,0,0,0.4987531,0,0,97.50623,1.2468828,0.7481297,0
2022-06-26 07:05:48,0,0,0.4987531,0,0,98.25436,0.9975062,0.2493766,0
2022-06-26 07:05:47,0,0,0.5012531,0,0,97.24311,1.754386,0.5012531,0
2022-06-26 07:05:46,0,0,1.25,0.25,0,95.5,2.75,0.25,0
2022-06-26 07:05:45,0,0,0.9975062,0.2493766,0,95.26185,3.241895,0.2493766,0
2022-06-26 07:05:44,0,0,0.2518892,0,0,98.48866,1.0075567,0.2518892,0
2022-06-26 07:05:43,0,0,0.7462687,0.2487562,0,96.51741,2.238806,0.2487562,0
2022-06-26 07:05:42,0,0,0.2506266,0,0,97.74436,2.005013,0,0
2022-06-26 07:05:41,0,0,0.2487562,0.2487562,0,97.76119,1.4925373,0.2487562,0
2022-06-26 07:05:40,0,0,0.5,0,0,97.75,1.25,0.5,0
2022-06-26 07:05:39,0,0,1.2531328,0.5012531,0,94.73684,3.508772,0,0
2022-06-26 07:05:38,0,0,0.75,0,0,97.5,1.75,0,0
2022-06-26 07:05:37,0,0,0.5012531,0.2506266,0,95.73935,3.007519,0.5012531,0
2022-06-26 07:05:36,0,0,0.5,0,0,96.75,2.5,0.25,0
2022-06-26 07:05:35,0,0,0.75,0,0,95.75,3.25,0.25,0
2022-06-26 07:05:34,0,0,0.5012531,0,0,98.74687,0.7518797,0,0
2022-06-26 07:05:33,0,0,0.2487562,0.2487562,0,97.26368,1.741294,0.4975124,0
2022-06-26 07:05:32,0,0,0.5,0,0,97,2,0.5,0
2022-06-26 07:05:31,0,0,0.7518797,0,0,96.49123,2.756892,0,0
2022-06-26 07:05:30,0,0,1.0025063,0,0,92.98246,5.764411,0.2506266,0
2022-06-26 07:05:29,0,0,0.4962779,0.248139,0,93.30025,5.707196,0,0
2022-06-26 07:05:28,0,0,0.7518797,0,0,93.98496,4.761905,0.5012531,0
2022-06-26 07:05:27,0,0,0.75,0.25,0,93,6,0,0
2022-06-26 07:05:26,0,0,1.25,0.5,0,91,7,0.25,0
2022-06-26 07:05:25,0,0,0.5012531,0,0,93.98496,5.263158,0.2506266,0
2022-06-26 07:05:24,0,0,0.9975062,0.2493766,0,90.52369,7.730673,0.4987531,0
2022-06-26 07:05:23,0,0,0.5012531,0.2506266,0,87.96992,11.278195,0,0
2022-06-26 07:05:22,0,0,0.25,0.25,0,93.75,5.75,0,0
2022-06-26 07:05:21,0,0,0,0.2493766,0,95.7606,3.740648,0.2493766,0
2022-06-26 07:05:20,0,0,0.2506266,0.2506266,0,93.73434,5.764411,0,0
2022-06-26 07:05:19,0,0,0,0,0,95.7606,3.990025,0.2493766,0
2022-06-26 07:05:18,0,0,0,0,0,96.48241,3.517588,0,0
2022-06-26 07:05:17,0,0,0.2493766,0.2493766,0,94.76309,4.239401,0.4987531,0
2022-06-26 07:05:16,0,0,0,0,0,99.25,0.5,0.25,0
2022-06-26 07:05:15,0,0,0,0,0,99.24812,0.7518797,0,0
2022-06-26 07:05:14,0,0,0.25,0,0,98.75,1,0,0
2022-06-26 07:05:13,0,0,0,0,0,98.75312,0.9975062,0.2493766,0
2022-06-26 07:05:12,0,0,0.2506266,0.2506266,0,97.99499,1.2531328,0.2506266,0
2022-06-26 07:05:11,0,0,0.7481297,0.2493766,0,96.25935,2.743142,0,0
2022-06-26 07:05:10,0,0,0.5012531,0,0,98.24561,1.2531328,0,0
2022-06-26 07:05:09,0,0,0.5,0.25,0,97.75,1.25,0.25,0
2022-06-26 07:05:08,0,0,0.5,0.25,0,97.25,1.75,0.25,0
2022-06-26 07:05:07,0,0,0.4975124,0.2487562,0,98.00995,0.9950249,0.2487562,0
2022-06-26 07:05:06,0,0,0.7537688,0,0,97.48744,1.758794,0,0
2022-06-26 07:05:05,0,0,0.4975124,0,0,97.76119,1.4925373,0.2487562,0
2022-06-26 07:05:04,0,0,0.75,0,0,97.75,1.5,0,0
2022-06-26 07:05:03,0,0,0.7537688,0.2512563,0,96.23116,2.261307,0.5025126,0
2022-06-26 07:05:02,0,0,0.9975062,0,0,96.7581,1.995012,0.2493766,0
2022-06-26 07:05:01,0,0,0.5012531,0.2506266,0,96.99248,2.005013,0.2506266,0
2022-06-26 07:05:00,0,0,0.75,0,0,97.5,1.5,0.25,0
2022-06-26 07:04:59,0,0,0.25,0.25,0,97.25,2.25,0,0
2022-06-26 07:04:58,0,0,0.7481297,0,0,96.25935,2.743142,0.2493766,0
2022-06-26 07:04:57,0,0,0.7518797,0.2506266,0,97.49373,1.2531328,0.2506266,0
2022-06-26 07:04:56,0,0,0.9925558,0,0,96.27792,2.48139,0.248139,0
2022-06-26 07:04:55,0,0,0.2518892,0.2518892,0,97.48111,2.015113,0,0
2022-06-26 07:04:54,0,0,0.9925558,0,0,97.02233,1.4888337,0.4962779,0
2022-06-26 07:04:53,0,0,0.5025126,0,0,97.98995,1.2562814,0.2512563,0
2022-06-26 07:04:52,0,0,0.25,0,0,98.5,1.25,0,0
2022-06-26 07:04:51,0,0,0.5,0.25,0,97,1.5,0.75,0
2022-06-26 07:04:50,0,0,0.5012531,0.5012531,0,95.48872,3.508772,0,0
2022-06-26 07:04:49,0,0,0.75,0.25,0,95.25,3.5,0.25,0
2022-06-26 07:04:48,0,0,0.2493766,0,0,98.25436,1.2468828,0.2493766,0
2022-06-26 07:04:47,0,0,0.5,0,0,97.75,1.5,0.25,0
2022-06-26 07:04:46,0,0,0.75,0,0,96.75,2.25,0,0
2022-06-26 07:04:45,0,0,0.25,0,0,99,0.5,0.25,0
2022-06-26 07:04:44,0,0,0.5,0,0,98,1.5,0,0
2022-06-26 07:04:43,0,0,0.5,0,0,97.25,2.25,0,0
2022-06-26 07:04:42,0,0,0.5012531,0,0,95.48872,3.258145,0.7518797,0
2022-06-26 07:04:41,0,0,0.5,0.25,0,96.75,2.25,0.25,0
2022-06-26 07:04:40,0,0,0.5,0.25,0,97,2,0.25,0
2022-06-26 07:04:39,0,0,0.9975062,0,0,95.26185,3.241895,0.4987531,0
2022-06-26 07:04:38,0,0,0.5012531,0,0,97.49373,2.005013,0,0
2022-06-26 07:04:37,0,0,0.4975124,0,0,98.00995,1.2437811,0.2487562,0
2022-06-26 07:04:36,0,0,0,0.2518892,0,97.98489,1.511335,0.2518892,0
2022-06-26 07:04:35,0,0,0.4962779,0.248139,0,97.02233,1.985112,0.248139,0
2022-06-26 07:04:34,0,0,0.7537688,0,0,96.48241,2.512563,0.2512563,0
2022-06-26 07:04:33,0,0,0.7462687,0.2487562,0,92.28856,6.218905,0.4975124,0
2022-06-26 07:04:32,0,0,1.0050251,0.2512563,0,93.96985,4.773869,0,0
2022-06-26 07:04:31,0,0,0.5012531,0,0,92.73183,6.516291,0.2506266,0
2022-06-26 07:04:30,0,0,0.7444169,0.248139,0,92.80397,5.955335,0.248139,0
2022-06-26 07:04:29,0,0,0.7518797,0,0,91.4787,7.769424,0,0
2022-06-26 07:04:28,0,0,0.5025126,0,0,94.47236,5.025126,0,0
2022-06-26 07:04:27,0,0,0.4987531,0,0,92.26933,6.483791,0.4987531,0
2022-06-26 07:04:26,0,0,0.5025126,0.2512563,0,90.45226,8.291457,0.2512563,0
2022-06-26 07:04:25,0,0,0.2487562,0,0,93.03483,6.467662,0.2487562,0
2022-06-26 07:04:24,0,0,0.5012531,0.2506266,0,93.23308,5.513784,0.2506266,0
2022-06-26 07:04:23,0,0,0,0,0,94.73684,5.012531,0.2506266,0
2022-06-26 07:04:22,0,0,0.248139,0,0,90.81886,8.188586,0.4962779,0
2022-06-26 07:04:21,0,0,0,0,0,95.2381,4.511278,0.2506266,0
2022-06-26 07:04:20,0,0,0,0.2512563,0,97.23618,2.512563,0,0
2022-06-26 07:04:19,0,0,0.2493766,0,0,97.75561,1.745636,0.2493766,0
2022-06-26 07:04:18,0,0,0,0,0,98.99749,0.7518797,0.2506266,0
2022-06-26 07:04:17,0,0,0.2493766,0,0,97.50623,1.745636,0.4987531,0
2022-06-26 07:04:16,0,0,0,0,0,98.99749,1.0025063,0,0
2022-06-26 07:04:15,0,0,0.25,0.25,0,98.75,0.5,0.25,0
2022-06-26 07:04:14,0,0,1,0.25,0,96.5,2.25,0,0
2022-06-26 07:04:13,0,0,0.25,0,0,97.5,2,0.25,0
2022-06-26 07:04:12,0,0,0.2487562,0.2487562,0,98.75622,0.4975124,0.2487562,0
2022-06-26 07:04:11,0,0,1.0050251,0,0,96.23116,2.763819,0,0
2022-06-26 07:04:10,0,0,0.75,0.25,0,96.5,2.25,0.25,0
2022-06-26 07:04:09,0,0,0.4987531,0,0,98.75312,0.4987531,0.2493766,0
2022-06-26 07:04:08,0,0,0.5,0.25,0,97,2.25,0,0
2022-06-26 07:04:07,0,0,0.7518797,0,0,97.24311,1.754386,0.2506266,0
2022-06-26 07:04:06,0,0,0.4987531,0.2493766,0,97.50623,1.4962594,0.2493766,0
2022-06-26 07:04:05,0,0,0.2506266,0,0,98.99749,0.7518797,0,0
2022-06-26 07:04:04,0,0,0.4975124,0.2487562,0,97.76119,0.7462687,0.7462687,0
2022-06-26 07:04:03,0,0,1.2468828,0.2493766,0,95.51122,2.992519,0,0
2022-06-26 07:04:02,0,0,0.5025126,0,0,97.23618,2.01005,0.2512563,0
2022-06-26 07:04:01,0,0,0.5,0,0,97.75,1.75,0,0
2022-06-26 07:04:00,0,0,0.7537688,0,0,97.48744,1.5075377,0.2512563,0
2022-06-26 07:03:59,0,0,0.7462687,0.2487562,0,97.51244,1.2437811,0.2487562,0
2022-06-26 07:03:58,0,0,0,0,0,99.25187,0.4987531,0.2493766,0
2022-06-26 07:03:57,0,0,0.75,0,0,96.5,2.5,0.25,0
2022-06-26 07:03:56,0,0,1.0050251,0.2512563,0,94.97487,3.266332,0.5025126,0
2022-06-26 07:03:55,0,0,0.9975062,0,0,97.25686,1.745636,0,0
2022-06-26 07:03:54,0,0,0.2506266,0,0,99.24812,0.2506266,0.2506266,0
2022-06-26 07:03:53,0,0,0.5,0.5,0,97.5,1,0.5,0
2022-06-26 07:03:52,0,0,0.7481297,0,0,97.75561,1.4962594,0,0
2022-06-26 07:03:51,0,0,0.2493766,0,0,98.00499,1.4962594,0.2493766,0
2022-06-26 07:03:50,0,0,1.0025063,0.2506266,0,96.49123,2.255639,0,0
2022-06-26 07:03:49,0,0,1,0.75,0,95,2.75,0.5,0
2022-06-26 07:03:48,0,0,0.7518797,0,0,97.99499,1.2531328,0,0
2022-06-26 07:03:47,0,0,0,0,0,98.99749,0.7518797,0.2506266,0
2022-06-26 07:03:46,0,0,0.2493766,0.2493766,0,98.00499,1.2468828,0.2493766,0
2022-06-26 07:03:45,0,0,0.9975062,0,0,96.25935,2.493766,0.2493766,0
2022-06-26 07:03:44,0,0,0.5012531,0,0,96.99248,2.506266,0,0
2022-06-26 07:03:43,0,0,0.75,0.25,0,94.5,4.25,0.25,0
2022-06-26 07:03:42,0,0,1.2406948,0.4962779,0,94.2928,3.722084,0.248139,0
2022-06-26 07:03:41,0,0,0.5012531,0,0,96.74185,2.506266,0.2506266,0
2022-06-26 07:03:40,0,0,0.5,0,0,97,2.25,0.25,0
2022-06-26 07:03:39,0,0,0.2506266,0.5012531,0,98.24561,0.5012531,0.5012531,0
2022-06-26 07:03:38,0,0,0,0,0,99.25,0.75,0,0
2022-06-26 07:03:37,0,0,0.2506266,0,0,96.2406,3.258145,0.2506266,0
2022-06-26 07:03:36,0,0,0.75,0,0,97.25,2,0,0
2022-06-26 07:03:35,0,0,1,0.5,0,94,4.5,0,0
2022-06-26 07:03:34,0,0,1.4962594,0.2493766,0,88.52868,9.476309,0.2493766,0
2022-06-26 07:03:33,0,0,0.7518797,0.2506266,0,94.23559,4.511278,0,0
2022-06-26 07:03:32,0,0,1,0,0,92.75,6.25,0,0
2022-06-26 07:03:31,0,0,0.4962779,0.248139,0,92.80397,6.203474,0.248139,0
2022-06-26 07:03:30,0,0,0.2512563,0,0,93.96985,5.778894,0,0
2022-06-26 07:03:29,0,0,0.2506266,0,0,92.73183,7.017544,0,0
2022-06-26 07:03:28,0,0,0.248139,0.248139,0,92.80397,6.203474,0.4962779,0
2022-06-26 07:03:27,0,0,0,0,0,92.21106,7.788945,0,0
2022-06-26 07:03:26,0,0,0,0,0,89.97494,8.521303,0.5012531,0
2022-06-26 07:03:25,0,0,0.2493766,0.2493766,0,89.52618,6.483791,0.2493766,0
2022-06-26 07:03:24,0,0,0.5025126,0,0,91.20603,7.537688,0.2512563,0
2022-06-26 07:03:23,0,0,0,0.2493766,0,98.25436,1.2468828,0.2493766,0
2022-06-26 07:03:22,0,0,0,0,0,99.24812,0.7518797,0,0
2022-06-26 07:03:21,0,0,0.25,0,0,98.25,1.25,0.25,0
2022-06-26 07:03:20,0,0,0,0,0,98.75,1,0.25,0
2022-06-26 07:03:19,0,0,0,0,0,99.24812,0.7518797,0,0
2022-06-26 07:03:18,0,0,0.2493766,0,0,98.75312,0.7481297,0.2493766,0
2022-06-26 07:03:17,0,0,0,0.2493766,0,98.75312,0.7481297,0.2493766,0
2022-06-26 07:03:16,0,0,0.4987531,0.2493766,0,97.25686,1.745636,0.2493766,0
2022-06-26 07:03:15,0,0,1.0050251,0.2512563,0,95.72864,2.763819,0.2512563,0
2022-06-26 07:03:14,0,0,0.9975062,0.2493766,0,96.7581,1.995012,0,0
2022-06-26 07:03:13,0,0,1,0.25,0,96.25,2.25,0.25,0
2022-06-26 07:03:12,0,0,0.7518797,0.2506266,0,96.74185,2.255639,0,0
2022-06-26 07:03:11,0,0,0.2493766,0,0,98.50374,0.9975062,0.2493766,0
2022-06-26 07:03:10,0,0,0,0,0,99.75,0.25,0,0
2022-06-26 07:03:09,0,0,0.5012531,0,0,97.99499,1.2531328,0.2506266,0
2022-06-26 07:03:08,0,0,1,0,0,96.5,2.25,0.25,0
2022-06-26 07:03:07,0,0,1,0,0,96.75,2,0.25,0
2022-06-26 07:03:06,0,0,1.0025063,0,0,96.74185,2.255639,0,0
2022-06-26 07:03:05,0,0,0.7444169,0.248139,0,96.27792,2.48139,0.248139,0
2022-06-26 07:03:04,0,0,0,0,0,99.49749,0.5025126,0,0
2022-06-26 07:03:03,0,0,0.25,0,0,98.75,1,0,0
2022-06-26 07:03:02,0,0,0.4962779,0.248139,0,97.02233,1.985112,0.248139,0
2022-06-26 07:03:01,0,0,0.7556675,0,0,96.97733,2.015113,0.2518892,0
2022-06-26 07:03:00,0,0,1,0.25,0,96.75,2,0,0
2022-06-26 07:02:59,0,0,1.25,0.25,0,96,2.25,0.25,0
2022-06-26 07:02:58,0,0,0.75,0.25,0,96.5,2.25,0.25,0
2022-06-26 07:02:57,0,0,0.2493766,0,0,99.25187,0.4987531,0,0
2022-06-26 07:02:56,0,0,0,0,0,99,1,0,0
2022-06-26 07:02:55,0,0,0.2493766,0,0,98.50374,0.9975062,0.2493766,0
2022-06-26 07:02:54,0,0,1.0025063,0.2506266,0,95.98997,2.506266,0.2506266,0
2022-06-26 07:02:53,0,0,1.25,0.25,0,96,2.5,0,0
2022-06-26 07:02:52,0,0,0.7518797,0,0,97.24311,1.754386,0.2506266,0
2022-06-26 07:02:51,0,0,0.75,0.25,0,97,1.75,0.25,0
2022-06-26 07:02:50,0,0,0,0,0,98.5,1.5,0,0
2022-06-26 07:02:49,0,0,0,0,0,99.25,0.5,0.25,0
2022-06-26 07:02:48,0,0,0,0,0,98.99749,1.0025063,0,0
2022-06-26 07:02:47,0,0,0.7481297,0.2493766,0,97.75561,1.2468828,0,0
2022-06-26 07:02:46,0,0,1.2531328,0.2506266,0,95.2381,2.756892,0.5012531,0
2022-06-26 07:02:45,0,0,1.2437811,0.2487562,0,94.52736,3.731343,0.2487562,0
2022-06-26 07:02:44,0,0,1.0050251,0.5025126,0,94.47236,4.020101,0,0
2022-06-26 07:02:43,0,0,0.5,0,0,96,3,0.5,0
2022-06-26 07:02:42,0,0,0,0,0,99.49875,0.5012531,0,0
2022-06-26 07:02:41,0,0,0,0,0,98.25436,1.2468828,0.4987531,0
2022-06-26 07:02:40,0,0,0.25,0,0,99,0.75,0,0
2022-06-26 07:02:39,0,0,0.4987531,0.2493766,0,96.25935,2.743142,0.2493766,0
2022-06-26 07:02:38,0,0,0.9975062,0.2493766,0,94.51372,3.990025,0.2493766,0
2022-06-26 07:02:37,0,0,1.5,0.5,0,91.25,6.5,0.25,0
2022-06-26 07:02:36,0,0,1.2562814,0.2512563,0,90.45226,8.040201,0,0
2022-06-26 07:02:35,0,0,1.25,0.5,0,93,5,0.25,0
2022-06-26 07:02:34,0,0,1,0,0,89.25,9.5,0.25,0
2022-06-26 07:02:33,0,0,0.75,0,0,92,7,0.25,0
2022-06-26 07:02:32,0,0,0,0,0,93.98496,6.015038,0,0
2022-06-26 07:02:31,0,0,0.2487562,0,0,93.28358,6.467662,0,0
2022-06-26 07:02:30,0,0,0,0,0,93.23308,6.516291,0.2506266,0
2022-06-26 07:02:29,0,0,0,0.2493766,0,88.77805,10.224439,0.4987531,0
2022-06-26 07:02:28,0,0,0.2512563,0.2512563,0,90.70352,8.291457,0.5025126,0
2022-06-26 07:02:27,0,0,0,0,0,91.4787,6.516291,0.2506266,0
2022-06-26 07:02:26,0,0,0.25,0.25,0,96.75,2.5,0.25,0
2022-06-26 07:02:25,0,0,0,0.25,0,97.75,2,0,0
2022-06-26 07:02:24,0,0,0.5,0,0,99,0.5,0,0
2022-06-26 07:02:23,0,0,0.25,0.25,0,98.5,1,0,0
2022-06-26 07:02:22,0,0,0,0,0,98.75312,0.7481297,0.4987531,0
2022-06-26 07:02:21,0,0,0,0,0,98.24561,1.754386,0,0
2022-06-26 07:02:20,0,0,0,0,0,98.99749,1.0025063,0,0
2022-06-26 07:02:19,0,0,0.4987531,0.2493766,0,97.50623,1.4962594,0.2493766,0
2022-06-26 07:02:18,0,0,0.7481297,0,0,97.25686,1.995012,0,0
2022-06-26 07:02:17,0,0,0.5012531,0,0,97.49373,1.754386,0.2506266,0
2022-06-26 07:02:16,0,0,1,0,0,96.5,2,0.5,0
2022-06-26 07:02:15,0,0,1,0.5,0,96,2.5,0,0
2022-06-26 07:02:14,0,0,0.25,0,0,99,0.5,0.25,0
2022-06-26 07:02:13,0,0,0.2493766,0,0,99.00249,0.4987531,0.2493766,0
2022-06-26 07:02:12,0,0,0.2506266,0,0,98.24561,1.5037594,0,0
2022-06-26 07:02:11,0,0,0.5,0.25,0,97.5,1.5,0.25,0
2022-06-26 07:02:10,0,0,0.7537688,0,0,97.73869,1.2562814,0.2512563,0
2022-06-26 07:02:09,0,0,1.2468828,0.2493766,0,95.01247,3.491272,0,0
2022-06-26 07:02:08,0,0,1.2437811,0.2487562,0,95.27363,2.985075,0.2487562,0
2022-06-26 07:02:07,0,0,0,0,0,99.24812,0.7518797,0,0
2022-06-26 07:02:06,0,0,0,0,0,98.74687,1.0025063,0.2506266,0
2022-06-26 07:02:05,0,0,0.248139,0.248139,0,98.26303,0.7444169,0.4962779,0
2022-06-26 07:02:04,0,0,1.0075567,0.2518892,0,96.47355,2.267003,0,0
2022-06-26 07:02:03,0,0,1.4925373,0.4975124,0,94.52736,2.985075,0.4975124,0
2022-06-26 07:02:02,0,0,1.0050251,0,0,96.48241,2.512563,0,0
2022-06-26 07:02:01,0,0,1,0.5,0,95.5,2.75,0.25,0
2022-06-26 07:02:00,0,0,0.4987531,0,0,97.50623,1.745636,0.2493766,0
2022-06-26 07:01:59,0,0,0,0,0,99,1,0,0
2022-06-26 07:01:58,0,0,0,0,0,99.49875,0.5012531,0,0
2022-06-26 07:01:57,0,0,0.9950249,0.2487562,0,97.26368,1.2437811,0.2487562,0
2022-06-26 07:01:56,0,0,1.0050251,0.2512563,0,95.72864,2.512563,0.5025126,0
2022-06-26 07:01:55,0,0,0.7481297,0.2493766,0,97.00748,1.745636,0.2493766,0
2022-06-26 07:01:54,0,0,0.75,0.25,0,96.75,2.25,0,0
2022-06-26 07:01:53,0,0,0.75,0,0,97.25,2,0,0
2022-06-26 07:01:52,0,0,0,0,0,99.24812,0.7518797,0,0
2022-06-26 07:01:51,0,0,0,0,0,98.50374,1.2468828,0.2493766,0
2022-06-26 07:01:50,0,0,0.4987531,0,0,96.50873,2.743142,0.2493766,0
2022-06-26 07:01:49,0,0,1.2531328,0,0,96.2406,2.255639,0,0
2022-06-26 07:01:48,0,0,1,0.5,0,95,3.25,0.25,0
2022-06-26 07:01:47,0,0,0.5,0,0,97.5,1.75,0.25,0
2022-06-26 07:01:46,0,0,0.7518797,0,0,96.49123,2.756892,0,0
2022-06-26 07:01:45,0,0,0.7481297,0.2493766,0,96.7581,1.995012,0.2493766,0
2022-06-26 07:01:44,0,0,0,0,0,97.99499,1.754386,0.2506266,0
2022-06-26 07:01:43,0,0,0.2487562,0,0,98.50746,0.9950249,0.2487562,0
2022-06-26 07:01:42,0,0,0.2506266,0.5012531,0,96.99248,2.005013,0.2506266,0
2022-06-26 07:01:41,0,0,0.9950249,0.2487562,0,94.77612,3.731343,0.2487562,0
2022-06-26 07:01:40,0,0,1.5075377,0.2512563,0,92.96482,5.025126,0.2512563,0
2022-06-26 07:01:39,0,0,1,0.5,0,92.25,6,0.25,0
2022-06-26 07:01:38,0,0,0.75,0.5,0,93.75,4.75,0.25,0
2022-06-26 07:01:37,0,0,0.7481297,0,0,92.26933,6.982544,0,0
2022-06-26 07:01:36,0,0,0.7481297,0,0,93.26683,5.735661,0.2493766,0
2022-06-26 07:01:35,0,0,0.5012531,0.2506266,0,91.97995,7.26817,0,0
2022-06-26 07:01:34,0,0,0.4987531,0.2493766,0,93.26683,5.735661,0.2493766,0
2022-06-26 07:01:33,0,0,0,0,0,91.20603,8.79397,0,0
2022-06-26 07:01:32,0,0,0.2487562,0,0,92.53731,6.218905,0.4975124,0
2022-06-26 07:01:31,0,0,0,0,0,91.68766,8.060453,0,0
2022-06-26 07:01:30,0,0,0,0,0,93.98496,5.764411,0.2506266,0
2022-06-26 07:01:29,0,0,0.25,0,0,95.75,4,0,0
2022-06-26 07:01:28,0,0,0,0,0,95.5,4.5,0,0
2022-06-26 07:01:27,0,0,0.25,0,0,98,1.5,0.25,0
2022-06-26 07:01:26,0,0,0.2493766,0.2493766,0,98.25436,0.7481297,0.2493766,0
2022-06-26 07:01:25,0,0,0,0,0,98.50374,1.2468828,0.2493766,0
2022-06-26 07:01:24,0,0,0.5012531,0,0,98.74687,0.7518797,0,0
2022-06-26 07:01:23,0,0,0.2493766,0,0,98.50374,1.2468828,0,0
2022-06-26 07:01:22,0,0,0,0,0,98.74687,1.0025063,0.2506266,0
2022-06-26 07:01:21,0,0,0.4987531,0,0,97.25686,1.745636,0.4987531,0
2022-06-26 07:01:20,0,0,0.7481297,0,0,97.25686,1.745636,0.2493766,0
2022-06-26 07:01:19,0,0,0.7537688,0.5025126,0,96.48241,2.261307,0,0
2022-06-26 07:01:18,0,0,0.7481297,0.2493766,0,96.25935,2.493766,0.2493766,0
2022-06-26 07:01:17,0,0,0.7481297,0,0,97.25686,1.745636,0.2493766,0
2022-06-26 07:01:16,0,0,0.2506266,0,0,98.99749,0.5012531,0.2506266,0
2022-06-26 07:01:15,0,0,0.2506266,0,0,98.24561,1.5037594,0,0
2022-06-26 07:01:14,0,0,0.7462687,0.2487562,0,96.76617,1.99005,0.2487562,0
2022-06-26 07:01:13,0,0,0.5,0,0,97.25,2,0.25,0
2022-06-26 07:01:12,0,0,1.0025063,0.2506266,0,96.49123,2.255639,0,0
2022-06-26 07:01:11,0,0,0.9975062,0.4987531,0,96.25935,1.995012,0.2493766,0
2022-06-26 07:01:10,0,0,0.5025126,0,0,97.73869,1.5075377,0.2512563,0
2022-06-26 07:01:09,0,0,0.25,0.25,0,98.25,1.25,0,0
2022-06-26 07:01:08,0,0,0.2493766,0,0,98.25436,1.2468828,0.2493766,0
2022-06-26 07:01:07,0,0,0.7481297,0,0,97.25686,1.995012,0,0
2022-06-26 07:01:06,0,0,1.0025063,0,0,96.49123,2.255639,0.2506266,0
2022-06-26 07:01:05,0,0,1.25,0.25,0,95.75,2.75,0,0
2022-06-26 07:01:04,0,0,0.5,0,0,98,1.25,0.25,0
2022-06-26 07:01:03,0,0,0.5012531,0,0,97.74436,1.754386,0,0
2022-06-26 07:01:02,0,0,0.25,0.25,0,98.25,1,0.25,0
2022-06-26 07:01:01,0,0,0.25,0,0,99,0.5,0.25,0
2022-06-26 07:01:00,0,0,0.4987531,0.4987531,0,96.25935,2.493766,0.2493766,0
2022-06-26 07:00:59,0,0,1.0025063,0.2506266,0,97.49373,1.2531328,0,0
2022-06-26 07:00:58,0,0,0.9975062,0,0,96.25935,2.493766,0.2493766,0
2022-06-26 07:00:57,0,0,0.75,0.25,0,96.75,2.25,0,0
2022-06-26 07:00:56,0,0,0.5,0.25,0,97.5,1.5,0.25,0
2022-06-26 07:00:55,0,0,0.2506266,0,0,98.24561,1.5037594,0,0
2022-06-26 07:00:54,0,0,0.2487562,0.2487562,0,98.75622,0.4975124,0.2487562,0
2022-06-26 07:00:53,0,0,0.25,0,0,97,2.5,0.25,0
2022-06-26 07:00:52,0,0,1.2531328,0,0,95.73935,2.756892,0.2506266,0
2022-06-26 07:00:51,0,0,1.0025063,0,0,96.49123,2.005013,0.5012531,0
2022-06-26 07:00:50,0,0,0.7518797,0,0,95.98997,3.258145,0,0
2022-06-26 07:00:49,0,0,1.2437811,0.2487562,0,95.02488,2.985075,0.4975124,0
2022-06-26 07:00:48,0,0,0.4975124,0.2487562,0,97.51244,1.741294,0,0
2022-06-26 07:00:47,0,0,0,0,0,98.48866,1.2594458,0.2518892,0
2022-06-26 07:00:46,0,0,0.2487562,0,0,99.25373,0.2487562,0.2487562,0
2022-06-26 07:00:45,0,0,0,0,0,98.24121,1.758794,0,0
2022-06-26 07:00:44,0,0,0.7462687,0.2487562,0,95.77114,2.736318,0.4975124,0
2022-06-26 07:00:43,0,0,1.0025063,0.2506266,0,94.98747,3.759398,0,0
2022-06-26 07:00:42,0,0,1.2468828,0.2493766,0,92.5187,5.486284,0.4987531,0
2022-06-26 07:00:41,0,0,1.25,0.5,0,91,7,0.25,0
2022-06-26 07:00:40,0,0,1.0025063,0,0,91.4787,7.26817,0.2506266,0
2022-06-26 07:00:39,0,0,0.5012531,0.2506266,0,91.72932,7.017544,0.2506266,0
2022-06-26 07:00:38,0,0,0.4987531,0,0,93.51621,5.735661,0.2493766,0
2022-06-26 07:00:37,0,0,0.2506266,0,0,93.48371,6.015038,0.2506266,0
2022-06-26 07:00:36,0,0,0.5012531,0,0,92.98246,6.265664,0.2506266,0
2022-06-26 07:00:35,0,0,0,0,0,93.01746,6.733167,0.2493766,0
2022-06-26 07:00:34,0,0,0,0,0,93.26683,6.234414,0.2493766,0
2022-06-26 07:00:33,0,0,0.2525253,0,0,87.87879,10.10101,0,0
2022-06-26 07:00:32,0,0,0,0.2506266,0,91.97995,4.761905,0.2506266,0
2022-06-26 07:00:31,0,0,0,0,0,96.25,3.5,0.25,0
2022-06-26 07:00:30,0,0,0.25,0,0,99.25,0.5,0,0
2022-06-26 07:00:29,0,0,0,0.2487562,0,99.00498,0.4975124,0.2487562,0
2022-06-26 07:00:28,0,0,0,0,0,98.24561,1.5037594,0.2506266,0
2022-06-26 07:00:27,0,0,0.25,0,0,98.75,0.75,0.25,0
2022-06-26 07:00:26,0,0,0,0,0,98.75622,0.9950249,0.2487562,0
2022-06-26 07:00:25,0,0,0,0,0,98.99497,1.0050251,0,0
2022-06-26 07:00:24,0,0,0.75,0,0,98.25,0.75,0.25,0
2022-06-26 07:00:23,0,0,0.7462687,0,0,96.76617,1.99005,0.2487562,0
2022-06-26 07:00:22,0,0,1.0050251,0,0,96.23116,2.763819,0,0
2022-06-26 07:00:21,0,0,1.2468828,0.2493766,0,96.50873,1.745636,0.2493766,0
2022-06-26 07:00:20,0,0,0.75,0.25,0,97.25,1.5,0.25,0
2022-06-26 07:00:19,0,0,0,0,0,98.75,1,0.25,0
2022-06-26 07:00:18,0,0,0,0,0,98.74687,1.2531328,0,0
2022-06-26 07:00:17,0,0,0.25,0,0,98.75,0.75,0.25,0
2022-06-26 07:00:16,0,0,1,0,0,96.5,2,0.5,0
2022-06-26 07:00:15,0,0,1.4962594,0.2493766,0,95.51122,2.493766,0.2493766,0
2022-06-26 07:00:14,0,0,1.2562814,0.2512563,0,94.72362,3.517588,0.2512563,0
2022-06-26 07:00:13,0,0,0.25,0.5,0,98,1.25,0,0
2022-06-26 07:00:12,0,0,0,0,0,98.75,1,0.25,0
2022-06-26 07:00:11,0,0,0.2493766,0.2493766,0,98.75312,0.4987531,0.2493766,0
2022-06-26 07:00:10,0,0,0.5012531,0,0,98.99749,0.2506266,0.2506266,0
2022-06-26 07:00:09,0,0,0.9975062,0,0,96.7581,2.244389,0,0
2022-06-26 07:00:08,0,0,1.2468828,0.2493766,0,95.01247,3.241895,0.2493766,0
2022-06-26 07:00:07,0,0,1.2562814,0.5025126,0,95.22613,3.015075,0,0
2022-06-26 07:00:06,0,0,0,0,0,98.5,1.25,0.25,0
2022-06-26 07:00:05,0,0,0.2487562,0,0,98.75622,0.7462687,0.2487562,0
2022-06-26 07:00:04,0,0,0,0,0,99.25187,0.4987531,0.2493766,0
2022-06-26 07:00:03,0,0,0.2512563,0,0,98.24121,1.5075377,0,0
2022-06-26 07:00:02,0,0,1.0025063,0.2506266,0,97.49373,1.2531328,0,0
2022-06-26 07:00:01,0,0,1.4888337,0.4962779,0,93.05211,4.71464,0.248139,0
2022-06-26 07:00:00,0,0,0.75,0.25,0,94.75,4,0.25,0
2022-06-26 06:59:59,0,0,0,0,0,99.24623,0.5025126,0.2512563,0
2022-06-26 06:59:58,0,0,0.25,0,0,99,0.75,0,0
2022-06-26 06:59:57,0,0,0,0,0,99,1,0,0
2022-06-26 06:59:56,0,0,0.25,0,0,98.25,1.25,0.25,0
2022-06-26 06:59:55,0,0,0.7518797,0,0,95.48872,3.508772,0.2506266,0
2022-06-26 06:59:54,0,0,1.5,0.25,0,92.75,5.25,0.25,0
2022-06-26 06:59:53,0,0,1.741294,0.2487562,0,93.03483,4.726368,0,0
2022-06-26 06:59:52,0,0,0.25,0,0,97.75,1.75,0.25,0
2022-06-26 06:59:51,0,0,0.25,0,0,98.5,1.25,0,0
2022-06-26 06:59:50,0,0,0,0,0,99.24812,0.7518797,0,0
2022-06-26 06:59:49,0,0,0.248139,0,0,98.51117,0.9925558,0.248139,0
2022-06-26 06:59:48,0,0,0,0.2525253,0,98.9899,0.7575758,0,0
2022-06-26 06:59:47,0,0,0.4975124,0.2487562,0,96.51741,2.487562,0.2487562,0
2022-06-26 06:59:46,0,0,1.25,0.25,0,93,5.5,0,0
2022-06-26 06:59:45,0,0,2.005013,0.5012531,0,90.47619,6.766917,0.2506266,0
2022-06-26 06:59:44,0,0,1.4962594,0.7481297,0,87.53117,9.975062,0.2493766,0
2022-06-26 06:59:43,0,0,1.2468828,0.4987531,0,89.02743,8.977556,0.2493766,0
2022-06-26 06:59:42,0,0,0.2506266,0,0,93.73434,6.015038,0,0
2022-06-26 06:59:41,0,0,0.25,0,0,93.5,6.25,0,0
2022-06-26 06:59:40,0,0,0,0.2487562,0,94.77612,4.975124,0,0
2022-06-26 06:59:39,0,0,0,0,0,93.71859,6.030151,0.2512563,0
2022-06-26 06:59:38,0,0,0.2512563,0,0,93.46734,6.030151,0.2512563,0
2022-06-26 06:59:37,0,0,0,0.2493766,0,87.03242,10.473815,0,0
2022-06-26 06:59:36,0,0,0,0,0,79.44162,9.137056,0.2538071,0
2022-06-26 06:59:35,0,0,0.25,0,0,95.25,4.25,0,0
2022-06-26 06:59:34,0,0,0,0,0,98.75,1,0.25,0
2022-06-26 06:59:33,0,0,0,0,0,99.49875,0.2506266,0.2506266,0
2022-06-26 06:59:32,0,0,0.2487562,0,0,98.75622,0.7462687,0.2487562,0
2022-06-26 06:59:31,0,0,0,0.25,0,98.75,1,0,0
2022-06-26 06:59:30,0,0,0,0.2512563,0,98.74372,0.5025126,0.5025126,0
2022-06-26 06:59:29,0,0,0.2493766,0,0,98.50374,0.9975062,0.2493766,0
2022-06-26 06:59:28,0,0,0,0,0,99.25,0.75,0,0
2022-06-26 06:59:27,0,0,0.5,0,0,98.5,1,0,0
2022-06-26 06:59:26,0,0,0.4987531,0.2493766,0,97.50623,1.745636,0,0
2022-06-26 06:59:25,0,0,0.9975062,0.2493766,0,95.7606,2.493766,0.4987531,0
2022-06-26 06:59:24,0,0,2,0.25,0,94.75,3,0,0
2022-06-26 06:59:23,0,0,0.2512563,0,0,98.49246,1.0050251,0.2512563,0
2022-06-26 06:59:22,0,0,0,0,0,99.24812,0.7518797,0,0
2022-06-26 06:59:21,0,0,0.25,0,0,98.25,1.25,0.25,0
2022-06-26 06:59:20,0,0,0.7481297,0,0,97.50623,1.4962594,0.2493766,0
2022-06-26 06:59:19,0,0,0.2506266,0,0,97.24311,2.255639,0.2506266,0
2022-06-26 06:59:18,0,0,1.25,0.5,0,96,2.25,0,0
2022-06-26 06:59:17,0,0,1.4925373,0.2487562,0,94.02985,4.228856,0,0
2022-06-26 06:59:16,0,0,0.5012531,0.2506266,0,96.99248,1.754386,0.2506266,0
2022-06-26 06:59:15,0,0,0,0,0,99.25,0.5,0.25,0
2022-06-26 06:59:14,0,0,0.5,0.25,0,98.5,0.5,0.25,0
2022-06-26 06:59:13,0,0,0.4987531,0,0,97.50623,1.745636,0.2493766,0
2022-06-26 06:59:12,0,0,0.5,0,0,97.75,1.75,0,0
2022-06-26 06:59:11,0,0,1.25,0.25,0,95.75,2.5,0.25,0
2022-06-26 06:59:10,0,0,1.5037594,0.5012531,0,95.2381,2.756892,0,0
2022-06-26 06:59:09,0,0,0.25,0,0,97.75,1.75,0.25,0
2022-06-26 06:59:08,0,0,0.25,0,0,99.25,0.5,0,0
2022-06-26 06:59:07,0,0,0,0,0,99.50249,0.2487562,0.2487562,0
2022-06-26 06:59:06,0,0,0.5025126,0.2512563,0,97.23618,2.01005,0,0
2022-06-26 06:59:05,0,0,0.7481297,0.2493766,0,96.50873,1.995012,0.4987531,0
2022-06-26 06:59:04,0,0,1.25,0,0,95.25,3.5,0,0
2022-06-26 06:59:03,0,0,0.9975062,0.4987531,0,96.7581,1.2468828,0.4987531,0
2022-06-26 06:59:02,0,0,0.5025126,0,0,97.98995,1.5075377,0,0
2022-06-26 06:59:01,0,0,0.25,0,0,98.75,0.75,0.25,0
2022-06-26 06:59:00,0,0,0,0.2493766,0,98.25436,1.2468828,0.2493766,0
2022-06-26 06:58:59,0,0,0,0,0,98.49624,1.2531328,0.2506266,0
2022-06-26 06:58:58,0,0,0.7462687,0,0,97.26368,1.741294,0.2487562,0
2022-06-26 06:58:57,0,0,1.2531328,0.7518797,0,93.23308,4.761905,0,0
2022-06-26 06:58:56,0,0,1.2531328,0.5012531,0,94.98747,3.007519,0.2506266,0
2022-06-26 06:58:55,0,0,0.25,0,0,97.75,1.75,0.25,0
2022-06-26 06:58:54,0,0,0.2487562,0,0,98.00995,1.4925373,0.2487562,0
2022-06-26 06:58:53,0,0,0.4987531,0.2493766,0,98.00499,1.2468828,0,0
2022-06-26 06:58:52,0,0,0,0,0,97.98995,1.758794,0.2512563,0
2022-06-26 06:58:51,0,0,0.2493766,0,0,97.25686,2.244389,0.2493766,0
2022-06-26 06:58:50,0,0,0.2518892,0,0,96.72544,3.02267,0,0
2022-06-26 06:58:49,0,0,1.2406948,0.4962779,0,94.04467,4.218362,0,0
2022-06-26 06:58:48,0,0,1.75,0.25,0,90.75,7,0.25,0
2022-06-26 06:58:47,0,0,1.758794,0.2512563,0,87.68844,10.050251,0.2512563,0
2022-06-26 06:58:46,0,0,0.75,0,0,92.5,6.75,0,0
2022-06-26 06:58:45,0,0,0,0.2506266,0,94.48622,4.761905,0.5012531,0
2022-06-26 06:58:44,0,0,0.4975124,0,0,93.03483,5.970149,0.2487562,0
2022-06-26 06:58:43,0,0,0.2512563,0,0,93.96985,5.527638,0.2512563,0
2022-06-26 06:58:42,0,0,0.4987531,0.2493766,0,93.51621,5.486284,0.2493766,0
2022-06-26 06:58:41,0,0,0.25,0,0,88.25,10.75,0.25,0
2022-06-26 06:58:40,0,0,0.2518892,0,0,87.65743,8.816121,0.5037783,0
2022-06-26 06:58:39,0,0,0,0.5025126,0,90.45226,7.788945,0.5025126,0
2022-06-26 06:58:38,0,0,0.25,0,0,97.75,1.5,0.25,0
2022-06-26 06:58:37,0,0,0,0,0,96.99248,2.756892,0.2506266,0
2022-06-26 06:58:36,0,0,0,0,0,98.24561,1.754386,0,0
2022-06-26 06:58:35,0,0,0,0.25,0,97.5,2,0.25,0
2022-06-26 06:58:34,0,0,0.2487562,0.2487562,0,98.25871,1.2437811,0,0
2022-06-26 06:58:33,0,0,0,0,0,99.49875,0.2506266,0.2506266,0
2022-06-26 06:58:32,0,0,0,0,0,99.49875,0.5012531,0,0
2022-06-26 06:58:31,0,0,0.25,0,0,98.5,1,0.25,0
2022-06-26 06:58:30,0,0,0.2487562,0.2487562,0,98.00995,1.2437811,0.2487562,0
2022-06-26 06:58:29,0,0,0.75,0.25,0,96.75,2.25,0,0
2022-06-26 06:58:28,0,0,1.754386,0.5012531,0,94.23559,3.258145,0.2506266,0
2022-06-26 06:58:27,0,0,1,0.5,0,96.25,2,0.25,0
2022-06-26 06:58:26,0,0,0.2506266,0,0,98.49624,1.0025063,0.2506266,0
2022-06-26 06:58:25,0,0,0.4975124,0.2487562,0,97.01493,1.99005,0.2487562,0
2022-06-26 06:58:24,0,0,0.75,0.25,0,97,1.75,0.25,0
2022-06-26 06:58:23,0,0,0,0,0,99.25,0.5,0.25,0
2022-06-26 06:58:22,0,0,0.5012531,0.2506266,0,96.99248,2.255639,0,0
2022-06-26 06:58:21,0,0,1.2531328,0.2506266,0,96.2406,2.255639,0,0
2022-06-26 06:58:20,0,0,1.4888337,0.248139,0,94.78908,2.977667,0.4962779,0
2022-06-26 06:58:19,0,0,0.7481297,0.4987531,0,96.00998,2.493766,0.2493766,0
2022-06-26 06:58:18,0,0,0,0,0,97.98489,2.015113,0,0
2022-06-26 06:58:17,0,0,0.2493766,0,0,98.50374,0.9975062,0.2493766,0
2022-06-26 06:58:16,0,0,0,0,0,98.5,1.5,0,0
2022-06-26 06:58:15,0,0,0.2512563,0.5025126,0,98.24121,0.7537688,0.2512563,0
2022-06-26 06:58:14,0,0,1.5,0,0,95,3.25,0.25,0
2022-06-26 06:58:13,0,0,1.741294,0.4975124,0,94.02985,3.731343,0,0
2022-06-26 06:58:12,0,0,0.5012531,0,0,98.49624,0.7518797,0.2506266,0
2022-06-26 06:58:11,0,0,0,0,0,99.25187,0.4987531,0.2493766,0
2022-06-26 06:58:10,0,0,0,0,0,99.24812,0.7518797,0,0
2022-06-26 06:58:09,0,0,0,0.2493766,0,99.25187,0.4987531,0,0
2022-06-26 06:58:08,0,0,0.75,0,0,98,1.25,0,0
2022-06-26 06:58:07,0,0,1.5,0,0,95,3.5,0,0
2022-06-26 06:58:06,0,0,1.5037594,0.2506266,0,94.98747,3.258145,0,0
2022-06-26 06:58:05,0,0,0.4987531,0,0,96.7581,2.493766,0.2493766,0
2022-06-26 06:58:04,0,0,0,0,0,99,0.75,0.25,0
2022-06-26 06:58:03,0,0,0,0,0,99.49749,0.5025126,0,0
2022-06-26 06:58:02,0,0,0,0,0,99.00249,0.7481297,0.2493766,0
2022-06-26 06:58:01,0,0,0.5,0,0,98.5,0.75,0.25,0
2022-06-26 06:58:00,0,0,0.7518797,0.2506266,0,94.48622,4.511278,0,0
2022-06-26 06:57:59,0,0,1.99005,0.4975124,0,93.78109,3.482587,0.2487562,0
2022-06-26 06:57:58,0,0,1.0025063,0.5012531,0,94.98747,3.007519,0.5012531,0
2022-06-26 06:57:57,0,0,0.5,0,0,97,2.5,0,0
2022-06-26 06:57:56,0,0,0,0,0,98.99749,0.5012531,0.5012531,0
2022-06-26 06:57:55,0,0,0,0,0,99.00249,0.7481297,0.2493766,0
2022-06-26 06:57:54,0,0,0,0,0,98.49624,1.5037594,0,0
2022-06-26 06:57:53,0,0,0.2487562,0.2487562,0,97.26368,1.99005,0.2487562,0
2022-06-26 06:57:52,0,0,0.7481297,0.2493766,0,95.01247,3.740648,0.2493766,0
2022-06-26 06:57:51,0,0,1.745636,0.4987531,0,93.01746,4.488778,0.2493766,0
2022-06-26 06:57:50,0,0,1.754386,0.2506266,0,91.72932,6.265664,0,0
2022-06-26 06:57:49,0,0,1.5,0,0,89,9,0.5,0
2022-06-26 06:57:48,0,0,1.0050251,0.5025126,0,91.70854,6.78392,0,0
2022-06-26 06:57:47,0,0,0.2493766,0,0,91.27182,8.229426,0.2493766,0
2022-06-26 06:57:46,0,0,0.25,0,0,95.75,4,0,0
2022-06-26 06:57:45,0,0,0,0,0,94,5.75,0.25,0
2022-06-26 06:57:44,0,0,0,0,0,94.5,5.25,0.25,0
2022-06-26 06:57:43,0,0,0,0,0,89.67254,9.571788,0.5037783,0
2022-06-26 06:57:42,0,0,0.248139,0,0,88.58561,10.421836,0.248139,0
2022-06-26 06:57:41,0,0,0,0.75,0,84.25,7.25,0.25,0
2022-06-26 06:57:40,0,0,0,0,0,95.98997,4.010025,0,0
2022-06-26 06:57:39,0,0,0,0,0,99.25187,0.4987531,0.2493766,0
2022-06-26 06:57:38,0,0,0.25,0,0,98.75,1,0,0
2022-06-26 06:57:37,0,0,0,0,0,99.25,0.75,0,0
2022-06-26 06:57:36,0,0,0.2506266,0,0,98.49624,1.0025063,0.2506266,0
2022-06-26 06:57:35,0,0,0.2506266,0.2506266,0,98.99749,0.5012531,0,0
2022-06-26 06:57:34,0,0,0.2493766,0,0,99.00249,0.7481297,0,0
2022-06-26 06:57:33,0,0,0,0,0,98.75,1,0.25,0
2022-06-26 06:57:32,0,0,0.5,0.25,0,97,2,0.25,0
2022-06-26 06:57:31,0,0,1.2468828,0.2493766,0,95.01247,3.241895,0.2493766,0
2022-06-26 06:57:30,0,0,1.0025063,0.2506266,0,96.49123,2.005013,0.2506266,0
2022-06-26 06:57:29,0,0,0.7481297,0.2493766,0,95.7606,3.241895,0,0
2022-06-26 06:57:28,0,0,0.7481297,0,0,98.00499,0.9975062,0.2493766,0
2022-06-26 06:57:27,0,0,0,0,0,99.24623,0.7537688,0,0
2022-06-26 06:57:26,0,0,0.4987531,0.2493766,0,97.75561,1.2468828,0.2493766,0
2022-06-26 06:57:25,0,0,0.5012531,0.2506266,0,97.49373,1.754386,0,0
2022-06-26 06:57:24,0,0,1.4962594,0,0,96.25935,2.244389,0,0
2022-06-26 06:57:23,0,0,1.0025063,0.2506266,0,96.49123,1.754386,0.5012531,0
2022-06-26 06:57:22,0,0,0.7481297,0.2493766,0,97.25686,1.4962594,0.2493766,0
2022-06-26 06:57:21,0,0,0.5025126,0,0,97.23618,2.01005,0.2512563,0
2022-06-26 06:57:20,0,0,0.2493766,0,0,98.75312,0.9975062,0,0
2022-06-26 06:57:19,0,0,0.2493766,0.2493766,0,98.00499,1.4962594,0,0
2022-06-26 06:57:18,0,0,0.75,0,0,97,2,0.25,0
2022-06-26 06:57:17,0,0,1.0025063,0,0,96.2406,2.756892,0,0
2022-06-26 06:57:16,0,0,1.25,0.5,0,96,2,0.25,0
2022-06-26 06:57:15,0,0,1.2468828,0.2493766,0,95.26185,2.992519,0.2493766,0
2022-06-26 06:57:14,0,0,0.75,0,0,97.75,1.25,0.25,0
2022-06-26 06:57:13,0,0,0.5012531,0,0,97.99499,1.5037594,0,0
2022-06-26 06:57:12,0,0,1.4962594,0.2493766,0,96.50873,1.4962594,0.2493766,0
2022-06-26 06:57:11,0,0,0.7518797,0,0,97.49373,1.754386,0,0
2022-06-26 06:57:10,0,0,0.7481297,0,0,95.51122,3.491272,0.2493766,0
2022-06-26 06:57:09,0,0,1.0025063,0.2506266,0,97.49373,1.2531328,0,0
2022-06-26 06:57:08,0,0,0.75,0.25,0,95.5,3.25,0.25,0
2022-06-26 06:57:07,0,0,0.75,0.25,0,96.25,2.75,0,0
2022-06-26 06:57:06,0,0,0,0.2493766,0,99.00249,0.4987531,0.2493766,0
2022-06-26 06:57:05,0,0,0.25,0,0,98.5,1.25,0,0
2022-06-26 06:57:04,0,0,0.4987531,0,0,96.25935,2.743142,0.2493766,0
2022-06-26 06:57:03,0,0,0.7537688,0.7537688,0,95.22613,3.266332,0,0
2022-06-26 06:57:02,0,0,0.9950249,0.2487562,0,95.77114,2.736318,0.2487562,0
2022-06-26 06:57:01,0,0,1.25,0.5,0,94.75,3.5,0,0
2022-06-26 06:57:00,0,0,0.5025126,0,0,97.23618,1.758794,0.5025126,0
2022-06-26 06:56:59,0,0,0.25,0,0,98.25,1.25,0.25,0
2022-06-26 06:56:58,0,0,0,0,0,99.00498,0.7462687,0.2487562,0
2022-06-26 06:56:57,0,0,0.25,0.25,0,98,1.5,0,0
2022-06-26 06:56:56,0,0,0.25,0,0,97.75,2,0,0
2022-06-26 06:56:55,0,0,0.7537688,0.2512563,0,94.97487,4.020101,0,0
2022-06-26 06:56:54,0,0,1.2468828,0.7481297,0,93.26683,4.488778,0.2493766,0
2022-06-26 06:56:53,0,0,1.4962594,0.2493766,0,90.27431,7.481297,0.4987531,0
2022-06-26 06:56:52,0,0,0.9975062,0.2493766,0,91.27182,6.982544,0.4987531,0
2022-06-26 06:56:51,0,0,1.2531328,0.2506266,0,91.22807,7.017544,0.2506266,0
2022-06-26 06:56:50,0,0,0.5037783,0,0,92.9471,6.549118,0,0
2022-06-26 06:56:49,0,0,0.25,0,0,95.5,4,0.25,0
2022-06-26 06:56:48,0,0,0,0,0,93.98496,5.764411,0.2506266,0
2022-06-26 06:56:47,0,0,0.2487562,0.2487562,0,92.53731,6.467662,0.2487562,0
2022-06-26 06:56:46,0,0,0,0,0,91.5212,8.229426,0.2493766,0
2022-06-26 06:56:45,0,0,0,0.2518892,0,92.69521,7.052897,0,0
2022-06-26 06:56:44,0,0,0.25,0,0,93,6,0.5,0
2022-06-26 06:56:43,0,0,0,0,0,95.5,4,0.25,0
2022-06-26 06:56:42,0,0,0,0,0,97.5,2.5,0,0
2022-06-26 06:56:41,0,0,0,0,0,99.75,0.25,0,0
2022-06-26 06:56:40,0,0,0.2493766,0.2493766,0,98.50374,0.7481297,0.2493766,0
2022-06-26 06:56:39,0,0,0.5,0,0,98.5,1,0,0
2022-06-26 06:56:38,0,0,0,0.2506266,0,97.99499,1.754386,0,0
2022-06-26 06:56:37,0,0,0.25,0,0,98.5,1.25,0,0
2022-06-26 06:56:36,0,0,0,0,0,99,0.75,0.25,0
2022-06-26 06:56:35,0,0,0.5,0,0,97.5,1.75,0.25,0
2022-06-26 06:56:34,0,0,0.9950249,0.4975124,0,96.26866,2.238806,0,0
2022-06-26 06:56:33,0,0,0.7537688,0.5025126,0,96.98492,1.758794,0,0
2022-06-26 06:56:32,0,0,0.9925558,0,0,95.5335,2.977667,0.4962779,0
2022-06-26 06:56:31,0,0,0.5037783,0,0,98.74055,0.7556675,0,0
2022-06-26 06:56:30,0,0,0.2506266,0,0,98.49624,1.0025063,0.2506266,0
2022-06-26 06:56:29,0,0,0.2487562,0.2487562,0,98.25871,0.9950249,0.2487562,0
2022-06-26 06:56:28,0,0,0.5012531,0,0,98.24561,1.0025063,0.2506266,0
2022-06-26 06:56:27,0,0,0.4987531,0.2493766,0,97.00748,1.995012,0.2493766,0
2022-06-26 06:56:26,0,0,1.754386,0.2506266,0,94.98747,3.007519,0,0
2022-06-26 06:56:25,0,0,0.9950249,0.4975124,0,96.51741,1.741294,0.2487562,0
2022-06-26 06:56:24,0,0,1.754386,0,0,96.2406,2.005013,0,0
2022-06-26 06:56:23,0,0,0,0,0,98.99749,1.0025063,0,0
2022-06-26 06:56:22,0,0,0.4987531,0.2493766,0,98.00499,1.2468828,0,0
2022-06-26 06:56:21,0,0,0.5,0.25,0,98,1.25,0,0
2022-06-26 06:56:20,0,0,1.2531328,0,0,95.48872,3.258145,0,0
2022-06-26 06:56:19,0,0,1.5,0.5,0,94.25,3.75,0,0
2022-06-26 06:56:18,0,0,0.4987531,0.2493766,0,97.50623,1.2468828,0.4987531,0
2022-06-26 06:56:17,0,0,0.5,0,0,98.5,1,0,0
2022-06-26 06:56:16,0,0,0.2506266,0,0,98.49624,1.2531328,0,0
2022-06-26 06:56:15,0,0,0.25,0,0,98.75,1,0,0
2022-06-26 06:56:14,0,0,0.7481297,0.4987531,0,96.00998,2.493766,0.2493766,0
2022-06-26 06:56:13,0,0,1.2468828,0,0,95.01247,3.491272,0.2493766,0
2022-06-26 06:56:12,0,0,1.2562814,0.2512563,0,95.47739,3.015075,0,0
2022-06-26 06:56:11,0,0,0.2493766,0.2493766,0,98.00499,1.2468828,0.2493766,0
2022-06-26 06:56:10,0,0,0.25,0,0,97.75,1.75,0.25,0
2022-06-26 06:56:09,0,0,0.5012531,0,0,97.99499,1.2531328,0.2506266,0
2022-06-26 06:56:08,0,0,0,0,0,98.50374,1.4962594,0,0
2022-06-26 06:56:07,0,0,0.5,0.25,0,96,2.75,0.5,0
2022-06-26 06:56:06,0,0,1,0.25,0,95.5,3,0.25,0
2022-06-26 06:56:05,0,0,1.25,0.25,0,94.75,3.5,0.25,0
2022-06-26 06:56:04,0,0,1.2531328,0.2506266,0,94.48622,3.759398,0.2506266,0
2022-06-26 06:56:03,0,0,0.25,0.25,0,98.25,1.25,0,0
2022-06-26 06:56:02,0,0,0,0,0,98.75,1,0,0
2022-06-26 06:56:01,0,0,0.5,0.25,0,97,2,0.25,0
2022-06-26 06:56:00,0,0,0.4987531,0.2493766,0,97.00748,1.995012,0.2493766,0
2022-06-26 06:55:59,0,0,0.2506266,0,0,97.49373,2.005013,0.2506266,0
2022-06-26 06:55:58,0,0,0.7481297,0.2493766,0,93.51621,5.486284,0,0
2022-06-26 06:55:57,0,0,1.2437811,0.7462687,0,91.54229,5.970149,0.4975124,0
2022-06-26 06:55:56,0,0,1.763224,0.2518892,0,89.92443,7.808564,0.2518892,0
2022-06-26 06:55:55,0,0,1.0025063,0.2506266,0,92.23058,6.516291,0,0
2022-06-26 06:55:54,0,0,0.4975124,0,0,90.04975,9.20398,0.2487562,0
2022-06-26 06:55:53,0,0,0,0,0,95.98997,3.759398,0.2506266,0
2022-06-26 06:55:52,0,0,0.2493766,0.4987531,0,96.00998,2.992519,0.2493766,0
2022-06-26 06:55:51,0,0,0.4987531,0,0,94.01496,5.486284,0,0
2022-06-26 06:55:50,0,0,0.2493766,0,0,91.27182,7.98005,0.2493766,0
2022-06-26 06:55:49,0,0,0.2512563,0,0,89.69849,8.542714,0,0
2022-06-26 06:55:48,0,0,0.2487562,0.9950249,0,55.22388,8.955224,0.2487562,0
2022-06-26 06:55:47,0,0,0.2525253,0,0,89.64646,7.828283,0.2525253,0
2022-06-26 06:55:46,0,0,0,0,0,97.25686,2.493766,0.2493766,0
2022-06-26 06:55:45,0,0,0,0,0,97.49373,2.506266,0,0
2022-06-26 06:55:44,0,0,0.2493766,0,0,98.50374,0.9975062,0.2493766,0
2022-06-26 06:55:43,0,0,0,0.5012531,0,97.24311,2.005013,0.2506266,0
2022-06-26 06:55:42,0,0,0.2493766,0.2493766,0,97.75561,1.745636,0,0
2022-06-26 06:55:41,0,0,0,0,0,99.5,0.25,0.25,0
2022-06-26 06:55:40,0,0,0.25,0,0,99.25,0.5,0,0
2022-06-26 06:55:39,0,0,0,0,0,99.24812,0.7518797,0,0
2022-06-26 06:55:38,0,0,0.5,0,0,97.75,1.5,0.25,0
2022-06-26 06:55:37,0,0,0.9975062,0.2493766,0,96.00998,2.493766,0.2493766,0
2022-06-26 06:55:36,0,0,1.5,0.25,0,90.75,7.5,0,0
2022-06-26 06:55:35,0,0,0.5012531,0,0,97.49373,2.005013,0,0
2022-06-26 06:55:34,0,0,0,0,0,99.25,0.5,0.25,0
2022-06-26 06:55:33,0,0,0.2493766,0.4987531,0,98.50374,0.4987531,0.2493766,0
2022-06-26 06:55:32,0,0,0.5,0,0,97.25,2,0.25,0
2022-06-26 06:55:31,0,0,0.5,0,0,98.5,1,0,0
2022-06-26 06:55:30,0,0,1,0,0,96,2.75,0.25,0
2022-06-26 06:55:29,0,0,1.25,0.25,0,96,2.25,0.25,0
2022-06-26 06:55:28,0,0,1,0.25,0,97.25,1.5,0,0
2022-06-26 06:55:27,0,0,0.25,0,0,97.75,1.75,0.25,0
2022-06-26 06:55:26,0,0,0.5,0.25,0,97,2.25,0,0
2022-06-26 06:55:25,0,0,0,0,0,99.25,0.75,0,0
2022-06-26 06:55:24,0,0,1.0025063,0,0,97.99499,1.0025063,0,0
2022-06-26 06:55:23,0,0,1.4962594,0,0,95.01247,2.992519,0.4987531,0
2022-06-26 06:55:22,0,0,1.4962594,0.4987531,0,96.00998,1.995012,0,0
2022-06-26 06:55:21,0,0,0.7537688,0,0,96.48241,2.512563,0.2512563,0
2022-06-26 06:55:20,0,0,0.75,0.5,0,95.75,2.75,0.25,0
2022-06-26 06:55:19,0,0,0.2493766,0,0,98.75312,0.7481297,0.2493766,0
2022-06-26 06:55:18,0,0,2.756892,0,0,95.73935,1.2531328,0.2506266,0
2022-06-26 06:55:17,0,0,0.4975124,0.2487562,0,98.00995,0.9950249,0.2487562,0
2022-06-26 06:55:16,0,0,1.0050251,0.2512563,0,96.98492,1.2562814,0.5025126,0
2022-06-26 06:55:15,0,0,0.9975062,0.4987531,0,96.25935,1.995012,0.2493766,0
2022-06-26 06:55:14,0,0,0.7481297,0.2493766,0,96.25935,2.493766,0.2493766,0
2022-06-26 06:55:13,0,0,1.0025063,0,0,96.74185,2.255639,0,0
2022-06-26 06:55:12,0,0,0,0.2506266,0,98.99749,0.7518797,0,0
2022-06-26 06:55:11,0,0,0,0,0,99,1,0,0
2022-06-26 06:55:10,0,0,0.2493766,0,0,98.25436,1.2468828,0.2493766,0
2022-06-26 06:55:09,0,0,0.75,0,0,97,2.25,0,0
2022-06-26 06:55:08,0,0,0.7518797,0.2506266,0,94.73684,4.010025,0.2506266,0
2022-06-26 06:55:07,0,0,1.2468828,0.2493766,0,95.01247,3.241895,0.2493766,0
2022-06-26 06:55:06,0,0,1,0,0,95.75,3,0.25,0
2022-06-26 06:55:05,0,0,0.25,0.25,0,97.75,1.5,0.25,0
2022-06-26 06:55:04,0,0,0.2493766,0,0,98.00499,1.4962594,0.2493766,0
2022-06-26 06:55:03,0,0,0,0,0,98.99749,1.0025063,0,0
2022-06-26 06:55:02,0,0,0.2506266,0,0,96.74185,2.506266,0.5012531,0
2022-06-26 06:55:01,0,0,0.75,0,0,97.25,1.75,0.25,0
2022-06-26 06:55:00,0,0,0.75,0,0,92.75,6,0.25,0
2022-06-26 06:54:59,0,0,1.2468828,0.4987531,0,93.01746,5.236908,0,0
2022-06-26 06:54:58,0,0,1.4962594,0.2493766,0,92.76808,4.987531,0.4987531,0
2022-06-26 06:54:57,0,0,1.4962594,0.2493766,0,90.52369,7.481297,0.2493766,0
2022-06-26 06:54:56,0,0,0.5025126,0,0,89.44724,9.798995,0.2512563,0
2022-06-26 06:54:55,0,0,0.2493766,0.2493766,0,93.26683,5.985037,0.2493766,0
2022-06-26 06:54:54,0,0,0.2506266,0,0,93.48371,6.015038,0.2506266,0
2022-06-26 06:54:53,0,0,0,0.2493766,0,92.5187,6.733167,0.4987531,0
2022-06-26 06:54:52,0,0,0.2506266,0.2506266,0,95.48872,4.010025,0,0
2022-06-26 06:54:51,0,0,0,0,0,93.23308,6.516291,0.2506266,0
2022-06-26 06:54:50,0,0,0,0.4975124,0,85.07463,9.950249,0.2487562,0
2022-06-26 06:54:49,0,0,0.2525253,0.2525253,0,82.57576,5.555556,0.5050505,0
2022-06-26 06:54:48,0,0,0,0.2487562,0,96.51741,2.985075,0.2487562,0
2022-06-26 06:54:47,0,0,0.25,0,0,98.75,1,0,0
2022-06-26 06:54:46,0,0,0,0,0,99.25,0.75,0,0
2022-06-26 06:54:45,0,0,0,0,0,98.25,1.75,0,0
2022-06-26 06:54:44,0,0,0.2493766,0,0,98.50374,0.9975062,0.2493766,0
2022-06-26 06:54:43,0,0,0.5012531,0,0,97.49373,1.5037594,0.5012531,0
2022-06-26 06:54:42,0,0,0.4987531,0.2493766,0,97.75561,1.4962594,0,0
2022-06-26 06:54:41,0,0,0.2506266,0,0,98.24561,1.2531328,0.2506266,0
2022-06-26 06:54:40,0,0,0,0,0,99.24812,0.7518797,0,0
2022-06-26 06:54:39,0,0,0.2493766,0.2493766,0,98.25436,1.2468828,0,0
2022-06-26 06:54:38,0,0,1.25,0,0,95.25,3,0.5,0
2022-06-26 06:54:37,0,0,1.5037594,0.5012531,0,95.2381,2.756892,0,0
2022-06-26 06:54:36,0,0,0.4987531,0,0,98.25436,0.9975062,0.2493766,0
2022-06-26 06:54:35,0,0,0.25,0,0,98.5,1,0.25,0
2022-06-26 06:54:34,0,0,0.4987531,0.2493766,0,98.25436,0.9975062,0,0
2022-06-26 06:54:33,0,0,0,0,0,97.99499,1.754386,0.2506266,0
2022-06-26 06:54:32,0,0,0.5012531,0,0,97.99499,1.5037594,0,0
2022-06-26 06:54:31,0,0,1.2468828,0.2493766,0,95.01247,3.241895,0.2493766,0
2022-06-26 06:54:30,0,0,1.741294,0.4975124,0,94.02985,3.731343,0,0
2022-06-26 06:54:29,0,0,0,0,0,98.99749,1.0025063,0,0
2022-06-26 06:54:28,0,0,0.2506266,0,0,98.24561,1.2531328,0.2506266,0
2022-06-26 06:54:27,0,0,0.5012531,0,0,98.49624,1.0025063,0,0
2022-06-26 06:54:26,0,0,0.4987531,0.2493766,0,98.00499,0.9975062,0.2493766,0
2022-06-26 06:54:25,0,0,0.5,0,0,97.5,2,0,0
2022-06-26 06:54:24,0,0,1.745636,0.2493766,0,94.51372,2.992519,0.4987531,0
2022-06-26 06:54:23,0,0,1.25,0.25,0,95,3.25,0.25,0
2022-06-26 06:54:22,0,0,0.5012531,0,0,98.74687,0.5012531,0.2506266,0
2022-06-26 06:54:21,0,0,0,0,0,99.49875,0.2506266,0.2506266,0
2022-06-26 06:54:20,0,0,0.25,0,0,98.5,1.25,0,0
2022-06-26 06:54:19,0,0,0.4987531,0,0,98.25436,1.2468828,0,0
2022-06-26 06:54:18,0,0,0.75,0.5,0,95.5,2.75,0.5,0
2022-06-26 06:54:17,0,0,1.5037594,0,0,94.23559,4.010025,0.2506266,0
2022-06-26 06:54:16,0,0,1.2406948,0.4962779,0,95.03722,2.729529,0.4962779,0
2022-06-26 06:54:15,0,0,0.5037783,0.2518892,0,97.22922,2.015113,0,0
2022-06-26 06:54:14,0,0,0,0,0,98.00499,1.4962594,0.2493766,0
2022-06-26 06:54:13,0,0,0,0,0,98.75,1,0.25,0
2022-06-26 06:54:12,0,0,0.5,0.25,0,97,2.25,0,0
2022-06-26 06:54:11,0,0,1,0,0,96,2.75,0.25,0
2022-06-26 06:54:10,0,0,0.7518797,0,0,96.49123,2.756892,0,0
2022-06-26 06:54:09,0,0,0.9950249,0.2487562,0,95.52239,2.985075,0.2487562,0
2022-06-26 06:54:08,0,0,1,0.25,0,96.25,2.25,0.25,0
2022-06-26 06:54:07,0,0,0.2506266,0,0,97.99499,1.754386,0,0
2022-06-26 06:54:06,0,0,0.5,0,0,97,2,0.5,0
2022-06-26 06:54:05,0,0,0,0,0,99.25,0.5,0.25,0
2022-06-26 06:54:04,0,0,0.2493766,0.2493766,0,96.7581,2.493766,0.2493766,0
2022-06-26 06:54:03,0,0,1.2468828,0.2493766,0,96.50873,1.995012,0,0
2022-06-26 06:54:02,0,0,1.4962594,0.4987531,0,92.76808,4.738155,0.4987531,0
2022-06-26 06:54:01,0,0,1.2562814,0,0,91.45729,7.035176,0.2512563,0
2022-06-26 06:54:00,0,0,0.75,0.5,0,91.25,7.25,0.25,0
2022-06-26 06:53:59,0,0,1,0.5,0,93.25,5,0.25,0
2022-06-26 06:53:58,0,0,0.7518797,0.2506266,0,91.97995,7.017544,0,0
2022-06-26 06:53:57,0,0,0.5,0,0,93,6.5,0,0
2022-06-26 06:53:56,0,0,0.2487562,0.2487562,0,93.28358,5.970149,0.2487562,0
2022-06-26 06:53:55,0,0,0.2512563,0,0,90.95477,8.542714,0.2512563,0
2022-06-26 06:53:54,0,0,0,0,0,89.27681,10.224439,0.2493766,0
2022-06-26 06:53:53,0,0,0,0.2506266,0,92.98246,6.766917,0,0
2022-06-26 06:53:52,0,0,0.2493766,0,0,93.26683,5.486284,0.2493766,0
2022-06-26 06:53:51,0,0,0.2506266,0,0,93.98496,5.513784,0.2506266,0
2022-06-26 06:53:50,0,0,0.2506266,0,0,96.99248,2.506266,0,0
2022-06-26 06:53:49,0,0,0.2487562,0,0,97.26368,2.238806,0.2487562,0
2022-06-26 06:53:48,0,0,0.2506266,0.2506266,0,97.99499,1.5037594,0,0
2022-06-26 06:53:47,0,0,0.25,0,0,98.5,1,0.25,0
2022-06-26 06:53:46,0,0,0.25,0,0,98.75,1,0,0
2022-06-26 06:53:45,0,0,2,0,0,96,2,0,0
2022-06-26 06:53:44,0,0,0.5,0,0,98.75,0.75,0,0
2022-06-26 06:53:43,0,0,0.5,0,0,98.25,1.25,0,0
2022-06-26 06:53:42,0,0,0.75,0.5,0,95.25,3,0.5,0
2022-06-26 06:53:41,0,0,0.75,0.5,0,97,1.75,0,0
2022-06-26 06:53:40,0,0,0.5,0.25,0,97.25,1.75,0.25,0
2022-06-26 06:53:39,0,0,0.5,0,0,98,1.5,0,0
2022-06-26 06:53:38,0,0,0.75,0,0,97.25,1.5,0.5,0
2022-06-26 06:53:37,0,0,0.5,0,0,97.75,1.5,0.25,0
2022-06-26 06:53:36,0,0,0.2493766,0.2493766,0,98.00499,1.2468828,0.2493766,0
2022-06-26 06:53:35,0,0,1.2531328,0.2506266,0,96.74185,1.754386,0,0
2022-06-26 06:53:34,0,0,0.75,0.25,0,97.75,1.25,0,0
2022-06-26 06:53:33,0,0,0.5012531,0,0,97.24311,2.005013,0.2506266,0
2022-06-26 06:53:32,0,0,1.2406948,0.4962779,0,96.02978,1.985112,0.248139,0
2022-06-26 06:53:31,0,0,1.2531328,0.2506266,0,95.98997,2.005013,0.5012531,0
2022-06-26 06:53:30,0,0,3.25,0,0,94,2.25,0.5,0
2022-06-26 06:53:29,0,0,0.7537688,0,0,97.48744,1.2562814,0.5025126,0
2022-06-26 06:53:28,0,0,1.99005,0.9950249,0,94.27861,2.238806,0.4975124,0
2022-06-26 06:53:27,0,0,1.754386,0,0,94.48622,3.508772,0.2506266,0
2022-06-26 06:53:26,0,0,1.75,0,0,95,2.75,0.5,0
2022-06-26 06:53:25,0,0,1.2468828,0.2493766,0,96.00998,1.745636,0.7481297,0
2022-06-26 06:53:24,0,0,1.758794,0.2512563,0,95.72864,1.758794,0.5025126,0
2022-06-26 06:53:23,0,0,0.9950249,0.4975124,0,96.51741,1.741294,0.2487562,0
2022-06-26 06:53:22,0,0,0.5012531,0.2506266,0,97.49373,1.5037594,0.2506266,0
2022-06-26 06:53:21,0,0,1.745636,0.2493766,0,95.01247,2.493766,0.4987531,0
2022-06-26 06:53:20,0,0,2.255639,0.7518797,0,92.73183,4.010025,0.2506266,0
2022-06-26 06:53:19,0,0,4,0.125,0,82.5,5.25,8.125,0
2022-06-26 06:53:18,0,0,1.0154032,0.0317313,0,20.94269,1.3327166,2.062538,0
2022-06-26 06:53:17,null,null,null,null,null,null,null,null,null
2022-06-26 06:53:16,null,null,null,null,null,null,null,null,null
2022-06-26 06:53:15,null,null,null,null,null,null,null,null,null
2022-06-26 06:53:14,null,null,null,null,null,null,null,null,null
2022-06-26 06:53:13,null,null,null,null,null,null,null,null,null
2022-06-26 06:53:12,null,null,null,null,null,null,null,null,null
2022-06-26 06:53:11,null,null,null,null,null,null,null,null,null
2022-06-26 06:53:10,null,null,null,null,null,null,null,null,null
2022-06-26 06:53:09,null,null,null,null,null,null,null,null,null
2022-06-26 06:53:08,null,null,null,null,null,null,null,null,null
2022-06-26 06:53:07,null,null,null,null,null,null,null,null,null
2022-06-26 06:53:06,0,0,4.030227,0.2518892,0,88.66499,6.801008,0.2518892,0
2022-06-26 06:53:05,0,0,3.015075,0,0,90.70352,5.527638,0.2512563,0
2022-06-26 06:53:04,0,0,3.45679,0.2469136,0,91.35802,4.444444,0.4938272,0
2022-06-26 06:53:03,0,0,3.544304,0.7594937,0,89.11392,6.329114,0,0
2022-06-26 06:53:02,0,0,5.693069,0.2475248,0,87.87129,5.693069,0.4950495,0
2022-06-26 06:53:01,0,0,3.759398,0.5012531,0,88.7218,6.766917,0.2506266,0
2022-06-26 06:53:00,0,0,1.741294,0.2487562,0,92.0398,5.472637,0.4975124,0
2022-06-26 06:52:59,0,0,1.2531328,0,0,91.22807,7.26817,0.2506266,0
2022-06-26 06:52:58,0,0,1.2531328,0.5012531,0,88.47118,9.52381,0.2506266,0
2022-06-26 06:52:57,0,0,0.9975062,0.2493766,0,86.28429,12.219451,0.2493766,0
2022-06-26 06:52:56,0,0,0.5012531,0,0,89.72431,9.52381,0.2506266,0
2022-06-26 06:52:55,0,0,0.5,0,0,80,19,0.25,0
2022-06-26 06:52:54,0,0,1.745636,0,0,91.02244,6.733167,0.4987531,0
2022-06-26 06:52:53,0,0,0.5,0,0,91.25,8,0.25,0
2022-06-26 06:52:52,0,0,0.5012531,0,0,82.95739,8.02005,8.521303,0
2022-06-26 06:52:51,0,0,0.2506266,0.2506266,0,70.42607,10.776942,18.29574,0
2022-06-26 06:52:50,0,0,0.2493766,0,0,69.57606,12.718204,17.45636,0
2022-06-26 06:52:49,0,0,0,0,0,68.92231,13.533835,17.54386,0
2022-06-26 06:52:48,0,0,0.9925558,0.248139,0,67.24566,8.684864,21.33995,0
2022-06-26 06:52:47,0,0,0,0,0,22.30576,5.012531,7.518797,64.66165
2022-06-26 06:52:46,0,0,2.992519,0.4987531,0,84.78803,6.733167,0.4987531,2.493766
2022-06-26 06:52:45,0,0,3.274559,0.2518892,0,84.13098,6.549118,5.793451,0
2022-06-26 06:52:44,0,0,2.75,0,0,86,5.5,5.75,0
2022-06-26 06:52:43,0,0,2.5,0.25,0,80.75,4.25,12.25,0
2022-06-26 06:52:42,0,0,4.761905,0,0,88.22055,5.263158,1.754386,0
2022-06-26 06:52:41,0,0,3.740648,0.2493766,0,88.77805,5.486284,1.745636,0
2022-06-26 06:52:40,0,0,1.2406948,0.4962779,0,96.27792,1.4888337,0.4962779,0
2022-06-26 06:52:39,0,0,0.2506266,0.2506266,0,95.73935,3.508772,0.2506266,0
2022-06-26 06:52:38,0,0,2.255639,0,0,94.23559,3.258145,0.2506266,0
2022-06-26 06:52:37,0,0,0.7537688,0.2512563,0,97.73869,1.2562814,0,0
2022-06-26 06:52:36,0,0,0.2487562,0,0,98.25871,1.2437811,0.2487562,0
2022-06-26 06:52:35,0,0,0.75,0.25,0,97,2,0,0
2022-06-26 06:52:34,0,0,1.2468828,0.7481297,0,95.26185,2.493766,0.2493766,0
2022-06-26 06:52:33,0,0,1.0050251,0,0,96.73367,2.01005,0.2512563,0
2022-06-26 06:52:32,0,0,0,0,0,98.25436,1.745636,0,0
2022-06-26 06:52:31,0,0,0.2506266,0.2506266,0,97.74436,1.5037594,0.2506266,0
2022-06-26 06:52:30,0,0,0.5,0,0,97.75,1.75,0,0
2022-06-26 06:52:29,0,0,0.2493766,0,0,97.75561,1.745636,0.2493766,0
2022-06-26 06:52:28,0,0,1,0,0,97,1.75,0.25,0
2022-06-26 06:52:27,0,0,1.2531328,0.2506266,0,95.48872,2.756892,0.2506266,0
2022-06-26 06:52:26,0,0,1,0.25,0,97.25,1.25,0,0
2022-06-26 06:52:25,0,0,0.4975124,0.2487562,0,98.25871,0.7462687,0.2487562,0
2022-06-26 06:52:24,0,0,0.5,0,0,98.75,0.75,0,0
2022-06-26 06:52:23,0,0,0.5025126,0,0,97.23618,1.758794,0.5025126,0
2022-06-26 06:52:22,0,0,0.5,0,0,97.75,1.75,0,0
2022-06-26 06:52:21,0,0,0.75,0.5,0,96.75,1.75,0.25,0
2022-06-26 06:52:20,0,0,1.4925373,0,0,92.78607,5.472637,0.2487562,0
2022-06-26 06:52:19,0,0,0.7537688,0.2512563,0,96.98492,1.5075377,0.5025126,0
2022-06-26 06:52:18,0,0,0.25,0.25,0,98.5,0.75,0.25,0
2022-06-26 06:52:17,0,0,0.25,0,0,98.25,1.25,0.25,0
2022-06-26 06:52:16,0,0,0,0,0,99,1,0,0
2022-06-26 06:52:15,0,0,0.75,0.25,0,96.5,2.25,0.25,0
2022-06-26 06:52:14,0,0,1,0.25,0,96,2.25,0.5,0
2022-06-26 06:52:13,0,0,1.2531328,0.2506266,0,94.98747,3.258145,0.2506266,0
2022-06-26 06:52:12,0,0,0.7481297,0,0,95.26185,3.740648,0.2493766,0
2022-06-26 06:52:11,0,0,0,0,0,98.74687,1.2531328,0,0
2022-06-26 06:52:10,0,0,0.2493766,0,0,98.75312,0.7481297,0.2493766,0
2022-06-26 06:52:09,0,0,0,0,0,99.74937,0.2506266,0,0
2022-06-26 06:52:08,0,0,0.2493766,0.2493766,0,98.00499,1.2468828,0.2493766,0
2022-06-26 06:52:07,0,0,1,0.25,0,95.75,2.5,0.5,0
2022-06-26 06:52:06,0,0,1.745636,0.2493766,0,93.26683,4.488778,0.2493766,0
2022-06-26 06:52:05,0,0,0.9975062,0.2493766,0,95.01247,3.241895,0.4987531,0
2022-06-26 06:52:04,0,0,0.2506266,0,0,96.99248,2.506266,0.2506266,0
2022-06-26 06:52:03,0,0,0,0,0,98.74687,1.0025063,0.2506266,0
2022-06-26 06:52:02,0,0,0,0,0,99.74937,0.2506266,0,0
2022-06-26 06:52:01,0,0,0.2493766,0,0,98.50374,0.9975062,0.2493766,0
2022-06-26 06:52:00,0,0,0.2493766,0.2493766,0,97.25686,1.995012,0.2493766,0
2022-06-26 06:51:59,0,0,0.9975062,0.2493766,0,95.51122,3.241895,0,0
2022-06-26 06:51:58,0,0,1.0050251,0,0,94.97487,3.517588,0.5025126,0
2022-06-26 06:51:57,0,0,1.741294,0.2487562,0,91.04478,6.716418,0.2487562,0
2022-06-26 06:51:56,0,0,1.25,0.5,0,90,8,0.25,0
2022-06-26 06:51:55,0,0,0.5,0.25,0,91.25,7.5,0.5,0
2022-06-26 06:51:54,0,0,0.2512563,0,0,93.46734,6.281407,0,0
2022-06-26 06:51:53,0,0,0.2493766,0.2493766,0,93.26683,5.735661,0.4987531,0
2022-06-26 06:51:52,0,0,0.2493766,0,0,93.76559,5.735661,0.2493766,0
2022-06-26 06:51:51,0,0,0,0,0,92.9471,6.801008,0.2518892,0
2022-06-26 06:51:50,0,0,0.2487562,0,0,92.0398,6.965174,0.2487562,0
2022-06-26 06:51:49,0,0,0.7518797,0,0,83.20802,9.52381,0.5012531,0
2022-06-26 06:51:48,0,0,0.5025126,0.2512563,0,91.20603,8.040201,0,0
2022-06-26 06:51:47,0,0,0.2506266,0,0,97.24311,2.506266,0,0
2022-06-26 06:51:46,0,0,0,0,0,98.25436,1.2468828,0.4987531,0
2022-06-26 06:51:45,0,0,0,0,0,98.00499,1.995012,0,0
2022-06-26 06:51:44,0,0,0,0,0,97.5,2,0.25,0
2022-06-26 06:51:43,0,0,0.75,0,0,96.25,2.75,0.25,0
2022-06-26 06:51:42,0,0,0,0.25,0,97.5,2.25,0,0
2022-06-26 06:51:41,0,0,0,0,0,98.99749,1.0025063,0,0
2022-06-26 06:51:40,0,0,0.2493766,0,0,98.75312,0.7481297,0.2493766,0
2022-06-26 06:51:39,0,0,0,0,0,97.99499,2.005013,0,0
2022-06-26 06:51:38,0,0,0.4975124,0,0,97.01493,1.99005,0.4975124,0
2022-06-26 06:51:37,0,0,1.5,0.25,0,94.5,3.5,0.25,0
2022-06-26 06:51:36,0,0,0.7537688,0.2512563,0,96.98492,2.01005,0,0
2022-06-26 06:51:35,0,0,0.4962779,0,0,98.26303,0.9925558,0.248139,0
2022-06-26 06:51:34,0,0,0.2512563,0.2512563,0,98.74372,0.5025126,0.2512563,0
2022-06-26 06:51:33,0,0,0,0,0,99.24812,0.5012531,0.2506266,0
2022-06-26 06:51:32,0,0,0,0,0,98.75,1.25,0,0
2022-06-26 06:51:31,0,0,0.7481297,0.2493766,0,97.25686,1.2468828,0.4987531,0
2022-06-26 06:51:30,0,0,1.99005,0.7462687,0,93.53234,3.482587,0.2487562,0
2022-06-26 06:51:29,0,0,0.5037783,0,0,97.48111,1.763224,0.2518892,0
2022-06-26 06:51:28,0,0,0.5,0.5,0,97.25,1.75,0,0
2022-06-26 06:51:27,0,0,0.5,0,0,98.5,0.75,0.25,0
2022-06-26 06:51:26,0,0,0,0,0,99.00249,0.9975062,0,0
2022-06-26 06:51:25,0,0,0.5012531,0.2506266,0,97.99499,1.2531328,0,0
2022-06-26 06:51:24,0,0,0.7462687,0,0,97.26368,1.741294,0.2487562,0
2022-06-26 06:51:23,0,0,1.75,0.5,0,93.25,3.75,0.75,0
2022-06-26 06:51:22,0,0,1.0025063,0,0,96.99248,1.754386,0.2506266,0
2022-06-26 06:51:21,0,0,0.2506266,0,0,98.24561,1.5037594,0,0
2022-06-26 06:51:20,0,0,0.2493766,0.2493766,0,97.25686,2.244389,0,0
2022-06-26 06:51:19,0,0,0.2506266,0,0,98.49624,0.7518797,0.5012531,0
2022-06-26 06:51:18,0,0,0.7444169,0.248139,0,96.77419,1.736973,0.4962779,0
2022-06-26 06:51:17,0,0,0.7518797,0,0,96.74185,2.255639,0.2506266,0
2022-06-26 06:51:16,0,0,1.0050251,0.2512563,0,95.72864,2.763819,0.2512563,0
2022-06-26 06:51:15,0,0,1.25,0.25,0,95,3.25,0.25,0
2022-06-26 06:51:14,0,0,0,0,0,98.25,1.5,0.25,0
2022-06-26 06:51:13,0,0,0.4962779,0.248139,0,97.27047,1.736973,0,0
2022-06-26 06:51:12,0,0,0.2512563,0.2512563,0,98.24121,0.7537688,0.5025126,0
2022-06-26 06:51:11,0,0,0.4987531,0,0,97.00748,2.493766,0,0
2022-06-26 06:51:10,0,0,0.5012531,0.2506266,0,98.24561,0.5012531,0.5012531,0
2022-06-26 06:51:09,0,0,0.75,0.25,0,95.5,3.5,0,0
2022-06-26 06:51:08,0,0,1.2406948,0.4962779,0,95.03722,2.729529,0.4962779,0
2022-06-26 06:51:07,0,0,0.7556675,0,0,94.71033,4.534005,0,0
2022-06-26 06:51:06,0,0,0.75,0,0,97,2.25,0,0
2022-06-26 06:51:05,0,0,0.25,0,0,98.75,0.75,0.25,0
2022-06-26 06:51:04,0,0,0.25,0,0,97.75,1.75,0.25,0
2022-06-26 06:51:03,0,0,0.5012531,0.2506266,0,97.74436,1.2531328,0.2506266,0
2022-06-26 06:51:02,0,0,0,0.25,0,99,0.5,0.25,0
2022-06-26 06:51:01,0,0,0.4962779,0.248139,0,97.02233,1.985112,0.248139,0
2022-06-26 06:51:00,0,0,0.7537688,0,0,95.47739,3.768844,0,0
2022-06-26 06:50:59,0,0,1.4962594,0.2493766,0,92.76808,5.236908,0.2493766,0
2022-06-26 06:50:58,0,0,1.75,0.5,0,90.5,6.75,0.5,0
2022-06-26 06:50:57,0,0,0.7537688,0,0,88.44221,10.80402,0,0
2022-06-26 06:50:56,0,0,0.2493766,0,0,93.76559,5.735661,0.2493766,0
2022-06-26 06:50:55,0,0,0.2512563,0,0,95.47739,4.020101,0.2512563,0
2022-06-26 06:50:54,0,0,0.4975124,0.2487562,0,93.53234,5.223881,0.2487562,0
2022-06-26 06:50:53,0,0,0.2506266,0,0,94.48622,5.263158,0,0
2022-06-26 06:50:52,0,0,0.2493766,0.2493766,0,91.77057,7.481297,0.2493766,0
2022-06-26 06:50:51,0,0,0,0,0,87.46867,11.528822,0.5012531,0
2022-06-26 06:50:50,0,0,0.2518892,0.2518892,0,83.87909,10.327456,0.2518892,0
2022-06-26 06:50:49,0,0,0,0.5,0,95,4.25,0.25,0
2022-06-26 06:50:48,0,0,0.25,0,0,98,1.75,0,0
2022-06-26 06:50:47,0,0,0,0,0,97.5,2.25,0.25,0
2022-06-26 06:50:46,0,0,0,0.2506266,0,98.99749,0.7518797,0,0
2022-06-26 06:50:45,0,0,0.2506266,0,0,97.49373,2.005013,0.2506266,0
2022-06-26 06:50:44,0,0,0,0.2487562,0,98.50746,1.2437811,0,0
2022-06-26 06:50:43,0,0,0.2512563,0,0,98.24121,1.0050251,0.5025126,0
2022-06-26 06:50:42,0,0,0.2487562,0.2487562,0,98.50746,0.7462687,0.2487562,0
2022-06-26 06:50:41,0,0,0.25,0,0,98.5,1.25,0,0
2022-06-26 06:50:40,0,0,0.2506266,0,0,98.49624,1.0025063,0.2506266,0
2022-06-26 06:50:39,0,0,1.4962594,0,0,95.01247,2.743142,0.7481297,0
2022-06-26 06:50:38,0,0,1.0025063,0,0,95.73935,3.007519,0.2506266,0
2022-06-26 06:50:37,0,0,0.5,0.25,0,96.75,2.25,0.25,0
2022-06-26 06:50:36,0,0,0.5025126,0,0,96.73367,2.512563,0.2512563,0
2022-06-26 06:50:35,0,0,0.4975124,0,0,98.25871,0.9950249,0.2487562,0
2022-06-26 06:50:34,0,0,0,0.2506266,0,98.99749,0.7518797,0,0
2022-06-26 06:50:33,0,0,0.7444169,0,0,96.52605,2.233251,0.4962779,0
2022-06-26 06:50:32,0,0,1.2626263,0.2525253,0,95.20202,3.030303,0.2525253,0
2022-06-26 06:50:31,0,0,0.9925558,0,0,96.77419,1.985112,0.248139,0
2022-06-26 06:50:30,0,0,0.5037783,0.2518892,0,97.22922,2.015113,0,0
2022-06-26 06:50:29,0,0,0.4987531,0,0,97.75561,1.4962594,0.2493766,0
2022-06-26 06:50:28,0,0,0.5,0,0,98.25,1,0.25,0
2022-06-26 06:50:27,0,0,0,0,0,98.75312,0.7481297,0.4987531,0
2022-06-26 06:50:26,0,0,0.5012531,0.2506266,0,98.24561,0.7518797,0.2506266,0
2022-06-26 06:50:25,0,0,1.741294,0.2487562,0,94.27861,3.233831,0.4975124,0
2022-06-26 06:50:24,0,0,1,0,0,96.5,2.25,0.25,0
2022-06-26 06:50:23,0,0,0.5025126,0.2512563,0,96.73367,2.512563,0,0
2022-06-26 06:50:22,0,0,0.5,0.25,0,98,1,0.25,0
2022-06-26 06:50:21,0,0,0.25,0,0,98.75,1,0,0
2022-06-26 06:50:20,0,0,0.25,0,0,98.75,1,0,0
2022-06-26 06:50:19,0,0,0.4975124,0.2487562,0,97.01493,1.99005,0.2487562,0
2022-06-26 06:50:18,0,0,1.25,0.25,0,94.75,3.25,0.5,0
2022-06-26 06:50:17,0,0,0.7518797,0.2506266,0,95.73935,3.007519,0.2506266,0
2022-06-26 06:50:16,0,0,0.5012531,0,0,97.49373,1.754386,0.2506266,0
2022-06-26 06:50:15,0,0,0.75,0.25,0,97.5,1.5,0,0
2022-06-26 06:50:14,0,0,0.4975124,0.2487562,0,97.26368,1.741294,0.2487562,0
2022-06-26 06:50:13,0,0,2.261307,0.2512563,0,95.47739,1.5075377,0.2512563,0
2022-06-26 06:50:12,0,0,0.2493766,0,0,98.75312,0.4987531,0.4987531,0
2022-06-26 06:50:11,0,0,0.7537688,0,0,94.22111,4.773869,0.2512563,0
2022-06-26 06:50:10,0,0,1.2406948,0.4962779,0,93.79653,3.970223,0.4962779,0
2022-06-26 06:50:09,0,0,0.5012531,0.2506266,0,96.99248,2.005013,0.2506266,0
2022-06-26 06:50:08,0,0,0.5012531,0,0,96.99248,2.255639,0.2506266,0
2022-06-26 06:50:07,0,0,0.7462687,0,0,97.01493,2.238806,0,0
2022-06-26 06:50:06,0,0,0.7556675,0,0,97.48111,1.763224,0,0
2022-06-26 06:50:05,0,0,0,0,0,98.25436,1.2468828,0.4987531,0
2022-06-26 06:50:04,0,0,0,0.2493766,0,99.00249,0.7481297,0,0
2022-06-26 06:50:03,0,0,0.7518797,0.2506266,0,96.49123,2.255639,0.2506266,0
2022-06-26 06:50:02,0,0,1.2468828,0.2493766,0,93.26683,4.738155,0.4987531,0
2022-06-26 06:50:01,0,0,1.5037594,0.2506266,0,93.48371,4.511278,0.2506266,0
2022-06-26 06:50:00,0,0,1.5,0,0,92,6.25,0.25,0
2022-06-26 06:49:59,0,0,0.7462687,0.2487562,0,90.79602,7.960199,0,0
2022-06-26 06:49:58,0,0,0.7518797,0.5012531,0,92.73183,5.764411,0.2506266,0
2022-06-26 06:49:57,0,0,0.4987531,0,0,92.26933,6.982544,0.2493766,0
2022-06-26 06:49:56,0,0,0,0,0,94.01496,5.486284,0.4987531,0
2022-06-26 06:49:55,0,0,0.2512563,0,0,94.72362,4.773869,0.2512563,0
2022-06-26 06:49:54,0,0,0,0,0,93.46734,6.030151,0.5025126,0
2022-06-26 06:49:53,0,0,0,0.2487562,0,90.04975,9.452736,0.2487562,0
2022-06-26 06:49:52,0,0,0.2506266,0,0,89.97494,9.273183,0.2506266,0
2022-06-26 06:49:51,0,0,0,0.25,0,91.25,6,0.25,0
2022-06-26 06:49:50,0,0,0.2506266,0,0,97.74436,2.005013,0,0
2022-06-26 06:49:49,0,0,0,0,0,98.25436,1.4962594,0.2493766,0
2022-06-26 06:49:48,0,0,0.2493766,0,0,98.00499,1.4962594,0.2493766,0
2022-06-26 06:49:47,0,0,0.2518892,0,0,98.23678,1.511335,0,0
2022-06-26 06:49:46,0,0,0.2493766,0,0,98.75312,0.7481297,0.2493766,0
2022-06-26 06:49:45,0,0,0.2506266,0,0,98.74687,0.7518797,0.2506266,0
2022-06-26 06:49:44,0,0,0.2487562,0,0,98.75622,0.7462687,0.2487562,0
2022-06-26 06:49:43,0,0,0,0.25,0,99,0.5,0.25,0
2022-06-26 06:49:42,0,0,0.9950249,0.2487562,0,95.27363,2.985075,0.4975124,0
2022-06-26 06:49:41,0,0,1.0050251,0.2512563,0,96.73367,2.01005,0,0
2022-06-26 06:49:40,0,0,0.7462687,0.2487562,0,96.51741,2.238806,0.2487562,0
2022-06-26 06:49:39,0,0,1.0025063,0,0,95.48872,3.508772,0,0
2022-06-26 06:49:38,0,0,0,0,0,98.74687,1.0025063,0.2506266,0
2022-06-26 06:49:37,0,0,0.25,0,0,99,0.5,0.25,0
2022-06-26 06:49:36,0,0,0,0,0,99,0.75,0.25,0
2022-06-26 06:49:35,0,0,0.9975062,0.4987531,0,97.00748,1.4962594,0,0
2022-06-26 06:49:34,0,0,1.25,0.25,0,96.25,2,0.25,0
2022-06-26 06:49:33,0,0,0.9975062,0.4987531,0,95.7606,2.244389,0.4987531,0
2022-06-26 06:49:32,0,0,0.75,0,0,96.75,2.5,0,0
2022-06-26 06:49:31,0,0,0.2518892,0,0,98.48866,1.0075567,0.2518892,0
2022-06-26 06:49:30,0,0,0.25,0,0,98.5,1.25,0,0
2022-06-26 06:49:29,0,0,0.25,0,0,98.75,0.75,0.25,0
2022-06-26 06:49:28,0,0,0.7462687,0.2487562,0,96.76617,2.238806,0,0
2022-06-26 06:49:27,0,0,1.2531328,0,0,94.98747,3.508772,0.2506266,0
2022-06-26 06:49:26,0,0,0.75,0,0,96.75,2.25,0.25,0
2022-06-26 06:49:25,0,0,3,0.25,0,94.5,2,0.25,0
2022-06-26 06:49:24,0,0,0.75,0,0,97.25,1.75,0.25,0
2022-06-26 06:49:23,0,0,0,0,0,100,0,0,0
2022-06-26 06:49:22,0,0,0.4950495,0.2475248,0,97.52475,1.4851485,0.2475248,0
2022-06-26 06:49:21,0,0,0.75,0.5,0,96,2.25,0.5,0
2022-06-26 06:49:20,0,0,1,0.25,0,95.25,3.5,0,0
2022-06-26 06:49:19,0,0,0.7518797,0,0,97.24311,1.754386,0.2506266,0
2022-06-26 06:49:18,0,0,1.0050251,0.2512563,0,96.23116,2.512563,0,0
2022-06-26 06:49:17,0,0,0.2493766,0,0,97.25686,2.244389,0.2493766,0
2022-06-26 06:49:16,0,0,0.2487562,0,0,99.00498,0.7462687,0,0
2022-06-26 06:49:15,0,0,0,0,0,99.24623,0.5025126,0.2512563,0
2022-06-26 06:49:14,0,0,0.4987531,0,0,97.25686,1.995012,0.2493766,0
2022-06-26 06:49:13,0,0,1.25,0.5,0,95.5,2.75,0,0
2022-06-26 06:49:12,0,0,0.7481297,0.2493766,0,96.00998,2.743142,0.2493766,0
2022-06-26 06:49:11,0,0,0.75,0,0,95.25,3.75,0.25,0
2022-06-26 06:49:10,0,0,1.0025063,0.2506266,0,96.2406,2.005013,0.5012531,0
2022-06-26 06:49:09,0,0,0.5012531,0.2506266,0,97.49373,1.5037594,0.2506266,0
2022-06-26 06:49:08,0,0,0,0,0,98.75,1.25,0,0
2022-06-26 06:49:07,0,0,0,0.25,0,98,1.25,0.5,0
2022-06-26 06:49:06,0,0,0.5,0,0,96.25,3,0.25,0
2022-06-26 06:49:05,0,0,0.9925558,0.4962779,0,94.54094,3.473945,0.4962779,0
2022-06-26 06:49:04,0,0,1.2531328,0,0,92.4812,5.764411,0.5012531,0
2022-06-26 06:49:03,0,0,1.2562814,0.2512563,0,92.96482,4.773869,0.7537688,0
2022-06-26 06:49:02,0,0,1.25,0.25,0,91,7.5,0,0
2022-06-26 06:49:01,0,0,0.7481297,0,0,94.26434,4.488778,0.2493766,0
2022-06-26 06:49:00,0,0,0.5012531,0.2506266,0,90.97744,7.769424,0.5012531,0
2022-06-26 06:48:59,0,0,0.5,0,0,93.5,5.75,0.25,0
2022-06-26 06:48:58,0,0,0.2493766,0,0,91.02244,8.478803,0.2493766,0
2022-06-26 06:48:57,0,0,0.25,0,0,93,6.5,0.25,0
2022-06-26 06:48:56,0,0,0,0.2493766,0,89.77556,9.226933,0.2493766,0
2022-06-26 06:48:55,0,0,0,0,0,90.95477,8.291457,0.2512563,0
2022-06-26 06:48:54,0,0,0,0.2506266,0,92.23058,7.26817,0.2506266,0
2022-06-26 06:48:53,0,0,0.2493766,0.2493766,0,93.01746,4.987531,0.2493766,0
2022-06-26 06:48:52,0,0,0,0,0,98.75,1,0.25,0
2022-06-26 06:48:51,0,0,0.2493766,0,0,99.00249,0.7481297,0,0
2022-06-26 06:48:50,0,0,0,0,0,98.99497,0.7537688,0.2512563,0
2022-06-26 06:48:49,0,0,0.25,0,0,98,1.5,0.25,0
2022-06-26 06:48:48,0,0,0,0,0,99.24812,0.7518797,0,0
2022-06-26 06:48:47,0,0,0,0,0,99,0.75,0.25,0
2022-06-26 06:48:46,0,0,0.2493766,0,0,98.75312,0.7481297,0.2493766,0
2022-06-26 06:48:45,0,0,0.25,0,0,97.75,2,0,0
2022-06-26 06:48:44,0,0,1.25,0.25,0,96,2.25,0.25,0
2022-06-26 06:48:43,0,0,0.5012531,0.2506266,0,96.99248,2.255639,0,0
2022-06-26 06:48:42,0,0,1.2437811,0,0,96.0199,2.487562,0.2487562,0
2022-06-26 06:48:41,0,0,0.7518797,0.2506266,0,96.49123,2.506266,0,0
2022-06-26 06:48:40,0,0,0,0.2506266,0,99.24812,0.2506266,0.2506266,0
2022-06-26 06:48:39,0,0,0.2493766,0,0,98.75312,0.7481297,0.2493766,0
2022-06-26 06:48:38,0,0,0.5,0.25,0,98,1,0.25,0
2022-06-26 06:48:37,0,0,1,0,0,96.5,2.5,0,0
2022-06-26 06:48:36,0,0,1.0025063,0,0,95.98997,2.506266,0.5012531,0
2022-06-26 06:48:35,0,0,1.25,0.25,0,95.5,2.75,0.25,0
2022-06-26 06:48:34,0,0,0.4987531,0.2493766,0,97.75561,1.2468828,0.2493766,0
2022-06-26 06:48:33,0,0,0.25,0,0,98,1.75,0,0
2022-06-26 06:48:32,0,0,0,0,0,98.5,1,0.5,0
2022-06-26 06:48:31,0,0,0.7518797,0.2506266,0,97.49373,1.5037594,0,0
2022-06-26 06:48:30,0,0,0.4987531,0.4987531,0,96.7581,1.995012,0.2493766,0
2022-06-26 06:48:29,0,0,0.9975062,0,0,97.25686,1.4962594,0.2493766,0
2022-06-26 06:48:28,0,0,1.5037594,0,0,95.73935,2.756892,0,0
2022-06-26 06:48:27,0,0,0.5025126,0.2512563,0,96.98492,2.261307,0,0
2022-06-26 06:48:26,0,0,0.2487562,0.2487562,0,98.50746,0.9950249,0,0
2022-06-26 06:48:25,0,0,1,0,0,97.75,0.75,0.5,0
2022-06-26 06:48:24,0,0,0.7537688,0.2512563,0,97.23618,1.758794,0,0
2022-06-26 06:48:23,0,0,0.9925558,0.248139,0,95.78164,2.233251,0.7444169,0
2022-06-26 06:48:22,0,0,1,0,0,96.25,2.5,0.25,0
2022-06-26 06:48:21,0,0,1.0050251,0.2512563,0,95.9799,2.763819,0,0
2022-06-26 06:48:20,0,0,0.9975062,0.2493766,0,96.50873,1.745636,0.4987531,0
2022-06-26 06:48:19,0,0,0,0,0,99,0.75,0.25,0
2022-06-26 06:48:18,0,0,0.5,0,0,98.5,1,0,0
2022-06-26 06:48:17,0,0,0.25,0,0,98.25,1.25,0.25,0
2022-06-26 06:48:16,0,0,0.5,0,0,97,2.25,0.25,0
2022-06-26 06:48:15,0,0,1,0,0,96.75,2,0.25,0
2022-06-26 06:48:14,0,0,1.2468828,0.2493766,0,93.76559,4.239401,0.4987531,0
2022-06-26 06:48:13,0,0,1.25,0,0,94.75,3.75,0.25,0
2022-06-26 06:48:12,0,0,0,0,0,97.99499,1.754386,0.2506266,0
2022-06-26 06:48:11,0,0,0.2506266,0,0,98.49624,1.0025063,0.2506266,0
2022-06-26 06:48:10,0,0,0,0,0,99.00249,0.7481297,0.2493766,0
2022-06-26 06:48:09,0,0,0.2506266,0,0,98.49624,1.0025063,0.2506266,0
2022-06-26 06:48:08,0,0,0.4987531,0,0,95.01247,4.488778,0,0
2022-06-26 06:48:07,0,0,1.0025063,0,0,94.73684,4.010025,0.2506266,0
2022-06-26 06:48:06,0,0,1.2468828,0.2493766,0,93.01746,4.987531,0.4987531,0
2022-06-26 06:48:05,0,0,1.4962594,0.4987531,0,89.77556,8.229426,0,0
2022-06-26 06:48:04,0,0,1.25,0.5,0,90,7.75,0.25,0
2022-06-26 06:48:03,0,0,0.75,0,0,91.25,7.5,0.5,0
2022-06-26 06:48:02,0,0,0.2512563,0,0,90.95477,8.542714,0.2512563,0
2022-06-26 06:48:01,0,0,0,0,0,95.27363,4.477612,0.2487562,0
2022-06-26 06:48:00,0,0,0,0,0,94.98747,4.511278,0.5012531,0
2022-06-26 06:47:59,0,0,0.2493766,0.2493766,0,91.27182,7.98005,0,0
2022-06-26 06:47:58,0,0,0,0,0,90,9,0.75,0
2022-06-26 06:47:57,0,0,0,0.25,0,87.75,11.25,0.25,0
2022-06-26 06:47:56,0,0,0.25,0.25,0,89,5.5,0.5,0
2022-06-26 06:47:55,0,0,0,0,0,97.99499,1.754386,0.2506266,0
2022-06-26 06:47:54,0,0,0,0,0,99,0.75,0.25,0
2022-06-26 06:47:53,0,0,0.2506266,0,0,98.99749,0.7518797,0,0
2022-06-26 06:47:52,0,0,0.25,0,0,97.5,2,0.25,0
2022-06-26 06:47:51,0,0,0.25,0.25,0,98,1.25,0.25,0
2022-06-26 06:47:50,0,0,0.25,0,0,98.75,0.75,0.25,0
2022-06-26 06:47:49,0,0,0,0,0,98.25,1.5,0.25,0
2022-06-26 06:47:48,0,0,0.2487562,0.2487562,0,98.50746,0.9950249,0,0
2022-06-26 06:47:47,0,0,0.7537688,0,0,96.23116,2.512563,0.5025126,0
2022-06-26 06:47:46,0,0,0.9975062,0.2493766,0,96.25935,2.244389,0.2493766,0
2022-06-26 06:47:45,0,0,1.2531328,0.2506266,0,95.98997,2.255639,0.2506266,0
2022-06-26 06:47:44,0,0,0.5,0.25,0,96.5,2.5,0.25,0
2022-06-26 06:47:43,0,0,0.4987531,0.2493766,0,97.50623,1.4962594,0.2493766,0
2022-06-26 06:47:42,0,0,0,0,0,98.99749,1.0025063,0,0
2022-06-26 06:47:41,0,0,0.25,0,0,98.5,0.75,0.5,0
2022-06-26 06:47:40,0,0,0.75,0,0,97,2,0.25,0
2022-06-26 06:47:39,0,0,1.0025063,0,0,97.74436,1.2531328,0,0
2022-06-26 06:47:38,0,0,1.2406948,0.4962779,0,96.27792,1.736973,0.248139,0
2022-06-26 06:47:37,0,0,0.5025126,0,0,97.23618,2.261307,0,0
2022-06-26 06:47:36,0,0,0.5,0.25,0,98,1,0.25,0
2022-06-26 06:47:35,0,0,0,0,0,99.5,0.5,0,0
2022-06-26 06:47:34,0,0,0.25,0.25,0,98.75,0.75,0,0
2022-06-26 06:47:33,0,0,0.4987531,0.4987531,0,98.00499,0.7481297,0.2493766,0
2022-06-26 06:47:32,0,0,1.5,0,0,95,3.25,0.25,0
2022-06-26 06:47:31,0,0,1.0025063,0.2506266,0,95.48872,2.756892,0.5012531,0
2022-06-26 06:47:30,0,0,0.7481297,0.2493766,0,96.50873,2.493766,0,0
2022-06-26 06:47:29,0,0,0,0,0,98.5,1.25,0.25,0
2022-06-26 06:47:28,0,0,0.25,0,0,99.25,0.25,0.25,0
2022-06-26 06:47:27,0,0,0,0.2506266,0,98.49624,1.2531328,0,0
2022-06-26 06:47:26,0,0,0.7481297,0,0,97.75561,1.2468828,0.2493766,0
2022-06-26 06:47:25,0,0,1.745636,0.2493766,0,94.51372,2.992519,0.4987531,0
2022-06-26 06:47:24,0,0,1.995012,0,0,92.76808,4.987531,0.2493766,0
2022-06-26 06:47:23,0,0,0.5,0.25,0,97.25,1.75,0.25,0
2022-06-26 06:47:22,0,0,0.2518892,0,0,98.99244,0.7556675,0,0
2022-06-26 06:47:21,0,0,0,0.25,0,98.25,1.25,0.25,0
2022-06-26 06:47:20,0,0,0.2493766,0,0,98.50374,0.9975062,0.2493766,0
2022-06-26 06:47:19,0,0,0.2493766,0,0,98.50374,1.2468828,0,0
2022-06-26 06:47:18,0,0,1,0.25,0,95.25,3,0.25,0
2022-06-26 06:47:17,0,0,1.2531328,0,0,93.48371,5.263158,0,0
2022-06-26 06:47:16,0,0,0.9950249,0.4975124,0,94.77612,3.731343,0,0
2022-06-26 06:47:15,0,0,0.7537688,0,0,96.48241,2.512563,0.2512563,0
2022-06-26 06:47:14,0,0,0.4987531,0.2493766,0,97.50623,1.4962594,0.2493766,0
2022-06-26 06:47:13,0,0,0,0.2506266,0,99.24812,0.5012531,0,0
2022-06-26 06:47:12,0,0,0,0,0,99,0.75,0.25,0
2022-06-26 06:47:11,0,0,0.25,0,0,98.5,1,0.25,0
2022-06-26 06:47:10,0,0,0.4987531,0,0,97.25686,1.745636,0.4987531,0
2022-06-26 06:47:09,0,0,1.2468828,0.9975062,0,91.77057,5.486284,0.4987531,0
2022-06-26 06:47:08,0,0,1.5,0,0,95.25,3.25,0,0
2022-06-26 06:47:07,0,0,1.5075377,0.2512563,0,90.20101,7.788945,0.2512563,0
2022-06-26 06:47:06,0,0,1,0,0,88.25,10.75,0,0
2022-06-26 06:47:05,0,0,0.7518797,0,0,91.97995,6.766917,0.5012531,0
2022-06-26 06:47:04,0,0,0.2493766,0,0,93.26683,6.483791,0,0
2022-06-26 06:47:03,0,0,0.2493766,0.2493766,0,94.01496,4.987531,0.4987531,0
2022-06-26 06:47:02,0,0,0.25,0,0,93,6.5,0.25,0
2022-06-26 06:47:01,0,0,0.25,0,0,92.75,6.75,0.25,0
2022-06-26 06:47:00,0,0,0,0.2518892,0,87.90932,9.319899,0.2518892,0
2022-06-26 06:46:59,0,0,0.2512563,0,0,85.42714,8.291457,0.2512563,0
2022-06-26 06:46:58,0,0,0,0.5,0,87,6,0.25,0
2022-06-26 06:46:57,0,0,0.2506266,0,0,98.49624,1.0025063,0.2506266,0
2022-06-26 06:46:56,0,0,0,0,0,99,1,0,0
2022-06-26 06:46:55,0,0,0,0,0,99.74937,0.2506266,0,0
2022-06-26 06:46:54,0,0,0.2493766,0,0,99.25187,0.2493766,0.2493766,0
2022-06-26 06:46:53,0,0,0,0.25,0,98,1.75,0,0
2022-06-26 06:46:52,0,0,0.2506266,0,0,98.99749,0.5012531,0.2506266,0
2022-06-26 06:46:51,0,0,0,0,0,99.25,0.5,0.25,0
2022-06-26 06:46:50,0,0,0.4975124,0.2487562,0,97.01493,1.99005,0.2487562,0
2022-06-26 06:46:49,0,0,0.7537688,0.2512563,0,96.73367,2.261307,0,0
2022-06-26 06:46:48,0,0,0.2512563,0,0,98.74372,0.5025126,0.5025126,0
2022-06-26 06:46:47,0,0,0.7444169,0.248139,0,96.02978,2.729529,0.248139,0
2022-06-26 06:46:46,0,0,1.4962594,0.2493766,0,94.26434,3.740648,0.2493766,0
2022-06-26 06:46:45,0,0,0.5025126,0,0,98.24121,1.2562814,0,0
2022-06-26 06:46:44,0,0,0,0,0,98.75931,0.9925558,0.248139,0
2022-06-26 06:46:43,0,0,0.2518892,0.2518892,0,97.98489,1.511335,0,0
2022-06-26 06:46:42,0,0,0.75,0,0,96.75,2.25,0.25,0
2022-06-26 06:46:41,0,0,0.7481297,0.2493766,0,97.75561,0.9975062,0.2493766,0
2022-06-26 06:46:40,0,0,1.2468828,0.2493766,0,95.51122,2.992519,0,0
2022-06-26 06:46:39,0,0,1.0050251,0,0,96.98492,2.01005,0,0
2022-06-26 06:46:38,0,0,0,0.2493766,0,98.50374,0.9975062,0.2493766,0
2022-06-26 06:46:37,0,0,0,0,0,98.74687,1.0025063,0.2506266,0
2022-06-26 06:46:36,0,0,0.5,0,0,98,1.5,0,0
2022-06-26 06:46:35,0,0,1,0.25,0,97,1.75,0,0
2022-06-26 06:46:34,0,0,0.75,0.25,0,96,2.75,0.25,0
2022-06-26 06:46:33,0,0,0.9950249,0.4975124,0,95.77114,2.487562,0.2487562,0
2022-06-26 06:46:32,0,0,1.25,0,0,96.25,2.5,0,0
2022-06-26 06:46:31,0,0,0.2512563,0,0,98.24121,1.0050251,0.5025126,0
2022-06-26 06:46:30,0,0,0,0,0,99.49749,0.2512563,0.2512563,0
2022-06-26 06:46:29,0,0,0.7407407,0.2469136,0,97.53086,1.2345679,0.2469136,0
2022-06-26 06:46:28,0,0,0.7594937,0,0,97.46835,1.772152,0,0
2022-06-26 06:46:27,0,0,0.9950249,0.2487562,0,96.0199,2.487562,0.2487562,0
2022-06-26 06:46:26,0,0,1,0.25,0,95.5,2.75,0.5,0
2022-06-26 06:46:25,0,0,0.7481297,0,0,96.7581,2.244389,0.2493766,0
2022-06-26 06:46:24,0,0,0.7481297,0.2493766,0,97.50623,1.2468828,0.2493766,0
2022-06-26 06:46:23,0,0,0.2493766,0,0,98.25436,1.4962594,0,0
2022-06-26 06:46:22,0,0,0,0,0,97.98489,1.763224,0.2518892,0
2022-06-26 06:46:21,0,0,0.7481297,0,0,97.00748,1.995012,0.2493766,0
2022-06-26 06:46:20,0,0,0.7462687,0.2487562,0,96.26866,2.487562,0.2487562,0
2022-06-26 06:46:19,0,0,1.0075567,0.2518892,0,96.22166,2.518892,0,0
2022-06-26 06:46:18,0,0,0.7444169,0.248139,0,95.28536,3.225806,0.4962779,0
2022-06-26 06:46:17,0,0,0.5012531,0.2506266,0,97.24311,2.005013,0,0
2022-06-26 06:46:16,0,0,0.5025126,0,0,97.48744,1.758794,0.2512563,0
2022-06-26 06:46:15,0,0,0,0.2493766,0,97.75561,1.745636,0.2493766,0
2022-06-26 06:46:14,0,0,0.25,0,0,98.75,1,0,0
2022-06-26 06:46:13,0,0,0.5,0.25,0,97.25,1.75,0.25,0
2022-06-26 06:46:12,0,0,0.75,0.25,0,94,5,0,0
2022-06-26 06:46:11,0,0,1,0,0,94.5,4.5,0,0
2022-06-26 06:46:10,0,0,1.25,0.25,0,92,6,0.5,0
2022-06-26 06:46:09,0,0,1.5,0.25,0,88.5,9.25,0.5,0
2022-06-26 06:46:08,0,0,1,0.5,0,93.25,5,0.25,0
2022-06-26 06:46:07,0,0,0.5012531,0.2506266,0,90.22556,8.77193,0.2506266,0
2022-06-26 06:46:06,0,0,0.4962779,0,0,93.05211,6.203474,0.248139,0
2022-06-26 06:46:05,0,0,0.2525253,0,0,92.92929,6.565657,0.2525253,0
2022-06-26 06:46:04,0,0,0.2493766,0.2493766,0,92.26933,6.733167,0.4987531,0
2022-06-26 06:46:03,0,0,0,0,0,89.33002,10.421836,0.248139,0
2022-06-26 06:46:02,0,0,0.2506266,0,0,93.48371,5.764411,0.2506266,0
2022-06-26 06:46:01,0,0,0,0,0,91.97995,7.017544,0.7518797,0
2022-06-26 06:46:00,0,0,0,0,0,93.45088,5.289673,0,0
2022-06-26 06:45:59,0,0,0.2487562,0.2487562,0,97.01493,2.238806,0.2487562,0
2022-06-26 06:45:58,0,0,0.2512563,0,0,98.99497,0.7537688,0,0
2022-06-26 06:45:57,0,0,0,0,0,98.75312,0.9975062,0.2493766,0
2022-06-26 06:45:56,0,0,0.25,0.25,0,98.75,0.5,0.25,0
2022-06-26 06:45:55,0,0,0.2487562,0,0,97.51244,1.99005,0.2487562,0
2022-06-26 06:45:54,0,0,0,0.2506266,0,99.24812,0.5012531,0,0
2022-06-26 06:45:53,0,0,0.2506266,0,0,98.24561,1.0025063,0.5012531,0
2022-06-26 06:45:52,0,0,0.7518797,0.2506266,0,96.99248,2.005013,0,0
2022-06-26 06:45:51,0,0,0.7481297,0,0,97.00748,1.745636,0.4987531,0
2022-06-26 06:45:50,0,0,0.5025126,0.2512563,0,96.73367,2.261307,0.2512563,0
2022-06-26 06:45:49,0,0,0.4975124,0,0,97.76119,1.741294,0,0
2022-06-26 06:45:48,0,0,0.9975062,0.2493766,0,93.01746,5.486284,0.2493766,0
2022-06-26 06:45:47,0,0,0.2506266,0.2506266,0,98.24561,1.2531328,0,0
2022-06-26 06:45:46,0,0,0.2487562,0,0,98.25871,1.2437811,0.2487562,0
2022-06-26 06:45:45,0,0,0.7518797,0,0,97.24311,1.754386,0.2506266,0
2022-06-26 06:45:44,0,0,0.7537688,0,0,96.73367,2.261307,0.2512563,0
2022-06-26 06:45:43,0,0,0.7462687,0,0,97.51244,1.741294,0,0
2022-06-26 06:45:42,0,0,0.7537688,0,0,97.23618,1.758794,0.2512563,0
2022-06-26 06:45:41,0,0,0.7481297,0.4987531,0,96.00998,2.244389,0.4987531,0
2022-06-26 06:45:40,0,0,0.25,0,0,98.25,1.25,0.25,0
2022-06-26 06:45:39,0,0,0.5,0,0,98.75,0.5,0.25,0
2022-06-26 06:45:38,0,0,0.75,0,0,97.5,1.5,0.25,0
2022-06-26 06:45:37,0,0,0.5012531,0,0,97.74436,1.5037594,0.2506266,0
2022-06-26 06:45:36,0,0,0.4962779,0.4962779,0,97.27047,1.2406948,0.4962779,0
2022-06-26 06:45:35,0,0,1.0025063,0.2506266,0,97.24311,1.5037594,0,0
2022-06-26 06:45:34,0,0,1.25,0.25,0,95.75,2.25,0.5,0
2022-06-26 06:45:33,0,0,0,0.2512563,0,98.99497,0.5025126,0.2512563,0
2022-06-26 06:45:32,0,0,0.2487562,0,0,98.25871,0.7462687,0.7462687,0
2022-06-26 06:45:31,0,0,1,0,0,96.5,2.25,0.25,0
2022-06-26 06:45:30,0,0,0.5025126,0,0,97.98995,1.2562814,0.2512563,0
2022-06-26 06:45:29,0,0,1,0,0,96.75,2,0.25,0
2022-06-26 06:45:28,0,0,0.9975062,0.4987531,0,95.01247,2.992519,0.4987531,0
2022-06-26 06:45:27,0,0,1,0,0,96.75,2.25,0,0
2022-06-26 06:45:26,0,0,0.2493766,0.2493766,0,98.25436,0.9975062,0.2493766,0
2022-06-26 06:45:25,0,0,0,0,0,98.25,1.75,0,0
2022-06-26 06:45:24,0,0,0.75,0.25,0,96.25,2.25,0.5,0
2022-06-26 06:45:23,0,0,1,0,0,96.5,2.5,0,0
2022-06-26 06:45:22,0,0,0.7518797,0.2506266,0,95.73935,2.756892,0.5012531,0
2022-06-26 06:45:21,0,0,0.7481297,0.2493766,0,96.7581,2.244389,0,0
2022-06-26 06:45:20,0,0,1.0050251,0,0,96.23116,2.512563,0.2512563,0
2022-06-26 06:45:19,0,0,0.5012531,0,0,96.49123,2.756892,0.2506266,0
2022-06-26 06:45:18,0,0,0.4987531,0,0,97.25686,1.995012,0.2493766,0
2022-06-26 06:45:17,0,0,0,0,0,98.75,1,0.25,0
2022-06-26 06:45:16,0,0,0.5012531,0.2506266,0,96.2406,3.007519,0,0
2022-06-26 06:45:15,0,0,0.7462687,0.2487562,0,96.51741,1.99005,0.4975124,0
2022-06-26 06:45:14,0,0,0.7481297,0,0,95.26185,3.740648,0.2493766,0
2022-06-26 06:45:13,0,0,1.0025063,0.5012531,0,91.4787,6.766917,0.2506266,0
2022-06-26 06:45:12,0,0,0.9975062,0.4987531,0,92.01995,6.234414,0.2493766,0
2022-06-26 06:45:11,0,0,1.0050251,0,0,92.21106,6.532663,0.2512563,0
2022-06-26 06:45:10,0,0,0.7518797,0.2506266,0,92.98246,6.015038,0,0
2022-06-26 06:45:09,0,0,0.9925558,0.248139,0,89.57816,8.436725,0.7444169,0
2022-06-26 06:45:08,0,0,0.2506266,0.2506266,0,93.23308,6.265664,0,0
2022-06-26 06:45:07,0,0,0.25,0,0,90,9.25,0.25,0
2022-06-26 06:45:06,0,0,0.2506266,0.2506266,0,90.97744,7.769424,0.2506266,0
2022-06-26 06:45:05,0,0,0,0,0,93.98496,5.764411,0.2506266,0
2022-06-26 06:45:04,0,0,0.25,0,0,93.25,6,0.25,0
2022-06-26 06:45:03,0,0,0,0.2506266,0,93.23308,6.265664,0.2506266,0
2022-06-26 06:45:02,0,0,0.25,0,0,95,4,0.5,0
2022-06-26 06:45:01,0,0,0,0,0,99.25187,0.4987531,0.2493766,0
2022-06-26 06:45:00,0,0,0.2506266,0.2506266,0,95.98997,3.508772,0,0
2022-06-26 06:44:59,0,0,0,0,0,98.74372,1.0050251,0.2512563,0
2022-06-26 06:44:58,0,0,0.25,0,0,98.75,0.75,0.25,0
2022-06-26 06:44:57,0,0,0.2487562,0,0,98.50746,0.9950249,0.2487562,0
2022-06-26 06:44:56,0,0,0,0,0,98.74372,1.2562814,0,0
2022-06-26 06:44:55,0,0,0.2487562,0,0,98.50746,0.9950249,0.2487562,0
2022-06-26 06:44:54,0,0,0.75,0,0,96.75,2.25,0.25,0
2022-06-26 06:44:53,0,0,1.0025063,0.5012531,0,95.73935,2.756892,0,0
2022-06-26 06:44:52,0,0,0.5012531,0.2506266,0,97.24311,2.005013,0,0
2022-06-26 06:44:51,0,0,0.4987531,0,0,97.25686,1.745636,0.2493766,0
2022-06-26 06:44:50,0,0,0.7518797,0,0,96.49123,2.255639,0.5012531,0
2022-06-26 06:44:49,0,0,0.4987531,0,0,97.50623,1.745636,0.2493766,0
2022-06-26 06:44:48,0,0,0.7481297,0,0,97.00748,2.244389,0,0
2022-06-26 06:44:47,0,0,1.0050251,0,0,96.23116,2.512563,0.2512563,0
2022-06-26 06:44:46,0,0,0.4987531,0.2493766,0,98.25436,0.9975062,0,0
2022-06-26 06:44:45,0,0,0.75,0.25,0,97.25,1.5,0.25,0
2022-06-26 06:44:44,0,0,0.75,0,0,96.75,2.25,0.25,0
2022-06-26 06:44:43,0,0,0.4987531,0.2493766,0,98.00499,0.9975062,0.2493766,0
2022-06-26 06:44:42,0,0,0.5,0,0,98,1.5,0,0
2022-06-26 06:44:41,0,0,0.4987531,0.4987531,0,97.25686,1.745636,0,0
2022-06-26 06:44:40,0,0,0.7537688,0,0,96.73367,2.261307,0.2512563,0
2022-06-26 06:44:39,0,0,0.7518797,0.2506266,0,96.74185,2.255639,0,0
2022-06-26 06:44:38,0,0,0.7444169,0.248139,0,97.02233,1.736973,0.248139,0
2022-06-26 06:44:37,0,0,0.7481297,0.2493766,0,96.50873,2.244389,0.2493766,0
2022-06-26 06:44:36,0,0,0.7556675,0,0,96.47355,2.770781,0,0
2022-06-26 06:44:35,0,0,0.2493766,0.2493766,0,98.25436,0.9975062,0.2493766,0
2022-06-26 06:44:34,0,0,0,0,0,99.25187,0.4987531,0.2493766,0
2022-06-26 06:44:33,0,0,0.75,0,0,97.5,1.5,0.25,0
2022-06-26 06:44:32,0,0,1.2562814,0,0,95.22613,3.517588,0,0
2022-06-26 06:44:31,0,0,0.2493766,0.2493766,0,98.00499,1.2468828,0.2493766,0
2022-06-26 06:44:30,0,0,0.7537688,0.2512563,0,96.98492,1.5075377,0.5025126,0
2022-06-26 06:44:29,0,0,0.9950249,0.2487562,0,94.27861,4.228856,0.2487562,0
2022-06-26 06:44:28,0,0,0,0.2506266,0,98.24561,1.2531328,0.2506266,0
2022-06-26 06:44:27,0,0,0.248139,0.248139,0,98.51117,0.7444169,0.248139,0
2022-06-26 06:44:26,0,0,0.5012531,0,0,96.74185,2.506266,0.2506266,0
2022-06-26 06:44:25,0,0,1,0.25,0,96,2.5,0.25,0
2022-06-26 06:44:24,0,0,1.0050251,0,0,96.23116,2.512563,0.2512563,0
2022-06-26 06:44:23,0,0,0.7481297,0,0,96.25935,2.743142,0.2493766,0
2022-06-26 06:44:22,0,0,0.9975062,0,0,95.26185,3.740648,0,0
2022-06-26 06:44:21,0,0,0.5,0.25,0,97.5,1.25,0.5,0
2022-06-26 06:44:20,0,0,0,0,0,98.74055,1.0075567,0.2518892,0
2022-06-26 06:44:19,0,0,0,0,0,99.25187,0.4987531,0.2493766,0
2022-06-26 06:44:18,0,0,0.2506266,0,0,97.99499,1.5037594,0.2506266,0
2022-06-26 06:44:17,0,0,0.9975062,0.2493766,0,96.25935,2.493766,0,0
2022-06-26 06:44:16,0,0,1.0025063,0,0,95.48872,3.508772,0,0
2022-06-26 06:44:15,0,0,0.9950249,0.4975124,0,94.27861,3.9801,0.2487562,0
2022-06-26 06:44:14,0,0,1.4962594,0.2493766,0,89.77556,7.98005,0.4987531,0
2022-06-26 06:44:13,0,0,1.5037594,0,0,92.23058,6.265664,0,0
2022-06-26 06:44:12,0,0,0.7518797,0.5012531,0,93.48371,4.761905,0.5012531,0
2022-06-26 06:44:11,0,0,0.2493766,0,0,91.27182,8.229426,0.2493766,0
2022-06-26 06:44:10,0,0,0.2506266,0.2506266,0,93.48371,6.015038,0,0
2022-06-26 06:44:09,0,0,0,0,0,95.5,4,0.5,0
2022-06-26 06:44:08,0,0,0,0,0,93.26683,5.985037,0.4987531,0
2022-06-26 06:44:07,0,0,0,0,0,90.47619,9.52381,0,0
2022-06-26 06:44:06,0,0,0.2493766,0.2493766,0,89.27681,9.725686,0.4987531,0
2022-06-26 06:44:05,0,0,0,0.7444169,0,81.88586,5.459057,0,0
2022-06-26 06:44:04,0,0,0,0,0,90.72682,4.010025,0.2506266,0
2022-06-26 06:44:03,0,0,0,0.25,0,98,1.5,0.25,0
2022-06-26 06:44:02,0,0,0.2493766,0,0,99.00249,0.4987531,0.2493766,0
2022-06-26 06:44:01,0,0,0.2506266,0,0,98.49624,1.2531328,0,0
2022-06-26 06:44:00,0,0,0,0.2493766,0,98.25436,1.2468828,0.2493766,0
2022-06-26 06:43:59,0,0,0.2493766,0,0,98.75312,0.9975062,0,0
2022-06-26 06:43:58,0,0,0,0,0,98.74687,1.0025063,0.2506266,0
2022-06-26 06:43:57,0,0,0.25,0,0,98.75,1,0,0
2022-06-26 06:43:56,0,0,0.7481297,0,0,96.7581,2.244389,0.2493766,0
2022-06-26 06:43:55,0,0,1.0050251,0.2512563,0,95.9799,2.763819,0,0
2022-06-26 06:43:54,0,0,0.5,0,0,97.25,2,0.25,0
2022-06-26 06:43:53,0,0,0.9975062,0.2493766,0,95.7606,2.743142,0.2493766,0
2022-06-26 06:43:52,0,0,1.0025063,0.2506266,0,96.99248,1.5037594,0.2506266,0
2022-06-26 06:43:51,0,0,0.25,0,0,98,1.5,0.25,0
2022-06-26 06:43:50,0,0,0.25,0,0,98.5,1.25,0,0
2022-06-26 06:43:49,0,0,0.7462687,0.2487562,0,96.76617,1.741294,0.4975124,0
2022-06-26 06:43:48,0,0,0.7537688,0.5025126,0,95.47739,2.763819,0.5025126,0
2022-06-26 06:43:47,0,0,1,0.25,0,96.5,2,0.25,0
2022-06-26 06:43:46,0,0,1,0,0,96,2.75,0.25,0
2022-06-26 06:43:45,0,0,0.7481297,0.2493766,0,97.00748,1.745636,0.2493766,0
2022-06-26 06:43:44,0,0,0,0,0,99.49875,0.5012531,0,0
2022-06-26 06:43:43,0,0,0.4975124,0,0,97.51244,1.4925373,0.4975124,0
2022-06-26 06:43:42,0,0,0.5025126,0,0,97.98995,1.5075377,0,0
2022-06-26 06:43:41,0,0,0.75,0,0,97.25,2,0,0
2022-06-26 06:43:40,0,0,0.4987531,0.2493766,0,97.00748,1.745636,0.4987531,0
2022-06-26 06:43:39,0,0,1.0025063,0.2506266,0,95.2381,3.258145,0.2506266,0
2022-06-26 06:43:38,0,0,0.75,0,0,97,2,0.25,0
2022-06-26 06:43:37,0,0,0.2487562,0,0,99.25373,0.4975124,0,0
2022-06-26 06:43:36,0,0,0.2512563,0,0,98.24121,1.5075377,0,0
2022-06-26 06:43:35,0,0,0.7462687,0.2487562,0,96.76617,1.741294,0.4975124,0
2022-06-26 06:43:34,0,0,0.5037783,0,0,98.23678,1.2594458,0,0
2022-06-26 06:43:33,0,0,0.5,0.25,0,96.25,2.75,0.25,0
2022-06-26 06:43:32,0,0,1.4888337,0.4962779,0,93.30025,4.71464,0,0
2022-06-26 06:43:31,0,0,0.5025126,0,0,97.23618,2.01005,0.2512563,0
2022-06-26 06:43:30,0,0,0,0,0,98.5,1.25,0.25,0
2022-06-26 06:43:29,0,0,0,0,0,98.25,1.5,0.25,0
2022-06-26 06:43:28,0,0,0.5,0.5,0,96.75,1.75,0.5,0
2022-06-26 06:43:27,0,0,0.75,0,0,96.5,2.75,0,0
2022-06-26 06:43:26,0,0,0.25,0.25,0,97.5,1.75,0.25,0
2022-06-26 06:43:25,0,0,1.4925373,0.4975124,0,95.77114,1.99005,0.2487562,0
2022-06-26 06:43:24,0,0,1.511335,0,0,93.70277,4.785894,0,0
2022-06-26 06:43:23,0,0,0.4987531,0,0,97.00748,2.244389,0,0
2022-06-26 06:43:22,0,0,0,0,0,98.74687,1.2531328,0,0
2022-06-26 06:43:21,0,0,0.2493766,0.2493766,0,98.75312,0.4987531,0.2493766,0
2022-06-26 06:43:20,0,0,0.5,0,0,96.75,2.75,0,0
2022-06-26 06:43:19,0,0,0.5012531,0,0,96.2406,3.007519,0.2506266,0
2022-06-26 06:43:18,0,0,0.9975062,0,0,95.01247,3.491272,0.4987531,0
2022-06-26 06:43:17,0,0,0.7481297,0.4987531,0,94.26434,3.990025,0.4987531,0
2022-06-26 06:43:16,0,0,1.2531328,0.2506266,0,94.23559,4.260652,0,0
2022-06-26 06:43:15,0,0,1.25,0,0,90.75,7.75,0.25,0
2022-06-26 06:43:14,0,0,1.0025063,0.2506266,0,91.22807,7.26817,0.2506266,0
2022-06-26 06:43:13,0,0,0.7462687,0,0,90.54726,8.457711,0.2487562,0
2022-06-26 06:43:12,0,0,0,0,0,92.75,7,0.25,0
2022-06-26 06:43:11,0,0,0.2512563,0.2512563,0,92.46231,6.78392,0.2512563,0
2022-06-26 06:43:10,0,0,0.2475248,0,0,91.83168,7.178218,0.7425743,0
2022-06-26 06:43:09,0,0,0,0,0,92.71357,7.286432,0,0
2022-06-26 06:43:08,0,0,0,0,0,92.71357,6.532663,0.5025126,0
2022-06-26 06:43:07,0,0,0,0.7462687,0,88.80597,6.218905,0.2487562,0
2022-06-26 06:43:06,0,0,0.2506266,0,0,94.73684,2.255639,0.2506266,0
2022-06-26 06:43:05,0,0,0,0,0,98.24561,1.754386,0,0
2022-06-26 06:43:04,0,0,0.2493766,0.2493766,0,98.00499,1.2468828,0.2493766,0
2022-06-26 06:43:03,0,0,0.25,0,0,99,0.75,0,0
2022-06-26 06:43:02,0,0,0,0,0,99.25,0.5,0.25,0
2022-06-26 06:43:01,0,0,0,0,0,98.24561,1.754386,0,0
2022-06-26 06:43:00,0,0,0.2493766,0,0,98.75312,0.9975062,0,0
2022-06-26 06:42:59,0,0,0.25,0.25,0,98.25,1,0.25,0
2022-06-26 06:42:58,0,0,0.9975062,0.2493766,0,96.00998,2.493766,0.2493766,0
2022-06-26 06:42:57,0,0,0.7518797,0,0,96.99248,2.005013,0.2506266,0
2022-06-26 06:42:56,0,0,0.25,0,0,98.75,1,0,0
2022-06-26 06:42:55,0,0,0.7518797,0.2506266,0,97.24311,1.5037594,0.2506266,0
2022-06-26 06:42:54,0,0,0.75,0,0,97,2,0.25,0
2022-06-26 06:42:53,0,0,0.2487562,0.2487562,0,98.50746,0.7462687,0.2487562,0
2022-06-26 06:42:52,0,0,0.7537688,0,0,97.98995,1.2562814,0,0
2022-06-26 06:42:51,0,0,1,0,0,95.5,3.25,0.25,0
2022-06-26 06:42:50,0,0,0.5,0.25,0,97.25,2,0,0
2022-06-26 06:42:49,0,0,0.75,0,0,97.25,2,0,0
2022-06-26 06:42:48,0,0,0.75,0,0,97,2.25,0,0
2022-06-26 06:42:47,0,0,0.75,0.25,0,96.25,2.25,0.5,0
2022-06-26 06:42:46,0,0,0.25,0.25,0,98.75,0.75,0,0
2022-06-26 06:42:45,0,0,0.7481297,0,0,97.00748,1.745636,0.4987531,0
2022-06-26 06:42:44,0,0,1,0,0,97.25,1.5,0.25,0
2022-06-26 06:42:43,0,0,1,0.25,0,97.25,1.5,0,0
2022-06-26 06:42:42,0,0,0.75,0,0,97,1.75,0.5,0
2022-06-26 06:42:41,0,0,0.4987531,0.2493766,0,97.25686,1.995012,0,0
2022-06-26 06:42:40,0,0,0.7537688,0,0,98.24121,0.7537688,0.2512563,0
2022-06-26 06:42:39,0,0,0.7481297,0.2493766,0,97.00748,1.995012,0,0
2022-06-26 06:42:38,0,0,0.2493766,0.2493766,0,97.75561,1.2468828,0.2493766,0
2022-06-26 06:42:37,0,0,0.7518797,0.2506266,0,95.73935,3.007519,0.2506266,0
2022-06-26 06:42:36,0,0,0.9950249,0.2487562,0,95.77114,2.487562,0.4975124,0
2022-06-26 06:42:35,0,0,0.5025126,0,0,97.23618,2.01005,0.2512563,0
2022-06-26 06:42:34,0,0,0.4975124,0.2487562,0,97.76119,1.4925373,0,0
2022-06-26 06:42:33,0,0,0.5025126,0,0,98.24121,1.2562814,0,0
2022-06-26 06:42:32,0,0,0.4987531,0,0,97.75561,1.4962594,0.2493766,0
2022-06-26 06:42:31,0,0,0.2493766,0,0,99.00249,0.4987531,0.2493766,0
2022-06-26 06:42:30,0,0,0.5025126,0.5025126,0,95.72864,3.015075,0.2512563,0
2022-06-26 06:42:29,0,0,1,0,0,95.75,3,0.25,0
2022-06-26 06:42:28,0,0,0.9975062,0.2493766,0,95.26185,3.491272,0,0
2022-06-26 06:42:27,0,0,0.7518797,0,0,96.2406,2.756892,0.2506266,0
2022-06-26 06:42:26,0,0,0.2506266,0,0,97.24311,2.255639,0.2506266,0
2022-06-26 06:42:25,0,0,1.5,0.5,0,96,1.75,0.25,0
2022-06-26 06:42:24,0,0,0.25,0,0,98.5,1,0.25,0
2022-06-26 06:42:23,0,0,0,0,0,99.25,0.75,0,0
2022-06-26 06:42:22,0,0,0.5,0,0,96.5,2.75,0.25,0
2022-06-26 06:42:21,0,0,1,0,0,96.25,2.5,0.25,0
2022-06-26 06:42:20,0,0,1.25,0,0,93.25,5.25,0.25,0
2022-06-26 06:42:19,0,0,1.2437811,0.4975124,0,91.79104,5.970149,0.4975124,0
2022-06-26 06:42:18,0,0,0.9975062,0.4987531,0,90.52369,7.730673,0.2493766,0
2022-06-26 06:42:17,0,0,0.7518797,0,0,91.97995,7.017544,0.2506266,0
2022-06-26 06:42:16,0,0,0.7537688,0,0,94.22111,4.773869,0.2512563,0
2022-06-26 06:42:15,0,0,0.2487562,0,0,93.28358,6.218905,0.2487562,0
2022-06-26 06:42:14,0,0,0.2512563,0,0,90.70352,8.542714,0.2512563,0
2022-06-26 06:42:13,0,0,0,0,0,93.98496,5.513784,0.2506266,0
2022-06-26 06:42:12,0,0,0,0,0,91.75,7.25,0.5,0
2022-06-26 06:42:11,0,0,0.2487562,0,0,89.801,8.208955,0.4975124,0
2022-06-26 06:42:10,0,0,0,0,0,94.5,5.25,0.25,0
2022-06-26 06:42:09,0,0,0.2518892,0,0,94.45844,4.785894,0.2518892,0
2022-06-26 06:42:08,0,0,0,0,0,97.75561,1.995012,0.2493766,0
2022-06-26 06:42:07,0,0,0,0,0,98.49624,1.5037594,0,0
2022-06-26 06:42:06,0,0,0.25,0,0,98.5,1,0.25,0
2022-06-26 06:42:05,0,0,0.2493766,0,0,98.50374,0.9975062,0.2493766,0
2022-06-26 06:42:04,0,0,0,0.25,0,98.25,1.5,0,0
2022-06-26 06:42:03,0,0,0.25,0,0,97.25,2,0.5,0
2022-06-26 06:42:02,0,0,0,0,0,98.74687,1.0025063,0.2506266,0
2022-06-26 06:42:01,0,0,0.25,0,0,98,1.5,0.25,0
2022-06-26 06:42:00,0,0,1.25,0,0,95.75,2.5,0.5,0
2022-06-26 06:41:59,0,0,0.75,0,0,97.5,1.75,0,0
2022-06-26 06:41:58,0,0,1,0.25,0,95.75,2.25,0.75,0
2022-06-26 06:41:57,0,0,0.5,0.25,0,97,2.25,0,0
2022-06-26 06:41:56,0,0,0.2493766,0,0,99.00249,0.4987531,0.2493766,0
2022-06-26 06:41:55,0,0,0,0,0,98.74687,1.2531328,0,0
2022-06-26 06:41:54,0,0,0.5,0,0,98.25,1,0.25,0
2022-06-26 06:41:53,0,0,0.9975062,0.2493766,0,96.25935,2.244389,0.2493766,0
2022-06-26 06:41:52,0,0,1,0.5,0,95.25,2.75,0.5,0
2022-06-26 06:41:51,0,0,1.5075377,0.5025126,0,94.97487,2.763819,0.2512563,0
2022-06-26 06:41:50,0,0,0.5,0,0,98,1.25,0.25,0
2022-06-26 06:41:49,0,0,0.2487562,0.2487562,0,97.26368,1.741294,0.4975124,0
2022-06-26 06:41:48,0,0,0.2493766,0,0,99.25187,0.4987531,0,0
2022-06-26 06:41:47,0,0,0.5,0.25,0,97.25,1.75,0.25,0
2022-06-26 06:41:46,0,0,0.7537688,0,0,97.48744,1.758794,0,0
2022-06-26 06:41:45,0,0,1,0.25,0,96.5,2,0.25,0
2022-06-26 06:41:44,0,0,1.2468828,0.4987531,0,94.76309,3.491272,0,0
2022-06-26 06:41:43,0,0,0.7518797,0.2506266,0,97.24311,1.2531328,0.5012531,0
2022-06-26 06:41:42,0,0,0,0.25,0,98.75,1,0,0
2022-06-26 06:41:41,0,0,0,0,0,99,0.75,0.25,0
2022-06-26 06:41:40,0,0,0.9950249,0.2487562,0,95.77114,2.736318,0.2487562,0
2022-06-26 06:41:39,0,0,0.7537688,0,0,95.72864,3.015075,0.5025126,0
2022-06-26 06:41:38,0,0,0.9950249,0.2487562,0,96.76617,1.741294,0.2487562,0
2022-06-26 06:41:37,0,0,1.0025063,0,0,96.2406,2.756892,0,0
2022-06-26 06:41:36,0,0,0.4987531,0.2493766,0,96.7581,2.244389,0.2493766,0
2022-06-26 06:41:35,0,0,0,0.2506266,0,99.24812,0.2506266,0.2506266,0
2022-06-26 06:41:34,0,0,0.25,0,0,98.75,0.75,0.25,0
2022-06-26 06:41:33,0,0,0.5012531,0,0,98.49624,1.0025063,0,0
2022-06-26 06:41:32,0,0,0.9950249,0.2487562,0,95.27363,3.233831,0.2487562,0
2022-06-26 06:41:31,0,0,0.7537688,0,0,96.23116,2.763819,0.2512563,0
2022-06-26 06:41:30,0,0,0.7481297,0,0,96.25935,2.743142,0.2493766,0
2022-06-26 06:41:29,0,0,1.2468828,0.2493766,0,96.25935,1.995012,0.2493766,0
2022-06-26 06:41:28,0,0,0.2518892,0,0,97.733,1.763224,0.2518892,0
2022-06-26 06:41:27,0,0,0,0,0,98.25871,1.2437811,0.4975124,0
2022-06-26 06:41:26,0,0,0.25,0,0,98.5,1,0.25,0
2022-06-26 06:41:25,0,0,0.7518797,0.2506266,0,97.24311,1.754386,0,0
2022-06-26 06:41:24,0,0,1,0,0,95,3.75,0.25,0
2022-06-26 06:41:23,0,0,1.25,0.25,0,93.5,5,0,0
2022-06-26 06:41:22,0,0,1.25,0.25,0,93.75,4.5,0.25,0
2022-06-26 06:41:21,0,0,1.2437811,0.2487562,0,92.28856,5.970149,0.2487562,0
2022-06-26 06:41:20,0,0,1.0075567,0,0,91.43577,7.052897,0.5037783,0
2022-06-26 06:41:19,0,0,0.7462687,0.2487562,0,93.03483,5.721393,0.2487562,0
2022-06-26 06:41:18,0,0,0.5012531,0,0,91.72932,7.769424,0,0
2022-06-26 06:41:17,0,0,0,0,0,92.28856,7.462687,0.2487562,0
2022-06-26 06:41:16,0,0,0,0,0,93,6.5,0.25,0
2022-06-26 06:41:15,0,0,0.2493766,0,0,93.26683,6.234414,0.2493766,0
2022-06-26 06:41:14,0,0,0,0.2506266,0,91.22807,8.02005,0.2506266,0
2022-06-26 06:41:13,0,0,0.2493766,0,0,91.02244,8.229426,0.2493766,0
2022-06-26 06:41:12,0,0,0,0.2512563,0,96.98492,2.512563,0.2512563,0
2022-06-26 06:41:11,0,0,0,0,0,96.49123,3.508772,0,0
2022-06-26 06:41:10,0,0,0.2487562,0,0,98.00995,1.4925373,0.2487562,0
2022-06-26 06:41:09,0,0,0,0,0,99.74874,0.2512563,0,0
2022-06-26 06:41:08,0,0,0,0.2487562,0,98.25871,1.2437811,0.2487562,0
2022-06-26 06:41:07,0,0,0.2506266,0,0,98.49624,0.7518797,0.5012531,0
2022-06-26 06:41:06,0,0,0,0,0,98.75,1,0.25,0
2022-06-26 06:41:05,0,0,0.5,0,0,97.5,1.75,0.25,0
2022-06-26 06:41:04,0,0,0.25,0.25,0,98,1.5,0,0
2022-06-26 06:41:03,0,0,0.5,0.25,0,98.25,0.75,0.25,0
2022-06-26 06:41:02,0,0,0.75,0,0,96.5,2.75,0,0
2022-06-26 06:41:01,0,0,0.9975062,0.2493766,0,96.25935,2.244389,0.2493766,0
2022-06-26 06:41:00,0,0,0.7518797,0,0,97.24311,1.754386,0.2506266,0
2022-06-26 06:40:59,0,0,0.5,0.25,0,97.5,1.75,0,0
2022-06-26 06:40:58,0,0,0.5,0,0,97.25,2,0.25,0
2022-06-26 06:40:57,0,0,0.2506266,0.2506266,0,98.74687,0.7518797,0,0
2022-06-26 06:40:56,0,0,0.5,0,0,97.75,1.5,0.25,0
2022-06-26 06:40:55,0,0,0.7481297,0.2493766,0,95.51122,2.992519,0.4987531,0
2022-06-26 06:40:54,0,0,1,0.25,0,95.25,3.5,0,0
2022-06-26 06:40:53,0,0,1.0050251,0,0,96.73367,2.01005,0.2512563,0
2022-06-26 06:40:52,0,0,0.4975124,0.2487562,0,96.76617,1.99005,0.4975124,0
2022-06-26 06:40:51,0,0,0.5012531,0,0,97.99499,1.2531328,0.2506266,0
2022-06-26 06:40:50,0,0,0.5,0,0,98.5,1,0,0
2022-06-26 06:40:49,0,0,0.5,0,0,97.5,1.75,0.25,0
2022-06-26 06:40:48,0,0,0.75,0,0,97.5,1.5,0.25,0
2022-06-26 06:40:47,0,0,0.9950249,0,0,96.0199,2.487562,0.4975124,0
2022-06-26 06:40:46,0,0,0.7518797,0.2506266,0,95.98997,3.007519,0,0
2022-06-26 06:40:45,0,0,0.5,0.25,0,97.25,1.75,0.25,0
2022-06-26 06:40:44,0,0,0.5012531,0,0,98.49624,0.7518797,0.2506266,0
2022-06-26 06:40:43,0,0,0.4987531,0.2493766,0,97.00748,2.244389,0,0
2022-06-26 06:40:42,0,0,0.2512563,0,0,98.99497,0.5025126,0.2512563,0
2022-06-26 06:40:41,0,0,0.7444169,0.4962779,0,97.02233,1.4888337,0.248139,0
2022-06-26 06:40:40,0,0,0.7518797,0,0,96.2406,2.756892,0.2506266,0
2022-06-26 06:40:39,0,0,1.2468828,0.4987531,0,94.76309,3.241895,0.2493766,0
2022-06-26 06:40:38,0,0,0.75,0.25,0,98.25,0.75,0,0
2022-06-26 06:40:37,0,0,0,0,0,97.98995,2.01005,0,0
2022-06-26 06:40:36,0,0,0.4987531,0.2493766,0,96.00998,2.493766,0.7481297,0
2022-06-26 06:40:35,0,0,0.4987531,0,0,98.00499,1.4962594,0,0
2022-06-26 06:40:34,0,0,0.5,0,0,97.5,1.75,0.25,0
2022-06-26 06:40:33,0,0,0.7537688,0.2512563,0,95.9799,3.015075,0,0
2022-06-26 06:40:32,0,0,1.25,0.5,0,94.75,3,0.5,0
2022-06-26 06:40:31,0,0,0.7481297,0,0,95.7606,2.992519,0.4987531,0
2022-06-26 06:40:30,0,0,0.4987531,0.4987531,0,97.25686,1.2468828,0.4987531,0
2022-06-26 06:40:29,0,0,0.2518892,0,0,98.23678,1.511335,0,0
2022-06-26 06:40:28,0,0,0.4950495,0.2475248,0,97.77228,1.2376238,0.2475248,0
2022-06-26 06:40:27,0,0,0.5,0,0,97.25,2,0.25,0
2022-06-26 06:40:26,0,0,0.5012531,0,0,96.99248,2.506266,0,0
2022-06-26 06:40:25,0,0,1.5037594,0.2506266,0,94.23559,3.759398,0.2506266,0
2022-06-26 06:40:24,0,0,0.9950249,0,0,94.52736,4.228856,0.2487562,0
2022-06-26 06:40:23,0,0,0.7556675,0.2518892,0,93.19899,5.793451,0,0
2022-06-26 06:40:22,0,0,1.25,0.5,0,90.5,7.5,0.25,0
2022-06-26 06:40:21,0,0,1.2406948,0.248139,0,90.57072,7.692308,0.248139,0
2022-06-26 06:40:20,0,0,0.75,0.25,0,90.5,8.25,0.25,0
2022-06-26 06:40:19,0,0,0.2493766,0,0,93.01746,6.234414,0.2493766,0
2022-06-26 06:40:18,0,0,0,0,0,95.5,4.25,0.25,0
2022-06-26 06:40:17,0,0,0,0,0,95.2381,4.761905,0,0
2022-06-26 06:40:16,0,0,0,0,0,92.71357,7.286432,0,0
2022-06-26 06:40:15,0,0,0.2493766,0,0,91.5212,7.98005,0.2493766,0
2022-06-26 06:40:14,0,0,0,0,0,92.71357,6.532663,0.2512563,0
2022-06-26 06:40:13,0,0,0.25,0,0,95.5,4.25,0,0
2022-06-26 06:40:12,0,0,0,0,0,98.75,0.75,0.5,0
2022-06-26 06:40:11,0,0,0,0,0,99,0.75,0.25,0
2022-06-26 06:40:10,0,0,0,0,0,99.25,0.75,0,0
2022-06-26 06:40:09,0,0,0.25,0,0,99,0.5,0.25,0
2022-06-26 06:40:08,0,0,0.2493766,0,0,98.25436,1.4962594,0,0
2022-06-26 06:40:07,0,0,0.5,0.25,0,97,2.25,0,0
2022-06-26 06:40:06,0,0,0.2506266,0,0,98.74687,1.0025063,0,0
2022-06-26 06:40:05,0,0,0.2493766,0.2493766,0,97.75561,1.4962594,0.2493766,0
2022-06-26 06:40:04,0,0,0.75,0,0,97,2,0.25,0
2022-06-26 06:40:03,0,0,1,0,0,96,2.75,0.25,0
2022-06-26 06:40:02,0,0,0.75,0.25,0,96.75,2,0.25,0
2022-06-26 06:40:01,0,0,0.5012531,0,0,98.24561,1.0025063,0.2506266,0
2022-06-26 06:40:00,0,0,0.2493766,0.2493766,0,97.50623,1.745636,0.2493766,0
2022-06-26 06:39:59,0,0,0.5012531,0.2506266,0,97.74436,1.2531328,0.2506266,0
2022-06-26 06:39:58,0,0,0.25,0,0,98,1.5,0.25,0
2022-06-26 06:39:57,0,0,1,0,0,97,1.75,0.25,0
2022-06-26 06:39:56,0,0,1.2468828,0.2493766,0,95.26185,2.992519,0.2493766,0
2022-06-26 06:39:55,0,0,0.7518797,0,0,96.99248,2.255639,0,0
2022-06-26 06:39:54,0,0,0.25,0,0,97.5,2,0.25,0
2022-06-26 06:39:53,0,0,0.4975124,0.2487562,0,97.76119,1.2437811,0.2487562,0
2022-06-26 06:39:52,0,0,0.2518892,0,0,98.74055,1.0075567,0,0
2022-06-26 06:39:51,0,0,0.7481297,0.2493766,0,97.50623,1.2468828,0.2493766,0
2022-06-26 06:39:50,0,0,1,0,0,96.5,1.75,0.75,0
2022-06-26 06:39:49,0,0,1.2468828,0.4987531,0,95.01247,2.992519,0.2493766,0
2022-06-26 06:39:48,0,0,0.25,0.25,0,98,1.5,0,0
2022-06-26 06:39:47,0,0,0.25,0,0,98.5,1,0.25,0
2022-06-26 06:39:46,0,0,0.25,0,0,98.5,1,0.25,0
2022-06-26 06:39:45,0,0,0.9950249,0.2487562,0,96.76617,1.741294,0.2487562,0
2022-06-26 06:39:44,0,0,0.5037783,0,0,98.48866,1.0075567,0,0
2022-06-26 06:39:43,0,0,1.4962594,0.2493766,0,93.76559,4.239401,0.2493766,0
2022-06-26 06:39:42,0,0,0.5012531,0,0,97.49373,1.5037594,0.5012531,0
2022-06-26 06:39:41,0,0,0.25,0,0,98.25,1.25,0.25,0
2022-06-26 06:39:40,0,0,0.4975124,0.2487562,0,98.00995,0.9950249,0.2487562,0
2022-06-26 06:39:39,0,0,0.5025126,0,0,98.24121,1.0050251,0.2512563,0
2022-06-26 06:39:38,0,0,0.5,0.25,0,96.25,2.75,0.25,0
2022-06-26 06:39:37,0,0,0.25,0,0,96.75,2.75,0.25,0
2022-06-26 06:39:36,0,0,0.9975062,0.2493766,0,95.51122,2.743142,0.2493766,0
2022-06-26 06:39:35,0,0,1.25,0.5,0,96.25,1.75,0.25,0
2022-06-26 06:39:34,0,0,0.5,0,0,96.5,2.75,0.25,0
2022-06-26 06:39:33,0,0,0.2512563,0,0,97.73869,1.758794,0.2512563,0
2022-06-26 06:39:32,0,0,0.2493766,0,0,98.75312,0.4987531,0.4987531,0
2022-06-26 06:39:31,0,0,0.4987531,0.2493766,0,95.7606,3.241895,0.2493766,0
2022-06-26 06:39:30,0,0,0.75,0.25,0,95.5,2.75,0.75,0
2022-06-26 06:39:29,0,0,0.5037783,0,0,96.72544,2.770781,0,0
2022-06-26 06:39:28,0,0,1.0025063,0,0,94.48622,4.260652,0.2506266,0
2022-06-26 06:39:27,0,0,1.4925373,0.7462687,0,91.04478,5.970149,0.2487562,0
2022-06-26 06:39:26,0,0,1.4962594,0.4987531,0,90.02494,7.730673,0.2493766,0
2022-06-26 06:39:25,0,0,1.5,0.25,0,88,10.25,0,0
2022-06-26 06:39:24,0,0,0,0,0,93.46734,6.030151,0.5025126,0
2022-06-26 06:39:23,0,0,0.2487562,0.2487562,0,94.27861,4.975124,0.2487562,0
2022-06-26 06:39:22,0,0,0.2512563,0,0,95.22613,4.271357,0.2512563,0
2022-06-26 06:39:21,0,0,0.5,0.25,0,90.75,8.5,0,0
2022-06-26 06:39:20,0,0,0.25,0.25,0,92,6.75,0.5,0
2022-06-26 06:39:19,0,0,0.25,0,0,90.25,8.75,0.5,0
2022-06-26 06:39:18,0,0,0.2506266,0,0,89.72431,6.766917,0.5012531,0
2022-06-26 06:39:17,0,0,0,0.2487562,0,95.27363,4.228856,0.2487562,0
2022-06-26 06:39:16,0,0,0,0,0,98,1.75,0.25,0
2022-06-26 06:39:15,0,0,0.25,0,0,96.5,3.25,0,0
2022-06-26 06:39:14,0,0,0,0,0,97.23618,2.512563,0.2512563,0
2022-06-26 06:39:13,0,0,0.2493766,0,0,98.75312,0.7481297,0.2493766,0
2022-06-26 06:39:12,0,0,0,0,0,98.99749,0.7518797,0.2506266,0
2022-06-26 06:39:11,0,0,0.2487562,0,0,98.50746,0.9950249,0.2487562,0
2022-06-26 06:39:10,0,0,0,0,0,98.49246,1.5075377,0,0
2022-06-26 06:39:09,0,0,0.5,0.25,0,98,1,0.25,0
2022-06-26 06:39:08,0,0,0.2512563,0.2512563,0,97.98995,1.2562814,0.2512563,0
2022-06-26 06:39:07,0,0,0.9950249,0,0,97.01493,1.4925373,0.4975124,0
2022-06-26 06:39:06,0,0,1.4888337,0.248139,0,94.2928,3.722084,0.248139,0
2022-06-26 06:39:05,0,0,0.2518892,0,0,97.733,2.015113,0,0
2022-06-26 06:39:04,0,0,0.25,0,0,99,0.75,0,0
2022-06-26 06:39:03,0,0,0.4975124,0.2487562,0,97.26368,1.4925373,0.2487562,0
2022-06-26 06:39:02,0,0,0.2512563,0.2512563,0,98.24121,1.2562814,0,0
2022-06-26 06:39:01,0,0,0.5,0,0,97.75,1.5,0.25,0
2022-06-26 06:39:00,0,0,1.2468828,0.2493766,0,96.00998,1.995012,0.4987531,0
2022-06-26 06:38:59,0,0,1.2531328,0,0,96.2406,2.506266,0,0
2022-06-26 06:38:58,0,0,0.5,0.25,0,97.25,1.75,0.25,0
2022-06-26 06:38:57,0,0,0.4975124,0,0,98.25871,0.9950249,0.2487562,0
2022-06-26 06:38:56,0,0,0,0,0,98.99497,1.0050251,0,0
2022-06-26 06:38:55,0,0,0.4962779,0,0,98.01489,0.7444169,0.7444169,0
2022-06-26 06:38:54,0,0,0.7556675,0,0,97.48111,1.763224,0,0
2022-06-26 06:38:53,0,0,0.9975062,0,0,96.25935,2.493766,0.2493766,0
2022-06-26 06:38:52,0,0,1.2468828,0.2493766,0,95.01247,2.992519,0.4987531,0
2022-06-26 06:38:51,0,0,0.7537688,0.2512563,0,97.23618,1.758794,0,0
2022-06-26 06:38:50,0,0,0.2493766,0,0,98.75312,0.7481297,0.2493766,0
2022-06-26 06:38:49,0,0,0,0,0,98.75,0.75,0.5,0
2022-06-26 06:38:48,0,0,0.2493766,0,0,98.25436,1.2468828,0.2493766,0
2022-06-26 06:38:47,0,0,1,0.25,0,96.75,2,0,0
2022-06-26 06:38:46,0,0,1.2531328,0.2506266,0,95.2381,3.258145,0,0
2022-06-26 06:38:45,0,0,0.7518797,0,0,96.74185,2.005013,0.5012531,0
2022-06-26 06:38:44,0,0,0.75,0,0,96.75,2.25,0.25,0
2022-06-26 06:38:43,0,0,0.2493766,0,0,97.75561,1.745636,0.2493766,0
2022-06-26 06:38:42,0,0,0,0,0,99.49875,0.5012531,0,0
2022-06-26 06:38:41,0,0,0,0,0,98.75312,0.9975062,0.2493766,0
2022-06-26 06:38:40,0,0,0.7481297,0,0,96.50873,2.493766,0.2493766,0
2022-06-26 06:38:39,0,0,1.5037594,0.5012531,0,92.4812,5.263158,0.2506266,0
2022-06-26 06:38:38,0,0,1.0025063,0.2506266,0,95.73935,2.756892,0.2506266,0
2022-06-26 06:38:37,0,0,0.7462687,0.2487562,0,96.76617,1.99005,0.2487562,0
2022-06-26 06:38:36,0,0,0.75,0,0,97.5,1.5,0.25,0
2022-06-26 06:38:35,0,0,0,0,0,99.25,0.5,0.25,0
2022-06-26 06:38:34,0,0,0.2512563,0.2512563,0,98.49246,1.0050251,0,0
2022-06-26 06:38:33,0,0,0,0,0,99,0.75,0.25,0
2022-06-26 06:38:32,0,0,0.25,0,0,98.5,1.25,0,0
2022-06-26 06:38:31,0,0,0.75,0.25,0,94,4.75,0.25,0
2022-06-26 06:38:30,0,0,1.985112,0.4962779,0,91.81141,5.459057,0.248139,0
2022-06-26 06:38:29,0,0,1.511335,0.2518892,0,92.69521,5.037783,0.5037783,0
2022-06-26 06:38:28,0,0,1.25,0.5,0,89,9.25,0,0
2022-06-26 06:38:27,0,0,0.4975124,0.2487562,0,90.54726,8.208955,0.4975124,0
2022-06-26 06:38:26,0,0,0.2512563,0.2512563,0,94.97487,4.271357,0.2512563,0
2022-06-26 06:38:25,0,0,0.2506266,0,0,94.23559,5.263158,0.2506266,0
2022-06-26 06:38:24,0,0,0.4987531,0,0,92.01995,7.481297,0,0
2022-06-26 06:38:23,0,0,0.25,0,0,95,4.75,0,0
2022-06-26 06:38:22,0,0,0,0,0,92.5187,6.483791,0.7481297,0
2022-06-26 06:38:21,0,0,0,0.7425743,0,72.52475,13.613861,0,0
2022-06-26 06:38:20,0,0,0.2538071,0.7614213,0,82.99492,5.583756,0,0
2022-06-26 06:38:19,0,0,0,0,0,97.49373,2.255639,0.2506266,0
2022-06-26 06:38:18,0,0,0,0.25,0,98.75,0.75,0.25,0
2022-06-26 06:38:17,0,0,0.2487562,0.2487562,0,98.50746,0.9950249,0,0
2022-06-26 06:38:16,0,0,0,0,0,99.24812,0.5012531,0.2506266,0
2022-06-26 06:38:15,0,0,0.2506266,0,0,97.74436,2.005013,0,0
2022-06-26 06:38:14,0,0,0.2487562,0.4975124,0,97.76119,1.2437811,0.2487562,0
2022-06-26 06:38:13,0,0,0,0,0,99.24812,0.5012531,0.2506266,0
2022-06-26 06:38:12,0,0,0.25,0,0,98.75,1,0,0
2022-06-26 06:38:11,0,0,0,0.2493766,0,99.00249,0.4987531,0.2493766,0
2022-06-26 06:38:10,0,0,0.5012531,0,0,96.99248,2.506266,0,0
2022-06-26 06:38:09,0,0,1.25,0,0,96,2.75,0,0
2022-06-26 06:38:08,0,0,1.2468828,0,0,95.51122,2.992519,0.2493766,0
2022-06-26 06:38:07,0,0,0.5012531,0,0,97.99499,1.2531328,0.2506266,0
2022-06-26 06:38:06,0,0,0,0,0,98.5,1.25,0.25,0
2022-06-26 06:38:05,0,0,0.25,0,0,99.25,0.5,0,0
2022-06-26 06:38:04,0,0,0.2493766,0,0,99.00249,0.4987531,0.2493766,0
2022-06-26 06:38:03,0,0,0.5012531,0.2506266,0,97.49373,1.5037594,0.2506266,0
2022-06-26 06:38:02,0,0,0.9975062,0.2493766,0,95.7606,2.743142,0.2493766,0
2022-06-26 06:38:01,0,0,1.2594458,0,0,95.46599,3.274559,0,0
2022-06-26 06:38:00,0,0,0.7462687,0.2487562,0,97.26368,1.4925373,0.2487562,0
2022-06-26 06:37:59,0,0,0.25,0,0,98.5,1.25,0,0
2022-06-26 06:37:58,0,0,0.2493766,0,0,98.75312,0.7481297,0.2493766,0
2022-06-26 06:37:57,0,0,0.25,0,0,98.5,1,0.25,0
2022-06-26 06:37:56,0,0,0.5,0.25,0,97,2,0.25,0
2022-06-26 06:37:55,0,0,1.0050251,0,0,96.73367,2.01005,0.2512563,0
2022-06-26 06:37:54,0,0,1.4962594,0.2493766,0,95.01247,2.992519,0.2493766,0
2022-06-26 06:37:53,0,0,0.5,0.25,0,97,2,0.25,0
2022-06-26 06:37:52,0,0,0.2493766,0,0,99.00249,0.4987531,0.2493766,0
2022-06-26 06:37:51,0,0,0,0,0,99.25,0.75,0,0
2022-06-26 06:37:50,0,0,0.2506266,0,0,98.99749,0.7518797,0,0
2022-06-26 06:37:49,0,0,0.75,0.25,0,97.5,1,0.5,0
2022-06-26 06:37:48,0,0,1.2468828,0.4987531,0,94.51372,3.241895,0.4987531,0
2022-06-26 06:37:47,0,0,1.2562814,0,0,95.72864,3.015075,0,0
2022-06-26 06:37:46,0,0,0.75,0.25,0,97.25,1.75,0,0
2022-06-26 06:37:45,0,0,0,0.2487562,0,98.50746,0.9950249,0,0
2022-06-26 06:37:44,0,0,0,0.2506266,0,99.24812,0.5012531,0,0
2022-06-26 06:37:43,0,0,0.248139,0,0,98.51117,0.7444169,0.4962779,0
2022-06-26 06:37:42,0,0,0.2518892,0,0,97.48111,2.015113,0.2518892,0
2022-06-26 06:37:41,0,0,1.25,0.25,0,94.5,3.75,0.25,0
2022-06-26 06:37:40,0,0,1.25,0.25,0,93.75,4.5,0.25,0
2022-06-26 06:37:39,0,0,1,0,0,95.25,3.5,0.25,0
2022-06-26 06:37:38,0,0,0.7481297,0.2493766,0,96.00998,2.743142,0.2493766,0
2022-06-26 06:37:37,0,0,0,0,0,98.24561,1.754386,0,0
2022-06-26 06:37:36,0,0,0.2493766,0,0,98.75312,0.7481297,0.2493766,0
2022-06-26 06:37:35,0,0,0,0.25,0,99.25,0.5,0,0
2022-06-26 06:37:34,0,0,0.2506266,0,0,97.49373,2.005013,0.2506266,0
2022-06-26 06:37:33,0,0,0.7462687,0,0,95.52239,3.482587,0.2487562,0
2022-06-26 06:37:32,0,0,1.0050251,0.2512563,0,94.47236,4.020101,0.2512563,0
2022-06-26 06:37:31,0,0,1.2531328,1.0025063,0,90.72682,7.017544,0,0
2022-06-26 06:37:30,0,0,1.745636,0.2493766,0,87.2818,10.473815,0.2493766,0
2022-06-26 06:37:29,0,0,0.9950249,0.2487562,0,90.04975,8.457711,0.2487562,0
2022-06-26 06:37:28,0,0,0.75,0,0,92,7.25,0,0
2022-06-26 06:37:27,0,0,0,0,0,93.71859,6.030151,0.2512563,0
2022-06-26 06:37:26,0,0,0,0.25,0,93.75,5.75,0.25,0
2022-06-26 06:37:25,0,0,0,0,0,93.51621,6.234414,0.2493766,0
2022-06-26 06:37:24,0,0,0.7518797,0,0,91.72932,7.518797,0,0
2022-06-26 06:37:23,0,0,0,0,0,89.5,10,0.25,0
2022-06-26 06:37:22,0,0,0.25,0.25,0,88.25,7.75,0.5,0
2022-06-26 06:37:21,0,0,0,0.2518892,0,96.22166,3.274559,0,0
2022-06-26 06:37:20,0,0,0,0,0,97.49373,2.255639,0.2506266,0
2022-06-26 06:37:19,0,0,0.2493766,0,0,98.50374,0.9975062,0.2493766,0
2022-06-26 06:37:18,0,0,0,0.25,0,98.75,1,0,0
2022-06-26 06:37:17,0,0,0,0,0,98.25,1.5,0.25,0
2022-06-26 06:37:16,0,0,0.25,0,0,98.75,0.75,0.25,0
2022-06-26 06:37:15,0,0,0,0,0,98,1.75,0.25,0
2022-06-26 06:37:14,0,0,0.2493766,0,0,98.75312,0.7481297,0.2493766,0
2022-06-26 06:37:13,0,0,0.5012531,0.2506266,0,98.24561,0.7518797,0.2506266,0
2022-06-26 06:37:12,0,0,0.9975062,0,0,96.00998,2.743142,0.2493766,0
2022-06-26 06:37:11,0,0,0.7518797,0.2506266,0,96.74185,2.005013,0.2506266,0
2022-06-26 06:37:10,0,0,1,0.25,0,96.5,2,0.25,0
2022-06-26 06:37:09,0,0,0.5012531,0,0,96.49123,3.007519,0,0
2022-06-26 06:37:08,0,0,0.4987531,0.2493766,0,97.50623,1.4962594,0.2493766,0
2022-06-26 06:37:07,0,0,0,0,0,99.25,0.5,0.25,0
2022-06-26 06:37:06,0,0,0.4987531,0,0,97.00748,2.244389,0.2493766,0
2022-06-26 06:37:05,0,0,1,0.5,0,96.5,1.75,0.25,0
2022-06-26 06:37:04,0,0,1.2531328,0.2506266,0,96.2406,2.255639,0,0
2022-06-26 06:37:03,0,0,0.4987531,0.2493766,0,97.50623,1.4962594,0.2493766,0
2022-06-26 06:37:02,0,0,0.7518797,0.2506266,0,96.2406,2.255639,0.5012531,0
2022-06-26 06:37:01,0,0,0.25,0,0,98.5,1,0.25,0
2022-06-26 06:37:00,0,0,0.25,0,0,98.75,0.75,0.25,0
2022-06-26 06:36:59,0,0,0.4975124,0.2487562,0,96.76617,2.238806,0.2487562,0
2022-06-26 06:36:58,0,0,0.7518797,0,0,96.99248,2.005013,0.2506266,0
2022-06-26 06:36:57,0,0,1.25,0.5,0,95.75,2.25,0.25,0
2022-06-26 06:36:56,0,0,0.7481297,0,0,96.50873,2.493766,0.2493766,0
2022-06-26 06:36:55,0,0,0.2512563,0,0,97.98995,1.5075377,0.2512563,0
2022-06-26 06:36:54,0,0,0.5,0,0,97.75,1.5,0.25,0
2022-06-26 06:36:53,0,0,0,0,0,98.49624,1.2531328,0.2506266,0
2022-06-26 06:36:52,0,0,0.4975124,0.2487562,0,97.51244,1.4925373,0.2487562,0
2022-06-26 06:36:51,0,0,1.995012,0.2493766,0,94.51372,3.241895,0,0
2022-06-26 06:36:50,0,0,1.25,0.25,0,95,3,0.5,0
2022-06-26 06:36:49,0,0,0.5025126,0,0,97.73869,1.5075377,0.2512563,0
2022-06-26 06:36:48,0,0,0,0,0,98.5,1.25,0.25,0
2022-06-26 06:36:47,0,0,0.5,0.25,0,97.5,1.75,0,0
2022-06-26 06:36:46,0,0,0.25,0,0,99,0.25,0.5,0
2022-06-26 06:36:45,0,0,0.2493766,0,0,97.75561,1.995012,0,0
2022-06-26 06:36:44,0,0,0.7537688,0.5025126,0,95.9799,2.512563,0.2512563,0
2022-06-26 06:36:43,0,0,1.25,0,0,94.25,4.25,0.25,0
2022-06-26 06:36:42,0,0,1.25,0,0,96,2.25,0.5,0
2022-06-26 06:36:41,0,0,0.25,0,0,98,1.75,0,0
2022-06-26 06:36:40,0,0,0.2487562,0.2487562,0,97.51244,1.4925373,0.4975124,0
2022-06-26 06:36:39,0,0,0.25,0,0,98.75,1,0,0
2022-06-26 06:36:38,0,0,0.2506266,0,0,97.74436,2.005013,0,0
2022-06-26 06:36:37,0,0,0.25,0,0,96,3.25,0.5,0
2022-06-26 06:36:36,0,0,0.75,0,0,97.5,1.75,0,0
2022-06-26 06:36:35,0,0,1,0.25,0,93.25,5.25,0.25,0
2022-06-26 06:36:34,0,0,1.2437811,0.2487562,0,93.53234,4.726368,0.2487562,0
2022-06-26 06:36:33,0,0,1.5,0,0,90,8.25,0.25,0
2022-06-26 06:36:32,0,0,0.7518797,0,0,92.4812,6.766917,0,0
2022-06-26 06:36:31,0,0,0.5012531,0.5012531,0,93.98496,5.012531,0,0
2022-06-26 06:36:30,0,0,0.5,0,0,93,6.25,0.25,0
2022-06-26 06:36:29,0,0,0.25,0,0,93.25,6.5,0,0
2022-06-26 06:36:28,0,0,0.2506266,0,0,91.97995,7.26817,0.5012531,0
2022-06-26 06:36:27,0,0,0.4962779,0,0,91.81141,7.19603,0.4962779,0
2022-06-26 06:36:26,0,0,0,0,0,89.92443,9.823678,0.2518892,0
2022-06-26 06:36:25,0,0,0.7425743,0.2475248,0,91.58416,5.940594,0.2475248,0
2022-06-26 06:36:24,0,0,0.25,0,0,93.75,5.5,0.25,0
2022-06-26 06:36:23,0,0,0,0,0,96.48241,3.266332,0.2512563,0
2022-06-26 06:36:22,0,0,0.2493766,0.2493766,0,95.51122,3.740648,0.2493766,0
2022-06-26 06:36:21,0,0,0.5012531,0,0,89.97494,9.273183,0.2506266,0
2022-06-26 06:36:20,0,0,0,0,0,99.25,0.75,0,0
2022-06-26 06:36:19,0,0,0.2487562,0.2487562,0,97.76119,1.2437811,0.4975124,0
2022-06-26 06:36:18,0,0,0,0,0,98.74372,1.2562814,0,0
2022-06-26 06:36:17,0,0,0,0,0,99.5,0.5,0,0
2022-06-26 06:36:16,0,0,0.2493766,0,0,98.25436,1.2468828,0.2493766,0
2022-06-26 06:36:15,0,0,0.75,0.25,0,97.5,1.25,0.25,0
2022-06-26 06:36:14,0,0,0.5,0,0,97.5,2,0,0
2022-06-26 06:36:13,0,0,0.75,0,0,97.75,1.25,0.25,0
2022-06-26 06:36:12,0,0,0.7537688,0.2512563,0,95.47739,3.266332,0.2512563,0
2022-06-26 06:36:11,0,0,0.4975124,0,0,98.00995,0.9950249,0.4975124,0
2022-06-26 06:36:10,0,0,0.5012531,0.2506266,0,98.24561,0.7518797,0.2506266,0
2022-06-26 06:36:09,0,0,0.4987531,0,0,96.50873,2.743142,0.2493766,0
2022-06-26 06:36:08,0,0,0.5,0.25,0,97.25,1.75,0.25,0
2022-06-26 06:36:07,0,0,0.7518797,0,0,96.99248,2.255639,0,0
2022-06-26 06:36:06,0,0,0.75,0.5,0,96.5,2,0.25,0
2022-06-26 06:36:05,0,0,1.25,0,0,96.5,2.25,0,0
2022-06-26 06:36:04,0,0,0.4987531,0.2493766,0,98.25436,0.7481297,0.2493766,0
2022-06-26 06:36:03,0,0,0.25,0.25,0,97.25,2,0.25,0
2022-06-26 06:36:02,0,0,0.5012531,0,0,98.49624,1.0025063,0,0
2022-06-26 06:36:01,0,0,0.7462687,0,0,97.26368,1.4925373,0.4975124,0
2022-06-26 06:36:00,0,0,1.0050251,0.5025126,0,96.23116,2.261307,0,0
2022-06-26 06:35:59,0,0,1,0,0,96.75,2.25,0,0
2022-06-26 06:35:58,0,0,0.7462687,0.2487562,0,97.51244,0.9950249,0.4975124,0
2022-06-26 06:35:57,0,0,0.2512563,0,0,97.73869,1.758794,0.2512563,0
2022-06-26 06:35:56,0,0,0.4987531,0,0,98.75312,0.4987531,0.2493766,0
2022-06-26 06:35:55,0,0,0.2512563,0,0,99.24623,0.5025126,0,0
2022-06-26 06:35:54,0,0,0.4987531,0.2493766,0,98.00499,1.2468828,0,0
2022-06-26 06:35:53,0,0,0.7518797,0,0,96.49123,2.255639,0.5012531,0
2022-06-26 06:35:52,0,0,1.25,0.5,0,95.5,2.75,0,0
2022-06-26 06:35:51,0,0,1,0,0,95.75,3,0.25,0
2022-06-26 06:35:50,0,0,0,0,0,99,0.75,0.25,0
2022-06-26 06:35:49,0,0,0.2493766,0,0,99.00249,0.2493766,0.4987531,0
2022-06-26 06:35:48,0,0,0.5,0.25,0,97.5,1.5,0.25,0
2022-06-26 06:35:47,0,0,0.25,0,0,97,2.75,0,0
2022-06-26 06:35:46,0,0,0.75,0.25,0,96,3,0,0
2022-06-26 06:35:45,0,0,0.75,0,0,95.5,3.5,0.25,0
2022-06-26 06:35:44,0,0,1.5037594,0.5012531,0,92.98246,5.012531,0,0
2022-06-26 06:35:43,0,0,0.9975062,0.2493766,0,96.50873,1.995012,0.2493766,0
2022-06-26 06:35:42,0,0,0,0,0,98.75312,0.9975062,0.2493766,0
2022-06-26 06:35:41,0,0,0.5,0,0,98,1.25,0.25,0
2022-06-26 06:35:40,0,0,0.2506266,0,0,98.74687,0.7518797,0.2506266,0
2022-06-26 06:35:39,0,0,1.0025063,0,0,95.73935,3.258145,0,0
2022-06-26 06:35:38,0,0,0.4975124,0.2487562,0,96.0199,2.985075,0.2487562,0
2022-06-26 06:35:37,0,0,0.75,0,0,95.75,3.5,0,0
2022-06-26 06:35:36,0,0,1,0.75,0,94.25,3.75,0.25,0
2022-06-26 06:35:35,0,0,1.2562814,0.5025126,0,90.45226,7.537688,0.2512563,0
2022-06-26 06:35:34,0,0,1.4888337,0.248139,0,93.30025,4.71464,0.248139,0
2022-06-26 06:35:33,0,0,0.5,0,0,90.75,8.5,0.25,0
2022-06-26 06:35:32,0,0,0,0,0,95.5,4.5,0,0
2022-06-26 06:35:31,0,0,0,0,0,94.72362,4.773869,0.5025126,0
2022-06-26 06:35:30,0,0,0.4987531,0.4987531,0,94.76309,3.990025,0.2493766,0
2022-06-26 06:35:29,0,0,0.25,0.25,0,89,10.25,0.25,0
2022-06-26 06:35:28,0,0,0.5012531,0,0,92.98246,6.015038,0.5012531,0
2022-06-26 06:35:27,0,0,0,0.25,0,87.75,8.75,0.25,0
2022-06-26 06:35:26,0,0,0.2493766,0,0,94.01496,4.987531,0.2493766,0
2022-06-26 06:35:25,0,0,0.7518797,0,0,96.99248,1.754386,0.5012531,0
2022-06-26 06:35:24,0,0,0.25,0,0,98,1.75,0,0
2022-06-26 06:35:23,0,0,0.2493766,0,0,96.00998,3.241895,0.4987531,0
2022-06-26 06:35:22,0,0,0,0,0,97.73869,2.261307,0,0
2022-06-26 06:35:21,0,0,0,0,0,98.75931,0.7444169,0.4962779,0
2022-06-26 06:35:20,0,0,0.2506266,0,0,99.24812,0.5012531,0,0
2022-06-26 06:35:19,0,0,0,0,0,99.24812,0.5012531,0.2506266,0
2022-06-26 06:35:18,0,0,0,0.2493766,0,98.25436,1.2468828,0.2493766,0
2022-06-26 06:35:17,0,0,1,0.25,0,96.75,1.75,0.25,0
2022-06-26 06:35:16,0,0,1,0,0,95.75,3,0.25,0
2022-06-26 06:35:15,0,0,0.5012531,0,0,97.99499,1.5037594,0,0
2022-06-26 06:35:14,0,0,0.5012531,0,0,98.74687,0.7518797,0,0
2022-06-26 06:35:13,0,0,0.2493766,0.2493766,0,98.00499,0.9975062,0.4987531,0
2022-06-26 06:35:12,0,0,0,0.2506266,0,98.99749,0.7518797,0,0
2022-06-26 06:35:11,0,0,0.4987531,0,0,97.75561,1.745636,0,0
2022-06-26 06:35:10,0,0,1.2468828,0.2493766,0,95.01247,2.992519,0.4987531,0
2022-06-26 06:35:09,0,0,1.0025063,0.2506266,0,95.2381,3.508772,0,0
2022-06-26 06:35:08,0,0,0.5,0.25,0,98,1,0.25,0
2022-06-26 06:35:07,0,0,0.75,0,0,97.25,1.75,0.25,0
2022-06-26 06:35:06,0,0,0.25,0,0,98.25,1.5,0,0
2022-06-26 06:35:05,0,0,0,0,0,99.5,0.5,0,0
2022-06-26 06:35:04,0,0,0.7462687,0.2487562,0,97.01493,1.741294,0.2487562,0
2022-06-26 06:35:03,0,0,1.5,0.25,0,94.25,3.75,0.25,0
2022-06-26 06:35:02,0,0,1.0050251,0.5025126,0,96.23116,2.261307,0,0
2022-06-26 06:35:01,0,0,0.4987531,0,0,97.75561,1.2468828,0.4987531,0
2022-06-26 06:35:00,0,0,0.25,0,0,97.5,2.25,0,0
2022-06-26 06:34:59,0,0,0.5012531,0.2506266,0,98.24561,1.0025063,0,0
2022-06-26 06:34:58,0,0,0,0,0,98.75,0.75,0.5,0
2022-06-26 06:34:57,0,0,0.5012531,0.2506266,0,97.49373,1.5037594,0.2506266,0
2022-06-26 06:34:56,0,0,1.4962594,0,0,95.51122,2.743142,0.2493766,0
2022-06-26 06:34:55,0,0,1,0.25,0,95.75,3,0,0
2022-06-26 06:34:54,0,0,0.5012531,0,0,96.74185,2.506266,0.2506266,0
2022-06-26 06:34:53,0,0,0.7462687,0.2487562,0,97.01493,1.4925373,0.4975124,0
2022-06-26 06:34:52,0,0,0.5012531,0.2506266,0,98.49624,0.7518797,0,0
2022-06-26 06:34:51,0,0,0,0,0,98.99497,1.0050251,0,0
2022-06-26 06:34:50,0,0,0.4987531,0.2493766,0,97.25686,1.995012,0,0
2022-06-26 06:34:49,0,0,1,0,0,95.75,3.25,0,0
2022-06-26 06:34:48,0,0,0.7481297,0,0,95.7606,3.241895,0.2493766,0
2022-06-26 06:34:47,0,0,1.0050251,0.5025126,0,95.9799,2.261307,0.2512563,0
2022-06-26 06:34:46,0,0,0.4975124,0.2487562,0,97.26368,1.99005,0,0
2022-06-26 06:34:45,0,0,0.7518797,0.5012531,0,96.2406,2.255639,0.2506266,0
2022-06-26 06:34:44,0,0,0.2506266,0,0,98.24561,1.2531328,0.2506266,0
2022-06-26 06:34:43,0,0,0,0,0,99.49875,0.5012531,0,0
2022-06-26 06:34:42,0,0,0.7481297,0.2493766,0,96.7581,1.995012,0.2493766,0
2022-06-26 06:34:41,0,0,0.7462687,0,0,95.27363,3.731343,0.2487562,0
2022-06-26 06:34:40,0,0,0.7518797,0,0,94.73684,4.511278,0,0
2022-06-26 06:34:39,0,0,1.4962594,0.2493766,0,93.26683,4.738155,0.2493766,0
2022-06-26 06:34:38,0,0,1,0.5,0,93.25,4.75,0.5,0
2022-06-26 06:34:37,0,0,1,0,0,91.25,7.25,0.5,0
2022-06-26 06:34:36,0,0,0.2506266,0.2506266,0,93.48371,5.513784,0.2506266,0
2022-06-26 06:34:35,0,0,0.4975124,0,0,93.03483,6.218905,0.2487562,0
2022-06-26 06:34:34,0,0,0.2518892,0,0,93.70277,5.793451,0.2518892,0
2022-06-26 06:34:33,0,0,0,0.2506266,0,92.73183,6.766917,0.2506266,0
2022-06-26 06:34:32,0,0,0.2487562,0,0,94.52736,4.975124,0.2487562,0
2022-06-26 06:34:31,0,0,0,0,0,93,6.5,0.25,0
2022-06-26 06:34:30,0,0,0.75,0.25,0,95,3.75,0.25,0
2022-06-26 06:34:29,0,0,0.2506266,0.2506266,0,93.48371,5.764411,0.2506266,0
2022-06-26 06:34:28,0,0,0.25,0,0,94.5,5.25,0,0
2022-06-26 06:34:27,0,0,0.2506266,0,0,98.24561,1.5037594,0,0
2022-06-26 06:34:26,0,0,0.25,0,0,97.25,2.5,0,0
2022-06-26 06:34:25,0,0,0.25,0,0,97.25,2.25,0.25,0
2022-06-26 06:34:24,0,0,0.2493766,0,0,96.7581,2.743142,0.2493766,0
2022-06-26 06:34:23,0,0,0,0,0,98.99749,0.7518797,0.2506266,0
2022-06-26 06:34:22,0,0,0.25,0,0,97.25,2.25,0.25,0
2022-06-26 06:34:21,0,0,0.4987531,0,0,98.00499,1.2468828,0.2493766,0
2022-06-26 06:34:20,0,0,1,0.25,0,97,1.5,0.25,0
2022-06-26 06:34:19,0,0,0.5,0.25,0,97.5,1.5,0.25,0
2022-06-26 06:34:18,0,0,0.25,0,0,98,1.5,0.25,0
2022-06-26 06:34:17,0,0,0.7518797,0,0,97.49373,1.754386,0,0
2022-06-26 06:34:16,0,0,0.5,0.25,0,96.5,2.75,0,0
2022-06-26 06:34:15,0,0,0.25,0,0,98.25,1,0.5,0
2022-06-26 06:34:14,0,0,0.5,0,0,98.25,1.25,0,0
2022-06-26 06:34:13,0,0,0.75,0,0,96.75,2.25,0.25,0
2022-06-26 06:34:12,0,0,0.7462687,0.4975124,0,96.51741,1.741294,0.4975124,0
2022-06-26 06:34:11,0,0,0.7518797,0,0,96.2406,2.255639,0.7518797,0
2022-06-26 06:34:10,0,0,0.5,0.5,0,97.5,1.5,0,0
2022-06-26 06:34:09,0,0,0.2487562,0,0,98.25871,0.9950249,0.4975124,0
2022-06-26 06:34:08,0,0,0.5025126,0,0,97.98995,1.2562814,0.2512563,0
2022-06-26 06:34:07,0,0,0.7462687,0.2487562,0,97.76119,0.9950249,0.2487562,0
2022-06-26 06:34:06,0,0,0.7518797,0,0,96.74185,2.005013,0.5012531,0
2022-06-26 06:34:05,0,0,1,0.25,0,95.75,2.75,0.25,0
2022-06-26 06:34:04,0,0,0.9975062,0,0,96.50873,2.244389,0.2493766,0
2022-06-26 06:34:03,0,0,0.2506266,0.2506266,0,97.49373,1.754386,0.2506266,0
2022-06-26 06:34:02,0,0,0.2506266,0.2506266,0,98.49624,0.7518797,0.2506266,0
2022-06-26 06:34:01,0,0,0.5,0.25,0,97.75,1,0.5,0
2022-06-26 06:34:00,0,0,0.5012531,0.2506266,0,97.49373,1.754386,0,0
2022-06-26 06:33:59,0,0,0.9975062,0,0,95.01247,2.992519,0.7481297,0
2022-06-26 06:33:58,0,0,0.9925558,0.4962779,0,94.78908,3.225806,0.4962779,0
2022-06-26 06:33:57,0,0,0.7518797,0,0,96.49123,2.506266,0.2506266,0
2022-06-26 06:33:56,0,0,0.2506266,0,0,97.99499,1.5037594,0.2506266,0
2022-06-26 06:33:55,0,0,0,0.25,0,98.75,1,0,0
2022-06-26 06:33:54,0,0,0.2512563,0,0,97.73869,2.01005,0,0
2022-06-26 06:33:53,0,0,0.7425743,0.2475248,0,96.0396,2.475248,0.4950495,0
2022-06-26 06:33:52,0,0,1.2562814,0.2512563,0,94.97487,3.517588,0,0
2022-06-26 06:33:51,0,0,0.9950249,0.4975124,0,95.27363,2.985075,0.2487562,0
2022-06-26 06:33:50,0,0,0.7518797,0,0,97.49373,1.5037594,0.2506266,0
2022-06-26 06:33:49,0,0,0.25,0,0,97.75,1.5,0.5,0
2022-06-26 06:33:48,0,0,0.25,0,0,98.25,1.25,0.25,0
2022-06-26 06:33:47,0,0,0,0,0,99.24623,0.5025126,0.2512563,0
2022-06-26 06:33:46,0,0,0.4962779,0.248139,0,98.26303,0.7444169,0.248139,0
2022-06-26 06:33:45,0,0,0.7537688,0,0,96.73367,2.512563,0,0
2022-06-26 06:33:44,0,0,1.25,0.25,0,93.25,5,0.25,0
2022-06-26 06:33:43,0,0,1.5,0.25,0,94,4,0.25,0
2022-06-26 06:33:42,0,0,1.2468828,0.2493766,0,94.01496,4.239401,0.2493766,0
2022-06-26 06:33:41,0,0,0.7518797,0.2506266,0,92.23058,6.516291,0.2506266,0
2022-06-26 06:33:40,0,0,0.4987531,0,0,95.01247,4.488778,0,0
2022-06-26 06:33:39,0,0,0.25,0,0,94.75,4.75,0.25,0
2022-06-26 06:33:38,0,0,0.2512563,0,0,95.22613,4.271357,0.2512563,0
2022-06-26 06:33:37,0,0,0,0.25,0,95,4.75,0,0
2022-06-26 06:33:36,0,0,0.4987531,0.2493766,0,93.26683,5.486284,0.2493766,0
2022-06-26 06:33:35,0,0,1.2531328,0.2506266,0,85.71429,11.779449,0,0
2022-06-26 06:33:34,0,0,0.75,0,0,89.75,9.25,0,0
2022-06-26 06:33:33,0,0,0.2512563,0,0,91.45729,7.788945,0.5025126,0
2022-06-26 06:33:32,0,0,0,0,0,97.49373,2.506266,0,0
2022-06-26 06:33:31,0,0,0,0,0,97.51244,2.238806,0.2487562,0
2022-06-26 06:33:30,0,0,0.2512563,0,0,97.48744,2.261307,0,0
2022-06-26 06:33:29,0,0,0,0,0,95,4.75,0.25,0
2022-06-26 06:33:28,0,0,0.4987531,0.4987531,0,94.01496,4.738155,0.2493766,0
2022-06-26 06:33:27,0,0,0,0,0,97.99499,2.005013,0,0
2022-06-26 06:33:26,0,0,0,0,0,98.5,1.25,0.25,0
2022-06-26 06:33:25,0,0,0.5,0,0,98.5,0.75,0.25,0
2022-06-26 06:33:24,0,0,0,0,0,99.25,0.5,0.25,0
2022-06-26 06:33:23,0,0,1,0.25,0,96.5,2,0.25,0
2022-06-26 06:33:22,0,0,1.2468828,0.4987531,0,95.26185,2.743142,0.2493766,0
2022-06-26 06:33:21,0,0,0.2506266,0,0,99.24812,0.5012531,0,0
2022-06-26 06:33:20,0,0,0.5,0.25,0,97.5,1.5,0.25,0
2022-06-26 06:33:19,0,0,0,0,0,99.25,0.75,0,0
2022-06-26 06:33:18,0,0,0,0,0,99.24812,0.5012531,0.2506266,0
2022-06-26 06:33:17,0,0,0.2493766,0,0,98.25436,0.9975062,0.4987531,0
2022-06-26 06:33:16,0,0,1.4962594,0.4987531,0,94.01496,3.740648,0.2493766,0
2022-06-26 06:33:15,0,0,1.5075377,0,0,96.48241,2.01005,0,0
2022-06-26 06:33:14,0,0,0.2493766,0,0,98.50374,0.9975062,0.2493766,0
2022-06-26 06:33:13,0,0,0.4975124,0,0,97.26368,1.741294,0.4975124,0
2022-06-26 06:33:12,0,0,0.2512563,0,0,98.99497,0.7537688,0,0
2022-06-26 06:33:11,0,0,0.25,0,0,98.75,0.75,0.25,0
2022-06-26 06:33:10,0,0,0.5012531,0,0,97.24311,2.255639,0,0
2022-06-26 06:33:09,0,0,1.2468828,0.2493766,0,95.7606,2.743142,0,0
2022-06-26 06:33:08,0,0,1.2468828,0,0,94.76309,3.491272,0.4987531,0
2022-06-26 06:33:07,0,0,0.25,0,0,97.75,1.75,0.25,0
2022-06-26 06:33:06,0,0,0.7518797,0.5012531,0,97.49373,1.0025063,0.2506266,0
2022-06-26 06:33:05,0,0,0.2487562,0,0,98.75622,0.7462687,0.2487562,0
2022-06-26 06:33:04,0,0,0,0,0,98.74372,1.2562814,0,0
2022-06-26 06:33:03,0,0,0.4975124,0,0,97.51244,1.4925373,0.4975124,0
2022-06-26 06:33:02,0,0,1.2562814,0.5025126,0,95.22613,2.763819,0.2512563,0
2022-06-26 06:33:01,0,0,1.25,0.25,0,94.25,4.25,0,0
2022-06-26 06:33:00,0,0,0.5,0,0,98.25,1.25,0,0
2022-06-26 06:32:59,0,0,0.4987531,0.2493766,0,97.25686,1.745636,0.2493766,0
2022-06-26 06:32:58,0,0,0,0,0,98.24561,1.5037594,0.2506266,0
2022-06-26 06:32:57,0,0,0,0,0,99.25187,0.7481297,0,0
2022-06-26 06:32:56,0,0,0.2493766,0,0,98.00499,1.2468828,0.4987531,0
2022-06-26 06:32:55,0,0,0.7556675,0,0,96.97733,2.267003,0,0
2022-06-26 06:32:54,0,0,1.741294,0.2487562,0,92.53731,5.223881,0.2487562,0
2022-06-26 06:32:53,0,0,0.75,0.25,0,96.25,2.5,0.25,0
2022-06-26 06:32:52,0,0,0.2512563,0,0,98.49246,1.0050251,0.2512563,0
2022-06-26 06:32:51,0,0,0.25,0,0,97,2.75,0,0
2022-06-26 06:32:50,0,0,0.2493766,0.2493766,0,98.75312,0.2493766,0.2493766,0
2022-06-26 06:32:49,0,0,0,0,0,99.24812,0.5012531,0.2506266,0
2022-06-26 06:32:48,0,0,0.4962779,0,0,97.51861,1.4888337,0.4962779,0
2022-06-26 06:32:47,0,0,0.7518797,0,0,95.2381,3.759398,0.2506266,0
2022-06-26 06:32:46,0,0,1.5075377,0.5025126,0,91.20603,6.532663,0.2512563,0
2022-06-26 06:32:45,0,0,1.741294,0.4975124,0,91.79104,5.472637,0.4975124,0
2022-06-26 06:32:44,0,0,0.5012531,0.2506266,0,94.23559,4.511278,0.5012531,0
2022-06-26 06:32:43,0,0,0.4987531,0,0,93.51621,5.735661,0.2493766,0
2022-06-26 06:32:42,0,0,0.4987531,0,0,96.25935,2.992519,0.2493766,0
2022-06-26 06:32:41,0,0,0.5025126,0,0,94.22111,5.276382,0,0
2022-06-26 06:32:40,0,0,0.25,0.25,0,93,6,0.5,0
2022-06-26 06:32:39,0,0,0,0.2493766,0,94.51372,5.236908,0,0
2022-06-26 06:32:38,0,0,0.5025126,0,0,91.9598,6.030151,0.7537688,0
2022-06-26 06:32:37,0,0,0.5012531,0.2506266,0,93.48371,5.513784,0.2506266,0
2022-06-26 06:32:36,0,0,0.9950249,0.2487562,0,92.0398,6.467662,0.2487562,0
2022-06-26 06:32:35,0,0,0.7518797,0,0,94.23559,4.761905,0.2506266,0
2022-06-26 06:32:34,0,0,0.5012531,0.2506266,0,94.23559,4.761905,0.2506266,0
2022-06-26 06:32:33,0,0,0,0,0,95.75,3.75,0.5,0
2022-06-26 06:32:32,0,0,0,0,0,97,3,0,0
2022-06-26 06:32:31,0,0,0.2487562,0,0,94.77612,4.477612,0.4975124,0
2022-06-26 06:32:30,0,0,0,0.2512563,0,95.47739,4.020101,0,0
2022-06-26 06:32:29,0,0,0.2487562,0.2487562,0,96.0199,3.233831,0.2487562,0
2022-06-26 06:32:28,0,0,0,0,0,98.74687,1.0025063,0.2506266,0
2022-06-26 06:32:27,0,0,0,0,0,99.50125,0.4987531,0,0
2022-06-26 06:32:26,0,0,0.2493766,0,0,98.25436,0.9975062,0.4987531,0
2022-06-26 06:32:25,0,0,1.2562814,0.2512563,0,96.48241,2.01005,0,0
2022-06-26 06:32:24,0,0,0.5012531,0.2506266,0,97.74436,1.5037594,0,0
2022-06-26 06:32:23,0,0,0.7481297,0,0,96.7581,1.995012,0.4987531,0
2022-06-26 06:32:22,0,0,0.25,0,0,98.75,1,0,0
2022-06-26 06:32:21,0,0,0,0,0,99.25,0.5,0.25,0
2022-06-26 06:32:20,0,0,0.25,0.25,0,97.75,1.5,0.25,0
2022-06-26 06:32:19,0,0,1,0.25,0,97.5,1,0.25,0
2022-06-26 06:32:18,0,0,0.75,0,0,96.75,2.25,0.25,0
2022-06-26 06:32:17,0,0,0.75,0,0,96.25,2.25,0.75,0
2022-06-26 06:32:16,0,0,0.7518797,0.2506266,0,96.74185,2.255639,0,0
2022-06-26 06:32:15,0,0,0.25,0,0,98,1.25,0.5,0
2022-06-26 06:32:14,0,0,0.2493766,0,0,98.75312,0.9975062,0,0
2022-06-26 06:32:13,0,0,0.5,0,0,98,1.5,0,0
2022-06-26 06:32:12,0,0,0.9975062,0.2493766,0,95.7606,2.244389,0.7481297,0
2022-06-26 06:32:11,0,0,0.7537688,0,0,96.98492,2.261307,0,0
2022-06-26 06:32:10,0,0,0.7481297,0.2493766,0,96.25935,2.493766,0.2493766,0
2022-06-26 06:32:09,0,0,0.75,0.25,0,97.25,1.75,0,0
2022-06-26 06:32:08,0,0,0.4975124,0,0,97.01493,1.741294,0.7462687,0
2022-06-26 06:32:07,0,0,0,0,0,98.74055,1.0075567,0.2518892,0
2022-06-26 06:32:06,0,0,0.7462687,0.2487562,0,96.76617,1.99005,0.2487562,0
2022-06-26 06:32:05,0,0,1.2437811,0.2487562,0,95.27363,2.985075,0.2487562,0
2022-06-26 06:32:04,0,0,0.5025126,0,0,97.23618,2.261307,0,0
2022-06-26 06:32:03,0,0,0.5,0.25,0,97.25,1.75,0.25,0
2022-06-26 06:32:02,0,0,0.2506266,0,0,98.24561,1.2531328,0.2506266,0
2022-06-26 06:32:01,0,0,0.2506266,0,0,97.24311,2.255639,0.2506266,0
2022-06-26 06:32:00,0,0,0.7481297,0.2493766,0,96.00998,2.743142,0.2493766,0
2022-06-26 06:31:59,0,0,0.7481297,0.2493766,0,96.25935,2.244389,0.4987531,0
2022-06-26 06:31:58,0,0,0.7537688,0,0,96.23116,2.763819,0.2512563,0
2022-06-26 06:31:57,0,0,0.75,0,0,96.75,2.5,0,0
2022-06-26 06:31:56,0,0,0.5,0,0,97.25,2,0.25,0
2022-06-26 06:31:55,0,0,0.5,0,0,96.25,3,0.25,0
2022-06-26 06:31:54,0,0,0.25,0,0,98.75,0.75,0.25,0
2022-06-26 06:31:53,0,0,0.75,0.25,0,97.25,1.5,0.25,0
2022-06-26 06:31:52,0,0,0.9975062,0,0,96.25935,2.493766,0.2493766,0
2022-06-26 06:31:51,0,0,0.5012531,0,0,98.49624,0.7518797,0.2506266,0
2022-06-26 06:31:50,0,0,0.2493766,0,0,98.75312,0.4987531,0.4987531,0
2022-06-26 06:31:49,0,0,0.2506266,0,0,96.74185,2.756892,0,0
2022-06-26 06:31:48,0,0,0.7444169,0,0,96.27792,2.48139,0.4962779,0
2022-06-26 06:31:47,0,0,1.0050251,0,0,95.22613,3.768844,0,0
2022-06-26 06:31:46,0,0,0.9975062,0,0,94.26434,4.488778,0.2493766,0
2022-06-26 06:31:45,0,0,0.75,0.25,0,93.25,5.5,0.25,0
2022-06-26 06:31:44,0,0,1,0.75,0,91.5,6.5,0.25,0
2022-06-26 06:31:43,0,0,0.75,0.25,0,94.25,4.5,0.25,0
2022-06-26 06:31:42,0,0,1.0025063,0.2506266,0,92.23058,6.265664,0.2506266,0
2022-06-26 06:31:41,0,0,0.25,0.5,0,90.75,8.25,0.25,0
2022-06-26 06:31:40,0,0,0.4975124,0,0,93.78109,5.472637,0.2487562,0
2022-06-26 06:31:39,0,0,0.2512563,0.2512563,0,88.69347,10.552764,0.2512563,0
2022-06-26 06:31:38,0,0,0,0,0,93.26683,6.234414,0.2493766,0
2022-06-26 06:31:37,0,0,0,0.2518892,0,92.19144,7.052897,0.2518892,0
2022-06-26 06:31:36,0,0,0.2487562,0.2487562,0,94.02985,5.223881,0.2487562,0
2022-06-26 06:31:35,0,0,0,0,0,93.19899,5.793451,0.2518892,0
2022-06-26 06:31:34,0,0,0,0,0,95.77114,3.9801,0.2487562,0
2022-06-26 06:31:33,0,0,0.2512563,0.7537688,0,96.98492,2.01005,0,0
2022-06-26 06:31:32,0,0,0.2493766,0,0,98.00499,1.4962594,0.2493766,0
2022-06-26 06:31:31,0,0,0,0,0,99.24623,0.5025126,0.2512563,0
2022-06-26 06:31:30,0,0,0,0,0,99.00249,0.7481297,0.2493766,0
2022-06-26 06:31:29,0,0,0.25,0,0,98.25,1.5,0,0
2022-06-26 06:31:28,0,0,0.25,0,0,99,0.5,0.25,0
2022-06-26 06:31:27,0,0,0.5,0,0,98.75,0.75,0,0
2022-06-26 06:31:26,0,0,0.75,0.25,0,96.25,2.5,0.25,0
2022-06-26 06:31:25,0,0,1.2468828,0,0,96.50873,1.995012,0.2493766,0
2022-06-26 06:31:24,0,0,0.4987531,0,0,97.50623,1.4962594,0.4987531,0
2022-06-26 06:31:23,0,0,1.0050251,0.2512563,0,96.73367,2.01005,0,0
2022-06-26 06:31:22,0,0,0.7518797,0,0,97.74436,1.0025063,0.5012531,0
2022-06-26 06:31:21,0,0,0.2493766,0,0,98.75312,0.9975062,0,0
2022-06-26 06:31:20,0,0,0.4987531,0,0,97.00748,1.995012,0.4987531,0
2022-06-26 06:31:19,0,0,0.7462687,0.2487562,0,97.01493,1.741294,0,0
2022-06-26 06:31:18,0,0,0.7537688,0.2512563,0,96.73367,2.01005,0.2512563,0
2022-06-26 06:31:17,0,0,0.5,0,0,97.25,2.25,0,0
2022-06-26 06:31:16,0,0,0.7518797,0,0,97.99499,1.0025063,0.2506266,0
2022-06-26 06:31:15,0,0,0.5,0,0,97.75,1.75,0,0
2022-06-26 06:31:14,0,0,0.25,0,0,97.5,2.25,0,0
2022-06-26 06:31:13,0,0,0.7462687,0.2487562,0,97.26368,1.4925373,0.2487562,0
2022-06-26 06:31:12,0,0,0.9975062,0.2493766,0,95.7606,2.743142,0.2493766,0
2022-06-26 06:31:11,0,0,0.7537688,0,0,96.23116,2.763819,0.2512563,0
2022-06-26 06:31:10,0,0,0.75,0,0,96.75,2.25,0.25,0
2022-06-26 06:31:09,0,0,0.4975124,0,0,97.76119,1.4925373,0.2487562,0
2022-06-26 06:31:08,0,0,0.5037783,0.2518892,0,97.48111,1.511335,0.2518892,0
2022-06-26 06:31:07,0,0,0.2493766,0,0,97.25686,2.244389,0.2493766,0
2022-06-26 06:31:06,0,0,0.4987531,0.2493766,0,97.75561,1.2468828,0.2493766,0
2022-06-26 06:31:05,0,0,0.75,0.25,0,97,2,0,0
2022-06-26 06:31:04,0,0,0.5025126,0,0,97.48744,1.758794,0.2512563,0
2022-06-26 06:31:03,0,0,0.75,0,0,97.25,1.75,0.25,0
2022-06-26 06:31:02,0,0,0.75,0.5,0,96,2.5,0.25,0
2022-06-26 06:31:01,0,0,0.4987531,0,0,96.50873,2.743142,0.2493766,0
2022-06-26 06:31:00,0,0,0.25,0,0,98.25,1.25,0.25,0
2022-06-26 06:30:59,0,0,0.4987531,0,0,98.00499,1.2468828,0.2493766,0
2022-06-26 06:30:58,0,0,1.0025063,0.5012531,0,95.48872,2.756892,0.2506266,0
2022-06-26 06:30:57,0,0,0.4987531,0,0,96.25935,2.992519,0.2493766,0
2022-06-26 06:30:56,0,0,1.0025063,0,0,96.2406,2.756892,0,0
2022-06-26 06:30:55,0,0,0.7518797,0.5012531,0,95.2381,3.258145,0.2506266,0
2022-06-26 06:30:54,0,0,0.5,0,0,98.25,1.25,0,0
2022-06-26 06:30:53,0,0,0.25,0,0,97.5,2,0.25,0
2022-06-26 06:30:52,0,0,0.7462687,0,0,97.26368,1.741294,0.2487562,0
2022-06-26 06:30:51,0,0,0.2506266,0,0,96.2406,3.007519,0.5012531,0
2022-06-26 06:30:50,0,0,1.0050251,0.2512563,0,95.22613,3.266332,0.2512563,0
2022-06-26 06:30:49,0,0,0.9925558,0,0,95.78164,2.977667,0.248139,0
2022-06-26 06:30:48,0,0,0.75,0.5,0,92.5,6,0.25,0
2022-06-26 06:30:47,0,0,0.7518797,0.2506266,0,94.48622,4.260652,0.2506266,0
2022-06-26 06:30:46,0,0,1.0050251,0.2512563,0,94.22111,4.522613,0,0
2022-06-26 06:30:45,0,0,0.9975062,0.2493766,0,88.77805,9.725686,0.2493766,0
2022-06-26 06:30:44,0,0,0.9975062,0,0,89.52618,9.226933,0.2493766,0
2022-06-26 06:30:43,0,0,0.5,0.25,0,92.25,6.75,0.25,0
2022-06-26 06:30:42,0,0,0.2493766,0,0,90.02494,9.226933,0.2493766,0
2022-06-26 06:30:41,0,0,0,0,0,93.96985,5.778894,0.2512563,0
2022-06-26 06:30:40,0,0,0,0.2493766,0,92.5187,6.733167,0.2493766,0
2022-06-26 06:30:39,0,0,0,0,0,92.25,7.5,0.25,0
2022-06-26 06:30:38,0,0,0.2512563,0,0,92.46231,6.281407,0.2512563,0
2022-06-26 06:30:37,0,0,0,0.2506266,0,95.2381,3.508772,0.2506266,0
2022-06-26 06:30:36,0,0,0.2493766,0,0,97.25686,2.244389,0.2493766,0
2022-06-26 06:30:35,0,0,0,0,0,98.75622,1.2437811,0,0
2022-06-26 06:30:34,0,0,0,0,0,98.99244,0.7556675,0.2518892,0
2022-06-26 06:30:33,0,0,0.2487562,0.2487562,0,98.50746,0.9950249,0,0
2022-06-26 06:30:32,0,0,0.2487562,0,0,98.75622,0.7462687,0.2487562,0
2022-06-26 06:30:31,0,0,0.2512563,0,0,98.74372,0.7537688,0.2512563,0
2022-06-26 06:30:30,0,0,0,0,0,98.74687,1.2531328,0,0
2022-06-26 06:30:29,0,0,0.4987531,0,0,97.75561,1.2468828,0.4987531,0
2022-06-26 06:30:28,0,0,1.0025063,0,0,95.98997,2.506266,0.5012531,0
2022-06-26 06:30:27,0,0,0.7518797,0,0,97.49373,1.754386,0,0
2022-06-26 06:30:26,0,0,0.9925558,0.248139,0,96.52605,1.985112,0.248139,0
2022-06-26 06:30:25,0,0,1,0.5,0,96,2.25,0.25,0
2022-06-26 06:30:24,0,0,0.5025126,0,0,98.49246,1.0050251,0,0
2022-06-26 06:30:23,0,0,0,0.2506266,0,98.49624,1.0025063,0.2506266,0
2022-06-26 06:30:22,0,0,0.7481297,0.2493766,0,97.50623,1.4962594,0,0
2022-06-26 06:30:21,0,0,1,0.25,0,96.5,1.75,0.5,0
2022-06-26 06:30:20,0,0,0.7518797,0,0,95.98997,3.007519,0.2506266,0
2022-06-26 06:30:19,0,0,1,0.25,0,96.5,2.25,0,0
2022-06-26 06:30:18,0,0,0.4987531,0.2493766,0,97.75561,0.9975062,0.4987531,0
2022-06-26 06:30:17,0,0,0.5,0,0,97.25,2.25,0,0
2022-06-26 06:30:16,0,0,0.2506266,0,0,98.99749,0.7518797,0,0
2022-06-26 06:30:15,0,0,0.4975124,0.2487562,0,98.00995,0.7462687,0.4975124,0
2022-06-26 06:30:14,0,0,1,0,0,95.75,3.25,0,0
2022-06-26 06:30:13,0,0,0.7537688,0.2512563,0,97.48744,1.0050251,0.5025126,0
2022-06-26 06:30:12,0,0,0.75,0.25,0,96.5,2.25,0.25,0
2022-06-26 06:30:11,0,0,0.7481297,0,0,97.75561,1.2468828,0.2493766,0
2022-06-26 06:30:10,0,0,0.5012531,0,0,98.49624,1.0025063,0,0
2022-06-26 06:30:09,0,0,0,0,0,99.00249,0.7481297,0.2493766,0
2022-06-26 06:30:08,0,0,0.5,0.25,0,97.25,1.75,0.25,0
2022-06-26 06:30:07,0,0,1.2437811,0,0,95.52239,2.985075,0.2487562,0
2022-06-26 06:30:06,0,0,1.0025063,0.2506266,0,95.48872,3.007519,0.2506266,0
2022-06-26 06:30:05,0,0,0.4987531,0,0,97.50623,1.745636,0.2493766,0
2022-06-26 06:30:04,0,0,0,0.2518892,0,98.74055,1.0075567,0,0
2022-06-26 06:30:03,0,0,0.5,0.25,0,97.75,0.75,0.75,0
2022-06-26 06:30:02,0,0,0.2493766,0,0,97.75561,1.995012,0,0
2022-06-26 06:30:01,0,0,0.2506266,0.2506266,0,97.24311,1.754386,0.5012531,0
2022-06-26 06:30:00,0,0,1.25,0.5,0,95.75,2.5,0,0
2022-06-26 06:29:59,0,0,0.9925558,0.248139,0,94.78908,3.473945,0.4962779,0
2022-06-26 06:29:58,0,0,0.7537688,0,0,94.97487,3.768844,0.5025126,0
2022-06-26 06:29:57,0,0,0.5012531,0,0,98.49624,1.0025063,0,0
2022-06-26 06:29:56,0,0,0.2487562,0.2487562,0,98.00995,1.2437811,0.2487562,0
2022-06-26 06:29:55,0,0,0.7518797,0,0,97.99499,1.0025063,0.2506266,0
2022-06-26 06:29:54,0,0,0,0,0,99.49875,0.5012531,0,0
2022-06-26 06:29:53,0,0,0.2487562,0.2487562,0,97.51244,1.4925373,0.4975124,0
2022-06-26 06:29:52,0,0,0.7537688,0,0,95.9799,3.266332,0,0
2022-06-26 06:29:51,0,0,1.2437811,0.7462687,0,94.02985,3.482587,0.4975124,0
2022-06-26 06:29:50,0,0,1.5,0.25,0,90,8.25,0,0
2022-06-26 06:29:49,0,0,1.2531328,0.5012531,0,90.72682,7.26817,0.2506266,0
2022-06-26 06:29:48,0,0,0.7481297,0.2493766,0,92.26933,6.733167,0,0
2022-06-26 06:29:47,0,0,0.75,0,0,91,8,0.25,0
2022-06-26 06:29:46,0,0,0.2512563,0.2512563,0,92.71357,6.281407,0.5025126,0
2022-06-26 06:29:45,0,0,0.4975124,0,0,95.27363,4.228856,0,0
2022-06-26 06:29:44,0,0,0.25,0,0,92.25,7,0.5,0
2022-06-26 06:29:43,0,0,0,0,0,90.45226,9.045226,0.2512563,0
2022-06-26 06:29:42,0,0,0.2487562,0,0,92.0398,7.21393,0.4975124,0
2022-06-26 06:29:41,0,0,0,0.2506266,0,92.4812,6.516291,0.5012531,0
2022-06-26 06:29:40,0,0,0,0,0,93.71859,5.778894,0.2512563,0
2022-06-26 06:29:39,0,0,0.2493766,0,0,96.50873,3.241895,0,0
2022-06-26 06:29:38,0,0,0,0,0,97.24311,2.506266,0.2506266,0
2022-06-26 06:29:37,0,0,0.2493766,0,0,98.25436,1.2468828,0.2493766,0
2022-06-26 06:29:36,0,0,0.2512563,0,0,98.24121,1.5075377,0,0
2022-06-26 06:29:35,0,0,0,0,0,99.50125,0.4987531,0,0
2022-06-26 06:29:34,0,0,0,0,0,98.50374,0.9975062,0.4987531,0
2022-06-26 06:29:33,0,0,0.2506266,0.2506266,0,97.49373,1.754386,0.2506266,0
2022-06-26 06:29:32,0,0,0.2487562,0.2487562,0,98.25871,0.9950249,0.2487562,0
2022-06-26 06:29:31,0,0,1.0126582,0.2531646,0,96.20253,2.531646,0,0
2022-06-26 06:29:30,0,0,0.7407407,0.2469136,0,96.2963,1.975309,0.7407407,0
2022-06-26 06:29:29,0,0,0.5025126,0,0,98.24121,1.2562814,0,0
2022-06-26 06:29:28,0,0,0.5,0,0,95,4,0.5,0
2022-06-26 06:29:27,0,0,1.0050251,0.2512563,0,96.73367,2.01005,0,0
2022-06-26 06:29:26,0,0,0.2487562,0,0,98.50746,0.9950249,0.2487562,0
2022-06-26 06:29:25,0,0,1,0.25,0,97.5,1,0.25,0
2022-06-26 06:29:24,0,0,0.9950249,0,0,96.51741,1.99005,0.4975124,0
2022-06-26 06:29:23,0,0,1.0050251,0,0,96.48241,2.261307,0.2512563,0
2022-06-26 06:29:22,0,0,0.5,0.25,0,97.5,1.75,0,0
2022-06-26 06:29:21,0,0,0.75,0.25,0,95.75,3,0.25,0
2022-06-26 06:29:20,0,0,0.7481297,0,0,97.50623,1.4962594,0.2493766,0
2022-06-26 06:29:19,0,0,0.2493766,0,0,98.00499,1.4962594,0.2493766,0
2022-06-26 06:29:18,0,0,0.5025126,0,0,97.73869,1.5075377,0.2512563,0
2022-06-26 06:29:17,0,0,0.75,0.75,0,96.25,2.25,0,0
2022-06-26 06:29:16,0,0,0.9975062,0.2493766,0,95.7606,2.743142,0.2493766,0
2022-06-26 06:29:15,0,0,0.7518797,0.5012531,0,97.24311,1.5037594,0,0
2022-06-26 06:29:14,0,0,0.7481297,0.2493766,0,96.25935,2.493766,0.2493766,0
2022-06-26 06:29:13,0,0,0.5,0,0,97.75,1.5,0.25,0
2022-06-26 06:29:12,0,0,0,0,0,99.24623,0.7537688,0,0
2022-06-26 06:29:11,0,0,0.4987531,0,0,97.50623,1.4962594,0.4987531,0
2022-06-26 06:29:10,0,0,0.9950249,0,0,95.77114,2.985075,0.2487562,0
2022-06-26 06:29:09,0,0,0.7537688,0.2512563,0,97.48744,1.5075377,0,0
2022-06-26 06:29:08,0,0,0.75,0.25,0,96.5,2.25,0.25,0
2022-06-26 06:29:07,0,0,0.5012531,0,0,97.49373,2.005013,0,0
2022-06-26 06:29:06,0,0,0.5,0,0,99,0.5,0,0
2022-06-26 06:29:05,0,0,0.2493766,0,0,98.50374,0.9975062,0.2493766,0
2022-06-26 06:29:04,0,0,0,0,0,99.25,0.75,0,0
2022-06-26 06:29:03,0,0,0.9975062,0,0,96.25935,2.493766,0.2493766,0
2022-06-26 06:29:02,0,0,1.5,0.25,0,92.75,5,0.5,0
2022-06-26 06:29:01,0,0,0.7518797,0,0,95.48872,3.759398,0,0
2022-06-26 06:29:00,0,0,1.5,0,0,94.25,4,0.25,0
2022-06-26 06:28:59,0,0,0.25,0,0,97.75,1.75,0.25,0
2022-06-26 06:28:58,0,0,0.5,0.25,0,98,1,0.25,0
2022-06-26 06:28:57,0,0,0.25,0,0,98.25,1.25,0.25,0
2022-06-26 06:28:56,0,0,0.2493766,0,0,98.00499,1.2468828,0.4987531,0
2022-06-26 06:28:55,0,0,0.5,0.5,0,96.25,2.5,0.25,0
2022-06-26 06:28:54,0,0,1.25,0.5,0,94.5,3.5,0.25,0
2022-06-26 06:28:53,0,0,1.25,0.25,0,91.25,6.75,0.5,0
2022-06-26 06:28:52,0,0,1.75,0.5,0,87,10.25,0.5,0
2022-06-26 06:28:51,0,0,3.508772,0,0,87.46867,9.022556,0,0
2022-06-26 06:28:50,0,0,0.7444169,0.248139,0,94.54094,4.218362,0.248139,0
2022-06-26 06:28:49,0,0,0.2512563,0,0,93.96985,5.527638,0.2512563,0
2022-06-26 06:28:48,0,0,0.5,0.25,0,93.25,5.75,0.25,0
2022-06-26 06:28:47,0,0,0.25,0.5,0,92.5,6.75,0,0
2022-06-26 06:28:46,0,0,0.5,0,0,91.75,7.25,0.5,0
2022-06-26 06:28:45,0,0,0,0,0,89.47368,9.774436,0.2506266,0
2022-06-26 06:28:44,0,0,0,0,0,91.45729,7.286432,0.2512563,0
2022-06-26 06:28:43,0,0,0.248139,0.248139,0,92.80397,5.955335,0.4962779,0
2022-06-26 06:28:42,0,0,0,0,0,97.24311,2.506266,0.2506266,0
2022-06-26 06:28:41,0,0,0.25,0,0,98.25,1.25,0.25,0
2022-06-26 06:28:40,0,0,0,0,0,97.75,2.25,0,0
2022-06-26 06:28:39,0,0,0.2506266,0,0,97.99499,1.5037594,0.2506266,0
2022-06-26 06:28:38,0,0,0,0,0,98.75312,0.9975062,0.2493766,0
2022-06-26 06:28:37,0,0,0.25,0.25,0,99,0.5,0,0
2022-06-26 06:28:36,0,0,0,0,0,98.75,1,0.25,0
2022-06-26 06:28:35,0,0,0,0,0,98.24121,1.5075377,0.2512563,0
2022-06-26 06:28:34,0,0,0.4987531,0,0,98.50374,0.7481297,0.2493766,0
2022-06-26 06:28:33,0,0,1,0.5,0,95.75,2.5,0.25,0
2022-06-26 06:28:32,0,0,0.7518797,0,0,96.99248,2.255639,0,0
2022-06-26 06:28:31,0,0,0.9950249,0.4975124,0,94.77612,3.482587,0.2487562,0
2022-06-26 06:28:30,0,0,0.4975124,0,0,98.00995,1.2437811,0.2487562,0
2022-06-26 06:28:29,0,0,0.2518892,0,0,98.23678,1.2594458,0.2518892,0
2022-06-26 06:28:28,0,0,0,0,0,99.24812,0.5012531,0.2506266,0
2022-06-26 06:28:27,0,0,0.4975124,0,0,97.76119,1.4925373,0.2487562,0
2022-06-26 06:28:26,0,0,1.0050251,0.2512563,0,96.73367,1.758794,0.2512563,0
2022-06-26 06:28:25,0,0,1.985112,0.4962779,0,95.03722,2.233251,0.248139,0
2022-06-26 06:28:24,0,0,1.0025063,0,0,97.24311,1.754386,0,0
2022-06-26 06:28:23,0,0,0.2506266,0,0,97.49373,2.005013,0.2506266,0
2022-06-26 06:28:22,0,0,0.25,0,0,99,0.5,0.25,0
2022-06-26 06:28:21,0,0,0,0,0,98.49624,1.2531328,0.2506266,0
2022-06-26 06:28:20,0,0,0.4975124,0.2487562,0,97.76119,1.2437811,0.2487562,0
2022-06-26 06:28:19,0,0,0.9975062,0.2493766,0,96.50873,2.244389,0,0
2022-06-26 06:28:18,0,0,1.0050251,0.2512563,0,95.22613,3.517588,0,0
2022-06-26 06:28:17,0,0,1,0.25,0,95.75,2.75,0.25,0
2022-06-26 06:28:16,0,0,0.5,0,0,98,1.25,0.25,0
2022-06-26 06:28:15,0,0,0.4975124,0.2487562,0,98.25871,0.9950249,0,0
2022-06-26 06:28:14,0,0,0,0,0,99.24051,0.7594937,0,0
2022-06-26 06:28:13,0,0,0.4950495,0.2475248,0,97.52475,1.2376238,0.4950495,0
2022-06-26 06:28:12,0,0,1.0025063,0,0,95.48872,3.258145,0.2506266,0
2022-06-26 06:28:11,0,0,1.25,0.25,0,94.75,3.5,0.25,0
2022-06-26 06:28:10,0,0,0.9950249,0,0,95.52239,3.233831,0.2487562,0
2022-06-26 06:28:09,0,0,0.5025126,0.2512563,0,97.23618,1.758794,0.2512563,0
2022-06-26 06:28:08,0,0,0,0,0,98.50374,1.4962594,0,0
2022-06-26 06:28:07,0,0,0.25,0.25,0,98.5,0.75,0.25,0
2022-06-26 06:28:06,0,0,0,0,0,98.75,1,0.25,0
2022-06-26 06:28:05,0,0,1,0.25,0,95.5,2.75,0.5,0
2022-06-26 06:28:04,0,0,0.7518797,0.2506266,0,94.73684,4.010025,0.2506266,0
2022-06-26 06:28:03,0,0,1.5,0,0,96,2.5,0,0
2022-06-26 06:28:02,0,0,0.9975062,0.2493766,0,94.51372,3.740648,0.4987531,0
2022-06-26 06:28:01,0,0,0.4987531,0.2493766,0,97.25686,1.745636,0.2493766,0
2022-06-26 06:28:00,0,0,0.2512563,0,0,98.74372,1.0050251,0,0
2022-06-26 06:27:59,0,0,0,0,0,98.5,1.25,0.25,0
2022-06-26 06:27:58,0,0,0.25,0,0,98.5,1.25,0,0
2022-06-26 06:27:57,0,0,0.2487562,0.2487562,0,96.26866,2.985075,0.2487562,0
2022-06-26 06:27:56,0,0,1.2594458,0.2518892,0,93.70277,4.534005,0.2518892,0
2022-06-26 06:27:55,0,0,1.4888337,0.7444169,0,92.05955,5.210918,0.4962779,0
2022-06-26 06:27:54,0,0,1.511335,0.2518892,0,92.44332,5.541562,0.2518892,0
2022-06-26 06:27:53,0,0,0.9950249,0.4975124,0,90.79602,7.462687,0.2487562,0
2022-06-26 06:27:52,0,0,0.7518797,0.5012531,0,89.22306,9.273183,0.2506266,0
2022-06-26 06:27:51,0,0,0.5,0,0,93.75,5.5,0.25,0
2022-06-26 06:27:50,0,0,0,0,0,92.30769,6.947891,0.4962779,0
2022-06-26 06:27:49,0,0,0.2518892,0,0,92.19144,7.304786,0.2518892,0
2022-06-26 06:27:48,0,0,0,0,0,91.02244,8.72818,0.2493766,0
2022-06-26 06:27:47,0,0,0,0,0,88.25,10,0.25,0
2022-06-26 06:27:46,0,0,0,0.2506266,0,87.46867,8.270677,0.2506266,0
2022-06-26 06:27:45,0,0,0.25,0,0,93.75,5.75,0.25,0
2022-06-26 06:27:44,0,0,0,0,0,97.99499,1.754386,0.2506266,0
2022-06-26 06:27:43,0,0,0.248139,0.248139,0,97.51861,1.736973,0.248139,0
2022-06-26 06:27:42,0,0,0,0,0,99.49749,0.5025126,0,0
2022-06-26 06:27:41,0,0,0,0,0,98.75312,0.9975062,0.2493766,0
2022-06-26 06:27:40,0,0,0.25,0,0,97.25,2,0.25,0
2022-06-26 06:27:39,0,0,0,0,0,99.25187,0.4987531,0.2493766,0
2022-06-26 06:27:38,0,0,0.2506266,0,0,98.74687,0.7518797,0.2506266,0
2022-06-26 06:27:37,0,0,0,0,0,98.99749,1.0025063,0,0
2022-06-26 06:27:36,0,0,0.75,0,0,97,2,0.25,0
2022-06-26 06:27:35,0,0,0.7481297,0.2493766,0,97.25686,1.4962594,0.2493766,0
2022-06-26 06:27:34,0,0,0.7481297,0.2493766,0,95.7606,2.992519,0.2493766,0
2022-06-26 06:27:33,0,0,0.75,0.5,0,96.25,2.5,0,0
2022-06-26 06:27:32,0,0,0.7518797,0,0,97.24311,1.754386,0.2506266,0
2022-06-26 06:27:31,0,0,0.2506266,0,0,99.24812,0.5012531,0,0
2022-06-26 06:27:30,0,0,0.25,0,0,98,1.75,0,0
2022-06-26 06:27:29,0,0,0.7462687,0.2487562,0,97.76119,0.9950249,0.2487562,0
2022-06-26 06:27:28,0,0,0.7537688,0,0,96.48241,2.512563,0.2512563,0
2022-06-26 06:27:27,0,0,1.2437811,0.4975124,0,95.02488,2.985075,0.2487562,0
2022-06-26 06:27:26,0,0,0.2512563,0,0,97.48744,2.01005,0.2512563,0
2022-06-26 06:27:25,0,0,1.4962594,0,0,96.50873,1.745636,0.2493766,0
2022-06-26 06:27:24,0,0,0.4987531,0.2493766,0,97.50623,1.4962594,0.2493766,0
2022-06-26 06:27:23,0,0,0.5050505,0.2525253,0,97.22222,1.767677,0.2525253,0
2022-06-26 06:27:22,0,0,0.7462687,0,0,97.51244,1.4925373,0.2487562,0
2022-06-26 06:27:21,0,0,0.7518797,0.2506266,0,95.98997,2.506266,0.5012531,0
2022-06-26 06:27:20,0,0,0.9925558,0.248139,0,96.27792,2.233251,0.248139,0
2022-06-26 06:27:19,0,0,0.5025126,0.2512563,0,97.98995,1.2562814,0,0
2022-06-26 06:27:18,0,0,0.75,0.5,0,96.5,2.25,0,0
2022-06-26 06:27:17,0,0,0.4987531,0,0,98.00499,1.2468828,0.2493766,0
2022-06-26 06:27:16,0,0,0.2493766,0,0,98.25436,1.2468828,0.2493766,0
2022-06-26 06:27:15,0,0,0.5025126,0,0,97.23618,2.01005,0.2512563,0
2022-06-26 06:27:14,0,0,1.0025063,0.2506266,0,95.2381,3.258145,0.2506266,0
2022-06-26 06:27:13,0,0,1,0.25,0,96.5,2.25,0,0
2022-06-26 06:27:12,0,0,0.4975124,0,0,96.76617,2.238806,0.4975124,0
2022-06-26 06:27:11,0,0,0.2512563,0,0,99.24623,0.2512563,0.2512563,0
2022-06-26 06:27:10,0,0,0.4975124,0.4975124,0,97.01493,1.741294,0.2487562,0
2022-06-26 06:27:09,0,0,0.2493766,0,0,98.00499,1.4962594,0.2493766,0
2022-06-26 06:27:08,0,0,0.5025126,0,0,96.48241,2.763819,0.2512563,0
2022-06-26 06:27:07,0,0,1.25,0.25,0,96,2.5,0,0
2022-06-26 06:27:06,0,0,1.25,0.5,0,94.5,3.75,0,0
2022-06-26 06:27:05,0,0,0,0,0,97.99499,1.754386,0.2506266,0
2022-06-26 06:27:04,0,0,0.2506266,0,0,97.99499,1.754386,0,0
2022-06-26 06:27:03,0,0,0.7481297,0,0,97.75561,1.2468828,0.2493766,0
2022-06-26 06:27:02,0,0,0.5,0,0,96.25,3,0.25,0
2022-06-26 06:27:01,0,0,0.2487562,0.2487562,0,98.00995,1.2437811,0.2487562,0
2022-06-26 06:27:00,0,0,0.5025126,0,0,97.23618,2.01005,0.2512563,0
2022-06-26 06:26:59,0,0,1.2437811,0,0,95.02488,3.482587,0.2487562,0
2022-06-26 06:26:58,0,0,1.5037594,0.2506266,0,90.22556,8.02005,0,0
2022-06-26 06:26:57,0,0,1.2531328,0.2506266,0,91.4787,7.017544,0,0
2022-06-26 06:26:56,0,0,0.2493766,0.2493766,0,92.5187,6.733167,0.2493766,0
2022-06-26 06:26:55,0,0,0.7481297,0,0,94.01496,4.987531,0.2493766,0
2022-06-26 06:26:54,0,0,0.25,0,0,93.5,5.75,0.5,0
2022-06-26 06:26:53,0,0,0.5025126,0.2512563,0,93.96985,5.276382,0,0
2022-06-26 06:26:52,0,0,0.9950249,0,0,93.03483,5.721393,0.2487562,0
2022-06-26 06:26:51,0,0,0.5025126,0,0,89.44724,9.296482,0.5025126,0
2022-06-26 06:26:50,0,0,0.2487562,0.2487562,0,88.55721,10.199005,0.2487562,0
2022-06-26 06:26:49,0,0,0.2518892,0,0,93.19899,6.04534,0.5037783,0
2022-06-26 06:26:48,0,0,0,0,0,96.5,3.25,0,0
2022-06-26 06:26:47,0,0,0.2493766,0.2493766,0,93.51621,5.735661,0.2493766,0
2022-06-26 06:26:46,0,0,0,0.2506266,0,95.48872,4.010025,0.2506266,0
2022-06-26 06:26:45,0,0,0,0,0,96.99248,3.007519,0,0
2022-06-26 06:26:44,0,0,0.2493766,0,0,98.50374,0.9975062,0.2493766,0
2022-06-26 06:26:43,0,0,0.2487562,0.2487562,0,97.51244,1.741294,0.2487562,0
2022-06-26 06:26:42,0,0,0,0,0,99.74874,0.2512563,0,0
2022-06-26 06:26:41,0,0,0,0,0,98.75312,0.9975062,0.2493766,0
2022-06-26 06:26:40,0,0,0.2506266,0,0,98.49624,1.0025063,0.2506266,0
2022-06-26 06:26:39,0,0,0,0,0,99.00249,0.7481297,0.2493766,0
2022-06-26 06:26:38,0,0,1.2531328,0,0,95.98997,2.005013,0.7518797,0
2022-06-26 06:26:37,0,0,1.25,0.25,0,95.5,3,0,0
2022-06-26 06:26:36,0,0,0.25,0,0,98.25,1,0.5,0
2022-06-26 06:26:35,0,0,0.2493766,0.2493766,0,99.00249,0.4987531,0,0
2022-06-26 06:26:34,0,0,0.5012531,0,0,97.74436,1.5037594,0.2506266,0
2022-06-26 06:26:33,0,0,0.7481297,0.2493766,0,97.00748,1.745636,0.2493766,0
2022-06-26 06:26:32,0,0,0.2506266,0,0,98.24561,1.2531328,0.2506266,0
2022-06-26 06:26:31,0,0,0.75,0.25,0,95.5,3.25,0.25,0
2022-06-26 06:26:30,0,0,1.2468828,0.2493766,0,96.25935,2.244389,0,0
2022-06-26 06:26:29,0,0,0.5012531,0,0,97.99499,1.5037594,0,0
2022-06-26 06:26:28,0,0,0.5,0,0,97.5,1.75,0.25,0
2022-06-26 06:26:27,0,0,0.75,0,0,96.75,2.25,0.25,0
2022-06-26 06:26:26,0,0,0.2493766,0,0,98.25436,1.2468828,0.2493766,0
2022-06-26 06:26:25,0,0,1.0025063,0,0,97.99499,1.0025063,0,0
2022-06-26 06:26:24,0,0,0.7481297,0.2493766,0,96.7581,1.995012,0.2493766,0
2022-06-26 06:26:23,0,0,1.758794,0.2512563,0,94.72362,3.015075,0.2512563,0
2022-06-26 06:26:22,0,0,0.25,0,0,98.5,1.25,0,0
2022-06-26 06:26:21,0,0,0.4975124,0,0,97.26368,1.99005,0.2487562,0
2022-06-26 06:26:20,0,0,0.7537688,0,0,97.23618,2.01005,0,0
2022-06-26 06:26:19,0,0,0.2493766,0.2493766,0,98.00499,0.9975062,0.4987531,0
2022-06-26 06:26:18,0,0,0,0,0,98.49624,1.2531328,0.2506266,0
2022-06-26 06:26:17,0,0,0.9975062,0,0,96.25935,2.244389,0.4987531,0
2022-06-26 06:26:16,0,0,0.9975062,0,0,95.7606,2.992519,0.2493766,0
2022-06-26 06:26:15,0,0,0.7537688,0,0,96.73367,2.261307,0.2512563,0
2022-06-26 06:26:14,0,0,0.7518797,0.2506266,0,96.74185,2.255639,0,0
2022-06-26 06:26:13,0,0,0.4987531,0,0,97.50623,1.4962594,0.4987531,0
2022-06-26 06:26:12,0,0,0.25,0,0,98.75,1,0,0
2022-06-26 06:26:11,0,0,0,0,0,99.49875,0.5012531,0,0
2022-06-26 06:26:10,0,0,0.4975124,0,0,96.51741,2.487562,0.4975124,0
2022-06-26 06:26:09,0,0,1.2531328,0.2506266,0,92.73183,5.764411,0,0
2022-06-26 06:26:08,0,0,1.2437811,0.2487562,0,95.52239,2.736318,0.2487562,0
2022-06-26 06:26:07,0,0,0.5025126,0.2512563,0,97.48744,1.5075377,0.2512563,0
2022-06-26 06:26:06,0,0,0.7462687,0.2487562,0,96.0199,2.736318,0.2487562,0
2022-06-26 06:26:05,0,0,0.2512563,0.2512563,0,98.74372,0.7537688,0,0
2022-06-26 06:26:04,0,0,0,0,0,99.00249,0.7481297,0.2493766,0
2022-06-26 06:26:03,0,0,0,0,0,98.50746,1.2437811,0,0
2022-06-26 06:26:02,0,0,0.5037783,0.2518892,0,96.47355,2.770781,0,0
2022-06-26 06:26:01,0,0,0.9975062,0,0,94.26434,4.488778,0.2493766,0
2022-06-26 06:26:00,0,0,1.754386,0.5012531,0,92.98246,4.761905,0,0
2022-06-26 06:25:59,0,0,1.741294,0.4975124,0,90.29851,7.21393,0.2487562,0
2022-06-26 06:25:58,0,0,1.2562814,0,0,89.44724,8.79397,0.5025126,0
2022-06-26 06:25:57,0,0,1,0.25,0,92.5,6,0.25,0
2022-06-26 06:25:56,0,0,0.4962779,0.248139,0,90.32258,8.436725,0.4962779,0
2022-06-26 06:25:55,0,0,0.2512563,0,0,92.96482,6.532663,0.2512563,0
2022-06-26 06:25:54,0,0,0,0,0,95.25,4.25,0.5,0
2022-06-26 06:25:53,0,0,0,0,0,92.98246,6.516291,0.2506266,0
2022-06-26 06:25:52,0,0,0.2512563,0,0,89.69849,8.79397,0.2512563,0
2022-06-26 06:25:51,0,0,0.25,0.25,0,86.25,11.25,0.5,0
2022-06-26 06:25:50,0,0,0,0.2506266,0,92.4812,7.017544,0.2506266,0
2022-06-26 06:25:49,0,0,0.2493766,0,0,97.50623,1.995012,0.2493766,0
2022-06-26 06:25:48,0,0,0,0,0,97.23618,2.512563,0.2512563,0
2022-06-26 06:25:47,0,0,0,0,0,98.50746,1.2437811,0.2487562,0
2022-06-26 06:25:46,0,0,0.2506266,0,0,98.74687,1.0025063,0,0
2022-06-26 06:25:45,0,0,0.25,0.5,0,97.25,1.5,0.5,0
2022-06-26 06:25:44,0,0,0,0,0,98.24561,1.5037594,0.2506266,0
2022-06-26 06:25:43,0,0,0,0,0,99.00249,0.4987531,0.4987531,0
2022-06-26 06:25:42,0,0,0.2506266,0,0,99.24812,0.5012531,0,0
2022-06-26 06:25:41,0,0,0.25,0,0,99,0.5,0.25,0
2022-06-26 06:25:40,0,0,0.7481297,0.4987531,0,96.00998,2.493766,0.2493766,0
2022-06-26 06:25:39,0,0,1.2562814,0,0,95.72864,2.763819,0.2512563,0
2022-06-26 06:25:38,0,0,0.9975062,0,0,96.00998,2.743142,0.2493766,0
2022-06-26 06:25:37,0,0,0.7481297,0.2493766,0,97.25686,0.9975062,0.7481297,0
2022-06-26 06:25:36,0,0,0.25,0,0,99,0.5,0.25,0
2022-06-26 06:25:35,0,0,0,0,0,99.24623,0.7537688,0,0
2022-06-26 06:25:34,0,0,0.25,0.25,0,98,1.25,0.25,0
2022-06-26 06:25:33,0,0,0.9975062,0.2493766,0,95.7606,2.743142,0.2493766,0
2022-06-26 06:25:32,0,0,1,0,0,97,1.5,0.5,0
2022-06-26 06:25:31,0,0,1.2468828,0,0,95.7606,2.743142,0.2493766,0
2022-06-26 06:25:30,0,0,0.4987531,0,0,97.75561,1.4962594,0.2493766,0
2022-06-26 06:25:29,0,0,0,0,0,99.24623,0.7537688,0,0
2022-06-26 06:25:28,0,0,0.2493766,0,0,98.75312,0.7481297,0.2493766,0
2022-06-26 06:25:27,0,0,0.2518892,0,0,97.98489,1.511335,0.2518892,0
2022-06-26 06:25:26,0,0,1.4851485,0.2475248,0,95.54455,2.475248,0.2475248,0
2022-06-26 06:25:25,0,0,1.2562814,0,0,97.23618,1.5075377,0,0
2022-06-26 06:25:24,0,0,1,0.25,0,95.5,2.5,0.75,0
2022-06-26 06:25:23,0,0,0.75,0,0,97,2,0.25,0
2022-06-26 06:25:22,0,0,0,0,0,98.75,0.75,0.5,0
2022-06-26 06:25:21,0,0,0,0.25,0,99.25,0.25,0.25,0
2022-06-26 06:25:20,0,0,0.4987531,0.2493766,0,97.50623,1.2468828,0.4987531,0
2022-06-26 06:25:19,0,0,1.25,0,0,96,2.75,0,0
2022-06-26 06:25:18,0,0,0.7518797,0.2506266,0,96.2406,2.506266,0.2506266,0
2022-06-26 06:25:17,0,0,0.7481297,0.2493766,0,96.7581,1.995012,0.2493766,0
2022-06-26 06:25:16,0,0,1.0025063,0,0,97.49373,1.5037594,0,0
2022-06-26 06:25:15,0,0,0,0,0,97.75561,1.995012,0.2493766,0
2022-06-26 06:25:14,0,0,0,0,0,98.74687,1.0025063,0.2506266,0
2022-06-26 06:25:13,0,0,0.25,0,0,99,0.75,0,0
2022-06-26 06:25:12,0,0,0.7481297,0,0,94.01496,4.738155,0.4987531,0
2022-06-26 06:25:11,0,0,1.5037594,0,0,93.98496,4.511278,0,0
2022-06-26 06:25:10,0,0,1.0025063,0.2506266,0,96.49123,2.255639,0,0
2022-06-26 06:25:09,0,0,0.7444169,0.248139,0,94.54094,3.722084,0.7444169,0
2022-06-26 06:25:08,0,0,0.5012531,0.2506266,0,96.99248,2.005013,0.2506266,0
2022-06-26 06:25:07,0,0,0,0,0,99.24812,0.7518797,0,0
2022-06-26 06:25:06,0,0,0.2493766,0,0,98.25436,1.2468828,0.2493766,0
2022-06-26 06:25:05,0,0,0,0,0,99,0.75,0.25,0
2022-06-26 06:25:04,0,0,0.5012531,0,0,95.73935,3.759398,0,0
2022-06-26 06:25:03,0,0,1.4925373,0.4975124,0,93.03483,4.477612,0.4975124,0
2022-06-26 06:25:02,0,0,2.75,0.5,0,89.25,7.25,0.25,0
2022-06-26 06:25:01,0,0,1.745636,0,0,90.52369,7.481297,0.2493766,0
2022-06-26 06:25:00,0,0,1,0.25,0,91.75,6.5,0.25,0
2022-06-26 06:24:59,0,0,0.7537688,0.2512563,0,92.21106,6.532663,0.2512563,0
2022-06-26 06:24:58,0,0,0.4975124,0,0,92.0398,7.21393,0.2487562,0
2022-06-26 06:24:57,0,0,0,0,0,94.48622,5.513784,0,0
2022-06-26 06:24:56,0,0,0.2493766,0,0,94.26434,5.236908,0.2493766,0
2022-06-26 06:24:55,0,0,0,0,0,93.48371,6.265664,0.2506266,0
2022-06-26 06:24:54,0,0,0,0.25,0,89.5,9.25,0.5,0
2022-06-26 06:24:53,0,0,0.25,0,0,86.75,10.75,0,0
2022-06-26 06:24:52,0,0,0.2512563,0.2512563,0,94.47236,5.025126,0,0
2022-06-26 06:24:51,0,0,0,0.25,0,96.5,3,0.25,0
2022-06-26 06:24:50,0,0,0,0,0,98.25436,1.4962594,0.2493766,0
2022-06-26 06:24:49,0,0,0,0,0,99.49875,0.5012531,0,0
2022-06-26 06:24:48,0,0,0.25,0,0,98.25,1.25,0.25,0
2022-06-26 06:24:47,0,0,0.25,0.5,0,96.75,2.5,0,0
2022-06-26 06:24:46,0,0,0.25,0,0,97.5,2,0.25,0
2022-06-26 06:24:45,0,0,0.5,0,0,98.25,0.75,0.5,0
2022-06-26 06:24:44,0,0,0,0.25,0,98.5,1,0.25,0
2022-06-26 06:24:43,0,0,0,0.25,0,98.75,0.75,0.25,0
2022-06-26 06:24:42,0,0,1.0025063,0,0,96.49123,2.506266,0,0
2022-06-26 06:24:41,0,0,1.2468828,0.2493766,0,95.51122,2.992519,0,0
2022-06-26 06:24:40,0,0,1.25,0,0,96,2.5,0.25,0
2022-06-26 06:24:39,0,0,0.5,0,0,97.75,1.5,0.25,0
2022-06-26 06:24:38,0,0,0.25,0.25,0,98,1.25,0.25,0
2022-06-26 06:24:37,0,0,0,0,0,98.75312,0.9975062,0.2493766,0
2022-06-26 06:24:36,0,0,0.2506266,0,0,98.24561,1.2531328,0.2506266,0
2022-06-26 06:24:35,0,0,1.2531328,0,0,96.2406,2.255639,0.2506266,0
2022-06-26 06:24:34,0,0,1.2437811,0.2487562,0,95.27363,3.233831,0,0
2022-06-26 06:24:33,0,0,0.75,0,0,97,1.75,0.5,0
2022-06-26 06:24:32,0,0,0.7518797,0.2506266,0,97.24311,1.754386,0,0
2022-06-26 06:24:31,0,0,0.25,0,0,98.25,1,0.5,0
2022-06-26 06:24:30,0,0,0.25,0,0,99,0.75,0,0
2022-06-26 06:24:29,0,0,0.25,0.25,0,98.25,0.75,0.5,0
2022-06-26 06:24:28,0,0,1,0,0,96.5,2.25,0.25,0
2022-06-26 06:24:27,0,0,0.9975062,0.2493766,0,96.00998,2.493766,0.2493766,0
2022-06-26 06:24:26,0,0,1,0.25,0,96.25,2.5,0,0
2022-06-26 06:24:25,0,0,1.5,0,0,96.25,1.75,0.25,0
2022-06-26 06:24:24,0,0,0.25,0,0,98.75,1,0,0
2022-06-26 06:24:23,0,0,0,0.2487562,0,99.00498,0.2487562,0.4975124,0
2022-06-26 06:24:22,0,0,0.2512563,0,0,98.74372,1.0050251,0,0
2022-06-26 06:24:21,0,0,0.75,0,0,97.25,1.75,0.25,0
2022-06-26 06:24:20,0,0,1.2468828,0.2493766,0,96.00998,2.244389,0.2493766,0
2022-06-26 06:24:19,0,0,1.0025063,0.2506266,0,94.73684,3.508772,0.5012531,0
2022-06-26 06:24:18,0,0,0.75,0,0,96.75,2.5,0,0
2022-06-26 06:24:17,0,0,0,0.2506266,0,99.24812,0.5012531,0,0
2022-06-26 06:24:16,0,0,0.2493766,0,0,98.50374,0.9975062,0.2493766,0
2022-06-26 06:24:15,0,0,0,0,0,99.25,0.75,0,0
2022-06-26 06:24:14,0,0,0.75,0.25,0,95.25,3.25,0.5,0
2022-06-26 06:24:13,0,0,1.2531328,0,0,95.2381,3.508772,0,0
2022-06-26 06:24:12,0,0,0.7444169,0.248139,0,94.54094,3.722084,0.7444169,0
2022-06-26 06:24:11,0,0,0.7556675,0,0,95.46599,3.778338,0,0
2022-06-26 06:24:10,0,0,0.9950249,0,0,96.26866,2.238806,0.4975124,0
2022-06-26 06:24:09,0,0,0,0,0,97.9798,2.020202,0,0
2022-06-26 06:24:08,0,0,0,0,0,99.25373,0.4975124,0.2487562,0
2022-06-26 06:24:07,0,0,0,0,0,99.25,0.5,0.25,0
2022-06-26 06:24:06,0,0,0.4962779,0,0,97.51861,1.985112,0,0
2022-06-26 06:24:05,0,0,1.25,0.25,0,94.25,4,0.25,0
2022-06-26 06:24:04,0,0,1.25,0.5,0,93,5,0.25,0
2022-06-26 06:24:03,0,0,1.25,0.5,0,90.5,7.75,0,0
2022-06-26 06:24:02,0,0,1.2531328,0,0,90.22556,8.270677,0.2506266,0
2022-06-26 06:24:01,0,0,1.0050251,0,0,91.70854,7.286432,0,0
2022-06-26 06:24:00,0,0,0.7444169,0,0,91.81141,6.947891,0.4962779,0
2022-06-26 06:23:59,0,0,0,0,0,93.98496,5.513784,0.5012531,0
2022-06-26 06:23:58,0,0,0,0,0,94.97487,5.025126,0,0
2022-06-26 06:23:57,0,0,0,0.2493766,0,92.01995,7.23192,0.4987531,0
2022-06-26 06:23:56,0,0,0,0,0,91.72932,8.02005,0.2506266,0
2022-06-26 06:23:55,0,0,0.2506266,0,0,85.96491,10.526316,0.2506266,0
2022-06-26 06:23:54,0,0,0.2506266,0.2506266,0,92.23058,6.766917,0.2506266,0
2022-06-26 06:23:53,0,0,0,0,0,96.75,2.75,0.25,0
2022-06-26 06:23:52,0,0,0,0,0,97.75,1.75,0.5,0
2022-06-26 06:23:51,0,0,0,0,0,99.25,0.75,0,0
2022-06-26 06:23:50,0,0,0.25,0,0,98.25,1.25,0.25,0
2022-06-26 06:23:49,0,0,0.2487562,0.2487562,0,98.00995,1.2437811,0.2487562,0
2022-06-26 06:23:48,0,0,0.2506266,0,0,99.24812,0.5012531,0,0
2022-06-26 06:23:47,0,0,0,0,0,98.24561,1.2531328,0.5012531,0
2022-06-26 06:23:46,0,0,0,0.25,0,98.5,1.25,0,0
2022-06-26 06:23:45,0,0,0,0,0,99.74937,0.2506266,0,0
2022-06-26 06:23:44,0,0,0.9950249,0.2487562,0,95.52239,2.985075,0.2487562,0
2022-06-26 06:23:43,0,0,1.5,0.5,0,95.25,2.5,0.25,0
2022-06-26 06:23:42,0,0,0.75,0.25,0,97,2,0,0
2022-06-26 06:23:41,0,0,0.75,0,0,97.25,1.5,0.5,0
2022-06-26 06:23:40,0,0,0.5012531,0.2506266,0,97.49373,1.754386,0,0
2022-06-26 06:23:39,0,0,0,0,0,99.25,0.75,0,0
2022-06-26 06:23:38,0,0,0.2493766,0,0,98.00499,1.2468828,0.4987531,0
2022-06-26 06:23:37,0,0,0.75,0,0,97.5,1.5,0.25,0
2022-06-26 06:23:36,0,0,1.0025063,0,0,96.2406,2.506266,0.2506266,0
2022-06-26 06:23:35,0,0,1.2468828,0.4987531,0,96.00998,1.995012,0.2493766,0
2022-06-26 06:23:34,0,0,0.9950249,0.4975124,0,95.27363,3.233831,0,0
2022-06-26 06:23:33,0,0,0.2518892,0,0,98.48866,1.0075567,0.2518892,0
2022-06-26 06:23:32,0,0,0,0,0,98.99749,1.0025063,0,0
2022-06-26 06:23:31,0,0,0.2487562,0.2487562,0,98.50746,0.7462687,0.2487562,0
2022-06-26 06:23:30,0,0,0.5012531,0,0,97.24311,1.754386,0.5012531,0
2022-06-26 06:23:29,0,0,1.5,0.75,0,95,2.75,0,0
2022-06-26 06:23:28,0,0,0.9975062,0.2493766,0,96.00998,2.493766,0.2493766,0
2022-06-26 06:23:27,0,0,0.5025126,0,0,97.73869,1.5075377,0.2512563,0
2022-06-26 06:23:26,0,0,0.4987531,0,0,98.00499,0.9975062,0.4987531,0
2022-06-26 06:23:25,0,0,0.5,0,0,98.75,0.75,0,0
2022-06-26 06:23:24,0,0,0.25,0,0,99,0.75,0,0
2022-06-26 06:23:23,0,0,0.4975124,0.2487562,0,97.01493,1.741294,0.4975124,0
2022-06-26 06:23:22,0,0,1.2562814,0.2512563,0,95.72864,2.512563,0.2512563,0
2022-06-26 06:23:21,0,0,0.75,0,0,96,2.75,0.5,0
2022-06-26 06:23:20,0,0,0.75,0.25,0,96.25,2.5,0.25,0
2022-06-26 06:23:19,0,0,0.4987531,0.2493766,0,96.25935,2.493766,0.4987531,0
2022-06-26 06:23:18,0,0,0.25,0,0,99.25,0.5,0,0
2022-06-26 06:23:17,0,0,0,0,0,99.25,0.75,0,0
2022-06-26 06:23:16,0,0,0.2487562,0,0,97.76119,1.4925373,0.4975124,0
2022-06-26 06:23:15,0,0,0.7575758,0,0,95.45455,3.535354,0.2525253,0
2022-06-26 06:23:14,0,0,1.4925373,0,0,94.52736,3.731343,0.2487562,0
2022-06-26 06:23:13,0,0,1,0.25,0,96.25,2,0.5,0
2022-06-26 06:23:12,0,0,0.7537688,0,0,95.72864,3.517588,0,0
2022-06-26 06:23:11,0,0,0.25,0,0,98.25,1.25,0.25,0
2022-06-26 06:23:10,0,0,0,0,0,99,1,0,0
2022-06-26 06:23:09,0,0,0.2487562,0,0,98.50746,0.4975124,0.7462687,0
2022-06-26 06:23:08,0,0,0,0,0,99.24812,0.7518797,0,0
2022-06-26 06:23:07,0,0,0.7462687,0.2487562,0,95.52239,3.233831,0.2487562,0
2022-06-26 06:23:06,0,0,1.0025063,0,0,94.48622,4.511278,0,0
2022-06-26 06:23:05,0,0,1.758794,0.2512563,0,90.45226,7.286432,0.2512563,0
2022-06-26 06:23:04,0,0,1.2406948,0.4962779,0,90.81886,6.947891,0.4962779,0
2022-06-26 06:23:03,0,0,1.5,0.5,0,91.25,6.75,0,0
2022-06-26 06:23:02,0,0,0.7518797,0,0,90.22556,8.521303,0.5012531,0
2022-06-26 06:23:01,0,0,0.2493766,0,0,93.76559,5.735661,0.2493766,0
2022-06-26 06:23:00,0,0,0,0.2506266,0,94.48622,5.012531,0.2506266,0
2022-06-26 06:22:59,0,0,0,0,0,93.96985,6.030151,0,0
2022-06-26 06:22:58,0,0,0.2493766,0,0,93.26683,6.234414,0.2493766,0
2022-06-26 06:22:57,0,0,0,0.2512563,0,87.68844,10.301508,0.5025126,0
2022-06-26 06:22:56,0,0,0.2487562,0.2487562,0,90.04975,7.21393,0.2487562,0
2022-06-26 06:22:55,0,0,0,0.2506266,0,87.46867,5.263158,0.2506266,0
2022-06-26 06:22:54,0,0,0.2506266,0,0,95.73935,3.508772,0.5012531,0
2022-06-26 06:22:53,0,0,0,0,0,98.74687,1.0025063,0.2506266,0
2022-06-26 06:22:52,0,0,0,0,0,99.25,0.5,0.25,0
2022-06-26 06:22:51,0,0,0.2493766,0.2493766,0,98.25436,0.9975062,0.2493766,0
2022-06-26 06:22:50,0,0,0.2506266,0,0,98.49624,1.0025063,0.2506266,0
2022-06-26 06:22:49,0,0,0,0.25,0,98,1.75,0,0
2022-06-26 06:22:48,0,0,0.2493766,0,0,98.50374,0.9975062,0.2493766,0
2022-06-26 06:22:47,0,0,0,0,0,98.25,1.5,0.25,0
2022-06-26 06:22:46,0,0,0.7481297,0,0,96.25935,2.992519,0,0
2022-06-26 06:22:45,0,0,0.5025126,0.2512563,0,98.49246,0.7537688,0,0
2022-06-26 06:22:44,0,0,0.4987531,0,0,96.50873,2.493766,0.4987531,0
2022-06-26 06:22:43,0,0,1.4925373,0.4975124,0,95.27363,2.736318,0,0
2022-06-26 06:22:42,0,0,0.7556675,0,0,97.98489,1.0075567,0.2518892,0
2022-06-26 06:22:41,0,0,0.25,0,0,97.5,2,0.25,0
2022-06-26 06:22:40,0,0,0.2506266,0,0,98.49624,1.2531328,0,0
2022-06-26 06:22:39,0,0,0.7425743,0.2475248,0,97.27723,1.4851485,0.2475248,0
2022-06-26 06:22:38,0,0,0.5,0,0,97.5,1.75,0.25,0
2022-06-26 06:22:37,0,0,0.7518797,0,0,97.24311,1.5037594,0.5012531,0
2022-06-26 06:22:36,0,0,1,0,0,96.25,2.5,0.25,0
2022-06-26 06:22:35,0,0,1.0025063,0.5012531,0,95.98997,2.255639,0.2506266,0
2022-06-26 06:22:34,0,0,0.2506266,0,0,98.99749,0.7518797,0,0
2022-06-26 06:22:33,0,0,0.75,0,0,97,1.5,0.75,0
2022-06-26 06:22:32,0,0,0.5,0,0,97.5,1.75,0.25,0
2022-06-26 06:22:31,0,0,0.4987531,0.4987531,0,96.7581,2.244389,0,0
2022-06-26 06:22:30,0,0,0.7518797,0,0,96.99248,2.255639,0,0
2022-06-26 06:22:29,0,0,1.2437811,0.4975124,0,95.02488,2.736318,0.4975124,0
2022-06-26 06:22:28,0,0,0.7518797,0,0,96.49123,2.255639,0.5012531,0
2022-06-26 06:22:27,0,0,0.5,0,0,98.5,0.5,0.5,0
2022-06-26 06:22:26,0,0,0.5,0,0,98,1.25,0.25,0
2022-06-26 06:22:25,0,0,0.5012531,0,0,97.74436,1.5037594,0.2506266,0
2022-06-26 06:22:24,0,0,0.4987531,0.2493766,0,97.75561,1.2468828,0.2493766,0
2022-06-26 06:22:23,0,0,1.0025063,0,0,96.2406,2.255639,0.5012531,0
2022-06-26 06:22:22,0,0,1.25,0.25,0,94,4.25,0.25,0
2022-06-26 06:22:21,0,0,0.7481297,0.2493766,0,97.00748,1.745636,0.2493766,0
2022-06-26 06:22:20,0,0,0.25,0,0,98.25,1.25,0.25,0
2022-06-26 06:22:19,0,0,0,0,0,98.5,1.5,0,0
2022-06-26 06:22:18,0,0,0.5,0.25,0,97.75,1.25,0.25,0
2022-06-26 06:22:17,0,0,0.5012531,0,0,96.49123,3.007519,0,0
2022-06-26 06:22:16,0,0,0.7481297,0,0,96.50873,2.244389,0.4987531,0
2022-06-26 06:22:15,0,0,0.7518797,0.5012531,0,95.2381,3.508772,0,0
2022-06-26 06:22:14,0,0,1,0.25,0,95.75,2.5,0.5,0
2022-06-26 06:22:13,0,0,0.75,0,0,96.5,2.75,0,0
2022-06-26 06:22:12,0,0,0.2506266,0,0,98.49624,1.0025063,0.2506266,0
2022-06-26 06:22:11,0,0,0,0.2493766,0,98.75312,0.7481297,0.2493766,0
2022-06-26 06:22:10,0,0,0.25,0,0,98.75,1,0,0
2022-06-26 06:22:09,0,0,0.4987531,0.2493766,0,97.00748,2.244389,0,0
2022-06-26 06:22:08,0,0,0.7518797,0.2506266,0,95.73935,3.007519,0.2506266,0
2022-06-26 06:22:07,0,0,1.2437811,0.2487562,0,92.28856,5.970149,0.2487562,0
2022-06-26 06:22:06,0,0,1.5,0.5,0,92.75,5,0.25,0
2022-06-26 06:22:05,0,0,1,0,0,94,4.5,0.5,0
2022-06-26 06:22:04,0,0,1.25,0.25,0,90.75,7.25,0.5,0
2022-06-26 06:22:03,0,0,0.7537688,0.2512563,0,90.70352,8.040201,0.2512563,0
2022-06-26 06:22:02,0,0,0.25,0.25,0,95.25,4,0.25,0
2022-06-26 06:22:01,0,0,0.2493766,0,0,90.52369,8.478803,0.7481297,0
2022-06-26 06:22:00,0,0,0.2493766,0.2493766,0,93.26683,5.735661,0.2493766,0
2022-06-26 06:21:59,0,0,0,0,0,91.97995,7.017544,0.7518797,0
2022-06-26 06:21:58,0,0,0,0.2512563,0,91.20603,8.040201,0.2512563,0
2022-06-26 06:21:57,0,0,0.2506266,0,0,90.72682,8.270677,0.2506266,0
2022-06-26 06:21:56,0,0,0,0,0,96.99248,3.007519,0,0
2022-06-26 06:21:55,0,0,0.25,0,0,97,2.5,0.25,0
2022-06-26 06:21:54,0,0,0,0.2493766,0,97.25686,2.244389,0.2493766,0
2022-06-26 06:21:53,0,0,0.2493766,0,0,98.50374,0.7481297,0.4987531,0
2022-06-26 06:21:52,0,0,0,0.2506266,0,98.74687,1.0025063,0,0
2022-06-26 06:21:51,0,0,0.25,0,0,98.25,1,0.5,0
2022-06-26 06:21:50,0,0,0.2493766,0.2493766,0,98.50374,0.7481297,0.2493766,0
2022-06-26 06:21:49,0,0,0.25,0.25,0,98.25,1.25,0,0
2022-06-26 06:21:48,0,0,0.5012531,0,0,97.49373,1.754386,0.2506266,0
2022-06-26 06:21:47,0,0,0.2487562,0,0,98.00995,1.4925373,0.2487562,0
2022-06-26 06:21:46,0,0,1.2562814,0,0,95.47739,2.261307,1.0050251,0
2022-06-26 06:21:45,0,0,0.75,0.25,0,96.5,2.5,0,0
2022-06-26 06:21:44,0,0,0.5012531,0.2506266,0,97.49373,1.5037594,0.2506266,0
2022-06-26 06:21:43,0,0,0.7481297,0,0,97.00748,1.995012,0.2493766,0
2022-06-26 06:21:42,0,0,0.2487562,0.2487562,0,98.25871,0.9950249,0.2487562,0
2022-06-26 06:21:41,0,0,0.5025126,0,0,97.73869,1.5075377,0.2512563,0
2022-06-26 06:21:40,0,0,0.2493766,0,0,98.00499,1.4962594,0.2493766,0
2022-06-26 06:21:39,0,0,1,0,0,97.25,1.75,0,0
2022-06-26 06:21:38,0,0,1.25,0.25,0,95,3.25,0.25,0
2022-06-26 06:21:37,0,0,0.75,0,0,96.5,2.5,0.25,0
2022-06-26 06:21:36,0,0,0.2506266,0.2506266,0,98.24561,1.0025063,0.2506266,0
2022-06-26 06:21:35,0,0,0.2506266,0,0,97.99499,1.754386,0,0
2022-06-26 06:21:34,0,0,0.7481297,0,0,98.25436,0.9975062,0,0
2022-06-26 06:21:33,0,0,0.25,0,0,97.25,2,0.5,0
2022-06-26 06:21:32,0,0,1.0025063,0,0,95.73935,2.756892,0.5012531,0
2022-06-26 06:21:31,0,0,1.25,0.5,0,96.25,2,0,0
2022-06-26 06:21:30,0,0,0.7444169,0,0,96.52605,2.233251,0.4962779,0
2022-06-26 06:21:29,0,0,0.2506266,0.2506266,0,97.49373,2.005013,0,0
2022-06-26 06:21:28,0,0,0.5025126,0,0,98.74372,0.7537688,0,0
2022-06-26 06:21:27,0,0,0.4987531,0,0,98.25436,0.9975062,0.2493766,0
2022-06-26 06:21:26,0,0,0.4987531,0.2493766,0,96.25935,2.743142,0.2493766,0
2022-06-26 06:21:25,0,0,2,0,0,96.5,1,0.5,0
2022-06-26 06:21:24,0,0,1.0025063,0.2506266,0,94.98747,3.508772,0.2506266,0
2022-06-26 06:21:23,0,0,0.5012531,0,0,97.74436,1.5037594,0.2506266,0
2022-06-26 06:21:22,0,0,0.4987531,0,0,97.50623,1.995012,0,0
2022-06-26 06:21:21,0,0,0,0,0,98.99749,0.7518797,0.2506266,0
2022-06-26 06:21:20,0,0,0.4987531,0.2493766,0,97.00748,1.745636,0.4987531,0
2022-06-26 06:21:19,0,0,0.5012531,0.2506266,0,95.73935,3.258145,0.2506266,0
2022-06-26 06:21:18,0,0,0.7462687,0.2487562,0,96.26866,2.487562,0.2487562,0
2022-06-26 06:21:17,0,0,1.0050251,0.2512563,0,94.47236,4.020101,0.2512563,0
2022-06-26 06:21:16,0,0,0.9975062,0,0,97.00748,1.995012,0,0
2022-06-26 06:21:15,0,0,0.7462687,0.2487562,0,96.51741,1.99005,0.2487562,0
2022-06-26 06:21:14,0,0,0,0,0,98.49624,1.2531328,0.2506266,0
2022-06-26 06:21:13,0,0,0,0.2506266,0,98.49624,1.0025063,0.2506266,0
2022-06-26 06:21:12,0,0,0.2493766,0,0,99.00249,0.7481297,0,0
2022-06-26 06:21:11,0,0,0.2493766,0.2493766,0,96.25935,2.992519,0.2493766,0
2022-06-26 06:21:10,0,0,1.5,0,0,94.25,3.75,0.5,0
2022-06-26 06:21:09,0,0,1.25,0.5,0,93,5,0.25,0
2022-06-26 06:21:08,0,0,1.5075377,0,0,90.20101,7.537688,0.5025126,0
2022-06-26 06:21:07,0,0,1.25,0,0,91.5,7.25,0,0
2022-06-26 06:21:06,0,0,0.75,0.25,0,89.25,9.25,0.5,0
2022-06-26 06:21:05,0,0,0.7462687,0.2487562,0,91.54229,6.716418,0.4975124,0
2022-06-26 06:21:04,0,0,0,0,0,93.73434,5.764411,0.5012531,0
2022-06-26 06:21:03,0,0,0.2506266,0,0,93.73434,5.764411,0.2506266,0
2022-06-26 06:21:02,0,0,0,0,0,92.5,7.25,0.25,0
2022-06-26 06:21:01,0,0,0,0,0,91.20603,7.788945,0.5025126,0
2022-06-26 06:21:00,0,0,0.2493766,0.2493766,0,89.77556,8.478803,0.2493766,0
2022-06-26 06:20:59,0,0,0,0,0,94.20655,5.793451,0,0
2022-06-26 06:20:58,0,0,0.2493766,0.2493766,0,96.25935,2.992519,0.2493766,0
2022-06-26 06:20:57,0,0,0,0.25,0,97.5,2,0.25,0
2022-06-26 06:20:56,0,0,0,0,0,98.50746,1.2437811,0.2487562,0
2022-06-26 06:20:55,0,0,0.2518892,0.2518892,0,98.23678,1.0075567,0.2518892,0
2022-06-26 06:20:54,0,0,0.2493766,0,0,97.75561,1.995012,0,0
2022-06-26 06:20:53,0,0,0.2506266,0,0,98.49624,1.0025063,0.2506266,0
2022-06-26 06:20:52,0,0,0,0,0,99.25,0.5,0.25,0
2022-06-26 06:20:51,0,0,0.2493766,0,0,98.00499,1.4962594,0.2493766,0
2022-06-26 06:20:50,0,0,0.2506266,0,0,98.49624,1.0025063,0.2506266,0
2022-06-26 06:20:49,0,0,0.9950249,0,0,96.76617,1.99005,0.2487562,0
2022-06-26 06:20:48,0,0,1.0050251,0,0,95.47739,3.266332,0.2512563,0
2022-06-26 06:20:47,0,0,0.5,0,0,98.25,1,0.25,0
2022-06-26 06:20:46,0,0,0.4987531,0.2493766,0,98.00499,0.7481297,0.4987531,0
2022-06-26 06:20:45,0,0,0.5025126,0,0,97.73869,1.5075377,0.2512563,0
2022-06-26 06:20:44,0,0,0.2493766,0,0,98.50374,1.2468828,0,0
2022-06-26 06:20:43,0,0,0.4987531,0,0,98.00499,0.9975062,0.4987531,0
2022-06-26 06:20:42,0,0,1.25,0.5,0,94.75,3.25,0.25,0
2022-06-26 06:20:41,0,0,0.75,0,0,97.5,1.5,0.25,0
2022-06-26 06:20:40,0,0,0.7518797,0,0,97.49373,1.754386,0,0
2022-06-26 06:20:39,0,0,0.75,0,0,97.5,1.5,0.25,0
2022-06-26 06:20:38,0,0,0.5,0.25,0,98.25,0.75,0.25,0
2022-06-26 06:20:37,0,0,0.2493766,0,0,98.50374,1.2468828,0,0
2022-06-26 06:20:36,0,0,0.7518797,0.2506266,0,96.49123,2.005013,0.5012531,0
2022-06-26 06:20:35,0,0,1.25,0,0,96.25,2.25,0.25,0
2022-06-26 06:20:34,0,0,1.25,0,0,97.25,1.25,0.25,0
2022-06-26 06:20:33,0,0,0.2493766,0,0,97.50623,1.745636,0.4987531,0
2022-06-26 06:20:32,0,0,0.5012531,0.5012531,0,97.24311,1.2531328,0.5012531,0
2022-06-26 06:20:31,0,0,0.75,0,0,97.75,1.5,0,0
2022-06-26 06:20:30,0,0,0,0,0,99,0.75,0.25,0
2022-06-26 06:20:29,0,0,0.9975062,0.2493766,0,96.50873,2.244389,0,0
2022-06-26 06:20:28,0,0,1.0025063,0,0,95.98997,2.255639,0.7518797,0
2022-06-26 06:20:27,0,0,0.7481297,0.2493766,0,97.50623,1.4962594,0,0
2022-06-26 06:20:26,0,0,0.5012531,0,0,96.74185,2.506266,0.2506266,0
2022-06-26 06:20:25,0,0,1,0,0,97,2,0,0
2022-06-26 06:20:24,0,0,0.5,0,0,98.25,1,0.25,0
2022-06-26 06:20:23,0,0,0.25,0.25,0,97.75,1.75,0,0
2022-06-26 06:20:22,0,0,0,0,0,98.25436,1.4962594,0.2493766,0
2022-06-26 06:20:21,0,0,1.2468828,0.2493766,0,94.76309,3.491272,0.2493766,0
2022-06-26 06:20:20,0,0,1.2531328,0,0,93.98496,4.511278,0.2506266,0
2022-06-26 06:20:19,0,0,0.75,0.25,0,96.5,2.25,0.25,0
2022-06-26 06:20:18,0,0,0.25,0,0,98,1.5,0.25,0
2022-06-26 06:20:17,0,0,0.5,0.25,0,96.75,2.25,0.25,0
2022-06-26 06:20:16,0,0,0.7518797,0,0,97.24311,2.005013,0,0
2022-06-26 06:20:15,0,0,0.25,0,0,98.25,1.25,0.25,0
2022-06-26 06:20:14,0,0,0.25,0.25,0,96.5,2.75,0.25,0
2022-06-26 06:20:13,0,0,0.5,0.5,0,95.25,3.5,0.25,0
2022-06-26 06:20:12,0,0,1.25,0,0,94.25,4.5,0,0
2022-06-26 06:20:11,0,0,1,0.25,0,93.5,5.25,0,0
2022-06-26 06:20:10,0,0,1.741294,0.2487562,0,92.53731,4.726368,0.7462687,0
2022-06-26 06:20:09,0,0,1.0025063,0.2506266,0,91.72932,6.766917,0.2506266,0
2022-06-26 06:20:08,0,0,1.4962594,0.2493766,0,91.77057,6.234414,0.2493766,0
2022-06-26 06:20:07,0,0,0.5025126,0,0,77.38693,6.78392,15.075377,0
2022-06-26 06:20:06,0,0,0.2487562,0.2487562,0,71.39303,5.223881,22.88557,0
2022-06-26 06:20:05,0,0,0.5025126,0.2512563,0,85.67839,5.025126,8.542714,0
2022-06-26 06:20:04,0,0,4.488778,0.2493766,0,84.0399,10.473815,0.7481297,0
2022-06-26 06:20:03,0,0,4.738155,0.4987531,0,84.0399,10.473815,0.2493766,0
2022-06-26 06:20:02,0,0,0,0,0,93.75,5.75,0.25,0
2022-06-26 06:20:01,0,0,0.2512563,0,0,93.71859,5.778894,0.2512563,0
2022-06-26 06:20:00,0,0,0,0,0,92.73183,5.764411,0.2506266,0
2022-06-26 06:19:59,0,0,0.2493766,0.2493766,0,95.26185,4.239401,0,0
2022-06-26 06:19:58,0,0,0,0,0,96.5,3.25,0.25,0
2022-06-26 06:19:57,0,0,0,0,0,97.99499,2.005013,0,0
2022-06-26 06:19:56,0,0,0.25,0,0,98.5,1,0.25,0
2022-06-26 06:19:55,0,0,0,0,0,98.00995,1.741294,0.2487562,0
2022-06-26 06:19:54,0,0,0.2512563,0,0,98.49246,1.0050251,0.2512563,0
2022-06-26 06:19:53,0,0,0.25,0,0,98.25,1.25,0.25,0
2022-06-26 06:19:52,0,0,0,0,0,98.25,1.5,0.25,0
2022-06-26 06:19:51,0,0,0.75,0.25,0,97.25,1.5,0.25,0
2022-06-26 06:19:50,0,0,0.5,0.5,0,96.75,2,0.25,0
2022-06-26 06:19:49,0,0,0.5,0,0,97.5,1.75,0.25,0
2022-06-26 06:19:48,0,0,0.9975062,0.4987531,0,95.26185,2.992519,0.2493766,0
2022-06-26 06:19:47,0,0,0.75,0,0,97.75,1.25,0.25,0
2022-06-26 06:19:46,0,0,0,0,0,98.74687,1.0025063,0.2506266,0
2022-06-26 06:19:45,0,0,0.75,0,0,98,1.25,0,0
2022-06-26 06:19:44,0,0,0.5,0,0,97.5,1.75,0.25,0
2022-06-26 06:19:43,0,0,0.9950249,0.7462687,0,95.52239,2.736318,0,0
2022-06-26 06:19:42,0,0,0.5,0.25,0,96.5,2.5,0.25,0
2022-06-26 06:19:41,0,0,1.2562814,0,0,96.23116,2.261307,0.2512563,0
2022-06-26 06:19:40,0,0,0.2506266,0,0,97.99499,1.5037594,0.2506266,0
2022-06-26 06:19:39,0,0,0.4975124,0.2487562,0,97.51244,1.741294,0,0
2022-06-26 06:19:38,0,0,0.4987531,0,0,98.00499,1.2468828,0.2493766,0
2022-06-26 06:19:37,0,0,0.5037783,0,0,97.98489,1.511335,0,0
2022-06-26 06:19:36,0,0,0.7481297,0,0,97.00748,1.995012,0.2493766,0
2022-06-26 06:19:35,0,0,0.7518797,0.5012531,0,97.24311,1.5037594,0,0
2022-06-26 06:19:34,0,0,0.7462687,0,0,95.77114,3.233831,0.2487562,0
2022-06-26 06:19:33,0,0,1,0,0,97,1.5,0.25,0
2022-06-26 06:19:32,0,0,0.25,0.25,0,98.25,1,0.25,0
2022-06-26 06:19:31,0,0,0.5012531,0,0,97.99499,1.2531328,0.2506266,0
2022-06-26 06:19:30,0,0,0.75,0,0,97,2.25,0,0
2022-06-26 06:19:29,0,0,0.5,0.25,0,98.25,0.75,0.25,0
2022-06-26 06:19:28,0,0,0.4962779,0,0,97.27047,1.985112,0.248139,0
2022-06-26 06:19:27,0,0,0.7575758,0,0,97.22222,2.020202,0,0
2022-06-26 06:19:26,0,0,0.4987531,0,0,97.25686,1.745636,0.4987531,0
2022-06-26 06:19:25,0,0,1.25,0.25,0,96,2.5,0,0
2022-06-26 06:19:24,0,0,0.5012531,0,0,97.49373,1.754386,0.2506266,0
2022-06-26 06:19:23,0,0,0.4962779,0,0,97.27047,1.736973,0.4962779,0
2022-06-26 06:19:22,0,0,0.5037783,0.2518892,0,96.97733,2.015113,0.2518892,0
2022-06-26 06:19:21,0,0,0.2493766,0,0,97.00748,2.493766,0.2493766,0
2022-06-26 06:19:20,0,0,0.5,0.25,0,97.5,1.5,0.25,0
2022-06-26 06:19:19,0,0,0.4987531,0,0,98.00499,1.2468828,0.2493766,0
2022-06-26 06:19:18,0,0,0.9950249,0,0,95.52239,3.233831,0.2487562,0
2022-06-26 06:19:17,0,0,0.7556675,0.5037783,0,95.96977,2.770781,0,0
2022-06-26 06:19:16,0,0,0.2493766,0,0,98.00499,1.4962594,0.2493766,0
2022-06-26 06:19:15,0,0,0.2506266,0,0,98.74687,1.0025063,0,0
2022-06-26 06:19:14,0,0,0.75,0,0,96,3.25,0,0
2022-06-26 06:19:13,0,0,1,0.5,0,94,4,0.5,0
2022-06-26 06:19:12,0,0,0.7444169,0,0,93.54839,5.210918,0.4962779,0
2022-06-26 06:19:11,0,0,0.7518797,0,0,94.98747,4.260652,0,0
2022-06-26 06:19:10,0,0,1.2562814,0.2512563,0,93.71859,4.522613,0.2512563,0
2022-06-26 06:19:09,0,0,1.2468828,0.4987531,0,89.27681,8.977556,0,0
2022-06-26 06:19:08,0,0,1.0025063,0.2506266,0,93.48371,4.761905,0.5012531,0
2022-06-26 06:19:07,0,0,0.7462687,0,0,89.55224,9.452736,0.2487562,0
2022-06-26 06:19:06,0,0,0,0,0,93.75,6,0.25,0
2022-06-26 06:19:05,0,0,0,0.25,0,94.25,5.25,0.25,0
2022-06-26 06:19:04,0,0,0.25,0,0,92.25,7.25,0.25,0
2022-06-26 06:19:03,0,0,0,0.25,0,93.25,6.25,0.25,0
2022-06-26 06:19:02,0,0,0.2493766,0,0,90.27431,8.478803,0.4987531,0
2022-06-26 06:19:01,0,0,0,0.7481297,0,80.798,5.236908,0.4987531,0
2022-06-26 06:19:00,0,0,0,0,0,97.98995,2.01005,0,0
2022-06-26 06:18:59,0,0,0.2493766,0,0,98.50374,0.9975062,0.2493766,0
2022-06-26 06:18:58,0,0,0,0,0,98.75,1.25,0,0
2022-06-26 06:18:57,0,0,0.2506266,0,0,99.49875,0.2506266,0,0
2022-06-26 06:18:56,0,0,0,0,0,98.75,1,0.25,0
2022-06-26 06:18:55,0,0,0.25,0,0,98.25,1.25,0.25,0
2022-06-26 06:18:54,0,0,0.4987531,0,0,98.00499,1.2468828,0.2493766,0
2022-06-26 06:18:53,0,0,0.25,0,0,98.5,1,0.25,0
2022-06-26 06:18:52,0,0,0,0,0,98.74687,1.0025063,0.2506266,0
2022-06-26 06:18:51,0,0,0.5,0,0,97.75,1.5,0.25,0
2022-06-26 06:18:50,0,0,1.2437811,0.2487562,0,95.52239,2.985075,0,0
2022-06-26 06:18:49,0,0,1.0050251,0,0,96.48241,2.512563,0,0
2022-06-26 06:18:48,0,0,0.4987531,0.2493766,0,97.50623,1.2468828,0.4987531,0
2022-06-26 06:18:47,0,0,0.2512563,0,0,98.99497,0.7537688,0,0
2022-06-26 06:18:46,0,0,0.4987531,0,0,98.00499,1.2468828,0.2493766,0
2022-06-26 06:18:45,0,0,0,0.2493766,0,99.00249,0.4987531,0.2493766,0
2022-06-26 06:18:44,0,0,0.5,0,0,97.75,1.75,0,0
2022-06-26 06:18:43,0,0,1.2562814,0.2512563,0,95.72864,2.512563,0.2512563,0
2022-06-26 06:18:42,0,0,1.2468828,0.4987531,0,96.00998,1.995012,0.2493766,0
2022-06-26 06:18:41,0,0,0.25,0,0,98.25,1.5,0,0
2022-06-26 06:18:40,0,0,0.4987531,0,0,97.50623,1.4962594,0.4987531,0
2022-06-26 06:18:39,0,0,0.2506266,0,0,98.99749,0.7518797,0,0
2022-06-26 06:18:38,0,0,0.25,0,0,98.75,1,0,0
2022-06-26 06:18:37,0,0,0.25,0,0,98.25,1.25,0.25,0
2022-06-26 06:18:36,0,0,1.5,0,0,96,2.25,0.25,0
2022-06-26 06:18:35,0,0,1.2437811,0.2487562,0,95.02488,3.482587,0,0
2022-06-26 06:18:34,0,0,0,0,0,99,0.5,0.5,0
2022-06-26 06:18:33,0,0,0.5025126,0,0,97.98995,1.5075377,0,0
2022-06-26 06:18:32,0,0,0.5,0,0,98.5,0.75,0.25,0
2022-06-26 06:18:31,0,0,0,0,0,99.49875,0.2506266,0.2506266,0
2022-06-26 06:18:30,0,0,0.7444169,0.248139,0,96.02978,2.729529,0.248139,0
2022-06-26 06:18:29,0,0,1.5037594,0.5012531,0,93.48371,4.010025,0.5012531,0
2022-06-26 06:18:28,0,0,0.7537688,0,0,96.98492,2.261307,0,0
2022-06-26 06:18:27,0,0,0.2487562,0.2487562,0,98.00995,1.2437811,0.2487562,0
2022-06-26 06:18:26,0,0,0,0,0,98.75,1,0.25,0
2022-06-26 06:18:25,0,0,1,0,0,97.75,1.25,0,0
2022-06-26 06:18:24,0,0,0.25,0,0,98.75,0.75,0.25,0
2022-06-26 06:18:23,0,0,0.75,0.25,0,96.5,2.25,0.25,0
2022-06-26 06:18:22,0,0,0.9975062,0,0,95.7606,2.992519,0.2493766,0
2022-06-26 06:18:21,0,0,1.4925373,0.2487562,0,93.78109,3.9801,0.2487562,0
2022-06-26 06:18:20,0,0,0.5012531,0.2506266,0,96.74185,2.255639,0.2506266,0
2022-06-26 06:18:19,0,0,0.25,0,0,98.25,1,0.5,0
2022-06-26 06:18:18,0,0,0.2506266,0.5012531,0,97.49373,1.754386,0,0
2022-06-26 06:18:17,0,0,0.2506266,0,0,98.24561,1.2531328,0.2506266,0
2022-06-26 06:18:16,0,0,0.7481297,0.2493766,0,97.25686,1.4962594,0.2493766,0
2022-06-26 06:18:15,0,0,0.7462687,0,0,93.78109,4.975124,0.4975124,0
2022-06-26 06:18:14,0,0,0.7556675,0,0,95.96977,3.02267,0.2518892,0
2022-06-26 06:18:13,0,0,1.736973,0.4962779,0,92.80397,4.962779,0,0
2022-06-26 06:18:12,0,0,1.25,0.5,0,90.25,7.75,0.25,0
2022-06-26 06:18:11,0,0,1.2531328,0.5012531,0,91.4787,6.516291,0.2506266,0
2022-06-26 06:18:10,0,0,0.5037783,0.2518892,0,90.93199,8.060453,0.2518892,0
2022-06-26 06:18:09,0,0,0.4975124,0.2487562,0,92.53731,6.218905,0.4975124,0
2022-06-26 06:18:08,0,0,0,0,0,92.75,6.5,0.5,0
2022-06-26 06:18:07,0,0,0,0,0,93.73434,6.265664,0,0
2022-06-26 06:18:06,0,0,0,0.2493766,0,93.26683,5.735661,0.7481297,0
2022-06-26 06:18:05,0,0,0.25,0,0,90.25,8.75,0.25,0
2022-06-26 06:18:04,0,0,0,0.2506266,0,94.48622,5.263158,0,0
2022-06-26 06:18:03,0,0,0.2506266,0,0,95.2381,4.010025,0.2506266,0
2022-06-26 06:18:02,0,0,0,0,0,98.49624,1.5037594,0,0
2022-06-26 06:18:01,0,0,0.2493766,0.2493766,0,97.50623,1.745636,0.2493766,0
2022-06-26 06:18:00,0,0,0,0.25,0,99,0.75,0,0
2022-06-26 06:17:59,0,0,0.2487562,0,0,97.26368,1.99005,0.4975124,0
2022-06-26 06:17:58,0,0,0,0,0,97.733,1.763224,0.2518892,0
2022-06-26 06:17:57,0,0,0.2493766,0,0,98.50374,0.9975062,0.2493766,0
2022-06-26 06:17:56,0,0,0.5,0.25,0,97.5,1.75,0,0
2022-06-26 06:17:55,0,0,0.25,0.5,0,98,1,0.25,0
2022-06-26 06:17:54,0,0,0.2506266,0,0,98.74687,0.7518797,0.2506266,0
2022-06-26 06:17:53,0,0,1.2468828,0.2493766,0,96.25935,1.995012,0.2493766,0
2022-06-26 06:17:52,0,0,0.9950249,0,0,96.76617,1.99005,0.2487562,0
2022-06-26 06:17:51,0,0,0.7556675,0,0,97.48111,1.763224,0,0
2022-06-26 06:17:50,0,0,0.4975124,0.2487562,0,97.26368,1.4925373,0.4975124,0
2022-06-26 06:17:49,0,0,0,0.2506266,0,98.49624,1.2531328,0,0
2022-06-26 06:17:48,0,0,0.5,0,0,98.5,0.75,0.25,0
2022-06-26 06:17:47,0,0,0.5,0,0,97.75,1.5,0.25,0
2022-06-26 06:17:46,0,0,1.2468828,0,0,94.51372,3.740648,0.4987531,0
2022-06-26 06:17:45,0,0,1.2562814,0,0,96.23116,2.512563,0,0
2022-06-26 06:17:44,0,0,0.5,0,0,97.25,2.25,0,0
2022-06-26 06:17:43,0,0,0.2493766,0,0,97.75561,1.745636,0.2493766,0
2022-06-26 06:17:42,0,0,0.2487562,0.2487562,0,98.50746,0.7462687,0.2487562,0
2022-06-26 06:17:41,0,0,0.7518797,0,0,97.99499,1.2531328,0,0
2022-06-26 06:17:40,0,0,0.7537688,0,0,96.73367,2.261307,0.2512563,0
2022-06-26 06:17:39,0,0,1.2468828,0.4987531,0,95.01247,2.992519,0.2493766,0
2022-06-26 06:17:38,0,0,0.5012531,0,0,97.24311,2.005013,0.2506266,0
2022-06-26 06:17:37,0,0,0.4975124,0.2487562,0,98.25871,0.9950249,0,0
2022-06-26 06:17:36,0,0,0.5025126,0,0,97.73869,1.5075377,0.2512563,0
2022-06-26 06:17:35,0,0,0,0.2487562,0,98.25871,1.2437811,0.2487562,0
2022-06-26 06:17:34,0,0,1.0050251,0,0,95.72864,3.015075,0.2512563,0
2022-06-26 06:17:33,0,0,0.9950249,0.4975124,0,96.0199,2.238806,0.2487562,0
2022-06-26 06:17:32,0,0,1.0025063,0,0,95.98997,2.756892,0.2506266,0
2022-06-26 06:17:31,0,0,0.7518797,0.2506266,0,95.73935,3.007519,0.2506266,0
2022-06-26 06:17:30,0,0,0.2493766,0,0,98.50374,0.9975062,0.2493766,0
2022-06-26 06:17:29,0,0,0.25,0,0,97.75,1.75,0.25,0
2022-06-26 06:17:28,0,0,0.25,0,0,97.5,2,0.25,0
2022-06-26 06:17:27,0,0,0.5012531,0,0,96.74185,2.506266,0.2506266,0
2022-06-26 06:17:26,0,0,0.5025126,0,0,96.73367,2.261307,0.5025126,0
2022-06-26 06:17:25,0,0,1.4888337,0.248139,0,94.54094,3.473945,0.248139,0
2022-06-26 06:17:24,0,0,1.2531328,0,0,95.48872,3.258145,0,0
2022-06-26 06:17:23,0,0,0.4987531,0.2493766,0,97.00748,1.995012,0.2493766,0
2022-06-26 06:17:22,0,0,0.4987531,0,0,98.50374,0.9975062,0,0
2022-06-26 06:17:21,0,0,0.2512563,0,0,97.23618,2.261307,0.2512563,0
2022-06-26 06:17:20,0,0,0,0,0,98.75,1.25,0,0
2022-06-26 06:17:19,0,0,0.5,0.25,0,97.75,1.5,0,0
2022-06-26 06:17:18,0,0,0.5,0,0,95.5,3.75,0.25,0
2022-06-26 06:17:17,0,0,0.9975062,0.2493766,0,93.76559,4.987531,0,0
2022-06-26 06:17:16,0,0,0.9975062,0.4987531,0,92.5187,5.486284,0.4987531,0
2022-06-26 06:17:15,0,0,1.25,0.25,0,91.75,6.5,0,0
2022-06-26 06:17:14,0,0,0.75,0,0,93.25,6,0,0
2022-06-26 06:17:13,0,0,1,0.25,0,91.5,7,0.25,0
2022-06-26 06:17:12,0,0,0.75,0.5,0,94,4.5,0.25,0
2022-06-26 06:17:11,0,0,0.2493766,0,0,94.51372,4.738155,0.4987531,0
2022-06-26 06:17:10,0,0,0.2506266,0,0,91.22807,8.270677,0.2506266,0
2022-06-26 06:17:09,0,0,0,0,0,90.72682,8.77193,0.5012531,0
2022-06-26 06:17:08,0,0,0,0,0,92.75,6.75,0.5,0
2022-06-26 06:17:07,0,0,0.2506266,0,0,94.48622,5.263158,0,0
2022-06-26 06:17:06,0,0,0,0,0,94.98747,4.511278,0.5012531,0
2022-06-26 06:17:05,0,0,0.2493766,0,0,95.26185,4.239401,0.2493766,0
2022-06-26 06:17:04,0,0,0,0,0,97.25,2.75,0,0
2022-06-26 06:17:03,0,0,0,0,0,99.25,0.5,0.25,0
2022-06-26 06:17:02,0,0,0.5,0.5,0,96.75,2.25,0,0
2022-06-26 06:17:01,0,0,0.25,0,0,99,0.75,0,0
2022-06-26 06:17:00,0,0,0,0,0,98.74687,1.0025063,0.2506266,0
2022-06-26 06:16:59,0,0,0,0.25,0,97.75,2,0,0
2022-06-26 06:16:58,0,0,0.25,0,0,99,0.75,0,0
2022-06-26 06:16:57,0,0,0.4975124,0.2487562,0,97.51244,1.2437811,0.4975124,0
2022-06-26 06:16:56,0,0,1.2531328,0,0,95.48872,3.258145,0,0
2022-06-26 06:16:55,0,0,0.9950249,0,0,96.26866,2.238806,0.4975124,0
2022-06-26 06:16:54,0,0,0.2506266,0,0,98.74687,1.0025063,0,0
2022-06-26 06:16:53,0,0,0.7518797,0.2506266,0,96.74185,2.255639,0,0
2022-06-26 06:16:52,0,0,0.5,0,0,98,1.25,0.25,0
2022-06-26 06:16:51,0,0,0.25,0,0,98.75,0.75,0.25,0
2022-06-26 06:16:50,0,0,0.4987531,0,0,97.50623,1.995012,0,0
2022-06-26 06:16:49,0,0,1.5,0.25,0,95,2.75,0.5,0
2022-06-26 06:16:48,0,0,0.75,0.5,0,96.75,1.75,0.25,0
2022-06-26 06:16:47,0,0,0,0,0,98.5,1.5,0,0
2022-06-26 06:16:46,0,0,0.7518797,0,0,97.74436,1.2531328,0.2506266,0
2022-06-26 06:16:45,0,0,0.5012531,0,0,97.99499,1.2531328,0.2506266,0
2022-06-26 06:16:44,0,0,0.2487562,0,0,98.25871,1.2437811,0.2487562,0
2022-06-26 06:16:43,0,0,0.75,0.5,0,96.75,1.75,0.25,0
2022-06-26 06:16:42,0,0,0.75,0,0,97,2,0.25,0
2022-06-26 06:16:41,0,0,1.0025063,0,0,96.2406,2.506266,0.2506266,0
2022-06-26 06:16:40,0,0,0.25,0,0,98.25,1.25,0.25,0
2022-06-26 06:16:39,0,0,0.75,0.25,0,96.5,1.75,0.75,0
2022-06-26 06:16:38,0,0,0.5,0.25,0,97.75,1.5,0,0
2022-06-26 06:16:37,0,0,0.2506266,0.2506266,0,97.99499,1.5037594,0,0
2022-06-26 06:16:36,0,0,0.4975124,0.2487562,0,98.00995,0.7462687,0.4975124,0
2022-06-26 06:16:35,0,0,0.5025126,0.2512563,0,96.98492,2.01005,0.2512563,0
2022-06-26 06:16:34,0,0,1.2468828,0.4987531,0,94.51372,3.491272,0.2493766,0
2022-06-26 06:16:33,0,0,0.2506266,0,0,98.24561,1.0025063,0.5012531,0
2022-06-26 06:16:32,0,0,0.9975062,0,0,96.50873,2.244389,0.2493766,0
2022-06-26 06:16:31,0,0,0.25,0.25,0,97.25,2.25,0,0
2022-06-26 06:16:30,0,0,0.25,0,0,98,1.25,0.5,0
2022-06-26 06:16:29,0,0,1,0.25,0,93.5,5.25,0,0
2022-06-26 06:16:28,0,0,0.75,0.25,0,96.75,2,0.25,0
2022-06-26 06:16:27,0,0,0.7537688,0.2512563,0,95.72864,2.763819,0.5025126,0
2022-06-26 06:16:26,0,0,0.7444169,0.248139,0,95.5335,3.225806,0.248139,0
2022-06-26 06:16:25,0,0,1.2406948,0,0,97.51861,1.2406948,0,0
2022-06-26 06:16:24,0,0,1.0075567,0,0,95.71788,3.274559,0,0
2022-06-26 06:16:23,0,0,0.2512563,0,0,97.98995,1.5075377,0.2512563,0
2022-06-26 06:16:22,0,0,0.2493766,0,0,97.75561,1.745636,0.2493766,0
2022-06-26 06:16:21,0,0,0.5,0.25,0,97.25,2,0,0
2022-06-26 06:16:20,0,0,0.4987531,0.2493766,0,96.50873,2.244389,0.4987531,0
2022-06-26 06:16:19,0,0,0.7481297,0,0,93.76559,5.236908,0.2493766,0
2022-06-26 06:16:18,0,0,1.0050251,0.5025126,0,93.71859,4.271357,0.5025126,0
2022-06-26 06:16:17,0,0,1.4962594,0.2493766,0,89.02743,8.478803,0.4987531,0
2022-06-26 06:16:16,0,0,0.9975062,0.2493766,0,90.27431,8.229426,0.2493766,0
2022-06-26 06:16:15,0,0,1.2562814,0,0,89.19598,9.045226,0.5025126,0
2022-06-26 06:16:14,0,0,0.5,0,0,92.5,6.5,0.5,0
2022-06-26 06:16:13,0,0,0.5,0,0,93,5.75,0.75,0
2022-06-26 06:16:12,0,0,0,0.248139,0,94.04467,5.459057,0.248139,0
2022-06-26 06:16:11,0,0,0.2506266,0,0,90.97744,8.521303,0.2506266,0
2022-06-26 06:16:10,0,0,0,0,0,93.51621,6.234414,0.2493766,0
2022-06-26 06:16:09,0,0,0,0,0,92.44332,7.304786,0,0
2022-06-26 06:16:08,0,0,0.25,0,0,93.75,4.75,0.25,0
2022-06-26 06:16:07,0,0,0,0,0,97.75,2,0.25,0
2022-06-26 06:16:06,0,0,0.2506266,0,0,96.74185,3.007519,0,0
2022-06-26 06:16:05,0,0,0,0,0,98.75622,0.7462687,0.4975124,0
2022-06-26 06:16:04,0,0,0,0,0,99.49749,0.2512563,0.2512563,0
2022-06-26 06:16:03,0,0,0.25,0,0,97.75,2,0,0
2022-06-26 06:16:02,0,0,0.25,0,0,98.5,1,0.25,0
2022-06-26 06:16:01,0,0,0,0,0,99.25187,0.4987531,0.2493766,0
2022-06-26 06:16:00,0,0,0.75,0,0,97.5,1.5,0.25,0
2022-06-26 06:15:59,0,0,0,0.2493766,0,98.75312,0.7481297,0.2493766,0
2022-06-26 06:15:58,0,0,0.5025126,0,0,97.98995,1.2562814,0.2512563,0
2022-06-26 06:15:57,0,0,0.9975062,0.2493766,0,95.51122,2.992519,0.2493766,0
2022-06-26 06:15:56,0,0,0.7518797,0,0,97.74436,1.5037594,0,0
2022-06-26 06:15:55,0,0,0.7481297,0.2493766,0,97.00748,1.745636,0.2493766,0
2022-06-26 06:15:54,0,0,0.4975124,0,0,97.76119,1.4925373,0.2487562,0
2022-06-26 06:15:53,0,0,0.5037783,0,0,97.22922,2.267003,0,0
2022-06-26 06:15:52,0,0,0.25,0,0,98.75,0.75,0.25,0
2022-06-26 06:15:51,0,0,0.2512563,0,0,97.98995,1.5075377,0.2512563,0
2022-06-26 06:15:50,0,0,0.9876543,0.2469136,0,95.80247,2.469136,0.4938272,0
2022-06-26 06:15:49,0,0,1.0050251,0.2512563,0,96.73367,1.758794,0.2512563,0
2022-06-26 06:15:48,0,0,0.9975062,0.2493766,0,96.50873,1.995012,0.2493766,0
2022-06-26 06:15:47,0,0,0.2512563,0.2512563,0,97.73869,1.758794,0,0
2022-06-26 06:15:46,0,0,0.4987531,0,0,97.75561,1.2468828,0.4987531,0
2022-06-26 06:15:45,0,0,0.2506266,0,0,98.24561,1.5037594,0,0
2022-06-26 06:15:44,0,0,0.5,0,0,97,2.25,0.25,0
2022-06-26 06:15:43,0,0,0.9975062,0,0,97.75561,0.7481297,0.4987531,0
2022-06-26 06:15:42,0,0,1,0.5,0,96.25,2,0.25,0
2022-06-26 06:15:41,0,0,1.0025063,0.2506266,0,96.2406,2.255639,0.2506266,0
2022-06-26 06:15:40,0,0,0.2493766,0,0,99.00249,0.4987531,0.2493766,0
2022-06-26 06:15:39,0,0,0.25,0,0,99,0.75,0,0
2022-06-26 06:15:38,0,0,0.5,0,0,97.25,1.75,0.25,0
2022-06-26 06:15:37,0,0,0.75,0.25,0,96.75,2,0.25,0
2022-06-26 06:15:36,0,0,0.5,0,0,98,1.25,0.25,0
2022-06-26 06:15:35,0,0,0.7481297,0,0,96.25935,2.743142,0.2493766,0
2022-06-26 06:15:34,0,0,1.0050251,0.2512563,0,96.98492,1.5075377,0.2512563,0
2022-06-26 06:15:33,0,0,0.5,0.25,0,96.5,2.5,0,0.25
2022-06-26 06:15:32,0,0,0.2487562,0,0,98.00995,1.4925373,0.2487562,0
2022-06-26 06:15:31,0,0,0.2512563,0,0,97.73869,2.01005,0,0
2022-06-26 06:15:30,0,0,0.7481297,0.2493766,0,97.00748,1.745636,0.2493766,0
2022-06-26 06:15:29,0,0,0.4975124,0,0,96.51741,2.487562,0.4975124,0
2022-06-26 06:15:28,0,0,0.5012531,0,0,96.74185,2.506266,0.2506266,0
2022-06-26 06:15:27,0,0,1.0050251,0.2512563,0,94.97487,3.517588,0.2512563,0
2022-06-26 06:15:26,0,0,0.5,0.25,0,97.25,2,0,0
2022-06-26 06:15:25,0,0,1.745636,0,0,95.26185,2.493766,0.4987531,0
2022-06-26 06:15:24,0,0,0,0,0,99.5,0.5,0,0
2022-06-26 06:15:23,0,0,0.2506266,0,0,97.99499,1.5037594,0.2506266,0
2022-06-26 06:15:22,0,0,0.7462687,0,0,96.26866,2.736318,0.2487562,0
2022-06-26 06:15:21,0,0,1.0025063,0,0,95.73935,3.007519,0.2506266,0
2022-06-26 06:15:20,0,0,1.25,0.25,0,91.75,6.5,0.25,0
2022-06-26 06:15:19,0,0,0.9975062,0.2493766,0,94.76309,3.990025,0,0
2022-06-26 06:15:18,0,0,1.745636,0.4987531,0,90.52369,6.733167,0.4987531,0
2022-06-26 06:15:17,0,0,1.0025063,0,0,90.72682,8.02005,0.2506266,0
2022-06-26 06:15:16,0,0,0.7518797,0,0,92.23058,6.516291,0.5012531,0
2022-06-26 06:15:15,0,0,0.2493766,0,0,92.5187,6.982544,0.2493766,0
2022-06-26 06:15:14,0,0,0.25,0,0,91,8.25,0.25,0
2022-06-26 06:15:13,0,0,0,0.2506266,0,94.23559,5.513784,0,0
2022-06-26 06:15:12,0,0,0,0,0,93.48371,6.015038,0.5012531,0
2022-06-26 06:15:11,0,0,0.2487562,0.2487562,0,90.29851,8.955224,0,0
2022-06-26 06:15:10,0,0,0,0,0,93.75,5.75,0.25,0
2022-06-26 06:15:09,0,0,0.25,0,0,96,3.5,0.25,0
2022-06-26 06:15:08,0,0,0,0,0,97.48744,2.261307,0.2512563,0
2022-06-26 06:15:07,0,0,0,0.2493766,0,98.75312,0.7481297,0.2493766,0
2022-06-26 06:15:06,0,0,0.25,0,0,98.75,0.75,0.25,0
2022-06-26 06:15:05,0,0,0,0,0,99,0.75,0.25,0
2022-06-26 06:15:04,0,0,0.2493766,0.2493766,0,98.25436,1.2468828,0,0
2022-06-26 06:15:03,0,0,0,0,0,98.25,1.25,0.5,0
2022-06-26 06:15:02,0,0,0.2525253,0,0,98.48485,1.2626263,0,0
2022-06-26 06:15:01,0,0,0.4962779,0,0,97.76675,1.2406948,0.4962779,0
2022-06-26 06:15:00,0,0,0.4987531,0.2493766,0,98.25436,0.7481297,0.2493766,0
2022-06-26 06:14:59,0,0,0.7481297,0.2493766,0,96.50873,2.244389,0.2493766,0
2022-06-26 06:14:58,0,0,0.7556675,0.5037783,0,96.47355,2.015113,0.2518892,0
2022-06-26 06:14:57,0,0,0.7462687,0.2487562,0,96.76617,1.99005,0.2487562,0
2022-06-26 06:14:56,0,0,0.7481297,0,0,97.00748,1.995012,0.2493766,0
2022-06-26 06:14:55,0,0,0,0,0,98.74687,1.0025063,0.2506266,0
2022-06-26 06:14:54,0,0,0.5050505,0.2525253,0,98.23232,0.7575758,0.2525253,0
2022-06-26 06:14:53,0,0,0.4975124,0,0,96.76617,2.238806,0.4975124,0
2022-06-26 06:14:52,0,0,0.9975062,0.2493766,0,97.00748,1.4962594,0.2493766,0
2022-06-26 06:14:51,0,0,0.7518797,0.2506266,0,97.24311,1.5037594,0.2506266,0
2022-06-26 06:14:50,0,0,0.9975062,0.2493766,0,96.25935,2.244389,0.2493766,0
2022-06-26 06:14:49,0,0,0.5012531,0,0,96.74185,2.506266,0.2506266,0
2022-06-26 06:14:48,0,0,0.25,0,0,98,1.75,0,0
2022-06-26 06:14:47,0,0,0.7481297,0.2493766,0,97.50623,1.2468828,0.2493766,0
2022-06-26 06:14:46,0,0,0.5012531,0.2506266,0,97.99499,1.2531328,0,0
2022-06-26 06:14:45,0,0,0.9975062,0.4987531,0,96.25935,1.745636,0.4987531,0
2022-06-26 06:14:44,0,0,0.4987531,0,0,97.50623,1.745636,0.2493766,0
2022-06-26 06:14:43,0,0,1.0025063,0.2506266,0,96.74185,1.754386,0.2506266,0
2022-06-26 06:14:42,0,0,0.5,0,0,97.5,1.5,0.5,0
2022-06-26 06:14:41,0,0,0.75,0,0,97.25,2,0,0
2022-06-26 06:14:40,0,0,0.2506266,0,0,98.74687,1.0025063,0,0
2022-06-26 06:14:39,0,0,0.4987531,0.2493766,0,97.75561,1.2468828,0.2493766,0
2022-06-26 06:14:38,0,0,0.9975062,0.2493766,0,95.01247,3.491272,0.2493766,0
2022-06-26 06:14:37,0,0,0.2506266,0.2506266,0,97.99499,1.5037594,0,0
2022-06-26 06:14:36,0,0,1.25,0.25,0,97,1.5,0,0
2022-06-26 06:14:35,0,0,0.5012531,0,0,97.24311,1.754386,0.5012531,0
2022-06-26 06:14:34,0,0,0.4975124,0,0,97.51244,1.4925373,0.4975124,0
2022-06-26 06:14:33,0,0,0.5025126,0.5025126,0,97.73869,1.2562814,0,0
2022-06-26 06:14:32,0,0,0.25,0,0,97.25,2.25,0.25,0
2022-06-26 06:14:31,0,0,0.5,0.25,0,97.5,1.75,0,0
2022-06-26 06:14:30,0,0,0.9975062,0.2493766,0,96.00998,2.493766,0.2493766,0
2022-06-26 06:14:29,0,0,0.25,0,0,96.75,2.75,0.25,0
2022-06-26 06:14:28,0,0,0.9975062,0.4987531,0,95.26185,2.992519,0.2493766,0
2022-06-26 06:14:27,0,0,0.5012531,0.2506266,0,96.99248,2.005013,0.2506266,0
2022-06-26 06:14:26,0,0,0.5,0,0,97.5,2,0,0
2022-06-26 06:14:25,0,0,0.7481297,0.2493766,0,97.00748,1.745636,0.2493766,0
2022-06-26 06:14:24,0,0,0.4987531,0,0,98.25436,1.2468828,0,0
2022-06-26 06:14:23,0,0,0.5037783,0.2518892,0,93.95466,5.289673,0,0
2022-06-26 06:14:22,0,0,1.0025063,0,0,95.2381,3.508772,0.2506266,0
2022-06-26 06:14:21,0,0,0.990099,0.2475248,0,94.05941,4.207921,0.4950495,0
2022-06-26 06:14:20,0,0,0.7537688,0,0,92.71357,6.281407,0.2512563,0
2022-06-26 06:14:19,0,0,0.9975062,0.2493766,0,93.01746,5.486284,0.2493766,0
2022-06-26 06:14:18,0,0,0.7518797,0.2506266,0,92.23058,6.766917,0,0
2022-06-26 06:14:17,0,0,1,0,0,90.25,8.75,0,0
2022-06-26 06:14:16,0,0,0.4987531,0.2493766,0,92.5187,6.733167,0,0
2022-06-26 06:14:15,0,0,0.2512563,0,0,93.96985,5.527638,0.2512563,0
2022-06-26 06:14:14,0,0,0,0,0,92.5,7.25,0.25,0
2022-06-26 06:14:13,0,0,0.248139,0.248139,0,92.80397,6.451613,0.248139,0
2022-06-26 06:14:12,0,0,0,0,0,94.22111,5.527638,0.2512563,0
2022-06-26 06:14:11,0,0,0,0,0,96.48241,3.266332,0.2512563,0
2022-06-26 06:14:10,0,0,0.2493766,0,0,92.76808,5.236908,0.2493766,0
2022-06-26 06:14:09,0,0,0,0,0,97.98995,2.01005,0,0
2022-06-26 06:14:08,0,0,0.248139,0.248139,0,98.51117,0.4962779,0.4962779,0
2022-06-26 06:14:07,0,0,0,0,0,98.49624,1.5037594,0,0
2022-06-26 06:14:06,0,0,0.2506266,0,0,98.74687,1.0025063,0,0
2022-06-26 06:14:05,0,0,0,0.2506266,0,98.74687,0.7518797,0.2506266,0
2022-06-26 06:14:04,0,0,0.4975124,0.2487562,0,97.51244,1.4925373,0.2487562,0
2022-06-26 06:14:03,0,0,0.5025126,0.2512563,0,98.24121,1.0050251,0,0
2022-06-26 06:14:02,0,0,0.25,0.25,0,98.25,1,0.25,0
2022-06-26 06:14:01,0,0,0.4987531,0.2493766,0,97.25686,1.745636,0.2493766,0
2022-06-26 06:14:00,0,0,0.5,0,0,98.25,0.75,0.5,0
2022-06-26 06:13:59,0,0,0.5,0.25,0,97,2,0.25,0
2022-06-26 06:13:58,0,0,0.9975062,0,0,96.00998,2.743142,0.2493766,0
2022-06-26 06:13:57,0,0,0.7537688,0.5025126,0,95.9799,2.512563,0.2512563,0
2022-06-26 06:13:56,0,0,0.4987531,0.4987531,0,97.75561,0.9975062,0.2493766,0
2022-06-26 06:13:55,0,0,0.2506266,0,0,98.74687,1.0025063,0,0
2022-06-26 06:13:54,0,0,0.9950249,0,0,95.77114,2.985075,0.2487562,0
2022-06-26 06:13:53,0,0,0.4987531,0.2493766,0,98.00499,0.9975062,0.2493766,0
2022-06-26 06:13:52,0,0,0.2518892,0,0,98.23678,1.511335,0,0
2022-06-26 06:13:51,0,0,1.2406948,0.248139,0,94.54094,3.473945,0.4962779,0
2022-06-26 06:13:50,0,0,0.7518797,0,0,96.99248,2.255639,0,0
2022-06-26 06:13:49,0,0,0.75,0.25,0,97.25,1.5,0.25,0
2022-06-26 06:13:48,0,0,0,0,0,98.74687,1.0025063,0.2506266,0
2022-06-26 06:13:47,0,0,0.7462687,0.2487562,0,97.26368,1.4925373,0.2487562,0
2022-06-26 06:13:46,0,0,0.7537688,0,0,96.98492,2.01005,0.2512563,0
2022-06-26 06:13:45,0,0,0.7481297,0.2493766,0,96.7581,2.244389,0,0
2022-06-26 06:13:44,0,0,1.0025063,0,0,96.99248,1.754386,0.2506266,0
2022-06-26 06:13:43,0,0,0.5012531,0.2506266,0,97.49373,1.754386,0,0
2022-06-26 06:13:42,0,0,0.4962779,0,0,97.51861,1.736973,0.248139,0
2022-06-26 06:13:41,0,0,0.2518892,0.2518892,0,98.99244,0.5037783,0,0
2022-06-26 06:13:40,0,0,0.4975124,0.4975124,0,96.76617,1.741294,0.4975124,0
2022-06-26 06:13:39,0,0,1,0.25,0,94.5,4,0.25,0
2022-06-26 06:13:38,0,0,0.7518797,0,0,97.24311,1.5037594,0.5012531,0
2022-06-26 06:13:37,0,0,0.5012531,0,0,96.74185,2.756892,0,0
2022-06-26 06:13:36,0,0,0.7481297,0.2493766,0,97.00748,1.995012,0,0
2022-06-26 06:13:35,0,0,0.5025126,0,0,97.48744,1.5075377,0.5025126,0
2022-06-26 06:13:34,0,0,0.2487562,0.2487562,0,98.00995,1.2437811,0.2487562,0
2022-06-26 06:13:33,0,0,0.2487562,0,0,98.00995,1.4925373,0.2487562,0
2022-06-26 06:13:32,0,0,0.7537688,0,0,96.23116,3.015075,0,0
2022-06-26 06:13:31,0,0,1.2468828,0.2493766,0,94.26434,3.740648,0.4987531,0
2022-06-26 06:13:30,0,0,0.5012531,0.2506266,0,97.74436,1.5037594,0,0
2022-06-26 06:13:29,0,0,0.7462687,0,0,96.51741,2.736318,0,0
2022-06-26 06:13:28,0,0,0.5037783,0,0,98.23678,1.0075567,0.2518892,0
2022-06-26 06:13:27,0,0,0.4987531,0.2493766,0,97.00748,1.995012,0.2493766,0
2022-06-26 06:13:26,0,0,0.2506266,0,0,95.98997,3.007519,0.7518797,0
2022-06-26 06:13:25,0,0,1.2406948,0.248139,0,96.02978,2.48139,0,0
2022-06-26 06:13:24,0,0,0.2518892,0,0,94.96222,4.534005,0.2518892,0
2022-06-26 06:13:23,0,0,0.7462687,0,0,94.52736,4.477612,0.2487562,0
2022-06-26 06:13:22,0,0,1.25,0.5,0,94.5,3.5,0.25,0
2022-06-26 06:13:21,0,0,1.25,0.5,0,90,8,0.25,0
2022-06-26 06:13:20,0,0,0.9975062,0,0,93.51621,4.987531,0.2493766,0
2022-06-26 06:13:19,0,0,0.7556675,0,0,88.91688,10.075567,0.2518892,0
2022-06-26 06:13:18,0,0,0.5,0,0,91.75,7.5,0.25,0
2022-06-26 06:13:17,0,0,0.25,0.25,0,93.5,5.75,0.25,0
2022-06-26 06:13:16,0,0,0.4975124,0,0,94.02985,5.472637,0,0
2022-06-26 06:13:15,0,0,0,0,0,93.71859,5.778894,0.5025126,0
2022-06-26 06:13:14,0,0,0,0.2487562,0,92.28856,6.965174,0.2487562,0
2022-06-26 06:13:13,0,0,0.25,0,0,90.25,8.5,0.25,0
2022-06-26 06:13:12,0,0,0,0,0,96.48241,3.015075,0.2512563,0
2022-06-26 06:13:11,0,0,0.2493766,0,0,97.00748,2.743142,0,0
2022-06-26 06:13:10,0,0,0,0,0,97.99499,1.754386,0.2506266,0
2022-06-26 06:13:09,0,0,0,0,0,99.25187,0.4987531,0.2493766,0
2022-06-26 06:13:08,0,0,0.25,0,0,98.25,1.25,0.25,0
2022-06-26 06:13:07,0,0,0.25,0,0,98.25,1.5,0,0
2022-06-26 06:13:06,0,0,0.2493766,0,0,98.00499,1.4962594,0.2493766,0
2022-06-26 06:13:05,0,0,0.5012531,0.2506266,0,97.99499,1.0025063,0.2506266,0
2022-06-26 06:13:04,0,0,0.25,0,0,98.25,1.5,0,0
2022-06-26 06:13:03,0,0,0,0,0,99.49875,0.2506266,0.2506266,0
2022-06-26 06:13:02,0,0,0.4987531,0.2493766,0,97.25686,1.745636,0.2493766,0
2022-06-26 06:13:01,0,0,1,0.25,0,96.5,2.25,0,0
2022-06-26 06:13:00,0,0,1.0025063,0,0,96.2406,2.756892,0,0
2022-06-26 06:12:59,0,0,0.7481297,0.2493766,0,97.50623,1.2468828,0.2493766,0
2022-06-26 06:12:58,0,0,0.5,0,0,97.25,1.75,0.5,0
2022-06-26 06:12:57,0,0,0.2506266,0,0,98.49624,1.0025063,0.2506266,0
2022-06-26 06:12:56,0,0,0,0,0,99.5,0.25,0.25,0
2022-06-26 06:12:55,0,0,1,0,0,95.5,3.25,0.25,0
2022-06-26 06:12:54,0,0,0.9950249,0.2487562,0,96.0199,2.736318,0,0
2022-06-26 06:12:53,0,0,1.0025063,0.2506266,0,96.74185,1.754386,0.2506266,0
2022-06-26 06:12:52,0,0,0.5025126,0.2512563,0,96.98492,2.261307,0,0
2022-06-26 06:12:51,0,0,0.4962779,0,0,97.51861,1.736973,0.248139,0
2022-06-26 06:12:50,0,0,0.2512563,0,0,98.74372,0.7537688,0.2512563,0
2022-06-26 06:12:49,0,0,0.2506266,0,0,98.74687,0.7518797,0.2506266,0
2022-06-26 06:12:48,0,0,0.7462687,0,0,96.76617,1.99005,0.4975124,0
2022-06-26 06:12:47,0,0,1.2562814,0.2512563,0,96.98492,1.2562814,0.2512563,0
2022-06-26 06:12:46,0,0,1.2468828,0.2493766,0,95.26185,2.992519,0.2493766,0
2022-06-26 06:12:45,0,0,0.25,0,0,98.75,1,0,0
2022-06-26 06:12:44,0,0,0.2487562,0,0,98.50746,0.9950249,0.2487562,0
2022-06-26 06:12:43,0,0,0.5025126,0.2512563,0,98.24121,0.7537688,0.2512563,0
2022-06-26 06:12:42,0,0,0.2493766,0,0,98.25436,1.4962594,0,0
2022-06-26 06:12:41,0,0,0.5,0,0,97.5,1.75,0.25,0
2022-06-26 06:12:40,0,0,1.4962594,0.2493766,0,94.51372,3.241895,0.4987531,0
2022-06-26 06:12:39,0,0,1.0075567,0,0,95.46599,3.526448,0,0
2022-06-26 06:12:38,0,0,0.25,0.25,0,98,1.25,0.25,0
2022-06-26 06:12:37,0,0,0,0,0,99,0.75,0.25,0
2022-06-26 06:12:36,0,0,0.2487562,0.2487562,0,97.26368,1.99005,0.2487562,0
2022-06-26 06:12:35,0,0,0.5,0,0,98.75,0.75,0,0
2022-06-26 06:12:34,0,0,0.5025126,0,0,97.23618,2.01005,0.2512563,0
2022-06-26 06:12:33,0,0,1.2468828,0.2493766,0,94.51372,3.491272,0.4987531,0
2022-06-26 06:12:32,0,0,1.2437811,0.2487562,0,93.53234,4.726368,0.2487562,0
2022-06-26 06:12:31,0,0,0.7481297,0.2493766,0,96.7581,1.995012,0.2493766,0
2022-06-26 06:12:30,0,0,0.2518892,0,0,98.23678,1.511335,0,0
2022-06-26 06:12:29,0,0,0,0,0,98.50746,0.9950249,0.4975124,0
2022-06-26 06:12:28,0,0,0.25,0,0,98,1.5,0.25,0
2022-06-26 06:12:27,0,0,0.2512563,0.2512563,0,96.73367,2.763819,0,0
2022-06-26 06:12:26,0,0,0.7537688,0.5025126,0,95.22613,3.266332,0.2512563,0
2022-06-26 06:12:25,0,0,1.4888337,0.248139,0,94.2928,3.722084,0.248139,0
2022-06-26 06:12:24,0,0,1.2562814,0.2512563,0,94.72362,3.768844,0,0
2022-06-26 06:12:23,0,0,1.745636,0.4987531,0,90.27431,6.982544,0.4987531,0
2022-06-26 06:12:22,0,0,1.5,0.25,0,88.75,9,0.5,0
2022-06-26 06:12:21,0,0,0.9975062,0,0,87.2818,11.221945,0.2493766,0
2022-06-26 06:12:20,0,0,0,0,0,92.98246,6.516291,0.5012531,0
2022-06-26 06:12:19,0,0,0,0,0,92.98246,7.017544,0,0
2022-06-26 06:12:18,0,0,0.2487562,0,0,94.27861,4.975124,0.4975124,0
2022-06-26 06:12:17,0,0,0,0,0,92.23058,7.518797,0.2506266,0
2022-06-26 06:12:16,0,0,0,0.25,0,92.5,6.5,0.5,0
2022-06-26 06:12:15,0,0,0.248139,0.7444169,0,82.134,9.925558,0.248139,0
2022-06-26 06:12:14,0,0,0,0,0,92.71357,4.522613,0.2512563,0
2022-06-26 06:12:13,0,0,0.25,0,0,99.25,0.25,0.25,0
2022-06-26 06:12:12,0,0,0,0,0,98.75,1.25,0,0
2022-06-26 06:12:11,0,0,0,0.25,0,98.5,1,0.25,0
2022-06-26 06:12:10,0,0,0.2493766,0,0,98.50374,0.9975062,0.2493766,0
2022-06-26 06:12:09,0,0,0,0,0,98.74687,1.2531328,0,0
2022-06-26 06:12:08,0,0,0.5,0,0,97.75,1.5,0.25,0
2022-06-26 06:12:07,0,0,0,0,0,99.50125,0.2493766,0.2493766,0
2022-06-26 06:12:06,0,0,0,0,0,99.24812,0.7518797,0,0
2022-06-26 06:12:05,0,0,0.5,0.25,0,98,1.25,0,0
2022-06-26 06:12:04,0,0,0.5012531,0,0,96.99248,2.005013,0.5012531,0
2022-06-26 06:12:03,0,0,1.4962594,0,0,95.7606,2.493766,0.2493766,0
2022-06-26 06:12:02,0,0,1.0025063,0.2506266,0,95.73935,2.756892,0.2506266,0
2022-06-26 06:12:01,0,0,0.2487562,0.2487562,0,98.50746,0.9950249,0,0
2022-06-26 06:12:00,0,0,0,0,0,98.5,1.25,0.25,0
2022-06-26 06:11:59,0,0,0,0,0,99.24623,0.5025126,0.2512563,0
2022-06-26 06:11:58,0,0,0.7462687,0.2487562,0,95.77114,2.736318,0.4975124,0
2022-06-26 06:11:57,0,0,1,0,0,97.25,1.75,0,0
2022-06-26 06:11:56,0,0,1.2531328,0.2506266,0,95.73935,2.255639,0.5012531,0
2022-06-26 06:11:55,0,0,1.25,0.25,0,96,2.25,0.25,0
2022-06-26 06:11:54,0,0,0,0,0,99,0.75,0.25,0
2022-06-26 06:11:53,0,0,0,0,0,99.24812,0.5012531,0.2506266,0
2022-06-26 06:11:52,0,0,0.2487562,0,0,98.50746,0.9950249,0.2487562,0
2022-06-26 06:11:51,0,0,0.7518797,0,0,97.74436,1.5037594,0,0
2022-06-26 06:11:50,0,0,0.7518797,0,0,96.99248,1.754386,0.5012531,0
2022-06-26 06:11:49,0,0,1.25,0.25,0,94.5,3.75,0.25,0
2022-06-26 06:11:48,0,0,1,0,0,96,2.5,0.5,0
2022-06-26 06:11:47,0,0,0.2493766,0.2493766,0,99.00249,0.4987531,0,0
2022-06-26 06:11:46,0,0,0,0,0,98.99497,1.0050251,0,0
2022-06-26 06:11:45,0,0,0.2493766,0,0,99.00249,0.4987531,0.2493766,0
2022-06-26 06:11:44,0,0,0.5,0.25,0,97.5,1.75,0,0
2022-06-26 06:11:43,0,0,0.75,0.25,0,96,2.5,0.5,0
2022-06-26 06:11:42,0,0,1.5,0.25,0,94.75,3.5,0,0
2022-06-26 06:11:41,0,0,1.25,0,0,94.5,4,0.25,0
2022-06-26 06:11:40,0,0,0,0,0,98,2,0,0
2022-06-26 06:11:39,0,0,0,0.25,0,99.25,0.25,0.25,0
2022-06-26 06:11:38,0,0,0,0,0,98.75622,0.9950249,0.2487562,0
2022-06-26 06:11:37,0,0,0.5012531,0,0,96.99248,2.255639,0.2506266,0
2022-06-26 06:11:36,0,0,0.7518797,0.2506266,0,95.98997,2.756892,0.2506266,0
2022-06-26 06:11:35,0,0,1.2468828,0.4987531,0,93.76559,4.239401,0.2493766,0
2022-06-26 06:11:34,0,0,1.25,0.25,0,94,4.25,0.25,0
2022-06-26 06:11:33,0,0,0.5012531,0,0,96.99248,2.005013,0.5012531,0
2022-06-26 06:11:32,0,0,0.25,0,0,98.25,1.5,0,0
2022-06-26 06:11:31,0,0,0,0,0,99.25,0.5,0.25,0
2022-06-26 06:11:30,0,0,0.25,0,0,98,1.75,0,0
2022-06-26 06:11:29,0,0,0.25,0.25,0,97.5,1.75,0.25,0
2022-06-26 06:11:28,0,0,0.7518797,0,0,97.49373,1.754386,0,0
2022-06-26 06:11:27,0,0,0.9950249,0.2487562,0,93.28358,5.223881,0.2487562,0
2022-06-26 06:11:26,0,0,1.754386,0.2506266,0,91.97995,5.764411,0.2506266,0
2022-06-26 06:11:25,0,0,1.985112,0.248139,0,89.33002,8.188586,0.248139,0
2022-06-26 06:11:24,0,0,1,0.5,0,90,7.75,0.5,0
2022-06-26 06:11:23,0,0,0.7556675,0.2518892,0,92.69521,6.297229,0,0
2022-06-26 06:11:22,0,0,0.2487562,0,0,94.77612,4.477612,0.4975124,0
2022-06-26 06:11:21,0,0,0,0,0,94.5,5.25,0.25,0
2022-06-26 06:11:20,0,0,0,0.25,0,92.75,6.75,0.25,0
2022-06-26 06:11:19,0,0,0.2493766,0,0,92.76808,6.483791,0.4987531,0
2022-06-26 06:11:18,0,0,0,0,0,89.92443,9.571788,0.5037783,0
2022-06-26 06:11:17,0,0,0.2493766,0.2493766,0,84.28928,9.226933,0.2493766,0
2022-06-26 06:11:16,0,0,0,0.25,0,90.75,6.5,0.25,0
2022-06-26 06:11:15,0,0,0,0,0,98.49246,1.5075377,0,0
2022-06-26 06:11:14,0,0,0.2493766,0.2493766,0,97.75561,1.4962594,0.2493766,0
2022-06-26 06:11:13,0,0,0,0,0,99.24623,0.5025126,0.2512563,0
2022-06-26 06:11:12,0,0,0.2493766,0,0,98.50374,0.9975062,0.2493766,0
2022-06-26 06:11:11,0,0,0.2487562,0,0,98.25871,1.2437811,0.2487562,0
2022-06-26 06:11:10,0,0,0.2512563,0,0,98.24121,1.5075377,0,0
2022-06-26 06:11:09,0,0,0,0,0,99.24812,0.7518797,0,0
2022-06-26 06:11:08,0,0,0,0,0,98.5,1.25,0.25,0
2022-06-26 06:11:07,0,0,0.75,0.25,0,97.75,1.25,0,0
2022-06-26 06:11:06,0,0,0.75,0.25,0,96.5,2.25,0.25,0
2022-06-26 06:11:05,0,0,0.75,0,0,96.25,2.75,0.25,0
2022-06-26 06:11:04,0,0,0.9950249,0,0,96.51741,2.238806,0.2487562,0
2022-06-26 06:11:03,0,0,1.0025063,0.5012531,0,96.2406,1.754386,0.5012531,0
2022-06-26 06:11:02,0,0,0,0,0,98.25,1.75,0,0
2022-06-26 06:11:01,0,0,0.25,0,0,99.5,0.25,0,0
2022-06-26 06:11:00,0,0,0.25,0,0,98,1.5,0.25,0
2022-06-26 06:10:59,0,0,1,0,0,96.5,2.25,0.25,0
2022-06-26 06:10:58,0,0,0.75,0,0,97.5,1.5,0.25,0
2022-06-26 06:10:57,0,0,0.9975062,0.2493766,0,95.26185,3.241895,0.2493766,0
2022-06-26 06:10:56,0,0,0.7537688,0.2512563,0,96.48241,2.512563,0,0
2022-06-26 06:10:55,0,0,0.2493766,0,0,99.00249,0.4987531,0.2493766,0
2022-06-26 06:10:54,0,0,0.2493766,0,0,98.50374,0.9975062,0.2493766,0
2022-06-26 06:10:53,0,0,0.25,0.25,0,98,1.25,0.25,0
2022-06-26 06:10:52,0,0,1.2468828,0.2493766,0,95.7606,2.493766,0.2493766,0
2022-06-26 06:10:51,0,0,1.0050251,0.2512563,0,96.23116,2.512563,0,0
2022-06-26 06:10:50,0,0,0.75,0,0,97,2,0.25,0
2022-06-26 06:10:49,0,0,0.75,0.25,0,96.25,2.75,0,0
2022-06-26 06:10:48,0,0,0.25,0,0,99.25,0.25,0.25,0
2022-06-26 06:10:47,0,0,0,0,0,99.25,0.75,0,0
2022-06-26 06:10:46,0,0,0.2506266,0,0,97.99499,1.5037594,0.2506266,0
2022-06-26 06:10:45,0,0,1,0,0,97,2,0,0
2022-06-26 06:10:44,0,0,1.2468828,0.4987531,0,95.26185,2.743142,0.2493766,0
2022-06-26 06:10:43,0,0,0.2506266,0,0,97.74436,1.754386,0.2506266,0
2022-06-26 06:10:42,0,0,0.7462687,0.2487562,0,96.76617,1.99005,0.2487562,0
2022-06-26 06:10:41,0,0,0.5,0,0,97.75,1.5,0.25,0
2022-06-26 06:10:40,0,0,0,0,0,98.49624,1.5037594,0,0
2022-06-26 06:10:39,0,0,0.2506266,0.2506266,0,98.24561,1.0025063,0.2506266,0
2022-06-26 06:10:38,0,0,0.7481297,0,0,95.51122,3.241895,0.4987531,0
2022-06-26 06:10:37,0,0,1.5037594,0.2506266,0,94.48622,3.508772,0.2506266,0
2022-06-26 06:10:36,0,0,0.7518797,0,0,96.74185,2.506266,0,0
2022-06-26 06:10:35,0,0,0.4962779,0.248139,0,97.02233,1.736973,0.4962779,0
2022-06-26 06:10:34,0,0,0.75,0,0,96.25,2.75,0.25,0
2022-06-26 06:10:33,0,0,0.2512563,0,0,98.24121,1.5075377,0,0
2022-06-26 06:10:32,0,0,0,0,0,98.99749,0.5012531,0.5012531,0
2022-06-26 06:10:31,0,0,0.2493766,0,0,98.75312,0.9975062,0,0
2022-06-26 06:10:30,0,0,0.4987531,0.2493766,0,95.01247,3.740648,0.4987531,0
2022-06-26 06:10:29,0,0,1.5,0.25,0,92.75,5.25,0.25,0
2022-06-26 06:10:28,0,0,1.5075377,0.2512563,0,91.70854,6.030151,0.5025126,0
2022-06-26 06:10:27,0,0,1.25,0,0,91.25,7.5,0,0
2022-06-26 06:10:26,0,0,0.75,0.25,0,91,7.75,0.25,0
2022-06-26 06:10:25,0,0,0.9950249,0,0,94.77612,3.731343,0.4975124,0
2022-06-26 06:10:24,0,0,0.7481297,0.4987531,0,92.26933,6.234414,0.2493766,0
2022-06-26 06:10:23,0,0,0.5037783,0,0,92.69521,6.549118,0.2518892,0
2022-06-26 06:10:22,0,0,0.2493766,0,0,93.01746,6.733167,0,0
2022-06-26 06:10:21,0,0,0,0,0,91.27182,7.98005,0.4987531,0
2022-06-26 06:10:20,0,0,0.2493766,0.2493766,0,90.27431,7.730673,0.2493766,0
2022-06-26 06:10:19,0,0,0,0,0,88.69347,10.050251,0.5025126,0
2022-06-26 06:10:18,0,0,0.25,0,0,95,4.5,0.25,0
2022-06-26 06:10:17,0,0,0,0,0,97.74436,1.754386,0.2506266,0
2022-06-26 06:10:16,0,0,0,0.2493766,0,97.75561,1.995012,0,0
2022-06-26 06:10:15,0,0,0.2487562,0.2487562,0,97.51244,1.741294,0.2487562,0
2022-06-26 06:10:14,0,0,0,0,0,98.74055,1.2594458,0,0
2022-06-26 06:10:13,0,0,0.2493766,0,0,98.75312,0.7481297,0.2493766,0
2022-06-26 06:10:12,0,0,0.2493766,0,0,98.25436,1.2468828,0.2493766,0
2022-06-26 06:10:11,0,0,0,0,0,98.74372,1.0050251,0.2512563,0
2022-06-26 06:10:10,0,0,0.25,0,0,98,1.5,0.25,0
2022-06-26 06:10:09,0,0,0.5,0,0,98,1.25,0.25,0
2022-06-26 06:10:08,0,0,0.7462687,0,0,97.26368,1.2437811,0.7462687,0
2022-06-26 06:10:07,0,0,1.2531328,0.2506266,0,95.98997,2.255639,0.2506266,0
2022-06-26 06:10:06,0,0,1,0,0,96.5,2.25,0.25,0
2022-06-26 06:10:05,0,0,0.5,0.25,0,97,2,0.25,0
2022-06-26 06:10:04,0,0,0.5012531,0,0,97.99499,1.5037594,0,0
2022-06-26 06:10:03,0,0,0.2493766,0.2493766,0,99.00249,0.2493766,0.2493766,0
2022-06-26 06:10:02,0,0,0.5,0,0,97.5,1.75,0.25,0
2022-06-26 06:10:01,0,0,0.7462687,0,0,96.76617,2.487562,0,0
2022-06-26 06:10:00,0,0,1.2562814,0,0,95.22613,2.763819,0.7537688,0
2022-06-26 06:09:59,0,0,1,0.25,0,96.5,2.25,0,0
2022-06-26 06:09:58,0,0,0.25,0,0,98.75,0.75,0.25,0
2022-06-26 06:09:57,0,0,0.4975124,0,0,98.25871,0.9950249,0.2487562,0
2022-06-26 06:09:56,0,0,0.2512563,0,0,97.98995,1.758794,0,0
2022-06-26 06:09:55,0,0,0.75,0,0,98.25,1,0,0
2022-06-26 06:09:54,0,0,0.5012531,0,0,97.99499,1.2531328,0.2506266,0
2022-06-26 06:09:53,0,0,1.4962594,0.4987531,0,95.01247,2.493766,0.4987531,0
2022-06-26 06:09:52,0,0,1.0025063,0,0,96.99248,2.005013,0,0
2022-06-26 06:09:51,0,0,0.2487562,0.2487562,0,98.25871,0.9950249,0.2487562,0
2022-06-26 06:09:50,0,0,0.5012531,0,0,97.74436,1.5037594,0.2506266,0
2022-06-26 06:09:49,0,0,0,0,0,99.5,0.5,0,0
2022-06-26 06:09:48,0,0,0.2512563,0.2512563,0,98.49246,1.0050251,0,0
2022-06-26 06:09:47,0,0,0.7481297,0,0,96.7581,2.244389,0.2493766,0
2022-06-26 06:09:46,0,0,1.2468828,0.7481297,0,95.51122,2.244389,0.2493766,0
2022-06-26 06:09:45,0,0,0.9975062,0,0,96.25935,2.244389,0.4987531,0
2022-06-26 06:09:44,0,0,0,0,0,98.5,1.5,0,0
2022-06-26 06:09:43,0,0,0.2506266,0,0,98.74687,0.7518797,0.2506266,0
2022-06-26 06:09:42,0,0,0.5012531,0.2506266,0,96.2406,3.007519,0,0
2022-06-26 06:09:41,0,0,0.248139,0.248139,0,97.02233,1.985112,0.248139,0
2022-06-26 06:09:40,0,0,0.2518892,0,0,97.733,2.015113,0,0
2022-06-26 06:09:39,0,0,0.9950249,0.2487562,0,97.26368,1.2437811,0.2487562,0
2022-06-26 06:09:38,0,0,1.4962594,0.2493766,0,92.76808,5.236908,0.2493766,0
2022-06-26 06:09:37,0,0,0.5012531,0,0,96.99248,2.005013,0.5012531,0
2022-06-26 06:09:36,0,0,0,0,0,98.49624,1.2531328,0.2506266,0
2022-06-26 06:09:35,0,0,0.5012531,0,0,97.74436,1.5037594,0.2506266,0
2022-06-26 06:09:34,0,0,0.4975124,0,0,97.51244,1.741294,0.2487562,0
2022-06-26 06:09:33,0,0,0.2493766,0.2493766,0,97.75561,1.4962594,0.2493766,0
2022-06-26 06:09:32,0,0,0.5012531,0,0,95.98997,3.258145,0.2506266,0
2022-06-26 06:09:31,0,0,1,0.25,0,94.25,4.25,0.25,0
2022-06-26 06:09:30,0,0,1.2531328,0,0,91.97995,6.015038,0.7518797,0
2022-06-26 06:09:29,0,0,1.25,0.25,0,90.5,7.75,0.25,0
2022-06-26 06:09:28,0,0,1.5037594,0.2506266,0,91.72932,6.265664,0.2506266,0
2022-06-26 06:09:27,0,0,0.5,0,0,91.5,7.75,0.25,0
2022-06-26 06:09:26,0,0,0.4962779,0.248139,0,93.54839,5.459057,0.248139,0
2022-06-26 06:09:25,0,0,0.5012531,0,0,94.23559,5.263158,0,0
2022-06-26 06:09:24,0,0,1,0,0,92.5,6,0.5,0
2022-06-26 06:09:23,0,0,0,0,0,91.75,7.75,0.25,0
2022-06-26 06:09:22,0,0,0.2493766,0.2493766,0,91.77057,7.23192,0.4987531,0
2022-06-26 06:09:21,0,0,0,0,0,91.41414,8.333333,0.2525253,0
2022-06-26 06:09:20,0,0,0,0.2487562,0,92.28856,5.472637,0.2487562,0
2022-06-26 06:09:19,0,0,0.2506266,0,0,97.24311,2.255639,0.2506266,0
2022-06-26 06:09:18,0,0,0,0,0,97.24311,2.506266,0.2506266,0
2022-06-26 06:09:17,0,0,0.25,0,0,98.25,1.25,0.25,0
2022-06-26 06:09:16,0,0,0,0,0,98.75,1,0.25,0
2022-06-26 06:09:15,0,0,0.25,0,0,98.5,1,0.25,0
2022-06-26 06:09:14,0,0,0.2493766,0.4987531,0,97.25686,1.745636,0.2493766,0
2022-06-26 06:09:13,0,0,0,0,0,98.99749,0.7518797,0.2506266,0
2022-06-26 06:09:12,0,0,0.2493766,0.2493766,0,98.25436,0.9975062,0.2493766,0
2022-06-26 06:09:11,0,0,0.7481297,0,0,97.00748,1.995012,0.2493766,0
2022-06-26 06:09:10,0,0,0.5012531,0,0,97.74436,1.754386,0,0
2022-06-26 06:09:09,0,0,0.5,0.25,0,97,2,0.25,0
2022-06-26 06:09:08,0,0,1.2531328,0.2506266,0,94.73684,3.508772,0.2506266,0
2022-06-26 06:09:07,0,0,0.2487562,0.2487562,0,97.76119,1.4925373,0.2487562,0
2022-06-26 06:09:06,0,0,0.2512563,0,0,97.98995,1.5075377,0.2512563,0
2022-06-26 06:09:05,0,0,0.7462687,0.2487562,0,97.01493,1.741294,0.2487562,0
2022-06-26 06:09:04,0,0,0.5025126,0,0,98.24121,1.2562814,0,0
2022-06-26 06:09:03,0,0,0.4987531,0.2493766,0,96.50873,2.244389,0.4987531,0
2022-06-26 06:09:02,0,0,1,0,0,96.75,2,0.25,0
2022-06-26 06:09:01,0,0,1.25,0.25,0,96.25,2,0.25,0
2022-06-26 06:09:00,0,0,0.25,0,0,97.25,2.25,0.25,0
2022-06-26 06:08:59,0,0,0.7462687,0.2487562,0,96.76617,1.99005,0.2487562,0
2022-06-26 06:08:58,0,0,0.5037783,0.2518892,0,97.733,1.2594458,0.2518892,0
2022-06-26 06:08:57,0,0,0.5,0,0,97.25,2,0.25,0
2022-06-26 06:08:56,0,0,0.5,0.25,0,97.25,1.5,0.5,0
2022-06-26 06:08:55,0,0,0.75,0,0,97.75,1.25,0.25,0
2022-06-26 06:08:54,0,0,1.25,0.25,0,95.25,2.75,0.5,0
2022-06-26 06:08:53,0,0,0.7518797,0,0,96.99248,2.005013,0.2506266,0
2022-06-26 06:08:52,0,0,0.7462687,0,0,97.51244,1.4925373,0.2487562,0
2022-06-26 06:08:51,0,0,0.2493766,0,0,98.00499,1.4962594,0.2493766,0
2022-06-26 06:08:50,0,0,0.5012531,0,0,97.49373,1.754386,0.2506266,0
2022-06-26 06:08:49,0,0,0.4987531,0.2493766,0,97.00748,1.995012,0.2493766,0
2022-06-26 06:08:48,0,0,1,0.25,0,95.5,2.75,0.5,0
2022-06-26 06:08:47,0,0,0.7518797,0,0,96.2406,3.007519,0,0
2022-06-26 06:08:46,0,0,0.7537688,0.2512563,0,96.98492,2.01005,0,0
2022-06-26 06:08:45,0,0,0.2493766,0,0,97.75561,1.745636,0.2493766,0
2022-06-26 06:08:44,0,0,0.25,0.25,0,97,2.25,0.25,0
2022-06-26 06:08:43,0,0,0.5,0,0,98,1.5,0,0
2022-06-26 06:08:42,0,0,0.4987531,0.2493766,0,97.75561,1.2468828,0.2493766,0
2022-06-26 06:08:41,0,0,0.75,0,0,96.25,2.5,0.5,0
2022-06-26 06:08:40,0,0,0.9950249,0.2487562,0,95.02488,3.482587,0.2487562,0
2022-06-26 06:08:39,0,0,0.7556675,0.2518892,0,95.21411,3.526448,0.2518892,0
2022-06-26 06:08:38,0,0,0.7462687,0.2487562,0,96.76617,1.99005,0.2487562,0
2022-06-26 06:08:37,0,0,0.2506266,0,0,97.74436,2.005013,0,0
2022-06-26 06:08:36,0,0,0,0,0,98.99749,0.7518797,0.2506266,0
2022-06-26 06:08:35,0,0,0.2493766,0,0,98.00499,1.4962594,0.2493766,0
2022-06-26 06:08:34,0,0,0.7481297,0,0,96.50873,2.493766,0.2493766,0
2022-06-26 06:08:33,0,0,0.7518797,0.2506266,0,93.73434,4.761905,0.5012531,0
2022-06-26 06:08:32,0,0,1.4962594,0.2493766,0,91.27182,6.982544,0,0
2022-06-26 06:08:31,0,0,1.2468828,0.2493766,0,92.01995,5.985037,0.4987531,0
2022-06-26 06:08:30,0,0,1.2562814,0.2512563,0,90.70352,7.788945,0,0
2022-06-26 06:08:29,0,0,1,0.25,0,92,6.75,0,0
2022-06-26 06:08:28,0,0,0.4987531,0.2493766,0,91.5212,7.481297,0.2493766,0
2022-06-26 06:08:27,0,0,0,0,0,93.71859,5.778894,0.5025126,0
2022-06-26 06:08:26,0,0,0.2487562,0,0,93.03483,6.467662,0.2487562,0
2022-06-26 06:08:25,0,0,0.2506266,0,0,94.23559,5.513784,0,0
2022-06-26 06:08:24,0,0,0.2493766,0,0,90.77307,8.478803,0.4987531,0
2022-06-26 06:08:23,0,0,0,0,0,90.02494,7.481297,0,0
2022-06-26 06:08:22,0,0,0.2512563,0,0,86.1809,8.040201,0.2512563,0
2022-06-26 06:08:21,0,0,0,0.2487562,0,97.26368,2.238806,0.2487562,0
2022-06-26 06:08:20,0,0,0,0,0,98.99244,0.7556675,0.2518892,0
2022-06-26 06:08:19,0,0,0,0,0,99.25,0.5,0.25,0
2022-06-26 06:08:18,0,0,0.2493766,0,0,98.25436,0.9975062,0.4987531,0
2022-06-26 06:08:17,0,0,0.2506266,0,0,98.49624,1.2531328,0,0
2022-06-26 06:08:16,0,0,0.2493766,0,0,98.25436,0.9975062,0.4987531,0
2022-06-26 06:08:15,0,0,0,0,0,98.74687,1.2531328,0,0
2022-06-26 06:08:14,0,0,0,0,0,99.25373,0.2487562,0.4975124,0
2022-06-26 06:08:13,0,0,0.5012531,0,0,97.99499,1.2531328,0.2506266,0
2022-06-26 06:08:12,0,0,0.7518797,0,0,96.74185,2.255639,0.2506266,0
2022-06-26 06:08:11,0,0,1,0.25,0,96,2.5,0.25,0
2022-06-26 06:08:10,0,0,0.9975062,0,0,97.25686,1.745636,0,0
2022-06-26 06:08:09,0,0,0.4987531,0,0,96.00998,2.743142,0.7481297,0
2022-06-26 06:08:08,0,0,0.2512563,0.2512563,0,98.74372,0.7537688,0,0
2022-06-26 06:08:07,0,0,0,0,0,99.25,0.5,0.25,0
2022-06-26 06:08:06,0,0,0.7481297,0,0,97.25686,1.995012,0,0
2022-06-26 06:08:05,0,0,1.0025063,0.2506266,0,95.98997,2.756892,0,0
2022-06-26 06:08:04,0,0,1.0025063,0,0,96.99248,1.754386,0.2506266,0
2022-06-26 06:08:03,0,0,0.75,0,0,95.75,3.25,0.25,0
2022-06-26 06:08:02,0,0,0.990099,0.2475248,0,96.78218,1.4851485,0.4950495,0
2022-06-26 06:08:01,0,0,0,0,0,99.74811,0.2518892,0,0
2022-06-26 06:08:00,0,0,0.2493766,0.2493766,0,98.25436,1.2468828,0,0
2022-06-26 06:07:59,0,0,0.2512563,0,0,98.74372,0.5025126,0.5025126,0
2022-06-26 06:07:58,0,0,1,0.5,0,96,2.25,0.25,0
2022-06-26 06:07:57,0,0,0.9950249,0.2487562,0,95.02488,3.482587,0.2487562,0
2022-06-26 06:07:56,0,0,0.7518797,0,0,97.49373,1.5037594,0.2506266,0
2022-06-26 06:07:55,0,0,0.9925558,0.4962779,0,96.27792,1.985112,0.248139,0
2022-06-26 06:07:54,0,0,0,0,0,98.49246,1.2562814,0.2512563,0
2022-06-26 06:07:53,0,0,0,0,0,99.24812,0.7518797,0,0
2022-06-26 06:07:52,0,0,0.4987531,0,0,97.50623,1.745636,0.2493766,0
2022-06-26 06:07:51,0,0,1.2562814,0,0,94.72362,3.768844,0.2512563,0
2022-06-26 06:07:50,0,0,0.7462687,0.2487562,0,96.51741,2.487562,0,0
2022-06-26 06:07:49,0,0,0.5,0,0,97,2.25,0.25,0
2022-06-26 06:07:48,0,0,1.0025063,0.2506266,0,96.99248,1.5037594,0.2506266,0
2022-06-26 06:07:47,0,0,0.7481297,0.4987531,0,96.7581,1.745636,0.2493766,0
2022-06-26 06:07:46,0,0,0,0,0,98.24561,1.5037594,0.2506266,0
2022-06-26 06:07:45,0,0,0.25,0,0,98.25,1.5,0,0
2022-06-26 06:07:44,0,0,0.75,0.25,0,95.25,3.25,0.5,0
2022-06-26 06:07:43,0,0,1.0025063,0.2506266,0,93.98496,4.761905,0,0
2022-06-26 06:07:42,0,0,0.5,0,0,97.75,1.5,0.25,0
2022-06-26 06:07:41,0,0,0.9975062,0.2493766,0,95.7606,2.743142,0.2493766,0
2022-06-26 06:07:40,0,0,1.75,0,0,95.5,2,0.75,0
2022-06-26 06:07:39,0,0,0.2506266,0,0,97.74436,2.005013,0,0
2022-06-26 06:07:38,0,0,0,0.2493766,0,98.00499,1.4962594,0.2493766,0
2022-06-26 06:07:37,0,0,0,0,0,99,0.75,0.25,0
2022-06-26 06:07:36,0,0,0.5012531,0,0,97.49373,2.005013,0,0
2022-06-26 06:07:35,0,0,1.741294,0.4975124,0,93.28358,4.228856,0.2487562,0
2022-06-26 06:07:34,0,0,0.9975062,0,0,93.51621,5.236908,0.2493766,0
2022-06-26 06:07:33,0,0,0.7518797,0.2506266,0,93.48371,5.263158,0.2506266,0
2022-06-26 06:07:32,0,0,1,0.5,0,91.75,6.75,0,0
2022-06-26 06:07:31,0,0,1.2531328,0.2506266,0,93.23308,5.012531,0.2506266,0
2022-06-26 06:07:30,0,0,0.9950249,0,0,90.29851,8.208955,0.4975124,0
2022-06-26 06:07:29,0,0,0.5012531,0,0,93.48371,6.015038,0,0
2022-06-26 06:07:28,0,0,0.25,0,0,92.25,6.75,0.5,0
2022-06-26 06:07:27,0,0,0,0,0,91,8.5,0.25,0
2022-06-26 06:07:26,0,0,0.2512563,0.2512563,0,90.20101,8.291457,0.2512563,0
2022-06-26 06:07:25,0,0,0,0,0,93.28358,6.218905,0.4975124,0
2022-06-26 06:07:24,0,0,0.5,0,0,94.25,5,0.25,0
2022-06-26 06:07:23,0,0,0,0.2518892,0,93.19899,4.534005,0.5037783,0
2022-06-26 06:07:22,0,0,0.2493766,0,0,96.00998,3.491272,0,0
2022-06-26 06:07:21,0,0,0,0.2487562,0,98.50746,0.9950249,0.2487562,0
2022-06-26 06:07:20,0,0,0.2493766,0,0,99.25187,0.4987531,0,0
2022-06-26 06:07:19,0,0,0.2512563,0,0,97.73869,2.01005,0,0
2022-06-26 06:07:18,0,0,0,0,0,99.24812,0.5012531,0.2506266,0
2022-06-26 06:07:17,0,0,0,0,0,98.75,1,0.25,0
2022-06-26 06:07:16,0,0,0.2506266,0,0,98.99749,0.7518797,0,0
2022-06-26 06:07:15,0,0,0.4975124,0.2487562,0,97.76119,0.9950249,0.4975124,0
2022-06-26 06:07:14,0,0,0.4987531,0,0,98.50374,0.9975062,0,0
2022-06-26 06:07:13,0,0,0.7537688,0,0,96.23116,2.763819,0.2512563,0
2022-06-26 06:07:12,0,0,0.7462687,0,0,97.51244,1.2437811,0.4975124,0
2022-06-26 06:07:11,0,0,0.7518797,0.2506266,0,95.73935,3.007519,0.2506266,0
2022-06-26 06:07:10,0,0,0.7537688,0,0,96.98492,2.01005,0.2512563,0
2022-06-26 06:07:09,0,0,0.2475248,0,0,99.0099,0.4950495,0.2475248,0
2022-06-26 06:07:08,0,0,0.5025126,0.2512563,0,97.98995,1.0050251,0.2512563,0
2022-06-26 06:07:07,0,0,0.4987531,0,0,96.25935,2.992519,0.2493766,0
2022-06-26 06:07:06,0,0,0.75,0,0,97.75,1.5,0,0
2022-06-26 06:07:05,0,0,0.7518797,0,0,97.49373,1.5037594,0.2506266,0
2022-06-26 06:07:04,0,0,1.25,0.25,0,95.75,2.75,0,0
2022-06-26 06:07:03,0,0,0.25,0,0,98.5,1,0.25,0
2022-06-26 06:07:02,0,0,0.2493766,0.2493766,0,98.75312,0.4987531,0.2493766,0
2022-06-26 06:07:01,0,0,0.5025126,0,0,97.73869,1.5075377,0.2512563,0
2022-06-26 06:07:00,0,0,0.5,0.25,0,97,2,0.25,0
2022-06-26 06:06:59,0,0,0.7481297,0,0,96.7581,2.244389,0.2493766,0
2022-06-26 06:06:58,0,0,0.7556675,0.2518892,0,96.97733,1.763224,0.2518892,0
2022-06-26 06:06:57,0,0,0.9950249,0.2487562,0,96.0199,2.487562,0.2487562,0
2022-06-26 06:06:56,0,0,0.4987531,0.2493766,0,98.25436,0.7481297,0.2493766,0
2022-06-26 06:06:55,0,0,0.2506266,0,0,98.74687,1.0025063,0,0
2022-06-26 06:06:54,0,0,0.7481297,0.2493766,0,97.00748,1.745636,0.2493766,0
2022-06-26 06:06:53,0,0,0.5,0,0,98.25,1.25,0,0
2022-06-26 06:06:52,0,0,0.25,0.25,0,98.25,1,0.25,0
2022-06-26 06:06:51,0,0,0.9975062,0,0,95.7606,2.992519,0.2493766,0
2022-06-26 06:06:50,0,0,1.2468828,0.2493766,0,95.26185,2.992519,0.2493766,0
2022-06-26 06:06:49,0,0,0.5012531,0,0,97.49373,1.5037594,0.5012531,0
2022-06-26 06:06:48,0,0,0,0,0,97.74436,2.005013,0.2506266,0
2022-06-26 06:06:47,0,0,0.4987531,0.4987531,0,96.25935,2.743142,0,0
2022-06-26 06:06:46,0,0,0.5012531,0,0,97.74436,1.2531328,0.5012531,0
2022-06-26 06:06:45,0,0,0.2506266,0,0,96.74185,2.756892,0.2506266,0
2022-06-26 06:06:44,0,0,0.7444169,0.4962779,0,97.02233,1.4888337,0.248139,0
2022-06-26 06:06:43,0,0,1.0075567,0.2518892,0,95.96977,2.770781,0,0
2022-06-26 06:06:42,0,0,0.9950249,0.4975124,0,95.02488,3.482587,0,0
2022-06-26 06:06:41,0,0,0.2512563,0,0,97.73869,1.758794,0.2512563,0
2022-06-26 06:06:40,0,0,0.25,0,0,99.25,0.25,0.25,0
2022-06-26 06:06:39,0,0,0.5,0.25,0,97.75,1.5,0,0
2022-06-26 06:06:38,0,0,0.75,0,0,95.25,4,0,0
2022-06-26 06:06:37,0,0,0.7481297,0.2493766,0,95.01247,3.740648,0.2493766,0
2022-06-26 06:06:36,0,0,0.75,0.5,0,94.5,3.75,0.25,0
2022-06-26 06:06:35,0,0,0.4987531,0,0,94.76309,4.488778,0.2493766,0
2022-06-26 06:06:34,0,0,1.2531328,0,0,92.23058,6.265664,0.2506266,0
2022-06-26 06:06:33,0,0,1.4962594,0.4987531,0,91.77057,5.735661,0.4987531,0
2022-06-26 06:06:32,0,0,1.25,0,0,89.75,8.75,0.25,0
2022-06-26 06:06:31,0,0,0.5,0.25,0,89.5,9.5,0.25,0
2022-06-26 06:06:30,0,0,0.2493766,0,0,94.51372,4.987531,0.2493766,0
2022-06-26 06:06:29,0,0,0,0,0,93.21608,6.532663,0.2512563,0
2022-06-26 06:06:28,0,0,0,0,0,94.73684,5.263158,0,0
2022-06-26 06:06:27,0,0,0,0,0,93.03483,6.716418,0.2487562,0
2022-06-26 06:06:26,0,0,0.2493766,0,0,93.01746,5.735661,0.2493766,0
2022-06-26 06:06:25,0,0,0.5012531,0.5012531,0,83.45865,4.010025,0.2506266,0
2022-06-26 06:06:24,0,0,0.5,0,0,95.5,4,0,0
2022-06-26 06:06:23,0,0,0,0,0,98,1.75,0.25,0
2022-06-26 06:06:22,0,0,0,0,0,98.75312,0.9975062,0.2493766,0
2022-06-26 06:06:21,0,0,0.2506266,0,0,98.74687,0.7518797,0.2506266,0
2022-06-26 06:06:20,0,0,0,0,0,98.99497,1.0050251,0,0
2022-06-26 06:06:19,0,0,0.248139,0.4962779,0,98.26303,0.7444169,0.248139,0
2022-06-26 06:06:18,0,0,0.75,0.25,0,97.5,1.25,0.25,0
2022-06-26 06:06:17,0,0,0.2506266,0,0,97.99499,1.2531328,0.5012531,0
2022-06-26 06:06:16,0,0,0.2493766,0,0,97.50623,1.995012,0.2493766,0
2022-06-26 06:06:15,0,0,0.75,0.25,0,96.75,2,0.25,0
2022-06-26 06:06:14,0,0,0.5012531,0,0,97.99499,1.2531328,0.2506266,0
2022-06-26 06:06:13,0,0,0.7518797,0.2506266,0,96.74185,2.005013,0.2506266,0
2022-06-26 06:06:12,0,0,0.9950249,0.2487562,0,96.51741,1.99005,0.2487562,0
2022-06-26 06:06:11,0,0,0.7518797,0,0,97.24311,1.754386,0.2506266,0
2022-06-26 06:06:10,0,0,0,0.2506266,0,98.24561,1.5037594,0,0
2022-06-26 06:06:09,0,0,0.25,0,0,98.5,1.25,0,0
2022-06-26 06:06:08,0,0,0.9950249,0.2487562,0,96.26866,2.238806,0.2487562,0
2022-06-26 06:06:07,0,0,0.7481297,0.2493766,0,97.50623,1.2468828,0.2493766,0
2022-06-26 06:06:06,0,0,0.5037783,0.2518892,0,97.22922,1.763224,0.2518892,0
2022-06-26 06:06:05,0,0,1.2437811,0.2487562,0,95.77114,2.736318,0,0
2022-06-26 06:06:04,0,0,0.7481297,0,0,97.25686,1.4962594,0.4987531,0
2022-06-26 06:06:03,0,0,0.2512563,0,0,98.74372,1.0050251,0,0
2022-06-26 06:06:02,0,0,0.2512563,0,0,98.49246,1.2562814,0,0
2022-06-26 06:06:01,0,0,0.4975124,0.2487562,0,96.51741,2.487562,0.2487562,0
2022-06-26 06:06:00,0,0,0.4975124,0.2487562,0,97.76119,1.2437811,0.2487562,0
2022-06-26 06:05:59,0,0,0.7556675,0,0,96.97733,2.015113,0.2518892,0
2022-06-26 06:05:58,0,0,1.5,0,0,95.75,2.75,0,0
2022-06-26 06:05:57,0,0,0.2493766,0.2493766,0,98.50374,0.9975062,0,0
2022-06-26 06:05:56,0,0,0.25,0,0,99.25,0.5,0,0
2022-06-26 06:05:55,0,0,0,0,0,99.00498,0.7462687,0.2487562,0
2022-06-26 06:05:54,0,0,0.2512563,0,0,98.99497,0.5025126,0.2512563,0
2022-06-26 06:05:53,0,0,1.2531328,0,0,95.73935,2.756892,0.2506266,0
2022-06-26 06:05:52,0,0,0.9925558,0.248139,0,95.78164,2.48139,0.248139,0
2022-06-26 06:05:51,0,0,1.0075567,0.2518892,0,95.21411,3.274559,0.2518892,0
2022-06-26 06:05:50,0,0,0.4962779,0,0,96.77419,2.729529,0,0
2022-06-26 06:05:49,0,0,0,0,0,99.49622,0.5037783,0,0
2022-06-26 06:05:48,0,0,0,0,0,98.75931,0.7444169,0.4962779,0
2022-06-26 06:05:47,0,0,0.2518892,0,0,98.74055,1.0075567,0,0
2022-06-26 06:05:46,0,0,0.7462687,0.2487562,0,96.76617,1.99005,0.2487562,0
2022-06-26 06:05:45,0,0,1,0,0,94,4.5,0.5,0
2022-06-26 06:05:44,0,0,0.75,0,0,93.25,5.75,0.25,0
2022-06-26 06:05:43,0,0,0.7518797,0,0,97.24311,2.005013,0,0
2022-06-26 06:05:42,0,0,0.5,0,0,97,2.25,0.25,0
2022-06-26 06:05:41,0,0,0.4975124,0,0,96.76617,2.487562,0.2487562,0
2022-06-26 06:05:40,0,0,0.5012531,0.2506266,0,96.74185,2.255639,0.2506266,0
2022-06-26 06:05:39,0,0,0,0,0,96.00998,3.740648,0.2493766,0
2022-06-26 06:05:38,0,0,0.5025126,0.2512563,0,96.98492,2.01005,0.2512563,0
2022-06-26 06:05:37,0,0,1.2406948,0,0,94.2928,4.218362,0.248139,0
2022-06-26 06:05:36,0,0,1.511335,0,0,91.18388,7.304786,0,0
2022-06-26 06:05:35,0,0,1.2468828,0.2493766,0,93.26683,4.738155,0.4987531,0
2022-06-26 06:05:34,0,0,1.0075567,0,0,88.91688,10.075567,0,0
2022-06-26 06:05:33,0,0,0.9950249,0.4975124,0,91.04478,6.965174,0.2487562,0
2022-06-26 06:05:32,0,0,0.2493766,0,0,91.5212,7.98005,0.2493766,0
2022-06-26 06:05:31,0,0,0,0,0,95.47739,4.020101,0.5025126,0
2022-06-26 06:05:30,0,0,0.2493766,0,0,93.51621,5.985037,0.2493766,0
2022-06-26 06:05:29,0,0,0,0,0,90.75,8.5,0.5,0
2022-06-26 06:05:28,0,0,0,0.25,0,92.5,6.5,0.25,0
2022-06-26 06:05:27,0,0,0.2506266,0.2506266,0,90.97744,7.26817,0.2506266,0
2022-06-26 06:05:26,0,0,0,0.2518892,0,95.71788,3.778338,0.2518892,0
2022-06-26 06:05:25,0,0,0.2493766,0.2493766,0,98.75312,0.7481297,0,0
2022-06-26 06:05:24,0,0,0.4987531,0,0,98.75312,0.4987531,0.2493766,0
2022-06-26 06:05:23,0,0,0,0,0,98.99749,0.7518797,0.2506266,0
2022-06-26 06:05:22,0,0,0.2487562,0,0,97.76119,1.741294,0.2487562,0
2022-06-26 06:05:21,0,0,0,0,0,98.48866,1.511335,0,0
2022-06-26 06:05:20,0,0,0.7462687,0.2487562,0,96.76617,1.99005,0.2487562,0
2022-06-26 06:05:19,0,0,0.2493766,0,0,98.50374,0.9975062,0.2493766,0
2022-06-26 06:05:18,0,0,0,0,0,99.24812,0.5012531,0.2506266,0
2022-06-26 06:05:17,0,0,0.2518892,0,0,98.48866,1.0075567,0.2518892,0
2022-06-26 06:05:16,0,0,0.7462687,0.2487562,0,96.26866,2.736318,0,0
2022-06-26 06:05:15,0,0,0.7462687,0.2487562,0,96.76617,1.741294,0.4975124,0
2022-06-26 06:05:14,0,0,1.0025063,0,0,95.2381,3.759398,0,0
2022-06-26 06:05:13,0,0,0.5012531,0.2506266,0,96.99248,2.005013,0.2506266,0
2022-06-26 06:05:12,0,0,0.4987531,0,0,97.75561,1.4962594,0.2493766,0
2022-06-26 06:05:11,0,0,0.2506266,0,0,98.74687,0.7518797,0.2506266,0
2022-06-26 06:05:10,0,0,0.2493766,0,0,97.50623,2.244389,0,0
2022-06-26 06:05:09,0,0,0.9975062,0,0,96.7581,2.244389,0,0
2022-06-26 06:05:08,0,0,0.7537688,0.2512563,0,95.72864,3.015075,0.2512563,0
2022-06-26 06:05:07,0,0,1.25,0,0,95.5,3,0.25,0
2022-06-26 06:05:06,0,0,0.4987531,0.2493766,0,97.50623,1.4962594,0.2493766,0
2022-06-26 06:05:05,0,0,0.5012531,0,0,97.49373,2.005013,0,0
2022-06-26 06:05:04,0,0,0,0,0,98.50746,1.2437811,0.2487562,0
2022-06-26 06:05:03,0,0,0.5025126,0,0,97.48744,1.758794,0.2512563,0
2022-06-26 06:05:02,0,0,0.75,0,0,97.5,1.75,0,0
2022-06-26 06:05:01,0,0,0.9950249,0.2487562,0,96.26866,1.99005,0.4975124,0
2022-06-26 06:05:00,0,0,1.0050251,0.2512563,0,95.9799,2.763819,0,0
2022-06-26 06:04:59,0,0,0.4975124,0.2487562,0,97.76119,0.9950249,0.4975124,0
2022-06-26 06:04:58,0,0,0.5012531,0,0,98.24561,1.2531328,0,0
2022-06-26 06:04:57,0,0,0.2493766,0,0,98.75312,0.7481297,0.2493766,0
2022-06-26 06:04:56,0,0,0.5025126,0,0,98.24121,1.2562814,0,0
2022-06-26 06:04:55,0,0,0.7481297,0.2493766,0,97.50623,1.2468828,0.2493766,0
2022-06-26 06:04:54,0,0,0.7537688,0.5025126,0,96.23116,2.261307,0.2512563,0
2022-06-26 06:04:53,0,0,1.2437811,0.7462687,0,94.77612,2.985075,0.2487562,0
2022-06-26 06:04:52,0,0,0.2506266,0,0,97.24311,2.255639,0.2506266,0
2022-06-26 06:04:51,0,0,0.25,0.25,0,98.5,0.75,0.25,0
2022-06-26 06:04:50,0,0,0.5,0,0,97.5,1.75,0.25,0
2022-06-26 06:04:49,0,0,0.25,0,0,98.25,1.25,0.25,0
2022-06-26 06:04:48,0,0,0.2506266,0.2506266,0,97.24311,2.005013,0.2506266,0
2022-06-26 06:04:47,0,0,0.9975062,0.2493766,0,95.01247,3.491272,0.2493766,0
2022-06-26 06:04:46,0,0,1.4962594,0.2493766,0,93.01746,4.987531,0.2493766,0
2022-06-26 06:04:45,0,0,0.75,0,0,96,3.25,0,0
2022-06-26 06:04:44,0,0,0,0.2506266,0,98.74687,0.7518797,0.2506266,0
2022-06-26 06:04:43,0,0,0,0,0,98.25,1.5,0.25,0
2022-06-26 06:04:42,0,0,0.5012531,0,0,98.49624,1.0025063,0,0
2022-06-26 06:04:41,0,0,0.7444169,0.248139,0,96.52605,2.233251,0.248139,0
2022-06-26 06:04:40,0,0,0.2506266,0.2506266,0,95.98997,3.258145,0,0
2022-06-26 06:04:39,0,0,0.5025126,0,0,94.22111,5.025126,0.2512563,0
2022-06-26 06:04:38,0,0,1.4962594,0.4987531,0,92.76808,4.987531,0.2493766,0
2022-06-26 06:04:37,0,0,1.2531328,0.2506266,0,93.98496,4.511278,0,0
2022-06-26 06:04:36,0,0,1.4962594,0,0,88.77805,9.226933,0.4987531,0
2022-06-26 06:04:35,0,0,0.75,0.25,0,91.25,7.5,0.25,0
2022-06-26 06:04:34,0,0,0.7518797,0.2506266,0,90.22556,8.77193,0,0
2022-06-26 06:04:33,0,0,0,0,0,91.54229,7.711443,0.4975124,0
2022-06-26 06:04:32,0,0,0,0,0,95.21411,4.534005,0.2518892,0
2022-06-26 06:04:31,0,0,0,0.2493766,0,95.7606,3.990025,0,0
2022-06-26 06:04:30,0,0,0.25,0,0,91.5,7.5,0.5,0
2022-06-26 06:04:29,0,0,0,0.2512563,0,82.91457,8.542714,0.5025126,0
2022-06-26 06:04:28,0,0,0.2525253,0,0,94.19192,4.545455,0,0
2022-06-26 06:04:27,0,0,0,0.25,0,95.75,3.5,0.5,0
2022-06-26 06:04:26,0,0,0,0,0,97.75,2,0.25,0
2022-06-26 06:04:25,0,0,1.2468828,0.2493766,0,98.25436,0.2493766,0,0
2022-06-26 06:04:24,0,0,0,0,0,97.75,2,0.25,0
2022-06-26 06:04:23,0,0,0.25,0.25,0,98.5,0.75,0.25,0
2022-06-26 06:04:22,0,0,0.2506266,0,0,99.24812,0.5012531,0,0
2022-06-26 06:04:21,0,0,0.25,0.25,0,98.25,1,0.25,0
2022-06-26 06:04:20,0,0,0.75,0.25,0,97,1.75,0.25,0
2022-06-26 06:04:19,0,0,0,0,0,98.75622,0.9950249,0.2487562,0
2022-06-26 06:04:18,0,0,0.2512563,0.2512563,0,98.24121,1.0050251,0.2512563,0
2022-06-26 06:04:17,0,0,1,0,0,95.75,3.25,0,0
2022-06-26 06:04:16,0,0,1,0.25,0,96,2.25,0.5,0
2022-06-26 06:04:15,0,0,0.7462687,0,0,97.51244,1.741294,0,0
2022-06-26 06:04:14,0,0,0.2512563,0,0,97.73869,1.758794,0.2512563,0
2022-06-26 06:04:13,0,0,0.5,0,0,98.5,0.75,0.25,0
2022-06-26 06:04:12,0,0,0.2493766,0,0,98.00499,1.4962594,0.2493766,0
2022-06-26 06:04:11,0,0,0,0,0,99.24623,0.7537688,0,0
2022-06-26 06:04:10,0,0,1.2437811,0,0,96.26866,2.238806,0.2487562,0
2022-06-26 06:04:09,0,0,1.754386,0.5012531,0,92.98246,4.511278,0.2506266,0
2022-06-26 06:04:08,0,0,0.2506266,0,0,98.49624,1.2531328,0,0
2022-06-26 06:04:07,0,0,0.25,0,0,99,0.25,0.5,0
2022-06-26 06:04:06,0,0,0.2487562,0,0,97.51244,2.238806,0,0
2022-06-26 06:04:05,0,0,0.75,0.25,0,97,1.75,0.25,0
2022-06-26 06:04:04,0,0,0,0.2518892,0,98.48866,1.0075567,0.2518892,0
2022-06-26 06:04:03,0,0,1.2406948,0.248139,0,95.78164,2.48139,0.248139,0
2022-06-26 06:04:02,0,0,1.745636,0.4987531,0,93.76559,3.990025,0,0
2022-06-26 06:04:01,0,0,0.2506266,0,0,98.74687,0.7518797,0.2506266,0
2022-06-26 06:04:00,0,0,0,0,0,99.00249,0.9975062,0,0
2022-06-26 06:03:59,0,0,0,0,0,99.49749,0.5025126,0,0
2022-06-26 06:03:58,0,0,0.4975124,0,0,98.00995,1.2437811,0.2487562,0
2022-06-26 06:03:57,0,0,0.5025126,0.5025126,0,97.23618,1.5075377,0.2512563,0
2022-06-26 06:03:56,0,0,0.9975062,0.2493766,0,96.00998,2.244389,0.4987531,0
2022-06-26 06:03:55,0,0,1.5,0.25,0,95.75,2.25,0.25,0
2022-06-26 06:03:54,0,0,0.5012531,0.2506266,0,96.99248,2.255639,0,0
2022-06-26 06:03:53,0,0,0,0,0,99.00249,0.7481297,0.2493766,0
2022-06-26 06:03:52,0,0,0,0.2512563,0,98.49246,1.0050251,0.2512563,0
2022-06-26 06:03:51,0,0,0.4962779,0.248139,0,97.02233,1.985112,0.248139,0
2022-06-26 06:03:50,0,0,0.5,0,0,98,1.25,0.25,0
2022-06-26 06:03:49,0,0,0.5012531,0,0,97.99499,1.5037594,0,0
2022-06-26 06:03:48,0,0,1.0050251,0,0,95.47739,3.015075,0.5025126,0
2022-06-26 06:03:47,0,0,1.2437811,0.2487562,0,94.77612,3.731343,0,0
2022-06-26 06:03:46,0,0,0.5,0,0,97.25,2,0.25,0
2022-06-26 06:03:45,0,0,0.2506266,0,0,98.74687,0.7518797,0.2506266,0
2022-06-26 06:03:44,0,0,0,0,0,99.25,0.5,0.25,0
2022-06-26 06:03:43,0,0,0.2506266,0,0,97.99499,1.754386,0,0
2022-06-26 06:03:42,0,0,0.2493766,0.2493766,0,97.50623,1.745636,0.2493766,0
2022-06-26 06:03:41,0,0,0.7481297,0,0,97.00748,1.995012,0.2493766,0
2022-06-26 06:03:40,0,0,1.0025063,0,0,94.73684,3.759398,0.5012531,0
2022-06-26 06:03:39,0,0,1.741294,0.4975124,0,90.54726,6.965174,0.2487562,0
2022-06-26 06:03:38,0,0,2.01005,0.7537688,0,88.94472,8.040201,0.2512563,0
2022-06-26 06:03:37,0,0,1.0025063,0.2506266,0,88.7218,9.774436,0.2506266,0
2022-06-26 06:03:36,0,0,0.2487562,0,0,89.801,9.452736,0.2487562,0
2022-06-26 06:03:35,0,0,0.25,0.5,0,94.75,4.5,0,0
2022-06-26 06:03:34,0,0,0,0,0,95.2381,4.511278,0.2506266,0
2022-06-26 06:03:33,0,0,0.2506266,0,0,91.22807,8.270677,0.2506266,0
2022-06-26 06:03:32,0,0,0,0.2475248,0,94.05941,4.950495,0.4950495,0
2022-06-26 06:03:31,0,0,0,0,0,93.70277,6.297229,0,0
2022-06-26 06:03:30,0,0,0,0.9925558,0,63.0273,10.421836,0.248139,0
2022-06-26 06:03:29,0,0,0.2506266,0.2506266,0,94.98747,4.260652,0.2506266,0
2022-06-26 06:03:28,0,0,0,0,0,98.74687,1.2531328,0,0
2022-06-26 06:03:27,0,0,0,0,0,98.75,1.25,0,0
2022-06-26 06:03:26,0,0,0.25,0,0,98.75,1,0,0
2022-06-26 06:03:25,0,0,0.75,0,0,98.25,0.75,0.25,0
2022-06-26 06:03:24,0,0,0.4987531,0.2493766,0,97.00748,2.244389,0,0
2022-06-26 06:03:23,0,0,0.2506266,0.2506266,0,98.49624,0.7518797,0.2506266,0
2022-06-26 06:03:22,0,0,0,0,0,98.5,1.5,0,0
2022-06-26 06:03:21,0,0,0,0,0,98.5,1,0.5,0
2022-06-26 06:03:20,0,0,0.5,0.25,0,97.25,1.75,0.25,0
2022-06-26 06:03:19,0,0,0.7481297,0.2493766,0,97.00748,1.745636,0.2493766,0
2022-06-26 06:03:18,0,0,1.25,0.5,0,94,3.75,0.5,0
2022-06-26 06:03:17,0,0,1.2531328,0,0,95.73935,2.756892,0.2506266,0
2022-06-26 06:03:16,0,0,0.2493766,0,0,98.50374,0.9975062,0.2493766,0
2022-06-26 06:03:15,0,0,0,0,0,98.74687,1.2531328,0,0
2022-06-26 06:03:14,0,0,0.25,0.25,0,99.25,0,0.25,0
2022-06-26 06:03:13,0,0,0.2487562,0,0,98.00995,1.2437811,0.2487562,0
2022-06-26 06:03:12,0,0,1.2531328,0.2506266,0,95.73935,2.255639,0.5012531,0
2022-06-26 06:03:11,0,0,1.4925373,0.2487562,0,94.77612,3.233831,0.2487562,0
2022-06-26 06:03:10,0,0,0.7518797,0.2506266,0,95.98997,2.756892,0.2506266,0
2022-06-26 06:03:09,0,0,0.7518797,0.2506266,0,98.24561,0.7518797,0,0
2022-06-26 06:03:08,0,0,0,0,0,98.75,1,0.25,0
2022-06-26 06:03:07,0,0,0,0,0,99.49875,0.5012531,0,0
2022-06-26 06:03:06,0,0,0.5,0,0,98.25,1,0.25,0
2022-06-26 06:03:05,0,0,1,0,0,95.5,3.25,0.25,0
2022-06-26 06:03:04,0,0,1.4962594,0,0,96.00998,2.493766,0,0
2022-06-26 06:03:03,0,0,0.7518797,0.2506266,0,97.49373,1.2531328,0.2506266,0
2022-06-26 06:03:02,0,0,0.5,0,0,98.25,1.25,0,0
2022-06-26 06:03:01,0,0,0,0,0,99.25,0.5,0.25,0
2022-06-26 06:03:00,0,0,0,0,0,99.5,0.25,0.25,0
2022-06-26 06:02:59,0,0,0.4975124,0.2487562,0,96.76617,2.238806,0.2487562,0
2022-06-26 06:02:58,0,0,1.2594458,0,0,94.45844,4.030227,0.2518892,0
2022-06-26 06:02:57,0,0,1,0.25,0,96.75,1.75,0.25,0
2022-06-26 06:02:56,0,0,0.4987531,0,0,96.7581,2.493766,0,0
2022-06-26 06:02:55,0,0,0.5,0.25,0,98,1.25,0,0
2022-06-26 06:02:54,0,0,0.2506266,0,0,98.49624,0.7518797,0.5012531,0
2022-06-26 06:02:53,0,0,0.25,0.25,0,98,1.5,0,0
2022-06-26 06:02:52,0,0,0.4987531,0.2493766,0,96.7581,2.244389,0.2493766,0
2022-06-26 06:02:51,0,0,0.5,0.25,0,96.75,2.25,0.25,0
2022-06-26 06:02:50,0,0,1.0075567,0.5037783,0,95.96977,2.518892,0,0
2022-06-26 06:02:49,0,0,1.2468828,0.2493766,0,95.01247,3.241895,0.2493766,0
2022-06-26 06:02:48,0,0,0.25,0,0,97.75,1.75,0.25,0
2022-06-26 06:02:47,0,0,0.25,0.25,0,97,2.25,0.25,0
2022-06-26 06:02:46,0,0,0.4987531,0.2493766,0,97.25686,1.745636,0.2493766,0
2022-06-26 06:02:45,0,0,0,0,0,99.49875,0.5012531,0,0
2022-06-26 06:02:44,0,0,0.2493766,0,0,96.7581,2.992519,0,0
2022-06-26 06:02:43,0,0,0.7518797,0,0,94.98747,3.759398,0.5012531,0
2022-06-26 06:02:42,0,0,1.2468828,0.4987531,0,95.51122,2.743142,0,0
2022-06-26 06:02:41,0,0,1.5,0,0,92,6.25,0.25,0
2022-06-26 06:02:40,0,0,1.5,0.25,0,87.5,10.5,0.25,0
2022-06-26 06:02:39,0,0,0.9975062,0.2493766,0,92.76808,5.735661,0.2493766,0
2022-06-26 06:02:38,0,0,0.75,0.25,0,91.25,7.5,0.25,0
2022-06-26 06:02:37,0,0,0.5012531,0.2506266,0,94.23559,4.761905,0.2506266,0
2022-06-26 06:02:36,0,0,0.2493766,0,0,94.51372,4.738155,0.4987531,0
2022-06-26 06:02:35,0,0,0,0.25,0,95,4.5,0.25,0
2022-06-26 06:02:34,0,0,0.2512563,0,0,93.46734,6.281407,0,0
2022-06-26 06:02:33,0,0,0.2493766,0,0,89.27681,9.725686,0.2493766,0
2022-06-26 06:02:32,0,0,0,0,0,88.47118,9.273183,0.5012531,0
2022-06-26 06:02:31,0,0,0,0.2518892,0,91.93955,5.793451,0.2518892,0
2022-06-26 06:02:30,0,0,0.2487562,0,0,96.76617,2.487562,0.4975124,0
2022-06-26 06:02:29,0,0,0,0,0,98.49624,1.2531328,0.2506266,0
2022-06-26 06:02:28,0,0,0,0,0,98.49624,1.5037594,0,0
2022-06-26 06:02:27,0,0,0.2493766,0.2493766,0,98.25436,0.9975062,0.2493766,0
2022-06-26 06:02:26,0,0,0.2506266,0,0,97.99499,1.754386,0,0
2022-06-26 06:02:25,0,0,0.25,0,0,97.75,1.75,0.25,0
2022-06-26 06:02:24,0,0,0.5,0,0,97.5,1.75,0.25,0
2022-06-26 06:02:23,0,0,0.2493766,0.2493766,0,98.50374,0.4987531,0.4987531,0
2022-06-26 06:02:22,0,0,0,0,0,99.25,0.5,0.25,0
2022-06-26 06:02:21,0,0,0.7444169,0.248139,0,96.77419,1.985112,0.248139,0
2022-06-26 06:02:20,0,0,1.010101,0.5050505,0,96.46465,1.767677,0.2525253,0
2022-06-26 06:02:19,0,0,0.7481297,0.2493766,0,96.50873,2.493766,0,0
2022-06-26 06:02:18,0,0,0.75,0,0,97,2.25,0,0
2022-06-26 06:02:17,0,0,0.2506266,0,0,98.24561,1.5037594,0,0
2022-06-26 06:02:16,0,0,0.2493766,0.2493766,0,98.75312,0.4987531,0.2493766,0
2022-06-26 06:02:15,0,0,0.25,0,0,98.25,1.25,0.25,0
2022-06-26 06:02:14,0,0,0.7481297,0.2493766,0,97.25686,1.4962594,0.2493766,0
2022-06-26 06:02:13,0,0,1.0050251,0,0,96.23116,2.512563,0.2512563,0
2022-06-26 06:02:12,0,0,0.9950249,0.2487562,0,95.52239,2.736318,0.4975124,0
2022-06-26 06:02:11,0,0,0.7518797,0.2506266,0,96.2406,2.506266,0.2506266,0
2022-06-26 06:02:10,0,0,0.5,0,0,97.75,1.5,0.25,0
2022-06-26 06:02:09,0,0,0.5,0,0,98.5,1,0,0
2022-06-26 06:02:08,0,0,0.25,0.25,0,98,1.5,0,0
2022-06-26 06:02:07,0,0,1,0,0,97.25,1.5,0.25,0
2022-06-26 06:02:06,0,0,1.0050251,0.2512563,0,96.98492,1.5075377,0.2512563,0
2022-06-26 06:02:05,0,0,0.9925558,0.248139,0,95.78164,2.48139,0.248139,0
2022-06-26 06:02:04,0,0,0.2506266,0.2506266,0,97.99499,1.2531328,0.2506266,0
2022-06-26 06:02:03,0,0,0.7481297,0,0,97.50623,1.4962594,0.2493766,0
2022-06-26 06:02:02,0,0,0.4975124,0.2487562,0,97.26368,1.741294,0.2487562,0
2022-06-26 06:02:01,0,0,0.2512563,0.2512563,0,98.49246,1.0050251,0,0
2022-06-26 06:02:00,0,0,0.75,0.25,0,96.5,2.25,0.25,0
2022-06-26 06:01:59,0,0,1.2531328,0,0,95.48872,2.756892,0.5012531,0
2022-06-26 06:01:58,0,0,0.25,0,0,97,2.5,0.25,0
2022-06-26 06:01:57,0,0,0.7444169,0.248139,0,97.51861,1.2406948,0.248139,0
2022-06-26 06:01:56,0,0,0.2512563,0,0,97.98995,1.5075377,0.2512563,0
2022-06-26 06:01:55,0,0,0.25,0,0,98.5,1.25,0,0
2022-06-26 06:01:54,0,0,0.5012531,0.2506266,0,96.2406,2.506266,0.5012531,0
2022-06-26 06:01:53,0,0,0.4975124,0.2487562,0,95.52239,3.233831,0.4975124,0
2022-06-26 06:01:52,0,0,1.2562814,0.2512563,0,93.96985,4.522613,0,0
2022-06-26 06:01:51,0,0,0.7481297,0.2493766,0,97.50623,1.2468828,0.2493766,0
2022-06-26 06:01:50,0,0,0.25,0,0,96.75,2.75,0.25,0
2022-06-26 06:01:49,0,0,0.25,0.25,0,97.5,2,0,0
2022-06-26 06:01:48,0,0,0.7518797,0,0,96.99248,2.005013,0.2506266,0
2022-06-26 06:01:47,0,0,0.4987531,0.2493766,0,97.75561,1.4962594,0,0
2022-06-26 06:01:46,0,0,0,0,0,98.24561,1.5037594,0.2506266,0
2022-06-26 06:01:45,0,0,0.25,0,0,96.75,2.75,0.25,0
2022-06-26 06:01:44,0,0,0.9975062,0,0,95.51122,3.241895,0.2493766,0
2022-06-26 06:01:43,0,0,1.25,0.25,0,93,5,0.5,0
2022-06-26 06:01:42,0,0,1,0.25,0,92.5,6,0.25,0
2022-06-26 06:01:41,0,0,0.7481297,0,0,92.5187,6.483791,0.2493766,0
2022-06-26 06:01:40,0,0,0.75,0.25,0,93.75,5,0.25,0
2022-06-26 06:01:39,0,0,1.0050251,0.2512563,0,92.46231,5.778894,0.5025126,0
2022-06-26 06:01:38,0,0,0.9975062,0,0,90.77307,8.229426,0,0
2022-06-26 06:01:37,0,0,0.2493766,0.2493766,0,91.5212,7.481297,0.4987531,0
2022-06-26 06:01:36,0,0,0.5,0.25,0,92.75,6.5,0,0
2022-06-26 06:01:35,0,0,0,0,0,91.9598,7.788945,0,0
2022-06-26 06:01:34,0,0,0,0,0,94.51372,4.987531,0.4987531,0
2022-06-26 06:01:33,0,0,0.2518892,0,0,93.45088,6.04534,0.2518892,0
2022-06-26 06:01:32,0,0,0,0,0,93.5,5.75,0.25,0
2022-06-26 06:01:31,0,0,0,0,0,95.7606,3.491272,0.4987531,0
2022-06-26 06:01:30,0,0,0.25,0,0,98,1.5,0.25,0
2022-06-26 06:01:29,0,0,0.2512563,0,0,98.49246,1.0050251,0.2512563,0
2022-06-26 06:01:28,0,0,0,0,0,98.75,1,0.25,0
2022-06-26 06:01:27,0,0,0.25,0,0,98.75,0.75,0.25,0
2022-06-26 06:01:26,0,0,0,0.25,0,98.5,1.25,0,0
2022-06-26 06:01:25,0,0,0.25,0,0,98.5,1,0.25,0
2022-06-26 06:01:24,0,0,0.7481297,0,0,96.7581,2.244389,0.2493766,0
2022-06-26 06:01:23,0,0,0.5012531,0.5012531,0,97.74436,1.0025063,0,0
2022-06-26 06:01:22,0,0,0.7481297,0,0,96.00998,2.992519,0.2493766,0
2022-06-26 06:01:21,0,0,0.4962779,0,0,97.27047,1.736973,0.4962779,0
2022-06-26 06:01:20,0,0,1.0075567,0,0,96.22166,2.267003,0.5037783,0
2022-06-26 06:01:19,0,0,0.5012531,0.2506266,0,97.74436,1.5037594,0,0
2022-06-26 06:01:18,0,0,0.4962779,0,0,97.27047,1.736973,0.4962779,0
2022-06-26 06:01:17,0,0,0.2512563,0,0,98.24121,1.5075377,0,0
2022-06-26 06:01:16,0,0,0.7518797,0,0,97.24311,1.754386,0.2506266,0
2022-06-26 06:01:15,0,0,0.5,0.25,0,96.5,2.75,0,0
2022-06-26 06:01:14,0,0,0.7481297,0.2493766,0,96.25935,2.493766,0.2493766,0
2022-06-26 06:01:13,0,0,1.25,0.25,0,96,2.25,0.25,0
2022-06-26 06:01:12,0,0,0.4987531,0,0,97.00748,2.493766,0,0
2022-06-26 06:01:11,0,0,0.5012531,0,0,97.99499,1.2531328,0.2506266,0
2022-06-26 06:01:10,0,0,0.25,0,0,98,1.5,0.25,0
2022-06-26 06:01:09,0,0,0.75,0,0,96.5,2.5,0.25,0
2022-06-26 06:01:08,0,0,0.25,0.25,0,98.25,1,0.25,0
2022-06-26 06:01:07,0,0,0.75,0,0,98.5,0.75,0,0
2022-06-26 06:01:06,0,0,1.25,0.25,0,95.5,2.75,0.25,0
2022-06-26 06:01:05,0,0,0.5012531,0,0,97.49373,2.005013,0,0
2022-06-26 06:01:04,0,0,0.4987531,0,0,98.25436,0.9975062,0.2493766,0
2022-06-26 06:01:03,0,0,0.2506266,0.2506266,0,97.74436,1.5037594,0.2506266,0
2022-06-26 06:01:02,0,0,0.9975062,0,0,97.25686,1.745636,0,0
2022-06-26 06:01:01,0,0,0.25,0.25,0,98,1.25,0.25,0
2022-06-26 06:01:00,0,0,0.7518797,0,0,96.49123,2.756892,0,0
2022-06-26 06:00:59,0,0,1.2468828,0,0,96.25935,2.493766,0,0
2022-06-26 06:00:58,0,0,0.2487562,0.2487562,0,97.76119,1.2437811,0.2487562,0
2022-06-26 06:00:57,0,0,0.5025126,0.2512563,0,97.73869,1.5075377,0,0
2022-06-26 06:00:56,0,0,0.4975124,0,0,97.26368,1.99005,0.2487562,0
2022-06-26 06:00:55,0,0,0.2512563,0.2512563,0,97.48744,1.758794,0.2512563,0
2022-06-26 06:00:54,0,0,1,0,0,96.75,2,0.25,0
2022-06-26 06:00:53,0,0,0.75,0.25,0,96,2.75,0.25,0
2022-06-26 06:00:52,0,0,0.7518797,0.2506266,0,95.2381,3.508772,0.2506266,0
2022-06-26 06:00:51,0,0,1,0,0,96,3,0,0
2022-06-26 06:00:50,0,0,0.25,0,0,97.5,2,0.25,0
2022-06-26 06:00:49,0,0,0.5,0.25,0,97.75,1.25,0.25,0
2022-06-26 06:00:48,0,0,0,0,0,99.25,0.75,0,0
2022-06-26 06:00:47,0,0,0.2493766,0.2493766,0,96.50873,2.743142,0.2493766,0
2022-06-26 06:00:46,0,0,0.9950249,0,0,96.0199,2.736318,0.2487562,0
2022-06-26 06:00:45,0,0,1.2562814,0.2512563,0,94.72362,3.768844,0,0
2022-06-26 06:00:44,0,0,0.9975062,0.2493766,0,91.5212,6.982544,0.2493766,0
2022-06-26 06:00:43,0,0,1.0025063,0,0,92.73183,6.015038,0.2506266,0
2022-06-26 06:00:42,0,0,0.7518797,0.7518797,0,94.48622,3.759398,0.2506266,0
2022-06-26 06:00:41,0,0,1.25,0.25,0,89.25,9,0.25,0
2022-06-26 06:00:40,0,0,0.7481297,0,0,92.5187,6.483791,0.2493766,0
2022-06-26 06:00:39,0,0,0.25,0,0,94.5,5.25,0,0
2022-06-26 06:00:38,0,0,0.2506266,0.2506266,0,91.72932,7.518797,0.2506266,0
2022-06-26 06:00:37,0,0,0,0,0,92.73183,7.26817,0,0
2022-06-26 06:00:36,0,0,0.2493766,0,0,93.01746,6.234414,0.4987531,0
2022-06-26 06:00:35,0,0,0,0,0,91.75,7.75,0.25,0
2022-06-26 06:00:34,0,0,0,0.5012531,0,86.46617,6.015038,0.5012531,0
2022-06-26 06:00:33,0,0,0.2512563,0,0,96.48241,3.015075,0.2512563,0
2022-06-26 06:00:32,0,0,0,0,0,99,0.75,0.25,0
2022-06-26 06:00:31,0,0,0,0,0,98.49624,1.2531328,0.2506266,0
2022-06-26 06:00:30,0,0,0.2493766,0,0,99.00249,0.4987531,0.2493766,0
2022-06-26 06:00:29,0,0,0,0.2487562,0,98.50746,1.2437811,0,0
2022-06-26 06:00:28,0,0,0.2512563,0,0,97.98995,1.5075377,0.2512563,0
2022-06-26 06:00:27,0,0,0.25,0,0,98.5,1.25,0,0
2022-06-26 06:00:26,0,0,0.5,0,0,98.25,1,0.25,0
2022-06-26 06:00:25,0,0,0.9950249,0,0,97.01493,1.4925373,0.4975124,0
2022-06-26 06:00:24,0,0,0.5,0,0,97.75,1.5,0.25,0
2022-06-26 06:00:23,0,0,0.7537688,0,0,97.23618,2.01005,0,0
2022-06-26 06:00:22,0,0,0.7481297,0.2493766,0,96.00998,2.743142,0.2493766,0
2022-06-26 06:00:21,0,0,1.0025063,0.5012531,0,96.74185,1.754386,0,0
2022-06-26 06:00:20,0,0,0.25,0,0,98.5,1,0.25,0
2022-06-26 06:00:19,0,0,0.5,0,0,97.5,1.75,0.25,0
2022-06-26 06:00:18,0,0,0.25,0,0,98.5,1,0.25,0
2022-06-26 06:00:17,0,0,0.4987531,0.2493766,0,97.75561,1.4962594,0,0
2022-06-26 06:00:16,0,0,1.0025063,0.2506266,0,96.2406,2.255639,0.2506266,0
2022-06-26 06:00:15,0,0,0.9950249,0,0,95.52239,3.233831,0.2487562,0
2022-06-26 06:00:14,0,0,1.0025063,0.2506266,0,96.99248,1.5037594,0.2506266,0
2022-06-26 06:00:13,0,0,0.2506266,0,0,97.74436,2.005013,0,0
2022-06-26 06:00:12,0,0,0.25,0,0,98.25,1.25,0.25,0
2022-06-26 06:00:11,0,0,0.4975124,0,0,97.51244,1.4925373,0.4975124,0
2022-06-26 06:00:10,0,0,0.5025126,0,0,97.48744,2.01005,0,0
2022-06-26 06:00:09,0,0,1,0,0,96.25,2.5,0.25,0
2022-06-26 06:00:08,0,0,0.9975062,0,0,97.00748,1.745636,0.2493766,0
2022-06-26 06:00:07,0,0,0.7481297,0,0,96.50873,2.743142,0,0
2022-06-26 06:00:06,0,0,0.2512563,0,0,97.73869,1.758794,0.2512563,0
2022-06-26 06:00:05,0,0,0.2493766,0.2493766,0,98.75312,0.4987531,0.2493766,0
2022-06-26 06:00:04,0,0,0.5012531,0.2506266,0,97.74436,1.5037594,0,0
2022-06-26 06:00:03,0,0,0.5,0.25,0,96.75,2,0.5,0
2022-06-26 06:00:02,0,0,1.0025063,0,0,97.49373,1.5037594,0,0
2022-06-26 06:00:01,0,0,0.7481297,0.2493766,0,96.25935,2.493766,0.2493766,0
2022-06-26 06:00:00,0,0,0.9975062,0.2493766,0,95.26185,3.241895,0.2493766,0
2022-06-26 05:59:59,0,0,0.2506266,0,0,98.74687,1.0025063,0,0
2022-06-26 05:59:58,0,0,0,0.2493766,0,99.00249,0.4987531,0.2493766,0
2022-06-26 05:59:57,0,0,0.2493766,0.2493766,0,97.75561,1.745636,0,0
2022-06-26 05:59:56,0,0,0.7481297,0,0,97.00748,1.995012,0.2493766,0
2022-06-26 05:59:55,0,0,1,0.5,0,95.25,3,0.25,0
2022-06-26 05:59:54,0,0,1.0025063,0.2506266,0,94.48622,4.010025,0.2506266,0
2022-06-26 05:59:53,0,0,0.7537688,0.2512563,0,97.73869,1.2562814,0,0
2022-06-26 05:59:52,0,0,0.7481297,0.2493766,0,95.26185,3.491272,0.2493766,0
2022-06-26 05:59:51,0,0,0.5,0,0,97,2.25,0.25,0
2022-06-26 05:59:50,0,0,0,0.2506266,0,98.49624,0.7518797,0.5012531,0
2022-06-26 05:59:49,0,0,0.2493766,0,0,98.50374,0.9975062,0.2493766,0
2022-06-26 05:59:48,0,0,0.2506266,0,0,95.73935,3.759398,0.2506266,0
2022-06-26 05:59:47,0,0,1.2406948,0.4962779,0,93.54839,4.466501,0.248139,0
2022-06-26 05:59:46,0,0,1.2594458,0.2518892,0,94.20655,4.282116,0,0
2022-06-26 05:59:45,0,0,1.4925373,0.7462687,0,91.79104,5.721393,0.2487562,0
2022-06-26 05:59:44,0,0,1.5037594,0,0,88.22055,10.025063,0.2506266,0
2022-06-26 05:59:43,0,0,0.7481297,0.4987531,0,91.77057,6.982544,0,0
2022-06-26 05:59:42,0,0,0.7481297,0,0,91.5212,7.481297,0,0
2022-06-26 05:59:41,0,0,0.2512563,0.2512563,0,92.71357,6.532663,0.2512563,0
2022-06-26 05:59:40,0,0,0,0,0,93.53234,6.467662,0,0
2022-06-26 05:59:39,0,0,0,0.25,0,94.25,5.25,0,0
2022-06-26 05:59:38,0,0,0.2506266,0,0,90.72682,8.02005,0.5012531,0
2022-06-26 05:59:37,0,0,0,0.2538071,0,83.75635,11.167513,0,0
2022-06-26 05:59:36,0,0,0.2506266,0,0,92.73183,6.516291,0.2506266,0
2022-06-26 05:59:35,0,0,0,0,0,97.74436,2.255639,0,0
2022-06-26 05:59:34,0,0,0,0,0,97.5,2.25,0.25,0
2022-06-26 05:59:33,0,0,0.25,0,0,98.5,1,0.25,0
2022-06-26 05:59:32,0,0,0,0.2493766,0,97.75561,1.745636,0.2493766,0
2022-06-26 05:59:31,0,0,0.25,0.25,0,98,1.25,0.25,0
2022-06-26 05:59:30,0,0,0.25,0,0,98.75,1,0,0
2022-06-26 05:59:29,0,0,0,0,0,98.99749,1.0025063,0,0
2022-06-26 05:59:28,0,0,0.25,0,0,98.5,0.75,0.5,0
2022-06-26 05:59:27,0,0,0,0.25,0,98.75,1,0,0
2022-06-26 05:59:26,0,0,0.7481297,0,0,97.25686,1.745636,0.2493766,0
2022-06-26 05:59:25,0,0,0.9975062,0.4987531,0,96.25935,1.995012,0.2493766,0
2022-06-26 05:59:24,0,0,1.758794,0,0,94.97487,3.266332,0,0
2022-06-26 05:59:23,0,0,0.2487562,0,0,98.25871,0.9950249,0.4975124,0
2022-06-26 05:59:22,0,0,0,0,0,98.49246,1.5075377,0,0
2022-06-26 05:59:21,0,0,0.5,0.25,0,97,1.5,0.75,0
2022-06-26 05:59:20,0,0,0.4987531,0,0,98.25436,1.2468828,0,0
2022-06-26 05:59:19,0,0,1.0050251,0,0,96.48241,2.01005,0.5025126,0
2022-06-26 05:59:18,0,0,1.2468828,0.4987531,0,95.01247,2.743142,0.4987531,0
2022-06-26 05:59:17,0,0,0.75,0,0,97,2,0.25,0
2022-06-26 05:59:16,0,0,0.2493766,0.2493766,0,97.50623,1.745636,0.2493766,0
2022-06-26 05:59:15,0,0,0.2506266,0,0,98.99749,0.7518797,0,0
2022-06-26 05:59:14,0,0,0.2506266,0,0,98.24561,1.2531328,0.2506266,0
2022-06-26 05:59:13,0,0,0.5,0.25,0,98,1,0.25,0
2022-06-26 05:59:12,0,0,1,0,0,96.75,2,0.25,0
2022-06-26 05:59:11,0,0,1.2468828,0.2493766,0,95.26185,2.992519,0.2493766,0
2022-06-26 05:59:10,0,0,0.4987531,0.2493766,0,96.25935,2.244389,0.4987531,0
2022-06-26 05:59:09,0,0,0,0,0,99.00498,0.7462687,0.2487562,0
2022-06-26 05:59:08,0,0,0.7537688,0,0,97.98995,1.0050251,0.2512563,0
2022-06-26 05:59:07,0,0,0.2512563,0,0,99.24623,0.5025126,0,0
2022-06-26 05:59:06,0,0,0.4987531,0,0,97.25686,1.745636,0.4987531,0
2022-06-26 05:59:05,0,0,0.75,0.25,0,97.25,1.5,0.25,0
2022-06-26 05:59:04,0,0,0.9975062,0.4987531,0,94.76309,3.241895,0.4987531,0
2022-06-26 05:59:03,0,0,1.0025063,0,0,96.2406,2.506266,0.2506266,0
2022-06-26 05:59:02,0,0,0.2493766,0,0,98.50374,0.9975062,0.2493766,0
2022-06-26 05:59:01,0,0,0,0,0,98.49624,1.2531328,0.2506266,0
2022-06-26 05:59:00,0,0,0.7481297,0.2493766,0,97.75561,1.2468828,0,0
2022-06-26 05:58:59,0,0,0.5,0,0,98,1,0.5,0
2022-06-26 05:58:58,0,0,0.2506266,0,0,96.2406,3.258145,0.2506266,0
2022-06-26 05:58:57,0,0,0.4975124,0.2487562,0,96.26866,2.487562,0.4975124,0
2022-06-26 05:58:56,0,0,1.2531328,0.2506266,0,93.23308,5.012531,0.2506266,0
2022-06-26 05:58:55,0,0,0.7518797,0,0,97.99499,1.2531328,0,0
2022-06-26 05:58:54,0,0,0.2506266,0,0,98.49624,1.0025063,0.2506266,0
2022-06-26 05:58:53,0,0,0,0,0,99.00249,0.7481297,0.2493766,0
2022-06-26 05:58:52,0,0,0.4987531,0.2493766,0,98.00499,0.9975062,0.2493766,0
2022-06-26 05:58:51,0,0,0.4987531,0,0,96.00998,3.241895,0.2493766,0
2022-06-26 05:58:50,0,0,0.5037783,0.2518892,0,97.733,1.511335,0,0
2022-06-26 05:58:49,0,0,1.25,0,0,93.5,5.25,0,0
2022-06-26 05:58:48,0,0,1.2437811,0.4975124,0,92.78607,4.975124,0.4975124,0
2022-06-26 05:58:47,0,0,1.4962594,0.2493766,0,89.52618,8.229426,0.2493766,0
2022-06-26 05:58:46,0,0,1.0025063,0,0,92.23058,6.766917,0,0
2022-06-26 05:58:45,0,0,0.5,0,0,94.25,5,0.25,0
2022-06-26 05:58:44,0,0,0,0.2512563,0,96.98492,2.763819,0,0
2022-06-26 05:58:43,0,0,0.2487562,0,0,93.03483,6.467662,0.2487562,0
2022-06-26 05:58:42,0,0,0,0.2512563,0,92.21106,7.286432,0.2512563,0
2022-06-26 05:58:41,0,0,0.7481297,0.2493766,0,91.5212,6.982544,0.4987531,0
2022-06-26 05:58:40,0,0,0.7481297,0.2493766,0,89.77556,8.72818,0,0
2022-06-26 05:58:39,0,0,0.2518892,0.2518892,0,86.39798,9.06801,0.5037783,0
2022-06-26 05:58:38,0,0,0,0,0,96.48241,3.266332,0.2512563,0
2022-06-26 05:58:37,0,0,0,0,0,96.25935,3.491272,0.2493766,0
2022-06-26 05:58:36,0,0,0,0,0,97.49373,1.754386,0.5012531,0
2022-06-26 05:58:35,0,0,0.2487562,0.2487562,0,96.0199,3.233831,0.2487562,0
2022-06-26 05:58:34,0,0,0.2506266,0.2506266,0,97.24311,2.255639,0,0
2022-06-26 05:58:33,0,0,0.2506266,0.2506266,0,98.24561,1.0025063,0.2506266,0
2022-06-26 05:58:32,0,0,0.2493766,0.2493766,0,97.75561,1.4962594,0.2493766,0
2022-06-26 05:58:31,0,0,0,0,0,98.49624,1.2531328,0.2506266,0
2022-06-26 05:58:30,0,0,0.248139,0,0,98.75931,0.7444169,0.248139,0
2022-06-26 05:58:29,0,0,0.2518892,0,0,98.23678,1.511335,0,0
2022-06-26 05:58:28,0,0,0.5,0.25,0,97,2,0.25,0
2022-06-26 05:58:27,0,0,1.2437811,0.2487562,0,95.02488,2.985075,0.4975124,0
2022-06-26 05:58:26,0,0,0.7518797,0.2506266,0,96.74185,2.005013,0.2506266,0
2022-06-26 05:58:25,0,0,1,0,0,97.5,1.25,0.25,0
2022-06-26 05:58:24,0,0,0,0,0,99.75,0.25,0,0
2022-06-26 05:58:23,0,0,0.5012531,0,0,98.24561,1.0025063,0.2506266,0
2022-06-26 05:58:22,0,0,0.4975124,0.2487562,0,98.00995,0.9950249,0.2487562,0
2022-06-26 05:58:21,0,0,0.7537688,0,0,96.98492,2.261307,0,0
2022-06-26 05:58:20,0,0,1.2468828,0,0,95.01247,3.491272,0.2493766,0
2022-06-26 05:58:19,0,0,0.5012531,0,0,97.49373,1.754386,0.2506266,0
2022-06-26 05:58:18,0,0,0.7481297,0.2493766,0,97.50623,1.4962594,0,0
2022-06-26 05:58:17,0,0,0,0,0,98.50746,1.2437811,0.2487562,0
2022-06-26 05:58:16,0,0,0.5025126,0,0,98.24121,1.0050251,0.2512563,0
2022-06-26 05:58:15,0,0,0.5012531,0,0,98.24561,1.2531328,0,0
2022-06-26 05:58:14,0,0,0.9975062,0.2493766,0,97.00748,1.2468828,0.4987531,0
2022-06-26 05:58:13,0,0,1.0025063,0,0,96.2406,2.506266,0.2506266,0
2022-06-26 05:58:12,0,0,0.4987531,0.2493766,0,97.50623,1.4962594,0.2493766,0
2022-06-26 05:58:11,0,0,0.5,0,0,98,1,0.5,0
2022-06-26 05:58:10,0,0,0,0,0,98.75,1.25,0,0
2022-06-26 05:58:09,0,0,0.2512563,0,0,99.24623,0.5025126,0,0
2022-06-26 05:58:08,0,0,0.75,0,0,98,1.25,0,0
2022-06-26 05:58:07,0,0,0.7481297,0.2493766,0,95.7606,2.992519,0.2493766,0
2022-06-26 05:58:06,0,0,1.25,0.25,0,95.25,3.25,0,0
2022-06-26 05:58:05,0,0,0.4975124,0,0,96.76617,2.487562,0.2487562,0
2022-06-26 05:58:04,0,0,0.5,0,0,98,1.25,0.25,0
2022-06-26 05:58:03,0,0,0.2506266,0.2506266,0,97.99499,1.5037594,0,0
2022-06-26 05:58:02,0,0,0,0,0,98.5,1.25,0.25,0
2022-06-26 05:58:01,0,0,0.75,0,0,96.75,2.5,0,0
2022-06-26 05:58:00,0,0,0.5,0,0,96.5,2.25,0.5,0
2022-06-26 05:57:59,0,0,1.0050251,0.2512563,0,95.72864,2.512563,0.5025126,0
2022-06-26 05:57:58,0,0,1.4888337,0.248139,0,95.03722,3.225806,0,0
2022-06-26 05:57:57,0,0,0.2512563,0,0,98.24121,1.5075377,0,0
2022-06-26 05:57:56,0,0,0.9975062,0,0,96.25935,2.743142,0,0
2022-06-26 05:57:55,0,0,0.2493766,0,0,98.25436,1.2468828,0.2493766,0
2022-06-26 05:57:54,0,0,0.2493766,0,0,98.00499,1.4962594,0.2493766,0
2022-06-26 05:57:53,0,0,0.2518892,0,0,98.48866,1.0075567,0.2518892,0
2022-06-26 05:57:52,0,0,0.4987531,0,0,97.00748,2.493766,0,0
2022-06-26 05:57:51,0,0,0.7481297,0,0,94.76309,3.990025,0.4987531,0
2022-06-26 05:57:50,0,0,1.2562814,0.5025126,0,91.9598,6.030151,0.2512563,0
2022-06-26 05:57:49,0,0,1.4925373,0.4975124,0,91.04478,6.716418,0.2487562,0
2022-06-26 05:57:48,0,0,1.2531328,0.2506266,0,90.72682,7.518797,0.2506266,0
2022-06-26 05:57:47,0,0,0.5,0.5,0,94,4.75,0.25,0
2022-06-26 05:57:46,0,0,0.25,0.25,0,95.75,3.75,0,0
2022-06-26 05:57:45,0,0,0.2487562,0,0,94.02985,5.223881,0.4975124,0
2022-06-26 05:57:44,0,0,0.2506266,0,0,93.98496,5.263158,0.2506266,0
2022-06-26 05:57:43,0,0,0.5025126,0.2512563,0,91.70854,7.537688,0,0
2022-06-26 05:57:42,0,0,0.4987531,0.4987531,0,88.77805,9.226933,0.2493766,0
2022-06-26 05:57:41,0,0,0.4975124,0.4975124,0,87.06468,10.199005,0.4975124,0
2022-06-26 05:57:40,0,0,0,0,0,95.72864,4.020101,0,0
2022-06-26 05:57:39,0,0,0,0,0,95.7606,3.740648,0.4987531,0
2022-06-26 05:57:38,0,0,0.2512563,0,0,96.98492,2.763819,0,0
2022-06-26 05:57:37,0,0,0,0,0,97.25686,2.493766,0.2493766,0
2022-06-26 05:57:36,0,0,0,0,0,97.74436,2.255639,0,0
2022-06-26 05:57:35,0,0,0.4987531,0,0,97.75561,1.4962594,0.2493766,0
2022-06-26 05:57:34,0,0,0.2506266,0,0,97.99499,1.5037594,0.2506266,0
2022-06-26 05:57:33,0,0,0.2493766,0,0,98.00499,1.4962594,0.2493766,0
2022-06-26 05:57:32,0,0,0,0,0,99.25,0.75,0,0
2022-06-26 05:57:31,0,0,0,0.2506266,0,98.74687,0.7518797,0.2506266,0
2022-06-26 05:57:30,0,0,0.5,0,0,97.75,1.75,0,0
2022-06-26 05:57:29,0,0,1.25,0.25,0,96,2.25,0.25,0
2022-06-26 05:57:28,0,0,0.9975062,0.4987531,0,95.51122,2.743142,0.2493766,0
2022-06-26 05:57:27,0,0,0.2506266,0.2506266,0,98.49624,0.7518797,0.2506266,0
2022-06-26 05:57:26,0,0,0.5,0.25,0,98,1.25,0,0
2022-06-26 05:57:25,0,0,1.4962594,0,0,96.50873,1.745636,0.2493766,0
2022-06-26 05:57:24,0,0,0.25,0,0,98.5,1.25,0,0
2022-06-26 05:57:23,0,0,0.5,0,0,97.75,1.5,0.25,0
2022-06-26 05:57:22,0,0,1.5,0.25,0,95,3,0.25,0
2022-06-26 05:57:21,0,0,1.0025063,0,0,95.98997,2.756892,0.2506266,0
2022-06-26 05:57:20,0,0,0.2506266,0.2506266,0,98.49624,1.0025063,0,0
2022-06-26 05:57:19,0,0,0.7462687,0.2487562,0,96.76617,2.238806,0,0
2022-06-26 05:57:18,0,0,0.5012531,0,0,98.24561,1.0025063,0.2506266,0
2022-06-26 05:57:17,0,0,0.2493766,0,0,97.50623,1.995012,0.2493766,0
2022-06-26 05:57:16,0,0,0.2506266,0,0,98.99749,0.7518797,0,0
2022-06-26 05:57:15,0,0,1.25,0.25,0,96,2.25,0.25,0
2022-06-26 05:57:14,0,0,1.0025063,0.2506266,0,95.98997,2.756892,0,0
2022-06-26 05:57:13,0,0,0.4987531,0.2493766,0,97.00748,1.745636,0.4987531,0
2022-06-26 05:57:12,0,0,0.75,0,0,97,2,0.25,0
2022-06-26 05:57:11,0,0,0.25,0,0,97.75,1.75,0.25,0
2022-06-26 05:57:10,0,0,0,0,0,99,0.75,0.25,0
2022-06-26 05:57:09,0,0,0.7481297,0.2493766,0,98.00499,0.9975062,0,0
2022-06-26 05:57:08,0,0,1.2468828,0,0,95.26185,3.241895,0.2493766,0
2022-06-26 05:57:07,0,0,1,0.25,0,96.25,2.5,0,0
2022-06-26 05:57:06,0,0,0.5037783,0,0,96.97733,2.518892,0,0
2022-06-26 05:57:05,0,0,0.7462687,0.4975124,0,96.51741,1.741294,0.4975124,0
2022-06-26 05:57:04,0,0,0,0,0,97.74436,2.255639,0,0
2022-06-26 05:57:03,0,0,0.2506266,0,0,98.99749,0.5012531,0,0
2022-06-26 05:57:02,0,0,0.25,0,0,97.25,2.25,0.25,0
2022-06-26 05:57:01,0,0,0.75,0.25,0,96,2.75,0.25,0
2022-06-26 05:57:00,0,0,1.25,0,0,95.25,3.5,0,0
2022-06-26 05:56:59,0,0,0.75,0.25,0,96,2.5,0.5,0
2022-06-26 05:56:58,0,0,0.75,0.25,0,95.5,3.5,0,0
2022-06-26 05:56:57,0,0,0.2493766,0.2493766,0,97.75561,1.4962594,0.2493766,0
2022-06-26 05:56:56,0,0,0.2506266,0,0,98.74687,0.7518797,0.2506266,0
2022-06-26 05:56:55,0,0,0,0,0,98.25436,1.4962594,0.2493766,0
2022-06-26 05:56:54,0,0,0.2506266,0,0,98.74687,1.0025063,0,0
2022-06-26 05:56:53,0,0,1.2468828,0.7481297,0,93.76559,3.990025,0.2493766,0
2022-06-26 05:56:52,0,0,1,0,0,94,5,0,0
2022-06-26 05:56:51,0,0,1.2531328,0,0,91.72932,7.017544,0,0
2022-06-26 05:56:50,0,0,1.4888337,0,0,90.32258,7.692308,0.4962779,0
2022-06-26 05:56:49,0,0,1.0075567,0.2518892,0,92.19144,6.297229,0,0
2022-06-26 05:56:48,0,0,0.7481297,0,0,92.76808,6.234414,0.2493766,0
2022-06-26 05:56:47,0,0,0.4987531,0.2493766,0,91.02244,7.98005,0.2493766,0
2022-06-26 05:56:46,0,0,0.2506266,0,0,92.23058,7.017544,0.5012531,0
2022-06-26 05:56:45,0,0,0,0,0,93.21608,6.532663,0.2512563,0
2022-06-26 05:56:44,0,0,0,0,0,92.01995,7.481297,0.2493766,0
2022-06-26 05:56:43,0,0,0.2512563,0,0,91.9598,7.286432,0.2512563,0
2022-06-26 05:56:42,0,0,0,0,0,92.28856,7.21393,0.2487562,0
2022-06-26 05:56:41,0,0,0,0.2512563,0,94.47236,5.276382,0,0
2022-06-26 05:56:40,0,0,0.2493766,0,0,97.50623,1.995012,0.2493766,0
2022-06-26 05:56:39,0,0,0,0,0,99.49749,0.5025126,0,0
2022-06-26 05:56:38,0,0,0,0,0,98.75312,0.9975062,0.2493766,0
2022-06-26 05:56:37,0,0,0.25,0.25,0,98.25,1,0.25,0
2022-06-26 05:56:36,0,0,0.25,0.25,0,98,1.5,0,0
2022-06-26 05:56:35,0,0,0.2487562,0,0,98.25871,1.2437811,0.2487562,0
2022-06-26 05:56:34,0,0,0,0,0,99.24433,0.5037783,0.2518892,0
2022-06-26 05:56:33,0,0,0,0.25,0,98,1.5,0.25,0
2022-06-26 05:56:32,0,0,0.4987531,0,0,98.25436,1.2468828,0,0
2022-06-26 05:56:31,0,0,0.9950249,0,0,97.01493,1.741294,0.2487562,0
2022-06-26 05:56:30,0,0,1.0050251,0,0,95.47739,3.266332,0.2512563,0
2022-06-26 05:56:29,0,0,0.7518797,0.2506266,0,97.24311,1.5037594,0.2506266,0
2022-06-26 05:56:28,0,0,0.75,0.5,0,96.5,2,0.25,0
2022-06-26 05:56:27,0,0,0.25,0,0,98.25,1.25,0.25,0
2022-06-26 05:56:26,0,0,0,0,0,99.49875,0.5012531,0,0
2022-06-26 05:56:25,0,0,1.2437811,0.2487562,0,96.76617,1.4925373,0.2487562,0
2022-06-26 05:56:24,0,0,1,0.25,0,96.5,2,0.25,0
2022-06-26 05:56:23,0,0,1.2531328,0.2506266,0,96.2406,2.255639,0,0
2022-06-26 05:56:22,0,0,1,0.25,0,95.5,2.75,0.5,0
2022-06-26 05:56:21,0,0,0.7481297,0.2493766,0,97.25686,1.745636,0,0
2022-06-26 05:56:20,0,0,0,0,0,99.5,0.25,0.25,0
2022-06-26 05:56:19,0,0,0,0,0,99.25,0.5,0.25,0
2022-06-26 05:56:18,0,0,0.2506266,0,0,98.74687,1.0025063,0,0
2022-06-26 05:56:17,0,0,1.2468828,0.2493766,0,95.01247,3.241895,0.2493766,0
2022-06-26 05:56:16,0,0,1.2531328,0,0,95.73935,2.756892,0.2506266,0
2022-06-26 05:56:15,0,0,0.9925558,0.4962779,0,96.02978,2.233251,0.248139,0
2022-06-26 05:56:14,0,0,0.5025126,0,0,97.73869,1.758794,0,0
2022-06-26 05:56:13,0,0,0,0,0,99.5,0.25,0.25,0
2022-06-26 05:56:12,0,0,0,0,0,98.75,1,0.25,0
2022-06-26 05:56:11,0,0,0.25,0.25,0,98.25,1,0.25,0
2022-06-26 05:56:10,0,0,0.9975062,0.2493766,0,95.7606,2.743142,0.2493766,0
2022-06-26 05:56:09,0,0,1.511335,0,0,94.71033,3.274559,0.5037783,0
2022-06-26 05:56:08,0,0,0.75,0.25,0,93,6,0,0
2022-06-26 05:56:07,0,0,0.4987531,0.2493766,0,98.00499,0.9975062,0.2493766,0
2022-06-26 05:56:06,0,0,0,0.25,0,99,0.5,0.25,0
2022-06-26 05:56:05,0,0,0,0,0,98.75,1,0,0
2022-06-26 05:56:04,0,0,0,0,0,98.75,1,0.25,0
2022-06-26 05:56:03,0,0,0.75,0.25,0,95.75,3,0.25,0
2022-06-26 05:56:02,0,0,1.736973,0.4962779,0,93.05211,4.71464,0,0
2022-06-26 05:56:01,0,0,1,0.25,0,95,3.5,0.25,0
2022-06-26 05:56:00,0,0,0.25,0.25,0,97.75,1.5,0.25,0
2022-06-26 05:55:59,0,0,0.5025126,0,0,98.24121,1.2562814,0,0
2022-06-26 05:55:58,0,0,0.25,0.25,0,98.25,1,0.25,0
2022-06-26 05:55:57,0,0,0,0,0,98.75,1.25,0,0
2022-06-26 05:55:56,0,0,0.2506266,0,0,97.99499,1.5037594,0.2506266,0
2022-06-26 05:55:55,0,0,0.7462687,0,0,95.52239,3.482587,0.2487562,0
2022-06-26 05:55:54,0,0,1,0.25,0,94.25,4.5,0,0
2022-06-26 05:55:53,0,0,2.25,0.25,0,90.5,6.25,0.75,0
2022-06-26 05:55:52,0,0,1.2562814,0.2512563,0,90.95477,7.286432,0.2512563,0
2022-06-26 05:55:51,0,0,1.2437811,0.2487562,0,90.54726,7.711443,0.2487562,0
2022-06-26 05:55:50,0,0,0.7537688,0.2512563,0,92.71357,6.030151,0.2512563,0
2022-06-26 05:55:49,0,0,0.2487562,0,0,93.53234,5.970149,0.2487562,0
2022-06-26 05:55:48,0,0,0.2506266,0,0,93.23308,6.265664,0.2506266,0
2022-06-26 05:55:47,0,0,0.2493766,0,0,93.01746,6.483791,0.2493766,0
2022-06-26 05:55:46,0,0,0,0.25,0,91.25,8.25,0.25,0
2022-06-26 05:55:45,0,0,0.25,0,0,90.5,9,0.25,0
2022-06-26 05:55:44,0,0,0,0,0,89.75,8.75,0.25,0
2022-06-26 05:55:43,0,0,0.25,0.25,0,95,4,0.25,0
2022-06-26 05:55:42,0,0,0,0.25,0,96.25,3.25,0.25,0
2022-06-26 05:55:41,0,0,0,0,0,98.74687,1.0025063,0.2506266,0
2022-06-26 05:55:40,0,0,0.25,0,0,98.25,1.25,0.25,0
2022-06-26 05:55:39,0,0,0,0.2506266,0,98.24561,1.5037594,0,0
2022-06-26 05:55:38,0,0,0.25,0,0,97.75,1.75,0.25,0
2022-06-26 05:55:37,0,0,0.25,0,0,98.5,1,0.25,0
2022-06-26 05:55:36,0,0,0.2493766,0,0,98.75312,0.9975062,0,0
2022-06-26 05:55:35,0,0,0,0,0,98.99749,0.7518797,0.2506266,0
2022-06-26 05:55:34,0,0,0.5,0,0,98,1.5,0,0
2022-06-26 05:55:33,0,0,0.5,0.25,0,98.25,1,0,0
2022-06-26 05:55:32,0,0,0.75,0.25,0,95.5,3.25,0.25,0
2022-06-26 05:55:31,0,0,1.2468828,0.4987531,0,94.76309,3.241895,0.2493766,0
2022-06-26 05:55:30,0,0,1,0.25,0,96.5,2.25,0,0
2022-06-26 05:55:29,0,0,0,0,0,99.5,0.5,0,0
2022-06-26 05:55:28,0,0,0,0,0,99,0.5,0.5,0
2022-06-26 05:55:27,0,0,0.4975124,0,0,98.00995,1.4925373,0,0
2022-06-26 05:55:26,0,0,0.5025126,0,0,97.73869,1.758794,0,0
2022-06-26 05:55:25,0,0,1.5037594,0,0,95.98997,2.506266,0,0
2022-06-26 05:55:24,0,0,1.2468828,0,0,95.26185,3.241895,0.2493766,0
2022-06-26 05:55:23,0,0,1.0025063,0.2506266,0,95.73935,2.756892,0.2506266,0
2022-06-26 05:55:22,0,0,0.25,0,0,99,0.5,0.25,0
2022-06-26 05:55:21,0,0,0,0,0,98.75312,0.9975062,0.2493766,0
2022-06-26 05:55:20,0,0,0.5012531,0.2506266,0,98.74687,0.5012531,0,0
2022-06-26 05:55:19,0,0,1.0025063,0.2506266,0,96.74185,2.005013,0,0
2022-06-26 05:55:18,0,0,0.7462687,0,0,96.26866,2.487562,0.4975124,0
2022-06-26 05:55:17,0,0,1.2531328,0.2506266,0,96.49123,2.005013,0,0
2022-06-26 05:55:16,0,0,0.7518797,0.2506266,0,96.99248,2.005013,0,0
2022-06-26 05:55:15,0,0,0.25,0,0,98.75,0.75,0.25,0
2022-06-26 05:55:14,0,0,0,0,0,98.24561,1.5037594,0.2506266,0
2022-06-26 05:55:13,0,0,0.4975124,0.2487562,0,97.76119,1.2437811,0.2487562,0
2022-06-26 05:55:12,0,0,0.7518797,0,0,97.99499,1.0025063,0.2506266,0
2022-06-26 05:55:11,0,0,0.7462687,0.2487562,0,96.0199,2.736318,0.2487562,0
2022-06-26 05:55:10,0,0,1.0050251,0.2512563,0,96.23116,2.261307,0.2512563,0
2022-06-26 05:55:09,0,0,0.5,0,0,97.75,1.5,0.25,0
2022-06-26 05:55:08,0,0,0.4987531,0.2493766,0,97.75561,1.2468828,0.2493766,0
2022-06-26 05:55:07,0,0,0,0,0,99.25187,0.7481297,0,0
2022-06-26 05:55:06,0,0,0.25,0.25,0,97.75,1.25,0.5,0
2022-06-26 05:55:05,0,0,0.7518797,0,0,96.74185,2.506266,0,0
2022-06-26 05:55:04,0,0,0.7518797,0.2506266,0,96.49123,2.506266,0,0
2022-06-26 05:55:03,0,0,0.75,0.5,0,96.25,2,0.5,0
2022-06-26 05:55:02,0,0,1,0,0,95,4,0,0
2022-06-26 05:55:01,0,0,0.5,0,0,97,2.5,0,0
2022-06-26 05:55:00,0,0,0.5,0,0,97.25,2.25,0,0
2022-06-26 05:54:59,0,0,0,0,0,98.25436,1.4962594,0.2493766,0
2022-06-26 05:54:58,0,0,0,0,0,98.99749,1.0025063,0,0
2022-06-26 05:54:57,0,0,0.4987531,0,0,96.7581,2.743142,0,0
2022-06-26 05:54:56,0,0,1.25,0.25,0,94.75,3.5,0.25,0
2022-06-26 05:54:55,0,0,1.25,0.25,0,94,4.25,0,0
2022-06-26 05:54:54,0,0,1.4925373,0.2487562,0,90.54726,7.462687,0.2487562,0
2022-06-26 05:54:53,0,0,1.2594458,0.2518892,0,91.18388,7.304786,0,0
2022-06-26 05:54:52,0,0,0.4987531,0,0,93.76559,5.486284,0.2493766,0
2022-06-26 05:54:51,0,0,0.4987531,0,0,93.26683,5.985037,0.2493766,0
2022-06-26 05:54:50,0,0,0.2506266,0,0,93.98496,5.513784,0.2506266,0
2022-06-26 05:54:49,0,0,0.4987531,0.2493766,0,93.26683,5.486284,0.4987531,0
2022-06-26 05:54:48,0,0,0.25,0,0,91.5,7.75,0.5,0
2022-06-26 05:54:47,0,0,0.2506266,0,0,90.22556,8.77193,0,0
2022-06-26 05:54:46,0,0,0,0,0,89.5,9,0,0
2022-06-26 05:54:45,0,0,0.25,0,0,94,5.5,0.25,0
2022-06-26 05:54:44,0,0,0,0,0,96.48241,3.266332,0.2512563,0
2022-06-26 05:54:43,0,0,0.25,0,0,97,2.5,0.25,0
2022-06-26 05:54:42,0,0,0,0,0,99,0.75,0.25,0
2022-06-26 05:54:41,0,0,0.2487562,0.2487562,0,98.50746,0.7462687,0.2487562,0
2022-06-26 05:54:40,0,0,0.2506266,0,0,98.24561,1.2531328,0.2506266,0
2022-06-26 05:54:39,0,0,0.2506266,0.2506266,0,98.49624,1.0025063,0,0
2022-06-26 05:54:38,0,0,0,0,0,98.75,0.75,0.5,0
2022-06-26 05:54:37,0,0,0.2506266,0,0,98.24561,1.5037594,0,0
2022-06-26 05:54:36,0,0,0.2493766,0.4987531,0,97.50623,1.4962594,0.2493766,0
2022-06-26 05:54:35,0,0,0.4975124,0.2487562,0,97.76119,1.2437811,0.2487562,0
2022-06-26 05:54:34,0,0,1.0050251,0,0,96.23116,2.512563,0.2512563,0
2022-06-26 05:54:33,0,0,1,0.5,0,95.75,2.5,0,0
2022-06-26 05:54:32,0,0,0.4962779,0,0,98.26303,0.9925558,0.248139,0
2022-06-26 05:54:31,0,0,0.5025126,0,0,97.98995,1.5075377,0,0
2022-06-26 05:54:30,0,0,0,0.2493766,0,99.00249,0.4987531,0.2493766,0
2022-06-26 05:54:29,0,0,0.5012531,0,0,97.99499,1.5037594,0,0
2022-06-26 05:54:28,0,0,0.7518797,0.2506266,0,96.74185,2.255639,0,0
2022-06-26 05:54:27,0,0,1.2531328,0.2506266,0,95.2381,3.258145,0,0
2022-06-26 05:54:26,0,0,0.7462687,0.2487562,0,96.76617,1.99005,0.2487562,0
2022-06-26 05:54:25,0,0,0.7481297,0,0,98.00499,1.2468828,0,0
2022-06-26 05:54:24,0,0,0.75,0,0,97.25,1.75,0.25,0
2022-06-26 05:54:23,0,0,0.5025126,0.7537688,0,97.73869,1.0050251,0,0
2022-06-26 05:54:22,0,0,0.2493766,0,0,98.25436,1.2468828,0.2493766,0
2022-06-26 05:54:21,0,0,0.75,0.25,0,96,2.75,0.25,0
2022-06-26 05:54:20,0,0,1.2468828,0.2493766,0,95.51122,2.743142,0.2493766,0
2022-06-26 05:54:19,0,0,0.7537688,0,0,97.98995,1.2562814,0,0
2022-06-26 05:54:18,0,0,0.4975124,0.4975124,0,97.76119,0.9950249,0.2487562,0
2022-06-26 05:54:17,0,0,0.2518892,0,0,97.733,2.015113,0,0
2022-06-26 05:54:16,0,0,0.5,0,0,98,1.25,0.25,0
2022-06-26 05:54:15,0,0,0.4987531,0.2493766,0,97.00748,1.995012,0.2493766,0
2022-06-26 05:54:14,0,0,0.75,0,0,97.25,2,0,0
2022-06-26 05:54:13,0,0,1.2468828,0.2493766,0,95.7606,2.493766,0.2493766,0
2022-06-26 05:54:12,0,0,0.5,0,0,97.75,1.75,0,0
2022-06-26 05:54:11,0,0,0.2506266,0.2506266,0,96.99248,2.255639,0.2506266,0
2022-06-26 05:54:10,0,0,0.75,0,0,97,2.25,0,0
2022-06-26 05:54:09,0,0,0.5,0.25,0,97,2.25,0,0
2022-06-26 05:54:08,0,0,0.4975124,0,0,97.26368,1.741294,0.4975124,0
2022-06-26 05:54:07,0,0,0.7537688,0,0,96.73367,2.261307,0.2512563,0
2022-06-26 05:54:06,0,0,0.9925558,0.248139,0,94.2928,4.218362,0.248139,0
2022-06-26 05:54:05,0,0,0.5037783,0,0,96.22166,3.02267,0.2518892,0
2022-06-26 05:54:04,0,0,0.4987531,0,0,96.25935,3.241895,0,0
2022-06-26 05:54:03,0,0,0.7462687,0.4975124,0,97.01493,1.4925373,0.2487562,0
2022-06-26 05:54:02,0,0,0.2518892,0,0,97.733,1.763224,0.2518892,0
2022-06-26 05:54:01,0,0,0.5012531,0,0,98.24561,1.2531328,0,0
2022-06-26 05:54:00,0,0,0.25,0,0,97,2.5,0.25,0
2022-06-26 05:53:59,0,0,0.7462687,0.2487562,0,95.52239,3.233831,0.2487562,0
2022-06-26 05:53:58,0,0,1.0025063,0.2506266,0,94.73684,3.759398,0.2506266,0
2022-06-26 05:53:57,0,0,0.9975062,0.2493766,0,93.01746,5.735661,0,0
2022-06-26 05:53:56,0,0,1.5,0,0,91.25,7,0.25,0
2022-06-26 05:53:55,0,0,0.75,0.25,0,92.5,6,0.25,0
2022-06-26 05:53:54,0,0,0.75,0,0,95.5,3.5,0.25,0
2022-06-26 05:53:53,0,0,0.75,0,0,89.5,9.5,0.25,0
2022-06-26 05:53:52,0,0,0.5012531,0.2506266,0,93.98496,5.012531,0.2506266,0
2022-06-26 05:53:51,0,0,0.2493766,0.2493766,0,94.26434,5.236908,0,0
2022-06-26 05:53:50,0,0,0.2493766,0,0,91.27182,7.730673,0.4987531,0
2022-06-26 05:53:49,0,0,0,0,0,90.97744,8.77193,0,0
2022-06-26 05:53:48,0,0,0.2506266,0,0,86.21554,10.776942,0.5012531,0
2022-06-26 05:53:47,0,0,0,0,0,93.5,6.5,0,0
2022-06-26 05:53:46,0,0,0,0.25,0,97,2.75,0,0
2022-06-26 05:53:45,0,0,0.2493766,0,0,97.25686,2.493766,0,0
2022-06-26 05:53:44,0,0,0,0,0,98.99749,0.7518797,0.2506266,0
2022-06-26 05:53:43,0,0,0,0,0,99.24812,0.5012531,0.2506266,0
2022-06-26 05:53:42,0,0,0.25,0,0,98.75,1,0,0
2022-06-26 05:53:41,0,0,0.25,0.25,0,98.25,1,0.25,0
2022-06-26 05:53:40,0,0,0.2493766,0,0,98.50374,1.2468828,0,0
2022-06-26 05:53:39,0,0,0,0,0,99.24812,0.7518797,0,0
2022-06-26 05:53:38,0,0,0.4975124,0.2487562,0,98.25871,0.7462687,0.2487562,0
2022-06-26 05:53:37,0,0,0.5012531,0.2506266,0,97.49373,1.5037594,0.2506266,0
2022-06-26 05:53:36,0,0,0.7518797,0.2506266,0,96.74185,2.005013,0.2506266,0
2022-06-26 05:53:35,0,0,1.2468828,0.4987531,0,95.01247,2.992519,0.2493766,0
2022-06-26 05:53:34,0,0,0.7518797,0.2506266,0,96.49123,2.255639,0.2506266,0
2022-06-26 05:53:33,0,0,0.2506266,0.2506266,0,98.49624,1.0025063,0,0
2022-06-26 05:53:32,0,0,0.2493766,0,0,99.25187,0.4987531,0,0
2022-06-26 05:53:31,0,0,0.25,0.25,0,97.75,1.5,0.25,0
2022-06-26 05:53:30,0,0,0.4987531,0.2493766,0,97.00748,1.995012,0.2493766,0
2022-06-26 05:53:29,0,0,1,0.25,0,96.25,2,0.5,0
2022-06-26 05:53:28,0,0,1.5037594,0.2506266,0,94.73684,3.258145,0.2506266,0
2022-06-26 05:53:27,0,0,0.9975062,0.2493766,0,96.00998,2.244389,0.4987531,0
2022-06-26 05:53:26,0,0,0,0,0,99.49875,0.5012531,0,0
2022-06-26 05:53:25,0,0,0,0,0,98.25436,1.2468828,0.2493766,0
2022-06-26 05:53:24,0,0,0.75,0,0,98.5,0.5,0.25,0
2022-06-26 05:53:23,0,0,0.7462687,0.4975124,0,96.76617,1.99005,0,0
2022-06-26 05:53:22,0,0,1.2562814,0.2512563,0,95.22613,3.015075,0.2512563,0
2022-06-26 05:53:21,0,0,1.0025063,0,0,95.98997,2.756892,0.2506266,0
2022-06-26 05:53:20,0,0,0.5,0.25,0,98,1,0.25,0
2022-06-26 05:53:19,0,0,0.5,0.25,0,98.25,0.75,0.25,0
2022-06-26 05:53:18,0,0,0.2493766,0,0,98.25436,1.2468828,0.2493766,0
2022-06-26 05:53:17,0,0,0,0,0,99.49875,0.5012531,0,0
2022-06-26 05:53:16,0,0,0.75,0,0,97,2,0.25,0
2022-06-26 05:53:15,0,0,1.741294,0.2487562,0,94.52736,2.985075,0.4975124,0
2022-06-26 05:53:14,0,0,0.75,0,0,97.75,1.25,0.25,0
2022-06-26 05:53:13,0,0,0.2506266,0,0,98.99749,0.7518797,0,0
2022-06-26 05:53:12,0,0,0.2506266,0.2506266,0,97.49373,1.754386,0.2506266,0
2022-06-26 05:53:11,0,0,0.4962779,0,0,98.26303,0.9925558,0.248139,0
2022-06-26 05:53:10,0,0,0,0,0,98.74372,1.0050251,0.2512563,0
2022-06-26 05:53:09,0,0,0.4987531,0,0,97.25686,1.995012,0.2493766,0
2022-06-26 05:53:08,0,0,1.2594458,0.2518892,0,95.46599,2.770781,0.2518892,0
2022-06-26 05:53:07,0,0,1.2468828,0.2493766,0,94.01496,4.239401,0.2493766,0
2022-06-26 05:53:06,0,0,0.4975124,0,0,97.26368,1.99005,0.2487562,0
2022-06-26 05:53:05,0,0,0.2506266,0.2506266,0,97.74436,1.754386,0,0
2022-06-26 05:53:04,0,0,0.4987531,0.2493766,0,97.75561,1.2468828,0.2493766,0
2022-06-26 05:53:03,0,0,0.2512563,0,0,97.73869,1.758794,0.2512563,0
2022-06-26 05:53:02,0,0,0.2493766,0,0,98.75312,0.7481297,0.2493766,0
2022-06-26 05:53:01,0,0,0.4987531,0.4987531,0,97.50623,1.4962594,0,0
2022-06-26 05:53:00,0,0,0.7518797,0,0,94.48622,4.511278,0.2506266,0
2022-06-26 05:52:59,0,0,1.758794,0.5025126,0,92.46231,5.025126,0.2512563,0
2022-06-26 05:52:58,0,0,1.741294,0.7462687,0,90.29851,6.716418,0.4975124,0
2022-06-26 05:52:57,0,0,0.9975062,0.2493766,0,89.02743,9.476309,0.2493766,0
2022-06-26 05:52:56,0,0,0.5,0.25,0,94.5,4.25,0.25,0
2022-06-26 05:52:55,0,0,0.75,0,0,93.5,5.5,0.25,0
2022-06-26 05:52:54,0,0,0.5,0,0,94.5,4.5,0.5,0
2022-06-26 05:52:53,0,0,0.5012531,0,0,92.73183,6.516291,0.2506266,0
2022-06-26 05:52:52,0,0,0.2493766,0.2493766,0,91.77057,7.23192,0.2493766,0
2022-06-26 05:52:51,0,0,0,0,0,89,9.5,0.5,0
2022-06-26 05:52:50,0,0,0,0,0,89.03061,6.377551,0,0
2022-06-26 05:52:49,0,0,0.2506266,0.2506266,0,93.98496,5.513784,0,0
2022-06-26 05:52:48,0,0,0,0,0,95.98997,3.759398,0.2506266,0
2022-06-26 05:52:47,0,0,0,0,0,98.5,1.25,0.25,0
2022-06-26 05:52:46,0,0,0,0,0,98.50746,1.2437811,0.2487562,0
2022-06-26 05:52:45,0,0,0.2506266,0.2506266,0,98.24561,1.2531328,0,0
2022-06-26 05:52:44,0,0,0.25,0,0,98,1.5,0.25,0
2022-06-26 05:52:43,0,0,0,0,0,98.75,1,0.25,0
2022-06-26 05:52:42,0,0,0.25,0,0,98.75,1,0,0
2022-06-26 05:52:41,0,0,0,0,0,98.99749,0.7518797,0.2506266,0
2022-06-26 05:52:40,0,0,0.4987531,0,0,98.50374,0.9975062,0,0
2022-06-26 05:52:39,0,0,0.7462687,0.4975124,0,96.26866,1.99005,0.4975124,0
2022-06-26 05:52:38,0,0,1.0050251,0,0,96.48241,2.512563,0,0
2022-06-26 05:52:37,0,0,0.75,0,0,97.75,1.25,0.25,0
2022-06-26 05:52:36,0,0,0.5,0.5,0,96.75,2,0.25,0
2022-06-26 05:52:35,0,0,0.4975124,0.2487562,0,97.76119,1.4925373,0,0
2022-06-26 05:52:34,0,0,0.2518892,0,0,98.74055,0.7556675,0.2518892,0
2022-06-26 05:52:33,0,0,0,0,0,99,0.75,0.25,0
2022-06-26 05:52:32,0,0,0.9975062,0.2493766,0,95.7606,2.992519,0,0
2022-06-26 05:52:31,0,0,1.2531328,0.2506266,0,95.98997,2.255639,0.2506266,0
2022-06-26 05:52:30,0,0,0.7462687,0,0,96.76617,2.238806,0.2487562,0
2022-06-26 05:52:29,0,0,0.5025126,0,0,97.98995,1.2562814,0.2512563,0
2022-06-26 05:52:28,0,0,0.5,0.25,0,98.25,0.75,0.25,0
2022-06-26 05:52:27,0,0,0.2493766,0,0,98.50374,0.9975062,0.2493766,0
2022-06-26 05:52:26,0,0,0.2506266,0,0,98.74687,0.7518797,0.2506266,0
2022-06-26 05:52:25,0,0,1.745636,0.2493766,0,95.26185,2.493766,0.2493766,0
2022-06-26 05:52:24,0,0,1.0025063,0,0,95.98997,3.007519,0,0
2022-06-26 05:52:23,0,0,1,0.25,0,96.5,2,0.25,0
2022-06-26 05:52:22,0,0,0.25,0,0,98.25,1.25,0.25,0
2022-06-26 05:52:21,0,0,0.5,0,0,98,1.25,0.25,0
2022-06-26 05:52:20,0,0,0.2487562,0,0,99.00498,0.4975124,0.2487562,0
2022-06-26 05:52:19,0,0,0.5012531,0.2506266,0,97.49373,1.5037594,0.2506266,0
2022-06-26 05:52:18,0,0,0.5,0.25,0,97.25,1.5,0.5,0
2022-06-26 05:52:17,0,0,1,0.25,0,97,1.75,0,0
2022-06-26 05:52:16,0,0,1.2468828,0.4987531,0,95.26185,2.743142,0.2493766,0
2022-06-26 05:52:15,0,0,0.25,0.5,0,97.5,1.5,0.25,0
2022-06-26 05:52:14,0,0,0.5012531,0,0,97.49373,1.754386,0.2506266,0
2022-06-26 05:52:13,0,0,0,0,0,98.74687,1.0025063,0.2506266,0
2022-06-26 05:52:12,0,0,0.2493766,0,0,98.75312,0.7481297,0.2493766,0
2022-06-26 05:52:11,0,0,1,0.25,0,96.75,1.75,0.25,0
2022-06-26 05:52:10,0,0,0.4987531,0,0,96.50873,2.743142,0.2493766,0
2022-06-26 05:52:09,0,0,0.7518797,0.2506266,0,95.2381,3.759398,0,0
2022-06-26 05:52:08,0,0,1.0025063,0,0,96.74185,2.005013,0.2506266,0
2022-06-26 05:52:07,0,0,0.7481297,0.2493766,0,95.7606,2.992519,0.2493766,0
2022-06-26 05:52:06,0,0,0,0,0,99,0.5,0.5,0
2022-06-26 05:52:05,0,0,0,0,0,99.49749,0.2512563,0.2512563,0
2022-06-26 05:52:04,0,0,0.2493766,0,0,98.00499,1.4962594,0.2493766,0
2022-06-26 05:52:03,0,0,0.4975124,0,0,96.26866,2.736318,0.4975124,0
2022-06-26 05:52:02,0,0,0.7537688,0.2512563,0,94.47236,4.522613,0,0
2022-06-26 05:52:01,0,0,1.2406948,0.248139,0,92.80397,5.459057,0.248139,0
2022-06-26 05:52:00,0,0,1.2562814,0.2512563,0,93.21608,5.025126,0.2512563,0
2022-06-26 05:51:59,0,0,1.99005,0.4975124,0,89.801,7.21393,0.4975124,0
2022-06-26 05:51:58,0,0,1.2531328,0,0,92.73183,5.764411,0.2506266,0
2022-06-26 05:51:57,0,0,0.5,0,0,88.5,10.75,0.25,0
2022-06-26 05:51:56,0,0,0.25,0,0,94.75,5,0,0
2022-06-26 05:51:55,0,0,0,0,0,94.75,4.5,0.5,0
2022-06-26 05:51:54,0,0,0.2493766,0.2493766,0,93.26683,5.486284,0.4987531,0
2022-06-26 05:51:53,0,0,0,0,0,93.70277,6.04534,0.2518892,0
2022-06-26 05:51:52,0,0,0,0.2487562,0,93.53234,5.970149,0.2487562,0
2022-06-26 05:51:51,0,0,0.2518892,0,0,75.06297,10.831234,0.2518892,0
2022-06-26 05:51:50,0,0,0,0.2506266,0,80.45113,6.015038,0,0
2022-06-26 05:51:49,0,0,0.25,0.25,0,97.5,1.5,0.5,0
2022-06-26 05:51:48,0,0,0,0.25,0,97.75,1.75,0.25,0
2022-06-26 05:51:47,0,0,0,0,0,99.25,0.5,0.25,0
2022-06-26 05:51:46,0,0,0.2493766,0,0,98.50374,1.2468828,0,0
2022-06-26 05:51:45,0,0,0.2506266,0,0,97.74436,1.754386,0.2506266,0
2022-06-26 05:51:44,0,0,0.5,0.25,0,97.75,1.5,0,0
2022-06-26 05:51:43,0,0,0.2506266,0.2506266,0,97.99499,1.2531328,0.2506266,0
2022-06-26 05:51:42,0,0,0.4975124,0,0,98.00995,1.2437811,0.2487562,0
2022-06-26 05:51:41,0,0,0,0,0,98.74372,1.2562814,0,0
2022-06-26 05:51:40,0,0,0.4987531,0.2493766,0,98.00499,0.9975062,0.2493766,0
2022-06-26 05:51:39,0,0,1,0,0,97.5,1.25,0.25,0
2022-06-26 05:51:38,0,0,1.2437811,0.2487562,0,94.77612,3.482587,0.2487562,0
2022-06-26 05:51:37,0,0,0.5025126,0,0,97.98995,1.2562814,0.2512563,0
2022-06-26 05:51:36,0,0,0.2493766,0.2493766,0,98.50374,0.7481297,0,0
2022-06-26 05:51:35,0,0,0.5012531,0,0,98.49624,1.0025063,0,0
2022-06-26 05:51:34,0,0,0.25,0,0,97.75,2,0,0
2022-06-26 05:51:33,0,0,0.4987531,0.2493766,0,98.25436,0.7481297,0.2493766,0
2022-06-26 05:51:32,0,0,1.25,0,0,95.75,2.75,0.25,0
2022-06-26 05:51:31,0,0,1.2531328,0.2506266,0,95.98997,2.506266,0,0
2022-06-26 05:51:30,0,0,0.25,0,0,98.25,1.5,0,0
2022-06-26 05:51:29,0,0,0.25,0,0,99,0.75,0,0
2022-06-26 05:51:28,0,0,0.25,0,0,98.25,1,0.5,0
2022-06-26 05:51:27,0,0,0.5,0.25,0,98.75,0.5,0,0
2022-06-26 05:51:26,0,0,0.4987531,0,0,96.7581,2.244389,0.4987531,0
2022-06-26 05:51:25,0,0,2,0.25,0,94.75,2.75,0.25,0
2022-06-26 05:51:24,0,0,1.2531328,0.2506266,0,94.73684,3.508772,0.2506266,0
2022-06-26 05:51:23,0,0,0.2506266,0,0,98.49624,1.0025063,0.2506266,0
2022-06-26 05:51:22,0,0,0,0,0,99.00744,0.4962779,0.4962779,0
2022-06-26 05:51:21,0,0,0.2518892,0,0,98.74055,1.0075567,0,0
2022-06-26 05:51:20,0,0,0.4987531,0,0,98.00499,1.2468828,0.2493766,0
2022-06-26 05:51:19,0,0,0.75,0.25,0,96.5,2.25,0.25,0
2022-06-26 05:51:18,0,0,1.5037594,0.2506266,0,95.2381,2.756892,0.2506266,0
2022-06-26 05:51:17,0,0,1,0,0,95.75,2.5,0.75,0
2022-06-26 05:51:16,0,0,0,0.2493766,0,98.25436,1.2468828,0.2493766,0
2022-06-26 05:51:15,0,0,0,0,0,99,0.5,0.5,0
2022-06-26 05:51:14,0,0,0.2506266,0,0,99.24812,0.2506266,0.2506266,0
2022-06-26 05:51:13,0,0,0.2493766,0,0,97.75561,1.745636,0.2493766,0
2022-06-26 05:51:12,0,0,0.9975062,0,0,96.50873,2.493766,0,0
2022-06-26 05:51:11,0,0,0.7537688,0,0,96.23116,2.512563,0.5025126,0
2022-06-26 05:51:10,0,0,1.4888337,0.248139,0,94.04467,3.970223,0.248139,0
2022-06-26 05:51:09,0,0,0.7537688,0,0,96.48241,2.261307,0.5025126,0
2022-06-26 05:51:08,0,0,0.25,0,0,98.75,0.75,0.25,0
2022-06-26 05:51:07,0,0,0,0,0,98.25436,1.4962594,0.2493766,0
2022-06-26 05:51:06,0,0,0,0,0,99.24812,0.5012531,0.2506266,0
2022-06-26 05:51:05,0,0,0.5,0,0,97.5,2,0,0
2022-06-26 05:51:04,0,0,0.4987531,0.2493766,0,97.00748,1.995012,0.2493766,0
2022-06-26 05:51:03,0,0,1.2531328,0.2506266,0,93.73434,4.761905,0,0
2022-06-26 05:51:02,0,0,1.741294,0.4975124,0,90.54726,7.21393,0,0
2022-06-26 05:51:01,0,0,1.5037594,0.2506266,0,90.72682,7.017544,0.5012531,0
2022-06-26 05:51:00,0,0,1,0.25,0,89.5,9.25,0,0
2022-06-26 05:50:59,0,0,1,0.25,0,92,6.75,0,0
2022-06-26 05:50:58,0,0,0,0,0,91.70854,8.040201,0.2512563,0
2022-06-26 05:50:57,0,0,0.2493766,0.2493766,0,92.26933,6.982544,0.2493766,0
2022-06-26 05:50:56,0,0,0,0,0,93.51621,6.234414,0.2493766,0
2022-06-26 05:50:55,0,0,0,0,0,93.48371,6.516291,0,0
2022-06-26 05:50:54,0,0,0.2512563,0.2512563,0,88.94472,9.547739,0.2512563,0
2022-06-26 05:50:53,0,0,0,0,0,85.78554,11.221945,0.2493766,0
2022-06-26 05:50:52,0,0,0.2506266,0,0,93.98496,4.511278,0.2506266,0
2022-06-26 05:50:51,0,0,0,0,0,98.24121,1.758794,0,0
2022-06-26 05:50:50,0,0,0,0,0,99,1,0,0
2022-06-26 05:50:49,0,0,0.2506266,0,0,98.49624,0.7518797,0.5012531,0
2022-06-26 05:50:48,0,0,0,0,0,97.75,2,0.25,0
2022-06-26 05:50:47,0,0,0.7481297,0,0,97.75561,1.2468828,0.2493766,0
2022-06-26 05:50:46,0,0,0.25,0,0,98.5,1.25,0,0
2022-06-26 05:50:45,0,0,0.2493766,0.2493766,0,98.25436,0.9975062,0.2493766,0
2022-06-26 05:50:44,0,0,0,0,0,99.00498,0.7462687,0.2487562,0
2022-06-26 05:50:43,0,0,0.2512563,0,0,98.74372,0.7537688,0.2512563,0
2022-06-26 05:50:42,0,0,0.5012531,0,0,97.99499,1.2531328,0.2506266,0
2022-06-26 05:50:41,0,0,1.4962594,0.2493766,0,95.26185,2.743142,0.2493766,0
2022-06-26 05:50:40,0,0,1,0,0,96.5,2.25,0.25,0
2022-06-26 05:50:39,0,0,0.7518797,0,0,96.99248,2.005013,0.2506266,0
2022-06-26 05:50:38,0,0,0.5,0,0,97.75,1,0.75,0
2022-06-26 05:50:37,0,0,0.25,0,0,98.25,1.25,0.25,0
2022-06-26 05:50:36,0,0,0,0,0,98.75622,0.7462687,0.4975124,0
2022-06-26 05:50:35,0,0,0.75,0,0,96.25,2.5,0.5,0
2022-06-26 05:50:34,0,0,1.5037594,0.7518797,0,93.98496,3.258145,0.5012531,0
2022-06-26 05:50:33,0,0,1.2437811,0.2487562,0,95.52239,2.736318,0.2487562,0
2022-06-26 05:50:32,0,0,0.7556675,0.2518892,0,96.72544,2.267003,0,0
2022-06-26 05:50:31,0,0,0,0,0,99.00249,0.7481297,0.2493766,0
2022-06-26 05:50:30,0,0,0.2493766,0,0,99.00249,0.2493766,0.4987531,0
2022-06-26 05:50:29,0,0,0,0,0,99.25,0.5,0.25,0
2022-06-26 05:50:28,0,0,0.7537688,0.2512563,0,96.48241,2.261307,0.2512563,0
2022-06-26 05:50:27,0,0,1.5,0.25,0,95,3.25,0,0
2022-06-26 05:50:26,0,0,1.2468828,0.2493766,0,94.51372,3.740648,0.2493766,0
2022-06-26 05:50:25,0,0,0.75,0.25,0,97,1.75,0.25,0
2022-06-26 05:50:24,0,0,0.25,0.25,0,98.75,0.5,0.25,0
2022-06-26 05:50:23,0,0,0,0,0,99.24812,0.7518797,0,0
2022-06-26 05:50:22,0,0,0.2493766,0,0,98.25436,1.2468828,0.2493766,0
2022-06-26 05:50:21,0,0,0.75,0.25,0,97,1.75,0.25,0
2022-06-26 05:50:20,0,0,1.0025063,0.2506266,0,95.2381,3.258145,0.2506266,0
2022-06-26 05:50:19,0,0,1.5037594,0,0,94.48622,3.508772,0.5012531,0
2022-06-26 05:50:18,0,0,0.2487562,0.2487562,0,97.76119,1.4925373,0.2487562,0
2022-06-26 05:50:17,0,0,0.2493766,0,0,98.25436,1.2468828,0.2493766,0
2022-06-26 05:50:16,0,0,0,0,0,99.25187,0.7481297,0,0
2022-06-26 05:50:15,0,0,0,0,0,98.99497,0.7537688,0.2512563,0
2022-06-26 05:50:14,0,0,0.2506266,0,0,97.99499,1.5037594,0.2506266,0
2022-06-26 05:50:13,0,0,1.2468828,0.2493766,0,93.76559,4.488778,0.2493766,0
2022-06-26 05:50:12,0,0,1.2468828,0,0,94.51372,4.239401,0,0
2022-06-26 05:50:11,0,0,1.0025063,0,0,96.49123,2.506266,0,0
2022-06-26 05:50:10,0,0,0.25,0.25,0,97.25,2,0.25,0
2022-06-26 05:50:09,0,0,0,0,0,98.75,1,0,0
2022-06-26 05:50:08,0,0,0,0,0,99.25,0.5,0.25,0
2022-06-26 05:50:07,0,0,0.25,0,0,98.75,1,0,0
2022-06-26 05:50:06,0,0,0.2487562,0,0,97.76119,1.741294,0.2487562,0
2022-06-26 05:50:05,0,0,0.7518797,0.2506266,0,95.73935,3.258145,0,0
2022-06-26 05:50:04,0,0,1.754386,0,0,92.23058,5.764411,0.2506266,0
2022-06-26 05:50:03,0,0,1.745636,0,0,92.01995,5.985037,0.2493766,0
2022-06-26 05:50:02,0,0,1.75,0.25,0,90.25,7.25,0.5,0
2022-06-26 05:50:01,0,0,0.7481297,0,0,90.77307,7.98005,0.2493766,0
2022-06-26 05:50:00,0,0,0.2518892,0,0,94.71033,5.037783,0,0
2022-06-26 05:49:59,0,0,0.25,0,0,93.5,6.25,0,0
2022-06-26 05:49:58,0,0,0,0.2487562,0,93.28358,5.721393,0.7462687,0
2022-06-26 05:49:57,0,0,0.2493766,0,0,92.01995,7.730673,0,0
2022-06-26 05:49:56,0,0,0,0,0,91.22807,8.521303,0.2506266,0
2022-06-26 05:49:55,0,0,0,0,0,85.96491,11.027569,0.2506266,0
2022-06-26 05:49:54,0,0,0.2518892,0.2518892,0,94.20655,4.534005,0.2518892,0
2022-06-26 05:49:53,0,0,0,0,0,96.7581,2.493766,0.4987531,0
2022-06-26 05:49:52,0,0,0,0,0,97.49373,2.506266,0,0
2022-06-26 05:49:51,0,0,0.25,0,0,99,0.5,0.25,0
2022-06-26 05:49:50,0,0,0,0,0,99.25,0.5,0.25,0
2022-06-26 05:49:49,0,0,0,0.248139,0,98.51117,0.9925558,0.248139,0
2022-06-26 05:49:48,0,0,0.5037783,0,0,96.47355,2.770781,0.2518892,0
2022-06-26 05:49:47,0,0,0.2493766,0,0,99.00249,0.4987531,0.2493766,0
2022-06-26 05:49:46,0,0,0.25,0.25,0,98.75,0.75,0,0
2022-06-26 05:49:45,0,0,0,0,0,99,1,0,0
2022-06-26 05:49:44,0,0,0.25,0,0,98.25,1.25,0.25,0
2022-06-26 05:49:43,0,0,1.2468828,0.4987531,0,94.76309,2.992519,0.4987531,0
2022-06-26 05:49:42,0,0,0.7518797,0,0,96.74185,2.506266,0,0
2022-06-26 05:49:41,0,0,1,0.75,0,96.25,1.75,0.25,0
2022-06-26 05:49:40,0,0,0.7518797,0,0,96.74185,2.255639,0.2506266,0
2022-06-26 05:49:39,0,0,0.2487562,0.2487562,0,98.00995,1.2437811,0.2487562,0
2022-06-26 05:49:38,0,0,0,0,0,99.75062,0.2493766,0,0
2022-06-26 05:49:37,0,0,0.5012531,0.2506266,0,97.99499,1.0025063,0.2506266,0
2022-06-26 05:49:36,0,0,1.0050251,0,0,96.23116,2.512563,0.2512563,0
2022-06-26 05:49:35,0,0,1.2437811,0.2487562,0,94.52736,3.731343,0.2487562,0
2022-06-26 05:49:34,0,0,1.0025063,0.2506266,0,96.2406,2.255639,0.2506266,0
2022-06-26 05:49:33,0,0,0.5025126,0,0,96.98492,2.01005,0.5025126,0
2022-06-26 05:49:32,0,0,0.4962779,0.248139,0,98.26303,0.7444169,0.248139,0
2022-06-26 05:49:31,0,0,0,0,0,98.99749,1.0025063,0,0
2022-06-26 05:49:30,0,0,0.5,0,0,97.75,1.5,0.25,0
2022-06-26 05:49:29,0,0,1.25,0.25,0,95.75,2.75,0,0
2022-06-26 05:49:28,0,0,0.7518797,0,0,97.49373,1.5037594,0.2506266,0
2022-06-26 05:49:27,0,0,1.25,0.25,0,96,2.25,0.25,0
2022-06-26 05:49:26,0,0,0.75,0.25,0,98,1,0,0
2022-06-26 05:49:25,0,0,0.4987531,0,0,98.25436,0.9975062,0.2493766,0
2022-06-26 05:49:24,0,0,0,0,0,99,0.5,0.5,0
2022-06-26 05:49:23,0,0,0.2506266,0.2506266,0,97.99499,1.2531328,0.2506266,0
2022-06-26 05:49:22,0,0,0.9975062,0,0,96.50873,1.995012,0.4987531,0
2022-06-26 05:49:21,0,0,1,0.5,0,95.25,3,0.25,0
2022-06-26 05:49:20,0,0,1.2437811,0,0,95.52239,3.233831,0,0
2022-06-26 05:49:19,0,0,0.5025126,0,0,97.23618,2.01005,0.2512563,0
2022-06-26 05:49:18,0,0,0,0,0,98.75,1,0.25,0
2022-06-26 05:49:17,0,0,0.2506266,0,0,98.24561,1.5037594,0,0
2022-06-26 05:49:16,0,0,0.2493766,0,0,98.50374,0.7481297,0.4987531,0
2022-06-26 05:49:15,0,0,0.75,0.25,0,95,3.75,0.25,0
2022-06-26 05:49:14,0,0,0.7481297,0.2493766,0,95.01247,3.990025,0,0
2022-06-26 05:49:13,0,0,0.7518797,0.5012531,0,95.98997,2.255639,0.5012531,0
2022-06-26 05:49:12,0,0,0.75,0,0,95.5,3.5,0.25,0
2022-06-26 05:49:11,0,0,1.25,0.25,0,95.5,2.75,0.25,0
2022-06-26 05:49:10,0,0,0,0,0,98.75,1.25,0,0
2022-06-26 05:49:09,0,0,0,0,0,99,0.75,0.25,0
2022-06-26 05:49:08,0,0,0.5,0,0,97.5,2,0,0
2022-06-26 05:49:07,0,0,0.7481297,0,0,96.25935,2.743142,0.2493766,0
2022-06-26 05:49:06,0,0,1.25,0.25,0,95,3.25,0.25,0
2022-06-26 05:49:05,0,0,0.7518797,0.2506266,0,93.98496,5.012531,0,0
2022-06-26 05:49:04,0,0,0.75,0,0,93.75,5.25,0.25,0
2022-06-26 05:49:03,0,0,1.25,0.5,0,91.5,6.5,0.25,0
2022-06-26 05:49:02,0,0,1.2531328,0.5012531,0,89.47368,8.521303,0.2506266,0
2022-06-26 05:49:01,0,0,1.4962594,0,0,88.77805,9.476309,0.2493766,0
2022-06-26 05:49:00,0,0,0,0,0,90.77307,8.977556,0.2493766,0
2022-06-26 05:48:59,0,0,0,0,0,94.22111,5.276382,0.5025126,0
2022-06-26 05:48:58,0,0,0.2493766,0,0,92.5187,6.982544,0.2493766,0
2022-06-26 05:48:57,0,0,0,0,0,91.5,7.75,0.5,0
2022-06-26 05:48:56,0,0,0,0,0,95.22613,4.522613,0.2512563,0
2022-06-26 05:48:55,0,0,0.2506266,0,0,90.72682,7.017544,0.2506266,0
2022-06-26 05:48:54,0,0,0.2475248,0.2475248,0,89.85149,3.960396,0.2475248,0
2022-06-26 05:48:53,0,0,0,0.2512563,0,98.99497,0.5025126,0.2512563,0
2022-06-26 05:48:52,0,0,0,0,0,98.5,1.25,0.25,0
2022-06-26 05:48:51,0,0,0.5,0,0,98.75,0.5,0.25,0
2022-06-26 05:48:50,0,0,0,0,0,98.5,1.25,0.25,0
2022-06-26 05:48:49,0,0,0.25,0,0,99,0.75,0,0
2022-06-26 05:48:48,0,0,0.25,0.25,0,98.25,1,0.25,0
2022-06-26 05:48:47,0,0,0,0,0,99.24812,0.7518797,0,0
2022-06-26 05:48:46,0,0,0.7481297,0,0,97.50623,1.4962594,0.2493766,0
2022-06-26 05:48:45,0,0,0.7518797,0.2506266,0,96.99248,2.005013,0,0
2022-06-26 05:48:44,0,0,0.4975124,0,0,98.00995,1.2437811,0.2487562,0
2022-06-26 05:48:43,0,0,0.75,0,0,97.5,1.5,0.25,0
2022-06-26 05:48:42,0,0,1.0050251,0,0,96.98492,2.01005,0,0
2022-06-26 05:48:41,0,0,0.4987531,0,0,98.00499,1.2468828,0.2493766,0
2022-06-26 05:48:40,0,0,0,0,0,98.74687,1.2531328,0,0
2022-06-26 05:48:39,0,0,0.4962779,0.248139,0,97.27047,1.736973,0.248139,0
2022-06-26 05:48:38,0,0,1,0,0,96.5,2,0.5,0
2022-06-26 05:48:37,0,0,0.2506266,0,0,99.24812,0.5012531,0,0
2022-06-26 05:48:36,0,0,1.2531328,0,0,95.48872,3.007519,0.2506266,0
2022-06-26 05:48:35,0,0,1,0.25,0,96.5,2,0.25,0
2022-06-26 05:48:34,0,0,0.4987531,0.2493766,0,98.00499,0.9975062,0.2493766,0
2022-06-26 05:48:33,0,0,0,0,0,98.74687,1.0025063,0.2506266,0
2022-06-26 05:48:32,0,0,0.5,0.25,0,97.75,1.5,0,0
2022-06-26 05:48:31,0,0,1.0025063,0,0,96.74185,2.005013,0.2506266,0
2022-06-26 05:48:30,0,0,0.7481297,0.2493766,0,96.25935,2.244389,0.4987531,0
2022-06-26 05:48:29,0,0,0.7518797,0.2506266,0,96.99248,2.005013,0,0
2022-06-26 05:48:28,0,0,0.7462687,0,0,96.76617,2.238806,0.2487562,0
2022-06-26 05:48:27,0,0,0.75,0.25,0,96.5,2.25,0.25,0
2022-06-26 05:48:26,0,0,0,0,0,99.49875,0.2506266,0.2506266,0
2022-06-26 05:48:25,0,0,0.75,0,0,98,1,0.25,0
2022-06-26 05:48:24,0,0,1,0,0,96.75,2,0.25,0
2022-06-26 05:48:23,0,0,0.5,0,0,97.25,2.25,0,0
2022-06-26 05:48:22,0,0,1,0,0,95.75,3,0.25,0
2022-06-26 05:48:21,0,0,0.9975062,0.2493766,0,96.00998,2.244389,0.4987531,0
2022-06-26 05:48:20,0,0,0.5025126,0.2512563,0,96.98492,2.261307,0,0
2022-06-26 05:48:19,0,0,0,0.248139,0,98.51117,0.9925558,0.248139,0
2022-06-26 05:48:18,0,0,0.2506266,0,0,97.49373,2.005013,0.2506266,0
2022-06-26 05:48:17,0,0,0.7518797,0,0,96.49123,2.255639,0.5012531,0
2022-06-26 05:48:16,0,0,0.7481297,0,0,97.00748,2.244389,0,0
2022-06-26 05:48:15,0,0,0.7537688,0,0,97.23618,1.758794,0.2512563,0
2022-06-26 05:48:14,0,0,0.7481297,0,0,96.25935,2.743142,0.2493766,0
2022-06-26 05:48:13,0,0,0.7518797,0,0,97.74436,1.2531328,0.2506266,0
2022-06-26 05:48:12,0,0,0.9975062,0,0,96.00998,2.743142,0.2493766,0
2022-06-26 05:48:11,0,0,0,0.25,0,98.75,0.75,0.25,0
2022-06-26 05:48:10,0,0,0.25,0,0,98.5,1,0.25,0
2022-06-26 05:48:09,0,0,0.5012531,0.2506266,0,96.49123,2.506266,0.2506266,0
2022-06-26 05:48:08,0,0,0.9975062,0.2493766,0,94.26434,3.740648,0.7481297,0
2022-06-26 05:48:07,0,0,1.2437811,0.4975124,0,93.28358,4.975124,0,0
2022-06-26 05:48:06,0,0,1.2531328,0.2506266,0,90.97744,7.26817,0.2506266,0
2022-06-26 05:48:05,0,0,1.0025063,0.2506266,0,92.4812,6.015038,0.2506266,0
2022-06-26 05:48:04,0,0,0.9975062,0.2493766,0,92.5187,5.735661,0.4987531,0
2022-06-26 05:48:03,0,0,0.5025126,0.2512563,0,92.21106,6.78392,0.2512563,0
2022-06-26 05:48:02,0,0,0.7481297,0,0,92.76808,6.234414,0.2493766,0
2022-06-26 05:48:01,0,0,0.2487562,0,0,91.79104,7.711443,0.2487562,0
2022-06-26 05:48:00,0,0,0,0,0,92.96482,6.78392,0.2512563,0
2022-06-26 05:47:59,0,0,0,0,0,90.97744,8.521303,0.2506266,0
2022-06-26 05:47:58,0,0,0.2506266,0,0,91.72932,7.769424,0.2506266,0
2022-06-26 05:47:57,0,0,0,0.2487562,0,93.53234,5.970149,0.2487562,0
2022-06-26 05:47:56,0,0,0.2506266,0,0,94.23559,5.513784,0,0
2022-06-26 05:47:55,0,0,0,0,0,96.51741,2.985075,0.4975124,0
2022-06-26 05:47:54,0,0,0,0,0,99.24433,0.7556675,0,0
2022-06-26 05:47:53,0,0,0,0,0,98.75,1,0.25,0
2022-06-26 05:47:52,0,0,0.4987531,0.2493766,0,98.00499,1.2468828,0,0
2022-06-26 05:47:51,0,0,0.25,0,0,98.5,1,0.25,0
2022-06-26 05:47:50,0,0,0.25,0,0,99,0.75,0,0
2022-06-26 05:47:49,0,0,0,0,0,98.5,1.5,0,0
2022-06-26 05:47:48,0,0,0.25,0,0,98.5,1,0.25,0
2022-06-26 05:47:47,0,0,0.25,0,0,98.5,1,0.25,0
2022-06-26 05:47:46,0,0,1.25,0.25,0,95.5,2.75,0.25,0
2022-06-26 05:47:45,0,0,0.9975062,0.2493766,0,97.00748,1.2468828,0.4987531,0
2022-06-26 05:47:44,0,0,0.7518797,0.2506266,0,97.24311,1.5037594,0.2506266,0
2022-06-26 05:47:43,0,0,0,0,0,98.49624,1.2531328,0.2506266,0
2022-06-26 05:47:42,0,0,0.4975124,0,0,98.25871,0.9950249,0.2487562,0
2022-06-26 05:47:41,0,0,0.2512563,0,0,99.24623,0.5025126,0,0
2022-06-26 05:47:40,0,0,0.5,0,0,96.75,2.25,0.25,0
2022-06-26 05:47:39,0,0,1.2468828,0,0,95.7606,2.743142,0.2493766,0
2022-06-26 05:47:38,0,0,1.25,0,0,96.75,1.5,0.5,0
2022-06-26 05:47:37,0,0,0.7481297,0.2493766,0,95.7606,3.241895,0,0
2022-06-26 05:47:36,0,0,0,0,0,99.24812,0.5012531,0.2506266,0
2022-06-26 05:47:35,0,0,0.5,0,0,97.5,1.75,0.25,0
2022-06-26 05:47:34,0,0,0.2506266,0,0,98.74687,0.7518797,0.2506266,0
2022-06-26 05:47:33,0,0,0.75,0.5,0,96.75,1.75,0.25,0
2022-06-26 05:47:32,0,0,0.9975062,0,0,97.00748,1.745636,0.2493766,0
2022-06-26 05:47:31,0,0,0.7518797,0.2506266,0,95.98997,3.007519,0,0
2022-06-26 05:47:30,0,0,0.7481297,0.2493766,0,97.75561,0.9975062,0.2493766,0
2022-06-26 05:47:29,0,0,0.4987531,0.2493766,0,97.25686,1.995012,0,0
2022-06-26 05:47:28,0,0,0.5012531,0,0,98.74687,0.7518797,0,0
2022-06-26 05:47:27,0,0,0,0,0,98.75622,0.9950249,0.2487562,0
2022-06-26 05:47:26,0,0,0.75,0.25,0,97,1.75,0.25,0
2022-06-26 05:47:25,0,0,1.2531328,0,0,95.48872,3.258145,0,0
2022-06-26 05:47:24,0,0,0.75,0,0,96.5,2.5,0.25,0
2022-06-26 05:47:23,0,0,0.75,0.25,0,97.25,1.5,0.25,0
2022-06-26 05:47:22,0,0,0.5012531,0.2506266,0,98.49624,0.7518797,0,0
2022-06-26 05:47:21,0,0,0.2506266,0,0,96.99248,2.756892,0,0
2022-06-26 05:47:20,0,0,0,0,0,98.50374,1.2468828,0.2493766,0
2022-06-26 05:47:19,0,0,0.5012531,0,0,97.24311,2.005013,0.2506266,0
2022-06-26 05:47:18,0,0,1.2468828,0.2493766,0,94.26434,3.990025,0.2493766,0
2022-06-26 05:47:17,0,0,0.7462687,0,0,97.26368,1.99005,0,0
2022-06-26 05:47:16,0,0,0.5,0.25,0,97.5,1.5,0.25,0
2022-06-26 05:47:15,0,0,0.7518797,0,0,97.74436,1.2531328,0.2506266,0
2022-06-26 05:47:14,0,0,0.5012531,0.2506266,0,97.49373,1.754386,0,0
2022-06-26 05:47:13,0,0,0.5,0,0,97.75,1.25,0.5,0
2022-06-26 05:47:12,0,0,0.2493766,0,0,99.00249,0.7481297,0,0
2022-06-26 05:47:11,0,0,0.2506266,0,0,97.74436,1.754386,0.2506266,0
2022-06-26 05:47:10,0,0,0.9950249,0.2487562,0,96.0199,2.736318,0,0
2022-06-26 05:47:09,0,0,1.25,0.25,0,95.75,2.75,0,0
2022-06-26 05:47:08,0,0,1.2562814,0.2512563,0,90.70352,7.537688,0.2512563,0
2022-06-26 05:47:07,0,0,1,0.25,0,93,5.5,0.25,0
2022-06-26 05:47:06,0,0,0.7462687,0,0,93.03483,5.970149,0.2487562,0
2022-06-26 05:47:05,0,0,0.7537688,0.2512563,0,91.70854,7.286432,0,0
2022-06-26 05:47:04,0,0,1.0050251,0,0,91.70854,6.78392,0.2512563,0
2022-06-26 05:47:03,0,0,0.4975124,0,0,92.0398,6.965174,0.4975124,0
2022-06-26 05:47:02,0,0,0,0,0,90.20101,9.296482,0,0
2022-06-26 05:47:01,0,0,0.2493766,0.2493766,0,90.77307,8.229426,0.4987531,0
2022-06-26 05:47:00,0,0,0,0,0,92.17172,7.575758,0,0
2022-06-26 05:46:59,0,0,0.2487562,0.2487562,0,92.28856,6.467662,0.7462687,0
2022-06-26 05:46:58,0,0,0,0,0,97.75561,2.244389,0,0
2022-06-26 05:46:57,0,0,0,0,0,98,2,0,0
2022-06-26 05:46:56,0,0,0.2512563,0,0,97.73869,1.758794,0.2512563,0
2022-06-26 05:46:55,0,0,0,0,0,97.99499,1.754386,0.2506266,0
2022-06-26 05:46:54,0,0,0.25,0,0,97.75,1.75,0.25,0
2022-06-26 05:46:53,0,0,0.4987531,0.2493766,0,97.25686,1.745636,0.2493766,0
2022-06-26 05:46:52,0,0,0,0.25,0,99,0.75,0,0
2022-06-26 05:46:51,0,0,0.2512563,0,0,98.74372,0.7537688,0.2512563,0
2022-06-26 05:46:50,0,0,0.2487562,0.2487562,0,98.00995,1.2437811,0.2487562,0
2022-06-26 05:46:49,0,0,0.2506266,0,0,97.49373,2.005013,0.2506266,0
2022-06-26 05:46:48,0,0,0.9975062,0.2493766,0,96.25935,2.244389,0.2493766,0
2022-06-26 05:46:47,0,0,1,0.25,0,96.75,1.75,0.25,0
2022-06-26 05:46:46,0,0,0.4975124,0,0,97.76119,1.4925373,0,0
2022-06-26 05:46:45,0,0,0.4987531,0.2493766,0,97.25686,1.4962594,0.4987531,0
2022-06-26 05:46:44,0,0,0.2518892,0,0,98.23678,1.2594458,0.2518892,0
2022-06-26 05:46:43,0,0,0.5,0.25,0,97.25,1.75,0.25,0
2022-06-26 05:46:42,0,0,0.4987531,0,0,97.25686,1.995012,0.2493766,0
2022-06-26 05:46:41,0,0,1.0050251,0,0,97.48744,1.2562814,0.2512563,0
2022-06-26 05:46:40,0,0,0.7481297,0,0,97.00748,1.995012,0.2493766,0
2022-06-26 05:46:39,0,0,0.4987531,0,0,97.75561,1.4962594,0.2493766,0
2022-06-26 05:46:38,0,0,0.5,0,0,95.5,3.75,0.25,0
2022-06-26 05:46:37,0,0,0.7537688,0,0,97.23618,1.758794,0.2512563,0
2022-06-26 05:46:36,0,0,0.4987531,0.4987531,0,97.75561,1.2468828,0,0
2022-06-26 05:46:35,0,0,0.4975124,0,0,98.25871,0.7462687,0.4975124,0
2022-06-26 05:46:34,0,0,0.7518797,0.2506266,0,96.74185,2.005013,0.2506266,0
2022-06-26 05:46:33,0,0,1.2531328,0,0,96.49123,2.255639,0,0
2022-06-26 05:46:32,0,0,0.4975124,0,0,97.76119,1.2437811,0.4975124,0
2022-06-26 05:46:31,0,0,0.2512563,0,0,97.73869,1.758794,0.2512563,0
2022-06-26 05:46:30,0,0,0.5025126,0,0,96.98492,2.01005,0.5025126,0
2022-06-26 05:46:29,0,0,0.4962779,0.248139,0,98.01489,0.9925558,0.248139,0
2022-06-26 05:46:28,0,0,0.7481297,0.2493766,0,97.00748,1.4962594,0.4987531,0
2022-06-26 05:46:27,0,0,0.75,0,0,97.25,2,0,0
2022-06-26 05:46:26,0,0,1.0050251,0.2512563,0,96.48241,2.261307,0,0
2022-06-26 05:46:25,0,0,1.2594458,0,0,95.21411,3.526448,0,0
2022-06-26 05:46:24,0,0,0.4962779,0,0,96.77419,2.233251,0.4962779,0
2022-06-26 05:46:23,0,0,0.25,0,0,99,0.75,0,0
2022-06-26 05:46:22,0,0,0.5,0.25,0,97.75,1.25,0.25,0
2022-06-26 05:46:21,0,0,0.4987531,0,0,97.25686,1.995012,0.2493766,0
2022-06-26 05:46:20,0,0,0.5025126,0.2512563,0,96.98492,2.261307,0,0
2022-06-26 05:46:19,0,0,0.4975124,0.2487562,0,96.76617,2.238806,0.2487562,0
2022-06-26 05:46:18,0,0,1.0025063,0,0,94.98747,3.759398,0.2506266,0
2022-06-26 05:46:17,0,0,0.9975062,0.4987531,0,94.76309,3.241895,0.4987531,0
2022-06-26 05:46:16,0,0,0.5,0,0,98.5,1,0,0
2022-06-26 05:46:15,0,0,0.2506266,0.2506266,0,96.49123,2.756892,0.2506266,0
2022-06-26 05:46:14,0,0,0.5,0.25,0,97.25,2,0,0
2022-06-26 05:46:13,0,0,0.25,0,0,98.25,1.25,0.25,0
2022-06-26 05:46:12,0,0,0.5,0,0,97,2.5,0,0
2022-06-26 05:46:11,0,0,0.7462687,0,0,96.51741,2.238806,0.4975124,0
2022-06-26 05:46:10,0,0,1.0050251,0,0,94.22111,4.773869,0,0
2022-06-26 05:46:09,0,0,1.995012,0.7481297,0,92.26933,4.738155,0.2493766,0
2022-06-26 05:46:08,0,0,1.2562814,0.5025126,0,89.94975,8.291457,0,0
2022-06-26 05:46:07,0,0,0.9975062,0,0,91.27182,7.481297,0.2493766,0
2022-06-26 05:46:06,0,0,0,0,0,94.75,5.25,0,0
2022-06-26 05:46:05,0,0,0.4987531,0.2493766,0,92.26933,6.733167,0.2493766,0
2022-06-26 05:46:04,0,0,0.5025126,0,0,92.96482,6.532663,0,0
2022-06-26 05:46:03,0,0,0.2487562,0.2487562,0,90.29851,8.955224,0.2487562,0
2022-06-26 05:46:02,0,0,0.2493766,0,0,93.01746,6.483791,0.2493766,0
2022-06-26 05:46:01,0,0,0,0.2506266,0,91.72932,7.017544,0,0
2022-06-26 05:46:00,0,0,0.2512563,0,0,91.70854,6.78392,0.2512563,0
2022-06-26 05:45:59,0,0,0,0,0,96.2406,3.508772,0,0
2022-06-26 05:45:58,0,0,0.25,0,0,97.25,2,0.5,0
2022-06-26 05:45:57,0,0,0,0,0,99,1,0,0
2022-06-26 05:45:56,0,0,0.25,0,0,97.75,2,0,0
2022-06-26 05:45:55,0,0,0,0,0,98.75312,0.9975062,0.2493766,0
2022-06-26 05:45:54,0,0,0.5012531,0.2506266,0,97.24311,1.754386,0.2506266,0
2022-06-26 05:45:53,0,0,0,0,0,98.25,1.5,0.25,0
2022-06-26 05:45:52,0,0,0.25,0,0,98.5,1,0.25,0
2022-06-26 05:45:51,0,0,0.75,0,0,97.75,1.25,0.25,0
2022-06-26 05:45:50,0,0,0,0.25,0,98,1.5,0.25,0
2022-06-26 05:45:49,0,0,0.5,0,0,98,1.25,0.25,0
2022-06-26 05:45:48,0,0,1.2468828,0.2493766,0,96.00998,2.493766,0,0
2022-06-26 05:45:47,0,0,1.0025063,0,0,95.48872,3.258145,0.2506266,0
2022-06-26 05:45:46,0,0,0.25,0.25,0,98.5,1,0,0
2022-06-26 05:45:45,0,0,0.5,0,0,97.25,1.75,0.5,0
2022-06-26 05:45:44,0,0,0.4975124,0,0,97.51244,1.741294,0.2487562,0
2022-06-26 05:45:43,0,0,0.2506266,0.2506266,0,98.24561,1.0025063,0.2506266,0
2022-06-26 05:45:42,0,0,0.2506266,0,0,97.99499,1.5037594,0.2506266,0
2022-06-26 05:45:41,0,0,1.5037594,0,0,95.73935,2.255639,0.5012531,0
2022-06-26 05:45:40,0,0,0.9950249,0.2487562,0,96.76617,1.741294,0.2487562,0
2022-06-26 05:45:39,0,0,0.2506266,0,0,99.24812,0.2506266,0.2506266,0
2022-06-26 05:45:38,0,0,0.4975124,0.2487562,0,97.26368,1.4925373,0.4975124,0
2022-06-26 05:45:37,0,0,0.5025126,0.2512563,0,98.24121,1.0050251,0,0
2022-06-26 05:45:36,0,0,0.25,0,0,98.75,1,0,0
2022-06-26 05:45:35,0,0,0.5012531,0,0,97.24311,2.005013,0.2506266,0
2022-06-26 05:45:34,0,0,1.4925373,0.4975124,0,95.02488,2.736318,0.2487562,0
2022-06-26 05:45:33,0,0,0.7518797,0,0,97.24311,1.754386,0.2506266,0
2022-06-26 05:45:32,0,0,0,0.25,0,98.75,1,0,0
2022-06-26 05:45:31,0,0,0.5,0,0,96.25,3.25,0,0
2022-06-26 05:45:30,0,0,0.75,0,0,98,1,0.25,0
2022-06-26 05:45:29,0,0,0.2487562,0,0,98.00995,1.4925373,0.2487562,0
2022-06-26 05:45:28,0,0,0.5,0,0,98,1,0.5,0
2022-06-26 05:45:27,0,0,1.2562814,0.5025126,0,94.47236,3.517588,0.2512563,0
2022-06-26 05:45:26,0,0,0.7518797,0,0,96.99248,1.754386,0.5012531,0
2022-06-26 05:45:25,0,0,0.4987531,0,0,97.25686,1.995012,0.2493766,0
2022-06-26 05:45:24,0,0,0.4975124,0.2487562,0,97.26368,1.741294,0.2487562,0
2022-06-26 05:45:23,0,0,0.7537688,0,0,97.98995,1.2562814,0,0
2022-06-26 05:45:22,0,0,0.5,0,0,97.5,1.5,0.5,0
2022-06-26 05:45:21,0,0,0.4987531,0.2493766,0,97.75561,1.2468828,0.2493766,0
2022-06-26 05:45:20,0,0,0.75,0,0,96.5,2.75,0,0
2022-06-26 05:45:19,0,0,1,0.25,0,94.5,4.25,0,0
2022-06-26 05:45:18,0,0,0.7518797,0,0,96.49123,2.005013,0.7518797,0
2022-06-26 05:45:17,0,0,0.4987531,0.2493766,0,97.00748,1.995012,0.2493766,0
2022-06-26 05:45:16,0,0,0.75,0,0,95.75,3.25,0.25,0
2022-06-26 05:45:15,0,0,0.5,0.25,0,98.25,1,0,0
2022-06-26 05:45:14,0,0,0.5012531,0,0,97.24311,2.005013,0.2506266,0
2022-06-26 05:45:13,0,0,0.7518797,0,0,95.2381,4.010025,0,0
2022-06-26 05:45:12,0,0,0.7481297,0.2493766,0,94.76309,3.990025,0.2493766,0
2022-06-26 05:45:11,0,0,0.9950249,0,0,94.52736,4.228856,0.2487562,0
2022-06-26 05:45:10,0,0,1.2531328,0.2506266,0,92.23058,6.265664,0,0
2022-06-26 05:45:09,0,0,1.5,0.5,0,90,8,0,0
2022-06-26 05:45:08,0,0,1,0,0,90.5,8.25,0.25,0
2022-06-26 05:45:07,0,0,0.2512563,0,0,92.96482,6.532663,0.2512563,0
2022-06-26 05:45:06,0,0,0.4987531,0.2493766,0,92.76808,5.985037,0.4987531,0
2022-06-26 05:45:05,0,0,0.2493766,0,0,92.01995,7.481297,0.2493766,0
2022-06-26 05:45:04,0,0,0,0,0,93.5,6.25,0.25,0
2022-06-26 05:45:03,0,0,0.2506266,0,0,91.97995,7.26817,0.5012531,0
2022-06-26 05:45:02,0,0,0,0,0,89.5,7.75,0.5,0
2022-06-26 05:45:01,0,0,0.25,0,0,92.75,5.25,0.5,0
2022-06-26 05:45:00,0,0,0,0,0,97.75,1.75,0.25,0
2022-06-26 05:44:59,0,0,0.25,0,0,97.75,1.5,0.5,0
2022-06-26 05:44:58,0,0,0,0,0,98.75,1,0.25,0
2022-06-26 05:44:57,0,0,0.25,0,0,98.5,1.25,0,0
2022-06-26 05:44:56,0,0,0,0,0,98.74687,1.2531328,0,0
2022-06-26 05:44:55,0,0,0.4975124,0.2487562,0,96.76617,2.238806,0.2487562,0
2022-06-26 05:44:54,0,0,0,0,0,99,1,0,0
2022-06-26 05:44:53,0,0,0.25,0,0,98.5,1,0.25,0
2022-06-26 05:44:52,0,0,0.5,0,0,98,1.5,0,0
2022-06-26 05:44:51,0,0,0.4987531,0.2493766,0,97.00748,1.995012,0.2493766,0
2022-06-26 05:44:50,0,0,0.7518797,0,0,97.49373,1.5037594,0.2506266,0
2022-06-26 05:44:49,0,0,1.2468828,0,0,95.01247,3.241895,0.4987531,0
2022-06-26 05:44:48,0,0,0.5,0,0,97.25,2,0.25,0
2022-06-26 05:44:47,0,0,0,0,0,99.24812,0.5012531,0.2506266,0
2022-06-26 05:44:46,0,0,0.4975124,0.2487562,0,96.26866,2.736318,0.2487562,0
2022-06-26 05:44:45,0,0,1.0075567,0,0,97.48111,1.511335,0,0
2022-06-26 05:44:44,0,0,0.4987531,0.2493766,0,97.50623,1.4962594,0.2493766,0
2022-06-26 05:44:43,0,0,0.9950249,0,0,95.77114,2.985075,0.2487562,0
2022-06-26 05:44:42,0,0,1.2562814,0,0,95.47739,3.015075,0.2512563,0
2022-06-26 05:44:41,0,0,0,0,0,98.24561,1.754386,0,0
2022-06-26 05:44:40,0,0,0,0,0,98.75,1,0.25,0
2022-06-26 05:44:39,0,0,0.7462687,0,0,98.00995,0.9950249,0.2487562,0
2022-06-26 05:44:38,0,0,0.7537688,0.2512563,0,96.23116,2.763819,0,0
2022-06-26 05:44:37,0,0,0.75,0,0,97,2,0.25,0
2022-06-26 05:44:36,0,0,0.75,0.25,0,97,2,0,0
2022-06-26 05:44:35,0,0,0.9975062,0.2493766,0,96.00998,2.493766,0.2493766,0
2022-06-26 05:44:34,0,0,0.25,0,0,98.75,1,0,0
2022-06-26 05:44:33,0,0,0,0,0,98.74687,1.2531328,0,0
2022-06-26 05:44:32,0,0,0.75,0.25,0,97,1.75,0.25,0
2022-06-26 05:44:31,0,0,0.7462687,0.2487562,0,96.76617,2.238806,0,0
2022-06-26 05:44:30,0,0,0.5025126,0.2512563,0,97.98995,1.0050251,0.2512563,0
2022-06-26 05:44:29,0,0,0.4987531,0,0,97.25686,1.995012,0.2493766,0
2022-06-26 05:44:28,0,0,1.0050251,0.2512563,0,95.72864,2.512563,0.5025126,0
2022-06-26 05:44:27,0,0,0.4975124,0,0,98.50746,0.7462687,0.2487562,0
2022-06-26 05:44:26,0,0,0,0,0,98.49624,1.2531328,0.2506266,0
2022-06-26 05:44:25,0,0,1,0.25,0,97.75,0.75,0.25,0
2022-06-26 05:44:24,0,0,1.25,0,0,96.25,2.5,0,0
2022-06-26 05:44:23,0,0,1.25,0,0,96,2.5,0.25,0
2022-06-26 05:44:22,0,0,0.2493766,0.4987531,0,97.75561,1.4962594,0,0
2022-06-26 05:44:21,0,0,0.75,0.25,0,95.5,3.25,0.25,0
2022-06-26 05:44:20,0,0,0.7518797,0,0,97.49373,1.2531328,0.5012531,0
2022-06-26 05:44:19,0,0,0.4987531,0.2493766,0,96.7581,2.244389,0.2493766,0
2022-06-26 05:44:18,0,0,0.2506266,0,0,98.99749,0.7518797,0,0
2022-06-26 05:44:17,0,0,0,0,0,98.50374,0.9975062,0.4987531,0
2022-06-26 05:44:16,0,0,0.7537688,0,0,94.97487,4.271357,0,0
2022-06-26 05:44:15,0,0,1.2468828,0.2493766,0,95.26185,2.992519,0.2493766,0
2022-06-26 05:44:14,0,0,1,0.25,0,94,4.5,0.25,0
2022-06-26 05:44:13,0,0,0.9975062,0,0,92.5187,6.483791,0,0
2022-06-26 05:44:12,0,0,1.2468828,0.4987531,0,93.76559,4.239401,0.2493766,0
2022-06-26 05:44:11,0,0,1.0050251,0.2512563,0,93.46734,5.025126,0.2512563,0
2022-06-26 05:44:10,0,0,0.75,0,0,91.25,7.5,0.25,0
2022-06-26 05:44:09,0,0,0,0,0,91.79104,7.960199,0.2487562,0
2022-06-26 05:44:08,0,0,0.2506266,0.2506266,0,93.48371,5.513784,0.5012531,0
2022-06-26 05:44:07,0,0,0,0,0,91.97995,7.518797,0.5012531,0
2022-06-26 05:44:06,0,0,0.25,0.25,0,93.5,5.75,0.25,0
2022-06-26 05:44:05,0,0,0.5012531,0,0,92.4812,6.766917,0.2506266,0
2022-06-26 05:44:04,0,0,0.75,0.5,0,90,8.25,0,0
2022-06-26 05:44:03,0,0,0.2493766,0,0,97.00748,2.244389,0.4987531,0
2022-06-26 05:44:02,0,0,0,0.25,0,96.5,3.25,0,0
2022-06-26 05:44:01,0,0,0,0,0,98,1.5,0.5,0
2022-06-26 05:44:00,0,0,0.25,0,0,98.5,1.25,0,0
2022-06-26 05:43:59,0,0,0.25,0,0,96.75,2.75,0.25,0
2022-06-26 05:43:58,0,0,0.2506266,0,0,96.49123,3.007519,0.2506266,0
2022-06-26 05:43:57,0,0,0.2493766,0,0,98.75312,0.7481297,0.2493766,0
2022-06-26 05:43:56,0,0,0,0.25,0,99,0.75,0,0
2022-06-26 05:43:55,0,0,0,0,0,98.75312,0.9975062,0.2493766,0
2022-06-26 05:43:54,0,0,0.7481297,0,0,96.25935,2.992519,0,0
2022-06-26 05:43:53,0,0,0.7556675,0.2518892,0,97.733,1.2594458,0,0
2022-06-26 05:43:52,0,0,0.4987531,0.2493766,0,97.25686,1.4962594,0.4987531,0
2022-06-26 05:43:51,0,0,1.25,0,0,96,2.5,0.25,0
2022-06-26 05:43:50,0,0,0.5,0,0,98.25,1,0.25,0
2022-06-26 05:43:49,0,0,0,0,0,98.74687,1.0025063,0.2506266,0
2022-06-26 05:43:48,0,0,0,0,0,99,1,0,0
2022-06-26 05:43:47,0,0,0.7444169,0.248139,0,96.52605,2.233251,0.248139,0
2022-06-26 05:43:46,0,0,1.0025063,0.5012531,0,94.98747,3.007519,0.5012531,0
2022-06-26 05:43:45,0,0,1.2562814,0.2512563,0,95.72864,2.512563,0.2512563,0
2022-06-26 05:43:44,0,0,1,0.5,0,96,2.25,0.25,0
2022-06-26 05:43:43,0,0,0.2493766,0,0,97.75561,1.745636,0.2493766,0
2022-06-26 05:43:42,0,0,0,0,0,99.24812,0.7518797,0,0
2022-06-26 05:43:41,0,0,0,0,0,99.25187,0.2493766,0.4987531,0
2022-06-26 05:43:40,0,0,0.5025126,0,0,98.49246,1.0050251,0,0
2022-06-26 05:43:39,0,0,0.7481297,0,0,97.25686,1.745636,0.2493766,0
2022-06-26 05:43:38,0,0,1.995012,0.7481297,0,93.26683,3.740648,0.2493766,0
2022-06-26 05:43:37,0,0,1,0.25,0,96.25,2.5,0,0
2022-06-26 05:43:36,0,0,0,0,0,98.74687,1.0025063,0.2506266,0
2022-06-26 05:43:35,0,0,0,0,0,99.5,0.5,0,0
2022-06-26 05:43:34,0,0,0.2487562,0,0,99.00498,0.4975124,0.2487562,0
2022-06-26 05:43:33,0,0,0.5025126,0.2512563,0,97.73869,1.2562814,0.2512563,0
2022-06-26 05:43:32,0,0,1,0.25,0,95.75,2.75,0.25,0
2022-06-26 05:43:31,0,0,1.4962594,0.2493766,0,95.01247,2.992519,0.2493766,0
2022-06-26 05:43:30,0,0,0.5012531,0,0,97.74436,1.754386,0,0
2022-06-26 05:43:29,0,0,0,0,0,98.50746,1.2437811,0.2487562,0
2022-06-26 05:43:28,0,0,0,0,0,99.74937,0.2506266,0,0
2022-06-26 05:43:27,0,0,0.2506266,0,0,98.99749,0.5012531,0.2506266,0
2022-06-26 05:43:26,0,0,0.25,0.25,0,98,1.25,0.25,0
2022-06-26 05:43:25,0,0,1.4962594,0,0,94.26434,3.740648,0.4987531,0
2022-06-26 05:43:24,0,0,1.5037594,0,0,94.48622,3.759398,0.2506266,0
2022-06-26 05:43:23,0,0,0.5025126,0.2512563,0,95.9799,3.015075,0.2512563,0
2022-06-26 05:43:22,0,0,0.4938272,0,0,96.54321,2.716049,0.2469136,0
2022-06-26 05:43:21,0,0,0.2512563,0.2512563,0,98.74372,0.5025126,0.2512563,0
2022-06-26 05:43:20,0,0,0,0,0,98.50374,1.4962594,0,0
2022-06-26 05:43:19,0,0,0.25,0,0,98,1.5,0.25,0
2022-06-26 05:43:18,0,0,0.4987531,0.2493766,0,96.25935,2.743142,0.2493766,0
2022-06-26 05:43:17,0,0,0.7518797,0.2506266,0,94.98747,4.010025,0,0
2022-06-26 05:43:16,0,0,1.0025063,0,0,93.48371,5.012531,0.5012531,0
2022-06-26 05:43:15,0,0,1.99005,0.4975124,0,91.54229,5.721393,0,0
2022-06-26 05:43:14,0,0,1.2562814,0,0,89.69849,8.542714,0.5025126,0
2022-06-26 05:43:13,0,0,0.5,0.25,0,92,7,0.25,0
2022-06-26 05:43:12,0,0,0.5,0,0,94,5.25,0.25,0
2022-06-26 05:43:11,0,0,0.25,0.25,0,94,5.25,0.25,0
2022-06-26 05:43:10,0,0,0.4962779,0,0,93.54839,5.707196,0.248139,0
2022-06-26 05:43:09,0,0,0,0,0,93.48371,6.015038,0.5012531,0
2022-06-26 05:43:08,0,0,0.7518797,0.2506266,0,90.47619,7.769424,0.5012531,0
2022-06-26 05:43:07,0,0,0.5025126,0.5025126,0,83.16583,13.316583,0.5025126,0
2022-06-26 05:43:06,0,0,0,0,0,96.25,3.75,0,0
2022-06-26 05:43:05,0,0,0,0,0,96.74185,2.756892,0.2506266,0
2022-06-26 05:43:04,0,0,0.2493766,0,0,96.7581,2.743142,0.2493766,0
2022-06-26 05:43:03,0,0,0,0,0,97.99499,2.005013,0,0
2022-06-26 05:43:02,0,0,0.2506266,0.2506266,0,97.24311,2.255639,0,0
2022-06-26 05:43:01,0,0,0,0,0,97.49373,2.255639,0.2506266,0
2022-06-26 05:43:00,0,0,0.4975124,0.2487562,0,97.51244,1.2437811,0.2487562,0
2022-06-26 05:42:59,0,0,0,0,0,98.99749,0.7518797,0.2506266,0
2022-06-26 05:42:58,0,0,0.2493766,0.2493766,0,98.00499,1.4962594,0,0
2022-06-26 05:42:57,0,0,0,0.25,0,98.75,0.75,0.25,0
2022-06-26 05:42:56,0,0,0.2506266,0,0,97.99499,1.5037594,0.2506266,0
2022-06-26 05:42:55,0,0,0.248139,0.248139,0,97.27047,1.985112,0.248139,0
2022-06-26 05:42:54,0,0,1.511335,0.2518892,0,94.20655,3.778338,0.2518892,0
2022-06-26 05:42:53,0,0,1.2406948,0.4962779,0,95.03722,2.729529,0.4962779,0
2022-06-26 05:42:52,0,0,0.2512563,0,0,98.74372,1.0050251,0,0
2022-06-26 05:42:51,0,0,0,0,0,98.75,1,0.25,0
2022-06-26 05:42:50,0,0,0.2493766,0,0,98.25436,0.9975062,0.4987531,0
2022-06-26 05:42:49,0,0,0.5012531,0,0,98.24561,1.2531328,0,0
2022-06-26 05:42:48,0,0,0.2487562,0.2487562,0,97.26368,1.741294,0.4975124,0
2022-06-26 05:42:47,0,0,1.5037594,0.2506266,0,94.98747,3.007519,0.2506266,0
2022-06-26 05:42:46,0,0,1.754386,0.2506266,0,94.23559,3.508772,0.2506266,0
2022-06-26 05:42:45,0,0,0.25,0,0,98.5,1,0.25,0
2022-06-26 05:42:44,0,0,0,0,0,99.25187,0.4987531,0.2493766,0
2022-06-26 05:42:43,0,0,0.25,0.25,0,98.75,0.5,0.25,0
2022-06-26 05:42:42,0,0,0.2512563,0,0,97.73869,1.758794,0.2512563,0
2022-06-26 05:42:41,0,0,1.2468828,0.4987531,0,96.50873,1.4962594,0.2493766,0
2022-06-26 05:42:40,0,0,1.25,0.25,0,94.75,3.75,0,0
2022-06-26 05:42:39,0,0,1.25,0,0,94.75,3.75,0.25,0
2022-06-26 05:42:38,0,0,0.2506266,0,0,98.24561,1.2531328,0.2506266,0
2022-06-26 05:42:37,0,0,0,0,0,99.25187,0.4987531,0.2493766,0
2022-06-26 05:42:36,0,0,0.25,0,0,98.25,1.5,0,0
2022-06-26 05:42:35,0,0,0.75,0.25,0,97.5,1.5,0,0
2022-06-26 05:42:34,0,0,0.5,0.25,0,97.75,1,0.5,0
2022-06-26 05:42:33,0,0,1.0025063,0.5012531,0,95.48872,2.756892,0.2506266,0
2022-06-26 05:42:32,0,0,1.4925373,0.4975124,0,94.02985,3.482587,0.4975124,0
2022-06-26 05:42:31,0,0,0.2493766,0.2493766,0,98.25436,0.9975062,0.2493766,0
2022-06-26 05:42:30,0,0,0,0,0,98.99497,0.7537688,0.2512563,0
2022-06-26 05:42:29,0,0,0.2493766,0,0,98.50374,1.2468828,0,0
2022-06-26 05:42:28,0,0,0.2512563,0.2512563,0,98.49246,1.0050251,0,0
2022-06-26 05:42:27,0,0,0.7462687,0,0,96.0199,2.736318,0.4975124,0
2022-06-26 05:42:26,0,0,1.0025063,0,0,95.73935,3.258145,0,0
2022-06-26 05:42:25,0,0,2.005013,0,0,95.48872,2.506266,0,0
2022-06-26 05:42:24,0,0,0.7462687,0,0,97.01493,1.741294,0.4975124,0
2022-06-26 05:42:23,0,0,0.2506266,0,0,98.24561,1.5037594,0,0
2022-06-26 05:42:22,0,0,0,0,0,98.99749,0.7518797,0.2506266,0
2022-06-26 05:42:21,0,0,0.2493766,0.2493766,0,98.00499,1.2468828,0.2493766,0
2022-06-26 05:42:20,0,0,0.2506266,0,0,97.74436,1.754386,0.2506266,0
2022-06-26 05:42:19,0,0,0.4987531,0,0,97.75561,1.4962594,0.2493766,0
2022-06-26 05:42:18,0,0,0.7518797,0.2506266,0,94.48622,4.260652,0.2506266,0
2022-06-26 05:42:17,0,0,1.99005,0,0,92.28856,5.472637,0.2487562,0
2022-06-26 05:42:16,0,0,1.5,0.25,0,92.25,5.75,0.25,0
2022-06-26 05:42:15,0,0,0.7518797,0,0,88.97243,9.774436,0.5012531,0
2022-06-26 05:42:14,0,0,0.2506266,0,0,92.23058,7.26817,0.2506266,0
2022-06-26 05:42:13,0,0,0.2487562,0.2487562,0,95.02488,4.228856,0.2487562,0
2022-06-26 05:42:12,0,0,0.2493766,0.2493766,0,93.76559,5.236908,0.2493766,0
2022-06-26 05:42:11,0,0,0.5025126,0,0,92.96482,6.281407,0.2512563,0
2022-06-26 05:42:10,0,0,0.2493766,0,0,94.76309,4.738155,0.2493766,0
2022-06-26 05:42:09,0,0,0.7481297,0.2493766,0,85.78554,10.723192,0.4987531,0
2022-06-26 05:42:08,0,0,0.2493766,0,0,84.78803,11.221945,0.4987531,0
2022-06-26 05:42:07,0,0,0,0,0,95.71788,4.282116,0,0
2022-06-26 05:42:06,0,0,0.2493766,0,0,96.7581,2.743142,0.2493766,0
2022-06-26 05:42:05,0,0,0,0,0,97.01493,2.736318,0.2487562,0
2022-06-26 05:42:04,0,0,0,0,0,96.97733,2.770781,0.2518892,0
2022-06-26 05:42:03,0,0,0.2487562,0.2487562,0,98.25871,0.7462687,0.4975124,0
2022-06-26 05:42:02,0,0,0.2506266,0,0,96.99248,2.506266,0.2506266,0
2022-06-26 05:42:01,0,0,0.2506266,0,0,97.74436,1.754386,0,0
2022-06-26 05:42:00,0,0,0,0,0,99,0.75,0.25,0
2022-06-26 05:41:59,0,0,0.25,0,0,99,0.5,0.25,0
2022-06-26 05:41:58,0,0,0,0,0,98.25871,1.2437811,0.4975124,0
2022-06-26 05:41:57,0,0,0.2506266,0,0,98.99749,0.7518797,0,0
2022-06-26 05:41:56,0,0,1,0.25,0,96.25,2.25,0.25,0
2022-06-26 05:41:55,0,0,1.2468828,0.2493766,0,95.26185,2.743142,0.4987531,0
2022-06-26 05:41:54,0,0,0.5025126,0,0,98.24121,1.0050251,0.2512563,0
2022-06-26 05:41:53,0,0,0.25,0,0,98.25,1.25,0.25,0
2022-06-26 05:41:52,0,0,0.2493766,0.2493766,0,98.75312,0.4987531,0.2493766,0
2022-06-26 05:41:51,0,0,0,0,0,99.74937,0.2506266,0,0
2022-06-26 05:41:50,0,0,0.7462687,0,0,96.76617,1.99005,0.4975124,0
2022-06-26 05:41:49,0,0,1.5037594,0.2506266,0,94.73684,3.508772,0,0
2022-06-26 05:41:48,0,0,1.0025063,0.2506266,0,95.73935,2.255639,0.7518797,0
2022-06-26 05:41:47,0,0,0.4962779,0,0,98.01489,1.2406948,0.248139,0
2022-06-26 05:41:46,0,0,0.2512563,0.2512563,0,98.24121,1.2562814,0,0
2022-06-26 05:41:45,0,0,0.2506266,0,0,99.24812,0.5012531,0,0
2022-06-26 05:41:44,0,0,0.25,0,0,99.25,0.5,0,0
2022-06-26 05:41:43,0,0,0.4975124,0,0,96.51741,2.487562,0.4975124,0
2022-06-26 05:41:42,0,0,1.5,0.25,0,94,4,0.25,0
2022-06-26 05:41:41,0,0,1,0,0,96.5,2.25,0.25,0
2022-06-26 05:41:40,0,0,0.5012531,0,0,98.49624,1.0025063,0,0
2022-06-26 05:41:39,0,0,0.4975124,0.2487562,0,97.76119,1.4925373,0,0
2022-06-26 05:41:38,0,0,0,0.2506266,0,98.74687,0.7518797,0.2506266,0
2022-06-26 05:41:37,0,0,0.2506266,0,0,98.74687,1.0025063,0,0
2022-06-26 05:41:36,0,0,0.7481297,0.2493766,0,95.7606,2.992519,0.2493766,0
2022-06-26 05:41:35,0,0,1.5075377,0.2512563,0,95.22613,3.015075,0,0
2022-06-26 05:41:34,0,0,0.7481297,0.4987531,0,96.25935,2.244389,0.2493766,0
2022-06-26 05:41:33,0,0,0.2512563,0.2512563,0,97.48744,1.758794,0.2512563,0
2022-06-26 05:41:32,0,0,0.4962779,0.248139,0,97.76675,0.9925558,0.4962779,0
2022-06-26 05:41:31,0,0,0.2512563,0,0,98.49246,1.2562814,0,0
2022-06-26 05:41:30,0,0,0.2487562,0,0,97.01493,2.238806,0.4975124,0
2022-06-26 05:41:29,0,0,0.5012531,0.2506266,0,96.49123,2.756892,0,0
2022-06-26 05:41:28,0,0,1.25,0,0,95,3.25,0.5,0
2022-06-26 05:41:27,0,0,0.9950249,0,0,96.0199,2.736318,0.2487562,0
2022-06-26 05:41:26,0,0,0.7537688,0,0,96.48241,2.763819,0,0
2022-06-26 05:41:25,0,0,0.7518797,0,0,98.49624,0.5012531,0.2506266,0
2022-06-26 05:41:24,0,0,0.7481297,0,0,97.75561,1.2468828,0.2493766,0
2022-06-26 05:41:23,0,0,0.25,0.25,0,98.25,1.25,0,0
2022-06-26 05:41:22,0,0,0,0,0,99.25,0.5,0.25,0
2022-06-26 05:41:21,0,0,0.2506266,0,0,95.98997,3.759398,0,0
2022-06-26 05:41:20,0,0,1.2437811,0.2487562,0,95.27363,2.736318,0.4975124,0
2022-06-26 05:41:19,0,0,1.75,0.25,0,91,6.75,0.25,0
2022-06-26 05:41:18,0,0,1.25,0.25,0,92.5,5.75,0.25,0
2022-06-26 05:41:17,0,0,1.0050251,0,0,92.21106,6.78392,0,0
2022-06-26 05:41:16,0,0,0,0,0,94.75,5,0.25,0
2022-06-26 05:41:15,0,0,0.2493766,0,0,95.51122,3.990025,0.2493766,0
2022-06-26 05:41:14,0,0,0,0.2506266,0,94.23559,5.513784,0,0
2022-06-26 05:41:13,0,0,0.4987531,0.2493766,0,94.26434,4.738155,0.2493766,0
2022-06-26 05:41:12,0,0,0.7481297,0.2493766,0,89.52618,8.977556,0.2493766,0
2022-06-26 05:41:11,0,0,0.2538071,0,0,90.10152,8.883249,0,0
2022-06-26 05:41:10,0,0,0.2487562,0.2487562,0,95.52239,3.731343,0.2487562,0
2022-06-26 05:41:09,0,0,0.5012531,0,0,96.2406,3.258145,0,0
2022-06-26 05:41:08,0,0,0.4987531,0,0,96.25935,2.992519,0.2493766,0
2022-06-26 05:41:07,0,0,0.2506266,0.2506266,0,93.98496,5.263158,0.2506266,0
2022-06-26 05:41:06,0,0,0.2493766,0.2493766,0,96.00998,2.992519,0.2493766,0
2022-06-26 05:41:05,0,0,0.248139,0,0,97.27047,2.233251,0.248139,0
2022-06-26 05:41:04,0,0,0.2506266,0,0,96.99248,2.756892,0,0
2022-06-26 05:41:03,0,0,0.2512563,0.2512563,0,96.73367,2.512563,0.2512563,0
2022-06-26 05:41:02,0,0,0,0,0,98.74687,1.0025063,0.2506266,0
2022-06-26 05:41:01,0,0,0,0,0,98.00499,1.745636,0.2493766,0
2022-06-26 05:41:00,0,0,0.4987531,0.4987531,0,96.7581,2.244389,0,0
2022-06-26 05:40:59,0,0,0.7518797,0,0,97.74436,1.2531328,0.2506266,0
2022-06-26 05:40:58,0,0,1,0.25,0,96.75,1.75,0.25,0
2022-06-26 05:40:57,0,0,0.5012531,0.2506266,0,98.24561,1.0025063,0,0
2022-06-26 05:40:56,0,0,0.25,0,0,97.25,2.25,0.25,0
2022-06-26 05:40:55,0,0,0,0,0,99.25,0.5,0.25,0
2022-06-26 05:40:54,0,0,0.4975124,0,0,98.00995,1.4925373,0,0
2022-06-26 05:40:53,0,0,0.5012531,0.2506266,0,97.49373,1.5037594,0.2506266,0
2022-06-26 05:40:52,0,0,1,0,0,96.75,2,0.25,0
2022-06-26 05:40:51,0,0,0.9975062,0.2493766,0,96.50873,1.995012,0.2493766,0
2022-06-26 05:40:50,0,0,0.7537688,0.2512563,0,97.23618,1.758794,0,0
2022-06-26 05:40:49,0,0,0.5,0.25,0,97.5,1.75,0,0
2022-06-26 05:40:48,0,0,0.2493766,0,0,98.50374,0.7481297,0.4987531,0
2022-06-26 05:40:47,0,0,0.5012531,0,0,98.24561,1.2531328,0,0
2022-06-26 05:40:46,0,0,0.25,0,0,98.25,1.25,0.25,0
2022-06-26 05:40:45,0,0,1.2468828,0.2493766,0,96.50873,1.745636,0.2493766,0
2022-06-26 05:40:44,0,0,1.5,0.25,0,95.75,2.25,0.25,0
2022-06-26 05:40:43,0,0,0.5012531,0,0,97.24311,2.005013,0.2506266,0
2022-06-26 05:40:42,0,0,0.2493766,0,0,98.50374,0.9975062,0.2493766,0
2022-06-26 05:40:41,0,0,0.75,0,0,98,1.25,0,0
2022-06-26 05:40:40,0,0,0,0,0,98.74687,0.7518797,0.5012531,0
2022-06-26 05:40:39,0,0,0.2506266,0,0,98.99749,0.7518797,0,0
2022-06-26 05:40:38,0,0,1.2437811,0.2487562,0,96.51741,1.4925373,0.4975124,0
2022-06-26 05:40:37,0,0,1.5,0.75,0,94.25,3.25,0,0
2022-06-26 05:40:36,0,0,0.4975124,0,0,98.00995,0.9950249,0.4975124,0
2022-06-26 05:40:35,0,0,0.5025126,0,0,97.98995,1.2562814,0.2512563,0
2022-06-26 05:40:34,0,0,0.25,0,0,98.75,0.75,0,0.25
2022-06-26 05:40:33,0,0,0,0,0,99.25,0.5,0.25,0
2022-06-26 05:40:32,0,0,0.4987531,0,0,98.50374,0.9975062,0,0
2022-06-26 05:40:31,0,0,0.4975124,0.2487562,0,96.76617,1.99005,0.4975124,0
2022-06-26 05:40:30,0,0,1.2594458,0,0,94.45844,4.282116,0,0
2022-06-26 05:40:29,0,0,0.9975062,0.2493766,0,94.76309,3.491272,0.4987531,0
2022-06-26 05:40:28,0,0,0.7462687,0.2487562,0,96.26866,2.487562,0.2487562,0
2022-06-26 05:40:27,0,0,0.2512563,0,0,97.73869,1.758794,0.2512563,0
2022-06-26 05:40:26,0,0,0.2493766,0,0,98.25436,1.4962594,0,0
2022-06-26 05:40:25,0,0,0.5012531,0,0,98.24561,1.0025063,0.2506266,0
2022-06-26 05:40:24,0,0,0.4975124,0.4975124,0,97.26368,1.4925373,0.2487562,0
2022-06-26 05:40:23,0,0,0.2512563,0,0,98.49246,0.7537688,0.5025126,0
2022-06-26 05:40:22,0,0,0.5012531,0,0,95.73935,3.759398,0,0
2022-06-26 05:40:21,0,0,1.4925373,0.2487562,0,92.78607,5.223881,0.2487562,0
2022-06-26 05:40:20,0,0,2.005013,0.2506266,0,92.73183,4.761905,0.2506266,0
2022-06-26 05:40:19,0,0,1.754386,0.2506266,0,87.96992,9.52381,0.5012531,0
2022-06-26 05:40:18,0,0,0.7444169,0.248139,0,92.30769,6.451613,0.248139,0
2022-06-26 05:40:17,0,0,0.5012531,0.2506266,0,93.73434,5.263158,0.2506266,0
2022-06-26 05:40:16,0,0,0.2506266,0,0,94.98747,4.511278,0.2506266,0
2022-06-26 05:40:15,0,0,0.4975124,0,0,92.78607,6.467662,0.2487562,0
2022-06-26 05:40:14,0,0,0.2506266,0,0,93.48371,6.265664,0,0
2022-06-26 05:40:13,0,0,0.25,0,0,91.5,8,0.25,0
2022-06-26 05:40:12,0,0,0,0,0,87.08861,9.367089,0.2531646,0
2022-06-26 05:40:11,0,0,0.25,0,0,86.75,8.75,0.25,0
2022-06-26 05:40:10,0,0,0,0,0,95.21411,4.534005,0.2518892,0
2022-06-26 05:40:09,0,0,0.2487562,0.2487562,0,94.77612,4.477612,0.2487562,0
2022-06-26 05:40:08,0,0,0,0,0,98.74687,1.0025063,0.2506266,0
2022-06-26 05:40:07,0,0,0,0,0,99,1,0,0
2022-06-26 05:40:06,0,0,0,0,0,99.50249,0,0.4975124,0
2022-06-26 05:40:05,0,0,0.2518892,0.2518892,0,97.733,1.763224,0,0
2022-06-26 05:40:04,0,0,0.25,0,0,98,1.25,0.5,0
2022-06-26 05:40:03,0,0,0.4987531,0.4987531,0,97.50623,1.2468828,0.2493766,0
2022-06-26 05:40:02,0,0,0.248139,0,0,98.51117,0.9925558,0.248139,0
2022-06-26 05:40:01,0,0,0,0,0,99.74811,0.2518892,0,0
2022-06-26 05:40:00,0,0,0.2487562,0,0,98.50746,0.7462687,0.4975124,0
2022-06-26 05:39:59,0,0,1.0025063,0.2506266,0,94.48622,3.759398,0.5012531,0
2022-06-26 05:39:58,0,0,1.2531328,0.2506266,0,95.2381,3.258145,0,0
2022-06-26 05:39:57,0,0,1.0025063,0,0,96.74185,2.005013,0.2506266,0
2022-06-26 05:39:56,0,0,0.4987531,0.2493766,0,97.00748,1.995012,0.2493766,0
2022-06-26 05:39:55,0,0,0.2493766,0,0,98.75312,0.7481297,0.2493766,0
2022-06-26 05:39:54,0,0,0,0,0,99.74874,0.2512563,0,0
2022-06-26 05:39:53,0,0,0.4987531,0.2493766,0,96.00998,2.743142,0.4987531,0
2022-06-26 05:39:52,0,0,1.25,0.25,0,96,2.25,0.25,0
2022-06-26 05:39:51,0,0,0.7518797,0,0,97.24311,1.5037594,0.5012531,0
2022-06-26 05:39:50,0,0,0.7481297,0.2493766,0,96.25935,2.493766,0.2493766,0
2022-06-26 05:39:49,0,0,0.75,0.25,0,96.5,2,0.5,0
2022-06-26 05:39:48,0,0,0.2493766,0,0,98.50374,0.9975062,0.2493766,0
2022-06-26 05:39:47,0,0,0,0,0,98.00499,1.745636,0.2493766,0
2022-06-26 05:39:46,0,0,0.5025126,0,0,97.98995,1.2562814,0.2512563,0
2022-06-26 05:39:45,0,0,1.2437811,0.2487562,0,96.76617,1.4925373,0.2487562,0
2022-06-26 05:39:44,0,0,0.7575758,0.5050505,0,95.70707,2.777778,0.2525253,0
2022-06-26 05:39:43,0,0,0.75,0,0,96.5,2.5,0.25,0
2022-06-26 05:39:42,0,0,0.7462687,0.4975124,0,96.26866,2.238806,0.2487562,0
2022-06-26 05:39:41,0,0,0.2487562,0,0,98.25871,1.2437811,0.2487562,0
2022-06-26 05:39:40,0,0,0,0,0,99,0.75,0.25,0
2022-06-26 05:39:39,0,0,0.5025126,0,0,98.74372,0.7537688,0,0
2022-06-26 05:39:38,0,0,0.9975062,0.4987531,0,95.26185,2.743142,0.4987531,0
2022-06-26 05:39:37,0,0,1.0025063,0.2506266,0,95.73935,2.756892,0.2506266,0
2022-06-26 05:39:36,0,0,0.7481297,0,0,96.7581,2.244389,0.2493766,0
2022-06-26 05:39:35,0,0,0.5025126,0,0,97.98995,1.5075377,0,0
2022-06-26 05:39:34,0,0,0.2493766,0,0,97.50623,1.745636,0.4987531,0
2022-06-26 05:39:33,0,0,0.2493766,0.2493766,0,98.75312,0.4987531,0.2493766,0
2022-06-26 05:39:32,0,0,0,0,0,99.00249,0.7481297,0.2493766,0
2022-06-26 05:39:31,0,0,0.7556675,0,0,95.71788,3.526448,0,0
2022-06-26 05:39:30,0,0,1.2437811,0.2487562,0,95.52239,2.487562,0.4975124,0
2022-06-26 05:39:29,0,0,0.7518797,0.2506266,0,95.73935,3.258145,0,0
2022-06-26 05:39:28,0,0,0.75,0.25,0,94,4.5,0.5,0
2022-06-26 05:39:27,0,0,0.9975062,0,0,96.7581,2.244389,0,0
2022-06-26 05:39:26,0,0,0,0,0,98.99497,0.7537688,0.2512563,0
2022-06-26 05:39:25,0,0,0.4987531,0.2493766,0,97.50623,1.4962594,0.2493766,0
2022-06-26 05:39:24,0,0,0,0,0,99.5,0.25,0.25,0
2022-06-26 05:39:23,0,0,0.4987531,0,0,96.00998,3.241895,0.2493766,0
2022-06-26 05:39:22,0,0,0.9975062,0.2493766,0,95.26185,3.241895,0.2493766,0
2022-06-26 05:39:21,0,0,1.5037594,0.2506266,0,92.4812,5.263158,0.5012531,0
2022-06-26 05:39:20,0,0,1.754386,0.2506266,0,90.72682,6.766917,0.5012531,0
2022-06-26 05:39:19,0,0,1.0025063,0.2506266,0,91.97995,6.766917,0,0
2022-06-26 05:39:18,0,0,0.9925558,0,0,92.30769,6.203474,0.4962779,0
2022-06-26 05:39:17,0,0,0.5,0.25,0,93.5,5.5,0.25,0
2022-06-26 05:39:16,0,0,0.5,0,0,93,6.25,0,0
2022-06-26 05:39:15,0,0,0,0,0,93.23308,6.265664,0.5012531,0
2022-06-26 05:39:14,0,0,0,0,0,92.25,7.25,0.5,0
2022-06-26 05:39:13,0,0,0.2493766,0.4987531,0,91.27182,7.730673,0.2493766,0
2022-06-26 05:39:12,0,0,0,0.2506266,0,89.72431,9.022556,0.5012531,0
2022-06-26 05:39:11,0,0,0.2506266,0,0,93.48371,5.012531,0.5012531,0
2022-06-26 05:39:10,0,0,0,0,0,96.48241,3.517588,0,0
2022-06-26 05:39:09,0,0,0.25,0,0,97.5,1.75,0.5,0
2022-06-26 05:39:08,0,0,0,0,0,99.5,0.25,0.25,0
2022-06-26 05:39:07,0,0,0,0.2487562,0,98.50746,1.2437811,0,0
2022-06-26 05:39:06,0,0,0.5012531,0,0,97.74436,1.5037594,0.2506266,0
2022-06-26 05:39:05,0,0,0.2506266,0.2506266,0,98.24561,1.2531328,0,0
2022-06-26 05:39:04,0,0,0.2487562,0,0,98.25871,0.9950249,0.4975124,0
2022-06-26 05:39:03,0,0,0,0,0,98.5,1.5,0,0
2022-06-26 05:39:02,0,0,0.2506266,0,0,97.99499,1.5037594,0.2506266,0
2022-06-26 05:39:01,0,0,0.5,0,0,97.5,1.75,0.25,0
2022-06-26 05:39:00,0,0,0.75,0.5,0,96.5,1.5,0.75,0
2022-06-26 05:38:59,0,0,1.0025063,0,0,96.49123,2.506266,0,0
2022-06-26 05:38:58,0,0,1,0.25,0,97,1.25,0.5,0
2022-06-26 05:38:57,0,0,0.7462687,0.2487562,0,97.01493,1.741294,0.2487562,0
2022-06-26 05:38:56,0,0,0.2506266,0,0,97.99499,1.5037594,0.2506266,0
2022-06-26 05:38:55,0,0,0.25,0,0,98.75,0.75,0.25,0
2022-06-26 05:38:54,0,0,0.4987531,0.2493766,0,97.25686,1.4962594,0.2493766,0
2022-06-26 05:38:53,0,0,0.7537688,0.2512563,0,96.73367,1.758794,0.5025126,0
2022-06-26 05:38:52,0,0,1.25,0,0,95.5,3.25,0,0
2022-06-26 05:38:51,0,0,0.7481297,0.2493766,0,96.7581,2.244389,0,0
2022-06-26 05:38:50,0,0,0.4987531,0.2493766,0,96.7581,2.244389,0.2493766,0
2022-06-26 05:38:49,0,0,0.5012531,0,0,98.49624,1.0025063,0,0
2022-06-26 05:38:48,0,0,0.25,0.25,0,98.25,1,0.25,0
2022-06-26 05:38:47,0,0,0.75,0.25,0,95.75,3,0.25,0
2022-06-26 05:38:46,0,0,0.75,0,0,98.25,1,0,0
2022-06-26 05:38:45,0,0,0.75,0.25,0,96.5,2.5,0,0
2022-06-26 05:38:44,0,0,0.7481297,0,0,97.50623,1.4962594,0.2493766,0
2022-06-26 05:38:43,0,0,0.7518797,0.2506266,0,96.99248,1.754386,0.2506266,0
2022-06-26 05:38:42,0,0,0.2493766,0.2493766,0,98.25436,0.9975062,0.2493766,0
2022-06-26 05:38:41,0,0,0.2506266,0,0,98.49624,1.2531328,0,0
2022-06-26 05:38:40,0,0,0.7481297,0,0,97.50623,1.2468828,0.4987531,0
2022-06-26 05:38:39,0,0,0.7481297,0.2493766,0,97.00748,1.995012,0,0
2022-06-26 05:38:38,0,0,0.5,0,0,96.75,2.25,0.5,0
2022-06-26 05:38:37,0,0,0.7518797,0,0,96.49123,2.506266,0.2506266,0
2022-06-26 05:38:36,0,0,0.75,0.25,0,97.25,1.75,0,0
2022-06-26 05:38:35,0,0,0.25,0,0,98.25,1.25,0.25,0
2022-06-26 05:38:34,0,0,0,0.2506266,0,97.99499,1.5037594,0.2506266,0
2022-06-26 05:38:33,0,0,0.5,0,0,95.75,3.5,0.25,0
2022-06-26 05:38:32,0,0,0.9975062,0,0,96.7581,1.745636,0.4987531,0
2022-06-26 05:38:31,0,0,0.7537688,0,0,95.9799,3.015075,0.2512563,0
2022-06-26 05:38:30,0,0,0.7481297,0.4987531,0,96.25935,2.244389,0.2493766,0
2022-06-26 05:38:29,0,0,0.7481297,0,0,97.25686,1.745636,0.2493766,0
2022-06-26 05:38:28,0,0,0.7481297,0,0,95.7606,2.992519,0.4987531,0
2022-06-26 05:38:27,0,0,0.2506266,0.2506266,0,98.74687,0.7518797,0,0
2022-06-26 05:38:26,0,0,0,0,0,99.25187,0.4987531,0.2493766,0
2022-06-26 05:38:25,0,0,1.0025063,0.2506266,0,95.98997,2.506266,0.2506266,0
2022-06-26 05:38:24,0,0,0.75,0.25,0,95.25,3.5,0.25,0
2022-06-26 05:38:23,0,0,1.0025063,0.2506266,0,94.98747,3.759398,0,0
2022-06-26 05:38:22,0,0,1.5037594,0.2506266,0,90.97744,7.017544,0.2506266,0
2022-06-26 05:38:21,0,0,1.985112,0.4962779,0,89.33002,7.940447,0.248139,0
2022-06-26 05:38:20,0,0,1.2562814,0.5025126,0,90.20101,7.788945,0.2512563,0
2022-06-26 05:38:19,0,0,0.7444169,0.248139,0,91.31514,7.444169,0.248139,0
2022-06-26 05:38:18,0,0,0.2525253,0,0,93.68687,6.060606,0,0
2022-06-26 05:38:17,0,0,0,0,0,94.77612,4.975124,0.2487562,0
2022-06-26 05:38:16,0,0,0.2487562,0,0,93.53234,5.970149,0.2487562,0
2022-06-26 05:38:15,0,0,0,0,0,92.96482,6.78392,0.2512563,0
2022-06-26 05:38:14,0,0,0,0,0,89.801,9.701493,0.2487562,0
2022-06-26 05:38:13,0,0,0.2512563,0.5025126,0,89.19598,9.296482,0,0
2022-06-26 05:38:12,0,0,0,0,0,91.02244,6.733167,0.4987531,0
2022-06-26 05:38:11,0,0,0,0.2512563,0,98.24121,1.5075377,0,0
2022-06-26 05:38:10,0,0,0.2493766,0,0,98.75312,0.7481297,0.2493766,0
2022-06-26 05:38:09,0,0,0,0,0,98.75312,0.9975062,0.2493766,0
2022-06-26 05:38:08,0,0,0,0,0,99.24623,0.7537688,0,0
2022-06-26 05:38:07,0,0,0.2493766,0,0,98.00499,1.4962594,0.2493766,0
2022-06-26 05:38:06,0,0,0.25,0,0,98,1.75,0,0
2022-06-26 05:38:05,0,0,0.5012531,0,0,97.74436,1.5037594,0.2506266,0
2022-06-26 05:38:04,0,0,0,0,0,99.5,0.5,0,0
2022-06-26 05:38:03,0,0,0.2493766,0,0,98.00499,1.4962594,0.2493766,0
2022-06-26 05:38:02,0,0,0.7518797,0,0,98.24561,1.0025063,0,0
2022-06-26 05:38:01,0,0,0.7481297,0.2493766,0,96.7581,1.995012,0.2493766,0
2022-06-26 05:38:00,0,0,1.0025063,0.2506266,0,95.73935,2.756892,0.2506266,0
2022-06-26 05:37:59,0,0,1.2406948,0.248139,0,95.78164,2.48139,0.248139,0
2022-06-26 05:37:58,0,0,0.2512563,0.2512563,0,98.24121,1.2562814,0,0
2022-06-26 05:37:57,0,0,0,0,0,98.49624,1.5037594,0,0
2022-06-26 05:37:56,0,0,0.4987531,0.2493766,0,97.25686,1.745636,0.2493766,0
2022-06-26 05:37:55,0,0,0.7481297,0,0,97.25686,1.995012,0,0
2022-06-26 05:37:54,0,0,0.5025126,0,0,97.98995,1.2562814,0.2512563,0
2022-06-26 05:37:53,0,0,0.7518797,0.2506266,0,97.49373,1.2531328,0.2506266,0
2022-06-26 05:37:52,0,0,0.990099,0.2475248,0,95.29703,3.465347,0,0
2022-06-26 05:37:51,0,0,0.7537688,0,0,97.23618,1.758794,0.2512563,0
2022-06-26 05:37:50,0,0,0.5012531,0.2506266,0,97.24311,2.005013,0,0
2022-06-26 05:37:49,0,0,0.5,0,0,97.75,1.5,0.25,0
2022-06-26 05:37:48,0,0,0.25,0,0,98.5,1,0.25,0
2022-06-26 05:37:47,0,0,0.7518797,0,0,96.74185,2.506266,0,0
2022-06-26 05:37:46,0,0,0.9950249,0.4975124,0,95.77114,2.238806,0.4975124,0
2022-06-26 05:37:45,0,0,0.7518797,0,0,97.99499,1.2531328,0,0
2022-06-26 05:37:44,0,0,0.9975062,0,0,97.00748,1.4962594,0.4987531,0
2022-06-26 05:37:43,0,0,0.75,0.25,0,97.5,1.5,0,0
2022-06-26 05:37:42,0,0,0.25,0,0,98.75,0.75,0.25,0
2022-06-26 05:37:41,0,0,0,0,0,98.5,1.5,0,0
2022-06-26 05:37:40,0,0,0.7518797,0.2506266,0,97.74436,1.0025063,0.2506266,0
2022-06-26 05:37:39,0,0,1,0.25,0,95.75,3,0,0
2022-06-26 05:37:38,0,0,0.7462687,0,0,96.0199,2.736318,0.4975124,0
2022-06-26 05:37:37,0,0,0.9975062,0.2493766,0,96.00998,2.493766,0.2493766,0
2022-06-26 05:37:36,0,0,0,0,0,98.48485,1.2626263,0.2525253,0
2022-06-26 05:37:35,0,0,0.4987531,0,0,96.7581,2.743142,0,0
2022-06-26 05:37:34,0,0,0.2487562,0.2487562,0,98.50746,0.7462687,0.2487562,0
2022-06-26 05:37:33,0,0,0.5012531,0,0,96.49123,2.756892,0.2506266,0
2022-06-26 05:37:32,0,0,1.0050251,0,0,92.96482,6.030151,0,0
2022-06-26 05:37:31,0,0,0.4975124,0.4975124,0,95.52239,3.233831,0.2487562,0
2022-06-26 05:37:30,0,0,0.5,0,0,98.25,1,0.25,0
2022-06-26 05:37:29,0,0,0.9975062,0.2493766,0,95.7606,2.743142,0.2493766,0
2022-06-26 05:37:28,0,0,0.2512563,0,0,98.49246,1.2562814,0,0
2022-06-26 05:37:27,0,0,0.2487562,0,0,97.26368,2.238806,0.2487562,0
2022-06-26 05:37:26,0,0,0.5012531,0.2506266,0,96.49123,2.506266,0.2506266,0
2022-06-26 05:37:25,0,0,1.2531328,0.2506266,0,94.23559,4.010025,0.2506266,0
2022-06-26 05:37:24,0,0,0.4975124,0,0,95.77114,3.233831,0.4975124,0
2022-06-26 05:37:23,0,0,1.0050251,0.2512563,0,92.46231,6.030151,0.2512563,0
2022-06-26 05:37:22,0,0,1.2437811,0.2487562,0,92.0398,6.218905,0.2487562,0
2022-06-26 05:37:21,0,0,1.2468828,0.2493766,0,90.02494,8.478803,0,0
2022-06-26 05:37:20,0,0,1.2531328,0,0,91.72932,6.516291,0.5012531,0
2022-06-26 05:37:19,0,0,0.4975124,0.2487562,0,89.801,8.955224,0.4975124,0
2022-06-26 05:37:18,0,0,0,0,0,92.71357,7.035176,0.2512563,0
2022-06-26 05:37:17,0,0,0,0,0,96.5,3.25,0.25,0
2022-06-26 05:37:16,0,0,0,0,0,92.76808,6.733167,0.2493766,0
2022-06-26 05:37:15,0,0,0.2506266,0,0,92.73183,6.766917,0.2506266,0
2022-06-26 05:37:14,0,0,0,0,0,91.5,8,0.25,0
2022-06-26 05:37:13,0,0,0.25,0.25,0,93.25,4.25,0.25,0
2022-06-26 05:37:12,0,0,0,0,0,96.73367,3.015075,0.2512563,0
2022-06-26 05:37:11,0,0,0,0,0,98.49624,1.2531328,0.2506266,0
2022-06-26 05:37:10,0,0,0.2493766,0,0,98.50374,1.2468828,0,0
2022-06-26 05:37:09,0,0,0.2506266,0,0,97.99499,1.754386,0,0
2022-06-26 05:37:08,0,0,0.2493766,0,0,98.75312,0.7481297,0.2493766,0
2022-06-26 05:37:07,0,0,0,0,0,98.75312,0.9975062,0.2493766,0
2022-06-26 05:37:06,0,0,0.5025126,0,0,96.73367,2.512563,0.2512563,0
2022-06-26 05:37:05,0,0,0.4987531,0.2493766,0,97.75561,1.2468828,0.2493766,0
2022-06-26 05:37:04,0,0,0.2506266,0,0,98.49624,1.2531328,0,0
2022-06-26 05:37:03,0,0,0.7481297,0.2493766,0,97.75561,0.9975062,0.2493766,0
2022-06-26 05:37:02,0,0,0.5012531,0,0,97.24311,2.005013,0.2506266,0
2022-06-26 05:37:01,0,0,1,0,0,96.5,2.5,0,0
2022-06-26 05:37:00,0,0,1,0.5,0,95.5,2.75,0.25,0
2022-06-26 05:36:59,0,0,0.5,0,0,97.75,1.5,0.25,0
2022-06-26 05:36:58,0,0,0.25,0,0,98.75,1,0,0
2022-06-26 05:36:57,0,0,0.5,0,0,97.25,1.75,0.5,0
2022-06-26 05:36:56,0,0,0.75,0,0,97.25,1.75,0.25,0
2022-06-26 05:36:55,0,0,0.75,0.25,0,97,2,0,0
2022-06-26 05:36:54,0,0,0.75,0.25,0,96.25,2.5,0.25,0
2022-06-26 05:36:53,0,0,1,0.25,0,96.25,2,0.5,0
2022-06-26 05:36:52,0,0,0.75,0,0,97.75,1.5,0,0
2022-06-26 05:36:51,0,0,0,0,0,98.74687,1.0025063,0.2506266,0
2022-06-26 05:36:50,0,0,0.4975124,0,0,98.25871,1.2437811,0,0
2022-06-26 05:36:49,0,0,1.0050251,0,0,97.23618,1.758794,0,0
2022-06-26 05:36:48,0,0,1,0,0,97,1.75,0.25,0
2022-06-26 05:36:47,0,0,0.2493766,0.2493766,0,98.00499,1.2468828,0.2493766,0
2022-06-26 05:36:46,0,0,0.5025126,0,0,98.99497,0.5025126,0,0
2022-06-26 05:36:45,0,0,0.4987531,0.2493766,0,96.7581,2.244389,0.2493766,0
2022-06-26 05:36:44,0,0,0.25,0,0,97.5,2,0.25,0
2022-06-26 05:36:43,0,0,0.5,0.25,0,98,1.25,0,0
2022-06-26 05:36:42,0,0,0.9975062,0.2493766,0,96.00998,2.244389,0.4987531,0
2022-06-26 05:36:41,0,0,1.2531328,0,0,95.48872,3.258145,0,0
2022-06-26 05:36:40,0,0,0.25,0,0,97.75,1.75,0.25,0
2022-06-26 05:36:39,0,0,0.5,0,0,96.25,3,0.25,0
2022-06-26 05:36:38,0,0,0.5012531,0,0,97.74436,1.5037594,0.2506266,0
2022-06-26 05:36:37,0,0,0.248139,0,0,98.51117,0.9925558,0.248139,0
2022-06-26 05:36:36,0,0,0.2506266,0,0,98.74687,1.0025063,0,0
2022-06-26 05:36:35,0,0,0.2512563,0,0,96.98492,2.512563,0.2512563,0
2022-06-26 05:36:34,0,0,0.9975062,0.2493766,0,94.26434,3.990025,0.2493766,0
2022-06-26 05:36:33,0,0,1.4962594,0.2493766,0,94.76309,3.491272,0,0
2022-06-26 05:36:32,0,0,1,0,0,96.25,2.75,0,0
2022-06-26 05:36:31,0,0,0.5,0.25,0,97.75,1.25,0.25,0
2022-06-26 05:36:30,0,0,0.5,0,0,97.75,1.5,0.25,0
2022-06-26 05:36:29,0,0,0.2487562,0.2487562,0,98.50746,0.7462687,0.2487562,0
2022-06-26 05:36:28,0,0,0,0,0,99.24812,0.5012531,0.2506266,0
2022-06-26 05:36:27,0,0,0.2493766,0,0,97.75561,1.995012,0,0
2022-06-26 05:36:26,0,0,1.0050251,0.2512563,0,96.48241,2.01005,0.2512563,0
2022-06-26 05:36:25,0,0,1.5,0,0,94.5,3.75,0.25,0
2022-06-26 05:36:24,0,0,1.745636,0.4987531,0,89.77556,7.730673,0.2493766,0
2022-06-26 05:36:23,0,0,1.2562814,0.2512563,0,90.20101,8.040201,0.2512563,0
2022-06-26 05:36:22,0,0,0.9950249,0.4975124,0,90.29851,7.711443,0.2487562,0
2022-06-26 05:36:21,0,0,0.75,0.25,0,92.5,6.25,0.25,0
2022-06-26 05:36:20,0,0,0.25,0,0,93,6.5,0.25,0
2022-06-26 05:36:19,0,0,0,0,0,92.73183,7.017544,0.2506266,0
2022-06-26 05:36:18,0,0,0.25,0,0,94.5,5,0.25,0
2022-06-26 05:36:17,0,0,0.25,0.25,0,90,9,0.5,0
2022-06-26 05:36:16,0,0,0,0,0,92.01995,7.730673,0,0
2022-06-26 05:36:15,0,0,0,0,0,89.62025,8.860759,0.5063291,0
2022-06-26 05:36:14,0,0,0.25,0,0,95.75,3.5,0.25,0
2022-06-26 05:36:13,0,0,0,0,0,97.25,2.75,0,0
2022-06-26 05:36:12,0,0,0,0,0,98.99749,0.7518797,0.2506266,0
2022-06-26 05:36:11,0,0,0.2493766,0,0,98.75312,0.7481297,0.2493766,0
2022-06-26 05:36:10,0,0,0,0.2506266,0,97.99499,1.754386,0,0
2022-06-26 05:36:09,0,0,0.4987531,0,0,98.25436,0.9975062,0.2493766,0
2022-06-26 05:36:08,0,0,0.25,0,0,98.25,1.25,0.25,0
2022-06-26 05:36:07,0,0,0.25,0,0,98.5,1,0.25,0
2022-06-26 05:36:06,0,0,0,0,0,98.75,1.25,0,0
2022-06-26 05:36:05,0,0,0.4987531,0,0,98.50374,0.9975062,0,0
2022-06-26 05:36:04,0,0,0.5012531,0,0,97.74436,1.5037594,0.2506266,0
2022-06-26 05:36:03,0,0,0.75,0.25,0,96.25,2.25,0.5,0
2022-06-26 05:36:02,0,0,1.0025063,0.5012531,0,95.73935,2.756892,0,0
2022-06-26 05:36:01,0,0,0.7481297,0.2493766,0,97.00748,1.4962594,0.4987531,0
2022-06-26 05:36:00,0,0,0.5,0,0,97.5,2,0,0
2022-06-26 05:35:59,0,0,0,0.25,0,99.25,0.5,0,0
2022-06-26 05:35:58,0,0,0.7481297,0.2493766,0,97.25686,1.4962594,0.2493766,0
2022-06-26 05:35:57,0,0,0.2506266,0,0,98.24561,1.2531328,0.2506266,0
2022-06-26 05:35:56,0,0,1.2531328,0.2506266,0,95.98997,2.506266,0,0
2022-06-26 05:35:55,0,0,1,0,0,96.25,2.5,0.25,0
2022-06-26 05:35:54,0,0,0.7481297,0.2493766,0,96.50873,2.244389,0.2493766,0
2022-06-26 05:35:53,0,0,0.5,0,0,97.5,1.75,0.25,0
2022-06-26 05:35:52,0,0,0,0,0,99,0.75,0.25,0
2022-06-26 05:35:51,0,0,0.75,0,0,96.75,2,0.5,0
2022-06-26 05:35:50,0,0,0.5012531,0.2506266,0,97.74436,1.5037594,0,0
2022-06-26 05:35:49,0,0,1.2468828,0.2493766,0,95.26185,2.992519,0.2493766,0
2022-06-26 05:35:48,0,0,0.7518797,0.2506266,0,95.98997,3.007519,0,0
2022-06-26 05:35:47,0,0,1,0,0,97.5,1.25,0.25,0
2022-06-26 05:35:46,0,0,0.4987531,0.2493766,0,97.50623,1.745636,0,0
2022-06-26 05:35:45,0,0,0,0,0,98.75,1,0.25,0
2022-06-26 05:35:44,0,0,0.4987531,0.2493766,0,97.25686,1.995012,0,0
2022-06-26 05:35:43,0,0,1.25,0,0,96,2.5,0.25,0
2022-06-26 05:35:42,0,0,1,0.25,0,95.5,2.75,0.25,0
2022-06-26 05:35:41,0,0,0.2506266,0,0,98.74687,1.0025063,0,0
2022-06-26 05:35:40,0,0,0.5012531,0,0,97.24311,2.005013,0.2506266,0
2022-06-26 05:35:39,0,0,0.75,0.25,0,97.75,1,0.25,0
2022-06-26 05:35:38,0,0,0.2487562,0,0,98.50746,0.9950249,0.2487562,0
2022-06-26 05:35:37,0,0,0.2506266,0,0,98.99749,0.7518797,0,0
2022-06-26 05:35:36,0,0,0.4987531,0,0,96.50873,2.493766,0.4987531,0
2022-06-26 05:35:35,0,0,1.25,0.25,0,94.25,4.25,0,0
2022-06-26 05:35:34,0,0,0.7518797,0.2506266,0,95.98997,3.007519,0,0
2022-06-26 05:35:33,0,0,0.5,0.25,0,97.75,1,0.5,0
2022-06-26 05:35:32,0,0,0.4987531,0,0,95.7606,3.491272,0.2493766,0
2022-06-26 05:35:31,0,0,0.4987531,0,0,98.50374,0.7481297,0.2493766,0
2022-06-26 05:35:30,0,0,0,0,0,98.99497,0.7537688,0.2512563,0
2022-06-26 05:35:29,0,0,0,0,0,98.75,1,0.25,0
2022-06-26 05:35:28,0,0,0.5,0.25,0,95.75,3.25,0.25,0
2022-06-26 05:35:27,0,0,0.9950249,0.4975124,0,94.52736,3.731343,0.2487562,0
2022-06-26 05:35:26,0,0,1.745636,0,0,92.76808,5.486284,0,0
2022-06-26 05:35:25,0,0,2.261307,0,0,91.70854,6.030151,0,0
2022-06-26 05:35:24,0,0,0.5012531,0,0,91.97995,7.26817,0.2506266,0
2022-06-26 05:35:23,0,0,0.75,0.25,0,93.75,5,0.25,0
2022-06-26 05:35:22,0,0,0.5,0.25,0,94,5.25,0,0
2022-06-26 05:35:21,0,0,0.5,0,0,93.25,5.5,0.75,0
2022-06-26 05:35:20,0,0,0.2493766,0,0,94.26434,5.236908,0.2493766,0
2022-06-26 05:35:19,0,0,0,0.2493766,0,92.76808,6.733167,0.2493766,0
2022-06-26 05:35:18,0,0,0.2525253,0,0,87.37374,10.858586,0.2525253,0
2022-06-26 05:35:17,0,0,0,0.2512563,0,88.69347,8.040201,0.2512563,0
2022-06-26 05:35:16,0,0,0.2506266,0,0,94.98747,4.260652,0.2506266,0
2022-06-26 05:35:15,0,0,0,0.25,0,97.5,2,0.25,0
2022-06-26 05:35:14,0,0,0,0,0,98.74687,1.2531328,0,0
2022-06-26 05:35:13,0,0,0,0.25,0,98.5,1,0.25,0
2022-06-26 05:35:12,0,0,0,0,0,99.49875,0.5012531,0,0
2022-06-26 05:35:11,0,0,0.4987531,0.2493766,0,97.50623,1.4962594,0.2493766,0
2022-06-26 05:35:10,0,0,0.2506266,0,0,98.24561,1.5037594,0,0
2022-06-26 05:35:09,0,0,0.25,0.25,0,98.25,1,0.25,0
2022-06-26 05:35:08,0,0,0.2487562,0,0,98.75622,0.7462687,0.2487562,0
2022-06-26 05:35:07,0,0,0,0,0,98.25436,1.2468828,0.4987531,0
2022-06-26 05:35:06,0,0,0.7575758,0.2525253,0,98.23232,0.7575758,0,0
2022-06-26 05:35:05,0,0,0.9950249,0.2487562,0,94.77612,3.731343,0.2487562,0
2022-06-26 05:35:04,0,0,1,0.25,0,96.25,2.25,0.25,0
2022-06-26 05:35:03,0,0,0.5012531,0.2506266,0,97.74436,1.2531328,0.2506266,0
2022-06-26 05:35:02,0,0,0.248139,0,0,98.26303,1.2406948,0.248139,0
2022-06-26 05:35:01,0,0,0.5025126,0,0,97.73869,1.5075377,0.2512563,0
2022-06-26 05:35:00,0,0,0.5,0,0,97.75,1.75,0,0
2022-06-26 05:34:59,0,0,0.7481297,0.2493766,0,97.50623,1.2468828,0.2493766,0
2022-06-26 05:34:58,0,0,1.2562814,0,0,95.72864,3.015075,0,0
2022-06-26 05:34:57,0,0,0.7481297,0,0,97.50623,1.4962594,0.2493766,0
2022-06-26 05:34:56,0,0,0.5012531,0,0,97.74436,1.5037594,0.2506266,0
2022-06-26 05:34:55,0,0,0.2493766,0.2493766,0,98.50374,0.7481297,0.2493766,0
2022-06-26 05:34:54,0,0,0.5,0,0,98,1.25,0.25,0
2022-06-26 05:34:53,0,0,0.2506266,0.2506266,0,98.24561,1.0025063,0.2506266,0
2022-06-26 05:34:52,0,0,1.2468828,0,0,97.25686,1.2468828,0.2493766,0
2022-06-26 05:34:51,0,0,0.9975062,0.4987531,0,94.51372,3.740648,0.2493766,0
2022-06-26 05:34:50,0,0,1.0025063,0,0,95.73935,3.007519,0.2506266,0
2022-06-26 05:34:49,0,0,0.4975124,0.2487562,0,97.76119,1.4925373,0,0
2022-06-26 05:34:48,0,0,0,0,0,99.24623,0.7537688,0,0
2022-06-26 05:34:47,0,0,0.5012531,0,0,97.99499,1.2531328,0.2506266,0
2022-06-26 05:34:46,0,0,0.7481297,0,0,97.50623,1.4962594,0.2493766,0
2022-06-26 05:34:45,0,0,0.5012531,0,0,97.74436,1.5037594,0.2506266,0
2022-06-26 05:34:44,0,0,0.7444169,0.4962779,0,95.5335,2.977667,0.248139,0
2022-06-26 05:34:43,0,0,1.2562814,0,0,95.72864,3.015075,0,0
2022-06-26 05:34:42,0,0,0.25,0,0,97.25,2.25,0.25,0
2022-06-26 05:34:41,0,0,0.5,0.25,0,97.5,1.75,0,0
2022-06-26 05:34:40,0,0,0.4987531,0.2493766,0,97.00748,1.995012,0.2493766,0
2022-06-26 05:34:39,0,0,0,0,0,97.99499,1.754386,0.2506266,0
2022-06-26 05:34:38,0,0,0.5012531,0,0,95.98997,3.258145,0.2506266,0
2022-06-26 05:34:37,0,0,1,0.25,0,95,3.5,0.25,0
2022-06-26 05:34:36,0,0,1.25,0.25,0,95.75,2.5,0.25,0
2022-06-26 05:34:35,0,0,0.75,0,0,94.5,4.5,0.25,0
2022-06-26 05:34:34,0,0,0.25,0.25,0,98.25,1,0.25,0
2022-06-26 05:34:33,0,0,0.25,0,0,98,1.5,0.25,0
2022-06-26 05:34:32,0,0,0.5,0.25,0,97,2,0.25,0
2022-06-26 05:34:31,0,0,0.2487562,0,0,98.25871,1.2437811,0.2487562,0
2022-06-26 05:34:30,0,0,0.5025126,0,0,96.98492,2.512563,0,0
2022-06-26 05:34:29,0,0,0.7518797,0.2506266,0,95.48872,3.258145,0.2506266,0
2022-06-26 05:34:28,0,0,1.741294,0.4975124,0,91.29353,6.218905,0.2487562,0
2022-06-26 05:34:27,0,0,0.9975062,0.4987531,0,92.76808,5.735661,0,0
2022-06-26 05:34:26,0,0,0.75,0.25,0,91,7.5,0.5,0
2022-06-26 05:34:25,0,0,0.7518797,0.2506266,0,93.98496,5.012531,0,0
2022-06-26 05:34:24,0,0,0.9975062,0.2493766,0,93.26683,4.987531,0.4987531,0
2022-06-26 05:34:23,0,0,0.2506266,0.2506266,0,91.97995,7.26817,0.2506266,0
2022-06-26 05:34:22,0,0,0.4975124,0,0,92.28856,6.965174,0.2487562,0
2022-06-26 05:34:21,0,0,0.25,0,0,90.5,8.75,0.25,0
2022-06-26 05:34:20,0,0,0.2512563,0,0,89.69849,9.547739,0.5025126,0
2022-06-26 05:34:19,0,0,0,0,0,91.93955,7.808564,0,0
2022-06-26 05:34:18,0,0,0.2493766,0,0,95.26185,4.239401,0.2493766,0
2022-06-26 05:34:17,0,0,0,0.25,0,96.5,3.25,0,0
2022-06-26 05:34:16,0,0,0.2487562,0,0,96.76617,2.487562,0.4975124,0
2022-06-26 05:34:15,0,0,0,0,0,98.99497,1.0050251,0,0
2022-06-26 05:34:14,0,0,0.2493766,0,0,98.25436,1.2468828,0.2493766,0
2022-06-26 05:34:13,0,0,0,0.25,0,98.75,0.75,0.25,0
2022-06-26 05:34:12,0,0,0.5012531,0,0,97.99499,1.5037594,0,0
2022-06-26 05:34:11,0,0,0.2493766,0,0,98.50374,0.7481297,0.4987531,0
2022-06-26 05:34:10,0,0,0.2506266,0,0,97.24311,2.506266,0,0
2022-06-26 05:34:09,0,0,0.2493766,0,0,98.75312,0.7481297,0.2493766,0
2022-06-26 05:34:08,0,0,0.2518892,0,0,98.74055,0.7556675,0.2518892,0
2022-06-26 05:34:07,0,0,0.7462687,0,0,97.26368,1.99005,0,0
2022-06-26 05:34:06,0,0,0.9975062,0.2493766,0,96.7581,1.745636,0.2493766,0
2022-06-26 05:34:05,0,0,1,0.25,0,95.75,2.75,0.25,0
2022-06-26 05:34:04,0,0,0.4987531,0.2493766,0,97.00748,2.244389,0,0
2022-06-26 05:34:03,0,0,0.5,0,0,98,1,0.5,0
2022-06-26 05:34:02,0,0,0.25,0.25,0,98.75,0.75,0,0
2022-06-26 05:34:01,0,0,0.5012531,0,0,96.99248,1.754386,0.7518797,0
2022-06-26 05:34:00,0,0,0.7518797,0.5012531,0,97.49373,1.2531328,0,0
2022-06-26 05:33:59,0,0,0.9975062,0,0,96.50873,2.244389,0.2493766,0
2022-06-26 05:33:58,0,0,0.7481297,0.2493766,0,96.7581,1.745636,0.4987531,0
2022-06-26 05:33:57,0,0,0.2506266,0,0,98.24561,1.5037594,0,0
2022-06-26 05:33:56,0,0,0.7518797,0.2506266,0,97.99499,1.0025063,0,0
2022-06-26 05:33:55,0,0,0.25,0,0,97.75,1.75,0.25,0
2022-06-26 05:33:54,0,0,0.9975062,0.2493766,0,96.7581,1.745636,0.2493766,0
2022-06-26 05:33:53,0,0,0.2506266,0,0,97.99499,1.2531328,0.5012531,0
2022-06-26 05:33:52,0,0,1,0.25,0,96.5,1.75,0.5,0
2022-06-26 05:33:51,0,0,0.75,0.25,0,96,3,0,0
2022-06-26 05:33:50,0,0,0.2487562,0,0,98.75622,0.7462687,0.2487562,0
2022-06-26 05:33:49,0,0,0.5037783,0,0,97.48111,2.015113,0,0
2022-06-26 05:33:48,0,0,0.4987531,0.2493766,0,97.25686,1.4962594,0.4987531,0
2022-06-26 05:33:47,0,0,0.7481297,0,0,97.25686,1.995012,0,0
2022-06-26 05:33:46,0,0,0.4987531,0,0,96.7581,2.244389,0.4987531,0
2022-06-26 05:33:45,0,0,0.75,0.25,0,96,2.75,0.25,0
2022-06-26 05:33:44,0,0,1.0025063,0.2506266,0,96.2406,2.506266,0,0
2022-06-26 05:33:43,0,0,0.5,0.25,0,98,1,0.25,0
2022-06-26 05:33:42,0,0,0.5012531,0.5012531,0,95.98997,3.007519,0,0
2022-06-26 05:33:41,0,0,0.2506266,0,0,98.24561,1.2531328,0.2506266,0
2022-06-26 05:33:40,0,0,0.7444169,0.248139,0,94.78908,3.970223,0.248139,0
2022-06-26 05:33:39,0,0,0.7518797,0,0,95.73935,3.258145,0.2506266,0
2022-06-26 05:33:38,0,0,0.5,0.25,0,97.5,1.5,0.25,0
2022-06-26 05:33:37,0,0,0.7481297,0.2493766,0,96.7581,2.244389,0,0
2022-06-26 05:33:36,0,0,0.7518797,0.2506266,0,97.24311,1.5037594,0.2506266,0
2022-06-26 05:33:35,0,0,0.5,0,0,98,1.5,0,0
2022-06-26 05:33:34,0,0,0.7481297,0,0,97.50623,1.2468828,0.4987531,0
2022-06-26 05:33:33,0,0,0.2512563,0.2512563,0,97.48744,1.5075377,0.5025126,0
2022-06-26 05:33:32,0,0,0.2493766,0,0,97.50623,1.995012,0.2493766,0
2022-06-26 05:33:31,0,0,1.0025063,0.2506266,0,96.49123,2.005013,0.2506266,0
2022-06-26 05:33:30,0,0,1.2468828,0.2493766,0,93.76559,4.488778,0.2493766,0
2022-06-26 05:33:29,0,0,1.2562814,0.5025126,0,93.71859,4.020101,0.5025126,0
2022-06-26 05:33:28,0,0,0.9975062,0,0,92.26933,6.483791,0.2493766,0
2022-06-26 05:33:27,0,0,1.0025063,0.2506266,0,92.4812,6.015038,0.2506266,0
2022-06-26 05:33:26,0,0,0.5,0.25,0,90.5,8.5,0.25,0
2022-06-26 05:33:25,0,0,1.4888337,0.248139,0,93.05211,4.71464,0.4962779,0
2022-06-26 05:33:24,0,0,0.7537688,0,0,91.20603,7.788945,0.2512563,0
2022-06-26 05:33:23,0,0,0.4987531,0.2493766,0,93.01746,5.985037,0.2493766,0
2022-06-26 05:33:22,0,0,0,0,0,90.27431,9.476309,0.2493766,0
2022-06-26 05:33:21,0,0,0,0,0,92.23058,7.518797,0.2506266,0
2022-06-26 05:33:20,0,0,0.2506266,0,0,93.23308,6.015038,0.2506266,0
2022-06-26 05:33:19,0,0,0,0.2506266,0,94.98747,4.260652,0.2506266,0
2022-06-26 05:33:18,0,0,0,0,0,95.51122,3.740648,0,0
2022-06-26 05:33:17,0,0,0.2493766,0.2493766,0,96.7581,2.493766,0.2493766,0
2022-06-26 05:33:16,0,0,0,0,0,98.99497,1.0050251,0,0
2022-06-26 05:33:15,0,0,0.2493766,0,0,98.50374,0.9975062,0.2493766,0
2022-06-26 05:33:14,0,0,0.25,0,0,98,1.5,0.25,0
2022-06-26 05:33:13,0,0,0,0,0,99.24812,0.5012531,0.2506266,0
2022-06-26 05:33:12,0,0,0.4987531,0,0,98.25436,0.9975062,0.2493766,0
2022-06-26 05:33:11,0,0,0.25,0,0,97.75,2,0,0
2022-06-26 05:33:10,0,0,0,0,0,99.24623,0.7537688,0,0
2022-06-26 05:33:09,0,0,0.4987531,0,0,98.00499,1.4962594,0,0
2022-06-26 05:33:08,0,0,1.2437811,0.2487562,0,96.26866,1.741294,0.4975124,0
2022-06-26 05:33:07,0,0,0.5037783,0,0,97.733,1.763224,0,0
2022-06-26 05:33:06,0,0,0.9950249,0.2487562,0,97.26368,1.2437811,0.2487562,0
2022-06-26 05:33:05,0,0,0.5,0.25,0,97.75,1.25,0.25,0
2022-06-26 05:33:04,0,0,0.25,0.25,0,97.5,1.5,0.5,0
2022-06-26 05:33:03,0,0,0,0,0,99.49875,0.5012531,0,0
2022-06-26 05:33:02,0,0,0.7481297,0,0,97.50623,1.745636,0,0
2022-06-26 05:33:01,0,0,1.2437811,0,0,96.0199,2.238806,0.4975124,0
2022-06-26 05:33:00,0,0,0.7537688,0.2512563,0,96.48241,2.512563,0,0
2022-06-26 05:32:59,0,0,1.0025063,0,0,96.2406,2.756892,0,0
2022-06-26 05:32:58,0,0,0.5012531,0,0,97.49373,1.754386,0.2506266,0
2022-06-26 05:32:57,0,0,0.2487562,0,0,98.75622,0.7462687,0.2487562,0
2022-06-26 05:32:56,0,0,0,0,0,99.49749,0.5025126,0,0
2022-06-26 05:32:55,0,0,0.7462687,0.2487562,0,96.26866,2.238806,0.4975124,0
2022-06-26 05:32:54,0,0,1.2468828,0.2493766,0,96.25935,2.244389,0,0
2022-06-26 05:32:53,0,0,1.0025063,0.5012531,0,95.48872,2.506266,0.5012531,0
2022-06-26 05:32:52,0,0,0.7537688,0,0,97.48744,1.758794,0,0
2022-06-26 05:32:51,0,0,0.4975124,0.2487562,0,97.51244,1.741294,0,0
2022-06-26 05:32:50,0,0,0,0,0,99.74937,0,0.2506266,0
2022-06-26 05:32:49,0,0,0.2487562,0,0,99.00498,0.7462687,0,0
2022-06-26 05:32:48,0,0,1.0050251,0,0,96.98492,1.758794,0.2512563,0
2022-06-26 05:32:47,0,0,1,0,0,95.25,3.75,0,0
2022-06-26 05:32:46,0,0,1,0,0,96,2.75,0.25,0
2022-06-26 05:32:45,0,0,0.4987531,0.2493766,0,97.25686,1.995012,0,0
2022-06-26 05:32:44,0,0,0.5012531,0,0,98.74687,0.5012531,0.2506266,0
2022-06-26 05:32:43,0,0,0,0,0,99.24812,0.5012531,0.2506266,0
2022-06-26 05:32:42,0,0,0.2493766,0,0,97.75561,1.745636,0.2493766,0
2022-06-26 05:32:41,0,0,0.4987531,0.2493766,0,97.25686,1.745636,0.2493766,0
2022-06-26 05:32:40,0,0,1.2468828,0.2493766,0,94.76309,3.491272,0.2493766,0
2022-06-26 05:32:39,0,0,1,0,0,95,3.5,0.5,0
2022-06-26 05:32:38,0,0,0.7537688,0,0,97.48744,1.758794,0,0
2022-06-26 05:32:37,0,0,0.25,0,0,98,1.5,0.25,0
2022-06-26 05:32:36,0,0,0.5,0,0,97,2.25,0.25,0
2022-06-26 05:32:35,0,0,0,0,0,99,1,0,0
2022-06-26 05:32:34,0,0,0.2493766,0,0,98.75312,0.7481297,0.2493766,0
2022-06-26 05:32:33,0,0,0.5025126,0,0,95.9799,3.266332,0.2512563,0
2022-06-26 05:32:32,0,0,0.9950249,0,0,94.52736,4.228856,0.2487562,0
2022-06-26 05:32:31,0,0,1.75,0.5,0,92.5,5,0.25,0
2022-06-26 05:32:30,0,0,1.75,0.25,0,90.25,7.5,0.25,0
2022-06-26 05:32:29,0,0,1.0025063,0.2506266,0,88.97243,9.52381,0,0
2022-06-26 05:32:28,0,0,0.2487562,0,0,95.52239,3.9801,0.2487562,0
2022-06-26 05:32:27,0,0,0.2518892,0,0,96.22166,3.02267,0.5037783,0
2022-06-26 05:32:26,0,0,0.2487562,0.2487562,0,93.53234,5.472637,0.4975124,0
2022-06-26 05:32:25,0,0,0.7481297,0,0,90.77307,7.98005,0.2493766,0
2022-06-26 05:32:24,0,0,0.5012531,0.2506266,0,90.22556,8.77193,0.2506266,0
2022-06-26 05:32:23,0,0,0.2512563,0.2512563,0,86.68342,10.80402,0.2512563,0
2022-06-26 05:32:22,0,0,0.25,0.5,0,76.75,8.75,0,0
2022-06-26 05:32:21,0,0,0,0.2487562,0,95.27363,4.228856,0.2487562,0
2022-06-26 05:32:20,0,0,0.2506266,0,0,96.99248,2.506266,0.2506266,0
2022-06-26 05:32:19,0,0,0,0.2506266,0,97.74436,2.005013,0,0
2022-06-26 05:32:18,0,0,0,0,0,98.75,0.75,0.5,0
2022-06-26 05:32:17,0,0,0.2493766,0.2493766,0,97.00748,2.244389,0.2493766,0
2022-06-26 05:32:16,0,0,0,0,0,98.99749,0.7518797,0.2506266,0
2022-06-26 05:32:15,0,0,0.7481297,0.2493766,0,96.00998,2.743142,0.2493766,0
2022-06-26 05:32:14,0,0,0,0,0,99.00249,0.7481297,0.2493766,0
2022-06-26 05:32:13,0,0,0.2512563,0,0,98.99497,0.5025126,0.2512563,0
2022-06-26 05:32:12,0,0,0,0,0,99.25,0.5,0.25,0
2022-06-26 05:32:11,0,0,0.4987531,0.2493766,0,97.50623,1.4962594,0.2493766,0
2022-06-26 05:32:10,0,0,0.7518797,0,0,94.98747,3.759398,0.5012531,0
2022-06-26 05:32:09,0,0,1.2468828,0.2493766,0,95.26185,2.992519,0.2493766,0
2022-06-26 05:32:08,0,0,1.0025063,0,0,95.2381,3.508772,0.2506266,0
2022-06-26 05:32:07,0,0,0.5012531,0,0,98.24561,1.2531328,0,0
2022-06-26 05:32:06,0,0,0,0,0,99,0.75,0.25,0
2022-06-26 05:32:05,0,0,0,0,0,99,0.75,0.25,0
2022-06-26 05:32:04,0,0,0.7481297,0.2493766,0,97.75561,1.2468828,0,0
2022-06-26 05:32:03,0,0,1,0,0,97.25,1.25,0.5,0
2022-06-26 05:32:02,0,0,1.25,0.25,0,94.75,3.75,0,0
2022-06-26 05:32:01,0,0,1.0025063,0.2506266,0,95.73935,2.756892,0.2506266,0
2022-06-26 05:32:00,0,0,0.2493766,0,0,99.00249,0.4987531,0.2493766,0
2022-06-26 05:31:59,0,0,0,0,0,98.75,1.25,0,0
2022-06-26 05:31:58,0,0,0.5,0,0,97.5,1.75,0.25,0
2022-06-26 05:31:57,0,0,0.7481297,0,0,97.25686,1.745636,0.2493766,0
2022-06-26 05:31:56,0,0,0.5012531,0,0,97.99499,1.5037594,0,0
2022-06-26 05:31:55,0,0,1.25,0.25,0,94.75,3.75,0,0
2022-06-26 05:31:54,0,0,0.9975062,0.2493766,0,97.00748,1.4962594,0.2493766,0
2022-06-26 05:31:53,0,0,0,0,0,98.99497,0.7537688,0.2512563,0
2022-06-26 05:31:52,0,0,0.4987531,0.2493766,0,98.00499,0.9975062,0.2493766,0
2022-06-26 05:31:51,0,0,0.75,0,0,97.5,1.5,0.25,0
2022-06-26 05:31:50,0,0,0.75,0,0,96.25,3,0,0
2022-06-26 05:31:49,0,0,0.75,0.25,0,96.75,2,0.25,0
2022-06-26 05:31:48,0,0,0.7481297,0,0,96.7581,1.995012,0.4987531,0
2022-06-26 05:31:47,0,0,0.7537688,0.2512563,0,96.73367,2.01005,0.2512563,0
2022-06-26 05:31:46,0,0,0.4975124,0,0,97.51244,1.741294,0.2487562,0
2022-06-26 05:31:45,0,0,0.2512563,0,0,98.74372,1.0050251,0,0
2022-06-26 05:31:44,0,0,0.4987531,0.4987531,0,96.25935,2.244389,0.4987531,0
2022-06-26 05:31:43,0,0,0.7518797,0,0,96.99248,2.005013,0.2506266,0
2022-06-26 05:31:42,0,0,0.7462687,0,0,97.01493,1.99005,0.2487562,0
2022-06-26 05:31:41,0,0,0.2512563,0,0,98.49246,1.2562814,0,0
2022-06-26 05:31:40,0,0,0.7481297,0.2493766,0,95.51122,3.241895,0.2493766,0
2022-06-26 05:31:39,0,0,0.4975124,0,0,97.01493,2.238806,0.2487562,0
2022-06-26 05:31:38,0,0,0.5012531,0,0,97.49373,1.5037594,0.5012531,0
2022-06-26 05:31:37,0,0,0.25,0.25,0,96.5,3,0,0
2022-06-26 05:31:36,0,0,0.5025126,0.2512563,0,97.48744,1.758794,0,0
2022-06-26 05:31:35,0,0,0.7481297,0.2493766,0,96.7581,1.745636,0.4987531,0
2022-06-26 05:31:34,0,0,1.5,0,0,92.75,5.75,0,0
2022-06-26 05:31:33,0,0,1.0025063,0.2506266,0,94.23559,4.260652,0.2506266,0
2022-06-26 05:31:32,0,0,0.7462687,0,0,90.79602,8.208955,0.2487562,0
2022-06-26 05:31:31,0,0,0.7537688,0.2512563,0,93.96985,4.773869,0.2512563,0
2022-06-26 05:31:30,0,0,0.9975062,0.2493766,0,92.01995,5.985037,0.7481297,0
2022-06-26 05:31:29,0,0,0.7481297,0,0,92.76808,6.483791,0,0
2022-06-26 05:31:28,0,0,0.7481297,0,0,91.02244,7.730673,0.4987531,0
2022-06-26 05:31:27,0,0,0.2518892,0.2518892,0,91.18388,7.808564,0.5037783,0
2022-06-26 05:31:26,0,0,0,0,0,90.27431,8.977556,0.2493766,0
2022-06-26 05:31:25,0,0,0.25,0,0,93.5,6.25,0,0
2022-06-26 05:31:24,0,0,0.25,0.25,0,94.25,5,0,0
2022-06-26 05:31:23,0,0,0.2487562,0.4975124,0,95.27363,3.482587,0.4975124,0
2022-06-26 05:31:22,0,0,0,0,0,94.48622,5.263158,0.2506266,0
2022-06-26 05:31:21,0,0,0,0,0,97.73869,2.01005,0.2512563,0
2022-06-26 05:31:20,0,0,0.2487562,0,0,99.00498,0.4975124,0.2487562,0
2022-06-26 05:31:19,0,0,0.2512563,0,0,98.49246,1.0050251,0.2512563,0
2022-06-26 05:31:18,0,0,0.2493766,0.2493766,0,98.50374,0.9975062,0,0
2022-06-26 05:31:17,0,0,0.25,0,0,99,0.75,0,0
2022-06-26 05:31:16,0,0,0.2506266,0,0,98.49624,1.0025063,0.2506266,0
2022-06-26 05:31:15,0,0,0.25,0,0,98,1.75,0,0
2022-06-26 05:31:14,0,0,0.2487562,0.2487562,0,98.25871,0.9950249,0.2487562,0
2022-06-26 05:31:13,0,0,0.7481297,0.4987531,0,96.00998,2.493766,0.2493766,0
2022-06-26 05:31:12,0,0,1.0050251,0.2512563,0,96.48241,1.758794,0.5025126,0
2022-06-26 05:31:11,0,0,0.7518797,0,0,97.24311,2.005013,0,0
2022-06-26 05:31:10,0,0,0.25,0,0,98.75,0.75,0.25,0
2022-06-26 05:31:09,0,0,0.7481297,0.2493766,0,97.25686,1.745636,0,0
2022-06-26 05:31:08,0,0,0.5,0.25,0,96.75,2.25,0.25,0
2022-06-26 05:31:07,0,0,0.25,0,0,98.5,1.25,0,0
2022-06-26 05:31:06,0,0,0.7518797,0,0,96.99248,2.255639,0,0
2022-06-26 05:31:05,0,0,1.4962594,0.4987531,0,94.51372,2.743142,0.7481297,0
2022-06-26 05:31:04,0,0,0.5,0.25,0,97.5,1.75,0,0
2022-06-26 05:31:03,0,0,0.2506266,0,0,97.74436,1.754386,0.2506266,0
2022-06-26 05:31:02,0,0,0.7481297,0.2493766,0,96.7581,2.244389,0,0
2022-06-26 05:31:01,0,0,0.5,0,0,97.75,1.5,0.25,0
2022-06-26 05:31:00,0,0,0.2506266,0,0,98.99749,0.7518797,0,0
2022-06-26 05:30:59,0,0,0.7481297,0.2493766,0,97.00748,1.745636,0.2493766,0
2022-06-26 05:30:58,0,0,1.0025063,0.2506266,0,95.98997,2.506266,0.2506266,0
2022-06-26 05:30:57,0,0,0.9975062,0.2493766,0,96.50873,1.745636,0.4987531,0
2022-06-26 05:30:56,0,0,0.5,0,0,98.25,1.25,0,0
2022-06-26 05:30:55,0,0,0.4987531,0,0,97.25686,1.745636,0.4987531,0
2022-06-26 05:30:54,0,0,0.7518797,0,0,97.99499,1.2531328,0,0
2022-06-26 05:30:53,0,0,0,0,0,98.49624,1.5037594,0,0
2022-06-26 05:30:52,0,0,0.9975062,0.2493766,0,96.00998,2.244389,0.4987531,0
2022-06-26 05:30:51,0,0,1.25,0,0,95.5,3.25,0,0
2022-06-26 05:30:50,0,0,0.2493766,0,0,97.50623,1.995012,0.2493766,0
2022-06-26 05:30:49,0,0,0.2506266,0.2506266,0,97.49373,1.754386,0.2506266,0
2022-06-26 05:30:48,0,0,0.7518797,0,0,97.49373,1.754386,0,0
2022-06-26 05:30:47,0,0,0.4987531,0,0,98.75312,0.4987531,0.2493766,0
2022-06-26 05:30:46,0,0,0,0,0,97.5,2.25,0.25,0
2022-06-26 05:30:45,0,0,0.2512563,0,0,98.49246,1.2562814,0,0
2022-06-26 05:30:44,0,0,1.2406948,0.248139,0,94.78908,3.473945,0.248139,0
2022-06-26 05:30:43,0,0,1,0.5,0,95,3.25,0.25,0
2022-06-26 05:30:42,0,0,0,0,0,98.74687,1.2531328,0,0
2022-06-26 05:30:41,0,0,0.4975124,0.2487562,0,98.00995,0.7462687,0.4975124,0
2022-06-26 05:30:40,0,0,0.7537688,0,0,95.47739,3.768844,0,0
2022-06-26 05:30:39,0,0,0.25,0,0,97.75,1.75,0.25,0
2022-06-26 05:30:38,0,0,0,0,0,98.49624,1.2531328,0.2506266,0
2022-06-26 05:30:37,0,0,0.5,0,0,97,2.5,0,0
2022-06-26 05:30:36,0,0,1,0,0,95,3.75,0.25,0
2022-06-26 05:30:35,0,0,1.745636,0,0,92.26933,5.735661,0.2493766,0
2022-06-26 05:30:34,0,0,1.2531328,0.2506266,0,92.23058,6.265664,0,0
2022-06-26 05:30:33,0,0,0.4975124,0,0,92.0398,6.965174,0.4975124,0
2022-06-26 05:30:32,0,0,0.5025126,0.2512563,0,95.47739,3.768844,0,0
2022-06-26 05:30:31,0,0,0.4975124,0.2487562,0,92.53731,6.467662,0.2487562,0
2022-06-26 05:30:30,0,0,0.7556675,0,0,93.95466,5.037783,0.2518892,0
2022-06-26 05:30:29,0,0,0.4987531,0.2493766,0,92.01995,6.982544,0.2493766,0
2022-06-26 05:30:28,0,0,0.4987531,0,0,92.5187,6.733167,0.2493766,0
2022-06-26 05:30:27,0,0,0,0.2506266,0,88.47118,10.526316,0.2506266,0
2022-06-26 05:30:26,0,0,0.2487562,0,0,92.78607,5.970149,0.2487562,0
2022-06-26 05:30:25,0,0,0.5025126,0,0,94.22111,5.276382,0,0
2022-06-26 05:30:24,0,0,0.4987531,0,0,94.51372,4.738155,0.2493766,0
2022-06-26 05:30:23,0,0,0,0.25,0,97,2.5,0.25,0
2022-06-26 05:30:22,0,0,0,0,0,98.24561,1.754386,0,0
2022-06-26 05:30:21,0,0,0,0,0,98.49624,1.2531328,0.2506266,0
2022-06-26 05:30:20,0,0,0.2493766,0.2493766,0,98.50374,0.7481297,0.2493766,0
2022-06-26 05:30:19,0,0,0.4987531,0,0,98.00499,0.9975062,0.4987531,0
2022-06-26 05:30:18,0,0,0.2506266,0,0,98.24561,1.2531328,0.2506266,0
2022-06-26 05:30:17,0,0,0,0,0,99.25,0.75,0,0
2022-06-26 05:30:16,0,0,0.2493766,0,0,99.00249,0.4987531,0.2493766,0
2022-06-26 05:30:15,0,0,0.25,0,0,98.25,1.5,0,0
2022-06-26 05:30:14,0,0,0.5012531,0.2506266,0,97.74436,1.2531328,0.2506266,0
2022-06-26 05:30:13,0,0,1.2437811,0.2487562,0,95.27363,2.985075,0.2487562,0
2022-06-26 05:30:12,0,0,1,0.5,0,96.25,2.25,0,0
2022-06-26 05:30:11,0,0,0.5025126,0.2512563,0,97.48744,1.5075377,0.2512563,0
2022-06-26 05:30:10,0,0,0.2493766,0,0,98.50374,0.9975062,0.2493766,0
2022-06-26 05:30:09,0,0,0.5,0,0,97.25,2,0.25,0
2022-06-26 05:30:08,0,0,0.2493766,0.2493766,0,98.00499,1.2468828,0.2493766,0
2022-06-26 05:30:07,0,0,0.75,0.5,0,96.75,1.75,0.25,0
2022-06-26 05:30:06,0,0,1.2562814,0.2512563,0,95.72864,2.763819,0,0
2022-06-26 05:30:05,0,0,1.25,0.25,0,95,3,0.5,0
2022-06-26 05:30:04,0,0,0.2506266,0,0,98.24561,1.2531328,0.2506266,0
2022-06-26 05:30:03,0,0,0.2493766,0.2493766,0,98.25436,0.9975062,0.2493766,0
2022-06-26 05:30:02,0,0,0.7481297,0.2493766,0,97.25686,1.745636,0,0
2022-06-26 05:30:01,0,0,0.25,0.25,0,98.75,0.5,0.25,0
2022-06-26 05:30:00,0,0,0.7518797,0,0,97.74436,1.5037594,0,0
2022-06-26 05:29:59,0,0,1,0.25,0,95.25,3,0.5,0
2022-06-26 05:29:58,0,0,1.25,0,0,96,2.5,0.25,0
2022-06-26 05:29:57,0,0,0.25,0,0,99,0.75,0,0
2022-06-26 05:29:56,0,0,0.25,0,0,98.5,1,0.25,0
2022-06-26 05:29:55,0,0,0.5,0.25,0,98,1.25,0,0
2022-06-26 05:29:54,0,0,0.2493766,0,0,99.25187,0.2493766,0.2493766,0
2022-06-26 05:29:53,0,0,0.75,0.25,0,95.75,2.75,0.25,0
2022-06-26 05:29:52,0,0,0.9975062,0.2493766,0,96.00998,2.493766,0.2493766,0
2022-06-26 05:29:51,0,0,0.7537688,0.2512563,0,96.98492,2.01005,0,0
2022-06-26 05:29:50,0,0,0.9925558,0,0,95.78164,2.977667,0.248139,0
2022-06-26 05:29:49,0,0,0.5012531,0.2506266,0,97.49373,1.5037594,0.2506266,0
2022-06-26 05:29:48,0,0,0.2506266,0,0,98.49624,1.0025063,0.2506266,0
2022-06-26 05:29:47,0,0,0,0,0,98.49624,1.2531328,0.2506266,0
2022-06-26 05:29:46,0,0,0.4987531,0.2493766,0,95.51122,3.491272,0.2493766,0
2022-06-26 05:29:45,0,0,1,0,0,96.25,2.75,0,0
2022-06-26 05:29:44,0,0,1.0025063,0.2506266,0,95.48872,3.007519,0.2506266,0
2022-06-26 05:29:43,0,0,0.75,0.25,0,97.25,1.5,0.25,0
2022-06-26 05:29:42,0,0,0.4962779,0,0,97.51861,1.4888337,0.4962779,0
2022-06-26 05:29:41,0,0,0.5012531,0.2506266,0,97.24311,1.754386,0.2506266,0
2022-06-26 05:29:40,0,0,0.25,0,0,98,1.5,0.25,0
2022-06-26 05:29:39,0,0,0,0,0,99.49875,0.5012531,0,0
2022-06-26 05:29:38,0,0,0.5,0,0,96.75,2.5,0.25,0
2022-06-26 05:29:37,0,0,0.75,0,0,94.75,4.25,0.25,0
2022-06-26 05:29:36,0,0,1.25,0.25,0,92.5,5.5,0.5,0
2022-06-26 05:29:35,0,0,1.75,0.25,0,91.5,6.25,0.25,0
2022-06-26 05:29:34,0,0,1.0025063,0,0,91.22807,7.769424,0,0
2022-06-26 05:29:33,0,0,0.9925558,0.248139,0,93.05211,5.210918,0.4962779,0
2022-06-26 05:29:32,0,0,0.5012531,0,0,93.23308,6.265664,0,0
2022-06-26 05:29:31,0,0,0.5012531,0.2506266,0,92.73183,6.265664,0.2506266,0
2022-06-26 05:29:30,0,0,0.2493766,0,0,91.77057,7.730673,0.2493766,0
2022-06-26 05:29:29,0,0,0.4987531,0,0,92.01995,6.982544,0.4987531,0
2022-06-26 05:29:28,0,0,0,0.2512563,0,90.70352,8.79397,0.2512563,0
2022-06-26 05:29:27,0,0,0.2493766,0,0,90.02494,8.977556,0.4987531,0
2022-06-26 05:29:26,0,0,0,0,0,94.75,4.25,0.25,0
2022-06-26 05:29:25,0,0,1.0025063,0,0,94.48622,4.511278,0,0
2022-06-26 05:29:24,0,0,0.4975124,0,0,97.51244,1.4925373,0.4975124,0
2022-06-26 05:29:23,0,0,0,0,0,97.48744,2.512563,0,0
2022-06-26 05:29:22,0,0,0.2506266,0,0,98.49624,1.2531328,0,0
2022-06-26 05:29:21,0,0,0.2493766,0.2493766,0,98.00499,1.2468828,0.2493766,0
2022-06-26 05:29:20,0,0,0.4987531,0.2493766,0,97.50623,1.4962594,0.2493766,0
2022-06-26 05:29:19,0,0,0.2506266,0,0,97.99499,1.754386,0,0
2022-06-26 05:29:18,0,0,0,0,0,98.50374,1.2468828,0.2493766,0
2022-06-26 05:29:17,0,0,0,0,0,99.24812,0.5012531,0.2506266,0
2022-06-26 05:29:16,0,0,0.7481297,0,0,96.7581,2.244389,0.2493766,0
2022-06-26 05:29:15,0,0,1.0025063,0.2506266,0,95.98997,2.506266,0.2506266,0
2022-06-26 05:29:14,0,0,0.75,0,0,97.5,1.5,0.25,0
2022-06-26 05:29:13,0,0,0.9975062,0.2493766,0,96.25935,2.244389,0.2493766,0
2022-06-26 05:29:12,0,0,0.2506266,0,0,98.49624,0.7518797,0.5012531,0
2022-06-26 05:29:11,0,0,0,0.2506266,0,98.99749,0.7518797,0,0
2022-06-26 05:29:10,0,0,0.4987531,0,0,98.25436,0.9975062,0.2493766,0
2022-06-26 05:29:09,0,0,0.7462687,0,0,96.76617,1.99005,0.4975124,0
2022-06-26 05:29:08,0,0,1.0025063,0.2506266,0,96.49123,2.005013,0.2506266,0
2022-06-26 05:29:07,0,0,1.2531328,0,0,96.49123,2.255639,0,0
2022-06-26 05:29:06,0,0,0.75,0.25,0,97,2,0,0
2022-06-26 05:29:05,0,0,0,0,0,99,1,0,0
2022-06-26 05:29:04,0,0,0.5,0,0,98,1,0.5,0
2022-06-26 05:29:03,0,0,0.5,0,0,97.5,1.75,0.25,0
2022-06-26 05:29:02,0,0,0.25,0,0,98.5,1,0.25,0
2022-06-26 05:29:01,0,0,1.4962594,0.2493766,0,95.26185,2.743142,0.2493766,0
2022-06-26 05:29:00,0,0,0.4987531,0,0,98.00499,1.2468828,0.2493766,0
2022-06-26 05:28:59,0,0,1.0050251,0.2512563,0,96.23116,2.512563,0,0
2022-06-26 05:28:58,0,0,0.4987531,0,0,98.25436,0.7481297,0.4987531,0
2022-06-26 05:28:57,0,0,0.5,0,0,97.25,2.25,0,0
2022-06-26 05:28:56,0,0,0.2506266,0,0,96.99248,2.506266,0.2506266,0
2022-06-26 05:28:55,0,0,0.7481297,0.2493766,0,96.50873,2.244389,0.2493766,0
2022-06-26 05:28:54,0,0,1.2531328,0,0,96.49123,2.255639,0,0
2022-06-26 05:28:53,0,0,0.7481297,0.2493766,0,96.50873,1.995012,0.4987531,0
2022-06-26 05:28:52,0,0,1,0.75,0,96.5,1.75,0,0
2022-06-26 05:28:51,0,0,0.25,0,0,97.75,1.5,0.5,0
2022-06-26 05:28:50,0,0,0.5,0.25,0,97,2.25,0,0
2022-06-26 05:28:49,0,0,0.2506266,0,0,98.99749,0.7518797,0,0
2022-06-26 05:28:48,0,0,0.2487562,0,0,97.26368,1.99005,0.4975124,0
2022-06-26 05:28:47,0,0,1,0.25,0,95.75,3,0,0
2022-06-26 05:28:46,0,0,1.0050251,0,0,95.9799,2.763819,0.2512563,0
2022-06-26 05:28:45,0,0,0.75,0.5,0,95.75,2.75,0.25,0
2022-06-26 05:28:44,0,0,0.75,0,0,96.25,2.75,0.25,0
2022-06-26 05:28:43,0,0,0.75,0,0,97.75,1.25,0.25,0
2022-06-26 05:28:42,0,0,0.25,0.25,0,97.5,1.75,0.25,0
2022-06-26 05:28:41,0,0,0,0.2487562,0,98.25871,1.2437811,0.2487562,0
2022-06-26 05:28:40,0,0,0.5025126,0,0,97.23618,2.261307,0,0
2022-06-26 05:28:39,0,0,0.75,0.25,0,95.5,3.5,0,0
2022-06-26 05:28:38,0,0,1,0.25,0,92.75,5.75,0.25,0
2022-06-26 05:28:37,0,0,1.25,0.25,0,92,6.25,0.25,0
2022-06-26 05:28:36,0,0,1.25,0,0,91.25,7.25,0.25,0
2022-06-26 05:28:35,0,0,1.4925373,0,0,90.29851,7.960199,0.2487562,0
2022-06-26 05:28:34,0,0,1.0075567,0.5037783,0,91.68766,6.549118,0,0
2022-06-26 05:28:33,0,0,0.5,0,0,93.25,5.75,0.5,0
2022-06-26 05:28:32,0,0,0,0,0,91.25,8.5,0.25,0
2022-06-26 05:28:31,0,0,0.2487562,0.2487562,0,94.52736,4.726368,0.2487562,0
2022-06-26 05:28:30,0,0,0,0,0,92.4812,7.26817,0.2506266,0
2022-06-26 05:28:29,0,0,0,0,0,91.27182,7.730673,0.7481297,0
2022-06-26 05:28:28,0,0,0.2512563,0,0,89.44724,9.045226,0.2512563,0
2022-06-26 05:28:27,0,0,0,0.2512563,0,92.46231,5.778894,0,0
2022-06-26 05:28:26,0,0,0.2493766,0,0,97.00748,2.493766,0.2493766,0
2022-06-26 05:28:25,0,0,2,0,0,96,1.75,0.25,0
2022-06-26 05:28:24,0,0,0,0,0,98.74372,1.0050251,0.2512563,0
2022-06-26 05:28:23,0,0,0.2487562,0.2487562,0,98.50746,0.7462687,0.2487562,0
2022-06-26 05:28:22,0,0,0.2512563,0,0,98.24121,1.5075377,0,0
2022-06-26 05:28:21,0,0,0.2493766,0,0,97.75561,1.4962594,0.4987531,0
2022-06-26 05:28:20,0,0,0,0.2506266,0,98.24561,1.2531328,0.2506266,0
2022-06-26 05:28:19,0,0,0.5,0,0,97.5,1.75,0.25,0
2022-06-26 05:28:18,0,0,0.2506266,0,0,98.74687,1.0025063,0,0
2022-06-26 05:28:17,0,0,0.7481297,0,0,97.25686,1.4962594,0.4987531,0
2022-06-26 05:28:16,0,0,0.5,0,0,97.25,2.25,0,0
2022-06-26 05:28:15,0,0,0.7481297,0.2493766,0,96.7581,1.745636,0.4987531,0
2022-06-26 05:28:14,0,0,0.5012531,0.2506266,0,97.99499,1.2531328,0,0
2022-06-26 05:28:13,0,0,1.2468828,0,0,96.25935,1.995012,0.4987531,0
2022-06-26 05:28:12,0,0,0.5,0,0,97.5,1.5,0.25,0
2022-06-26 05:28:11,0,0,0.5,0,0,97.75,1.5,0.25,0
2022-06-26 05:28:10,0,0,0.2487562,0,0,98.25871,0.9950249,0.4975124,0
2022-06-26 05:28:09,0,0,0.75,0.25,0,97,1.75,0.25,0
2022-06-26 05:28:08,0,0,0.5050505,0,0,97.72727,1.767677,0,0
2022-06-26 05:28:07,0,0,0.990099,0.4950495,0,95.79208,2.227723,0.4950495,0
2022-06-26 05:28:06,0,0,1.0025063,0,0,96.49123,2.255639,0.2506266,0
2022-06-26 05:28:05,0,0,0.2506266,0,0,98.99749,0.7518797,0,0
2022-06-26 05:28:04,0,0,0.2493766,0,0,98.25436,1.2468828,0.2493766,0
2022-06-26 05:28:03,0,0,0.4987531,0.2493766,0,97.75561,1.2468828,0.2493766,0
2022-06-26 05:28:02,0,0,1.0025063,0,0,97.24311,1.754386,0,0
2022-06-26 05:28:01,0,0,0.4975124,0,0,98.00995,1.2437811,0.2487562,0
2022-06-26 05:28:00,0,0,0.5037783,0.2518892,0,96.97733,2.267003,0,0
2022-06-26 05:27:59,0,0,0.9950249,0,0,96.51741,2.238806,0.2487562,0
2022-06-26 05:27:58,0,0,0.2506266,0,0,98.74687,0.5012531,0.5012531,0
2022-06-26 05:27:57,0,0,0.5012531,0,0,97.99499,1.5037594,0,0
2022-06-26 05:27:56,0,0,0.5,0,0,98,1.5,0,0
2022-06-26 05:27:55,0,0,0.7518797,0,0,96.74185,2.506266,0,0
2022-06-26 05:27:54,0,0,0.7444169,0,0,97.02233,1.736973,0.4962779,0
2022-06-26 05:27:53,0,0,0.5,0.25,0,96.75,2.25,0.25,0
2022-06-26 05:27:52,0,0,1.0025063,0,0,97.49373,1.2531328,0.2506266,0
2022-06-26 05:27:51,0,0,0.4975124,0.2487562,0,97.26368,1.741294,0.2487562,0
2022-06-26 05:27:50,0,0,0,0,0,98.73737,1.2626263,0,0
2022-06-26 05:27:49,0,0,0.4987531,0.2493766,0,97.00748,1.995012,0.2493766,0
2022-06-26 05:27:48,0,0,0.75,0.25,0,95.5,3.5,0,0
2022-06-26 05:27:47,0,0,0.9975062,0,0,96.25935,2.493766,0.2493766,0
2022-06-26 05:27:46,0,0,0.7462687,0,0,96.51741,2.238806,0.4975124,0
2022-06-26 05:27:45,0,0,0.2518892,0.2518892,0,95.96977,3.526448,0,0
2022-06-26 05:27:44,0,0,0.9975062,0.2493766,0,95.7606,2.743142,0.2493766,0
2022-06-26 05:27:43,0,0,0.5012531,0,0,96.99248,2.005013,0.5012531,0
2022-06-26 05:27:42,0,0,0,0,0,98.25871,1.741294,0,0
2022-06-26 05:27:41,0,0,0.7518797,0,0,96.2406,2.756892,0.2506266,0
2022-06-26 05:27:40,0,0,0.5012531,0.2506266,0,94.73684,4.260652,0.2506266,0
2022-06-26 05:27:39,0,0,1.4925373,0.2487562,0,94.52736,3.482587,0.2487562,0
2022-06-26 05:27:38,0,0,1.25,0.25,0,91.5,6.5,0.25,0
2022-06-26 05:27:37,0,0,0.7537688,0,0,93.96985,5.276382,0,0
2022-06-26 05:27:36,0,0,0.7462687,0.2487562,0,95.02488,3.482587,0.4975124,0
2022-06-26 05:27:35,0,0,0.5025126,0,0,90.45226,9.045226,0,0
2022-06-26 05:27:34,0,0,0.7462687,0.2487562,0,93.03483,5.970149,0,0
2022-06-26 05:27:33,0,0,0.5,0.25,0,93,6,0.25,0
2022-06-26 05:27:32,0,0,0.5012531,0.2506266,0,91.72932,7.017544,0.5012531,0
2022-06-26 05:27:31,0,0,0.5025126,0.2512563,0,90.70352,8.291457,0,0
2022-06-26 05:27:30,0,0,0,0,0,93.75,6,0.25,0
2022-06-26 05:27:29,0,0,0,0.2487562,0,91.29353,7.711443,0.2487562,0
2022-06-26 05:27:28,0,0,0,0,0,94.25,5.25,0.5,0
2022-06-26 05:27:27,0,0,0.2512563,0,0,96.98492,2.512563,0.2512563,0
2022-06-26 05:27:26,0,0,0,0.25,0,96.5,3,0.25,0
2022-06-26 05:27:25,0,0,0.2493766,0,0,97.75561,1.745636,0.2493766,0
2022-06-26 05:27:24,0,0,0.75,0.25,0,96.75,2,0.25,0
2022-06-26 05:27:23,0,0,0,0,0,98.49624,1.2531328,0.2506266,0
2022-06-26 05:27:22,0,0,0.5,0,0,97.5,1.5,0.5,0
2022-06-26 05:27:21,0,0,0.25,0,0,98.25,1.5,0,0
2022-06-26 05:27:20,0,0,0.2493766,0.4987531,0,97.00748,1.745636,0.4987531,0
2022-06-26 05:27:19,0,0,0.7518797,0,0,96.99248,2.255639,0,0
2022-06-26 05:27:18,0,0,0.9975062,0.2493766,0,95.26185,2.992519,0.4987531,0
2022-06-26 05:27:17,0,0,0.2506266,0,0,98.24561,1.5037594,0,0
2022-06-26 05:27:16,0,0,0.7481297,0.2493766,0,96.7581,1.995012,0.2493766,0
2022-06-26 05:27:15,0,0,0.5,0.25,0,97,2.25,0,0
2022-06-26 05:27:14,0,0,0.5012531,0,0,98.49624,0.7518797,0.2506266,0
2022-06-26 05:27:13,0,0,0.4987531,0.2493766,0,97.50623,1.4962594,0.2493766,0
2022-06-26 05:27:12,0,0,0.9975062,0.2493766,0,96.7581,1.745636,0.2493766,0
2022-06-26 05:27:11,0,0,0.7537688,0,0,97.73869,1.5075377,0,0
2022-06-26 05:27:10,0,0,0.4987531,0,0,97.75561,1.4962594,0.2493766,0
2022-06-26 05:27:09,0,0,0.4987531,0.2493766,0,97.00748,1.995012,0.2493766,0
2022-06-26 05:27:08,0,0,1.0025063,0.2506266,0,96.49123,2.255639,0,0
2022-06-26 05:27:07,0,0,0.5,0,0,97.5,1.5,0.5,0
2022-06-26 05:27:06,0,0,0.75,0,0,97.5,1.75,0,0
2022-06-26 05:27:05,0,0,0.5012531,0.2506266,0,97.74436,1.5037594,0,0
2022-06-26 05:27:04,0,0,0.5,0,0,97.25,2.25,0,0
2022-06-26 05:27:03,0,0,0.7518797,0.2506266,0,95.73935,2.756892,0.5012531,0
2022-06-26 05:27:02,0,0,0.7462687,0,0,98.25871,0.7462687,0.2487562,0
2022-06-26 05:27:01,0,0,0.7518797,0,0,96.49123,2.756892,0,0
2022-06-26 05:27:00,0,0,0.7481297,0.2493766,0,97.00748,1.4962594,0.4987531,0
2022-06-26 05:26:59,0,0,0.5,0,0,97.5,1.75,0.25,0
2022-06-26 05:26:58,0,0,0.5012531,0,0,97.24311,2.255639,0,0
2022-06-26 05:26:57,0,0,0.75,0,0,96.75,2.25,0.25,0
2022-06-26 05:26:56,0,0,0.9975062,0.2493766,0,96.50873,2.244389,0,0
2022-06-26 05:26:55,0,0,0.2506266,0,0,98.24561,1.5037594,0,0
2022-06-26 05:26:54,0,0,0.7481297,0,0,97.25686,1.745636,0.2493766,0
2022-06-26 05:26:53,0,0,0.5,0.25,0,97.75,1.5,0,0
2022-06-26 05:26:52,0,0,0.4987531,0.2493766,0,96.50873,1.995012,0.7481297,0
2022-06-26 05:26:51,0,0,0.25,0.25,0,96.5,2.5,0.5,0
2022-06-26 05:26:50,0,0,0.7518797,0,0,96.74185,2.255639,0.2506266,0
2022-06-26 05:26:49,0,0,1,0,0,96.25,2.75,0,0
2022-06-26 05:26:48,0,0,0.5,0,0,96.75,2.25,0.5,0
2022-06-26 05:26:47,0,0,0.25,0.25,0,97.25,2,0.25,0
2022-06-26 05:26:46,0,0,1,0.25,0,96,2.75,0,0
2022-06-26 05:26:45,0,0,0.2493766,0,0,97.25686,1.995012,0.2493766,0
2022-06-26 05:26:44,0,0,0,0,0,99,0.75,0.25,0
2022-06-26 05:26:43,0,0,0.5012531,0,0,97.74436,1.5037594,0.2506266,0
2022-06-26 05:26:42,0,0,0.9975062,0.2493766,0,94.01496,4.738155,0,0
2022-06-26 05:26:41,0,0,1.2531328,0,0,93.98496,4.511278,0.2506266,0
2022-06-26 05:26:40,0,0,1.4962594,0.4987531,0,92.5187,5.236908,0.2493766,0
2022-06-26 05:26:39,0,0,1,0,0,93.25,5.75,0,0
2022-06-26 05:26:38,0,0,0.5,0.25,0,93.75,5.25,0.25,0
2022-06-26 05:26:37,0,0,1,0.25,0,95.5,3,0.25,0
2022-06-26 05:26:36,0,0,0.5012531,0,0,89.22306,10.025063,0.2506266,0
2022-06-26 05:26:35,0,0,0.4987531,0.2493766,0,91.5212,7.481297,0.2493766,0
2022-06-26 05:26:34,0,0,0,0,0,94.51372,5.236908,0.2493766,0
2022-06-26 05:26:33,0,0,0.2512563,0,0,91.70854,7.035176,0.7537688,0
2022-06-26 05:26:32,0,0,0.5025126,0.2512563,0,88.69347,9.045226,0,0
2022-06-26 05:26:31,0,0,0.5,0,0,92,7.25,0.25,0
2022-06-26 05:26:30,0,0,0.5012531,0.2506266,0,93.48371,5.513784,0.2506266,0
2022-06-26 05:26:29,0,0,0,0,0,97.25686,2.493766,0,0
2022-06-26 05:26:28,0,0,0,0,0,97.5,2.25,0.25,0
2022-06-26 05:26:27,0,0,0,0,0,98.49246,1.5075377,0,0
2022-06-26 05:26:26,0,0,0.2493766,0,0,97.50623,1.995012,0.2493766,0
2022-06-26 05:26:25,0,0,1,0.25,0,96.25,2.5,0,0
2022-06-26 05:26:24,0,0,0,0.25,0,98,1.5,0.25,0
2022-06-26 05:26:23,0,0,0.2493766,0,0,97.25686,2.244389,0.2493766,0
2022-06-26 05:26:22,0,0,0.2506266,0,0,98.74687,0.7518797,0.2506266,0
2022-06-26 05:26:21,0,0,0,0.25,0,98.75,0.75,0.25,0
2022-06-26 05:26:20,0,0,0.5,0.25,0,97.5,1.75,0,0
2022-06-26 05:26:19,0,0,0.9975062,0,0,96.50873,2.244389,0.2493766,0
2022-06-26 05:26:18,0,0,1.0025063,0.5012531,0,95.98997,2.255639,0.2506266,0
2022-06-26 05:26:17,0,0,0.4975124,0.2487562,0,97.76119,1.2437811,0.2487562,0
2022-06-26 05:26:16,0,0,0.2506266,0,0,98.74687,0.5012531,0.5012531,0
2022-06-26 05:26:15,0,0,0.5,0.25,0,97.5,1.75,0,0
2022-06-26 05:26:14,0,0,0.25,0,0,97.5,2.25,0,0
2022-06-26 05:26:13,0,0,0.2506266,0,0,97.74436,1.5037594,0.5012531,0
2022-06-26 05:26:12,0,0,1.25,0,0,96,2.25,0.5,0
2022-06-26 05:26:11,0,0,1.4925373,0.7462687,0,95.02488,2.487562,0.2487562,0
2022-06-26 05:26:10,0,0,0.2506266,0,0,97.49373,1.754386,0.5012531,0
2022-06-26 05:26:09,0,0,0.2506266,0,0,98.99749,0.5012531,0.2506266,0
2022-06-26 05:26:08,0,0,0.2493766,0.2493766,0,98.00499,1.2468828,0.2493766,0
2022-06-26 05:26:07,0,0,0.2493766,0,0,98.25436,0.9975062,0.4987531,0
2022-06-26 05:26:06,0,0,0.7537688,0,0,96.98492,2.261307,0,0
2022-06-26 05:26:05,0,0,1.745636,0.2493766,0,95.7606,1.995012,0.2493766,0
2022-06-26 05:26:04,0,0,1.0025063,0,0,96.2406,2.506266,0.2506266,0
2022-06-26 05:26:03,0,0,0.25,0.5,0,97.25,1.75,0.25,0
2022-06-26 05:26:02,0,0,0,0,0,99,0.75,0.25,0
2022-06-26 05:26:01,0,0,0.2506266,0,0,98.49624,1.2531328,0,0
2022-06-26 05:26:00,0,0,0.4987531,0.2493766,0,97.75561,1.2468828,0.2493766,0
2022-06-26 05:25:59,0,0,1,0,0,97.25,1.75,0,0
2022-06-26 05:25:58,0,0,1.4962594,0.2493766,0,95.01247,2.992519,0.2493766,0
2022-06-26 05:25:57,0,0,0.5012531,0,0,96.74185,2.756892,0,0
2022-06-26 05:25:56,0,0,0.4987531,0.2493766,0,97.25686,1.745636,0.2493766,0
2022-06-26 05:25:55,0,0,0.2506266,0,0,98.24561,1.2531328,0.2506266,0
2022-06-26 05:25:54,0,0,0.5,0,0,98.5,1,0,0
2022-06-26 05:25:53,0,0,0.25,0.25,0,98.25,1,0.25,0
2022-06-26 05:25:52,0,0,0.2506266,0,0,97.74436,2.005013,0,0
2022-06-26 05:25:51,0,0,1.2406948,0.248139,0,94.54094,3.473945,0.4962779,0
2022-06-26 05:25:50,0,0,1.754386,0.5012531,0,93.73434,3.759398,0.2506266,0
2022-06-26 05:25:49,0,0,0.5012531,0,0,97.24311,2.255639,0,0
2022-06-26 05:25:48,0,0,0,0,0,98.49624,1.5037594,0,0
2022-06-26 05:25:47,0,0,0,0,0,99.25,0.5,0.25,0
2022-06-26 05:25:46,0,0,0.4975124,0.2487562,0,97.51244,1.4925373,0.2487562,0
2022-06-26 05:25:45,0,0,0.2493766,0,0,98.50374,0.9975062,0.2493766,0
2022-06-26 05:25:44,0,0,0.7518797,0,0,95.48872,3.508772,0.2506266,0
2022-06-26 05:25:43,0,0,1.2468828,0.2493766,0,95.26185,3.241895,0,0
2022-06-26 05:25:42,0,0,1.2531328,0.2506266,0,93.98496,4.260652,0.2506266,0
2022-06-26 05:25:41,0,0,1.2468828,0.2493766,0,93.26683,4.987531,0.2493766,0
2022-06-26 05:25:40,0,0,1.2531328,0,0,90.22556,8.270677,0.2506266,0
2022-06-26 05:25:39,0,0,0.2506266,0.2506266,0,93.23308,6.015038,0.2506266,0
2022-06-26 05:25:38,0,0,0,0,0,96.5,2.75,0.75,0
2022-06-26 05:25:37,0,0,0.2493766,0,0,95.26185,4.488778,0,0
2022-06-26 05:25:36,0,0,0.2506266,0,0,92.23058,7.017544,0.5012531,0
2022-06-26 05:25:35,0,0,0.5012531,0,0,93.73434,5.513784,0.2506266,0
2022-06-26 05:25:34,0,0,1,0.5,0,88.5,9.5,0.25,0
2022-06-26 05:25:33,0,0,0.9975062,0,0,85.28678,10.723192,0.4987531,0
2022-06-26 05:25:32,0,0,0.2493766,0,0,95.51122,3.740648,0.2493766,0
2022-06-26 05:25:31,0,0,0,0.2512563,0,97.23618,2.01005,0.5025126,0
2022-06-26 05:25:30,0,0,0,0,0,95.9799,3.517588,0.5025126,0
2022-06-26 05:25:29,0,0,0.248139,0,0,95.28536,4.466501,0,0
2022-06-26 05:25:28,0,0,0,0,0,96.48241,3.015075,0.5025126,0
2022-06-26 05:25:27,0,0,0.248139,0,0,95.28536,3.970223,0.4962779,0
2022-06-26 05:25:26,0,0,0.2525253,0.2525253,0,96.71717,2.777778,0,0
2022-06-26 05:25:25,0,0,0.7481297,0,0,96.50873,2.244389,0.4987531,0
2022-06-26 05:25:24,0,0,0.7481297,0,0,98.00499,0.9975062,0.2493766,0
2022-06-26 05:25:23,0,0,0.25,0,0,99,0.5,0.25,0
2022-06-26 05:25:22,0,0,0.25,0.25,0,98.75,0.5,0.25,0
2022-06-26 05:25:21,0,0,0.4987531,0,0,97.25686,1.745636,0.4987531,0
2022-06-26 05:25:20,0,0,0.7518797,0.2506266,0,97.24311,1.754386,0,0
2022-06-26 05:25:19,0,0,0.9975062,0,0,95.7606,2.743142,0.4987531,0
2022-06-26 05:25:18,0,0,0.5012531,0.2506266,0,97.99499,1.0025063,0.2506266,0
2022-06-26 05:25:17,0,0,0.2487562,0,0,98.50746,0.9950249,0.2487562,0
2022-06-26 05:25:16,0,0,0,0,0,98.99244,1.0075567,0,0
2022-06-26 05:25:15,0,0,0.9950249,0,0,96.26866,2.736318,0,0
2022-06-26 05:25:14,0,0,1.0025063,0,0,96.49123,2.255639,0.2506266,0
2022-06-26 05:25:13,0,0,0.5025126,0.2512563,0,96.23116,2.763819,0.2512563,0
2022-06-26 05:25:12,0,0,1,0,0,96.5,2.5,0,0
2022-06-26 05:25:11,0,0,0.4962779,0.248139,0,97.51861,1.4888337,0.248139,0
2022-06-26 05:25:10,0,0,0,0,0,99,0.75,0.25,0
2022-06-26 05:25:09,0,0,0.5025126,0,0,97.73869,1.5075377,0.2512563,0
2022-06-26 05:25:08,0,0,1.2437811,0,0,96.26866,2.238806,0.2487562,0
2022-06-26 05:25:07,0,0,0.5025126,0.2512563,0,97.48744,1.758794,0,0
2022-06-26 05:25:06,0,0,0.7518797,0,0,97.24311,1.754386,0.2506266,0
2022-06-26 05:25:05,0,0,0.9950249,0.2487562,0,96.0199,2.487562,0.2487562,0
2022-06-26 05:25:04,0,0,0.2506266,0,0,98.99749,0.7518797,0,0
2022-06-26 05:25:03,0,0,0.25,0,0,98,1.5,0.25,0
2022-06-26 05:25:02,0,0,0.9975062,0.2493766,0,96.25935,2.244389,0.2493766,0
2022-06-26 05:25:01,0,0,0.2512563,0,0,97.73869,2.01005,0,0
2022-06-26 05:25:00,0,0,0.4975124,0,0,98.00995,0.9950249,0.2487562,0
2022-06-26 05:24:59,0,0,1,0,0,96.75,2.25,0,0
2022-06-26 05:24:58,0,0,1,0.25,0,96.25,2.5,0,0
2022-06-26 05:24:57,0,0,0.25,0.25,0,98.25,1,0.25,0
2022-06-26 05:24:56,0,0,0.7518797,0,0,97.99499,1.0025063,0.2506266,0
2022-06-26 05:24:55,0,0,0.4987531,0.2493766,0,96.50873,2.493766,0.2493766,0
2022-06-26 05:24:54,0,0,0.5,0,0,98.75,0.5,0.25,0
2022-06-26 05:24:53,0,0,0.2512563,0,0,97.48744,2.01005,0.2512563,0
2022-06-26 05:24:52,0,0,0.7462687,0.2487562,0,96.0199,2.736318,0.2487562,0
2022-06-26 05:24:51,0,0,0.9950249,0,0,95.77114,3.233831,0,0
2022-06-26 05:24:50,0,0,0.7556675,0,0,97.22922,2.015113,0,0
2022-06-26 05:24:49,0,0,0.5,0,0,96.75,2.5,0.25,0
2022-06-26 05:24:48,0,0,0.9975062,0.2493766,0,96.00998,2.244389,0.4987531,0
2022-06-26 05:24:47,0,0,0,0,0,99,1,0,0
2022-06-26 05:24:46,0,0,0.2506266,0,0,98.24561,1.5037594,0,0
2022-06-26 05:24:45,0,0,0.5,0,0,97.5,1.75,0.25,0
2022-06-26 05:24:44,0,0,0.7481297,0.2493766,0,95.7606,2.992519,0.2493766,0
2022-06-26 05:24:43,0,0,0.7518797,0,0,93.48371,5.764411,0,0
2022-06-26 05:24:42,0,0,1.2468828,0.4987531,0,92.01995,5.985037,0.2493766,0
2022-06-26 05:24:41,0,0,1.2468828,0.2493766,0,93.26683,5.236908,0,0
2022-06-26 05:24:40,0,0,1.2562814,0,0,91.20603,7.537688,0,0
2022-06-26 05:24:39,0,0,0.7444169,0.4962779,0,91.81141,6.451613,0.4962779,0
2022-06-26 05:24:38,0,0,0.7537688,0,0,91.20603,7.537688,0.5025126,0
2022-06-26 05:24:37,0,0,0.2506266,0,0,93.23308,6.516291,0,0
2022-06-26 05:24:36,0,0,0.248139,0,0,90.81886,8.188586,0.7444169,0
2022-06-26 05:24:35,0,0,0,0,0,94.98747,4.761905,0.2506266,0
2022-06-26 05:24:34,0,0,0.25,0.25,0,91.5,7.75,0.25,0
2022-06-26 05:24:33,0,0,0,0,0,94.20655,5.541562,0.2518892,0
2022-06-26 05:24:32,0,0,0.2493766,0.2493766,0,90.77307,7.730673,0.2493766,0
2022-06-26 05:24:31,0,0,0,0,0,97,2.5,0.25,0
2022-06-26 05:24:30,0,0,0,0,0,98.50374,1.2468828,0.2493766,0
2022-06-26 05:24:29,0,0,0.2493766,0.2493766,0,98.00499,0.9975062,0.4987531,0
2022-06-26 05:24:28,0,0,0.2506266,0,0,98.24561,1.2531328,0.2506266,0
2022-06-26 05:24:27,0,0,0.25,0,0,98,1.5,0.25,0
2022-06-26 05:24:26,0,0,0.2506266,0.2506266,0,97.74436,1.754386,0,0
2022-06-26 05:24:25,0,0,0.9925558,0.248139,0,96.77419,1.4888337,0.4962779,0
2022-06-26 05:24:24,0,0,0.2518892,0,0,98.23678,1.511335,0,0
2022-06-26 05:24:23,0,0,0.2493766,0.2493766,0,98.25436,0.7481297,0.4987531,0
2022-06-26 05:24:22,0,0,0.5012531,0.2506266,0,97.49373,1.754386,0,0
2022-06-26 05:24:21,0,0,0.4975124,0.2487562,0,97.26368,1.99005,0,0
2022-06-26 05:24:20,0,0,1.25,0.5,0,96.25,1.5,0.5,0
2022-06-26 05:24:19,0,0,1.0025063,0,0,94.98747,3.759398,0.2506266,0
2022-06-26 05:24:18,0,0,0.5012531,0,0,96.49123,2.756892,0.2506266,0
2022-06-26 05:24:17,0,0,0.7425743,0.2475248,0,97.0297,1.4851485,0.4950495,0
2022-06-26 05:24:16,0,0,0,0,0,98.99244,1.0075567,0,0
2022-06-26 05:24:15,0,0,0.5,0,0,98,1.25,0.25,0
2022-06-26 05:24:14,0,0,0.5012531,0.2506266,0,97.24311,1.754386,0.2506266,0
2022-06-26 05:24:13,0,0,1.2531328,0,0,96.49123,2.005013,0.2506266,0
2022-06-26 05:24:12,0,0,0.9975062,0,0,96.25935,2.743142,0,0
2022-06-26 05:24:11,0,0,0.4975124,0,0,97.76119,1.2437811,0.4975124,0
2022-06-26 05:24:10,0,0,0.5,0.25,0,97.5,1.75,0,0
2022-06-26 05:24:09,0,0,0,0,0,98.74372,1.0050251,0.2512563,0
2022-06-26 05:24:08,0,0,0.7481297,0,0,97.00748,1.995012,0.2493766,0
2022-06-26 05:24:07,0,0,0.75,0,0,97.25,1.75,0.25,0
2022-06-26 05:24:06,0,0,1,0,0,96.5,2.25,0.25,0
2022-06-26 05:24:05,0,0,1.0025063,0,0,96.49123,2.506266,0,0
2022-06-26 05:24:04,0,0,0.2487562,0,0,98.25871,0.9950249,0.4975124,0
2022-06-26 05:24:03,0,0,0.5025126,0.2512563,0,97.98995,1.2562814,0,0
2022-06-26 05:24:02,0,0,0,0,0,98.50374,0.9975062,0.4987531,0
2022-06-26 05:24:01,0,0,0.2493766,0.2493766,0,98.00499,1.4962594,0,0
2022-06-26 05:24:00,0,0,0.7537688,0,0,96.98492,2.261307,0,0
2022-06-26 05:23:59,0,0,1.745636,0.4987531,0,93.76559,3.740648,0.2493766,0
2022-06-26 05:23:58,0,0,0.75,0,0,96.25,2.5,0.5,0
2022-06-26 05:23:57,0,0,0.2493766,0,0,98.25436,1.2468828,0.2493766,0
2022-06-26 05:23:56,0,0,0.5,0.25,0,96.5,2.5,0.25,0
2022-06-26 05:23:55,0,0,0,0,0,98.99749,1.0025063,0,0
2022-06-26 05:23:54,0,0,0,0,0,99.24812,0.5012531,0.2506266,0
2022-06-26 05:23:53,0,0,0.4987531,0,0,97.00748,1.995012,0.4987531,0
2022-06-26 05:23:52,0,0,1.0025063,0.2506266,0,94.48622,4.010025,0.2506266,0
2022-06-26 05:23:51,0,0,1,0.25,0,95,3.5,0.25,0
2022-06-26 05:23:50,0,0,0.7444169,0,0,95.78164,2.977667,0.4962779,0
2022-06-26 05:23:49,0,0,0.5025126,0,0,97.23618,2.01005,0.2512563,0
2022-06-26 05:23:48,0,0,0.25,0.25,0,98,1.25,0.25,0
2022-06-26 05:23:47,0,0,0,0,0,99.24812,0.5012531,0.2506266,0
2022-06-26 05:23:46,0,0,0.2506266,0,0,98.99749,0.5012531,0.2506266,0
2022-06-26 05:23:45,0,0,0.4987531,0,0,95.26185,3.740648,0.4987531,0
2022-06-26 05:23:44,0,0,1.25,0,0,95.75,3,0,0
2022-06-26 05:23:43,0,0,1.4925373,0.2487562,0,91.79104,6.218905,0.2487562,0
2022-06-26 05:23:42,0,0,1.511335,0.5037783,0,90.42821,7.556675,0,0
2022-06-26 05:23:41,0,0,1.2406948,0.4962779,0,90.81886,6.947891,0.4962779,0
2022-06-26 05:23:40,0,0,0.7518797,0,0,90.72682,8.521303,0,0
2022-06-26 05:23:39,0,0,0.75,0.25,0,92.75,6,0.25,0
2022-06-26 05:23:38,0,0,0.25,0,0,93.25,6.5,0,0
2022-06-26 05:23:37,0,0,0.2506266,0,0,92.98246,6.015038,0.5012531,0
2022-06-26 05:23:36,0,0,0,0,0,92.76808,6.733167,0.4987531,0
2022-06-26 05:23:35,0,0,0,0.2506266,0,89.72431,8.270677,0.7518797,0
2022-06-26 05:23:34,0,0,0.2493766,0,0,90.02494,9.226933,0.2493766,0
2022-06-26 05:23:33,0,0,0,0,0,93.95466,5.541562,0,0
2022-06-26 05:23:32,0,0,0.2493766,0,0,96.7581,2.493766,0.4987531,0
2022-06-26 05:23:31,0,0,0,0,0,98.75,1,0.25,0
2022-06-26 05:23:30,0,0,0,0,0,98.25436,1.4962594,0.2493766,0
2022-06-26 05:23:29,0,0,0,0.2512563,0,99.49749,0.2512563,0,0
2022-06-26 05:23:28,0,0,0.2487562,0.2487562,0,98.00995,0.9950249,0.4975124,0
2022-06-26 05:23:27,0,0,0.5012531,0,0,96.74185,2.756892,0,0
2022-06-26 05:23:26,0,0,0.4987531,0,0,98.00499,0.9975062,0.4987531,0
2022-06-26 05:23:25,0,0,1,0,0,97.25,1.5,0.25,0
2022-06-26 05:23:24,0,0,0,0,0,98.75,1,0.25,0
2022-06-26 05:23:23,0,0,0,0,0,99.24812,0.5012531,0.2506266,0
2022-06-26 05:23:22,0,0,0.75,0,0,97.5,1.5,0.25,0
2022-06-26 05:23:21,0,0,1.2468828,0.4987531,0,95.7606,2.493766,0,0
2022-06-26 05:23:20,0,0,0.5012531,0,0,98.49624,1.0025063,0,0
2022-06-26 05:23:19,0,0,0.75,0.25,0,97,1.75,0.25,0
2022-06-26 05:23:18,0,0,0.9950249,0.2487562,0,95.02488,3.233831,0.4975124,0
2022-06-26 05:23:17,0,0,0,0,0,99.24623,0.7537688,0,0
2022-06-26 05:23:16,0,0,0.4975124,0,0,98.00995,1.2437811,0.2487562,0
2022-06-26 05:23:15,0,0,0.7518797,0.2506266,0,96.74185,2.005013,0.2506266,0
2022-06-26 05:23:14,0,0,0.9975062,0.2493766,0,96.00998,2.493766,0.2493766,0
2022-06-26 05:23:13,0,0,0.7556675,0.2518892,0,96.72544,2.015113,0.2518892,0
2022-06-26 05:23:12,0,0,0.7518797,0,0,96.2406,2.756892,0.2506266,0
2022-06-26 05:23:11,0,0,0.9950249,0.2487562,0,96.76617,1.741294,0.2487562,0
2022-06-26 05:23:10,0,0,0.2493766,0,0,98.50374,0.7481297,0.4987531,0
2022-06-26 05:23:09,0,0,0.5012531,0,0,97.24311,2.255639,0,0
2022-06-26 05:23:08,0,0,0.5012531,0.2506266,0,97.74436,1.5037594,0,0
2022-06-26 05:23:07,0,0,0.9975062,0,0,96.50873,2.244389,0.2493766,0
2022-06-26 05:23:06,0,0,1.25,0.5,0,94.5,3.5,0.25,0
2022-06-26 05:23:05,0,0,0.5012531,0,0,97.99499,1.0025063,0.5012531,0
2022-06-26 05:23:04,0,0,0.5,0,0,97.5,1.75,0.25,0
2022-06-26 05:23:03,0,0,0.2493766,0.2493766,0,98.25436,0.7481297,0.4987531,0
2022-06-26 05:23:02,0,0,0.2506266,0,0,98.74687,1.0025063,0,0
2022-06-26 05:23:01,0,0,0.75,0.25,0,96.75,2,0.25,0
2022-06-26 05:23:00,0,0,1,0.25,0,97,1.75,0,0
2022-06-26 05:22:59,0,0,1,0.25,0,95.75,2.75,0.25,0
2022-06-26 05:22:58,0,0,0.9975062,0.2493766,0,95.7606,2.743142,0.2493766,0
2022-06-26 05:22:57,0,0,0.25,0,0,98.5,1,0.25,0
2022-06-26 05:22:56,0,0,0.2493766,0,0,98.00499,1.2468828,0.4987531,0
2022-06-26 05:22:55,0,0,0,0,0,99.49875,0.5012531,0,0
2022-06-26 05:22:54,0,0,0.4987531,0,0,96.50873,2.743142,0.2493766,0
2022-06-26 05:22:53,0,0,1,0,0,95.75,2.75,0.25,0
2022-06-26 05:22:52,0,0,0.5012531,0,0,97.24311,2.005013,0.2506266,0
2022-06-26 05:22:51,0,0,1.25,0,0,95.5,3,0.25,0
2022-06-26 05:22:50,0,0,0.75,0.25,0,97,1.75,0.25,0
2022-06-26 05:22:49,0,0,0,0,0,99.25,0.5,0.25,0
2022-06-26 05:22:48,0,0,0,0,0,99,0.5,0.5,0
2022-06-26 05:22:47,0,0,0.25,0,0,99,0.75,0,0
2022-06-26 05:22:46,0,0,0.2487562,0,0,96.26866,3.233831,0.2487562,0
2022-06-26 05:22:45,0,0,1.0025063,0,0,96.99248,2.005013,0,0
2022-06-26 05:22:44,0,0,1.5037594,0.2506266,0,93.23308,4.761905,0.2506266,0
2022-06-26 05:22:43,0,0,1.4962594,0.2493766,0,91.02244,6.982544,0.2493766,0
2022-06-26 05:22:42,0,0,1.5,0.25,0,89.5,8.75,0,0
2022-06-26 05:22:41,0,0,0.7518797,0,0,92.23058,6.516291,0.5012531,0
2022-06-26 05:22:40,0,0,0.7462687,0.2487562,0,90.54726,8.208955,0.2487562,0
2022-06-26 05:22:39,0,0,0.2506266,0,0,92.4812,6.516291,0.7518797,0
2022-06-26 05:22:38,0,0,0.2506266,0,0,95.2381,4.511278,0,0
2022-06-26 05:22:37,0,0,0,0,0,93.51621,6.234414,0.2493766,0
2022-06-26 05:22:36,0,0,0,0,0,90.52369,8.977556,0.2493766,0
2022-06-26 05:22:35,0,0,0.25,0,0,92.5,7,0.25,0
2022-06-26 05:22:34,0,0,0,0.2518892,0,89.16877,8.312343,0.2518892,0
2022-06-26 05:22:33,0,0,0.2493766,0.2493766,0,96.50873,2.493766,0.2493766,0
2022-06-26 05:22:32,0,0,0,0,0,98.24561,1.5037594,0.2506266,0
2022-06-26 05:22:31,0,0,0,0,0,98.49624,1.5037594,0,0
2022-06-26 05:22:30,0,0,0,0,0,99.25187,0.4987531,0.2493766,0
2022-06-26 05:22:29,0,0,0.2506266,0,0,97.99499,1.2531328,0.5012531,0
2022-06-26 05:22:28,0,0,0.4975124,0.2487562,0,97.01493,1.741294,0.4975124,0
2022-06-26 05:22:27,0,0,0.5025126,0,0,97.73869,1.758794,0,0
2022-06-26 05:22:26,0,0,0.25,0,0,98.25,1.25,0.25,0
2022-06-26 05:22:25,0,0,0.7481297,0,0,97.25686,1.4962594,0.4987531,0
2022-06-26 05:22:24,0,0,0.2506266,0,0,98.99749,0.5012531,0.2506266,0
2022-06-26 05:22:23,0,0,0.2493766,0.2493766,0,97.75561,1.4962594,0.2493766,0
2022-06-26 05:22:22,0,0,1,0,0,97,1.75,0.25,0
2022-06-26 05:22:21,0,0,1.0050251,0,0,95.72864,3.015075,0.2512563,0
2022-06-26 05:22:20,0,0,0.9925558,0,0,95.78164,2.729529,0.4962779,0
2022-06-26 05:22:19,0,0,1.0025063,0.5012531,0,96.49123,2.005013,0,0
2022-06-26 05:22:18,0,0,0,0.2512563,0,98.49246,1.0050251,0.2512563,0
2022-06-26 05:22:17,0,0,0.2487562,0,0,99.00498,0.4975124,0.2487562,0
2022-06-26 05:22:16,0,0,0.25,0,0,98.5,1.25,0,0
2022-06-26 05:22:15,0,0,0.9975062,0.4987531,0,95.51122,2.992519,0,0
2022-06-26 05:22:14,0,0,1.0075567,0,0,96.47355,2.267003,0.2518892,0
2022-06-26 05:22:13,0,0,0.7462687,0.2487562,0,96.26866,2.238806,0.4975124,0
2022-06-26 05:22:12,0,0,1,0.25,0,96.5,2.25,0,0
2022-06-26 05:22:11,0,0,0,0.2506266,0,98.99749,0.5012531,0.2506266,0
2022-06-26 05:22:10,0,0,0.25,0.25,0,98.5,0.75,0.25,0
2022-06-26 05:22:09,0,0,0.5,0,0,96.75,2.5,0.25,0
2022-06-26 05:22:08,0,0,1.4962594,0.2493766,0,95.01247,2.743142,0.4987531,0
2022-06-26 05:22:07,0,0,0.5025126,0.2512563,0,97.48744,1.5075377,0.2512563,0
2022-06-26 05:22:06,0,0,0.7462687,0.2487562,0,96.51741,2.238806,0.2487562,0
2022-06-26 05:22:05,0,0,0.9950249,0,0,96.51741,1.99005,0.4975124,0
2022-06-26 05:22:04,0,0,0.2518892,0,0,98.99244,0.7556675,0,0
2022-06-26 05:22:03,0,0,0.2493766,0,0,98.50374,0.7481297,0.4987531,0
2022-06-26 05:22:02,0,0,0.7518797,0,0,97.24311,2.005013,0,0
2022-06-26 05:22:01,0,0,0.75,0.5,0,96.75,1.75,0.25,0
2022-06-26 05:22:00,0,0,1.2468828,0,0,95.51122,2.992519,0.2493766,0
2022-06-26 05:21:59,0,0,0.75,0.25,0,96.5,2,0.5,0
2022-06-26 05:21:58,0,0,0.7518797,0,0,97.74436,1.5037594,0,0
2022-06-26 05:21:57,0,0,0.4987531,0.2493766,0,97.00748,1.995012,0.2493766,0
2022-06-26 05:21:56,0,0,0,0,0,98.99749,0.7518797,0.2506266,0
2022-06-26 05:21:55,0,0,0.4975124,0.2487562,0,97.01493,1.99005,0.2487562,0
2022-06-26 05:21:54,0,0,0.75,0,0,96.75,2.25,0.25,0
2022-06-26 05:21:53,0,0,1.2562814,0,0,93.71859,4.773869,0.2512563,0
2022-06-26 05:21:52,0,0,0.5,0,0,97,2,0.5,0
2022-06-26 05:21:51,0,0,0.75,0.25,0,96.5,2.25,0.25,0
2022-06-26 05:21:50,0,0,0.7481297,0.2493766,0,95.26185,3.491272,0.2493766,0
2022-06-26 05:21:49,0,0,0.25,0.25,0,98.5,0.75,0.25,0
2022-06-26 05:21:48,0,0,0,0,0,99.00249,0.7481297,0.2493766,0
2022-06-26 05:21:47,0,0,0.2512563,0,0,97.73869,1.758794,0.2512563,0
2022-06-26 05:21:46,0,0,0.7481297,0,0,96.50873,2.493766,0.2493766,0
2022-06-26 05:21:45,0,0,1.2531328,0,0,92.98246,5.513784,0.2506266,0
2022-06-26 05:21:44,0,0,1.5037594,0.2506266,0,91.97995,6.015038,0.2506266,0
2022-06-26 05:21:43,0,0,0.9950249,0.2487562,0,90.79602,7.711443,0.2487562,0
2022-06-26 05:21:42,0,0,0.7481297,0.2493766,0,93.76559,4.987531,0.2493766,0
2022-06-26 05:21:41,0,0,0.7518797,0,0,94.48622,4.511278,0.2506266,0
2022-06-26 05:21:40,0,0,0.9975062,0,0,93.76559,4.987531,0.2493766,0
2022-06-26 05:21:39,0,0,0.5,0,0,91.25,7.75,0.5,0
2022-06-26 05:21:38,0,0,0.25,0,0,92.25,6.75,0.75,0
2022-06-26 05:21:37,0,0,0,0,0,92.19144,7.556675,0.2518892,0
2022-06-26 05:21:36,0,0,0,0.248139,0,88.33747,7.19603,0.248139,0
2022-06-26 05:21:35,0,0,0.2506266,0.2506266,0,92.73183,6.766917,0,0
2022-06-26 05:21:34,0,0,0,0,0,94.73684,5.012531,0.2506266,0
2022-06-26 05:21:33,0,0,0.25,0,0,95.75,3.5,0.25,0
2022-06-26 05:21:32,0,0,0,0.25,0,98.25,1.5,0,0
2022-06-26 05:21:31,0,0,0.2493766,0,0,98.50374,0.7481297,0.2493766,0
2022-06-26 05:21:30,0,0,0,0,0,99.24812,0.7518797,0,0
2022-06-26 05:21:29,0,0,0,0,0,98.75,1,0.25,0
2022-06-26 05:21:28,0,0,0,0,0,99,1,0,0
2022-06-26 05:21:27,0,0,0.75,0,0,97.25,1.75,0.25,0
2022-06-26 05:21:26,0,0,0.9975062,0.2493766,0,95.51122,2.743142,0.4987531,0
2022-06-26 05:21:25,0,0,1,0.25,0,96.25,2.5,0,0
2022-06-26 05:21:24,0,0,0.25,0,0,99.25,0.5,0,0
2022-06-26 05:21:23,0,0,0.2506266,0.2506266,0,98.24561,0.7518797,0.5012531,0
2022-06-26 05:21:22,0,0,0.25,0,0,97.5,2,0.25,0
2022-06-26 05:21:21,0,0,0.25,0,0,99,0.5,0.25,0
2022-06-26 05:21:20,0,0,0.7481297,0.2493766,0,96.25935,2.493766,0.2493766,0
2022-06-26 05:21:19,0,0,1.758794,0.7537688,0,94.47236,3.015075,0,0
2022-06-26 05:21:18,0,0,0.4987531,0.2493766,0,97.75561,1.2468828,0.2493766,0
2022-06-26 05:21:17,0,0,0.25,0,0,98.5,1,0.25,0
2022-06-26 05:21:16,0,0,0.2506266,0,0,97.99499,1.754386,0,0
2022-06-26 05:21:15,0,0,0.4987531,0.2493766,0,98.00499,0.9975062,0.2493766,0
2022-06-26 05:21:14,0,0,0.25,0,0,98.25,1.5,0,0
2022-06-26 05:21:13,0,0,1.0025063,0,0,95.98997,2.756892,0.2506266,0
2022-06-26 05:21:12,0,0,1.4925373,0,0,95.27363,2.985075,0.2487562,0
2022-06-26 05:21:11,0,0,0.2512563,0,0,97.98995,1.5075377,0.2512563,0
2022-06-26 05:21:10,0,0,0.2506266,0,0,98.24561,1.5037594,0,0
2022-06-26 05:21:09,0,0,0.4975124,0.2487562,0,97.76119,1.2437811,0.2487562,0
2022-06-26 05:21:08,0,0,0.5,0,0,98.75,0.75,0,0
2022-06-26 05:21:07,0,0,0.5,0,0,98,1.25,0.25,0
2022-06-26 05:21:06,0,0,1.0025063,0.2506266,0,96.2406,2.506266,0,0
2022-06-26 05:21:05,0,0,1.2468828,0,0,96.00998,2.493766,0.2493766,0
2022-06-26 05:21:04,0,0,0.5,0.25,0,97,2,0.25,0
2022-06-26 05:21:03,0,0,0,0,0,99.25,0.75,0,0
2022-06-26 05:21:02,0,0,0.2506266,0,0,98.49624,1.0025063,0.2506266,0
2022-06-26 05:21:01,0,0,0.7462687,0,0,98.00995,1.2437811,0,0
2022-06-26 05:21:00,0,0,0.2506266,0.2506266,0,97.24311,2.005013,0.2506266,0
2022-06-26 05:20:59,0,0,1.0025063,0,0,97.49373,1.5037594,0,0
2022-06-26 05:20:58,0,0,1.745636,0.4987531,0,93.51621,3.990025,0.2493766,0
2022-06-26 05:20:57,0,0,0.2506266,0.2506266,0,97.99499,1.5037594,0,0
2022-06-26 05:20:56,0,0,0,0,0,99.00249,0.4987531,0.4987531,0
2022-06-26 05:20:55,0,0,0,0,0,98.49624,1.5037594,0,0
2022-06-26 05:20:54,0,0,0.7481297,0.2493766,0,97.50623,1.4962594,0,0
2022-06-26 05:20:53,0,0,0.5025126,0.2512563,0,97.73869,1.2562814,0.2512563,0
2022-06-26 05:20:52,0,0,0.9925558,0.4962779,0,95.03722,3.225806,0.248139,0
2022-06-26 05:20:51,0,0,1.2562814,0.2512563,0,93.46734,4.522613,0.5025126,0
2022-06-26 05:20:50,0,0,1.25,0.25,0,96,2.25,0.25,0
2022-06-26 05:20:49,0,0,0.2506266,0,0,97.99499,1.5037594,0.2506266,0
2022-06-26 05:20:48,0,0,0,0.2487562,0,98.50746,0.9950249,0.2487562,0
2022-06-26 05:20:47,0,0,0.75,0,0,98,1,0.25,0
2022-06-26 05:20:46,0,0,0.25,0.25,0,98.25,1.25,0,0
2022-06-26 05:20:45,0,0,0.25,0,0,98,1.25,0.5,0
2022-06-26 05:20:44,0,0,0.75,0.25,0,94.75,4.25,0,0
2022-06-26 05:20:43,0,0,1.2468828,0,0,93.51621,4.987531,0.2493766,0
2022-06-26 05:20:42,0,0,1.5075377,0.2512563,0,91.20603,6.78392,0.2512563,0
2022-06-26 05:20:41,0,0,1.2437811,0.7462687,0,89.55224,8.208955,0.2487562,0
2022-06-26 05:20:40,0,0,0.2518892,0,0,92.19144,7.556675,0,0
2022-06-26 05:20:39,0,0,0.4975124,0.2487562,0,94.52736,4.228856,0.4975124,0
2022-06-26 05:20:38,0,0,0.25,0.25,0,93.25,6,0.25,0
2022-06-26 05:20:37,0,0,0.2493766,0,0,95.26185,4.239401,0.2493766,0
2022-06-26 05:20:36,0,0,0.2525253,0,0,92.67677,6.818182,0.2525253,0
2022-06-26 05:20:35,0,0,0.4987531,0.4987531,0,87.78055,10.473815,0.2493766,0
2022-06-26 05:20:34,0,0,0.2493766,0,0,89.27681,9.725686,0,0
2022-06-26 05:20:33,0,0,0,0,0,94.51372,4.987531,0.2493766,0
2022-06-26 05:20:32,0,0,0.2506266,0.2506266,0,95.2381,4.010025,0.2506266,0
2022-06-26 05:20:31,0,0,0,0.25,0,97,2.5,0.25,0
2022-06-26 05:20:30,0,0,0.25,0,0,96.5,3,0.25,0
2022-06-26 05:20:29,0,0,0,0.248139,0,98.01489,1.2406948,0.4962779,0
2022-06-26 05:20:28,0,0,0,0,0,98.49246,1.0050251,0.5025126,0
2022-06-26 05:20:27,0,0,0.25,0,0,98.75,1,0,0
2022-06-26 05:20:26,0,0,0,0,0,98.25,1.25,0.5,0
2022-06-26 05:20:25,0,0,1.25,0.25,0,95.75,2.75,0,0
2022-06-26 05:20:24,0,0,0.7481297,0,0,96.7581,1.995012,0.4987531,0
2022-06-26 05:20:23,0,0,0.2512563,0.2512563,0,98.74372,0.5025126,0.2512563,0
2022-06-26 05:20:22,0,0,0.5,0,0,97,2.5,0,0
2022-06-26 05:20:21,0,0,0.2493766,0.2493766,0,98.25436,0.9975062,0.2493766,0
2022-06-26 05:20:20,0,0,0.2506266,0,0,98.99749,0.7518797,0,0
2022-06-26 05:20:19,0,0,0.75,0,0,96.75,2.25,0.25,0
2022-06-26 05:20:18,0,0,1.4962594,0.4987531,0,95.26185,2.493766,0.2493766,0
2022-06-26 05:20:17,0,0,0.5012531,0,0,97.24311,2.255639,0,0
2022-06-26 05:20:16,0,0,0.5,0,0,97.75,1.5,0.25,0
2022-06-26 05:20:15,0,0,0.75,0,0,97.75,1.25,0.25,0
2022-06-26 05:20:14,0,0,0.2493766,0,0,99.00249,0.4987531,0.2493766,0
2022-06-26 05:20:13,0,0,0,0,0,98.74687,0.7518797,0.5012531,0
2022-06-26 05:20:12,0,0,0.5012531,0,0,97.24311,2.255639,0,0
2022-06-26 05:20:11,0,0,1.4962594,0.4987531,0,95.01247,2.493766,0.4987531,0
2022-06-26 05:20:10,0,0,0.75,0.5,0,96.5,2.25,0,0
2022-06-26 05:20:09,0,0,0.7481297,0.2493766,0,96.50873,2.244389,0.2493766,0
2022-06-26 05:20:08,0,0,0.5012531,0,0,98.24561,1.0025063,0.2506266,0
2022-06-26 05:20:07,0,0,0,0,0,98.74687,1.2531328,0,0
2022-06-26 05:20:06,0,0,0,0,0,99.00498,0.4975124,0.4975124,0
2022-06-26 05:20:05,0,0,0.5025126,0,0,97.73869,1.758794,0,0
2022-06-26 05:20:04,0,0,1.2437811,0.4975124,0,94.27861,3.482587,0.4975124,0
2022-06-26 05:20:03,0,0,1.0050251,0.2512563,0,95.9799,2.512563,0.2512563,0
2022-06-26 05:20:02,0,0,0.75,0.5,0,97.25,1.25,0.25,0
2022-06-26 05:20:01,0,0,0.2493766,0,0,98.25436,1.2468828,0.2493766,0
2022-06-26 05:20:00,0,0,0,0,0,98.75,1,0.25,0
2022-06-26 05:19:59,0,0,0.2493766,0.2493766,0,99.00249,0.4987531,0,0
2022-06-26 05:19:58,0,0,0.7481297,0,0,96.7581,2.244389,0.2493766,0
2022-06-26 05:19:57,0,0,1.758794,0.5025126,0,93.46734,4.020101,0.2512563,0
2022-06-26 05:19:56,0,0,0.7462687,0.2487562,0,96.76617,2.238806,0,0
2022-06-26 05:19:55,0,0,0.5025126,0,0,97.73869,1.5075377,0.2512563,0
2022-06-26 05:19:54,0,0,0.2506266,0,0,98.99749,0.7518797,0,0
2022-06-26 05:19:53,0,0,0.2493766,0.2493766,0,98.50374,0.4987531,0.4987531,0
2022-06-26 05:19:52,0,0,0,0,0,98.25436,1.4962594,0.2493766,0
2022-06-26 05:19:51,0,0,0.7537688,0,0,96.73367,2.512563,0,0
2022-06-26 05:19:50,0,0,1.741294,0.2487562,0,93.03483,4.726368,0.2487562,0
2022-06-26 05:19:49,0,0,0.7537688,0,0,96.48241,2.512563,0.2512563,0
2022-06-26 05:19:48,0,0,0.7481297,0.2493766,0,96.50873,2.244389,0.2493766,0
2022-06-26 05:19:47,0,0,0.2512563,0,0,97.48744,2.01005,0.2512563,0
2022-06-26 05:19:46,0,0,0.5,0,0,98.5,0.75,0.25,0
2022-06-26 05:19:45,0,0,0,0,0,98.50746,1.2437811,0.2487562,0
2022-06-26 05:19:44,0,0,0.25,0,0,98,1.5,0.25,0
2022-06-26 05:19:43,0,0,0.4987531,0.2493766,0,96.50873,2.493766,0.2493766,0
2022-06-26 05:19:42,0,0,0.7518797,0.2506266,0,93.98496,4.511278,0.5012531,0
2022-06-26 05:19:41,0,0,1.741294,0.4975124,0,92.53731,4.477612,0.4975124,0
2022-06-26 05:19:40,0,0,1.2562814,0.2512563,0,92.21106,6.281407,0,0
2022-06-26 05:19:39,0,0,1.2437811,0.2487562,0,90.54726,7.711443,0.2487562,0
2022-06-26 05:19:38,0,0,1.2562814,0,0,92.21106,6.281407,0.2512563,0
2022-06-26 05:19:37,0,0,0.5012531,0.2506266,0,90.72682,8.270677,0.2506266,0
2022-06-26 05:19:36,0,0,0.2493766,0.2493766,0,93.76559,5.486284,0.2493766,0
2022-06-26 05:19:35,0,0,0,0.25,0,94.25,5.25,0.25,0
2022-06-26 05:19:34,0,0,0,0,0,94.02985,5.472637,0.4975124,0
2022-06-26 05:19:33,0,0,0.2512563,0,0,90.95477,7.788945,0.5025126,0
2022-06-26 05:19:32,0,0,0,0.2506266,0,92.4812,6.516291,0.2506266,0
2022-06-26 05:19:31,0,0,0.2506266,0.2506266,0,86.46617,9.52381,0.2506266,0
2022-06-26 05:19:30,0,0,0,0,0,97,2.75,0.25,0
2022-06-26 05:19:29,0,0,0,0,0,97.75,2,0.25,0
2022-06-26 05:19:28,0,0,0,0,0,98.74687,1.0025063,0.2506266,0
2022-06-26 05:19:27,0,0,0.25,0.25,0,99,0.5,0,0
2022-06-26 05:19:26,0,0,0,0,0,98.75622,0.9950249,0.2487562,0
2022-06-26 05:19:25,0,0,0.7556675,0.2518892,0,98.23678,0.5037783,0.2518892,0
2022-06-26 05:19:24,0,0,0.5,0,0,98.25,1.25,0,0
2022-06-26 05:19:23,0,0,0.7481297,0,0,96.50873,2.493766,0.2493766,0
2022-06-26 05:19:22,0,0,0.7518797,0.2506266,0,96.99248,1.754386,0.2506266,0
2022-06-26 05:19:21,0,0,0.7462687,0.2487562,0,97.51244,1.4925373,0,0
2022-06-26 05:19:20,0,0,0.7518797,0,0,96.99248,2.005013,0.2506266,0
2022-06-26 05:19:19,0,0,0,0,0,99.00249,0.7481297,0.2493766,0
2022-06-26 05:19:18,0,0,0,0.2493766,0,98.75312,0.9975062,0,0
2022-06-26 05:19:17,0,0,0.5012531,0,0,97.49373,1.754386,0.2506266,0
2022-06-26 05:19:16,0,0,1,0,0,96.75,2,0.25,0
2022-06-26 05:19:15,0,0,1.0025063,0.2506266,0,95.98997,2.756892,0,0
2022-06-26 05:19:14,0,0,0.75,0,0,97.5,1.75,0,0
2022-06-26 05:19:13,0,0,0.4987531,0,0,98.00499,1.2468828,0.2493766,0
2022-06-26 05:19:12,0,0,0,0,0,99.49875,0.5012531,0,0
2022-06-26 05:19:11,0,0,0.25,0,0,99.25,0.5,0,0
2022-06-26 05:19:10,0,0,0.4975124,0.2487562,0,96.0199,2.736318,0.4975124,0
2022-06-26 05:19:09,0,0,1.0050251,0.2512563,0,96.48241,2.261307,0,0
2022-06-26 05:19:08,0,0,1.25,0,0,96.25,2.25,0.25,0
2022-06-26 05:19:07,0,0,0.75,0,0,97.25,2,0,0
2022-06-26 05:19:06,0,0,0.4987531,0.2493766,0,97.75561,1.2468828,0.2493766,0
2022-06-26 05:19:05,0,0,0,0,0,98.99497,1.0050251,0,0
2022-06-26 05:19:04,0,0,0.2493766,0,0,98.00499,1.4962594,0.2493766,0
2022-06-26 05:19:03,0,0,0.7444169,0.4962779,0,96.77419,1.4888337,0.4962779,0
2022-06-26 05:19:02,0,0,1,0.25,0,97.25,1.5,0,0
2022-06-26 05:19:01,0,0,1.0075567,0,0,96.22166,2.770781,0,0
2022-06-26 05:19:00,0,0,0.5,0,0,97.5,1.75,0.25,0
2022-06-26 05:18:59,0,0,0.4987531,0.2493766,0,97.25686,1.745636,0.2493766,0
2022-06-26 05:18:58,0,0,0.25,0.25,0,98.5,0.75,0.25,0
2022-06-26 05:18:57,0,0,0,0,0,99.49875,0.5012531,0,0
2022-06-26 05:18:56,0,0,0.9975062,0,0,97.25686,1.745636,0,0
2022-06-26 05:18:55,0,0,1.0025063,0,0,95.73935,3.007519,0.2506266,0
2022-06-26 05:18:54,0,0,0.7481297,0,0,96.25935,2.493766,0.4987531,0
2022-06-26 05:18:53,0,0,0.5,0.5,0,97.25,1.75,0,0
2022-06-26 05:18:52,0,0,0.7518797,0,0,97.99499,1.2531328,0,0
2022-06-26 05:18:51,0,0,0.2506266,0,0,98.74687,1.0025063,0,0
2022-06-26 05:18:50,0,0,0,0,0,98.25436,1.4962594,0.2493766,0
2022-06-26 05:18:49,0,0,0.25,0,0,97.5,1.75,0.25,0
2022-06-26 05:18:48,0,0,1,0.25,0,94.5,4,0.25,0
2022-06-26 05:18:47,0,0,1.2406948,0.4962779,0,94.04467,3.970223,0.248139,0
2022-06-26 05:18:46,0,0,1.0050251,0.5025126,0,94.97487,3.517588,0,0
2022-06-26 05:18:45,0,0,0.25,0.25,0,98,1.25,0.25,0
2022-06-26 05:18:44,0,0,0.75,0.25,0,97,1.75,0.25,0
2022-06-26 05:18:43,0,0,0.2487562,0,0,97.76119,1.4925373,0.4975124,0
2022-06-26 05:18:42,0,0,0.25,0,0,99,0.75,0,0
2022-06-26 05:18:41,0,0,0,0,0,99.25,0.5,0.25,0
2022-06-26 05:18:40,0,0,0.5037783,0,0,95.96977,3.526448,0,0
2022-06-26 05:18:39,0,0,0.9950249,0.7462687,0,94.77612,3.233831,0.2487562,0
2022-06-26 05:18:38,0,0,1.745636,0.2493766,0,92.76808,4.738155,0.4987531,0
2022-06-26 05:18:37,0,0,1.2562814,0.7537688,0,89.19598,8.79397,0,0
2022-06-26 05:18:36,0,0,1.0025063,0.2506266,0,90.97744,7.518797,0.2506266,0
2022-06-26 05:18:35,0,0,0.5,0.25,0,93,6,0.25,0
2022-06-26 05:18:34,0,0,0.2487562,0.2487562,0,94.27861,4.726368,0.4975124,0
2022-06-26 05:18:33,0,0,0.4975124,0.2487562,0,92.53731,6.467662,0.2487562,0
2022-06-26 05:18:32,0,0,0.2512563,0,0,94.72362,4.773869,0.2512563,0
2022-06-26 05:18:31,0,0,0.2493766,0.2493766,0,91.27182,7.98005,0.2493766,0
2022-06-26 05:18:30,0,0,0,0,0,91.22807,8.270677,0.5012531,0
2022-06-26 05:18:29,0,0,0.2518892,0.2518892,0,81.86398,11.083123,0.5037783,0
2022-06-26 05:18:28,0,0,0,0,0,95.25,4.5,0.25,0
2022-06-26 05:18:27,0,0,0.25,0.25,0,97.25,2.25,0,0
2022-06-26 05:18:26,0,0,0,0,0,97.99499,1.5037594,0.5012531,0
2022-06-26 05:18:25,0,0,0.2493766,0,0,98.50374,0.9975062,0.2493766,0
2022-06-26 05:18:24,0,0,0.2506266,0,0,98.74687,1.0025063,0,0
2022-06-26 05:18:23,0,0,0,0,0,98.75,1,0.25,0
2022-06-26 05:18:22,0,0,0,0,0,98.74687,1.0025063,0.2506266,0
2022-06-26 05:18:21,0,0,0.5,0,0,98.25,1.25,0,0
2022-06-26 05:18:20,0,0,0.2493766,0.2493766,0,97.75561,1.4962594,0.2493766,0
2022-06-26 05:18:19,0,0,1.2437811,0.2487562,0,96.26866,1.99005,0.2487562,0
2022-06-26 05:18:18,0,0,0.5025126,0.2512563,0,97.48744,1.2562814,0.5025126,0
2022-06-26 05:18:17,0,0,0.25,0,0,98.25,1.5,0,0
2022-06-26 05:18:16,0,0,0,0,0,99.25187,0.4987531,0.2493766,0
2022-06-26 05:18:15,0,0,0.2512563,0,0,97.73869,1.758794,0.2512563,0
2022-06-26 05:18:14,0,0,0.7481297,0,0,96.7581,2.244389,0.2493766,0
2022-06-26 05:18:13,0,0,1.2437811,0.2487562,0,95.02488,2.985075,0.4975124,0
2022-06-26 05:18:12,0,0,1.5,0.5,0,94.5,3.25,0.25,0
2022-06-26 05:18:11,0,0,0.25,0.25,0,98.25,1,0.25,0
2022-06-26 05:18:10,0,0,0,0,0,99.49749,0.2512563,0.2512563,0
2022-06-26 05:18:09,0,0,0.2493766,0,0,98.75312,0.7481297,0.2493766,0
2022-06-26 05:18:08,0,0,0.2506266,0,0,98.99749,0.7518797,0,0
2022-06-26 05:18:07,0,0,0.7462687,0,0,96.76617,2.238806,0.2487562,0
2022-06-26 05:18:06,0,0,1.2562814,0.2512563,0,95.9799,2.261307,0.2512563,0
2022-06-26 05:18:05,0,0,1.5,0,0,96,2.25,0.25,0
2022-06-26 05:18:04,0,0,0.25,0,0,98.75,1,0,0
2022-06-26 05:18:03,0,0,0,0,0,98.75,0.75,0.5,0
2022-06-26 05:18:02,0,0,0,0,0,99.74937,0.2506266,0,0
2022-06-26 05:18:01,0,0,0.4987531,0,0,97.25686,1.995012,0.2493766,0
2022-06-26 05:18:00,0,0,0.75,0.25,0,96.25,2.5,0.25,0
2022-06-26 05:17:59,0,0,0.9975062,0.2493766,0,95.7606,2.493766,0.4987531,0
2022-06-26 05:17:58,0,0,1.2562814,0,0,95.9799,2.763819,0,0
2022-06-26 05:17:57,0,0,0,0,0,98.25871,1.2437811,0.4975124,0
2022-06-26 05:17:56,0,0,0,0.2506266,0,98.74687,1.0025063,0,0
2022-06-26 05:17:55,0,0,0.2506266,0,0,99.24812,0.5012531,0,0
2022-06-26 05:17:54,0,0,0.4987531,0,0,97.50623,1.745636,0.2493766,0
2022-06-26 05:17:53,0,0,0.7518797,0,0,96.99248,1.754386,0.5012531,0
2022-06-26 05:17:52,0,0,1,0,0,95.25,3.75,0,0
2022-06-26 05:17:51,0,0,1.2468828,0.2493766,0,95.01247,3.241895,0.2493766,0
2022-06-26 05:17:50,0,0,0.2506266,0,0,98.49624,1.2531328,0,0
2022-06-26 05:17:49,0,0,0,0,0,98.24561,1.2531328,0.5012531,0
2022-06-26 05:17:48,0,0,0.2493766,0,0,98.50374,0.9975062,0.2493766,0
2022-06-26 05:17:47,0,0,0.7462687,0.2487562,0,97.26368,1.4925373,0.2487562,0
2022-06-26 05:17:46,0,0,1.0050251,0,0,96.23116,2.512563,0.2512563,0
2022-06-26 05:17:45,0,0,0.7481297,0.2493766,0,94.51372,3.990025,0.2493766,0
2022-06-26 05:17:44,0,0,1,0.25,0,95.75,3,0,0
2022-06-26 05:17:43,0,0,0.5,0,0,96,3,0.5,0
2022-06-26 05:17:42,0,0,0.5,0.25,0,98,1.25,0,0
2022-06-26 05:17:41,0,0,0,0,0,98.75622,0.7462687,0.4975124,0
2022-06-26 05:17:40,0,0,0,0,0,99.24433,0.7556675,0,0
2022-06-26 05:17:39,0,0,0.4987531,0,0,97.50623,1.745636,0.2493766,0
2022-06-26 05:17:38,0,0,0.7481297,0.2493766,0,94.01496,4.738155,0.2493766,0
2022-06-26 05:17:37,0,0,1.4962594,0.2493766,0,95.51122,2.743142,0,0
2022-06-26 05:17:36,0,0,1.754386,0.2506266,0,87.21805,10.275689,0.5012531,0
2022-06-26 05:17:35,0,0,1.2531328,0.5012531,0,91.22807,7.017544,0,0
2022-06-26 05:17:34,0,0,0.9975062,0.4987531,0,89.27681,8.977556,0.2493766,0
2022-06-26 05:17:33,0,0,0.75,0.25,0,92.25,6.5,0.25,0
2022-06-26 05:17:32,0,0,0.2506266,0,0,92.4812,7.017544,0.2506266,0
2022-06-26 05:17:31,0,0,0,0.2487562,0,95.77114,3.731343,0.2487562,0
2022-06-26 05:17:30,0,0,0.2512563,0.2512563,0,91.9598,7.286432,0.2512563,0
2022-06-26 05:17:29,0,0,0,0,0,93.26683,6.483791,0.2493766,0
2022-06-26 05:17:28,0,0,0.2487562,0,0,92.0398,6.467662,0.4975124,0
2022-06-26 05:17:27,0,0,0,0.2531646,0,82.02532,9.113924,0,0.2531646
2022-06-26 05:17:26,0,0,0.2506266,0.2506266,0,95.2381,3.007519,0.2506266,0
2022-06-26 05:17:25,0,0,0.7481297,0.4987531,0,95.7606,2.743142,0.2493766,0
2022-06-26 05:17:24,0,0,0,0,0,98.74687,1.2531328,0,0
2022-06-26 05:17:23,0,0,0,0,0,99.24812,0.5012531,0.2506266,0
2022-06-26 05:17:22,0,0,0.2493766,0,0,98.50374,0.9975062,0.2493766,0
2022-06-26 05:17:21,0,0,0,0.2506266,0,98.49624,1.2531328,0,0
2022-06-26 05:17:20,0,0,0.4987531,0.2493766,0,98.00499,0.9975062,0.2493766,0
2022-06-26 05:17:19,0,0,0.5,0,0,97.75,1.5,0.25,0
2022-06-26 05:17:18,0,0,0.5012531,0,0,97.99499,1.5037594,0,0
2022-06-26 05:17:17,0,0,0.4987531,0,0,98.00499,1.2468828,0.2493766,0
2022-06-26 05:17:16,0,0,1,0.25,0,96.25,2.5,0,0
2022-06-26 05:17:15,0,0,0,0,0,98.74687,1.0025063,0.2506266,0
2022-06-26 05:17:14,0,0,0.25,0,0,98.5,1,0.25,0
2022-06-26 05:17:13,0,0,0.4987531,0.2493766,0,96.7581,1.995012,0.4987531,0
2022-06-26 05:17:12,0,0,0.9950249,0.4975124,0,96.26866,1.99005,0.2487562,0
2022-06-26 05:17:11,0,0,0.7537688,0,0,96.73367,2.512563,0,0
2022-06-26 05:17:10,0,0,0.7481297,0,0,96.7581,1.995012,0.4987531,0
2022-06-26 05:17:09,0,0,0.75,0.25,0,97,1.75,0.25,0
2022-06-26 05:17:08,0,0,0.2506266,0,0,97.99499,1.5037594,0.2506266,0
2022-06-26 05:17:07,0,0,0,0,0,99.5,0.25,0.25,0
2022-06-26 05:17:06,0,0,0.7481297,0.2493766,0,96.50873,2.244389,0.2493766,0
2022-06-26 05:17:05,0,0,1.2531328,0.2506266,0,95.2381,3.258145,0,0
2022-06-26 05:17:04,0,0,0.2493766,0,0,97.00748,1.995012,0.7481297,0
2022-06-26 05:17:03,0,0,0.7537688,0,0,97.98995,1.0050251,0.2512563,0
2022-06-26 05:17:02,0,0,0.9975062,0.2493766,0,96.25935,2.244389,0.2493766,0
2022-06-26 05:17:01,0,0,0.5,0.25,0,97.5,1.75,0,0
2022-06-26 05:17:00,0,0,0,0,0,99.5,0.25,0.25,0
2022-06-26 05:16:59,0,0,0.9950249,0.2487562,0,95.77114,2.736318,0.2487562,0
2022-06-26 05:16:58,0,0,0.7556675,0,0,96.47355,2.518892,0.2518892,0
2022-06-26 05:16:57,0,0,0.4975124,0,0,98.25871,0.9950249,0.2487562,0
2022-06-26 05:16:56,0,0,0.75,0.25,0,97.5,1.25,0.25,0
2022-06-26 05:16:55,0,0,1,0,0,97,1.75,0.25,0
2022-06-26 05:16:54,0,0,0.2506266,0,0,98.74687,1.0025063,0,0
2022-06-26 05:16:53,0,0,0,0.2493766,0,98.50374,0.9975062,0.2493766,0
2022-06-26 05:16:52,0,0,0.7518797,0,0,97.24311,1.754386,0.2506266,0
2022-06-26 05:16:51,0,0,1.2406948,0.248139,0,95.5335,2.729529,0.248139,0
2022-06-26 05:16:50,0,0,0.5037783,0,0,97.98489,1.2594458,0.2518892,0
2022-06-26 05:16:49,0,0,0.2493766,0,0,97.75561,1.745636,0,0
2022-06-26 05:16:48,0,0,0.7518797,0,0,98.24561,0.7518797,0.2506266,0
2022-06-26 05:16:47,0,0,0.2493766,0.2493766,0,97.25686,1.745636,0.4987531,0
2022-06-26 05:16:46,0,0,0.2493766,0,0,98.00499,1.4962594,0.2493766,0
2022-06-26 05:16:45,0,0,0.2493766,0.2493766,0,98.00499,1.4962594,0,0
2022-06-26 05:16:44,0,0,1.2531328,0.2506266,0,93.48371,5.012531,0,0
2022-06-26 05:16:43,0,0,1,0,0,95.25,3.75,0,0
2022-06-26 05:16:42,0,0,0.2506266,0,0,98.74687,0.7518797,0.2506266,0
2022-06-26 05:16:41,0,0,0.2506266,0,0,98.24561,1.2531328,0.2506266,0
2022-06-26 05:16:40,0,0,0.9950249,0,0,95.77114,2.736318,0.4975124,0
2022-06-26 05:16:39,0,0,0.5012531,0.2506266,0,96.99248,2.255639,0,0
2022-06-26 05:16:38,0,0,0,0,0,99,0.5,0.5,0
2022-06-26 05:16:37,0,0,0.25,0.25,0,97.5,1.75,0.25,0
2022-06-26 05:16:36,0,0,0.9975062,0,0,95.26185,3.491272,0.2493766,0
2022-06-26 05:16:35,0,0,1.2531328,0.2506266,0,93.23308,4.761905,0.5012531,0
2022-06-26 05:16:34,0,0,1.25,0.25,0,91.25,6.75,0.5,0
2022-06-26 05:16:33,0,0,1.0025063,0,0,92.98246,5.764411,0.2506266,0
2022-06-26 05:16:32,0,0,0.7462687,0.2487562,0,92.0398,6.716418,0.2487562,0
2022-06-26 05:16:31,0,0,0.7518797,0.2506266,0,92.73183,6.015038,0.2506266,0
2022-06-26 05:16:30,0,0,0.7481297,0.2493766,0,89.52618,8.72818,0.7481297,0
2022-06-26 05:16:29,0,0,0.5025126,0,0,94.22111,5.276382,0,0
2022-06-26 05:16:28,0,0,0.4975124,0.2487562,0,93.03483,5.721393,0.4975124,0
2022-06-26 05:16:27,0,0,0,0.2518892,0,92.19144,7.556675,0,0
2022-06-26 05:16:26,0,0,0,0,0,87.46867,10.526316,0.5012531,0
2022-06-26 05:16:25,0,0,1,0.25,0,93,5.75,0,0
2022-06-26 05:16:24,0,0,0.2493766,0,0,95.26185,4.488778,0,0
2022-06-26 05:16:23,0,0,0.2487562,0.2487562,0,92.53731,6.218905,0.2487562,0
2022-06-26 05:16:22,0,0,0,0,0,98.48866,1.2594458,0.2518892,0
2022-06-26 05:16:21,0,0,0,0,0,98.75,1,0.25,0
2022-06-26 05:16:20,0,0,0.25,0,0,98.75,1,0,0
2022-06-26 05:16:19,0,0,0,0.25,0,98.75,0.75,0.25,0
2022-06-26 05:16:18,0,0,0,0,0,98.24561,1.754386,0,0
2022-06-26 05:16:17,0,0,0.4975124,0,0,97.76119,1.4925373,0.2487562,0
2022-06-26 05:16:16,0,0,1.2531328,0.2506266,0,95.73935,2.506266,0.2506266,0
2022-06-26 05:16:15,0,0,0.5,0,0,96.75,2.5,0.25,0
2022-06-26 05:16:14,0,0,0.5,0.25,0,97.75,1.5,0,0
2022-06-26 05:16:13,0,0,0.4987531,0.2493766,0,97.50623,1.2468828,0.4987531,0
2022-06-26 05:16:12,0,0,0,0,0,98.75,1.25,0,0
2022-06-26 05:16:11,0,0,0.5025126,0,0,98.24121,1.2562814,0,0
2022-06-26 05:16:10,0,0,0.7444169,0.4962779,0,96.77419,1.4888337,0.4962779,0
2022-06-26 05:16:09,0,0,1.0025063,0,0,95.48872,3.007519,0.5012531,0
2022-06-26 05:16:08,0,0,0.7481297,0,0,97.50623,1.745636,0,0
2022-06-26 05:16:07,0,0,0.75,0,0,97.25,1.5,0.5,0
2022-06-26 05:16:06,0,0,0.75,0.25,0,97.25,1.5,0.25,0
2022-06-26 05:16:05,0,0,0.5,0.25,0,97.75,1.25,0.25,0
2022-06-26 05:16:04,0,0,0.5025126,0,0,98.49246,1.0050251,0,0
2022-06-26 05:16:03,0,0,0.5,0,0,96.75,2.25,0.5,0
2022-06-26 05:16:02,0,0,0.5,0,0,97,2.25,0.25,0
2022-06-26 05:16:01,0,0,0.9950249,0.4975124,0,95.77114,2.238806,0.4975124,0
2022-06-26 05:16:00,0,0,1.25,0,0,97,1.75,0,0
2022-06-26 05:15:59,0,0,0.5012531,0,0,97.49373,2.005013,0,0
2022-06-26 05:15:58,0,0,0.5,0.25,0,98.5,0.5,0.25,0
2022-06-26 05:15:57,0,0,0.25,0,0,98.75,0.75,0.25,0
2022-06-26 05:15:56,0,0,0.2506266,0,0,98.49624,1.2531328,0,0
2022-06-26 05:15:55,0,0,0.5,0,0,98,1.25,0.25,0
2022-06-26 05:15:54,0,0,1.0025063,0,0,96.74185,2.005013,0.2506266,0
2022-06-26 05:15:53,0,0,0.75,0,0,96.5,2.25,0.5,0
2022-06-26 05:15:52,0,0,0.4987531,0.2493766,0,97.50623,1.745636,0,0
2022-06-26 05:15:51,0,0,0.5012531,0,0,98.24561,1.0025063,0.2506266,0
2022-06-26 05:15:50,0,0,0.2493766,0,0,98.50374,0.9975062,0.2493766,0
2022-06-26 05:15:49,0,0,0.5,0,0,98.25,1,0.25,0
2022-06-26 05:15:48,0,0,0.7518797,0,0,97.49373,1.754386,0,0
2022-06-26 05:15:47,0,0,0.9975062,0.2493766,0,95.7606,2.743142,0.2493766,0
2022-06-26 05:15:46,0,0,0.9975062,0,0,97.75561,1.2468828,0,0
2022-06-26 05:15:45,0,0,0.2512563,0.2512563,0,96.98492,2.512563,0,0
2022-06-26 05:15:44,0,0,0.7481297,0,0,97.50623,1.2468828,0.4987531,0
2022-06-26 05:15:43,0,0,0.5,0,0,98.25,1.25,0,0
2022-06-26 05:15:42,0,0,0,0,0,99.49875,0.5012531,0,0
2022-06-26 05:15:41,0,0,0.2493766,0.2493766,0,96.50873,1.995012,0.9975062,0
2022-06-26 05:15:40,0,0,1.25,0.25,0,96.25,2.25,0,0
2022-06-26 05:15:39,0,0,0.75,0,0,96,3,0.25,0
2022-06-26 05:15:38,0,0,0.5,0,0,96,3.25,0.25,0
2022-06-26 05:15:37,0,0,0.4987531,0,0,97.50623,1.745636,0.2493766,0
2022-06-26 05:15:36,0,0,0.4962779,0.248139,0,96.02978,2.729529,0.248139,0
2022-06-26 05:15:35,0,0,0.5037783,0,0,97.48111,1.763224,0.2518892,0
2022-06-26 05:15:34,0,0,0.5012531,0.2506266,0,94.73684,4.511278,0,0
2022-06-26 05:15:33,0,0,0.4987531,0.2493766,0,97.00748,1.995012,0.2493766,0
2022-06-26 05:15:32,0,0,0.5,0.25,0,96,3,0.25,0
2022-06-26 05:15:31,0,0,0.9975062,0.2493766,0,92.76808,5.486284,0.4987531,0
2022-06-26 05:15:30,0,0,1,0.25,0,93,5.5,0.25,0
2022-06-26 05:15:29,0,0,1.25,0.5,0,90,7.75,0.5,0
2022-06-26 05:15:28,0,0,1.25,0.5,0,89.5,8.5,0.25,0
2022-06-26 05:15:27,0,0,0.4987531,0,0,91.02244,7.98005,0.4987531,0
2022-06-26 05:15:26,0,0,0.2512563,0,0,93.21608,6.281407,0.2512563,0
2022-06-26 05:15:25,0,0,0,0,0,93.23308,6.516291,0.2506266,0
2022-06-26 05:15:24,0,0,0.4987531,0,0,93.76559,5.486284,0.2493766,0
2022-06-26 05:15:23,0,0,0,0,0,93.73434,5.764411,0.5012531,0
2022-06-26 05:15:22,0,0,0,0,0,91.27182,8.478803,0.2493766,0
2022-06-26 05:15:21,0,0,0.2512563,0,0,93.96985,4.522613,0.5025126,0
2022-06-26 05:15:20,0,0,0,0,0,95.75,3.75,0.25,0
2022-06-26 05:15:19,0,0,0,0,0,97.73869,2.01005,0.2512563,0
2022-06-26 05:15:18,0,0,0.2493766,0.2493766,0,98.50374,0.7481297,0.2493766,0
2022-06-26 05:15:17,0,0,0.25,0,0,97.25,2.5,0,0
2022-06-26 05:15:16,0,0,0.25,0,0,98.25,1.25,0.25,0
2022-06-26 05:15:15,0,0,0,0,0,99.5,0,0.5,0
2022-06-26 05:15:14,0,0,0.4987531,0.2493766,0,98.25436,0.9975062,0,0
2022-06-26 05:15:13,0,0,0,0,0,98.74687,1.0025063,0.2506266,0
2022-06-26 05:15:12,0,0,0.5,0,0,97.5,1.75,0.25,0
2022-06-26 05:15:11,0,0,1,0.5,0,95.75,2.25,0.5,0
2022-06-26 05:15:10,0,0,0.9975062,0.2493766,0,96.50873,2.244389,0,0
2022-06-26 05:15:09,0,0,0.25,0,0,98.5,1,0.25,0
2022-06-26 05:15:08,0,0,0.2512563,0,0,98.99497,0.5025126,0.2512563,0
2022-06-26 05:15:07,0,0,0.4975124,0,0,97.26368,1.99005,0.2487562,0
2022-06-26 05:15:06,0,0,0.2506266,0,0,98.99749,0.7518797,0,0
2022-06-26 05:15:05,0,0,0.9950249,0.7462687,0,95.02488,2.985075,0.2487562,0
2022-06-26 05:15:04,0,0,1.0050251,0,0,96.73367,2.01005,0.2512563,0
2022-06-26 05:15:03,0,0,1,0.25,0,95.75,2.5,0.5,0
2022-06-26 05:15:02,0,0,0.5,0.25,0,97.25,1.75,0.25,0
2022-06-26 05:15:01,0,0,0.5,0,0,98.25,1.25,0,0
2022-06-26 05:15:00,0,0,0.25,0.25,0,97.75,1.5,0.25,0
2022-06-26 05:14:59,0,0,0.5012531,0,0,97.49373,1.754386,0.2506266,0
2022-06-26 05:14:58,0,0,1,0,0,96.25,2.5,0.25,0
2022-06-26 05:14:57,0,0,0.9975062,0.2493766,0,95.7606,2.743142,0.2493766,0
2022-06-26 05:14:56,0,0,1,0,0,96.5,2.25,0.25,0
2022-06-26 05:14:55,0,0,0.25,0,0,98.25,1.25,0.25,0
2022-06-26 05:14:54,0,0,0.5,0,0,97.75,1.75,0,0
2022-06-26 05:14:53,0,0,0.2506266,0.2506266,0,98.24561,1.2531328,0,0
2022-06-26 05:14:52,0,0,0.4987531,0,0,98.25436,0.9975062,0.2493766,0
2022-06-26 05:14:51,0,0,0.75,0.25,0,96.25,2.5,0.25,0
2022-06-26 05:14:50,0,0,0.7518797,0.5012531,0,96.2406,2.255639,0.2506266,0
2022-06-26 05:14:49,0,0,0.9950249,0,0,97.01493,1.741294,0.2487562,0
2022-06-26 05:14:48,0,0,0.2512563,0.2512563,0,97.73869,1.758794,0,0
2022-06-26 05:14:47,0,0,0.4962779,0.248139,0,97.51861,1.4888337,0.248139,0
2022-06-26 05:14:46,0,0,0.2525253,0,0,98.23232,1.2626263,0.2525253,0
2022-06-26 05:14:45,0,0,0.4987531,0.2493766,0,98.00499,1.2468828,0,0
2022-06-26 05:14:44,0,0,0.7481297,0.4987531,0,96.50873,1.995012,0.2493766,0
2022-06-26 05:14:43,0,0,1.0025063,0.2506266,0,95.48872,3.007519,0.2506266,0
2022-06-26 05:14:42,0,0,0.7462687,0.2487562,0,97.01493,1.741294,0.2487562,0
2022-06-26 05:14:41,0,0,0.5012531,0.2506266,0,95.98997,3.258145,0,0
2022-06-26 05:14:40,0,0,0,0,0,98.50374,1.2468828,0.2493766,0
2022-06-26 05:14:39,0,0,0.5025126,0,0,97.73869,1.5075377,0.2512563,0
2022-06-26 05:14:38,0,0,0.2487562,0,0,97.76119,1.99005,0,0
2022-06-26 05:14:37,0,0,0.5012531,0.2506266,0,96.2406,2.506266,0.5012531,0
2022-06-26 05:14:36,0,0,0.7518797,0,0,96.2406,3.007519,0,0
2022-06-26 05:14:35,0,0,0.7481297,0,0,95.7606,2.992519,0.4987531,0
2022-06-26 05:14:34,0,0,1,0.25,0,97,1.75,0,0
2022-06-26 05:14:33,0,0,0.5,0.25,0,96.75,2.25,0.25,0
2022-06-26 05:14:32,0,0,0.5012531,0.2506266,0,95.48872,3.508772,0.2506266,0
2022-06-26 05:14:31,0,0,0.7481297,0,0,94.26434,4.987531,0,0
2022-06-26 05:14:30,0,0,0.4987531,0,0,95.51122,3.241895,0.4987531,0
2022-06-26 05:14:29,0,0,0.5,0,0,95.75,3.75,0,0
2022-06-26 05:14:28,0,0,0.7518797,0,0,94.73684,4.010025,0.5012531,0
2022-06-26 05:14:27,0,0,0.7537688,0.5025126,0,94.22111,4.271357,0.2512563,0
2022-06-26 05:14:26,0,0,0.9925558,0,0,91.56328,7.19603,0.248139,0
2022-06-26 05:14:25,0,0,1.0025063,0.5012531,0,89.47368,8.77193,0.2506266,0
2022-06-26 05:14:24,0,0,1.5075377,0,0,92.21106,6.030151,0.2512563,0
2022-06-26 05:14:23,0,0,0.2487562,0.4975124,0,90.29851,8.955224,0,0
2022-06-26 05:14:22,0,0,0.25,0,0,94,5.75,0,0
2022-06-26 05:14:21,0,0,0,0,0,95.5,4,0.5,0
2022-06-26 05:14:20,0,0,0,0.5025126,0,93.71859,5.276382,0.2512563,0
2022-06-26 05:14:19,0,0,0,0,0,94.23559,5.513784,0.2506266,0
2022-06-26 05:14:18,0,0,0.25,0.25,0,88.5,6.5,1,0
2022-06-26 05:14:17,0,0,0,0,0,97.733,2.267003,0,0
2022-06-26 05:14:16,0,0,0,0,0,99,1,0,0
2022-06-26 05:14:15,0,0,0.25,0,0,98.5,1.25,0,0
2022-06-26 05:14:14,0,0,0.4975124,0.2487562,0,97.51244,1.4925373,0.2487562,0
2022-06-26 05:14:13,0,0,0,0,0,98.49624,1.2531328,0.2506266,0
2022-06-26 05:14:12,0,0,0.4987531,0.2493766,0,97.75561,1.2468828,0.2493766,0
2022-06-26 05:14:11,0,0,0.25,0,0,98,1.5,0.25,0
2022-06-26 05:14:10,0,0,0.2506266,0,0,98.49624,1.0025063,0.2506266,0
2022-06-26 05:14:09,0,0,0.75,0,0,96.5,2.5,0.25,0
2022-06-26 05:14:08,0,0,0.9975062,0,0,97.25686,1.745636,0,0
2022-06-26 05:14:07,0,0,0.5012531,0,0,97.49373,2.005013,0,0
2022-06-26 05:14:06,0,0,0,0.2506266,0,98.74687,0.7518797,0.2506266,0
2022-06-26 05:14:05,0,0,0.4987531,0,0,97.50623,1.4962594,0.4987531,0
2022-06-26 05:14:04,0,0,0.5,0,0,98.25,1.25,0,0
2022-06-26 05:14:03,0,0,0.9975062,0.2493766,0,96.25935,2.244389,0,0
2022-06-26 05:14:02,0,0,0.7518797,0,0,96.74185,2.255639,0.2506266,0
2022-06-26 05:14:01,0,0,0.75,0,0,97,2.25,0,0
2022-06-26 05:14:00,0,0,0.4975124,0,0,98.00995,1.2437811,0.2487562,0
2022-06-26 05:13:59,0,0,0.5012531,0,0,97.99499,1.5037594,0,0
2022-06-26 05:13:58,0,0,0.5012531,0.2506266,0,97.24311,1.754386,0.2506266,0
2022-06-26 05:13:57,0,0,0.5,0,0,97.25,1.75,0.5,0
2022-06-26 05:13:56,0,0,1,0,0,96.5,2.25,0.25,0
2022-06-26 05:13:55,0,0,0.5,0,0,98,1.5,0,0
2022-06-26 05:13:54,0,0,1,0.25,0,96.5,2.25,0,0
2022-06-26 05:13:53,0,0,0.5,0.25,0,96.5,2.25,0.5,0
2022-06-26 05:13:52,0,0,0.4987531,0,0,98.00499,1.2468828,0.2493766,0
2022-06-26 05:13:51,0,0,0.25,0,0,97.5,2,0.25,0
2022-06-26 05:13:50,0,0,0.7518797,0,0,97.49373,1.754386,0,0
2022-06-26 05:13:49,0,0,0.75,0,0,97,2.25,0,0
2022-06-26 05:13:48,0,0,0.5,0,0,96.75,2.5,0.25,0
2022-06-26 05:13:47,0,0,0.5025126,0.2512563,0,97.98995,1.2562814,0,0
2022-06-26 05:13:46,0,0,0.9925558,0.248139,0,95.78164,2.48139,0.4962779,0
2022-06-26 05:13:45,0,0,0.75,0,0,97,2,0.25,0
2022-06-26 05:13:44,0,0,0,0,0,99.24812,0.7518797,0,0
2022-06-26 05:13:43,0,0,0.7481297,0,0,96.50873,2.493766,0.2493766,0
2022-06-26 05:13:42,0,0,1,0.25,0,96.5,2.25,0,0
2022-06-26 05:13:41,0,0,0.5012531,0.2506266,0,98.24561,0.7518797,0.2506266,0
2022-06-26 05:13:40,0,0,0.25,0.25,0,97.5,2,0,0
2022-06-26 05:13:39,0,0,0.7518797,0,0,96.2406,3.007519,0,0
2022-06-26 05:13:38,0,0,1,0.25,0,94.75,3.5,0.5,0
2022-06-26 05:13:37,0,0,0.4962779,0.248139,0,96.52605,2.48139,0.248139,0
2022-06-26 05:13:36,0,0,0.5012531,0.2506266,0,96.99248,1.754386,0.5012531,0
2022-06-26 05:13:35,0,0,0.5012531,0,0,97.74436,1.754386,0,0
2022-06-26 05:13:34,0,0,0.75,0,0,97.25,1.75,0.25,0
2022-06-26 05:13:33,0,0,0.2506266,0.2506266,0,98.24561,1.2531328,0,0
2022-06-26 05:13:32,0,0,0.2487562,0,0,97.76119,1.741294,0.2487562,0
2022-06-26 05:13:31,0,0,0.75,0.5,0,96.5,2.25,0,0
2022-06-26 05:13:30,0,0,1.2468828,0.2493766,0,94.51372,3.740648,0.2493766,0
2022-06-26 05:13:29,0,0,1.0025063,0,0,93.73434,4.761905,0.5012531,0
2022-06-26 05:13:28,0,0,0.75,0.5,0,94.25,4.5,0,0
2022-06-26 05:13:27,0,0,0.7481297,0.2493766,0,95.01247,3.491272,0.4987531,0
2022-06-26 05:13:26,0,0,0.7537688,0.2512563,0,92.46231,6.532663,0,0
2022-06-26 05:13:25,0,0,0.7481297,0,0,93.76559,4.987531,0.4987531,0
2022-06-26 05:13:24,0,0,1.0025063,0,0,91.4787,7.017544,0.5012531,0
2022-06-26 05:13:23,0,0,0.5,0,0,92.25,6.5,0.75,0
2022-06-26 05:13:22,0,0,0.25,0.25,0,92,7.25,0.25,0
2022-06-26 05:13:21,0,0,0.7518797,0.2506266,0,91.97995,6.766917,0.2506266,0
2022-06-26 05:13:20,0,0,0.4987531,0.2493766,0,90.52369,8.229426,0.2493766,0
2022-06-26 05:13:19,0,0,0.2506266,0,0,91.22807,8.270677,0,0
2022-06-26 05:13:18,0,0,0.2493766,0,0,94.76309,4.488778,0.4987531,0
2022-06-26 05:13:17,0,0,0.2487562,0,0,96.26866,2.736318,0.4975124,0
2022-06-26 05:13:16,0,0,0,0,0,95.72864,4.271357,0,0
2022-06-26 05:13:15,0,0,0,0,0,97.73869,2.261307,0,0
2022-06-26 05:13:14,0,0,0.2487562,0,0,97.26368,2.238806,0.2487562,0
2022-06-26 05:13:13,0,0,0,0,0,98.5,1.25,0.25,0
2022-06-26 05:13:12,0,0,0,0,0,98.99749,1.0025063,0,0
2022-06-26 05:13:11,0,0,0.75,0.25,0,96.75,2.25,0,0
2022-06-26 05:13:10,0,0,0.5,0.25,0,97.25,2,0,0
2022-06-26 05:13:09,0,0,0,0,0,98.25,1.5,0.25,0
2022-06-26 05:13:08,0,0,0.4987531,0,0,98.00499,1.2468828,0.2493766,0
2022-06-26 05:13:07,0,0,0.5012531,0,0,97.74436,1.2531328,0.5012531,0
2022-06-26 05:13:06,0,0,0,0,0,99.25,0.5,0.25,0
2022-06-26 05:13:05,0,0,0.9975062,0,0,96.7581,1.995012,0.2493766,0
2022-06-26 05:13:04,0,0,0.75,0,0,96.25,3,0,0
2022-06-26 05:13:03,0,0,0.7481297,0.2493766,0,97.25686,1.4962594,0.2493766,0
2022-06-26 05:13:02,0,0,0.2512563,0,0,98.99497,0.7537688,0,0
2022-06-26 05:13:01,0,0,0.5,0,0,96.75,2.5,0.25,0
2022-06-26 05:13:00,0,0,0.5,0.25,0,98,1.25,0,0
2022-06-26 05:12:59,0,0,0.75,0,0,97,2.25,0,0
2022-06-26 05:12:58,0,0,0.75,0,0,96.5,2.5,0.25,0
2022-06-26 05:12:57,0,0,1,0.5,0,96.25,2,0.25,0
2022-06-26 05:12:56,0,0,0.5,0,0,97.75,1.5,0.25,0
2022-06-26 05:12:55,0,0,0.25,0,0,97.75,1.75,0.25,0
2022-06-26 05:12:54,0,0,0.75,0,0,97.5,1.5,0.25,0
2022-06-26 05:12:53,0,0,0.5,0,0,98.25,1.25,0,0
2022-06-26 05:12:52,0,0,0.5,0.25,0,98,1.25,0,0
2022-06-26 05:12:51,0,0,0.5012531,0.2506266,0,97.24311,2.005013,0,0
2022-06-26 05:12:50,0,0,0.75,0,0,97.5,1.5,0.25,0
2022-06-26 05:12:49,0,0,0.75,0,0,96.5,2.5,0.25,0
2022-06-26 05:12:48,0,0,0.4987531,0.2493766,0,97.75561,1.4962594,0,0
2022-06-26 05:12:47,0,0,0.75,0,0,97,2.25,0,0
2022-06-26 05:12:46,0,0,0.5012531,0,0,97.74436,1.2531328,0.5012531,0
2022-06-26 05:12:45,0,0,0.5,0,0,97.75,1.75,0,0
2022-06-26 05:12:44,0,0,0.7462687,0,0,98.25871,0.7462687,0.2487562,0
2022-06-26 05:12:43,0,0,1.0025063,0.7518797,0,95.98997,2.255639,0,0
2022-06-26 05:12:42,0,0,0.75,0,0,96.25,2.75,0.25,0
2022-06-26 05:12:41,0,0,0.5,0,0,97,2.25,0.25,0
2022-06-26 05:12:40,0,0,0.5,0,0,97,2.25,0.25,0
2022-06-26 05:12:39,0,0,0.75,0,0,97.25,2,0,0
2022-06-26 05:12:38,0,0,0.5012531,0,0,97.74436,1.5037594,0.2506266,0
2022-06-26 05:12:37,0,0,0,0.2493766,0,98.25436,1.2468828,0.2493766,0
2022-06-26 05:12:36,0,0,0.5012531,0.2506266,0,97.49373,1.5037594,0.2506266,0
2022-06-26 05:12:35,0,0,1.2406948,0.248139,0,93.79653,4.218362,0.4962779,0
2022-06-26 05:12:34,0,0,0.5025126,0,0,97.23618,2.01005,0.2512563,0
2022-06-26 05:12:33,0,0,0.4987531,0,0,97.25686,1.995012,0.2493766,0
2022-06-26 05:12:32,0,0,0.7481297,0.2493766,0,95.7606,2.992519,0.2493766,0
2022-06-26 05:12:31,0,0,0.7518797,0.2506266,0,97.99499,1.0025063,0,0
2022-06-26 05:12:30,0,0,0.2493766,0,0,98.00499,1.4962594,0.2493766,0
2022-06-26 05:12:29,0,0,0,0,0,99.49749,0.2512563,0.2512563,0
2022-06-26 05:12:28,0,0,0.25,0,0,97.25,2.5,0,0
2022-06-26 05:12:27,0,0,0.9950249,0.4975124,0,95.77114,2.487562,0.2487562,0
2022-06-26 05:12:26,0,0,1.5037594,0,0,94.23559,4.010025,0.2506266,0
2022-06-26 05:12:25,0,0,2.01005,0.5025126,0,91.70854,5.778894,0,0
2022-06-26 05:12:24,0,0,0.9975062,0.2493766,0,93.76559,4.738155,0.2493766,0
2022-06-26 05:12:23,0,0,0.9975062,0.2493766,0,90.27431,8.229426,0.2493766,0
2022-06-26 05:12:22,0,0,1.0025063,0,0,91.4787,7.26817,0.2506266,0
2022-06-26 05:12:21,0,0,0.7462687,0.2487562,0,92.0398,6.716418,0.2487562,0
2022-06-26 05:12:20,0,0,0,0,0,92.69521,7.052897,0.2518892,0
2022-06-26 05:12:19,0,0,0.2487562,0,0,93.78109,5.472637,0.4975124,0
2022-06-26 05:12:18,0,0,0,0,0,92.73183,6.516291,0.5012531,0
2022-06-26 05:12:17,0,0,0.25,0.5,0,88,10.5,0.5,0
2022-06-26 05:12:16,0,0,0,0,0,94,5.5,0.25,0
2022-06-26 05:12:15,0,0,0.2518892,0,0,93.45088,5.541562,0.2518892,0
2022-06-26 05:12:14,0,0,0,0,0,95.77114,3.731343,0.2487562,0
2022-06-26 05:12:13,0,0,0.2506266,0.2506266,0,98.24561,0.7518797,0.5012531,0
2022-06-26 05:12:12,0,0,0,0,0,99.49875,0.5012531,0,0
2022-06-26 05:12:11,0,0,0.2493766,0,0,98.50374,0.9975062,0.2493766,0
2022-06-26 05:12:10,0,0,0,0,0,99,0.75,0.25,0
2022-06-26 05:12:09,0,0,0,0,0,99.00249,0.7481297,0.2493766,0
2022-06-26 05:12:08,0,0,0.7518797,0.2506266,0,96.74185,2.255639,0,0
2022-06-26 05:12:07,0,0,0.5012531,0,0,97.49373,1.754386,0.2506266,0
2022-06-26 05:12:06,0,0,0.4975124,0,0,96.76617,2.487562,0.2487562,0
2022-06-26 05:12:05,0,0,0.7537688,0.2512563,0,97.48744,1.5075377,0,0
2022-06-26 05:12:04,0,0,0.25,0,0,98,1.5,0.25,0
2022-06-26 05:12:03,0,0,0,0,0,99,0.75,0.25,0
2022-06-26 05:12:02,0,0,0.7425743,0.4950495,0,96.78218,1.732673,0.2475248,0
2022-06-26 05:12:01,0,0,0.5037783,0.2518892,0,96.72544,2.267003,0.2518892,0
2022-06-26 05:12:00,0,0,1.0025063,0,0,97.49373,1.2531328,0.2506266,0
2022-06-26 05:11:59,0,0,0.9975062,0.2493766,0,96.25935,2.244389,0.2493766,0
2022-06-26 05:11:58,0,0,0.5,0.25,0,96.25,2.75,0.25,0
2022-06-26 05:11:57,0,0,0.2506266,0,0,98.99749,0.7518797,0,0
2022-06-26 05:11:56,0,0,0,0,0,99.00249,0.4987531,0.4987531,0
2022-06-26 05:11:55,0,0,0.5,0.25,0,96.25,3,0,0
2022-06-26 05:11:54,0,0,1.5037594,0.2506266,0,94.73684,3.258145,0.2506266,0
2022-06-26 05:11:53,0,0,0.7481297,0.2493766,0,97.00748,1.995012,0,0
2022-06-26 05:11:52,0,0,0.5037783,0,0,96.97733,2.267003,0.2518892,0
2022-06-26 05:11:51,0,0,0.7425743,0.2475248,0,97.0297,1.980198,0,0
2022-06-26 05:11:50,0,0,0.2512563,0,0,98.99497,0.5025126,0.2512563,0
2022-06-26 05:11:49,0,0,0,0.2487562,0,98.50746,1.2437811,0,0
2022-06-26 05:11:48,0,0,0.75,0,0,96.5,2.25,0.5,0
2022-06-26 05:11:47,0,0,1.2531328,0,0,95.98997,2.506266,0.2506266,0
2022-06-26 05:11:46,0,0,0.75,0,0,97.25,1.5,0.5,0
2022-06-26 05:11:45,0,0,0.75,0.25,0,97,2,0,0
2022-06-26 05:11:44,0,0,0.4987531,0.2493766,0,98.25436,0.9975062,0,0
2022-06-26 05:11:43,0,0,0,0,0,98.99749,0.7518797,0.2506266,0
2022-06-26 05:11:42,0,0,0,0,0,98.50746,1.2437811,0.2487562,0
2022-06-26 05:11:41,0,0,1.2562814,0,0,96.98492,1.758794,0,0
2022-06-26 05:11:40,0,0,1.4962594,0.4987531,0,94.01496,3.740648,0.2493766,0
2022-06-26 05:11:39,0,0,0.5012531,0.2506266,0,95.98997,3.258145,0,0
2022-06-26 05:11:38,0,0,0.4975124,0,0,97.01493,2.238806,0.2487562,0
2022-06-26 05:11:37,0,0,0.75,0,0,96.75,2.25,0.25,0
2022-06-26 05:11:36,0,0,0.2512563,0,0,98.49246,1.2562814,0,0
2022-06-26 05:11:35,0,0,0.2493766,0,0,98.50374,0.7481297,0.4987531,0
2022-06-26 05:11:34,0,0,0.5012531,0,0,96.49123,2.756892,0.2506266,0
2022-06-26 05:11:33,0,0,0.9950249,0.2487562,0,94.02985,3.9801,0.7462687,0
2022-06-26 05:11:32,0,0,1.0075567,0.2518892,0,95.46599,3.274559,0,0
2022-06-26 05:11:31,0,0,0.25,0,0,98.25,1,0.5,0
2022-06-26 05:11:30,0,0,0.2493766,0,0,97.25686,2.244389,0.2493766,0
2022-06-26 05:11:29,0,0,0.7518797,0.2506266,0,96.99248,1.754386,0.2506266,0
2022-06-26 05:11:28,0,0,0.4987531,0,0,98.00499,1.2468828,0.2493766,0
2022-06-26 05:11:27,0,0,0,0,0,98.24561,1.5037594,0.2506266,0
2022-06-26 05:11:26,0,0,0.7444169,0,0,96.77419,2.48139,0,0
2022-06-26 05:11:25,0,0,1.5037594,0,0,94.23559,4.010025,0.2506266,0
2022-06-26 05:11:24,0,0,1.5075377,0,0,93.96985,4.020101,0.5025126,0
2022-06-26 05:11:23,0,0,1.2437811,0.4975124,0,89.30348,8.706468,0.2487562,0
2022-06-26 05:11:22,0,0,1,0,0,94,4.75,0.25,0
2022-06-26 05:11:21,0,0,0.4975124,0.2487562,0,94.52736,4.477612,0.2487562,0
2022-06-26 05:11:20,0,0,0.5025126,0,0,93.96985,5.276382,0.2512563,0
2022-06-26 05:11:19,0,0,0.7537688,0.2512563,0,92.71357,6.030151,0.2512563,0
2022-06-26 05:11:18,0,0,0.7481297,0,0,92.01995,6.982544,0.2493766,0
2022-06-26 05:11:17,0,0,0.5012531,0,0,90.22556,8.77193,0.5012531,0
2022-06-26 05:11:16,0,0,0,0.248139,0,91.067,8.188586,0.248139,0
2022-06-26 05:11:15,0,0,0.2506266,0,0,92.4812,6.766917,0.2506266,0
2022-06-26 05:11:14,0,0,0,0,0,95.22613,4.773869,0,0
2022-06-26 05:11:13,0,0,0,0,0,96.26866,2.985075,0.7462687,0
2022-06-26 05:11:12,0,0,0,0,0,96.25,3.5,0.25,0
2022-06-26 05:11:11,0,0,0.2512563,0.2512563,0,96.73367,2.512563,0,0
2022-06-26 05:11:10,0,0,0,0,0,98.00995,1.741294,0.2487562,0
2022-06-26 05:11:09,0,0,0,0,0,99.24242,0.7575758,0,0
2022-06-26 05:11:08,0,0,0.2487562,0.2487562,0,97.76119,1.741294,0,0
2022-06-26 05:11:07,0,0,0,0,0,99.00249,0.4987531,0.4987531,0
2022-06-26 05:11:06,0,0,0.7481297,0.2493766,0,97.25686,1.4962594,0.2493766,0
2022-06-26 05:11:05,0,0,1.0075567,0,0,95.96977,2.770781,0.2518892,0
2022-06-26 05:11:04,0,0,0.2493766,0,0,98.25436,1.4962594,0,0
2022-06-26 05:11:03,0,0,0.2493766,0,0,98.25436,0.9975062,0.4987531,0
2022-06-26 05:11:02,0,0,0.2506266,0.2506266,0,97.74436,1.754386,0,0
2022-06-26 05:11:01,0,0,0.2506266,0,0,97.99499,1.5037594,0.2506266,0
2022-06-26 05:11:00,0,0,0.4987531,0.2493766,0,96.25935,2.743142,0.2493766,0
2022-06-26 05:10:59,0,0,1.2468828,0.2493766,0,96.25935,1.995012,0.2493766,0
2022-06-26 05:10:58,0,0,0.7537688,0.2512563,0,96.73367,2.261307,0,0
2022-06-26 05:10:57,0,0,0.7481297,0.4987531,0,97.50623,1.2468828,0,0
2022-06-26 05:10:56,0,0,0.2506266,0,0,97.74436,1.754386,0.2506266,0
2022-06-26 05:10:55,0,0,0.5,0.25,0,97.5,1.25,0.5,0
2022-06-26 05:10:54,0,0,0.25,0.25,0,98,1.5,0,0
2022-06-26 05:10:53,0,0,0.5,0.25,0,98.25,1,0,0
2022-06-26 05:10:52,0,0,0.9975062,0,0,96.25935,2.244389,0.4987531,0
2022-06-26 05:10:51,0,0,1.2437811,0.2487562,0,96.0199,2.487562,0,0
2022-06-26 05:10:50,0,0,0.7537688,0,0,97.48744,1.758794,0,0
2022-06-26 05:10:49,0,0,0.4987531,0,0,97.50623,1.745636,0.2493766,0
2022-06-26 05:10:48,0,0,0.5012531,0.2506266,0,97.99499,1.2531328,0,0
2022-06-26 05:10:47,0,0,0.2493766,0,0,99.00249,0.4987531,0.2493766,0
2022-06-26 05:10:46,0,0,0.5,0,0,97.75,1.75,0,0
2022-06-26 05:10:45,0,0,1.0025063,0.2506266,0,95.98997,2.756892,0,0
2022-06-26 05:10:44,0,0,1,0.5,0,95.25,3,0.25,0
2022-06-26 05:10:43,0,0,0.4975124,0,0,97.51244,1.741294,0.2487562,0
2022-06-26 05:10:42,0,0,0.75,0,0,97.25,1.75,0.25,0
2022-06-26 05:10:41,0,0,0.2518892,0.2518892,0,98.74055,0.7556675,0,0
2022-06-26 05:10:40,0,0,0,0,0,98.25,1.5,0.25,0
2022-06-26 05:10:39,0,0,0.7481297,0.2493766,0,97.00748,1.745636,0.2493766,0
2022-06-26 05:10:38,0,0,1,0,0,96,2.75,0.25,0
2022-06-26 05:10:37,0,0,0.7462687,0.2487562,0,96.76617,1.99005,0.2487562,0
2022-06-26 05:10:36,0,0,0.2518892,0.2518892,0,96.72544,2.518892,0.2518892,0
2022-06-26 05:10:35,0,0,1,0.25,0,95.75,3,0,0
2022-06-26 05:10:34,0,0,0.4987531,0.2493766,0,96.7581,1.995012,0.4987531,0
2022-06-26 05:10:33,0,0,0.25,0,0,98.5,1.25,0,0
2022-06-26 05:10:32,0,0,0.2506266,0.2506266,0,97.49373,1.754386,0.2506266,0
2022-06-26 05:10:31,0,0,0.7481297,0.2493766,0,97.00748,1.4962594,0.4987531,0
2022-06-26 05:10:30,0,0,0.7481297,0,0,94.76309,4.239401,0.2493766,0
2022-06-26 05:10:29,0,0,0.7537688,0.2512563,0,96.48241,2.512563,0,0
2022-06-26 05:10:28,0,0,0.4962779,0,0,98.01489,1.2406948,0.248139,0
2022-06-26 05:10:27,0,0,0.5012531,0.5012531,0,96.74185,2.005013,0.2506266,0
2022-06-26 05:10:26,0,0,0.5,0.25,0,97,2,0.25,0
2022-06-26 05:10:25,0,0,0.5025126,0,0,97.73869,1.5075377,0.2512563,0
2022-06-26 05:10:24,0,0,0.4975124,0.2487562,0,96.0199,2.985075,0.2487562,0
2022-06-26 05:10:23,0,0,0.7518797,0,0,96.2406,3.007519,0,0
2022-06-26 05:10:22,0,0,0.9975062,0,0,94.76309,3.990025,0.2493766,0
2022-06-26 05:10:21,0,0,0.9975062,0,0,94.51372,4.239401,0.2493766,0
2022-06-26 05:10:20,0,0,0.75,0.25,0,93.5,5.5,0,0
2022-06-26 05:10:19,0,0,0.7556675,0.2518892,0,93.45088,5.541562,0,0
2022-06-26 05:10:18,0,0,0.9925558,0.248139,0,90.81886,7.692308,0.248139,0
2022-06-26 05:10:17,0,0,0.7556675,0,0,92.9471,6.04534,0.2518892,0
2022-06-26 05:10:16,0,0,0.2493766,0,0,93.01746,6.483791,0.2493766,0
2022-06-26 05:10:15,0,0,0.4975124,0,0,92.28856,6.965174,0.2487562,0
2022-06-26 05:10:14,0,0,0,0,0,92.96482,7.035176,0,0
2022-06-26 05:10:13,0,0,0,0.2506266,0,91.4787,7.518797,0.2506266,0
2022-06-26 05:10:12,0,0,0.2506266,0.2506266,0,90.97744,6.265664,0.5012531,0
2022-06-26 05:10:11,0,0,0.25,0,0,91.25,7.5,0.25,0
2022-06-26 05:10:10,0,0,0,0,0,95.47739,4.271357,0.2512563,0
2022-06-26 05:10:09,0,0,0.2493766,0.2493766,0,97.25686,1.995012,0.2493766,0
2022-06-26 05:10:08,0,0,0.25,0,0,98.75,0.75,0.25,0
2022-06-26 05:10:07,0,0,0,0,0,98.75,1,0.25,0
2022-06-26 05:10:06,0,0,0.2506266,0,0,98.74687,1.0025063,0,0
2022-06-26 05:10:05,0,0,0.25,0,0,98.75,1,0,0
2022-06-26 05:10:04,0,0,0,0,0,98.50374,0.9975062,0.2493766,0
2022-06-26 05:10:03,0,0,0.7462687,0.2487562,0,97.76119,1.2437811,0,0
2022-06-26 05:10:02,0,0,0.5025126,0.2512563,0,96.98492,2.01005,0.2512563,0
2022-06-26 05:10:01,0,0,0.4975124,0,0,98.25871,0.9950249,0.2487562,0
2022-06-26 05:10:00,0,0,0.2512563,0,0,98.49246,1.0050251,0.2512563,0
2022-06-26 05:09:59,0,0,0.5012531,0,0,97.74436,1.754386,0,0
2022-06-26 05:09:58,0,0,0.4987531,0,0,98.00499,1.2468828,0.2493766,0
2022-06-26 05:09:57,0,0,0.2506266,0,0,97.74436,1.5037594,0.5012531,0
2022-06-26 05:09:56,0,0,0.9975062,0.2493766,0,96.25935,2.493766,0,0
2022-06-26 05:09:55,0,0,1.0025063,0,0,95.98997,2.756892,0.2506266,0
2022-06-26 05:09:54,0,0,0.4987531,0,0,97.75561,1.745636,0,0
2022-06-26 05:09:53,0,0,0.4987531,0.2493766,0,98.00499,0.9975062,0.2493766,0
2022-06-26 05:09:52,0,0,0.75,0,0,96.25,2.75,0.25,0
2022-06-26 05:09:51,0,0,0.25,0,0,98.5,1,0.25,0
2022-06-26 05:09:50,0,0,0.2506266,0,0,98.24561,1.2531328,0.2506266,0
2022-06-26 05:09:49,0,0,0.9975062,0.2493766,0,96.7581,1.745636,0.2493766,0
2022-06-26 05:09:48,0,0,1,0,0,97,2,0,0
2022-06-26 05:09:47,0,0,0.2512563,0,0,98.74372,1.0050251,0,0
2022-06-26 05:09:46,0,0,0.4987531,0,0,96.50873,2.743142,0.2493766,0
2022-06-26 05:09:45,0,0,0.7481297,0.2493766,0,96.7581,1.995012,0.2493766,0
2022-06-26 05:09:44,0,0,0.5012531,0,0,98.24561,1.2531328,0,0
2022-06-26 05:09:43,0,0,0.7481297,0.4987531,0,96.50873,2.244389,0,0
2022-06-26 05:09:42,0,0,0.7518797,0.2506266,0,96.99248,1.5037594,0.5012531,0
2022-06-26 05:09:41,0,0,0.5,0.25,0,97.75,1.5,0,0
2022-06-26 05:09:40,0,0,0.4987531,0,0,97.25686,1.995012,0.2493766,0
2022-06-26 05:09:39,0,0,0.2506266,0,0,98.24561,1.5037594,0,0
2022-06-26 05:09:38,0,0,0.7481297,0.2493766,0,97.50623,1.2468828,0.2493766,0
2022-06-26 05:09:37,0,0,1.0025063,0,0,96.99248,1.754386,0.2506266,0
2022-06-26 05:09:36,0,0,0.5,0,0,97.5,2,0,0
2022-06-26 05:09:35,0,0,0.75,0,0,97.25,1.5,0.5,0
2022-06-26 05:09:34,0,0,0.7462687,0,0,96.0199,3.233831,0,0
2022-06-26 05:09:33,0,0,0.5012531,0.2506266,0,97.24311,1.754386,0.2506266,0
2022-06-26 05:09:32,0,0,0.25,0,0,97.5,2,0.25,0
2022-06-26 05:09:31,0,0,0.5025126,0,0,97.98995,1.5075377,0,0
2022-06-26 05:09:30,0,0,0.7481297,0.4987531,0,97.75561,0.7481297,0.2493766,0
2022-06-26 05:09:29,0,0,0.7481297,0,0,97.25686,1.995012,0,0
2022-06-26 05:09:28,0,0,0.5012531,0,0,96.99248,2.005013,0.5012531,0
2022-06-26 05:09:27,0,0,0.7481297,0.2493766,0,95.26185,3.491272,0.2493766,0
2022-06-26 05:09:26,0,0,0.7518797,0,0,96.2406,3.007519,0,0
2022-06-26 05:09:25,0,0,0.7462687,0.2487562,0,97.76119,0.9950249,0.2487562,0
2022-06-26 05:09:24,0,0,0,0,0,98.74372,1.2562814,0,0
2022-06-26 05:09:23,0,0,0.2487562,0,0,97.26368,2.487562,0,0
2022-06-26 05:09:22,0,0,1.25,0.25,0,94.5,3.5,0.5,0
2022-06-26 05:09:21,0,0,1.2531328,0.2506266,0,94.73684,3.258145,0.5012531,0
2022-06-26 05:09:20,0,0,0.7518797,0,0,94.73684,4.511278,0,0
2022-06-26 05:09:19,0,0,0.7481297,0,0,95.01247,3.990025,0.2493766,0
2022-06-26 05:09:18,0,0,0.5012531,0,0,94.73684,4.260652,0.5012531,0
2022-06-26 05:09:17,0,0,1.2468828,0,0,91.5212,6.982544,0.2493766,0
2022-06-26 05:09:16,0,0,0.75,0.5,0,93.5,5,0.25,0
2022-06-26 05:09:15,0,0,0.75,0,0,89.5,9.5,0.25,0
2022-06-26 05:09:14,0,0,0,0,0,92.75,6.75,0.5,0
2022-06-26 05:09:13,0,0,0.2506266,0.5012531,0,93.23308,5.764411,0.2506266,0
2022-06-26 05:09:12,0,0,0.5025126,0.5025126,0,93.21608,5.527638,0.2512563,0
2022-06-26 05:09:11,0,0,0.4962779,0.4962779,0,92.05955,6.699752,0.248139,0
2022-06-26 05:09:10,0,0,0.2525253,0,0,90.40404,8.333333,0.5050505,0
2022-06-26 05:09:09,0,0,0.2493766,0,0,93.51621,5.735661,0.2493766,0
2022-06-26 05:09:08,0,0,0,0,0,97.75,2,0.25,0
2022-06-26 05:09:07,0,0,0,0,0,97.5,2.25,0.25,0
2022-06-26 05:09:06,0,0,0.25,0,0,97.25,2.5,0,0
2022-06-26 05:09:05,0,0,0,0,0,96.50873,3.241895,0.2493766,0
2022-06-26 05:09:04,0,0,0.5012531,0,0,98.49624,0.5012531,0.5012531,0
2022-06-26 05:09:03,0,0,0.5,0.25,0,97.5,1.75,0,0
2022-06-26 05:09:02,0,0,0.25,0,0,97.75,2,0,0
2022-06-26 05:09:01,0,0,0.25,0,0,99,0.75,0,0
2022-06-26 05:09:00,0,0,0.5,0.25,0,96.75,1.75,0.75,0
2022-06-26 05:08:59,0,0,0.7518797,0,0,96.2406,3.007519,0,0
2022-06-26 05:08:58,0,0,0.2487562,0,0,98.50746,0.9950249,0.2487562,0
2022-06-26 05:08:57,0,0,0.5025126,0,0,98.74372,0.7537688,0,0
2022-06-26 05:08:56,0,0,1,0,0,95.75,3,0.25,0
2022-06-26 05:08:55,0,0,0.5,0,0,98.5,0.75,0.25,0
2022-06-26 05:08:54,0,0,0.25,0,0,97.75,1.75,0.25,0
2022-06-26 05:08:53,0,0,1.2468828,0.2493766,0,94.51372,3.740648,0.2493766,0
2022-06-26 05:08:52,0,0,0.75,0,0,97,1.5,0.75,0
2022-06-26 05:08:51,0,0,0.2506266,0,0,98.74687,0.7518797,0.2506266,0
2022-06-26 05:08:50,0,0,0.75,0,0,97.75,1.25,0.25,0
2022-06-26 05:08:49,0,0,0.9975062,0.2493766,0,96.7581,1.745636,0.2493766,0
2022-06-26 05:08:48,0,0,0.2506266,0,0,97.99499,1.754386,0,0
2022-06-26 05:08:47,0,0,0.4987531,0,0,98.25436,0.9975062,0.2493766,0
2022-06-26 05:08:46,0,0,1,0.5,0,96.5,1.75,0.25,0
2022-06-26 05:08:45,0,0,0.75,0,0,97.25,2,0,0
2022-06-26 05:08:44,0,0,0.5,0,0,97.75,1.75,0,0
2022-06-26 05:08:43,0,0,0.5,0.25,0,97,2,0.25,0
2022-06-26 05:08:42,0,0,0.7481297,0.4987531,0,95.51122,2.992519,0.2493766,0
2022-06-26 05:08:41,0,0,0.5,0,0,98.5,0.75,0.25,0
2022-06-26 05:08:40,0,0,0.2512563,0,0,97.73869,2.01005,0,0
2022-06-26 05:08:39,0,0,0.9950249,0.2487562,0,96.76617,1.4925373,0.4975124,0
2022-06-26 05:08:38,0,0,1.25,0,0,96,2.5,0.25,0
2022-06-26 05:08:37,0,0,0.25,0.25,0,98.25,1,0.25,0
2022-06-26 05:08:36,0,0,0.2493766,0,0,98.25436,1.4962594,0,0
2022-06-26 05:08:35,0,0,0.7537688,0.2512563,0,96.48241,2.261307,0.2512563,0
2022-06-26 05:08:34,0,0,0.25,0,0,98.25,1.25,0.25,0
2022-06-26 05:08:33,0,0,0.2506266,0.2506266,0,98.24561,1.2531328,0,0
2022-06-26 05:08:32,0,0,1.25,0,0,96,2.5,0.25,0
2022-06-26 05:08:31,0,0,1,0,0,95.5,3.25,0.25,0
2022-06-26 05:08:30,0,0,0,0,0,98.5,1.25,0.25,0
2022-06-26 05:08:29,0,0,0,0,0,99.25,0.5,0.25,0
2022-06-26 05:08:28,0,0,0.7518797,0,0,97.24311,1.754386,0.2506266,0
2022-06-26 05:08:27,0,0,0.75,0,0,96.75,2.25,0.25,0
2022-06-26 05:08:26,0,0,0.2487562,0.2487562,0,97.76119,1.4925373,0.2487562,0
2022-06-26 05:08:25,0,0,1.2531328,0.2506266,0,95.48872,3.007519,0,0
2022-06-26 05:08:24,0,0,1.2437811,0,0,94.77612,3.731343,0.2487562,0
2022-06-26 05:08:23,0,0,0.75,0,0,96.5,2.5,0.25,0
2022-06-26 05:08:22,0,0,0,0,0,99.24433,0.7556675,0,0
2022-06-26 05:08:21,0,0,0,0,0,98.25436,1.4962594,0.2493766,0
2022-06-26 05:08:20,0,0,0.25,0,0,98,1.5,0.25,0
2022-06-26 05:08:19,0,0,1.0025063,0,0,96.74185,2.255639,0,0
2022-06-26 05:08:18,0,0,1,0.25,0,93.25,5.25,0.25,0
2022-06-26 05:08:17,0,0,1.2437811,0.2487562,0,90.79602,7.462687,0.2487562,0
2022-06-26 05:08:16,0,0,1,0.25,0,91.5,6.75,0.5,0
2022-06-26 05:08:15,0,0,1.2562814,0,0,92.96482,5.527638,0.2512563,0
2022-06-26 05:08:14,0,0,0.7481297,0.4987531,0,92.5187,5.985037,0.2493766,0
2022-06-26 05:08:13,0,0,1,0,0,89.5,9.25,0,0
2022-06-26 05:08:12,0,0,0,0,0,92.75,7,0.25,0
2022-06-26 05:08:11,0,0,0.25,0,0,94,5.75,0,0
2022-06-26 05:08:10,0,0,0,0,0,92.73183,6.516291,0.2506266,0
2022-06-26 05:08:09,0,0,0.2487562,0,0,90.04975,8.706468,0.4975124,0
2022-06-26 05:08:08,0,0,0,0,0,92.92929,5.808081,0.5050505,0
2022-06-26 05:08:07,0,0,0,0.7425743,0,85.14851,7.178218,0.2475248,0
2022-06-26 05:08:06,0,0,0.2506266,0.2506266,0,92.98246,3.258145,0.2506266,0
2022-06-26 05:08:05,0,0,0,0.25,0,98.75,1,0,0
2022-06-26 05:08:04,0,0,0,0,0,99,0.5,0.25,0
2022-06-26 05:08:03,0,0,0.2493766,0.2493766,0,98.00499,1.2468828,0.2493766,0
2022-06-26 05:08:02,0,0,0,0,0,99,0.75,0.25,0
2022-06-26 05:08:01,0,0,0,0,0,98.99749,1.0025063,0,0
2022-06-26 05:08:00,0,0,0.5,0,0,98.5,1,0,0
2022-06-26 05:07:59,0,0,0.5,0,0,97.25,2,0.25,0
2022-06-26 05:07:58,0,0,0.4987531,0,0,97.25686,1.745636,0.4987531,0
2022-06-26 05:07:57,0,0,1,0.5,0,97.25,1.25,0,0
2022-06-26 05:07:56,0,0,0.5012531,0,0,97.99499,1.2531328,0.2506266,0
2022-06-26 05:07:55,0,0,0,0,0,99,0.75,0.25,0
2022-06-26 05:07:54,0,0,0.25,0,0,98.75,0.75,0.25,0
2022-06-26 05:07:53,0,0,0.7518797,0,0,96.74185,2.255639,0.2506266,0
2022-06-26 05:07:52,0,0,0.7462687,0.2487562,0,96.51741,2.238806,0.2487562,0
2022-06-26 05:07:51,0,0,1.0025063,0,0,96.49123,2.506266,0,0
2022-06-26 05:07:50,0,0,0.7481297,0.2493766,0,96.7581,1.995012,0.2493766,0
2022-06-26 05:07:49,0,0,0.5,0,0,98,1.25,0.25,0
2022-06-26 05:07:48,0,0,0,0,0,98.99749,0.5012531,0.5012531,0
2022-06-26 05:07:47,0,0,0.5,0,0,97.25,2,0.25,0
2022-06-26 05:07:46,0,0,1,0.25,0,97,1.75,0,0
2022-06-26 05:07:45,0,0,0.5,0.25,0,97.5,1.5,0.25,0
2022-06-26 05:07:44,0,0,1.25,0,0,95.75,2.75,0.25,0
2022-06-26 05:07:43,0,0,0.7518797,0.2506266,0,96.2406,2.756892,0,0
2022-06-26 05:07:42,0,0,0.4987531,0.2493766,0,97.75561,1.2468828,0.2493766,0
2022-06-26 05:07:41,0,0,0.4987531,0.2493766,0,97.50623,1.745636,0,0
2022-06-26 05:07:40,0,0,0.2493766,0,0,98.50374,0.9975062,0.2493766,0
2022-06-26 05:07:39,0,0,0.7556675,0,0,97.22922,2.015113,0,0
2022-06-26 05:07:38,0,0,0.7444169,0.248139,0,96.02978,2.729529,0.248139,0
2022-06-26 05:07:37,0,0,1.2594458,0,0,96.47355,2.015113,0.2518892,0
2022-06-26 05:07:36,0,0,0.7481297,0,0,97.25686,1.745636,0.2493766,0
2022-06-26 05:07:35,0,0,0.2506266,0.2506266,0,98.24561,1.0025063,0.2506266,0
2022-06-26 05:07:34,0,0,0.2493766,0.2493766,0,98.00499,1.2468828,0.2493766,0
2022-06-26 05:07:33,0,0,0.5,0,0,98.25,1,0.25,0
2022-06-26 05:07:32,0,0,0.5,0.25,0,97.5,1.5,0.25,0
2022-06-26 05:07:31,0,0,0.7481297,0.2493766,0,96.7581,1.995012,0.2493766,0
2022-06-26 05:07:30,0,0,1.25,0.25,0,95.75,2.5,0.25,0
2022-06-26 05:07:29,0,0,0.5,0,0,97.25,2,0.25,0
2022-06-26 05:07:28,0,0,0.2506266,0,0,97.74436,1.754386,0.2506266,0
2022-06-26 05:07:27,0,0,0.5012531,0,0,97.99499,1.2531328,0.2506266,0
2022-06-26 05:07:26,0,0,0.2487562,0,0,98.75622,0.9950249,0,0
2022-06-26 05:07:25,0,0,0.9975062,0,0,96.7581,1.995012,0.2493766,0
2022-06-26 05:07:24,0,0,0.7518797,0,0,96.74185,2.255639,0.2506266,0
2022-06-26 05:07:23,0,0,0.75,0.5,0,95.25,3.25,0.25,0
2022-06-26 05:07:22,0,0,0.75,0.25,0,95.5,3.25,0.25,0
2022-06-26 05:07:21,0,0,0.2493766,0,0,98.00499,1.2468828,0.4987531,0
2022-06-26 05:07:20,0,0,0.2512563,0,0,98.24121,1.5075377,0,0
2022-06-26 05:07:19,0,0,0.5,0,0,98,1.5,0,0
2022-06-26 05:07:18,0,0,0,0.2506266,0,97.99499,1.5037594,0.2506266,0
2022-06-26 05:07:17,0,0,0.4975124,0.2487562,0,97.26368,1.741294,0.2487562,0
2022-06-26 05:07:16,0,0,0.7537688,0,0,95.22613,3.768844,0.2512563,0
2022-06-26 05:07:15,0,0,1.2437811,0.4975124,0,90.79602,7.21393,0.2487562,0
2022-06-26 05:07:14,0,0,2.01005,0.5025126,0,90.95477,6.532663,0,0
2022-06-26 05:07:13,0,0,0.9925558,0.248139,0,91.81141,6.699752,0.248139,0
2022-06-26 05:07:12,0,0,0.75,0,0,92.25,6.75,0.25,0
2022-06-26 05:07:11,0,0,0,0,0,96.49123,3.508772,0,0
2022-06-26 05:07:10,0,0,0.4987531,0,0,93.01746,5.985037,0.4987531,0
2022-06-26 05:07:09,0,0,0.2506266,0.2506266,0,92.23058,7.017544,0.2506266,0
2022-06-26 05:07:08,0,0,0.5012531,0,0,89.47368,9.273183,0.7518797,0
2022-06-26 05:07:07,0,0,0,0,0,89.72431,10.025063,0.2506266,0
2022-06-26 05:07:06,0,0,0.248139,0,0,92.05955,7.19603,0.248139,0
2022-06-26 05:07:05,0,0,0,0,0,90.95477,6.78392,0.5025126,0
2022-06-26 05:07:04,0,0,0.2493766,0,0,96.00998,3.491272,0.2493766,0
2022-06-26 05:07:03,0,0,0,0,0,96.73367,3.015075,0.2512563,0
2022-06-26 05:07:02,0,0,0.25,0,0,97.5,2,0.25,0
2022-06-26 05:07:01,0,0,0,0,0,98.75,1,0.25,0
2022-06-26 05:07:00,0,0,0.25,0,0,98.75,1,0,0
2022-06-26 05:06:59,0,0,0,0.2506266,0,98.74687,1.0025063,0,0
2022-06-26 05:06:58,0,0,0.7481297,0.2493766,0,96.25935,2.493766,0.2493766,0
2022-06-26 05:06:57,0,0,0.2506266,0,0,98.49624,1.0025063,0.2506266,0
2022-06-26 05:06:56,0,0,0.7481297,0.2493766,0,97.75561,0.9975062,0.2493766,0
2022-06-26 05:06:55,0,0,0.7481297,0,0,97.50623,1.4962594,0.2493766,0
2022-06-26 05:06:54,0,0,0,0.25,0,99,0.75,0,0
2022-06-26 05:06:53,0,0,0,0,0,98.49624,1.2531328,0.2506266,0
2022-06-26 05:06:52,0,0,0.75,0,0,97.5,1.5,0.25,0
2022-06-26 05:06:51,0,0,0.9975062,0,0,96.00998,2.992519,0,0
2022-06-26 05:06:50,0,0,0.5025126,0,0,98.74372,0.7537688,0,0
2022-06-26 05:06:49,0,0,0.7462687,0.2487562,0,96.26866,2.238806,0.4975124,0
2022-06-26 05:06:48,0,0,0.7462687,0.2487562,0,96.76617,1.99005,0.2487562,0
2022-06-26 05:06:47,0,0,0.2512563,0,0,98.24121,1.5075377,0,0
2022-06-26 05:06:46,0,0,0.2506266,0,0,97.99499,1.2531328,0.5012531,0
2022-06-26 05:06:45,0,0,0.9975062,0.2493766,0,96.00998,2.743142,0,0
2022-06-26 05:06:44,0,0,0.7462687,0,0,96.0199,2.487562,0.7462687,0
2022-06-26 05:06:43,0,0,0.5037783,0,0,97.98489,1.511335,0,0
2022-06-26 05:06:42,0,0,0.75,0.25,0,97.25,1.25,0.5,0
2022-06-26 05:06:41,0,0,0.7481297,0.2493766,0,96.7581,1.995012,0.2493766,0
2022-06-26 05:06:40,0,0,0.2506266,0.2506266,0,97.99499,1.2531328,0.2506266,0
2022-06-26 05:06:39,0,0,0.4975124,0,0,98.00995,0.9950249,0.4975124,0
2022-06-26 05:06:38,0,0,0.7518797,0,0,97.24311,2.005013,0,0
2022-06-26 05:06:37,0,0,0.5012531,0.2506266,0,96.99248,1.754386,0.5012531,0
2022-06-26 05:06:36,0,0,0.4987531,0,0,98.50374,0.9975062,0,0
2022-06-26 05:06:35,0,0,0.7518797,0,0,96.74185,2.255639,0.2506266,0
2022-06-26 05:06:34,0,0,1.2437811,0,0,95.27363,2.985075,0.4975124,0
2022-06-26 05:06:33,0,0,0.2512563,0,0,98.24121,1.2562814,0.2512563,0
2022-06-26 05:06:32,0,0,0.2487562,0.2487562,0,98.25871,1.2437811,0,0
2022-06-26 05:06:31,0,0,0.5012531,0,0,97.99499,1.2531328,0.2506266,0
2022-06-26 05:06:30,0,0,0.9950249,0,0,96.0199,2.487562,0.4975124,0
2022-06-26 05:06:29,0,0,0.7537688,0,0,96.48241,2.512563,0.2512563,0
2022-06-26 05:06:28,0,0,0.5012531,0.2506266,0,96.2406,2.506266,0.5012531,0
2022-06-26 05:06:27,0,0,1.5037594,0,0,96.2406,2.255639,0,0
2022-06-26 05:06:26,0,0,0.2487562,0,0,97.51244,1.99005,0.2487562,0
2022-06-26 05:06:25,0,0,0.2506266,0.2506266,0,98.74687,0.2506266,0.5012531,0
2022-06-26 05:06:24,0,0,0.4987531,0,0,98.25436,1.2468828,0,0
2022-06-26 05:06:23,0,0,0.7518797,0,0,97.99499,1.0025063,0.2506266,0
2022-06-26 05:06:22,0,0,1,0,0,94.25,4.75,0,0
2022-06-26 05:06:21,0,0,1.25,0,0,94.5,3.75,0.5,0
2022-06-26 05:06:20,0,0,0.75,0,0,96.5,2.5,0.25,0
2022-06-26 05:06:19,0,0,0.7481297,0.4987531,0,95.7606,2.992519,0,0
2022-06-26 05:06:18,0,0,0.2506266,0,0,98.24561,1.5037594,0,0
2022-06-26 05:06:17,0,0,0,0,0,99,0.75,0.25,0
2022-06-26 05:06:16,0,0,0,0,0,98.5,1.25,0.25,0
2022-06-26 05:06:15,0,0,0.2506266,0,0,98.74687,1.0025063,0,0
2022-06-26 05:06:14,0,0,0.4975124,0.2487562,0,95.02488,3.731343,0.4975124,0
2022-06-26 05:06:13,0,0,1.754386,0.5012531,0,92.73183,5.012531,0,0
2022-06-26 05:06:12,0,0,1.4962594,0.2493766,0,92.01995,5.985037,0.2493766,0
2022-06-26 05:06:11,0,0,1.75,0.5,0,86.25,11,0.25,0
2022-06-26 05:06:10,0,0,0.75,0.25,0,92.25,6.75,0,0
2022-06-26 05:06:09,0,0,0.5012531,0,0,94.73684,4.511278,0.2506266,0
2022-06-26 05:06:08,0,0,0,0.2493766,0,92.76808,6.733167,0.2493766,0
2022-06-26 05:06:07,0,0,0.2506266,0,0,93.48371,6.265664,0,0
2022-06-26 05:06:06,0,0,0.248139,0,0,95.03722,4.466501,0.248139,0
2022-06-26 05:06:05,0,0,0,0,0,93.19899,6.549118,0,0
2022-06-26 05:06:04,0,0,0,0.2487562,0,86.81592,10.696517,0.2487562,0
2022-06-26 05:06:03,0,0,0,0,0,84.34343,8.838384,0.2525253,0
2022-06-26 05:06:02,0,0,0.2487562,0,0,95.27363,4.228856,0.2487562,0
2022-06-26 05:06:01,0,0,0.2512563,0.2512563,0,97.73869,1.758794,0,0
2022-06-26 05:06:00,0,0,0,0,0,98.75312,0.9975062,0.2493766,0
2022-06-26 05:05:59,0,0,0.25,0,0,99,0.75,0,0
2022-06-26 05:05:58,0,0,0,0,0,98.74687,0.7518797,0.5012531,0
2022-06-26 05:05:57,0,0,0,0,0,99.49875,0.5012531,0,0
2022-06-26 05:05:56,0,0,0,0,0,98.25436,1.4962594,0.2493766,0
2022-06-26 05:05:55,0,0,0.4975124,0.2487562,0,97.51244,1.741294,0,0
2022-06-26 05:05:54,0,0,1.0050251,0.2512563,0,96.23116,2.512563,0,0
2022-06-26 05:05:53,0,0,0.5012531,0,0,97.99499,1.2531328,0.2506266,0
2022-06-26 05:05:52,0,0,0.75,0,0,97.25,1.75,0.25,0
2022-06-26 05:05:51,0,0,0,0.2493766,0,97.75561,1.995012,0,0
2022-06-26 05:05:50,0,0,0,0,0,98.75,1,0.25,0
2022-06-26 05:05:49,0,0,0.2506266,0,0,98.74687,1.0025063,0,0
2022-06-26 05:05:48,0,0,1.25,0,0,95.75,2.75,0.25,0
2022-06-26 05:05:47,0,0,1.2437811,0.2487562,0,95.77114,2.487562,0.2487562,0
2022-06-26 05:05:46,0,0,0.5025126,0,0,97.48744,2.01005,0,0
2022-06-26 05:05:45,0,0,0.7462687,0.2487562,0,97.51244,1.4925373,0,0
2022-06-26 05:05:44,0,0,0,0,0,98.99749,0.7518797,0.2506266,0
2022-06-26 05:05:43,0,0,0,0,0,99.25,0.5,0.25,0
2022-06-26 05:05:42,0,0,0.4987531,0,0,97.25686,1.995012,0.2493766,0
2022-06-26 05:05:41,0,0,1.2468828,0.2493766,0,95.7606,2.493766,0.2493766,0
2022-06-26 05:05:40,0,0,1.0075567,0,0,96.97733,2.015113,0,0
2022-06-26 05:05:39,0,0,0.7462687,0.2487562,0,97.01493,1.4925373,0.4975124,0
2022-06-26 05:05:38,0,0,0.5025126,0,0,97.48744,1.758794,0.2512563,0
2022-06-26 05:05:37,0,0,0.25,0,0,99.25,0.5,0,0
2022-06-26 05:05:36,0,0,0,0,0,99.25,0.5,0.25,0
2022-06-26 05:05:35,0,0,0.4987531,0.4987531,0,97.25686,1.4962594,0.2493766,0
2022-06-26 05:05:34,0,0,1.5,0.5,0,94,4,0,0
2022-06-26 05:05:33,0,0,0.5012531,0,0,97.99499,1.2531328,0.2506266,0
2022-06-26 05:05:32,0,0,0.75,0,0,97,2.25,0,0
2022-06-26 05:05:31,0,0,0.5012531,0,0,97.24311,2.005013,0.2506266,0
2022-06-26 05:05:30,0,0,0.2493766,0,0,98.50374,0.9975062,0.2493766,0
2022-06-26 05:05:29,0,0,0,0,0,99,1,0,0
2022-06-26 05:05:28,0,0,0.5,0.25,0,97.5,1.25,0.5,0
2022-06-26 05:05:27,0,0,1.4962594,0.2493766,0,94.76309,3.241895,0.2493766,0
2022-06-26 05:05:26,0,0,1.0025063,0.2506266,0,95.48872,3.007519,0.2506266,0
2022-06-26 05:05:25,0,0,1.2468828,0.4987531,0,93.26683,4.488778,0.4987531,0
2022-06-26 05:05:24,0,0,0.5012531,0,0,97.49373,2.005013,0,0
2022-06-26 05:05:23,0,0,0.5,0,0,97.75,1.25,0.5,0
2022-06-26 05:05:22,0,0,0,0.25,0,98.5,1.25,0,0
2022-06-26 05:05:21,0,0,0.2487562,0,0,98.50746,0.9950249,0.2487562,0
2022-06-26 05:05:20,0,0,0.75,0.25,0,95.25,3.75,0,0
2022-06-26 05:05:19,0,0,1.2562814,0,0,94.22111,4.522613,0,0
2022-06-26 05:05:18,0,0,0.9975062,0.2493766,0,96.25935,1.995012,0.4987531,0
2022-06-26 05:05:17,0,0,0.5,0.25,0,96.5,2.5,0.25,0
2022-06-26 05:05:16,0,0,0.7518797,0,0,96.99248,2.255639,0,0
2022-06-26 05:05:15,0,0,0.2487562,0.2487562,0,98.25871,0.9950249,0.2487562,0
2022-06-26 05:05:14,0,0,0,0,0,98.74372,0.7537688,0.2512563,0
2022-06-26 05:05:13,0,0,0,0.2493766,0,98.50374,0.7481297,0.4987531,0
2022-06-26 05:05:12,0,0,0.4975124,0.2487562,0,97.51244,1.4925373,0.2487562,0
2022-06-26 05:05:11,0,0,1.2531328,0.2506266,0,94.73684,3.759398,0,0
2022-06-26 05:05:10,0,0,1.754386,0.2506266,0,90.72682,7.017544,0.2506266,0
2022-06-26 05:05:09,0,0,2,0.25,0,90.5,7,0.25,0
2022-06-26 05:05:08,0,0,0.7462687,0,0,89.55224,9.452736,0.2487562,0
2022-06-26 05:05:07,0,0,0.7537688,0.5025126,0,92.71357,5.778894,0.2512563,0
2022-06-26 05:05:06,0,0,0.4987531,0,0,95.26185,4.239401,0,0
2022-06-26 05:05:05,0,0,0.2512563,0,0,92.96482,6.532663,0.2512563,0
2022-06-26 05:05:04,0,0,0.2493766,0.2493766,0,93.76559,5.735661,0,0
2022-06-26 05:05:03,0,0,0,0,0,94.01496,5.486284,0.4987531,0
2022-06-26 05:05:02,0,0,0,0,0,90.47619,9.022556,0.2506266,0
2022-06-26 05:05:01,0,0,0.5037783,0.2518892,0,83.6272,10.831234,0.5037783,0
2022-06-26 05:05:00,0,0,0,0.2512563,0,93.21608,6.030151,0.2512563,0
2022-06-26 05:04:59,0,0,0,0,0,97.75561,1.995012,0.2493766,0
2022-06-26 05:04:58,0,0,0.2506266,0.2506266,0,97.24311,2.005013,0.2506266,0
2022-06-26 05:04:57,0,0,0,0,0,98.5,1.25,0.25,0
2022-06-26 05:04:56,0,0,0.25,0,0,99.25,0.25,0.25,0
2022-06-26 05:04:55,0,0,0,0,0,98.75312,0.7481297,0.2493766,0
2022-06-26 05:04:54,0,0,0,0.25,0,98.75,1,0,0
2022-06-26 05:04:53,0,0,0.2506266,0,0,98.74687,0.7518797,0.2506266,0
2022-06-26 05:04:52,0,0,1.25,0.25,0,96.5,2,0,0
2022-06-26 05:04:51,0,0,0.7481297,0,0,97.50623,1.4962594,0.2493766,0
2022-06-26 05:04:50,0,0,0.25,0.25,0,98.25,1.25,0,0
2022-06-26 05:04:49,0,0,0.2487562,0,0,98.50746,0.9950249,0.2487562,0
2022-06-26 05:04:48,0,0,0.5025126,0.2512563,0,97.73869,1.5075377,0,0
2022-06-26 05:04:47,0,0,0,0,0,98.75622,0.9950249,0.2487562,0
2022-06-26 05:04:46,0,0,1.0025063,0,0,95.73935,3.007519,0.2506266,0
2022-06-26 05:04:45,0,0,1.2531328,0.2506266,0,95.48872,2.756892,0.2506266,0
2022-06-26 05:04:44,0,0,1.0025063,0.2506266,0,96.74185,2.005013,0,0
2022-06-26 05:04:43,0,0,0.2493766,0.2493766,0,97.25686,1.745636,0.4987531,0
2022-06-26 05:04:42,0,0,0.5,0,0,98,1.5,0,0
2022-06-26 05:04:41,0,0,0,0,0,99.24812,0.5012531,0.2506266,0
2022-06-26 05:04:40,0,0,0.4975124,0,0,97.76119,1.741294,0,0
2022-06-26 05:04:39,0,0,0.9975062,0,0,96.50873,2.244389,0.2493766,0
2022-06-26 05:04:38,0,0,1.2594458,0.2518892,0,95.21411,3.274559,0,0
2022-06-26 05:04:37,0,0,0.75,0.25,0,96.75,2,0.25,0
2022-06-26 05:04:36,0,0,0.2493766,0,0,98.50374,0.9975062,0.2493766,0
2022-06-26 05:04:35,0,0,0.5,0,0,98.5,1,0,0
2022-06-26 05:04:34,0,0,0.2506266,0,0,98.74687,1.0025063,0,0
2022-06-26 05:04:33,0,0,0.2506266,0,0,98.74687,0.5012531,0.5012531,0
2022-06-26 05:04:32,0,0,1.2406948,0.248139,0,95.5335,2.977667,0,0
2022-06-26 05:04:31,0,0,1.2531328,0.2506266,0,96.2406,2.005013,0.2506266,0
2022-06-26 05:04:30,0,0,0.5025126,0,0,96.73367,2.763819,0,0
2022-06-26 05:04:29,0,0,0.2493766,0,0,99.25187,0.2493766,0.2493766,0
2022-06-26 05:04:28,0,0,0.25,0,0,98,1.5,0.25,0
2022-06-26 05:04:27,0,0,0.4975124,0,0,98.00995,1.2437811,0.2487562,0
2022-06-26 05:04:26,0,0,0.2512563,0.2512563,0,97.98995,1.2562814,0.2512563,0
2022-06-26 05:04:25,0,0,1.4962594,0,0,95.7606,2.493766,0.2493766,0
2022-06-26 05:04:24,0,0,1.2437811,0.4975124,0,95.27363,2.487562,0.4975124,0
2022-06-26 05:04:23,0,0,0.7556675,0,0,96.47355,2.770781,0,0
2022-06-26 05:04:22,0,0,0,0,0,99.49875,0.5012531,0,0
2022-06-26 05:04:21,0,0,0.2493766,0,0,98.50374,0.9975062,0.2493766,0
2022-06-26 05:04:20,0,0,0.5,0.5,0,97.5,1.5,0,0
2022-06-26 05:04:19,0,0,0.4987531,0,0,97.25686,1.745636,0.4987531,0
2022-06-26 05:04:18,0,0,0.9975062,0.2493766,0,94.76309,3.740648,0.2493766,0
2022-06-26 05:04:17,0,0,0.7537688,0.2512563,0,96.73367,2.261307,0,0
2022-06-26 05:04:16,0,0,0.2487562,0.2487562,0,97.26368,1.4925373,0.7462687,0
2022-06-26 05:04:15,0,0,0.9975062,0,0,96.25935,1.995012,0.4987531,0
2022-06-26 05:04:14,0,0,0,0,0,98.99244,1.0075567,0,0
2022-06-26 05:04:13,0,0,0.25,0.25,0,97.5,1.75,0.25,0
2022-06-26 05:04:12,0,0,0.5,0,0,98.5,0.75,0.25,0
2022-06-26 05:04:11,0,0,0,0,0,97.25,2.5,0.25,0
2022-06-26 05:04:10,0,0,0.9975062,0.2493766,0,96.00998,2.743142,0,0
2022-06-26 05:04:09,0,0,1.25,0.25,0,94.25,4,0.25,0
2022-06-26 05:04:08,0,0,1.2437811,0.4975124,0,91.79104,6.218905,0.2487562,0
2022-06-26 05:04:07,0,0,1.5037594,0.2506266,0,88.97243,9.022556,0.2506266,0
2022-06-26 05:04:06,0,0,0.7518797,0.2506266,0,93.23308,5.513784,0.2506266,0
2022-06-26 05:04:05,0,0,0.7481297,0,0,92.26933,6.483791,0.4987531,0
2022-06-26 05:04:04,0,0,0.5025126,0,0,93.96985,5.527638,0,0
2022-06-26 05:04:03,0,0,0.4987531,0.2493766,0,92.26933,6.733167,0.2493766,0
2022-06-26 05:04:02,0,0,0.5,0,0,93.75,5.5,0.25,0
2022-06-26 05:04:01,0,0,0.2493766,0.2493766,0,90.52369,8.478803,0.4987531,0
2022-06-26 05:04:00,0,0,0.2493766,0,0,89.77556,9.476309,0.2493766,0
2022-06-26 05:03:59,0,0,0,0.2518892,0,93.19899,6.04534,0.5037783,0
2022-06-26 05:03:58,0,0,0.25,0,0,92.5,7,0.25,0
2022-06-26 05:03:57,0,0,0.2493766,0.2493766,0,95.26185,3.990025,0.2493766,0
2022-06-26 05:03:56,0,0,0,0,0,98.49246,1.5075377,0,0
2022-06-26 05:03:55,0,0,0.25,0.25,0,96.5,2.75,0.25,0
2022-06-26 05:03:54,0,0,0.2487562,0,0,98.50746,0.9950249,0.2487562,0
2022-06-26 05:03:53,0,0,0,0,0,99.74937,0.2506266,0,0
2022-06-26 05:03:52,0,0,0,0,0,98.5,1.25,0.25,0
2022-06-26 05:03:51,0,0,0.25,0,0,97.75,1.75,0.25,0
2022-06-26 05:03:50,0,0,1.0025063,0,0,95.98997,2.506266,0.5012531,0
2022-06-26 05:03:49,0,0,0.4987531,0,0,97.00748,2.244389,0.2493766,0
2022-06-26 05:03:48,0,0,0.75,0,0,98,1,0.25,0
2022-06-26 05:03:47,0,0,0,0.25,0,98.75,0.75,0.25,0
2022-06-26 05:03:46,0,0,0.2493766,0,0,97.75561,1.745636,0.2493766,0
2022-06-26 05:03:45,0,0,0.2512563,0,0,97.48744,2.01005,0.2512563,0
2022-06-26 05:03:44,0,0,0.7481297,0.2493766,0,96.7581,1.745636,0.4987531,0
2022-06-26 05:03:43,0,0,1.2437811,0,0,96.0199,2.487562,0.2487562,0
2022-06-26 05:03:42,0,0,0.7518797,0,0,96.74185,2.506266,0,0
2022-06-26 05:03:41,0,0,0.5012531,0,0,98.49624,1.0025063,0,0
2022-06-26 05:03:40,0,0,0.2487562,0.2487562,0,98.50746,0.4975124,0.4975124,0
2022-06-26 05:03:39,0,0,0.2518892,0,0,96.97733,2.518892,0,0
2022-06-26 05:03:38,0,0,0.2493766,0,0,98.50374,0.9975062,0.2493766,0
2022-06-26 05:03:37,0,0,0.5,0.25,0,97.75,1.5,0,0
2022-06-26 05:03:36,0,0,1.5,0.5,0,94.25,3.5,0.25,0
2022-06-26 05:03:35,0,0,1.0025063,0,0,96.2406,2.506266,0.2506266,0
2022-06-26 05:03:34,0,0,0.4975124,0.2487562,0,98.50746,0.4975124,0.2487562,0
2022-06-26 05:03:33,0,0,0.5012531,0,0,96.74185,2.506266,0.2506266,0
2022-06-26 05:03:32,0,0,0.2493766,0.2493766,0,99.00249,0.4987531,0,0
2022-06-26 05:03:31,0,0,0,0,0,99.25373,0.4975124,0.2487562,0
2022-06-26 05:03:30,0,0,0.7537688,0,0,96.98492,2.01005,0.2512563,0
2022-06-26 05:03:29,0,0,1.5037594,0,0,95.2381,3.007519,0.2506266,0
2022-06-26 05:03:28,0,0,0.75,0,0,97,2,0.25,0
2022-06-26 05:03:27,0,0,0.75,0.25,0,96.25,2.75,0,0
2022-06-26 05:03:26,0,0,0.5,0,0,98,1.25,0.25,0
2022-06-26 05:03:25,0,0,0.5012531,0,0,98.99749,0.5012531,0,0
2022-06-26 05:03:24,0,0,0.2487562,0.2487562,0,97.26368,1.99005,0.2487562,0
2022-06-26 05:03:23,0,0,0.5012531,0,0,97.99499,1.2531328,0.2506266,0
2022-06-26 05:03:22,0,0,1.2437811,0.2487562,0,94.77612,3.233831,0.4975124,0
2022-06-26 05:03:21,0,0,1.0075567,0,0,94.96222,4.030227,0,0
2022-06-26 05:03:20,0,0,0.75,0,0,97.5,1.5,0.25,0
2022-06-26 05:03:19,0,0,0.2487562,0.2487562,0,96.76617,2.487562,0.2487562,0
2022-06-26 05:03:18,0,0,0.5,0,0,97.75,1.5,0.25,0
2022-06-26 05:03:17,0,0,0,0,0,99.24623,0.7537688,0,0
2022-06-26 05:03:16,0,0,0,0,0,98.75312,0.9975062,0.2493766,0
2022-06-26 05:03:15,0,0,0.7462687,0.4975124,0,95.52239,2.985075,0.2487562,0
2022-06-26 05:03:14,0,0,1.2562814,0.2512563,0,93.46734,5.025126,0,0
2022-06-26 05:03:13,0,0,1.2531328,0,0,93.98496,4.260652,0.5012531,0
2022-06-26 05:03:12,0,0,0.4975124,0,0,97.51244,1.741294,0.2487562,0
2022-06-26 05:03:11,0,0,0.5012531,0.2506266,0,96.49123,2.756892,0,0
2022-06-26 05:03:10,0,0,0,0,0,98.25,1,0.75,0
2022-06-26 05:03:09,0,0,0.25,0,0,98.75,0.75,0.25,0
2022-06-26 05:03:08,0,0,0,0,0,99.00498,0.7462687,0.2487562,0
2022-06-26 05:03:07,0,0,0.5025126,0,0,98.24121,1.2562814,0,0
2022-06-26 05:03:06,0,0,0.9975062,0,0,93.01746,5.486284,0.4987531,0
2022-06-26 05:03:05,0,0,2.25,0.25,0,91.5,6,0,0
2022-06-26 05:03:04,0,0,1.25,0.25,0,93.75,4.5,0.25,0
2022-06-26 05:03:03,0,0,1.2468828,0.2493766,0,84.78803,13.466334,0.2493766,0
2022-06-26 05:03:02,0,0,0.2518892,0,0,94.45844,5.289673,0,0
2022-06-26 05:03:01,0,0,0.2493766,0,0,95.01247,4.488778,0.2493766,0
2022-06-26 05:03:00,0,0,0.25,0,0,94,5.75,0,0
2022-06-26 05:02:59,0,0,0.2506266,0,0,93.98496,5.513784,0.2506266,0
2022-06-26 05:02:58,0,0,0,0,0,94.02985,5.223881,0.7462687,0
2022-06-26 05:02:57,0,0,0,0,0,91.25,8.25,0.25,0
2022-06-26 05:02:56,0,0,0.2506266,0.2506266,0,71.6792,10.776942,0.5012531,0
2022-06-26 05:02:55,0,0,0,0.2493766,0,93.76559,5.486284,0.2493766,0
2022-06-26 05:02:54,0,0,0.2506266,0,0,97.49373,2.005013,0.2506266,0
2022-06-26 05:02:53,0,0,0.2506266,0,0,98.49624,1.2531328,0,0
2022-06-26 05:02:52,0,0,0,0,0,98.75,1,0.25,0
2022-06-26 05:02:51,0,0,0.25,0.25,0,98,1.25,0.25,0
2022-06-26 05:02:50,0,0,0,0,0,99.25187,0.4987531,0.2493766,0
2022-06-26 05:02:49,0,0,0.2487562,0,0,98.25871,1.2437811,0.2487562,0
2022-06-26 05:02:48,0,0,0,0,0,98.99497,1.0050251,0,0
2022-06-26 05:02:47,0,0,0.75,0.25,0,96.75,2,0.25,0
2022-06-26 05:02:46,0,0,1.5037594,0,0,94.73684,3.508772,0.2506266,0
2022-06-26 05:02:45,0,0,0.25,0.25,0,98,1.25,0.25,0
2022-06-26 05:02:44,0,0,0.4987531,0,0,98.75312,0.4987531,0.2493766,0
2022-06-26 05:02:43,0,0,0,0.25,0,98.75,1,0,0
2022-06-26 05:02:42,0,0,0,0,0,99.25,0.75,0,0
2022-06-26 05:02:41,0,0,0.5025126,0,0,97.98995,1.5075377,0,0
2022-06-26 05:02:40,0,0,1.2406948,0.4962779,0,94.54094,3.473945,0.248139,0
2022-06-26 05:02:39,0,0,1.2562814,0.2512563,0,95.22613,3.015075,0.2512563,0
2022-06-26 05:02:38,0,0,0.5012531,0.2506266,0,97.49373,1.5037594,0.2506266,0
2022-06-26 05:02:37,0,0,0.5,0,0,98.5,0.75,0.25,0
2022-06-26 05:02:36,0,0,0,0,0,97.25686,2.493766,0.2493766,0
2022-06-26 05:02:35,0,0,0,0,0,99.49875,0.5012531,0,0
2022-06-26 05:02:34,0,0,0.4987531,0.2493766,0,97.25686,1.745636,0.2493766,0
2022-06-26 05:02:33,0,0,1.5,0,0,94.25,3.75,0.5,0
2022-06-26 05:02:32,0,0,1.25,0.5,0,95.75,2.5,0,0
2022-06-26 05:02:31,0,0,0.75,0,0,98,1,0.25,0
2022-06-26 05:02:30,0,0,0.2506266,0,0,98.24561,1.5037594,0,0
2022-06-26 05:02:29,0,0,0,0.25,0,98.5,0.75,0.5,0
2022-06-26 05:02:28,0,0,0.25,0,0,98.75,1,0,0
2022-06-26 05:02:27,0,0,0.7481297,0,0,95.26185,3.491272,0.4987531,0
2022-06-26 05:02:26,0,0,1.25,0.25,0,95.5,3,0,0
2022-06-26 05:02:25,0,0,1.2531328,0,0,96.74185,1.754386,0.2506266,0
2022-06-26 05:02:24,0,0,0.75,0.25,0,96.25,2.75,0,0
2022-06-26 05:02:23,0,0,0.4987531,0,0,98.00499,1.2468828,0.2493766,0
2022-06-26 05:02:22,0,0,0.25,0,0,99.25,0.25,0.25,0
2022-06-26 05:02:21,0,0,0.2506266,0.2506266,0,98.24561,1.0025063,0.2506266,0
2022-06-26 05:02:20,0,0,0.4975124,0.2487562,0,97.51244,1.4925373,0.2487562,0
2022-06-26 05:02:19,0,0,1.0050251,0,0,95.47739,3.015075,0.5025126,0
2022-06-26 05:02:18,0,0,1,0.25,0,95,3.5,0.25,0
2022-06-26 05:02:17,0,0,0.9975062,0.4987531,0,96.00998,2.244389,0.2493766,0
2022-06-26 05:02:16,0,0,0.5012531,0,0,97.74436,1.5037594,0.2506266,0
2022-06-26 05:02:15,0,0,0,0,0,98.75622,0.9950249,0.2487562,0
2022-06-26 05:02:14,0,0,0.2493766,0,0,98.75312,0.9975062,0,0
2022-06-26 05:02:13,0,0,0.2518892,0,0,98.23678,1.2594458,0.2518892,0
2022-06-26 05:02:12,0,0,0.75,0,0,95.25,4,0,0
2022-06-26 05:02:11,0,0,0.7462687,0.4975124,0,94.27861,4.228856,0.2487562,0
2022-06-26 05:02:10,0,0,1.2562814,0.2512563,0,95.9799,2.261307,0.2512563,0
2022-06-26 05:02:09,0,0,0.7481297,0.2493766,0,97.00748,1.995012,0,0
2022-06-26 05:02:08,0,0,0.25,0,0,97.75,1.75,0.25,0
2022-06-26 05:02:07,0,0,0,0,0,99.24812,0.5012531,0.2506266,0
2022-06-26 05:02:06,0,0,0.2487562,0,0,98.25871,1.2437811,0.2487562,0
2022-06-26 05:02:05,0,0,0.5025126,0,0,97.48744,2.01005,0,0
2022-06-26 05:02:04,0,0,0.75,0,0,97.25,2,0,0
2022-06-26 05:02:03,0,0,0.7481297,0.2493766,0,93.01746,5.486284,0.4987531,0
2022-06-26 05:02:02,0,0,1,0,0,94.75,4.25,0,0
2022-06-26 05:02:01,0,0,1.25,0.25,0,95.25,3,0.25,0
2022-06-26 05:02:00,0,0,1.75,0.5,0,85.25,12.25,0.25,0
2022-06-26 05:01:59,0,0,0.7481297,0.4987531,0,92.76808,5.735661,0.2493766,0
2022-06-26 05:01:58,0,0,0.5,0,0,92,7.25,0.25,0
2022-06-26 05:01:57,0,0,0.2506266,0,0,89.47368,10.025063,0.2506266,0
2022-06-26 05:01:56,0,0,0,0,0,93.70277,6.297229,0,0
2022-06-26 05:01:55,0,0,0,0,0,94.02985,5.721393,0.2487562,0
2022-06-26 05:01:54,0,0,0.2512563,0,0,91.9598,7.286432,0.2512563,0
2022-06-26 05:01:53,0,0,0,0,0,92.76808,6.733167,0.2493766,0
2022-06-26 05:01:52,0,0,0,0,0,94.19192,5.555556,0,0
2022-06-26 05:01:51,0,0,0.2493766,0.2493766,0,95.7606,3.241895,0.4987531,0
2022-06-26 05:01:50,0,0,0,0,0,98.75,1.25,0,0
2022-06-26 05:01:49,0,0,0,0,0,99,0.75,0.25,0
2022-06-26 05:01:48,0,0,0.25,0,0,98.75,0.75,0.25,0
2022-06-26 05:01:47,0,0,0.2487562,0.2487562,0,98.25871,0.9950249,0.2487562,0
2022-06-26 05:01:46,0,0,0.5025126,0.2512563,0,97.48744,1.5075377,0.2512563,0
2022-06-26 05:01:45,0,0,0.25,0,0,98.5,1.25,0,0
2022-06-26 05:01:44,0,0,0.7462687,0.2487562,0,96.51741,2.238806,0.2487562,0
2022-06-26 05:01:43,0,0,0.5025126,0,0,96.98492,2.01005,0.5025126,0
2022-06-26 05:01:42,0,0,0.25,0,0,98.5,1,0.25,0
2022-06-26 05:01:41,0,0,1,0,0,96.75,2.25,0,0
2022-06-26 05:01:40,0,0,0.5012531,0,0,97.74436,1.754386,0,0
2022-06-26 05:01:39,0,0,0.4987531,0.2493766,0,98.00499,0.9975062,0.2493766,0
2022-06-26 05:01:38,0,0,0.2493766,0.2493766,0,98.25436,0.9975062,0.2493766,0
2022-06-26 05:01:37,0,0,0.75,0,0,96,3,0.25,0
2022-06-26 05:01:36,0,0,0.9975062,0.2493766,0,96.50873,1.995012,0.2493766,0
2022-06-26 05:01:35,0,0,0.7537688,0.5025126,0,96.48241,2.261307,0,0
2022-06-26 05:01:34,0,0,0.5,0,0,97.75,1.5,0.25,0
2022-06-26 05:01:33,0,0,0.25,0,0,98.5,0.75,0.5,0
2022-06-26 05:01:32,0,0,0.5,0,0,97.75,1.75,0,0
2022-06-26 05:01:31,0,0,0.2493766,0,0,98.25436,0.9975062,0.4987531,0
2022-06-26 05:01:30,0,0,0.9975062,0.2493766,0,96.50873,1.995012,0.2493766,0
2022-06-26 05:01:29,0,0,1.0050251,0.2512563,0,96.73367,1.758794,0.2512563,0
2022-06-26 05:01:28,0,0,0.5,0,0,96.25,2.75,0.5,0
2022-06-26 05:01:27,0,0,0.7462687,0,0,96.76617,2.238806,0.2487562,0
2022-06-26 05:01:26,0,0,0.2512563,0,0,98.49246,1.0050251,0.2512563,0
2022-06-26 05:01:25,0,0,0.5012531,0,0,98.24561,1.2531328,0,0
2022-06-26 05:01:24,0,0,0.7444169,0,0,96.52605,2.233251,0.4962779,0
2022-06-26 05:01:23,0,0,1.0050251,0.2512563,0,95.9799,2.512563,0.2512563,0
2022-06-26 05:01:22,0,0,0.75,0.5,0,96.5,1.75,0.5,0
2022-06-26 05:01:21,0,0,0.75,0,0,96.75,2.25,0.25,0
2022-06-26 05:01:20,0,0,0.4987531,0,0,98.50374,0.7481297,0.2493766,0
2022-06-26 05:01:19,0,0,0.25,0,0,98.25,1,0.5,0
2022-06-26 05:01:18,0,0,0.5025126,0,0,97.98995,1.2562814,0.2512563,0
2022-06-26 05:01:17,0,0,0.7481297,0.4987531,0,95.7606,2.743142,0.2493766,0
2022-06-26 05:01:16,0,0,0.9975062,0.2493766,0,95.7606,2.743142,0.2493766,0
2022-06-26 05:01:15,0,0,0.75,0.25,0,95.75,3.25,0,0
2022-06-26 05:01:14,0,0,0.4987531,0,0,98.25436,0.9975062,0.2493766,0
2022-06-26 05:01:13,0,0,0.5,0,0,97.75,1.25,0.5,0
2022-06-26 05:01:12,0,0,0.5025126,0,0,98.74372,0.7537688,0,0
2022-06-26 05:01:11,0,0,0.2493766,0.2493766,0,97.75561,1.4962594,0,0
2022-06-26 05:01:10,0,0,0.75,0,0,96.75,2.25,0.25,0
2022-06-26 05:01:09,0,0,1.0075567,0.2518892,0,94.71033,3.778338,0.2518892,0
2022-06-26 05:01:08,0,0,0.4975124,0.2487562,0,96.76617,2.238806,0.2487562,0
2022-06-26 05:01:07,0,0,0.7462687,0,0,97.01493,1.99005,0.2487562,0
2022-06-26 05:01:06,0,0,0.5012531,0.2506266,0,97.24311,2.005013,0,0
2022-06-26 05:01:05,0,0,0.25,0,0,97.75,1.75,0.25,0
2022-06-26 05:01:04,0,0,0.25,0.25,0,97.75,1.5,0.25,0
2022-06-26 05:01:03,0,0,0.2506266,0,0,97.99499,1.5037594,0.2506266,0
2022-06-26 05:01:02,0,0,0.5,0.5,0,95.5,3.5,0,0
2022-06-26 05:01:01,0,0,0.9975062,0.2493766,0,95.01247,3.491272,0.2493766,0
2022-06-26 05:01:00,0,0,1.25,0,0,92.25,6,0.5,0
2022-06-26 05:00:59,0,0,1.2468828,0.2493766,0,90.77307,7.481297,0.2493766,0
2022-06-26 05:00:58,0,0,1.0025063,0.2506266,0,92.23058,6.265664,0.2506266,0
2022-06-26 05:00:57,0,0,0.5012531,0.2506266,0,94.48622,4.511278,0.2506266,0
2022-06-26 05:00:56,0,0,0.2487562,0,0,91.04478,7.960199,0.4975124,0
2022-06-26 05:00:55,0,0,0.2506266,0,0,95.2381,4.260652,0.2506266,0
2022-06-26 05:00:54,0,0,0.4987531,0,0,93.76559,5.486284,0.2493766,0
2022-06-26 05:00:53,0,0,0.5025126,0,0,92.71357,6.030151,0.5025126,0
2022-06-26 05:00:52,0,0,0.5,0.25,0,88.25,10.25,0,0
2022-06-26 05:00:51,0,0,0,0,0,85.96491,8.270677,0.7518797,0
2022-06-26 05:00:50,0,0,0.25,0.25,0,93.5,5.5,0,0
2022-06-26 05:00:49,0,0,0,0,0,96.75,3,0.25,0
2022-06-26 05:00:48,0,0,0,0,0,98,1.75,0.25,0
2022-06-26 05:00:47,0,0,0.2487562,0,0,97.26368,2.487562,0,0
2022-06-26 05:00:46,0,0,0,0,0,98.49624,1.2531328,0.2506266,0
2022-06-26 05:00:45,0,0,0,0,0,99.25187,0.4987531,0.2493766,0
2022-06-26 05:00:44,0,0,0,0,0,99.24623,0.7537688,0,0
2022-06-26 05:00:43,0,0,0,0,0,97.75561,1.995012,0.2493766,0
2022-06-26 05:00:42,0,0,0.75,0.25,0,97.25,1.75,0,0
2022-06-26 05:00:41,0,0,1.0025063,0,0,95.73935,3.007519,0.2506266,0
2022-06-26 05:00:40,0,0,1.0025063,0.5012531,0,95.73935,2.506266,0.2506266,0
2022-06-26 05:00:39,0,0,0.2493766,0,0,98.75312,0.4987531,0.4987531,0
2022-06-26 05:00:38,0,0,0.25,0,0,98.75,1,0,0
2022-06-26 05:00:37,0,0,0.2493766,0.2493766,0,97.75561,1.2468828,0.4987531,0
2022-06-26 05:00:36,0,0,0.2506266,0,0,98.99749,0.2506266,0.5012531,0
2022-06-26 05:00:35,0,0,1.25,0,0,95.25,3.5,0,0
2022-06-26 05:00:34,0,0,0.7481297,0,0,96.25935,2.493766,0.4987531,0
2022-06-26 05:00:33,0,0,1.0025063,0.2506266,0,96.74185,2.005013,0,0
2022-06-26 05:00:32,0,0,0.5012531,0,0,98.49624,0.7518797,0.2506266,0
2022-06-26 05:00:31,0,0,0.2493766,0.2493766,0,97.75561,1.4962594,0.2493766,0
2022-06-26 05:00:30,0,0,0.2506266,0.2506266,0,99.24812,0.2506266,0,0
2022-06-26 05:00:29,0,0,0.2493766,0,0,98.50374,1.2468828,0,0
2022-06-26 05:00:28,0,0,1,0.75,0,95.25,2.5,0.5,0
2022-06-26 05:00:27,0,0,1.25,0.25,0,96.25,2.25,0,0
2022-06-26 05:00:26,0,0,0.9950249,0.4975124,0,96.0199,2.487562,0,0
2022-06-26 05:00:25,0,0,0.7518797,0,0,96.99248,1.754386,0.2506266,0.2506266
2022-06-26 05:00:24,0,0,0.5012531,0.2506266,0,98.49624,0.5012531,0.2506266,0
2022-06-26 05:00:23,0,0,0,0.2487562,0,98.25871,0.9950249,0.4975124,0
2022-06-26 05:00:22,0,0,0.5,0,0,97,2.25,0.25,0
2022-06-26 05:00:21,0,0,1,0,0,97.25,1.75,0,0
2022-06-26 05:00:20,0,0,1.5037594,0.2506266,0,95.48872,2.506266,0.2506266,0
2022-06-26 05:00:19,0,0,0.7518797,0.2506266,0,96.74185,2.005013,0.2506266,0
2022-06-26 05:00:18,0,0,0,0,0,99.00249,0.4987531,0.4987531,0
2022-06-26 05:00:17,0,0,0.4987531,0,0,97.50623,1.4962594,0.4987531,0
2022-06-26 05:00:16,0,0,0.2506266,0,0,98.99749,0.7518797,0,0
2022-06-26 05:00:15,0,0,0.5012531,0,0,97.99499,1.5037594,0,0
2022-06-26 05:00:14,0,0,1,0.5,0,95,3,0.5,0
2022-06-26 05:00:13,0,0,1,0.25,0,96.5,2,0.25,0
2022-06-26 05:00:12,0,0,0.75,0,0,95.75,3.25,0.25,0
2022-06-26 05:00:11,0,0,0.2506266,0,0,97.74436,2.005013,0,0
2022-06-26 05:00:10,0,0,0.4975124,0.2487562,0,97.26368,1.4925373,0.2487562,0
2022-06-26 05:00:09,0,0,0,0,0,98.99749,0.7518797,0.2506266,0
2022-06-26 05:00:08,0,0,0.25,0,0,98,1.75,0,0
2022-06-26 05:00:07,0,0,0.5,0,0,97.5,1.75,0.25,0
2022-06-26 05:00:06,0,0,1.2437811,0.2487562,0,94.52736,3.731343,0.2487562,0
2022-06-26 05:00:05,0,0,0.7537688,0,0,96.23116,3.015075,0,0
2022-06-26 05:00:04,0,0,0.7518797,0,0,97.74436,1.2531328,0.2506266,0
2022-06-26 05:00:03,0,0,0.5,0.25,0,96.75,2.25,0.25,0
2022-06-26 05:00:02,0,0,0.4962779,0,0,98.26303,0.9925558,0.248139,0
2022-06-26 05:00:01,0,0,0,0,0,98.99749,0.7518797,0.2506266,0
2022-06-26 05:00:00,0,0,0.2512563,0,0,97.48744,2.261307,0,0
2022-06-26 04:59:59,0,0,0.7462687,0,0,96.0199,2.985075,0.2487562,0
2022-06-26 04:59:58,0,0,1,0.25,0,95,3.5,0.25,0
2022-06-26 04:59:57,0,0,1.2531328,0,0,93.73434,4.761905,0.2506266,0
2022-06-26 04:59:56,0,0,1.5,0.25,0,91.5,6.5,0.25,0
2022-06-26 04:59:55,0,0,1,0.25,0,91.5,7.25,0,0
2022-06-26 04:59:54,0,0,1.0025063,0.2506266,0,90.97744,7.769424,0,0
2022-06-26 04:59:53,0,0,0.7481297,0,0,91.77057,7.23192,0.2493766,0
2022-06-26 04:59:52,0,0,0,0,0,94.47236,5.276382,0.2512563,0
2022-06-26 04:59:51,0,0,0,0,0,93.78109,5.721393,0.4975124,0
2022-06-26 04:59:50,0,0,0.2512563,0,0,91.70854,7.788945,0.2512563,0
2022-06-26 04:59:49,0,0,0,0.2493766,0,91.77057,7.481297,0,0
2022-06-26 04:59:48,0,0,0,0,0,90.70352,8.79397,0.2512563,0
2022-06-26 04:59:47,0,0,0.2493766,0,0,90.02494,6.733167,0.2493766,0
2022-06-26 04:59:46,0,0,0,0,0,96.98492,2.763819,0,0
2022-06-26 04:59:45,0,0,0,0,0,99.25,0.5,0.25,0
2022-06-26 04:59:44,0,0,0,0,0,98.50374,1.2468828,0.2493766,0
2022-06-26 04:59:43,0,0,0.25,0,0,98.25,1.25,0.25,0
2022-06-26 04:59:42,0,0,0,0,0,99,1,0,0
2022-06-26 04:59:41,0,0,0,0,0,98.74687,1.2531328,0,0
2022-06-26 04:59:40,0,0,0.4975124,0.2487562,0,97.51244,1.4925373,0.2487562,0
2022-06-26 04:59:39,0,0,0.4987531,0,0,97.50623,1.745636,0.2493766,0
2022-06-26 04:59:38,0,0,1.0025063,0.2506266,0,95.48872,3.007519,0.2506266,0
2022-06-26 04:59:37,0,0,0.25,0,0,97.25,2.25,0.25,0
2022-06-26 04:59:36,0,0,0.5025126,0,0,98.24121,1.2562814,0,0
2022-06-26 04:59:35,0,0,0,0.248139,0,98.51117,0.7444169,0.4962779,0
2022-06-26 04:59:34,0,0,0.2506266,0.2506266,0,98.99749,0.5012531,0,0
2022-06-26 04:59:33,0,0,0.7481297,0,0,97.00748,1.745636,0.4987531,0
2022-06-26 04:59:32,0,0,1.010101,0.2525253,0,96.9697,1.767677,0,0
2022-06-26 04:59:31,0,0,1.2345679,0.4938272,0,94.81481,2.962963,0.2469136,0
2022-06-26 04:59:30,0,0,0.2506266,0.2506266,0,97.74436,1.5037594,0.2506266,0
2022-06-26 04:59:29,0,0,0.5,0.25,0,97.75,1.25,0.25,0
2022-06-26 04:59:28,0,0,0.25,0,0,98.5,1,0.25,0
2022-06-26 04:59:27,0,0,0.5,0,0,97.75,1.25,0.5,0
2022-06-26 04:59:26,0,0,1.0075567,0.2518892,0,95.96977,2.518892,0.2518892,0
2022-06-26 04:59:25,0,0,1.2468828,0,0,95.01247,2.992519,0.7481297,0
2022-06-26 04:59:24,0,0,1.4888337,0,0,95.78164,2.48139,0.248139,0
2022-06-26 04:59:23,0,0,0.5025126,0,0,98.24121,1.0050251,0.2512563,0
2022-06-26 04:59:22,0,0,0.4987531,0.2493766,0,97.00748,1.745636,0.4987531,0
2022-06-26 04:59:21,0,0,0,0,0,99.24812,0.7518797,0,0
2022-06-26 04:59:20,0,0,0.5,0,0,98,1.5,0,0
2022-06-26 04:59:19,0,0,0.7481297,0,0,96.50873,2.244389,0.4987531,0
2022-06-26 04:59:18,0,0,0.75,0,0,96.25,2.5,0.5,0
2022-06-26 04:59:17,0,0,1.2531328,0.5012531,0,94.98747,3.258145,0,0
2022-06-26 04:59:16,0,0,0.5,0,0,97.75,1.5,0.25,0
2022-06-26 04:59:15,0,0,0.5,0,0,98.75,0.75,0,0
2022-06-26 04:59:14,0,0,0,0,0,99.00249,0.7481297,0.2493766,0
2022-06-26 04:59:13,0,0,0.7462687,0.2487562,0,96.0199,2.487562,0.4975124,0
2022-06-26 04:59:12,0,0,1.0050251,0.5025126,0,96.48241,2.01005,0,0
2022-06-26 04:59:11,0,0,0.5025126,0,0,97.98995,1.5075377,0,0
2022-06-26 04:59:10,0,0,0.9975062,0.4987531,0,96.00998,2.244389,0.2493766,0
2022-06-26 04:59:09,0,0,0.75,0,0,97.5,1.5,0.25,0
2022-06-26 04:59:08,0,0,0.75,0.25,0,97.75,1.25,0,0
2022-06-26 04:59:07,0,0,0.25,0,0,98,1.25,0.5,0
2022-06-26 04:59:06,0,0,0.5,0,0,96.25,3,0.25,0
2022-06-26 04:59:05,0,0,0.75,0,0,96.25,2.75,0.25,0
2022-06-26 04:59:04,0,0,0.5012531,0.5012531,0,95.98997,2.756892,0.2506266,0
2022-06-26 04:59:03,0,0,0.4975124,0,0,97.01493,1.99005,0.4975124,0
2022-06-26 04:59:02,0,0,0.75,0,0,97.75,1.5,0,0
2022-06-26 04:59:01,0,0,0.7518797,0.2506266,0,95.98997,3.007519,0,0
2022-06-26 04:59:00,0,0,0.5,0,0,98,1.25,0.25,0
2022-06-26 04:58:59,0,0,0,0.2487562,0,98.75622,0.7462687,0.2487562,0
2022-06-26 04:58:58,0,0,0.5025126,0,0,97.98995,1.2562814,0.2512563,0
2022-06-26 04:58:57,0,0,0.75,0.25,0,94,4.75,0.25,0
2022-06-26 04:58:56,0,0,1.2531328,0.2506266,0,94.23559,4.010025,0.2506266,0
2022-06-26 04:58:55,0,0,1.2437811,0.4975124,0,92.53731,5.472637,0.2487562,0
2022-06-26 04:58:54,0,0,0.2506266,0,0,93.73434,6.015038,0,0
2022-06-26 04:58:53,0,0,0.4987531,0,0,94.76309,4.488778,0.2493766,0
2022-06-26 04:58:52,0,0,1,0.25,0,93,5.5,0.25,0
2022-06-26 04:58:51,0,0,1,0,0,93,5.75,0.25,0
2022-06-26 04:58:50,0,0,1.0025063,0,0,89.22306,9.52381,0.2506266,0
2022-06-26 04:58:49,0,0,0.2487562,0.2487562,0,87.56219,11.691542,0.2487562,0
2022-06-26 04:58:48,0,0,0,0,0,91.5,8.25,0.25,0
2022-06-26 04:58:47,0,0,0,0,0,94.98747,4.511278,0.5012531,0
2022-06-26 04:58:46,0,0,0.2493766,0.2493766,0,94.76309,4.488778,0.2493766,0
2022-06-26 04:58:45,0,0,0,0.25,0,94.5,5,0.25,0
2022-06-26 04:58:44,0,0,0,0.2512563,0,92.46231,5.778894,0.2512563,0
2022-06-26 04:58:43,0,0,0,0,0,95.51122,4.239401,0.2493766,0
2022-06-26 04:58:42,0,0,0.25,0,0,99,0.75,0,0
2022-06-26 04:58:41,0,0,0,0,0,98.74372,1.2562814,0,0
2022-06-26 04:58:40,0,0,0.25,0,0,98.75,0.75,0.25,0
2022-06-26 04:58:39,0,0,0.4962779,0.248139,0,97.27047,1.736973,0.248139,0
2022-06-26 04:58:38,0,0,0.2518892,0,0,97.733,1.763224,0.2518892,0
2022-06-26 04:58:37,0,0,0.4962779,0,0,97.51861,1.736973,0.248139,0
2022-06-26 04:58:36,0,0,0.2518892,0.2518892,0,98.99244,0.5037783,0,0
2022-06-26 04:58:35,0,0,0.2487562,0.2487562,0,98.00995,1.2437811,0.2487562,0
2022-06-26 04:58:34,0,0,0.75,0.25,0,96.75,2,0.25,0
2022-06-26 04:58:33,0,0,0.75,0.25,0,96.75,2,0.25,0
2022-06-26 04:58:32,0,0,0.5,0,0,97.5,1.75,0.25,0
2022-06-26 04:58:31,0,0,0.5012531,0.2506266,0,97.49373,1.754386,0,0
2022-06-26 04:58:30,0,0,0.2506266,0,0,98.49624,0.7518797,0.5012531,0
2022-06-26 04:58:29,0,0,0.25,0,0,98.25,1.5,0,0
2022-06-26 04:58:28,0,0,0.9975062,0,0,96.7581,1.995012,0.2493766,0
2022-06-26 04:58:27,0,0,0.75,0.25,0,96.25,2.25,0.25,0
2022-06-26 04:58:26,0,0,0.5,0.25,0,97.75,1,0.5,0
2022-06-26 04:58:25,0,0,1,0,0,96,2.75,0.25,0
2022-06-26 04:58:24,0,0,0.7518797,0.2506266,0,97.49373,1.2531328,0.2506266,0
2022-06-26 04:58:23,0,0,0.4987531,0,0,98.25436,1.2468828,0,0
2022-06-26 04:58:22,0,0,0.4987531,0,0,98.00499,1.2468828,0.2493766,0
2022-06-26 04:58:21,0,0,1,0.25,0,96.25,2.25,0.25,0
2022-06-26 04:58:20,0,0,0.5025126,0,0,97.73869,1.758794,0,0
2022-06-26 04:58:19,0,0,0.4962779,0,0,97.76675,1.4888337,0.248139,0
2022-06-26 04:58:18,0,0,0.75,0.25,0,97.25,1.5,0.25,0
2022-06-26 04:58:17,0,0,0.75,0,0,97.5,1.5,0.25,0
2022-06-26 04:58:16,0,0,0.5050505,0,0,97.22222,2.020202,0.2525253,0
2022-06-26 04:58:15,0,0,0.9876543,0.2469136,0,96.2963,2.222222,0.2469136,0
2022-06-26 04:58:14,0,0,0.5025126,0,0,97.73869,1.758794,0,0
2022-06-26 04:58:13,0,0,0.2512563,0,0,97.98995,1.758794,0,0
2022-06-26 04:58:12,0,0,0.5,0.5,0,97.5,1.5,0,0
2022-06-26 04:58:11,0,0,0.4987531,0,0,98.25436,0.9975062,0.2493766,0
2022-06-26 04:58:10,0,0,0.4975124,0.4975124,0,95.27363,3.233831,0.4975124,0
2022-06-26 04:58:09,0,0,0.75,0.25,0,97,1.75,0.25,0
2022-06-26 04:58:08,0,0,1.2531328,0.2506266,0,95.73935,2.756892,0,0
2022-06-26 04:58:07,0,0,0.5012531,0,0,97.49373,2.005013,0,0
2022-06-26 04:58:06,0,0,0.5,0,0,97.25,1.75,0.5,0
2022-06-26 04:58:05,0,0,0.2493766,0.2493766,0,97.25686,1.995012,0.2493766,0
2022-06-26 04:58:04,0,0,0.5012531,0,0,98.49624,1.0025063,0,0
2022-06-26 04:58:03,0,0,0.4987531,0,0,96.50873,2.743142,0.2493766,0
2022-06-26 04:58:02,0,0,0.5025126,0.2512563,0,96.73367,2.512563,0,0
2022-06-26 04:58:01,0,0,0.4975124,0,0,97.51244,1.741294,0.2487562,0
2022-06-26 04:58:00,0,0,1.2468828,0.2493766,0,94.01496,4.239401,0.2493766,0
2022-06-26 04:57:59,0,0,0.7556675,0,0,97.22922,2.015113,0,0
2022-06-26 04:57:58,0,0,0.25,0.25,0,98,1.25,0.25,0
2022-06-26 04:57:57,0,0,0.4975124,0,0,96.26866,2.985075,0.2487562,0
2022-06-26 04:57:56,0,0,0.5025126,0,0,97.73869,1.758794,0,0
2022-06-26 04:57:55,0,0,0.5,0.25,0,96.25,3,0,0
2022-06-26 04:57:54,0,0,0.9950249,0,0,94.52736,4.228856,0.2487562,0
2022-06-26 04:57:53,0,0,0.5025126,0,0,95.9799,3.266332,0.2512563,0
2022-06-26 04:57:52,0,0,1.0025063,0.2506266,0,93.23308,5.263158,0.2506266,0
2022-06-26 04:57:51,0,0,1.741294,0.2487562,0,90.79602,6.716418,0.2487562,0
2022-06-26 04:57:50,0,0,0.7518797,0,0,92.4812,6.516291,0.2506266,0
2022-06-26 04:57:49,0,0,0.7462687,0,0,90.29851,8.457711,0.4975124,0
2022-06-26 04:57:48,0,0,0.75,0,0,92.75,6.25,0.25,0
2022-06-26 04:57:47,0,0,0.25,0.25,0,93.5,5.75,0.25,0
2022-06-26 04:57:46,0,0,0.5012531,0,0,91.72932,7.26817,0.5012531,0
2022-06-26 04:57:45,0,0,0.2506266,0,0,94.98747,4.761905,0,0
2022-06-26 04:57:44,0,0,0,0,0,92.5187,6.982544,0.2493766,0
2022-06-26 04:57:43,0,0,0,0,0,90.25,5.75,0.5,0
2022-06-26 04:57:42,0,0,0.2493766,0.2493766,0,91.27182,6.234414,0.2493766,0
2022-06-26 04:57:41,0,0,0.2506266,0,0,95.98997,3.258145,0.2506266,0
2022-06-26 04:57:40,0,0,0,0,0,98.49624,1.2531328,0.2506266,0
2022-06-26 04:57:39,0,0,0,0,0,98.50374,1.4962594,0,0
2022-06-26 04:57:38,0,0,0.25,0,0,98.75,0.75,0.25,0
2022-06-26 04:57:37,0,0,0.2493766,0,0,99.00249,0.7481297,0,0
2022-06-26 04:57:36,0,0,0.2506266,0,0,98.24561,1.0025063,0.5012531,0
2022-06-26 04:57:35,0,0,0.2493766,0.2493766,0,97.50623,1.995012,0,0
2022-06-26 04:57:34,0,0,0.2506266,0,0,97.74436,1.754386,0.2506266,0
2022-06-26 04:57:33,0,0,1,0.25,0,95.75,3,0,0
2022-06-26 04:57:32,0,0,0.4987531,0,0,97.50623,1.745636,0.2493766,0
2022-06-26 04:57:31,0,0,0.2506266,0,0,97.74436,2.005013,0,0
2022-06-26 04:57:30,0,0,0.25,0,0,98.75,0.75,0.25,0
2022-06-26 04:57:29,0,0,0.5,0.25,0,97.5,1.75,0,0
2022-06-26 04:57:28,0,0,0.7481297,0.2493766,0,97.50623,1.4962594,0,0
2022-06-26 04:57:27,0,0,0.7481297,0,0,96.25935,2.743142,0.2493766,0
2022-06-26 04:57:26,0,0,1.0075567,0.2518892,0,95.21411,3.274559,0.2518892,0
2022-06-26 04:57:25,0,0,0.75,0.25,0,97.5,1.5,0,0
2022-06-26 04:57:24,0,0,0.7462687,0,0,97.01493,1.741294,0.4975124,0
2022-06-26 04:57:23,0,0,0,0,0,98.74687,1.0025063,0.2506266,0
2022-06-26 04:57:22,0,0,0.7481297,0,0,98.25436,0.7481297,0.2493766,0
2022-06-26 04:57:21,0,0,0.5012531,0.2506266,0,97.99499,1.2531328,0,0
2022-06-26 04:57:20,0,0,0.9975062,0,0,95.7606,2.743142,0.4987531,0
2022-06-26 04:57:19,0,0,0.7518797,0.2506266,0,96.74185,2.255639,0,0
2022-06-26 04:57:18,0,0,0.75,0,0,98,1.25,0,0
2022-06-26 04:57:17,0,0,0.25,0.25,0,98,1.5,0,0
2022-06-26 04:57:16,0,0,0.2506266,0,0,97.99499,1.5037594,0.2506266,0
2022-06-26 04:57:15,0,0,0.7481297,0.2493766,0,97.75561,0.9975062,0.2493766,0
2022-06-26 04:57:14,0,0,0.5,0.25,0,98,1.25,0,0
2022-06-26 04:57:13,0,0,0.9975062,0.2493766,0,95.01247,3.241895,0.4987531,0
2022-06-26 04:57:12,0,0,1.2531328,0.2506266,0,95.98997,2.506266,0,0
2022-06-26 04:57:11,0,0,0.25,0,0,97.5,1.75,0.5,0
2022-06-26 04:57:10,0,0,0.75,0,0,97.75,1,0.5,0
2022-06-26 04:57:09,0,0,0,0,0,98.99749,1.0025063,0,0
2022-06-26 04:57:08,0,0,0.7462687,0.2487562,0,97.26368,1.4925373,0.2487562,0
2022-06-26 04:57:07,0,0,1,0,0,95.25,3.5,0.25,0
2022-06-26 04:57:06,0,0,1.0025063,0,0,96.2406,2.756892,0,0
2022-06-26 04:57:05,0,0,0.7444169,0.4962779,0,96.02978,2.48139,0.248139,0
2022-06-26 04:57:04,0,0,0,0,0,98.74372,1.2562814,0,0
2022-06-26 04:57:03,0,0,0.2506266,0,0,98.49624,1.0025063,0.2506266,0
2022-06-26 04:57:02,0,0,0.5,0,0,98.25,1.25,0,0
2022-06-26 04:57:01,0,0,0.25,0,0,98.25,1.25,0.25,0
2022-06-26 04:57:00,0,0,0.75,0,0,96.25,3,0,0
2022-06-26 04:56:59,0,0,1,0.25,0,95.75,2.75,0.25,0
2022-06-26 04:56:58,0,0,0.5,0.25,0,97.25,1.75,0.25,0
2022-06-26 04:56:57,0,0,0.7481297,0,0,96.00998,2.992519,0.2493766,0
2022-06-26 04:56:56,0,0,0.2487562,0,0,98.50746,0.9950249,0.2487562,0
2022-06-26 04:56:55,0,0,0,0,0,98.74372,1.2562814,0,0
2022-06-26 04:56:54,0,0,0.7518797,0,0,97.49373,1.5037594,0.2506266,0
2022-06-26 04:56:53,0,0,0.2493766,0.2493766,0,98.00499,1.2468828,0.2493766,0
2022-06-26 04:56:52,0,0,0.75,0.5,0,94,4.5,0.25,0
2022-06-26 04:56:51,0,0,0.9975062,0,0,95.51122,3.241895,0.2493766,0
2022-06-26 04:56:50,0,0,1.5075377,0,0,92.21106,6.030151,0.2512563,0
2022-06-26 04:56:49,0,0,1.2468828,0.4987531,0,91.27182,6.483791,0.4987531,0
2022-06-26 04:56:48,0,0,1.2468828,0.4987531,0,91.5212,6.483791,0.2493766,0
2022-06-26 04:56:47,0,0,0.25,0,0,94.5,5,0.25,0
2022-06-26 04:56:46,0,0,0.5,0,0,93.75,5.5,0.25,0
2022-06-26 04:56:45,0,0,0.5025126,0.2512563,0,92.71357,6.281407,0.2512563,0
2022-06-26 04:56:44,0,0,0.4975124,0.2487562,0,91.79104,7.21393,0.2487562,0
2022-06-26 04:56:43,0,0,0.5,0,0,92.5,6.75,0.25,0
2022-06-26 04:56:42,0,0,0,0.2512563,0,89.94975,9.045226,0.2512563,0
2022-06-26 04:56:41,0,0,0.2512563,0,0,87.68844,10.050251,0.2512563,0
2022-06-26 04:56:40,0,0,0,0.2506266,0,95.98997,3.759398,0,0
2022-06-26 04:56:39,0,0,0.25,0,0,95.75,3.75,0.25,0
2022-06-26 04:56:38,0,0,0.2493766,0,0,98.00499,1.745636,0,0
2022-06-26 04:56:37,0,0,0,0,0,97.48744,2.261307,0.2512563,0
2022-06-26 04:56:36,0,0,0,0,0,99,0.75,0.25,0
2022-06-26 04:56:35,0,0,0.25,0,0,98.75,0.75,0.25,0
2022-06-26 04:56:34,0,0,0,0.25,0,98.5,1,0,0
2022-06-26 04:56:33,0,0,0.2493766,0,0,98.50374,1.2468828,0,0
2022-06-26 04:56:32,0,0,1.25,0.25,0,95.75,2.5,0.25,0
2022-06-26 04:56:31,0,0,0.5012531,0.2506266,0,97.24311,1.754386,0.2506266,0
2022-06-26 04:56:30,0,0,0.2487562,0.2487562,0,98.50746,0.9950249,0,0
2022-06-26 04:56:29,0,0,0.2506266,0,0,97.49373,2.005013,0.2506266,0
2022-06-26 04:56:28,0,0,0.25,0,0,98.5,0.75,0.5,0
2022-06-26 04:56:27,0,0,0.2506266,0,0,98.99749,0.7518797,0,0
2022-06-26 04:56:26,0,0,1,0,0,95.25,3.25,0.5,0
2022-06-26 04:56:25,0,0,1.995012,0.2493766,0,94.76309,2.992519,0,0
2022-06-26 04:56:24,0,0,0.75,0.25,0,96.5,2.5,0,0
2022-06-26 04:56:23,0,0,0.5012531,0,0,97.24311,2.005013,0.2506266,0
2022-06-26 04:56:22,0,0,0.25,0,0,98,1.75,0,0
2022-06-26 04:56:21,0,0,0,0,0,99.25187,0.4987531,0.2493766,0
2022-06-26 04:56:20,0,0,0.4975124,0.7462687,0,96.51741,2.238806,0,0
2022-06-26 04:56:19,0,0,1.2562814,0.2512563,0,96.23116,2.01005,0.2512563,0
2022-06-26 04:56:18,0,0,1.2531328,0,0,96.74185,2.005013,0,0
2022-06-26 04:56:17,0,0,0.4987531,0,0,97.00748,2.244389,0.2493766,0
2022-06-26 04:56:16,0,0,0.4987531,0.2493766,0,96.50873,2.493766,0.2493766,0
2022-06-26 04:56:15,0,0,0.2512563,0,0,99.24623,0.2512563,0.2512563,0
2022-06-26 04:56:14,0,0,0.2506266,0,0,98.49624,1.2531328,0,0
2022-06-26 04:56:13,0,0,0.4987531,0.2493766,0,97.50623,1.4962594,0.2493766,0
2022-06-26 04:56:12,0,0,1.25,0.25,0,96.75,1.5,0.25,0
2022-06-26 04:56:11,0,0,1,0,0,95.75,3,0.25,0
2022-06-26 04:56:10,0,0,0.7481297,0.2493766,0,96.25935,2.493766,0.2493766,0
2022-06-26 04:56:09,0,0,0.5,0,0,97.75,1.5,0.25,0
2022-06-26 04:56:08,0,0,0,0,0,99.25,0.75,0,0
2022-06-26 04:56:07,0,0,0,0.2493766,0,98.75312,0.7481297,0.2493766,0
2022-06-26 04:56:06,0,0,0.5025126,0,0,97.98995,1.5075377,0,0
2022-06-26 04:56:05,0,0,1.4962594,0.2493766,0,95.51122,2.743142,0,0
2022-06-26 04:56:04,0,0,1.2468828,0.4987531,0,94.01496,3.740648,0.4987531,0
2022-06-26 04:56:03,0,0,0.2512563,0,0,98.24121,1.5075377,0,0
2022-06-26 04:56:02,0,0,0.5,0.25,0,97.5,1.75,0,0
2022-06-26 04:56:01,0,0,0.4987531,0,0,97.50623,1.745636,0.2493766,0
2022-06-26 04:56:00,0,0,0,0,0,99.24812,0.7518797,0,0
2022-06-26 04:55:59,0,0,0,0,0,98.99749,1.0025063,0,0
2022-06-26 04:55:58,0,0,1.2406948,0.248139,0,94.04467,4.218362,0.248139,0
2022-06-26 04:55:57,0,0,1.5075377,0.2512563,0,93.71859,4.522613,0,0
2022-06-26 04:55:56,0,0,0.75,0.25,0,96.25,2.25,0.5,0
2022-06-26 04:55:55,0,0,0.4962779,0,0,95.78164,3.473945,0.248139,0
2022-06-26 04:55:54,0,0,0.2512563,0,0,98.49246,1.2562814,0,0
2022-06-26 04:55:53,0,0,0,0,0,98.74687,1.0025063,0.2506266,0
2022-06-26 04:55:52,0,0,0,0,0,98.74687,1.2531328,0,0
2022-06-26 04:55:51,0,0,0.5,0,0,97.25,2.25,0,0
2022-06-26 04:55:50,0,0,0.7481297,0.2493766,0,95.01247,3.740648,0.2493766,0
2022-06-26 04:55:49,0,0,1.741294,0.2487562,0,94.27861,3.482587,0.2487562,0
2022-06-26 04:55:48,0,0,1.5,0.5,0,90.5,7.25,0.25,0
2022-06-26 04:55:47,0,0,1.758794,0.5025126,0,90.45226,7.035176,0.2512563,0
2022-06-26 04:55:46,0,0,0.7481297,0.2493766,0,88.77805,10.224439,0,0
2022-06-26 04:55:45,0,0,0.25,0.25,0,93.75,5.25,0.5,0
2022-06-26 04:55:44,0,0,0.5012531,0,0,93.23308,6.265664,0,0
2022-06-26 04:55:43,0,0,0,0.2487562,0,95.77114,3.482587,0.4975124,0
2022-06-26 04:55:42,0,0,0,0,0,91.97995,7.769424,0.2506266,0
2022-06-26 04:55:41,0,0,0.2493766,0,0,92.5187,6.483791,0.2493766,0
2022-06-26 04:55:40,0,0,0,0,0,85.42714,11.557789,0.2512563,0
2022-06-26 04:55:39,0,0,0.2506266,0.2506266,0,84.71178,7.769424,0.2506266,0
2022-06-26 04:55:38,0,0,0,0,0,96.7581,2.743142,0.2493766,0
2022-06-26 04:55:37,0,0,0,0.2518892,0,98.23678,1.2594458,0.2518892,0
2022-06-26 04:55:36,0,0,0.25,0,0,99,0.75,0,0
2022-06-26 04:55:35,0,0,0,0,0,99.00249,0.4987531,0.4987531,0
2022-06-26 04:55:34,0,0,0,0,0,98.99749,1.0025063,0,0
2022-06-26 04:55:33,0,0,0,0,0,98.99749,1.0025063,0,0
2022-06-26 04:55:32,0,0,0.2487562,0,0,98.00995,1.4925373,0.2487562,0
2022-06-26 04:55:31,0,0,0.7518797,0.5012531,0,96.2406,2.255639,0.2506266,0
2022-06-26 04:55:30,0,0,1.25,0.5,0,95.25,3,0,0
2022-06-26 04:55:29,0,0,0.25,0,0,98.25,1.25,0.25,0
2022-06-26 04:55:28,0,0,0.4987531,0,0,98.25436,0.9975062,0.2493766,0
2022-06-26 04:55:27,0,0,0,0,0,99.74937,0.2506266,0,0
2022-06-26 04:55:26,0,0,0.2506266,0,0,98.24561,1.5037594,0,0
2022-06-26 04:55:25,0,0,1.2468828,0,0,97.00748,1.4962594,0.2493766,0
2022-06-26 04:55:24,0,0,0.7537688,0.2512563,0,96.48241,2.512563,0,0
2022-06-26 04:55:23,0,0,1.2437811,0.2487562,0,95.02488,3.233831,0.2487562,0
2022-06-26 04:55:22,0,0,0.7481297,0,0,97.00748,1.995012,0.2493766,0
2022-06-26 04:55:21,0,0,0.2506266,0,0,98.74687,0.7518797,0.2506266,0
2022-06-26 04:55:20,0,0,0,0.25,0,98.25,1.25,0.25,0
2022-06-26 04:55:19,0,0,0.5,0,0,98,1.5,0,0
2022-06-26 04:55:18,0,0,0.7481297,0,0,98.00499,0.9975062,0.2493766,0
2022-06-26 04:55:17,0,0,1.2531328,0,0,95.73935,2.756892,0.2506266,0
2022-06-26 04:55:16,0,0,1,0.5,0,93,5.25,0.25,0
2022-06-26 04:55:15,0,0,0.4987531,0,0,98.00499,1.4962594,0,0
2022-06-26 04:55:14,0,0,0.5012531,0.2506266,0,96.99248,2.005013,0.2506266,0
2022-06-26 04:55:13,0,0,0,0,0,98.25871,1.4925373,0.2487562,0
2022-06-26 04:55:12,0,0,0.7537688,0.2512563,0,97.98995,1.0050251,0,0
2022-06-26 04:55:11,0,0,0.5,0,0,98,1.5,0,0
2022-06-26 04:55:10,0,0,1.0025063,0,0,96.74185,2.255639,0,0
2022-06-26 04:55:09,0,0,1.2437811,0.2487562,0,96.76617,1.2437811,0.4975124,0
2022-06-26 04:55:08,0,0,0,0,0,97.73869,2.261307,0,0
2022-06-26 04:55:07,0,0,0.7481297,0.2493766,0,97.75561,0.9975062,0.2493766,0
2022-06-26 04:55:06,0,0,0.2506266,0,0,98.74687,0.7518797,0.2506266,0
2022-06-26 04:55:05,0,0,0.4987531,0,0,97.50623,1.745636,0.2493766,0
2022-06-26 04:55:04,0,0,0.5,0,0,98,1.25,0.25,0
2022-06-26 04:55:03,0,0,1.0025063,0.2506266,0,96.74185,2.005013,0,0
2022-06-26 04:55:02,0,0,1.2468828,0.2493766,0,96.50873,1.745636,0.2493766,0
2022-06-26 04:55:01,0,0,0.4975124,0,0,96.76617,2.487562,0.2487562,0
2022-06-26 04:55:00,0,0,0.2531646,0,0,98.22785,1.5189873,0,0
2022-06-26 04:54:59,0,0,0.248139,0,0,98.26303,1.2406948,0.248139,0
2022-06-26 04:54:58,0,0,0.5,0,0,96.5,2.75,0.25,0
2022-06-26 04:54:57,0,0,0.2506266,0,0,97.99499,1.754386,0,0
2022-06-26 04:54:56,0,0,0.7444169,0.248139,0,95.5335,2.977667,0.4962779,0
2022-06-26 04:54:55,0,0,1,0.25,0,96.75,2,0,0
2022-06-26 04:54:54,0,0,1.0025063,0,0,95.73935,3.007519,0.2506266,0
2022-06-26 04:54:53,0,0,0.5025126,0.2512563,0,95.9799,3.015075,0.2512563,0
2022-06-26 04:54:52,0,0,0.2506266,0,0,98.49624,1.2531328,0,0
2022-06-26 04:54:51,0,0,0.2487562,0.2487562,0,98.25871,0.9950249,0.2487562,0
2022-06-26 04:54:50,0,0,0.2493766,0,0,97.00748,2.493766,0.2493766,0
2022-06-26 04:54:49,0,0,1.0025063,0.5012531,0,95.2381,3.258145,0,0
2022-06-26 04:54:48,0,0,1.0025063,0.2506266,0,94.23559,4.260652,0.2506266,0
2022-06-26 04:54:47,0,0,0.7444169,0.248139,0,96.52605,2.233251,0.248139,0
2022-06-26 04:54:46,0,0,1.2562814,0.2512563,0,91.20603,7.286432,0,0
2022-06-26 04:54:45,0,0,1,0.25,0,93.75,4.75,0.25,0
2022-06-26 04:54:44,0,0,1.4962594,0,0,89.77556,8.72818,0,0
2022-06-26 04:54:43,0,0,0.5,0,0,91.75,7.5,0.25,0
2022-06-26 04:54:42,0,0,0.5025126,0,0,93.46734,5.778894,0.2512563,0
2022-06-26 04:54:41,0,0,0,0,0,92.5187,7.23192,0.2493766,0
2022-06-26 04:54:40,0,0,0,0,0,94.76309,4.738155,0.2493766,0
2022-06-26 04:54:39,0,0,0.25,0,0,93,6.25,0.5,0
2022-06-26 04:54:38,0,0,0,0.2493766,0,91.02244,7.98005,0.2493766,0
2022-06-26 04:54:37,0,0,0.2531646,0,0,90.12658,8.35443,0.2531646,0
2022-06-26 04:54:36,0,0,0,0,0,96,3.5,0.25,0
2022-06-26 04:54:35,0,0,0,0,0,98,2,0,0
2022-06-26 04:54:34,0,0,0.25,0.25,0,98.5,1,0,0
2022-06-26 04:54:33,0,0,0,0,0,99.25,0.75,0,0
2022-06-26 04:54:32,0,0,0,0,0,98.5,1.25,0.25,0
2022-06-26 04:54:31,0,0,0.25,0.25,0,97.75,1.5,0.25,0
2022-06-26 04:54:30,0,0,0.5,0,0,97.25,2.25,0,0
2022-06-26 04:54:29,0,0,0.7481297,0.2493766,0,96.50873,2.244389,0.2493766,0
2022-06-26 04:54:28,0,0,0.2512563,0,0,97.73869,2.01005,0,0
2022-06-26 04:54:27,0,0,0.4987531,0,0,97.25686,1.995012,0.2493766,0
2022-06-26 04:54:26,0,0,0.5,0.25,0,98.25,1,0,0
2022-06-26 04:54:25,0,0,0.2506266,0,0,98.74687,0.7518797,0.2506266,0
2022-06-26 04:54:24,0,0,0.7444169,0,0,97.76675,1.2406948,0.248139,0
2022-06-26 04:54:23,0,0,1.0050251,0.2512563,0,96.73367,2.01005,0,0
2022-06-26 04:54:22,0,0,1,0.5,0,96.25,2,0.25,0
2022-06-26 04:54:21,0,0,0.7481297,0,0,97.00748,1.995012,0.2493766,0
2022-06-26 04:54:20,0,0,0.5,0.5,0,97.75,1.25,0,0
2022-06-26 04:54:19,0,0,0.2512563,0,0,97.73869,1.758794,0.2512563,0
2022-06-26 04:54:18,0,0,0.5,0.25,0,97.5,1.75,0,0
2022-06-26 04:54:17,0,0,0.2493766,0,0,98.50374,0.9975062,0.2493766,0
2022-06-26 04:54:16,0,0,1.25,0.25,0,96.75,1.75,0,0
2022-06-26 04:54:15,0,0,0.9925558,0.248139,0,95.28536,3.225806,0.248139,0
2022-06-26 04:54:14,0,0,0.2518892,0,0,98.48866,1.2594458,0,0
2022-06-26 04:54:13,0,0,0.4987531,0,0,98.00499,1.2468828,0.2493766,0
2022-06-26 04:54:12,0,0,0.7518797,0,0,95.48872,3.759398,0,0
2022-06-26 04:54:11,0,0,0.5,0.25,0,98.25,0.75,0.25,0
2022-06-26 04:54:10,0,0,0.2493766,0,0,98.75312,0.7481297,0.2493766,0
2022-06-26 04:54:09,0,0,1.2531328,0,0,95.73935,2.756892,0.2506266,0
2022-06-26 04:54:08,0,0,0.7481297,0.2493766,0,96.7581,1.995012,0.2493766,0
2022-06-26 04:54:07,0,0,0.5,0,0,98.5,1,0,0
2022-06-26 04:54:06,0,0,0.2506266,0.2506266,0,98.74687,0.7518797,0,0
2022-06-26 04:54:05,0,0,0.75,0.25,0,97,1.75,0.25,0
2022-06-26 04:54:04,0,0,0.25,0,0,99,0.75,0,0
2022-06-26 04:54:03,0,0,0.5012531,0,0,98.24561,0.7518797,0.5012531,0
2022-06-26 04:54:02,0,0,0.9925558,0.248139,0,95.03722,3.722084,0,0
2022-06-26 04:54:01,0,0,1.0050251,0.2512563,0,96.98492,1.758794,0,0
2022-06-26 04:54:00,0,0,0.4987531,0,0,98.00499,1.2468828,0.2493766,0
2022-06-26 04:53:59,0,0,0,0,0,99.24812,0.7518797,0,0
2022-06-26 04:53:58,0,0,0.4987531,0,0,97.75561,1.4962594,0.2493766,0
2022-06-26 04:53:57,0,0,0.7481297,0.2493766,0,96.50873,2.244389,0.2493766,0
2022-06-26 04:53:56,0,0,0.5012531,0,0,96.74185,2.506266,0.2506266,0
2022-06-26 04:53:55,0,0,1.0025063,0,0,96.49123,2.506266,0,0
2022-06-26 04:53:54,0,0,0.7481297,0,0,96.50873,2.493766,0.2493766,0
2022-06-26 04:53:53,0,0,0.7518797,0.2506266,0,96.2406,2.506266,0.2506266,0
2022-06-26 04:53:52,0,0,0.2506266,0,0,98.74687,1.0025063,0,0
2022-06-26 04:53:51,0,0,0.248139,0.248139,0,98.01489,1.2406948,0.248139,0
2022-06-26 04:53:50,0,0,0.7481297,0.2493766,0,96.50873,2.244389,0.2493766,0
2022-06-26 04:53:49,0,0,0.5025126,0.2512563,0,97.23618,2.01005,0,0
2022-06-26 04:53:48,0,0,0.2493766,0,0,98.25436,1.2468828,0.2493766,0
2022-06-26 04:53:47,0,0,0.5,0,0,96.75,2.5,0.25,0
2022-06-26 04:53:46,0,0,1.0050251,0.2512563,0,94.47236,4.271357,0,0
2022-06-26 04:53:45,0,0,1.4925373,0.4975124,0,93.03483,4.726368,0.2487562,0
2022-06-26 04:53:44,0,0,1,0.5,0,92.5,5.5,0.5,0
2022-06-26 04:53:43,0,0,0.7537688,0.2512563,0,91.20603,7.537688,0.2512563,0
2022-06-26 04:53:42,0,0,0.4987531,0,0,94.01496,5.236908,0.2493766,0
2022-06-26 04:53:41,0,0,0.7481297,0,0,93.76559,5.236908,0.2493766,0
2022-06-26 04:53:40,0,0,0.75,0,0,92.75,6.25,0.25,0
2022-06-26 04:53:39,0,0,0.2506266,0.5012531,0,91.22807,7.518797,0.5012531,0
2022-06-26 04:53:38,0,0,0.7481297,0,0,89.52618,9.476309,0.2493766,0
2022-06-26 04:53:37,0,0,0,0,0,90.5,9,0.25,0
2022-06-26 04:53:36,0,0,0.2493766,0,0,92.26933,7.23192,0.2493766,0
2022-06-26 04:53:35,0,0,0,0,0,95.9799,4.020101,0,0
2022-06-26 04:53:34,0,0,0.2493766,0,0,94.76309,4.738155,0.2493766,0
2022-06-26 04:53:33,0,0,0,0.2506266,0,96.74185,2.756892,0.2506266,0
2022-06-26 04:53:32,0,0,0.2493766,0,0,96.7581,2.493766,0.2493766,0
2022-06-26 04:53:31,0,0,0,0.25,0,98.5,1.25,0,0
2022-06-26 04:53:30,0,0,0,0,0,99.49749,0.2512563,0.2512563,0
2022-06-26 04:53:29,0,0,0.2487562,0,0,98.50746,0.9950249,0.2487562,0
2022-06-26 04:53:28,0,0,0.4987531,0,0,97.75561,1.745636,0,0
2022-06-26 04:53:27,0,0,1,0,0,96.75,2,0.25,0
2022-06-26 04:53:26,0,0,0.2512563,0.2512563,0,98.49246,0.7537688,0.2512563,0
2022-06-26 04:53:25,0,0,0.5012531,0,0,97.99499,1.2531328,0.2506266,0
2022-06-26 04:53:24,0,0,0.7481297,0.2493766,0,96.7581,2.244389,0,0
2022-06-26 04:53:23,0,0,0.2512563,0.2512563,0,97.98995,1.2562814,0.2512563,0
2022-06-26 04:53:22,0,0,0.2487562,0,0,97.51244,1.99005,0.2487562,0
2022-06-26 04:53:21,0,0,1,0.25,0,95.5,2.75,0.5,0
2022-06-26 04:53:20,0,0,0.7481297,0,0,97.00748,1.995012,0.2493766,0
2022-06-26 04:53:19,0,0,0.5025126,0.2512563,0,97.73869,1.2562814,0.2512563,0
2022-06-26 04:53:18,0,0,0.7481297,0.2493766,0,97.00748,1.995012,0,0
2022-06-26 04:53:17,0,0,0.7462687,0,0,98.00995,1.2437811,0,0
2022-06-26 04:53:16,0,0,0,0,0,99,0.75,0.25,0
2022-06-26 04:53:15,0,0,0.5012531,0.2506266,0,97.24311,1.754386,0.2506266,0
2022-06-26 04:53:14,0,0,1.0050251,0,0,97.23618,1.5075377,0.2512563,0
2022-06-26 04:53:13,0,0,0.75,0.25,0,97,1.75,0.25,0
2022-06-26 04:53:12,0,0,1.2406948,0,0,95.28536,3.225806,0.248139,0
2022-06-26 04:53:11,0,0,0.5012531,0.2506266,0,97.49373,1.5037594,0.2506266,0
2022-06-26 04:53:10,0,0,0.2512563,0,0,98.74372,1.0050251,0,0
2022-06-26 04:53:09,0,0,0.2487562,0,0,98.50746,0.9950249,0.2487562,0
2022-06-26 04:53:08,0,0,0.5012531,0,0,97.24311,2.005013,0.2506266,0
2022-06-26 04:53:07,0,0,0.9975062,0.2493766,0,96.00998,2.493766,0.2493766,0
2022-06-26 04:53:06,0,0,1.0050251,0,0,95.9799,3.015075,0,0
2022-06-26 04:53:05,0,0,1.2437811,0.2487562,0,95.77114,2.487562,0.2487562,0
2022-06-26 04:53:04,0,0,0.5012531,0.2506266,0,97.74436,1.2531328,0.2506266,0
2022-06-26 04:53:03,0,0,0.2493766,0,0,99.00249,0.7481297,0,0
2022-06-26 04:53:02,0,0,0,0,0,98.99497,1.0050251,0,0
2022-06-26 04:53:01,0,0,0.7481297,0,0,97.50623,1.2468828,0.4987531,0
2022-06-26 04:53:00,0,0,1.0025063,0.2506266,0,94.73684,3.759398,0.2506266,0
2022-06-26 04:52:59,0,0,1,0,0,96.5,2.5,0,0
2022-06-26 04:52:58,0,0,0.9950249,0.4975124,0,96.51741,1.741294,0.2487562,0
2022-06-26 04:52:57,0,0,0.2493766,0,0,98.00499,1.2468828,0.4987531,0
2022-06-26 04:52:56,0,0,0.2506266,0,0,98.49624,1.2531328,0,0
2022-06-26 04:52:55,0,0,0,0,0,98.99244,0.7556675,0.2518892,0
2022-06-26 04:52:54,0,0,0.4987531,0,0,98.00499,1.4962594,0,0
2022-06-26 04:52:53,0,0,0.7481297,0.4987531,0,94.01496,4.488778,0.2493766,0
2022-06-26 04:52:52,0,0,1,0,0,95.5,3.25,0.25,0
2022-06-26 04:52:51,0,0,0.7481297,0,0,96.50873,2.493766,0.2493766,0
2022-06-26 04:52:50,0,0,0.5,0,0,95.5,3.75,0.25,0
2022-06-26 04:52:49,0,0,0.75,0,0,97.75,1,0.5,0
2022-06-26 04:52:48,0,0,0,0,0,99.24812,0.7518797,0,0
2022-06-26 04:52:47,0,0,0,0,0,98.49624,1.5037594,0,0
2022-06-26 04:52:46,0,0,0.5,0.25,0,97.25,2,0,0
2022-06-26 04:52:45,0,0,0.4975124,0,0,94.77612,4.477612,0.2487562,0
2022-06-26 04:52:44,0,0,1.25,0.25,0,93.25,5,0.25,0
2022-06-26 04:52:43,0,0,1.5037594,0.2506266,0,90.47619,7.518797,0.2506266,0
2022-06-26 04:52:42,0,0,1.2531328,0,0,91.97995,6.516291,0.2506266,0
2022-06-26 04:52:41,0,0,1.0025063,0.2506266,0,91.97995,6.516291,0.2506266,0
2022-06-26 04:52:40,0,0,0.7481297,0.2493766,0,91.5212,6.982544,0.2493766,0
2022-06-26 04:52:39,0,0,0.4975124,0.2487562,0,91.79104,7.21393,0.2487562,0
2022-06-26 04:52:38,0,0,0,0,0,92.71357,7.286432,0,0
2022-06-26 04:52:37,0,0,0,0,0,95.02488,4.477612,0.4975124,0
2022-06-26 04:52:36,0,0,0,0,0,91.72932,8.02005,0.2506266,0
2022-06-26 04:52:35,0,0,0.2518892,0,0,89.16877,9.319899,0.2518892,0
2022-06-26 04:52:34,0,0,0,0.2487562,0,89.801,8.706468,0.2487562,0
2022-06-26 04:52:33,0,0,0.2512563,0,0,94.72362,4.773869,0,0
2022-06-26 04:52:32,0,0,0,0,0,97.75,2,0.25,0
2022-06-26 04:52:31,0,0,0.25,0.25,0,97.5,1.75,0.25,0
2022-06-26 04:52:30,0,0,0,0,0,98.50746,1.4925373,0,0
2022-06-26 04:52:29,0,0,0,0,0,99.74811,0.2518892,0,0
2022-06-26 04:52:28,0,0,0.248139,0,0,98.26303,0.9925558,0.4962779,0
2022-06-26 04:52:27,0,0,0.25,0.25,0,98.25,1,0.25,0
2022-06-26 04:52:26,0,0,0.5012531,0,0,98.49624,1.0025063,0,0
2022-06-26 04:52:25,0,0,1.2562814,0,0,94.97487,3.517588,0.2512563,0
2022-06-26 04:52:24,0,0,1,0.25,0,97,1.75,0,0
2022-06-26 04:52:23,0,0,0.25,0,0,98.75,0.75,0.25,0
2022-06-26 04:52:22,0,0,0.25,0,0,97.75,1.75,0.25,0
2022-06-26 04:52:21,0,0,0.25,0,0,98.5,1.25,0,0
2022-06-26 04:52:20,0,0,0.5,0,0,97.5,1.5,0.5,0
2022-06-26 04:52:19,0,0,0.2506266,0.2506266,0,98.24561,1.2531328,0,0
2022-06-26 04:52:18,0,0,1.2406948,0,0,95.03722,3.225806,0.4962779,0
2022-06-26 04:52:17,0,0,0.7537688,0.2512563,0,96.73367,2.261307,0,0
2022-06-26 04:52:16,0,0,0.5,0,0,98,1.25,0.25,0
2022-06-26 04:52:15,0,0,0.5,0.25,0,97.75,1.25,0.25,0
2022-06-26 04:52:14,0,0,0.25,0,0,97.75,1.75,0.25,0
2022-06-26 04:52:13,0,0,0.4987531,0.2493766,0,97.50623,1.745636,0,0
2022-06-26 04:52:12,0,0,0.7518797,0,0,97.49373,1.5037594,0.2506266,0
2022-06-26 04:52:11,0,0,1.4925373,0,0,96.0199,2.238806,0.2487562,0
2022-06-26 04:52:10,0,0,0.5025126,0.2512563,0,97.48744,1.5075377,0.2512563,0
2022-06-26 04:52:09,0,0,0.25,0,0,97.75,1.5,0.5,0
2022-06-26 04:52:08,0,0,0.4975124,0.2487562,0,98.25871,0.9950249,0,0
2022-06-26 04:52:07,0,0,0.5037783,0,0,97.48111,2.015113,0,0
2022-06-26 04:52:06,0,0,0.5,0,0,98,1.25,0.25,0
2022-06-26 04:52:05,0,0,0.75,0,0,97,2,0.25,0
2022-06-26 04:52:04,0,0,1.4925373,0.4975124,0,93.53234,4.477612,0,0
2022-06-26 04:52:03,0,0,0.2512563,0.2512563,0,97.73869,1.758794,0,0
2022-06-26 04:52:02,0,0,0.2493766,0.2493766,0,98.25436,0.9975062,0.2493766,0
2022-06-26 04:52:01,0,0,0.5012531,0,0,98.24561,1.2531328,0,0
2022-06-26 04:52:00,0,0,0.4987531,0,0,98.00499,1.2468828,0.2493766,0
2022-06-26 04:51:59,0,0,0.5,0.25,0,97.5,1.75,0,0
2022-06-26 04:51:58,0,0,0.7518797,0,0,96.99248,2.005013,0.2506266,0
2022-06-26 04:51:57,0,0,1.2437811,0.2487562,0,94.27861,3.731343,0.2487562,0
2022-06-26 04:51:56,0,0,1,0,0,96.5,2.5,0,0
2022-06-26 04:51:55,0,0,0,0,0,98.99749,0.7518797,0.2506266,0
2022-06-26 04:51:54,0,0,0.5,0,0,97,2.5,0,0
2022-06-26 04:51:53,0,0,0.4975124,0.2487562,0,96.76617,1.741294,0.7462687,0
2022-06-26 04:51:52,0,0,0.5025126,0,0,96.73367,2.512563,0.2512563,0
2022-06-26 04:51:51,0,0,0.7481297,0.4987531,0,95.01247,3.491272,0.2493766,0
2022-06-26 04:51:50,0,0,0.75,0.25,0,97,1.75,0.25,0
2022-06-26 04:51:49,0,0,1.0025063,0.2506266,0,96.2406,2.506266,0,0
2022-06-26 04:51:48,0,0,0.5,0.25,0,96.75,2.25,0.25,0
2022-06-26 04:51:47,0,0,0.4987531,0,0,97.00748,1.995012,0.4987531,0
2022-06-26 04:51:46,0,0,0.5012531,0,0,97.99499,1.2531328,0.2506266,0
2022-06-26 04:51:45,0,0,0,0,0,98.00499,1.745636,0.2493766,0
2022-06-26 04:51:44,0,0,0.4987531,0,0,98.00499,1.4962594,0,0
2022-06-26 04:51:43,0,0,0.5025126,0.2512563,0,97.73869,1.2562814,0.2512563,0
2022-06-26 04:51:42,0,0,0.9950249,0.2487562,0,92.78607,5.721393,0.2487562,0
2022-06-26 04:51:41,0,0,1.5075377,0.5025126,0,90.70352,7.035176,0.2512563,0
2022-06-26 04:51:40,0,0,1.4962594,0.2493766,0,91.02244,6.982544,0.2493766,0
2022-06-26 04:51:39,0,0,0.7481297,0,0,93.01746,5.735661,0.4987531,0
2022-06-26 04:51:38,0,0,0.7537688,0.2512563,0,92.96482,6.030151,0,0
2022-06-26 04:51:37,0,0,0.2493766,0,0,93.76559,5.985037,0,0
2022-06-26 04:51:36,0,0,0.4975124,0.2487562,0,92.78607,5.970149,0.4975124,0
2022-06-26 04:51:35,0,0,0.2512563,0,0,93.21608,6.532663,0,0
2022-06-26 04:51:34,0,0,0,0,0,91.79104,7.711443,0.4975124,0
2022-06-26 04:51:33,0,0,0,0,0,91.66667,7.828283,0,0
2022-06-26 04:51:32,0,0,0.2487562,0,0,87.56219,8.955224,0.7462687,0
2022-06-26 04:51:31,0,0,0,0.25,0,96.5,3,0.25,0
2022-06-26 04:51:30,0,0,0.2512563,0,0,95.9799,3.768844,0,0
2022-06-26 04:51:29,0,0,0.25,0,0,96,3.5,0.25,0
2022-06-26 04:51:28,0,0,0,0,0,99,0.75,0.25,0
2022-06-26 04:51:27,0,0,0,0,0,98.99749,1.0025063,0,0
2022-06-26 04:51:26,0,0,0.248139,0,0,98.01489,1.2406948,0.4962779,0
2022-06-26 04:51:25,0,0,1.0050251,0.5025126,0,97.23618,1.2562814,0,0
2022-06-26 04:51:24,0,0,0.7462687,0.2487562,0,96.76617,1.99005,0.2487562,0
2022-06-26 04:51:23,0,0,0.5012531,0,0,96.74185,2.506266,0.2506266,0
2022-06-26 04:51:22,0,0,0.7518797,0,0,96.74185,2.506266,0,0
2022-06-26 04:51:21,0,0,0.25,0,0,98,1.5,0.25,0
2022-06-26 04:51:20,0,0,0.5,0,0,98,1.25,0.25,0
2022-06-26 04:51:19,0,0,0,0,0,98.25436,1.745636,0,0
2022-06-26 04:51:18,0,0,0.2506266,0.2506266,0,98.49624,0.7518797,0.2506266,0
2022-06-26 04:51:17,0,0,1.25,0.25,0,95.75,2.5,0.25,0
2022-06-26 04:51:16,0,0,1,0,0,95.75,3.25,0,0
2022-06-26 04:51:15,0,0,0.7481297,0.2493766,0,96.50873,1.995012,0.4987531,0
2022-06-26 04:51:14,0,0,0.2493766,0,0,99.25187,0.4987531,0,0
2022-06-26 04:51:13,0,0,0.5012531,0,0,97.74436,1.2531328,0.5012531,0
2022-06-26 04:51:12,0,0,0.2506266,0,0,98.74687,0.7518797,0.2506266,0
2022-06-26 04:51:11,0,0,0.5,0,0,96.75,2.5,0.25,0
2022-06-26 04:51:10,0,0,0.9975062,0.4987531,0,95.51122,2.743142,0.2493766,0
2022-06-26 04:51:09,0,0,1.25,0,0,95.5,3,0.25,0
2022-06-26 04:51:08,0,0,0.5012531,0,0,97.24311,2.005013,0.2506266,0
2022-06-26 04:51:07,0,0,0.5,0,0,98.25,1.25,0,0
2022-06-26 04:51:06,0,0,0.5,0,0,98.5,1,0,0
2022-06-26 04:51:05,0,0,0,0.248139,0,99.00744,0.4962779,0.248139,0
2022-06-26 04:51:04,0,0,0.5037783,0,0,96.97733,2.267003,0.2518892,0
2022-06-26 04:51:03,0,0,1.0025063,0,0,96.74185,2.005013,0.2506266,0
2022-06-26 04:51:02,0,0,1.2437811,0,0,96.51741,1.99005,0.2487562,0
2022-06-26 04:51:01,0,0,1.2531328,0,0,95.2381,3.508772,0,0
2022-06-26 04:51:00,0,0,0.25,0,0,99,0.5,0.25,0
2022-06-26 04:50:59,0,0,0,0,0,99,0.75,0.25,0
2022-06-26 04:50:58,0,0,0,0,0,98.99749,1.0025063,0,0
2022-06-26 04:50:57,0,0,0.5,0,0,97.75,1.75,0,0
2022-06-26 04:50:56,0,0,1.2437811,0.2487562,0,96.0199,1.99005,0.4975124,0
2022-06-26 04:50:55,0,0,1.0025063,0,0,96.49123,2.255639,0.2506266,0
2022-06-26 04:50:54,0,0,0.9975062,0,0,95.51122,3.241895,0.2493766,0
2022-06-26 04:50:53,0,0,0.5012531,0.2506266,0,97.74436,1.2531328,0.2506266,0
2022-06-26 04:50:52,0,0,0,0,0,98.75312,0.9975062,0.2493766,0
2022-06-26 04:50:51,0,0,0,0,0,98.99749,0.7518797,0.2506266,0
2022-06-26 04:50:50,0,0,0.4975124,0,0,97.51244,1.741294,0.2487562,0
2022-06-26 04:50:49,0,0,1.2562814,0,0,95.47739,3.015075,0.2512563,0
2022-06-26 04:50:48,0,0,0.7481297,0.4987531,0,95.7606,2.493766,0.4987531,0
2022-06-26 04:50:47,0,0,0.7518797,0,0,94.98747,4.010025,0.2506266,0
2022-06-26 04:50:46,0,0,1,0.25,0,95.25,3.5,0,0
2022-06-26 04:50:45,0,0,0.25,0,0,98,1.5,0.25,0
2022-06-26 04:50:44,0,0,0.2493766,0,0,98.75312,0.7481297,0.2493766,0
2022-06-26 04:50:43,0,0,0,0,0,99.25,0.5,0.25,0
2022-06-26 04:50:42,0,0,0.25,0.25,0,96.25,3.25,0,0
2022-06-26 04:50:41,0,0,1,0,0,95.5,3.5,0,0
2022-06-26 04:50:40,0,0,1.5075377,0,0,94.22111,4.020101,0.2512563,0
2022-06-26 04:50:39,0,0,1.2437811,0.2487562,0,90.29851,7.960199,0.2487562,0
2022-06-26 04:50:38,0,0,1.2531328,0.2506266,0,92.23058,6.015038,0.2506266,0
2022-06-26 04:50:37,0,0,1.2468828,0.2493766,0,92.26933,5.985037,0.2493766,0
2022-06-26 04:50:36,0,0,1,0,0,92.25,6.5,0.25,0
2022-06-26 04:50:35,0,0,0.7481297,0,0,91.27182,7.98005,0,0
2022-06-26 04:50:34,0,0,0,0,0,93.46734,6.281407,0.2512563,0
2022-06-26 04:50:33,0,0,0,0.2487562,0,94.02985,5.472637,0.2487562,0
2022-06-26 04:50:32,0,0,0.2512563,0,0,91.45729,7.035176,0.2512563,0
2022-06-26 04:50:31,0,0,0,0,0,92.42424,7.070707,0,0
2022-06-26 04:50:30,0,0,0.2493766,0,0,93.76559,5.735661,0.2493766,0
2022-06-26 04:50:29,0,0,0,0.25,0,86.25,7,0.25,0
2022-06-26 04:50:28,0,0,0,0,0,97.75561,1.995012,0.2493766,0
2022-06-26 04:50:27,0,0,0,0,0,99.50125,0.2493766,0.2493766,0
2022-06-26 04:50:26,0,0,0.2506266,0,0,98.49624,1.2531328,0,0
2022-06-26 04:50:25,0,0,1.0025063,0,0,97.99499,1.0025063,0,0
2022-06-26 04:50:24,0,0,0,0,0,98.75,1,0.25,0
2022-06-26 04:50:23,0,0,0.25,0.25,0,97.5,1.5,0.5,0
2022-06-26 04:50:22,0,0,0.9975062,0,0,96.7581,1.995012,0.2493766,0
2022-06-26 04:50:21,0,0,0.2506266,0,0,98.49624,1.2531328,0,0
2022-06-26 04:50:20,0,0,0.9925558,0,0,96.02978,2.48139,0.4962779,0
2022-06-26 04:50:19,0,0,0.2512563,0.2512563,0,98.24121,1.0050251,0.2512563,0
2022-06-26 04:50:18,0,0,0.5012531,0,0,97.74436,1.754386,0,0
2022-06-26 04:50:17,0,0,0.25,0,0,97.5,2,0.25,0
2022-06-26 04:50:16,0,0,0.5,0.25,0,97,2,0.25,0
2022-06-26 04:50:15,0,0,1,0,0,96.5,2,0.5,0
2022-06-26 04:50:14,0,0,0.4975124,0.2487562,0,96.0199,2.736318,0.4975124,0
2022-06-26 04:50:13,0,0,3.266332,0.2512563,0,93.71859,2.261307,0.5025126,0
2022-06-26 04:50:12,0,0,0.7481297,0,0,97.25686,1.745636,0.2493766,0
2022-06-26 04:50:11,0,0,0,0,0,98.49624,1.5037594,0,0
2022-06-26 04:50:10,0,0,0.25,0,0,98.75,0.75,0.25,0
2022-06-26 04:50:09,0,0,0.7481297,0.2493766,0,97.75561,0.9975062,0.2493766,0
2022-06-26 04:50:08,0,0,1,0,0,96.75,2,0.25,0
2022-06-26 04:50:07,0,0,0.7518797,0,0,96.99248,2.005013,0.2506266,0
2022-06-26 04:50:06,0,0,1.0025063,0.2506266,0,96.2406,2.255639,0.2506266,0
2022-06-26 04:50:05,0,0,0.4987531,0,0,97.75561,1.745636,0,0
2022-06-26 04:50:04,0,0,0,0,0,99.25187,0.4987531,0.2493766,0
2022-06-26 04:50:03,0,0,0.2506266,0,0,99.24812,0.2506266,0.2506266,0
2022-06-26 04:50:02,0,0,0.5,0,0,98,1.25,0.25,0
2022-06-26 04:50:01,0,0,0.9975062,0.2493766,0,94.76309,3.740648,0.2493766,0
2022-06-26 04:50:00,0,0,1.754386,0.2506266,0,94.73684,2.756892,0.5012531,0
2022-06-26 04:49:59,0,0,0.4987531,0.2493766,0,96.25935,2.743142,0.2493766,0
2022-06-26 04:49:58,0,0,0.2506266,0,0,98.74687,1.0025063,0,0
2022-06-26 04:49:57,0,0,0,0,0,99.5,0.5,0,0
2022-06-26 04:49:56,0,0,0,0,0,99.25,0.5,0.25,0
2022-06-26 04:49:55,0,0,0.5,0,0,98,1.5,0,0
2022-06-26 04:49:54,0,0,1.5,0.25,0,95,3.25,0,0
2022-06-26 04:49:53,0,0,1.25,0,0,95.75,2.75,0.25,0
2022-06-26 04:49:52,0,0,0.25,0,0,97.75,1.75,0.25,0
2022-06-26 04:49:51,0,0,0.5,0.25,0,97.5,1.5,0.25,0
2022-06-26 04:49:50,0,0,0.25,0,0,98.75,0.75,0.25,0
2022-06-26 04:49:49,0,0,0,0.25,0,98.75,1,0,0
2022-06-26 04:49:48,0,0,0.248139,0,0,98.26303,0.9925558,0.4962779,0
2022-06-26 04:49:47,0,0,0.7575758,0,0,95.9596,3.282828,0,0
2022-06-26 04:49:46,0,0,1.4925373,0.4975124,0,93.28358,4.477612,0.2487562,0
2022-06-26 04:49:45,0,0,1.0025063,0,0,95.2381,3.759398,0,0
2022-06-26 04:49:44,0,0,0.4987531,0.2493766,0,97.00748,1.745636,0.4987531,0
2022-06-26 04:49:43,0,0,0.2512563,0.2512563,0,97.48744,2.01005,0,0
2022-06-26 04:49:42,0,0,0.25,0,0,99,0.5,0.25,0
2022-06-26 04:49:41,0,0,0,0,0,99.5,0.5,0,0
2022-06-26 04:49:40,0,0,0,0,0,98.25,1.5,0.25,0
2022-06-26 04:49:39,0,0,0.2506266,0,0,95.73935,3.759398,0.2506266,0
2022-06-26 04:49:38,0,0,1.25,0,0,95.5,3,0.25,0
2022-06-26 04:49:37,0,0,2.244389,0.7481297,0,89.77556,6.733167,0.4987531,0
2022-06-26 04:49:36,0,0,1.5037594,0.2506266,0,91.22807,7.017544,0,0
2022-06-26 04:49:35,0,0,1.2406948,0.4962779,0,88.58561,9.42928,0.248139,0
2022-06-26 04:49:34,0,0,0.2506266,0,0,93.98496,5.513784,0,0
2022-06-26 04:49:33,0,0,0.2506266,0,0,94.98747,4.511278,0.2506266,0
2022-06-26 04:49:32,0,0,0.4975124,0,0,92.0398,6.965174,0.4975124,0
2022-06-26 04:49:31,0,0,0,0,0,94.48622,5.513784,0,0
2022-06-26 04:49:30,0,0,0,0,0,93.73434,5.513784,0.5012531,0
2022-06-26 04:49:29,0,0,0,0,0,89.55224,9.20398,0.4975124,0
2022-06-26 04:49:28,0,0,0.2506266,1.2531328,0,53.38346,11.278195,0.2506266,0
2022-06-26 04:49:27,0,0,0,0.2506266,0,95.2381,4.260652,0.2506266,0
2022-06-26 04:49:26,0,0,0.25,0.25,0,98.5,1,0,0
2022-06-26 04:49:25,0,0,0,0,0,98.50374,1.2468828,0.2493766,0
2022-06-26 04:49:24,0,0,0.75,0,0,98,1,0.25,0
2022-06-26 04:49:23,0,0,0,0,0,98.99497,1.0050251,0,0
2022-06-26 04:49:22,0,0,0.2487562,0.2487562,0,98.75622,0.4975124,0.2487562,0
2022-06-26 04:49:21,0,0,0,0.25,0,99.25,0.5,0,0
2022-06-26 04:49:20,0,0,0,0,0,99.25187,0.4987531,0.2493766,0
2022-06-26 04:49:19,0,0,0.2518892,0,0,97.733,1.763224,0.2518892,0
2022-06-26 04:49:18,0,0,1.741294,0.4975124,0,93.78109,3.482587,0.4975124,0
2022-06-26 04:49:17,0,0,0.9975062,0.2493766,0,96.00998,2.493766,0.2493766,0
2022-06-26 04:49:16,0,0,0,0,0,99.49749,0.5025126,0,0
2022-06-26 04:49:15,0,0,0,0,0,99.25373,0.4975124,0.2487562,0
2022-06-26 04:49:14,0,0,0,0,0,99.24623,0.5025126,0.2512563,0
2022-06-26 04:49:13,0,0,0.5,0,0,97.5,1.75,0.25,0
2022-06-26 04:49:12,0,0,1.25,0.25,0,95.5,3,0,0
2022-06-26 04:49:11,0,0,1.5,0.25,0,94.75,3.5,0,0
2022-06-26 04:49:10,0,0,1.0025063,0,0,97.24311,1.5037594,0.2506266,0
2022-06-26 04:49:09,0,0,0.4975124,0.2487562,0,97.76119,1.4925373,0,0
2022-06-26 04:49:08,0,0,0,0,0,98.99749,0.7518797,0.2506266,0
2022-06-26 04:49:07,0,0,0,0,0,99.00249,0.7481297,0.2493766,0
2022-06-26 04:49:06,0,0,0.75,0.25,0,97.25,1.75,0,0
2022-06-26 04:49:05,0,0,1.25,0,0,95.25,3.25,0.25,0
2022-06-26 04:49:04,0,0,1,0.25,0,96,2.5,0.25,0
2022-06-26 04:49:03,0,0,0.7518797,0,0,96.99248,2.005013,0.2506266,0
2022-06-26 04:49:02,0,0,0.2506266,0,0,99.49875,0.2506266,0,0
2022-06-26 04:49:01,0,0,0,0,0,98.25871,1.4925373,0.2487562,0
2022-06-26 04:49:00,0,0,0.2506266,0.2506266,0,98.74687,0.7518797,0,0
2022-06-26 04:48:59,0,0,0.5,0,0,97.5,1.75,0.25,0
2022-06-26 04:48:58,0,0,0.75,0,0,97,1.75,0.5,0
2022-06-26 04:48:57,0,0,1.4925373,0.2487562,0,95.52239,2.487562,0.2487562,0
2022-06-26 04:48:56,0,0,1,0,0,96.75,2,0.25,0
2022-06-26 04:48:55,0,0,0,0,0,98.99497,1.0050251,0,0
2022-06-26 04:48:54,0,0,0,0,0,99,0.75,0.25,0
2022-06-26 04:48:53,0,0,0.4987531,0,0,97.50623,1.995012,0,0
2022-06-26 04:48:52,0,0,0.7537688,0,0,96.73367,2.01005,0.2512563,0
2022-06-26 04:48:51,0,0,0.4987531,0.2493766,0,97.75561,1.2468828,0.2493766,0
2022-06-26 04:48:50,0,0,1,0.25,0,96.25,2.5,0,0
2022-06-26 04:48:49,0,0,1.2531328,0.2506266,0,95.48872,2.756892,0.2506266,0
2022-06-26 04:48:48,0,0,0.4987531,0,0,96.7581,2.493766,0.2493766,0
2022-06-26 04:48:47,0,0,0,0,0,98.00499,1.745636,0.2493766,0
2022-06-26 04:48:46,0,0,0.2512563,0.2512563,0,97.48744,2.01005,0,0
2022-06-26 04:48:45,0,0,0.75,0,0,97.25,1.75,0.25,0
2022-06-26 04:48:44,0,0,0.5012531,0,0,97.99499,1.5037594,0,0
2022-06-26 04:48:43,0,0,0.7481297,0.2493766,0,96.00998,2.493766,0.4987531,0
2022-06-26 04:48:42,0,0,1,0,0,96,3,0,0
2022-06-26 04:48:41,0,0,1,0.25,0,95.75,2.75,0.25,0
2022-06-26 04:48:40,0,0,0.2487562,0.2487562,0,96.26866,2.985075,0.2487562,0
2022-06-26 04:48:39,0,0,0,0,0,99.24623,0.7537688,0,0
2022-06-26 04:48:38,0,0,0.5,0,0,95,4,0.5,0
2022-06-26 04:48:37,0,0,1,0.25,0,95.75,2.75,0.25,0
2022-06-26 04:48:36,0,0,0.75,0,0,94.5,4.5,0.25,0
2022-06-26 04:48:35,0,0,0.2493766,0,0,96.00998,3.241895,0.4987531,0
2022-06-26 04:48:34,0,0,0.7481297,0.2493766,0,96.25935,2.743142,0,0
2022-06-26 04:48:33,0,0,0.75,0.25,0,92.25,6.25,0.5,0
2022-06-26 04:48:32,0,0,1.25,0.5,0,91.75,6.25,0.25,0
2022-06-26 04:48:31,0,0,1.0025063,0,0,89.97494,8.77193,0.2506266,0
2022-06-26 04:48:30,0,0,0.7481297,0,0,90.77307,7.98005,0.4987531,0
2022-06-26 04:48:29,0,0,0.5012531,0,0,90.22556,8.77193,0.2506266,0
2022-06-26 04:48:28,0,0,0,0.25,0,95,4.5,0.25,0
2022-06-26 04:48:27,0,0,0,0,0,94,5.75,0.25,0
2022-06-26 04:48:26,0,0,0,0,0,93.96985,5.778894,0.2512563,0
2022-06-26 04:48:25,0,0,0.4987531,0,0,91.77057,7.730673,0,0
2022-06-26 04:48:24,0,0,0.2506266,0.5012531,0,87.21805,7.017544,0.5012531,0
2022-06-26 04:48:23,0,0,0.2506266,0,0,96.49123,3.007519,0,0
2022-06-26 04:48:22,0,0,0,0,0,98.25436,1.2468828,0.4987531,0
2022-06-26 04:48:21,0,0,0,0,0,99.24623,0.7537688,0,0
2022-06-26 04:48:20,0,0,0.2506266,0,0,97.74436,1.754386,0.2506266,0
2022-06-26 04:48:19,0,0,0.5,0,0,97.25,2,0.25,0
2022-06-26 04:48:18,0,0,0.4987531,0,0,98.00499,0.9975062,0.4987531,0
2022-06-26 04:48:17,0,0,0,0,0,98.50374,1.2468828,0.2493766,0
2022-06-26 04:48:16,0,0,0.25,0.25,0,98.25,1,0.25,0
2022-06-26 04:48:15,0,0,0.7518797,0.2506266,0,98.24561,0.7518797,0,0
2022-06-26 04:48:14,0,0,0.7481297,0,0,95.51122,3.241895,0.4987531,0
2022-06-26 04:48:13,0,0,0.7518797,0,0,96.99248,2.255639,0,0
2022-06-26 04:48:12,0,0,0.9950249,0.2487562,0,96.0199,2.487562,0.2487562,0
2022-06-26 04:48:11,0,0,0.2512563,0.2512563,0,97.23618,2.01005,0.2512563,0
2022-06-26 04:48:10,0,0,0.2493766,0,0,98.25436,1.2468828,0.2493766,0
2022-06-26 04:48:09,0,0,0.2512563,0.2512563,0,98.74372,0.7537688,0,0
2022-06-26 04:48:08,0,0,0.9925558,0.248139,0,95.5335,2.729529,0.4962779,0
2022-06-26 04:48:07,0,0,1.0075567,0,0,96.72544,1.763224,0.5037783,0
2022-06-26 04:48:06,0,0,0.7481297,0.4987531,0,96.25935,2.244389,0.2493766,0
2022-06-26 04:48:05,0,0,0.7462687,0,0,97.01493,1.741294,0.4975124,0
2022-06-26 04:48:04,0,0,0.2518892,0,0,98.99244,0.7556675,0,0
2022-06-26 04:48:03,0,0,0.2487562,0,0,99.00498,0.4975124,0.2487562,0
2022-06-26 04:48:02,0,0,0.5012531,0.5012531,0,96.49123,2.255639,0.2506266,0
2022-06-26 04:48:01,0,0,1,0.25,0,95.75,2.75,0.25,0
2022-06-26 04:48:00,0,0,0.75,0.25,0,97,1.75,0.25,0
2022-06-26 04:47:59,0,0,0.5,0,0,97,2.25,0.25,0
2022-06-26 04:47:58,0,0,0.5012531,0.2506266,0,98.49624,0.5012531,0.2506266,0
2022-06-26 04:47:57,0,0,0.4987531,0,0,98.25436,0.9975062,0.2493766,0
2022-06-26 04:47:56,0,0,0.2506266,0,0,98.24561,1.2531328,0.2506266,0
2022-06-26 04:47:55,0,0,0.7481297,0.4987531,0,97.00748,1.4962594,0.2493766,0
2022-06-26 04:47:54,0,0,1.0025063,0.2506266,0,96.99248,1.5037594,0.2506266,0
2022-06-26 04:47:53,0,0,0.7481297,0,0,97.25686,1.4962594,0.4987531,0
2022-06-26 04:47:52,0,0,0.75,0,0,96.75,2.5,0,0
2022-06-26 04:47:51,0,0,0.5012531,0,0,98.24561,1.0025063,0.2506266,0
2022-06-26 04:47:50,0,0,0.7481297,0.2493766,0,97.50623,1.2468828,0.2493766,0
2022-06-26 04:47:49,0,0,0.2506266,0,0,98.49624,1.2531328,0,0
2022-06-26 04:47:48,0,0,0.7462687,0.2487562,0,97.51244,0.9950249,0.4975124,0
2022-06-26 04:47:47,0,0,1.0050251,0.2512563,0,95.47739,2.763819,0.2512563,0
2022-06-26 04:47:46,0,0,0.7425743,0.4950495,0,95.29703,2.970297,0.4950495,0
2022-06-26 04:47:45,0,0,0.2518892,0,0,97.98489,1.2594458,0.5037783,0
2022-06-26 04:47:44,0,0,0.4987531,0,0,97.00748,2.493766,0,0
2022-06-26 04:47:43,0,0,0.5012531,0,0,96.49123,2.756892,0.2506266,0
2022-06-26 04:47:42,0,0,0.25,0,0,97.25,2,0.5,0
2022-06-26 04:47:41,0,0,0.7481297,0.2493766,0,95.7606,2.992519,0.2493766,0
2022-06-26 04:47:40,0,0,0.9950249,0.2487562,0,94.52736,3.731343,0.4975124,0
2022-06-26 04:47:39,0,0,0.7537688,0,0,97.48744,1.5075377,0.2512563,0
2022-06-26 04:47:38,0,0,0,0,0,98.5,1.25,0.25,0
2022-06-26 04:47:37,0,0,0.2506266,0,0,98.24561,1.5037594,0,0
2022-06-26 04:47:36,0,0,1,0,0,96.5,2.25,0.25,0
2022-06-26 04:47:35,0,0,0.25,0.25,0,97.25,2.25,0,0
2022-06-26 04:47:34,0,0,0.75,0.25,0,95,3.75,0.25,0
2022-06-26 04:47:33,0,0,1.2468828,0,0,93.76559,4.738155,0.2493766,0
2022-06-26 04:47:32,0,0,1.0025063,0.2506266,0,93.48371,5.012531,0.2506266,0
2022-06-26 04:47:31,0,0,1.2437811,0.4975124,0,90.29851,7.711443,0.2487562,0
2022-06-26 04:47:30,0,0,1.0075567,0,0,92.19144,6.801008,0,0
2022-06-26 04:47:29,0,0,0.5,0,0,92,7.25,0.25,0
2022-06-26 04:47:28,0,0,0,0.248139,0,94.54094,4.71464,0.4962779,0
2022-06-26 04:47:27,0,0,0.25,0,0,93.25,6,0.5,0
2022-06-26 04:47:26,0,0,0.25,0,0,91.25,8.5,0,0
2022-06-26 04:47:25,0,0,0.75,0.25,0,91.75,7,0.25,0
2022-06-26 04:47:24,0,0,0.7537688,0,0,89.94975,9.045226,0.2512563,0
2022-06-26 04:47:23,0,0,0.2512563,0,0,88.69347,9.798995,0.2512563,0
2022-06-26 04:47:22,0,0,0.2512563,0,0,95.9799,3.517588,0.2512563,0
2022-06-26 04:47:21,0,0,0,0,0,97,2.75,0.25,0
2022-06-26 04:47:20,0,0,0,0.2493766,0,97.50623,1.995012,0.2493766,0
2022-06-26 04:47:19,0,0,0.2493766,0,0,97.25686,2.244389,0,0
2022-06-26 04:47:18,0,0,0,0,0,98.49246,1.5075377,0,0
2022-06-26 04:47:17,0,0,0.2487562,0,0,98.50746,0.9950249,0.2487562,0
2022-06-26 04:47:16,0,0,0.2493766,0.2493766,0,98.00499,1.2468828,0.2493766,0
2022-06-26 04:47:15,0,0,0.7537688,0,0,97.23618,2.01005,0,0
2022-06-26 04:47:14,0,0,0.2493766,0,0,98.50374,0.9975062,0.2493766,0
2022-06-26 04:47:13,0,0,0.75,0.5,0,96.25,2.25,0.25,0
2022-06-26 04:47:12,0,0,0.5012531,0,0,97.49373,1.754386,0.2506266,0
2022-06-26 04:47:11,0,0,0,0,0,99.25,0.75,0,0
2022-06-26 04:47:10,0,0,0.2493766,0,0,98.00499,1.4962594,0.2493766,0
2022-06-26 04:47:09,0,0,0.75,0,0,96.5,2.25,0.5,0
2022-06-26 04:47:08,0,0,1,0.25,0,96,2.75,0,0
2022-06-26 04:47:07,0,0,0.5,0,0,98,1.25,0.25,0
2022-06-26 04:47:06,0,0,1.0050251,0,0,97.48744,1.5075377,0,0
2022-06-26 04:47:05,0,0,0.7444169,0.248139,0,97.02233,1.985112,0,0
2022-06-26 04:47:04,0,0,0.2512563,0,0,98.99497,0.5025126,0.2512563,0
2022-06-26 04:47:03,0,0,0.5,0.25,0,97.5,1.75,0,0
2022-06-26 04:47:02,0,0,0.5025126,0.5025126,0,97.48744,1.5075377,0,0
2022-06-26 04:47:01,0,0,0.7462687,0.2487562,0,96.76617,1.99005,0.2487562,0
2022-06-26 04:47:00,0,0,0.75,0,0,96.5,2.75,0,0
2022-06-26 04:46:59,0,0,1.0050251,0,0,96.98492,2.01005,0,0
2022-06-26 04:46:58,0,0,0.7462687,0,0,97.51244,1.4925373,0.2487562,0
2022-06-26 04:46:57,0,0,0.7481297,0.2493766,0,97.25686,1.4962594,0.2493766,0
2022-06-26 04:46:56,0,0,0.2512563,0.2512563,0,98.74372,0.7537688,0,0
2022-06-26 04:46:55,0,0,0.2487562,0.2487562,0,98.25871,0.9950249,0.2487562,0
2022-06-26 04:46:54,0,0,0.5025126,0,0,98.49246,1.0050251,0,0
2022-06-26 04:46:53,0,0,1.2468828,0.4987531,0,95.51122,2.244389,0.4987531,0
2022-06-26 04:46:52,0,0,0.75,0.25,0,96.75,1.75,0.5,0
2022-06-26 04:46:51,0,0,0.7518797,0,0,97.49373,1.754386,0,0
2022-06-26 04:46:50,0,0,0.4987531,0,0,98.00499,1.2468828,0.2493766,0
2022-06-26 04:46:49,0,0,0,0,0,99.24812,0.7518797,0,0
2022-06-26 04:46:48,0,0,0.2493766,0,0,98.75312,0.7481297,0.2493766,0
2022-06-26 04:46:47,0,0,0.7518797,0.2506266,0,96.74185,2.005013,0.2506266,0
2022-06-26 04:46:46,0,0,0.9975062,0.2493766,0,96.25935,1.995012,0.4987531,0
2022-06-26 04:46:45,0,0,0.7518797,0,0,97.24311,2.005013,0,0
2022-06-26 04:46:44,0,0,0.9975062,0.2493766,0,95.7606,2.743142,0.2493766,0
2022-06-26 04:46:43,0,0,0.5,0.25,0,97,1.75,0.5,0
2022-06-26 04:46:42,0,0,0,0,0,99.24812,0.7518797,0,0
2022-06-26 04:46:41,0,0,0,0,0,99.25,0.75,0,0
2022-06-26 04:46:40,0,0,0.2506266,0,0,97.24311,2.255639,0.2506266,0
2022-06-26 04:46:39,0,0,0.9950249,0.2487562,0,95.52239,2.985075,0.2487562,0
2022-06-26 04:46:38,0,0,1.2531328,0.5012531,0,93.98496,4.010025,0.2506266,0
2022-06-26 04:46:37,0,0,0.75,0.25,0,95.75,3,0.25,0
2022-06-26 04:46:36,0,0,0.7518797,0,0,96.99248,2.005013,0.2506266,0
2022-06-26 04:46:35,0,0,0.5,0,0,98,1.25,0.25,0
2022-06-26 04:46:34,0,0,0,0.25,0,98.25,1.5,0,0
2022-06-26 04:46:33,0,0,0,0,0,99,0.5,0.5,0
2022-06-26 04:46:32,0,0,0.2493766,0,0,97.75561,1.745636,0.2493766,0
2022-06-26 04:46:31,0,0,0.7462687,0.2487562,0,95.27363,3.482587,0.2487562,0
2022-06-26 04:46:30,0,0,1.2562814,0.2512563,0,95.22613,3.266332,0,0
2022-06-26 04:46:29,0,0,1.745636,0.2493766,0,90.27431,7.730673,0,0
2022-06-26 04:46:28,0,0,2,0.75,0,86.75,9.5,1,0
2022-06-26 04:46:27,0,0,1.25,0.25,0,89.75,8.5,0.25,0
2022-06-26 04:46:26,0,0,0.2506266,0,0,91.72932,7.518797,0.5012531,0
2022-06-26 04:46:25,0,0,0.5012531,0,0,93.48371,5.764411,0.2506266,0
2022-06-26 04:46:24,0,0,0,0.25,0,93.5,6.25,0,0
2022-06-26 04:46:23,0,0,0,0,0,95.02488,4.477612,0.4975124,0
2022-06-26 04:46:22,0,0,0.25,0,0,92,7.5,0.25,0
2022-06-26 04:46:21,0,0,0.2518892,0,0,89.16877,9.571788,0.2518892,0
2022-06-26 04:46:20,0,0,0,0,0,86.53367,10.972569,0.2493766,0
2022-06-26 04:46:19,0,0,0.25,0.25,0,96.75,2.5,0.25,0
2022-06-26 04:46:18,0,0,0,0,0,98.24121,1.2562814,0.5025126,0
2022-06-26 04:46:17,0,0,0,0.2493766,0,98.75312,0.7481297,0.2493766,0
2022-06-26 04:46:16,0,0,0.25,0,0,98.75,0.75,0.25,0
2022-06-26 04:46:15,0,0,0,0,0,98.74687,1.0025063,0.2506266,0
2022-06-26 04:46:14,0,0,0,0,0,99.49875,0.5012531,0,0
2022-06-26 04:46:13,0,0,0.2487562,0.2487562,0,97.51244,1.741294,0.2487562,0
2022-06-26 04:46:12,0,0,0.2493766,0.2493766,0,97.25686,1.995012,0.2493766,0
2022-06-26 04:46:11,0,0,1.0025063,0.2506266,0,95.98997,2.506266,0.2506266,0
2022-06-26 04:46:10,0,0,1.0050251,0.2512563,0,96.23116,2.261307,0.2512563,0
2022-06-26 04:46:09,0,0,0.25,0.25,0,98.75,0.5,0.25,0
2022-06-26 04:46:08,0,0,0,0,0,99.25187,0.4987531,0.2493766,0
2022-06-26 04:46:07,0,0,0.2487562,0,0,98.50746,0.9950249,0.2487562,0
2022-06-26 04:46:06,0,0,0.5025126,0.2512563,0,96.48241,2.763819,0,0
2022-06-26 04:46:05,0,0,1.0025063,0.2506266,0,96.2406,2.255639,0.2506266,0
2022-06-26 04:46:04,0,0,1.2406948,0.248139,0,95.5335,2.729529,0.248139,0
2022-06-26 04:46:03,0,0,0.7518797,0.2506266,0,96.99248,1.754386,0.2506266,0
2022-06-26 04:46:02,0,0,0.5,0,0,98.25,1,0.25,0
2022-06-26 04:46:01,0,0,0,0.25,0,98.75,0.75,0.25,0
2022-06-26 04:46:00,0,0,0,0,0,99.25187,0.4987531,0.2493766,0
2022-06-26 04:45:59,0,0,0.5025126,0.2512563,0,97.48744,1.5075377,0.2512563,0
2022-06-26 04:45:58,0,0,1.25,0,0,95.75,3,0,0
2022-06-26 04:45:57,0,0,1.2437811,0.2487562,0,95.02488,2.985075,0.4975124,0
2022-06-26 04:45:56,0,0,0.7537688,0,0,96.23116,3.015075,0,0
2022-06-26 04:45:55,0,0,0.5,0,0,97.5,1.5,0.5,0
2022-06-26 04:45:54,0,0,0.2493766,0,0,98.75312,0.9975062,0,0
2022-06-26 04:45:53,0,0,0,0.25,0,98.5,1,0.25,0
2022-06-26 04:45:52,0,0,0.5012531,0.2506266,0,96.99248,2.005013,0.2506266,0
2022-06-26 04:45:51,0,0,1.2531328,0,0,95.48872,3.007519,0.2506266,0
2022-06-26 04:45:50,0,0,1.2468828,0.4987531,0,94.76309,2.743142,0.7481297,0
2022-06-26 04:45:49,0,0,0.7481297,0,0,97.50623,1.745636,0,0
2022-06-26 04:45:48,0,0,0.4987531,0.2493766,0,97.25686,1.4962594,0.4987531,0
2022-06-26 04:45:47,0,0,0.2506266,0,0,98.74687,0.7518797,0.2506266,0
2022-06-26 04:45:46,0,0,0,0,0,99.00249,0.7481297,0.2493766,0
2022-06-26 04:45:45,0,0,0.7518797,0.2506266,0,97.49373,1.2531328,0.2506266,0
2022-06-26 04:45:44,0,0,1.2531328,0.2506266,0,95.48872,3.007519,0,0
2022-06-26 04:45:43,0,0,1.2531328,0.7518797,0,94.73684,3.007519,0.2506266,0
2022-06-26 04:45:42,0,0,0.4962779,0.248139,0,97.02233,2.233251,0,0
2022-06-26 04:45:41,0,0,0.5025126,0,0,97.98995,1.5075377,0,0
2022-06-26 04:45:40,0,0,0,0,0,99,0.75,0.25,0
2022-06-26 04:45:39,0,0,0,0.25,0,98.25,1,0.5,0
2022-06-26 04:45:38,0,0,0.7481297,0.2493766,0,97.50623,1.2468828,0.2493766,0
2022-06-26 04:45:37,0,0,0.4987531,0.4987531,0,95.01247,3.491272,0.4987531,0
2022-06-26 04:45:36,0,0,1.5037594,0,0,95.48872,3.007519,0,0
2022-06-26 04:45:35,0,0,1.0025063,0,0,94.73684,4.010025,0.2506266,0
2022-06-26 04:45:34,0,0,0.2493766,0.2493766,0,97.50623,1.995012,0,0
2022-06-26 04:45:33,0,0,0.5025126,0.2512563,0,97.48744,1.2562814,0.5025126,0
2022-06-26 04:45:32,0,0,0,0,0,99.25,0.5,0.25,0
2022-06-26 04:45:31,0,0,0.25,0,0,97.5,2,0.25,0
2022-06-26 04:45:30,0,0,0.4962779,0.4962779,0,96.77419,2.233251,0,0
2022-06-26 04:45:29,0,0,0.5037783,0,0,95.71788,3.778338,0,0
2022-06-26 04:45:28,0,0,1.2406948,0.248139,0,93.54839,4.466501,0.4962779,0
2022-06-26 04:45:27,0,0,1.5037594,0.5012531,0,92.4812,5.263158,0.2506266,0
2022-06-26 04:45:26,0,0,1.2531328,0.2506266,0,90.72682,7.017544,0.7518797,0
2022-06-26 04:45:25,0,0,1.995012,0.2493766,0,86.78304,10.723192,0.2493766,0
2022-06-26 04:45:24,0,0,0.7537688,0,0,90.95477,7.788945,0.5025126,0
2022-06-26 04:45:23,0,0,0,0,0,93.53234,6.467662,0,0
2022-06-26 04:45:22,0,0,0.25,0,0,94.25,5,0.5,0
2022-06-26 04:45:21,0,0,0,0,0,92.5187,7.23192,0.2493766,0
2022-06-26 04:45:20,0,0,0,0,0,93.96985,5.527638,0.5025126,0
2022-06-26 04:45:19,0,0,0,0.25,0,91.25,8,0.25,0
2022-06-26 04:45:18,0,0,0.25,0,0,87,8.5,0.25,0
2022-06-26 04:45:17,0,0,0,0.2512563,0,96.48241,3.015075,0.2512563,0
2022-06-26 04:45:16,0,0,0.25,0,0,96.5,2.75,0.5,0
2022-06-26 04:45:15,0,0,0,0,0,99,1,0,0
2022-06-26 04:45:14,0,0,0,0,0,99.25,0.5,0.25,0
2022-06-26 04:45:13,0,0,0.2487562,0,0,98.00995,0.9950249,0.7462687,0
2022-06-26 04:45:12,0,0,0.5,0,0,98.25,1.25,0,0
2022-06-26 04:45:11,0,0,0,0,0,98.99244,0.7556675,0.2518892,0
2022-06-26 04:45:10,0,0,0.248139,0,0,98.01489,1.4888337,0.248139,0
2022-06-26 04:45:09,0,0,0.7537688,0.2512563,0,97.23618,1.758794,0,0
2022-06-26 04:45:08,0,0,0.7481297,0.2493766,0,97.25686,1.4962594,0.2493766,0
2022-06-26 04:45:07,0,0,0.5,0.25,0,97.25,1.75,0.25,0
2022-06-26 04:45:06,0,0,0.2512563,0,0,98.24121,1.2562814,0.2512563,0
2022-06-26 04:45:05,0,0,0.4987531,0,0,98.00499,1.2468828,0.2493766,0
2022-06-26 04:45:04,0,0,0.25,0.25,0,98,1.25,0.25,0
2022-06-26 04:45:03,0,0,0.5012531,0,0,96.49123,2.506266,0.5012531,0
2022-06-26 04:45:02,0,0,1.2406948,0.248139,0,96.27792,1.985112,0.248139,0
2022-06-26 04:45:01,0,0,1.0025063,0.2506266,0,96.49123,2.005013,0,0
2022-06-26 04:45:00,0,0,0.7537688,0.2512563,0,96.73367,2.261307,0,0
2022-06-26 04:44:59,0,0,0.2493766,0.2493766,0,97.75561,0.9975062,0.7481297,0
2022-06-26 04:44:58,0,0,0,0,0,98.99749,1.0025063,0,0
2022-06-26 04:44:57,0,0,0.4975124,0,0,97.26368,1.741294,0.4975124,0
2022-06-26 04:44:56,0,0,1.2531328,0,0,95.98997,2.506266,0.2506266,0
2022-06-26 04:44:55,0,0,1.2468828,0.2493766,0,95.51122,2.743142,0.2493766,0
2022-06-26 04:44:54,0,0,0.5012531,0,0,97.74436,1.5037594,0.2506266,0
2022-06-26 04:44:53,0,0,1,0,0,96.5,2.5,0,0
2022-06-26 04:44:52,0,0,0,0,0,98.99749,0.7518797,0.2506266,0
2022-06-26 04:44:51,0,0,0.2493766,0,0,98.75312,0.9975062,0,0
2022-06-26 04:44:50,0,0,0.5,0,0,98.25,1,0.25,0
2022-06-26 04:44:49,0,0,0.7518797,0,0,97.49373,1.5037594,0.2506266,0
2022-06-26 04:44:48,0,0,1.0025063,0.2506266,0,95.48872,3.258145,0,0
2022-06-26 04:44:47,0,0,0.9950249,0.2487562,0,96.51741,1.99005,0.2487562,0
2022-06-26 04:44:46,0,0,0.7481297,0,0,97.00748,1.995012,0.2493766,0
2022-06-26 04:44:45,0,0,0,0,0,99.74874,0.2512563,0,0
2022-06-26 04:44:44,0,0,0,0,0,98.75622,0.7462687,0.4975124,0
2022-06-26 04:44:43,0,0,0.5025126,0,0,98.24121,1.2562814,0,0
2022-06-26 04:44:42,0,0,1.25,0.25,0,95.75,2.25,0.5,0
2022-06-26 04:44:41,0,0,0.9975062,0.2493766,0,95.26185,3.241895,0.2493766,0
2022-06-26 04:44:40,0,0,0.5012531,0,0,98.74687,0.7518797,0,0
2022-06-26 04:44:39,0,0,0.9950249,0.2487562,0,96.0199,2.238806,0.4975124,0
2022-06-26 04:44:38,0,0,0.5012531,0,0,98.24561,1.2531328,0,0
2022-06-26 04:44:37,0,0,0,0,0,98.49624,1.2531328,0.2506266,0
2022-06-26 04:44:36,0,0,0,0,0,98.75622,0.9950249,0.2487562,0
2022-06-26 04:44:35,0,0,0.7518797,0,0,93.98496,5.012531,0.2506266,0
2022-06-26 04:44:34,0,0,1.2468828,0.2493766,0,95.51122,2.743142,0.2493766,0
2022-06-26 04:44:33,0,0,0.75,0,0,96.75,2.25,0.25,0
2022-06-26 04:44:32,0,0,0.5,0.25,0,96.75,2.25,0.25,0
2022-06-26 04:44:31,0,0,0.75,0,0,96.75,2.25,0.25,0
2022-06-26 04:44:30,0,0,0.2506266,0,0,98.24561,1.2531328,0.2506266,0
2022-06-26 04:44:29,0,0,0,0,0,98.99749,1.0025063,0,0
2022-06-26 04:44:28,0,0,0.2493766,0,0,98.25436,1.2468828,0.2493766,0
2022-06-26 04:44:27,0,0,0.2506266,0.2506266,0,97.99499,1.2531328,0.2506266,0
2022-06-26 04:44:26,0,0,1.2468828,0,0,93.76559,4.738155,0.2493766,0
2022-06-26 04:44:25,0,0,1.754386,0.5012531,0,90.47619,7.017544,0.2506266,0
2022-06-26 04:44:24,0,0,1.4962594,0.2493766,0,92.01995,6.234414,0,0
2022-06-26 04:44:23,0,0,0.7518797,0.2506266,0,91.4787,7.26817,0.2506266,0
2022-06-26 04:44:22,0,0,0.9975062,0.2493766,0,91.5212,6.733167,0.4987531,0
2022-06-26 04:44:21,0,0,0.5,0,0,92.5,6.75,0.25,0
2022-06-26 04:44:20,0,0,0.5,0.25,0,92.75,6.25,0.25,0
2022-06-26 04:44:19,0,0,0,0,0,91.97995,7.769424,0.2506266,0
2022-06-26 04:44:18,0,0,0,0,0,93.25,6.25,0.5,0
2022-06-26 04:44:17,0,0,0.2487562,0,0,91.54229,7.711443,0.4975124,0
2022-06-26 04:44:16,0,0,0,0,0,89.72431,9.022556,0.2506266,0
2022-06-26 04:44:15,0,0,0,0.25,0,94,4.75,0.25,0
2022-06-26 04:44:14,0,0,0.2487562,0,0,94.52736,4.726368,0.2487562,0
2022-06-26 04:44:13,0,0,0.2506266,0,0,97.49373,2.255639,0,0
2022-06-26 04:44:12,0,0,0,0,0,99.49875,0.5012531,0,0
2022-06-26 04:44:11,0,0,0,0,0,98.50374,1.2468828,0.2493766,0
2022-06-26 04:44:10,0,0,0,0,0,98.99749,1.0025063,0,0
2022-06-26 04:44:09,0,0,0.248139,0,0,98.51117,0.7444169,0.4962779,0
2022-06-26 04:44:08,0,0,0.5012531,0.2506266,0,97.49373,1.754386,0,0
2022-06-26 04:44:07,0,0,0.75,0.25,0,97,1.75,0.25,0
2022-06-26 04:44:06,0,0,0.5025126,0,0,96.73367,2.763819,0,0
2022-06-26 04:44:05,0,0,0.5,0,0,98.25,1.25,0,0
2022-06-26 04:44:04,0,0,0.7462687,0,0,97.26368,1.741294,0.2487562,0
2022-06-26 04:44:03,0,0,0,0.25,0,98,1.5,0.25,0
2022-06-26 04:44:02,0,0,0.2512563,0,0,98.24121,1.5075377,0,0
2022-06-26 04:44:01,0,0,0.7518797,0,0,97.49373,1.5037594,0.2506266,0
2022-06-26 04:44:00,0,0,0.9950249,0,0,97.51244,1.2437811,0.2487562,0
2022-06-26 04:43:59,0,0,0.7518797,0.2506266,0,96.49123,2.506266,0,0
2022-06-26 04:43:58,0,0,0.5,0.25,0,97.25,1.5,0.5,0
2022-06-26 04:43:57,0,0,0.4975124,0.2487562,0,97.51244,1.2437811,0.4975124,0
2022-06-26 04:43:56,0,0,0.2506266,0,0,98.74687,1.0025063,0,0
2022-06-26 04:43:55,0,0,0.2506266,0,0,98.74687,1.0025063,0,0
2022-06-26 04:43:54,0,0,0.75,0,0,96.5,2.25,0.5,0
2022-06-26 04:43:53,0,0,0.9975062,0.2493766,0,96.25935,1.995012,0.4987531,0
2022-06-26 04:43:52,0,0,0.7518797,0,0,96.99248,2.255639,0,0
2022-06-26 04:43:51,0,0,0.9975062,0.2493766,0,96.50873,2.244389,0,0
2022-06-26 04:43:50,0,0,0.2493766,0,0,98.00499,1.2468828,0.4987531,0
2022-06-26 04:43:49,0,0,0,0.2506266,0,99.24812,0.5012531,0,0
2022-06-26 04:43:48,0,0,0.25,0,0,98.5,1,0.25,0
2022-06-26 04:43:47,0,0,0.75,0,0,97.5,1.5,0.25,0
2022-06-26 04:43:46,0,0,0.7518797,0,0,96.99248,2.005013,0.2506266,0
2022-06-26 04:43:45,0,0,1.2468828,0,0,96.25935,2.244389,0.2493766,0
2022-06-26 04:43:44,0,0,1,0,0,95.75,3,0.25,0
2022-06-26 04:43:43,0,0,0.2506266,0,0,98.74687,1.0025063,0,0
2022-06-26 04:43:42,0,0,0,0,0,99.25,0.5,0.25,0
2022-06-26 04:43:41,0,0,0.25,0,0,97.75,1.75,0.25,0
2022-06-26 04:43:40,0,0,0.9975062,0.2493766,0,95.7606,2.493766,0.4987531,0
2022-06-26 04:43:39,0,0,0.7518797,0.2506266,0,95.98997,2.756892,0.2506266,0
2022-06-26 04:43:38,0,0,1,0.25,0,95.75,2.75,0.25,0
2022-06-26 04:43:37,0,0,0.7481297,0.4987531,0,96.25935,2.244389,0.2493766,0
2022-06-26 04:43:36,0,0,0.5,0.25,0,97.75,1.25,0,0.25
2022-06-26 04:43:35,0,0,0.25,0,0,98,1.5,0.25,0
2022-06-26 04:43:34,0,0,0,0,0,99.25373,0.7462687,0,0
2022-06-26 04:43:33,0,0,0.5025126,0,0,97.73869,1.2562814,0.5025126,0
2022-06-26 04:43:32,0,0,1.25,0.5,0,94.25,3.75,0.25,0
2022-06-26 04:43:31,0,0,1.25,0,0,93.75,4.75,0.25,0
2022-06-26 04:43:30,0,0,0.75,0,0,95.75,3.25,0.25,0
2022-06-26 04:43:29,0,0,0.4975124,0.2487562,0,96.51741,2.487562,0.2487562,0
2022-06-26 04:43:28,0,0,0.2512563,0,0,98.24121,1.2562814,0.2512563,0
2022-06-26 04:43:27,0,0,0.248139,0,0,99.00744,0.4962779,0.248139,0
2022-06-26 04:43:26,0,0,0,0,0,99.24433,0.7556675,0,0
2022-06-26 04:43:25,0,0,1,0,0,97.5,1.25,0.25,0
2022-06-26 04:43:24,0,0,0.7537688,0,0,95.72864,3.266332,0.2512563,0
2022-06-26 04:43:23,0,0,1.4962594,0,0,93.26683,4.987531,0.2493766,0
2022-06-26 04:43:22,0,0,1.741294,0.7462687,0,91.04478,6.218905,0.2487562,0
2022-06-26 04:43:21,0,0,1.5,0.25,0,91.75,6.25,0.25,0
2022-06-26 04:43:20,0,0,1.2531328,0.5012531,0,85.71429,12.531328,0,0
2022-06-26 04:43:19,0,0,0.5012531,0,0,93.73434,5.513784,0.2506266,0
2022-06-26 04:43:18,0,0,0.25,0,0,93,6.5,0.25,0
2022-06-26 04:43:17,0,0,0,0,0,95.75,3.75,0.5,0
2022-06-26 04:43:16,0,0,0,0,0,93.23308,6.265664,0.5012531,0
2022-06-26 04:43:15,0,0,0,0,0,92.0398,7.711443,0.2487562,0
2022-06-26 04:43:14,0,0,0.2493766,0.2493766,0,91.77057,7.481297,0.2493766,0
2022-06-26 04:43:13,0,0,0.2512563,0.7537688,0,80.15075,10.552764,0.2512563,0
2022-06-26 04:43:12,0,0,0,0,0,96,3.75,0.25,0
2022-06-26 04:43:11,0,0,0.2512563,0,0,98.74372,1.0050251,0,0
2022-06-26 04:43:10,0,0,0,0,0,99.25,0.5,0.25,0
2022-06-26 04:43:09,0,0,0,0,0,98.75,1.25,0,0
2022-06-26 04:43:08,0,0,0.2493766,0,0,99.00249,0.4987531,0.2493766,0
2022-06-26 04:43:07,0,0,0,0,0,98.75,1,0.25,0
2022-06-26 04:43:06,0,0,0.2506266,0,0,98.24561,1.2531328,0.2506266,0
2022-06-26 04:43:05,0,0,0.2506266,0,0,97.99499,1.5037594,0.2506266,0
2022-06-26 04:43:04,0,0,0.4987531,0.2493766,0,96.25935,2.743142,0.2493766,0
2022-06-26 04:43:03,0,0,1.25,0.25,0,95.5,2.5,0.5,0
2022-06-26 04:43:02,0,0,0.4987531,0,0,98.00499,0.9975062,0.4987531,0
2022-06-26 04:43:01,0,0,0,0,0,99.00249,0.7481297,0.2493766,0
2022-06-26 04:43:00,0,0,0,0,0,98.75,1,0.25,0
2022-06-26 04:42:59,0,0,0.5025126,0,0,97.48744,2.01005,0,0
2022-06-26 04:42:58,0,0,0.4987531,0,0,98.25436,0.7481297,0.4987531,0
2022-06-26 04:42:57,0,0,1.0025063,0.5012531,0,94.98747,3.508772,0,0
2022-06-26 04:42:56,0,0,1.2468828,0.2493766,0,95.7606,2.493766,0.2493766,0
2022-06-26 04:42:55,0,0,0.5012531,0,0,97.74436,1.2531328,0.5012531,0
2022-06-26 04:42:54,0,0,0,0.2493766,0,98.00499,1.4962594,0.2493766,0
2022-06-26 04:42:53,0,0,0,0,0,99.24623,0.5025126,0.2512563,0
2022-06-26 04:42:52,0,0,0.4975124,0,0,98.00995,0.9950249,0.4975124,0
2022-06-26 04:42:51,0,0,0.7518797,0,0,95.98997,2.756892,0.5012531,0
2022-06-26 04:42:50,0,0,1.2531328,0,0,95.98997,2.756892,0,0
2022-06-26 04:42:49,0,0,1.2437811,0.2487562,0,95.77114,2.487562,0.2487562,0
2022-06-26 04:42:48,0,0,0.5,0.25,0,96.75,2.5,0,0
2022-06-26 04:42:47,0,0,0.2506266,0,0,98.49624,1.0025063,0.2506266,0
2022-06-26 04:42:46,0,0,0,0,0,99.25187,0.4987531,0.2493766,0
2022-06-26 04:42:45,0,0,0.5012531,0,0,97.74436,1.754386,0,0
2022-06-26 04:42:44,0,0,0.9975062,0.2493766,0,95.7606,2.493766,0.4987531,0
2022-06-26 04:42:43,0,0,0.7518797,0,0,96.74185,2.506266,0,0
2022-06-26 04:42:42,0,0,1.2468828,0.2493766,0,95.51122,2.743142,0.2493766,0
2022-06-26 04:42:41,0,0,0.5,0,0,97.5,1.75,0.25,0
2022-06-26 04:42:40,0,0,0,0,0,99.49875,0.5012531,0,0
2022-06-26 04:42:39,0,0,0,0,0,98.99749,1.0025063,0,0
2022-06-26 04:42:38,0,0,0.4975124,0,0,98.00995,0.9950249,0.4975124,0
2022-06-26 04:42:37,0,0,1.0025063,0.2506266,0,96.2406,2.506266,0,0
2022-06-26 04:42:36,0,0,1.25,0.5,0,95,3.25,0,0
2022-06-26 04:42:35,0,0,0.9975062,0.2493766,0,96.00998,2.493766,0.2493766,0
2022-06-26 04:42:34,0,0,0.2512563,0,0,98.99497,0.7537688,0,0
2022-06-26 04:42:33,0,0,0.2493766,0,0,98.75312,0.7481297,0.2493766,0
2022-06-26 04:42:32,0,0,0,0,0,98.50374,1.2468828,0.2493766,0
2022-06-26 04:42:31,0,0,0.2512563,0,0,98.74372,0.7537688,0.2512563,0
2022-06-26 04:42:30,0,0,0.7481297,0.2493766,0,96.7581,1.995012,0.2493766,0
2022-06-26 04:42:29,0,0,1.0050251,0,0,94.22111,4.773869,0,0
2022-06-26 04:42:28,0,0,2.244389,0.2493766,0,92.26933,4.738155,0.4987531,0
2022-06-26 04:42:27,0,0,0.5,0.25,0,97.25,1.75,0.25,0
2022-06-26 04:42:26,0,0,0.4987531,0,0,97.00748,2.244389,0.2493766,0
2022-06-26 04:42:25,0,0,0.25,0,0,98.75,0.75,0.25,0
2022-06-26 04:42:24,0,0,0.25,0,0,99.25,0.25,0.25,0
2022-06-26 04:42:23,0,0,0,0,0,97.25,2.5,0.25,0
2022-06-26 04:42:22,0,0,0.75,0,0,96.5,2.75,0,0
2022-06-26 04:42:21,0,0,1.0025063,0.2506266,0,93.23308,3.759398,1.754386,0
2022-06-26 04:42:20,0,0,1.75,0.75,0,91.75,5.75,0,0
2022-06-26 04:42:19,0,0,1.4962594,0,0,92.01995,5.985037,0.4987531,0
2022-06-26 04:42:18,0,0,1.745636,0,0,89.27681,8.478803,0.2493766,0
2022-06-26 04:42:17,0,0,0.75,0.25,0,89.5,9.25,0.25,0
2022-06-26 04:42:16,0,0,0.4987531,0.2493766,0,95.01247,4.239401,0,0
2022-06-26 04:42:15,0,0,0,0,0,94.22111,5.527638,0.2512563,0
2022-06-26 04:42:14,0,0,0,0.2487562,0,93.53234,5.721393,0.2487562,0
2022-06-26 04:42:13,0,0,0,0,0,93.98496,5.764411,0.2506266,0
2022-06-26 04:42:12,0,0,0.2506266,0,0,92.73183,6.766917,0.2506266,0
2022-06-26 04:42:11,0,0,0,0.2487562,0,85.32338,8.955224,0.2487562,0
2022-06-26 04:42:10,0,0,0.25,0.5,0,82.5,7.5,0.25,0
2022-06-26 04:42:09,0,0,0,0,0,96.74185,3.258145,0,0
2022-06-26 04:42:08,0,0,0.2506266,0,0,98.74687,0.7518797,0.2506266,0
2022-06-26 04:42:07,0,0,0,0,0,98.24561,1.754386,0,0
2022-06-26 04:42:06,0,0,0,0,0,99.25,0.5,0.25,0
2022-06-26 04:42:05,0,0,0.2493766,0,0,98.75312,0.7481297,0.2493766,0
2022-06-26 04:42:04,0,0,0,0.2493766,0,98.50374,0.9975062,0.2493766,0
2022-06-26 04:42:03,0,0,0.5012531,0.2506266,0,97.99499,1.0025063,0.2506266,0
2022-06-26 04:42:02,0,0,0.25,0,0,98.5,1.25,0,0
2022-06-26 04:42:01,0,0,0.7518797,0,0,95.73935,3.258145,0.2506266,0
2022-06-26 04:42:00,0,0,0.9925558,0.248139,0,96.02978,2.48139,0.248139,0
2022-06-26 04:41:59,0,0,0.2506266,0,0,98.74687,0.7518797,0.2506266,0
2022-06-26 04:41:58,0,0,0.25,0,0,98.5,1,0.25,0
2022-06-26 04:41:57,0,0,0.2493766,0,0,98.25436,1.2468828,0.2493766,0
2022-06-26 04:41:56,0,0,0.5012531,0,0,97.99499,1.0025063,0.5012531,0
2022-06-26 04:41:55,0,0,0.7575758,0.2525253,0,95.9596,2.777778,0.2525253,0
2022-06-26 04:41:54,0,0,1.2437811,0.2487562,0,96.26866,2.238806,0,0
2022-06-26 04:41:53,0,0,0.7481297,0.2493766,0,96.50873,2.244389,0.2493766,0
2022-06-26 04:41:52,0,0,0.5,0.25,0,97.25,1.75,0.25,0
2022-06-26 04:41:51,0,0,0.2487562,0,0,98.50746,0.9950249,0.2487562,0
2022-06-26 04:41:50,0,0,0.2506266,0,0,98.99749,0.7518797,0,0
2022-06-26 04:41:49,0,0,0.5,0,0,98.5,0.75,0.25,0
2022-06-26 04:41:48,0,0,0.75,0.25,0,96.75,2,0.25,0
2022-06-26 04:41:47,0,0,1.0050251,0,0,96.73367,2.01005,0.2512563,0
2022-06-26 04:41:46,0,0,1.2406948,0,0,95.5335,2.729529,0.4962779,0
2022-06-26 04:41:45,0,0,0.2506266,0.2506266,0,97.24311,2.005013,0.2506266,0
2022-06-26 04:41:44,0,0,0,0,0,99.24623,0.7537688,0,0
2022-06-26 04:41:43,0,0,0.25,0,0,98.5,1,0.25,0
2022-06-26 04:41:42,0,0,0.4987531,0,0,97.50623,1.995012,0,0
2022-06-26 04:41:41,0,0,0.7481297,0,0,98.00499,0.9975062,0.2493766,0
2022-06-26 04:41:40,0,0,1.010101,0,0,95.9596,2.525253,0.5050505,0
2022-06-26 04:41:39,0,0,0.9925558,0.4962779,0,95.78164,2.48139,0.248139,0
2022-06-26 04:41:38,0,0,0.5,0.25,0,98.5,0.75,0,0
2022-06-26 04:41:37,0,0,0,0,0,99.24812,0.7518797,0,0
2022-06-26 04:41:36,0,0,0,0,0,98.75,1,0.25,0
2022-06-26 04:41:35,0,0,0.75,0.25,0,97,1.5,0.5,0
2022-06-26 04:41:34,0,0,1,0,0,96.25,2.5,0.25,0
2022-06-26 04:41:33,0,0,1.0050251,0.2512563,0,95.47739,3.015075,0.2512563,0
2022-06-26 04:41:32,0,0,0.9950249,0,0,96.76617,1.99005,0.2487562,0
2022-06-26 04:41:31,0,0,0.75,0,0,97,2,0.25,0
2022-06-26 04:41:30,0,0,0,0.2487562,0,98.25871,1.2437811,0.2487562,0
2022-06-26 04:41:29,0,0,0,0,0,99.49749,0.5025126,0,0
2022-06-26 04:41:28,0,0,0.2506266,0,0,97.74436,1.5037594,0.5012531,0
2022-06-26 04:41:27,0,0,1,0.25,0,94.75,4,0,0
2022-06-26 04:41:26,0,0,1.2468828,0.4987531,0,95.01247,2.992519,0.2493766,0
2022-06-26 04:41:25,0,0,0.4987531,0.2493766,0,97.75561,1.2468828,0.2493766,0
2022-06-26 04:41:24,0,0,1.2531328,0,0,95.73935,3.007519,0,0
2022-06-26 04:41:23,0,0,0.25,0.25,0,97.5,1.5,0.5,0
2022-06-26 04:41:22,0,0,0.5,0.25,0,98.25,1,0,0
2022-06-26 04:41:21,0,0,0,0,0,99.25,0.75,0,0
2022-06-26 04:41:20,0,0,0.2487562,0,0,98.50746,0.9950249,0.2487562,0
2022-06-26 04:41:19,0,0,0.9975062,0.2493766,0,95.01247,3.491272,0.2493766,0
2022-06-26 04:41:18,0,0,1.0025063,0,0,92.4812,6.265664,0.2506266,0
2022-06-26 04:41:17,0,0,1.5037594,0.2506266,0,90.72682,7.017544,0.5012531,0
2022-06-26 04:41:16,0,0,1.754386,0.7518797,0,89.97494,7.518797,0,0
2022-06-26 04:41:15,0,0,1.2437811,0.2487562,0,90.29851,7.711443,0.2487562,0
2022-06-26 04:41:14,0,0,0.5037783,0,0,94.71033,4.785894,0,0
2022-06-26 04:41:13,0,0,0.2487562,0,0,92.0398,7.21393,0.4975124,0
2022-06-26 04:41:12,0,0,0.25,0,0,95.25,4,0.5,0
2022-06-26 04:41:11,0,0,0,0,0,94.25,5.25,0.25,0
2022-06-26 04:41:10,0,0,0,0,0,92.26933,7.23192,0.4987531,0
2022-06-26 04:41:09,0,0,0,0.2506266,0,87.7193,11.779449,0,0
2022-06-26 04:41:08,0,0,0.25,0,0,92,6.5,0.5,0
2022-06-26 04:41:07,0,0,0,0.2506266,0,96.2406,3.258145,0.2506266,0
2022-06-26 04:41:06,0,0,0.2493766,0,0,96.00998,3.491272,0.2493766,0
2022-06-26 04:41:05,0,0,0,0,0,98.99244,1.0075567,0,0
2022-06-26 04:41:04,0,0,0.25,0,0,99,0.75,0,0
2022-06-26 04:41:03,0,0,0,0.2487562,0,99.00498,0.4975124,0.2487562,0
2022-06-26 04:41:02,0,0,0,0,0,98.99497,0.5025126,0.5025126,0
2022-06-26 04:41:01,0,0,0.2475248,0.2475248,0,97.77228,1.4851485,0.2475248,0
2022-06-26 04:41:00,0,0,0.5025126,0,0,96.98492,2.261307,0.2512563,0
2022-06-26 04:40:59,0,0,0.9975062,0,0,96.50873,2.244389,0.2493766,0
2022-06-26 04:40:58,0,0,0.5063291,0,0,96.4557,2.78481,0.2531646,0
2022-06-26 04:40:57,0,0,0.9876543,0.2469136,0,96.54321,1.975309,0.2469136,0
2022-06-26 04:40:56,0,0,0,0,0,98.74687,1.2531328,0,0
2022-06-26 04:40:55,0,0,0.2506266,0,0,98.49624,1.0025063,0.2506266,0
2022-06-26 04:40:54,0,0,0.2506266,0.2506266,0,98.74687,0.7518797,0,0
2022-06-26 04:40:53,0,0,0.9975062,0.2493766,0,95.7606,2.493766,0.4987531,0
2022-06-26 04:40:52,0,0,1,0.25,0,95.75,3,0,0
2022-06-26 04:40:51,0,0,0.9975062,0.2493766,0,96.50873,1.995012,0.2493766,0
2022-06-26 04:40:50,0,0,0.4987531,0.2493766,0,97.75561,0.9975062,0.4987531,0
2022-06-26 04:40:49,0,0,0.2518892,0.2518892,0,98.23678,1.2594458,0,0
2022-06-26 04:40:48,0,0,0.248139,0,0,98.26303,0.9925558,0.4962779,0
2022-06-26 04:40:47,0,0,0.2512563,0,0,97.98995,1.5075377,0.2512563,0
2022-06-26 04:40:46,0,0,1.2531328,0.2506266,0,94.73684,3.258145,0.5012531,0
2022-06-26 04:40:45,0,0,0.9950249,0,0,96.51741,2.238806,0.2487562,0
2022-06-26 04:40:44,0,0,0.7518797,0,0,97.74436,1.2531328,0.2506266,0
2022-06-26 04:40:43,0,0,0.4975124,0,0,97.76119,1.4925373,0.2487562,0
2022-06-26 04:40:42,0,0,0.2506266,0.2506266,0,97.49373,2.005013,0,0
2022-06-26 04:40:41,0,0,0,0,0,99.5,0.5,0,0
2022-06-26 04:40:40,0,0,0.5,0,0,98,1.25,0.25,0
2022-06-26 04:40:39,0,0,0.9975062,0,0,96.7581,1.995012,0.2493766,0
2022-06-26 04:40:38,0,0,0.7537688,0,0,96.98492,2.261307,0,0
2022-06-26 04:40:37,0,0,0.7518797,0.2506266,0,97.24311,1.5037594,0.2506266,0
2022-06-26 04:40:36,0,0,0.7481297,0.2493766,0,96.50873,2.244389,0.2493766,0
2022-06-26 04:40:35,0,0,0.2506266,0.2506266,0,98.99749,0.5012531,0,0
2022-06-26 04:40:34,0,0,0,0,0,98.75622,0.9950249,0.2487562,0
2022-06-26 04:40:33,0,0,0.5025126,0,0,97.73869,1.758794,0,0
2022-06-26 04:40:32,0,0,1.2406948,0,0,96.02978,2.48139,0.248139,0
2022-06-26 04:40:31,0,0,0.7518797,0.2506266,0,97.49373,1.5037594,0,0
2022-06-26 04:40:30,0,0,0.7518797,0,0,95.98997,3.007519,0.2506266,0
2022-06-26 04:40:29,0,0,0.7518797,0,0,97.49373,1.5037594,0.2506266,0
2022-06-26 04:40:28,0,0,0.25,0,0,98.75,0.75,0.25,0
2022-06-26 04:40:27,0,0,0,0,0,98.25,1.75,0,0
2022-06-26 04:40:26,0,0,0.2493766,0.2493766,0,98.50374,0.7481297,0.2493766,0
2022-06-26 04:40:25,0,0,1.2468828,0.2493766,0,96.25935,1.745636,0.4987531,0
2022-06-26 04:40:24,0,0,1.0025063,0,0,93.23308,5.764411,0,0
2022-06-26 04:40:23,0,0,1.25,0.5,0,94.5,3.5,0.25,0
2022-06-26 04:40:22,0,0,0.7518797,0,0,96.74185,2.506266,0,0
2022-06-26 04:40:21,0,0,0.25,0.25,0,96.75,2.5,0.25,0
2022-06-26 04:40:20,0,0,0.25,0.25,0,98.75,0.75,0,0
2022-06-26 04:40:19,0,0,0.2493766,0,0,98.50374,0.9975062,0.2493766,0
2022-06-26 04:40:18,0,0,0,0,0,98.50374,1.2468828,0.2493766,0
2022-06-26 04:40:17,0,0,0.5037783,0,0,98.23678,1.2594458,0,0
2022-06-26 04:40:16,0,0,0.7444169,0.248139,0,94.78908,3.722084,0.4962779,0
2022-06-26 04:40:15,0,0,1.5,0.5,0,93.25,4.5,0.25,0
2022-06-26 04:40:14,0,0,1.758794,0.2512563,0,90.45226,7.035176,0.5025126,0
2022-06-26 04:40:13,0,0,1.4962594,0.4987531,0,89.27681,8.229426,0.2493766,0
2022-06-26 04:40:12,0,0,0.7518797,0.2506266,0,89.97494,9.022556,0,0
2022-06-26 04:40:11,0,0,0.5,0.25,0,93.75,5,0.5,0
2022-06-26 04:40:10,0,0,0,0,0,93.5,6.25,0.25,0
2022-06-26 04:40:09,0,0,0.25,0,0,94.75,4.75,0.25,0
2022-06-26 04:40:08,0,0,0,0,0,92.69521,7.304786,0,0
2022-06-26 04:40:07,0,0,0,0,0,92.78607,6.716418,0.4975124,0
2022-06-26 04:40:06,0,0,0,0.2493766,0,86.03491,9.476309,0.4987531,0
2022-06-26 04:40:05,0,0,0.2506266,0.2506266,0,82.20551,8.521303,0.2506266,0
2022-06-26 04:40:04,0,0,0,0,0,98.24561,1.5037594,0.2506266,0
2022-06-26 04:40:03,0,0,0.2512563,0,0,98.49246,1.2562814,0,0
2022-06-26 04:40:02,0,0,0,0.248139,0,98.26303,1.2406948,0.248139,0
2022-06-26 04:40:01,0,0,0,0,0,98.99497,0.7537688,0.2512563,0
2022-06-26 04:40:00,0,0,0,0,0,99.50125,0.4987531,0,0
2022-06-26 04:39:59,0,0,0.5,0,0,98.25,1.25,0,0
2022-06-26 04:39:58,0,0,0.2518892,0,0,98.48866,1.0075567,0.2518892,0
2022-06-26 04:39:57,0,0,0.2493766,0,0,98.50374,0.9975062,0.2493766,0
2022-06-26 04:39:56,0,0,0.9975062,0.4987531,0,96.00998,2.244389,0.2493766,0
2022-06-26 04:39:55,0,0,0.75,0.25,0,96.25,2.75,0,0
2022-06-26 04:39:54,0,0,0.2506266,0,0,98.49624,1.0025063,0.2506266,0
2022-06-26 04:39:53,0,0,0.25,0,0,98.75,0.5,0.5,0
2022-06-26 04:39:52,0,0,0.4987531,0.2493766,0,97.50623,1.745636,0,0
2022-06-26 04:39:51,0,0,0.4987531,0,0,98.00499,0.9975062,0.4987531,0
2022-06-26 04:39:50,0,0,0.7481297,0,0,96.7581,2.244389,0.2493766,0
2022-06-26 04:39:49,0,0,1.5037594,0,0,94.23559,3.759398,0.5012531,0
2022-06-26 04:39:48,0,0,0.7537688,0,0,96.98492,2.01005,0.2512563,0
2022-06-26 04:39:47,0,0,0,0,0,99.25187,0.4987531,0.2493766,0
2022-06-26 04:39:46,0,0,0.2506266,0,0,98.49624,1.2531328,0,0
2022-06-26 04:39:45,0,0,0.2487562,0.2487562,0,97.26368,1.741294,0.4975124,0
2022-06-26 04:39:44,0,0,1,0,0,97,1.75,0.25,0
2022-06-26 04:39:43,0,0,0.7537688,0,0,96.73367,2.261307,0.2512563,0
2022-06-26 04:39:42,0,0,0.9975062,0.2493766,0,95.51122,2.992519,0.2493766,0
2022-06-26 04:39:41,0,0,1.0050251,0.2512563,0,96.48241,2.01005,0.2512563,0
2022-06-26 04:39:40,0,0,0.2493766,0.2493766,0,98.25436,1.2468828,0,0
2022-06-26 04:39:39,0,0,0,0,0,99.00498,0.7462687,0.2487562,0
2022-06-26 04:39:38,0,0,0.5025126,0.2512563,0,97.98995,1.0050251,0.2512563,0
2022-06-26 04:39:37,0,0,0.75,0,0,96.5,2.5,0.25,0
2022-06-26 04:39:36,0,0,0.7481297,0,0,97.25686,1.745636,0.2493766,0
2022-06-26 04:39:35,0,0,1.25,0,0,95.75,3,0,0
2022-06-26 04:39:34,0,0,0.7481297,0.2493766,0,97.25686,1.4962594,0.2493766,0
2022-06-26 04:39:33,0,0,0.2506266,0,0,98.24561,1.2531328,0.2506266,0
2022-06-26 04:39:32,0,0,0,0,0,98.74687,0.7518797,0.5012531,0
2022-06-26 04:39:31,0,0,0.5012531,0,0,97.99499,1.2531328,0.2506266,0
2022-06-26 04:39:30,0,0,0.7481297,0.2493766,0,96.25935,2.743142,0,0
2022-06-26 04:39:29,0,0,0.75,0,0,97.75,1.5,0,0
2022-06-26 04:39:28,0,0,1.0025063,0.2506266,0,95.2381,3.258145,0.2506266,0
2022-06-26 04:39:27,0,0,1.2406948,0.248139,0,95.28536,2.977667,0.248139,0
2022-06-26 04:39:26,0,0,0,0.2512563,0,98.99497,0.5025126,0.2512563,0
2022-06-26 04:39:25,0,0,0.2506266,0.2506266,0,98.24561,1.0025063,0.2506266,0
2022-06-26 04:39:24,0,0,0.25,0,0,98,1.75,0,0
2022-06-26 04:39:23,0,0,0.75,0,0,96.5,2.5,0.25,0
2022-06-26 04:39:22,0,0,0.7481297,0.4987531,0,95.7606,2.743142,0.2493766,0
2022-06-26 04:39:21,0,0,0.9975062,0,0,95.51122,3.241895,0.2493766,0
2022-06-26 04:39:20,0,0,0.7537688,0.2512563,0,96.23116,2.512563,0.2512563,0
2022-06-26 04:39:19,0,0,1,0.25,0,94.5,4,0.25,0
2022-06-26 04:39:18,0,0,0,0,0,98.50374,0.9975062,0.4987531,0
2022-06-26 04:39:17,0,0,0,0,0,99.24812,0.7518797,0,0
2022-06-26 04:39:16,0,0,0,0,0,99.25,0.5,0.25,0
2022-06-26 04:39:15,0,0,0.5,0.5,0,95.5,3.5,0,0
2022-06-26 04:39:14,0,0,1,0.25,0,94.5,4,0.25,0
2022-06-26 04:39:13,0,0,1.5,0.25,0,93.25,4.75,0.25,0
2022-06-26 04:39:12,0,0,1.5,0.25,0,90.75,7,0.25,0
2022-06-26 04:39:11,0,0,1.5,0.25,0,91.5,6.5,0.25,0
2022-06-26 04:39:10,0,0,1,0,0,92.5,6.25,0.25,0
2022-06-26 04:39:09,0,0,0.5,0,0,91.75,7.5,0.25,0
2022-06-26 04:39:08,0,0,0,0,0,93.23308,6.516291,0.2506266,0
2022-06-26 04:39:07,0,0,0.2493766,0,0,94.51372,4.987531,0.2493766,0
2022-06-26 04:39:06,0,0,0,0,0,93.75,6,0.25,0
2022-06-26 04:39:05,0,0,0,0.2512563,0,89.94975,9.045226,0.2512563,0
2022-06-26 04:39:04,0,0,0,0,0,91.20603,8.542714,0.2512563,0
2022-06-26 04:39:03,0,0,0.2487562,0,0,91.29353,6.716418,0.2487562,0
2022-06-26 04:39:02,0,0,0.2506266,0,0,94.98747,4.260652,0.2506266,0
2022-06-26 04:39:01,0,0,0.25,0,0,98.5,1.25,0,0
2022-06-26 04:39:00,0,0,0,0,0,99.24812,0.5012531,0.2506266,0
2022-06-26 04:38:59,0,0,0,0,0,98.50374,1.2468828,0.2493766,0
2022-06-26 04:38:58,0,0,0.25,0,0,99,0.75,0,0
2022-06-26 04:38:57,0,0,0,0.25,0,99.5,0.25,0,0
2022-06-26 04:38:56,0,0,0.25,0,0,97.5,2,0.25,0
2022-06-26 04:38:55,0,0,1.0025063,0,0,96.74185,2.255639,0,0
2022-06-26 04:38:54,0,0,0.2487562,0,0,98.75622,0.9950249,0,0
2022-06-26 04:38:53,0,0,0.7518797,0,0,96.49123,2.255639,0.5012531,0
2022-06-26 04:38:52,0,0,0.75,0.25,0,97.5,1.25,0.25,0
2022-06-26 04:38:51,0,0,0,0,0,99.25,0.5,0.25,0
2022-06-26 04:38:50,0,0,0,0,0,98.49624,1.5037594,0,0
2022-06-26 04:38:49,0,0,0.7481297,0.2493766,0,96.7581,1.995012,0.2493766,0
2022-06-26 04:38:48,0,0,1,0,0,96.5,2.25,0.25,0
2022-06-26 04:38:47,0,0,0.4987531,0,0,97.00748,2.244389,0.2493766,0
2022-06-26 04:38:46,0,0,1.0025063,0.2506266,0,96.2406,2.255639,0.2506266,0
2022-06-26 04:38:45,0,0,0.5012531,0.2506266,0,97.49373,1.754386,0,0
2022-06-26 04:38:44,0,0,0,0,0,99,0.75,0.25,0
2022-06-26 04:38:43,0,0,0.2493766,0,0,98.00499,1.4962594,0.2493766,0
2022-06-26 04:38:42,0,0,1,0.25,0,96.5,1.75,0.5,0
2022-06-26 04:38:41,0,0,1,0,0,96,3,0,0
2022-06-26 04:38:40,0,0,0.7518797,0,0,96.99248,2.255639,0,0
2022-06-26 04:38:39,0,0,1.2437811,0,0,95.77114,2.487562,0.4975124,0
2022-06-26 04:38:38,0,0,0.2518892,0,0,98.48866,1.0075567,0.2518892,0
2022-06-26 04:38:37,0,0,0.5,0,0,98.5,0.75,0.25,0
2022-06-26 04:38:36,0,0,0.2493766,0,0,98.50374,1.2468828,0,0
2022-06-26 04:38:35,0,0,0.5012531,0,0,97.49373,2.005013,0,0
2022-06-26 04:38:34,0,0,0.9950249,0.2487562,0,95.02488,3.233831,0.4975124,0
2022-06-26 04:38:33,0,0,1,0.25,0,96.5,2,0.25,0
2022-06-26 04:38:32,0,0,1.2562814,0,0,96.23116,2.512563,0,0
2022-06-26 04:38:31,0,0,0.4975124,0.4975124,0,97.26368,1.4925373,0.2487562,0
2022-06-26 04:38:30,0,0,0,0,0,99.5,0.25,0.25,0
2022-06-26 04:38:29,0,0,0.2506266,0,0,98.74687,1.0025063,0,0
2022-06-26 04:38:28,0,0,1,0,0,96,2.75,0.25,0
2022-06-26 04:38:27,0,0,0.75,0.25,0,97.25,1.5,0.25,0
2022-06-26 04:38:26,0,0,0.7481297,0,0,96.25935,2.743142,0.2493766,0
2022-06-26 04:38:25,0,0,1.5037594,0.2506266,0,95.2381,2.756892,0.2506266,0
2022-06-26 04:38:24,0,0,0.75,0,0,97.75,1.25,0.25,0
2022-06-26 04:38:23,0,0,0.25,0.25,0,98.25,1.25,0,0
2022-06-26 04:38:22,0,0,0,0.25,0,99,0.75,0,0
2022-06-26 04:38:21,0,0,0.4987531,0,0,96.50873,2.493766,0.4987531,0
2022-06-26 04:38:20,0,0,0.9975062,0.2493766,0,94.76309,3.990025,0,0
2022-06-26 04:38:19,0,0,0.5025126,0.2512563,0,97.23618,1.758794,0.2512563,0
2022-06-26 04:38:18,0,0,0.7481297,0,0,97.25686,1.745636,0.2493766,0
2022-06-26 04:38:17,0,0,0.7518797,0.7518797,0,94.98747,3.258145,0.2506266,0
2022-06-26 04:38:16,0,0,0.7481297,0,0,97.25686,1.745636,0.2493766,0
2022-06-26 04:38:15,0,0,0,0,0,98.75,1,0.25,0
2022-06-26 04:38:14,0,0,0,0.2493766,0,98.00499,1.4962594,0.2493766,0
2022-06-26 04:38:13,0,0,0.5037783,0.5037783,0,97.22922,1.763224,0,0
2022-06-26 04:38:12,0,0,0.7481297,0,0,94.76309,4.239401,0.2493766,0
2022-06-26 04:38:11,0,0,0.9975062,0.2493766,0,93.76559,4.738155,0.2493766,0
2022-06-26 04:38:10,0,0,0.75,0,0,95.25,4,0,0
2022-06-26 04:38:09,0,0,1,0,0,94,4.75,0.25,0
2022-06-26 04:38:08,0,0,1.25,0.75,0,91.25,6.5,0.25,0
2022-06-26 04:38:07,0,0,0.7518797,0,0,92.4812,6.516291,0.2506266,0
2022-06-26 04:38:06,0,0,0.9950249,0,0,90.54726,8.208955,0.2487562,0
2022-06-26 04:38:05,0,0,0.2512563,0,0,88.94472,10.80402,0,0
2022-06-26 04:38:04,0,0,0,0.4987531,0,93.26683,5.985037,0.2493766,0
2022-06-26 04:38:03,0,0,0.25,0,0,94.5,5,0.25,0
2022-06-26 04:38:02,0,0,0,0,0,92.73183,6.516291,0.5012531,0
2022-06-26 04:38:01,0,0,0.2487562,0.4975124,0,91.04478,7.462687,0.4975124,0
2022-06-26 04:38:00,0,0,0,0,0,87.96992,8.521303,0.2506266,0
2022-06-26 04:37:59,0,0,0.2518892,0.2518892,0,92.9471,4.282116,0,0
2022-06-26 04:37:58,0,0,0,0,0,98.24561,1.2531328,0.2506266,0
2022-06-26 04:37:57,0,0,0,0,0,99.25,0.5,0.25,0
2022-06-26 04:37:56,0,0,0.2493766,0,0,98.00499,1.4962594,0.2493766,0
2022-06-26 04:37:55,0,0,0.25,0,0,99,0.5,0.25,0
2022-06-26 04:37:54,0,0,0.2506266,0,0,98.49624,1.2531328,0,0
2022-06-26 04:37:53,0,0,0.2487562,0.2487562,0,97.76119,1.4925373,0.2487562,0
2022-06-26 04:37:52,0,0,0.5012531,0,0,97.99499,1.5037594,0,0
2022-06-26 04:37:51,0,0,0.75,0,0,97.5,1.5,0.25,0
2022-06-26 04:37:50,0,0,0.7481297,0.2493766,0,96.50873,2.244389,0.2493766,0
2022-06-26 04:37:49,0,0,0.5012531,0,0,98.49624,1.0025063,0,0
2022-06-26 04:37:48,0,0,0,0,0,98.5,1.25,0.25,0
2022-06-26 04:37:47,0,0,0.75,0,0,97.5,1.5,0.25,0
2022-06-26 04:37:46,0,0,0.2506266,0,0,97.74436,1.754386,0.2506266,0
2022-06-26 04:37:45,0,0,0.9975062,0.2493766,0,97.00748,1.4962594,0.2493766,0
2022-06-26 04:37:44,0,0,1,0.25,0,96.25,2.5,0,0
2022-06-26 04:37:43,0,0,0.5,0,0,98,1,0.5,0
2022-06-26 04:37:42,0,0,0.4975124,0.2487562,0,97.51244,1.4925373,0.2487562,0
2022-06-26 04:37:41,0,0,0.25,0,0,98,1.75,0,0
2022-06-26 04:37:40,0,0,0.5,0.25,0,97.25,1.75,0.25,0
2022-06-26 04:37:39,0,0,0.5012531,0,0,97.99499,1.2531328,0.2506266,0
2022-06-26 04:37:38,0,0,1.0025063,0,0,96.74185,2.005013,0.2506266,0
2022-06-26 04:37:37,0,0,1.2531328,0.5012531,0,95.2381,3.007519,0,0
2022-06-26 04:37:36,0,0,0.4975124,0,0,97.76119,1.4925373,0.2487562,0
2022-06-26 04:37:35,0,0,0.25,0.25,0,97.5,2,0,0
2022-06-26 04:37:34,0,0,0.2506266,0.2506266,0,97.99499,1.2531328,0.2506266,0
2022-06-26 04:37:33,0,0,0.5,0,0,97.5,1.5,0.5,0
2022-06-26 04:37:32,0,0,0.2506266,0,0,98.74687,1.0025063,0,0
2022-06-26 04:37:31,0,0,1,0.25,0,96.25,2.25,0.25,0
2022-06-26 04:37:30,0,0,1.4925373,0.2487562,0,95.77114,2.487562,0,0
2022-06-26 04:37:29,0,0,0.5012531,0,0,98.49624,0.7518797,0.2506266,0
2022-06-26 04:37:28,0,0,0.5,0,0,98,1.25,0.25,0
2022-06-26 04:37:27,0,0,0,0,0,99.25187,0.2493766,0.4987531,0
2022-06-26 04:37:26,0,0,0.5012531,0,0,98.74687,0.7518797,0,0
2022-06-26 04:37:25,0,0,1.0025063,0,0,96.99248,1.754386,0.2506266,0
2022-06-26 04:37:24,0,0,1.2376238,0.4950495,0,95.0495,2.970297,0,0
2022-06-26 04:37:23,0,0,1.5037594,0.2506266,0,94.73684,3.258145,0.2506266,0
2022-06-26 04:37:22,0,0,0.5025126,0,0,96.73367,2.512563,0.2512563,0
2022-06-26 04:37:21,0,0,0.4987531,0,0,97.75561,1.745636,0,0
2022-06-26 04:37:20,0,0,0.25,0,0,99,0.5,0.25,0
2022-06-26 04:37:19,0,0,0,0,0,98,1.75,0.25,0
2022-06-26 04:37:18,0,0,0.7481297,0,0,96.50873,2.493766,0.2493766,0
2022-06-26 04:37:17,0,0,0.5025126,0,0,96.98492,2.512563,0,0
2022-06-26 04:37:16,0,0,1,0.25,0,93.75,4.75,0.25,0
2022-06-26 04:37:15,0,0,1,0,0,96.5,2.5,0,0
2022-06-26 04:37:14,0,0,0.75,0,0,97.25,1.75,0.25,0
2022-06-26 04:37:13,0,0,0.25,0.25,0,98,1.25,0.25,0
2022-06-26 04:37:12,0,0,0,0,0,98.50374,1.4962594,0,0
2022-06-26 04:37:11,0,0,0.2506266,0,0,98.74687,1.0025063,0,0
2022-06-26 04:37:10,0,0,0.5,0.25,0,96.25,2.75,0.25,0
2022-06-26 04:37:09,0,0,0.7481297,0.2493766,0,95.7606,2.992519,0.2493766,0
2022-06-26 04:37:08,0,0,1,0,0,93,5.5,0.5,0
2022-06-26 04:37:07,0,0,1.0025063,0.5012531,0,92.73183,5.513784,0.2506266,0
2022-06-26 04:37:06,0,0,1.75,0.25,0,92.25,5.75,0,0
2022-06-26 04:37:05,0,0,1.0025063,0,0,89.97494,8.521303,0.2506266,0
2022-06-26 04:37:04,0,0,0.7481297,0,0,91.77057,7.23192,0.2493766,0
2022-06-26 04:37:03,0,0,0.4975124,0.2487562,0,93.53234,5.472637,0.2487562,0
2022-06-26 04:37:02,0,0,0,0,0,92.98246,6.766917,0.2506266,0
2022-06-26 04:37:01,0,0,0,0,0,92.71357,7.035176,0.2512563,0
2022-06-26 04:37:00,0,0,0.2493766,0,0,93.01746,6.234414,0.4987531,0
2022-06-26 04:36:59,0,0,0,0,0,91.02244,7.481297,0.4987531,0
2022-06-26 04:36:58,0,0,0,0.2512563,0,87.43719,7.537688,0.2512563,0
2022-06-26 04:36:57,0,0,0.25,0,0,90.75,6.75,0.25,0
2022-06-26 04:36:56,0,0,0,0,0,98.99749,1.0025063,0,0
2022-06-26 04:36:55,0,0,0.2493766,0,0,98.75312,0.7481297,0.2493766,0
2022-06-26 04:36:54,0,0,0,0,0,97.99499,2.005013,0,0
2022-06-26 04:36:53,0,0,0,0.2493766,0,98.50374,0.9975062,0.2493766,0
2022-06-26 04:36:52,0,0,0.25,0,0,98.5,1,0.25,0
2022-06-26 04:36:51,0,0,0.2506266,0,0,98.74687,0.7518797,0.2506266,0
2022-06-26 04:36:50,0,0,0.2493766,0,0,98.00499,1.4962594,0.2493766,0
2022-06-26 04:36:49,0,0,0.7481297,0,0,97.25686,1.995012,0,0
2022-06-26 04:36:48,0,0,0.7518797,0.2506266,0,97.24311,1.5037594,0.2506266,0
2022-06-26 04:36:47,0,0,0.5012531,0,0,97.49373,1.754386,0.2506266,0
2022-06-26 04:36:46,0,0,0.4987531,0.2493766,0,97.75561,1.4962594,0,0
2022-06-26 04:36:45,0,0,0.25,0,0,98,1.5,0.25,0
2022-06-26 04:36:44,0,0,0.2506266,0,0,98.74687,1.0025063,0,0
2022-06-26 04:36:43,0,0,0.5,0.25,0,97.75,1.25,0.25,0
2022-06-26 04:36:42,0,0,1,0,0,96.25,2.5,0.25,0
2022-06-26 04:36:41,0,0,1.4962594,0.2493766,0,95.26185,2.743142,0.2493766,0
2022-06-26 04:36:40,0,0,0.25,0,0,99,0.75,0,0
2022-06-26 04:36:39,0,0,0.25,0,0,98.5,1,0.25,0
2022-06-26 04:36:38,0,0,0.5,0,0,97,2.25,0.25,0
2022-06-26 04:36:37,0,0,0.2493766,0.2493766,0,98.50374,0.7481297,0.2493766,0
2022-06-26 04:36:36,0,0,0.5025126,0,0,96.98492,2.261307,0.2512563,0
2022-06-26 04:36:35,0,0,1.2468828,0.2493766,0,95.7606,2.493766,0.2493766,0
2022-06-26 04:36:34,0,0,1.4962594,0,0,95.26185,2.992519,0.2493766,0
2022-06-26 04:36:33,0,0,0.2506266,0.2506266,0,98.99749,0.5012531,0,0
2022-06-26 04:36:32,0,0,0.25,0,0,97.75,2,0,0
2022-06-26 04:36:31,0,0,0.25,0.5,0,97.75,1,0.5,0
2022-06-26 04:36:30,0,0,0.5,0,0,98.5,1,0,0
2022-06-26 04:36:29,0,0,0.9975062,0.2493766,0,96.7581,1.995012,0,0
2022-06-26 04:36:28,0,0,1.2531328,0,0,94.98747,3.508772,0.2506266,0
2022-06-26 04:36:27,0,0,0.7481297,0,0,97.25686,1.995012,0,0
2022-06-26 04:36:26,0,0,0,0,0,98.49624,1.0025063,0.2506266,0
2022-06-26 04:36:25,0,0,0.5,0.25,0,98.25,1,0,0
2022-06-26 04:36:24,0,0,0.5,0,0,98.25,1.25,0,0
2022-06-26 04:36:23,0,0,0.5,0.25,0,97.75,1.25,0.25,0
2022-06-26 04:36:22,0,0,1,0,0,96.25,2.5,0.25,0
2022-06-26 04:36:21,0,0,1.25,0.25,0,96,2.25,0.25,0
2022-06-26 04:36:20,0,0,0.7481297,0,0,97.00748,2.244389,0,0
2022-06-26 04:36:19,0,0,0.25,0,0,98,1.5,0.25,0
2022-06-26 04:36:18,0,0,0,0,0,98.99497,1.0050251,0,0
2022-06-26 04:36:17,0,0,0.2493766,0,0,98.50374,0.9975062,0.2493766,0
2022-06-26 04:36:16,0,0,0.7481297,0.2493766,0,96.7581,1.995012,0.2493766,0
2022-06-26 04:36:15,0,0,0.5,0.25,0,95.75,3.25,0.25,0
2022-06-26 04:36:14,0,0,1.25,0,0,95,3.5,0.25,0
2022-06-26 04:36:13,0,0,1.0025063,0.2506266,0,94.98747,3.759398,0,0
2022-06-26 04:36:12,0,0,0.9975062,0.2493766,0,96.00998,2.493766,0.2493766,0
2022-06-26 04:36:11,0,0,0.25,0.25,0,96.75,2.5,0.25,0
2022-06-26 04:36:10,0,0,0,0,0,98.5,1.5,0,0
2022-06-26 04:36:09,0,0,0.2493766,0.2493766,0,98.50374,0.9975062,0,0
2022-06-26 04:36:08,0,0,0.7518797,0,0,96.74185,2.005013,0.5012531,0
2022-06-26 04:36:07,0,0,0.7462687,0,0,95.52239,3.482587,0.2487562,0
2022-06-26 04:36:06,0,0,1.0050251,0.5025126,0,93.71859,4.773869,0,0
2022-06-26 04:36:05,0,0,1.25,0,0,93.25,5.25,0.25,0
2022-06-26 04:36:04,0,0,1.2437811,0.2487562,0,90.79602,7.462687,0.2487562,0
2022-06-26 04:36:03,0,0,1.2562814,0,0,89.44724,9.045226,0.2512563,0
2022-06-26 04:36:02,0,0,0.7481297,0,0,93.26683,5.985037,0,0
2022-06-26 04:36:01,0,0,0.2493766,0.2493766,0,92.76808,6.483791,0.2493766,0
2022-06-26 04:36:00,0,0,0.2506266,0,0,90.97744,8.521303,0.2506266,0
2022-06-26 04:35:59,0,0,0,0,0,94.5,5.25,0.25,0
2022-06-26 04:35:58,0,0,0.2512563,0,0,92.71357,7.035176,0,0
2022-06-26 04:35:57,0,0,0,0,0,91.5,8.25,0.25,0
2022-06-26 04:35:56,0,0,0,0,0,93.73434,6.015038,0.2506266,0
2022-06-26 04:35:55,0,0,0.2487562,0,0,93.53234,4.228856,0.4975124,0
2022-06-26 04:35:54,0,0,0,0.5025126,0,96.98492,2.512563,0,0
2022-06-26 04:35:53,0,0,0,0.25,0,98.75,0.75,0.25,0
2022-06-26 04:35:52,0,0,0.2493766,0,0,98.50374,0.9975062,0.2493766,0
2022-06-26 04:35:51,0,0,0,0,0,98.75,1.25,0,0
2022-06-26 04:35:50,0,0,0,0,0,99,0.75,0.25,0
2022-06-26 04:35:49,0,0,0.5012531,0.2506266,0,96.99248,2.005013,0.2506266,0
2022-06-26 04:35:48,0,0,0.5,0,0,97.75,1.5,0.25,0
2022-06-26 04:35:47,0,0,0.2493766,0,0,98.50374,0.9975062,0.2493766,0
2022-06-26 04:35:46,0,0,0.75,0,0,97,2,0.25,0
2022-06-26 04:35:45,0,0,0.9975062,0,0,96.50873,2.244389,0.2493766,0
2022-06-26 04:35:44,0,0,0,0,0,99.24812,0.7518797,0,0
2022-06-26 04:35:43,0,0,0.2493766,0,0,97.75561,1.4962594,0.4987531,0
2022-06-26 04:35:42,0,0,0.7537688,0,0,97.73869,1.5075377,0,0
2022-06-26 04:35:41,0,0,0.4975124,0.2487562,0,96.26866,2.736318,0.2487562,0
2022-06-26 04:35:40,0,0,0.5012531,0,0,97.74436,1.5037594,0,0
2022-06-26 04:35:39,0,0,0.9950249,0,0,96.76617,1.741294,0.4975124,0
2022-06-26 04:35:38,0,0,1.0025063,0,0,96.49123,2.506266,0,0
2022-06-26 04:35:37,0,0,0,0,0,99.50125,0.2493766,0.2493766,0
2022-06-26 04:35:36,0,0,0.5,0,0,98,1.5,0,0
2022-06-26 04:35:35,0,0,0.5012531,0,0,97.24311,2.005013,0.2506266,0
2022-06-26 04:35:34,0,0,0.7537688,0.2512563,0,97.48744,1.5075377,0,0
2022-06-26 04:35:33,0,0,0.75,0,0,97,2,0.25,0
2022-06-26 04:35:32,0,0,0.9950249,0.4975124,0,95.52239,2.487562,0.4975124,0
2022-06-26 04:35:31,0,0,0.5012531,0,0,97.99499,1.5037594,0,0
2022-06-26 04:35:30,0,0,0.25,0,0,98.5,1.25,0,0
2022-06-26 04:35:29,0,0,0.2493766,0,0,98.25436,1.2468828,0.2493766,0
2022-06-26 04:35:28,0,0,0.7518797,0,0,97.49373,1.2531328,0.5012531,0
2022-06-26 04:35:27,0,0,1.2437811,0.2487562,0,95.52239,2.736318,0.2487562,0
2022-06-26 04:35:26,0,0,0.5025126,0,0,98.24121,1.0050251,0.2512563,0
2022-06-26 04:35:25,0,0,0.75,0.25,0,97.25,1.5,0.25,0
2022-06-26 04:35:24,0,0,0.5012531,0,0,97.99499,1.5037594,0,0
2022-06-26 04:35:23,0,0,0.4975124,0,0,98.00995,1.2437811,0.2487562,0
2022-06-26 04:35:22,0,0,0.2512563,0,0,95.9799,3.517588,0.2512563,0
2022-06-26 04:35:21,0,0,0.7462687,0.2487562,0,96.51741,2.487562,0,0
2022-06-26 04:35:20,0,0,1.0025063,0.2506266,0,95.48872,3.007519,0.2506266,0
2022-06-26 04:35:19,0,0,0.5,0.25,0,96.5,2.25,0.5,0
2022-06-26 04:35:18,0,0,0.75,0,0,96.25,2.75,0.25,0
2022-06-26 04:35:17,0,0,0.5,0,0,98,1.25,0.25,0
2022-06-26 04:35:16,0,0,0.5,0.25,0,97.25,2,0,0
2022-06-26 04:35:15,0,0,0.2506266,0,0,98.74687,1.0025063,0,0
2022-06-26 04:35:14,0,0,0.5,0,0,97,2.25,0.25,0
2022-06-26 04:35:13,0,0,0.7518797,0.5012531,0,95.48872,3.007519,0.2506266,0
2022-06-26 04:35:12,0,0,0.9975062,0.4987531,0,93.51621,4.987531,0,0
2022-06-26 04:35:11,0,0,0.9975062,0,0,96.00998,2.743142,0.2493766,0
2022-06-26 04:35:10,0,0,0.2512563,0,0,97.98995,1.758794,0,0
2022-06-26 04:35:09,0,0,0.4987531,0,0,97.50623,1.745636,0.2493766,0
2022-06-26 04:35:08,0,0,0.5,0,0,97.75,1.25,0.5,0
2022-06-26 04:35:07,0,0,0.5,0.25,0,97.25,1.75,0.25,0
2022-06-26 04:35:06,0,0,0.2493766,0,0,98.00499,1.4962594,0.2493766,0
2022-06-26 04:35:05,0,0,0.5012531,0.2506266,0,95.98997,3.007519,0.2506266,0
2022-06-26 04:35:04,0,0,0.9925558,0.7444169,0,91.31514,6.699752,0.248139,0
2022-06-26 04:35:03,0,0,1.2562814,0,0,93.96985,4.522613,0.2512563,0
2022-06-26 04:35:02,0,0,1.4962594,0.2493766,0,89.02743,8.977556,0.2493766,0
2022-06-26 04:35:01,0,0,1.0025063,0.2506266,0,92.73183,5.764411,0.2506266,0
2022-06-26 04:35:00,0,0,0.7537688,0,0,93.46734,5.778894,0,0
2022-06-26 04:34:59,0,0,0.9975062,0.4987531,0,90.27431,7.98005,0.2493766,0
2022-06-26 04:34:58,0,0,0.2487562,0.2487562,0,93.03483,5.721393,0.4975124,0
2022-06-26 04:34:57,0,0,0.2493766,0.2493766,0,92.5187,6.733167,0.2493766,0
2022-06-26 04:34:56,0,0,0,0,0,93.46734,6.281407,0,0
2022-06-26 04:34:55,0,0,0,0,0,91,8,0.25,0
2022-06-26 04:34:54,0,0,0.2512563,0,0,86.68342,12.060302,0.2512563,0
2022-06-26 04:34:53,0,0,0,0,0,95,5,0,0
2022-06-26 04:34:52,0,0,0,0.2493766,0,95.51122,3.990025,0.2493766,0
2022-06-26 04:34:51,0,0,0.2506266,0,0,97.24311,2.255639,0.2506266,0
2022-06-26 04:34:50,0,0,0,0,0,99.24812,0.7518797,0,0
2022-06-26 04:34:49,0,0,0,0.25,0,99,0.75,0,0
2022-06-26 04:34:48,0,0,0,0,0,99,0.75,0.25,0
2022-06-26 04:34:47,0,0,0.2493766,0,0,99.25187,0.2493766,0.2493766,0
2022-06-26 04:34:46,0,0,0.2506266,0.2506266,0,98.74687,0.7518797,0,0
2022-06-26 04:34:45,0,0,0.5,0.25,0,97.5,1.5,0.25,0
2022-06-26 04:34:44,0,0,1.2531328,0,0,95.98997,2.506266,0.2506266,0
2022-06-26 04:34:43,0,0,0.7444169,0.248139,0,97.51861,1.2406948,0.248139,0
2022-06-26 04:34:42,0,0,0,0,0,98.48866,1.2594458,0.2518892,0
2022-06-26 04:34:41,0,0,0.2493766,0,0,99.25187,0.2493766,0.2493766,0
2022-06-26 04:34:40,0,0,0,0,0,99.00249,0.7481297,0.2493766,0
2022-06-26 04:34:39,0,0,0.2506266,0.2506266,0,96.99248,2.255639,0.2506266,0
2022-06-26 04:34:38,0,0,1.5,0.25,0,95,3,0.25,0
2022-06-26 04:34:37,0,0,1.2468828,0.2493766,0,95.51122,2.493766,0.4987531,0
2022-06-26 04:34:36,0,0,0.5012531,0,0,98.24561,1.2531328,0,0
2022-06-26 04:34:35,0,0,0.25,0,0,98,1.75,0,0
2022-06-26 04:34:34,0,0,0.25,0,0,98.75,0.75,0.25,0
2022-06-26 04:34:33,0,0,0,0,0,98.50374,1.2468828,0.2493766,0
2022-06-26 04:34:32,0,0,0.7518797,0,0,97.24311,2.005013,0,0
2022-06-26 04:34:31,0,0,1.4925373,0.4975124,0,95.02488,2.736318,0.2487562,0
2022-06-26 04:34:30,0,0,1.0050251,0.2512563,0,95.9799,2.512563,0.2512563,0
2022-06-26 04:34:29,0,0,0.5,0,0,98.5,1,0,0
2022-06-26 04:34:28,0,0,0.25,0,0,98.75,0.75,0.25,0
2022-06-26 04:34:27,0,0,0,0,0,98.75312,0.9975062,0.2493766,0
2022-06-26 04:34:26,0,0,0.2506266,0,0,97.99499,1.5037594,0.2506266,0
2022-06-26 04:34:25,0,0,1.25,0.25,0,96.5,2,0,0
2022-06-26 04:34:24,0,0,1.2437811,0.2487562,0,94.77612,3.482587,0.2487562,0
2022-06-26 04:34:23,0,0,1.2562814,0,0,95.22613,3.517588,0,0
2022-06-26 04:34:22,0,0,0.4987531,0,0,97.75561,1.4962594,0.2493766,0
2022-06-26 04:34:21,0,0,0.2493766,0,0,99.00249,0.4987531,0.2493766,0
2022-06-26 04:34:20,0,0,0,0,0,98.74372,1.2562814,0,0
2022-06-26 04:34:19,0,0,0.25,0,0,98.5,1,0.25,0
2022-06-26 04:34:18,0,0,0.75,0.25,0,96.75,1.75,0.5,0
2022-06-26 04:34:17,0,0,1.2468828,0,0,94.76309,3.491272,0.2493766,0
2022-06-26 04:34:16,0,0,1,0,0,96.25,2.25,0.5,0
2022-06-26 04:34:15,0,0,0.5012531,0.2506266,0,95.98997,3.258145,0,0
2022-06-26 04:34:14,0,0,0.2506266,0,0,98.49624,1.2531328,0,0
2022-06-26 04:34:13,0,0,0,0,0,98.75,1,0.25,0
2022-06-26 04:34:12,0,0,0.2493766,0,0,99.00249,0.4987531,0.2493766,0
2022-06-26 04:34:11,0,0,0.5,0,0,98.25,1.25,0,0
2022-06-26 04:34:10,0,0,1.2437811,0.2487562,0,93.78109,4.477612,0.2487562,0
2022-06-26 04:34:09,0,0,1.2531328,0,0,95.2381,3.508772,0,0
2022-06-26 04:34:08,0,0,0.7537688,0,0,96.23116,2.512563,0.5025126,0
2022-06-26 04:34:07,0,0,0.7462687,0,0,96.51741,2.487562,0.2487562,0
2022-06-26 04:34:06,0,0,0,0,0,98.99497,0.7537688,0.2512563,0
2022-06-26 04:34:05,0,0,0,0.25,0,98.75,0.75,0.25,0
2022-06-26 04:34:04,0,0,0.2487562,0.2487562,0,96.51741,2.736318,0.2487562,0
2022-06-26 04:34:03,0,0,0.5012531,0,0,96.99248,2.255639,0.2506266,0
2022-06-26 04:34:02,0,0,0.75,0.25,0,96,2.75,0.25,0
2022-06-26 04:34:01,0,0,1.4925373,0.2487562,0,92.28856,5.721393,0.2487562,0
2022-06-26 04:34:00,0,0,1.5,0.5,0,90.5,7.25,0.25,0
2022-06-26 04:33:59,0,0,1.995012,0.2493766,0,89.27681,8.478803,0,0
2022-06-26 04:33:58,0,0,0.7537688,0.2512563,0,92.46231,6.030151,0.5025126,0
2022-06-26 04:33:57,0,0,0.5,0,0,93,6.25,0.25,0
2022-06-26 04:33:56,0,0,0,0,0,94.72362,4.522613,0.5025126,0
2022-06-26 04:33:55,0,0,0.248139,0.248139,0,95.28536,3.722084,0.4962779,0
2022-06-26 04:33:54,0,0,0,0,0,92.46231,7.286432,0.2512563,0
2022-06-26 04:33:53,0,0,0.2493766,0,0,92.5187,6.483791,0.4987531,0
2022-06-26 04:33:52,0,0,0,0.2506266,0,88.47118,10.526316,0.2506266,0
2022-06-26 04:33:51,0,0,0,0.2518892,0,82.11587,10.327456,0.2518892,0
2022-06-26 04:33:50,0,0,0.2493766,0,0,95.01247,4.488778,0.2493766,0
2022-06-26 04:33:49,0,0,0,0.2506266,0,98.74687,1.0025063,0,0
2022-06-26 04:33:48,0,0,0.2487562,0,0,98.00995,1.2437811,0.4975124,0
2022-06-26 04:33:47,0,0,0,0,0,99.24623,0.7537688,0,0
2022-06-26 04:33:46,0,0,0,0,0,98.5,1.25,0.25,0
2022-06-26 04:33:45,0,0,0.25,0,0,98.25,1.25,0.25,0
2022-06-26 04:33:44,0,0,0.5,0.25,0,97.5,1.75,0,0
2022-06-26 04:33:43,0,0,0.4987531,0.2493766,0,97.00748,1.745636,0.4987531,0
2022-06-26 04:33:42,0,0,0.4987531,0,0,97.50623,1.745636,0.2493766,0
2022-06-26 04:33:41,0,0,1.0025063,0.2506266,0,97.49373,1.2531328,0,0
2022-06-26 04:33:40,0,0,0.5,0,0,98,1.25,0.25,0
2022-06-26 04:33:39,0,0,0,0,0,99.25,0.75,0,0
2022-06-26 04:33:38,0,0,0.5,0,0,97.5,1.75,0.25,0
2022-06-26 04:33:37,0,0,0.5,0,0,98,1.25,0.25,0
2022-06-26 04:33:36,0,0,0.5012531,0.2506266,0,97.24311,2.005013,0,0
2022-06-26 04:33:35,0,0,1.25,0,0,96,2.75,0,0
2022-06-26 04:33:34,0,0,0.7481297,0.2493766,0,96.7581,1.995012,0.2493766,0
2022-06-26 04:33:33,0,0,0.5012531,0,0,97.99499,1.2531328,0.2506266,0
2022-06-26 04:33:32,0,0,0,0,0,99,0.75,0.25,0
2022-06-26 04:33:31,0,0,0.2493766,0,0,98.75312,0.7481297,0.2493766,0
2022-06-26 04:33:30,0,0,0.5,0.25,0,97.25,2,0,0
2022-06-26 04:33:29,0,0,0.7518797,0,0,97.24311,2.005013,0,0
2022-06-26 04:33:28,0,0,1.5,0,0,96,2,0.5,0
2022-06-26 04:33:27,0,0,0.7518797,0.2506266,0,96.49123,2.506266,0,0
2022-06-26 04:33:26,0,0,0.4975124,0,0,98.25871,0.9950249,0.2487562,0
2022-06-26 04:33:25,0,0,0.2512563,0,0,99.24623,0.5025126,0,0
2022-06-26 04:33:24,0,0,0.4975124,0.2487562,0,98.50746,0.4975124,0.2487562,0
2022-06-26 04:33:23,0,0,0.75,0,0,96.5,2.25,0.5,0
2022-06-26 04:33:22,0,0,0.75,0.25,0,96.75,2,0.25,0
2022-06-26 04:33:21,0,0,1.2468828,0.2493766,0,95.26185,2.992519,0.2493766,0
2022-06-26 04:33:20,0,0,0.7556675,0.2518892,0,95.71788,3.274559,0,0
2022-06-26 04:33:19,0,0,0.2487562,0.2487562,0,98.25871,0.9950249,0.2487562,0
2022-06-26 04:33:18,0,0,0,0,0,99.24812,0.5012531,0.2506266,0
2022-06-26 04:33:17,0,0,0,0,0,98.50374,1.2468828,0.2493766,0
2022-06-26 04:33:16,0,0,0.5,0,0,97.5,1.75,0.25,0
2022-06-26 04:33:15,0,0,1.0025063,0.2506266,0,95.48872,3.007519,0.2506266,0
2022-06-26 04:33:14,0,0,1.5,0.25,0,94.25,4,0,0
2022-06-26 04:33:13,0,0,0.4987531,0.2493766,0,96.7581,2.244389,0.2493766,0
2022-06-26 04:33:12,0,0,0.5,0,0,98,1.5,0,0
2022-06-26 04:33:11,0,0,0,0,0,98.5,1.25,0.25,0
2022-06-26 04:33:10,0,0,0,0,0,98.5,1.25,0.25,0
2022-06-26 04:33:09,0,0,0.5,0,0,98,1.25,0.25,0
2022-06-26 04:33:08,0,0,0.7518797,0.2506266,0,95.73935,2.756892,0.5012531,0
2022-06-26 04:33:07,0,0,1.2468828,0.4987531,0,94.51372,3.241895,0.4987531,0
2022-06-26 04:33:06,0,0,1.2531328,0,0,95.2381,3.258145,0.2506266,0
2022-06-26 04:33:05,0,0,0.2506266,0.2506266,0,96.74185,2.756892,0,0
2022-06-26 04:33:04,0,0,0.4987531,0.2493766,0,97.00748,1.995012,0.2493766,0
2022-06-26 04:33:03,0,0,0,0.2487562,0,98.00995,1.4925373,0.2487562,0
2022-06-26 04:33:02,0,0,0.2506266,0.2506266,0,98.99749,0.5012531,0,0
2022-06-26 04:33:01,0,0,0.25,0,0,97,2.5,0.25,0
2022-06-26 04:33:00,0,0,0.75,0,0,95.75,3.25,0.25,0
2022-06-26 04:32:59,0,0,1.2468828,0.4987531,0,93.26683,4.488778,0.4987531,0
2022-06-26 04:32:58,0,0,1.75,0.25,0,91.25,6.75,0,0
2022-06-26 04:32:57,0,0,1,0.25,0,91,7.5,0.25,0
2022-06-26 04:32:56,0,0,1.0025063,0.5012531,0,90.72682,7.518797,0.2506266,0
2022-06-26 04:32:55,0,0,0.7481297,0,0,92.01995,7.23192,0,0
2022-06-26 04:32:54,0,0,0,0,0,94.47236,5.025126,0.5025126,0
2022-06-26 04:32:53,0,0,0.4975124,0.2487562,0,92.53731,6.467662,0.2487562,0
2022-06-26 04:32:52,0,0,0,0,0,93.96985,6.030151,0,0
2022-06-26 04:32:51,0,0,0,0,0,92.78607,6.965174,0.2487562,0
2022-06-26 04:32:50,0,0,0.2525253,0.2525253,0,88.38384,9.343434,0,0
2022-06-26 04:32:49,0,0,0,0,0,94.01496,5.236908,0.4987531,0
2022-06-26 04:32:48,0,0,0.248139,0,0,95.78164,3.473945,0.248139,0
2022-06-26 04:32:47,0,0,0,0,0,96.98492,2.763819,0.2512563,0
2022-06-26 04:32:46,0,0,0,0,0,97.73869,2.01005,0.2512563,0
2022-06-26 04:32:45,0,0,0,0,0,99.74937,0.2506266,0,0
2022-06-26 04:32:44,0,0,0.2493766,0,0,98.00499,1.2468828,0.4987531,0
2022-06-26 04:32:43,0,0,0.25,0,0,98,1.5,0.25,0
2022-06-26 04:32:42,0,0,0.2487562,0.2487562,0,98.50746,0.7462687,0.2487562,0
2022-06-26 04:32:41,0,0,0.2512563,0,0,98.24121,1.5075377,0,0
2022-06-26 04:32:40,0,0,0.7462687,0.2487562,0,96.51741,1.99005,0.4975124,0
2022-06-26 04:32:39,0,0,0.7537688,0,0,96.98492,2.261307,0,0
2022-06-26 04:32:38,0,0,0.2493766,0.2493766,0,98.75312,0.4987531,0.2493766,0
2022-06-26 04:32:37,0,0,0.4987531,0,0,97.75561,1.745636,0,0
2022-06-26 04:32:36,0,0,0.2512563,0,0,98.24121,1.2562814,0.2512563,0
2022-06-26 04:32:35,0,0,0.2506266,0,0,98.74687,1.0025063,0,0
2022-06-26 04:32:34,0,0,0.7481297,0.2493766,0,97.00748,1.995012,0,0
2022-06-26 04:32:33,0,0,1.745636,0.2493766,0,94.51372,2.992519,0.4987531,0
2022-06-26 04:32:32,0,0,0.7518797,0,0,97.24311,1.754386,0.2506266,0
2022-06-26 04:32:31,0,0,0.5,0.25,0,97.75,1.25,0.25,0
2022-06-26 04:32:30,0,0,0,0,0,98.50746,1.2437811,0.2487562,0
2022-06-26 04:32:29,0,0,0.5,0.25,0,97.75,1.25,0.25,0
2022-06-26 04:32:28,0,0,0.5012531,0,0,97.99499,1.5037594,0,0
2022-06-26 04:32:27,0,0,1.0025063,0.2506266,0,95.98997,2.756892,0,0
2022-06-26 04:32:26,0,0,1.4962594,0.2493766,0,95.26185,2.493766,0.4987531,0
2022-06-26 04:32:25,0,0,1.754386,0,0,95.98997,2.255639,0,0
2022-06-26 04:32:24,0,0,0.25,0.25,0,97.5,1.75,0.25,0
2022-06-26 04:32:23,0,0,0.25,0,0,98,1.5,0.25,0
2022-06-26 04:32:22,0,0,0.25,0,0,98.25,1.25,0.25,0
2022-06-26 04:32:21,0,0,0.4987531,0,0,98.00499,1.2468828,0.2493766,0
2022-06-26 04:32:20,0,0,1,0.25,0,95.75,2.75,0.25,0
2022-06-26 04:32:19,0,0,1.5037594,0.2506266,0,95.73935,2.255639,0.2506266,0
2022-06-26 04:32:18,0,0,0.7481297,0.2493766,0,96.50873,2.244389,0.2493766,0
2022-06-26 04:32:17,0,0,0.25,0,0,98.25,1.5,0,0
2022-06-26 04:32:16,0,0,0,0,0,99.25,0.5,0.25,0
2022-06-26 04:32:15,0,0,0,0.25,0,99,0.75,0,0
2022-06-26 04:32:14,0,0,0.75,0,0,96.25,2.25,0.75,0
2022-06-26 04:32:13,0,0,1.5037594,0,0,94.98747,3.258145,0.2506266,0
2022-06-26 04:32:12,0,0,0.9975062,0.4987531,0,94.76309,3.241895,0.4987531,0
2022-06-26 04:32:11,0,0,0.5012531,0,0,97.49373,1.754386,0.2506266,0
2022-06-26 04:32:10,0,0,0.2493766,0,0,98.25436,1.2468828,0.2493766,0
2022-06-26 04:32:09,0,0,0.2493766,0,0,99.00249,0.4987531,0.2493766,0
2022-06-26 04:32:08,0,0,0,0,0,98.99497,1.0050251,0,0
2022-06-26 04:32:07,0,0,0.4975124,0.2487562,0,97.51244,1.2437811,0.4975124,0
2022-06-26 04:32:06,0,0,0.7556675,0.2518892,0,95.96977,3.02267,0,0
2022-06-26 04:32:05,0,0,1.4888337,0.4962779,0,92.05955,5.459057,0.4962779,0
2022-06-26 04:32:04,0,0,0.75,0.25,0,96.75,2,0.25,0
2022-06-26 04:32:03,0,0,0.5012531,0.2506266,0,95.98997,2.756892,0.5012531,0
2022-06-26 04:32:02,0,0,0.4975124,0.2487562,0,97.26368,1.741294,0.2487562,0
2022-06-26 04:32:01,0,0,0,0,0,99.49749,0.5025126,0,0
2022-06-26 04:32:00,0,0,0,0,0,99.49875,0.5012531,0,0
2022-06-26 04:31:59,0,0,0,0,0,98.74687,1.2531328,0,0
2022-06-26 04:31:58,0,0,0.75,0,0,96.5,2.75,0,0
2022-06-26 04:31:57,0,0,1.4925373,0.2487562,0,93.53234,4.477612,0.2487562,0
2022-06-26 04:31:56,0,0,1.4962594,0.2493766,0,91.77057,6.234414,0.2493766,0
2022-06-26 04:31:55,0,0,1.75,0,0,88.25,9.75,0.25,0
2022-06-26 04:31:54,0,0,1.2626263,0,0,92.92929,5.808081,0,0
2022-06-26 04:31:53,0,0,0.2487562,0,0,92.0398,7.21393,0.2487562,0
2022-06-26 04:31:52,0,0,0.25,0.25,0,94.25,5.25,0,0
2022-06-26 04:31:51,0,0,0,0,0,94.52736,4.975124,0.4975124,0
2022-06-26 04:31:50,0,0,0,0,0,94.97487,4.773869,0.2512563,0
2022-06-26 04:31:49,0,0,0,0,0,89.77556,9.476309,0.4987531,0
2022-06-26 04:31:48,0,0,0,0,0,90.22556,9.52381,0.2506266,0
2022-06-26 04:31:47,0,0,0.2493766,0,0,87.53117,9.725686,0.4987531,0
2022-06-26 04:31:46,0,0,0,0,0,92.69521,4.030227,0.2518892,0
2022-06-26 04:31:45,0,0,0.2487562,0,0,97.76119,1.741294,0.2487562,0
2022-06-26 04:31:44,0,0,0.25,0.25,0,98.75,0.75,0,0
2022-06-26 04:31:43,0,0,0,0,0,98.99749,1.0025063,0,0
2022-06-26 04:31:42,0,0,0,0,0,98.75931,0.7444169,0.4962779,0
2022-06-26 04:31:41,0,0,0,0,0,99.24623,0.5025126,0.2512563,0
2022-06-26 04:31:40,0,0,0,0,0,98.99749,1.0025063,0,0
2022-06-26 04:31:39,0,0,0.4975124,0,0,97.76119,1.4925373,0.2487562,0
2022-06-26 04:31:38,0,0,1.2531328,0.2506266,0,96.2406,2.255639,0,0
2022-06-26 04:31:37,0,0,0.75,0.25,0,96.5,2.25,0.25,0
2022-06-26 04:31:36,0,0,0,0,0,98.49624,1.5037594,0,0
2022-06-26 04:31:35,0,0,0.4987531,0,0,97.75561,1.745636,0,0
2022-06-26 04:31:34,0,0,0,0,0,97.75561,1.745636,0.4987531,0
2022-06-26 04:31:33,0,0,0,0,0,99.24433,0.7556675,0,0
2022-06-26 04:31:32,0,0,1.4962594,0.2493766,0,94.76309,2.992519,0.4987531,0
2022-06-26 04:31:31,0,0,1.5037594,0.2506266,0,94.98747,3.258145,0,0
2022-06-26 04:31:30,0,0,0.75,0,0,97,2,0.25,0
2022-06-26 04:31:29,0,0,0.4987531,0.2493766,0,97.75561,1.4962594,0,0
2022-06-26 04:31:28,0,0,0.25,0,0,98,1.5,0.25,0
2022-06-26 04:31:27,0,0,0,0,0,99.25,0.75,0,0
2022-06-26 04:31:26,0,0,0.25,0,0,99.25,0.5,0,0
2022-06-26 04:31:25,0,0,1.5,0,0,95.75,2.5,0.25,0
2022-06-26 04:31:24,0,0,1.4962594,0.4987531,0,94.26434,3.740648,0,0
2022-06-26 04:31:23,0,0,0.7537688,0.2512563,0,97.48744,1.2562814,0.2512563,0
2022-06-26 04:31:22,0,0,0.4987531,0.2493766,0,97.50623,1.745636,0,0
2022-06-26 04:31:21,0,0,0,0,0,98.74687,1.0025063,0.2506266,0
2022-06-26 04:31:20,0,0,0.2487562,0,0,98.75622,0.7462687,0.2487562,0
2022-06-26 04:31:19,0,0,0.2506266,0,0,98.24561,1.0025063,0.5012531,0
2022-06-26 04:31:18,0,0,1.25,0.25,0,96,2.5,0,0
2022-06-26 04:31:17,0,0,1.4962594,0.2493766,0,94.01496,3.990025,0.2493766,0
2022-06-26 04:31:16,0,0,0.7518797,0.2506266,0,96.99248,1.754386,0.2506266,0
2022-06-26 04:31:15,0,0,0.5,0,0,98.25,1.25,0,0
2022-06-26 04:31:14,0,0,0.2506266,0,0,99.24812,0.5012531,0,0
2022-06-26 04:31:13,0,0,0,0.25,0,99,0.5,0.25,0
2022-06-26 04:31:12,0,0,0.25,0.25,0,98,1.5,0,0
2022-06-26 04:31:11,0,0,1.2468828,0,0,95.26185,3.241895,0.2493766,0
2022-06-26 04:31:10,0,0,1.5,0.25,0,94.5,3.75,0,0
2022-06-26 04:31:09,0,0,0.2506266,0.2506266,0,96.74185,2.506266,0.2506266,0
2022-06-26 04:31:08,0,0,0.5,0.25,0,98.5,0.5,0.25,0
2022-06-26 04:31:07,0,0,0.4987531,0,0,98.00499,1.2468828,0.2493766,0
2022-06-26 04:31:06,0,0,0,0,0,98.74372,1.0050251,0.2512563,0
2022-06-26 04:31:05,0,0,0.2487562,0.2487562,0,98.25871,0.9950249,0.2487562,0
2022-06-26 04:31:04,0,0,0.7518797,0.2506266,0,94.73684,3.759398,0.5012531,0
2022-06-26 04:31:03,0,0,0.9975062,0.2493766,0,96.25935,2.493766,0,0
2022-06-26 04:31:02,0,0,1,0.25,0,94.5,3.75,0.5,0
2022-06-26 04:31:01,0,0,0.4975124,0,0,97.01493,2.238806,0.2487562,0
2022-06-26 04:31:00,0,0,0.2512563,0.2512563,0,98.49246,0.7537688,0.2512563,0
2022-06-26 04:30:59,0,0,0.5012531,0,0,97.49373,2.005013,0,0
2022-06-26 04:30:58,0,0,0.4975124,0,0,98.00995,1.2437811,0.2487562,0
2022-06-26 04:30:57,0,0,0,0,0,97.75,2,0.25,0
2022-06-26 04:30:56,0,0,0.7518797,0.2506266,0,95.48872,3.258145,0.2506266,0
2022-06-26 04:30:55,0,0,1,0,0,95.5,3.25,0.25,0
2022-06-26 04:30:54,0,0,1.754386,0.2506266,0,90.97744,6.516291,0.5012531,0
2022-06-26 04:30:53,0,0,1.4888337,0.248139,0,91.067,7.19603,0,0
2022-06-26 04:30:52,0,0,0.5037783,0.2518892,0,90.93199,8.060453,0,0
2022-06-26 04:30:51,0,0,0.4975124,0,0,94.77612,4.477612,0.2487562,0
2022-06-26 04:30:50,0,0,0.5012531,0.2506266,0,92.4812,6.766917,0,0
2022-06-26 04:30:49,0,0,0.2506266,0,0,93.23308,6.265664,0.2506266,0
2022-06-26 04:30:48,0,0,0.4962779,0,0,93.30025,5.707196,0.4962779,0
2022-06-26 04:30:47,0,0,0.2506266,0,0,90.22556,9.52381,0,0
2022-06-26 04:30:46,0,0,0,0,0,90.12658,8.860759,0,0
2022-06-26 04:30:45,0,0,0.2487562,0,0,93.28358,5.970149,0.2487562,0
2022-06-26 04:30:44,0,0,0,0,0,95.51122,4.488778,0,0
2022-06-26 04:30:43,0,0,0.2506266,0,0,96.99248,2.255639,0.2506266,0
2022-06-26 04:30:42,0,0,0.25,0,0,98,1.75,0,0
2022-06-26 04:30:41,0,0,0,0.25,0,98,1.5,0.25,0
2022-06-26 04:30:40,0,0,0,0,0,98.99749,1.0025063,0,0
2022-06-26 04:30:39,0,0,0,0,0,99.25,0.5,0.25,0
2022-06-26 04:30:38,0,0,0.25,0.25,0,98.25,1.25,0,0
2022-06-26 04:30:37,0,0,0.4987531,0,0,97.75561,1.745636,0,0
2022-06-26 04:30:36,0,0,0.75,0,0,97,2.25,0,0
2022-06-26 04:30:35,0,0,0.5,0.25,0,97.25,1.5,0.5,0
2022-06-26 04:30:34,0,0,0.4987531,0.2493766,0,98.50374,0.7481297,0,0
2022-06-26 04:30:33,0,0,0,0,0,98.99497,0.7537688,0.2512563,0
2022-06-26 04:30:32,0,0,0.4987531,0,0,97.50623,1.995012,0,0
2022-06-26 04:30:31,0,0,0.5,0.25,0,97.25,1.75,0.25,0
2022-06-26 04:30:30,0,0,0.7518797,0.2506266,0,97.99499,1.0025063,0,0
2022-06-26 04:30:29,0,0,0.9975062,0.2493766,0,96.50873,1.745636,0.4987531,0
2022-06-26 04:30:28,0,0,0.5,0,0,97.5,2,0,0
2022-06-26 04:30:27,0,0,0.5,0,0,97.5,1.5,0.5,0
2022-06-26 04:30:26,0,0,0.5025126,0,0,97.73869,1.758794,0,0
2022-06-26 04:30:25,0,0,0.9950249,0,0,97.76119,0.9950249,0.2487562,0
2022-06-26 04:30:24,0,0,0.25,0,0,98.25,1.25,0.25,0
2022-06-26 04:30:23,0,0,0.7481297,0.2493766,0,96.7581,1.995012,0.2493766,0
2022-06-26 04:30:22,0,0,1.0025063,0.2506266,0,96.2406,2.255639,0.2506266,0
2022-06-26 04:30:21,0,0,0.7518797,0.2506266,0,96.2406,2.255639,0.5012531,0
2022-06-26 04:30:20,0,0,0.75,0.25,0,97.25,1.75,0,0
2022-06-26 04:30:19,0,0,0.4975124,0,0,98.00995,1.2437811,0.2487562,0
2022-06-26 04:30:18,0,0,0,0,0,98.99749,0.7518797,0.2506266,0
2022-06-26 04:30:17,0,0,0.4987531,0.2493766,0,98.50374,0.4987531,0.2493766,0
2022-06-26 04:30:16,0,0,0.7537688,0.2512563,0,95.72864,2.763819,0.5025126,0
2022-06-26 04:30:15,0,0,1.2437811,0,0,95.77114,2.985075,0,0
2022-06-26 04:30:14,0,0,0.75,0.25,0,96.25,2.75,0,0
2022-06-26 04:30:13,0,0,0.7537688,0,0,96.98492,2.261307,0,0
2022-06-26 04:30:12,0,0,0.248139,0.248139,0,97.76675,1.2406948,0.4962779,0
2022-06-26 04:30:11,0,0,0,0,0,99.25,0.75,0,0
2022-06-26 04:30:10,0,0,0.7537688,0,0,97.23618,2.01005,0,0
2022-06-26 04:30:09,0,0,1.0025063,0,0,95.98997,2.756892,0.2506266,0
2022-06-26 04:30:08,0,0,1.2468828,0,0,95.26185,3.241895,0.2493766,0
2022-06-26 04:30:07,0,0,0.9950249,0.2487562,0,96.26866,1.99005,0.4975124,0
2022-06-26 04:30:06,0,0,0,0,0,98.74372,1.2562814,0,0
2022-06-26 04:30:05,0,0,0.7462687,0,0,97.76119,0.9950249,0.4975124,0
2022-06-26 04:30:04,0,0,0.2518892,0,0,98.48866,1.2594458,0,0
2022-06-26 04:30:03,0,0,0.2493766,0,0,98.25436,1.2468828,0.2493766,0
2022-06-26 04:30:02,0,0,0.75,0,0,95.5,3.5,0.25,0
2022-06-26 04:30:01,0,0,1.0050251,0.2512563,0,94.97487,3.517588,0.2512563,0
2022-06-26 04:30:00,0,0,1.2406948,0.4962779,0,93.30025,4.962779,0,0
2022-06-26 04:29:59,0,0,0.7537688,0,0,97.48744,1.5075377,0.2512563,0
2022-06-26 04:29:58,0,0,0,0,0,98.50374,1.2468828,0.2493766,0
2022-06-26 04:29:57,0,0,0.5012531,0,0,97.74436,1.754386,0,0
2022-06-26 04:29:56,0,0,0.2493766,0,0,98.00499,1.2468828,0.4987531,0
2022-06-26 04:29:55,0,0,0.2506266,0,0,97.74436,2.005013,0,0
2022-06-26 04:29:54,0,0,0.7481297,0.2493766,0,96.25935,2.743142,0,0
2022-06-26 04:29:53,0,0,0.7537688,0,0,95.22613,3.768844,0.2512563,0
2022-06-26 04:29:52,0,0,1.4851485,0.4950495,0,92.07921,5.693069,0.2475248,0
2022-06-26 04:29:51,0,0,1.75,0.25,0,91.5,6.25,0.25,0
2022-06-26 04:29:50,0,0,1,0.5,0,89.25,9,0.25,0
2022-06-26 04:29:49,0,0,0.5,0.5,0,92.75,5.75,0.5,0
2022-06-26 04:29:48,0,0,0.25,0,0,94.5,5,0.25,0
2022-06-26 04:29:47,0,0,0.5012531,0,0,92.23058,7.26817,0,0
2022-06-26 04:29:46,0,0,0.5012531,0,0,92.73183,6.265664,0.5012531,0
2022-06-26 04:29:45,0,0,0,0,0,90.52369,8.977556,0.4987531,0
2022-06-26 04:29:44,0,0,0.25,0,0,90.25,8.5,0.25,0
2022-06-26 04:29:43,0,0,0,0.2512563,0,88.19095,6.532663,0.2512563,0
2022-06-26 04:29:42,0,0,0.2493766,0.2493766,0,93.76559,5.236908,0.2493766,0
2022-06-26 04:29:41,0,0,0,0,0,97.99499,2.005013,0,0
2022-06-26 04:29:40,0,0,0.2493766,0,0,97.75561,1.745636,0.2493766,0
2022-06-26 04:29:39,0,0,0,0,0,98.49624,1.5037594,0,0
2022-06-26 04:29:38,0,0,0.248139,0,0,98.75931,0.7444169,0.248139,0
2022-06-26 04:29:37,0,0,0,0.2506266,0,98.99749,0.5012531,0.2506266,0
2022-06-26 04:29:36,0,0,0.2506266,0.2506266,0,98.49624,0.7518797,0.2506266,0
2022-06-26 04:29:35,0,0,0.2487562,0,0,97.76119,1.4925373,0.4975124,0
2022-06-26 04:29:34,0,0,0.7518797,0,0,98.24561,0.7518797,0.2506266,0
2022-06-26 04:29:33,0,0,0.75,0,0,97.25,1.75,0.25,0
2022-06-26 04:29:32,0,0,0.5012531,0,0,97.49373,1.754386,0.2506266,0
2022-06-26 04:29:31,0,0,0.25,0,0,97.5,2.25,0,0
2022-06-26 04:29:30,0,0,0.5,0,0,98.5,0.75,0.25,0
2022-06-26 04:29:29,0,0,0.2506266,0,0,98.49624,1.0025063,0.2506266,0
2022-06-26 04:29:28,0,0,0.7481297,0.2493766,0,96.7581,1.995012,0.2493766,0
2022-06-26 04:29:27,0,0,1.0025063,0,0,96.74185,2.005013,0.2506266,0
2022-06-26 04:29:26,0,0,0.75,0.25,0,97.25,1.75,0,0
2022-06-26 04:29:25,0,0,0.9975062,0,0,96.00998,2.493766,0.4987531,0
2022-06-26 04:29:24,0,0,0.5,0,0,98.25,1.25,0,0
2022-06-26 04:29:23,0,0,0,0.25,0,98.75,1,0,0
2022-06-26 04:29:22,0,0,0.5012531,0,0,97.99499,1.2531328,0.2506266,0
2022-06-26 04:29:21,0,0,0.7481297,0.2493766,0,97.25686,1.745636,0,0
2022-06-26 04:29:20,0,0,1.25,0,0,95.5,3,0.25,0
2022-06-26 04:29:19,0,0,1,0.25,0,96,2.25,0.5,0
2022-06-26 04:29:18,0,0,0.5,0.25,0,98,1,0.25,0
2022-06-26 04:29:17,0,0,0.2493766,0,0,98.75312,0.7481297,0.2493766,0
2022-06-26 04:29:16,0,0,0,0,0,98.48866,1.511335,0,0
2022-06-26 04:29:15,0,0,0.4987531,0,0,98.00499,1.2468828,0.2493766,0
2022-06-26 04:29:14,0,0,1.25,0,0,96.75,1.75,0.25,0
2022-06-26 04:29:13,0,0,1.0025063,0,0,95.73935,3.007519,0.2506266,0
2022-06-26 04:29:12,0,0,0.7481297,0.2493766,0,97.25686,1.745636,0,0
2022-06-26 04:29:11,0,0,0.25,0,0,98.25,1.25,0.25,0
2022-06-26 04:29:10,0,0,0.5,0,0,97.75,1.75,0,0
2022-06-26 04:29:09,0,0,0,0,0,99.5,0.25,0.25,0
2022-06-26 04:29:08,0,0,0.5012531,0,0,97.24311,2.255639,0,0
2022-06-26 04:29:07,0,0,1,0.25,0,96.75,1.75,0.25,0
2022-06-26 04:29:06,0,0,0.9975062,0,0,95.7606,3.241895,0,0
2022-06-26 04:29:05,0,0,0.9975062,0,0,96.00998,2.743142,0.2493766,0
2022-06-26 04:29:04,0,0,0.7518797,0.2506266,0,96.2406,2.506266,0.2506266,0
2022-06-26 04:29:03,0,0,0,0,0,98.5,1.25,0.25,0
2022-06-26 04:29:02,0,0,0,0,0,99.25,0.75,0,0
2022-06-26 04:29:01,0,0,0.2493766,0,0,98.25436,1.2468828,0.2493766,0
2022-06-26 04:29:00,0,0,0.5,0.25,0,97,2.25,0,0
2022-06-26 04:28:59,0,0,1,0,0,96.25,2.25,0.5,0
2022-06-26 04:28:58,0,0,1,0,0,95.75,3,0.25,0
2022-06-26 04:28:57,0,0,0.75,0,0,96.25,2.75,0.25,0
2022-06-26 04:28:56,0,0,0.75,0.25,0,96.5,2,0.5,0
2022-06-26 04:28:55,0,0,0,0,0,98.49624,1.5037594,0,0
2022-06-26 04:28:54,0,0,0,0,0,98.75312,0.9975062,0.2493766,0
2022-06-26 04:28:53,0,0,0.25,0.25,0,98.25,1.25,0,0
2022-06-26 04:28:52,0,0,0.5,0,0,96.75,2.75,0,0
2022-06-26 04:28:51,0,0,1.2437811,0.2487562,0,94.52736,3.482587,0.4975124,0
2022-06-26 04:28:50,0,0,1.5075377,0,0,94.97487,3.266332,0.2512563,0
2022-06-26 04:28:49,0,0,1.745636,0.2493766,0,89.27681,8.478803,0.2493766,0
2022-06-26 04:28:48,0,0,1.2531328,0.5012531,0,89.72431,8.02005,0.5012531,0
2022-06-26 04:28:47,0,0,1.0025063,0.5012531,0,90.47619,7.518797,0.5012531,0
2022-06-26 04:28:46,0,0,0.75,0.25,0,92.75,6.25,0,0
2022-06-26 04:28:45,0,0,0.2487562,0.2487562,0,92.78607,6.467662,0.2487562,0
2022-06-26 04:28:44,0,0,0,0,0,93.48371,5.764411,0.7518797,0
2022-06-26 04:28:43,0,0,0,0,0,93.46734,6.030151,0.2512563,0
2022-06-26 04:28:42,0,0,0.2487562,0.2487562,0,90.54726,8.208955,0.2487562,0
2022-06-26 04:28:41,0,0,0,0.2518892,0,86.39798,10.831234,0.2518892,0
2022-06-26 04:28:40,0,0,0.2493766,0.2493766,0,95.51122,3.990025,0,0
2022-06-26 04:28:39,0,0,0,0,0,96.75,3,0.25,0
2022-06-26 04:28:38,0,0,0.25,0.25,0,97.5,1.75,0.25,0
2022-06-26 04:28:37,0,0,0,0,0,98.75,1,0.25,0
2022-06-26 04:28:36,0,0,0,0,0,99.24812,0.7518797,0,0
2022-06-26 04:28:35,0,0,0,0,0,98.75,1,0.25,0
2022-06-26 04:28:34,0,0,0,0,0,99.25187,0.4987531,0.2493766,0
2022-06-26 04:28:33,0,0,0.5,0,0,98.5,1,0,0
2022-06-26 04:28:32,0,0,0.5012531,0.2506266,0,97.24311,1.754386,0.2506266,0
2022-06-26 04:28:31,0,0,0.9950249,0,0,96.76617,1.99005,0.2487562,0
2022-06-26 04:28:30,0,0,0.5012531,0,0,97.24311,2.005013,0.2506266,0
2022-06-26 04:28:29,0,0,0.2506266,0.2506266,0,97.49373,1.5037594,0.5012531,0
2022-06-26 04:28:28,0,0,0.25,0,0,99,0.75,0,0
2022-06-26 04:28:27,0,0,0,0,0,98.5,1.25,0.25,0
2022-06-26 04:28:26,0,0,0.5012531,0.2506266,0,97.24311,2.005013,0,0
2022-06-26 04:28:25,0,0,1.745636,0,0,95.01247,2.992519,0.2493766,0
2022-06-26 04:28:24,0,0,0.9975062,0.2493766,0,96.00998,2.493766,0.2493766,0
2022-06-26 04:28:23,0,0,0.7518797,0,0,95.98997,3.007519,0.2506266,0
2022-06-26 04:28:22,0,0,0.4987531,0,0,97.75561,1.4962594,0.2493766,0
2022-06-26 04:28:21,0,0,0,0,0,98.99497,1.0050251,0,0
2022-06-26 04:28:20,0,0,0,0.248139,0,98.75931,0.7444169,0.248139,0
2022-06-26 04:28:19,0,0,0.7518797,0,0,97.24311,1.754386,0.2506266,0
2022-06-26 04:28:18,0,0,1.5075377,0,0,95.72864,2.763819,0,0
2022-06-26 04:28:17,0,0,0.9975062,0.2493766,0,96.50873,1.995012,0.2493766,0
2022-06-26 04:28:16,0,0,0.9975062,0.2493766,0,95.7606,2.743142,0.2493766,0
2022-06-26 04:28:15,0,0,0.2506266,0,0,97.74436,2.005013,0,0
2022-06-26 04:28:14,0,0,0,0,0,99.25,0.5,0.25,0
2022-06-26 04:28:13,0,0,0.25,0.25,0,98.5,1,0,0
2022-06-26 04:28:12,0,0,0.4975124,0.2487562,0,98.00995,0.7462687,0.4975124,0
2022-06-26 04:28:11,0,0,1.5037594,0.2506266,0,95.2381,3.007519,0,0
2022-06-26 04:28:10,0,0,1.0025063,0,0,95.2381,3.258145,0.5012531,0
2022-06-26 04:28:09,0,0,0.4987531,0.2493766,0,97.25686,1.745636,0.2493766,0
2022-06-26 04:28:08,0,0,0.5012531,0.2506266,0,98.24561,0.7518797,0.2506266,0
2022-06-26 04:28:07,0,0,0,0,0,98.74687,1.2531328,0,0
2022-06-26 04:28:06,0,0,0,0,0,99.25187,0.4987531,0.2493766,0
2022-06-26 04:28:05,0,0,0.7462687,0,0,96.26866,2.736318,0.2487562,0
2022-06-26 04:28:04,0,0,1.2562814,0.2512563,0,95.47739,3.015075,0,0
2022-06-26 04:28:03,0,0,1.25,0.25,0,94.75,3.25,0.25,0
2022-06-26 04:28:02,0,0,0.5,0,0,98,1.5,0,0
2022-06-26 04:28:01,0,0,0.4987531,0,0,98.50374,0.7481297,0.2493766,0
2022-06-26 04:28:00,0,0,0.2506266,0,0,97.49373,2.255639,0,0
2022-06-26 04:27:59,0,0,0,0,0,99,0.75,0.25,0
2022-06-26 04:27:58,0,0,0,0.25,0,98.75,0.75,0.25,0
2022-06-26 04:27:57,0,0,0.75,0,0,94,5.25,0,0
2022-06-26 04:27:56,0,0,1.4925373,0.2487562,0,94.52736,3.482587,0.2487562,0
2022-06-26 04:27:55,0,0,0.7537688,0,0,97.23618,1.758794,0.2512563,0
2022-06-26 04:27:54,0,0,0.25,0.25,0,97.25,2.25,0,0
2022-06-26 04:27:53,0,0,0.5,0,0,97.5,1.75,0.25,0
2022-06-26 04:27:52,0,0,0.2487562,0.2487562,0,98.00995,1.4925373,0,0
2022-06-26 04:27:51,0,0,0,0,0,98.49624,1.0025063,0.5012531,0
2022-06-26 04:27:50,0,0,0.25,0.25,0,97.75,1.5,0.25,0
2022-06-26 04:27:49,0,0,0.75,0.25,0,96.75,2.25,0,0
2022-06-26 04:27:48,0,0,1.4962594,0,0,92.76808,5.236908,0.4987531,0
2022-06-26 04:27:47,0,0,1.758794,0.2512563,0,88.44221,9.296482,0.2512563,0
2022-06-26 04:27:46,0,0,1.75,0.25,0,91.25,6.75,0,0
2022-06-26 04:27:45,0,0,0.4975124,0,0,90.79602,8.457711,0.2487562,0
2022-06-26 04:27:44,0,0,0.5012531,0.2506266,0,94.73684,4.260652,0.2506266,0
2022-06-26 04:27:43,0,0,0.25,0,0,94.5,5,0.25,0
2022-06-26 04:27:42,0,0,0,0,0,93.25,6.5,0.25,0
2022-06-26 04:27:41,0,0,0.2506266,0.2506266,0,92.98246,6.265664,0,0
2022-06-26 04:27:40,0,0,0,0.25,0,94.25,5.5,0,0
2022-06-26 04:27:39,0,0,0.25,0.25,0,81.25,11,0.25,0
2022-06-26 04:27:38,0,0,0,0,0,89.39394,7.828283,0.2525253,0
2022-06-26 04:27:37,0,0,0.25,0.25,0,94.5,3.75,0.25,0
2022-06-26 04:27:36,0,0,0.25,0.25,0,97.25,2,0.25,0
2022-06-26 04:27:35,0,0,0,0,0,98.25,1.5,0.25,0
2022-06-26 04:27:34,0,0,0,0,0,99.49749,0.2512563,0.2512563,0
2022-06-26 04:27:33,0,0,0.2493766,0,0,98.50374,0.9975062,0.2493766,0
2022-06-26 04:27:32,0,0,0,0.4975124,0,98.00995,1.2437811,0.2487562,0
2022-06-26 04:27:31,0,0,0,0,0,99.24623,0.7537688,0,0
2022-06-26 04:27:30,0,0,0.2487562,0,0,98.75622,0.7462687,0.2487562,0
2022-06-26 04:27:29,0,0,1.2594458,0.5037783,0,94.45844,3.526448,0.2518892,0
2022-06-26 04:27:28,0,0,0.75,0.25,0,96,2.75,0.25,0
2022-06-26 04:27:27,0,0,0.4975124,0.2487562,0,98.00995,0.9950249,0.2487562,0
2022-06-26 04:27:26,0,0,0,0,0,98.75,1.25,0,0
2022-06-26 04:27:25,0,0,0.5,0,0,98.75,0.5,0.25,0
2022-06-26 04:27:24,0,0,0,0.25,0,98,1.5,0.25,0
2022-06-26 04:27:23,0,0,0.7556675,0.2518892,0,96.47355,2.015113,0.5037783,0
2022-06-26 04:27:22,0,0,1.980198,0.2475248,0,94.30693,3.465347,0,0
2022-06-26 04:27:21,0,0,1.0025063,0.2506266,0,96.2406,2.506266,0,0
2022-06-26 04:27:20,0,0,0.25,0,0,98.5,1.25,0,0
2022-06-26 04:27:19,0,0,0,0,0,99.00249,0.7481297,0.2493766,0
2022-06-26 04:27:18,0,0,0,0,0,99.24812,0.5012531,0.2506266,0
2022-06-26 04:27:17,0,0,0.2506266,0,0,97.24311,2.005013,0.5012531,0
2022-06-26 04:27:16,0,0,0.9975062,0.2493766,0,96.25935,1.995012,0.4987531,0
2022-06-26 04:27:15,0,0,1.5075377,0.2512563,0,95.22613,2.512563,0.5025126,0
2022-06-26 04:27:14,0,0,1.4962594,0.2493766,0,95.51122,2.743142,0,0
2022-06-26 04:27:13,0,0,0,0,0,98.75,1.25,0,0
2022-06-26 04:27:12,0,0,0,0,0,99.00498,0.4975124,0.4975124,0
2022-06-26 04:27:11,0,0,0,0,0,98.99244,0.7556675,0.2518892,0
2022-06-26 04:27:10,0,0,0.5,0,0,98.5,1,0,0
2022-06-26 04:27:09,0,0,1.2406948,0.248139,0,95.03722,2.729529,0.7444169,0
2022-06-26 04:27:08,0,0,1.511335,0.2518892,0,94.71033,3.526448,0,0
2022-06-26 04:27:07,0,0,0.7481297,0,0,97.25686,1.745636,0.2493766,0
2022-06-26 04:27:06,0,0,0,0,0,99.24812,0.7518797,0,0
2022-06-26 04:27:05,0,0,0.2493766,0,0,99.00249,0.4987531,0.2493766,0
2022-06-26 04:27:04,0,0,0,0,0,99,0.75,0.25,0
2022-06-26 04:27:03,0,0,0.5012531,0,0,97.74436,1.5037594,0.2506266,0
2022-06-26 04:27:02,0,0,1.4925373,0.2487562,0,94.52736,3.731343,0,0
2022-06-26 04:27:01,0,0,1.4962594,0.2493766,0,95.26185,2.743142,0.2493766,0
2022-06-26 04:27:00,0,0,0.5037783,0,0,98.23678,1.2594458,0,0
2022-06-26 04:26:59,0,0,0,0,0,99,0.75,0.25,0
2022-06-26 04:26:58,0,0,0.2493766,0,0,99.00249,0.4987531,0.2493766,0
2022-06-26 04:26:57,0,0,0,0,0,99,1,0,0
2022-06-26 04:26:56,0,0,0.25,0,0,98.25,1.5,0,0
2022-06-26 04:26:55,0,0,0.9950249,0.2487562,0,94.52736,3.9801,0.2487562,0
2022-06-26 04:26:54,0,0,1.2562814,0.5025126,0,93.96985,4.020101,0.2512563,0
2022-06-26 04:26:53,0,0,1,0.25,0,96,2.5,0.25,0
2022-06-26 04:26:52,0,0,0.5012531,0,0,97.49373,2.005013,0,0
2022-06-26 04:26:51,0,0,0,0.25,0,99,0.5,0.25,0
2022-06-26 04:26:50,0,0,0.2493766,0,0,98.25436,0.9975062,0.4987531,0
2022-06-26 04:26:49,0,0,0,0,0,99.74937,0.2506266,0,0
2022-06-26 04:26:48,0,0,0.25,0.25,0,97,2.25,0.25,0
2022-06-26 04:26:47,0,0,0.4975124,0,0,95.77114,3.482587,0.2487562,0
2022-06-26 04:26:46,0,0,1.25,0.25,0,93.75,4.5,0.25,0
2022-06-26 04:26:45,0,0,2,0.25,0,89.75,8,0,0
2022-06-26 04:26:44,0,0,2.005013,0.2506266,0,88.47118,9.273183,0,0
2022-06-26 04:26:43,0,0,1,0.25,0,91.5,6.75,0.5,0
2022-06-26 04:26:42,0,0,0.5012531,0,0,92.23058,7.26817,0,0
2022-06-26 04:26:41,0,0,0,0,0,94.77612,4.975124,0.2487562,0
2022-06-26 04:26:40,0,0,0.25,0,0,93.25,6,0.5,0
2022-06-26 04:26:39,0,0,0,0,0,93.71859,6.030151,0.2512563,0
2022-06-26 04:26:38,0,0,0,0,0,90.77307,8.229426,0.2493766,0
2022-06-26 04:26:37,0,0,0.2525253,0.2525253,0,92.17172,6.313131,0.2525253,0
2022-06-26 04:26:36,0,0,0,0.2493766,0,86.53367,9.975062,0.4987531,0
2022-06-26 04:26:35,0,0,0,0,0,91.72932,4.010025,0.2506266,0
2022-06-26 04:26:34,0,0,0.2506266,0.2506266,0,97.49373,2.005013,0,0
2022-06-26 04:26:33,0,0,0,0,0,98.74687,1.0025063,0.2506266,0
2022-06-26 04:26:32,0,0,0,0,0,99.00498,0.7462687,0.2487562,0
2022-06-26 04:26:31,0,0,0,0,0,99.24623,0.7537688,0,0
2022-06-26 04:26:30,0,0,0.2493766,0,0,98.50374,0.7481297,0.4987531,0
2022-06-26 04:26:29,0,0,0,0.2493766,0,99.25187,0.2493766,0.2493766,0
2022-06-26 04:26:28,0,0,0.5012531,0,0,96.99248,2.255639,0.2506266,0
2022-06-26 04:26:27,0,0,1.0025063,0,0,96.49123,2.255639,0.2506266,0
2022-06-26 04:26:26,0,0,0.75,0,0,97.5,1.75,0,0
2022-06-26 04:26:25,0,0,1.2437811,0,0,97.51244,0.9950249,0.2487562,0
2022-06-26 04:26:24,0,0,0,0,0,99.24812,0.5012531,0.2506266,0
2022-06-26 04:26:23,0,0,0.25,0,0,98.5,1.25,0,0
2022-06-26 04:26:22,0,0,0.2487562,0,0,98.25871,1.2437811,0.2487562,0
2022-06-26 04:26:21,0,0,0.7537688,0.2512563,0,96.73367,2.261307,0,0
2022-06-26 04:26:20,0,0,1.2531328,0.2506266,0,95.98997,2.506266,0,0
2022-06-26 04:26:19,0,0,1.4888337,0.248139,0,94.2928,3.473945,0.248139,0
2022-06-26 04:26:18,0,0,0.2512563,0,0,98.99497,0.5025126,0.2512563,0
2022-06-26 04:26:17,0,0,0,0,0,99.00249,0.9975062,0,0
2022-06-26 04:26:16,0,0,0,0,0,98.75,0.75,0.5,0
2022-06-26 04:26:15,0,0,0.2512563,0,0,98.49246,1.2562814,0,0
2022-06-26 04:26:14,0,0,0.9950249,0.2487562,0,95.77114,2.487562,0.4975124,0
2022-06-26 04:26:13,0,0,1.5037594,0,0,95.73935,2.506266,0.2506266,0
2022-06-26 04:26:12,0,0,1.2468828,0.2493766,0,95.51122,2.743142,0.2493766,0
2022-06-26 04:26:11,0,0,0.2506266,0.2506266,0,97.24311,2.255639,0,0
2022-06-26 04:26:10,0,0,0,0,0,99.00249,0.7481297,0.2493766,0
2022-06-26 04:26:09,0,0,0.2512563,0,0,98.74372,0.5025126,0.5025126,0
2022-06-26 04:26:08,0,0,0.2487562,0,0,98.00995,1.4925373,0.2487562,0
2022-06-26 04:26:07,0,0,1.0025063,0,0,96.99248,1.754386,0.2506266,0
2022-06-26 04:26:06,0,0,1.2468828,0.2493766,0,95.7606,2.493766,0.2493766,0
2022-06-26 04:26:05,0,0,1.2531328,0,0,94.23559,4.010025,0.5012531,0
2022-06-26 04:26:04,0,0,0.2487562,0.2487562,0,98.00995,1.2437811,0.2487562,0
2022-06-26 04:26:03,0,0,0,0,0,99.24623,0.7537688,0,0
2022-06-26 04:26:02,0,0,0,0,0,99.00498,0.9950249,0,0
2022-06-26 04:26:01,0,0,0.2518892,0,0,98.23678,1.0075567,0.5037783,0
2022-06-26 04:26:00,0,0,1.2437811,0.2487562,0,95.77114,2.238806,0.4975124,0
2022-06-26 04:25:59,0,0,2.255639,0.2506266,0,92.73183,4.511278,0.2506266,0
2022-06-26 04:25:58,0,0,0.7518797,0,0,96.2406,3.007519,0,0
2022-06-26 04:25:57,0,0,0.25,0.25,0,97.75,1.5,0.25,0
2022-06-26 04:25:56,0,0,0.2475248,0,0,98.76238,0.4950495,0.4950495,0
2022-06-26 04:25:55,0,0,0,0,0,99.49622,0.5037783,0,0
2022-06-26 04:25:54,0,0,0,0,0,99.00249,0.4987531,0.4987531,0
2022-06-26 04:25:53,0,0,0.5037783,0,0,97.48111,2.015113,0,0
2022-06-26 04:25:52,0,0,1.2468828,0.4987531,0,90.27431,7.730673,0.2493766,0
2022-06-26 04:25:51,0,0,1.985112,0.4962779,0,93.30025,3.970223,0.248139,0
2022-06-26 04:25:50,0,0,0.2518892,0,0,97.48111,2.267003,0,0
2022-06-26 04:25:49,0,0,0.2493766,0,0,96.7581,2.493766,0.4987531,0
2022-06-26 04:25:48,0,0,0.25,0,0,98.75,0.75,0.25,0
2022-06-26 04:25:47,0,0,0,0,0,99.25187,0.4987531,0.2493766,0
2022-06-26 04:25:46,0,0,0,0,0,98.75,1.25,0,0
2022-06-26 04:25:45,0,0,0.2512563,0,0,96.23116,3.266332,0.2512563,0
2022-06-26 04:25:44,0,0,0.75,0,0,95.5,3.5,0.25,0
2022-06-26 04:25:43,0,0,1.741294,0.4975124,0,91.04478,6.467662,0.2487562,0
2022-06-26 04:25:42,0,0,2,0,0,90.5,7.25,0.25,0
2022-06-26 04:25:41,0,0,1.5,0.25,0,90.25,7.75,0.25,0
2022-06-26 04:25:40,0,0,0.75,0.25,0,88.5,10,0.5,0
2022-06-26 04:25:39,0,0,0,0,0,94.73684,5.012531,0.2506266,0
2022-06-26 04:25:38,0,0,0,0,0,95,4.75,0.25,0
2022-06-26 04:25:37,0,0,0,0,0,95,4.75,0.25,0
2022-06-26 04:25:36,0,0,0,0,0,93.25,6.5,0.25,0
2022-06-26 04:25:35,0,0,0.2493766,0.2493766,0,93.01746,5.985037,0.4987531,0
2022-06-26 04:25:34,0,0,0,0.2525253,0,84.59596,11.363636,0.2525253,0
2022-06-26 04:25:33,0,0,0.2506266,0.5012531,0,56.14035,7.769424,0.5012531,0
2022-06-26 04:25:32,0,0,0,0,0,97.24311,2.756892,0,0
2022-06-26 04:25:31,0,0,0,0.2487562,0,99.00498,0.4975124,0.2487562,0
2022-06-26 04:25:30,0,0,0.25,0.25,0,98.5,1,0,0
2022-06-26 04:25:29,0,0,0.2506266,0,0,98.74687,0.5012531,0.5012531,0
2022-06-26 04:25:28,0,0,0,0,0,98.74687,1.2531328,0,0
2022-06-26 04:25:27,0,0,0,0,0,98.5,1,0.5,0
2022-06-26 04:25:26,0,0,0.25,0,0,98.5,1.25,0,0
2022-06-26 04:25:25,0,0,0.75,0,0,98.25,1,0,0
2022-06-26 04:25:24,0,0,0.9950249,0.2487562,0,96.26866,1.99005,0.4975124,0
2022-06-26 04:25:23,0,0,1.2531328,0.2506266,0,95.98997,2.255639,0.2506266,0
2022-06-26 04:25:22,0,0,0.5,0.25,0,98,1.25,0,0
2022-06-26 04:25:21,0,0,0,0,0,98.5,1.25,0.25,0
2022-06-26 04:25:20,0,0,0,0,0,98.99749,1.0025063,0,0
2022-06-26 04:25:19,0,0,0.2493766,0,0,98.00499,1.4962594,0.2493766,0
2022-06-26 04:25:18,0,0,1.25,0.5,0,94.25,3,1,0
2022-06-26 04:25:17,0,0,1.741294,0.4975124,0,92.78607,4.726368,0.2487562,0
2022-06-26 04:25:16,0,0,1.25,0.25,0,96,1.75,0.75,0
2022-06-26 04:25:15,0,0,0.2518892,0,0,98.23678,1.511335,0,0
2022-06-26 04:25:14,0,0,0,0,0,99.00498,0.7462687,0.2487562,0
2022-06-26 04:25:13,0,0,0.2506266,0,0,99.24812,0.2506266,0.2506266,0
2022-06-26 04:25:12,0,0,0,0,0,99.00249,0.7481297,0.2493766,0
2022-06-26 04:25:11,0,0,1.0075567,0.2518892,0,95.46599,3.02267,0.2518892,0
2022-06-26 04:25:10,0,0,1.5,0.5,0,95.25,2.25,0.5,0
2022-06-26 04:25:09,0,0,0.7444169,0.248139,0,96.77419,1.985112,0.248139,0
2022-06-26 04:25:08,0,0,0.7537688,0.2512563,0,95.47739,3.015075,0.5025126,0
2022-06-26 04:25:07,0,0,0.25,0.25,0,98.25,1,0.25,0
2022-06-26 04:25:06,0,0,0,0,0,98.75,1,0.25,0
2022-06-26 04:25:05,0,0,0.5,0,0,97.75,1.5,0.25,0
2022-06-26 04:25:04,0,0,0.9950249,0.2487562,0,97.01493,1.4925373,0.2487562,0
2022-06-26 04:25:03,0,0,1.5151515,0,0,94.94949,3.282828,0.2525253,0
2022-06-26 04:25:02,0,0,0.7444169,0.248139,0,96.52605,2.48139,0,0
2022-06-26 04:25:01,0,0,0.5,0,0,97.5,1.75,0.25,0
2022-06-26 04:25:00,0,0,0.25,0,0,98.5,1,0.25,0
2022-06-26 04:24:59,0,0,0,0,0,99.00249,0.7481297,0.2493766,0
2022-06-26 04:24:58,0,0,0.5,0,0,98.25,1,0.25,0
2022-06-26 04:24:57,0,0,1.25,0.25,0,95,3.25,0.25,0
2022-06-26 04:24:56,0,0,1.0075567,0.2518892,0,94.71033,3.778338,0.2518892,0
2022-06-26 04:24:55,0,0,0.4962779,0.248139,0,96.52605,2.233251,0.4962779,0
2022-06-26 04:24:54,0,0,0.7518797,0,0,97.74436,1.2531328,0.2506266,0
2022-06-26 04:24:53,0,0,0.4987531,0.2493766,0,98.00499,0.9975062,0.2493766,0
2022-06-26 04:24:52,0,0,0,0,0,98.75,1,0.25,0
2022-06-26 04:24:51,0,0,0.2518892,0,0,98.48866,1.0075567,0.2518892,0
2022-06-26 04:24:50,0,0,0.7481297,0.2493766,0,94.76309,3.990025,0.2493766,0
2022-06-26 04:24:49,0,0,1.0025063,0.2506266,0,95.2381,3.508772,0,0
2022-06-26 04:24:48,0,0,1,0.25,0,96.75,2,0,0
2022-06-26 04:24:47,0,0,0.5,0.25,0,97,2,0.25,0
2022-06-26 04:24:46,0,0,0.7481297,0,0,97.25686,1.745636,0.2493766,0
2022-06-26 04:24:45,0,0,0,0,0,99,0.75,0.25,0
2022-06-26 04:24:44,0,0,0,0,0,99.49875,0.5012531,0,0
2022-06-26 04:24:43,0,0,0,0.2493766,0,98.50374,1.2468828,0,0
2022-06-26 04:24:42,0,0,0.7481297,0,0,96.7581,2.244389,0.2493766,0
2022-06-26 04:24:41,0,0,1.0025063,0,0,94.98747,3.759398,0.2506266,0
2022-06-26 04:24:40,0,0,1.2437811,0.4975124,0,92.28856,5.472637,0.2487562,0
2022-06-26 04:24:39,0,0,1.5075377,0,0,91.70854,6.281407,0.5025126,0
2022-06-26 04:24:38,0,0,1.5,0.5,0,88,10,0,0
2022-06-26 04:24:37,0,0,1,0,0,89.5,9,0.5,0
2022-06-26 04:24:36,0,0,0.25,0.25,0,94,5.5,0,0
2022-06-26 04:24:35,0,0,0,0,0,94.26434,5.735661,0,0
2022-06-26 04:24:34,0,0,0.2512563,0,0,93.71859,5.276382,0.7537688,0
2022-06-26 04:24:33,0,0,0,0.2487562,0,92.78607,6.716418,0,0
2022-06-26 04:24:32,0,0,0.2512563,0,0,88.19095,10.301508,0.5025126,0
2022-06-26 04:24:31,0,0,0,0.2487562,0,87.81095,10.199005,0.2487562,0
2022-06-26 04:24:30,0,0,0,0,0,96.73367,3.015075,0,0
2022-06-26 04:24:29,0,0,0.25,0,0,97.25,2.25,0.25,0
2022-06-26 04:24:28,0,0,0,0,0,99,0.75,0.25,0
2022-06-26 04:24:27,0,0,0,0.2506266,0,98.74687,1.0025063,0,0
2022-06-26 04:24:26,0,0,0,0.2493766,0,99.00249,0.4987531,0.2493766,0
2022-06-26 04:24:25,0,0,0.2487562,0,0,99.00498,0.4975124,0.2487562,0
2022-06-26 04:24:24,0,0,0.2512563,0,0,98.74372,1.0050251,0,0
2022-06-26 04:24:23,0,0,0.4987531,0,0,97.00748,1.995012,0.4987531,0
2022-06-26 04:24:22,0,0,1.0050251,0,0,96.73367,2.261307,0,0
2022-06-26 04:24:21,0,0,0.4975124,0.2487562,0,97.01493,1.741294,0.4975124,0
2022-06-26 04:24:20,0,0,0.7537688,0.2512563,0,97.23618,1.758794,0,0
2022-06-26 04:24:19,0,0,0,0,0,99.50125,0.2493766,0.2493766,0
2022-06-26 04:24:18,0,0,0.2487562,0.2487562,0,97.26368,1.99005,0.2487562,0
2022-06-26 04:24:17,0,0,0.2512563,0,0,98.74372,1.0050251,0,0
2022-06-26 04:24:16,0,0,1,0.25,0,95.75,2.75,0.25,0
2022-06-26 04:24:15,0,0,0.9975062,0,0,95.7606,2.992519,0.2493766,0
2022-06-26 04:24:14,0,0,0.75,0.25,0,96.25,2.25,0.5,0
2022-06-26 04:24:13,0,0,0.75,0,0,97,2,0.25,0
2022-06-26 04:24:12,0,0,0,0,0,98.24561,1.5037594,0.2506266,0
2022-06-26 04:24:11,0,0,0,0,0,99,0.75,0.25,0
2022-06-26 04:24:10,0,0,0.7481297,0.2493766,0,97.25686,1.4962594,0.2493766,0
2022-06-26 04:24:09,0,0,1.0025063,0,0,96.49123,2.255639,0.2506266,0
2022-06-26 04:24:08,0,0,0.75,0.25,0,96.5,2,0.5,0
2022-06-26 04:24:07,0,0,1,0,0,97.75,1.25,0,0
2022-06-26 04:24:06,0,0,0.75,0.25,0,95.5,3.25,0.25,0
2022-06-26 04:24:05,0,0,0.2493766,0,0,98.50374,0.9975062,0.2493766,0
2022-06-26 04:24:04,0,0,0,0,0,99.74811,0.2518892,0,0
2022-06-26 04:24:03,0,0,0.7444169,0.248139,0,96.52605,2.233251,0.248139,0
2022-06-26 04:24:02,0,0,1.0050251,0,0,96.48241,2.261307,0.2512563,0
2022-06-26 04:24:01,0,0,1.25,0.25,0,96,2.5,0,0
2022-06-26 04:24:00,0,0,0.75,0.25,0,97,1.5,0.5,0
2022-06-26 04:23:59,0,0,0.2493766,0.2493766,0,97.50623,1.4962594,0.4987531,0
2022-06-26 04:23:58,0,0,0.2512563,0,0,97.98995,1.5075377,0.2512563,0
2022-06-26 04:23:57,0,0,0.4987531,0.4987531,0,98.00499,0.9975062,0,0
2022-06-26 04:23:56,0,0,0.5,0,0,97,2,0.5,0
2022-06-26 04:23:55,0,0,1,0.25,0,96.5,2.25,0,0
2022-06-26 04:23:54,0,0,1,0,0,96.25,2.75,0,0
2022-06-26 04:23:53,0,0,0.7481297,0.2493766,0,96.25935,2.244389,0.2493766,0
2022-06-26 04:23:52,0,0,0,0,0,98.75,1,0.25,0
2022-06-26 04:23:51,0,0,0.4987531,0,0,97.25686,1.745636,0.4987531,0
2022-06-26 04:23:50,0,0,0.2506266,0,0,98.24561,1.5037594,0,0
2022-06-26 04:23:49,0,0,0.5,0.25,0,97.5,1.5,0.25,0
2022-06-26 04:23:48,0,0,0.7518797,0,0,95.98997,3.007519,0.2506266,0
2022-06-26 04:23:47,0,0,0.9975062,0.2493766,0,94.51372,3.491272,0.7481297,0
2022-06-26 04:23:46,0,0,1.25,0.25,0,94.75,3.75,0,0
2022-06-26 04:23:45,0,0,0.5,0,0,98.25,1,0.25,0
2022-06-26 04:23:44,0,0,0.5,0,0,98.5,1,0,0
2022-06-26 04:23:43,0,0,0.25,0,0,97.25,2,0.5,0
2022-06-26 04:23:42,0,0,0.2487562,0,0,98.75622,0.9950249,0,0
2022-06-26 04:23:41,0,0,0,0,0,97.98489,2.015113,0,0
2022-06-26 04:23:40,0,0,0.7481297,0.2493766,0,96.25935,2.493766,0.2493766,0
2022-06-26 04:23:39,0,0,1.4962594,0.2493766,0,93.76559,4.239401,0.2493766,0
2022-06-26 04:23:38,0,0,1.745636,0.2493766,0,90.27431,7.481297,0.2493766,0
2022-06-26 04:23:37,0,0,1.2594458,0.2518892,0,91.18388,7.052897,0.2518892,0
2022-06-26 04:23:36,0,0,0.7481297,0.2493766,0,91.02244,7.481297,0.4987531,0
2022-06-26 04:23:35,0,0,0.2493766,0,0,95.26185,4.488778,0,0
2022-06-26 04:23:34,0,0,0.2493766,0,0,95.01247,4.239401,0.4987531,0
2022-06-26 04:23:33,0,0,0.5025126,0.2512563,0,93.96985,5.025126,0.2512563,0
2022-06-26 04:23:32,0,0,0.4987531,0,0,89.52618,9.476309,0.4987531,0
2022-06-26 04:23:31,0,0,0.2506266,0.2506266,0,89.97494,9.273183,0.2506266,0
2022-06-26 04:23:30,0,0,0,0,0,88.7218,9.774436,0.2506266,0
2022-06-26 04:23:29,0,0,0.25,0.5,0,90,6.5,0,0
2022-06-26 04:23:28,0,0,0,0,0,96.7581,2.992519,0.2493766,0
2022-06-26 04:23:27,0,0,0,0,0,97.98995,1.758794,0.2512563,0
2022-06-26 04:23:26,0,0,0.25,0,0,97.5,1.75,0.5,0
2022-06-26 04:23:25,0,0,0.5,0.25,0,98,1,0.25,0
2022-06-26 04:23:24,0,0,0.2487562,0,0,98.25871,0.9950249,0.4975124,0
2022-06-26 04:23:23,0,0,0,0,0,99.24623,0.5025126,0.2512563,0
2022-06-26 04:23:22,0,0,0.25,0,0,98.75,1,0,0
2022-06-26 04:23:21,0,0,0.2506266,0,0,98.24561,1.5037594,0,0
2022-06-26 04:23:20,0,0,0.7462687,0.2487562,0,96.76617,1.741294,0.4975124,0
2022-06-26 04:23:19,0,0,1.0025063,0,0,95.73935,3.258145,0,0
2022-06-26 04:23:18,0,0,0.2493766,0,0,98.50374,0.9975062,0.2493766,0
2022-06-26 04:23:17,0,0,0.25,0,0,98.75,1,0,0
2022-06-26 04:23:16,0,0,0.5012531,0.2506266,0,98.74687,0.2506266,0.2506266,0
2022-06-26 04:23:15,0,0,0.2506266,0,0,97.99499,1.5037594,0.2506266,0
2022-06-26 04:23:14,0,0,0.5,0.25,0,97.75,1.25,0.25,0
2022-06-26 04:23:13,0,0,1.4962594,0.4987531,0,95.01247,2.992519,0,0
2022-06-26 04:23:12,0,0,0.75,0,0,97.25,1.75,0.25,0
2022-06-26 04:23:11,0,0,0,0,0,99.5,0.25,0.25,0
2022-06-26 04:23:10,0,0,0.4987531,0,0,97.25686,2.244389,0,0
2022-06-26 04:23:09,0,0,0.5012531,0.2506266,0,97.74436,1.2531328,0.2506266,0
2022-06-26 04:23:08,0,0,0.25,0,0,98.25,1.25,0.25,0
2022-06-26 04:23:07,0,0,0.7518797,0,0,97.74436,1.5037594,0,0
2022-06-26 04:23:06,0,0,1.25,0.25,0,94.75,3.5,0.25,0
2022-06-26 04:23:05,0,0,0.75,0.25,0,96.5,2.25,0.25,0
2022-06-26 04:23:04,0,0,0.4962779,0.248139,0,97.76675,1.2406948,0.248139,0
2022-06-26 04:23:03,0,0,0.5037783,0,0,98.48866,1.0075567,0,0
2022-06-26 04:23:02,0,0,0.25,0,0,98.25,1.25,0.25,0
2022-06-26 04:23:01,0,0,0.4987531,0.2493766,0,96.7581,2.244389,0.2493766,0
2022-06-26 04:23:00,0,0,0.75,0,0,96.75,2.25,0.25,0
2022-06-26 04:22:59,0,0,1.0025063,0.2506266,0,95.73935,3.007519,0,0
2022-06-26 04:22:58,0,0,0.9975062,0,0,96.25935,2.493766,0.2493766,0
2022-06-26 04:22:57,0,0,0.2493766,0,0,98.75312,0.7481297,0.2493766,0
2022-06-26 04:22:56,0,0,0.5012531,0,0,97.74436,1.754386,0,0
2022-06-26 04:22:55,0,0,0,0.2506266,0,99.24812,0.5012531,0,0
2022-06-26 04:22:54,0,0,0.7462687,0,0,97.01493,1.741294,0.4975124,0
2022-06-26 04:22:53,0,0,1.0025063,0,0,95.2381,3.759398,0,0
2022-06-26 04:22:52,0,0,0.5,0.25,0,97.5,1.25,0.5,0
2022-06-26 04:22:51,0,0,1,0,0,95.75,3,0.25,0
2022-06-26 04:22:50,0,0,0.75,0,0,97.5,1.5,0.25,0
2022-06-26 04:22:49,0,0,0.2506266,0.2506266,0,96.99248,2.255639,0.2506266,0
2022-06-26 04:22:48,0,0,0.2493766,0.2493766,0,98.00499,1.2468828,0.2493766,0
2022-06-26 04:22:47,0,0,0.2493766,0.2493766,0,98.00499,1.2468828,0.2493766,0
2022-06-26 04:22:46,0,0,0.7518797,0,0,97.49373,1.5037594,0.2506266,0
2022-06-26 04:22:45,0,0,1,0.5,0,95.25,3,0.25,0
2022-06-26 04:22:44,0,0,0.75,0.25,0,95.75,3,0.25,0
2022-06-26 04:22:43,0,0,0.75,0.25,0,96.25,2.5,0.25,0
2022-06-26 04:22:42,0,0,1.2468828,0.2493766,0,95.7606,2.244389,0.4987531,0
2022-06-26 04:22:41,0,0,0.2512563,0,0,97.98995,1.5075377,0.2512563,0
2022-06-26 04:22:40,0,0,0.2493766,0,0,98.25436,1.2468828,0.2493766,0
2022-06-26 04:22:39,0,0,0.4975124,0,0,97.01493,2.238806,0.2487562,0
2022-06-26 04:22:38,0,0,0.7518797,0,0,95.73935,3.258145,0.2506266,0
2022-06-26 04:22:37,0,0,0.7518797,0.2506266,0,94.48622,4.511278,0,0
2022-06-26 04:22:36,0,0,1.2437811,0.2487562,0,94.27861,3.731343,0.4975124,0
2022-06-26 04:22:35,0,0,0.5037783,0,0,93.95466,5.289673,0.2518892,0
2022-06-26 04:22:34,0,0,0.9975062,0.2493766,0,94.51372,4.239401,0,0
2022-06-26 04:22:33,0,0,1.2437811,0.2487562,0,92.78607,5.223881,0.4975124,0
2022-06-26 04:22:32,0,0,1,0,0,91.25,7.5,0.25,0
2022-06-26 04:22:31,0,0,0.7518797,0.2506266,0,90.47619,8.270677,0.2506266,0
2022-06-26 04:22:30,0,0,0,0,0,92.26933,7.481297,0.2493766,0
2022-06-26 04:22:29,0,0,0,0,0,93.73434,6.015038,0.2506266,0
2022-06-26 04:22:28,0,0,0.2506266,0,0,91.97995,7.26817,0.2506266,0
2022-06-26 04:22:27,0,0,0,0,0,93.01746,6.982544,0,0
2022-06-26 04:22:26,0,0,0.2493766,0.4987531,0,94.26434,4.738155,0.2493766,0
2022-06-26 04:22:25,0,0,0.5025126,0,0,91.9598,6.030151,0,0
2022-06-26 04:22:24,0,0,0.75,0.25,0,96.75,2,0.25,0
2022-06-26 04:22:23,0,0,0,0,0,99.24812,0.7518797,0,0
2022-06-26 04:22:22,0,0,0.25,0,0,98,1.25,0.5,0
2022-06-26 04:22:21,0,0,0,0,0,99.00249,0.9975062,0,0
2022-06-26 04:22:20,0,0,0.25,0,0,98,1.25,0.5,0
2022-06-26 04:22:19,0,0,0.75,0,0,97.5,1.75,0,0
2022-06-26 04:22:18,0,0,0.5012531,0,0,97.49373,2.005013,0,0
2022-06-26 04:22:17,0,0,0,0,0,99.00249,0.7481297,0.2493766,0
2022-06-26 04:22:16,0,0,0.5,0.25,0,96.75,2.25,0.25,0
2022-06-26 04:22:15,0,0,0.7518797,0,0,96.49123,2.506266,0.2506266,0
2022-06-26 04:22:14,0,0,0.25,0,0,99,0.75,0,0
2022-06-26 04:22:13,0,0,0.5,0.5,0,96.75,2,0.25,0
2022-06-26 04:22:12,0,0,0.75,0,0,96,3,0.25,0
2022-06-26 04:22:11,0,0,0.7481297,0.2493766,0,97.25686,1.4962594,0.2493766,0
2022-06-26 04:22:10,0,0,0.4975124,0,0,98.00995,1.2437811,0.2487562,0
2022-06-26 04:22:09,0,0,0.5025126,0,0,97.23618,2.01005,0.2512563,0
2022-06-26 04:22:08,0,0,0.7518797,0.2506266,0,96.99248,1.754386,0.2506266,0
2022-06-26 04:22:07,0,0,0.2493766,0,0,98.25436,0.9975062,0.4987531,0
2022-06-26 04:22:06,0,0,0.25,0,0,99,0.5,0.25,0
2022-06-26 04:22:05,0,0,1.0025063,0.2506266,0,96.74185,2.005013,0,0
2022-06-26 04:22:04,0,0,1,0.25,0,96.75,2,0,0
2022-06-26 04:22:03,0,0,0.7481297,0.2493766,0,96.00998,2.493766,0.4987531,0
2022-06-26 04:22:02,0,0,0.7481297,0,0,98.00499,0.9975062,0.2493766,0
2022-06-26 04:22:01,0,0,0.5012531,0,0,98.24561,1.0025063,0.2506266,0
2022-06-26 04:22:00,0,0,0,0,0,98.25,1.75,0,0
2022-06-26 04:21:59,0,0,0.7481297,0.2493766,0,97.50623,1.2468828,0.2493766,0
2022-06-26 04:21:58,0,0,1.5037594,0,0,96.2406,2.005013,0.2506266,0
2022-06-26 04:21:57,0,0,0.7518797,0.2506266,0,96.49123,2.255639,0.2506266,0
2022-06-26 04:21:56,0,0,0.7481297,0.2493766,0,96.7581,1.745636,0.4987531,0
2022-06-26 04:21:55,0,0,0.25,0,0,98,1.25,0.5,0
2022-06-26 04:21:54,0,0,0.5012531,0,0,98.24561,1.2531328,0,0
2022-06-26 04:21:53,0,0,0.25,0,0,98.75,1,0,0
2022-06-26 04:21:52,0,0,0.9975062,0.2493766,0,96.00998,2.244389,0.4987531,0
2022-06-26 04:21:51,0,0,1.2468828,0.2493766,0,94.01496,4.239401,0.2493766,0
2022-06-26 04:21:50,0,0,0.75,0,0,97,1.75,0.5,0
2022-06-26 04:21:49,0,0,0.5025126,0.2512563,0,96.73367,2.261307,0.2512563,0
2022-06-26 04:21:48,0,0,0.4987531,0,0,97.25686,1.745636,0.4987531,0
2022-06-26 04:21:47,0,0,0,0,0,99.24812,0.7518797,0,0
2022-06-26 04:21:46,0,0,0.5,0,0,98.25,1,0.25,0
2022-06-26 04:21:45,0,0,1,0.25,0,95.5,3,0.25,0
2022-06-26 04:21:44,0,0,0.7481297,0.2493766,0,94.51372,4.239401,0.2493766,0
2022-06-26 04:21:43,0,0,0.75,0.25,0,97,2,0,0
2022-06-26 04:21:42,0,0,0.5012531,0,0,96.99248,2.506266,0,0
2022-06-26 04:21:41,0,0,0.4987531,0,0,96.00998,3.241895,0.2493766,0
2022-06-26 04:21:40,0,0,0.2512563,0,0,98.49246,1.0050251,0.2512563,0
2022-06-26 04:21:39,0,0,0,0.2487562,0,98.50746,0.9950249,0.2487562,0
2022-06-26 04:21:38,0,0,0.5012531,0,0,97.49373,1.754386,0.2506266,0
2022-06-26 04:21:37,0,0,0.5012531,0.2506266,0,96.2406,3.007519,0,0
2022-06-26 04:21:36,0,0,0.9975062,0.4987531,0,95.26185,2.992519,0.2493766,0
2022-06-26 04:21:35,0,0,0.9975062,0.2493766,0,93.26683,4.987531,0.4987531,0
2022-06-26 04:21:34,0,0,1.5075377,0,0,91.70854,6.78392,0,0
2022-06-26 04:21:33,0,0,1,0.25,0,92.5,5.75,0.5,0
2022-06-26 04:21:32,0,0,0.75,0,0,93.5,5.75,0,0
2022-06-26 04:21:31,0,0,0.4975124,0,0,94.52736,4.726368,0.2487562,0
2022-06-26 04:21:30,0,0,0.5,0.25,0,91.75,7,0.5,0
2022-06-26 04:21:29,0,0,0,0.25,0,93.5,5.75,0.25,0
2022-06-26 04:21:28,0,0,0.4987531,0,0,91.77057,7.730673,0,0
2022-06-26 04:21:27,0,0,0.5,0,0,88.25,9.5,0.5,0
2022-06-26 04:21:26,0,0,0.5037783,0.2518892,0,89.92443,8.816121,0.2518892,0
2022-06-26 04:21:25,0,0,1.4962594,0,0,89.77556,8.229426,0.4987531,0
2022-06-26 04:21:24,0,0,0.2512563,0,0,94.72362,4.522613,0.2512563,0
2022-06-26 04:21:23,0,0,0,0.2506266,0,97.99499,1.754386,0,0
2022-06-26 04:21:22,0,0,0.25,0,0,97,2.25,0.5,0
2022-06-26 04:21:21,0,0,0.2493766,0,0,96.50873,2.992519,0.2493766,0
2022-06-26 04:21:20,0,0,0,0,0,99.49875,0.5012531,0,0
2022-06-26 04:21:19,0,0,0,0.2506266,0,97.49373,2.255639,0,0
2022-06-26 04:21:18,0,0,0,0,0,98.50374,1.2468828,0.2493766,0
2022-06-26 04:21:17,0,0,0.5,0,0,98.5,0.75,0.25,0
2022-06-26 04:21:16,0,0,1.25,0.25,0,94.75,3.5,0.25,0
2022-06-26 04:21:15,0,0,0.5,0.5,0,97,1.75,0.25,0
2022-06-26 04:21:14,0,0,0.5,0,0,97.25,1.75,0.5,0
2022-06-26 04:21:13,0,0,0,0,0,98.50374,1.2468828,0.2493766,0
2022-06-26 04:21:12,0,0,0.25,0,0,98.75,1,0,0
2022-06-26 04:21:11,0,0,0.4987531,0.2493766,0,97.50623,1.4962594,0.2493766,0
2022-06-26 04:21:10,0,0,0.75,0,0,96.75,2.25,0.25,0
2022-06-26 04:21:09,0,0,1.2594458,0.5037783,0,95.21411,3.02267,0,0
2022-06-26 04:21:08,0,0,0.9950249,0.2487562,0,95.52239,2.736318,0.4975124,0
2022-06-26 04:21:07,0,0,0.2493766,0,0,98.00499,1.4962594,0.2493766,0
2022-06-26 04:21:06,0,0,0.2518892,0,0,98.74055,0.7556675,0.2518892,0
2022-06-26 04:21:05,0,0,0.4987531,0.2493766,0,97.75561,1.4962594,0,0
2022-06-26 04:21:04,0,0,0.2493766,0,0,98.25436,1.2468828,0.2493766,0
2022-06-26 04:21:03,0,0,1.0075567,0,0,95.71788,3.02267,0.2518892,0
2022-06-26 04:21:02,0,0,1.2437811,0.2487562,0,95.77114,2.736318,0,0
2022-06-26 04:21:01,0,0,0.9925558,0.248139,0,95.28536,2.977667,0.4962779,0
2022-06-26 04:21:00,0,0,0.5025126,0,0,98.24121,1.2562814,0,0
2022-06-26 04:20:59,0,0,0.5012531,0,0,98.49624,1.0025063,0,0
2022-06-26 04:20:58,0,0,0.2493766,0.2493766,0,98.25436,0.7481297,0.4987531,0
2022-06-26 04:20:57,0,0,0.2493766,0,0,98.75312,0.9975062,0,0
2022-06-26 04:20:56,0,0,1.0050251,0,0,95.9799,3.015075,0,0
2022-06-26 04:20:55,0,0,0.9950249,0,0,96.51741,2.238806,0.2487562,0
2022-06-26 04:20:54,0,0,0.7537688,0.2512563,0,96.23116,2.763819,0,0
2022-06-26 04:20:53,0,0,0.5,0,0,98,1,0.5,0
2022-06-26 04:20:52,0,0,0.4987531,0.2493766,0,98.50374,0.4987531,0.2493766,0
2022-06-26 04:20:51,0,0,0,0,0,98.75,1.25,0,0
2022-06-26 04:20:50,0,0,0.2506266,0,0,98.49624,1.0025063,0.2506266,0
2022-06-26 04:20:49,0,0,1,0,0,96.25,2.25,0.5,0
2022-06-26 04:20:48,0,0,0.9975062,0.2493766,0,95.51122,2.992519,0.2493766,0
2022-06-26 04:20:47,0,0,0.7518797,0.2506266,0,96.49123,2.255639,0.2506266,0
2022-06-26 04:20:46,0,0,0.75,0,0,98,1,0.25,0
2022-06-26 04:20:45,0,0,0.2493766,0,0,97.00748,2.493766,0.2493766,0
2022-06-26 04:20:44,0,0,0.25,0.25,0,98.75,0.75,0,0
2022-06-26 04:20:43,0,0,0,0,0,98.49624,1.2531328,0.2506266,0
2022-06-26 04:20:42,0,0,0.7462687,0,0,95.77114,3.233831,0.2487562,0
2022-06-26 04:20:41,0,0,1.2531328,0.2506266,0,94.23559,4.010025,0.2506266,0
2022-06-26 04:20:40,0,0,1.0025063,0.5012531,0,95.48872,3.007519,0,0
2022-06-26 04:20:39,0,0,0.5,0,0,97,2.25,0.25,0
2022-06-26 04:20:38,0,0,0.5,0.25,0,97.25,2,0,0
2022-06-26 04:20:37,0,0,0.2487562,0,0,98.50746,0.9950249,0.2487562,0
2022-06-26 04:20:36,0,0,0.2506266,0,0,97.99499,1.2531328,0.5012531,0
2022-06-26 04:20:35,0,0,0,0,0,97.99499,2.005013,0,0
2022-06-26 04:20:34,0,0,0.7481297,0.4987531,0,95.7606,2.493766,0.4987531,0
2022-06-26 04:20:33,0,0,0.9975062,0.4987531,0,93.01746,5.236908,0.2493766,0
2022-06-26 04:20:32,0,0,1.5,0.5,0,90.75,7,0.25,0
2022-06-26 04:20:31,0,0,1.0025063,0,0,92.98246,5.513784,0.5012531,0
2022-06-26 04:20:30,0,0,1.2437811,0.2487562,0,89.05473,8.955224,0.4975124,0
2022-06-26 04:20:29,0,0,0.7556675,0.2518892,0,92.9471,5.793451,0,0
2022-06-26 04:20:28,0,0,0.7462687,0.2487562,0,93.28358,4.975124,0.7462687,0
2022-06-26 04:20:27,0,0,0.2506266,0,0,92.73183,6.516291,0.5012531,0
2022-06-26 04:20:26,0,0,0,0,0,92.26933,7.481297,0.2493766,0
2022-06-26 04:20:25,0,0,1.0204082,0,0,91.83673,6.122449,0.7653061,0
2022-06-26 04:20:24,0,0,0.7425743,0,0,86.63366,10.643564,0,0
2022-06-26 04:20:23,0,0,0.2493766,0.2493766,0,90.77307,7.23192,0,0
2022-06-26 04:20:22,0,0,0,0,0,94.75,4.75,0.25,0
2022-06-26 04:20:21,0,0,0,0.2506266,0,96.49123,3.007519,0.2506266,0
2022-06-26 04:20:20,0,0,0.25,0,0,97.5,2.25,0,0
2022-06-26 04:20:19,0,0,0,0,0,98.75,1,0.25,0
2022-06-26 04:20:18,0,0,0,0.25,0,99,0.5,0.25,0
2022-06-26 04:20:17,0,0,0.2493766,0.2493766,0,98.50374,0.7481297,0.2493766,0
2022-06-26 04:20:16,0,0,0,0,0,99.50125,0.4987531,0,0
2022-06-26 04:20:15,0,0,0,0,0,97.99499,2.005013,0,0
2022-06-26 04:20:14,0,0,1.0025063,0,0,95.98997,3.007519,0,0
2022-06-26 04:20:13,0,0,0.7481297,0.2493766,0,96.7581,1.4962594,0.7481297,0
2022-06-26 04:20:12,0,0,0.7481297,0,0,97.00748,1.745636,0.4987531,0
2022-06-26 04:20:11,0,0,0.2512563,0.2512563,0,97.73869,1.5075377,0.2512563,0
2022-06-26 04:20:10,0,0,0,0,0,98.50374,1.2468828,0.2493766,0
2022-06-26 04:20:09,0,0,0.25,0,0,98.5,1.25,0,0
2022-06-26 04:20:08,0,0,0.5012531,0,0,97.49373,1.754386,0.2506266,0
2022-06-26 04:20:07,0,0,1.4925373,0.2487562,0,95.27363,2.487562,0.4975124,0
2022-06-26 04:20:06,0,0,1.0075567,0,0,96.72544,2.267003,0,0
2022-06-26 04:20:05,0,0,0.7462687,0,0,98.00995,0.9950249,0.2487562,0
2022-06-26 04:20:04,0,0,0,0,0,98.74687,1.2531328,0,0
2022-06-26 04:20:03,0,0,0.25,0.25,0,98.5,1,0,0
2022-06-26 04:20:02,0,0,0,0,0,99.25187,0.2493766,0.4987531,0
2022-06-26 04:20:01,0,0,0.7537688,0,0,96.48241,2.512563,0.2512563,0
2022-06-26 04:20:00,0,0,1.4962594,0,0,95.51122,2.743142,0.2493766,0
2022-06-26 04:19:59,0,0,1.5,0.25,0,95,3,0.25,0
2022-06-26 04:19:58,0,0,0.5,0.25,0,97,2.25,0,0
2022-06-26 04:19:57,0,0,0,0,0,99.25,0.5,0.25,0
2022-06-26 04:19:56,0,0,0,0.25,0,99,0.5,0.25,0
2022-06-26 04:19:55,0,0,0.4987531,0,0,98.25436,0.9975062,0.2493766,0
2022-06-26 04:19:54,0,0,0.7518797,0,0,97.49373,1.5037594,0.2506266,0
2022-06-26 04:19:53,0,0,1,0.25,0,95.75,2.75,0.25,0
2022-06-26 04:19:52,0,0,1.25,0.5,0,94.75,3.25,0.25,0
2022-06-26 04:19:51,0,0,0.5,0.25,0,96.75,2.25,0.25,0
2022-06-26 04:19:50,0,0,0,0,0,99.24812,0.7518797,0,0
2022-06-26 04:19:49,0,0,0.2493766,0,0,98.00499,1.2468828,0.4987531,0
2022-06-26 04:19:48,0,0,0.25,0,0,98,1.5,0.25,0
2022-06-26 04:19:47,0,0,0.75,0.25,0,96,2.75,0.25,0
2022-06-26 04:19:46,0,0,1.0025063,0,0,96.2406,2.506266,0.2506266,0
2022-06-26 04:19:45,0,0,1.2406948,0.4962779,0,93.79653,3.970223,0.4962779,0
2022-06-26 04:19:44,0,0,0.7537688,0.2512563,0,96.73367,2.261307,0,0
2022-06-26 04:19:43,0,0,0.25,0,0,98.75,0.75,0.25,0
2022-06-26 04:19:42,0,0,0,0,0,98.25,1.75,0,0
2022-06-26 04:19:41,0,0,0.5012531,0,0,97.74436,1.5037594,0.2506266,0
2022-06-26 04:19:40,0,0,0.4975124,0.2487562,0,96.26866,2.736318,0.2487562,0
2022-06-26 04:19:39,0,0,0.5012531,0,0,96.2406,3.258145,0,0
2022-06-26 04:19:38,0,0,0.9950249,0.2487562,0,96.26866,2.238806,0.2487562,0
2022-06-26 04:19:37,0,0,0.7537688,0.2512563,0,96.23116,2.512563,0.2512563,0
2022-06-26 04:19:36,0,0,0.75,0,0,97.5,1.5,0.25,0
2022-06-26 04:19:35,0,0,0,0.25,0,97.75,1.5,0.5,0
2022-06-26 04:19:34,0,0,0.25,0,0,99,0.75,0,0
2022-06-26 04:19:33,0,0,0.5,0,0,97.5,1.75,0.25,0
2022-06-26 04:19:32,0,0,0.5012531,0,0,96.2406,3.258145,0,0
2022-06-26 04:19:31,0,0,0.7481297,0.2493766,0,94.26434,4.738155,0,0
2022-06-26 04:19:30,0,0,1.2468828,0.2493766,0,92.76808,5.486284,0.2493766,0
2022-06-26 04:19:29,0,0,1.75,0,0,93.75,4.5,0,0
2022-06-26 04:19:28,0,0,1.4962594,0.2493766,0,91.77057,6.234414,0.2493766,0
2022-06-26 04:19:27,0,0,0.5012531,0,0,91.97995,7.017544,0.2506266,0
2022-06-26 04:19:26,0,0,0.4987531,0,0,94.26434,4.987531,0.2493766,0
2022-06-26 04:19:25,0,0,1,0.25,0,92.5,6,0.25,0
2022-06-26 04:19:24,0,0,0.75,0.5,0,92,6.5,0.25,0
2022-06-26 04:19:23,0,0,0,0,0,93.76559,5.735661,0.4987531,0
2022-06-26 04:19:22,0,0,0,0,0,94.97487,4.773869,0.2512563,0
2022-06-26 04:19:21,0,0,0.25,0,0,84.25,10,0.25,0
2022-06-26 04:19:20,0,0,0,0.2506266,0,92.4812,6.766917,0.2506266,0
2022-06-26 04:19:19,0,0,0.25,0.25,0,97.5,2,0,0
2022-06-26 04:19:18,0,0,0.25,0,0,97.75,1.75,0.25,0
2022-06-26 04:19:17,0,0,0,0,0,98.5,1.25,0.25,0
2022-06-26 04:19:16,0,0,0,0,0,99.49875,0.5012531,0,0
2022-06-26 04:19:15,0,0,0,0,0,99.74937,0.2506266,0,0
2022-06-26 04:19:14,0,0,0.2487562,0,0,97.51244,1.99005,0.2487562,0
2022-06-26 04:19:13,0,0,0.2506266,0.2506266,0,98.49624,0.7518797,0.2506266,0
2022-06-26 04:19:12,0,0,0.2506266,0,0,98.24561,1.5037594,0,0
2022-06-26 04:19:11,0,0,1.2437811,0.4975124,0,94.77612,2.985075,0.4975124,0
2022-06-26 04:19:10,0,0,0.5012531,0,0,97.24311,2.005013,0.2506266,0
2022-06-26 04:19:09,0,0,0.4987531,0.4987531,0,97.25686,1.4962594,0.2493766,0
2022-06-26 04:19:08,0,0,0,0,0,98.49624,1.5037594,0,0
2022-06-26 04:19:07,0,0,0.5012531,0,0,97.74436,1.5037594,0.2506266,0
2022-06-26 04:19:06,0,0,0.2487562,0,0,98.75622,0.7462687,0.2487562,0
2022-06-26 04:19:05,0,0,1,0.25,0,96.5,2.25,0,0
2022-06-26 04:19:04,0,0,1.5037594,0.2506266,0,95.2381,2.756892,0.2506266,0
2022-06-26 04:19:03,0,0,0.5,0,0,97.25,2.25,0,0
2022-06-26 04:19:02,0,0,0.5,0.25,0,97,2,0.25,0
2022-06-26 04:19:01,0,0,0,0,0,98.49624,1.5037594,0,0
2022-06-26 04:19:00,0,0,0.4950495,0,0,97.52475,1.4851485,0.4950495,0
2022-06-26 04:18:59,0,0,0.5037783,0,0,98.23678,1.2594458,0,0
2022-06-26 04:18:58,0,0,1,0,0,95.5,3.25,0.25,0
2022-06-26 04:18:57,0,0,2,0.75,0,94.25,2.75,0.25,0
2022-06-26 04:18:56,0,0,0.2506266,0.2506266,0,98.24561,1.2531328,0,0
2022-06-26 04:18:55,0,0,0.4987531,0,0,97.75561,1.4962594,0.2493766,0
2022-06-26 04:18:54,0,0,0.25,0,0,98.75,1,0,0
2022-06-26 04:18:53,0,0,0.2493766,0.2493766,0,99.00249,0.2493766,0.2493766,0
2022-06-26 04:18:52,0,0,0.5025126,0,0,97.73869,1.758794,0,0
2022-06-26 04:18:51,0,0,1.25,0.5,0,94.75,3.25,0.25,0
2022-06-26 04:18:50,0,0,1.25,0,0,95.75,3,0,0
2022-06-26 04:18:49,0,0,0.25,0,0,98,1.5,0.25,0
2022-06-26 04:18:48,0,0,0.7481297,0,0,97.75561,1.2468828,0.2493766,0
2022-06-26 04:18:47,0,0,0,0,0,99.49875,0.5012531,0,0
2022-06-26 04:18:46,0,0,0.2493766,0,0,98.00499,1.4962594,0.2493766,0
2022-06-26 04:18:45,0,0,0.5,0,0,98.25,1.25,0,0
2022-06-26 04:18:44,0,0,1.2531328,0.7518797,0,94.73684,3.258145,0,0
2022-06-26 04:18:43,0,0,1.2406948,0.248139,0,94.78908,3.473945,0.248139,0
2022-06-26 04:18:42,0,0,0.75,0,0,97.5,1.25,0.5,0
2022-06-26 04:18:41,0,0,0.5012531,0.2506266,0,97.99499,1.0025063,0.2506266,0
2022-06-26 04:18:40,0,0,0,0,0,98.49246,1.5075377,0,0
2022-06-26 04:18:39,0,0,0,0,0,99.00498,0.7462687,0.2487562,0
2022-06-26 04:18:38,0,0,0.25,0,0,98,1.5,0.25,0
2022-06-26 04:18:37,0,0,0.7537688,0,0,95.47739,3.768844,0,0
2022-06-26 04:18:36,0,0,1.5,0.25,0,92.25,6,0,0
2022-06-26 04:18:35,0,0,0.75,0.25,0,96.75,2,0.25,0
2022-06-26 04:18:34,0,0,0.4975124,0.2487562,0,97.51244,1.2437811,0.4975124,0
2022-06-26 04:18:33,0,0,0.2506266,0,0,97.49373,2.005013,0,0
2022-06-26 04:18:32,0,0,0,0,0,99.24812,0.5012531,0.2506266,0
2022-06-26 04:18:31,0,0,0,0,0,99.25187,0.4987531,0.2493766,0
2022-06-26 04:18:30,0,0,0.25,0,0,97,2.5,0.25,0
2022-06-26 04:18:29,0,0,0.7481297,0.2493766,0,95.51122,3.241895,0.2493766,0
2022-06-26 04:18:28,0,0,1.2531328,0.2506266,0,93.98496,4.260652,0.2506266,0
2022-06-26 04:18:27,0,0,1.4962594,0.4987531,0,92.01995,5.735661,0.2493766,0
2022-06-26 04:18:26,0,0,1.4925373,0,0,90.29851,7.711443,0.4975124,0
2022-06-26 04:18:25,0,0,1.2594458,0.5037783,0,89.67254,8.564232,0,0
2022-06-26 04:18:24,0,0,0.4987531,0.7481297,0,92.76808,5.735661,0.2493766,0
2022-06-26 04:18:23,0,0,0.5,0,0,94,5.5,0,0
2022-06-26 04:18:22,0,0,0.2493766,0,0,95.01247,4.738155,0,0
2022-06-26 04:18:21,0,0,0,0,0,92.23058,7.769424,0,0
2022-06-26 04:18:20,0,0,0,0,0,93.75,5.5,0.5,0
2022-06-26 04:18:19,0,0,0.2525253,0,0,88.13131,9.343434,0.2525253,0
2022-06-26 04:18:18,0,0,0,0.25,0,87.5,8.25,0,0
2022-06-26 04:18:17,0,0,0.2493766,0.2493766,0,95.51122,3.740648,0.2493766,0
2022-06-26 04:18:16,0,0,0.25,0,0,98,1.75,0,0
2022-06-26 04:18:15,0,0,0,0.25,0,98.5,1,0.25,0
2022-06-26 04:18:14,0,0,0,0,0,99.25,0.75,0,0
2022-06-26 04:18:13,0,0,0.2493766,0,0,98.50374,0.9975062,0,0
2022-06-26 04:18:12,0,0,0,0,0,98.75,1,0.25,0
2022-06-26 04:18:11,0,0,0.25,0,0,98,1.75,0,0
2022-06-26 04:18:10,0,0,0,0,0,99,1,0,0
2022-06-26 04:18:09,0,0,1.25,0.5,0,95.25,2.75,0.25,0
2022-06-26 04:18:08,0,0,0.9975062,0.2493766,0,95.51122,2.992519,0.2493766,0
2022-06-26 04:18:07,0,0,0,0,0,99.25,0.5,0.25,0
2022-06-26 04:18:06,0,0,0.5,0,0,98,1.25,0.25,0
2022-06-26 04:18:05,0,0,0,0,0,98.99749,0.7518797,0.2506266,0
2022-06-26 04:18:04,0,0,0,0,0,99.49875,0.5012531,0,0
2022-06-26 04:18:03,0,0,0.7481297,0.2493766,0,96.7581,1.995012,0.2493766,0
2022-06-26 04:18:02,0,0,1.754386,0.5012531,0,93.48371,4.010025,0.2506266,0
2022-06-26 04:18:01,0,0,0.5,0,0,97.25,2,0.25,0
2022-06-26 04:18:00,0,0,0.25,0.25,0,98,1.25,0.25,0
2022-06-26 04:17:59,0,0,0.4987531,0,0,97.75561,1.745636,0,0
2022-06-26 04:17:58,0,0,0,0,0,99.5,0.25,0.25,0
2022-06-26 04:17:57,0,0,0.2506266,0,0,98.99749,0.7518797,0,0
2022-06-26 04:17:56,0,0,0.9950249,0,0,95.77114,2.487562,0.7462687,0
2022-06-26 04:17:55,0,0,1.75,0.25,0,94.25,3.75,0,0
2022-06-26 04:17:54,0,0,0.2506266,0,0,98.24561,1.2531328,0.2506266,0
2022-06-26 04:17:53,0,0,0.5,0,0,98,1.5,0,0
2022-06-26 04:17:52,0,0,0.2506266,0,0,98.49624,1.2531328,0,0
2022-06-26 04:17:51,0,0,0.2493766,0,0,98.50374,0.9975062,0.2493766,0
2022-06-26 04:17:50,0,0,0.2493766,0,0,98.25436,1.4962594,0,0
2022-06-26 04:17:49,0,0,1,0,0,96.25,2.5,0.25,0
2022-06-26 04:17:48,0,0,1.5037594,0.2506266,0,94.98747,3.007519,0.2506266,0
2022-06-26 04:17:47,0,0,0.5012531,0.2506266,0,97.24311,1.754386,0.2506266,0
2022-06-26 04:17:46,0,0,0.4987531,0,0,97.75561,1.2468828,0.4987531,0
2022-06-26 04:17:45,0,0,0.5,0.25,0,98,1,0.25,0
2022-06-26 04:17:44,0,0,0,0.2506266,0,98.49624,1.0025063,0.2506266,0
2022-06-26 04:17:43,0,0,0.2487562,0,0,98.50746,0.9950249,0.2487562,0
2022-06-26 04:17:42,0,0,1.2531328,0.2506266,0,94.73684,3.759398,0,0
2022-06-26 04:17:41,0,0,1.2531328,0,0,95.73935,2.756892,0.2506266,0
2022-06-26 04:17:40,0,0,0.75,0,0,96.25,3,0,0
2022-06-26 04:17:39,0,0,0.2487562,0.2487562,0,98.50746,0.7462687,0.2487562,0
2022-06-26 04:17:38,0,0,0.5,0,0,98,1.5,0,0
2022-06-26 04:17:37,0,0,0,0,0,98.5,1.25,0.25,0
2022-06-26 04:17:36,0,0,0.2493766,0,0,98.75312,0.7481297,0.2493766,0
2022-06-26 04:17:35,0,0,0.5037783,0,0,96.97733,2.518892,0,0
2022-06-26 04:17:34,0,0,1.2468828,0.2493766,0,94.76309,3.241895,0.4987531,0
2022-06-26 04:17:33,0,0,0.7518797,0,0,95.48872,3.258145,0.5012531,0
2022-06-26 04:17:32,0,0,0.4975124,0.2487562,0,97.51244,1.741294,0,0
2022-06-26 04:17:31,0,0,0.2506266,0,0,98.24561,1.5037594,0,0
2022-06-26 04:17:30,0,0,0.2518892,0,0,98.74055,0.7556675,0.2518892,0
2022-06-26 04:17:29,0,0,0.25,0,0,98.75,0.75,0.25,0
2022-06-26 04:17:28,0,0,0.2493766,0,0,96.25935,3.491272,0,0
2022-06-26 04:17:27,0,0,0.5012531,0.2506266,0,98.24561,0.7518797,0.2506266,0
2022-06-26 04:17:26,0,0,1.2468828,0.2493766,0,93.76559,4.239401,0.2493766,0
2022-06-26 04:17:25,0,0,2.238806,0.4975124,0,91.04478,5.970149,0.2487562,0
2022-06-26 04:17:24,0,0,1.2562814,0.2512563,0,89.94975,8.291457,0.2512563,0
2022-06-26 04:17:23,0,0,0.7462687,0.2487562,0,92.0398,6.716418,0.2487562,0
2022-06-26 04:17:22,0,0,0.2512563,0,0,95.72864,3.768844,0.2512563,0
2022-06-26 04:17:21,0,0,0.7481297,0,0,93.26683,5.735661,0.2493766,0
2022-06-26 04:17:20,0,0,0.5012531,0,0,92.4812,6.766917,0.2506266,0
2022-06-26 04:17:19,0,0,0.4987531,0.2493766,0,93.01746,5.985037,0.2493766,0
2022-06-26 04:17:18,0,0,0.2506266,0.2506266,0,89.22306,9.52381,0.2506266,0
2022-06-26 04:17:17,0,0,0,0,0,88.44221,10.301508,0.5025126,0
2022-06-26 04:17:16,0,0,0.2487562,0.2487562,0,93.78109,4.975124,0.2487562,0
2022-06-26 04:17:15,0,0,0,0,0,96.48241,3.517588,0,0
2022-06-26 04:17:14,0,0,0.2487562,0.2487562,0,94.77612,4.726368,0,0
2022-06-26 04:17:13,0,0,0,0,0,98.24121,1.5075377,0.2512563,0
2022-06-26 04:17:12,0,0,0,0,0,96.76617,2.736318,0.4975124,0
2022-06-26 04:17:11,0,0,0.25,0,0,99.25,0.25,0.25,0
2022-06-26 04:17:10,0,0,0,0,0,98.74687,1.0025063,0.2506266,0
2022-06-26 04:17:09,0,0,0.2518892,0,0,97.22922,2.518892,0,0
2022-06-26 04:17:08,0,0,0.4987531,0,0,98.00499,1.4962594,0,0
2022-06-26 04:17:07,0,0,0.5025126,0.2512563,0,97.73869,1.2562814,0.2512563,0
2022-06-26 04:17:06,0,0,1.2345679,0,0,96.2963,2.222222,0.2469136,0
2022-06-26 04:17:05,0,0,0.2512563,0,0,98.49246,1.2562814,0,0
2022-06-26 04:17:04,0,0,0,0,0,99,0.5,0.5,0
2022-06-26 04:17:03,0,0,0.25,0,0,98.25,1.5,0,0
2022-06-26 04:17:02,0,0,0.5012531,0,0,97.49373,1.754386,0.2506266,0
2022-06-26 04:17:01,0,0,1,0,0,97.25,1.25,0.5,0
2022-06-26 04:17:00,0,0,1.2468828,0.2493766,0,96.00998,2.244389,0.2493766,0
2022-06-26 04:16:59,0,0,0.4987531,0,0,98.00499,1.4962594,0,0
2022-06-26 04:16:58,0,0,0.5012531,0,0,97.99499,1.2531328,0.2506266,0
2022-06-26 04:16:57,0,0,0,0,0,99.00498,0.7462687,0.2487562,0
2022-06-26 04:16:56,0,0,0.2512563,0.2512563,0,97.23618,2.01005,0.2512563,0
2022-06-26 04:16:55,0,0,0.9950249,0,0,96.76617,1.99005,0.2487562,0
2022-06-26 04:16:54,0,0,1,0,0,96.5,2,0.5,0
2022-06-26 04:16:53,0,0,0.9975062,0.2493766,0,96.50873,2.244389,0,0
2022-06-26 04:16:52,0,0,0.5012531,0,0,97.74436,1.5037594,0.2506266,0
2022-06-26 04:16:51,0,0,0.5037783,0,0,97.98489,1.2594458,0.2518892,0
2022-06-26 04:16:50,0,0,0.2475248,0.2475248,0,98.0198,0.990099,0.4950495,0
2022-06-26 04:16:49,0,0,0.2518892,0,0,98.99244,0.7556675,0,0
2022-06-26 04:16:48,0,0,0.9950249,0.2487562,0,96.26866,2.238806,0.2487562,0
2022-06-26 04:16:47,0,0,0.7537688,0.2512563,0,96.48241,2.261307,0.2512563,0
2022-06-26 04:16:46,0,0,1,0,0,97.25,1.75,0,0
2022-06-26 04:16:45,0,0,0.7462687,0.2487562,0,96.76617,1.99005,0.2487562,0
2022-06-26 04:16:44,0,0,0.4987531,0.2493766,0,97.50623,1.4962594,0.2493766,0
2022-06-26 04:16:43,0,0,0,0,0,99.49875,0.5012531,0,0
2022-06-26 04:16:42,0,0,0,0,0,98.75,1,0.25,0
2022-06-26 04:16:41,0,0,1.0050251,0.2512563,0,95.9799,2.512563,0.2512563,0
2022-06-26 04:16:40,0,0,1,0.25,0,96.25,2.5,0,0
2022-06-26 04:16:39,0,0,0.7537688,0.2512563,0,96.73367,1.758794,0.5025126,0
2022-06-26 04:16:38,0,0,0.7425743,0,0,97.52475,1.4851485,0.2475248,0
2022-06-26 04:16:37,0,0,0.5025126,0,0,97.73869,1.758794,0,0
2022-06-26 04:16:36,0,0,0.25,0,0,98.5,1,0.25,0
2022-06-26 04:16:35,0,0,0,0,0,99.24812,0.7518797,0,0
2022-06-26 04:16:34,0,0,0.7462687,0.2487562,0,96.51741,1.741294,0.7462687,0
2022-06-26 04:16:33,0,0,1.2531328,0,0,93.98496,4.511278,0.2506266,0
2022-06-26 04:16:32,0,0,1,0.5,0,95.5,2.5,0.5,0
2022-06-26 04:16:31,0,0,0.75,0,0,95.5,3.75,0,0
2022-06-26 04:16:30,0,0,0.5,0,0,97.75,1.25,0.5,0
2022-06-26 04:16:29,0,0,0.5,0,0,98,1.5,0,0
2022-06-26 04:16:28,0,0,0.25,0,0,98.5,1,0.25,0
2022-06-26 04:16:27,0,0,0,0,0,99.24812,0.7518797,0,0
2022-06-26 04:16:26,0,0,0.248139,0.248139,0,97.76675,1.2406948,0.4962779,0
2022-06-26 04:16:25,0,0,1.2531328,0,0,92.98246,5.764411,0,0
2022-06-26 04:16:24,0,0,1.5037594,0,0,93.23308,5.012531,0.2506266,0
2022-06-26 04:16:23,0,0,1.2406948,0.248139,0,93.79653,4.218362,0.4962779,0
2022-06-26 04:16:22,0,0,1.2531328,0.2506266,0,89.97494,8.521303,0,0
2022-06-26 04:16:21,0,0,1.0075567,0,0,93.70277,5.289673,0,0
2022-06-26 04:16:20,0,0,0.7444169,0.248139,0,94.2928,4.218362,0.4962779,0
2022-06-26 04:16:19,0,0,0.2506266,0,0,92.98246,6.516291,0.2506266,0
2022-06-26 04:16:18,0,0,0.2493766,0,0,93.51621,5.985037,0.2493766,0
2022-06-26 04:16:17,0,0,0,0,0,95.73935,4.010025,0.2506266,0
2022-06-26 04:16:16,0,0,0.4975124,0.2487562,0,92.53731,6.218905,0.2487562,0
2022-06-26 04:16:15,0,0,0.75,0,0,89,9,0.25,0
2022-06-26 04:16:14,0,0,0.4987531,0.4987531,0,88.77805,9.476309,0.2493766,0
2022-06-26 04:16:13,0,0,0,0.2506266,0,93.73434,5.513784,0.2506266,0
2022-06-26 04:16:12,0,0,0,0,0,97,2.5,0.25,0
2022-06-26 04:16:11,0,0,0,0,0,96.74185,3.007519,0.2506266,0
2022-06-26 04:16:10,0,0,0.25,0.25,0,97.5,2,0,0
2022-06-26 04:16:09,0,0,0.25,0,0,96.5,2.75,0.5,0
2022-06-26 04:16:08,0,0,0,0,0,99.25373,0.4975124,0.2487562,0
2022-06-26 04:16:07,0,0,0,0,0,99.25,0.5,0.25,0
2022-06-26 04:16:06,0,0,0.2512563,0,0,97.23618,1.758794,0.7537688,0
2022-06-26 04:16:05,0,0,0.9950249,0.2487562,0,95.77114,2.736318,0.2487562,0
2022-06-26 04:16:04,0,0,0.5037783,0,0,98.48866,1.0075567,0,0
2022-06-26 04:16:03,0,0,0.2493766,0,0,97.75561,1.4962594,0.4987531,0
2022-06-26 04:16:02,0,0,0.5012531,0,0,97.74436,1.754386,0,0
2022-06-26 04:16:01,0,0,0.4987531,0,0,98.00499,1.4962594,0,0
2022-06-26 04:16:00,0,0,0,0,0,98.00499,1.4962594,0.4987531,0
2022-06-26 04:15:59,0,0,0.7537688,0.2512563,0,96.23116,2.763819,0,0
2022-06-26 04:15:58,0,0,1.2468828,0.2493766,0,95.7606,2.493766,0.2493766,0
2022-06-26 04:15:57,0,0,0.4987531,0,0,97.50623,1.995012,0,0
2022-06-26 04:15:56,0,0,0.7518797,0.5012531,0,96.49123,1.754386,0.5012531,0
2022-06-26 04:15:55,0,0,0.4987531,0,0,98.00499,1.2468828,0.2493766,0
2022-06-26 04:15:54,0,0,0.5012531,0,0,98.24561,1.2531328,0,0
2022-06-26 04:15:53,0,0,0.2493766,0,0,98.00499,1.4962594,0.2493766,0
2022-06-26 04:15:52,0,0,0.7537688,0.2512563,0,96.23116,2.512563,0.2512563,0
2022-06-26 04:15:51,0,0,0.9975062,0.4987531,0,96.50873,1.745636,0.2493766,0
2022-06-26 04:15:50,0,0,0.4975124,0,0,97.26368,1.99005,0.2487562,0
2022-06-26 04:15:49,0,0,1.25,0,0,96.25,2.5,0,0
2022-06-26 04:15:48,0,0,0.5,0.25,0,98.25,0.75,0.25,0
2022-06-26 04:15:47,0,0,0,0,0,98.49246,1.2562814,0.2512563,0
2022-06-26 04:15:46,0,0,0.25,0,0,98,1.5,0.25,0
2022-06-26 04:15:45,0,0,1,0.25,0,96.25,2.25,0.25,0
2022-06-26 04:15:44,0,0,0.7462687,0,0,96.0199,2.985075,0.2487562,0
2022-06-26 04:15:43,0,0,0.5037783,0,0,97.98489,1.511335,0,0
2022-06-26 04:15:42,0,0,1.2406948,0.248139,0,96.02978,2.233251,0.248139,0
2022-06-26 04:15:41,0,0,0.2506266,0,0,98.99749,0.7518797,0,0
2022-06-26 04:15:40,0,0,0,0,0,98.24561,1.5037594,0.2506266,0
2022-06-26 04:15:39,0,0,0.5012531,0,0,98.49624,1.0025063,0,0
2022-06-26 04:15:38,0,0,0.9975062,0,0,96.00998,2.743142,0.2493766,0
2022-06-26 04:15:37,0,0,0.9975062,0.4987531,0,96.00998,1.995012,0.4987531,0
2022-06-26 04:15:36,0,0,0.75,0.25,0,96.5,2,0.5,0
2022-06-26 04:15:35,0,0,1.0050251,0,0,95.72864,3.266332,0,0
2022-06-26 04:15:34,0,0,0.25,0,0,98.75,1,0,0
2022-06-26 04:15:33,0,0,0,0,0,98.99749,0.7518797,0.2506266,0
2022-06-26 04:15:32,0,0,0.2487562,0,0,98.50746,0.7462687,0.4975124,0
2022-06-26 04:15:31,0,0,0.2512563,0.2512563,0,96.73367,2.763819,0,0
2022-06-26 04:15:30,0,0,1.0025063,0,0,96.74185,2.255639,0,0
2022-06-26 04:15:29,0,0,1.2406948,0.248139,0,94.78908,3.473945,0.248139,0
2022-06-26 04:15:28,0,0,1,0,0,95.25,3,0.75,0
2022-06-26 04:15:27,0,0,0.4987531,0,0,98.00499,1.2468828,0.2493766,0
2022-06-26 04:15:26,0,0,0,0,0,98,1.5,0.25,0
2022-06-26 04:15:25,0,0,0.5012531,0,0,98.49624,1.0025063,0,0
2022-06-26 04:15:24,0,0,0,0,0,99.5,0.25,0.25,0
2022-06-26 04:15:23,0,0,0.25,0,0,97.25,2.5,0,0
2022-06-26 04:15:22,0,0,1,0,0,96,2.75,0.25,0
2022-06-26 04:15:21,0,0,1.745636,0.2493766,0,93.76559,3.990025,0.2493766,0
2022-06-26 04:15:20,0,0,1.754386,0.2506266,0,91.4787,6.265664,0.2506266,0
2022-06-26 04:15:19,0,0,0.9975062,0.4987531,0,88.02993,10.224439,0.2493766,0
2022-06-26 04:15:18,0,0,1.25,0.25,0,90.25,7.75,0.5,0
2022-06-26 04:15:17,0,0,0.7481297,0,0,93.76559,5.236908,0.2493766,0
2022-06-26 04:15:16,0,0,0.5,0,0,91.75,7.5,0.25,0
2022-06-26 04:15:15,0,0,0,0.25,0,93.5,6.25,0,0
2022-06-26 04:15:14,0,0,0,0,0,93.98496,5.764411,0.2506266,0
2022-06-26 04:15:13,0,0,0.2493766,0,0,91.02244,8.229426,0.4987531,0
2022-06-26 04:15:12,0,0,0,0.2506266,0,86.71679,9.774436,0.5012531,0.2506266
2022-06-26 04:15:11,0,0,0,0,0,93.21608,6.78392,0,0
2022-06-26 04:15:10,0,0,0.25,0,0,95.5,3.25,0.25,0
2022-06-26 04:15:09,0,0,0,0,0,96.98492,2.763819,0.2512563,0
2022-06-26 04:15:08,0,0,0.2493766,0,0,98.75312,0.9975062,0,0
2022-06-26 04:15:07,0,0,0,0.25,0,99,0.5,0.25,0
2022-06-26 04:15:06,0,0,0,0,0,99.25,0.75,0,0
2022-06-26 04:15:05,0,0,0,0,0,99.49875,0.2506266,0.2506266,0
2022-06-26 04:15:04,0,0,0.2487562,0,0,98.75622,0.7462687,0.2487562,0
2022-06-26 04:15:03,0,0,1.2594458,0.5037783,0,95.46599,2.770781,0,0
2022-06-26 04:15:02,0,0,0.4987531,0,0,94.76309,4.488778,0.2493766,0
2022-06-26 04:15:01,0,0,0.7462687,0,0,97.76119,1.4925373,0,0
2022-06-26 04:15:00,0,0,0.5,0.25,0,97,2,0.25,0
2022-06-26 04:14:59,0,0,0.2506266,0.2506266,0,98.74687,0.5012531,0.2506266,0
2022-06-26 04:14:58,0,0,0,0,0,99.00249,0.9975062,0,0
2022-06-26 04:14:57,0,0,1,0.25,0,95.25,3,0.5,0
2022-06-26 04:14:56,0,0,1,0.25,0,96.25,2.25,0.25,0
2022-06-26 04:14:55,0,0,0.7537688,0.5025126,0,97.23618,1.5075377,0,0
2022-06-26 04:14:54,0,0,0.5,0,0,96.5,2.75,0.25,0
2022-06-26 04:14:53,0,0,0.7481297,0.2493766,0,97.75561,1.2468828,0,0
2022-06-26 04:14:52,0,0,0.5,0.25,0,98,1,0.25,0
2022-06-26 04:14:51,0,0,0.2487562,0,0,97.26368,2.238806,0.2487562,0
2022-06-26 04:14:50,0,0,0.7537688,0.2512563,0,97.23618,1.5075377,0.2512563,0
2022-06-26 04:14:49,0,0,0.75,0.25,0,96.25,2.5,0.25,0
2022-06-26 04:14:48,0,0,1.0025063,0.2506266,0,96.2406,2.255639,0.2506266,0
2022-06-26 04:14:47,0,0,0.7462687,0,0,97.51244,1.4925373,0.2487562,0
2022-06-26 04:14:46,0,0,0,0,0,99,0.75,0.25,0
2022-06-26 04:14:45,0,0,0.5,0.5,0,97.5,1.25,0.25,0
2022-06-26 04:14:44,0,0,0.5025126,0,0,98.24121,1.0050251,0.2512563,0
2022-06-26 04:14:43,0,0,0.9950249,0.2487562,0,97.01493,1.4925373,0.2487562,0
2022-06-26 04:14:42,0,0,0.7518797,0,0,97.74436,1.2531328,0.2506266,0
2022-06-26 04:14:41,0,0,0.9950249,0.4975124,0,95.02488,3.233831,0.2487562,0
2022-06-26 04:14:40,0,0,0.5025126,0,0,97.98995,1.5075377,0,0
2022-06-26 04:14:39,0,0,0.2512563,0,0,99.24623,0.5025126,0,0
2022-06-26 04:14:38,0,0,0.4962779,0.248139,0,96.77419,2.233251,0.248139,0
2022-06-26 04:14:37,0,0,0.25,0,0,99,0.5,0.25,0
2022-06-26 04:14:36,0,0,0.7518797,0,0,96.99248,2.255639,0,0
2022-06-26 04:14:35,0,0,0.75,0,0,97,2,0.25,0
2022-06-26 04:14:34,0,0,1,0.25,0,96,2.75,0,0
2022-06-26 04:14:33,0,0,0.7518797,0.2506266,0,97.49373,1.5037594,0,0
2022-06-26 04:14:32,0,0,0.25,0.25,0,98.25,1,0.25,0
2022-06-26 04:14:31,0,0,0.5,0,0,98,1.25,0.25,0
2022-06-26 04:14:30,0,0,0.2493766,0,0,98.00499,1.4962594,0.2493766,0
2022-06-26 04:14:29,0,0,0.7518797,0.2506266,0,96.49123,2.506266,0,0
2022-06-26 04:14:28,0,0,0.7462687,0.2487562,0,97.01493,1.741294,0.2487562,0
2022-06-26 04:14:27,0,0,0.5012531,0,0,96.74185,2.506266,0.2506266,0
2022-06-26 04:14:26,0,0,0.75,0,0,95.25,3.75,0.25,0
2022-06-26 04:14:25,0,0,0.75,0.5,0,95.25,3.25,0.25,0
2022-06-26 04:14:24,0,0,0.7518797,0,0,96.99248,2.005013,0.2506266,0
2022-06-26 04:14:23,0,0,0.4987531,0,0,97.00748,2.244389,0.2493766,0
2022-06-26 04:14:22,0,0,0,0.2506266,0,99.24812,0.5012531,0,0
2022-06-26 04:14:21,0,0,0.2487562,0,0,97.26368,2.238806,0.2487562,0
2022-06-26 04:14:20,0,0,0.7481297,0.2493766,0,96.25935,2.493766,0.2493766,0
2022-06-26 04:14:19,0,0,0.7518797,0.2506266,0,93.73434,5.263158,0,0
2022-06-26 04:14:18,0,0,1,0.25,0,94,4.5,0.25,0
2022-06-26 04:14:17,0,0,1.0025063,0,0,91.97995,6.766917,0.2506266,0
2022-06-26 04:14:16,0,0,1.25,0.25,0,89.75,8.5,0.25,0
2022-06-26 04:14:15,0,0,0.9975062,0.2493766,0,90.77307,7.98005,0,0
2022-06-26 04:14:14,0,0,0.5012531,0,0,92.73183,6.516291,0.2506266,0
2022-06-26 04:14:13,0,0,0.7481297,0.4987531,0,90.77307,7.481297,0.2493766,0
2022-06-26 04:14:12,0,0,0,0,0,94.25,5.5,0.25,0
2022-06-26 04:14:11,0,0,0.2487562,0,0,92.78607,6.467662,0.4975124,0
2022-06-26 04:14:10,0,0,0,0,0,93.19899,6.549118,0.2518892,0
2022-06-26 04:14:09,0,0,0,0,0,88.77805,8.977556,0.2493766,0
2022-06-26 04:14:08,0,0,0.2512563,0,0,90.45226,7.537688,0.2512563,0
2022-06-26 04:14:07,0,0,0,0,0,94.23559,4.511278,0.2506266,0
2022-06-26 04:14:06,0,0,0.2518892,0,0,97.48111,2.267003,0,0
2022-06-26 04:14:05,0,0,0.2475248,0.2475248,0,98.26733,0.990099,0.2475248,0
2022-06-26 04:14:04,0,0,0,0,0,98.74055,1.0075567,0.2518892,0
2022-06-26 04:14:03,0,0,0,0.25,0,98,1.25,0.5,0
2022-06-26 04:14:02,0,0,0.5,0,0,98.5,0.75,0.25,0
2022-06-26 04:14:01,0,0,0.4987531,0.2493766,0,97.00748,2.244389,0,0
2022-06-26 04:14:00,0,0,0.5,0.25,0,97.5,1.25,0.5,0
2022-06-26 04:13:59,0,0,0.5,0.25,0,97.25,1.5,0.5,0
2022-06-26 04:13:58,0,0,0.7481297,0.2493766,0,96.7581,2.244389,0,0
2022-06-26 04:13:57,0,0,0.75,0,0,98,1,0.25,0
2022-06-26 04:13:56,0,0,0.2506266,0.2506266,0,97.99499,1.0025063,0.2506266,0
2022-06-26 04:13:55,0,0,0.5012531,0,0,97.99499,1.2531328,0.2506266,0
2022-06-26 04:13:54,0,0,0.4962779,0.248139,0,97.02233,1.985112,0.248139,0
2022-06-26 04:13:53,0,0,0.5025126,0,0,97.48744,2.01005,0,0
2022-06-26 04:13:52,0,0,0.5025126,0,0,97.73869,1.5075377,0.2512563,0
2022-06-26 04:13:51,0,0,0.9925558,0.248139,0,95.03722,3.473945,0.248139,0
2022-06-26 04:13:50,0,0,0.7518797,0.2506266,0,96.74185,2.005013,0.2506266,0
2022-06-26 04:13:49,0,0,0,0,0,99.24812,0.5012531,0.2506266,0
2022-06-26 04:13:48,0,0,0.7462687,0,0,97.51244,1.741294,0,0
2022-06-26 04:13:47,0,0,0.7518797,0,0,96.74185,2.255639,0.2506266,0
2022-06-26 04:13:46,0,0,0,0,0,98.50374,1.2468828,0.2493766,0
2022-06-26 04:13:45,0,0,1,0.25,0,96.5,2,0.25,0
2022-06-26 04:13:44,0,0,0.7518797,0,0,96.74185,2.255639,0.2506266,0
2022-06-26 04:13:43,0,0,0.7481297,0.2493766,0,95.7606,2.743142,0.4987531,0
2022-06-26 04:13:42,0,0,0.2512563,0,0,97.98995,1.758794,0,0
2022-06-26 04:13:41,0,0,0.9950249,0.2487562,0,97.01493,1.4925373,0.2487562,0
2022-06-26 04:13:40,0,0,0.2506266,0,0,97.99499,1.5037594,0.2506266,0
2022-06-26 04:13:39,0,0,0.2506266,0,0,97.99499,1.754386,0,0
2022-06-26 04:13:38,0,0,1,0,0,97,1.75,0.25,0
2022-06-26 04:13:37,0,0,0.25,0,0,98,1.5,0.25,0
2022-06-26 04:13:36,0,0,1,0.25,0,97,1.75,0,0
2022-06-26 04:13:35,0,0,0.7462687,0.4975124,0,97.01493,1.4925373,0.2487562,0
2022-06-26 04:13:34,0,0,0.5025126,0,0,97.23618,2.261307,0,0
2022-06-26 04:13:33,0,0,0.25,0.25,0,98.25,1.25,0,0
2022-06-26 04:13:32,0,0,0.4962779,0.248139,0,97.27047,1.4888337,0.4962779,0
2022-06-26 04:13:31,0,0,1.0075567,0.2518892,0,95.96977,2.770781,0,0
2022-06-26 04:13:30,0,0,0.2506266,0,0,98.49624,1.2531328,0,0
2022-06-26 04:13:29,0,0,0.75,0,0,96.5,2.5,0.25,0
2022-06-26 04:13:28,0,0,0.4987531,0,0,97.00748,2.244389,0.2493766,0
2022-06-26 04:13:27,0,0,0.5,0.25,0,97,2,0.25,0
2022-06-26 04:13:26,0,0,0.75,0.25,0,96,3,0,0
2022-06-26 04:13:25,0,0,0.7481297,0.4987531,0,96.25935,2.244389,0.2493766,0
2022-06-26 04:13:24,0,0,1.0050251,0.2512563,0,95.72864,3.015075,0,0
2022-06-26 04:13:23,0,0,0.4962779,0.248139,0,97.02233,1.985112,0.248139,0
2022-06-26 04:13:22,0,0,0,0,0,98.74372,1.0050251,0.2512563,0
2022-06-26 04:13:21,0,0,0.7462687,0.4975124,0,97.26368,0.9950249,0.4975124,0
2022-06-26 04:13:20,0,0,0.5,0,0,98,1.25,0.25,0
2022-06-26 04:13:19,0,0,0.5025126,0.2512563,0,96.48241,2.763819,0,0
2022-06-26 04:13:18,0,0,0.4975124,0,0,97.01493,2.238806,0.2487562,0
2022-06-26 04:13:17,0,0,0.7537688,0.2512563,0,94.72362,4.271357,0,0
2022-06-26 04:13:16,0,0,0.9975062,0,0,94.01496,4.738155,0.2493766,0
2022-06-26 04:13:15,0,0,1.25,0.5,0,92.5,5.5,0.25,0
2022-06-26 04:13:14,0,0,0.7518797,0.2506266,0,93.73434,5.012531,0.2506266,0
2022-06-26 04:13:13,0,0,0.5,0,0,94.25,5.25,0,0
2022-06-26 04:13:12,0,0,0.5012531,0,0,94.73684,4.761905,0,0
2022-06-26 04:13:11,0,0,0.4962779,0.4962779,0,94.78908,3.722084,0.4962779,0
2022-06-26 04:13:10,0,0,0.5025126,0,0,90.45226,9.045226,0,0
2022-06-26 04:13:09,0,0,0.5,0,0,92,7.25,0.25,0
2022-06-26 04:13:08,0,0,0.5,0.25,0,90.75,8.25,0,0
2022-06-26 04:13:07,0,0,0,0,0,92.73183,7.017544,0.2506266,0
2022-06-26 04:13:06,0,0,0.25,0,0,94.25,5.25,0.25,0
2022-06-26 04:13:05,0,0,0.2493766,0.2493766,0,95.51122,3.740648,0.2493766,0
2022-06-26 04:13:04,0,0,0,0,0,96.23116,3.768844,0,0
2022-06-26 04:13:03,0,0,0.2487562,0,0,96.26866,2.985075,0.2487562,0
2022-06-26 04:13:02,0,0,0,0,0,98.50374,1.2468828,0.2493766,0
2022-06-26 04:13:01,0,0,0.25,0.25,0,97.25,2,0.25,0
2022-06-26 04:13:00,0,0,0.5012531,0,0,97.99499,1.2531328,0.2506266,0
2022-06-26 04:12:59,0,0,0,0,0,98.50746,1.2437811,0.2487562,0
2022-06-26 04:12:58,0,0,0.75,0.25,0,96,2.75,0.25,0
2022-06-26 04:12:57,0,0,0.2512563,0,0,98.49246,1.0050251,0.2512563,0
2022-06-26 04:12:56,0,0,0.25,0,0,98.75,0.75,0.25,0
2022-06-26 04:12:55,0,0,0.75,0.25,0,96.75,2.25,0,0
2022-06-26 04:12:54,0,0,0.75,0.25,0,97.5,1.25,0.25,0
2022-06-26 04:12:53,0,0,0.4975124,0.2487562,0,97.01493,1.4925373,0.7462687,0
2022-06-26 04:12:52,0,0,0.5063291,0,0,97.97468,1.5189873,0,0
2022-06-26 04:12:51,0,0,0.7481297,0.2493766,0,96.7581,2.244389,0,0
2022-06-26 04:12:50,0,0,0.4987531,0.2493766,0,97.75561,0.9975062,0.4987531,0
2022-06-26 04:12:49,0,0,0.75,0,0,96.75,2.25,0.25,0
2022-06-26 04:12:48,0,0,0.9975062,0.2493766,0,96.25935,2.244389,0.2493766,0
2022-06-26 04:12:47,0,0,0.2506266,0.2506266,0,97.24311,2.005013,0.2506266,0
2022-06-26 04:12:46,0,0,0.4975124,0,0,98.50746,0.7462687,0.2487562,0
2022-06-26 04:12:45,0,0,1.0050251,0,0,95.9799,2.763819,0.2512563,0
2022-06-26 04:12:44,0,0,0.7518797,0,0,97.49373,1.754386,0,0
2022-06-26 04:12:43,0,0,0.25,0,0,98.5,0.75,0.5,0
2022-06-26 04:12:42,0,0,0.9975062,0,0,96.25935,2.743142,0,0
2022-06-26 04:12:41,0,0,0.7481297,0.2493766,0,97.00748,1.745636,0.2493766,0
2022-06-26 04:12:40,0,0,0.5012531,0,0,98.74687,0.5012531,0.2506266,0
2022-06-26 04:12:39,0,0,0.2487562,0,0,98.00995,1.4925373,0.2487562,0
2022-06-26 04:12:38,0,0,0.7518797,0.2506266,0,96.74185,2.005013,0.2506266,0
2022-06-26 04:12:37,0,0,0.9975062,0.2493766,0,96.50873,1.995012,0.2493766,0
2022-06-26 04:12:36,0,0,0.5025126,0,0,96.98492,2.261307,0.2512563,0
2022-06-26 04:12:35,0,0,1,0.25,0,96.5,2.25,0,0
2022-06-26 04:12:34,0,0,0.7462687,0,0,97.26368,1.741294,0.2487562,0
2022-06-26 04:12:33,0,0,0,0,0,98.99749,1.0025063,0,0
2022-06-26 04:12:32,0,0,0.2506266,0,0,98.74687,0.7518797,0.2506266,0
2022-06-26 04:12:31,0,0,0.75,0,0,97.5,1.25,0.5,0
2022-06-26 04:12:30,0,0,0.9975062,0.2493766,0,95.51122,2.992519,0,0
2022-06-26 04:12:29,0,0,0.9975062,0,0,96.7581,2.244389,0,0
2022-06-26 04:12:28,0,0,0.7518797,0,0,96.74185,2.255639,0.2506266,0
2022-06-26 04:12:27,0,0,0.5,0,0,98,1.25,0.25,0
2022-06-26 04:12:26,0,0,0,0,0,99.00249,0.9975062,0,0
2022-06-26 04:12:25,0,0,0.5012531,0.2506266,0,97.74436,1.0025063,0.5012531,0
2022-06-26 04:12:24,0,0,0.7518797,0,0,95.98997,3.258145,0,0
2022-06-26 04:12:23,0,0,0.9975062,0.4987531,0,95.51122,2.743142,0.2493766,0
2022-06-26 04:12:22,0,0,0.7481297,0,0,95.26185,3.740648,0.2493766,0
2022-06-26 04:12:21,0,0,1.0050251,0,0,96.23116,2.261307,0.5025126,0
2022-06-26 04:12:20,0,0,0.7444169,0.248139,0,96.27792,2.48139,0.248139,0
2022-06-26 04:12:19,0,0,0.5025126,0,0,98.49246,1.0050251,0,0
2022-06-26 04:12:18,0,0,0,0,0,98.5,1.25,0.25,0
2022-06-26 04:12:17,0,0,0,0,0,98.50746,0.9950249,0.4975124,0
2022-06-26 04:12:16,0,0,0.2506266,0,0,98.24561,1.5037594,0,0
2022-06-26 04:12:15,0,0,0.7537688,0,0,95.9799,3.015075,0.2512563,0
2022-06-26 04:12:14,0,0,1.4888337,0.248139,0,91.31514,6.699752,0.248139,0
2022-06-26 04:12:13,0,0,1.75,0.25,0,91.5,6.5,0,0
2022-06-26 04:12:12,0,0,1.5,0.25,0,89.25,8.75,0.25,0
2022-06-26 04:12:11,0,0,1.2562814,0,0,89.44724,8.79397,0.5025126,0
2022-06-26 04:12:10,0,0,0.2493766,0.2493766,0,94.26434,5.236908,0,0
2022-06-26 04:12:09,0,0,0,0,0,93.21608,6.532663,0.2512563,0
2022-06-26 04:12:08,0,0,0.248139,0.248139,0,93.54839,5.955335,0,0
2022-06-26 04:12:07,0,0,0,0,0,92.98246,6.516291,0.5012531,0
2022-06-26 04:12:06,0,0,0,0,0,89.97494,9.273183,0.5012531,0
2022-06-26 04:12:05,0,0,0.2493766,0,0,92.5187,6.982544,0.2493766,0
2022-06-26 04:12:04,0,0,0,0.2506266,0,91.72932,6.766917,0.2506266,0
2022-06-26 04:12:03,0,0,0.5012531,0,0,96.2406,2.756892,0.5012531,0
2022-06-26 04:12:02,0,0,0,0,0,97.5,2.5,0,0
2022-06-26 04:12:01,0,0,0,0.25,0,98.5,1,0.25,0
2022-06-26 04:12:00,0,0,0,0,0,99.25187,0.7481297,0,0
2022-06-26 04:11:59,0,0,0.25,0,0,99,0.75,0,0
2022-06-26 04:11:58,0,0,0,0,0,98.75312,0.7481297,0.4987531,0
2022-06-26 04:11:57,0,0,0.2506266,0.2506266,0,98.24561,1.2531328,0,0
2022-06-26 04:11:56,0,0,0.75,0,0,97.25,1.5,0.5,0
2022-06-26 04:11:55,0,0,1,0.25,0,96.75,2,0,0
2022-06-26 04:11:54,0,0,0.5,0.25,0,97.5,1.25,0.5,0
2022-06-26 04:11:53,0,0,0.2506266,0,0,98.24561,1.2531328,0.2506266,0
2022-06-26 04:11:52,0,0,0.2506266,0,0,98.74687,0.7518797,0.2506266,0
2022-06-26 04:11:51,0,0,0,0.2493766,0,98.25436,0.9975062,0.4987531,0
2022-06-26 04:11:50,0,0,0.5012531,0,0,97.49373,2.005013,0,0
2022-06-26 04:11:49,0,0,0.7462687,0.2487562,0,95.52239,3.233831,0.2487562,0
2022-06-26 04:11:48,0,0,1.75,0.5,0,94.5,3,0.25,0
2022-06-26 04:11:47,0,0,0.7518797,0.2506266,0,96.74185,2.255639,0,0
2022-06-26 04:11:46,0,0,0.4975124,0.2487562,0,98.00995,0.9950249,0.2487562,0
2022-06-26 04:11:45,0,0,0,0,0,99.24433,0.5037783,0.2518892,0
2022-06-26 04:11:44,0,0,0,0,0,99.25187,0.4987531,0.2493766,0
2022-06-26 04:11:43,0,0,0.7481297,0,0,97.25686,1.4962594,0.4987531,0
2022-06-26 04:11:42,0,0,1.0075567,0.2518892,0,96.22166,2.267003,0.2518892,0
2022-06-26 04:11:41,0,0,1.4962594,0,0,95.7606,2.493766,0.2493766,0
2022-06-26 04:11:40,0,0,0.7481297,0.2493766,0,97.50623,1.4962594,0,0
2022-06-26 04:11:39,0,0,0.4975124,0,0,98.50746,0.9950249,0,0
2022-06-26 04:11:38,0,0,0,0,0,99.24623,0.7537688,0,0
2022-06-26 04:11:37,0,0,0.2493766,0,0,99.00249,0.4987531,0.2493766,0
2022-06-26 04:11:36,0,0,0.5050505,0,0,97.47475,2.020202,0,0
2022-06-26 04:11:35,0,0,1.2437811,0.4975124,0,95.27363,2.487562,0.4975124,0
2022-06-26 04:11:34,0,0,1.2531328,0.5012531,0,94.48622,3.759398,0,0
2022-06-26 04:11:33,0,0,0.7462687,0.2487562,0,97.01493,1.4925373,0.4975124,0
2022-06-26 04:11:32,0,0,0.5,0,0,98,1.5,0,0
2022-06-26 04:11:31,0,0,0,0,0,99.49875,0.2506266,0.2506266,0
2022-06-26 04:11:30,0,0,0,0.25,0,97.75,1.75,0.25,0
2022-06-26 04:11:29,0,0,0.5,0.25,0,98,1.25,0,0
2022-06-26 04:11:28,0,0,1.5075377,0,0,95.47739,2.763819,0.2512563,0
2022-06-26 04:11:27,0,0,0.9925558,0.248139,0,95.28536,3.225806,0,0
2022-06-26 04:11:26,0,0,0.7518797,0.2506266,0,96.74185,1.754386,0.5012531,0
2022-06-26 04:11:25,0,0,0.4962779,0,0,97.27047,1.4888337,0.7444169,0
2022-06-26 04:11:24,0,0,0.2512563,0,0,98.24121,1.5075377,0,0
2022-06-26 04:11:23,0,0,0,0,0,99.49875,0.5012531,0,0
2022-06-26 04:11:22,0,0,0.4987531,0.2493766,0,97.25686,1.4962594,0.4987531,0
2022-06-26 04:11:21,0,0,1,0.5,0,95.75,2.75,0,0
2022-06-26 04:11:20,0,0,0.7481297,0.2493766,0,96.00998,2.493766,0.4987531,0
2022-06-26 04:11:19,0,0,1.2468828,0,0,95.26185,3.491272,0,0
2022-06-26 04:11:18,0,0,0.7518797,0,0,95.73935,3.007519,0.5012531,0
2022-06-26 04:11:17,0,0,0,0,0,98.75,1,0.25,0
2022-06-26 04:11:16,0,0,0,0,0,99.74937,0,0.2506266,0
2022-06-26 04:11:15,0,0,0.2493766,0,0,98.25436,1.4962594,0,0
2022-06-26 04:11:14,0,0,0.25,0,0,98.5,1.25,0,0
2022-06-26 04:11:13,0,0,0.7537688,0.2512563,0,95.9799,2.512563,0.5025126,0
2022-06-26 04:11:12,0,0,1.2468828,0.2493766,0,95.26185,3.241895,0,0
2022-06-26 04:11:11,0,0,1.741294,0.7462687,0,92.0398,4.975124,0.4975124,0
2022-06-26 04:11:10,0,0,1.2594458,0,0,91.68766,7.052897,0,0
2022-06-26 04:11:09,0,0,1.25,0,0,89.75,9,0,0
2022-06-26 04:11:08,0,0,0.5,0.25,0,91.5,7.5,0.25,0
2022-06-26 04:11:07,0,0,0.5,0,0,92.25,7.25,0,0
2022-06-26 04:11:06,0,0,0,0,0,94.27861,5.223881,0.4975124,0
2022-06-26 04:11:05,0,0,0,0.2487562,0,90.79602,8.457711,0.2487562,0
2022-06-26 04:11:04,0,0,0,0,0,92.67677,7.070707,0.2525253,0
2022-06-26 04:11:03,0,0,0.2493766,0,0,88.2793,10.224439,0.2493766,0
2022-06-26 04:11:02,0,0,0,0.7556675,0,82.87154,6.297229,0.2518892,0
2022-06-26 04:11:01,0,0,0.248139,0.248139,0,88.33747,3.970223,0,0
2022-06-26 04:11:00,0,0,0,0,0,98.99244,0.7556675,0.2518892,0
2022-06-26 04:10:59,0,0,0,0,0,98.25436,1.4962594,0.2493766,0
2022-06-26 04:10:58,0,0,0,0.25,0,98.75,0.75,0.25,0
2022-06-26 04:10:57,0,0,0.248139,0,0,98.75931,0.7444169,0.248139,0
2022-06-26 04:10:56,0,0,0,0,0,99.49749,0.5025126,0,0
2022-06-26 04:10:55,0,0,0,0,0,99.24623,0.7537688,0,0
2022-06-26 04:10:54,0,0,0.75,0,0,97,1.75,0.5,0
2022-06-26 04:10:53,0,0,0.4987531,0.2493766,0,97.25686,1.745636,0.2493766,0
2022-06-26 04:10:52,0,0,0.4987531,0,0,97.50623,1.745636,0.2493766,0
2022-06-26 04:10:51,0,0,1,0.25,0,97,1.5,0.25,0
2022-06-26 04:10:50,0,0,0.2493766,0,0,98.25436,1.2468828,0.2493766,0
2022-06-26 04:10:49,0,0,0,0,0,99.49749,0.5025126,0,0
2022-06-26 04:10:48,0,0,0.7462687,0.2487562,0,96.51741,1.99005,0.4975124,0
2022-06-26 04:10:47,0,0,0.7518797,0.2506266,0,97.49373,1.5037594,0,0
2022-06-26 04:10:46,0,0,0.7481297,0.2493766,0,96.25935,2.743142,0,0
2022-06-26 04:10:45,0,0,1.0050251,0.5025126,0,95.9799,2.261307,0.2512563,0
2022-06-26 04:10:44,0,0,0.9975062,0,0,97.00748,1.745636,0.2493766,0
2022-06-26 04:10:43,0,0,0,0,0,98.99497,0.7537688,0.2512563,0
2022-06-26 04:10:42,0,0,0.2493766,0,0,99.00249,0.4987531,0.2493766,0
2022-06-26 04:10:41,0,0,0.7481297,0.2493766,0,97.25686,1.4962594,0.2493766,0
2022-06-26 04:10:40,0,0,0.75,0.25,0,96.5,2.25,0.25,0
2022-06-26 04:10:39,0,0,0.5012531,0.2506266,0,96.74185,2.255639,0.2506266,0
2022-06-26 04:10:38,0,0,1.2468828,0,0,96.7581,1.745636,0.2493766,0
2022-06-26 04:10:37,0,0,1,0.25,0,94.75,3.75,0.25,0
2022-06-26 04:10:36,0,0,0.25,0.25,0,98.75,0.5,0.25,0
2022-06-26 04:10:35,0,0,0,0,0,99.25,0.5,0.25,0
2022-06-26 04:10:34,0,0,0.7481297,0,0,97.00748,1.995012,0.2493766,0
2022-06-26 04:10:33,0,0,0.5012531,0.2506266,0,97.74436,1.5037594,0,0
2022-06-26 04:10:32,0,0,0.7537688,0.2512563,0,97.98995,1.0050251,0,0
2022-06-26 04:10:31,0,0,0.9950249,0.4975124,0,94.77612,3.482587,0.2487562,0
2022-06-26 04:10:30,0,0,1.2531328,0.5012531,0,95.48872,2.255639,0.5012531,0
2022-06-26 04:10:29,0,0,0.2487562,0.2487562,0,98.75622,0.7462687,0,0
2022-06-26 04:10:28,0,0,0.2506266,0,0,97.99499,1.5037594,0.2506266,0
2022-06-26 04:10:27,0,0,0.5,0.25,0,97.5,1.5,0.25,0
2022-06-26 04:10:26,0,0,0.5037783,0.2518892,0,97.22922,1.763224,0.2518892,0
2022-06-26 04:10:25,0,0,0.9950249,0.2487562,0,96.51741,1.99005,0.2487562,0
2022-06-26 04:10:24,0,0,1.2406948,0.248139,0,95.5335,2.729529,0.248139,0
2022-06-26 04:10:23,0,0,1.0050251,0.2512563,0,97.23618,1.5075377,0,0
2022-06-26 04:10:22,0,0,0.25,0.25,0,98.5,0.75,0.25,0
2022-06-26 04:10:21,0,0,0,0,0,98.5,1.25,0.25,0
2022-06-26 04:10:20,0,0,0.4987531,0,0,97.75561,1.2468828,0.4987531,0
2022-06-26 04:10:19,0,0,0.2512563,0,0,99.24623,0.5025126,0,0
2022-06-26 04:10:18,0,0,0.4987531,0.2493766,0,94.76309,3.990025,0.4987531,0
2022-06-26 04:10:17,0,0,1,0.5,0,95.75,2.5,0.25,0
2022-06-26 04:10:16,0,0,0.9975062,0,0,94.51372,4.488778,0,0
2022-06-26 04:10:15,0,0,1.0025063,0.2506266,0,96.99248,1.5037594,0.2506266,0
2022-06-26 04:10:14,0,0,0,0,0,98.5,1.25,0.25,0
2022-06-26 04:10:13,0,0,0,0,0,98.74687,1.2531328,0,0
2022-06-26 04:10:12,0,0,0.2493766,0.2493766,0,97.25686,1.995012,0.2493766,0
2022-06-26 04:10:11,0,0,0.4987531,0.2493766,0,98.00499,1.2468828,0,0
2022-06-26 04:10:10,0,0,1,0,0,95.25,3.25,0.5,0
2022-06-26 04:10:09,0,0,0.7537688,0.5025126,0,94.72362,4.020101,0,0
2022-06-26 04:10:08,0,0,1.4851485,0,0,92.82178,5.19802,0.4950495,0
2022-06-26 04:10:07,0,0,1.5075377,0.2512563,0,89.69849,8.291457,0.2512563,0
2022-06-26 04:10:06,0,0,1.25,0.5,0,90.75,7.5,0,0
2022-06-26 04:10:05,0,0,0.5025126,0,0,90.95477,8.291457,0.2512563,0
2022-06-26 04:10:04,0,0,0.25,0,0,94.25,5.25,0.25,0
2022-06-26 04:10:03,0,0,0,0,0,94.02985,5.472637,0.4975124,0
2022-06-26 04:10:02,0,0,0,0.25,0,94.5,5.25,0,0
2022-06-26 04:10:01,0,0,0,0,0,91.25,8.5,0.25,0
2022-06-26 04:10:00,0,0,0.2493766,0,0,91.77057,7.481297,0.2493766,0
2022-06-26 04:09:59,0,0,0,0.2518892,0,75.31486,9.823678,0.2518892,0
2022-06-26 04:09:58,0,0,0.2518892,0,0,96.47355,3.02267,0.2518892,0
2022-06-26 04:09:57,0,0,0,0,0,98.75312,0.9975062,0.2493766,0
2022-06-26 04:09:56,0,0,0.2506266,0,0,99.24812,0.5012531,0,0
2022-06-26 04:09:55,0,0,0.25,0,0,97.75,1.75,0.25,0
2022-06-26 04:09:54,0,0,0,0,0,99.25187,0.4987531,0.2493766,0
2022-06-26 04:09:53,0,0,0,0,0,98.75312,0.9975062,0.2493766,0
2022-06-26 04:09:52,0,0,0.5012531,0.2506266,0,97.49373,1.5037594,0.2506266,0
2022-06-26 04:09:51,0,0,0.2493766,0,0,98.50374,0.9975062,0.2493766,0
2022-06-26 04:09:50,0,0,0.5025126,0,0,97.23618,2.261307,0,0
2022-06-26 04:09:49,0,0,0.9975062,0.2493766,0,95.7606,2.743142,0.2493766,0
2022-06-26 04:09:48,0,0,0.5012531,0,0,98.49624,1.0025063,0,0
2022-06-26 04:09:47,0,0,0.25,0,0,98,1.75,0,0
2022-06-26 04:09:46,0,0,0,0,0,99.25,0.5,0.25,0
2022-06-26 04:09:45,0,0,0.4987531,0.2493766,0,97.00748,1.995012,0.2493766,0
2022-06-26 04:09:44,0,0,0.75,0.25,0,97.5,1.5,0,0
2022-06-26 04:09:43,0,0,1.2468828,0.2493766,0,95.26185,2.992519,0.2493766,0
2022-06-26 04:09:42,0,0,1.0025063,0.2506266,0,95.98997,2.255639,0.5012531,0
2022-06-26 04:09:41,0,0,0.5012531,0,0,97.74436,1.754386,0,0
2022-06-26 04:09:40,0,0,0.2493766,0,0,99.00249,0.4987531,0.2493766,0
2022-06-26 04:09:39,0,0,0,0,0,99,1,0,0
2022-06-26 04:09:38,0,0,0.5,0.25,0,97.75,1.5,0,0
2022-06-26 04:09:37,0,0,0.9950249,0.2487562,0,95.52239,2.985075,0.2487562,0
2022-06-26 04:09:36,0,0,1.0050251,0.2512563,0,95.9799,2.512563,0.2512563,0
2022-06-26 04:09:35,0,0,1,0,0,97,1.75,0.25,0
2022-06-26 04:09:34,0,0,0.5012531,0,0,97.99499,1.5037594,0,0
2022-06-26 04:09:33,0,0,0,0.25,0,99.25,0.5,0,0
2022-06-26 04:09:32,0,0,0.2487562,0.2487562,0,98.00995,1.2437811,0.2487562,0
2022-06-26 04:09:31,0,0,0.2506266,0,0,97.49373,2.005013,0.2506266,0
2022-06-26 04:09:30,0,0,1.25,0.25,0,96,2.5,0,0
2022-06-26 04:09:29,0,0,0.7518797,0.2506266,0,96.99248,2.005013,0,0
2022-06-26 04:09:28,0,0,1.2437811,0.4975124,0,95.52239,2.487562,0.2487562,0
2022-06-26 04:09:27,0,0,0.7518797,0,0,97.24311,1.754386,0.2506266,0
2022-06-26 04:09:26,0,0,0,0,0,98.99749,1.0025063,0,0
2022-06-26 04:09:25,0,0,0.2493766,0,0,98.25436,1.2468828,0.2493766,0
2022-06-26 04:09:24,0,0,1.0025063,0,0,96.99248,2.005013,0,0
2022-06-26 04:09:23,0,0,0.75,0,0,97.5,1.75,0,0
2022-06-26 04:09:22,0,0,0.7481297,0.2493766,0,96.00998,2.743142,0.2493766,0
2022-06-26 04:09:21,0,0,0.75,0,0,96.75,2.25,0.25,0
2022-06-26 04:09:20,0,0,1.5,0.25,0,95.5,2.75,0,0
2022-06-26 04:09:19,0,0,0.2487562,0.2487562,0,96.51741,2.238806,0.7462687,0
2022-06-26 04:09:18,0,0,0,0,0,98.99497,0.7537688,0.2512563,0
2022-06-26 04:09:17,0,0,0.5012531,0,0,97.99499,1.5037594,0,0
2022-06-26 04:09:16,0,0,0.5,0,0,96.75,2.75,0,0
2022-06-26 04:09:15,0,0,0.7462687,0,0,96.51741,2.238806,0.4975124,0
2022-06-26 04:09:14,0,0,0.75,0.25,0,96.5,2.25,0.25,0
2022-06-26 04:09:13,0,0,1,0.25,0,95,3.75,0,0
2022-06-26 04:09:12,0,0,1.2562814,0.2512563,0,94.72362,3.266332,0.5025126,0
2022-06-26 04:09:11,0,0,0,0,0,98.99749,0.7518797,0.2506266,0
2022-06-26 04:09:10,0,0,0.248139,0,0,98.26303,0.9925558,0.4962779,0
2022-06-26 04:09:09,0,0,0.25,0.5,0,97.75,1.5,0,0
2022-06-26 04:09:08,0,0,0.75,0,0,97,1.5,0.75,0
2022-06-26 04:09:07,0,0,0.5025126,0.2512563,0,95.9799,3.266332,0,0
2022-06-26 04:09:06,0,0,0.7462687,0,0,92.78607,5.970149,0.4975124,0
2022-06-26 04:09:05,0,0,1.2468828,0.2493766,0,93.51621,4.738155,0.2493766,0
2022-06-26 04:09:04,0,0,1.5075377,0.5025126,0,90.70352,7.035176,0.2512563,0
2022-06-26 04:09:03,0,0,1.2437811,0.2487562,0,89.05473,8.955224,0.4975124,0
2022-06-26 04:09:02,0,0,1.0025063,0.2506266,0,91.97995,6.265664,0.5012531,0
2022-06-26 04:09:01,0,0,0.4987531,0,0,91.27182,7.730673,0.2493766,0
2022-06-26 04:09:00,0,0,0,0.2506266,0,94.73684,5.012531,0,0
2022-06-26 04:08:59,0,0,0,0,0,93.5,6,0.5,0
2022-06-26 04:08:58,0,0,0,0,0,92.01995,7.23192,0.7481297,0
2022-06-26 04:08:57,0,0,0.2506266,0,0,91.22807,8.521303,0,0
2022-06-26 04:08:56,0,0,0,0,0,92.96482,6.281407,0.2512563,0
2022-06-26 04:08:55,0,0,0.2493766,0.4987531,0,85.28678,6.733167,0.2493766,0
2022-06-26 04:08:54,0,0,0,0,0,98.25,1.5,0.25,0
2022-06-26 04:08:53,0,0,0.25,0,0,99.25,0.25,0.25,0
2022-06-26 04:08:52,0,0,0,0,0,99.5,0.5,0,0
2022-06-26 04:08:51,0,0,0,0,0,98.74687,1.0025063,0.2506266,0
2022-06-26 04:08:50,0,0,0.2493766,0,0,98.50374,1.2468828,0,0
2022-06-26 04:08:49,0,0,0.25,0.25,0,97,2,0.5,0
2022-06-26 04:08:48,0,0,0.5012531,0,0,97.99499,1.5037594,0,0
2022-06-26 04:08:47,0,0,0.2487562,0,0,98.25871,1.2437811,0.2487562,0
2022-06-26 04:08:46,0,0,0.9975062,0.2493766,0,96.25935,2.493766,0,0
2022-06-26 04:08:45,0,0,0.7518797,0,0,97.74436,1.2531328,0.2506266,0
2022-06-26 04:08:44,0,0,0.2493766,0.2493766,0,98.00499,1.2468828,0.2493766,0
2022-06-26 04:08:43,0,0,0,0.2518892,0,98.99244,0.5037783,0.2518892,0
2022-06-26 04:08:42,0,0,0.5,0,0,97.75,1.5,0.25,0
2022-06-26 04:08:41,0,0,0.7481297,0.2493766,0,96.50873,1.745636,0.7481297,0
2022-06-26 04:08:40,0,0,1.0025063,0,0,97.49373,1.5037594,0,0
2022-06-26 04:08:39,0,0,0.9975062,0.2493766,0,97.50623,1.2468828,0,0
2022-06-26 04:08:38,0,0,0.4975124,0,0,96.76617,2.487562,0.2487562,0
2022-06-26 04:08:37,0,0,0.5025126,0,0,98.24121,1.0050251,0.2512563,0
2022-06-26 04:08:36,0,0,0,0,0,99,0.75,0.25,0
2022-06-26 04:08:35,0,0,0.2506266,0,0,97.99499,1.5037594,0.2506266,0
2022-06-26 04:08:34,0,0,1.2437811,0,0,96.0199,2.238806,0.4975124,0
2022-06-26 04:08:33,0,0,1.2531328,0,0,95.73935,3.007519,0,0
2022-06-26 04:08:32,0,0,0.5012531,0,0,96.49123,2.756892,0.2506266,0
2022-06-26 04:08:31,0,0,0.2493766,0.2493766,0,98.75312,0.7481297,0,0
2022-06-26 04:08:30,0,0,0.5,0,0,98,1.25,0.25,0
2022-06-26 04:08:29,0,0,0.2506266,0,0,97.99499,1.754386,0,0
2022-06-26 04:08:28,0,0,0.2487562,0.2487562,0,98.25871,0.9950249,0.2487562,0
2022-06-26 04:08:27,0,0,1.0050251,0.2512563,0,96.48241,2.261307,0,0
2022-06-26 04:08:26,0,0,1.5,0.25,0,94.75,3.25,0.25,0
2022-06-26 04:08:25,0,0,0.7481297,0,0,98.00499,0.9975062,0.2493766,0
2022-06-26 04:08:24,0,0,0.5012531,0.2506266,0,97.99499,1.2531328,0,0
2022-06-26 04:08:23,0,0,0.5,0,0,98.75,0.75,0,0
2022-06-26 04:08:22,0,0,0,0.25,0,98.25,1.25,0.25,0
2022-06-26 04:08:21,0,0,0.4987531,0,0,98.00499,1.2468828,0.2493766,0
2022-06-26 04:08:20,0,0,1.2437811,0.2487562,0,96.51741,1.99005,0,0
2022-06-26 04:08:19,0,0,1.25,0,0,94.5,3.75,0.5,0
2022-06-26 04:08:18,0,0,0.5025126,0,0,97.23618,2.01005,0.2512563,0
2022-06-26 04:08:17,0,0,0.5,0.25,0,98,1,0.25,0
2022-06-26 04:08:16,0,0,0.75,0,0,97.25,2,0,0
2022-06-26 04:08:15,0,0,0,0,0,98.99497,0.7537688,0.2512563,0
2022-06-26 04:08:14,0,0,0.4975124,0,0,97.76119,1.4925373,0.2487562,0
2022-06-26 04:08:13,0,0,0.75,0.25,0,95.75,2.75,0.5,0
2022-06-26 04:08:12,0,0,1.0050251,0,0,95.22613,3.768844,0,0
2022-06-26 04:08:11,0,0,0.9950249,0.2487562,0,95.27363,3.233831,0.2487562,0
2022-06-26 04:08:10,0,0,0.25,0,0,96.75,2.75,0.25,0
2022-06-26 04:08:09,0,0,0.5012531,0.2506266,0,97.49373,1.5037594,0.2506266,0
2022-06-26 04:08:08,0,0,0.5,0.25,0,97.5,1.5,0.25,0
2022-06-26 04:08:07,0,0,0,0.25,0,98.25,1.25,0.25,0
2022-06-26 04:08:06,0,0,0.2493766,0,0,98.50374,0.9975062,0.2493766,0
2022-06-26 04:08:05,0,0,0.4975124,0.2487562,0,97.76119,1.4925373,0,0
2022-06-26 04:08:04,0,0,1.0075567,0,0,92.9471,5.793451,0.2518892,0
2022-06-26 04:08:03,0,0,1.5,0.25,0,91.75,6.5,0,0
2022-06-26 04:08:02,0,0,1.2468828,0.4987531,0,92.26933,5.486284,0.4987531,0
2022-06-26 04:08:01,0,0,1.25,0.25,0,90.5,7.75,0.25,0
2022-06-26 04:08:00,0,0,0.25,0.25,0,92.75,6.5,0.25,0
2022-06-26 04:07:59,0,0,0.7481297,0.2493766,0,91.27182,7.481297,0.2493766,0
2022-06-26 04:07:58,0,0,0.5025126,0.2512563,0,93.71859,5.276382,0.2512563,0
2022-06-26 04:07:57,0,0,0.2493766,0.2493766,0,93.76559,5.486284,0.2493766,0
2022-06-26 04:07:56,0,0,0.4987531,0.2493766,0,90.77307,8.229426,0.2493766,0
2022-06-26 04:07:55,0,0,0,0.2525253,0,90.65657,8.333333,0.2525253,0
2022-06-26 04:07:54,0,0,0,0,0,92.76808,6.733167,0.2493766,0
2022-06-26 04:07:53,0,0,0.25,0.25,0,94.25,4.75,0.5,0
2022-06-26 04:07:52,0,0,0.25,0,0,96.5,3,0.25,0
2022-06-26 04:07:51,0,0,0,0,0,96.25,3.5,0.25,0
2022-06-26 04:07:50,0,0,0,0,0,99.49875,0.5012531,0,0
2022-06-26 04:07:49,0,0,0.2487562,0,0,99.00498,0.4975124,0.2487562,0
2022-06-26 04:07:48,0,0,0,0,0,98.74372,1.2562814,0,0
2022-06-26 04:07:47,0,0,0.25,0,0,98,1.75,0,0
2022-06-26 04:07:46,0,0,0.25,0,0,99,0.75,0,0
2022-06-26 04:07:45,0,0,0.25,0,0,98.25,1.25,0.25,0
2022-06-26 04:07:44,0,0,0.75,0.5,0,96,2.75,0,0
2022-06-26 04:07:43,0,0,0.75,0,0,97.75,1.25,0.25,0
2022-06-26 04:07:42,0,0,0.2506266,0,0,98.74687,1.0025063,0,0
2022-06-26 04:07:41,0,0,0.4987531,0.2493766,0,97.25686,1.4962594,0.4987531,0
2022-06-26 04:07:40,0,0,0.5,0,0,98,1.25,0.25,0
2022-06-26 04:07:39,0,0,0.2493766,0.2493766,0,98.00499,1.4962594,0,0
2022-06-26 04:07:38,0,0,0.7462687,0.2487562,0,97.01493,1.4925373,0.4975124,0
2022-06-26 04:07:37,0,0,0.7556675,0.2518892,0,97.48111,1.2594458,0,0
2022-06-26 04:07:36,0,0,0.7481297,0.2493766,0,97.00748,1.745636,0.2493766,0
2022-06-26 04:07:35,0,0,0.5,0,0,96.5,2.75,0.25,0
2022-06-26 04:07:34,0,0,0.5,0.25,0,98,1,0.25,0
2022-06-26 04:07:33,0,0,0.4975124,0,0,98.00995,1.2437811,0.2487562,0
2022-06-26 04:07:32,0,0,0.2512563,0,0,98.74372,1.0050251,0,0
2022-06-26 04:07:31,0,0,0.4987531,0.2493766,0,97.00748,1.995012,0.2493766,0
2022-06-26 04:07:30,0,0,1.0025063,0,0,96.2406,2.506266,0.2506266,0
2022-06-26 04:07:29,0,0,1,0,0,96,2.75,0.25,0
2022-06-26 04:07:28,0,0,0.4975124,0,0,97.76119,1.4925373,0.2487562,0
2022-06-26 04:07:27,0,0,0.5,0.5,0,97.5,1.25,0.25,0
2022-06-26 04:07:26,0,0,0.5037783,0,0,97.98489,1.2594458,0.2518892,0
2022-06-26 04:07:25,0,0,0.7462687,0.2487562,0,97.76119,0.7462687,0.4975124,0
2022-06-26 04:07:24,0,0,0.5012531,0.5012531,0,95.98997,2.756892,0.2506266,0
2022-06-26 04:07:23,0,0,0.9975062,0.2493766,0,96.25935,2.493766,0,0
2022-06-26 04:07:22,0,0,0.7518797,0.2506266,0,96.99248,1.754386,0.2506266,0
2022-06-26 04:07:21,0,0,0.5,0,0,97.25,2,0.25,0
2022-06-26 04:07:20,0,0,0.25,0,0,97.75,1.75,0.25,0
2022-06-26 04:07:19,0,0,0.25,0.25,0,98.75,0.75,0,0
2022-06-26 04:07:18,0,0,0.5,0,0,97.75,1.5,0.25,0
2022-06-26 04:07:17,0,0,0.75,0.5,0,95.75,2.75,0.25,0
2022-06-26 04:07:16,0,0,1.0025063,0,0,96.2406,2.756892,0,0
2022-06-26 04:07:15,0,0,0.7481297,0.4987531,0,96.7581,1.995012,0,0
2022-06-26 04:07:14,0,0,0.4987531,0,0,97.25686,1.995012,0.2493766,0
2022-06-26 04:07:13,0,0,0.5025126,0,0,96.98492,2.261307,0.2512563,0
2022-06-26 04:07:12,0,0,0.2493766,0,0,98.25436,1.2468828,0.2493766,0
2022-06-26 04:07:11,0,0,0.4975124,0,0,98.00995,1.2437811,0.2487562,0
2022-06-26 04:07:10,0,0,0.5025126,0,0,97.48744,2.01005,0,0
2022-06-26 04:07:09,0,0,0.75,0.25,0,96.25,2.25,0.5,0
2022-06-26 04:07:08,0,0,0.7481297,0,0,97.00748,1.995012,0.2493766,0
2022-06-26 04:07:07,0,0,1.25,0,0,95.25,3.25,0.25,0
2022-06-26 04:07:06,0,0,0.5012531,0.2506266,0,96.99248,2.255639,0,0
2022-06-26 04:07:05,0,0,0.5,0.25,0,97.25,1.5,0.5,0
2022-06-26 04:07:04,0,0,0,0.25,0,97.75,1.75,0.25,0
2022-06-26 04:07:03,0,0,0.5,0.25,0,98,1.25,0,0
2022-06-26 04:07:02,0,0,0.7481297,0.2493766,0,94.76309,3.990025,0.2493766,0
2022-06-26 04:07:01,0,0,0.9975062,0,0,94.26434,4.488778,0.2493766,0
2022-06-26 04:07:00,0,0,1,0.5,0,93.25,5,0.25,0
2022-06-26 04:06:59,0,0,1.2562814,0.2512563,0,92.46231,5.778894,0.2512563,0
2022-06-26 04:06:58,0,0,0.75,0,0,92.75,6,0.5,0
2022-06-26 04:06:57,0,0,0.75,0,0,93,6,0.25,0
2022-06-26 04:06:56,0,0,0.7462687,0,0,92.28856,6.467662,0.4975124,0
2022-06-26 04:06:55,0,0,0.75,0.25,0,88.75,10,0.25,0
2022-06-26 04:06:54,0,0,0.7537688,0.2512563,0,90.70352,8.291457,0,0
2022-06-26 04:06:53,0,0,0,0,0,93.76559,5.735661,0.4987531,0
2022-06-26 04:06:52,0,0,0,0,0,94.75,5,0.25,0
2022-06-26 04:06:51,0,0,0.25,0,0,91,8.25,0.5,0
2022-06-26 04:06:50,0,0,0,0,0,95.75,4,0.25,0
2022-06-26 04:06:49,0,0,0.2493766,0.2493766,0,93.51621,5.486284,0.2493766,0
2022-06-26 04:06:48,0,0,0,0,0,96.25,3.5,0.25,0
2022-06-26 04:06:47,0,0,0,0,0,98.99497,0.7537688,0.2512563,0
2022-06-26 04:06:46,0,0,0.25,0,0,98.75,0.75,0.25,0
2022-06-26 04:06:45,0,0,0.2487562,0,0,97.76119,1.741294,0.2487562,0
2022-06-26 04:06:44,0,0,0.5037783,0,0,98.23678,1.0075567,0.2518892,0
2022-06-26 04:06:43,0,0,0,0.25,0,98,1.5,0.25,0
2022-06-26 04:06:42,0,0,0.9975062,0.2493766,0,96.00998,2.493766,0.2493766,0
2022-06-26 04:06:41,0,0,0,0.2506266,0,97.74436,1.5037594,0.5012531,0
2022-06-26 04:06:40,0,0,0.7481297,0.2493766,0,97.25686,1.4962594,0.2493766,0
2022-06-26 04:06:39,0,0,0.2493766,0,0,97.50623,1.745636,0.4987531,0
2022-06-26 04:06:38,0,0,0.5025126,0.2512563,0,97.98995,1.0050251,0.2512563,0
2022-06-26 04:06:37,0,0,0.4975124,0,0,97.01493,2.238806,0.2487562,0
2022-06-26 04:06:36,0,0,0.5037783,0,0,97.733,1.511335,0.2518892,0
2022-06-26 04:06:35,0,0,0.9950249,0.4975124,0,96.26866,1.99005,0.2487562,0
2022-06-26 04:06:34,0,0,0.2506266,0,0,98.49624,1.2531328,0,0
2022-06-26 04:06:33,0,0,0.75,0,0,96.5,2.25,0.5,0
2022-06-26 04:06:32,0,0,0.7481297,0.2493766,0,97.00748,1.995012,0,0
2022-06-26 04:06:31,0,0,0.2493766,0,0,98.25436,1.2468828,0.2493766,0
2022-06-26 04:06:30,0,0,0.5025126,0.2512563,0,96.98492,2.01005,0.2512563,0
2022-06-26 04:06:29,0,0,0.9950249,0.2487562,0,96.0199,2.238806,0.4975124,0
2022-06-26 04:06:28,0,0,0.7537688,0,0,97.48744,1.758794,0,0
2022-06-26 04:06:27,0,0,0.4975124,0,0,97.76119,1.4925373,0.2487562,0
2022-06-26 04:06:26,0,0,0.5025126,0.2512563,0,97.73869,1.2562814,0.2512563,0
2022-06-26 04:06:25,0,0,1.2468828,0,0,96.50873,1.745636,0.4987531,0
2022-06-26 04:06:24,0,0,0,0,0,98.99497,1.0050251,0,0
2022-06-26 04:06:23,0,0,0.5,0,0,97.75,1.5,0.25,0
2022-06-26 04:06:22,0,0,0.9950249,0.7462687,0,95.52239,2.487562,0.2487562,0
2022-06-26 04:06:21,0,0,0.7537688,0,0,96.98492,2.261307,0,0
2022-06-26 04:06:20,0,0,0.4987531,0.2493766,0,97.00748,1.995012,0.2493766,0
2022-06-26 04:06:19,0,0,0.4987531,0.2493766,0,97.00748,1.995012,0.2493766,0
2022-06-26 04:06:18,0,0,0.7537688,0,0,97.23618,2.01005,0,0
2022-06-26 04:06:17,0,0,0.25,0,0,99,0.75,0,0
2022-06-26 04:06:16,0,0,0.4962779,0.248139,0,98.01489,1.2406948,0,0
2022-06-26 04:06:15,0,0,0.7537688,0,0,96.23116,2.763819,0.2512563,0
2022-06-26 04:06:14,0,0,1,0.5,0,95.5,2.75,0.25,0
2022-06-26 04:06:13,0,0,0.75,0,0,98,0.75,0.5,0
2022-06-26 04:06:12,0,0,0.7462687,0.2487562,0,96.51741,2.487562,0,0
2022-06-26 04:06:11,0,0,0.5025126,0,0,97.48744,1.758794,0.2512563,0
2022-06-26 04:06:10,0,0,0,0,0,98.5,1.5,0,0
2022-06-26 04:06:09,0,0,0.2493766,0,0,98.25436,1.2468828,0.2493766,0
2022-06-26 04:06:08,0,0,0.7518797,0,0,95.48872,3.759398,0,0
2022-06-26 04:06:07,0,0,0.7462687,0.2487562,0,95.52239,3.233831,0,0
2022-06-26 04:06:06,0,0,1.0050251,0,0,96.48241,2.261307,0.2512563,0
2022-06-26 04:06:05,0,0,0.5012531,0,0,96.99248,2.506266,0,0
2022-06-26 04:06:04,0,0,0.4975124,0.4975124,0,96.76617,1.99005,0.2487562,0
2022-06-26 04:06:03,0,0,0.5012531,0,0,96.99248,2.005013,0.5012531,0
2022-06-26 04:06:02,0,0,0.25,0,0,99,0.75,0,0
2022-06-26 04:06:01,0,0,0.5,0,0,98.5,0.75,0.25,0
2022-06-26 04:06:00,0,0,0.2493766,0.2493766,0,97.50623,1.745636,0.2493766,0
2022-06-26 04:05:59,0,0,0.9975062,0.2493766,0,95.01247,3.740648,0,0
2022-06-26 04:05:58,0,0,1.2531328,0.7518797,0,93.23308,4.511278,0.2506266,0
2022-06-26 04:05:57,0,0,1.995012,0.2493766,0,90.02494,7.730673,0,0
2022-06-26 04:05:56,0,0,1,0.25,0,89.5,8.75,0.5,0
2022-06-26 04:05:55,0,0,0.7518797,0,0,92.4812,6.516291,0.2506266,0
2022-06-26 04:05:54,0,0,0.4987531,0.2493766,0,93.76559,5.486284,0,0
2022-06-26 04:05:53,0,0,0.5025126,0.2512563,0,92.71357,6.532663,0,0
2022-06-26 04:05:52,0,0,0.2487562,0,0,92.28856,7.21393,0.2487562,0
2022-06-26 04:05:51,0,0,0,0,0,94.73684,5.012531,0.2506266,0
2022-06-26 04:05:50,0,0,0,0,0,90.77307,9.226933,0,0
2022-06-26 04:05:49,0,0,0,0,0,89.97494,9.022556,0.5012531,0
2022-06-26 04:05:48,0,0,0.2493766,0,0,93.51621,5.735661,0,0
2022-06-26 04:05:47,0,0,0,0,0,96.72544,3.02267,0.2518892,0
2022-06-26 04:05:46,0,0,0.2487562,0.4975124,0,96.51741,2.736318,0,0
2022-06-26 04:05:45,0,0,0,0,0,98.25,1.25,0.25,0
2022-06-26 04:05:44,0,0,0.2487562,0,0,98.25871,1.2437811,0.2487562,0
2022-06-26 04:05:43,0,0,0,0,0,99,1,0,0
2022-06-26 04:05:42,0,0,0,0,0,98.99497,1.0050251,0,0
2022-06-26 04:05:41,0,0,0.5,0,0,98,1.25,0.25,0
2022-06-26 04:05:40,0,0,0.75,0,0,97.5,1.5,0.25,0
2022-06-26 04:05:39,0,0,0.4987531,0.2493766,0,96.25935,2.493766,0.4987531,0
2022-06-26 04:05:38,0,0,0.75,0,0,97,1.75,0.5,0
2022-06-26 04:05:37,0,0,0.5012531,0,0,97.99499,1.5037594,0,0
2022-06-26 04:05:36,0,0,0.25,0,0,98,1.5,0.25,0
2022-06-26 04:05:35,0,0,0.5,0.25,0,97.5,1.75,0,0
2022-06-26 04:05:34,0,0,0.5,0,0,97,2,0.5,0
2022-06-26 04:05:33,0,0,0.75,0.5,0,95,3.5,0.25,0
2022-06-26 04:05:32,0,0,1.2437811,0.2487562,0,96.51741,1.99005,0,0
2022-06-26 04:05:31,0,0,0.75,0,0,97.25,1.75,0.25,0
2022-06-26 04:05:30,0,0,0.2512563,0.2512563,0,97.48744,2.01005,0,0
2022-06-26 04:05:29,0,0,0.7481297,0,0,97.75561,1.2468828,0.2493766,0
2022-06-26 04:05:28,0,0,0.2506266,0,0,98.24561,1.0025063,0.5012531,0
2022-06-26 04:05:27,0,0,0.4975124,0,0,98.00995,1.4925373,0,0
2022-06-26 04:05:26,0,0,0.7537688,0.2512563,0,96.73367,2.01005,0.2512563,0
2022-06-26 04:05:25,0,0,1.4962594,0.2493766,0,95.7606,2.244389,0.2493766,0
2022-06-26 04:05:24,0,0,0.7537688,0.2512563,0,96.98492,2.01005,0,0
2022-06-26 04:05:23,0,0,0.4987531,0.2493766,0,97.75561,1.2468828,0.2493766,0
2022-06-26 04:05:22,0,0,0.25,0,0,99,0.75,0,0
2022-06-26 04:05:21,0,0,0.4987531,0,0,97.00748,1.995012,0.4987531,0
2022-06-26 04:05:20,0,0,0.5012531,0,0,97.49373,1.754386,0.2506266,0
2022-06-26 04:05:19,0,0,0.7462687,0,0,98.00995,0.9950249,0.2487562,0
2022-06-26 04:05:18,0,0,0.7556675,0,0,97.98489,1.0075567,0.2518892,0
2022-06-26 04:05:17,0,0,0.75,0,0,97,2.25,0,0
2022-06-26 04:05:16,0,0,0.5,0,0,98.25,1.25,0,0
2022-06-26 04:05:15,0,0,0.2493766,0,0,98.00499,1.2468828,0.4987531,0
2022-06-26 04:05:14,0,0,0.5012531,0,0,98.24561,1.2531328,0,0
2022-06-26 04:05:13,0,0,0.7481297,0.4987531,0,97.00748,1.4962594,0.2493766,0
2022-06-26 04:05:12,0,0,0.7518797,0,0,94.73684,4.260652,0.2506266,0
2022-06-26 04:05:11,0,0,0.7481297,0.2493766,0,96.00998,2.743142,0.2493766,0
2022-06-26 04:05:10,0,0,0.7518797,0,0,97.24311,1.754386,0.2506266,0
2022-06-26 04:05:09,0,0,0.5,0.5,0,96.5,2.5,0,0
2022-06-26 04:05:08,0,0,0.4987531,0.2493766,0,97.00748,1.745636,0.4987531,0
2022-06-26 04:05:07,0,0,0.5012531,0.2506266,0,97.99499,1.2531328,0,0
2022-06-26 04:05:06,0,0,0.25,0,0,97.75,2,0,0
2022-06-26 04:05:05,0,0,0.5,0,0,97.25,2,0.25,0
2022-06-26 04:05:04,0,0,1.5,0,0,94.5,3.75,0.25,0
2022-06-26 04:05:03,0,0,0.7462687,0.2487562,0,97.51244,1.4925373,0,0
2022-06-26 04:05:02,0,0,0.2506266,0.2506266,0,96.99248,2.005013,0.5012531,0
2022-06-26 04:05:01,0,0,0.5025126,0,0,97.73869,1.758794,0,0
2022-06-26 04:05:00,0,0,0.5,0.25,0,97.5,1.75,0,0
2022-06-26 04:04:59,0,0,0.75,0.25,0,97,1.75,0.25,0
2022-06-26 04:04:58,0,0,0.4975124,0,0,96.51741,2.736318,0.2487562,0
2022-06-26 04:04:57,0,0,0.2512563,0.2512563,0,96.98492,2.512563,0,0
2022-06-26 04:04:56,0,0,0.4962779,0,0,95.03722,4.218362,0.248139,0
2022-06-26 04:04:55,0,0,1.0075567,0.2518892,0,94.96222,3.526448,0.2518892,0
2022-06-26 04:04:54,0,0,1.4962594,0.2493766,0,91.5212,6.733167,0,0
2022-06-26 04:04:53,0,0,1,0.75,0,91.75,6.25,0.25,0
2022-06-26 04:04:52,0,0,0.7481297,0,0,92.01995,7.23192,0,0
2022-06-26 04:04:51,0,0,0.75,0.25,0,91.25,7.5,0.25,0
2022-06-26 04:04:50,0,0,0.5025126,0.2512563,0,90.45226,8.291457,0.5025126,0
2022-06-26 04:04:49,0,0,0.25,0,0,94.5,5,0.25,0
2022-06-26 04:04:48,0,0,0,0,0,94.26434,5.486284,0.2493766,0
2022-06-26 04:04:47,0,0,0,0,0,92.73183,6.265664,0.5012531,0
2022-06-26 04:04:46,0,0,0.2506266,0,0,90.22556,8.02005,0.2506266,0
2022-06-26 04:04:45,0,0,0.248139,0.248139,0,94.78908,4.466501,0.248139,0
2022-06-26 04:04:44,0,0,0,0,0,95.9596,3.282828,0,0
2022-06-26 04:04:43,0,0,0,0,0,97.75,2,0.25,0
2022-06-26 04:04:42,0,0,0.4987531,0.2493766,0,98.25436,0.7481297,0.2493766,0
2022-06-26 04:04:41,0,0,0,0,0,98.99749,1.0025063,0,0
2022-06-26 04:04:40,0,0,0.5,0,0,98.5,1,0,0
2022-06-26 04:04:39,0,0,0,0,0,99,1,0,0
2022-06-26 04:04:38,0,0,0.2493766,0,0,99.00249,0.4987531,0.2493766,0
2022-06-26 04:04:37,0,0,0.4975124,0.2487562,0,96.76617,2.487562,0,0
2022-06-26 04:04:36,0,0,0.5,0,0,98.5,0.75,0.25,0
2022-06-26 04:04:35,0,0,0.7537688,0,0,97.23618,2.01005,0,0
2022-06-26 04:04:34,0,0,0.5012531,0,0,98.49624,1.0025063,0,0
2022-06-26 04:04:33,0,0,0.7462687,0.2487562,0,96.0199,2.487562,0.4975124,0
2022-06-26 04:04:32,0,0,0,0,0,99.49875,0.5012531,0,0
2022-06-26 04:04:31,0,0,0.5012531,0,0,97.74436,1.754386,0,0
2022-06-26 04:04:30,0,0,0.7481297,0.2493766,0,96.00998,2.743142,0.2493766,0
2022-06-26 04:04:29,0,0,1.0025063,0,0,96.74185,2.255639,0,0
2022-06-26 04:04:28,0,0,0.4987531,0.2493766,0,98.00499,0.9975062,0.2493766,0
2022-06-26 04:04:27,0,0,0.5,0,0,97.5,1.75,0.25,0
2022-06-26 04:04:26,0,0,0.75,0,0,97.25,2,0,0
2022-06-26 04:04:25,0,0,0.5,0,0,98.5,1,0,0
2022-06-26 04:04:24,0,0,0.7518797,0.2506266,0,96.49123,2.255639,0.2506266,0
2022-06-26 04:04:23,0,0,1.2468828,0,0,96.7581,1.995012,0,0
2022-06-26 04:04:22,0,0,0.75,0.25,0,97.25,1.25,0.5,0
2022-06-26 04:04:21,0,0,0.25,0.25,0,97.75,1.75,0,0
2022-06-26 04:04:20,0,0,0.25,0,0,98.25,1.25,0.25,0
2022-06-26 04:04:19,0,0,1.0025063,0,0,96.49123,2.255639,0.2506266,0
2022-06-26 04:04:18,0,0,0.4987531,0.2493766,0,96.50873,2.244389,0.4987531,0
2022-06-26 04:04:17,0,0,0.75,0,0,97.25,1.75,0.25,0
2022-06-26 04:04:16,0,0,0.7481297,0,0,98.00499,1.2468828,0,0
2022-06-26 04:04:15,0,0,0.7518797,0,0,96.49123,2.255639,0.5012531,0
2022-06-26 04:04:14,0,0,0.5,0.25,0,98.5,0.75,0,0
2022-06-26 04:04:13,0,0,0.2487562,0,0,97.51244,1.4925373,0.4975124,0
2022-06-26 04:04:12,0,0,0.7556675,0.2518892,0,96.72544,2.267003,0,0
2022-06-26 04:04:11,0,0,0.4975124,0,0,98.25871,0.9950249,0.2487562,0
2022-06-26 04:04:10,0,0,0.75,0,0,97.5,1.5,0.25,0
2022-06-26 04:04:09,0,0,0.7537688,0.2512563,0,96.48241,2.261307,0.2512563,0
2022-06-26 04:04:08,0,0,0.75,0,0,97,2,0.25,0
2022-06-26 04:04:07,0,0,0.4975124,0.2487562,0,98.00995,0.9950249,0.2487562,0
2022-06-26 04:04:06,0,0,0.5012531,0,0,98.24561,1.2531328,0,0
2022-06-26 04:04:05,0,0,0.5,0,0,96.75,2.5,0.25,0
2022-06-26 04:04:04,0,0,0.7481297,0.4987531,0,96.7581,1.995012,0,0
2022-06-26 04:04:03,0,0,0.2512563,0,0,96.48241,3.015075,0.2512563,0
2022-06-26 04:04:02,0,0,0.7518797,0,0,96.2406,2.756892,0.2506266,0
2022-06-26 04:04:01,0,0,0.7444169,0.248139,0,95.5335,2.977667,0.4962779,0
2022-06-26 04:04:00,0,0,0.7481297,0,0,97.25686,1.995012,0,0
2022-06-26 04:03:59,0,0,0.2512563,0,0,98.49246,1.0050251,0.2512563,0
2022-06-26 04:03:58,0,0,0.2506266,0,0,98.49624,1.2531328,0,0
2022-06-26 04:03:57,0,0,0.9975062,0,0,96.50873,2.244389,0.2493766,0
2022-06-26 04:03:56,0,0,0.5,0.25,0,97.25,1.5,0.5,0
2022-06-26 04:03:55,0,0,0.5,0,0,96.25,3,0.25,0
2022-06-26 04:03:54,0,0,0.4975124,0.2487562,0,96.0199,2.985075,0.2487562,0
2022-06-26 04:03:53,0,0,1.2468828,0,0,94.01496,4.239401,0.4987531,0
2022-06-26 04:03:52,0,0,1.2594458,0.2518892,0,92.69521,5.793451,0,0
2022-06-26 04:03:51,0,0,1.2437811,0,0,90.54726,8.208955,0,0
2022-06-26 04:03:50,0,0,0.5025126,0.2512563,0,90.20101,9.045226,0,0
2022-06-26 04:03:49,0,0,0.25,0,0,94,5.25,0.5,0
2022-06-26 04:03:48,0,0,0.5,0.25,0,93,5.75,0.5,0
2022-06-26 04:03:47,0,0,0.2493766,0.2493766,0,93.76559,5.486284,0.2493766,0
2022-06-26 04:03:46,0,0,0.2506266,0,0,92.73183,6.516291,0.5012531,0
2022-06-26 04:03:45,0,0,0.5012531,0,0,92.73183,6.766917,0,0
2022-06-26 04:03:44,0,0,0.2487562,0.2487562,0,90.54726,6.965174,0.2487562,0
2022-06-26 04:03:43,0,0,0,0,0,94.73684,4.761905,0.2506266,0
2022-06-26 04:03:42,0,0,0.2506266,0,0,96.74185,3.007519,0,0
2022-06-26 04:03:41,0,0,0,0,0,98.25436,1.4962594,0.2493766,0
2022-06-26 04:03:40,0,0,0,0,0,97.73869,2.01005,0.2512563,0
2022-06-26 04:03:39,0,0,0.2493766,0,0,98.75312,0.9975062,0,0
2022-06-26 04:03:38,0,0,0.25,0,0,98,1.25,0.5,0
2022-06-26 04:03:37,0,0,0.2506266,0,0,98.74687,1.0025063,0,0
2022-06-26 04:03:36,0,0,0,0,0,98.25,1.5,0.25,0
2022-06-26 04:03:35,0,0,0.9975062,0,0,96.7581,1.995012,0.2493766,0
2022-06-26 04:03:34,0,0,0.25,0.25,0,97.75,1.75,0,0
2022-06-26 04:03:33,0,0,0.5012531,0,0,98.24561,1.0025063,0.2506266,0
2022-06-26 04:03:32,0,0,0.25,0.25,0,98,1.5,0,0
2022-06-26 04:03:31,0,0,0.25,0,0,98.25,1.25,0.25,0
2022-06-26 04:03:30,0,0,1,0.25,0,96.5,2.25,0,0
2022-06-26 04:03:29,0,0,0.5,0,0,97,2.25,0.25,0
2022-06-26 04:03:28,0,0,1,0.25,0,96.75,1.75,0.25,0
2022-06-26 04:03:27,0,0,0.7481297,0.2493766,0,96.7581,1.745636,0.4987531,0
2022-06-26 04:03:26,0,0,0.25,0,0,98.75,0.75,0.25,0
2022-06-26 04:03:25,0,0,0.7518797,0,0,96.74185,2.255639,0.2506266,0
2022-06-26 04:03:24,0,0,0.75,0,0,98,1.25,0,0
2022-06-26 04:03:23,0,0,0.7481297,0,0,97.00748,1.995012,0.2493766,0
2022-06-26 04:03:22,0,0,0.5012531,0,0,98.74687,0.7518797,0,0
2022-06-26 04:03:21,0,0,0.75,0,0,96.5,2.5,0.25,0
2022-06-26 04:03:20,0,0,0.7481297,0,0,97.75561,1.4962594,0,0
2022-06-26 04:03:19,0,0,0.25,0.25,0,98.5,0.75,0.25,0
2022-06-26 04:03:18,0,0,0.5012531,0,0,97.24311,2.005013,0.2506266,0
2022-06-26 04:03:17,0,0,0.75,0,0,97.75,1.5,0,0
2022-06-26 04:03:16,0,0,0.5012531,0,0,96.99248,2.005013,0.5012531,0
2022-06-26 04:03:15,0,0,0.4975124,0,0,97.76119,1.4925373,0.2487562,0
2022-06-26 04:03:14,0,0,0.75,0.25,0,97.25,1.5,0.25,0
2022-06-26 04:03:13,0,0,1.2531328,0.2506266,0,95.98997,2.255639,0.2506266,0
2022-06-26 04:03:12,0,0,0.75,0.25,0,96.75,2,0.25,0
2022-06-26 04:03:11,0,0,0.25,0.25,0,98.75,0.75,0,0
2022-06-26 04:03:10,0,0,0.5,0,0,97.25,2.25,0,0
2022-06-26 04:03:09,0,0,0.7518797,0,0,97.74436,1.2531328,0.2506266,0
2022-06-26 04:03:08,0,0,0.25,0,0,98.5,1,0.25,0
2022-06-26 04:03:07,0,0,1,0.5,0,95.75,2.25,0.5,0
2022-06-26 04:03:06,0,0,1,0.5,0,95.5,2.75,0.25,0
2022-06-26 04:03:05,0,0,0.7481297,0,0,97.00748,1.995012,0.2493766,0
2022-06-26 04:03:04,0,0,0.25,0,0,98.25,1.25,0.25,0
2022-06-26 04:03:03,0,0,0.4987531,0,0,96.50873,2.743142,0.2493766,0
2022-06-26 04:03:02,0,0,0.2506266,0.5012531,0,96.99248,2.255639,0,0
2022-06-26 04:03:01,0,0,0.5,0,0,97.25,2,0.25,0
2022-06-26 04:03:00,0,0,0.5,0,0,97.5,1.5,0.5,0
2022-06-26 04:02:59,0,0,0.7481297,0,0,95.51122,3.491272,0.2493766,0
2022-06-26 04:02:58,0,0,1,0,0,95.25,3.5,0.25,0
2022-06-26 04:02:57,0,0,0.7481297,0.4987531,0,96.50873,2.244389,0,0
2022-06-26 04:02:56,0,0,0,0,0,98.74372,0.7537688,0.5025126,0
2022-06-26 04:02:55,0,0,0.5,0,0,97.75,1.75,0,0
2022-06-26 04:02:54,0,0,0.4987531,0,0,96.50873,2.743142,0,0
2022-06-26 04:02:53,0,0,0.2506266,0.2506266,0,96.99248,2.005013,0.5012531,0
2022-06-26 04:02:52,0,0,0.7481297,0.4987531,0,95.7606,2.743142,0.2493766,0
2022-06-26 04:02:51,0,0,1.2531328,0,0,94.23559,4.511278,0,0
2022-06-26 04:02:50,0,0,0.9950249,0.2487562,0,92.53731,5.970149,0.2487562,0
2022-06-26 04:02:49,0,0,1.2531328,0.7518797,0,91.22807,6.516291,0.2506266,0
2022-06-26 04:02:48,0,0,0.9975062,0.2493766,0,91.77057,6.483791,0.4987531,0
2022-06-26 04:02:47,0,0,0.7537688,0,0,90.95477,8.040201,0.2512563,0
2022-06-26 04:02:46,0,0,0.25,0.25,0,93.25,6,0.25,0
2022-06-26 04:02:45,0,0,0.2493766,0,0,94.76309,4.488778,0.4987531,0
2022-06-26 04:02:44,0,0,0.75,0.25,0,92,6.75,0.25,0
2022-06-26 04:02:43,0,0,0.2506266,0,0,91.97995,7.518797,0.2506266,0
2022-06-26 04:02:42,0,0,0,0,0,93.78109,5.721393,0.4975124,0
2022-06-26 04:02:41,0,0,0.2518892,0.2518892,0,81.86398,8.564232,0,0
2022-06-26 04:02:40,0,0,0,0.25,0,93.5,5.75,0.5,0
2022-06-26 04:02:39,0,0,0,0.2512563,0,97.73869,2.01005,0,0
2022-06-26 04:02:38,0,0,0.2493766,0,0,96.00998,3.241895,0.2493766,0
2022-06-26 04:02:37,0,0,0,0,0,98.49624,1.2531328,0.2506266,0
2022-06-26 04:02:36,0,0,0.2487562,0.2487562,0,99.00498,0.4975124,0,0
2022-06-26 04:02:35,0,0,0,0,0,98.99497,1.0050251,0,0
2022-06-26 04:02:34,0,0,0.5,0.25,0,98.5,0.75,0,0
2022-06-26 04:02:33,0,0,0,0,0,98.75,0.75,0.5,0
2022-06-26 04:02:32,0,0,0.4987531,0,0,97.50623,1.995012,0,0
2022-06-26 04:02:31,0,0,1.0050251,0,0,96.98492,2.01005,0,0
2022-06-26 04:02:30,0,0,0.5,0.25,0,97.75,1.5,0,0
2022-06-26 04:02:29,0,0,0,0,0,99.25,0.5,0.25,0
2022-06-26 04:02:28,0,0,0.4975124,0,0,97.26368,2.238806,0,0
2022-06-26 04:02:27,0,0,0.5012531,0.2506266,0,97.74436,1.0025063,0.5012531,0
2022-06-26 04:02:26,0,0,0.5012531,0,0,97.99499,1.2531328,0.2506266,0
2022-06-26 04:02:25,0,0,1.2437811,0.2487562,0,95.27363,2.736318,0.4975124,0
2022-06-26 04:02:24,0,0,1.754386,0.2506266,0,95.48872,2.506266,0,0
2022-06-26 04:02:23,0,0,0.7518797,0,0,96.49123,2.506266,0.2506266,0
2022-06-26 04:02:22,0,0,0.2493766,0,0,98.75312,0.7481297,0.2493766,0
2022-06-26 04:02:21,0,0,0.5012531,0,0,97.99499,1.5037594,0,0
2022-06-26 04:02:20,0,0,0.2493766,0,0,98.75312,0.7481297,0.2493766,0
2022-06-26 04:02:19,0,0,0.2493766,0,0,98.00499,1.4962594,0.2493766,0
2022-06-26 04:02:18,0,0,1.0050251,0.2512563,0,95.9799,2.512563,0.2512563,0
2022-06-26 04:02:17,0,0,1.4962594,0.2493766,0,95.01247,2.992519,0.2493766,0
2022-06-26 04:02:16,0,0,0.5012531,0.2506266,0,98.49624,0.7518797,0,0
2022-06-26 04:02:15,0,0,0.2493766,0,0,99.00249,0.4987531,0.2493766,0
2022-06-26 04:02:14,0,0,0.5,0.25,0,97.25,1.75,0.25,0
2022-06-26 04:02:13,0,0,0.25,0.25,0,97.5,1.75,0.25,0
2022-06-26 04:02:12,0,0,0.5,0,0,98,1.25,0.25,0
2022-06-26 04:02:11,0,0,1.5,0.25,0,95.75,2.25,0.25,0
2022-06-26 04:02:10,0,0,1.0025063,0.2506266,0,96.2406,2.255639,0.2506266,0
2022-06-26 04:02:09,0,0,0.4987531,0,0,97.50623,1.745636,0.2493766,0
2022-06-26 04:02:08,0,0,0,0,0,99.24812,0.5012531,0.2506266,0
2022-06-26 04:02:07,0,0,0.5,0,0,98,1.25,0.25,0
2022-06-26 04:02:06,0,0,0.2493766,0.2493766,0,97.00748,2.244389,0.2493766,0
2022-06-26 04:02:05,0,0,0.5012531,0,0,97.49373,2.005013,0,0
2022-06-26 04:02:04,0,0,1.4888337,0,0,95.5335,2.48139,0.4962779,0
2022-06-26 04:02:03,0,0,1.5075377,0.2512563,0,93.96985,4.020101,0.2512563,0
2022-06-26 04:02:02,0,0,0.2493766,0,0,97.50623,2.244389,0,0
2022-06-26 04:02:01,0,0,0,0,0,98.99749,1.0025063,0,0
2022-06-26 04:02:00,0,0,0.2493766,0,0,99.00249,0.4987531,0.2493766,0
2022-06-26 04:01:59,0,0,0.4987531,0,0,97.25686,1.995012,0.2493766,0
2022-06-26 04:01:58,0,0,0.2512563,0,0,97.23618,2.512563,0,0
2022-06-26 04:01:57,0,0,1,0,0,95.5,3.25,0.25,0
2022-06-26 04:01:56,0,0,1.2468828,0,0,95.7606,2.743142,0.2493766,0
2022-06-26 04:01:55,0,0,0.9975062,0.4987531,0,95.01247,2.992519,0.2493766,0
2022-06-26 04:01:54,0,0,0.25,0,0,98.25,1.25,0.25,0
2022-06-26 04:01:53,0,0,0,0.25,0,98.25,1,0.5,0
2022-06-26 04:01:52,0,0,0,0,0,99.49749,0.5025126,0,0
2022-06-26 04:01:51,0,0,0.25,0,0,96.75,2.5,0.5,0
2022-06-26 04:01:50,0,0,0.75,0,0,96.5,2.75,0,0
2022-06-26 04:01:49,0,0,1.2437811,0,0,93.53234,4.975124,0.2487562,0
2022-06-26 04:01:48,0,0,1.5075377,0.2512563,0,93.71859,4.271357,0.2512563,0
2022-06-26 04:01:47,0,0,1.4925373,0.2487562,0,90.29851,7.711443,0.2487562,0
2022-06-26 04:01:46,0,0,1.5075377,0.2512563,0,90.20101,8.040201,0,0
2022-06-26 04:01:45,0,0,0.7462687,0.4975124,0,93.28358,5.223881,0.2487562,0
2022-06-26 04:01:44,0,0,0.2512563,0,0,92.96482,6.281407,0.5025126,0
2022-06-26 04:01:43,0,0,0.2487562,0,0,93.78109,5.970149,0,0
2022-06-26 04:01:42,0,0,0,0,0,93.73434,6.015038,0.2506266,0
2022-06-26 04:01:41,0,0,0,0,0,93,6.75,0.25,0
2022-06-26 04:01:40,0,0,0.2506266,0,0,89.22306,8.77193,0.2506266,0
2022-06-26 04:01:39,0,0,0,0.2518892,0,90.93199,7.052897,0.2518892,0
2022-06-26 04:01:38,0,0,0.2506266,0,0,89.22306,7.518797,0.5012531,0
2022-06-26 04:01:37,0,0,0,0.2506266,0,97.49373,2.005013,0.2506266,0
2022-06-26 04:01:36,0,0,0,0,0,99,0.75,0.25,0
2022-06-26 04:01:35,0,0,0.25,0,0,98.25,1.5,0,0
2022-06-26 04:01:34,0,0,0,0,0,99.24812,0.7518797,0,0
2022-06-26 04:01:33,0,0,0,0,0,98.5,1.25,0.25,0
2022-06-26 04:01:32,0,0,0,0,0,99,1,0,0
2022-06-26 04:01:31,0,0,0.25,0,0,98,1.5,0.25,0
2022-06-26 04:01:30,0,0,0.9950249,0.2487562,0,96.76617,1.99005,0,0
2022-06-26 04:01:29,0,0,0.9975062,0,0,96.00998,2.743142,0.2493766,0
2022-06-26 04:01:28,0,0,0.5037783,0,0,97.98489,1.511335,0,0
2022-06-26 04:01:27,0,0,0.248139,0.248139,0,99.00744,0,0.4962779,0
2022-06-26 04:01:26,0,0,0,0,0,99.49622,0.5037783,0,0
2022-06-26 04:01:25,0,0,0.4987531,0,0,98.00499,1.2468828,0.2493766,0
2022-06-26 04:01:24,0,0,1,0.25,0,96,2.5,0.25,0
2022-06-26 04:01:23,0,0,1.25,0,0,95,3.5,0.25,0
2022-06-26 04:01:22,0,0,0.9975062,0,0,96.50873,2.244389,0.2493766,0
2022-06-26 04:01:21,0,0,0.5037783,0,0,97.98489,1.511335,0,0
2022-06-26 04:01:20,0,0,0.2493766,0.4987531,0,98.00499,1.2468828,0,0
2022-06-26 04:01:19,0,0,0.2493766,0,0,99.00249,0.2493766,0.4987531,0
2022-06-26 04:01:18,0,0,0.2506266,0,0,98.24561,1.5037594,0,0
2022-06-26 04:01:17,0,0,0.75,0,0,97.5,1.25,0.5,0
2022-06-26 04:01:16,0,0,0.75,0,0,97.25,1.75,0.25,0
2022-06-26 04:01:15,0,0,1.2468828,0.4987531,0,95.26185,2.244389,0.7481297,0
2022-06-26 04:01:14,0,0,0.75,0,0,97.25,2,0,0
2022-06-26 04:01:13,0,0,0.2506266,0,0,97.74436,1.5037594,0.5012531,0
2022-06-26 04:01:12,0,0,0.4987531,0.2493766,0,97.75561,1.2468828,0.2493766,0
2022-06-26 04:01:11,0,0,0.2506266,0,0,98.49624,1.0025063,0,0
2022-06-26 04:01:10,0,0,0.7481297,0,0,98.00499,0.9975062,0.2493766,0
2022-06-26 04:01:09,0,0,1.0025063,0.2506266,0,96.49123,2.255639,0,0
2022-06-26 04:01:08,0,0,0.9975062,0,0,96.25935,2.244389,0.4987531,0
2022-06-26 04:01:07,0,0,0.75,0.25,0,96.75,2.25,0,0
2022-06-26 04:01:06,0,0,0.5,0,0,97.75,1.75,0,0
2022-06-26 04:01:05,0,0,0.25,0,0,98.75,0.75,0.25,0
2022-06-26 04:01:04,0,0,0.5012531,0.2506266,0,97.49373,1.754386,0,0
2022-06-26 04:01:03,0,0,0.4975124,0,0,97.51244,1.4925373,0.4975124,0
2022-06-26 04:01:02,0,0,0.7537688,0.2512563,0,96.98492,1.758794,0.2512563,0
2022-06-26 04:01:01,0,0,0.75,0,0,96,3.25,0,0
2022-06-26 04:01:00,0,0,0.9975062,0,0,96.25935,2.244389,0.4987531,0
2022-06-26 04:00:59,0,0,0.75,0.25,0,97,2,0,0
2022-06-26 04:00:58,0,0,0,0.2506266,0,98.24561,1.2531328,0.2506266,0
2022-06-26 04:00:57,0,0,0.4975124,0.2487562,0,97.01493,2.238806,0,0
2022-06-26 04:00:56,0,0,0.4987531,0,0,96.00998,3.241895,0.2493766,0
2022-06-26 04:00:55,0,0,0.5012531,0,0,97.49373,2.005013,0,0
2022-06-26 04:00:54,0,0,0.5025126,0,0,97.23618,1.758794,0.5025126,0
2022-06-26 04:00:53,0,0,0.4987531,0,0,97.25686,1.995012,0.2493766,0
2022-06-26 04:00:52,0,0,1.0025063,0.2506266,0,97.24311,1.5037594,0,0
2022-06-26 04:00:51,0,0,0.5,0,0,97,2.25,0.25,0
2022-06-26 04:00:50,0,0,0.2487562,0.2487562,0,97.26368,1.741294,0.4975124,0
2022-06-26 04:00:49,0,0,0.2506266,0,0,97.99499,1.754386,0,0
2022-06-26 04:00:48,0,0,0.4987531,0.2493766,0,96.50873,2.493766,0.2493766,0
2022-06-26 04:00:47,0,0,1.2562814,0.2512563,0,95.22613,3.015075,0.2512563,0
2022-06-26 04:00:46,0,0,1.0025063,0.5012531,0,93.23308,5.012531,0.2506266,0
2022-06-26 04:00:45,0,0,1.2468828,0.2493766,0,92.76808,5.486284,0.2493766,0
2022-06-26 04:00:44,0,0,0.9975062,0.4987531,0,94.01496,4.488778,0,0
2022-06-26 04:00:43,0,0,1,0.25,0,91.25,7.25,0.25,0
2022-06-26 04:00:42,0,0,0.5012531,0,0,91.72932,7.518797,0.2506266,0
2022-06-26 04:00:41,0,0,0.5,0,0,92.5,7,0,0
2022-06-26 04:00:40,0,0,0.5,0,0,92.5,6.5,0.5,0
2022-06-26 04:00:39,0,0,0.4987531,0.4987531,0,90.02494,8.72818,0.2493766,0
2022-06-26 04:00:38,0,0,0,0,0,94.23559,5.513784,0.2506266,0
2022-06-26 04:00:37,0,0,0.25,0,0,94.75,4.5,0.5,0
2022-06-26 04:00:36,0,0,0,0,0,90.47619,8.02005,0.2506266,0
2022-06-26 04:00:35,0,0,0,0.2506266,0,96.2406,3.258145,0.2506266,0
2022-06-26 04:00:34,0,0,0.2493766,0,0,97.75561,1.995012,0,0
2022-06-26 04:00:33,0,0,0.25,0,0,97,2.5,0.25,0
2022-06-26 04:00:32,0,0,0,0.2493766,0,98.50374,0.9975062,0.2493766,0
2022-06-26 04:00:31,0,0,0,0,0,99.24812,0.5012531,0.2506266,0
2022-06-26 04:00:30,0,0,0.25,0,0,98.5,1.25,0,0
2022-06-26 04:00:29,0,0,0.75,0.25,0,97.25,1.5,0.25,0
2022-06-26 04:00:28,0,0,0,0,0,99.49875,0.5012531,0,0
2022-06-26 04:00:27,0,0,0.2493766,0,0,98.00499,1.4962594,0.2493766,0
2022-06-26 04:00:26,0,0,0.5012531,0,0,96.49123,2.756892,0.2506266,0
2022-06-26 04:00:25,0,0,0.9975062,0.4987531,0,97.50623,0.9975062,0,0
2022-06-26 04:00:24,0,0,0.5,0,0,97.5,1.75,0.25,0
2022-06-26 04:00:23,0,0,1.0025063,0,0,96.2406,2.506266,0.2506266,0
2022-06-26 04:00:22,0,0,0.4987531,0.2493766,0,97.75561,1.2468828,0.2493766,0
2022-06-26 04:00:21,0,0,0.2487562,0,0,98.50746,0.9950249,0.2487562,0
2022-06-26 04:00:20,0,0,0.2525253,0.2525253,0,97.72727,1.767677,0,0
2022-06-26 04:00:19,0,0,0.7481297,0.2493766,0,96.7581,1.995012,0.2493766,0
2022-06-26 04:00:18,0,0,0.7518797,0,0,97.24311,1.754386,0.2506266,0
2022-06-26 04:00:17,0,0,0.7462687,0.2487562,0,97.01493,1.741294,0.2487562,0
2022-06-26 04:00:16,0,0,0.7518797,0.2506266,0,96.99248,1.754386,0.2506266,0
2022-06-26 04:00:15,0,0,0.5,0,0,98,1.5,0,0
2022-06-26 04:00:14,0,0,0,0,0,98.75622,0.9950249,0.2487562,0
2022-06-26 04:00:13,0,0,0.7537688,0.2512563,0,96.73367,2.01005,0.2512563,0
2022-06-26 04:00:12,0,0,0.9950249,0.4975124,0,97.01493,0.9950249,0.4975124,0
2022-06-26 04:00:11,0,0,0.7518797,0,0,95.73935,3.258145,0.2506266,0
2022-06-26 04:00:10,0,0,0.5012531,0.2506266,0,98.24561,1.0025063,0,0
2022-06-26 04:00:09,0,0,0.7481297,0.2493766,0,96.50873,1.995012,0.4987531,0
2022-06-26 04:00:08,0,0,0.2506266,0,0,98.24561,1.5037594,0,0
2022-06-26 04:00:07,0,0,0.25,0,0,99.25,0.5,0,0
2022-06-26 04:00:06,0,0,0.5,0,0,98,1.25,0.25,0
2022-06-26 04:00:05,0,0,1,0,0,96.75,2.25,0,0
2022-06-26 04:00:04,0,0,0.7481297,0.2493766,0,97.50623,1.2468828,0.2493766,0
2022-06-26 04:00:03,0,0,0.5,0.25,0,97.25,2,0,0
2022-06-26 04:00:02,0,0,0.7518797,0,0,97.74436,1.5037594,0,0
2022-06-26 04:00:01,0,0,0.5,0,0,97,2.5,0,0
2022-06-26 04:00:00,0,0,0.25,0,0,99.25,0.5,0,0
2022-06-26 03:59:59,0,0,0.25,0,0,98.25,1,0.5,0
2022-06-26 03:59:58,0,0,1.5,0.25,0,95.5,2.75,0,0
2022-06-26 03:59:57,0,0,1.2468828,0,0,95.7606,2.493766,0.4987531,0
2022-06-26 03:59:56,0,0,0.2506266,0,0,96.74185,3.007519,0,0
2022-06-26 03:59:55,0,0,0.25,0.25,0,98.25,0.75,0.5,0
2022-06-26 03:59:54,0,0,0.75,0.25,0,96.25,2.75,0,0
2022-06-26 03:59:53,0,0,0.5012531,0,0,97.49373,2.005013,0,0
2022-06-26 03:59:52,0,0,0.2493766,0,0,98.50374,0.9975062,0.2493766,0
2022-06-26 03:59:51,0,0,0.4987531,0.2493766,0,95.7606,3.241895,0.2493766,0
2022-06-26 03:59:50,0,0,0.75,0.25,0,97,1.75,0.25,0
2022-06-26 03:59:49,0,0,0.75,0.25,0,96.5,2.25,0.25,0
2022-06-26 03:59:48,0,0,0.7518797,0.2506266,0,96.74185,2.255639,0,0
2022-06-26 03:59:47,0,0,0.7462687,0,0,96.51741,2.487562,0.2487562,0
2022-06-26 03:59:46,0,0,0.5,0.25,0,95.25,3.75,0.25,0
2022-06-26 03:59:45,0,0,1.4962594,0.2493766,0,95.51122,2.493766,0.2493766,0
2022-06-26 03:59:44,0,0,0,0,0,94.45844,5.289673,0.2518892,0
2022-06-26 03:59:43,0,0,0.2493766,0.2493766,0,95.01247,4.488778,0,0
2022-06-26 03:59:42,0,0,0.7518797,0.2506266,0,95.48872,3.258145,0.2506266,0
2022-06-26 03:59:41,0,0,0.7481297,0,0,94.26434,4.987531,0,0
2022-06-26 03:59:40,0,0,1.2468828,0.4987531,0,90.52369,7.23192,0.4987531,0
2022-06-26 03:59:39,0,0,1.0075567,0,0,88.91688,10.075567,0,0
2022-06-26 03:59:38,0,0,1.2468828,0.2493766,0,89.52618,8.72818,0.2493766,0
2022-06-26 03:59:37,0,0,0,0.25,0,92,7.25,0.25,0
2022-06-26 03:59:36,0,0,0,0,0,94.73684,5.012531,0.2506266,0
2022-06-26 03:59:35,0,0,0.2487562,0,0,96.26866,2.985075,0.4975124,0
2022-06-26 03:59:34,0,0,0,0,0,94.23559,5.513784,0.2506266,0
2022-06-26 03:59:33,0,0,0,0,0,91,8.25,0,0
2022-06-26 03:59:32,0,0,0.2512563,0,0,94.22111,4.522613,0.2512563,0
2022-06-26 03:59:31,0,0,0.248139,0.248139,0,96.27792,2.977667,0.248139,0
2022-06-26 03:59:30,0,0,0,0.2493766,0,97.75561,1.745636,0.2493766,0
2022-06-26 03:59:29,0,0,0.2506266,0,0,98.74687,0.7518797,0.2506266,0
2022-06-26 03:59:28,0,0,0,0,0,98.50374,1.2468828,0.2493766,0
2022-06-26 03:59:27,0,0,0.7556675,0,0,96.97733,2.267003,0,0
2022-06-26 03:59:26,0,0,0.4987531,0,0,97.75561,1.4962594,0.2493766,0
2022-06-26 03:59:25,0,0,1.2531328,0,0,97.74436,1.0025063,0,0
2022-06-26 03:59:24,0,0,0.7481297,0.2493766,0,96.25935,2.244389,0.4987531,0
2022-06-26 03:59:23,0,0,0.25,0,0,99,0.75,0,0
2022-06-26 03:59:22,0,0,0.5012531,0,0,98.24561,1.0025063,0.2506266,0
2022-06-26 03:59:21,0,0,0.4975124,0.2487562,0,97.26368,1.741294,0.2487562,0
2022-06-26 03:59:20,0,0,0.5025126,0.2512563,0,98.24121,1.0050251,0,0
2022-06-26 03:59:19,0,0,0.75,0,0,98,1,0.25,0
2022-06-26 03:59:18,0,0,1,0.25,0,95,3.5,0.25,0
2022-06-26 03:59:17,0,0,0.5,0,0,99,0.5,0,0
2022-06-26 03:59:16,0,0,0.25,0,0,97.75,1.75,0.25,0
2022-06-26 03:59:15,0,0,0.9950249,0.2487562,0,97.26368,1.2437811,0.2487562,0
2022-06-26 03:59:14,0,0,0.2518892,0,0,98.23678,1.511335,0,0
2022-06-26 03:59:13,0,0,0.4975124,0.2487562,0,97.51244,1.2437811,0.4975124,0
2022-06-26 03:59:12,0,0,1.0025063,0,0,96.74185,2.005013,0.2506266,0
2022-06-26 03:59:11,0,0,1.0025063,0,0,96.74185,2.255639,0,0
2022-06-26 03:59:10,0,0,0.2493766,0,0,98.50374,0.9975062,0.2493766,0
2022-06-26 03:59:09,0,0,0.5,0,0,97.75,1.75,0,0
2022-06-26 03:59:08,0,0,0.7518797,0.2506266,0,96.49123,2.005013,0.5012531,0
2022-06-26 03:59:07,0,0,0.4975124,0,0,98.75622,0.7462687,0,0
2022-06-26 03:59:06,0,0,0.5012531,0,0,97.74436,1.5037594,0.2506266,0
2022-06-26 03:59:05,0,0,0.5,0.75,0,95.75,2.75,0.25,0
2022-06-26 03:59:04,0,0,1.25,0,0,96,2.75,0,0
2022-06-26 03:59:03,0,0,0.2487562,0.2487562,0,97.51244,1.4925373,0.2487562,0
2022-06-26 03:59:02,0,0,0.25,0,0,98.25,1.5,0,0
2022-06-26 03:59:01,0,0,1.2468828,0,0,96.00998,2.244389,0.4987531,0
2022-06-26 03:59:00,0,0,0,0,0,98.74372,1.2562814,0,0
2022-06-26 03:58:59,0,0,0.4987531,0,0,98.25436,0.7481297,0.4987531,0
2022-06-26 03:58:58,0,0,0.7537688,0.5025126,0,96.48241,2.261307,0,0
2022-06-26 03:58:57,0,0,1,0,0,97.25,1.75,0,0
2022-06-26 03:58:56,0,0,0.5,0.25,0,96,3.25,0,0
2022-06-26 03:58:55,0,0,0.7444169,0.248139,0,96.77419,1.736973,0.4962779,0
2022-06-26 03:58:54,0,0,0.5025126,0.2512563,0,96.73367,2.512563,0,0
2022-06-26 03:58:53,0,0,0.2506266,0,0,98.49624,1.2531328,0,0
2022-06-26 03:58:52,0,0,0,0,0,98.75312,0.7481297,0.4987531,0
2022-06-26 03:58:51,0,0,0.5,0,0,97.5,2,0,0
2022-06-26 03:58:50,0,0,1.0025063,0.2506266,0,94.48622,4.260652,0,0
2022-06-26 03:58:49,0,0,1.2406948,0.248139,0,94.2928,3.970223,0.248139,0
2022-06-26 03:58:48,0,0,0.25,0,0,97.75,1.75,0.25,0
2022-06-26 03:58:47,0,0,0.2518892,0,0,98.48866,1.0075567,0.2518892,0
2022-06-26 03:58:46,0,0,0.4987531,0,0,97.50623,1.745636,0.2493766,0
2022-06-26 03:58:45,0,0,0.2506266,0.5012531,0,97.74436,1.5037594,0,0
2022-06-26 03:58:44,0,0,0.2487562,0,0,98.75622,0.7462687,0.2487562,0
2022-06-26 03:58:43,0,0,0,0,0,98.00499,1.995012,0,0
2022-06-26 03:58:42,0,0,0.7518797,0,0,96.2406,2.756892,0.2506266,0
2022-06-26 03:58:41,0,0,1.75,0.75,0,92.5,4.75,0.25,0
2022-06-26 03:58:40,0,0,1.754386,0.7518797,0,91.97995,5.513784,0,0
2022-06-26 03:58:39,0,0,0.9975062,0.2493766,0,91.02244,7.481297,0.2493766,0
2022-06-26 03:58:38,0,0,0.5025126,0,0,91.70854,7.286432,0.5025126,0
2022-06-26 03:58:37,0,0,0.75,0.5,0,93,5.5,0.25,0
2022-06-26 03:58:36,0,0,0.7462687,0,0,91.79104,6.965174,0.4975124,0
2022-06-26 03:58:35,0,0,0.25,0,0,93.75,5.75,0.25,0
2022-06-26 03:58:34,0,0,0,0,0,94.76309,4.987531,0.2493766,0
2022-06-26 03:58:33,0,0,0,0.25,0,89.25,10,0.5,0
2022-06-26 03:58:32,0,0,0,0,0,89.11392,8.607595,0.2531646,0
2022-06-26 03:58:31,0,0,0.25,0,0,91.25,7.5,0.25,0
2022-06-26 03:58:30,0,0,0.2506266,0,0,93.73434,6.015038,0,0
2022-06-26 03:58:29,0,0,0,0,0,97,2.75,0.25,0
2022-06-26 03:58:28,0,0,0.2493766,0.2493766,0,98.00499,1.4962594,0,0
2022-06-26 03:58:27,0,0,0,0,0,99.25,0.5,0.25,0
2022-06-26 03:58:26,0,0,0,0,0,99.49875,0.5012531,0,0
2022-06-26 03:58:25,0,0,0.75,0,0,98,1,0.25,0
2022-06-26 03:58:24,0,0,0.25,0,0,98.75,0.75,0.25,0
2022-06-26 03:58:23,0,0,0.2493766,0.2493766,0,98.00499,1.2468828,0.2493766,0
2022-06-26 03:58:22,0,0,1.0025063,0.2506266,0,95.48872,3.258145,0,0
2022-06-26 03:58:21,0,0,0.75,0.25,0,95.75,3,0.25,0
2022-06-26 03:58:20,0,0,0.4987531,0.4987531,0,98.00499,0.9975062,0,0
2022-06-26 03:58:19,0,0,0.2506266,0.2506266,0,98.74687,0.7518797,0,0
2022-06-26 03:58:18,0,0,0.2487562,0,0,99.00498,0.7462687,0,0
2022-06-26 03:58:17,0,0,0,0,0,99,1,0,0
2022-06-26 03:58:16,0,0,0.9975062,0.2493766,0,96.25935,1.995012,0.4987531,0
2022-06-26 03:58:15,0,0,1.5,0.25,0,94.75,3.25,0.25,0
2022-06-26 03:58:14,0,0,0.7537688,0,0,97.73869,1.5075377,0,0
2022-06-26 03:58:13,0,0,0.25,0.25,0,98,1.25,0.25,0
2022-06-26 03:58:12,0,0,0.5,0,0,97.75,1.75,0,0
2022-06-26 03:58:11,0,0,0.2506266,0,0,98.74687,0.7518797,0.2506266,0
2022-06-26 03:58:10,0,0,0,0,0,99.00249,0.7481297,0.2493766,0
2022-06-26 03:58:09,0,0,0.9950249,0.2487562,0,95.77114,2.985075,0,0
2022-06-26 03:58:08,0,0,1.75,0,0,93.5,4,0.75,0
2022-06-26 03:58:07,0,0,0.5037783,0.2518892,0,98.23678,1.0075567,0,0
2022-06-26 03:58:06,0,0,0,0,0,98.75312,0.9975062,0.2493766,0
2022-06-26 03:58:05,0,0,0.5,0,0,97,2.5,0,0
2022-06-26 03:58:04,0,0,0.2506266,0,0,98.99749,0.5012531,0.2506266,0
2022-06-26 03:58:03,0,0,0.2493766,0,0,98.75312,0.4987531,0.2493766,0
2022-06-26 03:58:02,0,0,0.7481297,0.2493766,0,96.00998,2.743142,0.2493766,0
2022-06-26 03:58:01,0,0,1.5037594,0.2506266,0,94.48622,3.508772,0.2506266,0
2022-06-26 03:58:00,0,0,0.5012531,0,0,98.49624,1.0025063,0,0
2022-06-26 03:57:59,0,0,0.25,0,0,98,1.5,0.25,0
2022-06-26 03:57:58,0,0,0.4987531,0.2493766,0,97.75561,1.2468828,0.2493766,0
2022-06-26 03:57:57,0,0,0.25,0,0,99,0.75,0,0
2022-06-26 03:57:56,0,0,0.25,0,0,98.25,1.25,0.25,0
2022-06-26 03:57:55,0,0,1.25,0.25,0,94.5,3.5,0.5,0
2022-06-26 03:57:54,0,0,1.4962594,0.2493766,0,95.7606,2.493766,0,0
2022-06-26 03:57:53,0,0,0.7537688,0,0,96.23116,2.512563,0.5025126,0
2022-06-26 03:57:52,0,0,0.2487562,0,0,98.75622,0.9950249,0,0
2022-06-26 03:57:51,0,0,0.2506266,0.2506266,0,97.99499,1.2531328,0.2506266,0
2022-06-26 03:57:50,0,0,0.25,0,0,98,1.75,0,0
2022-06-26 03:57:49,0,0,0.2493766,0,0,98.50374,0.9975062,0.2493766,0
2022-06-26 03:57:48,0,0,0.5025126,0,0,96.98492,2.261307,0.2512563,0
2022-06-26 03:57:47,0,0,0.9950249,0.2487562,0,95.27363,3.233831,0.2487562,0
2022-06-26 03:57:46,0,0,1.0025063,0.2506266,0,94.98747,3.508772,0.2506266,0
2022-06-26 03:57:45,0,0,0.7518797,0.2506266,0,95.48872,3.258145,0.2506266,0
2022-06-26 03:57:44,0,0,0.2487562,0.2487562,0,98.25871,0.9950249,0.2487562,0
2022-06-26 03:57:43,0,0,0.5,0.25,0,96.5,2.5,0.25,0
2022-06-26 03:57:42,0,0,0,0,0,98.99749,0.7518797,0.2506266,0
2022-06-26 03:57:41,0,0,0,0,0,99.49875,0.2506266,0.2506266,0
2022-06-26 03:57:40,0,0,0.4987531,0,0,96.00998,3.491272,0,0
2022-06-26 03:57:39,0,0,1.2531328,0,0,95.98997,2.756892,0,0
2022-06-26 03:57:38,0,0,1.4925373,0.2487562,0,92.78607,5.223881,0.2487562,0
2022-06-26 03:57:37,0,0,1.5037594,0,0,90.72682,7.518797,0.2506266,0
2022-06-26 03:57:36,0,0,1.25,0.5,0,92,6,0.25,0
2022-06-26 03:57:35,0,0,0.9975062,0,0,92.76808,5.735661,0.4987531,0
2022-06-26 03:57:34,0,0,0.5,0.25,0,90.5,8.5,0.25,0
2022-06-26 03:57:33,0,0,0.5,0,0,94.75,4.5,0.25,0
2022-06-26 03:57:32,0,0,0,0,0,94.48622,5.263158,0.2506266,0
2022-06-26 03:57:31,0,0,0,0,0,91.97995,8.02005,0,0
2022-06-26 03:57:30,0,0,0.2493766,0,0,88.77805,10.224439,0.4987531,0
2022-06-26 03:57:29,0,0,0,0.2506266,0,90.22556,9.022556,0.2506266,0
2022-06-26 03:57:28,0,0,0,0,0,93,6.25,0.25,0
2022-06-26 03:57:27,0,0,0.2506266,0,0,95.2381,4.260652,0.2506266,0
2022-06-26 03:57:26,0,0,0,0.2506266,0,97.99499,1.754386,0,0
2022-06-26 03:57:25,0,0,0.2506266,0,0,98.74687,0.7518797,0.2506266,0
2022-06-26 03:57:24,0,0,0.25,0,0,98.75,0.75,0.25,0
2022-06-26 03:57:23,0,0,0,0,0,99.25,0.5,0.25,0
2022-06-26 03:57:22,0,0,0.2487562,0,0,98.25871,1.2437811,0.2487562,0
2022-06-26 03:57:21,0,0,0.2512563,0,0,98.49246,1.2562814,0,0
2022-06-26 03:57:20,0,0,0.5,0,0,97.75,1.75,0,0
2022-06-26 03:57:19,0,0,0.4987531,0.2493766,0,97.50623,1.745636,0,0
2022-06-26 03:57:18,0,0,0.9950249,0.2487562,0,96.0199,2.238806,0.4975124,0
2022-06-26 03:57:17,0,0,0.5025126,0,0,97.98995,1.5075377,0,0
2022-06-26 03:57:16,0,0,0,0,0,99,0.75,0.25,0
2022-06-26 03:57:15,0,0,0.25,0,0,98.25,1.5,0,0
2022-06-26 03:57:14,0,0,0.5,0,0,98.25,1,0.25,0
2022-06-26 03:57:13,0,0,1.2531328,0.5012531,0,95.48872,2.506266,0.2506266,0
2022-06-26 03:57:12,0,0,1.4888337,0.248139,0,94.78908,2.977667,0.4962779,0
2022-06-26 03:57:11,0,0,1.0075567,0,0,96.97733,1.763224,0,0
2022-06-26 03:57:10,0,0,0.4987531,0,0,97.75561,1.4962594,0.2493766,0
2022-06-26 03:57:09,0,0,0,0,0,98.5,1.25,0.25,0
2022-06-26 03:57:08,0,0,0.25,0,0,99.25,0.25,0.25,0
2022-06-26 03:57:07,0,0,0.25,0,0,98,1.75,0,0
2022-06-26 03:57:06,0,0,0.9975062,0.2493766,0,95.01247,3.241895,0.4987531,0
2022-06-26 03:57:05,0,0,1.2437811,0,0,96.0199,2.238806,0.4975124,0
2022-06-26 03:57:04,0,0,1.0075567,0,0,96.22166,2.770781,0,0
2022-06-26 03:57:03,0,0,0.5,0,0,97.75,1.5,0.25,0
2022-06-26 03:57:02,0,0,0,0,0,99.25187,0.4987531,0.2493766,0
2022-06-26 03:57:01,0,0,0.2506266,0,0,98.99749,0.5012531,0.2506266,0
2022-06-26 03:57:00,0,0,1,0.25,0,97.25,1.5,0,0
2022-06-26 03:56:59,0,0,0.75,0,0,96.75,2.25,0.25,0
2022-06-26 03:56:58,0,0,0.75,0.25,0,95.75,3,0.25,0
2022-06-26 03:56:57,0,0,0.7518797,0.2506266,0,97.74436,1.2531328,0,0
2022-06-26 03:56:56,0,0,0.7444169,0.248139,0,96.27792,2.233251,0.4962779,0
2022-06-26 03:56:55,0,0,0.2512563,0,0,98.99497,0.7537688,0,0
2022-06-26 03:56:54,0,0,0,0,0,99.25,0.75,0,0
2022-06-26 03:56:53,0,0,0.7481297,0.2493766,0,97.00748,1.4962594,0.4987531,0
2022-06-26 03:56:52,0,0,1.25,0,0,95.5,3,0.25,0
2022-06-26 03:56:51,0,0,0.75,0.5,0,96,2.5,0.25,0
2022-06-26 03:56:50,0,0,0.5012531,0,0,97.99499,1.5037594,0,0
2022-06-26 03:56:49,0,0,0.7518797,0,0,96.99248,2.005013,0.2506266,0
2022-06-26 03:56:48,0,0,0.4987531,0,0,98.00499,0.9975062,0.4987531,0
2022-06-26 03:56:47,0,0,0,0,0,98.74687,1.0025063,0.2506266,0
2022-06-26 03:56:46,0,0,0.25,0,0,98,1.5,0.25,0
2022-06-26 03:56:45,0,0,1,0.25,0,95.75,3,0,0
2022-06-26 03:56:44,0,0,1.2468828,0.2493766,0,95.26185,2.992519,0.2493766,0
2022-06-26 03:56:43,0,0,0.4987531,0,0,97.00748,1.995012,0.4987531,0
2022-06-26 03:56:42,0,0,0.5025126,0,0,98.24121,1.2562814,0,0
2022-06-26 03:56:41,0,0,0.4987531,0,0,97.50623,1.4962594,0.4987531,0
2022-06-26 03:56:40,0,0,0.7462687,0,0,97.01493,1.99005,0.2487562,0
2022-06-26 03:56:39,0,0,0,0,0,99.74874,0.2512563,0,0
2022-06-26 03:56:38,0,0,0,0.2493766,0,97.75561,1.745636,0.2493766,0
2022-06-26 03:56:37,0,0,0.75,0.25,0,95,4,0,0
2022-06-26 03:56:36,0,0,1.2562814,0.2512563,0,95.22613,3.266332,0,0
2022-06-26 03:56:35,0,0,1.4925373,0.7462687,0,93.03483,4.477612,0.2487562,0
2022-06-26 03:56:34,0,0,1.4962594,0.2493766,0,89.27681,8.72818,0.2493766,0
2022-06-26 03:56:33,0,0,0.7537688,0,0,91.20603,7.537688,0.5025126,0
2022-06-26 03:56:32,0,0,0.7481297,0,0,95.01247,3.990025,0.2493766,0
2022-06-26 03:56:31,0,0,0.5,0.5,0,91.25,7.5,0.25,0
2022-06-26 03:56:30,0,0,0.5,0,0,93,6.25,0.25,0
2022-06-26 03:56:29,0,0,0.5025126,0.2512563,0,93.21608,6.030151,0,0
2022-06-26 03:56:28,0,0,0,0,0,91.72932,7.769424,0.2506266,0
2022-06-26 03:56:27,0,0,0,0.25,0,88.5,8.5,0.5,0
2022-06-26 03:56:26,0,0,0.2512563,0,0,89.94975,8.040201,0.2512563,0
2022-06-26 03:56:25,0,0,0,0.2487562,0,93.03483,6.467662,0.2487562,0
2022-06-26 03:56:24,0,0,0.75,0,0,97.5,1.5,0.25,0
2022-06-26 03:56:23,0,0,0,0,0,97.49373,2.255639,0.2506266,0
2022-06-26 03:56:22,0,0,0,0,0,98.99749,1.0025063,0,0
2022-06-26 03:56:21,0,0,0,0,0,99.5,0.25,0.25,0
2022-06-26 03:56:20,0,0,0.25,0,0,99.25,0.5,0,0
2022-06-26 03:56:19,0,0,0,0,0,97.25686,2.493766,0.2493766,0
2022-06-26 03:56:18,0,0,0.5,0.5,0,97.75,1,0.25,0
2022-06-26 03:56:17,0,0,0.7481297,0,0,96.25935,2.743142,0.2493766,0
2022-06-26 03:56:16,0,0,0.7537688,0.2512563,0,96.48241,2.261307,0.2512563,0
2022-06-26 03:56:15,0,0,0.25,0.25,0,98,1.5,0,0
2022-06-26 03:56:14,0,0,0.25,0,0,98.5,1,0.25,0
2022-06-26 03:56:13,0,0,0.5,0.25,0,97.5,1.75,0,0
2022-06-26 03:56:12,0,0,0.25,0,0,98.5,1,0.25,0
2022-06-26 03:56:11,0,0,0.9925558,0,0,96.52605,2.48139,0,0
2022-06-26 03:56:10,0,0,0.5037783,0,0,96.97733,2.015113,0.5037783,0
2022-06-26 03:56:09,0,0,0.75,0.5,0,96.25,2.5,0,0
2022-06-26 03:56:08,0,0,0.75,0.25,0,97.5,1.5,0,0
2022-06-26 03:56:07,0,0,0.2506266,0,0,98.24561,1.2531328,0.2506266,0
2022-06-26 03:56:06,0,0,0.4975124,0.2487562,0,97.76119,1.2437811,0.2487562,0
2022-06-26 03:56:05,0,0,0.25,0,0,98.5,1.25,0,0
2022-06-26 03:56:04,0,0,0.9975062,0,0,97.25686,1.745636,0,0
2022-06-26 03:56:03,0,0,0.5012531,0.5012531,0,96.2406,2.255639,0.5012531,0
2022-06-26 03:56:02,0,0,1,0.25,0,96,2.5,0.25,0
2022-06-26 03:56:01,0,0,0.7518797,0.2506266,0,96.2406,2.506266,0.2506266,0
2022-06-26 03:56:00,0,0,0.4975124,0,0,98.25871,1.2437811,0,0
2022-06-26 03:55:59,0,0,0.5037783,0,0,98.48866,1.0075567,0,0
2022-06-26 03:55:58,0,0,0.4987531,0.4987531,0,97.25686,1.4962594,0.2493766,0
2022-06-26 03:55:57,0,0,0.7462687,0.2487562,0,96.51741,2.238806,0.2487562,0
2022-06-26 03:55:56,0,0,1.25,0.25,0,96.25,2.25,0,0
2022-06-26 03:55:55,0,0,0.5037783,0,0,97.98489,1.511335,0,0
2022-06-26 03:55:54,0,0,0.7481297,0,0,96.50873,2.244389,0.4987531,0
2022-06-26 03:55:53,0,0,0.7481297,0.4987531,0,97.00748,1.4962594,0.2493766,0
2022-06-26 03:55:52,0,0,0.2512563,0,0,98.99497,0.7537688,0,0
2022-06-26 03:55:51,0,0,0.248139,0.248139,0,97.76675,1.2406948,0.4962779,0
2022-06-26 03:55:50,0,0,0.7537688,0,0,96.98492,2.261307,0,0
2022-06-26 03:55:49,0,0,1.25,0,0,96.5,2,0.25,0
2022-06-26 03:55:48,0,0,0.7481297,0,0,96.7581,1.995012,0.4987531,0
2022-06-26 03:55:47,0,0,0.5025126,0,0,96.98492,2.512563,0,0
2022-06-26 03:55:46,0,0,0.4987531,0.2493766,0,97.50623,1.4962594,0.2493766,0
2022-06-26 03:55:45,0,0,0.5012531,0,0,98.74687,0.7518797,0,0
2022-06-26 03:55:44,0,0,0,0,0,98.25871,1.4925373,0.2487562,0
2022-06-26 03:55:43,0,0,0.5025126,0,0,96.48241,2.763819,0.2512563,0
2022-06-26 03:55:42,0,0,1.0025063,0.5012531,0,94.73684,3.508772,0.2506266,0
2022-06-26 03:55:41,0,0,1.2468828,0.2493766,0,94.26434,4.239401,0,0
2022-06-26 03:55:40,0,0,0.7462687,0,0,95.52239,3.233831,0.4975124,0
2022-06-26 03:55:39,0,0,0,0,0,98.99244,1.0075567,0,0
2022-06-26 03:55:38,0,0,0.4975124,0,0,97.51244,1.741294,0.2487562,0
2022-06-26 03:55:37,0,0,0.5012531,0,0,98.24561,1.0025063,0.2506266,0
2022-06-26 03:55:36,0,0,0,0,0,99,0.75,0,0
2022-06-26 03:55:35,0,0,0.2487562,0,0,94.02985,5.472637,0.2487562,0
2022-06-26 03:55:34,0,0,0.7481297,0.2493766,0,95.26185,3.491272,0.2493766,0
2022-06-26 03:55:33,0,0,1.25,0.25,0,93.5,4.25,0.5,0
2022-06-26 03:55:32,0,0,1.2531328,0,0,93.48371,5.012531,0.2506266,0
2022-06-26 03:55:31,0,0,1.2531328,0.2506266,0,87.46867,10.776942,0.2506266,0
2022-06-26 03:55:30,0,0,0.4987531,0.2493766,0,93.01746,5.985037,0.2493766,0
2022-06-26 03:55:29,0,0,0.5,0,0,91.75,7.5,0.25,0
2022-06-26 03:55:28,0,0,0.5,0,0,93.75,5.25,0.25,0
2022-06-26 03:55:27,0,0,0.25,0.25,0,94.25,5,0.25,0
2022-06-26 03:55:26,0,0,0.7481297,0.2493766,0,90.77307,7.98005,0.2493766,0
2022-06-26 03:55:25,0,0,0,0,0,88.35443,10.126582,0.2531646,0
2022-06-26 03:55:24,0,0,0.4962779,0.248139,0,89.08189,8.684864,0.248139,0
2022-06-26 03:55:23,0,0,0,0,0,95.45455,4.545455,0,0
2022-06-26 03:55:22,0,0,0.2493766,0,0,95.7606,3.740648,0.2493766,0
2022-06-26 03:55:21,0,0,0,0.248139,0,97.02233,1.736973,0.4962779,0
2022-06-26 03:55:20,0,0,0.25,0.25,0,96.5,2.5,0.5,0
2022-06-26 03:55:19,0,0,0,0,0,98.74372,1.2562814,0,0
2022-06-26 03:55:18,0,0,0,0.2487562,0,98.75622,0.7462687,0.2487562,0
2022-06-26 03:55:17,0,0,0,0,0,99.25,0.5,0.25,0
2022-06-26 03:55:16,0,0,0.25,0,0,98.5,1,0.25,0
2022-06-26 03:55:15,0,0,0.5012531,0.2506266,0,97.49373,1.5037594,0.2506266,0
2022-06-26 03:55:14,0,0,0.7575758,0.2525253,0,97.47475,1.2626263,0.2525253,0
2022-06-26 03:55:13,0,0,1.2406948,0.4962779,0,95.28536,2.729529,0.248139,0
2022-06-26 03:55:12,0,0,0,0,0,98.25436,1.4962594,0.2493766,0
2022-06-26 03:55:11,0,0,0.5,0.25,0,98,1,0.25,0
2022-06-26 03:55:10,0,0,0,0,0,98.75,1.25,0,0
2022-06-26 03:55:09,0,0,0.25,0.25,0,98.25,1,0.25,0
2022-06-26 03:55:08,0,0,1.25,0,0,96.25,2.5,0,0
2022-06-26 03:55:07,0,0,1.2531328,0,0,95.48872,3.007519,0.2506266,0
2022-06-26 03:55:06,0,0,0.75,0.25,0,97.25,1.75,0,0
2022-06-26 03:55:05,0,0,0.25,0,0,98,1.5,0.25,0
2022-06-26 03:55:04,0,0,0.4987531,0,0,98.25436,0.7481297,0.4987531,0
2022-06-26 03:55:03,0,0,0.25,0.25,0,98,1.5,0,0
2022-06-26 03:55:02,0,0,0.2512563,0,0,98.49246,0.7537688,0.5025126,0
2022-06-26 03:55:01,0,0,1.2468828,0.4987531,0,94.76309,3.241895,0.2493766,0
2022-06-26 03:55:00,0,0,0.9950249,0.4975124,0,95.77114,2.736318,0,0
2022-06-26 03:54:59,0,0,0.5,0,0,98.5,0.75,0.25,0
2022-06-26 03:54:58,0,0,0.5025126,0.2512563,0,97.73869,1.2562814,0.2512563,0
2022-06-26 03:54:57,0,0,0.4987531,0,0,97.50623,1.995012,0,0
2022-06-26 03:54:56,0,0,0.5025126,0.2512563,0,98.24121,0.7537688,0.2512563,0
2022-06-26 03:54:55,0,0,0.2493766,0.2493766,0,98.00499,1.2468828,0.2493766,0
2022-06-26 03:54:54,0,0,0.7537688,0.2512563,0,95.9799,2.763819,0.2512563,0
2022-06-26 03:54:53,0,0,1.2437811,0.2487562,0,95.27363,3.233831,0,0
2022-06-26 03:54:52,0,0,0.75,0.5,0,96.25,2.25,0.25,0
2022-06-26 03:54:51,0,0,0.7481297,0.2493766,0,96.25935,2.743142,0,0
2022-06-26 03:54:50,0,0,0.2506266,0,0,98.74687,0.5012531,0.5012531,0
2022-06-26 03:54:49,0,0,0,0,0,99.75062,0.2493766,0,0
2022-06-26 03:54:48,0,0,0.5025126,0,0,97.23618,2.01005,0.2512563,0
2022-06-26 03:54:47,0,0,0.7537688,0.2512563,0,96.98492,2.01005,0,0
2022-06-26 03:54:46,0,0,1.2376238,0,0,96.0396,2.475248,0.2475248,0
2022-06-26 03:54:45,0,0,0.7537688,0,0,97.73869,1.5075377,0,0
2022-06-26 03:54:44,0,0,0.7518797,0.2506266,0,96.74185,2.255639,0,0
2022-06-26 03:54:43,0,0,0.5012531,0,0,97.74436,1.0025063,0.7518797,0
2022-06-26 03:54:42,0,0,0,0,0,97.75561,2.244389,0,0
2022-06-26 03:54:41,0,0,0.2506266,0.2506266,0,97.99499,1.2531328,0.2506266,0
2022-06-26 03:54:40,0,0,0.9925558,0.248139,0,95.5335,2.977667,0,0
2022-06-26 03:54:39,0,0,0.7518797,0.2506266,0,96.2406,2.255639,0.5012531,0
2022-06-26 03:54:38,0,0,0.7462687,0.2487562,0,96.26866,2.487562,0.2487562,0
2022-06-26 03:54:37,0,0,0.7518797,0,0,97.74436,1.5037594,0,0
2022-06-26 03:54:36,0,0,0.7481297,0.2493766,0,97.00748,1.4962594,0.4987531,0
2022-06-26 03:54:35,0,0,0.75,0.5,0,97,1.75,0,0
2022-06-26 03:54:34,0,0,0,0,0,99,1,0,0
2022-06-26 03:54:33,0,0,0,0,0,99.5,0.5,0,0
2022-06-26 03:54:32,0,0,0.75,0.5,0,95,3.5,0.25,0
2022-06-26 03:54:31,0,0,1.25,0.5,0,94,4,0.25,0
2022-06-26 03:54:30,0,0,1,0.25,0,93.5,5.25,0,0
2022-06-26 03:54:29,0,0,0.75,0.25,0,90.75,8,0.25,0
2022-06-26 03:54:28,0,0,1,0.25,0,94,4.5,0.25,0
2022-06-26 03:54:27,0,0,0.9975062,0,0,92.76808,5.985037,0.2493766,0
2022-06-26 03:54:26,0,0,0.75,0,0,89.5,9.25,0.5,0
2022-06-26 03:54:25,0,0,0.7537688,0,0,90.45226,8.542714,0.2512563,0
2022-06-26 03:54:24,0,0,0.7462687,0.2487562,0,89.55224,9.20398,0.2487562,0
2022-06-26 03:54:23,0,0,0,0.2512563,0,90.20101,9.296482,0.2512563,0
2022-06-26 03:54:22,0,0,0,0,0,94.25,5.25,0.25,0
2022-06-26 03:54:21,0,0,0.4950495,0,0,93.56436,5.445545,0.4950495,0
2022-06-26 03:54:20,0,0,0,0,0,95.71788,4.030227,0,0
2022-06-26 03:54:19,0,0,0,0.5012531,0,89.47368,5.263158,0.2506266,0
2022-06-26 03:54:18,0,0,0,0.2506266,0,96.49123,3.007519,0.2506266,0
2022-06-26 03:54:17,0,0,0.2487562,0,0,98.50746,0.9950249,0.2487562,0
2022-06-26 03:54:16,0,0,0.25,0,0,98.5,1,0.25,0
2022-06-26 03:54:15,0,0,0,0,0,98.99497,1.0050251,0,0
2022-06-26 03:54:14,0,0,0.2487562,0,0,98.75622,0.7462687,0.2487562,0
2022-06-26 03:54:13,0,0,0.75,0.25,0,97,1.75,0.25,0
2022-06-26 03:54:12,0,0,0,0,0,98.99497,0.7537688,0.2512563,0
2022-06-26 03:54:11,0,0,0.5,0.25,0,98.25,0.75,0.25,0
2022-06-26 03:54:10,0,0,0.4962779,0.248139,0,97.27047,1.736973,0.248139,0
2022-06-26 03:54:09,0,0,1.0050251,0,0,96.98492,2.01005,0,0
2022-06-26 03:54:08,0,0,0.25,0,0,98.5,1,0.25,0
2022-06-26 03:54:07,0,0,0.4987531,0.2493766,0,97.00748,1.995012,0.2493766,0
2022-06-26 03:54:06,0,0,0.75,0.25,0,97.25,1.5,0.25,0
2022-06-26 03:54:05,0,0,0.25,0,0,99.25,0.5,0,0
2022-06-26 03:54:04,0,0,0.7518797,0.2506266,0,96.99248,1.754386,0.2506266,0
2022-06-26 03:54:03,0,0,1.0025063,0,0,96.2406,2.506266,0.2506266,0
2022-06-26 03:54:02,0,0,0.7481297,0.2493766,0,96.50873,2.244389,0.2493766,0
2022-06-26 03:54:01,0,0,0.25,0.25,0,97.5,1.75,0.25,0
2022-06-26 03:54:00,0,0,0.7481297,0,0,96.7581,2.244389,0.2493766,0
2022-06-26 03:53:59,0,0,0.5012531,0,0,97.24311,2.005013,0.2506266,0
2022-06-26 03:53:58,0,0,0.2493766,0,0,97.75561,1.995012,0,0
2022-06-26 03:53:57,0,0,0.75,0,0,96.25,2.75,0.25,0
2022-06-26 03:53:56,0,0,1.2531328,0,0,96.49123,2.005013,0.2506266,0
2022-06-26 03:53:55,0,0,0.75,0.5,0,96.75,1.75,0.25,0
2022-06-26 03:53:54,0,0,0,0,0,98.74372,0.5025126,0.7537688,0
2022-06-26 03:53:53,0,0,0.7462687,0,0,97.76119,1.4925373,0,0
2022-06-26 03:53:52,0,0,0.5012531,0.5012531,0,96.99248,1.754386,0.2506266,0
2022-06-26 03:53:51,0,0,0.25,0.25,0,98.5,1,0,0
2022-06-26 03:53:50,0,0,0.9950249,0,0,97.01493,1.741294,0.2487562,0
2022-06-26 03:53:49,0,0,1,0.25,0,96,2.5,0.25,0
2022-06-26 03:53:48,0,0,0.5012531,0,0,97.99499,1.2531328,0.2506266,0
2022-06-26 03:53:47,0,0,0.2512563,0,0,98.74372,0.7537688,0.2512563,0
2022-06-26 03:53:46,0,0,0.7462687,0,0,96.76617,2.238806,0.2487562,0
2022-06-26 03:53:45,0,0,0.5,0,0,97.25,2.25,0,0
2022-06-26 03:53:44,0,0,0.2506266,0,0,98.49624,1.0025063,0.2506266,0
2022-06-26 03:53:43,0,0,0.9975062,0,0,96.7581,1.995012,0.2493766,0
2022-06-26 03:53:42,0,0,1.2437811,0.7462687,0,95.27363,2.487562,0.2487562,0
2022-06-26 03:53:41,0,0,0.5025126,0,0,98.24121,1.2562814,0,0
2022-06-26 03:53:40,0,0,0,0,0,99.00249,0.7481297,0.2493766,0
2022-06-26 03:53:39,0,0,0.2512563,0.2512563,0,96.98492,2.261307,0.2512563,0
2022-06-26 03:53:38,0,0,0.9975062,0.2493766,0,94.76309,3.990025,0,0
2022-06-26 03:53:37,0,0,0.2493766,0,0,98.25436,1.2468828,0,0
2022-06-26 03:53:36,0,0,0.5,0,0,96.75,2.5,0.25,0
2022-06-26 03:53:35,0,0,0.75,0,0,96.75,2.25,0.25,0
2022-06-26 03:53:34,0,0,0.7518797,0,0,96.99248,2.255639,0,0
2022-06-26 03:53:33,0,0,0.5,0,0,96.25,2.75,0.5,0
2022-06-26 03:53:32,0,0,0.25,0,0,98.25,1.5,0,0
2022-06-26 03:53:31,0,0,0.2506266,0,0,98.49624,1.2531328,0,0
2022-06-26 03:53:30,0,0,1.2437811,0.2487562,0,94.27861,3.9801,0.2487562,0
2022-06-26 03:53:29,0,0,1.0025063,0.2506266,0,94.98747,3.508772,0.2506266,0
2022-06-26 03:53:28,0,0,0.9950249,0.2487562,0,93.78109,4.477612,0.4975124,0
2022-06-26 03:53:27,0,0,1.2562814,0.2512563,0,93.96985,4.020101,0.5025126,0
2022-06-26 03:53:26,0,0,0.75,0,0,94.75,4.25,0.25,0
2022-06-26 03:53:25,0,0,1.2468828,0,0,92.01995,6.483791,0.2493766,0
2022-06-26 03:53:24,0,0,0.5,0,0,93.5,5.5,0.5,0
2022-06-26 03:53:23,0,0,0.75,0.5,0,91,7.5,0.25,0
2022-06-26 03:53:22,0,0,0.5,0,0,91.5,7.75,0.25,0
2022-06-26 03:53:21,0,0,0.25,0,0,91.75,8,0,0
2022-06-26 03:53:20,0,0,0.25,0,0,90.75,8.75,0.25,0
2022-06-26 03:53:19,0,0,0,0,0,94.20655,5.541562,0.2518892,0
2022-06-26 03:53:18,0,0,0.25,0,0,91.5,6.75,0.25,0
2022-06-26 03:53:17,0,0,0.2487562,0.2487562,0,94.27861,4.726368,0.4975124,0
2022-06-26 03:53:16,0,0,0,0,0,97.49373,2.255639,0.2506266,0
2022-06-26 03:53:15,0,0,0.2512563,0,0,98.49246,1.2562814,0,0
2022-06-26 03:53:14,0,0,0,0,0,97.25686,2.493766,0.2493766,0
2022-06-26 03:53:13,0,0,0,0,0,99.24623,0.5025126,0.2512563,0
2022-06-26 03:53:12,0,0,0.2493766,0.2493766,0,98.50374,0.9975062,0,0
2022-06-26 03:53:11,0,0,0.25,0,0,97.75,1.75,0.25,0
2022-06-26 03:53:10,0,0,0.4987531,0.2493766,0,97.00748,1.995012,0.2493766,0
2022-06-26 03:53:09,0,0,0.5,0,0,97.25,2.25,0,0
2022-06-26 03:53:08,0,0,0.5,0.25,0,97.5,1.5,0.25,0
2022-06-26 03:53:07,0,0,0.5012531,0.2506266,0,97.24311,1.754386,0.2506266,0
2022-06-26 03:53:06,0,0,0.4975124,0,0,98.00995,1.4925373,0,0
2022-06-26 03:53:05,0,0,0.5,0.25,0,97.5,1.75,0,0
2022-06-26 03:53:04,0,0,0.5012531,0,0,98.24561,1.2531328,0,0
2022-06-26 03:53:03,0,0,0.5,0.25,0,97.25,1.75,0.25,0
2022-06-26 03:53:02,0,0,0.75,0.25,0,97,1.75,0.25,0
2022-06-26 03:53:01,0,0,1,0.5,0,96.75,1.75,0,0
2022-06-26 03:53:00,0,0,0.5012531,0.2506266,0,97.74436,1.2531328,0.2506266,0
2022-06-26 03:52:59,0,0,0.4975124,0,0,97.76119,1.4925373,0.2487562,0
2022-06-26 03:52:58,0,0,0.5012531,0,0,98.24561,1.0025063,0.2506266,0
2022-06-26 03:52:57,0,0,0.5037783,0,0,98.74055,0.7556675,0,0
2022-06-26 03:52:56,0,0,0.7462687,0.2487562,0,97.26368,1.741294,0,0
2022-06-26 03:52:55,0,0,0.75,0.25,0,96.5,2.25,0.25,0
2022-06-26 03:52:54,0,0,1.2468828,0,0,95.7606,2.743142,0.2493766,0
2022-06-26 03:52:53,0,0,0.4987531,0,0,98.25436,0.9975062,0.2493766,0
2022-06-26 03:52:52,0,0,0,0,0,98.49246,1.2562814,0.2512563,0
2022-06-26 03:52:51,0,0,0.2506266,0,0,98.74687,0.7518797,0.2506266,0
2022-06-26 03:52:50,0,0,0.4987531,0.2493766,0,98.00499,1.2468828,0,0
2022-06-26 03:52:49,0,0,0.9975062,0.2493766,0,95.26185,3.241895,0.2493766,0
2022-06-26 03:52:48,0,0,1.2437811,0.2487562,0,95.02488,2.985075,0.2487562,0
2022-06-26 03:52:47,0,0,0.7537688,0,0,97.73869,1.2562814,0.2512563,0
2022-06-26 03:52:46,0,0,0.2506266,0,0,98.49624,1.2531328,0,0
2022-06-26 03:52:45,0,0,0,0,0,98.75622,0.9950249,0.2487562,0
2022-06-26 03:52:44,0,0,0.5012531,0,0,97.49373,1.754386,0.2506266,0
2022-06-26 03:52:43,0,0,0.4987531,0,0,98.50374,0.9975062,0,0
2022-06-26 03:52:42,0,0,0.7537688,0.2512563,0,95.9799,2.763819,0.2512563,0
2022-06-26 03:52:41,0,0,1.745636,0.2493766,0,95.01247,2.992519,0,0
2022-06-26 03:52:40,0,0,0.75,0.25,0,96.5,2.25,0.25,0
2022-06-26 03:52:39,0,0,0,0.2506266,0,98.49624,1.2531328,0,0
2022-06-26 03:52:38,0,0,0.248139,0,0,97.76675,1.2406948,0.7444169,0
2022-06-26 03:52:37,0,0,0.2512563,0,0,97.23618,2.01005,0.5025126,0
2022-06-26 03:52:36,0,0,0.5025126,0,0,98.49246,0.7537688,0.2512563,0
2022-06-26 03:52:35,0,0,0.248139,0.4962779,0,96.77419,2.48139,0,0
2022-06-26 03:52:34,0,0,1.2531328,0,0,95.2381,3.258145,0.2506266,0
2022-06-26 03:52:33,0,0,1.741294,0.4975124,0,92.0398,5.472637,0.2487562,0
2022-06-26 03:52:32,0,0,0.5025126,0,0,96.48241,2.763819,0.2512563,0
2022-06-26 03:52:31,0,0,0,0,0,99,1,0,0
2022-06-26 03:52:30,0,0,0,0,0,98.75,1.25,0,0
2022-06-26 03:52:29,0,0,0.5025126,0,0,97.73869,1.758794,0,0
2022-06-26 03:52:28,0,0,0.4987531,0.2493766,0,96.7581,2.244389,0.2493766,0
2022-06-26 03:52:27,0,0,0.9975062,0,0,95.01247,3.740648,0.2493766,0
2022-06-26 03:52:26,0,0,1.0025063,0,0,95.2381,3.759398,0,0
2022-06-26 03:52:25,0,0,1.2468828,0.2493766,0,94.26434,3.990025,0.2493766,0
2022-06-26 03:52:24,0,0,1.758794,0.2512563,0,88.94472,9.045226,0,0
2022-06-26 03:52:23,0,0,1.2468828,0.2493766,0,92.76808,5.735661,0,0
2022-06-26 03:52:22,0,0,1,0.25,0,88.75,9.75,0.25,0
2022-06-26 03:52:21,0,0,0,0,0,92.26933,7.481297,0.2493766,0
2022-06-26 03:52:20,0,0,0,0,0,94.76309,4.987531,0.2493766,0
2022-06-26 03:52:19,0,0,0,0,0,93.25,6.5,0.25,0
2022-06-26 03:52:18,0,0,0.2506266,0,0,92.98246,6.265664,0.5012531,0
2022-06-26 03:52:17,0,0,0,0.2493766,0,90.77307,8.72818,0.2493766,0
2022-06-26 03:52:16,0,0,0.2493766,0.4987531,0,72.81796,10.473815,0.2493766,0.2493766
2022-06-26 03:52:15,0,0,0,0.2512563,0,94.47236,5.025126,0,0
2022-06-26 03:52:14,0,0,0,0,0,98.25,1.5,0.25,0
2022-06-26 03:52:13,0,0,0.25,0,0,99,0.75,0,0
2022-06-26 03:52:12,0,0,0.25,0,0,98,1.5,0.25,0
2022-06-26 03:52:11,0,0,0,0,0,98.25,1.5,0.25,0
2022-06-26 03:52:10,0,0,0.2506266,0,0,98.74687,0.7518797,0.2506266,0
2022-06-26 03:52:09,0,0,0.4987531,0,0,98.25436,1.2468828,0,0
2022-06-26 03:52:08,0,0,0,0,0,98.75,1,0.25,0
2022-06-26 03:52:07,0,0,0.5,0.25,0,97,2.25,0,0
2022-06-26 03:52:06,0,0,0.9950249,0,0,96.76617,1.99005,0.2487562,0
2022-06-26 03:52:05,0,0,0.7537688,0,0,95.72864,3.517588,0,0
2022-06-26 03:52:04,0,0,0.25,0,0,98.75,0.75,0.25,0
2022-06-26 03:52:03,0,0,0.4975124,0,0,97.51244,1.4925373,0.4975124,0
2022-06-26 03:52:02,0,0,0,0.25,0,98,1.5,0.25,0
2022-06-26 03:52:01,0,0,0.2506266,0,0,98.49624,1.0025063,0.2506266,0
2022-06-26 03:52:00,0,0,1,0,0,95.75,3.25,0,0
2022-06-26 03:51:59,0,0,1.2562814,0,0,95.22613,3.266332,0.2512563,0
2022-06-26 03:51:58,0,0,0.7462687,0.4975124,0,96.76617,1.741294,0.2487562,0
2022-06-26 03:51:57,0,0,0,0,0,99.49875,0.5012531,0,0
2022-06-26 03:51:56,0,0,0.5012531,0,0,97.74436,1.5037594,0.2506266,0
2022-06-26 03:51:55,0,0,0.2493766,0.2493766,0,98.25436,0.9975062,0.2493766,0
2022-06-26 03:51:54,0,0,0.2493766,0,0,98.75312,0.9975062,0,0
2022-06-26 03:51:53,0,0,1.2562814,0.2512563,0,95.22613,3.015075,0.2512563,0
2022-06-26 03:51:52,0,0,1.745636,0.2493766,0,94.51372,3.241895,0.2493766,0
2022-06-26 03:51:51,0,0,0.25,0,0,98.25,1.25,0.25,0
2022-06-26 03:51:50,0,0,0.25,0,0,99,0.25,0.5,0
2022-06-26 03:51:49,0,0,0,0,0,97.99499,2.005013,0,0
2022-06-26 03:51:48,0,0,0.7481297,0.2493766,0,97.25686,1.745636,0,0
2022-06-26 03:51:47,0,0,0.5,0,0,98.25,1,0.25,0
2022-06-26 03:51:46,0,0,0.9950249,0.2487562,0,96.0199,2.487562,0.2487562,0
2022-06-26 03:51:45,0,0,1.5,0.25,0,94.5,3.75,0,0
2022-06-26 03:51:44,0,0,0.2512563,0,0,98.49246,1.0050251,0.2512563,0
2022-06-26 03:51:43,0,0,0.25,0.25,0,98.25,1,0.25,0
2022-06-26 03:51:42,0,0,0,0,0,99.25,0.75,0,0
2022-06-26 03:51:41,0,0,0.5012531,0,0,97.99499,1.0025063,0.5012531,0
2022-06-26 03:51:40,0,0,0.7444169,0.4962779,0,95.5335,2.977667,0.248139,0
2022-06-26 03:51:39,0,0,0.7537688,0,0,97.98995,1.2562814,0,0
2022-06-26 03:51:38,0,0,1.2531328,0,0,96.2406,2.005013,0.5012531,0
2022-06-26 03:51:37,0,0,0.7481297,0.4987531,0,96.25935,2.493766,0,0
2022-06-26 03:51:36,0,0,0.2493766,0,0,98.50374,0.9975062,0.2493766,0
2022-06-26 03:51:35,0,0,0,0,0,98.75,1.25,0,0
2022-06-26 03:51:34,0,0,0.2506266,0,0,97.74436,1.754386,0.2506266,0
2022-06-26 03:51:33,0,0,0.7462687,0,0,96.0199,2.736318,0.4975124,0
2022-06-26 03:51:32,0,0,0.5012531,0.2506266,0,97.49373,1.5037594,0.2506266,0
2022-06-26 03:51:31,0,0,1.0025063,0,0,94.73684,4.010025,0.2506266,0
2022-06-26 03:51:30,0,0,0.75,0.25,0,96,2.75,0.25,0
2022-06-26 03:51:29,0,0,0.7481297,0,0,97.00748,1.995012,0.2493766,0
2022-06-26 03:51:28,0,0,0.25,0.25,0,97.75,1.5,0.25,0
2022-06-26 03:51:27,0,0,0,0,0,98.74372,1.0050251,0.2512563,0
2022-06-26 03:51:26,0,0,0.4987531,0,0,97.75561,1.4962594,0.2493766,0
2022-06-26 03:51:25,0,0,1,0.25,0,95.5,3,0.25,0
2022-06-26 03:51:24,0,0,1,0,0,92.25,6.5,0.25,0
2022-06-26 03:51:23,0,0,0.7462687,0.4975124,0,95.77114,2.985075,0,0
2022-06-26 03:51:22,0,0,1.0075567,0.2518892,0,91.68766,6.801008,0.2518892,0
2022-06-26 03:51:21,0,0,1.4888337,0.4962779,0,91.56328,6.451613,0,0
2022-06-26 03:51:20,0,0,1.2562814,0,0,89.94975,8.542714,0.2512563,0
2022-06-26 03:51:19,0,0,0.9975062,0.2493766,0,90.02494,8.478803,0.2493766,0
2022-06-26 03:51:18,0,0,0,0.2493766,0,92.26933,7.23192,0.2493766,0
2022-06-26 03:51:17,0,0,0,0,0,94.5,5.25,0.25,0
2022-06-26 03:51:16,0,0,0.25,0,0,93.25,6.25,0.25,0
2022-06-26 03:51:15,0,0,0,0,0,92.9471,6.801008,0.2518892,0
2022-06-26 03:51:14,0,0,0,0.248139,0,92.05955,7.19603,0.248139,0
2022-06-26 03:51:13,0,0,0.2512563,0.2512563,0,91.45729,7.286432,0.2512563,0
2022-06-26 03:51:12,0,0,0.5,0.25,0,91.25,6,0.25,0
2022-06-26 03:51:11,0,0,0,0,0,98.5,1.25,0.25,0
2022-06-26 03:51:10,0,0,0.25,0,0,98,1.25,0.5,0
2022-06-26 03:51:09,0,0,0.4987531,0,0,97.50623,1.745636,0.2493766,0
2022-06-26 03:51:08,0,0,0,0,0,98.74372,1.0050251,0.2512563,0
2022-06-26 03:51:07,0,0,0,0,0,98.75,1.25,0,0
2022-06-26 03:51:06,0,0,0.4987531,0,0,98.00499,0.9975062,0.4987531,0
2022-06-26 03:51:05,0,0,0.7481297,0.7481297,0,96.00998,2.244389,0.2493766,0
2022-06-26 03:51:04,0,0,0.5012531,0.2506266,0,98.24561,1.0025063,0,0
2022-06-26 03:51:03,0,0,0.7462687,0.2487562,0,97.76119,1.2437811,0,0
2022-06-26 03:51:02,0,0,0.75,0.25,0,97,1.75,0.25,0
2022-06-26 03:51:01,0,0,0,0,0,98.74372,1.0050251,0.2512563,0
2022-06-26 03:51:00,0,0,0.25,0,0,99,0.75,0,0
2022-06-26 03:50:59,0,0,0.75,0.25,0,96.25,2.5,0.25,0
2022-06-26 03:50:58,0,0,0.75,0,0,97,2,0.25,0
2022-06-26 03:50:57,0,0,0.7462687,0,0,97.01493,1.741294,0.4975124,0
2022-06-26 03:50:56,0,0,1.0075567,0,0,95.96977,3.02267,0,0
2022-06-26 03:50:55,0,0,0.4987531,0,0,98.00499,1.4962594,0,0
2022-06-26 03:50:54,0,0,0,0.2506266,0,99.24812,0.5012531,0,0
2022-06-26 03:50:53,0,0,0.2487562,0.2487562,0,98.00995,1.2437811,0.2487562,0
2022-06-26 03:50:52,0,0,0.75,0.25,0,97.25,1.5,0.25,0
2022-06-26 03:50:51,0,0,0.7518797,0,0,97.49373,1.754386,0,0
2022-06-26 03:50:50,0,0,0.9975062,0,0,96.25935,2.244389,0.4987531,0
2022-06-26 03:50:49,0,0,1.0025063,0.2506266,0,96.99248,1.5037594,0.2506266,0
2022-06-26 03:50:48,0,0,0.4975124,0,0,97.51244,1.4925373,0.4975124,0
2022-06-26 03:50:47,0,0,0.2512563,0,0,98.24121,1.2562814,0.2512563,0
2022-06-26 03:50:46,0,0,0.25,0,0,99,0.75,0,0
2022-06-26 03:50:45,0,0,0.7481297,0,0,97.50623,1.4962594,0.2493766,0
2022-06-26 03:50:44,0,0,0.7518797,0.2506266,0,96.49123,2.255639,0.2506266,0
2022-06-26 03:50:43,0,0,1,0,0,96,2.75,0.25,0
2022-06-26 03:50:42,0,0,0.75,0,0,97.25,2,0,0
2022-06-26 03:50:41,0,0,0.7481297,0.2493766,0,97.50623,0.9975062,0.4987531,0
2022-06-26 03:50:40,0,0,0,0,0,98.74687,1.0025063,0.2506266,0
2022-06-26 03:50:39,0,0,0.25,0,0,98.5,1,0.25,0
2022-06-26 03:50:38,0,0,0.75,0.25,0,97.75,1.25,0,0
2022-06-26 03:50:37,0,0,1,0,0,95,3.75,0.25,0
2022-06-26 03:50:36,0,0,0.9975062,0.2493766,0,96.50873,1.995012,0.2493766,0
2022-06-26 03:50:35,0,0,0.5012531,0,0,97.74436,1.754386,0,0
2022-06-26 03:50:34,0,0,0.5012531,0,0,98.24561,1.0025063,0.2506266,0
2022-06-26 03:50:33,0,0,0.2487562,0,0,98.25871,1.2437811,0.2487562,0
2022-06-26 03:50:32,0,0,0,0.2512563,0,98.24121,1.2562814,0.2512563,0
2022-06-26 03:50:31,0,0,0.4987531,0.2493766,0,96.25935,2.743142,0.2493766,0
2022-06-26 03:50:30,0,0,1.0025063,0,0,96.74185,2.005013,0.2506266,0
2022-06-26 03:50:29,0,0,0.9950249,0,0,94.02985,4.975124,0,0
2022-06-26 03:50:28,0,0,1,0,0,96.75,2,0.25,0
2022-06-26 03:50:27,0,0,0.2518892,0,0,98.23678,1.511335,0,0
2022-06-26 03:50:26,0,0,0.7444169,0,0,96.77419,2.233251,0.248139,0
2022-06-26 03:50:25,0,0,1.5,0,0,96.75,1.25,0.5,0
2022-06-26 03:50:24,0,0,0,0.2506266,0,98.99749,0.7518797,0,0
2022-06-26 03:50:23,0,0,0.25,0.25,0,97.75,1.5,0.25,0
2022-06-26 03:50:22,0,0,0.5012531,0,0,96.2406,3.258145,0,0
2022-06-26 03:50:21,0,0,1.25,0.25,0,93,5.25,0.25,0
2022-06-26 03:50:20,0,0,1.745636,0.2493766,0,90.77307,6.982544,0.2493766,0
2022-06-26 03:50:19,0,0,1.2468828,0.2493766,0,90.52369,7.730673,0.2493766,0
2022-06-26 03:50:18,0,0,0.7537688,0,0,92.46231,6.532663,0.2512563,0
2022-06-26 03:50:17,0,0,0.9925558,0,0,92.05955,6.451613,0.4962779,0
2022-06-26 03:50:16,0,0,0.5012531,0.2506266,0,94.48622,4.511278,0.2506266,0
2022-06-26 03:50:15,0,0,0.25,0,0,93,6.25,0.5,0
2022-06-26 03:50:14,0,0,0,0,0,95,4.5,0.5,0
2022-06-26 03:50:13,0,0,0,0.2512563,0,92.21106,7.035176,0.2512563,0
2022-06-26 03:50:12,0,0,0.25,0,0,89.5,9.25,0.25,0
2022-06-26 03:50:11,0,0,0,0.2518892,0,89.42065,8.816121,0.2518892,0
2022-06-26 03:50:10,0,0,0.2493766,0,0,91.77057,4.239401,0.2493766,0
2022-06-26 03:50:09,0,0,0,0,0,96.99248,2.756892,0.2506266,0
2022-06-26 03:50:08,0,0,0,0,0,98.74687,1.2531328,0,0
2022-06-26 03:50:07,0,0,0,0,0,99,0.75,0,0
2022-06-26 03:50:06,0,0,0.2493766,0,0,98.25436,1.2468828,0.2493766,0
2022-06-26 03:50:05,0,0,0,0,0,99.24812,0.7518797,0,0
2022-06-26 03:50:04,0,0,0,0,0,98.25,1.5,0.25,0
2022-06-26 03:50:03,0,0,0.4987531,0.2493766,0,97.25686,1.745636,0.2493766,0
2022-06-26 03:50:02,0,0,0.5,0.25,0,97.5,1.5,0.25,0
2022-06-26 03:50:01,0,0,0.7518797,0,0,97.24311,2.005013,0,0
2022-06-26 03:50:00,0,0,1.25,0.25,0,96.75,1.75,0,0
2022-06-26 03:49:59,0,0,0,0,0,98.25436,1.4962594,0.2493766,0
2022-06-26 03:49:58,0,0,0.2493766,0,0,98.75312,0.4987531,0.4987531,0
2022-06-26 03:49:57,0,0,0,0.25,0,98.25,1.25,0.25,0
2022-06-26 03:49:56,0,0,1.0025063,0.5012531,0,95.73935,2.506266,0.2506266,0
2022-06-26 03:49:55,0,0,0.7518797,0,0,97.49373,1.754386,0,0
2022-06-26 03:49:54,0,0,1.4888337,0.4962779,0,95.03722,2.48139,0.4962779,0
2022-06-26 03:49:53,0,0,0.7556675,0.2518892,0,96.72544,2.015113,0.2518892,0
2022-06-26 03:49:52,0,0,0,0,0,99.00744,0.7444169,0.248139,0
2022-06-26 03:49:51,0,0,0.2512563,0,0,99.49749,0.2512563,0,0
2022-06-26 03:49:50,0,0,0.2493766,0,0,98.25436,1.2468828,0.2493766,0
2022-06-26 03:49:49,0,0,1.0025063,0.2506266,0,95.48872,2.756892,0.5012531,0
2022-06-26 03:49:48,0,0,1.25,0.25,0,95,3,0.5,0
2022-06-26 03:49:47,0,0,1.2437811,0.4975124,0,93.53234,4.726368,0,0
2022-06-26 03:49:46,0,0,0.7537688,0,0,97.98995,1.2562814,0,0
2022-06-26 03:49:45,0,0,0.2493766,0.2493766,0,99.25187,0.2493766,0,0
2022-06-26 03:49:44,0,0,0,0,0,97.98995,1.758794,0.2512563,0
2022-06-26 03:49:43,0,0,0.2487562,0.2487562,0,98.25871,0.9950249,0.2487562,0
2022-06-26 03:49:42,0,0,0.7481297,0.2493766,0,96.7581,1.745636,0.4987531,0
2022-06-26 03:49:41,0,0,1.0050251,0.2512563,0,95.47739,2.763819,0.5025126,0
2022-06-26 03:49:40,0,0,1.75,0.25,0,95.75,2.25,0,0
2022-06-26 03:49:39,0,0,0.4987531,0,0,98.50374,0.7481297,0.2493766,0
2022-06-26 03:49:38,0,0,0,0,0,99.00249,0.7481297,0.2493766,0
2022-06-26 03:49:37,0,0,0,0,0,98.74372,1.0050251,0.2512563,0
2022-06-26 03:49:36,0,0,0.4987531,0.2493766,0,98.50374,0.4987531,0.2493766,0
2022-06-26 03:49:35,0,0,0.5012531,0,0,97.49373,1.754386,0.2506266,0
2022-06-26 03:49:34,0,0,1.0025063,0.2506266,0,95.48872,3.007519,0.2506266,0
2022-06-26 03:49:33,0,0,1.2562814,0.2512563,0,96.48241,2.01005,0,0
2022-06-26 03:49:32,0,0,0.7425743,0,0,97.0297,1.980198,0.2475248,0
2022-06-26 03:49:31,0,0,0,0,0,98.74372,1.0050251,0.2512563,0
2022-06-26 03:49:30,0,0,0.2487562,0,0,99.25373,0.2487562,0.2487562,0
2022-06-26 03:49:29,0,0,0.25,0,0,98.5,1.25,0,0
2022-06-26 03:49:28,0,0,0.5012531,0.2506266,0,97.74436,1.2531328,0.2506266,0
2022-06-26 03:49:27,0,0,0.7481297,0,0,95.7606,3.241895,0.2493766,0
2022-06-26 03:49:26,0,0,0.9975062,0.4987531,0,96.00998,2.244389,0.2493766,0
2022-06-26 03:49:25,0,0,1.25,0.25,0,96.25,2.25,0,0
2022-06-26 03:49:24,0,0,0.75,0,0,97,2.25,0,0
2022-06-26 03:49:23,0,0,0,0.2518892,0,97.98489,1.763224,0,0
2022-06-26 03:49:22,0,0,0.2493766,0,0,98.50374,0.7481297,0.4987531,0
2022-06-26 03:49:21,0,0,0,0,0,96.99248,3.007519,0,0
2022-06-26 03:49:20,0,0,0.4987531,0,0,97.00748,1.995012,0.4987531,0
2022-06-26 03:49:19,0,0,0.75,0.25,0,94.5,4.5,0,0
2022-06-26 03:49:18,0,0,1,0,0,94,4.75,0.25,0
2022-06-26 03:49:17,0,0,1.4962594,0.2493766,0,93.76559,4.488778,0,0
2022-06-26 03:49:16,0,0,1.2531328,0.2506266,0,88.97243,9.273183,0.2506266,0
2022-06-26 03:49:15,0,0,0.7518797,0,0,93.48371,5.513784,0.2506266,0
2022-06-26 03:49:14,0,0,1.2468828,0,0,90.02494,8.478803,0.2493766,0
2022-06-26 03:49:13,0,0,0.2506266,0.2506266,0,93.23308,6.015038,0.2506266,0
2022-06-26 03:49:12,0,0,0.2493766,0,0,91.27182,7.98005,0.2493766,0
2022-06-26 03:49:11,0,0,0,0,0,94.22111,5.276382,0.2512563,0
2022-06-26 03:49:10,0,0,0.2487562,0,0,90.29851,9.20398,0.2487562,0
2022-06-26 03:49:09,0,0,0,0.25,0,90.25,8.75,0.25,0
2022-06-26 03:49:08,0,0,0.25,0,0,91.75,6.75,0.5,0
2022-06-26 03:49:07,0,0,0,0,0,97.22922,2.770781,0,0
2022-06-26 03:49:06,0,0,0.2493766,0.2493766,0,96.50873,2.992519,0,0
2022-06-26 03:49:05,0,0,0,0,0,98.75312,0.9975062,0.2493766,0
2022-06-26 03:49:04,0,0,0.2506266,0,0,98.99749,0.5012531,0.2506266,0
2022-06-26 03:49:03,0,0,0,0,0,99,1,0,0
2022-06-26 03:49:02,0,0,0,0,0,99.24812,0.7518797,0,0
2022-06-26 03:49:01,0,0,0,0,0,99.25,0.5,0.25,0
2022-06-26 03:49:00,0,0,0.4975124,0,0,98.00995,1.2437811,0.2487562,0
2022-06-26 03:48:59,0,0,1.2531328,0.2506266,0,95.48872,3.007519,0,0
2022-06-26 03:48:58,0,0,1,0.25,0,95.75,2.5,0.5,0
2022-06-26 03:48:57,0,0,0.2493766,0,0,97.75561,1.995012,0,0
2022-06-26 03:48:56,0,0,0.25,0,0,98.75,0.5,0.5,0
2022-06-26 03:48:55,0,0,0,0,0,99.00249,0.7481297,0.2493766,0
2022-06-26 03:48:54,0,0,0.5012531,0.2506266,0,97.49373,1.5037594,0.2506266,0
2022-06-26 03:48:53,0,0,0.5,0.25,0,97.75,1.25,0.25,0
2022-06-26 03:48:52,0,0,1.2594458,0,0,94.96222,3.526448,0.2518892,0
2022-06-26 03:48:51,0,0,0.9975062,0,0,96.25935,2.493766,0.2493766,0
2022-06-26 03:48:50,0,0,0.5,0,0,98.5,0.75,0.25,0
2022-06-26 03:48:49,0,0,0.2493766,0,0,98.75312,0.4987531,0.4987531,0
2022-06-26 03:48:48,0,0,0,0,0,99.49749,0.2512563,0.2512563,0
2022-06-26 03:48:47,0,0,0.248139,0,0,97.76675,1.4888337,0.4962779,0
2022-06-26 03:48:46,0,0,1.2468828,0.4987531,0,96.25935,1.745636,0.2493766,0
2022-06-26 03:48:45,0,0,1.2562814,0.2512563,0,95.72864,2.512563,0.2512563,0
2022-06-26 03:48:44,0,0,1.0025063,0,0,96.49123,2.255639,0.2506266,0
2022-06-26 03:48:43,0,0,0.75,0.25,0,97.25,1.5,0.25,0
2022-06-26 03:48:42,0,0,0,0,0,99.75062,0.2493766,0,0
2022-06-26 03:48:41,0,0,0.2506266,0,0,98.24561,1.2531328,0.2506266,0
2022-06-26 03:48:40,0,0,0.2493766,0.2493766,0,98.25436,0.9975062,0.2493766,0
2022-06-26 03:48:39,0,0,1.2626263,0.2525253,0,96.71717,1.767677,0,0
2022-06-26 03:48:38,0,0,1.2315271,0.2463054,0,94.33498,3.694581,0.4926108,0
2022-06-26 03:48:37,0,0,1.25,0.25,0,95.25,3,0.25,0
2022-06-26 03:48:36,0,0,0.5,0,0,98,1.25,0.25,0
2022-06-26 03:48:35,0,0,0,0.2518892,0,98.74055,1.0075567,0,0
2022-06-26 03:48:34,0,0,0.248139,0,0,98.75931,0.7444169,0.248139,0
2022-06-26 03:48:33,0,0,0.2518892,0,0,98.23678,1.0075567,0.5037783,0
2022-06-26 03:48:32,0,0,0.7444169,0.248139,0,96.77419,1.985112,0.248139,0
2022-06-26 03:48:31,0,0,1.5037594,0.2506266,0,93.48371,4.761905,0,0
2022-06-26 03:48:30,0,0,1.2562814,0.2512563,0,95.9799,2.261307,0.2512563,0
2022-06-26 03:48:29,0,0,0.5,0.25,0,96.5,2.75,0,0
2022-06-26 03:48:28,0,0,0.4962779,0,0,98.26303,0.7444169,0.4962779,0
2022-06-26 03:48:27,0,0,0,0,0,99.49622,0.5037783,0,0
2022-06-26 03:48:26,0,0,0,0,0,98.50746,0.9950249,0.4975124,0
2022-06-26 03:48:25,0,0,1.0025063,0,0,95.98997,2.506266,0.5012531,0
2022-06-26 03:48:24,0,0,1,0.25,0,95.25,3.25,0.25,0
2022-06-26 03:48:23,0,0,1.0025063,0,0,96.2406,2.756892,0,0
2022-06-26 03:48:22,0,0,0.9925558,0.248139,0,96.52605,1.985112,0.248139,0
2022-06-26 03:48:21,0,0,0.7518797,0,0,95.73935,3.258145,0.2506266,0
2022-06-26 03:48:20,0,0,0,0,0,98.24121,1.5075377,0.2512563,0
2022-06-26 03:48:19,0,0,0.248139,0,0,98.26303,1.2406948,0.248139,0
2022-06-26 03:48:18,0,0,0,0.2512563,0,98.99497,0.7537688,0,0
2022-06-26 03:48:17,0,0,0.2512563,0,0,98.49246,1.0050251,0.2512563,0
2022-06-26 03:48:16,0,0,0.9925558,0.248139,0,94.78908,3.722084,0.248139,0
2022-06-26 03:48:15,0,0,1.2531328,0.2506266,0,93.73434,4.511278,0.2506266,0
2022-06-26 03:48:14,0,0,1.25,0.5,0,91.75,6.25,0.25,0
2022-06-26 03:48:13,0,0,0.9950249,0.2487562,0,90.54726,7.960199,0.2487562,0
2022-06-26 03:48:12,0,0,1,0.25,0,93,5.5,0.25,0
2022-06-26 03:48:11,0,0,0.5025126,0,0,93.96985,5.527638,0,0
2022-06-26 03:48:10,0,0,0.4975124,0,0,92.78607,6.716418,0,0
2022-06-26 03:48:09,0,0,0.2506266,0,0,94.23559,5.513784,0,0
2022-06-26 03:48:08,0,0,0,0,0,94.5,5,0.5,0
2022-06-26 03:48:07,0,0,0.2512563,0,0,88.69347,9.547739,0.7537688,0
2022-06-26 03:48:06,0,0,0,0.5025126,0,86.1809,10.80402,0.2512563,0
2022-06-26 03:48:05,0,0,0,0,0,94.25,5.25,0.5,0
2022-06-26 03:48:04,0,0,0.2506266,0,0,96.2406,3.007519,0,0
2022-06-26 03:48:03,0,0,0.2493766,0.2493766,0,96.25935,2.743142,0.2493766,0
2022-06-26 03:48:02,0,0,0.2493766,0,0,98.75312,0.9975062,0,0
2022-06-26 03:48:01,0,0,0,0,0,98.75,1,0.25,0
2022-06-26 03:48:00,0,0,0,0,0,99.00249,0.9975062,0,0
2022-06-26 03:47:59,0,0,0,0,0,98.75,0.75,0.5,0
2022-06-26 03:47:58,0,0,0.25,0,0,98.5,1.25,0,0
2022-06-26 03:47:57,0,0,0.5037783,0,0,96.22166,3.02267,0.2518892,0
2022-06-26 03:47:56,0,0,0.7444169,0,0,96.77419,2.233251,0.248139,0
2022-06-26 03:47:55,0,0,1.0075567,0.5037783,0,96.72544,1.763224,0,0
2022-06-26 03:47:54,0,0,0.4987531,0,0,97.75561,1.4962594,0.2493766,0
2022-06-26 03:47:53,0,0,0,0,0,99.49875,0.5012531,0,0
2022-06-26 03:47:52,0,0,0.248139,0.248139,0,98.26303,0.9925558,0.248139,0
2022-06-26 03:47:51,0,0,0.5012531,0.2506266,0,96.99248,2.005013,0.2506266,0
2022-06-26 03:47:50,0,0,0.7481297,0.2493766,0,96.25935,1.995012,0.7481297,0
2022-06-26 03:47:49,0,0,1,0.75,0,95.75,2.25,0.25,0
2022-06-26 03:47:48,0,0,1.2531328,0.2506266,0,95.98997,2.255639,0.2506266,0
2022-06-26 03:47:47,0,0,0.4975124,0,0,97.51244,1.741294,0.2487562,0
2022-06-26 03:47:46,0,0,0,0,0,99.74747,0.2525253,0,0
2022-06-26 03:47:45,0,0,0.248139,0,0,98.26303,1.2406948,0.248139,0
2022-06-26 03:47:44,0,0,0.7518797,0.2506266,0,97.24311,1.754386,0,0
2022-06-26 03:47:43,0,0,0.7518797,0,0,96.99248,2.005013,0.2506266,0
2022-06-26 03:47:42,0,0,1,0.25,0,96.25,2.25,0.25,0
2022-06-26 03:47:41,0,0,1.2437811,0.2487562,0,96.0199,2.238806,0.2487562,0
2022-06-26 03:47:40,0,0,0.2506266,0,0,98.74687,0.7518797,0.2506266,0
2022-06-26 03:47:39,0,0,0,0,0,99.25,0.5,0.25,0
2022-06-26 03:47:38,0,0,0.25,0,0,98.25,1.25,0.25,0
2022-06-26 03:47:37,0,0,1.0025063,0.2506266,0,96.99248,1.5037594,0.2506266,0
2022-06-26 03:47:36,0,0,0.7462687,0,0,97.26368,1.741294,0.2487562,0
2022-06-26 03:47:35,0,0,1.0050251,0.2512563,0,95.9799,2.763819,0,0
2022-06-26 03:47:34,0,0,0.9975062,0.2493766,0,96.7581,1.745636,0.2493766,0
2022-06-26 03:47:33,0,0,0.4987531,0,0,97.25686,1.995012,0.2493766,0
2022-06-26 03:47:32,0,0,0,0,0,98.99244,1.0075567,0,0
2022-06-26 03:47:31,0,0,0.4987531,0,0,97.25686,1.745636,0.4987531,0
2022-06-26 03:47:30,0,0,0.9975062,0,0,97.25686,1.4962594,0.2493766,0
2022-06-26 03:47:29,0,0,0.75,0.5,0,96,2.75,0,0
2022-06-26 03:47:28,0,0,0.5012531,0,0,97.24311,2.255639,0,0
2022-06-26 03:47:27,0,0,1.25,0,0,96,2.5,0.25,0
2022-06-26 03:47:26,0,0,0.7481297,0,0,97.00748,2.244389,0,0
2022-06-26 03:47:25,0,0,0.25,0,0,98.25,1,0.5,0
2022-06-26 03:47:24,0,0,0.2506266,0,0,98.99749,0.7518797,0,0
2022-06-26 03:47:23,0,0,0.75,0.25,0,97,1.75,0.25,0
2022-06-26 03:47:22,0,0,0.9975062,0.4987531,0,96.25935,1.995012,0.2493766,0
2022-06-26 03:47:21,0,0,0.5,0,0,97.5,1.5,0.5,0
2022-06-26 03:47:20,0,0,0.7481297,0.2493766,0,96.50873,2.493766,0,0
2022-06-26 03:47:19,0,0,1.5075377,0,0,95.47739,2.763819,0.2512563,0
2022-06-26 03:47:18,0,0,0.2487562,0,0,98.00995,1.741294,0,0
2022-06-26 03:47:17,0,0,0,0,0,98.5,1.25,0.25,0
2022-06-26 03:47:16,0,0,0,0.25,0,98.75,1,0,0
2022-06-26 03:47:15,0,0,0.4987531,0,0,97.00748,1.995012,0.4987531,0
2022-06-26 03:47:14,0,0,0.7575758,0,0,95.70707,3.535354,0,0
2022-06-26 03:47:13,0,0,0.9975062,0.4987531,0,93.26683,4.987531,0.2493766,0
2022-06-26 03:47:12,0,0,1.5037594,0.5012531,0,89.97494,7.769424,0.2506266,0
2022-06-26 03:47:11,0,0,1.736973,0.4962779,0,90.07444,7.444169,0.248139,0
2022-06-26 03:47:10,0,0,1.2562814,0.2512563,0,88.94472,9.296482,0.2512563,0
2022-06-26 03:47:09,0,0,0.2487562,0.2487562,0,92.53731,6.716418,0.2487562,0
2022-06-26 03:47:08,0,0,0.5025126,0,0,92.71357,6.532663,0.2512563,0
2022-06-26 03:47:07,0,0,0,0.2487562,0,93.78109,5.970149,0,0
2022-06-26 03:47:06,0,0,0,0,0,94.48622,5.263158,0.2506266,0
2022-06-26 03:47:05,0,0,0.2493766,0.2493766,0,92.26933,6.982544,0.2493766,0
2022-06-26 03:47:04,0,0,0,0.2493766,0,91.77057,6.733167,0.4987531,0
2022-06-26 03:47:03,0,0,0.2525253,0,0,87.12121,10.10101,0,0
2022-06-26 03:47:02,0,0,0,0,0,93.51621,5.486284,0.4987531,0
2022-06-26 03:47:01,0,0,0.2506266,0.2506266,0,97.24311,2.005013,0.2506266,0
2022-06-26 03:47:00,0,0,0,0,0,99.00249,0.9975062,0,0
2022-06-26 03:46:59,0,0,0.25,0.25,0,97.75,1.5,0.25,0
2022-06-26 03:46:58,0,0,0,0,0,98.99749,1.0025063,0,0
2022-06-26 03:46:57,0,0,0,0,0,99,0.75,0.25,0
2022-06-26 03:46:56,0,0,0.75,0.25,0,97.5,1.25,0.25,0
2022-06-26 03:46:55,0,0,0,0,0,98.25,1.5,0.25,0
2022-06-26 03:46:54,0,0,0.4987531,0.2493766,0,97.50623,1.4962594,0.2493766,0
2022-06-26 03:46:53,0,0,0.7518797,0,0,96.74185,2.506266,0,0
2022-06-26 03:46:52,0,0,1,0.25,0,96,2.5,0.25,0
2022-06-26 03:46:51,0,0,0.2506266,0,0,98.99749,0.7518797,0,0
2022-06-26 03:46:50,0,0,0.4987531,0.2493766,0,98.00499,0.9975062,0.2493766,0
2022-06-26 03:46:49,0,0,0.25,0,0,98.75,0.75,0.25,0
2022-06-26 03:46:48,0,0,0,0,0,98.99749,1.0025063,0,0
2022-06-26 03:46:47,0,0,0.75,0.25,0,97.25,1.5,0.25,0
2022-06-26 03:46:46,0,0,1.4888337,0.248139,0,94.54094,3.473945,0.248139,0
2022-06-26 03:46:45,0,0,0.7556675,0.2518892,0,95.96977,3.02267,0,0
2022-06-26 03:46:44,0,0,0,0,0,98.75,1,0.25,0
2022-06-26 03:46:43,0,0,0.4987531,0,0,98.00499,1.2468828,0.2493766,0
2022-06-26 03:46:42,0,0,0.2506266,0.2506266,0,96.99248,2.506266,0,0
2022-06-26 03:46:41,0,0,0.4987531,0,0,97.75561,1.4962594,0.2493766,0
2022-06-26 03:46:40,0,0,1.25,0,0,96.75,1.75,0.25,0
2022-06-26 03:46:39,0,0,1.25,0.5,0,94.75,3.5,0,0
2022-06-26 03:46:38,0,0,0.5,0,0,98,1.25,0.25,0
2022-06-26 03:46:37,0,0,0,0,0,98.99749,1.0025063,0,0
2022-06-26 03:46:36,0,0,0.7481297,0.2493766,0,97.00748,1.745636,0.2493766,0
2022-06-26 03:46:35,0,0,0.25,0,0,98.75,0.75,0.25,0
2022-06-26 03:46:34,0,0,0.25,0,0,98.25,1.25,0.25,0
2022-06-26 03:46:33,0,0,1.2531328,0.2506266,0,94.48622,4.010025,0,0
2022-06-26 03:46:32,0,0,1.4925373,0.2487562,0,94.77612,3.233831,0.2487562,0
2022-06-26 03:46:31,0,0,0,0,0,98.49246,1.5075377,0,0
2022-06-26 03:46:30,0,0,0.25,0,0,98.75,1,0,0
2022-06-26 03:46:29,0,0,0.4975124,0,0,97.76119,1.4925373,0.2487562,0
2022-06-26 03:46:28,0,0,0.2506266,0,0,98.99749,0.7518797,0,0
2022-06-26 03:46:27,0,0,0.25,0.25,0,98,1.25,0.25,0
2022-06-26 03:46:26,0,0,1.25,0,0,95,3.75,0,0
2022-06-26 03:46:25,0,0,2.255639,0.5012531,0,92.98246,4.010025,0.2506266,0
2022-06-26 03:46:24,0,0,0.4987531,0.2493766,0,97.25686,1.745636,0.2493766,0
2022-06-26 03:46:23,0,0,0,0,0,98.5,1.5,0,0
2022-06-26 03:46:22,0,0,0.25,0,0,98.5,1,0.25,0
2022-06-26 03:46:21,0,0,0.4987531,0,0,98.00499,1.2468828,0.2493766,0
2022-06-26 03:46:20,0,0,0,0,0,98.74687,1.0025063,0.2506266,0
2022-06-26 03:46:19,0,0,1,0,0,96.75,2.25,0,0
2022-06-26 03:46:18,0,0,1.2531328,0,0,93.73434,4.511278,0.5012531,0
2022-06-26 03:46:17,0,0,1.2406948,0.248139,0,94.2928,3.970223,0.248139,0
2022-06-26 03:46:16,0,0,0.2512563,0,0,98.49246,1.2562814,0,0
2022-06-26 03:46:15,0,0,0,0,0,99,1,0,0
2022-06-26 03:46:14,0,0,0.25,0,0,98.5,1.25,0,0
2022-06-26 03:46:13,0,0,0.2493766,0.2493766,0,98.00499,0.9975062,0.4987531,0
2022-06-26 03:46:12,0,0,0.5012531,0,0,96.99248,2.005013,0.5012531,0
2022-06-26 03:46:11,0,0,1,0,0,93.25,5.5,0.25,0
2022-06-26 03:46:10,0,0,1,0.25,0,94.75,3.75,0.25,0
2022-06-26 03:46:09,0,0,1.75,0.5,0,92,5.5,0.25,0
2022-06-26 03:46:08,0,0,1.741294,0.2487562,0,87.06468,10.696517,0.2487562,0
2022-06-26 03:46:07,0,0,0.7518797,0,0,87.96992,11.278195,0,0
2022-06-26 03:46:06,0,0,0.2512563,0,0,93.21608,6.281407,0.2512563,0
2022-06-26 03:46:05,0,0,0,0,0,95,4.75,0.25,0
2022-06-26 03:46:04,0,0,0.2487562,0.2487562,0,93.28358,5.472637,0.7462687,0
2022-06-26 03:46:03,0,0,0,0,0,92.76808,6.982544,0.2493766,0
2022-06-26 03:46:02,0,0,0,0,0,92.96482,6.78392,0.2512563,0
2022-06-26 03:46:01,0,0,0,0,0,87.18593,10.050251,0.5025126,0
2022-06-26 03:46:00,0,0,0.4926108,1.724138,0,57.88177,8.62069,0.2463054,0
2022-06-26 03:45:59,0,0,0,0,0,96.75,3.25,0,0
2022-06-26 03:45:58,0,0,0,0,0,98.74687,1.0025063,0.2506266,0
2022-06-26 03:45:57,0,0,0.2493766,0.2493766,0,98.25436,0.9975062,0,0
2022-06-26 03:45:56,0,0,0.25,0,0,98.25,1.25,0.25,0
2022-06-26 03:45:55,0,0,0,0,0,98.99749,1.0025063,0,0
2022-06-26 03:45:54,0,0,0.2493766,0,0,98.25436,1.2468828,0.2493766,0
2022-06-26 03:45:53,0,0,0.5,0.25,0,98.25,0.75,0.25,0
2022-06-26 03:45:52,0,0,0,0,0,98.99749,1.0025063,0,0
2022-06-26 03:45:51,0,0,0.75,0,0,97,2,0.25,0
2022-06-26 03:45:50,0,0,1.2468828,0.2493766,0,95.01247,3.241895,0.2493766,0
2022-06-26 03:45:49,0,0,0.2506266,0,0,97.49373,2.005013,0.2506266,0
2022-06-26 03:45:48,0,0,0.25,0,0,96,3.5,0.25,0
2022-06-26 03:45:47,0,0,0.25,0,0,98.5,0.5,0.75,0
2022-06-26 03:45:46,0,0,0.5,0,0,97.5,2,0,0
2022-06-26 03:45:45,0,0,0.5,0,0,96.75,2.5,0.25,0
2022-06-26 03:45:44,0,0,1.2531328,0.2506266,0,95.98997,2.506266,0,0
2022-06-26 03:45:43,0,0,1.2437811,0.4975124,0,95.77114,2.238806,0.2487562,0
2022-06-26 03:45:42,0,0,0.2506266,0,0,97.99499,1.754386,0,0
2022-06-26 03:45:41,0,0,0,0,0,99.49875,0.5012531,0,0
2022-06-26 03:45:40,0,0,0.4975124,0,0,97.51244,1.741294,0.2487562,0
2022-06-26 03:45:39,0,0,0.7518797,0,0,96.99248,2.005013,0.2506266,0
2022-06-26 03:45:38,0,0,0.5,0.25,0,98,1.25,0,0
2022-06-26 03:45:37,0,0,1.2468828,0.4987531,0,95.26185,2.992519,0,0
2022-06-26 03:45:36,0,0,1.2531328,0.2506266,0,94.98747,3.258145,0.2506266,0
2022-06-26 03:45:35,0,0,0.25,0,0,98.5,1,0.25,0
2022-06-26 03:45:34,0,0,0,0,0,99,1,0,0
2022-06-26 03:45:33,0,0,0.25,0,0,98.25,1.25,0.25,0
2022-06-26 03:45:32,0,0,0.7518797,0,0,96.99248,2.255639,0,0
2022-06-26 03:45:31,0,0,0.7444169,0.248139,0,96.77419,1.985112,0.248139,0
2022-06-26 03:45:30,0,0,1.2562814,0.2512563,0,95.72864,2.763819,0,0
2022-06-26 03:45:29,0,0,0.9975062,0,0,96.00998,2.493766,0.4987531,0
2022-06-26 03:45:28,0,0,0.2506266,0,0,98.49624,1.0025063,0.2506266,0
2022-06-26 03:45:27,0,0,0,0,0,98.49624,1.2531328,0.2506266,0
2022-06-26 03:45:26,0,0,0.2493766,0,0,98.25436,1.2468828,0.2493766,0
2022-06-26 03:45:25,0,0,0.5,0.25,0,97.25,1.5,0.5,0
2022-06-26 03:45:24,0,0,1.5075377,0.2512563,0,94.22111,3.768844,0.2512563,0
2022-06-26 03:45:23,0,0,0.7481297,0,0,97.00748,1.995012,0.2493766,0
2022-06-26 03:45:22,0,0,1.2437811,0.2487562,0,96.0199,1.99005,0.4975124,0
2022-06-26 03:45:21,0,0,0.5012531,0.2506266,0,96.99248,2.255639,0,0
2022-06-26 03:45:20,0,0,0,0,0,99.25,0.5,0.25,0
2022-06-26 03:45:19,0,0,0,0,0,99.00249,0.7481297,0.2493766,0
2022-06-26 03:45:18,0,0,0.5,0,0,97,2.25,0,0
2022-06-26 03:45:17,0,0,1.0025063,0.2506266,0,94.48622,4.010025,0.2506266,0
2022-06-26 03:45:16,0,0,0.7481297,0,0,96.7581,2.493766,0,0
2022-06-26 03:45:15,0,0,0.7518797,0,0,95.48872,3.508772,0.2506266,0
2022-06-26 03:45:14,0,0,1.2531328,0,0,94.73684,3.759398,0.2506266,0
2022-06-26 03:45:13,0,0,0.4987531,0.2493766,0,97.00748,1.995012,0.2493766,0
2022-06-26 03:45:12,0,0,0.2506266,0,0,98.74687,0.7518797,0.2506266,0
2022-06-26 03:45:11,0,0,0.25,0,0,98.25,1,0.5,0
2022-06-26 03:45:10,0,0,0,0.2493766,0,98.25436,1.4962594,0,0
2022-06-26 03:45:09,0,0,0.7518797,0,0,95.48872,3.508772,0.2506266,0
2022-06-26 03:45:08,0,0,1.2437811,0.2487562,0,94.52736,3.731343,0.2487562,0
2022-06-26 03:45:07,0,0,1.4962594,0.2493766,0,93.76559,4.239401,0.2493766,0
2022-06-26 03:45:06,0,0,1.5037594,0,0,88.47118,9.774436,0.2506266,0
2022-06-26 03:45:05,0,0,1.2562814,0.2512563,0,90.70352,7.537688,0.2512563,0
2022-06-26 03:45:04,0,0,0.7444169,0,0,89.8263,9.42928,0,0
2022-06-26 03:45:03,0,0,0,0,0,95.47739,4.271357,0.2512563,0
2022-06-26 03:45:02,0,0,0,0,0,93.98496,5.764411,0.2506266,0
2022-06-26 03:45:01,0,0,0.2493766,0,0,95.51122,3.990025,0.2493766,0
2022-06-26 03:45:00,0,0,0,0.2506266,0,92.98246,6.015038,0.5012531,0
2022-06-26 03:44:59,0,0,0.25,0,0,90.75,8,0,0
2022-06-26 03:44:58,0,0,0,0,0,77.91878,12.182741,0.5076142,0
2022-06-26 03:44:57,0,0,0.2506266,0.2506266,0,94.23559,5.012531,0,0
2022-06-26 03:44:56,0,0,0.2493766,0,0,98.25436,0.9975062,0.4987531,0
2022-06-26 03:44:55,0,0,0.2506266,0,0,98.24561,1.5037594,0,0
2022-06-26 03:44:54,0,0,0.2493766,0.2493766,0,98.25436,0.7481297,0.4987531,0
2022-06-26 03:44:53,0,0,0,0,0,99.5,0.5,0,0
2022-06-26 03:44:52,0,0,0,0,0,98.24561,1.5037594,0.2506266,0
2022-06-26 03:44:51,0,0,0,0,0,99.25,0.5,0.25,0
2022-06-26 03:44:50,0,0,0.2487562,0,0,98.50746,0.9950249,0.2487562,0
2022-06-26 03:44:49,0,0,1,0,0,96.5,2.25,0.25,0
2022-06-26 03:44:48,0,0,1.0025063,0.2506266,0,95.73935,2.756892,0.2506266,0
2022-06-26 03:44:47,0,0,0.2506266,0,0,98.24561,1.2531328,0.2506266,0
2022-06-26 03:44:46,0,0,0.2506266,0,0,98.49624,1.2531328,0,0
2022-06-26 03:44:45,0,0,0,0,0,99.25,0.5,0.25,0
2022-06-26 03:44:44,0,0,0.2487562,0,0,99.00498,0.7462687,0,0
2022-06-26 03:44:43,0,0,1.0025063,0,0,96.2406,2.255639,0.5012531,0
2022-06-26 03:44:42,0,0,1.5,0,0,95.75,2.75,0,0
2022-06-26 03:44:41,0,0,0.75,0.25,0,96.75,1.75,0.5,0
2022-06-26 03:44:40,0,0,0.4962779,0,0,97.02233,2.233251,0.248139,0
2022-06-26 03:44:39,0,0,0.2512563,0,0,98.49246,1.0050251,0.2512563,0
2022-06-26 03:44:38,0,0,0,0,0,99.74937,0.2506266,0,0
2022-06-26 03:44:37,0,0,0,0,0,98.74687,1.0025063,0.2506266,0
2022-06-26 03:44:36,0,0,1.2437811,0.4975124,0,96.0199,1.99005,0.2487562,0
2022-06-26 03:44:35,0,0,1.5,0.25,0,95.75,2.25,0.25,0
2022-06-26 03:44:34,0,0,0.5012531,0,0,98.49624,0.7518797,0.2506266,0
2022-06-26 03:44:33,0,0,0.75,0,0,96.5,2.5,0.25,0
2022-06-26 03:44:32,0,0,0.2506266,0,0,98.99749,0.7518797,0,0
2022-06-26 03:44:31,0,0,0,0,0,99.25373,0.4975124,0.2487562,0
2022-06-26 03:44:30,0,0,0.2506266,0,0,98.24561,1.2531328,0.2506266,0
2022-06-26 03:44:29,0,0,1,0.25,0,97.25,1.25,0.25,0
2022-06-26 03:44:28,0,0,0.9950249,0,0,95.77114,2.487562,0.7462687,0
2022-06-26 03:44:27,0,0,0.5012531,0,0,96.74185,2.506266,0.2506266,0
2022-06-26 03:44:26,0,0,0.7537688,0.2512563,0,97.98995,1.0050251,0,0
2022-06-26 03:44:25,0,0,0.2493766,0.2493766,0,98.50374,0.7481297,0.2493766,0
2022-06-26 03:44:24,0,0,0.5,0,0,98,1.25,0.25,0
2022-06-26 03:44:23,0,0,0.2506266,0,0,98.99749,0.5012531,0.2506266,0
2022-06-26 03:44:22,0,0,0.9975062,0.2493766,0,96.00998,2.244389,0.4987531,0
2022-06-26 03:44:21,0,0,1.25,0.25,0,94.5,3.75,0.25,0
2022-06-26 03:44:20,0,0,0.9950249,0.2487562,0,96.51741,1.99005,0.2487562,0
2022-06-26 03:44:19,0,0,0.5012531,0.2506266,0,97.24311,1.754386,0.2506266,0
2022-06-26 03:44:18,0,0,0.2506266,0.2506266,0,98.24561,1.0025063,0.2506266,0
2022-06-26 03:44:17,0,0,0.2487562,0,0,98.50746,0.9950249,0.2487562,0
2022-06-26 03:44:16,0,0,0,0,0,99.24623,0.7537688,0,0
2022-06-26 03:44:15,0,0,0.4975124,0.2487562,0,95.27363,3.731343,0.2487562,0
2022-06-26 03:44:14,0,0,1.0050251,0.2512563,0,94.72362,3.517588,0.5025126,0
2022-06-26 03:44:13,0,0,1,0,0,96.5,2.5,0,0
2022-06-26 03:44:12,0,0,0.75,0.5,0,96.75,1.75,0.25,0
2022-06-26 03:44:11,0,0,0.4962779,0.248139,0,97.51861,1.4888337,0.248139,0
2022-06-26 03:44:10,0,0,0.7518797,0,0,97.49373,1.5037594,0.2506266,0
2022-06-26 03:44:09,0,0,0,0.25,0,99,0.5,0.25,0
2022-06-26 03:44:08,0,0,0,0,0,99.24623,0.7537688,0,0
2022-06-26 03:44:07,0,0,0.4975124,0,0,97.26368,2.238806,0,0
2022-06-26 03:44:06,0,0,1.0075567,0,0,95.71788,3.274559,0,0
2022-06-26 03:44:05,0,0,1.4851485,0.2475248,0,93.56436,4.207921,0.4950495,0
2022-06-26 03:44:04,0,0,1.2594458,0.2518892,0,89.42065,9.06801,0,0
2022-06-26 03:44:03,0,0,1.2468828,0,0,92.76808,5.486284,0.4987531,0
2022-06-26 03:44:02,0,0,0.9975062,0,0,90.77307,7.98005,0.2493766,0
2022-06-26 03:44:01,0,0,0.7556675,0,0,90.93199,8.312343,0,0
2022-06-26 03:44:00,0,0,0.248139,0.248139,0,92.30769,7.19603,0,0
2022-06-26 03:43:59,0,0,0,0,0,93.96985,5.778894,0.2512563,0
2022-06-26 03:43:58,0,0,0,0.248139,0,92.30769,7.19603,0.248139,0
2022-06-26 03:43:57,0,0,0,0,0,91.4787,8.270677,0.2506266,0
2022-06-26 03:43:56,0,0,0.2493766,0,0,89.02743,8.977556,0.4987531,0
2022-06-26 03:43:55,0,0,0,0,0,90.63291,7.088608,0,0
2022-06-26 03:43:54,0,0,0.2493766,0,0,95.7606,3.740648,0.2493766,0
2022-06-26 03:43:53,0,0,0,0,0,97.49373,2.506266,0,0
2022-06-26 03:43:52,0,0,0,0,0,98.5,1,0.25,0
2022-06-26 03:43:51,0,0,0,0,0,99.00249,0.4987531,0.4987531,0
2022-06-26 03:43:50,0,0,0.2506266,0,0,98.74687,0.7518797,0.2506266,0
2022-06-26 03:43:49,0,0,0,0,0,99.24812,0.7518797,0,0
2022-06-26 03:43:48,0,0,0.25,0,0,98.75,0.75,0.25,0
2022-06-26 03:43:47,0,0,0.25,0.5,0,97.75,1.25,0.25,0
2022-06-26 03:43:46,0,0,1.2468828,0,0,95.51122,3.241895,0,0
2022-06-26 03:43:45,0,0,0.7481297,0.2493766,0,96.50873,1.995012,0.4987531,0
2022-06-26 03:43:44,0,0,0.5,0,0,98,1.5,0,0
2022-06-26 03:43:43,0,0,0.2506266,0,0,98.24561,1.2531328,0.2506266,0
2022-06-26 03:43:42,0,0,0,0,0,98.75,1,0.25,0
2022-06-26 03:43:41,0,0,0.4987531,0.2493766,0,97.00748,1.995012,0.2493766,0
2022-06-26 03:43:40,0,0,1,0.25,0,96,2.5,0.25,0
2022-06-26 03:43:39,0,0,1.2468828,0.4987531,0,95.26185,2.992519,0,0
2022-06-26 03:43:38,0,0,1.2531328,0,0,95.48872,2.756892,0.5012531,0
2022-06-26 03:43:37,0,0,0.5,0,0,97.5,2,0,0
2022-06-26 03:43:36,0,0,0.2506266,0.2506266,0,98.24561,1.0025063,0.2506266,0
2022-06-26 03:43:35,0,0,0,0,0,99.5,0.5,0,0
2022-06-26 03:43:34,0,0,0.5,0,0,97.75,1.5,0.25,0
2022-06-26 03:43:33,0,0,0.9950249,0.2487562,0,96.26866,2.238806,0.2487562,0
2022-06-26 03:43:32,0,0,1.0050251,0,0,96.48241,2.512563,0,0
2022-06-26 03:43:31,0,0,1,0.25,0,96,2.25,0.5,0
2022-06-26 03:43:30,0,0,0.5,0,0,97.75,1.75,0,0
2022-06-26 03:43:29,0,0,0,0.25,0,99,0.75,0,0
2022-06-26 03:43:28,0,0,0.2493766,0,0,98.50374,0.9975062,0.2493766,0
2022-06-26 03:43:27,0,0,0.2506266,0,0,98.24561,1.5037594,0,0
2022-06-26 03:43:26,0,0,0.7444169,0,0,96.27792,2.729529,0.248139,0
2022-06-26 03:43:25,0,0,1.2626263,0,0,95.9596,2.777778,0,0
2022-06-26 03:43:24,0,0,1.4925373,0.2487562,0,95.02488,2.985075,0.2487562,0
2022-06-26 03:43:23,0,0,0.2506266,0,0,98.49624,1.0025063,0.2506266,0
2022-06-26 03:43:22,0,0,0.2487562,0,0,99.25373,0.4975124,0,0
2022-06-26 03:43:21,0,0,0,0,0,99.24623,0.7537688,0,0
2022-06-26 03:43:20,0,0,0.4987531,0,0,97.75561,1.4962594,0.2493766,0
2022-06-26 03:43:19,0,0,0.9950249,0.2487562,0,96.76617,1.99005,0,0
2022-06-26 03:43:18,0,0,1.5037594,0,0,95.48872,2.756892,0.2506266,0
2022-06-26 03:43:17,0,0,0.7518797,0.2506266,0,96.74185,2.005013,0.2506266,0
2022-06-26 03:43:16,0,0,0.2506266,0,0,97.74436,1.754386,0.2506266,0
2022-06-26 03:43:15,0,0,0.25,0,0,98.25,1.25,0.25,0
2022-06-26 03:43:14,0,0,0.5,0,0,99,0.5,0,0
2022-06-26 03:43:13,0,0,0.2493766,0.2493766,0,97.25686,1.995012,0.2493766,0
2022-06-26 03:43:12,0,0,0.4975124,0,0,96.51741,2.736318,0.2487562,0
2022-06-26 03:43:11,0,0,0.7518797,0,0,96.2406,2.756892,0.2506266,0
2022-06-26 03:43:10,0,0,1.5075377,0,0,94.47236,4.020101,0,0
2022-06-26 03:43:09,0,0,0.25,0,0,97,2.5,0.25,0
2022-06-26 03:43:08,0,0,0.2506266,0,0,98.74687,1.0025063,0,0
2022-06-26 03:43:07,0,0,0.4975124,0.2487562,0,97.26368,1.741294,0.2487562,0
2022-06-26 03:43:06,0,0,0,0,0,98.99749,1.0025063,0,0
2022-06-26 03:43:05,0,0,0.2487562,0,0,97.76119,1.741294,0.2487562,0
2022-06-26 03:43:04,0,0,0.4987531,0.2493766,0,96.7581,1.995012,0.4987531,0
2022-06-26 03:43:03,0,0,1,0,0,95,4,0,0
2022-06-26 03:43:02,0,0,1.754386,0.2506266,0,89.47368,8.02005,0.2506266,0
2022-06-26 03:43:01,0,0,1.5075377,0.5025126,0,91.45729,6.281407,0.2512563,0
2022-06-26 03:43:00,0,0,0.9950249,0.2487562,0,90.79602,7.711443,0.2487562,0
2022-06-26 03:42:59,0,0,0.5025126,0,0,93.46734,5.778894,0.2512563,0
2022-06-26 03:42:58,0,0,0.4987531,0.2493766,0,94.01496,4.738155,0.2493766,0
2022-06-26 03:42:57,0,0,0.4975124,0,0,93.78109,5.472637,0.2487562,0
2022-06-26 03:42:56,0,0,0,0,0,92.4812,7.518797,0,0
2022-06-26 03:42:55,0,0,0,0,0,92.73183,7.017544,0.2506266,0
2022-06-26 03:42:54,0,0,0.2487562,0,0,92.53731,6.965174,0.2487562,0
2022-06-26 03:42:53,0,0,0.2518892,0,0,89.67254,8.564232,0,0
2022-06-26 03:42:52,0,0,0,0,0,93.5,5.75,0.5,0
2022-06-26 03:42:51,0,0,0.2506266,0,0,96.99248,2.506266,0.2506266,0
2022-06-26 03:42:50,0,0,0,0,0,97.50623,2.493766,0,0
2022-06-26 03:42:49,0,0,0,0.2506266,0,98.49624,0.7518797,0.5012531,0
2022-06-26 03:42:48,0,0,0.25,0,0,99,0.5,0.25,0
2022-06-26 03:42:47,0,0,0.25,0,0,99.25,0.5,0,0
2022-06-26 03:42:46,0,0,0,0,0,99,0.75,0.25,0
2022-06-26 03:42:45,0,0,0.25,0,0,97.5,2,0.25,0
2022-06-26 03:42:44,0,0,0.75,0.25,0,98,0.75,0.25,0
2022-06-26 03:42:43,0,0,1.0025063,0,0,96.49123,2.506266,0,0
2022-06-26 03:42:42,0,0,0.2493766,0.2493766,0,99.00249,0.2493766,0.2493766,0
2022-06-26 03:42:41,0,0,0,0,0,99.25187,0.7481297,0,0
2022-06-26 03:42:40,0,0,0,0,0,98.74687,1.0025063,0.2506266,0
2022-06-26 03:42:39,0,0,0.75,0,0,96.75,2.25,0.25,0
2022-06-26 03:42:38,0,0,0.9975062,0,0,96.25935,1.995012,0.7481297,0
2022-06-26 03:42:37,0,0,1.5037594,0.5012531,0,93.98496,4.010025,0,0
2022-06-26 03:42:36,0,0,0.75,0,0,96.75,2.25,0.25,0
2022-06-26 03:42:35,0,0,0,0,0,99.49875,0.2506266,0.2506266,0
2022-06-26 03:42:34,0,0,0,0,0,98.75,1.25,0,0
2022-06-26 03:42:33,0,0,0.5,0.25,0,97.75,1.5,0,0
2022-06-26 03:42:32,0,0,0.4987531,0.2493766,0,96.7581,1.995012,0.4987531,0
2022-06-26 03:42:31,0,0,1.2437811,0.2487562,0,95.27363,2.736318,0.4975124,0
2022-06-26 03:42:30,0,0,1.5037594,0.2506266,0,94.98747,3.007519,0.2506266,0
2022-06-26 03:42:29,0,0,0.7518797,0,0,97.49373,1.754386,0,0
2022-06-26 03:42:28,0,0,0,0,0,97.99499,1.754386,0.2506266,0
2022-06-26 03:42:27,0,0,0.25,0.25,0,99,0.5,0,0
2022-06-26 03:42:26,0,0,0,0,0,99.25373,0.2487562,0.4975124,0
2022-06-26 03:42:25,0,0,0.5,0.25,0,96.75,2.25,0.25,0
2022-06-26 03:42:24,0,0,1.758794,0,0,95.72864,2.261307,0.2512563,0
2022-06-26 03:42:23,0,0,1.741294,0.4975124,0,94.02985,3.731343,0,0
2022-06-26 03:42:22,0,0,0.2506266,0,0,98.99749,0.5012531,0.2506266,0
2022-06-26 03:42:21,0,0,0,0,0,98.00499,1.745636,0.2493766,0
2022-06-26 03:42:20,0,0,0.25,0,0,99.5,0.25,0,0
2022-06-26 03:42:19,0,0,0,0,0,99.49749,0.5025126,0,0
2022-06-26 03:42:18,0,0,0.7481297,0.2493766,0,96.50873,1.995012,0.4987531,0
2022-06-26 03:42:17,0,0,1.5,0.25,0,95.5,2.75,0,0
2022-06-26 03:42:16,0,0,1.2468828,0.4987531,0,95.26185,2.743142,0.2493766,0
2022-06-26 03:42:15,0,0,0.5012531,0,0,96.99248,2.506266,0,0
2022-06-26 03:42:14,0,0,0,0,0,99.25187,0.4987531,0.2493766,0
2022-06-26 03:42:13,0,0,0,0,0,99.74937,0.2506266,0,0
2022-06-26 03:42:12,0,0,0.2493766,0,0,98.25436,1.4962594,0,0
2022-06-26 03:42:11,0,0,0.7518797,0,0,96.74185,2.255639,0.2506266,0
2022-06-26 03:42:10,0,0,1,0.25,0,95.75,2.75,0.25,0
2022-06-26 03:42:09,0,0,1.0025063,0.5012531,0,94.73684,3.508772,0.2506266,0
2022-06-26 03:42:08,0,0,0.9975062,0.4987531,0,93.76559,4.239401,0.4987531,0
2022-06-26 03:42:07,0,0,0.2506266,0,0,98.24561,1.5037594,0,0
2022-06-26 03:42:06,0,0,0,0,0,98.75,1,0.25,0
2022-06-26 03:42:05,0,0,0,0.25,0,99.25,0.5,0,0
2022-06-26 03:42:04,0,0,0.2493766,0.2493766,0,98.25436,0.9975062,0.2493766,0
2022-06-26 03:42:03,0,0,0.7518797,0,0,96.74185,2.255639,0.2506266,0
2022-06-26 03:42:02,0,0,0.7481297,0,0,97.50623,1.745636,0,0
2022-06-26 03:42:01,0,0,1.0025063,0.2506266,0,95.2381,3.007519,0.5012531,0
2022-06-26 03:42:00,0,0,1.745636,0.2493766,0,91.5212,6.234414,0.2493766,0
2022-06-26 03:41:59,0,0,1.4962594,0,0,90.77307,7.481297,0.2493766,0
2022-06-26 03:41:58,0,0,0.7518797,0.2506266,0,91.22807,7.518797,0.2506266,0
2022-06-26 03:41:57,0,0,0.25,0,0,94.25,5.25,0.25,0
2022-06-26 03:41:56,0,0,0,0,0,94.48622,5.263158,0.2506266,0
2022-06-26 03:41:55,0,0,0.2493766,0.2493766,0,96.00998,3.241895,0.2493766,0
2022-06-26 03:41:54,0,0,0.4987531,0.2493766,0,91.77057,6.733167,0.4987531,0
2022-06-26 03:41:53,0,0,0.2506266,0,0,89.97494,9.022556,0.2506266,0
2022-06-26 03:41:52,0,0,0.7518797,0,0,88.22055,10.526316,0,0
2022-06-26 03:41:51,0,0,0,0.2525253,0,87.37374,6.565657,0.2525253,0
2022-06-26 03:41:50,0,0,0.248139,0.248139,0,95.28536,3.970223,0.248139,0
2022-06-26 03:41:49,0,0,0.2506266,0,0,96.49123,3.007519,0.2506266,0
2022-06-26 03:41:48,0,0,0,0,0,97.25686,2.244389,0.2493766,0
2022-06-26 03:41:47,0,0,0,0,0,99.24623,0.7537688,0,0
2022-06-26 03:41:46,0,0,0,0,0,98,1.75,0.25,0
2022-06-26 03:41:45,0,0,0.2493766,0,0,98.50374,1.2468828,0,0
2022-06-26 03:41:44,0,0,0,0,0,99,1,0,0
2022-06-26 03:41:43,0,0,0.5012531,0,0,97.99499,1.0025063,0.5012531,0
2022-06-26 03:41:42,0,0,0.75,0,0,96.75,2.5,0,0
2022-06-26 03:41:41,0,0,0.7462687,0.4975124,0,96.26866,1.99005,0.4975124,0
2022-06-26 03:41:40,0,0,0.2506266,0,0,98.49624,1.2531328,0,0
2022-06-26 03:41:39,0,0,0.2493766,0,0,99.25187,0.4987531,0,0
2022-06-26 03:41:38,0,0,0.2506266,0,0,97.74436,2.005013,0,0
2022-06-26 03:41:37,0,0,1,0,0,96.75,1.75,0.5,0
2022-06-26 03:41:36,0,0,0.9975062,0,0,96.25935,2.493766,0.2493766,0
2022-06-26 03:41:35,0,0,0.7537688,0,0,96.23116,2.763819,0.2512563,0
2022-06-26 03:41:34,0,0,0.4987531,0,0,97.25686,1.995012,0.2493766,0
2022-06-26 03:41:33,0,0,0.5,0.25,0,97,2.25,0,0
2022-06-26 03:41:32,0,0,0.25,0,0,98.25,1,0.5,0
2022-06-26 03:41:31,0,0,0.75,0.25,0,97,2,0,0
2022-06-26 03:41:30,0,0,0.9975062,0.2493766,0,95.7606,2.743142,0.2493766,0
2022-06-26 03:41:29,0,0,0.7518797,0.5012531,0,95.73935,2.756892,0.2506266,0
2022-06-26 03:41:28,0,0,0.5,0,0,97.75,1.25,0.5,0
2022-06-26 03:41:27,0,0,1,0.25,0,96.25,2.5,0,0
2022-06-26 03:41:26,0,0,0.25,0,0,98,1.25,0.5,0
2022-06-26 03:41:25,0,0,0.5,0.25,0,97.25,2,0,0
2022-06-26 03:41:24,0,0,0.9950249,0.2487562,0,96.76617,1.2437811,0.7462687,0
2022-06-26 03:41:23,0,0,0.7518797,0,0,96.99248,2.005013,0.2506266,0
2022-06-26 03:41:22,0,0,1.0050251,0.2512563,0,96.48241,2.01005,0.2512563,0
2022-06-26 03:41:21,0,0,0.25,0,0,98.25,1.25,0.25,0
2022-06-26 03:41:20,0,0,0.9975062,0.2493766,0,96.7581,1.995012,0,0
2022-06-26 03:41:19,0,0,0.2506266,0,0,97.99499,1.5037594,0.2506266,0
2022-06-26 03:41:18,0,0,0.5,0,0,98,1.25,0.25,0
2022-06-26 03:41:17,0,0,0.2493766,0,0,98.75312,0.7481297,0.2493766,0
2022-06-26 03:41:16,0,0,0.9975062,0.4987531,0,96.50873,1.745636,0.2493766,0
2022-06-26 03:41:15,0,0,1.0025063,0,0,95.98997,2.756892,0.2506266,0
2022-06-26 03:41:14,0,0,0.2506266,0,0,98.49624,1.0025063,0.2506266,0
2022-06-26 03:41:13,0,0,0.7481297,0.2493766,0,96.7581,2.244389,0,0
2022-06-26 03:41:12,0,0,1.25,0,0,96,2.25,0.5,0
2022-06-26 03:41:11,0,0,0.7518797,0.2506266,0,97.24311,1.754386,0,0
2022-06-26 03:41:10,0,0,0,0,0,98.5,1.25,0.25,0
2022-06-26 03:41:09,0,0,0.25,0,0,97.75,1.75,0.25,0
2022-06-26 03:41:08,0,0,1.25,0.25,0,95.75,2.5,0.25,0
2022-06-26 03:41:07,0,0,0.4975124,0.2487562,0,96.0199,2.736318,0.4975124,0
2022-06-26 03:41:06,0,0,0.5,0,0,96.5,3,0,0
2022-06-26 03:41:05,0,0,1.2531328,0.2506266,0,95.73935,2.756892,0,0
2022-06-26 03:41:04,0,0,0.4962779,0,0,97.27047,1.736973,0.4962779,0
2022-06-26 03:41:03,0,0,0,0,0,98.49624,1.5037594,0,0
2022-06-26 03:41:02,0,0,0,0,0,99.49622,0.2518892,0.2518892,0
2022-06-26 03:41:01,0,0,0.2487562,0,0,98.00995,1.4925373,0.2487562,0
2022-06-26 03:41:00,0,0,0.9975062,0.2493766,0,92.76808,5.735661,0.2493766,0
2022-06-26 03:40:59,0,0,1.25,0.25,0,94.75,3.5,0.25,0
2022-06-26 03:40:58,0,0,1.0075567,0.5037783,0,91.93955,6.549118,0,0
2022-06-26 03:40:57,0,0,0.75,0,0,93.75,5.25,0.25,0
2022-06-26 03:40:56,0,0,1,0.5,0,92.25,6,0.25,0
2022-06-26 03:40:55,0,0,1.2468828,0.2493766,0,91.77057,6.483791,0.2493766,0
2022-06-26 03:40:54,0,0,0.75,0,0,92,7,0.25,0
2022-06-26 03:40:53,0,0,0.25,0.25,0,90.5,8.75,0.25,0
2022-06-26 03:40:52,0,0,0,0,0,93.76559,5.985037,0.2493766,0
2022-06-26 03:40:51,0,0,0.25,0,0,90.5,9.25,0,0
2022-06-26 03:40:50,0,0,0.2512563,0,0,91.45729,7.788945,0.2512563,0
2022-06-26 03:40:49,0,0,0,0,0,96.25935,3.491272,0.2493766,0
2022-06-26 03:40:48,0,0,0.2512563,0,0,91.70854,6.532663,0.2512563,0
2022-06-26 03:40:47,0,0,0,0.2493766,0,95.26185,3.740648,0.2493766,0
2022-06-26 03:40:46,0,0,0.2506266,0,0,98.24561,1.2531328,0.2506266,0
2022-06-26 03:40:45,0,0,0,0,0,99.25187,0.4987531,0.2493766,0
2022-06-26 03:40:44,0,0,0,0.2512563,0,97.48744,2.01005,0.2512563,0
2022-06-26 03:40:43,0,0,0,0,0,98.50746,1.2437811,0.2487562,0
2022-06-26 03:40:42,0,0,0.75,0,0,97,2.25,0,0
2022-06-26 03:40:41,0,0,0.7537688,0,0,97.73869,1.2562814,0.2512563,0
2022-06-26 03:40:40,0,0,0,0.2487562,0,99.00498,0.7462687,0,0
2022-06-26 03:40:39,0,0,0,0,0,99.24433,0.7556675,0,0
2022-06-26 03:40:38,0,0,0.9975062,0,0,95.26185,3.491272,0.2493766,0
2022-06-26 03:40:37,0,0,0.4975124,0,0,97.51244,1.741294,0.2487562,0
2022-06-26 03:40:36,0,0,0.2512563,0,0,98.74372,0.7537688,0.2512563,0
2022-06-26 03:40:35,0,0,1.0025063,0,0,96.99248,2.005013,0,0
2022-06-26 03:40:34,0,0,0.7462687,0.2487562,0,97.01493,1.99005,0,0
2022-06-26 03:40:33,0,0,0.4987531,0.2493766,0,98.25436,0.4987531,0.4987531,0
2022-06-26 03:40:32,0,0,0.7537688,0,0,96.48241,2.512563,0.2512563,0
2022-06-26 03:40:31,0,0,0.7462687,0,0,97.26368,1.741294,0.2487562,0
2022-06-26 03:40:30,0,0,0.2512563,0,0,99.24623,0.5025126,0,0
2022-06-26 03:40:29,0,0,0.25,0.25,0,97.75,1.5,0.25,0
2022-06-26 03:40:28,0,0,0.75,0.25,0,97.25,1.5,0.25,0
2022-06-26 03:40:27,0,0,0.4975124,0,0,98.25871,0.9950249,0.2487562,0
2022-06-26 03:40:26,0,0,1.0025063,0,0,96.74185,2.255639,0,0
2022-06-26 03:40:25,0,0,1.2531328,0,0,95.98997,2.506266,0.2506266,0
2022-06-26 03:40:24,0,0,0.75,0.25,0,97,2,0,0
2022-06-26 03:40:23,0,0,0.25,0,0,99,0.5,0.25,0
2022-06-26 03:40:22,0,0,0.5012531,0,0,97.24311,1.754386,0.5012531,0
2022-06-26 03:40:21,0,0,0.7481297,0,0,97.25686,1.995012,0,0
2022-06-26 03:40:20,0,0,0.5012531,0,0,97.74436,1.754386,0,0
2022-06-26 03:40:19,0,0,1,0,0,95,3.75,0.25,0
2022-06-26 03:40:18,0,0,0.75,0,0,97.75,1.5,0,0
2022-06-26 03:40:17,0,0,0.4975124,0.2487562,0,98.25871,0.9950249,0,0
2022-06-26 03:40:16,0,0,0,0,0,98.99497,0.7537688,0.2512563,0
2022-06-26 03:40:15,0,0,0.7481297,0.2493766,0,96.7581,1.995012,0.2493766,0
2022-06-26 03:40:14,0,0,0.75,0.25,0,95.5,3.25,0.25,0
2022-06-26 03:40:13,0,0,0.4987531,0,0,97.25686,1.995012,0.2493766,0
2022-06-26 03:40:12,0,0,1.0050251,0.2512563,0,96.48241,1.758794,0.5025126,0
2022-06-26 03:40:11,0,0,0.4987531,0.2493766,0,96.7581,2.244389,0.2493766,0
2022-06-26 03:40:10,0,0,0.25,0,0,98.25,1.25,0.25,0
2022-06-26 03:40:09,0,0,0.75,0,0,97,2.25,0,0
2022-06-26 03:40:08,0,0,0.25,0.25,0,98,1,0.5,0
2022-06-26 03:40:07,0,0,0.75,0,0,96,3,0.25,0
2022-06-26 03:40:06,0,0,0.7462687,0.2487562,0,95.52239,2.985075,0.2487562,0
2022-06-26 03:40:05,0,0,0.5025126,0,0,96.98492,2.512563,0,0
2022-06-26 03:40:04,0,0,1.2468828,0.2493766,0,96.50873,1.995012,0,0
2022-06-26 03:40:03,0,0,0.5,0,0,96.25,2.75,0.5,0
2022-06-26 03:40:02,0,0,0.5,0.25,0,97,2,0.25,0
2022-06-26 03:40:01,0,0,0.5012531,0,0,97.24311,2.005013,0.2506266,0
2022-06-26 03:40:00,0,0,0.2487562,0,0,97.26368,2.238806,0.2487562,0
2022-06-26 03:39:59,0,0,0.7537688,0,0,95.72864,3.266332,0.2512563,0
2022-06-26 03:39:58,0,0,1.25,0,0,94.5,4,0.25,0
2022-06-26 03:39:57,0,0,1.2437811,0.2487562,0,93.28358,4.975124,0.2487562,0
2022-06-26 03:39:56,0,0,1.0025063,0,0,94.23559,4.511278,0.2506266,0
2022-06-26 03:39:55,0,0,0.2512563,0,0,92.96482,6.532663,0.2512563,0
2022-06-26 03:39:54,0,0,0.2493766,0,0,94.01496,5.486284,0.2493766,0
2022-06-26 03:39:53,0,0,0.7481297,0,0,92.5187,6.234414,0.4987531,0
2022-06-26 03:39:52,0,0,0.7481297,0.2493766,0,91.77057,6.982544,0.2493766,0
2022-06-26 03:39:51,0,0,0.75,0,0,92.5,6.25,0.5,0
2022-06-26 03:39:50,0,0,0.2506266,0,0,87.21805,10.526316,0.5012531,0
2022-06-26 03:39:49,0,0,0.2518892,0,0,89.16877,9.06801,0.2518892,0
2022-06-26 03:39:48,0,0,0,0,0,95.2381,4.260652,0.5012531,0
2022-06-26 03:39:47,0,0,0.2487562,0,0,96.76617,2.238806,0.4975124,0
2022-06-26 03:39:46,0,0,0,0,0,96.2406,3.258145,0.5012531,0
2022-06-26 03:39:45,0,0,0.25,0,0,96.25,3.25,0,0
2022-06-26 03:39:44,0,0,0,0,0,97.5,2,0.5,0
2022-06-26 03:39:43,0,0,0,0,0,99.49875,0.5012531,0,0
2022-06-26 03:39:42,0,0,0.2493766,0,0,98.50374,0.9975062,0.2493766,0
2022-06-26 03:39:41,0,0,0,0.25,0,98.5,1.25,0,0
2022-06-26 03:39:40,0,0,0.4975124,0,0,97.51244,1.4925373,0.4975124,0
2022-06-26 03:39:39,0,0,1.2594458,0.2518892,0,95.71788,2.770781,0,0
2022-06-26 03:39:38,0,0,0.2512563,0,0,98.74372,1.0050251,0,0
2022-06-26 03:39:37,0,0,0,0,0,98.75622,0.9950249,0.2487562,0
2022-06-26 03:39:36,0,0,0.7462687,0.2487562,0,97.01493,1.741294,0.2487562,0
2022-06-26 03:39:35,0,0,0.2506266,0,0,97.99499,1.5037594,0.2506266,0
2022-06-26 03:39:34,0,0,0.2506266,0,0,98.24561,1.0025063,0.5012531,0
2022-06-26 03:39:33,0,0,1.25,0,0,95.75,2.75,0.25,0
2022-06-26 03:39:32,0,0,0.75,0.25,0,97.5,1.5,0,0
2022-06-26 03:39:31,0,0,0.4962779,0,0,97.51861,1.4888337,0.4962779,0
2022-06-26 03:39:30,0,0,0.2506266,0,0,97.99499,1.2531328,0.5012531,0
2022-06-26 03:39:29,0,0,1,0.5,0,95.75,2.25,0.5,0
2022-06-26 03:39:28,0,0,0.2506266,0.2506266,0,98.24561,1.0025063,0.2506266,0
2022-06-26 03:39:27,0,0,0.2512563,0,0,98.24121,1.2562814,0.2512563,0
2022-06-26 03:39:26,0,0,0.9950249,0,0,96.26866,2.487562,0.2487562,0
2022-06-26 03:39:25,0,0,1.0025063,0.2506266,0,95.98997,2.756892,0,0
2022-06-26 03:39:24,0,0,0.9925558,0,0,97.51861,1.2406948,0.248139,0
2022-06-26 03:39:23,0,0,1.0025063,0,0,96.74185,2.255639,0,0
2022-06-26 03:39:22,0,0,0.2506266,0.5012531,0,97.24311,1.754386,0.2506266,0
2022-06-26 03:39:21,0,0,0,0,0,99.74874,0.2512563,0,0
2022-06-26 03:39:20,0,0,0.25,0,0,98.75,1,0,0
2022-06-26 03:39:19,0,0,1.2437811,0,0,96.0199,2.238806,0.4975124,0
2022-06-26 03:39:18,0,0,1.0025063,0.2506266,0,96.2406,2.255639,0.2506266,0
2022-06-26 03:39:17,0,0,0.7462687,0.2487562,0,96.26866,2.487562,0.2487562,0
2022-06-26 03:39:16,0,0,0.7537688,0,0,97.48744,1.758794,0,0
2022-06-26 03:39:15,0,0,0.2487562,0.2487562,0,98.25871,0.7462687,0.4975124,0
2022-06-26 03:39:14,0,0,0,0,0,99.24812,0.5012531,0.2506266,0
2022-06-26 03:39:13,0,0,0.4987531,0,0,98.00499,1.4962594,0,0
2022-06-26 03:39:12,0,0,1.0025063,0.2506266,0,95.73935,2.506266,0.5012531,0
2022-06-26 03:39:11,0,0,1.0050251,0.2512563,0,96.23116,2.261307,0.2512563,0
2022-06-26 03:39:10,0,0,0.990099,0.2475248,0,94.80198,3.712871,0.2475248,0
2022-06-26 03:39:09,0,0,0.7556675,0,0,97.22922,1.763224,0.2518892,0
2022-06-26 03:39:08,0,0,0.2487562,0,0,99.00498,0.4975124,0.2487562,0
2022-06-26 03:39:07,0,0,0,0,0,98.49624,1.2531328,0.2506266,0
2022-06-26 03:39:06,0,0,0,0,0,98.99497,0.5025126,0.5025126,0
2022-06-26 03:39:05,0,0,0.7481297,0,0,97.00748,2.244389,0,0
2022-06-26 03:39:04,0,0,1.0050251,0.2512563,0,94.97487,3.266332,0.5025126,0
2022-06-26 03:39:03,0,0,0.9950249,0.2487562,0,95.02488,3.233831,0.4975124,0
2022-06-26 03:39:02,0,0,1.25,0.5,0,95.25,3,0,0
2022-06-26 03:39:01,0,0,0.2493766,0.2493766,0,96.7581,2.244389,0.4987531,0
2022-06-26 03:39:00,0,0,0.2512563,0,0,97.73869,2.01005,0,0
2022-06-26 03:38:59,0,0,0,0,0,99.00249,0.7481297,0.2493766,0
2022-06-26 03:38:58,0,0,0,0.2493766,0,99.00249,0.4987531,0.2493766,0
2022-06-26 03:38:57,0,0,0.4975124,0.2487562,0,95.77114,3.233831,0.2487562,0
2022-06-26 03:38:56,0,0,1,0.25,0,95,3.5,0.25,0
2022-06-26 03:38:55,0,0,1.5,0.25,0,93.75,4,0.5,0
2022-06-26 03:38:54,0,0,1.758794,0,0,91.45729,6.78392,0,0
2022-06-26 03:38:53,0,0,1.5,0.25,0,89.5,8.25,0.5,0
2022-06-26 03:38:52,0,0,0.7518797,0.2506266,0,91.72932,7.017544,0.2506266,0
2022-06-26 03:38:51,0,0,0.7462687,0.2487562,0,92.28856,6.218905,0.4975124,0
2022-06-26 03:38:50,0,0,0.2506266,0,0,91.97995,7.518797,0.2506266,0
2022-06-26 03:38:49,0,0,0,0,0,94.47236,5.276382,0.2512563,0
2022-06-26 03:38:48,0,0,0.248139,0,0,91.067,7.940447,0.7444169,0
2022-06-26 03:38:47,0,0,0,0,0,88.94472,10.050251,0.2512563,0
2022-06-26 03:38:46,0,0,0.25,0,0,87.75,10,0.5,0
2022-06-26 03:38:45,0,0,0,0,0,93.93939,5.050505,0,0
2022-06-26 03:38:44,0,0,0.2487562,0,0,97.51244,1.99005,0,0
2022-06-26 03:38:43,0,0,0.2506266,0.2506266,0,97.49373,1.754386,0.2506266,0
2022-06-26 03:38:42,0,0,0,0,0,99,1,0,0
2022-06-26 03:38:41,0,0,0,0,0,99.00249,0.9975062,0,0
2022-06-26 03:38:40,0,0,0.25,0,0,98.5,1,0.25,0
2022-06-26 03:38:39,0,0,0,0,0,99.49875,0.5012531,0,0
2022-06-26 03:38:38,0,0,0.5,0,0,96.75,2.75,0,0
2022-06-26 03:38:37,0,0,0.25,0.25,0,98,1.25,0.25,0
2022-06-26 03:38:36,0,0,0.7444169,0,0,97.51861,1.4888337,0.248139,0
2022-06-26 03:38:35,0,0,1.010101,0.2525253,0,94.94949,3.787879,0,0
2022-06-26 03:38:34,0,0,0.2493766,0,0,98.00499,1.4962594,0.2493766,0
2022-06-26 03:38:33,0,0,0,0,0,99.25,0.5,0.25,0
2022-06-26 03:38:32,0,0,0.25,0.25,0,98.25,1.25,0,0
2022-06-26 03:38:31,0,0,0.4987531,0,0,98.25436,0.9975062,0.2493766,0
2022-06-26 03:38:30,0,0,0.7537688,0,0,97.23618,1.758794,0.2512563,0
2022-06-26 03:38:29,0,0,1.2468828,0,0,95.51122,2.992519,0.2493766,0
2022-06-26 03:38:28,0,0,1.0025063,0.5012531,0,96.2406,2.005013,0.2506266,0
2022-06-26 03:38:27,0,0,0.2493766,0.2493766,0,97.75561,1.2468828,0.4987531,0
2022-06-26 03:38:26,0,0,0,0,0,99,0.75,0.25,0
2022-06-26 03:38:25,0,0,0.5,0,0,98.5,1,0,0
2022-06-26 03:38:24,0,0,0.9950249,0,0,97.26368,1.2437811,0.4975124,0
2022-06-26 03:38:23,0,0,0.5037783,0,0,98.48866,1.0075567,0,0
2022-06-26 03:38:22,0,0,1.2468828,0.2493766,0,96.00998,2.493766,0,0
2022-06-26 03:38:21,0,0,1,0.25,0,96.75,2,0,0
2022-06-26 03:38:20,0,0,0.2487562,0,0,98.25871,1.2437811,0.2487562,0
2022-06-26 03:38:19,0,0,0,0,0,99.5,0.5,0,0
2022-06-26 03:38:18,0,0,0.2506266,0,0,98.74687,0.7518797,0.2506266,0
2022-06-26 03:38:17,0,0,1.0025063,0,0,96.74185,1.754386,0.5012531,0
2022-06-26 03:38:16,0,0,0.7481297,0,0,96.25935,2.493766,0.4987531,0
2022-06-26 03:38:15,0,0,1.0025063,0.5012531,0,95.98997,2.506266,0,0
2022-06-26 03:38:14,0,0,0.9975062,0.2493766,0,96.7581,1.995012,0,0
2022-06-26 03:38:13,0,0,0.2512563,0,0,98.99497,0.5025126,0.2512563,0
2022-06-26 03:38:12,0,0,0.25,0,0,99.25,0.25,0.25,0
2022-06-26 03:38:11,0,0,0,0.2487562,0,98.75622,0.7462687,0.2487562,0
2022-06-26 03:38:10,0,0,0.7518797,0.5012531,0,96.49123,2.005013,0.2506266,0
2022-06-26 03:38:09,0,0,1.2468828,0,0,96.50873,1.995012,0.2493766,0
2022-06-26 03:38:08,0,0,1.0025063,0,0,96.99248,1.754386,0.2506266,0
2022-06-26 03:38:07,0,0,0.75,0,0,96.25,2.75,0.25,0
2022-06-26 03:38:06,0,0,0.2506266,0,0,98.74687,1.0025063,0,0
2022-06-26 03:38:05,0,0,0.2493766,0,0,98.50374,0.9975062,0.2493766,0
2022-06-26 03:38:04,0,0,0.2493766,0,0,97.75561,1.995012,0,0
2022-06-26 03:38:03,0,0,0.5,0.25,0,97.25,1.5,0.5,0
2022-06-26 03:38:02,0,0,1,0.25,0,95.5,3.25,0,0
2022-06-26 03:38:01,0,0,0.7537688,0,0,95.72864,3.015075,0.5025126,0
2022-06-26 03:38:00,0,0,0.5,0.5,0,95.25,3.75,0,0
2022-06-26 03:37:59,0,0,0.75,0,0,97.5,1.5,0.25,0
2022-06-26 03:37:58,0,0,0.4987531,0.2493766,0,97.00748,1.995012,0.2493766,0
2022-06-26 03:37:57,0,0,0.2493766,0,0,99.00249,0.4987531,0.2493766,0
2022-06-26 03:37:56,0,0,0,0,0,99.49749,0.5025126,0,0
2022-06-26 03:37:55,0,0,0.4987531,0.2493766,0,96.50873,2.743142,0,0
2022-06-26 03:37:54,0,0,0.7462687,0.2487562,0,95.02488,3.482587,0.4975124,0
2022-06-26 03:37:53,0,0,1.0050251,0,0,94.47236,4.271357,0.2512563,0
2022-06-26 03:37:52,0,0,1.4962594,0.2493766,0,90.77307,7.23192,0.2493766,0
2022-06-26 03:37:51,0,0,1,0.25,0,92.75,5.75,0.25,0
2022-06-26 03:37:50,0,0,1.2531328,0.2506266,0,91.72932,6.516291,0.2506266,0
2022-06-26 03:37:49,0,0,0.5012531,0.2506266,0,92.73183,6.265664,0,0
2022-06-26 03:37:48,0,0,0.4987531,0.4987531,0,92.01995,6.733167,0.2493766,0
2022-06-26 03:37:47,0,0,0.2493766,0,0,93.26683,6.234414,0.2493766,0
2022-06-26 03:37:46,0,0,0.25,0,0,94.25,5.25,0.25,0
2022-06-26 03:37:45,0,0,0,0,0,92.73183,7.017544,0.2506266,0
2022-06-26 03:37:44,0,0,0,0.2493766,0,93.01746,6.483791,0,0
2022-06-26 03:37:43,0,0,0,0.2512563,0,88.69347,9.547739,0.2512563,0
2022-06-26 03:37:42,0,0,0.2506266,0.5012531,0,88.22055,7.017544,0.5012531,0
2022-06-26 03:37:41,0,0,0.25,0,0,98.25,1.25,0.25,0
2022-06-26 03:37:40,0,0,0,0,0,99.24623,0.7537688,0,0
2022-06-26 03:37:39,0,0,0.4975124,0.2487562,0,96.76617,1.99005,0.4975124,0
2022-06-26 03:37:38,0,0,0,0,0,99.24812,0.7518797,0,0
2022-06-26 03:37:37,0,0,0,0,0,98.49624,1.5037594,0,0
2022-06-26 03:37:36,0,0,0.75,0,0,97,2,0.25,0
2022-06-26 03:37:35,0,0,0.2493766,0,0,98.75312,0.7481297,0.2493766,0
2022-06-26 03:37:34,0,0,0,0.25,0,98.5,1.25,0,0
2022-06-26 03:37:33,0,0,0.75,0.25,0,97,1.75,0.25,0
2022-06-26 03:37:32,0,0,1,0,0,95.75,3,0.25,0
2022-06-26 03:37:31,0,0,0.25,0,0,98.25,1.25,0.25,0
2022-06-26 03:37:30,0,0,0.4987531,0.2493766,0,98.50374,0.7481297,0,0
2022-06-26 03:37:29,0,0,0.4987531,0,0,97.25686,1.995012,0.2493766,0
2022-06-26 03:37:28,0,0,0.5025126,0.2512563,0,98.24121,1.0050251,0,0
2022-06-26 03:37:27,0,0,0.5,0,0,97.5,1.75,0.25,0
2022-06-26 03:37:26,0,0,1,0.25,0,95.25,3.25,0.25,0
2022-06-26 03:37:25,0,0,0.9950249,0.2487562,0,96.51741,2.238806,0,0
2022-06-26 03:37:24,0,0,0.5012531,0,0,98.24561,1.0025063,0.2506266,0
2022-06-26 03:37:23,0,0,0.25,0.25,0,98.25,1,0.25,0
2022-06-26 03:37:22,0,0,0.5012531,0,0,97.74436,1.5037594,0.2506266,0
2022-06-26 03:37:21,0,0,0.75,0.25,0,97,1.75,0.25,0
2022-06-26 03:37:20,0,0,1,0,0,95.5,3.25,0.25,0
2022-06-26 03:37:19,0,0,0.9975062,0.4987531,0,95.7606,2.493766,0.2493766,0
2022-06-26 03:37:18,0,0,0.5,0.25,0,97.5,1.75,0,0
2022-06-26 03:37:17,0,0,0.25,0,0,98.5,1.25,0,0
2022-06-26 03:37:16,0,0,0.2506266,0,0,98.99749,0.7518797,0,0
2022-06-26 03:37:15,0,0,0.5012531,0.2506266,0,97.49373,1.754386,0,0
2022-06-26 03:37:14,0,0,0.4987531,0,0,97.00748,2.244389,0.2493766,0
2022-06-26 03:37:13,0,0,0.75,0,0,98,1.25,0,0
2022-06-26 03:37:12,0,0,1,0.25,0,96,2.25,0.5,0
2022-06-26 03:37:11,0,0,0.75,0,0,97.75,1.25,0.25,0
2022-06-26 03:37:10,0,0,0,0,0,99.5,0.5,0,0
2022-06-26 03:37:09,0,0,0.2493766,0,0,99.00249,0.4987531,0.2493766,0
2022-06-26 03:37:08,0,0,0.4975124,0.2487562,0,96.76617,2.238806,0.2487562,0
2022-06-26 03:37:07,0,0,0.5037783,0,0,98.23678,1.2594458,0,0
2022-06-26 03:37:06,0,0,0.7481297,0,0,96.7581,2.244389,0.2493766,0
2022-06-26 03:37:05,0,0,2.01005,0.2512563,0,94.47236,3.015075,0.2512563,0
2022-06-26 03:37:04,0,0,0.7481297,0.2493766,0,96.7581,1.995012,0.2493766,0
2022-06-26 03:37:03,0,0,0,0,0,98.5,1.25,0.25,0
2022-06-26 03:37:02,0,0,0,0,0,98.5,1.5,0,0
2022-06-26 03:37:01,0,0,0.4987531,0,0,97.75561,1.4962594,0.2493766,0
2022-06-26 03:37:00,0,0,0.75,0.25,0,96.25,2.75,0,0
2022-06-26 03:36:59,0,0,0.7537688,0,0,96.98492,2.261307,0,0
2022-06-26 03:36:58,0,0,0.75,0.25,0,95.5,3.25,0.25,0
2022-06-26 03:36:57,0,0,0.9950249,0,0,96.51741,2.238806,0.2487562,0
2022-06-26 03:36:56,0,0,0.5025126,0,0,97.23618,1.758794,0.5025126,0
2022-06-26 03:36:55,0,0,0.25,0.25,0,98.5,1,0,0
2022-06-26 03:36:54,0,0,0,0,0,98.50374,1.2468828,0.2493766,0
2022-06-26 03:36:53,0,0,0.5,0,0,97.75,1.5,0.25,0
2022-06-26 03:36:52,0,0,0.7481297,0.2493766,0,95.01247,3.491272,0.4987531,0
2022-06-26 03:36:51,0,0,1.2468828,0,0,93.26683,5.236908,0.2493766,0
2022-06-26 03:36:50,0,0,1.2562814,0,0,94.72362,3.768844,0.2512563,0
2022-06-26 03:36:49,0,0,0.9975062,0.4987531,0,92.01995,6.234414,0.2493766,0
2022-06-26 03:36:48,0,0,1.2468828,0,0,91.27182,6.982544,0.4987531,0
2022-06-26 03:36:47,0,0,0.75,0.25,0,91.25,7.25,0.5,0
2022-06-26 03:36:46,0,0,0.5025126,0.2512563,0,94.97487,4.020101,0.2512563,0
2022-06-26 03:36:45,0,0,0.25,0,0,93.5,6.25,0,0
2022-06-26 03:36:44,0,0,0,0,0,93.01746,6.733167,0.2493766,0
2022-06-26 03:36:43,0,0,0,0.2512563,0,93.21608,6.281407,0.2512563,0
2022-06-26 03:36:42,0,0,0.248139,0,0,91.56328,7.444169,0.4962779,0
2022-06-26 03:36:41,0,0,0.2512563,0.2512563,0,90.95477,8.291457,0,0
2022-06-26 03:36:40,0,0,0,0,0,93.98496,6.015038,0,0
2022-06-26 03:36:39,0,0,0.2493766,0,0,97.00748,2.244389,0.4987531,0
2022-06-26 03:36:38,0,0,0.25,0,0,98.25,1.5,0,0
2022-06-26 03:36:37,0,0,0,0.2493766,0,99.25187,0.2493766,0.2493766,0
2022-06-26 03:36:36,0,0,0,0,0,98.99749,0.7518797,0.2506266,0
2022-06-26 03:36:35,0,0,0,0,0,99.49875,0.5012531,0,0
2022-06-26 03:36:34,0,0,0.25,0,0,99,0.5,0.25,0
2022-06-26 03:36:33,0,0,0.4987531,0,0,96.7581,2.244389,0.4987531,0
2022-06-26 03:36:32,0,0,0.75,0.25,0,98,1,0,0
2022-06-26 03:36:31,0,0,0.9975062,0.2493766,0,96.25935,2.244389,0.2493766,0
2022-06-26 03:36:30,0,0,0.7518797,0,0,95.98997,3.007519,0.2506266,0
2022-06-26 03:36:29,0,0,0.25,0,0,99,0.5,0.25,0
2022-06-26 03:36:28,0,0,0,0,0,99,0.5,0.5,0
2022-06-26 03:36:27,0,0,0.4987531,0.2493766,0,97.50623,1.4962594,0.2493766,0
2022-06-26 03:36:26,0,0,0.7518797,0.2506266,0,96.49123,2.506266,0,0
2022-06-26 03:36:25,0,0,0.75,0,0,98,1,0.25,0
2022-06-26 03:36:24,0,0,1.75,0.25,0,95.25,2.75,0,0
2022-06-26 03:36:23,0,0,0.75,0.25,0,96.25,2.5,0.25,0
2022-06-26 03:36:22,0,0,0.25,0,0,99,0.75,0,0
2022-06-26 03:36:21,0,0,0,0,0,98.50746,1.2437811,0.2487562,0
2022-06-26 03:36:20,0,0,0.7556675,0,0,97.98489,1.2594458,0,0
2022-06-26 03:36:19,0,0,0.7481297,0,0,96.7581,2.244389,0.2493766,0
2022-06-26 03:36:18,0,0,0.9975062,0.4987531,0,95.7606,2.244389,0.4987531,0
2022-06-26 03:36:17,0,0,1.0025063,0,0,97.24311,1.754386,0,0
2022-06-26 03:36:16,0,0,0.75,0.25,0,96,3,0,0
2022-06-26 03:36:15,0,0,0,0,0,99,0.75,0.25,0
2022-06-26 03:36:14,0,0,0,0,0,98.49624,1.5037594,0,0
2022-06-26 03:36:13,0,0,0.4987531,0.2493766,0,98.25436,0.4987531,0.4987531,0
2022-06-26 03:36:12,0,0,0.7518797,0,0,97.24311,2.005013,0,0
2022-06-26 03:36:11,0,0,1.2468828,0.2493766,0,95.01247,3.241895,0.2493766,0
2022-06-26 03:36:10,0,0,1.2468828,0.2493766,0,96.50873,1.995012,0,0
2022-06-26 03:36:09,0,0,0.5025126,0,0,98.24121,1.0050251,0.2512563,0
2022-06-26 03:36:08,0,0,0,0,0,98.50374,1.2468828,0.2493766,0
2022-06-26 03:36:07,0,0,0,0.25,0,99,0.75,0,0
2022-06-26 03:36:06,0,0,0.2506266,0,0,98.99749,0.5012531,0.2506266,0
2022-06-26 03:36:05,0,0,1.25,0,0,96,2.5,0.25,0
2022-06-26 03:36:04,0,0,1.4925373,0.2487562,0,95.02488,2.985075,0.2487562,0
2022-06-26 03:36:03,0,0,0.9975062,0.2493766,0,96.7581,1.745636,0.2493766,0
2022-06-26 03:36:02,0,0,0.2512563,0,0,97.23618,2.512563,0,0
2022-06-26 03:36:01,0,0,0.25,0,0,99,0.5,0.25,0
2022-06-26 03:36:00,0,0,0,0,0,99,1,0,0
2022-06-26 03:35:59,0,0,0.2506266,0,0,98.74687,0.7518797,0.2506266,0
2022-06-26 03:35:58,0,0,0.7481297,0.2493766,0,95.51122,2.992519,0.4987531,0
2022-06-26 03:35:57,0,0,1.2531328,0.7518797,0,93.73434,4.260652,0,0
2022-06-26 03:35:56,0,0,1,0.25,0,96.25,2.25,0.25,0
2022-06-26 03:35:55,0,0,0.4987531,0.2493766,0,95.01247,3.990025,0.2493766,0
2022-06-26 03:35:54,0,0,0.75,0.25,0,97,2,0,0
2022-06-26 03:35:53,0,0,0.25,0.25,0,98.5,0.75,0.25,0
2022-06-26 03:35:52,0,0,0,0,0,98.99749,1.0025063,0,0
2022-06-26 03:35:51,0,0,0.2487562,0.2487562,0,98.25871,0.9950249,0.2487562,0
2022-06-26 03:35:50,0,0,0.5025126,0.2512563,0,96.48241,2.512563,0.2512563,0
2022-06-26 03:35:49,0,0,1.2468828,0.2493766,0,95.01247,3.241895,0.2493766,0
2022-06-26 03:35:48,0,0,1.2468828,0.2493766,0,93.51621,4.987531,0,0
2022-06-26 03:35:47,0,0,1.4962594,0.2493766,0,91.5212,6.234414,0.4987531,0
2022-06-26 03:35:46,0,0,0.7575758,0.2525253,0,92.67677,6.313131,0,0
2022-06-26 03:35:45,0,0,1.4888337,0.248139,0,89.57816,8.436725,0.248139,0
2022-06-26 03:35:44,0,0,0.2512563,0,0,93.96985,5.527638,0.2512563,0
2022-06-26 03:35:43,0,0,0.25,0.25,0,91,8.25,0.25,0
2022-06-26 03:35:42,0,0,0,0,0,93.78109,5.970149,0.2487562,0
2022-06-26 03:35:41,0,0,0.2493766,0,0,93.51621,5.486284,0.2493766,0
2022-06-26 03:35:40,0,0,0,0,0,89.75,10,0,0
2022-06-26 03:35:39,0,0,0,0.2518892,0,87.40554,7.556675,0.2518892,0
2022-06-26 03:35:38,0,0,0.2506266,0.2506266,0,92.4812,6.265664,0.2506266,0
2022-06-26 03:35:37,0,0,0,0,0,97.48744,2.512563,0,0
2022-06-26 03:35:36,0,0,0.2487562,0,0,97.51244,1.741294,0.4975124,0
2022-06-26 03:35:35,0,0,0,0,0,99.24433,0.7556675,0,0
2022-06-26 03:35:34,0,0,0.248139,0,0,98.51117,0.9925558,0.248139,0
2022-06-26 03:35:33,0,0,0,0.2512563,0,98.99497,0.5025126,0.2512563,0
2022-06-26 03:35:32,0,0,0,0,0,98.75312,0.9975062,0.2493766,0
2022-06-26 03:35:31,0,0,0,0,0,98.99749,0.7518797,0.2506266,0
2022-06-26 03:35:30,0,0,0.75,0.25,0,96.5,2.5,0,0
2022-06-26 03:35:29,0,0,1.2406948,0.248139,0,95.78164,2.48139,0.248139,0
2022-06-26 03:35:28,0,0,0.7556675,0,0,97.48111,1.763224,0,0
2022-06-26 03:35:27,0,0,0.2493766,0,0,98.25436,1.4962594,0,0
2022-06-26 03:35:26,0,0,0,0,0,99.49875,0.2506266,0.2506266,0
2022-06-26 03:35:25,0,0,0,0,0,98.75,1,0.25,0
2022-06-26 03:35:24,0,0,1,0.25,0,97.25,1.25,0.25,0
2022-06-26 03:35:23,0,0,1.2468828,0,0,95.51122,2.992519,0.2493766,0
2022-06-26 03:35:22,0,0,1.2437811,0.2487562,0,97.01493,1.2437811,0.2487562,0
2022-06-26 03:35:21,0,0,1.0050251,0,0,96.98492,2.01005,0,0
2022-06-26 03:35:20,0,0,0,0,0,98.75312,0.9975062,0.2493766,0
2022-06-26 03:35:19,0,0,0.2506266,0,0,98.99749,0.7518797,0,0
2022-06-26 03:35:18,0,0,0.25,0,0,98.5,1,0.25,0
2022-06-26 03:35:17,0,0,0.7481297,0,0,97.50623,1.745636,0,0
2022-06-26 03:35:16,0,0,1.2468828,0.4987531,0,96.25935,1.745636,0.2493766,0
2022-06-26 03:35:15,0,0,1.0025063,0,0,94.73684,3.759398,0.5012531,0
2022-06-26 03:35:14,0,0,1,0,0,96.5,2.25,0.25,0
2022-06-26 03:35:13,0,0,0.2506266,0.2506266,0,98.24561,1.0025063,0.2506266,0
2022-06-26 03:35:12,0,0,0,0,0,99.25,0.5,0.25,0
2022-06-26 03:35:11,0,0,0.5,0,0,98.5,1,0,0
2022-06-26 03:35:10,0,0,0.5012531,0.2506266,0,97.74436,1.5037594,0,0
2022-06-26 03:35:09,0,0,0.75,0,0,98,1.25,0,0
2022-06-26 03:35:08,0,0,1.2437811,0,0,94.52736,3.482587,0.7462687,0
2022-06-26 03:35:07,0,0,0.7518797,0.2506266,0,96.99248,1.754386,0.2506266,0
2022-06-26 03:35:06,0,0,0.2506266,0,0,98.99749,0.7518797,0,0
2022-06-26 03:35:05,0,0,0,0,0,98.75312,1.2468828,0,0
2022-06-26 03:35:04,0,0,0.2506266,0.2506266,0,98.24561,1.0025063,0.2506266,0
2022-06-26 03:35:03,0,0,0.7481297,0.2493766,0,97.25686,1.4962594,0.2493766,0
2022-06-26 03:35:02,0,0,1.2531328,0,0,95.98997,2.756892,0,0
2022-06-26 03:35:01,0,0,0.7518797,0,0,97.24311,2.005013,0,0
2022-06-26 03:35:00,0,0,0.5012531,0,0,97.49373,1.754386,0.2506266,0
2022-06-26 03:34:59,0,0,0.4987531,0,0,96.00998,3.241895,0.2493766,0
2022-06-26 03:34:58,0,0,0.2506266,0,0,98.74687,1.0025063,0,0
2022-06-26 03:34:57,0,0,0,0,0,99.00249,0.7481297,0.2493766,0
2022-06-26 03:34:56,0,0,0.4975124,0,0,96.76617,2.487562,0.2487562,0
2022-06-26 03:34:55,0,0,1.0025063,0.2506266,0,96.2406,2.255639,0.2506266,0
2022-06-26 03:34:54,0,0,1.2468828,0,0,95.51122,2.992519,0.2493766,0
2022-06-26 03:34:53,0,0,1,0,0,95.25,3.25,0.5,0
2022-06-26 03:34:52,0,0,0.5012531,0,0,97.74436,1.754386,0,0
2022-06-26 03:34:51,0,0,0.2512563,0,0,98.74372,1.0050251,0,0
2022-06-26 03:34:50,0,0,0.2493766,0,0,98.25436,1.2468828,0.2493766,0
2022-06-26 03:34:49,0,0,0,0,0,98.5,1.25,0.25,0
2022-06-26 03:34:48,0,0,0.2493766,0.2493766,0,98.50374,0.9975062,0,0
2022-06-26 03:34:47,0,0,0.75,0,0,96.25,2.5,0.5,0
2022-06-26 03:34:46,0,0,1.995012,0.2493766,0,92.5187,5.236908,0,0
2022-06-26 03:34:45,0,0,2.005013,0.2506266,0,91.4787,5.764411,0.5012531,0
2022-06-26 03:34:44,0,0,1.2531328,0.2506266,0,88.97243,9.273183,0.2506266,0
2022-06-26 03:34:43,0,0,0,0,0,94.25,5.5,0.25,0
2022-06-26 03:34:42,0,0,0.4987531,0.2493766,0,94.76309,3.990025,0.4987531,0
2022-06-26 03:34:41,0,0,0.2493766,0.2493766,0,95.7606,3.740648,0,0
2022-06-26 03:34:40,0,0,0.25,0.25,0,91.5,7.5,0.5,0
2022-06-26 03:34:39,0,0,0.2512563,0,0,93.96985,5.527638,0.2512563,0
2022-06-26 03:34:38,0,0,0.4987531,0,0,89.77556,8.72818,0.2493766,0
2022-06-26 03:34:37,0,0,0,0.7537688,0,69.09548,11.055276,0.5025126,0
2022-06-26 03:34:36,0,0,0.2512563,0,0,93.46734,5.276382,0,0
2022-06-26 03:34:35,0,0,0,0,0,97.75,1.75,0.5,0
2022-06-26 03:34:34,0,0,0,0.2506266,0,96.2406,3.508772,0,0
2022-06-26 03:34:33,0,0,0.2493766,0.2493766,0,98.25436,0.9975062,0.2493766,0
2022-06-26 03:34:32,0,0,0.25,0.25,0,97.5,1.75,0.25,0
2022-06-26 03:34:31,0,0,0,0.25,0,99,0.75,0,0
2022-06-26 03:34:30,0,0,0,0,0,99.00249,0.7481297,0.2493766,0
2022-06-26 03:34:29,0,0,0.2512563,0,0,97.98995,1.5075377,0.2512563,0
2022-06-26 03:34:28,0,0,0.75,0.25,0,96,2.75,0.25,0
2022-06-26 03:34:27,0,0,0.9950249,0,0,95.02488,3.731343,0.2487562,0
2022-06-26 03:34:26,0,0,0.5025126,0,0,97.98995,1.5075377,0,0
2022-06-26 03:34:25,0,0,0,0,0,99.25187,0.4987531,0.2493766,0
2022-06-26 03:34:24,0,0,0.7481297,0,0,97.75561,1.4962594,0,0
2022-06-26 03:34:23,0,0,0.2506266,0,0,98.99749,0.5012531,0.2506266,0
2022-06-26 03:34:22,0,0,0.4987531,0,0,98.00499,1.2468828,0.2493766,0
2022-06-26 03:34:21,0,0,1.2437811,0.2487562,0,94.52736,3.731343,0.2487562,0
2022-06-26 03:34:20,0,0,0.5025126,0,0,98.24121,1.2562814,0,0
2022-06-26 03:34:19,0,0,0.7518797,0.2506266,0,97.24311,1.5037594,0.2506266,0
2022-06-26 03:34:18,0,0,0.2487562,0,0,98.00995,1.4925373,0.2487562,0
2022-06-26 03:34:17,0,0,0.5025126,0,0,97.73869,1.5075377,0.2512563,0
2022-06-26 03:34:16,0,0,0,0,0,98.75312,0.9975062,0.2493766,0
2022-06-26 03:34:15,0,0,0.7481297,0.2493766,0,97.25686,1.745636,0,0
2022-06-26 03:34:14,0,0,1.25,0.25,0,95.25,2.75,0.5,0
2022-06-26 03:34:13,0,0,0.5025126,0.2512563,0,97.48744,1.5075377,0.2512563,0
2022-06-26 03:34:12,0,0,0.9975062,0.2493766,0,95.7606,2.743142,0.2493766,0
2022-06-26 03:34:11,0,0,0.5,0,0,98.5,0.75,0.25,0
2022-06-26 03:34:10,0,0,0.2512563,0,0,98.74372,1.0050251,0,0
2022-06-26 03:34:09,0,0,0,0.25,0,98.5,1,0.25,0
2022-06-26 03:34:08,0,0,0.7537688,0,0,97.23618,1.758794,0.2512563,0
2022-06-26 03:34:07,0,0,0.9975062,0,0,96.50873,2.244389,0.2493766,0
2022-06-26 03:34:06,0,0,0.9975062,0.4987531,0,95.7606,2.244389,0.2493766,0
2022-06-26 03:34:05,0,0,1.25,0.25,0,96,2,0.5,0
2022-06-26 03:34:04,0,0,0.75,0,0,97.75,1.25,0.25,0
2022-06-26 03:34:03,0,0,0,0.25,0,98.25,1.25,0.25,0
2022-06-26 03:34:02,0,0,0.2493766,0,0,98.75312,0.9975062,0,0
2022-06-26 03:34:01,0,0,0.5025126,0,0,97.48744,1.758794,0.2512563,0
2022-06-26 03:34:00,0,0,0.9975062,0.2493766,0,96.00998,2.493766,0.2493766,0
2022-06-26 03:33:59,0,0,1.25,0,0,96,2.75,0,0
2022-06-26 03:33:58,0,0,1.2468828,0.2493766,0,95.26185,2.992519,0.2493766,0
2022-06-26 03:33:57,0,0,1.0025063,0.2506266,0,96.49123,2.005013,0.2506266,0
2022-06-26 03:33:56,0,0,0.25,0,0,98,1.5,0.25,0
2022-06-26 03:33:55,0,0,0.2493766,0,0,98.25436,1.2468828,0.2493766,0
2022-06-26 03:33:54,0,0,0.5012531,0,0,96.74185,2.506266,0.2506266,0
2022-06-26 03:33:53,0,0,0.4987531,0.2493766,0,96.7581,2.244389,0.2493766,0
2022-06-26 03:33:52,0,0,0.5,0,0,96.5,2.75,0.25,0
2022-06-26 03:33:51,0,0,1.25,0.25,0,95,3.5,0,0
2022-06-26 03:33:50,0,0,1.0050251,0,0,96.73367,2.01005,0.2512563,0
2022-06-26 03:33:49,0,0,0.4987531,0,0,98.50374,0.7481297,0.2493766,0
2022-06-26 03:33:48,0,0,0,0,0,98.75,1.25,0,0
2022-06-26 03:33:47,0,0,0,0,0,98.75,1,0.25,0
2022-06-26 03:33:46,0,0,0.4975124,0.2487562,0,97.51244,1.4925373,0.2487562,0
2022-06-26 03:33:45,0,0,0.5025126,0,0,97.23618,2.01005,0.2512563,0
2022-06-26 03:33:44,0,0,0.75,0.25,0,95,4,0,0
2022-06-26 03:33:43,0,0,1.25,0.5,0,92.25,5.75,0.25,0
2022-06-26 03:33:42,0,0,1.995012,0.4987531,0,91.02244,6.483791,0,0
2022-06-26 03:33:41,0,0,0.9975062,0.2493766,0,91.02244,7.23192,0.4987531,0
2022-06-26 03:33:40,0,0,1.2562814,0,0,90.20101,8.542714,0,0
2022-06-26 03:33:39,0,0,0,0,0,93.51621,6.234414,0.2493766,0
2022-06-26 03:33:38,0,0,0,0,0,95,4.75,0.25,0
2022-06-26 03:33:37,0,0,0,0,0,95,5,0,0
2022-06-26 03:33:36,0,0,0.2487562,0.2487562,0,92.53731,6.716418,0.2487562,0
2022-06-26 03:33:35,0,0,0,0,0,95.22613,4.773869,0,0
2022-06-26 03:33:34,0,0,0,0,0,85.71429,10.776942,0.2506266,0
2022-06-26 03:33:33,0,0,0.248139,1.736973,0,69.23077,6.451613,0.248139,0
2022-06-26 03:33:32,0,0,0,0,0,96.51741,2.985075,0.2487562,0
2022-06-26 03:33:31,0,0,0,0,0,98.74687,1.2531328,0,0
2022-06-26 03:33:30,0,0,0,0,0,99,1,0,0
2022-06-26 03:33:29,0,0,0.2493766,0,0,98.50374,0.9975062,0.2493766,0
2022-06-26 03:33:28,0,0,0,0,0,99.49749,0.5025126,0,0
2022-06-26 03:33:27,0,0,0.4987531,0,0,98.25436,0.9975062,0.2493766,0
2022-06-26 03:33:26,0,0,0,0.25,0,98.75,0.75,0.25,0
2022-06-26 03:33:25,0,0,0.7481297,0.4987531,0,96.25935,2.244389,0.2493766,0
2022-06-26 03:33:24,0,0,1.25,0.25,0,96.25,2.25,0,0
2022-06-26 03:33:23,0,0,0.5,0,0,97,2.25,0.25,0
2022-06-26 03:33:22,0,0,0.2493766,0,0,97.75561,1.745636,0.2493766,0
2022-06-26 03:33:21,0,0,0.2506266,0,0,98.74687,0.7518797,0.2506266,0
2022-06-26 03:33:20,0,0,0.2512563,0,0,98.74372,1.0050251,0,0
2022-06-26 03:33:19,0,0,0.4975124,0,0,97.26368,1.99005,0.2487562,0
2022-06-26 03:33:18,0,0,0.9975062,0.4987531,0,95.7606,2.493766,0.2493766,0
2022-06-26 03:33:17,0,0,0.7556675,0,0,97.48111,1.511335,0.2518892,0
2022-06-26 03:33:16,0,0,0.7481297,0.4987531,0,96.25935,2.493766,0,0
2022-06-26 03:33:15,0,0,0.25,0,0,98.25,1,0.5,0
2022-06-26 03:33:14,0,0,0.4987531,0,0,98.50374,0.7481297,0.2493766,0
2022-06-26 03:33:13,0,0,0.4987531,0,0,97.00748,1.995012,0.4987531,0
2022-06-26 03:33:12,0,0,0.5025126,0,0,97.23618,2.01005,0.2512563,0
2022-06-26 03:33:11,0,0,0.7518797,0,0,97.24311,1.754386,0.2506266,0
2022-06-26 03:33:10,0,0,1.4962594,0.4987531,0,94.51372,3.491272,0,0
2022-06-26 03:33:09,0,0,0.7481297,0.2493766,0,96.25935,2.493766,0.2493766,0
2022-06-26 03:33:08,0,0,0.2506266,0,0,98.49624,1.0025063,0.2506266,0
2022-06-26 03:33:07,0,0,0.5,0.25,0,98,1.25,0,0
2022-06-26 03:33:06,0,0,0.25,0,0,98,1.5,0.25,0
2022-06-26 03:33:05,0,0,0.5,0,0,97.5,1.75,0.25,0
2022-06-26 03:33:04,0,0,0.4987531,0.2493766,0,97.50623,1.4962594,0.2493766,0
2022-06-26 03:33:03,0,0,1.25,0.25,0,95.75,2.75,0,0
2022-06-26 03:33:02,0,0,1.0025063,0,0,96.74185,1.754386,0.5012531,0
2022-06-26 03:33:01,0,0,0.25,0,0,98.5,1,0.25,0
2022-06-26 03:33:00,0,0,0.2493766,0,0,98.00499,1.4962594,0.2493766,0
2022-06-26 03:32:59,0,0,0.5025126,0,0,97.98995,1.5075377,0,0
2022-06-26 03:32:58,0,0,0.9925558,0.4962779,0,96.52605,1.4888337,0.4962779,0
2022-06-26 03:32:57,0,0,0.5012531,0,0,96.99248,2.255639,0.2506266,0
2022-06-26 03:32:56,0,0,0.7518797,0.2506266,0,96.74185,2.255639,0,0
2022-06-26 03:32:55,0,0,0.75,0.25,0,96.25,2.75,0,0
2022-06-26 03:32:54,0,0,0.4975124,0,0,96.76617,2.487562,0.2487562,0
2022-06-26 03:32:53,0,0,0.2518892,0,0,98.23678,1.511335,0,0
2022-06-26 03:32:52,0,0,0.4987531,0.2493766,0,97.50623,1.2468828,0.4987531,0
2022-06-26 03:32:51,0,0,0.75,0.25,0,95.75,3,0.25,0
2022-06-26 03:32:50,0,0,0.7462687,0,0,96.51741,2.487562,0.2487562,0
2022-06-26 03:32:49,0,0,0.2506266,0,0,97.24311,2.255639,0.2506266,0
2022-06-26 03:32:48,0,0,0.7518797,0,0,97.49373,1.754386,0,0
2022-06-26 03:32:47,0,0,1,0,0,95.75,2.5,0.75,0
2022-06-26 03:32:46,0,0,0.4987531,0.2493766,0,97.25686,1.745636,0.2493766,0
2022-06-26 03:32:45,0,0,0.25,0,0,98.5,1.25,0,0
2022-06-26 03:32:44,0,0,0.5,0,0,97.25,2.25,0,0
2022-06-26 03:32:43,0,0,0.5012531,0.2506266,0,95.2381,3.508772,0.5012531,0
2022-06-26 03:32:42,0,0,1,0.25,0,94.25,4.25,0.25,0
2022-06-26 03:32:41,0,0,1.25,0,0,94.25,4.25,0.25,0
2022-06-26 03:32:40,0,0,1.5,0.5,0,92,6,0,0
2022-06-26 03:32:39,0,0,0.9975062,0,0,94.01496,4.738155,0.2493766,0
2022-06-26 03:32:38,0,0,0.7462687,0.2487562,0,92.28856,5.970149,0.7462687,0
2022-06-26 03:32:37,0,0,0.7537688,0,0,88.94472,10.050251,0.2512563,0
2022-06-26 03:32:36,0,0,0.5012531,0,0,92.73183,6.516291,0.2506266,0
2022-06-26 03:32:35,0,0,0,0,0,92.98246,6.766917,0.2506266,0
2022-06-26 03:32:34,0,0,0,0.2493766,0,93.01746,6.483791,0.2493766,0
2022-06-26 03:32:33,0,0,0.2487562,0,0,92.53731,6.965174,0.2487562,0
2022-06-26 03:32:32,0,0,0,0.2518892,0,93.19899,6.297229,0.2518892,0
2022-06-26 03:32:31,0,0,0.25,0.25,0,91.75,5.75,0.25,0
2022-06-26 03:32:30,0,0,0,0,0,96.50873,2.992519,0.2493766,0
2022-06-26 03:32:29,0,0,0,0,0,96.98492,2.763819,0.2512563,0
2022-06-26 03:32:28,0,0,0.25,0,0,98.5,0.75,0.5,0
2022-06-26 03:32:27,0,0,0,0,0,99.24812,0.7518797,0,0
2022-06-26 03:32:26,0,0,0.25,0.25,0,98,1.5,0,0
2022-06-26 03:32:25,0,0,0.4987531,0,0,98.00499,1.2468828,0.2493766,0
2022-06-26 03:32:24,0,0,0.5012531,0,0,98.74687,0.7518797,0,0
2022-06-26 03:32:23,0,0,0.7481297,0,0,97.25686,1.745636,0.2493766,0
2022-06-26 03:32:22,0,0,0.5025126,0,0,97.48744,2.01005,0,0
2022-06-26 03:32:21,0,0,0.7481297,0.2493766,0,97.75561,1.2468828,0,0
2022-06-26 03:32:20,0,0,0.2493766,0,0,98.25436,1.2468828,0.2493766,0
2022-06-26 03:32:19,0,0,0.4987531,0,0,98.00499,1.2468828,0.2493766,0
2022-06-26 03:32:18,0,0,0.2506266,0,0,98.24561,1.0025063,0.5012531,0
2022-06-26 03:32:17,0,0,0.7518797,0,0,96.74185,2.255639,0.2506266,0
2022-06-26 03:32:16,0,0,1,0.5,0,95.5,2.75,0.25,0
2022-06-26 03:32:15,0,0,0.75,0,0,97.25,1.75,0.25,0
2022-06-26 03:32:14,0,0,0.75,0,0,96.75,2.25,0.25,0
2022-06-26 03:32:13,0,0,0.25,0,0,97.75,1.75,0.25,0
2022-06-26 03:32:12,0,0,0.2487562,0.2487562,0,97.76119,1.4925373,0.2487562,0
2022-06-26 03:32:11,0,0,0.5025126,0,0,98.99497,0.5025126,0,0
2022-06-26 03:32:10,0,0,0.75,0,0,97,2,0.25,0
2022-06-26 03:32:09,0,0,0.9975062,0,0,96.25935,2.493766,0.2493766,0
2022-06-26 03:32:08,0,0,0.7518797,0,0,96.2406,2.756892,0.2506266,0
2022-06-26 03:32:07,0,0,1,0.25,0,96.5,2,0.25,0
2022-06-26 03:32:06,0,0,0,0.2493766,0,98.75312,0.7481297,0.2493766,0
2022-06-26 03:32:05,0,0,0.5,0,0,98,1.5,0,0
2022-06-26 03:32:04,0,0,0.2487562,0,0,98.00995,1.4925373,0.2487562,0
2022-06-26 03:32:03,0,0,0.5037783,0,0,97.22922,2.267003,0,0
2022-06-26 03:32:02,0,0,0.9950249,0.2487562,0,95.52239,2.736318,0.4975124,0
2022-06-26 03:32:01,0,0,1.0025063,0,0,96.2406,2.756892,0,0
2022-06-26 03:32:00,0,0,0.5012531,0,0,98.74687,0.7518797,0,0
2022-06-26 03:31:59,0,0,0.2493766,0,0,98.50374,0.9975062,0.2493766,0
2022-06-26 03:31:58,0,0,0.2493766,0,0,98.25436,1.2468828,0.2493766,0
2022-06-26 03:31:57,0,0,0.7537688,0,0,95.9799,3.266332,0,0
2022-06-26 03:31:56,0,0,0.5,0.5,0,97,1.75,0.25,0
2022-06-26 03:31:55,0,0,0.9925558,0,0,96.52605,2.48139,0,0
2022-06-26 03:31:54,0,0,1.0075567,0,0,95.71788,3.02267,0.2518892,0
2022-06-26 03:31:53,0,0,0.4975124,0.7462687,0,94.77612,3.482587,0.4975124,0
2022-06-26 03:31:52,0,0,0.2512563,0,0,98.74372,1.0050251,0,0
2022-06-26 03:31:51,0,0,0,0.25,0,98.25,1.25,0.25,0
2022-06-26 03:31:50,0,0,0.25,0,0,97.5,2,0.25,0
2022-06-26 03:31:49,0,0,0.9975062,0.2493766,0,95.51122,2.493766,0.7481297,0
2022-06-26 03:31:48,0,0,0.7481297,0,0,96.25935,2.743142,0.2493766,0
2022-06-26 03:31:47,0,0,0.75,0.25,0,96.5,2.25,0.25,0
2022-06-26 03:31:46,0,0,1.25,0,0,94.75,3.75,0.25,0
2022-06-26 03:31:45,0,0,0.7518797,0,0,96.49123,2.506266,0.2506266,0
2022-06-26 03:31:44,0,0,0,0,0,98.99497,1.0050251,0,0
2022-06-26 03:31:43,0,0,0,0,0,99.00249,0.7481297,0.2493766,0
2022-06-26 03:31:42,0,0,0.2493766,0.2493766,0,98.25436,0.9975062,0.2493766,0
2022-06-26 03:31:41,0,0,0.75,0.25,0,95,4,0,0
2022-06-26 03:31:40,0,0,1.5037594,0,0,94.48622,4.010025,0,0
2022-06-26 03:31:39,0,0,1.2468828,0.2493766,0,94.51372,3.740648,0.2493766,0
2022-06-26 03:31:38,0,0,1,0.5,0,91.5,6.5,0.5,0
2022-06-26 03:31:37,0,0,0.7481297,0.2493766,0,94.51372,4.488778,0,0
2022-06-26 03:31:36,0,0,1.2531328,0,0,93.98496,4.511278,0.2506266,0
2022-06-26 03:31:35,0,0,0.9975062,0.4987531,0,91.02244,7.481297,0,0
2022-06-26 03:31:34,0,0,0.7518797,0.5012531,0,91.97995,6.516291,0.2506266,0
2022-06-26 03:31:33,0,0,0,0,0,95.01247,4.738155,0.2493766,0
2022-06-26 03:31:32,0,0,0,0,0,90.45226,8.79397,0.5025126,0
2022-06-26 03:31:31,0,0,0.2493766,0.2493766,0,89.52618,8.229426,0.2493766,0
2022-06-26 03:31:30,0,0,0,0,0,94.48622,5.263158,0.2506266,0
2022-06-26 03:31:29,0,0,0.25,0,0,93.5,5.75,0.25,0
2022-06-26 03:31:28,0,0,0,0,0,96,3.25,0.25,0
2022-06-26 03:31:27,0,0,0.2518892,0,0,98.23678,1.511335,0,0
2022-06-26 03:31:26,0,0,0,0,0,98.75312,0.9975062,0.2493766,0
2022-06-26 03:31:25,0,0,1.0025063,0,0,98.74687,0.2506266,0,0
2022-06-26 03:31:24,0,0,0.4975124,0,0,98.25871,0.9950249,0.2487562,0
2022-06-26 03:31:23,0,0,0,0.2506266,0,98.49624,1.2531328,0,0
2022-06-26 03:31:22,0,0,0.25,0,0,97.25,2.25,0.25,0
2022-06-26 03:31:21,0,0,0.75,0.25,0,96.75,2,0.25,0
2022-06-26 03:31:20,0,0,0.5,0,0,98.25,1.25,0,0
2022-06-26 03:31:19,0,0,0.5012531,0.2506266,0,98.24561,1.0025063,0,0
2022-06-26 03:31:18,0,0,0.4987531,0.2493766,0,96.7581,2.244389,0.2493766,0
2022-06-26 03:31:17,0,0,0.4987531,0,0,98.25436,1.2468828,0,0
2022-06-26 03:31:16,0,0,0,0,0,99.24623,0.5025126,0.2512563,0
2022-06-26 03:31:15,0,0,0.75,0.25,0,96.5,2.25,0.25,0
2022-06-26 03:31:14,0,0,0.9975062,0,0,96.7581,1.995012,0.2493766,0
2022-06-26 03:31:13,0,0,1.0025063,0.2506266,0,96.2406,2.255639,0.2506266,0
2022-06-26 03:31:12,0,0,0.7462687,0.4975124,0,96.51741,1.99005,0.2487562,0
2022-06-26 03:31:11,0,0,0.2506266,0,0,98.74687,0.7518797,0.2506266,0
2022-06-26 03:31:10,0,0,0,0,0,99,0.75,0.25,0
2022-06-26 03:31:09,0,0,0.5012531,0,0,97.99499,1.5037594,0,0
2022-06-26 03:31:08,0,0,0.75,0,0,98,1.25,0,0
2022-06-26 03:31:07,0,0,1.2468828,0,0,95.51122,2.992519,0.2493766,0
2022-06-26 03:31:06,0,0,0.75,0.25,0,97,2,0,0
2022-06-26 03:31:05,0,0,0.75,0,0,96.75,2.25,0.25,0
2022-06-26 03:31:04,0,0,0.5,0,0,97.75,1.5,0.25,0
2022-06-26 03:31:03,0,0,0.25,0,0,98.25,1.5,0,0
2022-06-26 03:31:02,0,0,0.4975124,0.2487562,0,98.25871,0.7462687,0.2487562,0
2022-06-26 03:31:01,0,0,0.5012531,0,0,97.74436,1.5037594,0,0
2022-06-26 03:31:00,0,0,1.2531328,0,0,95.2381,2.756892,0.7518797,0
2022-06-26 03:30:59,0,0,0.5,0,0,97,2.25,0.25,0
2022-06-26 03:30:58,0,0,0.75,0.25,0,96.75,2,0.25,0
2022-06-26 03:30:57,0,0,0.25,0,0,98.75,1,0,0
2022-06-26 03:30:56,0,0,0,0,0,99.25,0.25,0.5,0
2022-06-26 03:30:55,0,0,0.5,0,0,97.25,2.25,0,0
2022-06-26 03:30:54,0,0,1,0,0,97.75,1,0.25,0
2022-06-26 03:30:53,0,0,1,0.25,0,96,2.5,0.25,0
2022-06-26 03:30:52,0,0,0.5012531,0,0,96.99248,2.506266,0,0
2022-06-26 03:30:51,0,0,0.75,0,0,97.75,1.5,0,0
2022-06-26 03:30:50,0,0,0.4987531,0.2493766,0,98.00499,0.9975062,0.2493766,0
2022-06-26 03:30:49,0,0,0,0,0,98.75,1,0.25,0
2022-06-26 03:30:48,0,0,0.2493766,0,0,98.00499,1.4962594,0.2493766,0
2022-06-26 03:30:47,0,0,0.5,0,0,97.75,1.5,0.25,0
2022-06-26 03:30:46,0,0,0.9975062,0.2493766,0,94.51372,3.740648,0.4987531,0
2022-06-26 03:30:45,0,0,0.7537688,0,0,95.22613,4.020101,0,0
2022-06-26 03:30:44,0,0,0.5,0,0,97.5,1.75,0.25,0
2022-06-26 03:30:43,0,0,0.4987531,0.2493766,0,97.75561,0.9975062,0.4987531,0
2022-06-26 03:30:42,0,0,0.7518797,0.5012531,0,96.99248,1.754386,0,0
2022-06-26 03:30:41,0,0,0,0,0,98.75,0.75,0.5,0
2022-06-26 03:30:40,0,0,0.25,0,0,98.75,1,0,0
2022-06-26 03:30:39,0,0,0.5,0,0,96.75,2.5,0.25,0
2022-06-26 03:30:38,0,0,0.75,0.25,0,95,4,0,0
2022-06-26 03:30:37,0,0,1.25,0.25,0,92.5,5.75,0.25,0
2022-06-26 03:30:36,0,0,1.745636,0.2493766,0,89.02743,8.478803,0.4987531,0
2022-06-26 03:30:35,0,0,1.25,0.5,0,91,7.25,0,0
2022-06-26 03:30:34,0,0,1.25,0,0,94.25,4.25,0.25,0
2022-06-26 03:30:33,0,0,0.4987531,0,0,91.5212,7.730673,0.2493766,0
2022-06-26 03:30:32,0,0,0.5025126,0,0,94.47236,4.773869,0.2512563,0
2022-06-26 03:30:31,0,0,0.2493766,0.2493766,0,92.01995,7.23192,0.2493766,0
2022-06-26 03:30:30,0,0,0.2493766,0,0,92.26933,6.982544,0.4987531,0
2022-06-26 03:30:29,0,0,0,0,0,92.25,7,0.5,0
2022-06-26 03:30:28,0,0,0.2512563,0.2512563,0,89.94975,9.045226,0.5025126,0
2022-06-26 03:30:27,0,0,0,0.4987531,0,91.27182,6.234414,0.7481297,0
2022-06-26 03:30:26,0,0,0.5037783,0,0,92.19144,6.549118,0.5037783,0
2022-06-26 03:30:25,0,0,0.2487562,0,0,97.76119,1.4925373,0.2487562,0
2022-06-26 03:30:24,0,0,0.5012531,0,0,98.24561,1.0025063,0.2506266,0
2022-06-26 03:30:23,0,0,0,0.2493766,0,98.00499,1.4962594,0.2493766,0
2022-06-26 03:30:22,0,0,0.2493766,0,0,99.00249,0.7481297,0,0
2022-06-26 03:30:21,0,0,0.25,0,0,98.25,1.5,0,0
2022-06-26 03:30:20,0,0,0.2512563,0.2512563,0,97.23618,2.01005,0.2512563,0
2022-06-26 03:30:19,0,0,0.75,0.25,0,97.75,1,0.25,0
2022-06-26 03:30:18,0,0,0.2493766,0,0,98.25436,1.2468828,0.2493766,0
2022-06-26 03:30:17,0,0,0.5012531,0,0,97.99499,1.2531328,0.2506266,0
2022-06-26 03:30:16,0,0,0.9975062,0.2493766,0,96.00998,2.493766,0.2493766,0
2022-06-26 03:30:15,0,0,0.2506266,0,0,98.49624,1.2531328,0,0
2022-06-26 03:30:14,0,0,0.2493766,0,0,98.50374,0.9975062,0.2493766,0
2022-06-26 03:30:13,0,0,0.75,0.25,0,97.5,1.25,0.25,0
2022-06-26 03:30:12,0,0,0.5,0,0,97.75,1.5,0.25,0
2022-06-26 03:30:11,0,0,0.4987531,0.2493766,0,96.7581,2.244389,0.2493766,0
2022-06-26 03:30:10,0,0,1.2531328,0,0,96.49123,2.255639,0,0
2022-06-26 03:30:09,0,0,0.5,0,0,97,2.25,0.25,0
2022-06-26 03:30:08,0,0,0.2506266,0,0,97.99499,1.754386,0,0
2022-06-26 03:30:07,0,0,0.25,0,0,99,0.5,0.25,0
2022-06-26 03:30:06,0,0,0.9975062,0.2493766,0,95.7606,2.743142,0.2493766,0
2022-06-26 03:30:05,0,0,0.5,0,0,97.25,2,0.25,0
2022-06-26 03:30:04,0,0,0.5,0.25,0,97.5,1.75,0,0
2022-06-26 03:30:03,0,0,1.25,0.25,0,95.5,2.75,0.25,0
2022-06-26 03:30:02,0,0,0.75,0,0,97.5,1.25,0.5,0
2022-06-26 03:30:01,0,0,0.25,0.25,0,98,1.25,0.25,0
2022-06-26 03:30:00,0,0,0.5012531,0,0,97.99499,1.5037594,0,0
2022-06-26 03:29:59,0,0,0.7481297,0.2493766,0,97.25686,1.4962594,0.2493766,0
2022-06-26 03:29:58,0,0,0.2506266,0.2506266,0,97.99499,1.5037594,0,0
2022-06-26 03:29:57,0,0,0.7462687,0,0,97.76119,1.2437811,0.2487562,0
2022-06-26 03:29:56,0,0,0.7537688,0.2512563,0,96.48241,2.261307,0.2512563,0
2022-06-26 03:29:55,0,0,0.9950249,0,0,96.76617,1.99005,0.2487562,0
2022-06-26 03:29:54,0,0,0.2512563,0,0,97.98995,1.2562814,0.5025126,0
2022-06-26 03:29:53,0,0,0.4987531,0.2493766,0,97.75561,1.2468828,0.2493766,0
2022-06-26 03:29:52,0,0,0.75,0,0,96.25,3,0,0
2022-06-26 03:29:51,0,0,0.4987531,0,0,97.25686,1.745636,0.4987531,0
2022-06-26 03:29:50,0,0,0.5025126,0,0,97.48744,2.01005,0,0
2022-06-26 03:29:49,0,0,0.9950249,0,0,95.27363,3.731343,0,0
2022-06-26 03:29:48,0,0,0.7518797,0.2506266,0,96.49123,2.005013,0.5012531,0
2022-06-26 03:29:47,0,0,0.2493766,0.2493766,0,97.75561,1.4962594,0.2493766,0
2022-06-26 03:29:46,0,0,0.2493766,0,0,98.50374,1.2468828,0,0
2022-06-26 03:29:45,0,0,0,0,0,98.24121,1.5075377,0.2512563,0
2022-06-26 03:29:44,0,0,0.9950249,0,0,95.52239,3.233831,0.2487562,0
2022-06-26 03:29:43,0,0,1.0050251,0.2512563,0,94.72362,3.517588,0.5025126,0
2022-06-26 03:29:42,0,0,0.4987531,0,0,96.25935,2.992519,0.2493766,0
2022-06-26 03:29:41,0,0,0.4987531,0.2493766,0,97.25686,1.995012,0,0
2022-06-26 03:29:40,0,0,0.7518797,0,0,97.49373,1.754386,0,0
2022-06-26 03:29:39,0,0,0.2506266,0,0,97.24311,2.005013,0.5012531,0
2022-06-26 03:29:38,0,0,0,0,0,98.99497,1.0050251,0,0
2022-06-26 03:29:37,0,0,0.2487562,0,0,97.76119,1.741294,0.2487562,0
2022-06-26 03:29:36,0,0,0.4987531,0.2493766,0,95.7606,3.241895,0.2493766,0
2022-06-26 03:29:35,0,0,1.5037594,0,0,94.98747,3.258145,0.2506266,0
2022-06-26 03:29:34,0,0,1.5075377,0,0,92.96482,5.276382,0.2512563,0
2022-06-26 03:29:33,0,0,0.9950249,0.4975124,0,90.54726,7.462687,0.4975124,0
2022-06-26 03:29:32,0,0,0.9950249,0,0,93.53234,5.472637,0,0
2022-06-26 03:29:31,0,0,0.2506266,0.2506266,0,93.23308,5.764411,0.5012531,0
2022-06-26 03:29:30,0,0,0.75,0.25,0,93.5,5,0.5,0
2022-06-26 03:29:29,0,0,0.2506266,0.2506266,0,92.98246,6.265664,0.2506266,0
2022-06-26 03:29:28,0,0,0.4987531,0,0,92.5187,6.733167,0.2493766,0
2022-06-26 03:29:27,0,0,0.2493766,0.2493766,0,89.77556,9.226933,0.4987531,0
2022-06-26 03:29:26,0,0,0,0,0,87.81726,10.152284,0.2538071,0
2022-06-26 03:29:25,0,0,0.7444169,0.248139,0,89.57816,8.436725,0.248139,0
2022-06-26 03:29:24,0,0,0.5037783,0.2518892,0,94.96222,4.282116,0,0
2022-06-26 03:29:23,0,0,0,0,0,96.50873,2.992519,0.4987531,0
2022-06-26 03:29:22,0,0,0.2493766,0,0,97.75561,1.745636,0.2493766,0
2022-06-26 03:29:21,0,0,0,0,0,97.99499,1.754386,0.2506266,0
2022-06-26 03:29:20,0,0,0,0,0,98.74687,1.0025063,0.2506266,0
2022-06-26 03:29:19,0,0,0.248139,0,0,99.25558,0.248139,0.248139,0
2022-06-26 03:29:18,0,0,0,0,0,98.49246,1.2562814,0.2512563,0
2022-06-26 03:29:17,0,0,0.2487562,0,0,98.50746,0.9950249,0.2487562,0
2022-06-26 03:29:16,0,0,1.010101,0.2525253,0,96.21212,2.525253,0,0
2022-06-26 03:29:15,0,0,0.2493766,0,0,98.50374,1.2468828,0,0
2022-06-26 03:29:14,0,0,0.9950249,0.4975124,0,96.26866,1.741294,0.4975124,0
2022-06-26 03:29:13,0,0,0.5025126,0.5025126,0,96.48241,2.512563,0,0
2022-06-26 03:29:12,0,0,0.248139,0.248139,0,98.75931,0.248139,0.4962779,0
2022-06-26 03:29:11,0,0,0,0,0,98.74055,1.2594458,0,0
2022-06-26 03:29:10,0,0,0.7518797,0.2506266,0,96.99248,1.754386,0.2506266,0
2022-06-26 03:29:09,0,0,1.2406948,0.248139,0,95.78164,2.48139,0.248139,0
2022-06-26 03:29:08,0,0,0.7518797,0,0,96.74185,2.506266,0,0
2022-06-26 03:29:07,0,0,1.2531328,0.2506266,0,95.48872,3.007519,0,0
2022-06-26 03:29:06,0,0,0.2493766,0,0,98.50374,0.9975062,0.2493766,0
2022-06-26 03:29:05,0,0,0,0,0,98.24561,1.5037594,0.2506266,0
2022-06-26 03:29:04,0,0,0.2493766,0,0,98.75312,0.9975062,0,0
2022-06-26 03:29:03,0,0,0.7518797,0,0,97.49373,1.5037594,0.2506266,0
2022-06-26 03:29:02,0,0,1.25,0,0,95.75,2.75,0.25,0
2022-06-26 03:29:01,0,0,1.25,0,0,95.25,3.5,0,0
2022-06-26 03:29:00,0,0,0.7481297,0.2493766,0,97.00748,1.4962594,0.2493766,0
2022-06-26 03:28:59,0,0,0,0,0,99,0.75,0.25,0
2022-06-26 03:28:58,0,0,0,0.2512563,0,98.99497,0.7537688,0,0
2022-06-26 03:28:57,0,0,0.2493766,0,0,99.25187,0.2493766,0.2493766,0
2022-06-26 03:28:56,0,0,0.4987531,0.2493766,0,96.7581,2.493766,0,0
2022-06-26 03:28:55,0,0,1.5037594,0,0,95.48872,3.007519,0,0
2022-06-26 03:28:54,0,0,1.2468828,0.2493766,0,95.7606,2.493766,0.2493766,0
2022-06-26 03:28:53,0,0,0.75,0,0,98,1,0.25,0
2022-06-26 03:28:52,0,0,0.2506266,0,0,97.49373,1.754386,0.5012531,0
2022-06-26 03:28:51,0,0,0,0,0,99.5,0.25,0.25,0
2022-06-26 03:28:50,0,0,0,0,0,99,1,0,0
2022-06-26 03:28:49,0,0,0.7481297,0,0,96.50873,2.743142,0,0
2022-06-26 03:28:48,0,0,1.2562814,0.2512563,0,94.72362,3.266332,0.5025126,0
2022-06-26 03:28:47,0,0,1.2468828,0.2493766,0,96.7581,1.4962594,0.2493766,0
2022-06-26 03:28:46,0,0,0.75,0,0,95.5,3.5,0.25,0
2022-06-26 03:28:45,0,0,0.25,0.25,0,98.5,1,0,0
2022-06-26 03:28:44,0,0,0,0,0,99.25,0.5,0.25,0
2022-06-26 03:28:43,0,0,0.2487562,0,0,98.50746,0.9950249,0.2487562,0
2022-06-26 03:28:42,0,0,0.7537688,0,0,95.72864,3.517588,0,0
2022-06-26 03:28:41,0,0,1.2437811,0,0,94.52736,3.9801,0.2487562,0
2022-06-26 03:28:40,0,0,0.7537688,0.2512563,0,95.72864,3.015075,0.2512563,0
2022-06-26 03:28:39,0,0,0.7481297,0,0,97.00748,1.995012,0.2493766,0
2022-06-26 03:28:38,0,0,0.7518797,0,0,96.99248,1.5037594,0.7518797,0
2022-06-26 03:28:37,0,0,0,0,0,98.24561,1.5037594,0.2506266,0
2022-06-26 03:28:36,0,0,0,0,0,99.00249,0.7481297,0.2493766,0
2022-06-26 03:28:35,0,0,0,0,0,99.74937,0.2506266,0,0
2022-06-26 03:28:34,0,0,0.4975124,0.2487562,0,95.52239,3.482587,0.2487562,0
2022-06-26 03:28:33,0,0,1.25,0.25,0,94.5,3.75,0.25,0
2022-06-26 03:28:32,0,0,1.2468828,0.2493766,0,94.01496,4.488778,0,0
2022-06-26 03:28:31,0,0,1.745636,0.2493766,0,91.02244,6.483791,0.4987531,0
2022-06-26 03:28:30,0,0,1.010101,0.2525253,0,90.65657,8.080808,0,0
2022-06-26 03:28:29,0,0,0.7444169,0.248139,0,89.57816,8.933002,0.4962779,0
2022-06-26 03:28:28,0,0,0.5037783,0,0,94.45844,5.037783,0,0
2022-06-26 03:28:27,0,0,0.25,0.25,0,91.75,7.25,0.5,0
2022-06-26 03:28:26,0,0,0.2487562,0,0,94.77612,4.477612,0.4975124,0
2022-06-26 03:28:25,0,0,0,0,0,93,7,0,0
2022-06-26 03:28:24,0,0,0.5025126,0.2512563,0,89.94975,8.542714,0.2512563,0
2022-06-26 03:28:23,0,0,0,0,0,83.75,11,0.5,0
2022-06-26 03:28:22,0,0,0.2512563,0.2512563,0,91.9598,6.78392,0,0
2022-06-26 03:28:21,0,0,0.25,0.25,0,96,3,0.5,0
2022-06-26 03:28:20,0,0,0.2506266,0,0,97.74436,2.005013,0,0
2022-06-26 03:28:19,0,0,0,0,0,98.99497,0.7537688,0.2512563,0
2022-06-26 03:28:18,0,0,0.2487562,0,0,99.00498,0.4975124,0.2487562,0
2022-06-26 03:28:17,0,0,0,0,0,99.49875,0.5012531,0,0
2022-06-26 03:28:16,0,0,0,0,0,99.25,0.5,0.25,0
2022-06-26 03:28:15,0,0,0,0.2493766,0,98.75312,0.7481297,0.2493766,0
2022-06-26 03:28:14,0,0,1,0,0,95.75,2.75,0.5,0
2022-06-26 03:28:13,0,0,1.2531328,0.2506266,0,96.2406,2.255639,0,0
2022-06-26 03:28:12,0,0,0.2493766,0,0,98.25436,1.2468828,0.2493766,0
2022-06-26 03:28:11,0,0,0.2506266,0,0,96.99248,2.506266,0.2506266,0
2022-06-26 03:28:10,0,0,0.2493766,0,0,98.50374,1.2468828,0,0
2022-06-26 03:28:09,0,0,0,0,0,98.75,1,0.25,0
2022-06-26 03:28:08,0,0,0.5012531,0.2506266,0,97.49373,1.754386,0,0
2022-06-26 03:28:07,0,0,1.4925373,0.4975124,0,94.27861,3.233831,0.4975124,0
2022-06-26 03:28:06,0,0,1.5075377,0,0,95.9799,2.01005,0.5025126,0
2022-06-26 03:28:05,0,0,0,0,0,98,1.75,0.25,0
2022-06-26 03:28:04,0,0,0.5,0,0,97.5,2,0,0
2022-06-26 03:28:03,0,0,0.25,0,0,98.5,1,0.25,0
2022-06-26 03:28:02,0,0,0,0.2493766,0,98.25436,1.2468828,0.2493766,0
2022-06-26 03:28:01,0,0,0.75,0.25,0,97.25,1.75,0,0
2022-06-26 03:28:00,0,0,1.5,0,0,95.5,2.5,0.5,0
2022-06-26 03:27:59,0,0,1.2562814,0.5025126,0,94.47236,3.517588,0.2512563,0
2022-06-26 03:27:58,0,0,0.2493766,0.2493766,0,98.75312,0.7481297,0,0
2022-06-26 03:27:57,0,0,0.4975124,0,0,97.76119,1.4925373,0.2487562,0
2022-06-26 03:27:56,0,0,0.2518892,0,0,97.733,2.015113,0,0
2022-06-26 03:27:55,0,0,0.2487562,0.2487562,0,98.75622,0.4975124,0.2487562,0
2022-06-26 03:27:54,0,0,0.5012531,0,0,97.49373,2.005013,0,0
2022-06-26 03:27:53,0,0,1.75,0.25,0,94,3.75,0.25,0
2022-06-26 03:27:52,0,0,0.9975062,0.2493766,0,96.50873,1.995012,0.2493766,0
2022-06-26 03:27:51,0,0,0.7462687,0,0,97.51244,1.741294,0,0
2022-06-26 03:27:50,0,0,0.2518892,0,0,97.733,1.511335,0.5037783,0
2022-06-26 03:27:49,0,0,0,0,0,99.25373,0.4975124,0.2487562,0
2022-06-26 03:27:48,0,0,0.2512563,0,0,98.74372,0.7537688,0.2512563,0
2022-06-26 03:27:47,0,0,0.5,0.25,0,97,2.25,0,0
2022-06-26 03:27:46,0,0,1.5037594,0.2506266,0,93.98496,4.260652,0,0
2022-06-26 03:27:45,0,0,1.2437811,0.4975124,0,95.77114,2.238806,0.2487562,0
2022-06-26 03:27:44,0,0,0.5012531,0,0,96.99248,2.255639,0.2506266,0
2022-06-26 03:27:43,0,0,0.2506266,0,0,97.74436,2.005013,0,0
2022-06-26 03:27:42,0,0,0.25,0,0,99,0.5,0.25,0
2022-06-26 03:27:41,0,0,0.2487562,0.2487562,0,98.25871,0.9950249,0.2487562,0
2022-06-26 03:27:40,0,0,0.2506266,0,0,98.49624,1.2531328,0,0
2022-06-26 03:27:39,0,0,0.7518797,0,0,96.2406,3.007519,0,0
2022-06-26 03:27:38,0,0,1.4962594,0.2493766,0,93.26683,4.738155,0.2493766,0
2022-06-26 03:27:37,0,0,0.75,0,0,95,4,0.25,0
2022-06-26 03:27:36,0,0,0.5,0,0,97.75,1.75,0,0
2022-06-26 03:27:35,0,0,0.5,0,0,97.75,1.5,0.25,0
2022-06-26 03:27:34,0,0,0,0,0,99,0.75,0.25,0
2022-06-26 03:27:33,0,0,0,0,0,99.25,0.25,0.5,0
2022-06-26 03:27:32,0,0,0.4987531,0.4987531,0,96.7581,1.995012,0.2493766,0
2022-06-26 03:27:31,0,0,0.5012531,0,0,95.48872,3.759398,0.2506266,0
2022-06-26 03:27:30,0,0,1.2437811,0.2487562,0,93.53234,4.726368,0.2487562,0
2022-06-26 03:27:29,0,0,1.758794,0.2512563,0,91.20603,6.532663,0.2512563,0
2022-06-26 03:27:28,0,0,1.4888337,0.4962779,0,90.57072,7.19603,0.248139,0
2022-06-26 03:27:27,0,0,0.5063291,0,0,92.65823,6.835443,0,0
2022-06-26 03:27:26,0,0,0.7481297,0,0,93.76559,5.486284,0,0
2022-06-26 03:27:25,0,0,0.4975124,0.4975124,0,94.02985,4.477612,0.4975124,0
2022-06-26 03:27:24,0,0,0.5,0,0,93.25,6.25,0,0
2022-06-26 03:27:23,0,0,0.25,0.25,0,93,6.25,0.25,0
2022-06-26 03:27:22,0,0,0,0,0,91.25,8.25,0.25,0
2022-06-26 03:27:21,0,0,0,0,0,89.94975,8.79397,0.5025126,0
2022-06-26 03:27:20,0,0,0.2506266,0,0,91.22807,8.02005,0,0
2022-06-26 03:27:19,0,0,0,0.25,0,96.5,3,0.25,0
2022-06-26 03:27:18,0,0,0,0,0,96.74185,3.007519,0.2506266,0
2022-06-26 03:27:17,0,0,0.248139,0.248139,0,97.27047,1.736973,0.4962779,0
2022-06-26 03:27:16,0,0,0,0,0,98.99497,1.0050251,0,0
2022-06-26 03:27:15,0,0,0,0,0,99.00249,0.7481297,0.2493766,0
2022-06-26 03:27:14,0,0,0,0,0,99.49875,0.5012531,0,0
2022-06-26 03:27:13,0,0,0,0,0,99.25,0.5,0.25,0
2022-06-26 03:27:12,0,0,0.5,0,0,97.25,2,0.25,0
2022-06-26 03:27:11,0,0,1.2468828,0.2493766,0,96.00998,2.244389,0.2493766,0
2022-06-26 03:27:10,0,0,0.5025126,0.2512563,0,97.23618,2.01005,0,0
2022-06-26 03:27:09,0,0,0.2493766,0,0,98.50374,0.9975062,0.2493766,0
2022-06-26 03:27:08,0,0,0.2493766,0,0,98.25436,1.2468828,0.2493766,0
2022-06-26 03:27:07,0,0,0,0.2512563,0,99.24623,0.5025126,0,0
2022-06-26 03:27:06,0,0,0.4962779,0,0,97.02233,2.233251,0.248139,0
2022-06-26 03:27:05,0,0,1.2531328,0,0,95.98997,2.506266,0.2506266,0
2022-06-26 03:27:04,0,0,1.2562814,0.2512563,0,96.48241,1.758794,0.2512563,0
2022-06-26 03:27:03,0,0,0.2493766,0,0,98.75312,0.7481297,0.2493766,0
2022-06-26 03:27:02,0,0,0.2506266,0,0,98.99749,0.7518797,0,0
2022-06-26 03:27:01,0,0,0.25,0,0,99.25,0.5,0,0
2022-06-26 03:27:00,0,0,0.4987531,0,0,97.00748,2.244389,0.2493766,0
2022-06-26 03:26:59,0,0,0.9950249,0.2487562,0,95.52239,2.985075,0.2487562,0
2022-06-26 03:26:58,0,0,0.7518797,0.5012531,0,95.98997,2.255639,0.5012531,0
2022-06-26 03:26:57,0,0,0.7537688,0.5025126,0,96.73367,2.01005,0,0
2022-06-26 03:26:56,0,0,0.7481297,0.2493766,0,96.50873,2.493766,0,0
2022-06-26 03:26:55,0,0,0,0,0,99.24812,0.5012531,0.2506266,0
2022-06-26 03:26:54,0,0,0.4975124,0,0,97.26368,2.238806,0,0
2022-06-26 03:26:53,0,0,0.5025126,0.2512563,0,96.73367,2.261307,0.2512563,0
2022-06-26 03:26:52,0,0,0.9975062,0,0,97.25686,1.745636,0,0
2022-06-26 03:26:51,0,0,0.5012531,0,0,97.24311,2.005013,0.2506266,0
2022-06-26 03:26:50,0,0,1.2437811,0,0,95.52239,2.985075,0.2487562,0
2022-06-26 03:26:49,0,0,0.5037783,0,0,98.48866,1.0075567,0,0
2022-06-26 03:26:48,0,0,0,0,0,98.75,1,0.25,0
2022-06-26 03:26:47,0,0,0.2493766,0,0,97.75561,1.2468828,0.7481297,0
2022-06-26 03:26:46,0,0,0.7481297,0.2493766,0,97.00748,1.745636,0.2493766,0
2022-06-26 03:26:45,0,0,1.2531328,0.2506266,0,96.74185,1.754386,0,0
2022-06-26 03:26:44,0,0,0.5,0,0,98,1,0.5,0
2022-06-26 03:26:43,0,0,1,0.25,0,96.5,2.25,0,0
2022-06-26 03:26:42,0,0,0.9975062,0,0,95.51122,2.992519,0.4987531,0
2022-06-26 03:26:41,0,0,0,0,0,98.25,1.5,0,0
2022-06-26 03:26:40,0,0,0,0.25,0,98.5,1.25,0,0
2022-06-26 03:26:39,0,0,0.4987531,0,0,97.75561,1.4962594,0.2493766,0
2022-06-26 03:26:38,0,0,1.0050251,0,0,97.23618,1.758794,0,0
2022-06-26 03:26:37,0,0,0.4987531,0.2493766,0,96.00998,2.743142,0.4987531,0
2022-06-26 03:26:36,0,0,0.5,0,0,97,2.25,0.25,0
2022-06-26 03:26:35,0,0,0.9950249,0.2487562,0,95.02488,3.731343,0,0
2022-06-26 03:26:34,0,0,0.7556675,0,0,97.48111,1.763224,0,0
2022-06-26 03:26:33,0,0,0,0,0,98.25436,1.4962594,0.2493766,0
2022-06-26 03:26:32,0,0,0,0,0,99.24812,0.5012531,0.2506266,0
2022-06-26 03:26:31,0,0,0.4962779,0.248139,0,97.27047,1.736973,0.248139,0
2022-06-26 03:26:30,0,0,1.5,0.25,0,94.5,3.5,0.25,0
2022-06-26 03:26:29,0,0,0.7537688,0,0,94.47236,4.271357,0.5025126,0
2022-06-26 03:26:28,0,0,0.5,0.25,0,96.25,2.75,0.25,0
2022-06-26 03:26:27,0,0,0.75,0,0,94.75,4.25,0.25,0
2022-06-26 03:26:26,0,0,1,0.25,0,92.75,5.75,0.25,0
2022-06-26 03:26:25,0,0,1.5,0.25,0,91,7,0.25,0
2022-06-26 03:26:24,0,0,0.9975062,0,0,90.77307,7.730673,0.4987531,0
2022-06-26 03:26:23,0,0,0.25,0,0,94,5.75,0,0
2022-06-26 03:26:22,0,0,0.25,0,0,93.5,5.75,0.5,0
2022-06-26 03:26:21,0,0,0.2493766,0.2493766,0,95.01247,4.239401,0.2493766,0
2022-06-26 03:26:20,0,0,0.5037783,0,0,93.70277,5.541562,0.2518892,0
2022-06-26 03:26:19,0,0,0.5012531,0,0,91.4787,7.518797,0.2506266,0
2022-06-26 03:26:18,0,0,0.2493766,0,0,89.77556,7.98005,0.2493766,0
2022-06-26 03:26:17,0,0,0.2506266,0,0,97.49373,2.255639,0,0
2022-06-26 03:26:16,0,0,0,0,0,98.25871,1.4925373,0.2487562,0
2022-06-26 03:26:15,0,0,0,0,0,97.74436,2.255639,0,0
2022-06-26 03:26:14,0,0,0.2512563,0,0,97.48744,2.01005,0.2512563,0
2022-06-26 03:26:13,0,0,0.2487562,0,0,96.51741,2.736318,0.4975124,0
2022-06-26 03:26:12,0,0,0.2506266,0,0,98.24561,1.2531328,0.2506266,0
2022-06-26 03:26:11,0,0,0.4987531,0,0,97.00748,1.745636,0.7481297,0
2022-06-26 03:26:10,0,0,0.2512563,0,0,98.74372,1.0050251,0,0
2022-06-26 03:26:09,0,0,0.5,0.25,0,97.25,1.75,0.25,0
2022-06-26 03:26:08,0,0,0.4987531,0.2493766,0,96.7581,2.244389,0.2493766,0
2022-06-26 03:26:07,0,0,0.5012531,0,0,97.49373,1.754386,0.2506266,0
2022-06-26 03:26:06,0,0,0.2487562,0.2487562,0,97.76119,1.4925373,0.2487562,0
2022-06-26 03:26:05,0,0,0.5025126,0,0,97.48744,1.758794,0.2512563,0
2022-06-26 03:26:04,0,0,0.7462687,0.2487562,0,97.01493,1.99005,0,0
2022-06-26 03:26:03,0,0,0.7518797,0,0,96.74185,2.005013,0.5012531,0
2022-06-26 03:26:02,0,0,0.5,0.25,0,97.75,1.5,0,0
2022-06-26 03:26:01,0,0,1.0025063,0,0,97.49373,1.2531328,0.2506266,0
2022-06-26 03:26:00,0,0,0.2493766,0.2493766,0,97.75561,1.745636,0,0
2022-06-26 03:25:59,0,0,0.4987531,0,0,98.00499,1.2468828,0.2493766,0
2022-06-26 03:25:58,0,0,0.5012531,0,0,97.99499,1.2531328,0.2506266,0
2022-06-26 03:25:57,0,0,0.75,0.25,0,97.25,1.5,0.25,0
2022-06-26 03:25:56,0,0,1,0.25,0,96.5,2,0.25,0
2022-06-26 03:25:55,0,0,0.5012531,0,0,97.74436,1.5037594,0.2506266,0
2022-06-26 03:25:54,0,0,0.9950249,0,0,96.26866,2.487562,0.2487562,0
2022-06-26 03:25:53,0,0,0.25,0.25,0,98,1.25,0.25,0
2022-06-26 03:25:52,0,0,0.5025126,0,0,98.49246,0.7537688,0.2512563,0
2022-06-26 03:25:51,0,0,0.2487562,0,0,98.75622,0.7462687,0.2487562,0
2022-06-26 03:25:50,0,0,0.7537688,0,0,97.48744,1.758794,0,0
2022-06-26 03:25:49,0,0,0.9975062,0.2493766,0,95.26185,2.992519,0.4987531,0
2022-06-26 03:25:48,0,0,1,0,0,96.25,2.5,0.25,0
2022-06-26 03:25:47,0,0,0.5,0.25,0,97.5,1.75,0,0
2022-06-26 03:25:46,0,0,0,0,0,99,0.75,0.25,0
2022-06-26 03:25:45,0,0,0.5,0,0,96,3.5,0,0
2022-06-26 03:25:44,0,0,0.2506266,0,0,97.99499,1.754386,0,0
2022-06-26 03:25:43,0,0,0.9975062,0.4987531,0,95.51122,2.743142,0.2493766,0
2022-06-26 03:25:42,0,0,1.0025063,0,0,95.98997,2.756892,0.2506266,0
2022-06-26 03:25:41,0,0,0.7481297,0.4987531,0,95.01247,3.241895,0.4987531,0
2022-06-26 03:25:40,0,0,0.7518797,0,0,97.24311,2.005013,0,0
2022-06-26 03:25:39,0,0,0.2493766,0.2493766,0,98.00499,1.2468828,0.2493766,0
2022-06-26 03:25:38,0,0,0.5,0.25,0,97,2,0,0
2022-06-26 03:25:37,0,0,0,0,0,98.75312,1.2468828,0,0
2022-06-26 03:25:36,0,0,0.7462687,0.2487562,0,97.01493,1.741294,0.2487562,0
2022-06-26 03:25:35,0,0,1.0025063,0,0,95.2381,3.759398,0,0
2022-06-26 03:25:34,0,0,0.7518797,0.2506266,0,96.49123,2.255639,0.2506266,0
2022-06-26 03:25:33,0,0,0.5,0.25,0,96.5,2.5,0.25,0
2022-06-26 03:25:32,0,0,0.7537688,0,0,95.47739,3.768844,0,0
2022-06-26 03:25:31,0,0,0.75,0,0,96.75,2.25,0.25,0
2022-06-26 03:25:30,0,0,0.2493766,0,0,98.50374,0.9975062,0.2493766,0
2022-06-26 03:25:29,0,0,0.2493766,0.2493766,0,96.25935,2.992519,0.2493766,0
2022-06-26 03:25:28,0,0,0.5,0,0,97.75,1.5,0.25,0
2022-06-26 03:25:27,0,0,1.4962594,0.4987531,0,93.26683,4.239401,0.4987531,0
2022-06-26 03:25:26,0,0,1.2562814,0,0,92.46231,6.030151,0.2512563,0
2022-06-26 03:25:25,0,0,1.995012,0.4987531,0,91.27182,5.985037,0.2493766,0
2022-06-26 03:25:24,0,0,1,0,0,93.25,5.25,0.5,0
2022-06-26 03:25:23,0,0,0.5012531,0.2506266,0,92.73183,6.265664,0.2506266,0
2022-06-26 03:25:22,0,0,0.7518797,0.2506266,0,92.23058,6.516291,0.2506266,0
2022-06-26 03:25:21,0,0,0.75,0,0,93.25,5.75,0.25,0
2022-06-26 03:25:20,0,0,0.4975124,0,0,92.0398,6.716418,0.4975124,0
2022-06-26 03:25:19,0,0,0,0,0,91.4787,8.270677,0.2506266,0
2022-06-26 03:25:18,0,0,0.2493766,0,0,90.77307,7.481297,0.2493766,0
2022-06-26 03:25:17,0,0,0,0.2525253,0,92.42424,7.070707,0,0
2022-06-26 03:25:16,0,0,0,0,0,91.97995,7.26817,0.2506266,0
2022-06-26 03:25:15,0,0,0.248139,0,0,95.78164,3.722084,0.248139,0
2022-06-26 03:25:14,0,0,0,0,0,95,5,0,0
2022-06-26 03:25:13,0,0,0.2518892,0,0,97.98489,1.511335,0.2518892,0
2022-06-26 03:25:12,0,0,0,0.248139,0,98.51117,0.7444169,0.4962779,0
2022-06-26 03:25:11,0,0,0.2506266,0,0,99.24812,0.5012531,0,0
2022-06-26 03:25:10,0,0,0,0,0,98.5,1.25,0.25,0
2022-06-26 03:25:09,0,0,0,0,0,98.74372,1.2562814,0,0
2022-06-26 03:25:08,0,0,0.4987531,0,0,97.00748,1.995012,0.4987531,0
2022-06-26 03:25:07,0,0,0.75,0.25,0,96.5,2.5,0,0
2022-06-26 03:25:06,0,0,0.7481297,0.2493766,0,97.25686,1.4962594,0.2493766,0
2022-06-26 03:25:05,0,0,0.7518797,0,0,96.74185,2.255639,0.2506266,0
2022-06-26 03:25:04,0,0,0,0,0,99.25187,0.7481297,0,0
2022-06-26 03:25:03,0,0,0,0.2512563,0,98.74372,1.0050251,0,0
2022-06-26 03:25:02,0,0,0.4987531,0,0,98.25436,0.9975062,0.2493766,0
2022-06-26 03:25:01,0,0,0.7518797,0.2506266,0,97.74436,1.2531328,0,0
2022-06-26 03:25:00,0,0,0.9950249,0.2487562,0,95.77114,2.736318,0.2487562,0
2022-06-26 03:24:59,0,0,1.0050251,0.2512563,0,96.23116,2.512563,0,0
2022-06-26 03:24:58,0,0,0.7481297,0,0,97.25686,1.745636,0.2493766,0
2022-06-26 03:24:57,0,0,0,0,0,98.74687,1.0025063,0.2506266,0
2022-06-26 03:24:56,0,0,0,0,0,99.5,0.5,0,0
2022-06-26 03:24:55,0,0,0.25,0,0,98.75,0.75,0.25,0
2022-06-26 03:24:54,0,0,4.511278,0,0,90.72682,4.511278,0.2506266,0
2022-06-26 03:24:53,0,0,4.987531,0.2493766,0,89.77556,4.738155,0.2493766,0
2022-06-26 03:24:52,0,0,1,0.25,0,96.75,1.75,0.25,0
2022-06-26 03:24:51,0,0,0.7481297,0.2493766,0,96.7581,1.995012,0.2493766,0
2022-06-26 03:24:50,0,0,0.2506266,0,0,98.99749,0.7518797,0,0
2022-06-26 03:24:49,0,0,0.25,0,0,99.5,0.25,0,0
2022-06-26 03:24:48,0,0,0,0,0,99,0.5,0.5,0
2022-06-26 03:24:47,0,0,0.9975062,0,0,96.00998,2.743142,0.2493766,0
2022-06-26 03:24:46,0,0,1.2531328,0,0,95.2381,3.007519,0.5012531,0
2022-06-26 03:24:45,0,0,0.7481297,0.4987531,0,96.50873,1.995012,0.2493766,0
2022-06-26 03:24:44,0,0,0.7518797,0,0,97.24311,2.005013,0,0
2022-06-26 03:24:43,0,0,0,0,0,99,0.75,0.25,0
2022-06-26 03:24:42,0,0,0,0,0,99.50125,0.2493766,0.2493766,0
2022-06-26 03:24:41,0,0,0.25,0,0,98.5,1.25,0,0
2022-06-26 03:24:40,0,0,0.7537688,0,0,97.23618,2.01005,0,0
2022-06-26 03:24:39,0,0,1.4888337,0.248139,0,94.78908,2.977667,0.4962779,0
2022-06-26 03:24:38,0,0,1.0050251,0,0,95.72864,3.266332,0,0
2022-06-26 03:24:37,0,0,0.5012531,0,0,97.99499,1.2531328,0.2506266,0
2022-06-26 03:24:36,0,0,0,0,0,99,0.75,0.25,0
2022-06-26 03:24:35,0,0,0.5,0,0,98,1.5,0,0
2022-06-26 03:24:34,0,0,0,0,0,99.25,0.75,0,0
2022-06-26 03:24:33,0,0,0.4987531,0.2493766,0,97.50623,1.4962594,0.2493766,0
2022-06-26 03:24:32,0,0,1,0.25,0,93.75,4.75,0.25,0
2022-06-26 03:24:31,0,0,1.2468828,0.2493766,0,94.26434,3.740648,0.4987531,0
2022-06-26 03:24:30,0,0,0.5,0.5,0,97.25,1.5,0.25,0
2022-06-26 03:24:29,0,0,0.5012531,0.2506266,0,96.99248,1.5037594,0.7518797,0
2022-06-26 03:24:28,0,0,0.2506266,0,0,98.74687,0.7518797,0.2506266,0
2022-06-26 03:24:27,0,0,0,0,0,99.00498,0.7462687,0,0
2022-06-26 03:24:26,0,0,0,0,0,98.74687,1.2531328,0,0
2022-06-26 03:24:25,0,0,0.4975124,0.2487562,0,96.26866,2.736318,0.2487562,0
2022-06-26 03:24:24,0,0,1.5,0.25,0,94.25,3.5,0.5,0
2022-06-26 03:24:23,0,0,1.5,0.25,0,94.25,4,0,0
2022-06-26 03:24:22,0,0,2.01005,0.5025126,0,91.45729,5.778894,0.2512563,0
2022-06-26 03:24:21,0,0,0.7481297,0,0,90.77307,8.229426,0.2493766,0
2022-06-26 03:24:20,0,0,0.75,0,0,93.25,5.5,0.5,0
2022-06-26 03:24:19,0,0,0.2493766,0,0,94.51372,4.738155,0.4987531,0
2022-06-26 03:24:18,0,0,0.5,0.25,0,94.75,4.25,0.25,0
2022-06-26 03:24:17,0,0,0.5,0.25,0,93.25,5.75,0.25,0
2022-06-26 03:24:16,0,0,0.2506266,0,0,91.72932,8.02005,0,0
2022-06-26 03:24:15,0,0,0,0,0,89.69849,9.296482,0.2512563,0
2022-06-26 03:24:14,0,0,0.25,0,0,91,8,0.25,0
2022-06-26 03:24:13,0,0,0,0.2506266,0,94.48622,4.761905,0,0
2022-06-26 03:24:12,0,0,0.2493766,0,0,96.7581,2.493766,0.2493766,0
2022-06-26 03:24:11,0,0,0.2487562,0.2487562,0,96.76617,2.487562,0.2487562,0
2022-06-26 03:24:10,0,0,0,0,0,98.48866,1.2594458,0.2518892,0
2022-06-26 03:24:09,0,0,0,0,0,99,1,0,0
2022-06-26 03:24:08,0,0,0.2493766,0.2493766,0,98.75312,0.4987531,0.2493766,0
2022-06-26 03:24:07,0,0,0,0,0,99,0.75,0.25,0
2022-06-26 03:24:06,0,0,0.2493766,0,0,97.50623,2.244389,0,0
2022-06-26 03:24:05,0,0,1.0050251,0.2512563,0,96.48241,2.261307,0,0
2022-06-26 03:24:04,0,0,0.4987531,0,0,97.25686,1.4962594,0.7481297,0
2022-06-26 03:24:03,0,0,0.4987531,0,0,97.75561,1.4962594,0.2493766,0
2022-06-26 03:24:02,0,0,0.5012531,0.2506266,0,97.74436,1.2531328,0.2506266,0
2022-06-26 03:24:01,0,0,0.25,0,0,98.25,1.25,0.25,0
2022-06-26 03:24:00,0,0,0.2493766,0.2493766,0,97.75561,1.745636,0,0
2022-06-26 03:23:59,0,0,0.75,0,0,96.75,2,0.5,0
2022-06-26 03:23:58,0,0,1.0025063,0,0,96.74185,2.255639,0,0
2022-06-26 03:23:57,0,0,0.2506266,0,0,97.99499,1.5037594,0.2506266,0
2022-06-26 03:23:56,0,0,0.9975062,0.2493766,0,97.00748,1.745636,0,0
2022-06-26 03:23:55,0,0,0.2506266,0,0,98.24561,1.2531328,0.2506266,0
2022-06-26 03:23:54,0,0,0.25,0.25,0,97.25,2,0.25,0
2022-06-26 03:23:53,0,0,0.5,0,0,98.5,0.75,0.25,0
2022-06-26 03:23:52,0,0,0.7518797,0.2506266,0,96.99248,1.754386,0.2506266,0
2022-06-26 03:23:51,0,0,0.7462687,0.2487562,0,96.51741,2.238806,0.2487562,0
2022-06-26 03:23:50,0,0,0.7518797,0,0,97.74436,1.5037594,0,0
2022-06-26 03:23:49,0,0,0.9975062,0.2493766,0,96.25935,2.244389,0.2493766,0
2022-06-26 03:23:48,0,0,0.7518797,0,0,97.24311,2.005013,0,0
2022-06-26 03:23:47,0,0,0.2493766,0,0,98.25436,0.9975062,0.4987531,0
2022-06-26 03:23:46,0,0,0.25,0,0,98.75,0.75,0.25,0
2022-06-26 03:23:45,0,0,0.7518797,0,0,96.49123,2.255639,0.5012531,0
2022-06-26 03:23:44,0,0,0.7481297,0.2493766,0,96.50873,2.493766,0,0
2022-06-26 03:23:43,0,0,0.7518797,0,0,97.24311,1.754386,0.2506266,0
2022-06-26 03:23:42,0,0,0.5012531,0,0,98.24561,1.2531328,0,0
2022-06-26 03:23:41,0,0,0.4987531,0.2493766,0,97.50623,1.4962594,0.2493766,0
2022-06-26 03:23:40,0,0,0.5,0,0,97.25,2.25,0,0
2022-06-26 03:23:39,0,0,0.2506266,0,0,98.49624,1.0025063,0.2506266,0
2022-06-26 03:23:38,0,0,0.7444169,0.248139,0,96.27792,2.729529,0,0
2022-06-26 03:23:37,0,0,1,0,0,95.5,3,0.5,0
2022-06-26 03:23:36,0,0,0.7537688,0,0,98.24121,0.7537688,0.2512563,0
2022-06-26 03:23:35,0,0,0.4987531,0,0,97.75561,1.4962594,0.2493766,0
2022-06-26 03:23:34,0,0,0.75,0.25,0,96.75,2.25,0,0
2022-06-26 03:23:33,0,0,0.2493766,0,0,98.25436,1.4962594,0,0
2022-06-26 03:23:32,0,0,0,0,0,98.99497,0.7537688,0.2512563,0
2022-06-26 03:23:31,0,0,0.5,0.25,0,97.25,2,0,0
2022-06-26 03:23:30,0,0,0.9975062,0.2493766,0,93.26683,5.236908,0.2493766,0
2022-06-26 03:23:29,0,0,1.2531328,0.2506266,0,94.98747,3.007519,0.5012531,0
2022-06-26 03:23:28,0,0,0.9975062,0.2493766,0,96.00998,2.743142,0,0
2022-06-26 03:23:27,0,0,0.2512563,0,0,97.98995,1.5075377,0.2512563,0
2022-06-26 03:23:26,0,0,0.5,0,0,97.25,2,0.25,0
2022-06-26 03:23:25,0,0,0.4987531,0.2493766,0,97.75561,1.4962594,0,0
2022-06-26 03:23:24,0,0,0.4975124,0,0,98.50746,0.7462687,0.2487562,0
2022-06-26 03:23:23,0,0,0.2512563,0,0,97.23618,2.512563,0,0
2022-06-26 03:23:22,0,0,0.7481297,0.4987531,0,93.01746,5.236908,0.4987531,0
2022-06-26 03:23:21,0,0,1.5075377,0.2512563,0,92.96482,5.276382,0,0
2022-06-26 03:23:20,0,0,1.4888337,0.4962779,0,90.07444,7.444169,0.4962779,0
2022-06-26 03:23:19,0,0,1.2562814,0,0,91.45729,7.035176,0.2512563,0
2022-06-26 03:23:18,0,0,0.4987531,0,0,93.26683,5.985037,0.2493766,0
2022-06-26 03:23:17,0,0,0.7518797,0,0,93.73434,5.263158,0.2506266,0
2022-06-26 03:23:16,0,0,0.75,0.25,0,94.25,4.5,0.25,0
2022-06-26 03:23:15,0,0,0.2487562,0,0,92.53731,6.965174,0.2487562,0
2022-06-26 03:23:14,0,0,0,0.2506266,0,95.48872,4.010025,0.2506266,0
2022-06-26 03:23:13,0,0,0,0.2493766,0,91.02244,8.229426,0.2493766,0
2022-06-26 03:23:12,0,0,0.2518892,0,0,87.90932,10.579345,0.2518892,0
2022-06-26 03:23:11,0,0,0,0,0,91.16162,7.323232,0.5050505,0
2022-06-26 03:23:10,0,0,0.2487562,0.2487562,0,94.27861,3.9801,0.2487562,0
2022-06-26 03:23:09,0,0,0.2493766,0.2493766,0,97.50623,1.995012,0,0
2022-06-26 03:23:08,0,0,0,0,0,97.74436,1.754386,0.5012531,0
2022-06-26 03:23:07,0,0,0,0,0,98.74687,1.0025063,0.2506266,0
2022-06-26 03:23:06,0,0,0.25,0,0,98.5,1,0.25,0
2022-06-26 03:23:05,0,0,0,0.2487562,0,98.75622,0.7462687,0.2487562,0
2022-06-26 03:23:04,0,0,0.2506266,0,0,98.24561,1.5037594,0,0
2022-06-26 03:23:03,0,0,0.7481297,0.2493766,0,95.7606,2.743142,0.4987531,0
2022-06-26 03:23:02,0,0,0.5012531,0,0,96.99248,2.506266,0,0
2022-06-26 03:23:01,0,0,0.5012531,0,0,97.99499,1.5037594,0,0
2022-06-26 03:23:00,0,0,0.9975062,0.4987531,0,96.00998,1.995012,0.4987531,0
2022-06-26 03:22:59,0,0,0.2506266,0,0,98.74687,1.0025063,0,0
2022-06-26 03:22:58,0,0,0.2493766,0,0,98.00499,1.4962594,0.2493766,0
2022-06-26 03:22:57,0,0,0.5012531,0,0,98.49624,1.0025063,0,0
2022-06-26 03:22:56,0,0,0.5,0,0,97.75,1.5,0.25,0
2022-06-26 03:22:55,0,0,0.7481297,0.2493766,0,96.50873,1.995012,0.4987531,0
2022-06-26 03:22:54,0,0,1.25,0.25,0,94.75,3.5,0.25,0
2022-06-26 03:22:53,0,0,0.7481297,0,0,97.25686,1.745636,0.2493766,0
2022-06-26 03:22:52,0,0,0,0,0,99.49749,0.2512563,0.2512563,0
2022-06-26 03:22:51,0,0,0.2493766,0,0,98.50374,1.2468828,0,0
2022-06-26 03:22:50,0,0,0,0,0,98.5,1.25,0.25,0
2022-06-26 03:22:49,0,0,0.7444169,0,0,97.02233,1.736973,0.4962779,0
2022-06-26 03:22:48,0,0,1.2531328,0.5012531,0,94.23559,3.508772,0.5012531,0
2022-06-26 03:22:47,0,0,1.25,0,0,96.25,2.5,0,0
2022-06-26 03:22:46,0,0,0.7556675,0,0,97.48111,1.763224,0,0
2022-06-26 03:22:45,0,0,0.2493766,0.2493766,0,97.75561,1.2468828,0.4987531,0
2022-06-26 03:22:44,0,0,0,0,0,99.25,0.5,0.25,0
2022-06-26 03:22:43,0,0,0,0.2506266,0,98.49624,1.2531328,0,0
2022-06-26 03:22:42,0,0,0.7462687,0.2487562,0,96.26866,2.238806,0.4975124,0
2022-06-26 03:22:41,0,0,1.2468828,0.4987531,0,95.51122,2.743142,0,0
2022-06-26 03:22:40,0,0,1.0050251,0.2512563,0,96.48241,2.01005,0.2512563,0
2022-06-26 03:22:39,0,0,0.4987531,0.2493766,0,97.25686,1.745636,0.2493766,0
2022-06-26 03:22:38,0,0,0.2506266,0,0,98.74687,1.0025063,0,0
2022-06-26 03:22:37,0,0,0,0,0,99.25,0.5,0.25,0
2022-06-26 03:22:36,0,0,0.5,0.25,0,97.5,1.75,0,0
2022-06-26 03:22:35,0,0,0.4975124,0.2487562,0,97.76119,0.9950249,0.4975124,0
2022-06-26 03:22:34,0,0,0.7556675,0,0,96.72544,2.518892,0,0
2022-06-26 03:22:33,0,0,1.2437811,0.4975124,0,94.52736,3.233831,0.4975124,0
2022-06-26 03:22:32,0,0,0.5012531,0.5012531,0,96.2406,2.756892,0,0
2022-06-26 03:22:31,0,0,0.4987531,0,0,98.25436,0.9975062,0.2493766,0
2022-06-26 03:22:30,0,0,0,0,0,98.99749,1.0025063,0,0
2022-06-26 03:22:29,0,0,0,0,0,99.24812,0.5012531,0.2506266,0
2022-06-26 03:22:28,0,0,0.4975124,0,0,96.76617,2.487562,0.2487562,0
2022-06-26 03:22:27,0,0,1.0025063,0.2506266,0,94.98747,3.508772,0.2506266,0
2022-06-26 03:22:26,0,0,1,0.25,0,94.75,3.5,0.5,0
2022-06-26 03:22:25,0,0,0.9975062,0,0,96.50873,2.493766,0,0
2022-06-26 03:22:24,0,0,0.7518797,0,0,97.24311,1.5037594,0.5012531,0
2022-06-26 03:22:23,0,0,0.25,0,0,96.5,3,0.25,0
2022-06-26 03:22:22,0,0,0.5012531,0.2506266,0,98.24561,0.7518797,0.2506266,0
2022-06-26 03:22:21,0,0,0.2487562,0,0,98.75622,0.7462687,0.2487562,0
2022-06-26 03:22:20,0,0,0.2506266,0,0,97.24311,2.005013,0.5012531,0
2022-06-26 03:22:19,0,0,0.7462687,0.2487562,0,95.77114,2.985075,0.2487562,0
2022-06-26 03:22:18,0,0,1.5075377,0.2512563,0,94.22111,4.020101,0,0
2022-06-26 03:22:17,0,0,1.75,0.75,0,88.5,8.5,0.5,0
2022-06-26 03:22:16,0,0,0.9975062,0,0,89.52618,9.226933,0.2493766,0
2022-06-26 03:22:15,0,0,1.2531328,0.2506266,0,90.47619,8.02005,0,0
2022-06-26 03:22:14,0,0,0.25,0,0,92.75,7,0,0
2022-06-26 03:22:13,0,0,0.4987531,0,0,93.76559,5.236908,0.4987531,0
2022-06-26 03:22:12,0,0,0,0,0,90.75,9,0.25,0
2022-06-26 03:22:11,0,0,0.2506266,0.2506266,0,93.98496,5.263158,0.2506266,0
2022-06-26 03:22:10,0,0,0,0,0,92.01995,7.481297,0.2493766,0
2022-06-26 03:22:09,0,0,0,0,0,90.97744,8.02005,0.5012531,0
2022-06-26 03:22:08,0,0,0.25,0,0,89.5,9.25,0.25,0
2022-06-26 03:22:07,0,0,0,0,0,95.2381,4.010025,0.5012531,0
2022-06-26 03:22:06,0,0,0.248139,0.248139,0,97.02233,2.233251,0.248139,0
2022-06-26 03:22:05,0,0,0,0,0,98.99244,1.0075567,0,0
2022-06-26 03:22:04,0,0,0,0,0,98.75,1.25,0,0
2022-06-26 03:22:03,0,0,0.2493766,0,0,98.75312,0.7481297,0.2493766,0
2022-06-26 03:22:02,0,0,0,0.25,0,99.25,0.5,0,0
2022-06-26 03:22:01,0,0,0,0,0,98.00499,1.745636,0.2493766,0
2022-06-26 03:22:00,0,0,0.7518797,0,0,97.49373,1.5037594,0.2506266,0
2022-06-26 03:21:59,0,0,0.7462687,0.2487562,0,97.01493,1.741294,0.2487562,0
2022-06-26 03:21:58,0,0,0.5037783,0,0,97.48111,2.015113,0,0
2022-06-26 03:21:57,0,0,0.9975062,0.2493766,0,96.00998,2.493766,0.2493766,0
2022-06-26 03:21:56,0,0,0.25,0,0,98.5,1,0.25,0
2022-06-26 03:21:55,0,0,0.25,0,0,98,1.5,0.25,0
2022-06-26 03:21:54,0,0,0.5012531,0,0,97.99499,1.5037594,0,0
2022-06-26 03:21:53,0,0,0.75,0.25,0,97.75,1.25,0,0
2022-06-26 03:21:52,0,0,0.9975062,0,0,96.25935,1.995012,0.7481297,0
2022-06-26 03:21:51,0,0,0.9975062,0.4987531,0,95.7606,2.743142,0,0
2022-06-26 03:21:50,0,0,1.0025063,0.2506266,0,96.2406,2.005013,0.5012531,0
2022-06-26 03:21:49,0,0,0,0,0,98.99749,1.0025063,0,0
2022-06-26 03:21:48,0,0,0.25,0,0,98.75,0.75,0.25,0
2022-06-26 03:21:47,0,0,0.4987531,0.2493766,0,97.25686,1.4962594,0.2493766,0
2022-06-26 03:21:46,0,0,0.7518797,0.2506266,0,96.99248,1.5037594,0.5012531,0
2022-06-26 03:21:45,0,0,0.7481297,0,0,97.75561,1.2468828,0.2493766,0
2022-06-26 03:21:44,0,0,1.2468828,0.2493766,0,95.26185,2.992519,0.2493766,0
2022-06-26 03:21:43,0,0,0.7518797,0.2506266,0,96.99248,2.005013,0,0
2022-06-26 03:21:42,0,0,0,0,0,98.25,1.5,0.25,0
2022-06-26 03:21:41,0,0,0.25,0,0,99.25,0.5,0,0
2022-06-26 03:21:40,0,0,0.5025126,0,0,97.48744,1.758794,0.2512563,0
2022-06-26 03:21:39,0,0,0.7481297,0.2493766,0,96.25935,2.244389,0.4987531,0
2022-06-26 03:21:38,0,0,0.7462687,0,0,97.01493,1.99005,0.2487562,0
2022-06-26 03:21:37,0,0,1.25,0.5,0,95,3.25,0,0
2022-06-26 03:21:36,0,0,0.7518797,0.2506266,0,97.99499,1.0025063,0,0
2022-06-26 03:21:35,0,0,0,0,0,99,0.75,0.25,0
2022-06-26 03:21:34,0,0,0,0,0,98.99749,1.0025063,0,0
2022-06-26 03:21:33,0,0,0.5012531,0,0,97.49373,1.754386,0.2506266,0
2022-06-26 03:21:32,0,0,0.9950249,0,0,96.76617,1.741294,0.4975124,0
2022-06-26 03:21:31,0,0,0.9975062,0.2493766,0,95.01247,3.241895,0.4987531,0
2022-06-26 03:21:30,0,0,1.5075377,0.2512563,0,95.9799,2.01005,0.2512563,0
2022-06-26 03:21:29,0,0,0.2506266,0,0,96.99248,2.255639,0.5012531,0
2022-06-26 03:21:28,0,0,0.4975124,0.2487562,0,97.51244,1.4925373,0.2487562,0
2022-06-26 03:21:27,0,0,0,0.25,0,98.25,1.5,0,0
2022-06-26 03:21:26,0,0,0.25,0,0,97.75,2,0,0
2022-06-26 03:21:25,0,0,1,0.25,0,96.5,2,0.25,0
2022-06-26 03:21:24,0,0,1.4962594,0.2493766,0,95.01247,2.992519,0.2493766,0
2022-06-26 03:21:23,0,0,1.0050251,0.5025126,0,94.47236,4.020101,0,0
2022-06-26 03:21:22,0,0,0.75,0,0,97,2.25,0,0
2022-06-26 03:21:21,0,0,0.5,0,0,98.25,1.25,0,0
2022-06-26 03:21:20,0,0,0.4987531,0,0,97.50623,1.4962594,0.4987531,0
2022-06-26 03:21:19,0,0,0,0,0,99.49749,0.5025126,0,0
2022-06-26 03:21:18,0,0,0.2475248,0.2475248,0,97.77228,0.990099,0.4950495,0
2022-06-26 03:21:17,0,0,0.5025126,0,0,95.9799,3.517588,0,0
2022-06-26 03:21:16,0,0,1.2437811,0.4975124,0,95.52239,2.238806,0.4975124,0
2022-06-26 03:21:15,0,0,1.754386,0.5012531,0,92.73183,5.012531,0,0
2022-06-26 03:21:14,0,0,1.5037594,0.5012531,0,87.96992,9.774436,0.2506266,0
2022-06-26 03:21:13,0,0,0.75,0,0,93,6,0.25,0
2022-06-26 03:21:12,0,0,0.7518797,0.2506266,0,89.47368,9.022556,0.5012531,0
2022-06-26 03:21:11,0,0,0.5,0,0,93.75,5.5,0.25,0
2022-06-26 03:21:10,0,0,0.4975124,0,0,92.78607,6.467662,0.2487562,0
2022-06-26 03:21:09,0,0,0,0,0,94.76309,4.987531,0.2493766,0
2022-06-26 03:21:08,0,0,0,0,0,91.70854,7.788945,0.5025126,0
2022-06-26 03:21:07,0,0,0,0,0,91.5,7.75,0.5,0
2022-06-26 03:21:06,0,0,0.2493766,0.2493766,0,89.02743,8.977556,0.2493766,0
2022-06-26 03:21:05,0,0,0,0.2512563,0,91.9598,6.281407,0.5025126,0
2022-06-26 03:21:04,0,0,0.2493766,0,0,95.26185,4.239401,0.2493766,0
2022-06-26 03:21:03,0,0,0,0.25,0,98.25,1.5,0,0
2022-06-26 03:21:02,0,0,0,0,0,99.24812,0.5012531,0.2506266,0
2022-06-26 03:21:01,0,0,0,0,0,98.74687,1.0025063,0.2506266,0
2022-06-26 03:21:00,0,0,0,0,0,99.50249,0.4975124,0,0
2022-06-26 03:20:59,0,0,0.2506266,0.2506266,0,97.49373,1.5037594,0.5012531,0
2022-06-26 03:20:58,0,0,0.5,0,0,97.75,1.75,0,0
2022-06-26 03:20:57,0,0,0.2493766,0.2493766,0,98.00499,1.2468828,0.2493766,0
2022-06-26 03:20:56,0,0,1.0050251,0,0,96.23116,2.512563,0.2512563,0
2022-06-26 03:20:55,0,0,0.4987531,0.2493766,0,96.25935,2.493766,0.4987531,0
2022-06-26 03:20:54,0,0,0.5,0.5,0,97.25,1.75,0,0
2022-06-26 03:20:53,0,0,0.2493766,0,0,98.25436,0.9975062,0.4987531,0
2022-06-26 03:20:52,0,0,0.5012531,0,0,96.74185,2.756892,0,0
2022-06-26 03:20:51,0,0,0.2487562,0,0,98.50746,0.9950249,0.2487562,0
2022-06-26 03:20:50,0,0,0.7537688,0.2512563,0,97.98995,0.7537688,0.2512563,0
2022-06-26 03:20:49,0,0,0.7518797,0,0,96.99248,2.255639,0,0
2022-06-26 03:20:48,0,0,0.9950249,0.2487562,0,97.51244,0.9950249,0.2487562,0
2022-06-26 03:20:47,0,0,0.5012531,0.2506266,0,97.24311,1.754386,0.2506266,0
2022-06-26 03:20:46,0,0,0.4987531,0,0,97.25686,1.745636,0.4987531,0
2022-06-26 03:20:45,0,0,0.5025126,0.2512563,0,98.24121,1.0050251,0,0
2022-06-26 03:20:44,0,0,0.7481297,0.2493766,0,96.7581,1.745636,0.4987531,0
2022-06-26 03:20:43,0,0,0.7481297,0.2493766,0,96.7581,1.995012,0.2493766,0
2022-06-26 03:20:42,0,0,1,0,0,95.75,2.75,0.5,0
2022-06-26 03:20:41,0,0,0.7556675,0.5037783,0,96.97733,1.763224,0,0
2022-06-26 03:20:40,0,0,0.7481297,0,0,97.25686,1.745636,0.2493766,0
2022-06-26 03:20:39,0,0,0.248139,0,0,97.51861,1.985112,0.248139,0
2022-06-26 03:20:38,0,0,0.5025126,0.2512563,0,97.48744,1.758794,0,0
2022-06-26 03:20:37,0,0,0.2493766,0,0,98.75312,0.7481297,0.2493766,0
2022-06-26 03:20:36,0,0,0.5012531,0,0,97.49373,2.005013,0,0
2022-06-26 03:20:35,0,0,1.2437811,0,0,95.52239,2.985075,0.2487562,0
2022-06-26 03:20:34,0,0,1.0075567,0.2518892,0,94.96222,3.778338,0,0
2022-06-26 03:20:33,0,0,0.4987531,0,0,97.25686,2.244389,0,0
2022-06-26 03:20:32,0,0,0.2493766,0,0,98.25436,0.9975062,0.4987531,0
2022-06-26 03:20:31,0,0,0.2493766,0.2493766,0,98.50374,0.7481297,0.2493766,0
2022-06-26 03:20:30,0,0,0.2512563,0,0,98.49246,1.0050251,0.2512563,0
2022-06-26 03:20:29,0,0,0.75,0.25,0,96.5,2.25,0.25,0
2022-06-26 03:20:28,0,0,1.4925373,0.2487562,0,94.77612,3.482587,0,0
2022-06-26 03:20:27,0,0,0.5025126,0.2512563,0,96.48241,2.512563,0.2512563,0
2022-06-26 03:20:26,0,0,0.5012531,0,0,97.99499,1.5037594,0,0
2022-06-26 03:20:25,0,0,0.4987531,0,0,98.50374,0.4987531,0.4987531,0
2022-06-26 03:20:24,0,0,0.4987531,0,0,97.50623,1.995012,0,0
2022-06-26 03:20:23,0,0,0.5025126,0,0,96.73367,2.261307,0.5025126,0
2022-06-26 03:20:22,0,0,0.25,0,0,98.5,1,0.25,0
2022-06-26 03:20:21,0,0,0.9950249,0,0,95.02488,3.482587,0.4975124,0
2022-06-26 03:20:20,0,0,1.2468828,0.2493766,0,95.01247,3.491272,0,0
2022-06-26 03:20:19,0,0,0.7518797,0,0,96.74185,2.255639,0.2506266,0
2022-06-26 03:20:18,0,0,0.2506266,0.2506266,0,97.74436,1.5037594,0.2506266,0
2022-06-26 03:20:17,0,0,0.4987531,0,0,97.75561,1.4962594,0.2493766,0
2022-06-26 03:20:16,0,0,0.2512563,0,0,98.49246,1.0050251,0.2512563,0
2022-06-26 03:20:15,0,0,0.5,0,0,97.5,2,0,0
2022-06-26 03:20:14,0,0,0.4975124,0.2487562,0,95.02488,3.9801,0.2487562,0
2022-06-26 03:20:13,0,0,0.75,0.25,0,95,3.75,0.25,0
2022-06-26 03:20:12,0,0,1.5037594,0.2506266,0,92.23058,5.764411,0.2506266,0
2022-06-26 03:20:11,0,0,1.5,0.5,0,89.5,8.25,0.25,0
2022-06-26 03:20:10,0,0,0.7481297,0,0,91.5212,7.481297,0.2493766,0
2022-06-26 03:20:09,0,0,0.5025126,0,0,91.20603,8.040201,0.2512563,0
2022-06-26 03:20:08,0,0,0.2493766,0,0,93.76559,5.486284,0.4987531,0
2022-06-26 03:20:07,0,0,0.4975124,0.2487562,0,92.0398,7.21393,0,0
2022-06-26 03:20:06,0,0,0.2512563,0.2512563,0,92.46231,7.035176,0,0
2022-06-26 03:20:05,0,0,0,0,0,93.05211,6.203474,0.4962779,0
2022-06-26 03:20:04,0,0,0,0,0,91.68766,7.556675,0,0
2022-06-26 03:20:03,0,0,0.4987531,0.4987531,0,87.2818,8.229426,0,0.2493766
2022-06-26 03:20:02,0,0,0,0,0,95.51122,4.239401,0.2493766,0
2022-06-26 03:20:01,0,0,0,0,0,97.23618,2.512563,0.2512563,0
2022-06-26 03:20:00,0,0,0.25,0,0,98,1.5,0.25,0
2022-06-26 03:19:59,0,0,0,0.2493766,0,98.00499,1.4962594,0.2493766,0
2022-06-26 03:19:58,0,0,0.2487562,0,0,98.75622,0.7462687,0.2487562,0
2022-06-26 03:19:57,0,0,0,0,0,98.99497,0.7537688,0.2512563,0
2022-06-26 03:19:56,0,0,0.5012531,0.2506266,0,97.99499,1.0025063,0.2506266,0
2022-06-26 03:19:55,0,0,0,0,0,98.75312,0.9975062,0.2493766,0
2022-06-26 03:19:54,0,0,0.5,0.25,0,97.5,1.5,0.25,0
2022-06-26 03:19:53,0,0,1.0025063,0,0,96.74185,2.255639,0,0
2022-06-26 03:19:52,0,0,0.25,0.25,0,97.5,2,0,0
2022-06-26 03:19:51,0,0,0.4987531,0,0,97.75561,1.2468828,0.4987531,0
2022-06-26 03:19:50,0,0,0.4975124,0,0,98.00995,1.4925373,0,0
2022-06-26 03:19:49,0,0,0.2512563,0,0,97.98995,1.2562814,0.5025126,0
2022-06-26 03:19:48,0,0,0.2506266,0,0,97.99499,1.754386,0,0
2022-06-26 03:19:47,0,0,1.2437811,0,0,95.52239,2.736318,0.4975124,0
2022-06-26 03:19:46,0,0,1,0.5,0,95,3.25,0.25,0
2022-06-26 03:19:45,0,0,0.75,0,0,97,1.75,0.5,0
2022-06-26 03:19:44,0,0,0.2506266,0,0,98.99749,0.7518797,0,0
2022-06-26 03:19:43,0,0,0.2493766,0,0,98.50374,0.9975062,0.2493766,0
2022-06-26 03:19:42,0,0,0.5012531,0,0,97.74436,1.754386,0,0
2022-06-26 03:19:41,0,0,0.2506266,0,0,99.24812,0.5012531,0,0
2022-06-26 03:19:40,0,0,0.7481297,0.2493766,0,95.51122,3.241895,0.2493766,0
2022-06-26 03:19:39,0,0,1.736973,0,0,95.28536,2.48139,0.248139,0
2022-06-26 03:19:38,0,0,0.7537688,0.2512563,0,96.73367,2.01005,0.2512563,0
2022-06-26 03:19:37,0,0,0,0,0,98.25,1.75,0,0
2022-06-26 03:19:36,0,0,0.2487562,0,0,99.00498,0.4975124,0.2487562,0
2022-06-26 03:19:35,0,0,0.5025126,0,0,98.49246,1.0050251,0,0
2022-06-26 03:19:34,0,0,0,0,0,98.75312,0.7481297,0.4987531,0
2022-06-26 03:19:33,0,0,0.7537688,0,0,97.23618,1.758794,0.2512563,0
2022-06-26 03:19:32,0,0,1.99005,0.2487562,0,94.52736,2.985075,0.2487562,0
2022-06-26 03:19:31,0,0,0.7518797,0,0,96.99248,2.255639,0,0
2022-06-26 03:19:30,0,0,0,0,0,98.49624,1.2531328,0.2506266,0
2022-06-26 03:19:29,0,0,0.25,0,0,99.25,0.5,0,0
2022-06-26 03:19:28,0,0,0.4987531,0,0,98.00499,1.2468828,0.2493766,0
2022-06-26 03:19:27,0,0,0.2512563,0,0,97.48744,2.01005,0.2512563,0
2022-06-26 03:19:26,0,0,0.9950249,0,0,96.0199,2.487562,0.4975124,0
2022-06-26 03:19:25,0,0,2,0.25,0,95.25,2.25,0.25,0
2022-06-26 03:19:24,0,0,0.75,0.25,0,96.5,2.5,0,0
2022-06-26 03:19:23,0,0,0.4987531,0.2493766,0,97.50623,1.4962594,0.2493766,0
2022-06-26 03:19:22,0,0,0,0,0,98.99749,1.0025063,0,0
2022-06-26 03:19:21,0,0,0.7481297,0,0,98.00499,0.9975062,0.2493766,0
2022-06-26 03:19:20,0,0,0.25,0,0,98.25,1.25,0.25,0
2022-06-26 03:19:19,0,0,0.5025126,0.2512563,0,97.23618,2.01005,0,0
2022-06-26 03:19:18,0,0,0.9975062,0,0,94.01496,4.738155,0.2493766,0
2022-06-26 03:19:17,0,0,0.9975062,0.2493766,0,96.25935,2.244389,0.2493766,0
2022-06-26 03:19:16,0,0,0.7481297,0,0,97.00748,2.244389,0,0
2022-06-26 03:19:15,0,0,0.2518892,0,0,96.97733,2.518892,0.2518892,0
2022-06-26 03:19:14,0,0,0.248139,0.248139,0,99.00744,0.248139,0.248139,0
2022-06-26 03:19:13,0,0,0.2506266,0,0,97.99499,1.754386,0,0
2022-06-26 03:19:12,0,0,0.5012531,0,0,97.24311,2.005013,0.2506266,0
2022-06-26 03:19:11,0,0,0.7481297,0.2493766,0,95.01247,3.740648,0.2493766,0
2022-06-26 03:19:10,0,0,1.0025063,0.2506266,0,94.73684,4.010025,0,0
2022-06-26 03:19:09,0,0,0.9950249,0,0,93.53234,4.975124,0.4975124,0
2022-06-26 03:19:08,0,0,1.511335,0,0,92.69521,5.541562,0.2518892,0
2022-06-26 03:19:07,0,0,1.2437811,0.2487562,0,92.53731,5.721393,0.2487562,0
2022-06-26 03:19:06,0,0,0.7537688,0.2512563,0,90.70352,8.040201,0.2512563,0
2022-06-26 03:19:05,0,0,0.2493766,0,0,94.01496,5.236908,0.4987531,0
2022-06-26 03:19:04,0,0,0.4987531,0,0,93.51621,5.735661,0.2493766,0
2022-06-26 03:19:03,0,0,0,0,0,93.96985,5.527638,0.2512563,0
2022-06-26 03:19:02,0,0,0,0,0,94,5.75,0.25,0
2022-06-26 03:19:01,0,0,0,0.25,0,90.5,7.75,0.25,0
2022-06-26 03:19:00,0,0,0.25,0,0,92.25,6.75,0.25,0
2022-06-26 03:18:59,0,0,0,0,0,95.2381,4.511278,0.2506266,0
2022-06-26 03:18:58,0,0,0,0,0,97.99499,1.754386,0.2506266,0
2022-06-26 03:18:57,0,0,0.2493766,0,0,98.50374,1.2468828,0,0
2022-06-26 03:18:56,0,0,0,0,0,98.74372,1.2562814,0,0
2022-06-26 03:18:55,0,0,0.2487562,0,0,98.75622,0.7462687,0.2487562,0
2022-06-26 03:18:54,0,0,0,0.25,0,99.25,0.25,0.25,0
2022-06-26 03:18:53,0,0,0.2506266,0,0,97.49373,2.005013,0.2506266,0
2022-06-26 03:18:52,0,0,0.5,0,0,98.5,0.75,0.25,0
2022-06-26 03:18:51,0,0,0.75,0,0,96.75,2.25,0.25,0
2022-06-26 03:18:50,0,0,0.7462687,0.4975124,0,95.77114,2.736318,0.2487562,0
2022-06-26 03:18:49,0,0,0.25,0,0,99,0.5,0.25,0
2022-06-26 03:18:48,0,0,0.2512563,0,0,97.98995,1.5075377,0.2512563,0
2022-06-26 03:18:47,0,0,0.4975124,0,0,97.76119,1.4925373,0.2487562,0
2022-06-26 03:18:46,0,0,0.2518892,0,0,98.48866,1.2594458,0,0
2022-06-26 03:18:45,0,0,0.7462687,0.2487562,0,97.01493,1.741294,0.2487562,0
2022-06-26 03:18:44,0,0,1.25,0.25,0,95.5,2.75,0.25,0
2022-06-26 03:18:43,0,0,0.5012531,0.2506266,0,97.24311,2.005013,0,0
2022-06-26 03:18:42,0,0,0.25,0,0,99.25,0.25,0.25,0
2022-06-26 03:18:41,0,0,0.5,0,0,97.5,1.75,0.25,0
2022-06-26 03:18:40,0,0,0.4987531,0.2493766,0,97.50623,1.4962594,0.2493766,0
2022-06-26 03:18:39,0,0,0.2512563,0,0,98.74372,1.0050251,0,0
2022-06-26 03:18:38,0,0,0.75,0,0,96.75,2,0.5,0
2022-06-26 03:18:37,0,0,1.4962594,0.7481297,0,93.51621,3.990025,0.2493766,0
2022-06-26 03:18:36,0,0,0.5012531,0,0,98.49624,0.7518797,0.2506266,0
2022-06-26 03:18:35,0,0,0.7481297,0,0,97.50623,1.745636,0,0
2022-06-26 03:18:34,0,0,0.4987531,0,0,97.25686,2.244389,0,0
2022-06-26 03:18:33,0,0,0.5,0.5,0,97.75,1,0.25,0
2022-06-26 03:18:32,0,0,0.5,0.25,0,97,2,0.25,0
2022-06-26 03:18:31,0,0,1,0.25,0,95.75,3,0,0
2022-06-26 03:18:30,0,0,1,0,0,96.75,2.25,0,0
2022-06-26 03:18:29,0,0,0.5012531,0,0,97.49373,1.754386,0.2506266,0
2022-06-26 03:18:28,0,0,0.2493766,0.2493766,0,98.25436,0.9975062,0.2493766,0
2022-06-26 03:18:27,0,0,0.5012531,0.2506266,0,97.74436,1.5037594,0,0
2022-06-26 03:18:26,0,0,0.4975124,0,0,98.25871,1.2437811,0,0
2022-06-26 03:18:25,0,0,0.5025126,0,0,97.73869,1.5075377,0.2512563,0
2022-06-26 03:18:24,0,0,1,0,0,97,2,0,0
2022-06-26 03:18:23,0,0,0.9975062,0.4987531,0,96.25935,1.995012,0.2493766,0
2022-06-26 03:18:22,0,0,1.25,0,0,96,2.5,0.25,0
2022-06-26 03:18:21,0,0,0.5,0,0,95.5,3.5,0.5,0
2022-06-26 03:18:20,0,0,0.2506266,0.2506266,0,97.99499,1.5037594,0,0
2022-06-26 03:18:19,0,0,0.2493766,0,0,98.25436,1.2468828,0.2493766,0
2022-06-26 03:18:18,0,0,0.4987531,0.2493766,0,96.7581,2.493766,0,0
2022-06-26 03:18:17,0,0,0.2493766,0,0,98.00499,1.4962594,0.2493766,0
2022-06-26 03:18:16,0,0,0.5012531,0,0,96.49123,2.756892,0.2506266,0
2022-06-26 03:18:15,0,0,1.5075377,0.5025126,0,92.21106,5.527638,0.2512563,0
2022-06-26 03:18:14,0,0,0.9975062,0,0,96.50873,2.244389,0.2493766,0
2022-06-26 03:18:13,0,0,0.2512563,0.2512563,0,97.23618,2.261307,0,0
2022-06-26 03:18:12,0,0,0.2493766,0.2493766,0,98.00499,0.9975062,0.4987531,0
2022-06-26 03:18:11,0,0,0.4987531,0,0,97.75561,1.745636,0,0
2022-06-26 03:18:10,0,0,0.5,0,0,98,1,0.5,0
2022-06-26 03:18:09,0,0,0.5012531,0.2506266,0,95.48872,3.508772,0.2506266,0
2022-06-26 03:18:08,0,0,0.5,0.25,0,95.25,4,0,0
2022-06-26 03:18:07,0,0,0.9975062,0.2493766,0,93.26683,5.236908,0.2493766,0
2022-06-26 03:18:06,0,0,1.5037594,0,0,93.23308,5.012531,0.2506266,0
2022-06-26 03:18:05,0,0,1.4851485,0.4950495,0,89.60396,7.673267,0.4950495,0
2022-06-26 03:18:04,0,0,1.010101,0,0,89.89899,8.838384,0.2525253,0
2022-06-26 03:18:03,0,0,0.5,0.25,0,93.5,5.25,0.5,0
2022-06-26 03:18:02,0,0,0.25,0,0,93,6.75,0,0
2022-06-26 03:18:01,0,0,0,0.2487562,0,93.53234,5.721393,0.2487562,0
2022-06-26 03:18:00,0,0,0,0,0,93.23308,6.265664,0.5012531,0
2022-06-26 03:17:59,0,0,0.2493766,0,0,93.51621,5.985037,0.2493766,0
2022-06-26 03:17:58,0,0,0,0,0,90.10152,8.883249,0.5076142,0
2022-06-26 03:17:57,0,0,0.25,0,0,87.75,7,0,0
2022-06-26 03:17:56,0,0,0,0,0,97.25,2.5,0.25,0
2022-06-26 03:17:55,0,0,0,0.25,0,98.5,1.25,0,0
2022-06-26 03:17:54,0,0,0,0.2506266,0,99.24812,0.5012531,0,0
2022-06-26 03:17:53,0,0,0.2493766,0,0,97.50623,1.995012,0.2493766,0
2022-06-26 03:17:52,0,0,0,0,0,99.25,0.5,0.25,0
2022-06-26 03:17:51,0,0,0.5,0,0,98,1.5,0,0
2022-06-26 03:17:50,0,0,0,0,0,98,1.75,0.25,0
2022-06-26 03:17:49,0,0,0.4987531,0,0,98.00499,1.2468828,0.2493766,0
2022-06-26 03:17:48,0,0,0.75,0,0,96.5,2.25,0.5,0
2022-06-26 03:17:47,0,0,1.0025063,0.2506266,0,96.74185,2.005013,0,0
2022-06-26 03:17:46,0,0,0.4987531,0.2493766,0,98.25436,0.9975062,0,0
2022-06-26 03:17:45,0,0,0.2506266,0,0,98.74687,0.7518797,0.2506266,0
2022-06-26 03:17:44,0,0,0.2506266,0,0,97.99499,1.5037594,0.2506266,0
2022-06-26 03:17:43,0,0,0.4975124,0.2487562,0,97.76119,0.9950249,0.4975124,0
2022-06-26 03:17:42,0,0,0.5012531,0.2506266,0,96.99248,2.255639,0,0
2022-06-26 03:17:41,0,0,0.9975062,0.2493766,0,95.7606,2.992519,0,0
2022-06-26 03:17:40,0,0,1.0050251,0.5025126,0,96.73367,1.758794,0,0
2022-06-26 03:17:39,0,0,0.4975124,0,0,98.25871,0.7462687,0.4975124,0
2022-06-26 03:17:38,0,0,0,0,0,99.49875,0.5012531,0,0
2022-06-26 03:17:37,0,0,0.2493766,0,0,97.75561,1.745636,0.2493766,0
2022-06-26 03:17:36,0,0,0.5012531,0,0,98.49624,1.0025063,0,0
2022-06-26 03:17:35,0,0,0.9950249,0.2487562,0,96.51741,1.99005,0.2487562,0
2022-06-26 03:17:34,0,0,1.5037594,0.2506266,0,94.23559,4.010025,0,0
2022-06-26 03:17:33,0,0,0.75,0.25,0,97.25,1.5,0.25,0
2022-06-26 03:17:32,0,0,0.2493766,0,0,98.25436,1.2468828,0.2493766,0
2022-06-26 03:17:31,0,0,0,0,0,98.49246,1.0050251,0.5025126,0
2022-06-26 03:17:30,0,0,0.5012531,0,0,98.49624,1.0025063,0,0
2022-06-26 03:17:29,0,0,0.4987531,0.2493766,0,97.50623,1.4962594,0.2493766,0
2022-06-26 03:17:28,0,0,1,0.25,0,95,3.5,0.25,0
2022-06-26 03:17:27,0,0,1.25,0,0,96,2.5,0.25,0
2022-06-26 03:17:26,0,0,0.75,0.25,0,96.5,2.5,0,0
2022-06-26 03:17:25,0,0,0.75,0,0,97.25,1.25,0.75,0
2022-06-26 03:17:24,0,0,0.25,0,0,99,0.75,0,0
2022-06-26 03:17:23,0,0,0.4987531,0.2493766,0,97.00748,1.995012,0.2493766,0
2022-06-26 03:17:22,0,0,0.4987531,0,0,97.50623,1.745636,0.2493766,0
2022-06-26 03:17:21,0,0,0.75,0.25,0,97.25,1.5,0.25,0
2022-06-26 03:17:20,0,0,1.2562814,0,0,95.9799,2.512563,0.2512563,0
2022-06-26 03:17:19,0,0,0.75,0,0,96.25,2.75,0.25,0
2022-06-26 03:17:18,0,0,0.4987531,0,0,97.50623,1.4962594,0.4987531,0
2022-06-26 03:17:17,0,0,0,0,0,98.49624,1.2531328,0.2506266,0
2022-06-26 03:17:16,0,0,0.25,0,0,98.25,1.25,0.25,0
2022-06-26 03:17:15,0,0,0.7481297,0.2493766,0,96.25935,2.493766,0.2493766,0
2022-06-26 03:17:14,0,0,0.75,0.5,0,96.75,2,0,0
2022-06-26 03:17:13,0,0,1.0050251,0,0,95.47739,3.517588,0,0
2022-06-26 03:17:12,0,0,0.9925558,0.248139,0,95.03722,3.473945,0.248139,0
2022-06-26 03:17:11,0,0,0.5012531,0,0,97.24311,2.005013,0.2506266,0
2022-06-26 03:17:10,0,0,0.7518797,0.2506266,0,96.99248,2.005013,0,0
2022-06-26 03:17:09,0,0,0.2487562,0,0,98.25871,1.4925373,0,0
2022-06-26 03:17:08,0,0,0.25,0,0,98.25,1.25,0.25,0
2022-06-26 03:17:07,0,0,0.7518797,0.2506266,0,95.73935,3.258145,0,0
2022-06-26 03:17:06,0,0,1.0025063,0.2506266,0,94.48622,3.759398,0.5012531,0
2022-06-26 03:17:05,0,0,0.9975062,0.2493766,0,94.01496,4.239401,0.4987531,0
2022-06-26 03:17:04,0,0,1,0.25,0,91.5,7,0.25,0
2022-06-26 03:17:03,0,0,1.25,0.25,0,93.25,5,0.25,0
2022-06-26 03:17:02,0,0,1.5,0.25,0,93,4.5,0.75,0
2022-06-26 03:17:01,0,0,1.2437811,0.2487562,0,86.56716,11.19403,0.7462687,0
2022-06-26 03:17:00,0,0,0.7575758,0,0,92.92929,6.060606,0.2525253,0
2022-06-26 03:16:59,0,0,0,0.2493766,0,92.76808,6.234414,0.4987531,0
2022-06-26 03:16:58,0,0,0.2487562,0.2487562,0,94.02985,4.975124,0.2487562,0
2022-06-26 03:16:57,0,0,0,0.2518892,0,92.19144,7.556675,0,0
2022-06-26 03:16:56,0,0,0,0,0,92.78607,6.467662,0.4975124,0
2022-06-26 03:16:55,0,0,0.2525253,0.2525253,0,89.89899,8.080808,0.2525253,0
2022-06-26 03:16:54,0,0,0.2493766,0,0,92.76808,3.740648,0.2493766,0
2022-06-26 03:16:53,0,0,0,0,0,97.5,2,0.5,0
2022-06-26 03:16:52,0,0,0,0.2518892,0,99.24433,0.5037783,0,0
2022-06-26 03:16:51,0,0,0,0,0,99.00249,0.9975062,0,0
2022-06-26 03:16:50,0,0,0.2493766,0,0,99.00249,0.4987531,0.2493766,0
2022-06-26 03:16:49,0,0,0,0,0,98.24121,1.5075377,0.2512563,0
2022-06-26 03:16:48,0,0,0.4987531,0.4987531,0,97.25686,1.745636,0,0
2022-06-26 03:16:47,0,0,0.5,0,0,97.5,1.75,0.25,0
2022-06-26 03:16:46,0,0,0.25,0,0,98.75,1,0,0
2022-06-26 03:16:45,0,0,0.5025126,0.5025126,0,97.23618,1.2562814,0.5025126,0
2022-06-26 03:16:44,0,0,0.9975062,0,0,96.50873,2.493766,0,0
2022-06-26 03:16:43,0,0,0.25,0,0,97.75,2,0,0
2022-06-26 03:16:42,0,0,0.2506266,0,0,98.49624,1.0025063,0.2506266,0
2022-06-26 03:16:41,0,0,0.7444169,0.4962779,0,95.78164,2.48139,0.4962779,0
2022-06-26 03:16:40,0,0,0.25,0.25,0,98.25,1,0.25,0
2022-06-26 03:16:39,0,0,0.7537688,0,0,97.98995,1.2562814,0,0
2022-06-26 03:16:38,0,0,1.2468828,0.4987531,0,92.5187,5.236908,0.4987531,0
2022-06-26 03:16:37,0,0,0.7518797,0,0,96.74185,2.506266,0,0
2022-06-26 03:16:36,0,0,0,0.2493766,0,98.75312,0.7481297,0.2493766,0
2022-06-26 03:16:35,0,0,0.5,0,0,97.25,2,0.25,0
2022-06-26 03:16:34,0,0,0.7518797,0.2506266,0,97.74436,1.0025063,0.2506266,0
2022-06-26 03:16:33,0,0,0.7462687,0,0,97.26368,1.99005,0,0
2022-06-26 03:16:32,0,0,0.7537688,0.2512563,0,96.23116,2.512563,0.2512563,0
2022-06-26 03:16:31,0,0,0.75,0,0,96.5,2.75,0,0
2022-06-26 03:16:30,0,0,0.75,0,0,97.25,2,0,0
2022-06-26 03:16:29,0,0,0.25,0,0,98.5,1,0.25,0
2022-06-26 03:16:28,0,0,0.4987531,0,0,98.75312,0.7481297,0,0
2022-06-26 03:16:27,0,0,0.7518797,0.2506266,0,97.24311,1.754386,0,0
2022-06-26 03:16:26,0,0,0.5012531,0,0,98.24561,1.0025063,0.2506266,0
2022-06-26 03:16:25,0,0,1.4925373,0.2487562,0,95.02488,2.736318,0.4975124,0
2022-06-26 03:16:24,0,0,0.7518797,0.2506266,0,96.74185,2.005013,0.2506266,0
2022-06-26 03:16:23,0,0,0.4975124,0.2487562,0,98.25871,0.7462687,0.2487562,0
2022-06-26 03:16:22,0,0,0.2512563,0,0,97.98995,1.758794,0,0
2022-06-26 03:16:21,0,0,0.5,0.25,0,97.75,1.5,0,0
2022-06-26 03:16:20,0,0,0.9950249,0.2487562,0,97.26368,1.2437811,0.2487562,0
2022-06-26 03:16:19,0,0,0.5025126,0,0,96.98492,2.261307,0.2512563,0
2022-06-26 03:16:18,0,0,1.4925373,0.2487562,0,95.02488,2.985075,0.2487562,0
2022-06-26 03:16:17,0,0,0.2512563,0.2512563,0,98.24121,1.2562814,0,0
2022-06-26 03:16:16,0,0,0.2487562,0.2487562,0,97.26368,1.99005,0.2487562,0
2022-06-26 03:16:15,0,0,0.5025126,0.2512563,0,98.49246,0.7537688,0,0
2022-06-26 03:16:14,0,0,0.2506266,0,0,98.74687,1.0025063,0,0
2022-06-26 03:16:13,0,0,0.7481297,0,0,95.7606,3.241895,0.2493766,0
2022-06-26 03:16:12,0,0,0.7481297,0.4987531,0,95.7606,2.992519,0,0
2022-06-26 03:16:11,0,0,1.4888337,0.4962779,0,93.05211,4.466501,0.248139,0
2022-06-26 03:16:10,0,0,0.2518892,0,0,97.48111,2.015113,0.2518892,0
2022-06-26 03:16:09,0,0,0,0,0,98.5,1.25,0.25,0
2022-06-26 03:16:08,0,0,0.2493766,0,0,98.75312,0.7481297,0.2493766,0
2022-06-26 03:16:07,0,0,0.5,0,0,97.25,2,0.25,0
2022-06-26 03:16:06,0,0,0,0,0,98.74687,1.0025063,0.2506266,0
2022-06-26 03:16:05,0,0,0.4987531,0.2493766,0,97.25686,1.995012,0,0
2022-06-26 03:16:04,0,0,0.75,0.25,0,93,5.75,0.25,0
2022-06-26 03:16:03,0,0,2,0.75,0,91.75,5.25,0.25,0
2022-06-26 03:16:02,0,0,1.758794,0.5025126,0,90.95477,6.532663,0.2512563,0
2022-06-26 03:16:01,0,0,0.9925558,0,0,87.84119,10.918114,0.248139,0
2022-06-26 03:16:00,0,0,0,0.2506266,0,93.98496,5.513784,0.2506266,0
2022-06-26 03:15:59,0,0,0,0,0,96.25935,3.740648,0,0
2022-06-26 03:15:58,0,0,0.2512563,0,0,95.47739,3.768844,0.5025126,0
2022-06-26 03:15:57,0,0,0.2493766,0,0,92.26933,7.23192,0.2493766,0
2022-06-26 03:15:56,0,0,0.4987531,0,0,92.01995,7.23192,0.2493766,0
2022-06-26 03:15:55,0,0,0.5012531,0,0,86.71679,11.528822,0.5012531,0
2022-06-26 03:15:54,0,0,0,0.7444169,0,82.134,5.707196,0.4962779,0
2022-06-26 03:15:53,0,0,0.2518892,0,0,92.44332,5.541562,0,0
2022-06-26 03:15:52,0,0,0,0.2493766,0,96.25935,2.992519,0.4987531,0
2022-06-26 03:15:51,0,0,0.25,0,0,97,2.5,0.25,0
2022-06-26 03:15:50,0,0,0,0,0,98.74687,1.2531328,0,0
2022-06-26 03:15:49,0,0,0,0.2493766,0,97.50623,2.244389,0,0
2022-06-26 03:15:48,0,0,0.25,0,0,99.25,0.25,0.25,0
2022-06-26 03:15:47,0,0,0,0.25,0,98.25,1.25,0.25,0
2022-06-26 03:15:46,0,0,0.7462687,0.2487562,0,96.26866,2.487562,0,0
2022-06-26 03:15:45,0,0,0.5012531,0,0,96.99248,2.255639,0.2506266,0
2022-06-26 03:15:44,0,0,0.4987531,0.2493766,0,97.25686,1.745636,0.2493766,0
2022-06-26 03:15:43,0,0,0.7537688,0,0,97.73869,1.2562814,0.2512563,0
2022-06-26 03:15:42,0,0,0.25,0,0,98.5,1.25,0,0
2022-06-26 03:15:41,0,0,0,0,0,98.5,1.25,0.25,0
2022-06-26 03:15:40,0,0,0.7462687,0.2487562,0,97.51244,1.2437811,0.2487562,0
2022-06-26 03:15:39,0,0,1.0050251,0,0,96.98492,1.5075377,0.5025126,0
2022-06-26 03:15:38,0,0,0.9975062,0.2493766,0,97.25686,1.2468828,0.2493766,0
2022-06-26 03:15:37,0,0,0.5,0.25,0,97.5,1.5,0.25,0
2022-06-26 03:15:36,0,0,0.75,0,0,97.75,1.25,0.25,0
2022-06-26 03:15:35,0,0,0.2493766,0,0,96.7581,2.743142,0.2493766,0
2022-06-26 03:15:34,0,0,0.5,0.25,0,97.5,1.75,0,0
2022-06-26 03:15:33,0,0,0.2512563,0,0,97.98995,1.5075377,0.2512563,0
2022-06-26 03:15:32,0,0,0.9975062,0,0,96.50873,2.493766,0,0
2022-06-26 03:15:31,0,0,1.25,0.25,0,96.25,2,0.25,0
2022-06-26 03:15:30,0,0,0.5,0,0,98.25,1.25,0,0
2022-06-26 03:15:29,0,0,0.2506266,0,0,97.74436,1.754386,0.2506266,0
2022-06-26 03:15:28,0,0,0.7462687,0.2487562,0,97.26368,1.741294,0,0
2022-06-26 03:15:27,0,0,0.5012531,0,0,98.24561,1.0025063,0.2506266,0
2022-06-26 03:15:26,0,0,0.2506266,0,0,98.24561,1.2531328,0.2506266,0
2022-06-26 03:15:25,0,0,1.5,0.25,0,95.25,3,0,0
2022-06-26 03:15:24,0,0,1,0.5,0,95.5,3,0,0
2022-06-26 03:15:23,0,0,0.25,0.25,0,97,2.25,0.25,0
2022-06-26 03:15:22,0,0,0.4975124,0,0,97.26368,1.741294,0.4975124,0
2022-06-26 03:15:21,0,0,0.7518797,0.2506266,0,97.24311,1.5037594,0.2506266,0
2022-06-26 03:15:20,0,0,0,0,0,99,0.75,0.25,0
2022-06-26 03:15:19,0,0,0,0,0,99.74937,0.2506266,0,0
2022-06-26 03:15:18,0,0,0.75,0.25,0,97.25,1.5,0.25,0
2022-06-26 03:15:17,0,0,1.5,0.25,0,95.5,2.75,0,0
2022-06-26 03:15:16,0,0,0.7444169,0.248139,0,96.52605,1.985112,0.4962779,0
2022-06-26 03:15:15,0,0,0.7518797,0,0,96.99248,2.005013,0.2506266,0
2022-06-26 03:15:14,0,0,0.2512563,0,0,98.74372,0.7537688,0.2512563,0
2022-06-26 03:15:13,0,0,0.25,0.25,0,99,0.5,0,0
2022-06-26 03:15:12,0,0,0,0,0,98.75,1,0.25,0
2022-06-26 03:15:11,0,0,0.4987531,0,0,97.75561,1.745636,0,0
2022-06-26 03:15:10,0,0,1,0,0,94.5,4.25,0.25,0
2022-06-26 03:15:09,0,0,1.2531328,0.2506266,0,94.48622,3.759398,0.2506266,0
2022-06-26 03:15:08,0,0,0.5012531,0.2506266,0,96.49123,2.506266,0.2506266,0
2022-06-26 03:15:07,0,0,1.2468828,0,0,96.00998,2.743142,0,0
2022-06-26 03:15:06,0,0,0.2487562,0.2487562,0,98.00995,0.9950249,0.4975124,0
2022-06-26 03:15:05,0,0,0.2506266,0,0,98.49624,1.0025063,0.2506266,0
2022-06-26 03:15:04,0,0,0,0,0,98.49624,1.5037594,0,0
2022-06-26 03:15:03,0,0,0.2493766,0.2493766,0,97.00748,2.244389,0.2493766,0
2022-06-26 03:15:02,0,0,0.7518797,0,0,96.2406,3.007519,0,0
2022-06-26 03:15:01,0,0,1.4888337,0.248139,0,93.79653,4.218362,0.248139,0
2022-06-26 03:15:00,0,0,2,0.25,0,90,7.5,0.25,0
2022-06-26 03:14:59,0,0,1.0025063,0.2506266,0,89.72431,9.022556,0,0
2022-06-26 03:14:58,0,0,1.0025063,0.5012531,0,91.22807,7.017544,0.2506266,0
2022-06-26 03:14:57,0,0,0.4987531,0,0,94.51372,4.738155,0.2493766,0
2022-06-26 03:14:56,0,0,0.5,0.25,0,94,5,0.25,0
2022-06-26 03:14:55,0,0,0,0.25,0,92.25,7.25,0.25,0
2022-06-26 03:14:54,0,0,0,0,0,93.48371,6.015038,0.5012531,0
2022-06-26 03:14:53,0,0,0,0,0,91.22807,8.521303,0.2506266,0
2022-06-26 03:14:52,0,0,0.2512563,0,0,88.69347,9.296482,0.5025126,0
2022-06-26 03:14:51,0,0,0,0.248139,0,93.05211,6.203474,0.248139,0
2022-06-26 03:14:50,0,0,0.2506266,0,0,96.2406,3.007519,0.2506266,0
2022-06-26 03:14:49,0,0,0,0,0,96.74185,3.007519,0,0
2022-06-26 03:14:48,0,0,0,0.2493766,0,98.00499,1.4962594,0.2493766,0
2022-06-26 03:14:47,0,0,0,0,0,99.49875,0.2506266,0.2506266,0
2022-06-26 03:14:46,0,0,0.25,0,0,99.25,0.5,0,0
2022-06-26 03:14:45,0,0,0,0,0,98.24561,1.5037594,0.2506266,0
2022-06-26 03:14:44,0,0,0,0,0,98.75312,0.9975062,0.2493766,0
2022-06-26 03:14:43,0,0,0.7481297,0.2493766,0,97.50623,1.4962594,0,0
2022-06-26 03:14:42,0,0,0.7537688,0,0,95.9799,3.015075,0.2512563,0
2022-06-26 03:14:41,0,0,0.75,0.5,0,96.25,2.25,0.25,0
2022-06-26 03:14:40,0,0,0.75,0,0,97,2,0.25,0
2022-06-26 03:14:39,0,0,0.25,0,0,98.25,1.25,0.25,0
2022-06-26 03:14:38,0,0,0,0.248139,0,98.75931,0.7444169,0.248139,0
2022-06-26 03:14:37,0,0,0.2512563,0,0,99.24623,0.5025126,0,0
2022-06-26 03:14:36,0,0,0.75,0.25,0,96.25,2.5,0.25,0
2022-06-26 03:14:35,0,0,1.2468828,0,0,95.51122,2.992519,0.2493766,0
2022-06-26 03:14:34,0,0,1.2531328,0.2506266,0,96.49123,2.005013,0,0
2022-06-26 03:14:33,0,0,0.5012531,0.2506266,0,97.24311,1.754386,0.2506266,0
2022-06-26 03:14:32,0,0,0.2487562,0,0,98.75622,0.9950249,0,0
2022-06-26 03:14:31,0,0,0.25,0,0,98.5,1,0.25,0
2022-06-26 03:14:30,0,0,0.2493766,0,0,98.25436,0.9975062,0.4987531,0
2022-06-26 03:14:29,0,0,1.0050251,0,0,96.48241,2.512563,0,0
2022-06-26 03:14:28,0,0,0.75,0.25,0,97.25,1.5,0.25,0
2022-06-26 03:14:27,0,0,0.75,0,0,96.75,2.5,0,0
2022-06-26 03:14:26,0,0,1.0025063,0,0,95.73935,3.258145,0,0
2022-06-26 03:14:25,0,0,0.7481297,0.2493766,0,98.00499,0.7481297,0.2493766,0
2022-06-26 03:14:24,0,0,0,0,0,99.5,0.5,0,0
2022-06-26 03:14:23,0,0,0.4987531,0.2493766,0,97.50623,1.745636,0,0
2022-06-26 03:14:22,0,0,0.7537688,0,0,96.73367,2.01005,0.5025126,0
2022-06-26 03:14:21,0,0,0.9975062,0,0,96.50873,2.493766,0,0
2022-06-26 03:14:20,0,0,0.7481297,0.2493766,0,95.7606,2.743142,0.4987531,0
2022-06-26 03:14:19,0,0,0.7518797,0.2506266,0,96.99248,2.005013,0,0
2022-06-26 03:14:18,0,0,0,0,0,99,0.75,0.25,0
2022-06-26 03:14:17,0,0,0,0,0,99,0.75,0.25,0
2022-06-26 03:14:16,0,0,0.7481297,0,0,97.50623,1.4962594,0.2493766,0
2022-06-26 03:14:15,0,0,1.0025063,0.2506266,0,96.2406,2.255639,0.2506266,0
2022-06-26 03:14:14,0,0,0.9975062,0.2493766,0,95.7606,2.493766,0.4987531,0
2022-06-26 03:14:13,0,0,0.7518797,0.2506266,0,96.2406,2.506266,0.2506266,0
2022-06-26 03:14:12,0,0,0.7481297,0.2493766,0,97.25686,1.4962594,0.2493766,0
2022-06-26 03:14:11,0,0,0.25,0,0,98.5,1,0.25,0
2022-06-26 03:14:10,0,0,0,0,0,98.74372,1.0050251,0.2512563,0
2022-06-26 03:14:09,0,0,0.2506266,0.2506266,0,98.49624,0.7518797,0.2506266,0
2022-06-26 03:14:08,0,0,0.4975124,0,0,94.27861,4.726368,0.4975124,0
2022-06-26 03:14:07,0,0,1.0025063,0,0,95.73935,3.007519,0.2506266,0
2022-06-26 03:14:06,0,0,0.7444169,0.248139,0,96.27792,2.233251,0.4962779,0
2022-06-26 03:14:05,0,0,1.5037594,0,0,94.23559,3.759398,0.5012531,0
2022-06-26 03:14:04,0,0,0.5012531,0.2506266,0,97.24311,1.754386,0.2506266,0
2022-06-26 03:14:03,0,0,0.25,0,0,98.25,1.25,0.25,0
2022-06-26 03:14:02,0,0,0,0,0,99.74937,0.2506266,0,0
2022-06-26 03:14:01,0,0,0,0.2493766,0,98.50374,0.9975062,0.2493766,0
2022-06-26 03:14:00,0,0,0.5,0,0,96.25,3,0.25,0
2022-06-26 03:13:59,0,0,1.25,0,0,93.75,5,0,0
2022-06-26 03:13:58,0,0,1.75,0.25,0,92.5,5.25,0.25,0
2022-06-26 03:13:57,0,0,1.2437811,0,0,89.30348,9.20398,0.2487562,0
2022-06-26 03:13:56,0,0,1.0025063,0.5012531,0,91.72932,6.516291,0.2506266,0
2022-06-26 03:13:55,0,0,0.75,0,0,92.75,6,0.5,0
2022-06-26 03:13:54,0,0,0.5025126,0.2512563,0,92.71357,6.281407,0.2512563,0
2022-06-26 03:13:53,0,0,0.4987531,0,0,91.77057,7.481297,0.2493766,0
2022-06-26 03:13:52,0,0,0,0.2493766,0,94.76309,4.738155,0.2493766,0
2022-06-26 03:13:51,0,0,0.2493766,0,0,93.26683,6.234414,0.2493766,0
2022-06-26 03:13:50,0,0,0,0,0,89.97494,8.270677,0.7518797,0
2022-06-26 03:13:49,0,0,0,0.2512563,0,91.45729,8.040201,0,0
2022-06-26 03:13:48,0,0,0.2493766,0,0,95.26185,3.990025,0.2493766,0
2022-06-26 03:13:47,0,0,0,0,0,96.72544,3.274559,0,0
2022-06-26 03:13:46,0,0,0.2475248,0.2475248,0,97.27723,1.732673,0.4950495,0
2022-06-26 03:13:45,0,0,0,0,0,99.49749,0.5025126,0,0
2022-06-26 03:13:44,0,0,0,0,0,98.75,1,0.25,0
2022-06-26 03:13:43,0,0,0,0.25,0,99.25,0.5,0,0
2022-06-26 03:13:42,0,0,0.2493766,0,0,98.00499,1.2468828,0.4987531,0
2022-06-26 03:13:41,0,0,0.2506266,0,0,97.99499,1.5037594,0.2506266,0
2022-06-26 03:13:40,0,0,0.7518797,0.2506266,0,96.99248,2.005013,0,0
2022-06-26 03:13:39,0,0,0.7462687,0.2487562,0,96.51741,2.238806,0.2487562,0
2022-06-26 03:13:38,0,0,0.5012531,0,0,97.49373,2.005013,0,0
2022-06-26 03:13:37,0,0,0.5025126,0,0,97.73869,1.2562814,0.5025126,0
2022-06-26 03:13:36,0,0,0.2493766,0,0,98.75312,0.7481297,0.2493766,0
2022-06-26 03:13:35,0,0,0.2506266,0,0,98.24561,1.2531328,0.2506266,0
2022-06-26 03:13:34,0,0,0.7481297,0,0,97.75561,1.2468828,0.2493766,0
2022-06-26 03:13:33,0,0,0.7462687,0.2487562,0,96.51741,2.487562,0,0
2022-06-26 03:13:32,0,0,1.0075567,0.2518892,0,95.21411,3.02267,0.5037783,0
2022-06-26 03:13:31,0,0,0.9975062,0,0,97.00748,1.995012,0,0
2022-06-26 03:13:30,0,0,0.5,0,0,96.5,2.5,0.5,0
2022-06-26 03:13:29,0,0,0.2493766,0,0,97.50623,1.745636,0.4987531,0
2022-06-26 03:13:28,0,0,0.2506266,0,0,98.99749,0.7518797,0,0
2022-06-26 03:13:27,0,0,0.4975124,0,0,97.51244,1.99005,0,0
2022-06-26 03:13:26,0,0,0.7537688,0.2512563,0,96.23116,2.512563,0.2512563,0
2022-06-26 03:13:25,0,0,1.75,0,0,95.25,2.75,0.25,0
2022-06-26 03:13:24,0,0,1,0,0,96,2.75,0.25,0
2022-06-26 03:13:23,0,0,0.4987531,0.2493766,0,97.00748,1.745636,0.2493766,0
2022-06-26 03:13:22,0,0,0,0,0,99.49875,0.5012531,0,0
2022-06-26 03:13:21,0,0,0.4975124,0,0,97.76119,1.2437811,0.4975124,0
2022-06-26 03:13:20,0,0,0.7481297,0.2493766,0,96.7581,1.995012,0.2493766,0
2022-06-26 03:13:19,0,0,0.7537688,0,0,97.48744,1.758794,0,0
2022-06-26 03:13:18,0,0,0.9975062,0.2493766,0,95.7606,2.743142,0.2493766,0
2022-06-26 03:13:17,0,0,0.5012531,0,0,96.74185,2.756892,0,0
2022-06-26 03:13:16,0,0,0.5,0.25,0,97.75,1.25,0.25,0
2022-06-26 03:13:15,0,0,0.25,0,0,99,0.75,0,0
2022-06-26 03:13:14,0,0,0.2506266,0.2506266,0,96.49123,3.007519,0,0
2022-06-26 03:13:13,0,0,0.7481297,0.2493766,0,97.50623,1.2468828,0.2493766,0
2022-06-26 03:13:12,0,0,0.9950249,0.2487562,0,96.26866,2.238806,0.2487562,0
2022-06-26 03:13:11,0,0,0.7537688,0,0,96.23116,2.763819,0.2512563,0
2022-06-26 03:13:10,0,0,0.7481297,0.2493766,0,97.50623,1.4962594,0,0
2022-06-26 03:13:09,0,0,0.5012531,0,0,98.24561,1.2531328,0,0
2022-06-26 03:13:08,0,0,0,0,0,97.75,2.25,0,0
2022-06-26 03:13:07,0,0,0.2493766,0,0,98.50374,0.7481297,0.4987531,0
2022-06-26 03:13:06,0,0,0.5037783,0,0,97.733,1.763224,0,0
2022-06-26 03:13:05,0,0,0.9950249,0.2487562,0,95.02488,3.482587,0.2487562,0
2022-06-26 03:13:04,0,0,1.741294,0,0,93.53234,4.477612,0.2487562,0
2022-06-26 03:13:03,0,0,0.2518892,0,0,98.74055,1.0075567,0,0
2022-06-26 03:13:02,0,0,0.4975124,0,0,96.0199,2.985075,0.4975124,0
2022-06-26 03:13:01,0,0,0.75,0.25,0,97,2,0,0
2022-06-26 03:13:00,0,0,0,0,0,99,0.5,0.5,0
2022-06-26 03:12:59,0,0,0.2512563,0,0,98.74372,0.7537688,0.2512563,0
2022-06-26 03:12:58,0,0,0.4987531,0,0,97.00748,2.244389,0.2493766,0
2022-06-26 03:12:57,0,0,1.25,0,0,93,5.75,0,0
2022-06-26 03:12:56,0,0,1.4925373,0.2487562,0,91.79104,5.970149,0.4975124,0
2022-06-26 03:12:55,0,0,1.0050251,0.2512563,0,93.96985,4.773869,0,0
2022-06-26 03:12:54,0,0,0.9975062,0,0,90.02494,8.478803,0.4987531,0
2022-06-26 03:12:53,0,0,0.75,0.25,0,93.5,5.5,0,0
2022-06-26 03:12:52,0,0,0.5025126,0.2512563,0,91.70854,7.035176,0.5025126,0
2022-06-26 03:12:51,0,0,0.9950249,0,0,89.801,8.706468,0.4975124,0
2022-06-26 03:12:50,0,0,0,0.25,0,93.25,6,0.25,0
2022-06-26 03:12:49,0,0,0,0,0,92.98246,6.516291,0.5012531,0
2022-06-26 03:12:48,0,0,0.2506266,0,0,92.4812,7.017544,0.2506266,0
2022-06-26 03:12:47,0,0,0,0.25,0,91,5.25,0.5,0
2022-06-26 03:12:46,0,0,0.2512563,0,0,87.43719,8.79397,0,0
2022-06-26 03:12:45,0,0,0,0.5012531,0,95.98997,3.508772,0,0
2022-06-26 03:12:44,0,0,0.2475248,0.2475248,0,98.26733,0.7425743,0.4950495,0
2022-06-26 03:12:43,0,0,0,0,0,98.74372,1.2562814,0,0
2022-06-26 03:12:42,0,0,0,0,0,98.49624,1.2531328,0.2506266,0
2022-06-26 03:12:41,0,0,0,0,0,99.25,0.5,0.25,0
2022-06-26 03:12:40,0,0,0,0,0,98.99749,1.0025063,0,0
2022-06-26 03:12:39,0,0,0.4987531,0.2493766,0,97.75561,1.2468828,0.2493766,0
2022-06-26 03:12:38,0,0,0.2487562,0,0,98.25871,1.2437811,0.2487562,0
2022-06-26 03:12:37,0,0,1.2531328,0.2506266,0,96.2406,2.255639,0,0
2022-06-26 03:12:36,0,0,1.0025063,0,0,96.49123,2.506266,0,0
2022-06-26 03:12:35,0,0,0,0,0,98.5,1.5,0,0
2022-06-26 03:12:34,0,0,0,0,0,99.25,0.5,0.25,0
2022-06-26 03:12:33,0,0,0.2506266,0.2506266,0,98.24561,1.2531328,0,0
2022-06-26 03:12:32,0,0,0.4987531,0,0,97.75561,1.4962594,0.2493766,0
2022-06-26 03:12:31,0,0,0.75,0.25,0,96.75,2.25,0,0
2022-06-26 03:12:30,0,0,1.4925373,0.2487562,0,94.52736,3.482587,0.2487562,0
2022-06-26 03:12:29,0,0,1.0050251,0.2512563,0,96.48241,2.01005,0.2512563,0
2022-06-26 03:12:28,0,0,0,0,0,99.25,0.5,0.25,0
2022-06-26 03:12:27,0,0,0.25,0,0,99,0.75,0,0
2022-06-26 03:12:26,0,0,0.2506266,0,0,98.74687,1.0025063,0,0
2022-06-26 03:12:25,0,0,0.9975062,0,0,97.25686,1.2468828,0.4987531,0
2022-06-26 03:12:24,0,0,0.4987531,0,0,96.50873,2.743142,0.2493766,0
2022-06-26 03:12:23,0,0,1.5,0.25,0,95.5,2.25,0.5,0
2022-06-26 03:12:22,0,0,1.0025063,0.2506266,0,96.49123,2.255639,0,0
2022-06-26 03:12:21,0,0,0.25,0,0,98.25,1.25,0.25,0
2022-06-26 03:12:20,0,0,0,0,0,99.24812,0.7518797,0,0
2022-06-26 03:12:19,0,0,0.25,0.25,0,97.75,1.5,0.25,0
2022-06-26 03:12:18,0,0,0.75,0.25,0,97.25,1.5,0.25,0
2022-06-26 03:12:17,0,0,0.9950249,0.2487562,0,95.77114,2.487562,0.4975124,0
2022-06-26 03:12:16,0,0,1.0050251,0.2512563,0,95.9799,2.763819,0,0
2022-06-26 03:12:15,0,0,0.7444169,0.248139,0,96.02978,2.233251,0.7444169,0
2022-06-26 03:12:14,0,0,0.2506266,0,0,97.99499,1.754386,0,0
2022-06-26 03:12:13,0,0,0.2506266,0,0,98.74687,1.0025063,0,0
2022-06-26 03:12:12,0,0,0.25,0,0,99,0.75,0,0
2022-06-26 03:12:11,0,0,1.2531328,0.2506266,0,95.2381,2.756892,0.5012531,0
2022-06-26 03:12:10,0,0,1,0,0,96.25,2.5,0.25,0
2022-06-26 03:12:09,0,0,1.2406948,0.248139,0,94.54094,3.722084,0.248139,0
2022-06-26 03:12:08,0,0,0.7537688,0,0,95.9799,3.015075,0.2512563,0
2022-06-26 03:12:07,0,0,0.4987531,0,0,98.25436,0.9975062,0.2493766,0
2022-06-26 03:12:06,0,0,0,0,0,98.99497,1.0050251,0,0
2022-06-26 03:12:05,0,0,0.2487562,0,0,98.00995,1.4925373,0.2487562,0
2022-06-26 03:12:04,0,0,0.25,0,0,98,1.5,0.25,0
2022-06-26 03:12:03,0,0,0.5,0,0,97.25,2,0.25,0
2022-06-26 03:12:02,0,0,0.9975062,0.2493766,0,94.51372,3.990025,0.2493766,0
2022-06-26 03:12:01,0,0,1.2531328,0,0,94.73684,4.010025,0,0
2022-06-26 03:12:00,0,0,0.5012531,0,0,97.74436,1.5037594,0.2506266,0
2022-06-26 03:11:59,0,0,0.25,0.25,0,96.75,2.5,0.25,0
2022-06-26 03:11:58,0,0,0,0.25,0,98.25,1,0.25,0
2022-06-26 03:11:57,0,0,0.2493766,0,0,99.00249,0.4987531,0.2493766,0
2022-06-26 03:11:56,0,0,0.5025126,0,0,97.23618,2.01005,0.2512563,0
2022-06-26 03:11:55,0,0,0.4987531,0,0,95.01247,4.239401,0.2493766,0
2022-06-26 03:11:54,0,0,1.5,0.75,0,92.5,5,0.25,0
2022-06-26 03:11:53,0,0,1.5,0.25,0,91.5,6.5,0.25,0
2022-06-26 03:11:52,0,0,1.4962594,0.4987531,0,90.52369,7.23192,0.2493766,0
2022-06-26 03:11:51,0,0,0.7518797,0.2506266,0,92.23058,6.516291,0.2506266,0
2022-06-26 03:11:50,0,0,0.7462687,0.2487562,0,94.02985,4.726368,0.2487562,0
2022-06-26 03:11:49,0,0,0.5012531,0,0,93.73434,5.513784,0.2506266,0
2022-06-26 03:11:48,0,0,0.25,0,0,94,5.5,0.25,0
2022-06-26 03:11:47,0,0,0.2493766,0.2493766,0,92.01995,7.23192,0.2493766,0
2022-06-26 03:11:46,0,0,0,0,0,91.75,8,0.25,0
2022-06-26 03:11:45,0,0,0.25,0,0,91.5,7.75,0,0
2022-06-26 03:11:44,0,0,0,0,0,92.44332,6.801008,0.2518892,0
2022-06-26 03:11:43,0,0,0.25,0,0,95.75,3.25,0.75,0
2022-06-26 03:11:42,0,0,0,0.25,0,97.75,2,0,0
2022-06-26 03:11:41,0,0,0,0,0,97.25,2.5,0.25,0
2022-06-26 03:11:40,0,0,0.25,0,0,97.75,2,0,0
2022-06-26 03:11:39,0,0,0,0,0,99.25,0.75,0,0
2022-06-26 03:11:38,0,0,0,0,0,99.00249,0.4987531,0.4987531,0
2022-06-26 03:11:37,0,0,0.2506266,0.2506266,0,97.99499,1.5037594,0,0
2022-06-26 03:11:36,0,0,0.75,0.25,0,96.5,2.5,0,0
2022-06-26 03:11:35,0,0,0.5,0,0,98,1.25,0.25,0
2022-06-26 03:11:34,0,0,1,0,0,96.5,2.25,0.25,0
2022-06-26 03:11:33,0,0,0,0,0,98.49624,1.5037594,0,0
2022-06-26 03:11:32,0,0,0.25,0,0,98.5,0.75,0.5,0
2022-06-26 03:11:31,0,0,0.4950495,0.2475248,0,97.52475,1.4851485,0.2475248,0
2022-06-26 03:11:30,0,0,0.5037783,0,0,97.48111,1.763224,0.2518892,0
2022-06-26 03:11:29,0,0,1.2468828,0.2493766,0,95.7606,2.244389,0.4987531,0
2022-06-26 03:11:28,0,0,0.7518797,0.2506266,0,96.2406,2.506266,0.2506266,0
2022-06-26 03:11:27,0,0,0.7518797,0,0,95.98997,3.007519,0.2506266,0
2022-06-26 03:11:26,0,0,0.4987531,0,0,97.50623,1.995012,0,0
2022-06-26 03:11:25,0,0,0.7481297,0,0,98.50374,0.4987531,0.2493766,0
2022-06-26 03:11:24,0,0,0,0.25,0,98.5,1,0.25,0
2022-06-26 03:11:23,0,0,0.5,0,0,97.5,1.5,0.25,0
2022-06-26 03:11:22,0,0,0.7481297,0.2493766,0,96.50873,2.493766,0,0
2022-06-26 03:11:21,0,0,1.2531328,0,0,95.73935,2.756892,0.2506266,0
2022-06-26 03:11:20,0,0,1.5,0.25,0,95.5,2.75,0,0
2022-06-26 03:11:19,0,0,0.5,0,0,98.25,1,0.25,0
2022-06-26 03:11:18,0,0,0,0,0,98.25436,1.4962594,0.2493766,0
2022-06-26 03:11:17,0,0,0.2506266,0,0,98.74687,1.0025063,0,0
2022-06-26 03:11:16,0,0,0.5012531,0,0,97.49373,2.005013,0,0
2022-06-26 03:11:15,0,0,1.2437811,0.4975124,0,94.52736,3.233831,0.4975124,0
2022-06-26 03:11:14,0,0,1.5075377,0,0,94.97487,3.517588,0,0
2022-06-26 03:11:13,0,0,0.9975062,0.2493766,0,96.25935,2.244389,0.2493766,0
2022-06-26 03:11:12,0,0,0.25,0,0,98,1.5,0.25,0
2022-06-26 03:11:11,0,0,0.2493766,0,0,98.75312,0.4987531,0.4987531,0
2022-06-26 03:11:10,0,0,0,0,0,99.24812,0.7518797,0,0
2022-06-26 03:11:09,0,0,0.5,0,0,98.5,0.75,0.25,0
2022-06-26 03:11:08,0,0,1,0.25,0,95.75,2.75,0.25,0
2022-06-26 03:11:07,0,0,1.75,0.5,0,93.75,3.75,0.25,0
2022-06-26 03:11:06,0,0,0.9975062,0,0,94.51372,4.239401,0.2493766,0
2022-06-26 03:11:05,0,0,0.25,0.5,0,97.25,2,0,0
2022-06-26 03:11:04,0,0,0,0,0,99.75,0.25,0,0
2022-06-26 03:11:03,0,0,0,0,0,99.49875,0.2506266,0.2506266,0
2022-06-26 03:11:02,0,0,0.25,0,0,98.5,1.25,0,0
2022-06-26 03:11:01,0,0,0.7462687,0,0,96.0199,2.736318,0.4975124,0
2022-06-26 03:11:00,0,0,1.2531328,0,0,94.23559,4.511278,0,0
2022-06-26 03:10:59,0,0,0.9975062,0.4987531,0,95.01247,3.491272,0,0
2022-06-26 03:10:58,0,0,0.7537688,0,0,97.23618,1.5075377,0.5025126,0
2022-06-26 03:10:57,0,0,0.25,0.25,0,98.75,0.5,0.25,0
2022-06-26 03:10:56,0,0,0.25,0,0,98.5,1,0.25,0
2022-06-26 03:10:55,0,0,0,0,0,99.24812,0.7518797,0,0
2022-06-26 03:10:54,0,0,0.248139,0,0,99.00744,0.4962779,0.248139,0
2022-06-26 03:10:53,0,0,0.5037783,0,0,95.96977,3.526448,0,0
2022-06-26 03:10:52,0,0,1,0.25,0,96,2.5,0.25,0
2022-06-26 03:10:51,0,0,1.985112,0.4962779,0,92.55583,4.71464,0.248139,0
2022-06-26 03:10:50,0,0,1.5,0,0,89.75,8.5,0.25,0
2022-06-26 03:10:49,0,0,1.25,0.5,0,91,7.25,0,0
2022-06-26 03:10:48,0,0,0.5037783,0,0,93.19899,5.793451,0.5037783,0
2022-06-26 03:10:47,0,0,0.4987531,0,0,94.76309,4.488778,0.2493766,0
2022-06-26 03:10:46,0,0,0,0,0,92.25,7.5,0.25,0
2022-06-26 03:10:45,0,0,0,0.2493766,0,93.76559,5.735661,0.2493766,0
2022-06-26 03:10:44,0,0,0.2493766,0,0,94.26434,5.236908,0.2493766,0
2022-06-26 03:10:43,0,0,0,0,0,90.25,8.5,0,0
2022-06-26 03:10:42,0,0,0.2512563,0.2512563,0,84.92462,11.055276,0.5025126,0
2022-06-26 03:10:41,0,0,0,0,0,96.75,3.25,0,0
2022-06-26 03:10:40,0,0,0,0,0,97.5,2.5,0,0
2022-06-26 03:10:39,0,0,0.25,0,0,97.75,1.5,0.5,0
2022-06-26 03:10:38,0,0,0.2493766,0,0,99.25187,0.4987531,0,0
2022-06-26 03:10:37,0,0,0,0,0,99.24812,0.7518797,0,0
2022-06-26 03:10:36,0,0,0.2506266,0,0,99.49875,0.2506266,0,0
2022-06-26 03:10:35,0,0,0,0.2493766,0,98.75312,0.7481297,0.2493766,0
2022-06-26 03:10:34,0,0,0.75,0,0,96.5,2.5,0.25,0
2022-06-26 03:10:33,0,0,0.2506266,0,0,98.49624,1.2531328,0,0
2022-06-26 03:10:32,0,0,0.9950249,0,0,96.51741,2.238806,0.2487562,0
2022-06-26 03:10:31,0,0,0.2506266,0.2506266,0,98.24561,1.0025063,0.2506266,0
2022-06-26 03:10:30,0,0,0.4987531,0.2493766,0,97.50623,1.745636,0,0
2022-06-26 03:10:29,0,0,0.2512563,0,0,98.49246,1.2562814,0,0
2022-06-26 03:10:28,0,0,0.4975124,0,0,97.01493,1.99005,0.4975124,0
2022-06-26 03:10:27,0,0,0.7518797,0.2506266,0,96.74185,2.005013,0.2506266,0
2022-06-26 03:10:26,0,0,0.9975062,0.2493766,0,96.00998,2.493766,0.2493766,0
2022-06-26 03:10:25,0,0,1.75,0.25,0,96,1.75,0.25,0
2022-06-26 03:10:24,0,0,0.2493766,0,0,99.00249,0.4987531,0.2493766,0
2022-06-26 03:10:23,0,0,0.2512563,0.2512563,0,97.73869,1.5075377,0.2512563,0
2022-06-26 03:10:22,0,0,0.2487562,0,0,99.00498,0.4975124,0.2487562,0
2022-06-26 03:10:21,0,0,0.5012531,0,0,96.99248,2.506266,0,0
2022-06-26 03:10:20,0,0,1.2468828,0,0,96.50873,1.4962594,0.4987531,0
2022-06-26 03:10:19,0,0,0.7481297,0,0,96.50873,2.244389,0.4987531,0
2022-06-26 03:10:18,0,0,0.75,0.25,0,96.25,2.5,0.25,0
2022-06-26 03:10:17,0,0,0.5012531,0,0,97.49373,1.754386,0.2506266,0
2022-06-26 03:10:16,0,0,0.2512563,0,0,98.24121,1.5075377,0,0
2022-06-26 03:10:15,0,0,0.4962779,0,0,98.26303,0.9925558,0.248139,0
2022-06-26 03:10:14,0,0,0.5012531,0.2506266,0,97.49373,1.5037594,0.2506266,0
2022-06-26 03:10:13,0,0,0.7518797,0,0,97.24311,1.754386,0.2506266,0
2022-06-26 03:10:12,0,0,0.75,0,0,95.75,3,0.5,0
2022-06-26 03:10:11,0,0,0.9975062,0,0,96.25935,2.743142,0,0
2022-06-26 03:10:10,0,0,0.7518797,0.2506266,0,97.24311,1.5037594,0.2506266,0
2022-06-26 03:10:09,0,0,0.25,0,0,98.25,1.5,0,0
2022-06-26 03:10:08,0,0,0,0,0,99.25,0.75,0,0
2022-06-26 03:10:07,0,0,0.4987531,0,0,98.00499,1.2468828,0.2493766,0
2022-06-26 03:10:06,0,0,1.0025063,0,0,95.98997,2.506266,0.5012531,0
2022-06-26 03:10:05,0,0,0.7481297,0.4987531,0,96.25935,2.244389,0.2493766,0
2022-06-26 03:10:04,0,0,1,0.25,0,96,2.5,0.25,0
2022-06-26 03:10:03,0,0,0.5012531,0.2506266,0,96.2406,2.756892,0.2506266,0
2022-06-26 03:10:02,0,0,0.4987531,0,0,98.50374,0.7481297,0.2493766,0
2022-06-26 03:10:01,0,0,0.25,0,0,98.75,0.75,0.25,0
2022-06-26 03:10:00,0,0,0.25,0.25,0,98.25,1,0.25,0
2022-06-26 03:09:59,0,0,0.5012531,0,0,96.2406,3.258145,0,0
2022-06-26 03:09:58,0,0,1.2562814,0.2512563,0,96.48241,2.01005,0,0
2022-06-26 03:09:57,0,0,0.7462687,0,0,94.77612,3.9801,0.4975124,0
2022-06-26 03:09:56,0,0,0.7518797,0.2506266,0,95.98997,3.007519,0,0
2022-06-26 03:09:55,0,0,0.4975124,0.2487562,0,97.76119,0.9950249,0.4975124,0
2022-06-26 03:09:54,0,0,0.5012531,0,0,97.49373,2.005013,0,0
2022-06-26 03:09:53,0,0,0,0,0,98.00995,1.4925373,0.4975124,0
2022-06-26 03:09:52,0,0,0,0,0,98.99749,1.0025063,0,0
2022-06-26 03:09:51,0,0,0.5025126,0,0,96.23116,3.015075,0.2512563,0
2022-06-26 03:09:50,0,0,1.2468828,0.7481297,0,93.01746,4.738155,0.2493766,0
2022-06-26 03:09:49,0,0,1.5,0.25,0,93.5,4.5,0.25,0
2022-06-26 03:09:48,0,0,1.745636,0.4987531,0,90.52369,6.982544,0.2493766,0
2022-06-26 03:09:47,0,0,0.9975062,0.2493766,0,90.52369,7.98005,0.2493766,0
2022-06-26 03:09:46,0,0,0.7518797,0,0,95.2381,3.759398,0.2506266,0
2022-06-26 03:09:45,0,0,0.5037783,0,0,90.17632,8.816121,0.5037783,0
2022-06-26 03:09:44,0,0,0.4987531,0.2493766,0,93.76559,4.987531,0.4987531,0
2022-06-26 03:09:43,0,0,0.5,0,0,94.5,5,0,0
2022-06-26 03:09:42,0,0,0,0,0,92.76808,6.733167,0.4987531,0
2022-06-26 03:09:41,0,0,0,0.25,0,90,9.5,0,0
2022-06-26 03:09:40,0,0,0.2487562,0,0,87.31343,8.955224,0.4975124,0
2022-06-26 03:09:39,0,0,0.25,0.25,0,91.5,7.25,0.25,0
2022-06-26 03:09:38,0,0,0.2512563,0,0,97.48744,2.01005,0.2512563,0
2022-06-26 03:09:37,0,0,0,0,0,97.49373,2.506266,0,0
2022-06-26 03:09:36,0,0,0.2487562,0,0,97.76119,1.4925373,0.4975124,0
2022-06-26 03:09:35,0,0,0,0.2506266,0,99.24812,0.5012531,0,0
2022-06-26 03:09:34,0,0,0,0,0,98.5,1.5,0,0
2022-06-26 03:09:33,0,0,0,0,0,99.49875,0.5012531,0,0
2022-06-26 03:09:32,0,0,0.2493766,0.2493766,0,98.00499,1.2468828,0.2493766,0
2022-06-26 03:09:31,0,0,0.9950249,0.2487562,0,95.52239,2.985075,0.2487562,0
2022-06-26 03:09:30,0,0,0.7537688,0,0,97.98995,1.2562814,0,0
2022-06-26 03:09:29,0,0,0.5012531,0,0,97.74436,1.5037594,0.2506266,0
2022-06-26 03:09:28,0,0,0.5,0,0,97.5,1.75,0.25,0
2022-06-26 03:09:27,0,0,0,0,0,99.24812,0.7518797,0,0
2022-06-26 03:09:26,0,0,0.2475248,0,0,98.51485,0.990099,0.2475248,0
2022-06-26 03:09:25,0,0,0.7537688,0.2512563,0,96.48241,2.261307,0.2512563,0
2022-06-26 03:09:24,0,0,1.25,0.25,0,96,2.25,0.25,0
2022-06-26 03:09:23,0,0,1.25,0,0,95.25,3.25,0.25,0
2022-06-26 03:09:22,0,0,0.75,0.25,0,95.75,3,0.25,0
2022-06-26 03:09:21,0,0,0.2506266,0,0,98.49624,1.2531328,0,0
2022-06-26 03:09:20,0,0,0,0,0,99.75,0,0.25,0
2022-06-26 03:09:19,0,0,0.2487562,0,0,98.50746,1.2437811,0,0
2022-06-26 03:09:18,0,0,0.2512563,0.2512563,0,98.24121,1.0050251,0.2512563,0
2022-06-26 03:09:17,0,0,1.2531328,0,0,95.98997,2.506266,0.2506266,0
2022-06-26 03:09:16,0,0,1.4888337,0.248139,0,94.04467,3.722084,0.4962779,0
2022-06-26 03:09:15,0,0,0.7556675,0,0,97.98489,1.2594458,0,0
2022-06-26 03:09:14,0,0,0.4987531,0.2493766,0,98.00499,0.9975062,0.2493766,0
2022-06-26 03:09:13,0,0,0,0,0,99.25187,0.4987531,0.2493766,0
2022-06-26 03:09:12,0,0,0,0,0,99.24623,0.7537688,0,0
2022-06-26 03:09:11,0,0,0.2493766,0,0,98.00499,1.2468828,0.4987531,0
2022-06-26 03:09:10,0,0,1.5,0,0,95.75,2.25,0.5,0
2022-06-26 03:09:09,0,0,1.5037594,0.5012531,0,94.48622,3.508772,0,0
2022-06-26 03:09:08,0,0,0.4962779,0,0,97.51861,1.4888337,0.248139,0
2022-06-26 03:09:07,0,0,0.25,0,0,98.5,1,0.25,0
2022-06-26 03:09:06,0,0,0.2506266,0,0,97.74436,1.754386,0.2506266,0
2022-06-26 03:09:05,0,0,0,0,0,99.25,0.5,0.25,0
2022-06-26 03:09:04,0,0,0.5012531,0,0,98.24561,1.0025063,0.2506266,0
2022-06-26 03:09:03,0,0,1.2531328,0,0,94.98747,3.508772,0.2506266,0
2022-06-26 03:09:02,0,0,1.2406948,0.248139,0,95.78164,2.233251,0.4962779,0
2022-06-26 03:09:01,0,0,0.75,0,0,97.5,1.5,0.25,0
2022-06-26 03:09:00,0,0,0.2512563,0,0,97.73869,2.01005,0,0
2022-06-26 03:08:59,0,0,0,0,0,99.24812,0.5012531,0.2506266,0
2022-06-26 03:08:58,0,0,0.2493766,0,0,99.00249,0.4987531,0.2493766,0
2022-06-26 03:08:57,0,0,0.25,0,0,96.5,3,0.25,0
2022-06-26 03:08:56,0,0,0.75,0.5,0,95.75,2.75,0.25,0
2022-06-26 03:08:55,0,0,1.5,0,0,96,2.25,0.25,0
2022-06-26 03:08:54,0,0,0.9975062,0.2493766,0,95.01247,3.491272,0.2493766,0
2022-06-26 03:08:53,0,0,0.7518797,0.2506266,0,95.98997,2.756892,0.2506266,0
2022-06-26 03:08:52,0,0,0.2493766,0,0,98.75312,0.9975062,0,0
2022-06-26 03:08:51,0,0,0,0,0,99.25,0.5,0.25,0
2022-06-26 03:08:50,0,0,0,0,0,99.24812,0.7518797,0,0
2022-06-26 03:08:49,0,0,0.25,0.25,0,97.75,1.5,0.25,0
2022-06-26 03:08:48,0,0,0.75,0,0,96.25,2.75,0.25,0
2022-06-26 03:08:47,0,0,1.25,0.25,0,92.5,5.75,0.25,0
2022-06-26 03:08:46,0,0,1.741294,0,0,93.28358,4.726368,0.2487562,0
2022-06-26 03:08:45,0,0,1.75,0.25,0,86.25,11.25,0.5,0
2022-06-26 03:08:44,0,0,1.2562814,0.2512563,0,90.95477,7.286432,0.2512563,0
2022-06-26 03:08:43,0,0,0.4962779,0,0,90.57072,8.684864,0.248139,0
2022-06-26 03:08:42,0,0,0.2512563,0,0,96.73367,2.763819,0.2512563,0
2022-06-26 03:08:41,0,0,0,0,0,94.01496,5.735661,0.2493766,0
2022-06-26 03:08:40,0,0,0.2506266,0,0,94.98747,4.260652,0.5012531,0
2022-06-26 03:08:39,0,0,0,0.2506266,0,91.97995,7.518797,0.2506266,0
2022-06-26 03:08:38,0,0,0,0,0,90.95477,7.788945,0.2512563,0
2022-06-26 03:08:37,0,0,0.2525253,0.2525253,0,78.78788,9.59596,0.5050505,0
2022-06-26 03:08:36,0,0,0,0.2506266,0,88.97243,5.263158,0.5012531,0
2022-06-26 03:08:35,0,0,0.25,0,0,98.5,1.25,0,0
2022-06-26 03:08:34,0,0,0,0,0,97.5,2,0.5,0
2022-06-26 03:08:33,0,0,0.2493766,0.4987531,0,98.00499,0.9975062,0,0
2022-06-26 03:08:32,0,0,0,0,0,98.5,1.25,0.25,0
2022-06-26 03:08:31,0,0,0.2493766,0,0,99.00249,0.7481297,0,0
2022-06-26 03:08:30,0,0,0,0,0,99.49749,0.5025126,0,0
2022-06-26 03:08:29,0,0,0.2487562,0,0,97.76119,1.4925373,0.4975124,0
2022-06-26 03:08:28,0,0,1,0.5,0,96.25,2,0.25,0
2022-06-26 03:08:27,0,0,1.0025063,0.2506266,0,96.49123,2.005013,0.2506266,0
2022-06-26 03:08:26,0,0,0.75,0.25,0,97.75,1.25,0,0
2022-06-26 03:08:25,0,0,0.4987531,0,0,98.25436,0.7481297,0.4987531,0
2022-06-26 03:08:24,0,0,0,0,0,98.99749,1.0025063,0,0
2022-06-26 03:08:23,0,0,0.25,0,0,99,0.75,0,0
2022-06-26 03:08:22,0,0,0.7481297,0.2493766,0,96.50873,1.995012,0.4987531,0
2022-06-26 03:08:21,0,0,1.0025063,0,0,97.74436,1.2531328,0,0
2022-06-26 03:08:20,0,0,1.2468828,0.4987531,0,94.51372,3.491272,0.2493766,0
2022-06-26 03:08:19,0,0,0.5012531,0,0,97.99499,1.5037594,0,0
2022-06-26 03:08:18,0,0,0.2493766,0,0,98.75312,0.7481297,0.2493766,0
2022-06-26 03:08:17,0,0,0,0,0,99.25,0.75,0,0
2022-06-26 03:08:16,0,0,0.2506266,0,0,97.99499,1.5037594,0.2506266,0
2022-06-26 03:08:15,0,0,0.7518797,0,0,97.49373,1.5037594,0.2506266,0
2022-06-26 03:08:14,0,0,0.7481297,0.2493766,0,96.7581,1.995012,0.2493766,0
2022-06-26 03:08:13,0,0,1.4962594,0,0,94.76309,3.491272,0.2493766,0
2022-06-26 03:08:12,0,0,0.75,0,0,97.25,1.75,0.25,0
2022-06-26 03:08:11,0,0,0,0,0,99.5,0.5,0,0
2022-06-26 03:08:10,0,0,0,0,0,98.99749,0.7518797,0.2506266,0
2022-06-26 03:08:09,0,0,0.4987531,0.2493766,0,97.50623,1.745636,0,0
2022-06-26 03:08:08,0,0,0.7518797,0.2506266,0,96.99248,1.754386,0.2506266,0
2022-06-26 03:08:07,0,0,0.75,0,0,97,2.25,0,0
2022-06-26 03:08:06,0,0,1.2437811,0.2487562,0,96.0199,1.99005,0.4975124,0
2022-06-26 03:08:05,0,0,0.7537688,0.2512563,0,97.23618,1.758794,0,0
2022-06-26 03:08:04,0,0,0.2487562,0,0,97.76119,1.4925373,0.4975124,0
2022-06-26 03:08:03,0,0,0,0.2512563,0,98.99497,0.5025126,0.2512563,0
2022-06-26 03:08:02,0,0,0.4975124,0,0,97.51244,1.99005,0,0
2022-06-26 03:08:01,0,0,0.5,0,0,98.25,1,0.25,0
2022-06-26 03:08:00,0,0,0.7537688,0.2512563,0,96.23116,2.763819,0,0
2022-06-26 03:07:59,0,0,1.2468828,0,0,96.00998,2.743142,0,0
2022-06-26 03:07:58,0,0,1.0025063,0,0,95.2381,3.759398,0,0
2022-06-26 03:07:57,0,0,0,0,0,97.99499,1.754386,0.2506266,0
2022-06-26 03:07:56,0,0,0.2493766,0.2493766,0,99.00249,0.2493766,0.2493766,0
2022-06-26 03:07:55,0,0,0.2506266,0,0,98.24561,1.5037594,0,0
2022-06-26 03:07:54,0,0,0.4987531,0.2493766,0,97.25686,1.745636,0.2493766,0
2022-06-26 03:07:53,0,0,0.5,0.25,0,98.25,1,0,0
2022-06-26 03:07:52,0,0,1,0.25,0,95.25,3.25,0.25,0
2022-06-26 03:07:51,0,0,1.2468828,0.2493766,0,92.01995,6.234414,0.2493766,0
2022-06-26 03:07:50,0,0,0.75,0,0,96.75,2.25,0.25,0
2022-06-26 03:07:49,0,0,0,0,0,98.00499,1.4962594,0.4987531,0
2022-06-26 03:07:48,0,0,0,0,0,98.99497,1.0050251,0,0
2022-06-26 03:07:47,0,0,0.25,0,0,98,1.5,0.25,0
2022-06-26 03:07:46,0,0,0.5,0,0,98,1.25,0.25,0
2022-06-26 03:07:45,0,0,0.75,0.5,0,94.75,3.75,0.25,0
2022-06-26 03:07:44,0,0,1,0.25,0,94.25,4.5,0,0
2022-06-26 03:07:43,0,0,1.745636,0.2493766,0,89.27681,8.229426,0.4987531,0
2022-06-26 03:07:42,0,0,1.2531328,0.2506266,0,90.72682,7.769424,0,0
2022-06-26 03:07:41,0,0,1.736973,0.248139,0,89.8263,7.692308,0.4962779,0
2022-06-26 03:07:40,0,0,0.25,0,0,91.5,8,0.25,0
2022-06-26 03:07:39,0,0,0.2512563,0,0,93.96985,5.778894,0,0
2022-06-26 03:07:38,0,0,0,0,0,93.98496,6.015038,0,0
2022-06-26 03:07:37,0,0,0,0,0,93.53234,6.218905,0.2487562,0
2022-06-26 03:07:36,0,0,0.2506266,0,0,92.98246,6.516291,0.2506266,0
2022-06-26 03:07:35,0,0,0,0,0,92.75,6.5,0.25,0
2022-06-26 03:07:34,0,0,0.25,0,0,86.75,9,0.25,0
2022-06-26 03:07:33,0,0,0,0.25,0,96.25,3.25,0.25,0
2022-06-26 03:07:32,0,0,0,0,0,97.99499,1.5037594,0.2506266,0
2022-06-26 03:07:31,0,0,0.2493766,0.2493766,0,98.50374,0.7481297,0.2493766,0
2022-06-26 03:07:30,0,0,0,0,0,99.00249,0.7481297,0.2493766,0
2022-06-26 03:07:29,0,0,0,0,0,97.98995,2.01005,0,0
2022-06-26 03:07:28,0,0,0,0,0,99.00498,0.4975124,0.4975124,0
2022-06-26 03:07:27,0,0,0.5012531,0.2506266,0,96.99248,2.255639,0,0
2022-06-26 03:07:26,0,0,0.7518797,0,0,96.99248,2.255639,0,0
2022-06-26 03:07:25,0,0,1,0,0,98,0.75,0.25,0
2022-06-26 03:07:24,0,0,0.4975124,0,0,97.51244,1.4925373,0.4975124,0
2022-06-26 03:07:23,0,0,0.7481297,0.2493766,0,96.00998,2.743142,0.2493766,0
2022-06-26 03:07:22,0,0,0,0,0,98.99749,1.0025063,0,0
2022-06-26 03:07:21,0,0,0.2493766,0,0,96.00998,3.241895,0.4987531,0
2022-06-26 03:07:20,0,0,0.7556675,0,0,96.22166,3.02267,0,0
2022-06-26 03:07:19,0,0,0.9975062,0.2493766,0,96.7581,1.745636,0.2493766,0
2022-06-26 03:07:18,0,0,0.75,0.25,0,97,1.75,0.25,0
2022-06-26 03:07:17,0,0,0.7481297,0.2493766,0,95.01247,3.740648,0.2493766,0
2022-06-26 03:07:16,0,0,1.0025063,0.2506266,0,97.24311,1.5037594,0,0
2022-06-26 03:07:15,0,0,0,0,0,99.50125,0.4987531,0,0
2022-06-26 03:07:14,0,0,0,0,0,99.24812,0.5012531,0.2506266,0
2022-06-26 03:07:13,0,0,0.75,0.25,0,97.75,1.25,0,0
2022-06-26 03:07:12,0,0,1,0.25,0,96.25,2.25,0.25,0
2022-06-26 03:07:11,0,0,1.2531328,0.2506266,0,95.73935,2.506266,0.2506266,0
2022-06-26 03:07:10,0,0,1.25,0.25,0,96.25,2.25,0,0
2022-06-26 03:07:09,0,0,0.25,0,0,99,0.5,0.25,0
2022-06-26 03:07:08,0,0,0,0.25,0,99,0.5,0.25,0
2022-06-26 03:07:07,0,0,0.2493766,0,0,98.50374,0.9975062,0.2493766,0
2022-06-26 03:07:06,0,0,0.7518797,0,0,97.24311,2.005013,0,0
2022-06-26 03:07:05,0,0,0.7481297,0,0,96.50873,2.493766,0.2493766,0
2022-06-26 03:07:04,0,0,1.0025063,0.2506266,0,96.49123,2.005013,0.2506266,0
2022-06-26 03:07:03,0,0,1,0.25,0,96.25,2.5,0,0
2022-06-26 03:07:02,0,0,0.25,0.25,0,98,1.25,0.25,0
2022-06-26 03:07:01,0,0,0,0,0,98.75,1.25,0,0
2022-06-26 03:07:00,0,0,0,0,0,99.25,0.5,0.25,0
2022-06-26 03:06:59,0,0,0.7481297,0,0,96.7581,2.493766,0,0
2022-06-26 03:06:58,0,0,1.5037594,0,0,95.2381,3.007519,0.2506266,0
2022-06-26 03:06:57,0,0,0.75,0.25,0,96.25,2.75,0,0
2022-06-26 03:06:56,0,0,0.5,0.25,0,97,2,0.25,0
2022-06-26 03:06:55,0,0,0.7518797,0,0,96.74185,2.506266,0,0
2022-06-26 03:06:54,0,0,0,0,0,99.00498,0.7462687,0.2487562,0
2022-06-26 03:06:53,0,0,0.2493766,0,0,98.25436,1.2468828,0.2493766,0
2022-06-26 03:06:52,0,0,0.2518892,0,0,98.48866,1.2594458,0,0
2022-06-26 03:06:51,0,0,0.9925558,0.248139,0,95.5335,2.977667,0.248139,0
2022-06-26 03:06:50,0,0,1.0050251,0.2512563,0,96.23116,2.512563,0,0
2022-06-26 03:06:49,0,0,0.2506266,0,0,98.49624,1.2531328,0,0
2022-06-26 03:06:48,0,0,0.5,0,0,96.75,2.5,0.25,0
2022-06-26 03:06:47,0,0,0.4975124,0.2487562,0,95.52239,3.233831,0.4975124,0
2022-06-26 03:06:46,0,0,0.5025126,0,0,97.73869,1.758794,0,0
2022-06-26 03:06:45,0,0,0,0,0,98.74687,1.0025063,0.2506266,0
2022-06-26 03:06:44,0,0,0.2493766,0,0,96.7581,2.743142,0.2493766,0
2022-06-26 03:06:43,0,0,1,0.5,0,95.25,3,0.25,0
2022-06-26 03:06:42,0,0,1.75,0,0,93.25,4.75,0.25,0
2022-06-26 03:06:41,0,0,1.25,0,0,91.25,7,0.5,0
2022-06-26 03:06:40,0,0,0.7481297,0.4987531,0,93.51621,4.987531,0.2493766,0
2022-06-26 03:06:39,0,0,0.7462687,0.4975124,0,93.28358,5.223881,0.2487562,0
2022-06-26 03:06:38,0,0,0.5025126,0,0,93.71859,5.778894,0,0
2022-06-26 03:06:37,0,0,0.5,0.25,0,94,5,0.25,0
2022-06-26 03:06:36,0,0,0.75,0,0,90.75,8,0.5,0
2022-06-26 03:06:35,0,0,0.7462687,0.2487562,0,87.56219,10.696517,0.4975124,0
2022-06-26 03:06:34,0,0,0,0,0,91.45729,8.040201,0.2512563,0
2022-06-26 03:06:33,0,0,0,0,0,93.51621,5.985037,0.2493766,0
2022-06-26 03:06:32,0,0,0.2506266,0,0,93.48371,6.015038,0.2506266,0
2022-06-26 03:06:31,0,0,0,0,0,95.7606,4.239401,0,0
2022-06-26 03:06:30,0,0,0.2506266,0,0,95.48872,4.010025,0.2506266,0
2022-06-26 03:06:29,0,0,0,0,0,95.73935,4.010025,0,0
2022-06-26 03:06:28,0,0,0,0,0,99.49875,0.5012531,0,0
2022-06-26 03:06:27,0,0,0,0,0,99,0.5,0.5,0
2022-06-26 03:06:26,0,0,0.2487562,0.2487562,0,97.76119,1.4925373,0.2487562,0
2022-06-26 03:06:25,0,0,1,0.25,0,96,2.5,0.25,0
2022-06-26 03:06:24,0,0,0.25,0,0,98.5,1.25,0,0
2022-06-26 03:06:23,0,0,0.5,0.25,0,97,2.25,0,0
2022-06-26 03:06:22,0,0,0.5012531,0,0,98.49624,0.7518797,0.2506266,0
2022-06-26 03:06:21,0,0,0,0,0,98.50374,0.9975062,0.4987531,0
2022-06-26 03:06:20,0,0,1,0.25,0,96.75,1.75,0.25,0
2022-06-26 03:06:19,0,0,0.2506266,0,0,98.99749,0.5012531,0.2506266,0
2022-06-26 03:06:18,0,0,0.75,0.25,0,97.5,1.5,0,0
2022-06-26 03:06:17,0,0,0.4975124,0,0,97.01493,2.238806,0.2487562,0
2022-06-26 03:06:16,0,0,0.5025126,0,0,97.23618,2.261307,0,0
2022-06-26 03:06:15,0,0,0.5012531,0,0,98.49624,0.7518797,0.2506266,0
2022-06-26 03:06:14,0,0,0.4975124,0,0,97.01493,2.238806,0.2487562,0
2022-06-26 03:06:13,0,0,1.2531328,0.2506266,0,95.48872,2.506266,0.5012531,0
2022-06-26 03:06:12,0,0,0.5,0,0,98.25,1.25,0,0
2022-06-26 03:06:11,0,0,0.2493766,0.2493766,0,98.00499,0.9975062,0.4987531,0
2022-06-26 03:06:10,0,0,0.75,0,0,97.25,2,0,0
2022-06-26 03:06:09,0,0,0.7518797,0.2506266,0,97.49373,1.2531328,0.2506266,0
2022-06-26 03:06:08,0,0,0.75,0,0,97,2,0.25,0
2022-06-26 03:06:07,0,0,0.75,0.25,0,96.75,2,0.25,0
2022-06-26 03:06:06,0,0,0.5,0.5,0,97,1.75,0.25,0
2022-06-26 03:06:05,0,0,0.75,0,0,97.5,1.5,0.25,0
2022-06-26 03:06:04,0,0,0.2487562,0,0,97.76119,1.741294,0.2487562,0
2022-06-26 03:06:03,0,0,0.5037783,0.2518892,0,97.733,1.511335,0,0
2022-06-26 03:06:02,0,0,0.9975062,0,0,96.50873,2.244389,0.2493766,0
2022-06-26 03:06:01,0,0,0.5,0.25,0,96,3,0.25,0
2022-06-26 03:06:00,0,0,1,0.25,0,96.5,2.25,0,0
2022-06-26 03:05:59,0,0,1,0.5,0,96.5,2,0,0
2022-06-26 03:05:58,0,0,0.25,0.25,0,97.5,1.75,0.25,0
2022-06-26 03:05:57,0,0,0,0,0,99.50125,0.2493766,0.2493766,0
2022-06-26 03:05:56,0,0,0.5,0,0,98,1.25,0.25,0
2022-06-26 03:05:55,0,0,0.75,0.25,0,96.5,2.5,0,0
2022-06-26 03:05:54,0,0,1.0025063,0,0,96.99248,1.754386,0.2506266,0
2022-06-26 03:05:53,0,0,0.7481297,0.4987531,0,96.00998,2.244389,0.4987531,0
2022-06-26 03:05:52,0,0,0.75,0,0,96.25,3,0,0
2022-06-26 03:05:51,0,0,0.4987531,0,0,98.00499,1.2468828,0.2493766,0
2022-06-26 03:05:50,0,0,0,0,0,98.99497,1.0050251,0,0
2022-06-26 03:05:49,0,0,0.2506266,0,0,96.99248,2.255639,0.5012531,0
2022-06-26 03:05:48,0,0,0.7481297,0.2493766,0,97.50623,1.4962594,0,0
2022-06-26 03:05:47,0,0,0.75,0.25,0,95.75,3,0.25,0
2022-06-26 03:05:46,0,0,0.75,0,0,95.5,3.75,0,0
2022-06-26 03:05:45,0,0,0.7481297,0,0,96.00998,2.992519,0.2493766,0
2022-06-26 03:05:44,0,0,0.5012531,0,0,96.99248,2.506266,0,0
2022-06-26 03:05:43,0,0,0.5,0,0,97.75,1.25,0.5,0
2022-06-26 03:05:42,0,0,0.5012531,0.2506266,0,95.73935,3.508772,0,0
2022-06-26 03:05:41,0,0,0.4987531,0.2493766,0,95.51122,3.241895,0.4987531,0
2022-06-26 03:05:40,0,0,0.5,0.25,0,97.25,2,0,0
2022-06-26 03:05:39,0,0,0.7481297,0,0,95.26185,3.740648,0.2493766,0
2022-06-26 03:05:38,0,0,1.0025063,0.2506266,0,91.97995,6.516291,0.2506266,0
2022-06-26 03:05:37,0,0,1.0025063,0,0,95.2381,3.508772,0.2506266,0
2022-06-26 03:05:36,0,0,1.2406948,0.4962779,0,89.57816,8.436725,0.248139,0
2022-06-26 03:05:35,0,0,1.2531328,0.5012531,0,91.4787,6.766917,0,0
2022-06-26 03:05:34,0,0,0.5025126,0,0,88.94472,10.301508,0.2512563,0
2022-06-26 03:05:33,0,0,0.25,0,0,95.25,4.25,0.25,0
2022-06-26 03:05:32,0,0,0,0.2493766,0,94.26434,5.486284,0,0
2022-06-26 03:05:31,0,0,0,0,0,92.5187,6.733167,0.7481297,0
2022-06-26 03:05:30,0,0,0,0,0,94.47236,5.527638,0,0
2022-06-26 03:05:29,0,0,0.2493766,0,0,91.5212,7.481297,0.2493766,0
2022-06-26 03:05:28,0,0,0.25,0,0,95.5,4,0.25,0
2022-06-26 03:05:27,0,0,0,0,0,97.74436,2.005013,0.2506266,0
2022-06-26 03:05:26,0,0,0,0,0,99.00249,0.7481297,0.2493766,0
2022-06-26 03:05:25,0,0,0.5025126,0.2512563,0,98.49246,0.7537688,0,0
2022-06-26 03:05:24,0,0,0,0,0,98.74687,0.7518797,0.5012531,0
2022-06-26 03:05:23,0,0,0.4975124,0.2487562,0,97.26368,1.99005,0,0
2022-06-26 03:05:22,0,0,0.2506266,0.2506266,0,98.74687,0.7518797,0,0
2022-06-26 03:05:21,0,0,0.4975124,0,0,98.00995,1.2437811,0.2487562,0
2022-06-26 03:05:20,0,0,0.2506266,0,0,97.74436,1.754386,0.2506266,0
2022-06-26 03:05:19,0,0,0.9975062,0,0,96.25935,2.493766,0.2493766,0
2022-06-26 03:05:18,0,0,0.7518797,0.2506266,0,97.49373,1.5037594,0,0
2022-06-26 03:05:17,0,0,0,0,0,98.00499,1.745636,0.2493766,0
2022-06-26 03:05:16,0,0,0.4987531,0,0,97.75561,1.4962594,0.2493766,0
2022-06-26 03:05:15,0,0,0.2506266,0,0,97.99499,1.5037594,0.2506266,0
2022-06-26 03:05:14,0,0,0.7518797,0.5012531,0,96.49123,2.005013,0.2506266,0
2022-06-26 03:05:13,0,0,0.75,0,0,97,2,0.25,0
2022-06-26 03:05:12,0,0,0.9975062,0,0,96.50873,2.244389,0.2493766,0
2022-06-26 03:05:11,0,0,0.4987531,0,0,97.00748,2.244389,0.2493766,0
2022-06-26 03:05:10,0,0,0.5037783,0,0,98.23678,1.2594458,0,0
2022-06-26 03:05:09,0,0,0.4950495,0.2475248,0,97.77228,0.990099,0.4950495,0
2022-06-26 03:05:08,0,0,0.5025126,0,0,97.23618,2.01005,0.2512563,0
2022-06-26 03:05:07,0,0,1.0025063,0.2506266,0,96.49123,2.005013,0.2506266,0
2022-06-26 03:05:06,0,0,0.7462687,0.2487562,0,96.76617,1.99005,0.2487562,0
2022-06-26 03:05:05,0,0,0.7518797,0,0,96.2406,3.007519,0,0
2022-06-26 03:05:04,0,0,0,0,0,99.24623,0.7537688,0,0
2022-06-26 03:05:03,0,0,0.7537688,0,0,97.98995,1.0050251,0.2512563,0
2022-06-26 03:05:02,0,0,0.4975124,0.2487562,0,97.26368,1.99005,0,0
2022-06-26 03:05:01,0,0,0.7481297,0.2493766,0,97.50623,1.4962594,0,0
2022-06-26 03:05:00,0,0,0.75,0,0,97.75,1.5,0,0
2022-06-26 03:04:59,0,0,1.25,0,0,96.25,2.25,0.25,0
2022-06-26 03:04:58,0,0,0.75,0,0,97.75,1.5,0,0
2022-06-26 03:04:57,0,0,0,0,0,98.74687,1.0025063,0.2506266,0
2022-06-26 03:04:56,0,0,0.5012531,0,0,98.24561,1.2531328,0,0
2022-06-26 03:04:55,0,0,0.4950495,0.2475248,0,96.78218,1.980198,0.4950495,0
2022-06-26 03:04:54,0,0,0.5037783,0,0,98.23678,1.2594458,0,0
2022-06-26 03:04:53,0,0,1.4888337,0,0,96.02978,2.48139,0,0
2022-06-26 03:04:52,0,0,1.0050251,0,0,95.9799,3.015075,0,0
2022-06-26 03:04:51,0,0,0.7462687,0.2487562,0,97.01493,1.741294,0.2487562,0
2022-06-26 03:04:50,0,0,0,0,0,99.24433,0.5037783,0.2518892,0
2022-06-26 03:04:49,0,0,0,0,0,98.75622,0.7462687,0.4975124,0
2022-06-26 03:04:48,0,0,0.7518797,0,0,96.99248,2.255639,0,0
2022-06-26 03:04:47,0,0,0.2506266,0.2506266,0,96.99248,2.506266,0,0
2022-06-26 03:04:46,0,0,1,0,0,96.5,2.25,0.25,0
2022-06-26 03:04:45,0,0,1,0,0,96,2.75,0.25,0
2022-06-26 03:04:44,0,0,0.7462687,0.2487562,0,95.02488,3.731343,0.2487562,0
2022-06-26 03:04:43,0,0,0.5025126,0,0,96.98492,2.261307,0.2512563,0
2022-06-26 03:04:42,0,0,0,0,0,98.25,1.5,0.25,0
2022-06-26 03:04:41,0,0,0,0,0,98.99749,0.7518797,0.2506266,0
2022-06-26 03:04:40,0,0,0.7462687,0.2487562,0,96.0199,2.985075,0,0
2022-06-26 03:04:39,0,0,0.2506266,0,0,97.24311,2.506266,0,0
2022-06-26 03:04:38,0,0,0.75,0.25,0,97.25,1.5,0.25,0
2022-06-26 03:04:37,0,0,0.9925558,0.248139,0,94.2928,4.218362,0.248139,0
2022-06-26 03:04:36,0,0,1.5037594,0.2506266,0,91.4787,6.516291,0.2506266,0
2022-06-26 03:04:35,0,0,1.5075377,0.5025126,0,90.95477,7.035176,0,0
2022-06-26 03:04:34,0,0,0.9950249,0.2487562,0,91.29353,7.21393,0.2487562,0
2022-06-26 03:04:33,0,0,0.2506266,0,0,93.73434,5.513784,0.2506266,0
2022-06-26 03:04:32,0,0,0.2493766,0,0,94.76309,4.738155,0.2493766,0
2022-06-26 03:04:31,0,0,0.2493766,0,0,93.01746,6.234414,0.2493766,0
2022-06-26 03:04:30,0,0,0.2512563,0,0,93.71859,6.030151,0,0
2022-06-26 03:04:29,0,0,0.5,0,0,91.75,6.75,0.75,0
2022-06-26 03:04:28,0,0,0.2518892,0,0,91.68766,7.808564,0,0
2022-06-26 03:04:27,0,0,0.248139,0,0,90.32258,8.684864,0.4962779,0
2022-06-26 03:04:26,0,0,0,0.2506266,0,97.24311,2.506266,0,0
2022-06-26 03:04:25,0,0,0.5,0,0,95.5,3.5,0.5,0
2022-06-26 03:04:24,0,0,0.2512563,0,0,96.23116,3.517588,0,0
2022-06-26 03:04:23,0,0,0,0,0,98.00995,1.741294,0.2487562,0
2022-06-26 03:04:22,0,0,0.2506266,0,0,97.99499,1.5037594,0.2506266,0
2022-06-26 03:04:21,0,0,0,0,0,98.74687,1.2531328,0,0
2022-06-26 03:04:20,0,0,0.5,0.25,0,97.75,1.5,0,0
2022-06-26 03:04:19,0,0,0.2506266,0,0,97.99499,1.5037594,0.2506266,0
2022-06-26 03:04:18,0,0,0.7425743,0.2475248,0,96.53465,2.227723,0.2475248,0
2022-06-26 03:04:17,0,0,0.7556675,0,0,97.22922,1.763224,0.2518892,0
2022-06-26 03:04:16,0,0,0.4975124,0,0,98.50746,0.9950249,0,0
2022-06-26 03:04:15,0,0,0,0.2506266,0,98.99749,0.5012531,0.2506266,0
2022-06-26 03:04:14,0,0,0.25,0,0,98.75,0.75,0.25,0
2022-06-26 03:04:13,0,0,0.7462687,0,0,97.01493,1.99005,0.2487562,0
2022-06-26 03:04:12,0,0,0.5037783,0,0,97.733,1.763224,0,0
2022-06-26 03:04:11,0,0,0.9950249,0.2487562,0,96.51741,1.99005,0.2487562,0
2022-06-26 03:04:10,0,0,0.7518797,0,0,96.49123,2.255639,0.5012531,0
2022-06-26 03:04:09,0,0,0.5,0.25,0,97.75,1.5,0,0
2022-06-26 03:04:08,0,0,0,0,0,98.5,1.25,0.25,0
2022-06-26 03:04:07,0,0,0.7481297,0,0,97.75561,1.2468828,0.2493766,0
2022-06-26 03:04:06,0,0,0.5012531,0.2506266,0,97.74436,1.2531328,0.2506266,0
2022-06-26 03:04:05,0,0,0.5012531,0,0,96.99248,2.506266,0,0
2022-06-26 03:04:04,0,0,0.9950249,0.2487562,0,96.51741,1.99005,0.2487562,0
2022-06-26 03:04:03,0,0,1.2531328,0,0,96.49123,1.754386,0.5012531,0
2022-06-26 03:04:02,0,0,0,0,0,98.5,1.25,0.25,0
2022-06-26 03:04:01,0,0,0.2506266,0,0,98.74687,0.7518797,0.2506266,0
2022-06-26 03:04:00,0,0,0.4987531,0,0,97.25686,1.995012,0.2493766,0
2022-06-26 03:03:59,0,0,0.7518797,0,0,97.24311,2.005013,0,0
2022-06-26 03:03:58,0,0,0.7481297,0.2493766,0,97.50623,1.4962594,0,0
2022-06-26 03:03:57,0,0,1.2437811,0,0,94.52736,3.731343,0.4975124,0
2022-06-26 03:03:56,0,0,0.7518797,0,0,96.99248,2.005013,0.2506266,0
2022-06-26 03:03:55,0,0,0,0,0,99.24812,0.5012531,0.2506266,0
2022-06-26 03:03:54,0,0,0,0,0,99.24812,0.5012531,0.2506266,0
2022-06-26 03:03:53,0,0,0.5,0,0,97.25,2,0.25,0
2022-06-26 03:03:52,0,0,0.5,0.25,0,98,1,0.25,0
2022-06-26 03:03:51,0,0,1.25,0.25,0,95.25,3,0.25,0
2022-06-26 03:03:50,0,0,1,0.25,0,96.5,2,0.25,0
2022-06-26 03:03:49,0,0,0.75,0,0,97.25,2,0,0
2022-06-26 03:03:48,0,0,0.25,0,0,98,1.5,0.25,0
2022-06-26 03:03:47,0,0,0.2493766,0.2493766,0,97.25686,1.995012,0.2493766,0
2022-06-26 03:03:46,0,0,0.5,0.5,0,97.25,1.5,0.25,0
2022-06-26 03:03:45,0,0,0.25,0.25,0,98.25,1.25,0,0
2022-06-26 03:03:44,0,0,0.7462687,0,0,96.76617,1.99005,0.4975124,0
2022-06-26 03:03:43,0,0,1.2531328,0,0,93.73434,5.012531,0,0
2022-06-26 03:03:42,0,0,1.0025063,0.2506266,0,96.49123,2.255639,0,0
2022-06-26 03:03:41,0,0,0.7481297,0,0,97.00748,2.244389,0,0
2022-06-26 03:03:40,0,0,0.7518797,0,0,96.49123,2.506266,0.2506266,0
2022-06-26 03:03:39,0,0,0.2506266,0,0,97.74436,1.754386,0.2506266,0
2022-06-26 03:03:38,0,0,0.2493766,0,0,98.00499,1.2468828,0.4987531,0
2022-06-26 03:03:37,0,0,0.2506266,0,0,96.99248,2.756892,0,0
2022-06-26 03:03:36,0,0,0.7462687,0,0,96.76617,2.238806,0.2487562,0
2022-06-26 03:03:35,0,0,1.5037594,0.2506266,0,95.2381,2.756892,0.2506266,0
2022-06-26 03:03:34,0,0,1,0.5,0,92.75,5.75,0,0
2022-06-26 03:03:33,0,0,1.2437811,0.2487562,0,93.28358,4.975124,0.2487562,0
2022-06-26 03:03:32,0,0,1.0025063,0.2506266,0,93.23308,5.513784,0,0
2022-06-26 03:03:31,0,0,1.0025063,0,0,90.47619,8.270677,0.2506266,0
2022-06-26 03:03:30,0,0,0.4987531,0.2493766,0,92.01995,6.982544,0.2493766,0
2022-06-26 03:03:29,0,0,0.2512563,0,0,95.47739,4.271357,0,0
2022-06-26 03:03:28,0,0,0.5,0,0,91.75,7.75,0,0
2022-06-26 03:03:27,0,0,0.2487562,0,0,91.54229,7.960199,0.2487562,0
2022-06-26 03:03:26,0,0,0,0,0,92.73183,7.017544,0.2506266,0
2022-06-26 03:03:25,0,0,0.2493766,0.2493766,0,84.0399,10.224439,0,0
2022-06-26 03:03:24,0,0,0,0.2512563,0,90.70352,7.286432,0.5025126,0
2022-06-26 03:03:23,0,0,0.2493766,0,0,97.25686,2.244389,0.2493766,0
2022-06-26 03:03:22,0,0,0,0,0,98,1.75,0.25,0
2022-06-26 03:03:21,0,0,0.2487562,0,0,97.76119,1.741294,0.2487562,0
2022-06-26 03:03:20,0,0,0,0,0,99.24623,0.7537688,0,0
2022-06-26 03:03:19,0,0,0,0,0,99,0.75,0.25,0
2022-06-26 03:03:18,0,0,0.25,0,0,98.5,1.25,0,0
2022-06-26 03:03:17,0,0,0.2506266,0,0,98.49624,1.2531328,0,0
2022-06-26 03:03:16,0,0,0.2493766,0.2493766,0,98.50374,0.9975062,0,0
2022-06-26 03:03:15,0,0,0.7462687,0,0,96.76617,1.99005,0.4975124,0
2022-06-26 03:03:14,0,0,1.0025063,0,0,96.74185,2.255639,0,0
2022-06-26 03:03:13,0,0,0.2506266,0.2506266,0,98.49624,1.0025063,0,0
2022-06-26 03:03:12,0,0,0,0,0,98.5,1.5,0,0
2022-06-26 03:03:11,0,0,0.25,0,0,98.75,0.75,0.25,0
2022-06-26 03:03:10,0,0,0.5,0,0,98.5,0.75,0.25,0
2022-06-26 03:03:09,0,0,0.75,0,0,96.5,2.75,0,0
2022-06-26 03:03:08,0,0,1.25,0.25,0,95.25,2.75,0.5,0
2022-06-26 03:03:07,0,0,0.9975062,0.2493766,0,96.25935,2.244389,0.2493766,0
2022-06-26 03:03:06,0,0,0.25,0,0,98.25,1.25,0.25,0
2022-06-26 03:03:05,0,0,0.2506266,0,0,98.49624,1.0025063,0.2506266,0
2022-06-26 03:03:04,0,0,0.5,0.25,0,98.5,0.75,0,0
2022-06-26 03:03:03,0,0,0.2493766,0.2493766,0,97.25686,1.995012,0.2493766,0
2022-06-26 03:03:02,0,0,1,0,0,96.25,2.75,0,0
2022-06-26 03:03:01,0,0,1.25,0.75,0,94.75,3,0.25,0
2022-06-26 03:03:00,0,0,0.7537688,0,0,97.23618,2.01005,0,0
2022-06-26 03:02:59,0,0,0.4987531,0,0,98.00499,1.2468828,0.2493766,0
2022-06-26 03:02:58,0,0,0,0,0,99.25187,0.7481297,0,0
2022-06-26 03:02:57,0,0,0.5012531,0,0,97.74436,1.5037594,0.2506266,0
2022-06-26 03:02:56,0,0,0.5012531,0,0,96.99248,2.255639,0.2506266,0
2022-06-26 03:02:55,0,0,1.2468828,0.2493766,0,95.51122,2.992519,0,0
2022-06-26 03:02:54,0,0,0.75,0.25,0,96.5,2.5,0,0
2022-06-26 03:02:53,0,0,0.75,0,0,96.5,2.5,0.25,0
2022-06-26 03:02:52,0,0,0.2506266,0,0,98.24561,1.2531328,0.2506266,0
2022-06-26 03:02:51,0,0,0.2487562,0.2487562,0,98.75622,0.7462687,0,0
2022-06-26 03:02:50,0,0,0.2512563,0,0,98.49246,1.2562814,0,0
2022-06-26 03:02:49,0,0,0.75,0.25,0,96.75,2.25,0,0
2022-06-26 03:02:48,0,0,1.2437811,0.2487562,0,96.0199,1.99005,0.4975124,0
2022-06-26 03:02:47,0,0,0.7518797,0,0,95.98997,3.258145,0,0
2022-06-26 03:02:46,0,0,0.7481297,0.2493766,0,97.25686,1.4962594,0.2493766,0
2022-06-26 03:02:45,0,0,0.7518797,0,0,97.49373,1.5037594,0.2506266,0
2022-06-26 03:02:44,0,0,0.25,0,0,98.5,1,0.25,0
2022-06-26 03:02:43,0,0,0,0.25,0,98.5,1.25,0,0
2022-06-26 03:02:42,0,0,0.4987531,0.2493766,0,97.00748,1.995012,0.2493766,0
2022-06-26 03:02:41,0,0,1,0.25,0,95.25,3.5,0,0
2022-06-26 03:02:40,0,0,1.2562814,0.2512563,0,94.47236,4.020101,0,0
2022-06-26 03:02:39,0,0,1,0,0,96,3,0,0
2022-06-26 03:02:38,0,0,0.4962779,0,0,96.52605,2.729529,0.248139,0
2022-06-26 03:02:37,0,0,0.2512563,0.2512563,0,98.24121,1.2562814,0,0
2022-06-26 03:02:36,0,0,0,0,0,99,0.75,0.25,0
2022-06-26 03:02:35,0,0,0,0,0,99,0.75,0.25,0
2022-06-26 03:02:34,0,0,0.25,0,0,97.25,2.5,0,0
2022-06-26 03:02:33,0,0,0.9950249,0.2487562,0,94.02985,4.477612,0.2487562,0
2022-06-26 03:02:32,0,0,1.5075377,1.0050251,0,92.71357,4.773869,0,0
2022-06-26 03:02:31,0,0,1.741294,0.2487562,0,91.04478,6.218905,0.4975124,0
2022-06-26 03:02:30,0,0,1.5,0.25,0,90.75,7.25,0.25,0
2022-06-26 03:02:29,0,0,0.75,0.25,0,91.5,7.25,0.25,0
2022-06-26 03:02:28,0,0,0.75,0,0,91.5,7.5,0.25,0
2022-06-26 03:02:27,0,0,0.5,0.25,0,95,4,0.25,0
2022-06-26 03:02:26,0,0,0.2506266,0,0,91.72932,7.518797,0.2506266,0
2022-06-26 03:02:25,0,0,0,0,0,92.75,6.25,0.75,0
2022-06-26 03:02:24,0,0,0.5025126,0,0,89.94975,8.79397,0.2512563,0
2022-06-26 03:02:23,0,0,0.25,0.25,0,91.25,6,0.5,0
2022-06-26 03:02:22,0,0,0.2506266,0.2506266,0,84.71178,10.025063,0.2506266,0
2022-06-26 03:02:21,0,0,0,0,0,97.733,2.267003,0,0
2022-06-26 03:02:20,0,0,0,0,0,97.76675,1.736973,0.4962779,0
2022-06-26 03:02:19,0,0,0.2512563,0.2512563,0,98.24121,1.2562814,0,0
2022-06-26 03:02:18,0,0,0.2506266,0,0,99.49875,0.2506266,0,0
2022-06-26 03:02:17,0,0,0,0,0,99.25187,0.4987531,0.2493766,0
2022-06-26 03:02:16,0,0,0,0,0,99,0.75,0.25,0
2022-06-26 03:02:15,0,0,0.5,0.25,0,98.5,0.75,0,0
2022-06-26 03:02:14,0,0,0,0,0,97.75561,1.745636,0.4987531,0
2022-06-26 03:02:13,0,0,1.0025063,0,0,96.2406,2.255639,0.5012531,0
2022-06-26 03:02:12,0,0,0.75,0.25,0,96.75,2.25,0,0
2022-06-26 03:02:11,0,0,0.4987531,0.2493766,0,97.50623,1.745636,0,0
2022-06-26 03:02:10,0,0,0,0,0,99.24623,0.7537688,0,0
2022-06-26 03:02:09,0,0,0.2493766,0,0,98.25436,1.2468828,0.2493766,0
2022-06-26 03:02:08,0,0,0.5,0.25,0,98,1,0.25,0
2022-06-26 03:02:07,0,0,0.5,0.25,0,97.75,1.5,0,0
2022-06-26 03:02:06,0,0,1.25,0.25,0,95.5,2.75,0.25,0
2022-06-26 03:02:05,0,0,1,0.25,0,95.25,3.25,0.25,0
2022-06-26 03:02:04,0,0,0.5,0,0,98.5,1,0,0
2022-06-26 03:02:03,0,0,0,0,0,98,1.5,0.5,0
2022-06-26 03:02:02,0,0,0.25,0,0,98.25,1.5,0,0
2022-06-26 03:02:01,0,0,0.7481297,0,0,97.25686,1.4962594,0.2493766,0
2022-06-26 03:02:00,0,0,0.5025126,0.2512563,0,96.48241,2.512563,0.2512563,0
2022-06-26 03:01:59,0,0,1.4962594,0,0,94.76309,3.491272,0.2493766,0
2022-06-26 03:01:58,0,0,1,0.25,0,96,2.75,0,0
2022-06-26 03:01:57,0,0,0.25,0.25,0,98.25,1,0.25,0
2022-06-26 03:01:56,0,0,0,0,0,99.50249,0.4975124,0,0
2022-06-26 03:01:55,0,0,0.2518892,0,0,98.99244,0.7556675,0,0
2022-06-26 03:01:54,0,0,0.75,0.25,0,97.5,1.5,0,0
2022-06-26 03:01:53,0,0,0.9975062,0,0,96.25935,2.493766,0.2493766,0
2022-06-26 03:01:52,0,0,1.2531328,0.2506266,0,95.98997,2.255639,0.2506266,0
2022-06-26 03:01:51,0,0,0.7481297,0.2493766,0,96.25935,2.244389,0.4987531,0
2022-06-26 03:01:50,0,0,0.25,0,0,98.75,0.75,0.25,0
2022-06-26 03:01:49,0,0,0,0,0,99.5,0.5,0,0
2022-06-26 03:01:48,0,0,0.25,0.25,0,98.5,1,0,0
2022-06-26 03:01:47,0,0,1.0025063,0,0,97.24311,1.5037594,0.2506266,0
2022-06-26 03:01:46,0,0,1.2468828,0,0,95.51122,2.992519,0.2493766,0
2022-06-26 03:01:45,0,0,1.0025063,0.2506266,0,94.98747,3.508772,0.2506266,0
2022-06-26 03:01:44,0,0,0.5,0,0,97,2.25,0.25,0
2022-06-26 03:01:43,0,0,0.5,0,0,98,1.5,0,0
2022-06-26 03:01:42,0,0,0,0,0,99.5,0.25,0.25,0
2022-06-26 03:01:41,0,0,0,0,0,98.25,1.5,0.25,0
2022-06-26 03:01:40,0,0,0.2493766,0.2493766,0,97.25686,1.745636,0.4987531,0
2022-06-26 03:01:39,0,0,0.9975062,0,0,95.01247,3.491272,0.4987531,0
2022-06-26 03:01:38,0,0,1.4962594,0.4987531,0,94.01496,3.740648,0.2493766,0
2022-06-26 03:01:37,0,0,0.7537688,0.2512563,0,95.72864,3.015075,0.2512563,0
2022-06-26 03:01:36,0,0,0.4975124,0.4975124,0,96.51741,1.99005,0.4975124,0
2022-06-26 03:01:35,0,0,0.2518892,0,0,98.74055,1.0075567,0,0
2022-06-26 03:01:34,0,0,0,0,0,99.25,0.5,0.25,0
2022-06-26 03:01:33,0,0,0.2493766,0,0,99.00249,0.4987531,0.2493766,0
2022-06-26 03:01:32,0,0,0.2506266,0.2506266,0,96.99248,2.255639,0.2506266,0
2022-06-26 03:01:31,0,0,1,0.25,0,96,2.75,0,0
2022-06-26 03:01:30,0,0,1.25,0.25,0,93.5,4.75,0.25,0
2022-06-26 03:01:29,0,0,1.995012,0.2493766,0,90.27431,7.481297,0,0
2022-06-26 03:01:28,0,0,1.2531328,0.5012531,0,92.4812,5.263158,0.5012531,0
2022-06-26 03:01:27,0,0,0.75,0.25,0,91.5,7.5,0,0
2022-06-26 03:01:26,0,0,0.5025126,0.2512563,0,92.46231,6.532663,0.2512563,0
2022-06-26 03:01:25,0,0,0.2493766,0,0,93.01746,6.733167,0,0
2022-06-26 03:01:24,0,0,0.4987531,0,0,93.76559,5.486284,0.2493766,0
2022-06-26 03:01:23,0,0,0,0,0,93.75,6,0.25,0
2022-06-26 03:01:22,0,0,0,0.2493766,0,90.52369,8.478803,0.7481297,0
2022-06-26 03:01:21,0,0,0.25,0,0,90.5,8.5,0,0
2022-06-26 03:01:20,0,0,0,0,0,91.4787,7.017544,0.2506266,0
2022-06-26 03:01:19,0,0,0.2506266,0,0,95.48872,4.010025,0.2506266,0
2022-06-26 03:01:18,0,0,0,0,0,99.25,0.75,0,0
2022-06-26 03:01:17,0,0,0.25,0.25,0,97.75,1.5,0.25,0
2022-06-26 03:01:16,0,0,0,0,0,98.5,1.25,0.25,0
2022-06-26 03:01:15,0,0,0,0,0,99.00249,0.7481297,0.2493766,0
2022-06-26 03:01:14,0,0,0,0,0,99.24433,0.5037783,0.2518892,0
2022-06-26 03:01:13,0,0,0.2475248,0.2475248,0,98.0198,1.2376238,0.2475248,0
2022-06-26 03:01:12,0,0,1.0050251,0,0,97.23618,1.5075377,0.2512563,0
2022-06-26 03:01:11,0,0,1,0,0,95.75,3.25,0,0
2022-06-26 03:01:10,0,0,0.5012531,0,0,97.24311,1.754386,0.5012531,0
2022-06-26 03:01:09,0,0,0.4975124,0.2487562,0,97.01493,1.99005,0.2487562,0
2022-06-26 03:01:08,0,0,0,0,0,99.24812,0.7518797,0,0
2022-06-26 03:01:07,0,0,0,0,0,98.74687,1.0025063,0.2506266,0
2022-06-26 03:01:06,0,0,0.7444169,0,0,97.76675,1.4888337,0,0
2022-06-26 03:01:05,0,0,1.2626263,0.2525253,0,95.20202,3.030303,0.2525253,0
2022-06-26 03:01:04,0,0,0.7462687,0,0,96.51741,2.487562,0.2487562,0
2022-06-26 03:01:03,0,0,0.5,0.25,0,97.25,2,0,0
2022-06-26 03:01:02,0,0,0.7481297,0,0,97.50623,1.4962594,0.2493766,0
2022-06-26 03:01:01,0,0,0.2506266,0,0,98.74687,0.7518797,0.2506266,0
2022-06-26 03:01:00,0,0,0.2487562,0,0,98.25871,1.2437811,0.2487562,0
2022-06-26 03:00:59,0,0,1.010101,0.2525253,0,96.9697,1.767677,0,0
2022-06-26 03:00:58,0,0,0.7462687,0,0,97.26368,1.741294,0.2487562,0
2022-06-26 03:00:57,0,0,0.7462687,0.2487562,0,96.51741,2.238806,0.2487562,0
2022-06-26 03:00:56,0,0,0.5012531,0,0,96.74185,2.255639,0.5012531,0
2022-06-26 03:00:55,0,0,0.5012531,0.2506266,0,97.74436,1.5037594,0,0
2022-06-26 03:00:54,0,0,0.5,0.25,0,98,1.25,0,0
2022-06-26 03:00:53,0,0,0.2506266,0,0,97.74436,1.754386,0.2506266,0
2022-06-26 03:00:52,0,0,1.2531328,0.2506266,0,96.2406,2.005013,0.2506266,0
2022-06-26 03:00:51,0,0,0.9950249,0.2487562,0,96.0199,2.736318,0,0
2022-06-26 03:00:50,0,0,0.4975124,0,0,98.00995,1.2437811,0.2487562,0
2022-06-26 03:00:49,0,0,0.2525253,0.2525253,0,97.47475,1.767677,0.2525253,0
2022-06-26 03:00:48,0,0,0.7462687,0.2487562,0,97.01493,1.99005,0,0
2022-06-26 03:00:47,0,0,0.2493766,0,0,98.75312,0.9975062,0,0
2022-06-26 03:00:46,0,0,0.4987531,0,0,97.75561,1.4962594,0.2493766,0
2022-06-26 03:00:45,0,0,0.7556675,0,0,97.48111,1.511335,0.2518892,0
2022-06-26 03:00:44,0,0,0.7462687,0.2487562,0,96.76617,1.99005,0.2487562,0
2022-06-26 03:00:43,0,0,0.7481297,0,0,97.75561,1.2468828,0.2493766,0
2022-06-26 03:00:42,0,0,0.2512563,0,0,97.23618,2.512563,0,0
2022-06-26 03:00:41,0,0,0.75,0.25,0,96.25,2.5,0.25,0
2022-06-26 03:00:40,0,0,0.2487562,0,0,98.25871,1.2437811,0.2487562,0
2022-06-26 03:00:39,0,0,0.25,0,0,97.75,2,0,0
2022-06-26 03:00:38,0,0,0.75,0.25,0,96,2.5,0.5,0
2022-06-26 03:00:37,0,0,0.7518797,0.2506266,0,96.99248,1.754386,0.2506266,0
2022-06-26 03:00:36,0,0,0.7518797,0,0,96.99248,2.255639,0,0
2022-06-26 03:00:35,0,0,0.2487562,0,0,97.01493,2.487562,0.2487562,0
2022-06-26 03:00:34,0,0,0.75,0.25,0,96.75,2,0.25,0
2022-06-26 03:00:33,0,0,0.5012531,0,0,98.24561,1.0025063,0.2506266,0
2022-06-26 03:00:32,0,0,0.5012531,0,0,98.24561,1.2531328,0,0
2022-06-26 03:00:31,0,0,0.25,0,0,98.75,0.75,0.25,0
2022-06-26 03:00:30,0,0,0.4987531,0,0,96.00998,2.992519,0.4987531,0
2022-06-26 03:00:29,0,0,1.25,0,0,94,4.75,0,0
2022-06-26 03:00:28,0,0,1.754386,0,0,92.98246,5.012531,0.2506266,0
2022-06-26 03:00:27,0,0,0.7462687,0.4975124,0,93.28358,5.472637,0,0
2022-06-26 03:00:26,0,0,0.7537688,0,0,92.71357,6.030151,0.2512563,0
2022-06-26 03:00:25,0,0,1.2531328,0.2506266,0,92.23058,6.015038,0.2506266,0
2022-06-26 03:00:24,0,0,0.9925558,0,0,92.30769,6.451613,0.248139,0
2022-06-26 03:00:23,0,0,0.2512563,0,0,93.46734,6.030151,0.2512563,0
2022-06-26 03:00:22,0,0,0.4987531,0,0,93.76559,5.236908,0.4987531,0
2022-06-26 03:00:21,0,0,0.2512563,0,0,91.20603,8.291457,0.2512563,0
2022-06-26 03:00:20,0,0,0.2487562,0,0,89.05473,9.701493,0.4975124,0
2022-06-26 03:00:19,0,0,0,0,0,92.4812,7.26817,0.2506266,0
2022-06-26 03:00:18,0,0,0,0.2506266,0,93.98496,5.764411,0,0
2022-06-26 03:00:17,0,0,0.2493766,0,0,96.00998,3.241895,0.4987531,0
2022-06-26 03:00:16,0,0,0.25,0.25,0,96,3.5,0,0
2022-06-26 03:00:15,0,0,0,0,0,97.5,2.25,0.25,0
2022-06-26 03:00:14,0,0,0,0,0,98.75622,0.7462687,0.2487562,0
2022-06-26 03:00:13,0,0,0,0,0,99.24812,0.7518797,0,0
2022-06-26 03:00:12,0,0,0.25,0,0,98.75,0.75,0.25,0
2022-06-26 03:00:11,0,0,0.4987531,0.2493766,0,98.25436,0.7481297,0.2493766,0
2022-06-26 03:00:10,0,0,0.5,0,0,96.75,2.5,0.25,0
2022-06-26 03:00:09,0,0,0.7537688,0,0,96.73367,2.261307,0.2512563,0
2022-06-26 03:00:08,0,0,0.5,0,0,98.25,1,0.25,0
2022-06-26 03:00:07,0,0,0.4975124,0.2487562,0,96.26866,2.487562,0.4975124,0
2022-06-26 03:00:06,0,0,0.7537688,0.2512563,0,97.48744,1.5075377,0,0
2022-06-26 03:00:05,0,0,0.25,0,0,98.5,1,0.25,0
2022-06-26 03:00:04,0,0,0.7481297,0,0,97.00748,1.995012,0.2493766,0
2022-06-26 03:00:03,0,0,0.5037783,0.5037783,0,97.98489,1.0075567,0,0
2022-06-26 03:00:02,0,0,1.2437811,0.2487562,0,96.0199,2.487562,0,0
2022-06-26 03:00:01,0,0,0.9975062,0.2493766,0,95.51122,2.743142,0.4987531,0
2022-06-26 03:00:00,0,0,0.5,0.25,0,97.75,1.5,0,0
2022-06-26 02:59:59,0,0,0.2512563,0,0,99.24623,0.5025126,0,0
2022-06-26 02:59:58,0,0,0.4975124,0.2487562,0,97.76119,0.9950249,0.4975124,0
2022-06-26 02:59:57,0,0,0.75,0.25,0,96.75,2,0.25,0
2022-06-26 02:59:56,0,0,0.75,0,0,96.75,2.25,0.25,0
2022-06-26 02:59:55,0,0,1.25,0,0,95,3.75,0,0
2022-06-26 02:59:54,0,0,1,0.25,0,96.5,2,0.25,0
2022-06-26 02:59:53,0,0,0.5012531,0,0,98.24561,1.2531328,0,0
2022-06-26 02:59:52,0,0,0,0,0,99,0.75,0.25,0
2022-06-26 02:59:51,0,0,0.4975124,0,0,97.76119,1.741294,0,0
2022-06-26 02:59:50,0,0,0.9975062,0.2493766,0,97.00748,1.2468828,0.4987531,0
2022-06-26 02:59:49,0,0,0.2506266,0,0,97.99499,1.754386,0,0
2022-06-26 02:59:48,0,0,0.7556675,0.2518892,0,97.48111,1.2594458,0.2518892,0
2022-06-26 02:59:47,0,0,1.4851485,0.2475248,0,94.80198,3.217822,0.2475248,0
2022-06-26 02:59:46,0,0,0.5025126,0,0,98.49246,1.0050251,0,0
2022-06-26 02:59:45,0,0,0,0,0,98.75,1,0.25,0
2022-06-26 02:59:44,0,0,0.2506266,0,0,98.74687,0.7518797,0.2506266,0
2022-06-26 02:59:43,0,0,0.75,0.25,0,96.5,2,0.5,0
2022-06-26 02:59:42,0,0,0.7481297,0.2493766,0,95.51122,3.491272,0,0
2022-06-26 02:59:41,0,0,1.0025063,0,0,96.74185,2.255639,0,0
2022-06-26 02:59:40,0,0,1.25,0.25,0,95.5,2.75,0.25,0
2022-06-26 02:59:39,0,0,0.4987531,0,0,97.75561,1.4962594,0.2493766,0
2022-06-26 02:59:38,0,0,0,0,0,98.99749,1.0025063,0,0
2022-06-26 02:59:37,0,0,0.25,0,0,99.25,0.5,0,0
2022-06-26 02:59:36,0,0,0.4975124,0.2487562,0,96.0199,2.736318,0.4975124,0
2022-06-26 02:59:35,0,0,0.7518797,0.2506266,0,96.74185,2.255639,0,0
2022-06-26 02:59:34,0,0,0.7537688,0,0,95.72864,3.517588,0,0
2022-06-26 02:59:33,0,0,0.9925558,0.248139,0,95.78164,2.729529,0.248139,0
2022-06-26 02:59:32,0,0,0.7537688,0.2512563,0,95.47739,3.266332,0.2512563,0
2022-06-26 02:59:31,0,0,0.4950495,0.2475248,0,97.27723,1.4851485,0.2475248,0
2022-06-26 02:59:30,0,0,0,0,0,99.74811,0.2518892,0,0
2022-06-26 02:59:29,0,0,0,0,0,98.25436,1.4962594,0.2493766,0
2022-06-26 02:59:28,0,0,0.2493766,0,0,98.50374,1.2468828,0,0
2022-06-26 02:59:27,0,0,1.0075567,0,0,97.22922,1.511335,0.2518892,0
2022-06-26 02:59:26,0,0,0.9950249,0,0,94.52736,4.477612,0,0
2022-06-26 02:59:25,0,0,1.75,0.5,0,91.5,6.25,0,0
2022-06-26 02:59:24,0,0,1.5037594,0,0,92.4812,5.764411,0.2506266,0
2022-06-26 02:59:23,0,0,0.7462687,0.2487562,0,93.78109,5.223881,0,0
2022-06-26 02:59:22,0,0,0.7518797,0,0,92.23058,6.516291,0.5012531,0
2022-06-26 02:59:21,0,0,0.75,0.25,0,91.25,7.5,0.25,0
2022-06-26 02:59:20,0,0,0.4987531,0,0,93.76559,5.236908,0.4987531,0
2022-06-26 02:59:19,0,0,0,0,0,92.4812,7.518797,0,0
2022-06-26 02:59:18,0,0,0,0.25,0,90.25,8.5,0.5,0
2022-06-26 02:59:17,0,0,0,0,0,93.75,6.25,0,0
2022-06-26 02:59:16,0,0,0.25,0,0,92.5,6.5,0.5,0
2022-06-26 02:59:15,0,0,0,0.25,0,94.5,4.75,0.25,0
2022-06-26 02:59:14,0,0,0.2512563,0,0,97.48744,2.01005,0.2512563,0
2022-06-26 02:59:13,0,0,0,0,0,96.75,3.25,0,0
2022-06-26 02:59:12,0,0,0,0,0,99.24812,0.5012531,0.2506266,0
2022-06-26 02:59:11,0,0,0,0,0,98.99749,0.7518797,0.2506266,0
2022-06-26 02:59:10,0,0,0.2487562,0,0,98.50746,0.9950249,0.2487562,0
2022-06-26 02:59:09,0,0,0.2493766,0.2493766,0,98.00499,1.2468828,0.2493766,0
2022-06-26 02:59:08,0,0,0.5012531,0,0,97.49373,1.754386,0.2506266,0
2022-06-26 02:59:07,0,0,0.4987531,0.2493766,0,96.7581,1.995012,0.4987531,0
2022-06-26 02:59:06,0,0,0.7481297,0.2493766,0,96.50873,2.244389,0.2493766,0
2022-06-26 02:59:05,0,0,0.7556675,0,0,97.98489,1.2594458,0,0
2022-06-26 02:59:04,0,0,0.248139,0.248139,0,98.26303,1.2406948,0,0
2022-06-26 02:59:03,0,0,0,0,0,98.99749,0.5012531,0.5012531,0
2022-06-26 02:59:02,0,0,0.7481297,0.2493766,0,96.7581,1.995012,0.2493766,0
2022-06-26 02:59:01,0,0,0.5025126,0,0,96.98492,2.01005,0.5025126,0
2022-06-26 02:59:00,0,0,0.7481297,0,0,97.00748,2.244389,0,0
2022-06-26 02:58:59,0,0,1,0.25,0,96.25,2,0.25,0
2022-06-26 02:58:58,0,0,0.75,0,0,97,2,0.25,0
2022-06-26 02:58:57,0,0,0.4987531,0,0,98.50374,0.7481297,0.2493766,0
2022-06-26 02:58:56,0,0,0.2506266,0,0,98.49624,1.0025063,0.2506266,0
2022-06-26 02:58:55,0,0,0.7518797,0.2506266,0,96.2406,2.756892,0,0
2022-06-26 02:58:54,0,0,0.7444169,0,0,97.51861,1.4888337,0.248139,0
2022-06-26 02:58:53,0,0,0.7518797,0.2506266,0,96.74185,2.005013,0.2506266,0
2022-06-26 02:58:52,0,0,1.0025063,0.2506266,0,96.2406,2.506266,0,0
2022-06-26 02:58:51,0,0,0.75,0.25,0,97,1.75,0.25,0
2022-06-26 02:58:50,0,0,0.2506266,0.2506266,0,97.99499,1.5037594,0,0
2022-06-26 02:58:49,0,0,0.7462687,0,0,97.76119,0.9950249,0.4975124,0
2022-06-26 02:58:48,0,0,0.7556675,0.2518892,0,96.47355,2.518892,0,0
2022-06-26 02:58:47,0,0,0.7425743,0.2475248,0,96.78218,1.980198,0.2475248,0
2022-06-26 02:58:46,0,0,0.7537688,0.2512563,0,97.23618,1.5075377,0.2512563,0
2022-06-26 02:58:45,0,0,0.4987531,0.2493766,0,96.50873,2.493766,0.2493766,0
2022-06-26 02:58:44,0,0,0.7481297,0,0,97.00748,1.995012,0.2493766,0
2022-06-26 02:58:43,0,0,0.5025126,0.2512563,0,98.24121,1.0050251,0,0
2022-06-26 02:58:42,0,0,0.2506266,0,0,98.24561,1.5037594,0,0
2022-06-26 02:58:41,0,0,0.7518797,0.2506266,0,96.74185,2.005013,0.2506266,0
2022-06-26 02:58:40,0,0,0.7444169,0.248139,0,96.77419,1.736973,0.4962779,0
2022-06-26 02:58:39,0,0,0.7537688,0,0,97.48744,1.758794,0,0
2022-06-26 02:58:38,0,0,0.75,0.25,0,95.75,2.75,0.5,0
2022-06-26 02:58:37,0,0,0.5,0,0,97.5,2,0,0
2022-06-26 02:58:36,0,0,0.2487562,0,0,97.51244,1.741294,0.4975124,0
2022-06-26 02:58:35,0,0,0.5012531,0,0,98.49624,1.0025063,0,0
2022-06-26 02:58:34,0,0,0.7481297,0.4987531,0,96.25935,1.995012,0.4987531,0
2022-06-26 02:58:33,0,0,0.5,0.25,0,96,3,0.25,0
2022-06-26 02:58:32,0,0,0.7537688,0,0,97.23618,1.758794,0.2512563,0
2022-06-26 02:58:31,0,0,0.5,0.25,0,96.5,2.25,0.5,0
2022-06-26 02:58:30,0,0,0.75,0,0,96,2.75,0.5,0
2022-06-26 02:58:29,0,0,0.5,0,0,97.5,2,0,0
2022-06-26 02:58:28,0,0,0.4975124,0,0,98.00995,1.2437811,0.2487562,0
2022-06-26 02:58:27,0,0,0,0,0,98.99497,0.7537688,0.2512563,0
2022-06-26 02:58:26,0,0,0.25,0.25,0,96.5,2.75,0.25,0
2022-06-26 02:58:25,0,0,1.2468828,0.4987531,0,95.26185,2.743142,0.2493766,0
2022-06-26 02:58:24,0,0,1.2531328,0,0,93.73434,4.511278,0.5012531,0
2022-06-26 02:58:23,0,0,0.7481297,0.4987531,0,91.77057,6.733167,0.2493766,0
2022-06-26 02:58:22,0,0,0.9975062,0.2493766,0,93.76559,4.738155,0.2493766,0
2022-06-26 02:58:21,0,0,1.25,0.25,0,91.5,6.75,0.25,0
2022-06-26 02:58:20,0,0,1.0050251,0.2512563,0,90.95477,7.537688,0.2512563,0
2022-06-26 02:58:19,0,0,0.7462687,0,0,91.04478,7.711443,0.4975124,0
2022-06-26 02:58:18,0,0,0.5,0,0,93,6,0.5,0
2022-06-26 02:58:17,0,0,0,0.2512563,0,93.21608,6.281407,0.2512563,0
2022-06-26 02:58:16,0,0,0,0.2493766,0,92.26933,6.982544,0.4987531,0
2022-06-26 02:58:15,0,0,0.2487562,0,0,92.0398,7.462687,0.2487562,0
2022-06-26 02:58:14,0,0,0,0,0,92.69521,6.297229,0.2518892,0
2022-06-26 02:58:13,0,0,0.25,0,0,95,4.25,0.25,0
2022-06-26 02:58:12,0,0,0,0.2506266,0,94.23559,4.511278,0,0
2022-06-26 02:58:11,0,0,0.2493766,0.2493766,0,96.25935,2.743142,0.4987531,0
2022-06-26 02:58:10,0,0,0,0,0,98.74372,1.2562814,0,0
2022-06-26 02:58:09,0,0,0,0,0,99.24812,0.5012531,0.2506266,0
2022-06-26 02:58:08,0,0,0,0,0,99.00498,0.7462687,0.2487562,0
2022-06-26 02:58:07,0,0,0.2512563,0,0,98.74372,1.0050251,0,0
2022-06-26 02:58:06,0,0,0.4987531,0,0,97.50623,1.745636,0.2493766,0
2022-06-26 02:58:05,0,0,0.7481297,0,0,97.00748,1.995012,0.2493766,0
2022-06-26 02:58:04,0,0,0.5025126,0.2512563,0,96.73367,2.512563,0,0
2022-06-26 02:58:03,0,0,0.2493766,0,0,98.75312,0.7481297,0.2493766,0
2022-06-26 02:58:02,0,0,0.4975124,0,0,98.50746,0.7462687,0.2487562,0
2022-06-26 02:58:01,0,0,0,0.2512563,0,98.49246,1.2562814,0,0
2022-06-26 02:58:00,0,0,0.25,0,0,98,1.25,0.5,0
2022-06-26 02:57:59,0,0,1.0050251,0,0,96.48241,2.261307,0.2512563,0
2022-06-26 02:57:58,0,0,0.990099,0.2475248,0,96.0396,2.475248,0.2475248,0
2022-06-26 02:57:57,0,0,0.7537688,0.5025126,0,96.98492,1.5075377,0.2512563,0
2022-06-26 02:57:56,0,0,0.5,0,0,98,1.25,0.25,0
2022-06-26 02:57:55,0,0,0.4987531,0,0,97.75561,1.745636,0,0
2022-06-26 02:57:54,0,0,0,0,0,99.24433,0.7556675,0,0
2022-06-26 02:57:53,0,0,0.7462687,0.2487562,0,97.01493,1.4925373,0.4975124,0
2022-06-26 02:57:52,0,0,1,0.5,0,96.25,2.25,0,0
2022-06-26 02:57:51,0,0,0.7481297,0.2493766,0,96.50873,1.995012,0.4987531,0
2022-06-26 02:57:50,0,0,0.5012531,0,0,97.74436,1.754386,0,0
2022-06-26 02:57:49,0,0,0.7462687,0,0,97.01493,1.741294,0.4975124,0
2022-06-26 02:57:48,0,0,0.5037783,0,0,97.48111,1.763224,0.2518892,0
2022-06-26 02:57:47,0,0,0.248139,0,0,99.00744,0.4962779,0.248139,0
2022-06-26 02:57:46,0,0,0.2506266,0,0,98.24561,1.5037594,0,0
2022-06-26 02:57:45,0,0,1.0025063,0,0,95.98997,2.756892,0.2506266,0
2022-06-26 02:57:44,0,0,0.9950249,0.2487562,0,94.52736,3.9801,0.2487562,0
2022-06-26 02:57:43,0,0,1.0050251,0,0,97.23618,1.758794,0,0
2022-06-26 02:57:42,0,0,0.5025126,0,0,98.49246,1.0050251,0,0
2022-06-26 02:57:41,0,0,0.7425743,0.2475248,0,97.27723,1.2376238,0.4950495,0
2022-06-26 02:57:40,0,0,0,0,0,99.49622,0.5037783,0,0
2022-06-26 02:57:39,0,0,0.2493766,0.2493766,0,97.25686,1.995012,0.2493766,0
2022-06-26 02:57:38,0,0,0.9975062,0.2493766,0,95.7606,2.743142,0.2493766,0
2022-06-26 02:57:37,0,0,1.2468828,0.2493766,0,95.51122,2.743142,0.2493766,0
2022-06-26 02:57:36,0,0,0.7537688,0.2512563,0,96.23116,2.512563,0.2512563,0
2022-06-26 02:57:35,0,0,0.5,0,0,97,2.5,0,0
2022-06-26 02:57:34,0,0,0.7462687,0,0,98.00995,0.7462687,0.4975124,0
2022-06-26 02:57:33,0,0,0,0,0,97.98995,1.758794,0.2512563,0
2022-06-26 02:57:32,0,0,0,0,0,99.25187,0.7481297,0,0
2022-06-26 02:57:31,0,0,0.7518797,0.2506266,0,95.73935,3.007519,0.2506266,0
2022-06-26 02:57:30,0,0,0.75,0,0,95.75,3.25,0.25,0
2022-06-26 02:57:29,0,0,1.25,0.25,0,95.5,2.75,0.25,0
2022-06-26 02:57:28,0,0,0.7518797,0.2506266,0,95.98997,2.756892,0.2506266,0
2022-06-26 02:57:27,0,0,0.5,0.25,0,97,1.75,0.5,0
2022-06-26 02:57:26,0,0,0.2493766,0,0,98.50374,1.2468828,0,0
2022-06-26 02:57:25,0,0,0,0,0,99.50125,0.4987531,0,0
2022-06-26 02:57:24,0,0,0.5025126,0.2512563,0,98.49246,0.5025126,0.2512563,0
2022-06-26 02:57:23,0,0,0.4987531,0.2493766,0,97.75561,1.4962594,0,0
2022-06-26 02:57:22,0,0,0.7518797,0,0,96.74185,2.506266,0,0
2022-06-26 02:57:21,0,0,1.75,0,0,94.25,4,0,0
2022-06-26 02:57:20,0,0,1.4962594,0.2493766,0,90.77307,6.982544,0.4987531,0
2022-06-26 02:57:19,0,0,1.5,0,0,92,6.25,0.25,0
2022-06-26 02:57:18,0,0,1.2468828,0.2493766,0,88.02993,10.224439,0.2493766,0
2022-06-26 02:57:17,0,0,0.5,0,0,92.25,7,0.25,0
2022-06-26 02:57:16,0,0,0.2493766,0.2493766,0,94.01496,5.236908,0.2493766,0
2022-06-26 02:57:15,0,0,0,0,0,95.2381,4.260652,0.5012531,0
2022-06-26 02:57:14,0,0,0.2487562,0,0,92.28856,6.965174,0.2487562,0
2022-06-26 02:57:13,0,0,0,0,0,92.71357,7.035176,0.2512563,0
2022-06-26 02:57:12,0,0,0.2506266,0,0,89.72431,9.022556,0.2506266,0
2022-06-26 02:57:11,0,0,0,0.7556675,0,86.39798,7.052897,0.2518892,0
2022-06-26 02:57:10,0,0,0,0,0,96,3.5,0.25,0
2022-06-26 02:57:09,0,0,0.2506266,0,0,98.99749,0.7518797,0,0
2022-06-26 02:57:08,0,0,0,0.25,0,98.5,0.75,0.5,0
2022-06-26 02:57:07,0,0,0.2506266,0,0,98.99749,0.7518797,0,0
2022-06-26 02:57:06,0,0,0,0.2487562,0,98.50746,0.7462687,0.4975124,0
2022-06-26 02:57:05,0,0,0,0,0,98.74687,1.0025063,0.2506266,0
2022-06-26 02:57:04,0,0,0.5,0,0,98.25,1,0.25,0
2022-06-26 02:57:03,0,0,0.4987531,0,0,97.50623,1.745636,0.2493766,0
2022-06-26 02:57:02,0,0,0.75,0,0,97,2,0.25,0
2022-06-26 02:57:01,0,0,0.5012531,0.2506266,0,97.74436,1.2531328,0.2506266,0
2022-06-26 02:57:00,0,0,0.7462687,0.2487562,0,97.26368,1.741294,0,0
2022-06-26 02:56:59,0,0,0,0,0,98.5,1.5,0,0
2022-06-26 02:56:58,0,0,0,0,0,98.99749,0.5012531,0.5012531,0
2022-06-26 02:56:57,0,0,0.7537688,0,0,96.73367,2.261307,0.2512563,0
2022-06-26 02:56:56,0,0,0.9950249,0,0,96.26866,2.736318,0,0
2022-06-26 02:56:55,0,0,0.7518797,0,0,97.24311,1.754386,0.2506266,0
2022-06-26 02:56:54,0,0,0.7481297,0.2493766,0,96.00998,2.743142,0.2493766,0
2022-06-26 02:56:53,0,0,0.7537688,0,0,97.23618,2.01005,0,0
2022-06-26 02:56:52,0,0,0,0,0,99.25373,0.7462687,0,0
2022-06-26 02:56:51,0,0,0.2506266,0,0,97.99499,1.5037594,0.2506266,0
2022-06-26 02:56:50,0,0,0.5025126,0.2512563,0,97.48744,1.5075377,0.2512563,0
2022-06-26 02:56:49,0,0,0.9975062,0.2493766,0,96.25935,2.244389,0.2493766,0
2022-06-26 02:56:48,0,0,0.9975062,0,0,96.25935,2.493766,0.2493766,0
2022-06-26 02:56:47,0,0,1.2468828,0,0,95.51122,3.241895,0,0
2022-06-26 02:56:46,0,0,0.5025126,0.2512563,0,97.23618,1.758794,0.2512563,0
2022-06-26 02:56:45,0,0,0.2487562,0,0,99.00498,0.4975124,0.2487562,0
2022-06-26 02:56:44,0,0,0,0,0,98.99749,0.7518797,0.2506266,0
2022-06-26 02:56:43,0,0,0.5,0.25,0,97.5,1.5,0.25,0
2022-06-26 02:56:42,0,0,1,0.5,0,96.25,1.75,0.5,0
2022-06-26 02:56:41,0,0,1.5037594,0.5012531,0,94.73684,3.007519,0.2506266,0
2022-06-26 02:56:40,0,0,0.7462687,0.2487562,0,96.26866,2.736318,0,0
2022-06-26 02:56:39,0,0,0.2512563,0,0,97.98995,1.5075377,0.2512563,0
2022-06-26 02:56:38,0,0,0.2493766,0,0,99.00249,0.2493766,0.4987531,0
2022-06-26 02:56:37,0,0,0,0,0,99.25,0.5,0.25,0
2022-06-26 02:56:36,0,0,0.5,0,0,98.25,1,0.25,0
2022-06-26 02:56:35,0,0,1,0,0,96.25,2.75,0,0
2022-06-26 02:56:34,0,0,1.25,0.25,0,95.5,2.75,0.25,0
2022-06-26 02:56:33,0,0,1.0025063,0,0,95.98997,2.506266,0.5012531,0
2022-06-26 02:56:32,0,0,0.2493766,0,0,98.00499,1.4962594,0.2493766,0
2022-06-26 02:56:31,0,0,0.25,0,0,98.5,1,0.25,0
2022-06-26 02:56:30,0,0,0,0.2512563,0,98.99497,0.7537688,0,0
2022-06-26 02:56:29,0,0,0.2487562,0.4975124,0,97.26368,1.741294,0.2487562,0
2022-06-26 02:56:28,0,0,0.7518797,0.2506266,0,96.49123,2.506266,0,0
2022-06-26 02:56:27,0,0,1.25,0,0,94,4.25,0.5,0
2022-06-26 02:56:26,0,0,0.9975062,0.2493766,0,95.26185,3.491272,0,0
2022-06-26 02:56:25,0,0,0.7462687,0.2487562,0,97.26368,0.9950249,0.7462687,0
2022-06-26 02:56:24,0,0,1.0025063,0,0,96.49123,2.255639,0.2506266,0
2022-06-26 02:56:23,0,0,0.2512563,0,0,98.99497,0.5025126,0.2512563,0
2022-06-26 02:56:22,0,0,0,0,0,99.25187,0.7481297,0,0
2022-06-26 02:56:21,0,0,0.2506266,0,0,97.49373,2.005013,0.2506266,0
2022-06-26 02:56:20,0,0,0.75,0.25,0,95.75,3,0.25,0
2022-06-26 02:56:19,0,0,1.2468828,0.2493766,0,93.76559,4.488778,0.2493766,0
2022-06-26 02:56:18,0,0,1.0050251,0,0,92.71357,6.030151,0.2512563,0
2022-06-26 02:56:17,0,0,1.4851485,0.4950495,0,91.33663,6.188119,0.2475248,0
2022-06-26 02:56:16,0,0,1.5037594,0,0,90.47619,7.769424,0.2506266,0
2022-06-26 02:56:15,0,0,0.7537688,0,0,90.70352,8.542714,0,0
2022-06-26 02:56:14,0,0,0.5,0,0,92,7.5,0,0
2022-06-26 02:56:13,0,0,0.2487562,0,0,94.27861,4.975124,0.4975124,0
2022-06-26 02:56:12,0,0,0,0,0,92.21106,7.788945,0,0
2022-06-26 02:56:11,0,0,0,0,0,92.25,7.25,0.5,0
2022-06-26 02:56:10,0,0,0.25,0.25,0,91.5,7.75,0.25,0
2022-06-26 02:56:09,0,0,0,0,0,90.79602,7.711443,0.2487562,0
2022-06-26 02:56:08,0,0,0.2525253,0.5050505,0,86.61616,6.818182,0.5050505,0
2022-06-26 02:56:07,0,0,0,0.4962779,0,12.903226,1.985112,0.248139,62.28288
2022-06-26 02:56:06,0,0,0,0.9950249,0,77.61194,0.7462687,0.2487562,12.437811
2022-06-26 02:56:05,0,0,0.248139,0,0,98.26303,0.9925558,0.4962779,0
2022-06-26 02:56:04,0,0,0,0,0,99.49622,0.5037783,0,0
2022-06-26 02:56:03,0,0,0,0.25,0,99.25,0.25,0.25,0
2022-06-26 02:56:02,0,0,0,0,0,98.00499,1.745636,0.2493766,0
2022-06-26 02:56:01,0,0,0.2506266,0,0,98.74687,0.7518797,0.2506266,0
2022-06-26 02:56:00,0,0,0.4987531,0.4987531,0,97.25686,1.745636,0,0
2022-06-26 02:55:59,0,0,0.75,0.25,0,95.75,2.75,0.5,0
2022-06-26 02:55:58,0,0,0.7481297,0.2493766,0,97.00748,1.745636,0.2493766,0
2022-06-26 02:55:57,0,0,0.2512563,0,0,98.24121,1.5075377,0,0
2022-06-26 02:55:56,0,0,0.5,0,0,97.75,1.5,0.25,0
2022-06-26 02:55:55,0,0,0.25,0.25,0,97.75,1.5,0.25,0
2022-06-26 02:55:54,0,0,0.4987531,0.2493766,0,98.50374,0.4987531,0.2493766,0
2022-06-26 02:55:53,0,0,0.5,0.25,0,97.75,1.25,0.25,0
2022-06-26 02:55:52,0,0,1.2562814,0,0,96.48241,2.01005,0.2512563,0
2022-06-26 02:55:51,0,0,0.4987531,0.4987531,0,96.7581,1.995012,0.2493766,0
2022-06-26 02:55:50,0,0,0.9975062,0.2493766,0,95.7606,2.743142,0.2493766,0
2022-06-26 02:55:49,0,0,0.2493766,0.2493766,0,98.50374,0.7481297,0.2493766,0
2022-06-26 02:55:48,0,0,0.2518892,0,0,98.23678,1.2594458,0.2518892,0
2022-06-26 02:55:47,0,0,0.4962779,0.248139,0,98.01489,0.9925558,0.248139,0
2022-06-26 02:55:46,0,0,0.2506266,0,0,97.74436,2.005013,0,0
2022-06-26 02:55:45,0,0,1.2531328,0.2506266,0,95.98997,2.005013,0.5012531,0
2022-06-26 02:55:44,0,0,1.0025063,0,0,96.49123,2.506266,0,0
2022-06-26 02:55:43,0,0,0.25,0,0,97.25,2,0.5,0
2022-06-26 02:55:42,0,0,0.5,0,0,97.5,2,0,0
2022-06-26 02:55:41,0,0,0.4987531,0.2493766,0,98.25436,0.7481297,0.2493766,0
2022-06-26 02:55:40,0,0,0.5,0,0,97.5,1.75,0.25,0
2022-06-26 02:55:39,0,0,0.5,0,0,98,1.5,0,0
2022-06-26 02:55:38,0,0,1.0025063,0.2506266,0,96.2406,2.005013,0.5012531,0
2022-06-26 02:55:37,0,0,0.75,0.25,0,96.25,2.5,0.25,0
2022-06-26 02:55:36,0,0,0.2493766,0,0,98.00499,1.745636,0,0
2022-06-26 02:55:35,0,0,0.5012531,0,0,98.24561,1.0025063,0.2506266,0
2022-06-26 02:55:34,0,0,0.5,0.25,0,97.5,1.75,0,0
2022-06-26 02:55:33,0,0,0.2493766,0,0,99.00249,0.4987531,0.2493766,0
2022-06-26 02:55:32,0,0,0.5,0,0,98.25,1,0.25,0
2022-06-26 02:55:31,0,0,1.5,0.25,0,95,3,0.25,0
2022-06-26 02:55:30,0,0,0.7462687,0,0,97.01493,1.99005,0.2487562,0
2022-06-26 02:55:29,0,0,0.2506266,0.2506266,0,97.74436,1.5037594,0.2506266,0
2022-06-26 02:55:28,0,0,0.2512563,0.2512563,0,97.73869,1.758794,0,0
2022-06-26 02:55:27,0,0,0.4987531,0,0,98.50374,0.7481297,0.2493766,0
2022-06-26 02:55:26,0,0,0.2506266,0,0,97.99499,1.5037594,0.2506266,0
2022-06-26 02:55:25,0,0,0.5,0,0,97,2.25,0.25,0
2022-06-26 02:55:24,0,0,1.2468828,0.2493766,0,95.01247,3.241895,0.2493766,0
2022-06-26 02:55:23,0,0,1.25,0.25,0,94.25,4,0.25,0
2022-06-26 02:55:22,0,0,0.75,0,0,97,2.25,0,0
2022-06-26 02:55:21,0,0,0.2506266,0.2506266,0,97.74436,1.5037594,0.2506266,0
2022-06-26 02:55:20,0,0,0.2493766,0,0,97.25686,2.244389,0.2493766,0
2022-06-26 02:55:19,0,0,0.25,0,0,98.5,0.75,0.5,0
2022-06-26 02:55:18,0,0,0.25,0.25,0,97.5,2,0,0
2022-06-26 02:55:17,0,0,0.75,0,0,97.75,1.5,0,0
2022-06-26 02:55:16,0,0,0.7481297,0,0,94.26434,4.488778,0.4987531,0
2022-06-26 02:55:15,0,0,1.2531328,0.5012531,0,92.4812,5.764411,0,0
2022-06-26 02:55:14,0,0,1.754386,0.2506266,0,90.97744,7.017544,0,0
2022-06-26 02:55:13,0,0,1,0.25,0,90.25,8.25,0.25,0
2022-06-26 02:55:12,0,0,0.7481297,0,0,93.01746,6.234414,0,0
2022-06-26 02:55:11,0,0,0.4987531,0,0,94.26434,4.738155,0.4987531,0
2022-06-26 02:55:10,0,0,0.4987531,0.2493766,0,94.51372,4.738155,0,0
2022-06-26 02:55:09,0,0,0,0,0,93.71859,6.030151,0.2512563,0
2022-06-26 02:55:08,0,0,0,0,0,92.01995,7.730673,0.2493766,0
2022-06-26 02:55:07,0,0,0.2506266,0,0,90.72682,8.270677,0.5012531,0
2022-06-26 02:55:06,0,0,0,0,0,88.94472,9.045226,0.5025126,0
2022-06-26 02:55:05,0,0,0,0,0,94.02985,5.721393,0.2487562,0
2022-06-26 02:55:04,0,0,0.5,0,0,97.25,2,0.25,0
2022-06-26 02:55:03,0,0,0.2518892,0,0,98.48866,0.7556675,0.2518892,0
2022-06-26 02:55:02,0,0,0,0.2487562,0,98.25871,1.4925373,0,0
2022-06-26 02:55:01,0,0,0,0,0,99.25,0.5,0.25,0
2022-06-26 02:55:00,0,0,0,0,0,99.00498,0.7462687,0.2487562,0
2022-06-26 02:54:59,0,0,0.2512563,0,0,98.99497,0.7537688,0,0
2022-06-26 02:54:58,0,0,0.5,0.25,0,97.25,1.75,0.25,0
2022-06-26 02:54:57,0,0,0.5,0,0,97.5,2,0,0
2022-06-26 02:54:56,0,0,0.9950249,0.2487562,0,96.26866,2.487562,0,0
2022-06-26 02:54:55,0,0,0.2518892,0,0,98.48866,1.0075567,0.2518892,0
2022-06-26 02:54:54,0,0,0.4975124,0,0,98.25871,0.9950249,0.2487562,0
2022-06-26 02:54:53,0,0,0,0,0,98.99749,1.0025063,0,0
2022-06-26 02:54:52,0,0,0.2493766,0.2493766,0,98.75312,0.4987531,0.2493766,0
2022-06-26 02:54:51,0,0,0.7518797,0.2506266,0,96.99248,2.005013,0,0
2022-06-26 02:54:50,0,0,0.9975062,0,0,95.01247,3.491272,0.4987531,0
2022-06-26 02:54:49,0,0,1.2531328,0.2506266,0,96.49123,2.005013,0,0
2022-06-26 02:54:48,0,0,0.2493766,0.2493766,0,97.75561,1.4962594,0.2493766,0
2022-06-26 02:54:47,0,0,0.5012531,0,0,97.49373,2.005013,0,0
2022-06-26 02:54:46,0,0,0,0,0,99.00249,0.7481297,0.2493766,0
2022-06-26 02:54:45,0,0,0.2493766,0,0,98.50374,0.9975062,0.2493766,0
2022-06-26 02:54:44,0,0,1.010101,0,0,95.45455,3.535354,0,0
2022-06-26 02:54:43,0,0,1.2468828,0.4987531,0,95.51122,2.244389,0.4987531,0
2022-06-26 02:54:42,0,0,1,0,0,96.5,2.25,0.25,0
2022-06-26 02:54:41,0,0,0.4987531,0.2493766,0,97.50623,1.4962594,0.2493766,0
2022-06-26 02:54:40,0,0,0.5,0,0,98.5,0.75,0.25,0
2022-06-26 02:54:39,0,0,0,0,0,99.49875,0.5012531,0,0
2022-06-26 02:54:38,0,0,0.7481297,0.2493766,0,97.00748,1.745636,0.2493766,0
2022-06-26 02:54:37,0,0,0.75,0,0,97,1.75,0.5,0
2022-06-26 02:54:36,0,0,1,0.25,0,97,1.75,0,0
2022-06-26 02:54:35,0,0,1.0025063,0.2506266,0,95.98997,2.506266,0.2506266,0
2022-06-26 02:54:34,0,0,0.2493766,0.2493766,0,97.50623,1.995012,0,0
2022-06-26 02:54:33,0,0,0.7481297,0.2493766,0,97.00748,1.995012,0,0
2022-06-26 02:54:32,0,0,0,0,0,99.24812,0.7518797,0,0
2022-06-26 02:54:31,0,0,0.75,0.25,0,97.25,1.5,0.25,0
2022-06-26 02:54:30,0,0,1,0,0,96.75,2,0.25,0
2022-06-26 02:54:29,0,0,0.75,0.25,0,96,2.75,0.25,0
2022-06-26 02:54:28,0,0,0.9975062,0.2493766,0,95.7606,2.743142,0.2493766,0
2022-06-26 02:54:27,0,0,0.2512563,0,0,98.24121,1.2562814,0.2512563,0
2022-06-26 02:54:26,0,0,0.2506266,0,0,98.99749,0.7518797,0,0
2022-06-26 02:54:25,0,0,0.9950249,0.2487562,0,97.01493,1.4925373,0.2487562,0
2022-06-26 02:54:24,0,0,0.2493766,0,0,98.25436,1.2468828,0.2493766,0
2022-06-26 02:54:23,0,0,1.0050251,0,0,96.73367,2.261307,0,0
2022-06-26 02:54:22,0,0,0.5025126,0,0,96.48241,2.512563,0.5025126,0
2022-06-26 02:54:21,0,0,0.7444169,0.248139,0,94.54094,4.218362,0.248139,0
2022-06-26 02:54:20,0,0,1.0025063,0.2506266,0,96.2406,2.255639,0.2506266,0
2022-06-26 02:54:19,0,0,0.4975124,0,0,97.76119,1.741294,0,0
2022-06-26 02:54:18,0,0,0.5037783,0,0,97.98489,1.2594458,0.2518892,0
2022-06-26 02:54:17,0,0,0,0.25,0,98.75,0.75,0.25,0
2022-06-26 02:54:16,0,0,0.2493766,0,0,98.25436,1.4962594,0,0
2022-06-26 02:54:15,0,0,0.75,0.25,0,96.25,2.75,0,0
2022-06-26 02:54:14,0,0,0.75,0,0,95,4,0.25,0
2022-06-26 02:54:13,0,0,1.5,0.25,0,91.25,6.75,0.25,0
2022-06-26 02:54:12,0,0,0.9975062,0.2493766,0,94.01496,4.488778,0.2493766,0
2022-06-26 02:54:11,0,0,1.0075567,0,0,91.93955,7.052897,0,0
2022-06-26 02:54:10,0,0,1.2406948,0.7444169,0,93.05211,4.466501,0.4962779,0
2022-06-26 02:54:09,0,0,0.7537688,0,0,88.44221,10.552764,0.2512563,0
2022-06-26 02:54:08,0,0,0.248139,0.248139,0,94.2928,4.962779,0.248139,0
2022-06-26 02:54:07,0,0,0.2518892,0,0,93.45088,5.793451,0.2518892,0
2022-06-26 02:54:06,0,0,0.2493766,0.2493766,0,91.5212,7.481297,0.2493766,0
2022-06-26 02:54:05,0,0,0,0,0,91,8.5,0.25,0
2022-06-26 02:54:04,0,0,0.2506266,0,0,93.73434,5.764411,0.2506266,0
2022-06-26 02:54:03,0,0,0,0.2506266,0,91.4787,7.769424,0,0
2022-06-26 02:54:02,0,0,0.248139,0,0,93.05211,5.707196,0.4962779,0
2022-06-26 02:54:01,0,0,0.2493766,0,0,97.25686,2.244389,0.2493766,0
2022-06-26 02:54:00,0,0,0,0,0,98.48866,1.511335,0,0
2022-06-26 02:53:59,0,0,0,0.25,0,98.5,1,0.25,0
2022-06-26 02:53:58,0,0,0.2506266,0,0,98.24561,1.5037594,0,0
2022-06-26 02:53:57,0,0,0,0,0,99.00249,0.9975062,0,0
2022-06-26 02:53:56,0,0,0.2493766,0.2493766,0,98.25436,0.9975062,0.2493766,0
2022-06-26 02:53:55,0,0,0.5025126,0,0,98.49246,1.0050251,0,0
2022-06-26 02:53:54,0,0,0.2493766,0,0,98.50374,0.9975062,0.2493766,0
2022-06-26 02:53:53,0,0,0.75,0.25,0,96.25,2.5,0.25,0
2022-06-26 02:53:52,0,0,0.7518797,0,0,97.74436,1.2531328,0.2506266,0
2022-06-26 02:53:51,0,0,0.25,0,0,98.25,1.25,0.25,0
2022-06-26 02:53:50,0,0,0.248139,0.248139,0,98.51117,0.7444169,0.248139,0
2022-06-26 02:53:49,0,0,0.5025126,0,0,97.98995,1.5075377,0,0
2022-06-26 02:53:48,0,0,0.7481297,0.2493766,0,97.25686,1.745636,0,0
2022-06-26 02:53:47,0,0,0.5012531,0,0,97.74436,1.5037594,0.2506266,0
2022-06-26 02:53:46,0,0,1,0.25,0,96.75,2,0,0
2022-06-26 02:53:45,0,0,0.7481297,0.2493766,0,97.25686,1.4962594,0.2493766,0
2022-06-26 02:53:44,0,0,0.2506266,0,0,97.99499,1.5037594,0.2506266,0
2022-06-26 02:53:43,0,0,0.2493766,0,0,98.75312,0.7481297,0.2493766,0
2022-06-26 02:53:42,0,0,0.7518797,0,0,96.99248,1.754386,0.2506266,0
2022-06-26 02:53:41,0,0,0.5,0.25,0,97.75,1.5,0,0
2022-06-26 02:53:40,0,0,0.4987531,0,0,96.7581,2.244389,0.4987531,0
2022-06-26 02:53:39,0,0,1.2531328,0,0,96.49123,2.005013,0.2506266,0
2022-06-26 02:53:38,0,0,0.5,0.25,0,97,2.25,0,0
2022-06-26 02:53:37,0,0,0.7481297,0,0,97.25686,1.745636,0.2493766,0
2022-06-26 02:53:36,0,0,0.2487562,0,0,99.00498,0.4975124,0.2487562,0
2022-06-26 02:53:35,0,0,0.7518797,0.2506266,0,96.99248,2.005013,0,0
2022-06-26 02:53:34,0,0,0.2512563,0.2512563,0,97.73869,1.5075377,0.2512563,0
2022-06-26 02:53:33,0,0,0.7481297,0,0,97.50623,1.4962594,0.2493766,0
2022-06-26 02:53:32,0,0,1.25,0.25,0,95.75,2.75,0,0
2022-06-26 02:53:31,0,0,0.2506266,0,0,98.24561,1.2531328,0.2506266,0
2022-06-26 02:53:30,0,0,0.4987531,0,0,98.25436,0.9975062,0.2493766,0
2022-06-26 02:53:29,0,0,0.2506266,0,0,98.24561,1.5037594,0,0
2022-06-26 02:53:28,0,0,0.7481297,0,0,96.00998,2.992519,0.2493766,0
2022-06-26 02:53:27,0,0,0.7518797,0,0,97.99499,1.2531328,0,0
2022-06-26 02:53:26,0,0,0.5025126,0,0,97.98995,1.2562814,0.2512563,0
2022-06-26 02:53:25,0,0,0.9950249,0.4975124,0,95.27363,3.233831,0,0
2022-06-26 02:53:24,0,0,0.9975062,0,0,96.7581,1.995012,0.2493766,0
2022-06-26 02:53:23,0,0,0.25,0,0,98,1.75,0,0
2022-06-26 02:53:22,0,0,0.25,0.25,0,96.5,3,0,0
2022-06-26 02:53:21,0,0,0.5012531,0,0,97.74436,1.5037594,0.2506266,0
2022-06-26 02:53:20,0,0,0.75,0.25,0,95.5,3.25,0.25,0
2022-06-26 02:53:19,0,0,0.2493766,0,0,97.50623,1.995012,0.2493766,0
2022-06-26 02:53:18,0,0,0.4987531,0.2493766,0,96.7581,1.995012,0.4987531,0
2022-06-26 02:53:17,0,0,0.7556675,0.2518892,0,96.72544,2.015113,0.2518892,0
2022-06-26 02:53:16,0,0,0.9950249,0.4975124,0,94.27861,3.9801,0.2487562,0
2022-06-26 02:53:15,0,0,0.2493766,0.2493766,0,98.00499,1.2468828,0.2493766,0
2022-06-26 02:53:14,0,0,0.2506266,0,0,98.74687,0.7518797,0.2506266,0
2022-06-26 02:53:13,0,0,0.2506266,0,0,97.24311,2.506266,0,0
2022-06-26 02:53:12,0,0,0.7462687,0.2487562,0,96.0199,2.736318,0.2487562,0
2022-06-26 02:53:11,0,0,1.5075377,0.5025126,0,95.22613,2.512563,0.2512563,0
2022-06-26 02:53:10,0,0,0.7481297,0.4987531,0,92.5187,5.985037,0.2493766,0
2022-06-26 02:53:09,0,0,0.75,0,0,95.5,3.5,0.25,0
2022-06-26 02:53:08,0,0,0.7481297,0.2493766,0,94.01496,4.738155,0.2493766,0
2022-06-26 02:53:07,0,0,1.0050251,0,0,92.21106,6.532663,0.2512563,0
2022-06-26 02:53:06,0,0,0.9975062,0.4987531,0,90.52369,7.481297,0.4987531,0
2022-06-26 02:53:05,0,0,0.9975062,0,0,89.02743,9.725686,0,0
2022-06-26 02:53:04,0,0,0,0.2506266,0,92.23058,7.26817,0.2506266,0
2022-06-26 02:53:03,0,0,0,0,0,92.69521,6.801008,0.5037783,0
2022-06-26 02:53:02,0,0,0.248139,0,0,95.03722,4.466501,0.248139,0
2022-06-26 02:53:01,0,0,0.25,0,0,94,5.5,0.25,0
2022-06-26 02:53:00,0,0,0,0,0,93.75,6,0.25,0
2022-06-26 02:52:59,0,0,0,0.25,0,93.5,5,0.25,0
2022-06-26 02:52:58,0,0,0,0.25,0,97.75,1.75,0.25,0
2022-06-26 02:52:57,0,0,0.25,0,0,98.75,0.75,0.25,0
2022-06-26 02:52:56,0,0,0,0,0,99.24812,0.5012531,0.2506266,0
2022-06-26 02:52:55,0,0,0.2493766,0,0,98.50374,1.2468828,0,0
2022-06-26 02:52:54,0,0,0.2493766,0,0,98.25436,0.9975062,0.4987531,0
2022-06-26 02:52:53,0,0,0.5025126,0,0,97.73869,1.5075377,0.2512563,0
2022-06-26 02:52:52,0,0,0,0,0,98.75622,0.9950249,0.2487562,0
2022-06-26 02:52:51,0,0,0.2512563,0,0,98.24121,1.2562814,0.2512563,0
2022-06-26 02:52:50,0,0,1.4962594,0.2493766,0,94.51372,3.241895,0.4987531,0
2022-06-26 02:52:49,0,0,0.4987531,0.2493766,0,97.50623,1.4962594,0.2493766,0
2022-06-26 02:52:48,0,0,0.2506266,0,0,97.99499,1.5037594,0.2506266,0
2022-06-26 02:52:47,0,0,0.7537688,0.2512563,0,97.48744,1.2562814,0.2512563,0
2022-06-26 02:52:46,0,0,0.5,0,0,98,1.5,0,0
2022-06-26 02:52:45,0,0,0.25,0,0,98.75,0.75,0.25,0
2022-06-26 02:52:44,0,0,0.75,0.5,0,96.75,1.75,0.25,0
2022-06-26 02:52:43,0,0,1.4925373,0.2487562,0,95.27363,2.736318,0.2487562,0
2022-06-26 02:52:42,0,0,0.2512563,0,0,97.48744,2.261307,0,0
2022-06-26 02:52:41,0,0,0.2493766,0,0,99.00249,0.4987531,0.2493766,0
2022-06-26 02:52:40,0,0,0.4987531,0.2493766,0,96.7581,1.995012,0.4987531,0
2022-06-26 02:52:39,0,0,0.7518797,0.2506266,0,97.74436,1.0025063,0.2506266,0
2022-06-26 02:52:38,0,0,0.5,0.25,0,97,2,0.25,0
2022-06-26 02:52:37,0,0,1.2531328,0.2506266,0,96.2406,2.005013,0.2506266,0
2022-06-26 02:52:36,0,0,0.7481297,0.2493766,0,95.7606,2.992519,0.2493766,0
2022-06-26 02:52:35,0,0,0.75,0,0,97.25,2,0,0
2022-06-26 02:52:34,0,0,0,0,0,99.00498,0.7462687,0.2487562,0
2022-06-26 02:52:33,0,0,0.5012531,0,0,97.74436,1.5037594,0.2506266,0
2022-06-26 02:52:32,0,0,0.7518797,0.2506266,0,96.99248,1.754386,0.2506266,0
2022-06-26 02:52:31,0,0,0.4987531,0,0,97.75561,1.4962594,0.2493766,0
2022-06-26 02:52:30,0,0,1.0075567,0.2518892,0,96.47355,2.015113,0.2518892,0
2022-06-26 02:52:29,0,0,0.9950249,0.4975124,0,95.52239,2.487562,0.4975124,0
2022-06-26 02:52:28,0,0,0.2493766,0,0,98.25436,1.4962594,0,0
2022-06-26 02:52:27,0,0,0,0,0,99.5,0.25,0.25,0
2022-06-26 02:52:26,0,0,0.2518892,0,0,98.23678,1.511335,0,0
2022-06-26 02:52:25,0,0,1.0025063,0,0,96.74185,2.005013,0.2506266,0
2022-06-26 02:52:24,0,0,0.9925558,0.248139,0,96.27792,2.233251,0.248139,0
2022-06-26 02:52:23,0,0,1.2531328,0.2506266,0,95.73935,2.756892,0,0
2022-06-26 02:52:22,0,0,0.9975062,0.2493766,0,96.25935,2.244389,0.2493766,0
2022-06-26 02:52:21,0,0,0,0,0,99.49875,0.5012531,0,0
2022-06-26 02:52:20,0,0,0.2487562,0,0,98.50746,0.9950249,0.2487562,0
2022-06-26 02:52:19,0,0,0,0,0,98.25,1.5,0.25,0
2022-06-26 02:52:18,0,0,0.5025126,0,0,97.73869,1.758794,0,0
2022-06-26 02:52:17,0,0,0.75,0,0,96,3,0.25,0
2022-06-26 02:52:16,0,0,1.0050251,0.2512563,0,95.47739,2.763819,0.5025126,0
2022-06-26 02:52:15,0,0,1.2437811,0.2487562,0,95.02488,3.482587,0,0
2022-06-26 02:52:14,0,0,0.4987531,0,0,97.75561,1.745636,0,0
2022-06-26 02:52:13,0,0,0,0,0,98.00499,1.745636,0.2493766,0
2022-06-26 02:52:12,0,0,0,0,0,99.49622,0.5037783,0,0
2022-06-26 02:52:11,0,0,0,0,0,99,0.75,0.25,0
2022-06-26 02:52:10,0,0,0.5,0,0,97,2.5,0,0
2022-06-26 02:52:09,0,0,0.7481297,0,0,95.7606,3.241895,0.2493766,0
2022-06-26 02:52:08,0,0,0.75,0.5,0,93.25,5.25,0.25,0
2022-06-26 02:52:07,0,0,1.745636,0,0,90.27431,7.98005,0,0
2022-06-26 02:52:06,0,0,1.99005,0.4975124,0,87.81095,9.20398,0.4975124,0
2022-06-26 02:52:05,0,0,1.2562814,0,0,89.94975,8.79397,0,0
2022-06-26 02:52:04,0,0,0,0,0,93.71859,6.030151,0.2512563,0
2022-06-26 02:52:03,0,0,0,0.248139,0,95.28536,3.970223,0.4962779,0
2022-06-26 02:52:02,0,0,0.2493766,0.2493766,0,94.76309,4.488778,0.2493766,0
2022-06-26 02:52:01,0,0,0,0,0,93.73434,6.265664,0,0
2022-06-26 02:52:00,0,0,0,0,0,92.73183,6.766917,0.5012531,0
2022-06-26 02:51:59,0,0,0.2512563,0,0,84.67337,9.547739,0,0
2022-06-26 02:51:58,0,0,0,0.5050505,0,76.51515,11.111111,0.2525253,0
2022-06-26 02:51:57,0,0,0,0,0,97,2.75,0.25,0
2022-06-26 02:51:56,0,0,0.25,0,0,99.5,0.25,0,0
2022-06-26 02:51:55,0,0,0,0,0,98.75312,0.9975062,0.2493766,0
2022-06-26 02:51:54,0,0,0,0.2512563,0,97.73869,1.758794,0.2512563,0
2022-06-26 02:51:53,0,0,0.2493766,0.2493766,0,98.50374,0.7481297,0.2493766,0
2022-06-26 02:51:52,0,0,0,0,0,99.5,0.5,0,0
2022-06-26 02:51:51,0,0,0,0,0,99.49875,0.5012531,0,0
2022-06-26 02:51:50,0,0,0.25,0,0,98.75,1,0,0
2022-06-26 02:51:49,0,0,1,0.25,0,96.25,2.25,0.25,0
2022-06-26 02:51:48,0,0,1.2468828,0.2493766,0,94.51372,3.740648,0.2493766,0
2022-06-26 02:51:47,0,0,0.5,0,0,98,1,0.25,0
2022-06-26 02:51:46,0,0,0,0,0,99,1,0,0
2022-06-26 02:51:45,0,0,0,0,0,98.99749,0.7518797,0.2506266,0
2022-06-26 02:51:44,0,0,0.2487562,0,0,98.75622,0.9950249,0,0
2022-06-26 02:51:43,0,0,0.2506266,0,0,97.74436,1.754386,0.2506266,0
2022-06-26 02:51:42,0,0,1.75,0.25,0,93.5,4.25,0.25,0
2022-06-26 02:51:41,0,0,1.985112,0.7444169,0,93.05211,3.970223,0.248139,0
2022-06-26 02:51:40,0,0,0.2512563,0,0,98.99497,0.7537688,0,0
2022-06-26 02:51:39,0,0,0,0,0,98.74372,1.0050251,0.2512563,0
2022-06-26 02:51:38,0,0,0,0,0,99.49875,0.5012531,0,0
2022-06-26 02:51:37,0,0,0.2487562,0,0,98.75622,0.7462687,0.2487562,0
2022-06-26 02:51:36,0,0,0.5012531,0.2506266,0,96.2406,3.007519,0,0
2022-06-26 02:51:35,0,0,1.745636,0.2493766,0,94.51372,3.491272,0,0
2022-06-26 02:51:34,0,0,1.5037594,0.2506266,0,94.73684,3.508772,0,0
2022-06-26 02:51:33,0,0,0.25,0,0,98.25,1.25,0.25,0
2022-06-26 02:51:32,0,0,0.2493766,0.2493766,0,99.25187,0.2493766,0,0
2022-06-26 02:51:31,0,0,0,0,0,99.25,0.5,0.25,0
2022-06-26 02:51:30,0,0,0,0,0,99,1,0,0
2022-06-26 02:51:29,0,0,1,0,0,97,1.5,0.5,0
2022-06-26 02:51:28,0,0,1.5037594,0,0,95.98997,2.506266,0,0
2022-06-26 02:51:27,0,0,0.9975062,0.4987531,0,95.7606,2.493766,0.2493766,0
2022-06-26 02:51:26,0,0,0.2506266,0,0,97.74436,1.754386,0.2506266,0
2022-06-26 02:51:25,0,0,0.5,0,0,99,0.5,0,0
2022-06-26 02:51:24,0,0,0.4987531,0,0,98.50374,0.7481297,0.2493766,0
2022-06-26 02:51:23,0,0,0.25,0,0,98,1.5,0.25,0
2022-06-26 02:51:22,0,0,0.7518797,0,0,96.99248,2.005013,0.2506266,0
2022-06-26 02:51:21,0,0,1.2468828,0.2493766,0,96.25935,1.995012,0.2493766,0
2022-06-26 02:51:20,0,0,1.25,0.5,0,94.5,3.5,0.25,0
2022-06-26 02:51:19,0,0,0.5,0,0,96.75,2.75,0,0
2022-06-26 02:51:18,0,0,0.25,0.25,0,98.25,1,0.25,0
2022-06-26 02:51:17,0,0,0,0,0,99.74937,0.2506266,0,0
2022-06-26 02:51:16,0,0,0,0,0,99.00498,0.4975124,0.4975124,0
2022-06-26 02:51:15,0,0,0.5025126,0,0,96.48241,2.512563,0.2512563,0
2022-06-26 02:51:14,0,0,0.75,0,0,95.5,3.5,0.25,0
2022-06-26 02:51:13,0,0,0.9950249,0.2487562,0,95.77114,2.736318,0.2487562,0
2022-06-26 02:51:12,0,0,1.2437811,0.2487562,0,93.28358,4.975124,0.2487562,0
2022-06-26 02:51:11,0,0,0.5050505,0,0,96.9697,2.272727,0.2525253,0
2022-06-26 02:51:10,0,0,0.2487562,0,0,98.25871,0.9950249,0.4975124,0
2022-06-26 02:51:09,0,0,0,0,0,99.24812,0.5012531,0.2506266,0
2022-06-26 02:51:08,0,0,0,0,0,98.74687,1.0025063,0.2506266,0
2022-06-26 02:51:07,0,0,0.4987531,0.2493766,0,96.7581,2.244389,0.2493766,0
2022-06-26 02:51:06,0,0,0.9975062,0.2493766,0,96.25935,2.493766,0,0
2022-06-26 02:51:05,0,0,1,0.25,0,93.25,5,0.5,0
2022-06-26 02:51:04,0,0,1,0.25,0,94.25,4.5,0,0
2022-06-26 02:51:03,0,0,1.2531328,0,0,92.4812,5.513784,0.7518797,0
2022-06-26 02:51:02,0,0,1.4962594,0,0,91.02244,7.23192,0.2493766,0
2022-06-26 02:51:01,0,0,1.2531328,0.2506266,0,88.7218,9.774436,0,0
2022-06-26 02:51:00,0,0,0,0,0,93.03483,6.716418,0.2487562,0
2022-06-26 02:50:59,0,0,0,0.2512563,0,95.47739,4.020101,0.2512563,0
2022-06-26 02:50:58,0,0,0,0,0,93.73434,6.265664,0,0
2022-06-26 02:50:57,0,0,0,0.25,0,91,8.5,0.25,0
2022-06-26 02:50:56,0,0,0.2506266,0,0,93.48371,6.015038,0.2506266,0
2022-06-26 02:50:55,0,0,0,0.2493766,0,83.79052,7.730673,0,0
2022-06-26 02:50:54,0,0,0.248139,0.7444169,0,87.59305,5.459057,0.248139,0
2022-06-26 02:50:53,0,0,0,0,0,98.24121,1.5075377,0.2512563,0
2022-06-26 02:50:52,0,0,0,0,0,98.74687,1.2531328,0,0
2022-06-26 02:50:51,0,0,0,0,0,99.25,0.5,0.25,0
2022-06-26 02:50:50,0,0,0,0,0,99.00249,0.9975062,0,0
2022-06-26 02:50:49,0,0,0.25,0,0,98.5,1.25,0,0
2022-06-26 02:50:48,0,0,0.4987531,0,0,97.75561,1.4962594,0.2493766,0
2022-06-26 02:50:47,0,0,0.7537688,0.2512563,0,97.73869,1.2562814,0,0
2022-06-26 02:50:46,0,0,0.5,0,0,97.5,2,0,0
2022-06-26 02:50:45,0,0,0.75,0,0,96.5,2.75,0,0
2022-06-26 02:50:44,0,0,0.5,0.25,0,97.25,2,0,0
2022-06-26 02:50:43,0,0,0.2493766,0,0,98.75312,0.7481297,0.2493766,0
2022-06-26 02:50:42,0,0,0,0,0,98.99749,0.5012531,0.5012531,0
2022-06-26 02:50:41,0,0,0.5,0.25,0,97.5,1.5,0.25,0
2022-06-26 02:50:40,0,0,1.0025063,0.2506266,0,96.2406,2.506266,0,0
2022-06-26 02:50:39,0,0,0.75,0,0,96.5,2.75,0,0
2022-06-26 02:50:38,0,0,0.7481297,0,0,96.7581,2.244389,0.2493766,0
2022-06-26 02:50:37,0,0,0.5,0.25,0,97.25,2,0,0
2022-06-26 02:50:36,0,0,0.25,0,0,98.75,0.75,0.25,0
2022-06-26 02:50:35,0,0,0.2493766,0,0,99.00249,0.7481297,0,0
2022-06-26 02:50:34,0,0,0.4975124,0.2487562,0,97.26368,1.4925373,0.4975124,0
2022-06-26 02:50:33,0,0,1.0050251,0,0,95.47739,3.266332,0.2512563,0
2022-06-26 02:50:32,0,0,0.75,0.25,0,96.25,2.75,0,0
2022-06-26 02:50:31,0,0,1,0,0,96.25,2.5,0.25,0
2022-06-26 02:50:30,0,0,0.5,0.25,0,97.25,2,0,0
2022-06-26 02:50:29,0,0,0.5025126,0,0,97.73869,1.2562814,0.5025126,0
2022-06-26 02:50:28,0,0,0,0,0,99.00249,0.7481297,0.2493766,0
2022-06-26 02:50:27,0,0,0.7518797,0.2506266,0,96.99248,2.005013,0,0
2022-06-26 02:50:26,0,0,1.25,0,0,95.75,2.5,0.5,0
2022-06-26 02:50:25,0,0,1.2468828,0,0,96.00998,2.493766,0.2493766,0
2022-06-26 02:50:24,0,0,0.75,0,0,97.5,1.5,0.25,0
2022-06-26 02:50:23,0,0,0.7481297,0.2493766,0,97.00748,1.745636,0.2493766,0
2022-06-26 02:50:22,0,0,0.25,0,0,98,1.5,0.25,0
2022-06-26 02:50:21,0,0,0.25,0,0,99,0.5,0.25,0
2022-06-26 02:50:20,0,0,0.4987531,0.2493766,0,97.25686,1.4962594,0.4987531,0
2022-06-26 02:50:19,0,0,1.5,0.25,0,94.5,3.5,0.25,0
2022-06-26 02:50:18,0,0,1.0050251,0.5025126,0,96.48241,1.758794,0.2512563,0
2022-06-26 02:50:17,0,0,0.75,0,0,96.25,2.75,0.25,0
2022-06-26 02:50:16,0,0,0.5,0,0,98.5,1,0,0
2022-06-26 02:50:15,0,0,0.5,0,0,98.25,1.25,0,0
2022-06-26 02:50:14,0,0,0,0,0,98.49624,1.2531328,0.2506266,0
2022-06-26 02:50:13,0,0,2.743142,0.2493766,0,94.76309,1.745636,0.4987531,0
2022-06-26 02:50:12,0,0,0.75,0.25,0,97,2,0,0
2022-06-26 02:50:11,0,0,1,0.25,0,94,4.5,0.25,0
2022-06-26 02:50:10,0,0,0.9950249,0.4975124,0,95.52239,2.736318,0.2487562,0
2022-06-26 02:50:09,0,0,0.5025126,0,0,97.98995,1.2562814,0.2512563,0
2022-06-26 02:50:08,0,0,0.25,0,0,98,1.75,0,0
2022-06-26 02:50:07,0,0,0.4987531,0,0,97.25686,1.745636,0.4987531,0
2022-06-26 02:50:06,0,0,0,0.2506266,0,98.74687,0.7518797,0.2506266,0
2022-06-26 02:50:05,0,0,0.25,0,0,97.75,1.75,0,0
2022-06-26 02:50:04,0,0,0.75,0,0,96,3,0.25,0
2022-06-26 02:50:03,0,0,1.2468828,0.2493766,0,94.76309,3.241895,0.4987531,0
2022-06-26 02:50:02,0,0,1.0025063,0,0,92.4812,6.265664,0.2506266,0
2022-06-26 02:50:01,0,0,1.0050251,0,0,91.9598,6.78392,0.2512563,0
2022-06-26 02:50:00,0,0,1.2437811,0.4975124,0,89.05473,8.955224,0.2487562,0
2022-06-26 02:49:59,0,0,0.9975062,0,0,91.27182,7.481297,0.2493766,0
2022-06-26 02:49:58,0,0,0.4987531,0,0,90.27431,8.72818,0.4987531,0
2022-06-26 02:49:57,0,0,0.5,0.25,0,94.25,5,0,0
2022-06-26 02:49:56,0,0,0,0,0,93,6.75,0.25,0
2022-06-26 02:49:55,0,0,0,0,0,91.97995,7.769424,0.2506266,0
2022-06-26 02:49:54,0,0,0.2512563,0.2512563,0,94.72362,4.773869,0,0
2022-06-26 02:49:53,0,0,0,0.2493766,0,89.52618,9.476309,0.2493766,0
2022-06-26 02:49:52,0,0,0.2493766,0,0,93.51621,5.486284,0.2493766,0
2022-06-26 02:49:51,0,0,0,0,0,96.23116,3.517588,0.2512563,0
2022-06-26 02:49:50,0,0,0.2493766,0.2493766,0,98.75312,0.7481297,0,0
2022-06-26 02:49:49,0,0,0,0,0,99.00498,0.7462687,0.2487562,0
2022-06-26 02:49:48,0,0,0,0,0,99.24433,0.7556675,0,0
2022-06-26 02:49:47,0,0,0,0,0,99,0.75,0.25,0
2022-06-26 02:49:46,0,0,0.2493766,0,0,98.25436,1.2468828,0.2493766,0
2022-06-26 02:49:45,0,0,0.5,0.25,0,97.5,1.5,0.25,0
2022-06-26 02:49:44,0,0,0.4987531,0,0,98.50374,0.7481297,0.2493766,0
2022-06-26 02:49:43,0,0,0.7518797,0,0,97.49373,1.754386,0,0
2022-06-26 02:49:42,0,0,0.7462687,0.2487562,0,96.26866,2.487562,0.2487562,0
2022-06-26 02:49:41,0,0,0.2525253,0,0,98.73737,0.7575758,0.2525253,0
2022-06-26 02:49:40,0,0,0,0,0,98.75312,0.7481297,0.4987531,0
2022-06-26 02:49:39,0,0,0.5,0,0,97.75,1.75,0,0
2022-06-26 02:49:38,0,0,0.7481297,0.2493766,0,97.25686,1.2468828,0.4987531,0
2022-06-26 02:49:37,0,0,0.4962779,0,0,98.01489,1.2406948,0.248139,0
2022-06-26 02:49:36,0,0,1.0075567,0,0,96.47355,2.518892,0,0
2022-06-26 02:49:35,0,0,0.7518797,0,0,97.24311,1.754386,0.2506266,0
2022-06-26 02:49:34,0,0,0.5,0,0,97.75,1.5,0.25,0
2022-06-26 02:49:33,0,0,0.25,0.25,0,98.5,1,0,0
2022-06-26 02:49:32,0,0,0.5,0,0,98,1.25,0.25,0
2022-06-26 02:49:31,0,0,1,0.25,0,97,1.5,0.25,0
2022-06-26 02:49:30,0,0,0.5,0,0,97,2.25,0.25,0
2022-06-26 02:49:29,0,0,0.9975062,0.2493766,0,96.7581,1.745636,0.2493766,0
2022-06-26 02:49:28,0,0,0.7518797,0.2506266,0,96.49123,2.506266,0,0
2022-06-26 02:49:27,0,0,0.4987531,0,0,97.50623,1.745636,0.2493766,0
2022-06-26 02:49:26,0,0,0.25,0,0,98.75,0.75,0.25,0
2022-06-26 02:49:25,0,0,1.0025063,0.2506266,0,96.99248,1.754386,0,0
2022-06-26 02:49:24,0,0,0.75,0.25,0,97.25,1.75,0,0
2022-06-26 02:49:23,0,0,0.5,0,0,97.75,1.25,0.5,0
2022-06-26 02:49:22,0,0,0.9975062,0.2493766,0,95.26185,3.491272,0,0
2022-06-26 02:49:21,0,0,0.7518797,0,0,97.49373,1.5037594,0.2506266,0
2022-06-26 02:49:20,0,0,0.4975124,0.2487562,0,97.76119,1.4925373,0,0
2022-06-26 02:49:19,0,0,0,0,0,98.99749,0.7518797,0.2506266,0
2022-06-26 02:49:18,0,0,0.5012531,0,0,98.49624,1.0025063,0,0
2022-06-26 02:49:17,0,0,0.7481297,0,0,96.7581,1.995012,0.4987531,0
2022-06-26 02:49:16,0,0,0.7518797,0.2506266,0,96.99248,2.005013,0,0
2022-06-26 02:49:15,0,0,1.2468828,0.4987531,0,94.76309,2.992519,0.4987531,0
2022-06-26 02:49:14,0,0,0.75,0.25,0,96.75,2.25,0,0
2022-06-26 02:49:13,0,0,0,0.2506266,0,98.99749,0.7518797,0,0
2022-06-26 02:49:12,0,0,0.2493766,0.2493766,0,98.50374,0.4987531,0.4987531,0
2022-06-26 02:49:11,0,0,0,0,0,98.5,1.25,0.25,0
2022-06-26 02:49:10,0,0,0.5,0,0,97.5,1.75,0.25,0
2022-06-26 02:49:09,0,0,1.0025063,0,0,95.2381,3.508772,0.2506266,0
2022-06-26 02:49:08,0,0,1.2468828,0.2493766,0,93.26683,5.236908,0,0
2022-06-26 02:49:07,0,0,1.0025063,0,0,95.73935,3.007519,0.2506266,0
2022-06-26 02:49:06,0,0,0.25,0.25,0,98,1.5,0,0
2022-06-26 02:49:05,0,0,0.25,0,0,98,1.75,0,0
2022-06-26 02:49:04,0,0,0.2506266,0,0,99.24812,0.2506266,0.2506266,0
2022-06-26 02:49:03,0,0,0,0,0,99.00249,0.7481297,0.2493766,0
2022-06-26 02:49:02,0,0,0.4987531,0,0,96.50873,2.992519,0,0
2022-06-26 02:49:01,0,0,1.25,0.25,0,95.25,2.75,0.25,0
2022-06-26 02:49:00,0,0,1.25,0,0,94.25,4.25,0.25,0
2022-06-26 02:48:59,0,0,1.25,0.5,0,89.75,8.25,0.25,0
2022-06-26 02:48:58,0,0,1.2531328,0.5012531,0,90.72682,7.017544,0.5012531,0
2022-06-26 02:48:57,0,0,1.2437811,0,0,91.29353,7.21393,0.2487562,0
2022-06-26 02:48:56,0,0,0.7537688,0.2512563,0,90.45226,8.542714,0,0
2022-06-26 02:48:55,0,0,0.2487562,0,0,92.53731,6.965174,0.2487562,0
2022-06-26 02:48:54,0,0,0.2493766,0.2493766,0,94.26434,4.738155,0.4987531,0
2022-06-26 02:48:53,0,0,0,0,0,92.46231,6.78392,0.5025126,0
2022-06-26 02:48:52,0,0,0,0,0,91.9598,8.040201,0,0
2022-06-26 02:48:51,0,0,0,0,0,88.77805,10.473815,0.2493766,0
2022-06-26 02:48:50,0,0,0.2538071,0,0,87.81726,9.390863,0.5076142,0
2022-06-26 02:48:49,0,0,0,0.2506266,0,95.48872,4.010025,0.2506266,0
2022-06-26 02:48:48,0,0,0.2493766,0,0,98.75312,0.7481297,0.2493766,0
2022-06-26 02:48:47,0,0,0,0,0,98.49624,1.2531328,0.2506266,0
2022-06-26 02:48:46,0,0,0,0,0,98.99749,1.0025063,0,0
2022-06-26 02:48:45,0,0,0.248139,0,0,98.75931,0.7444169,0.248139,0
2022-06-26 02:48:44,0,0,0,0,0,99.24623,0.5025126,0.2512563,0
2022-06-26 02:48:43,0,0,0.25,0.25,0,98.25,1,0.25,0
2022-06-26 02:48:42,0,0,0.5,0,0,98,1.5,0,0
2022-06-26 02:48:41,0,0,0.7481297,0.2493766,0,97.00748,1.745636,0.2493766,0
2022-06-26 02:48:40,0,0,1.25,0.25,0,95.5,2.75,0.25,0
2022-06-26 02:48:39,0,0,0,0,0,98.74687,1.0025063,0.2506266,0
2022-06-26 02:48:38,0,0,0,0,0,98.75,1,0.25,0
2022-06-26 02:48:37,0,0,0.2493766,0,0,98.25436,0.9975062,0.4987531,0
2022-06-26 02:48:36,0,0,0.7518797,0.5012531,0,96.2406,2.255639,0.2506266,0
2022-06-26 02:48:35,0,0,0.9950249,0,0,96.0199,2.736318,0.2487562,0
2022-06-26 02:48:34,0,0,1.0050251,0,0,96.73367,2.261307,0,0
2022-06-26 02:48:33,0,0,1,0.5,0,95.25,3,0.25,0
2022-06-26 02:48:32,0,0,0.2487562,0.2487562,0,98.25871,0.7462687,0.4975124,0
2022-06-26 02:48:31,0,0,0.25,0,0,99.25,0.5,0,0
2022-06-26 02:48:30,0,0,0.2506266,0.2506266,0,97.24311,1.754386,0.5012531,0
2022-06-26 02:48:29,0,0,0.9975062,0.2493766,0,96.00998,2.493766,0.2493766,0
2022-06-26 02:48:28,0,0,0.7537688,0,0,96.98492,2.01005,0.2512563,0
2022-06-26 02:48:27,0,0,1.25,0.25,0,96,2.5,0,0
2022-06-26 02:48:26,0,0,0.7556675,0,0,97.48111,1.2594458,0.5037783,0
2022-06-26 02:48:25,0,0,0.2475248,0,0,98.26733,0.990099,0.4950495,0
2022-06-26 02:48:24,0,0,0.5012531,0,0,98.49624,1.0025063,0,0
2022-06-26 02:48:23,0,0,0.5,0.25,0,97.75,1.25,0.25,0
2022-06-26 02:48:22,0,0,1,0.25,0,96.5,2,0.25,0
2022-06-26 02:48:21,0,0,1.2468828,0,0,96.50873,1.995012,0.2493766,0
2022-06-26 02:48:20,0,0,1.0025063,0.2506266,0,96.49123,2.255639,0,0
2022-06-26 02:48:19,0,0,0.2493766,0,0,98.50374,0.9975062,0.2493766,0
2022-06-26 02:48:18,0,0,0.2493766,0,0,98.50374,0.7481297,0.4987531,0
2022-06-26 02:48:17,0,0,0,0,0,98.75,0.75,0.5,0
2022-06-26 02:48:16,0,0,0.2512563,0,0,98.49246,1.2562814,0,0
2022-06-26 02:48:15,0,0,0.7537688,0.2512563,0,96.98492,2.01005,0,0
2022-06-26 02:48:14,0,0,1.741294,0.4975124,0,94.77612,2.736318,0.2487562,0
2022-06-26 02:48:13,0,0,1.2531328,0,0,94.73684,3.508772,0.5012531,0
2022-06-26 02:48:12,0,0,0,0,0,99.24812,0.7518797,0,0
2022-06-26 02:48:11,0,0,0,0,0,99.00249,0.7481297,0.2493766,0
2022-06-26 02:48:10,0,0,0.248139,0,0,98.75931,0.7444169,0.248139,0
2022-06-26 02:48:09,0,0,0,0,0,98.74372,1.2562814,0,0
2022-06-26 02:48:08,0,0,0.75,0,0,95.75,3,0.5,0
2022-06-26 02:48:07,0,0,1.0025063,0.2506266,0,94.98747,3.759398,0,0
2022-06-26 02:48:06,0,0,1.25,0.25,0,94,4.25,0.25,0
2022-06-26 02:48:05,0,0,0.75,0,0,96.5,2.5,0.25,0
2022-06-26 02:48:04,0,0,0.25,0,0,94.5,5,0.25,0
2022-06-26 02:48:03,0,0,0.25,0,0,98.5,1,0.25,0
2022-06-26 02:48:02,0,0,0,0.25,0,99.25,0.5,0,0
2022-06-26 02:48:01,0,0,0,0,0,97.75,2,0.25,0
2022-06-26 02:48:00,0,0,0.7462687,0,0,96.0199,2.736318,0.2487562,0
2022-06-26 02:47:59,0,0,1,0.5,0,94.5,3.75,0.25,0
2022-06-26 02:47:58,0,0,1.5037594,0.5012531,0,91.72932,6.015038,0.2506266,0
2022-06-26 02:47:57,0,0,1.741294,0,0,91.79104,6.218905,0.2487562,0
2022-06-26 02:47:56,0,0,1.2562814,0.2512563,0,91.70854,6.030151,0.7537688,0
2022-06-26 02:47:55,0,0,0.75,0,0,90.75,8.25,0.25,0
2022-06-26 02:47:54,0,0,0.2487562,0.2487562,0,94.02985,5.223881,0.2487562,0
2022-06-26 02:47:53,0,0,0.5025126,0,0,93.46734,5.778894,0.2512563,0
2022-06-26 02:47:52,0,0,0,0,0,93.73434,6.015038,0.2506266,0
2022-06-26 02:47:51,0,0,0,0,0,92.05955,7.444169,0.248139,0
2022-06-26 02:47:50,0,0,0.2506266,0.2506266,0,92.23058,7.26817,0,0
2022-06-26 02:47:49,0,0,0,0,0,89.22306,9.774436,0.5012531,0
2022-06-26 02:47:48,0,0,0.2506266,0.5012531,0,89.22306,7.017544,0.2506266,0
2022-06-26 02:47:47,0,0,0,0,0,96.99248,2.756892,0.2506266,0
2022-06-26 02:47:46,0,0,0.2493766,0,0,98.00499,1.745636,0,0
2022-06-26 02:47:45,0,0,0,0,0,98.75312,0.7481297,0.4987531,0
2022-06-26 02:47:44,0,0,0,0,0,98.99497,1.0050251,0,0
2022-06-26 02:47:43,0,0,0.25,0,0,98.25,1.5,0,0
2022-06-26 02:47:42,0,0,0.2487562,0,0,98.50746,0.9950249,0.2487562,0
2022-06-26 02:47:41,0,0,0.2506266,0,0,97.74436,1.754386,0.2506266,0
2022-06-26 02:47:40,0,0,0.5,0.25,0,97.75,1.5,0,0
2022-06-26 02:47:39,0,0,1,0,0,96.5,2,0.5,0
2022-06-26 02:47:38,0,0,0.7518797,0.5012531,0,96.99248,1.754386,0,0
2022-06-26 02:47:37,0,0,0.4987531,0,0,97.50623,1.4962594,0.4987531,0
2022-06-26 02:47:36,0,0,0,0.25,0,98.75,0.75,0.25,0
2022-06-26 02:47:35,0,0,0.25,0,0,99,0.5,0.25,0
2022-06-26 02:47:34,0,0,0.5012531,0,0,96.74185,2.506266,0.2506266,0
2022-06-26 02:47:33,0,0,1,0.25,0,96.25,2.25,0.25,0
2022-06-26 02:47:32,0,0,1.2468828,0.2493766,0,96.50873,1.745636,0.2493766,0
2022-06-26 02:47:31,0,0,0.7518797,0.2506266,0,95.98997,2.506266,0.5012531,0
2022-06-26 02:47:30,0,0,0.25,0,0,98.25,1.5,0,0
2022-06-26 02:47:29,0,0,0,0,0,99,0.75,0.25,0
2022-06-26 02:47:28,0,0,0.2493766,0.2493766,0,98.50374,0.9975062,0,0
2022-06-26 02:47:27,0,0,0.7481297,0.2493766,0,97.00748,1.745636,0.2493766,0
2022-06-26 02:47:26,0,0,1.0025063,0.2506266,0,96.74185,1.754386,0.2506266,0
2022-06-26 02:47:25,0,0,1,0.25,0,96.75,1.5,0.5,0
2022-06-26 02:47:24,0,0,1.5,0.25,0,95.5,2.5,0.25,0
2022-06-26 02:47:23,0,0,0,0,0,99.24812,0.5012531,0.2506266,0
2022-06-26 02:47:22,0,0,0,0,0,98.99749,0.7518797,0.2506266,0
2022-06-26 02:47:21,0,0,0.4987531,0,0,97.50623,1.995012,0,0
2022-06-26 02:47:20,0,0,0.9925558,0.248139,0,96.27792,2.233251,0.248139,0
2022-06-26 02:47:19,0,0,0.5025126,0.2512563,0,97.48744,1.758794,0,0
2022-06-26 02:47:18,0,0,1.0025063,0.2506266,0,95.98997,2.255639,0.5012531,0
2022-06-26 02:47:17,0,0,0.75,0,0,96.75,2.25,0.25,0
2022-06-26 02:47:16,0,0,0.25,0,0,98.75,0.75,0.25,0
2022-06-26 02:47:15,0,0,0,0.25,0,98.75,1,0,0
2022-06-26 02:47:14,0,0,0.75,0,0,97.75,1.25,0.25,0
2022-06-26 02:47:13,0,0,0.7518797,0.2506266,0,96.74185,2.255639,0,0
2022-06-26 02:47:12,0,0,0.7481297,0.2493766,0,97.25686,1.4962594,0.2493766,0
2022-06-26 02:47:11,0,0,0.7462687,0.2487562,0,96.51741,1.99005,0.2487562,0
2022-06-26 02:47:10,0,0,0.7537688,0.2512563,0,96.98492,2.01005,0,0
2022-06-26 02:47:09,0,0,0.5012531,0,0,97.74436,1.754386,0,0
2022-06-26 02:47:08,0,0,0,0.2487562,0,98.25871,0.9950249,0.4975124,0
2022-06-26 02:47:07,0,0,0.25,0,0,98,1.5,0.25,0
2022-06-26 02:47:06,0,0,0.75,0,0,96.75,2.25,0.25,0
2022-06-26 02:47:05,0,0,0.7444169,0.248139,0,95.03722,3.473945,0.4962779,0
2022-06-26 02:47:04,0,0,1.0075567,0,0,96.97733,2.015113,0,0
2022-06-26 02:47:03,0,0,0.5012531,0,0,96.74185,2.506266,0.2506266,0
2022-06-26 02:47:02,0,0,0.7481297,0,0,97.00748,1.995012,0.2493766,0
2022-06-26 02:47:01,0,0,0.7462687,0.2487562,0,98.25871,0.7462687,0,0
2022-06-26 02:47:00,0,0,0,0,0,98.99497,0.5025126,0.5025126,0
2022-06-26 02:46:59,0,0,0.25,0,0,98.75,1,0,0
2022-06-26 02:46:58,0,0,0.2493766,0,0,97.50623,2.244389,0,0
2022-06-26 02:46:57,0,0,1.2531328,0.2506266,0,95.48872,2.506266,0.5012531,0
2022-06-26 02:46:56,0,0,1.5037594,0.2506266,0,93.48371,4.761905,0,0
2022-06-26 02:46:55,0,0,1.4851485,0.4950495,0,90.59406,6.930693,0.4950495,0
2022-06-26 02:46:54,0,0,1.2594458,0.2518892,0,91.68766,6.801008,0,0
2022-06-26 02:46:53,0,0,0.7462687,0.4975124,0,90.54726,7.960199,0.2487562,0
2022-06-26 02:46:52,0,0,0.5012531,0,0,92.4812,7.017544,0,0
2022-06-26 02:46:51,0,0,0.2493766,0,0,94.26434,5.236908,0.2493766,0
2022-06-26 02:46:50,0,0,0,0,0,94.20655,5.289673,0.2518892,0
2022-06-26 02:46:49,0,0,0,0,0,92.75,6.75,0.5,0
2022-06-26 02:46:48,0,0,0,0,0,93.03483,5.970149,0.2487562,0
2022-06-26 02:46:47,0,0,0.2512563,0,0,88.94472,10.050251,0,0
2022-06-26 02:46:46,0,0,0.25,0,0,91.75,7,0.5,0
2022-06-26 02:46:45,0,0,0.25,0.25,0,95.5,3.75,0,0
2022-06-26 02:46:44,0,0,0,0,0,98.5,1.25,0.25,0
2022-06-26 02:46:43,0,0,0,0.2493766,0,98.50374,0.9975062,0.2493766,0
2022-06-26 02:46:42,0,0,0.2512563,0,0,98.74372,1.0050251,0,0
2022-06-26 02:46:41,0,0,0.2487562,0,0,98.50746,0.9950249,0.2487562,0
2022-06-26 02:46:40,0,0,0,0,0,98.5,1.25,0.25,0
2022-06-26 02:46:39,0,0,0.2493766,0,0,98.25436,1.2468828,0.2493766,0
2022-06-26 02:46:38,0,0,0.5037783,0.2518892,0,96.72544,2.267003,0.2518892,0
2022-06-26 02:46:37,0,0,0.7481297,0.2493766,0,97.00748,1.745636,0.2493766,0
2022-06-26 02:46:36,0,0,0.7481297,0,0,98.00499,0.9975062,0.2493766,0
2022-06-26 02:46:35,0,0,0.7518797,0,0,98.24561,1.0025063,0,0
2022-06-26 02:46:34,0,0,0,0,0,98.75,1,0.25,0
2022-06-26 02:46:33,0,0,0.2493766,0.2493766,0,97.75561,1.4962594,0.2493766,0
2022-06-26 02:46:32,0,0,0.5012531,0.2506266,0,97.99499,1.2531328,0,0
2022-06-26 02:46:31,0,0,0.7481297,0,0,97.25686,1.745636,0.2493766,0
2022-06-26 02:46:30,0,0,1.25,0.75,0,94.75,3,0.25,0
2022-06-26 02:46:29,0,0,0.7518797,0.2506266,0,96.74185,2.005013,0.2506266,0
2022-06-26 02:46:28,0,0,0.5,0,0,97.75,1.5,0.25,0
2022-06-26 02:46:27,0,0,0,0,0,98.99497,0.7537688,0.2512563,0
2022-06-26 02:46:26,0,0,0.4975124,0,0,97.51244,1.741294,0.2487562,0
2022-06-26 02:46:25,0,0,1.0025063,0,0,97.49373,1.5037594,0,0
2022-06-26 02:46:24,0,0,1,0.5,0,96,2.5,0,0
2022-06-26 02:46:23,0,0,1.5037594,0,0,95.2381,2.756892,0.5012531,0
2022-06-26 02:46:22,0,0,0.7444169,0.248139,0,97.51861,1.4888337,0,0
2022-06-26 02:46:21,0,0,0.5012531,0,0,97.74436,1.5037594,0.2506266,0
2022-06-26 02:46:20,0,0,0.2506266,0,0,99.24812,0.5012531,0,0
2022-06-26 02:46:19,0,0,0.2506266,0,0,98.74687,1.0025063,0,0
2022-06-26 02:46:18,0,0,0.4975124,0,0,97.01493,1.99005,0.4975124,0
2022-06-26 02:46:17,0,0,0.7518797,0,0,95.73935,3.258145,0.2506266,0
2022-06-26 02:46:16,0,0,1.4962594,0.2493766,0,95.01247,2.992519,0.2493766,0
2022-06-26 02:46:15,0,0,0.5,0.25,0,97.75,1.25,0.25,0
2022-06-26 02:46:14,0,0,0.5,0,0,98,1.25,0.25,0
2022-06-26 02:46:13,0,0,0,0,0,99.00249,0.7481297,0.2493766,0
2022-06-26 02:46:12,0,0,0.5,0,0,98,1.25,0.25,0
2022-06-26 02:46:11,0,0,0.2512563,0,0,97.98995,1.5075377,0.2512563,0
2022-06-26 02:46:10,0,0,1.5,0,0,96,2.25,0.25,0
2022-06-26 02:46:09,0,0,1.4962594,0.4987531,0,94.51372,3.241895,0.2493766,0
2022-06-26 02:46:08,0,0,0.4987531,0.2493766,0,96.7581,2.244389,0.2493766,0
2022-06-26 02:46:07,0,0,0.2512563,0,0,97.98995,1.758794,0,0
2022-06-26 02:46:06,0,0,0.4975124,0,0,97.01493,1.99005,0.4975124,0
2022-06-26 02:46:05,0,0,0,0.2512563,0,97.98995,1.5075377,0.2512563,0
2022-06-26 02:46:04,0,0,0.7462687,0,0,97.01493,2.238806,0,0
2022-06-26 02:46:03,0,0,0.7518797,0.2506266,0,95.48872,3.508772,0,0
2022-06-26 02:46:02,0,0,1,0,0,93.75,4.5,0.75,0
2022-06-26 02:46:01,0,0,1.0025063,0.2506266,0,96.74185,2.005013,0,0
2022-06-26 02:46:00,0,0,0.4987531,0,0,98.50374,0.7481297,0.2493766,0
2022-06-26 02:45:59,0,0,0.2493766,0,0,97.50623,1.995012,0.2493766,0
2022-06-26 02:45:58,0,0,0.2512563,0,0,99.49749,0.2512563,0,0
2022-06-26 02:45:57,0,0,0,0.2487562,0,98.00995,1.2437811,0.4975124,0
2022-06-26 02:45:56,0,0,0.25,0,0,98.25,1.5,0,0
2022-06-26 02:45:55,0,0,0.7556675,0,0,96.22166,3.02267,0,0
2022-06-26 02:45:54,0,0,1.2437811,0.2487562,0,95.27363,2.985075,0.2487562,0
2022-06-26 02:45:53,0,0,2,0.25,0,89.75,7.5,0.5,0
2022-06-26 02:45:52,0,0,1.0025063,0.2506266,0,90.72682,7.769424,0.2506266,0
2022-06-26 02:45:51,0,0,0.7481297,0.4987531,0,93.26683,5.236908,0.2493766,0
2022-06-26 02:45:50,0,0,0.4987531,0,0,92.76808,6.234414,0.4987531,0
2022-06-26 02:45:49,0,0,0.5012531,0,0,94.73684,4.511278,0.2506266,0
2022-06-26 02:45:48,0,0,0.2506266,0,0,94.48622,5.012531,0.2506266,0
2022-06-26 02:45:47,0,0,0.5,0,0,91.25,7.75,0.5,0
2022-06-26 02:45:46,0,0,0,0,0,93.75,6,0.25,0
2022-06-26 02:45:45,0,0,0.2487562,0,0,87.56219,11.19403,0.4975124,0
2022-06-26 02:45:44,0,0,0,0.4987531,0,92.01995,5.236908,0.2493766,0
2022-06-26 02:45:43,0,0,0.2512563,0,0,92.71357,5.527638,0.5025126,0
2022-06-26 02:45:42,0,0,0,0,0,97.98995,2.01005,0,0
2022-06-26 02:45:41,0,0,0,0,0,98.5,1.5,0,0
2022-06-26 02:45:40,0,0,0,0,0,99.25,0.5,0.25,0
2022-06-26 02:45:39,0,0,0.2487562,0.2487562,0,98.50746,0.9950249,0,0
2022-06-26 02:45:38,0,0,0,0,0,98.99749,0.7518797,0.2506266,0
2022-06-26 02:45:37,0,0,0.2506266,0,0,97.99499,1.5037594,0.2506266,0
2022-06-26 02:45:36,0,0,0.7462687,0.2487562,0,96.76617,1.99005,0.2487562,0
2022-06-26 02:45:35,0,0,0.5025126,0,0,98.49246,1.0050251,0,0
2022-06-26 02:45:34,0,0,0.75,0.25,0,96.5,2,0.5,0
2022-06-26 02:45:33,0,0,1,0,0,96.75,2,0.25,0
2022-06-26 02:45:32,0,0,0,0,0,98.75,0.75,0.5,0
2022-06-26 02:45:31,0,0,0,0,0,98.75,1.25,0,0
2022-06-26 02:45:30,0,0,0.25,0.25,0,98,1.25,0.25,0
2022-06-26 02:45:29,0,0,0.9975062,0.2493766,0,96.25935,2.244389,0.2493766,0
2022-06-26 02:45:28,0,0,0.7518797,0.2506266,0,95.2381,3.508772,0.2506266,0
2022-06-26 02:45:27,0,0,1.4888337,0.248139,0,94.54094,3.473945,0.248139,0
2022-06-26 02:45:26,0,0,0.5037783,0,0,97.98489,1.511335,0,0
2022-06-26 02:45:25,0,0,0.7481297,0,0,97.75561,1.2468828,0.2493766,0
2022-06-26 02:45:24,0,0,0.75,0,0,98.25,0.75,0.25,0
2022-06-26 02:45:23,0,0,0.2506266,0.2506266,0,98.24561,1.0025063,0.2506266,0
2022-06-26 02:45:22,0,0,0.9975062,0,0,96.00998,2.493766,0.4987531,0
2022-06-26 02:45:21,0,0,0.7537688,0.2512563,0,96.48241,2.261307,0.2512563,0
2022-06-26 02:45:20,0,0,1.741294,0.4975124,0,93.53234,4.228856,0,0
2022-06-26 02:45:19,0,0,0.9975062,0,0,96.7581,1.4962594,0.7481297,0
2022-06-26 02:45:18,0,0,0,0,0,98.74372,1.2562814,0,0
2022-06-26 02:45:17,0,0,0,0,0,99.49875,0.2506266,0.2506266,0
2022-06-26 02:45:16,0,0,0.25,0,0,99,0.75,0,0
2022-06-26 02:45:15,0,0,0.7444169,0.248139,0,96.52605,2.48139,0,0
2022-06-26 02:45:14,0,0,1.2531328,0,0,94.98747,3.508772,0.2506266,0
2022-06-26 02:45:13,0,0,1.25,0.25,0,96,2,0.5,0
2022-06-26 02:45:12,0,0,0.5,0.25,0,97,2,0.25,0
2022-06-26 02:45:11,0,0,0.25,0,0,98.75,0.5,0.5,0
2022-06-26 02:45:10,0,0,0,0,0,99.49875,0.2506266,0.2506266,0
2022-06-26 02:45:09,0,0,0,0,0,98.25,1.25,0.5,0
2022-06-26 02:45:08,0,0,0.9950249,0.4975124,0,96.0199,2.487562,0,0
2022-06-26 02:45:07,0,0,1.2468828,0.2493766,0,95.51122,2.244389,0.4987531,0
2022-06-26 02:45:06,0,0,1.0075567,0,0,95.96977,3.02267,0,0
2022-06-26 02:45:05,0,0,0.75,0,0,96.25,3,0,0
2022-06-26 02:45:04,0,0,0.248139,0,0,98.75931,0.4962779,0.4962779,0
2022-06-26 02:45:03,0,0,0,0,0,98.99244,1.0075567,0,0
2022-06-26 02:45:02,0,0,0,0,0,99.00249,0.7481297,0.2493766,0
2022-06-26 02:45:01,0,0,0.4987531,0.2493766,0,96.7581,2.244389,0.2493766,0
2022-06-26 02:45:00,0,0,1.0025063,0,0,95.73935,3.258145,0,0
2022-06-26 02:44:59,0,0,1,0.25,0,96.25,2,0.5,0
2022-06-26 02:44:58,0,0,0.7518797,0.2506266,0,95.48872,3.007519,0.5012531,0
2022-06-26 02:44:57,0,0,0.7462687,0.4975124,0,95.27363,3.233831,0.2487562,0
2022-06-26 02:44:56,0,0,0.2506266,0,0,97.99499,1.5037594,0.2506266,0
2022-06-26 02:44:55,0,0,0,0,0,98.5,1.25,0.25,0
2022-06-26 02:44:54,0,0,0.25,0,0,98.75,0.5,0.5,0
2022-06-26 02:44:53,0,0,0.5012531,0.2506266,0,96.2406,2.756892,0.2506266,0
2022-06-26 02:44:52,0,0,0.9975062,0.2493766,0,94.76309,3.491272,0.4987531,0
2022-06-26 02:44:51,0,0,1.5037594,0.2506266,0,93.73434,4.010025,0.5012531,0
2022-06-26 02:44:50,0,0,1.5,0.75,0,87.75,9.75,0.25,0
2022-06-26 02:44:49,0,0,0.9950249,0.2487562,0,91.54229,6.965174,0.2487562,0
2022-06-26 02:44:48,0,0,0.7518797,0.2506266,0,90.97744,7.518797,0.5012531,0
2022-06-26 02:44:47,0,0,0.7481297,0.2493766,0,92.26933,6.483791,0.2493766,0
2022-06-26 02:44:46,0,0,0.2506266,0,0,94.48622,5.012531,0.2506266,0
2022-06-26 02:44:45,0,0,0,0.2493766,0,92.26933,7.23192,0.2493766,0
2022-06-26 02:44:44,0,0,0,0,0,91.70854,8.291457,0,0
2022-06-26 02:44:43,0,0,0.2493766,0.2493766,0,89.02743,9.226933,0.7481297,0
2022-06-26 02:44:42,0,0,0,0,0,90.6801,8.060453,0,0
2022-06-26 02:44:41,0,0,0.25,0.25,0,88.25,8,0.5,0
2022-06-26 02:44:40,0,0,0.2518892,0,0,93.95466,4.534005,0,0
2022-06-26 02:44:39,0,0,0,0,0,98.99749,1.0025063,0,0
2022-06-26 02:44:38,0,0,0,0,0,97.75561,1.995012,0.2493766,0
2022-06-26 02:44:37,0,0,0.2493766,0,0,99.00249,0.7481297,0,0
2022-06-26 02:44:36,0,0,0,0,0,99.24623,0.5025126,0.2512563,0
2022-06-26 02:44:35,0,0,0,0,0,98.75312,0.9975062,0.2493766,0
2022-06-26 02:44:34,0,0,0.7481297,0,0,96.7581,2.244389,0.2493766,0
2022-06-26 02:44:33,0,0,0.5012531,0.2506266,0,97.74436,1.0025063,0.5012531,0
2022-06-26 02:44:32,0,0,0.5037783,0.2518892,0,96.97733,2.015113,0.2518892,0
2022-06-26 02:44:31,0,0,0.7462687,0,0,97.01493,2.238806,0,0
2022-06-26 02:44:30,0,0,0.25,0.25,0,98.25,1,0.25,0
2022-06-26 02:44:29,0,0,0,0,0,99.50125,0.4987531,0,0
2022-06-26 02:44:28,0,0,1,0.25,0,96.75,1.75,0.25,0
2022-06-26 02:44:27,0,0,0.75,0,0,97.5,1.5,0.25,0
2022-06-26 02:44:26,0,0,0.5012531,0,0,97.49373,2.005013,0,0
2022-06-26 02:44:25,0,0,0.7518797,0.5012531,0,96.49123,1.754386,0.5012531,0
2022-06-26 02:44:24,0,0,1.985112,0.248139,0,95.5335,1.985112,0.248139,0
2022-06-26 02:44:23,0,0,0.25,0.25,0,98,1.25,0.25,0
2022-06-26 02:44:22,0,0,0.2493766,0,0,98.25436,1.2468828,0.2493766,0
2022-06-26 02:44:21,0,0,0.5,0.25,0,97.5,1.25,0.5,0
2022-06-26 02:44:20,0,0,0.5025126,0.2512563,0,97.48744,1.5075377,0.2512563,0
2022-06-26 02:44:19,0,0,0.2493766,0,0,98.25436,1.2468828,0.2493766,0
2022-06-26 02:44:18,0,0,1.010101,0,0,97.47475,1.2626263,0.2525253,0
2022-06-26 02:44:17,0,0,1.4925373,0.7462687,0,95.27363,2.487562,0,0
2022-06-26 02:44:16,0,0,0.4975124,0.2487562,0,98.00995,1.2437811,0,0
2022-06-26 02:44:15,0,0,0.2506266,0,0,98.24561,1.0025063,0.5012531,0
2022-06-26 02:44:14,0,0,0.4987531,0.2493766,0,97.50623,1.745636,0,0
2022-06-26 02:44:13,0,0,0.5025126,0,0,98.24121,1.2562814,0,0
2022-06-26 02:44:12,0,0,0.4975124,0.2487562,0,97.51244,1.2437811,0.4975124,0
2022-06-26 02:44:11,0,0,1,0,0,96,2.75,0.25,0
2022-06-26 02:44:10,0,0,1,0.25,0,96.25,2.5,0,0
2022-06-26 02:44:09,0,0,0.5012531,0,0,97.99499,1.2531328,0.2506266,0
2022-06-26 02:44:08,0,0,0.5012531,0,0,97.99499,1.5037594,0,0
2022-06-26 02:44:07,0,0,0.25,0,0,98.75,0.75,0.25,0
2022-06-26 02:44:06,0,0,0.25,0.25,0,97.75,1.75,0,0
2022-06-26 02:44:05,0,0,0.7462687,0.4975124,0,97.01493,1.4925373,0.2487562,0
2022-06-26 02:44:04,0,0,1.2531328,0,0,95.73935,2.756892,0.2506266,0
2022-06-26 02:44:03,0,0,1.0025063,0.2506266,0,95.48872,2.756892,0.5012531,0
2022-06-26 02:44:02,0,0,0.4975124,0,0,98.00995,1.4925373,0,0
2022-06-26 02:44:01,0,0,0,0.2493766,0,98.25436,1.2468828,0.2493766,0
2022-06-26 02:44:00,0,0,0.5,0,0,98,1.5,0,0
2022-06-26 02:43:59,0,0,0.2525253,0,0,97.9798,1.5151515,0.2525253,0
2022-06-26 02:43:58,0,0,0.4975124,0,0,96.51741,2.487562,0.4975124,0
2022-06-26 02:43:57,0,0,1.511335,0.2518892,0,95.46599,2.770781,0,0
2022-06-26 02:43:56,0,0,1.2437811,0.4975124,0,92.53731,5.472637,0.2487562,0
2022-06-26 02:43:55,0,0,0.7481297,0,0,97.00748,1.995012,0.2493766,0
2022-06-26 02:43:54,0,0,0,0,0,98.24561,1.5037594,0.2506266,0
2022-06-26 02:43:53,0,0,0,0.4987531,0,98.00499,1.2468828,0.2493766,0
2022-06-26 02:43:52,0,0,0.2493766,0,0,98.25436,0.9975062,0.4987531,0
2022-06-26 02:43:51,0,0,0.7481297,0.2493766,0,95.51122,3.491272,0,0
2022-06-26 02:43:50,0,0,0.7537688,0.2512563,0,94.47236,4.522613,0,0
2022-06-26 02:43:49,0,0,0.7518797,0,0,95.73935,3.258145,0.2506266,0
2022-06-26 02:43:48,0,0,0.9950249,0.2487562,0,93.28358,5.223881,0.2487562,0
2022-06-26 02:43:47,0,0,1.758794,0.2512563,0,89.94975,8.040201,0,0
2022-06-26 02:43:46,0,0,1.2468828,0,0,90.52369,7.98005,0.2493766,0
2022-06-26 02:43:45,0,0,1.0025063,0,0,90.22556,8.521303,0.2506266,0
2022-06-26 02:43:44,0,0,0.248139,0,0,92.80397,6.699752,0.248139,0
2022-06-26 02:43:43,0,0,0,0.2506266,0,94.48622,5.012531,0.2506266,0
2022-06-26 02:43:42,0,0,0,0.2493766,0,93.01746,5.985037,0.7481297,0
2022-06-26 02:43:41,0,0,0.2506266,0,0,92.98246,6.265664,0.2506266,0
2022-06-26 02:43:40,0,0,0,0,0,93.03483,6.467662,0.4975124,0
2022-06-26 02:43:39,0,0,0.2512563,0,0,90.70352,7.035176,0.2512563,0
2022-06-26 02:43:38,0,0,0,0.2506266,0,89.97494,5.263158,0.2506266,0
2022-06-26 02:43:37,0,0,0,0,0,99.50125,0.4987531,0,0
2022-06-26 02:43:36,0,0,0.2506266,0,0,99.24812,0.5012531,0,0
2022-06-26 02:43:35,0,0,0,0,0,97.99499,1.754386,0.2506266,0
2022-06-26 02:43:34,0,0,0.2493766,0.2493766,0,99.00249,0.4987531,0,0
2022-06-26 02:43:33,0,0,0.25,0.25,0,98.25,1,0.25,0
2022-06-26 02:43:32,0,0,0.25,0,0,98,1.5,0.25,0
2022-06-26 02:43:31,0,0,0.5012531,0,0,98.49624,1.0025063,0,0
2022-06-26 02:43:30,0,0,0.5,0.25,0,98,1,0.25,0
2022-06-26 02:43:29,0,0,1,0,0,96.25,2.5,0.25,0
2022-06-26 02:43:28,0,0,0.25,0,0,98.5,1,0.25,0
2022-06-26 02:43:27,0,0,0.2493766,0,0,99.25187,0.2493766,0.2493766,0
2022-06-26 02:43:26,0,0,0.2512563,0,0,97.98995,1.5075377,0.2512563,0
2022-06-26 02:43:25,0,0,1,0.25,0,95.75,2.5,0.5,0
2022-06-26 02:43:24,0,0,0.7518797,0.2506266,0,97.74436,1.0025063,0.2506266,0
2022-06-26 02:43:23,0,0,1.2406948,0,0,95.28536,3.225806,0.248139,0
2022-06-26 02:43:22,0,0,0.9975062,0.4987531,0,94.51372,3.740648,0.2493766,0
2022-06-26 02:43:21,0,0,0.2518892,0,0,98.48866,1.0075567,0.2518892,0
2022-06-26 02:43:20,0,0,0,0,0,98.75312,1.2468828,0,0
2022-06-26 02:43:19,0,0,0.2493766,0,0,98.25436,1.2468828,0.2493766,0
2022-06-26 02:43:18,0,0,0.75,0.25,0,97,1.75,0.25,0
2022-06-26 02:43:17,0,0,0.75,0,0,97,2,0.25,0
2022-06-26 02:43:16,0,0,1.0025063,0.2506266,0,96.2406,2.255639,0.2506266,0
2022-06-26 02:43:15,0,0,1,0.25,0,96.25,2.5,0,0
2022-06-26 02:43:14,0,0,0.4987531,0,0,98.50374,0.7481297,0.2493766,0
2022-06-26 02:43:13,0,0,0,0,0,98.25436,1.4962594,0.2493766,0
2022-06-26 02:43:12,0,0,0,0,0,99.49622,0.5037783,0,0
2022-06-26 02:43:11,0,0,0.75,0.25,0,96.75,2.25,0,0
2022-06-26 02:43:10,0,0,1.2437811,0,0,95.27363,3.233831,0.2487562,0
2022-06-26 02:43:09,0,0,1,0,0,96,2.75,0.25,0
2022-06-26 02:43:08,0,0,0.7518797,0.2506266,0,97.24311,1.754386,0,0
2022-06-26 02:43:07,0,0,0.2487562,0,0,98.25871,0.9950249,0.4975124,0
2022-06-26 02:43:06,0,0,0.2506266,0,0,98.99749,0.7518797,0,0
2022-06-26 02:43:05,0,0,0,0,0,99.24812,0.5012531,0.2506266,0
2022-06-26 02:43:04,0,0,0.7518797,0,0,97.24311,1.754386,0.2506266,0
2022-06-26 02:43:03,0,0,1.2531328,0.2506266,0,94.73684,3.508772,0.2506266,0
2022-06-26 02:43:02,0,0,1.2437811,0.4975124,0,95.52239,2.487562,0.2487562,0
2022-06-26 02:43:01,0,0,0.75,0.5,0,96,2.5,0.25,0
2022-06-26 02:43:00,0,0,0.5012531,0,0,97.74436,1.754386,0,0
2022-06-26 02:42:59,0,0,0,0,0,98.99749,1.0025063,0,0
2022-06-26 02:42:58,0,0,0.2487562,0.2487562,0,98.00995,1.2437811,0.2487562,0
2022-06-26 02:42:57,0,0,0.25,0.25,0,97.75,1.5,0.25,0
2022-06-26 02:42:56,0,0,0.7481297,0,0,97.00748,1.995012,0.2493766,0
2022-06-26 02:42:55,0,0,1.0075567,0.5037783,0,95.46599,2.770781,0.2518892,0
2022-06-26 02:42:54,0,0,1.4925373,0.2487562,0,93.53234,4.228856,0.4975124,0
2022-06-26 02:42:53,0,0,0.9975062,0.2493766,0,95.51122,2.992519,0.2493766,0
2022-06-26 02:42:52,0,0,0.2518892,0,0,98.23678,1.2594458,0.2518892,0
2022-06-26 02:42:51,0,0,0.2487562,0,0,98.50746,0.9950249,0.2487562,0
2022-06-26 02:42:50,0,0,0.25,0,0,99,0.5,0.25,0
2022-06-26 02:42:49,0,0,0.2506266,0.2506266,0,98.49624,1.0025063,0,0
2022-06-26 02:42:48,0,0,0.4975124,0,0,95.77114,3.482587,0.2487562,0
2022-06-26 02:42:47,0,0,0.75,0.5,0,93.5,5,0.25,0
2022-06-26 02:42:46,0,0,1.4962594,0.4987531,0,93.51621,4.239401,0.2493766,0
2022-06-26 02:42:45,0,0,1.0025063,0,0,94.48622,4.260652,0,0
2022-06-26 02:42:44,0,0,2,0.25,0,88.25,9.25,0.25,0
2022-06-26 02:42:43,0,0,0.75,0.25,0,91.5,7.25,0.25,0
2022-06-26 02:42:42,0,0,0.5,0,0,91.25,8,0.25,0
2022-06-26 02:42:41,0,0,0,0,0,94.73684,4.761905,0.5012531,0
2022-06-26 02:42:40,0,0,0.2493766,0,0,92.01995,7.730673,0,0
2022-06-26 02:42:39,0,0,0,0,0,94.72362,5.025126,0.2512563,0
2022-06-26 02:42:38,0,0,0,0,0,92.76808,6.733167,0.2493766,0
2022-06-26 02:42:37,0,0,0.2506266,0.2506266,0,90.47619,8.521303,0,0
2022-06-26 02:42:36,0,0,0,0,0,90.97744,8.02005,0.5012531,0
2022-06-26 02:42:35,0,0,0.2506266,0.2506266,0,97.74436,1.754386,0,0
2022-06-26 02:42:34,0,0,0,0,0,99.25,0.75,0,0
2022-06-26 02:42:33,0,0,0.2493766,0.2493766,0,98.25436,0.9975062,0.2493766,0
2022-06-26 02:42:32,0,0,0,0,0,98,1.75,0.25,0
2022-06-26 02:42:31,0,0,0,0,0,99.50125,0.2493766,0.2493766,0
2022-06-26 02:42:30,0,0,0.5012531,0,0,98.49624,1.0025063,0,0
2022-06-26 02:42:29,0,0,0,0,0,98.49624,1.2531328,0.2506266,0
2022-06-26 02:42:28,0,0,0.2493766,0,0,98.25436,1.2468828,0.2493766,0
2022-06-26 02:42:27,0,0,1,0.5,0,96.25,2.25,0,0
2022-06-26 02:42:26,0,0,1.0050251,0,0,96.73367,2.261307,0,0
2022-06-26 02:42:25,0,0,0.248139,0,0,98.75931,0.7444169,0.248139,0
2022-06-26 02:42:24,0,0,0.5012531,0,0,98.49624,0.7518797,0.2506266,0
2022-06-26 02:42:23,0,0,0.2506266,0,0,98.24561,1.5037594,0,0
2022-06-26 02:42:22,0,0,0.25,0,0,98.75,0.75,0.25,0
2022-06-26 02:42:21,0,0,1.2531328,0,0,95.73935,2.756892,0.2506266,0
2022-06-26 02:42:20,0,0,1.4962594,0.2493766,0,94.01496,3.990025,0.2493766,0
2022-06-26 02:42:19,0,0,0.4987531,0.4987531,0,97.75561,0.9975062,0.2493766,0
2022-06-26 02:42:18,0,0,0,0,0,98.75312,0.9975062,0.2493766,0
2022-06-26 02:42:17,0,0,0.2518892,0,0,98.99244,0.5037783,0.2518892,0
2022-06-26 02:42:16,0,0,0.5,0,0,97.75,1.75,0,0
2022-06-26 02:42:15,0,0,0.4975124,0.2487562,0,97.51244,1.4925373,0.2487562,0
2022-06-26 02:42:14,0,0,1.2531328,0,0,95.98997,2.756892,0,0
2022-06-26 02:42:13,0,0,1.2437811,0.2487562,0,94.77612,3.482587,0.2487562,0
2022-06-26 02:42:12,0,0,0.5037783,0.2518892,0,98.23678,1.0075567,0,0
2022-06-26 02:42:11,0,0,0,0,0,99,0.75,0.25,0
2022-06-26 02:42:10,0,0,0.4975124,0,0,97.01493,2.487562,0,0
2022-06-26 02:42:09,0,0,0.5025126,0,0,97.98995,1.2562814,0.2512563,0
2022-06-26 02:42:08,0,0,0.5012531,0,0,97.74436,1.5037594,0.2506266,0
2022-06-26 02:42:07,0,0,0.9925558,0.248139,0,96.02978,2.48139,0.248139,0
2022-06-26 02:42:06,0,0,0.9975062,0,0,97.25686,1.4962594,0.2493766,0
2022-06-26 02:42:05,0,0,0.7518797,0,0,97.74436,1.5037594,0,0
2022-06-26 02:42:04,0,0,0.2506266,0,0,97.74436,1.5037594,0.5012531,0
2022-06-26 02:42:03,0,0,0.2506266,0,0,98.99749,0.5012531,0.2506266,0
2022-06-26 02:42:02,0,0,0.4975124,0.2487562,0,97.01493,1.99005,0.2487562,0
2022-06-26 02:42:01,0,0,0.7518797,0,0,97.74436,1.5037594,0,0
2022-06-26 02:42:00,0,0,0.7537688,0.2512563,0,96.48241,2.512563,0,0
2022-06-26 02:41:59,0,0,1.2468828,0.2493766,0,95.26185,2.992519,0.2493766,0
2022-06-26 02:41:58,0,0,0.7537688,0,0,96.98492,2.01005,0.2512563,0
2022-06-26 02:41:57,0,0,0,0,0,99.00498,0.9950249,0,0
2022-06-26 02:41:56,0,0,0.2493766,0,0,98.50374,0.9975062,0.2493766,0
2022-06-26 02:41:55,0,0,0.2493766,0.2493766,0,95.7606,3.491272,0.2493766,0
2022-06-26 02:41:54,0,0,0.7556675,0,0,96.97733,2.267003,0,0
2022-06-26 02:41:53,0,0,0.7462687,0.2487562,0,96.26866,2.487562,0.2487562,0
2022-06-26 02:41:52,0,0,1,0,0,95.75,3,0.25,0
2022-06-26 02:41:51,0,0,0.9975062,0,0,95.01247,3.491272,0.4987531,0
2022-06-26 02:41:50,0,0,0.7518797,0.2506266,0,97.49373,1.2531328,0.2506266,0
2022-06-26 02:41:49,0,0,0,0,0,99.00498,0.7462687,0.2487562,0
2022-06-26 02:41:48,0,0,0.2512563,0,0,98.74372,1.0050251,0,0
2022-06-26 02:41:47,0,0,0.25,0,0,97.25,2.25,0.25,0
2022-06-26 02:41:46,0,0,0.9950249,0.2487562,0,95.77114,2.736318,0.2487562,0
2022-06-26 02:41:45,0,0,0.7537688,0,0,94.72362,4.271357,0.2512563,0
2022-06-26 02:41:44,0,0,1.2562814,0.2512563,0,93.21608,5.276382,0,0
2022-06-26 02:41:43,0,0,0.9950249,0.2487562,0,92.0398,6.218905,0.4975124,0
2022-06-26 02:41:42,0,0,1.2437811,0,0,91.54229,7.21393,0,0
2022-06-26 02:41:41,0,0,1.2531328,0.2506266,0,91.72932,6.265664,0.5012531,0
2022-06-26 02:41:40,0,0,0.7518797,0,0,90.97744,8.270677,0,0
2022-06-26 02:41:39,0,0,0.2493766,0.2493766,0,89.52618,9.226933,0.7481297,0
2022-06-26 02:41:38,0,0,0.25,0,0,93,6.5,0.25,0
2022-06-26 02:41:37,0,0,0,0,0,92.21106,7.537688,0.2512563,0
2022-06-26 02:41:36,0,0,0,0,0,92.26933,7.730673,0,0
2022-06-26 02:41:35,0,0,0.25,0,0,92.75,6.5,0.25,0
2022-06-26 02:41:34,0,0,0,0.2506266,0,92.98246,6.265664,0.2506266,0
2022-06-26 02:41:33,0,0,0.2493766,0.7481297,0,93.51621,3.241895,0.2493766,0
2022-06-26 02:41:32,0,0,0,0,0,97.74436,2.255639,0,0
2022-06-26 02:41:31,0,0,0.248139,0.248139,0,98.75931,0.7444169,0,0
2022-06-26 02:41:30,0,0,0,0.2512563,0,98.49246,0.7537688,0.5025126,0
2022-06-26 02:41:29,0,0,0,0,0,98.74687,0.7518797,0.5012531,0
2022-06-26 02:41:28,0,0,0.4975124,0,0,97.26368,1.741294,0.4975124,0
2022-06-26 02:41:27,0,0,0.75,0,0,96.75,2,0.5,0
2022-06-26 02:41:26,0,0,0.2506266,0.2506266,0,97.74436,1.754386,0,0
2022-06-26 02:41:25,0,0,0.4987531,0,0,98.25436,1.2468828,0,0
2022-06-26 02:41:24,0,0,0.4987531,0,0,98.00499,0.9975062,0.4987531,0
2022-06-26 02:41:23,0,0,0.5,0.25,0,97,2,0.25,0
2022-06-26 02:41:22,0,0,0.7556675,0,0,96.47355,2.518892,0.2518892,0
2022-06-26 02:41:21,0,0,1.2468828,0,0,91.77057,6.982544,0,0
2022-06-26 02:41:20,0,0,1,0.25,0,96.25,2.25,0.25,0
2022-06-26 02:41:19,0,0,0.2487562,0.2487562,0,98.50746,0.7462687,0.2487562,0
2022-06-26 02:41:18,0,0,0.2512563,0,0,98.24121,1.5075377,0,0
2022-06-26 02:41:17,0,0,0.75,0.25,0,96.75,2,0.25,0
2022-06-26 02:41:16,0,0,0.7462687,0,0,96.51741,2.487562,0.2487562,0
2022-06-26 02:41:15,0,0,0,0,0,99,0.75,0.25,0
2022-06-26 02:41:14,0,0,0.5037783,0,0,96.72544,2.518892,0.2518892,0
2022-06-26 02:41:13,0,0,1.4925373,0.2487562,0,95.27363,2.736318,0.2487562,0
2022-06-26 02:41:12,0,0,0.25,0.25,0,98.75,0.5,0.25,0
2022-06-26 02:41:11,0,0,0.25,0,0,97.75,1.5,0.5,0
2022-06-26 02:41:10,0,0,0.75,0,0,97.25,1.75,0.25,0
2022-06-26 02:41:09,0,0,1.0025063,0.2506266,0,96.99248,1.754386,0,0
2022-06-26 02:41:08,0,0,0.2493766,0,0,99.00249,0.4987531,0.2493766,0
2022-06-26 02:41:07,0,0,0.5025126,0,0,97.23618,2.01005,0.2512563,0
2022-06-26 02:41:06,0,0,1.2468828,0.2493766,0,96.7581,1.745636,0,0
2022-06-26 02:41:05,0,0,0.2512563,0,0,98.74372,0.7537688,0.2512563,0
2022-06-26 02:41:04,0,0,0.7462687,0,0,96.26866,2.736318,0.2487562,0
2022-06-26 02:41:03,0,0,0.4987531,0,0,98.25436,0.9975062,0.2493766,0
2022-06-26 02:41:02,0,0,0.5012531,0,0,98.49624,0.7518797,0.2506266,0
2022-06-26 02:41:01,0,0,0.2487562,0.2487562,0,97.76119,1.4925373,0.2487562,0
2022-06-26 02:41:00,0,0,0.5012531,0.2506266,0,97.99499,1.2531328,0,0
2022-06-26 02:40:59,0,0,1.2468828,0.2493766,0,96.00998,2.493766,0,0
2022-06-26 02:40:58,0,0,0.7537688,0,0,96.98492,2.261307,0,0
2022-06-26 02:40:57,0,0,0.7481297,0.2493766,0,96.50873,2.244389,0.2493766,0
2022-06-26 02:40:56,0,0,0.5012531,0.2506266,0,97.99499,1.2531328,0,0
2022-06-26 02:40:55,0,0,0.25,0,0,97.75,1.75,0.25,0
2022-06-26 02:40:54,0,0,0.25,0.25,0,98.25,1,0.25,0
2022-06-26 02:40:53,0,0,0.2506266,0,0,98.99749,0.7518797,0,0
2022-06-26 02:40:52,0,0,0.7481297,0.2493766,0,95.51122,3.241895,0.2493766,0
2022-06-26 02:40:51,0,0,0.9975062,0,0,94.76309,3.990025,0.2493766,0
2022-06-26 02:40:50,0,0,1.0025063,0.2506266,0,96.49123,2.255639,0,0
2022-06-26 02:40:49,0,0,0.7481297,0,0,96.25935,2.992519,0,0
2022-06-26 02:40:48,0,0,0,0,0,99.24812,0.5012531,0.2506266,0
2022-06-26 02:40:47,0,0,0.4987531,0,0,98.25436,0.9975062,0.2493766,0
2022-06-26 02:40:46,0,0,0.5012531,0,0,96.99248,2.506266,0,0
2022-06-26 02:40:45,0,0,0,0.25,0,98,1.5,0.25,0
2022-06-26 02:40:44,0,0,0.5012531,0,0,97.74436,1.5037594,0.2506266,0
2022-06-26 02:40:43,0,0,1.2437811,0.2487562,0,92.78607,5.223881,0.4975124,0
2022-06-26 02:40:42,0,0,1.5037594,0.2506266,0,93.48371,4.511278,0.2506266,0
2022-06-26 02:40:41,0,0,1.5,0.25,0,92.25,5.75,0.25,0
2022-06-26 02:40:40,0,0,1.2468828,0,0,92.5187,6.234414,0,0
2022-06-26 02:40:39,0,0,0.25,0.25,0,93.25,6,0.25,0
2022-06-26 02:40:38,0,0,0.5,0.25,0,93.75,5.25,0.25,0
2022-06-26 02:40:37,0,0,0.25,0,0,94.5,5,0.25,0
2022-06-26 02:40:36,0,0,0.4987531,0,0,93.51621,5.486284,0.4987531,0
2022-06-26 02:40:35,0,0,0.25,0.25,0,93.25,6,0.25,0
2022-06-26 02:40:34,0,0,0.25,0.25,0,89,10,0.25,0
2022-06-26 02:40:33,0,0,0,0,0,92.71357,6.532663,0.5025126,0
2022-06-26 02:40:32,0,0,0.5,0,0,94.5,5,0,0
2022-06-26 02:40:31,0,0,0.25,0,0,95.75,3.5,0.25,0
2022-06-26 02:40:30,0,0,0,0,0,95.73935,4.010025,0.2506266,0
2022-06-26 02:40:29,0,0,0,0,0,99.00498,0.9950249,0,0
2022-06-26 02:40:28,0,0,0.25,0.25,0,98.75,0.5,0.25,0
2022-06-26 02:40:27,0,0,0,0,0,98.74372,1.0050251,0.2512563,0
2022-06-26 02:40:26,0,0,0.2487562,0,0,98.25871,1.2437811,0.2487562,0
2022-06-26 02:40:25,0,0,0.7481297,0,0,97.50623,1.4962594,0.2493766,0
2022-06-26 02:40:24,0,0,1.0050251,0,0,96.73367,2.261307,0,0
2022-06-26 02:40:23,0,0,0.5,0.25,0,97.5,1.5,0.25,0
2022-06-26 02:40:22,0,0,0.25,0,0,98,1.5,0.25,0
2022-06-26 02:40:21,0,0,0.5,0,0,98.5,0.75,0.25,0
2022-06-26 02:40:20,0,0,0.25,0,0,97.75,2,0,0
2022-06-26 02:40:19,0,0,0.4987531,0.2493766,0,98.00499,0.9975062,0.2493766,0
2022-06-26 02:40:18,0,0,1.0025063,0,0,96.74185,2.255639,0,0
2022-06-26 02:40:17,0,0,0.7518797,0,0,96.99248,2.005013,0.2506266,0
2022-06-26 02:40:16,0,0,0.2493766,0,0,97.75561,1.745636,0.2493766,0
2022-06-26 02:40:15,0,0,0.4987531,0.2493766,0,97.50623,1.745636,0,0
2022-06-26 02:40:14,0,0,0.7481297,0.2493766,0,96.25935,2.244389,0.4987531,0
2022-06-26 02:40:13,0,0,0.2512563,0,0,97.98995,1.5075377,0.2512563,0
2022-06-26 02:40:12,0,0,0.5,0,0,98.5,1,0,0
2022-06-26 02:40:11,0,0,1.0025063,0.2506266,0,95.98997,2.506266,0.2506266,0
2022-06-26 02:40:10,0,0,0.9975062,0.2493766,0,96.00998,2.743142,0,0
2022-06-26 02:40:09,0,0,0.75,0,0,97.25,1.5,0.5,0
2022-06-26 02:40:08,0,0,0.7462687,0,0,96.26866,2.736318,0.2487562,0
2022-06-26 02:40:07,0,0,0,0,0,98.74687,1.0025063,0.2506266,0
2022-06-26 02:40:06,0,0,0.7481297,0.2493766,0,97.25686,1.4962594,0.2493766,0
2022-06-26 02:40:05,0,0,0.2518892,0,0,97.98489,1.763224,0,0
2022-06-26 02:40:04,0,0,0.9925558,0.248139,0,96.27792,1.985112,0.4962779,0
2022-06-26 02:40:03,0,0,0.7537688,0.2512563,0,96.98492,2.01005,0,0
2022-06-26 02:40:02,0,0,0.2506266,0.5012531,0,96.99248,2.005013,0.2506266,0
2022-06-26 02:40:01,0,0,0.9975062,0,0,96.7581,1.995012,0.2493766,0
2022-06-26 02:40:00,0,0,0.7518797,0.2506266,0,97.24311,1.754386,0,0
2022-06-26 02:39:59,0,0,0.2493766,0,0,98.00499,1.2468828,0.4987531,0
2022-06-26 02:39:58,0,0,0.5012531,0.2506266,0,97.49373,1.2531328,0.5012531,0
2022-06-26 02:39:57,0,0,0.7462687,0.2487562,0,95.77114,3.233831,0,0
2022-06-26 02:39:56,0,0,0.5012531,0,0,97.24311,2.005013,0.2506266,0
2022-06-26 02:39:55,0,0,0.75,0.25,0,96.25,2.5,0.25,0
2022-06-26 02:39:54,0,0,0.5012531,0.2506266,0,97.49373,1.754386,0,0
2022-06-26 02:39:53,0,0,1.25,0,0,96.25,2.25,0.25,0
2022-06-26 02:39:52,0,0,0.4975124,0.2487562,0,97.51244,1.4925373,0.2487562,0
2022-06-26 02:39:51,0,0,0,0,0,98.74372,1.2562814,0,0
2022-06-26 02:39:50,0,0,0.4987531,0,0,96.7581,2.244389,0.4987531,0
2022-06-26 02:39:49,0,0,0.7518797,0,0,95.98997,3.258145,0,0
2022-06-26 02:39:48,0,0,0.4987531,0.2493766,0,95.26185,3.241895,0.7481297,0
2022-06-26 02:39:47,0,0,1,0.25,0,96.75,2,0,0
2022-06-26 02:39:46,0,0,0.5,0,0,96.25,2.75,0.5,0
2022-06-26 02:39:45,0,0,0.7518797,0,0,96.99248,2.005013,0.2506266,0
2022-06-26 02:39:44,0,0,0.2487562,0.2487562,0,97.76119,1.4925373,0.2487562,0
2022-06-26 02:39:43,0,0,0,0,0,98.74687,1.0025063,0.2506266,0
2022-06-26 02:39:42,0,0,0.2487562,0,0,98.00995,1.4925373,0.2487562,0
2022-06-26 02:39:41,0,0,0.7575758,0,0,96.21212,3.030303,0,0
2022-06-26 02:39:40,0,0,0.9950249,0.2487562,0,92.53731,5.970149,0.2487562,0
2022-06-26 02:39:39,0,0,1.2468828,0.4987531,0,93.01746,4.738155,0.2493766,0
2022-06-26 02:39:38,0,0,1.25,0.25,0,90.5,7.75,0.25,0
2022-06-26 02:39:37,0,0,0.75,0,0,93,6,0.25,0
2022-06-26 02:39:36,0,0,0.7518797,0.2506266,0,93.23308,5.513784,0,0
2022-06-26 02:39:35,0,0,0.7462687,0,0,93.78109,5.472637,0,0
2022-06-26 02:39:34,0,0,0.5012531,0.2506266,0,90.97744,7.769424,0.2506266,0
2022-06-26 02:39:33,0,0,0,0,0,91.02244,8.478803,0.4987531,0
2022-06-26 02:39:32,0,0,0,0,0,93.23308,6.516291,0.2506266,0
2022-06-26 02:39:31,0,0,0,0,0,90.97744,8.270677,0.5012531,0
2022-06-26 02:39:30,0,0,0.248139,0.4962779,0,90.57072,8.436725,0,0
2022-06-26 02:39:29,0,0,0,0,0,96.22166,3.526448,0.2518892,0
2022-06-26 02:39:28,0,0,0.2493766,0,0,97.25686,1.745636,0.2493766,0
2022-06-26 02:39:27,0,0,0.2493766,0.2493766,0,94.76309,4.239401,0.2493766,0
2022-06-26 02:39:26,0,0,0,0,0,99.49875,0.5012531,0,0
2022-06-26 02:39:25,0,0,1,0,0,98,0.75,0.25,0
2022-06-26 02:39:24,0,0,0,0,0,98.74687,1.0025063,0.2506266,0
2022-06-26 02:39:23,0,0,0.5,0,0,98,1.25,0.25,0
2022-06-26 02:39:22,0,0,0.25,0.25,0,98.75,0.5,0.25,0
2022-06-26 02:39:21,0,0,1,0,0,95.75,3.25,0,0
2022-06-26 02:39:20,0,0,0.4987531,0,0,97.75561,1.4962594,0.2493766,0
2022-06-26 02:39:19,0,0,0,0,0,99.49749,0.5025126,0,0
2022-06-26 02:39:18,0,0,0.4975124,0.2487562,0,96.51741,2.238806,0.4975124,0
2022-06-26 02:39:17,0,0,0.5,0,0,98,1.25,0.25,0
2022-06-26 02:39:16,0,0,0.7518797,0,0,98.24561,0.7518797,0.2506266,0
2022-06-26 02:39:15,0,0,0.75,0,0,97,2.25,0,0
2022-06-26 02:39:14,0,0,0.7518797,0,0,98.24561,0.7518797,0.2506266,0
2022-06-26 02:39:13,0,0,0.4987531,0.2493766,0,97.75561,1.2468828,0.2493766,0
2022-06-26 02:39:12,0,0,0.5,0,0,96.75,2.5,0.25,0
2022-06-26 02:39:11,0,0,0.75,0.25,0,97,1.75,0.25,0
2022-06-26 02:39:10,0,0,0.5,0,0,98,1.25,0.25,0
2022-06-26 02:39:09,0,0,0.5012531,0,0,98.24561,1.2531328,0,0
2022-06-26 02:39:08,0,0,0.7481297,0,0,97.00748,1.745636,0.4987531,0
2022-06-26 02:39:07,0,0,0.75,0.25,0,97,2,0,0
2022-06-26 02:39:06,0,0,0.75,0,0,97.5,1.25,0.5,0
2022-06-26 02:39:05,0,0,0.75,0.25,0,97,1.75,0.25,0
2022-06-26 02:39:04,0,0,0.4987531,0,0,97.75561,1.4962594,0.2493766,0
2022-06-26 02:39:03,0,0,0.5012531,0,0,97.99499,1.5037594,0,0
2022-06-26 02:39:02,0,0,0.7481297,0.2493766,0,96.7581,1.995012,0.2493766,0
2022-06-26 02:39:01,0,0,0.7481297,0,0,97.00748,1.995012,0.2493766,0
2022-06-26 02:39:00,0,0,1.0050251,0,0,96.73367,1.758794,0.5025126,0
2022-06-26 02:38:59,0,0,0.5,0,0,98,1.25,0.25,0
2022-06-26 02:38:58,0,0,0.7537688,0.2512563,0,96.73367,2.01005,0.2512563,0
2022-06-26 02:38:57,0,0,0.4987531,0.2493766,0,97.25686,1.995012,0,0
2022-06-26 02:38:56,0,0,0.4975124,0.2487562,0,97.76119,0.9950249,0.4975124,0
2022-06-26 02:38:55,0,0,0.5,0,0,97.25,2,0.25,0
2022-06-26 02:38:54,0,0,0.7537688,0.2512563,0,96.98492,1.758794,0.2512563,0
2022-06-26 02:38:53,0,0,0.9950249,0,0,96.0199,2.736318,0.2487562,0
2022-06-26 02:38:52,0,0,0.5,0,0,97.75,1.5,0.25,0
2022-06-26 02:38:51,0,0,0.5012531,0,0,97.24311,2.005013,0.2506266,0
2022-06-26 02:38:50,0,0,0.2487562,0.2487562,0,97.76119,1.4925373,0.2487562,0
2022-06-26 02:38:49,0,0,0.5012531,0.2506266,0,97.49373,1.2531328,0.5012531,0
2022-06-26 02:38:48,0,0,0.5025126,0.2512563,0,97.73869,1.2562814,0.2512563,0
2022-06-26 02:38:47,0,0,0.4987531,0,0,97.00748,1.995012,0.4987531,0
2022-06-26 02:38:46,0,0,0.7481297,0,0,96.7581,1.995012,0.2493766,0
2022-06-26 02:38:45,0,0,0.7518797,0.5012531,0,94.98747,3.508772,0.2506266,0
2022-06-26 02:38:44,0,0,0.9950249,0.2487562,0,96.0199,2.487562,0.2487562,0
2022-06-26 02:38:43,0,0,0.2512563,0,0,97.23618,2.261307,0.2512563,0
2022-06-26 02:38:42,0,0,0.4962779,0.248139,0,97.51861,1.4888337,0.248139,0
2022-06-26 02:38:41,0,0,0,0,0,98.49624,1.2531328,0.2506266,0
2022-06-26 02:38:40,0,0,0.75,0,0,96.75,2.25,0.25,0
2022-06-26 02:38:39,0,0,0.7537688,0.2512563,0,94.97487,3.768844,0.2512563,0
2022-06-26 02:38:38,0,0,0.75,0.25,0,93.75,5,0.25,0
2022-06-26 02:38:37,0,0,1.2468828,0.2493766,0,92.01995,6.483791,0,0
2022-06-26 02:38:36,0,0,1.2531328,0.5012531,0,90.97744,7.017544,0.2506266,0
2022-06-26 02:38:35,0,0,0.9975062,0,0,91.02244,7.98005,0,0
2022-06-26 02:38:34,0,0,0.5,0,0,93.5,5.75,0.25,0
2022-06-26 02:38:33,0,0,0.4975124,0,0,93.28358,5.721393,0.4975124,0
2022-06-26 02:38:32,0,0,0.2512563,0,0,93.46734,6.281407,0,0
2022-06-26 02:38:31,0,0,0.5,0.25,0,91.5,7.5,0.25,0
2022-06-26 02:38:30,0,0,0,0,0,91.77057,7.730673,0.4987531,0
2022-06-26 02:38:29,0,0,0.25,0.25,0,92,7.5,0,0
2022-06-26 02:38:28,0,0,0,0,0,92.46231,6.030151,0.2512563,0
2022-06-26 02:38:27,0,0,0.2506266,0,0,96.49123,3.007519,0.2506266,0
2022-06-26 02:38:26,0,0,0,0,0,96.7581,3.241895,0,0
2022-06-26 02:38:25,0,0,0.2512563,0.2512563,0,97.73869,1.758794,0,0
2022-06-26 02:38:24,0,0,0.5,0,0,98,1.5,0,0
2022-06-26 02:38:23,0,0,0,0,0,99.24812,0.5012531,0.2506266,0
2022-06-26 02:38:22,0,0,0,0.25,0,99,0.5,0.25,0
2022-06-26 02:38:21,0,0,0.4987531,0,0,97.75561,1.4962594,0.2493766,0
2022-06-26 02:38:20,0,0,0.2506266,0,0,98.74687,0.7518797,0.2506266,0
2022-06-26 02:38:19,0,0,0.7444169,0.248139,0,97.27047,1.4888337,0.248139,0
2022-06-26 02:38:18,0,0,0.5037783,0,0,96.97733,2.267003,0.2518892,0
2022-06-26 02:38:17,0,0,0.5,0,0,97.75,1.75,0,0
2022-06-26 02:38:16,0,0,0.2493766,0,0,98.25436,1.2468828,0.2493766,0
2022-06-26 02:38:15,0,0,0.5012531,0,0,97.49373,1.754386,0.2506266,0
2022-06-26 02:38:14,0,0,0.7481297,0.4987531,0,97.00748,1.4962594,0.2493766,0
2022-06-26 02:38:13,0,0,0.7481297,0,0,97.50623,1.4962594,0.2493766,0
2022-06-26 02:38:12,0,0,0.5025126,0,0,97.23618,2.261307,0,0
2022-06-26 02:38:11,0,0,0.75,0.5,0,97.5,1,0.25,0
2022-06-26 02:38:10,0,0,0.5,0,0,95.25,4.25,0,0
2022-06-26 02:38:09,0,0,0.5012531,0,0,97.99499,1.2531328,0.2506266,0
2022-06-26 02:38:08,0,0,0.7462687,0.2487562,0,97.51244,1.2437811,0.2487562,0
2022-06-26 02:38:07,0,0,0.5,0.25,0,97.5,1.75,0,0
2022-06-26 02:38:06,0,0,0.7518797,0,0,96.99248,2.255639,0,0
2022-06-26 02:38:05,0,0,0.5,0.25,0,97.25,1.5,0.5,0
2022-06-26 02:38:04,0,0,0.9975062,0.2493766,0,95.26185,3.491272,0,0
2022-06-26 02:38:03,0,0,0.7518797,0.2506266,0,97.49373,1.2531328,0.2506266,0
2022-06-26 02:38:02,0,0,0.2493766,0,0,98.50374,0.9975062,0.2493766,0
2022-06-26 02:38:01,0,0,0.75,0,0,98,1.25,0,0
2022-06-26 02:38:00,0,0,0.25,0.25,0,98.75,0.5,0.25,0
2022-06-26 02:37:59,0,0,0.7537688,0,0,97.23618,1.758794,0.2512563,0
2022-06-26 02:37:58,0,0,0.9975062,0.2493766,0,95.51122,2.743142,0.4987531,0
2022-06-26 02:37:57,0,0,0.9975062,0.2493766,0,96.50873,2.244389,0,0
2022-06-26 02:37:56,0,0,0.5,0,0,97.75,1.5,0.25,0
2022-06-26 02:37:55,0,0,0.5,0.25,0,97.75,1.25,0.25,0
2022-06-26 02:37:54,0,0,0.2506266,0,0,98.99749,0.7518797,0,0
2022-06-26 02:37:53,0,0,0.4987531,0,0,97.75561,1.2468828,0.4987531,0
2022-06-26 02:37:52,0,0,0.7481297,0.4987531,0,96.50873,1.4962594,0.4987531,0
2022-06-26 02:37:51,0,0,1.0025063,0,0,97.24311,1.754386,0,0
2022-06-26 02:37:50,0,0,0.9975062,0.2493766,0,96.00998,2.493766,0.2493766,0
2022-06-26 02:37:49,0,0,0.75,0.25,0,96.25,2.5,0.25,0
2022-06-26 02:37:48,0,0,0.5012531,0,0,97.74436,1.754386,0,0
2022-06-26 02:37:47,0,0,0.2506266,0,0,97.49373,2.255639,0,0
2022-06-26 02:37:46,0,0,0.248139,0,0,98.51117,0.9925558,0.248139,0
2022-06-26 02:37:45,0,0,0.2518892,0,0,98.48866,1.0075567,0.2518892,0
2022-06-26 02:37:44,0,0,0.7481297,0.2493766,0,95.51122,3.241895,0.2493766,0
2022-06-26 02:37:43,0,0,0.4962779,0.248139,0,96.77419,2.233251,0.248139,0
2022-06-26 02:37:42,0,0,0.7556675,0.2518892,0,96.47355,2.518892,0,0
2022-06-26 02:37:41,0,0,1,0,0,95.25,3.5,0.25,0
2022-06-26 02:37:40,0,0,0.4975124,0,0,97.26368,1.99005,0.2487562,0
2022-06-26 02:37:39,0,0,0.2506266,0.2506266,0,98.49624,0.7518797,0.2506266,0
2022-06-26 02:37:38,0,0,0,0,0,98.5,1.25,0.25,0
2022-06-26 02:37:37,0,0,0.2512563,0,0,97.98995,1.758794,0,0
2022-06-26 02:37:36,0,0,0.7462687,0,0,96.76617,2.238806,0.2487562,0
2022-06-26 02:37:35,0,0,0.7481297,0.2493766,0,95.01247,3.740648,0.2493766,0
2022-06-26 02:37:34,0,0,0.7537688,0,0,95.72864,3.517588,0,0
2022-06-26 02:37:33,0,0,1.75,0.25,0,91.5,6.25,0.25,0
2022-06-26 02:37:32,0,0,1.2437811,0.2487562,0,91.29353,6.965174,0.2487562,0
2022-06-26 02:37:31,0,0,1.0025063,0,0,89.22306,9.52381,0.2506266,0
2022-06-26 02:37:30,0,0,0.2493766,0,0,94.76309,4.987531,0,0
2022-06-26 02:37:29,0,0,0.2506266,0.2506266,0,94.23559,5.012531,0.2506266,0
2022-06-26 02:37:28,0,0,0.2493766,0,0,91.5212,7.730673,0.4987531,0
2022-06-26 02:37:27,0,0,0.25,0,0,92.75,7,0,0
2022-06-26 02:37:26,0,0,0,0,0,93.21608,6.532663,0.2512563,0
2022-06-26 02:37:25,0,0,0.5012531,0,0,89.47368,7.017544,0.2506266,0
2022-06-26 02:37:24,0,0,0,0.25,0,91.75,6,0.5,0
2022-06-26 02:37:23,0,0,0.25,0.25,0,96.5,3,0,0
2022-06-26 02:37:22,0,0,0,0.25,0,96.75,2.75,0.25,0
2022-06-26 02:37:21,0,0,0.25,0,0,99,0.5,0.25,0
2022-06-26 02:37:20,0,0,0,0,0,99.25,0.5,0.25,0
2022-06-26 02:37:19,0,0,0.2493766,0,0,98.25436,1.2468828,0.2493766,0
2022-06-26 02:37:18,0,0,0.25,0.25,0,97.75,1.25,0.5,0
2022-06-26 02:37:17,0,0,0.4987531,0,0,97.75561,1.2468828,0.4987531,0
2022-06-26 02:37:16,0,0,0.7537688,0,0,96.98492,2.01005,0.2512563,0
2022-06-26 02:37:15,0,0,0.248139,0.4962779,0,98.26303,0.7444169,0.248139,0
2022-06-26 02:37:14,0,0,0.7537688,0,0,97.23618,2.01005,0,0
2022-06-26 02:37:13,0,0,0.4975124,0.2487562,0,97.51244,1.4925373,0.2487562,0
2022-06-26 02:37:12,0,0,0,0,0,98.99497,0.7537688,0.2512563,0
2022-06-26 02:37:11,0,0,0.2506266,0,0,98.24561,1.5037594,0,0
2022-06-26 02:37:10,0,0,1,0.5,0,96.75,1.75,0,0
2022-06-26 02:37:09,0,0,0.7481297,0,0,96.7581,2.244389,0.2493766,0
2022-06-26 02:37:08,0,0,0.5025126,0.2512563,0,97.48744,1.758794,0,0
2022-06-26 02:37:07,0,0,0.9950249,0.2487562,0,97.26368,1.2437811,0.2487562,0
2022-06-26 02:37:06,0,0,0.2506266,0,0,97.49373,2.255639,0,0
2022-06-26 02:37:05,0,0,0,0,0,99.00498,0.7462687,0.2487562,0
2022-06-26 02:37:04,0,0,0.7518797,0.2506266,0,96.99248,1.754386,0.2506266,0
2022-06-26 02:37:03,0,0,0.7518797,0,0,97.24311,2.005013,0,0
2022-06-26 02:37:02,0,0,0.9975062,0.2493766,0,96.50873,1.995012,0.2493766,0
2022-06-26 02:37:01,0,0,0.75,0,0,98,1,0.25,0
2022-06-26 02:37:00,0,0,1.0025063,0.2506266,0,95.48872,3.258145,0,0
2022-06-26 02:36:59,0,0,0.2493766,0,0,98.50374,0.7481297,0.4987531,0
2022-06-26 02:36:58,0,0,0,0,0,98.74687,1.2531328,0,0
2022-06-26 02:36:57,0,0,0.7462687,0.2487562,0,97.51244,1.2437811,0.2487562,0
2022-06-26 02:36:56,0,0,1.0050251,0,0,96.98492,2.01005,0,0
2022-06-26 02:36:55,0,0,0.7462687,0,0,97.51244,1.4925373,0.2487562,0
2022-06-26 02:36:54,0,0,0.7537688,0.2512563,0,95.9799,3.015075,0,0
2022-06-26 02:36:53,0,0,0.9975062,0.2493766,0,96.25935,2.244389,0.2493766,0
2022-06-26 02:36:52,0,0,0.2493766,0,0,98.00499,1.4962594,0.2493766,0
2022-06-26 02:36:51,0,0,0.25,0,0,99,0.75,0,0
2022-06-26 02:36:50,0,0,0.25,0,0,97.5,1.5,0.5,0
2022-06-26 02:36:49,0,0,1.0025063,0,0,97.24311,1.2531328,0.5012531,0
2022-06-26 02:36:48,0,0,0.7481297,0.4987531,0,95.7606,2.992519,0,0
2022-06-26 02:36:47,0,0,1,0,0,96.25,2.5,0.25,0
2022-06-26 02:36:46,0,0,1.2562814,0.2512563,0,96.23116,2.261307,0,0
2022-06-26 02:36:45,0,0,0.2493766,0,0,98.75312,0.7481297,0.2493766,0
2022-06-26 02:36:44,0,0,0,0,0,99,0.75,0.25,0
2022-06-26 02:36:43,0,0,0,0.25,0,98.75,1,0,0
2022-06-26 02:36:42,0,0,0.7481297,0,0,97.25686,1.745636,0.2493766,0
2022-06-26 02:36:41,0,0,1,0.25,0,96,2.5,0.25,0
2022-06-26 02:36:40,0,0,0.7518797,0.2506266,0,96.49123,2.506266,0,0
2022-06-26 02:36:39,0,0,1,0,0,96,2.5,0.5,0
2022-06-26 02:36:38,0,0,0.7537688,0.2512563,0,95.22613,3.768844,0,0
2022-06-26 02:36:37,0,0,0.2493766,0,0,98.50374,0.9975062,0.2493766,0
2022-06-26 02:36:36,0,0,0,0,0,99.00249,0.7481297,0.2493766,0
2022-06-26 02:36:35,0,0,0,0,0,99.24623,0.5025126,0.2512563,0
2022-06-26 02:36:34,0,0,0.25,0,0,96,3.75,0,0
2022-06-26 02:36:33,0,0,0.9975062,0.2493766,0,95.01247,3.491272,0.2493766,0
2022-06-26 02:36:32,0,0,1.0025063,0,0,93.98496,5.012531,0,0
2022-06-26 02:36:31,0,0,1.985112,0.248139,0,88.58561,8.933002,0.248139,0
2022-06-26 02:36:30,0,0,1.5,0.25,0,89,8.5,0.5,0
2022-06-26 02:36:29,0,0,1.0050251,0,0,92.71357,6.030151,0.2512563,0
2022-06-26 02:36:28,0,0,0.2487562,0,0,91.29353,8.457711,0,0
2022-06-26 02:36:27,0,0,0,0,0,95.22613,4.271357,0.5025126,0
2022-06-26 02:36:26,0,0,0.25,0,0,94.25,5.5,0,0
2022-06-26 02:36:25,0,0,0.4975124,0,0,93.03483,6.218905,0.2487562,0
2022-06-26 02:36:24,0,0,0,0.25,0,90.5,9,0.25,0
2022-06-26 02:36:23,0,0,0.2512563,0,0,86.43216,11.306533,0.5025126,0
2022-06-26 02:36:22,0,0,0,0,0,87.75,8.5,0.25,0
2022-06-26 02:36:21,0,0,0.2493766,0,0,97.50623,2.244389,0,0
2022-06-26 02:36:20,0,0,0,0,0,98.75,1,0.25,0
2022-06-26 02:36:19,0,0,0.2506266,0,0,98.74687,1.0025063,0,0
2022-06-26 02:36:18,0,0,0,0,0,99.24812,0.7518797,0,0
2022-06-26 02:36:17,0,0,0,0,0,98.75,1,0.25,0
2022-06-26 02:36:16,0,0,0.2493766,0,0,98.50374,1.2468828,0,0
2022-06-26 02:36:15,0,0,0,0,0,99.25,0.75,0,0
2022-06-26 02:36:14,0,0,0.2493766,0.2493766,0,98.25436,0.9975062,0.2493766,0
2022-06-26 02:36:13,0,0,0.9975062,0.2493766,0,95.7606,2.493766,0.4987531,0
2022-06-26 02:36:12,0,0,1.25,0.25,0,95.5,3,0,0
2022-06-26 02:36:11,0,0,0.5012531,0,0,98.49624,0.7518797,0.2506266,0
2022-06-26 02:36:10,0,0,0,0,0,99.49875,0.5012531,0,0
2022-06-26 02:36:09,0,0,0,0,0,99.00249,0.7481297,0.2493766,0
2022-06-26 02:36:08,0,0,0.25,0,0,99,0.75,0,0
2022-06-26 02:36:07,0,0,0.5012531,0,0,97.74436,1.5037594,0.2506266,0
2022-06-26 02:36:06,0,0,1.5,0,0,95,3,0.5,0
2022-06-26 02:36:05,0,0,1.25,0.25,0,94.75,3.75,0,0
2022-06-26 02:36:04,0,0,0.2506266,0,0,99.24812,0.5012531,0,0
2022-06-26 02:36:03,0,0,0,0.2493766,0,98.75312,0.7481297,0.2493766,0
2022-06-26 02:36:02,0,0,0,0,0,99,0.5,0.5,0
2022-06-26 02:36:01,0,0,0.25,0,0,98.75,1,0,0
2022-06-26 02:36:00,0,0,0.7481297,0.2493766,0,96.00998,2.743142,0.2493766,0
2022-06-26 02:35:59,0,0,1.5,0.25,0,94.5,3.25,0.5,0
2022-06-26 02:35:58,0,0,1.0050251,0,0,96.73367,2.261307,0,0
2022-06-26 02:35:57,0,0,0.4987531,0,0,98.00499,1.4962594,0,0
2022-06-26 02:35:56,0,0,0,0,0,99.25,0.5,0.25,0
2022-06-26 02:35:55,0,0,0.25,0,0,99,0.75,0,0
2022-06-26 02:35:54,0,0,0.2493766,0,0,97.75561,1.4962594,0.4987531,0
2022-06-26 02:35:53,0,0,1.0050251,0,0,96.73367,2.01005,0.2512563,0
2022-06-26 02:35:52,0,0,1.2437811,0.2487562,0,96.26866,1.99005,0.2487562,0
2022-06-26 02:35:51,0,0,0.7518797,0,0,96.49123,2.506266,0.2506266,0
2022-06-26 02:35:50,0,0,0.7462687,0.2487562,0,96.76617,1.99005,0.2487562,0
2022-06-26 02:35:49,0,0,0.2506266,0,0,98.99749,0.7518797,0,0
2022-06-26 02:35:48,0,0,0,0,0,98.75,1.25,0,0
2022-06-26 02:35:47,0,0,0.2506266,0,0,98.49624,1.2531328,0,0
2022-06-26 02:35:46,0,0,1,0,0,96.75,2,0.25,0
2022-06-26 02:35:45,0,0,1.25,0.5,0,93.5,4.5,0.25,0
2022-06-26 02:35:44,0,0,1.25,0,0,95.75,3,0,0
2022-06-26 02:35:43,0,0,0.5,0.25,0,97.5,1.5,0.25,0
2022-06-26 02:35:42,0,0,0,0,0,98.99749,0.7518797,0.2506266,0
2022-06-26 02:35:41,0,0,0.2487562,0,0,98.50746,1.2437811,0,0
2022-06-26 02:35:40,0,0,0,0,0,99.24623,0.7537688,0,0
2022-06-26 02:35:39,0,0,0.7481297,0.2493766,0,94.51372,3.990025,0.4987531,0
2022-06-26 02:35:38,0,0,0.9950249,0,0,95.02488,3.731343,0.2487562,0
2022-06-26 02:35:37,0,0,0.7556675,0,0,96.47355,2.518892,0.2518892,0
2022-06-26 02:35:36,0,0,1.2406948,0.248139,0,96.02978,1.985112,0.4962779,0
2022-06-26 02:35:35,0,0,0.5012531,0.2506266,0,96.99248,2.255639,0,0
2022-06-26 02:35:34,0,0,0,0,0,98.24561,1.5037594,0.2506266,0
2022-06-26 02:35:33,0,0,0,0,0,99.5,0.25,0.25,0
2022-06-26 02:35:32,0,0,0.2506266,0,0,97.49373,2.005013,0.2506266,0
2022-06-26 02:35:31,0,0,0.7462687,0.2487562,0,96.76617,1.99005,0.2487562,0
2022-06-26 02:35:30,0,0,1.0025063,0.2506266,0,95.73935,3.007519,0,0
2022-06-26 02:35:29,0,0,0.9975062,0,0,94.01496,4.738155,0.2493766,0
2022-06-26 02:35:28,0,0,1.2531328,0.2506266,0,94.73684,3.508772,0.2506266,0
2022-06-26 02:35:27,0,0,1.75,0,0,88.5,9.5,0.25,0
2022-06-26 02:35:26,0,0,1,0,0,92,6.75,0.25,0
2022-06-26 02:35:25,0,0,0.25,0.25,0,93.25,6.25,0,0
2022-06-26 02:35:24,0,0,0.7481297,0,0,93.26683,5.985037,0,0
2022-06-26 02:35:23,0,0,0.2493766,0.2493766,0,93.51621,5.486284,0.4987531,0
2022-06-26 02:35:22,0,0,0,0,0,91,9,0,0
2022-06-26 02:35:21,0,0,0,0,0,89.97494,9.52381,0.5012531,0
2022-06-26 02:35:20,0,0,0.2487562,0.2487562,0,88.80597,8.955224,0.4975124,0
2022-06-26 02:35:19,0,0,0,0.2518892,0,91.43577,6.801008,0,0
2022-06-26 02:35:18,0,0,0.2506266,0,0,97.49373,2.005013,0.2506266,0
2022-06-26 02:35:17,0,0,0,0,0,99,0.75,0.25,0
2022-06-26 02:35:16,0,0,0,0,0,98.49624,1.2531328,0.2506266,0
2022-06-26 02:35:15,0,0,0.2493766,0,0,99.00249,0.4987531,0.2493766,0
2022-06-26 02:35:14,0,0,0,0,0,98.75,1,0.25,0
2022-06-26 02:35:13,0,0,0.2487562,0.2487562,0,98.00995,1.4925373,0,0
2022-06-26 02:35:12,0,0,0.2512563,0,0,98.49246,1.0050251,0.2512563,0
2022-06-26 02:35:11,0,0,0.7462687,0.2487562,0,96.26866,2.736318,0,0
2022-06-26 02:35:10,0,0,1.0050251,0.2512563,0,96.23116,2.261307,0.2512563,0
2022-06-26 02:35:09,0,0,0.25,0.25,0,97.25,2,0.25,0
2022-06-26 02:35:08,0,0,0.5,0,0,98.5,0.75,0.25,0
2022-06-26 02:35:07,0,0,0,0,0,99,0.75,0.25,0
2022-06-26 02:35:06,0,0,0.2493766,0.2493766,0,98.25436,1.2468828,0,0
2022-06-26 02:35:05,0,0,0.75,0.25,0,96.5,2.25,0.25,0
2022-06-26 02:35:04,0,0,1.2531328,0,0,95.73935,3.007519,0,0
2022-06-26 02:35:03,0,0,1.2406948,0.248139,0,95.78164,2.48139,0.248139,0
2022-06-26 02:35:02,0,0,0.2525253,0,0,98.73737,1.010101,0,0
2022-06-26 02:35:01,0,0,0.2487562,0.2487562,0,97.26368,1.99005,0.2487562,0
2022-06-26 02:35:00,0,0,0.2506266,0,0,99.24812,0.5012531,0,0
2022-06-26 02:34:59,0,0,0.4987531,0.2493766,0,97.50623,1.4962594,0.2493766,0
2022-06-26 02:34:58,0,0,0.75,0,0,97.25,1.75,0.25,0
2022-06-26 02:34:57,0,0,1.2437811,0.4975124,0,96.0199,2.238806,0,0
2022-06-26 02:34:56,0,0,0.7556675,0,0,97.22922,2.015113,0,0
2022-06-26 02:34:55,0,0,0.5,0.25,0,97.25,1.75,0.25,0
2022-06-26 02:34:54,0,0,0.5012531,0,0,97.74436,1.754386,0,0
2022-06-26 02:34:53,0,0,0,0,0,99.00249,0.7481297,0.2493766,0
2022-06-26 02:34:52,0,0,0.4987531,0.2493766,0,98.50374,0.4987531,0.2493766,0
2022-06-26 02:34:51,0,0,1.0025063,0,0,95.73935,3.258145,0,0
2022-06-26 02:34:50,0,0,1.2437811,0.4975124,0,95.02488,3.233831,0,0
2022-06-26 02:34:49,0,0,1.0050251,0.2512563,0,95.9799,2.512563,0.2512563,0
2022-06-26 02:34:48,0,0,0.25,0.25,0,97.5,2,0,0
2022-06-26 02:34:47,0,0,0.2493766,0,0,98.50374,0.9975062,0.2493766,0
2022-06-26 02:34:46,0,0,0,0,0,99.50249,0.4975124,0,0
2022-06-26 02:34:45,0,0,0.5025126,0,0,98.24121,1.0050251,0.2512563,0
2022-06-26 02:34:44,0,0,1.0025063,0.5012531,0,96.74185,1.754386,0,0
2022-06-26 02:34:43,0,0,1.5,0.25,0,94,3.75,0.5,0
2022-06-26 02:34:42,0,0,0.5012531,0.2506266,0,96.2406,2.756892,0.2506266,0
2022-06-26 02:34:41,0,0,0.4987531,0,0,98.00499,1.2468828,0.2493766,0
2022-06-26 02:34:40,0,0,0,0,0,99.5,0.25,0.25,0
2022-06-26 02:34:39,0,0,0,0,0,98.74687,1.0025063,0.2506266,0
2022-06-26 02:34:38,0,0,0.25,0,0,99.25,0.5,0,0
2022-06-26 02:34:37,0,0,0.75,0,0,95.25,4,0,0
2022-06-26 02:34:36,0,0,1.4962594,0.7481297,0,93.26683,4.239401,0.2493766,0
2022-06-26 02:34:35,0,0,1.2437811,0,0,95.52239,2.985075,0.2487562,0
2022-06-26 02:34:34,0,0,0.2506266,0,0,97.74436,2.005013,0,0
2022-06-26 02:34:33,0,0,0.4975124,0.2487562,0,96.26866,2.487562,0.4975124,0
2022-06-26 02:34:32,0,0,0.2512563,0,0,98.24121,1.2562814,0.2512563,0
2022-06-26 02:34:31,0,0,0,0,0,99.25,0.75,0,0
2022-06-26 02:34:30,0,0,0.2506266,0,0,98.49624,1.2531328,0,0
2022-06-26 02:34:29,0,0,0.4987531,0,0,93.76559,5.486284,0.2493766,0
2022-06-26 02:34:28,0,0,1.5,0,0,95.5,2.75,0.25,0
2022-06-26 02:34:27,0,0,1.745636,0.2493766,0,93.01746,4.738155,0.2493766,0
2022-06-26 02:34:26,0,0,1.5037594,0.5012531,0,90.22556,7.518797,0.2506266,0
2022-06-26 02:34:25,0,0,0.7518797,0,0,91.97995,7.017544,0.2506266,0
2022-06-26 02:34:24,0,0,1,0,0,92.5,6.25,0.25,0
2022-06-26 02:34:23,0,0,0.5012531,0,0,93.73434,5.513784,0.2506266,0
2022-06-26 02:34:22,0,0,0.248139,0.248139,0,91.56328,7.692308,0.248139,0
2022-06-26 02:34:21,0,0,0,0,0,95.9799,4.020101,0,0
2022-06-26 02:34:20,0,0,0,0,0,94.01496,5.486284,0.4987531,0
2022-06-26 02:34:19,0,0,0.25,0.25,0,87,8.5,0.5,0
2022-06-26 02:34:18,0,0,0,0.2531646,0,82.02532,11.64557,0,0
2022-06-26 02:34:17,0,0,0.2506266,0,0,95.2381,4.010025,0.5012531,0
2022-06-26 02:34:16,0,0,0.2493766,0,0,97.25686,2.493766,0,0
2022-06-26 02:34:15,0,0,0,0,0,98.49246,1.2562814,0.2512563,0
2022-06-26 02:34:14,0,0,0,0,0,99.00249,0.7481297,0.2493766,0
2022-06-26 02:34:13,0,0,0.2493766,0.2493766,0,98.25436,1.2468828,0,0
2022-06-26 02:34:12,0,0,0,0,0,99.74937,0.2506266,0,0
2022-06-26 02:34:11,0,0,0,0,0,99.25373,0.4975124,0.2487562,0
2022-06-26 02:34:10,0,0,0.2506266,0,0,97.99499,1.5037594,0.2506266,0
2022-06-26 02:34:09,0,0,0.7537688,0,0,96.98492,2.261307,0,0
2022-06-26 02:34:08,0,0,0.9975062,0.2493766,0,96.50873,1.995012,0.2493766,0
2022-06-26 02:34:07,0,0,0.25,0.25,0,97.75,1.5,0.25,0
2022-06-26 02:34:06,0,0,0.5012531,0,0,98.74687,0.7518797,0,0
2022-06-26 02:34:05,0,0,0,0,0,99.25,0.75,0,0
2022-06-26 02:34:04,0,0,0.2493766,0,0,98.00499,1.4962594,0.2493766,0
2022-06-26 02:34:03,0,0,0.7481297,0.4987531,0,96.25935,2.244389,0.2493766,0
2022-06-26 02:34:02,0,0,0.7537688,0,0,95.9799,3.015075,0.2512563,0
2022-06-26 02:34:01,0,0,1.2437811,0.4975124,0,95.27363,2.985075,0,0
2022-06-26 02:34:00,0,0,0.5012531,0,0,97.49373,1.754386,0.2506266,0
2022-06-26 02:33:59,0,0,0.25,0.25,0,98,1.25,0.25,0
2022-06-26 02:33:58,0,0,0.2493766,0,0,98.25436,1.2468828,0.2493766,0
2022-06-26 02:33:57,0,0,0,0,0,98.74372,1.2562814,0,0
2022-06-26 02:33:56,0,0,0.9950249,0.2487562,0,96.0199,2.238806,0.4975124,0
2022-06-26 02:33:55,0,0,1.2531328,0,0,95.2381,3.508772,0,0
2022-06-26 02:33:54,0,0,0.7481297,0.2493766,0,96.25935,1.995012,0.7481297,0
2022-06-26 02:33:53,0,0,0.75,0.25,0,96.25,2.5,0.25,0
2022-06-26 02:33:52,0,0,0.5012531,0,0,98.49624,1.0025063,0,0
2022-06-26 02:33:51,0,0,0,0,0,99,0.75,0.25,0
2022-06-26 02:33:50,0,0,0,0,0,99.25373,0.4975124,0.2487562,0
2022-06-26 02:33:49,0,0,0.7537688,0,0,96.98492,2.261307,0,0
2022-06-26 02:33:48,0,0,1.5037594,0.2506266,0,94.98747,3.007519,0.2506266,0
2022-06-26 02:33:47,0,0,0.9925558,0.248139,0,96.52605,1.985112,0.248139,0
2022-06-26 02:33:46,0,0,0.5,0,0,98,1.25,0.25,0
2022-06-26 02:33:45,0,0,0.5025126,0,0,97.98995,1.5075377,0,0
2022-06-26 02:33:44,0,0,0,0,0,99.25,0.5,0.25,0
2022-06-26 02:33:43,0,0,0.25,0,0,98.25,1.25,0.25,0
2022-06-26 02:33:42,0,0,0.7518797,0,0,97.49373,1.754386,0,0
2022-06-26 02:33:41,0,0,1.2437811,0.4975124,0,95.27363,2.487562,0.4975124,0
2022-06-26 02:33:40,0,0,1.2468828,0,0,95.51122,3.241895,0,0
2022-06-26 02:33:39,0,0,0.5037783,0,0,96.97733,2.518892,0,0
2022-06-26 02:33:38,0,0,0.2487562,0.2487562,0,98.75622,0.2487562,0.2487562,0
2022-06-26 02:33:37,0,0,0,0,0,98.74687,1.0025063,0.2506266,0
2022-06-26 02:33:36,0,0,0,0,0,98.75312,0.9975062,0.2493766,0
2022-06-26 02:33:35,0,0,0.25,0,0,98,1.5,0.25,0
2022-06-26 02:33:34,0,0,1.2531328,0,0,96.2406,2.255639,0.2506266,0
2022-06-26 02:33:33,0,0,1.2468828,0.2493766,0,93.76559,4.488778,0.2493766,0
2022-06-26 02:33:32,0,0,0.7518797,0,0,96.2406,2.756892,0.2506266,0
2022-06-26 02:33:31,0,0,0.4987531,0.2493766,0,96.7581,2.493766,0,0
2022-06-26 02:33:30,0,0,0.2506266,0,0,97.24311,2.255639,0.2506266,0
2022-06-26 02:33:29,0,0,0.2493766,0,0,99.25187,0.4987531,0,0
2022-06-26 02:33:28,0,0,0,0,0,98.75,1,0.25,0
2022-06-26 02:33:27,0,0,0,0.2493766,0,97.00748,2.493766,0.2493766,0
2022-06-26 02:33:26,0,0,1.0025063,0.2506266,0,95.48872,3.258145,0,0
2022-06-26 02:33:25,0,0,1.745636,0,0,94.51372,3.491272,0.2493766,0
2022-06-26 02:33:24,0,0,2,0.25,0,92.5,5,0.25,0
2022-06-26 02:33:23,0,0,1.5,0.25,0,87.75,10.25,0.25,0
2022-06-26 02:33:22,0,0,1,0.25,0,92.5,5.75,0.5,0
2022-06-26 02:33:21,0,0,0.5012531,0,0,91.22807,8.02005,0.2506266,0
2022-06-26 02:33:20,0,0,0.4987531,0,0,94.76309,4.738155,0,0
2022-06-26 02:33:19,0,0,0.2493766,0,0,92.5187,6.733167,0.4987531,0
2022-06-26 02:33:18,0,0,0,0,0,95.48872,4.260652,0.2506266,0
2022-06-26 02:33:17,0,0,0.2506266,0,0,89.72431,9.774436,0.2506266,0
2022-06-26 02:33:16,0,0,0,0.2518892,0,89.67254,7.808564,0.2518892,0
2022-06-26 02:33:15,0,0,0.25,0,0,85.75,10.75,0.25,0
2022-06-26 02:33:14,0,0,0.2512563,0,0,95.22613,3.768844,0.5025126,0
2022-06-26 02:33:13,0,0,0,0,0,99.25,0.75,0,0
2022-06-26 02:33:12,0,0,0,0,0,99,0.75,0.25,0
2022-06-26 02:33:11,0,0,0.25,0,0,98.5,1.25,0,0
2022-06-26 02:33:10,0,0,0,0,0,98.99749,0.7518797,0.2506266,0
2022-06-26 02:33:09,0,0,0,0,0,99.25,0.5,0.25,0
2022-06-26 02:33:08,0,0,0,0,0,99.25187,0.4987531,0.2493766,0
2022-06-26 02:33:07,0,0,0.2506266,0,0,97.74436,2.005013,0,0
2022-06-26 02:33:06,0,0,0.75,0,0,96.5,2.25,0.5,0
2022-06-26 02:33:05,0,0,1.2468828,0.4987531,0,96.25935,1.995012,0,0
2022-06-26 02:33:04,0,0,0.5,0,0,96.75,2.25,0.5,0
2022-06-26 02:33:03,0,0,0.2493766,0,0,98.75312,0.4987531,0.4987531,0
2022-06-26 02:33:02,0,0,0,0,0,99.74874,0.2512563,0,0
2022-06-26 02:33:01,0,0,0,0,0,99,0.75,0.25,0
2022-06-26 02:33:00,0,0,0.9950249,0.2487562,0,96.76617,1.741294,0.2487562,0
2022-06-26 02:32:59,0,0,1.0050251,0.5025126,0,96.23116,2.261307,0,0
2022-06-26 02:32:58,0,0,1.0025063,0,0,95.2381,3.508772,0.2506266,0
2022-06-26 02:32:57,0,0,0.4987531,0.2493766,0,97.50623,1.4962594,0.2493766,0
2022-06-26 02:32:56,0,0,0.25,0,0,99,0.75,0,0
2022-06-26 02:32:55,0,0,0,0,0,99.49875,0.5012531,0,0
2022-06-26 02:32:54,0,0,0.2487562,0.2487562,0,98.00995,1.2437811,0.2487562,0
2022-06-26 02:32:53,0,0,0.7537688,0,0,97.23618,1.758794,0.2512563,0
2022-06-26 02:32:52,0,0,1.2437811,0.2487562,0,95.02488,2.985075,0.4975124,0
2022-06-26 02:32:51,0,0,1.5037594,0.2506266,0,95.73935,2.506266,0,0
2022-06-26 02:32:50,0,0,0.5,0,0,97.75,1.5,0.25,0
2022-06-26 02:32:49,0,0,0,0,0,98.99749,0.7518797,0.2506266,0
2022-06-26 02:32:48,0,0,0,0,0,98.75622,0.9950249,0.2487562,0
2022-06-26 02:32:47,0,0,0.2506266,0.2506266,0,98.24561,1.2531328,0,0
2022-06-26 02:32:46,0,0,1.0025063,0,0,96.49123,2.255639,0.2506266,0
2022-06-26 02:32:45,0,0,1,0,0,96,2.75,0.25,0
2022-06-26 02:32:44,0,0,1,0.25,0,95.5,2.75,0.5,0
2022-06-26 02:32:43,0,0,0.4987531,0,0,97.75561,1.4962594,0.2493766,0
2022-06-26 02:32:42,0,0,0,0.25,0,98.5,1,0.25,0
2022-06-26 02:32:41,0,0,0.25,0,0,99.25,0.5,0,0
2022-06-26 02:32:40,0,0,0.5,0.25,0,97.5,1.5,0.25,0
2022-06-26 02:32:39,0,0,0.75,0.25,0,96.5,2.5,0,0
2022-06-26 02:32:38,0,0,1,0,0,96.75,2,0.25,0
2022-06-26 02:32:37,0,0,1.4925373,0.2487562,0,94.77612,3.233831,0.2487562,0
2022-06-26 02:32:36,0,0,0.2512563,0.2512563,0,97.73869,1.5075377,0.2512563,0
2022-06-26 02:32:35,0,0,0.25,0,0,98.25,1.5,0,0
2022-06-26 02:32:34,0,0,0,0,0,98.99497,0.7537688,0.2512563,0
2022-06-26 02:32:33,0,0,0.4975124,0,0,95.52239,3.731343,0.2487562,0
2022-06-26 02:32:32,0,0,0.5,0.25,0,97.25,1.5,0.5,0
2022-06-26 02:32:31,0,0,1,0.25,0,94.5,4.25,0,0
2022-06-26 02:32:30,0,0,0.7462687,0.2487562,0,95.52239,3.233831,0.2487562,0
2022-06-26 02:32:29,0,0,1.0025063,0.2506266,0,95.98997,2.506266,0.2506266,0
2022-06-26 02:32:28,0,0,0.5012531,0.2506266,0,97.99499,1.2531328,0,0
2022-06-26 02:32:27,0,0,0,0,0,98.49624,1.2531328,0.2506266,0
2022-06-26 02:32:26,0,0,0.25,0,0,99,0.75,0,0
2022-06-26 02:32:25,0,0,0.4962779,0.248139,0,96.77419,1.985112,0.4962779,0
2022-06-26 02:32:24,0,0,1,0.25,0,94.75,4,0,0
2022-06-26 02:32:23,0,0,0.7518797,0,0,94.98747,4.010025,0.2506266,0
2022-06-26 02:32:22,0,0,1.0025063,0.2506266,0,93.23308,5.012531,0.5012531,0
2022-06-26 02:32:21,0,0,1.25,0,0,94.5,4.25,0,0
2022-06-26 02:32:20,0,0,1.2437811,0.2487562,0,91.04478,7.21393,0.2487562,0
2022-06-26 02:32:19,0,0,0.7518797,0,0,93.98496,5.012531,0.2506266,0
2022-06-26 02:32:18,0,0,0.7537688,0,0,93.96985,4.773869,0.5025126,0
2022-06-26 02:32:17,0,0,0.4975124,0.2487562,0,90.54726,8.208955,0.4975124,0
2022-06-26 02:32:16,0,0,0.2493766,0.2493766,0,91.27182,7.23192,0.7481297,0
2022-06-26 02:32:15,0,0,0,0,0,95.72864,4.271357,0,0
2022-06-26 02:32:14,0,0,0.2487562,0,0,92.78607,6.467662,0.4975124,0
2022-06-26 02:32:13,0,0,0,0,0,89.94975,9.547739,0,0
2022-06-26 02:32:12,0,0,0.25,0,0,92.25,7,0.5,0
2022-06-26 02:32:11,0,0,0,0.2506266,0,95.98997,3.759398,0,0
2022-06-26 02:32:10,0,0,0.25,0.25,0,96.25,2.75,0.25,0
2022-06-26 02:32:09,0,0,0,0,0,98.75,1,0.25,0
2022-06-26 02:32:08,0,0,0,0,0,98.5,1.25,0.25,0
2022-06-26 02:32:07,0,0,0.2493766,0,0,99.00249,0.4987531,0.2493766,0
2022-06-26 02:32:06,0,0,0.2506266,0.2506266,0,98.24561,1.2531328,0,0
2022-06-26 02:32:05,0,0,0.25,0,0,98.5,1.25,0,0
2022-06-26 02:32:04,0,0,0.75,0,0,97.25,1.75,0.25,0
2022-06-26 02:32:03,0,0,0.75,0,0,96.5,2.5,0.25,0
2022-06-26 02:32:02,0,0,0.25,0.25,0,97.75,1.5,0.25,0
2022-06-26 02:32:01,0,0,0.7481297,0,0,96.7581,2.244389,0.2493766,0
2022-06-26 02:32:00,0,0,0.2506266,0,0,98.49624,1.2531328,0,0
2022-06-26 02:31:59,0,0,0.4987531,0,0,97.75561,1.4962594,0.2493766,0
2022-06-26 02:31:58,0,0,0.7518797,0.2506266,0,96.2406,2.506266,0.2506266,0
2022-06-26 02:31:57,0,0,0.9975062,0,0,96.50873,2.244389,0.2493766,0
2022-06-26 02:31:56,0,0,0.5012531,0.2506266,0,97.74436,1.5037594,0,0
2022-06-26 02:31:55,0,0,0.7481297,0.2493766,0,97.00748,1.745636,0.2493766,0
2022-06-26 02:31:54,0,0,0.4987531,0,0,97.50623,1.745636,0.2493766,0
2022-06-26 02:31:53,0,0,0.2512563,0,0,98.99497,0.7537688,0,0
2022-06-26 02:31:52,0,0,0.5,0.25,0,97.75,1.5,0,0
2022-06-26 02:31:51,0,0,0.7518797,0,0,96.99248,2.005013,0.2506266,0
2022-06-26 02:31:50,0,0,1.25,0.25,0,95.75,2.5,0.25,0
2022-06-26 02:31:49,0,0,0.9950249,0.2487562,0,95.77114,2.736318,0.2487562,0
2022-06-26 02:31:48,0,0,0.2506266,0.2506266,0,98.49624,0.7518797,0.2506266,0
2022-06-26 02:31:47,0,0,0.4987531,0.2493766,0,97.50623,1.4962594,0.2493766,0
2022-06-26 02:31:46,0,0,0,0,0,98.50374,0.9975062,0.4987531,0
2022-06-26 02:31:45,0,0,0.7518797,0,0,97.99499,1.2531328,0,0
2022-06-26 02:31:44,0,0,1.2531328,0.2506266,0,95.48872,2.756892,0.2506266,0
2022-06-26 02:31:43,0,0,1.4925373,0,0,95.52239,2.985075,0,0
2022-06-26 02:31:42,0,0,0.2512563,0.5025126,0,97.73869,1.5075377,0,0
2022-06-26 02:31:41,0,0,0.4962779,0,0,97.51861,1.4888337,0.4962779,0
2022-06-26 02:31:40,0,0,0,0,0,99.49622,0.5037783,0,0
2022-06-26 02:31:39,0,0,0.25,0,0,98.75,1,0,0
2022-06-26 02:31:38,0,0,0.4987531,0.2493766,0,97.00748,1.745636,0.4987531,0
2022-06-26 02:31:37,0,0,1.4962594,0.2493766,0,95.01247,2.992519,0.2493766,0
2022-06-26 02:31:36,0,0,1.2594458,0.2518892,0,94.71033,3.526448,0.2518892,0
2022-06-26 02:31:35,0,0,0.2493766,0.2493766,0,97.75561,1.745636,0,0
2022-06-26 02:31:34,0,0,0.5,0,0,98.25,1,0.25,0
2022-06-26 02:31:33,0,0,0,0,0,98.49624,1.2531328,0.2506266,0
2022-06-26 02:31:32,0,0,0,0,0,99,1,0,0
2022-06-26 02:31:31,0,0,0.4987531,0.2493766,0,97.00748,1.995012,0.2493766,0
2022-06-26 02:31:30,0,0,0.9975062,0.2493766,0,94.26434,4.239401,0.2493766,0
2022-06-26 02:31:29,0,0,1.5037594,0.5012531,0,92.23058,5.764411,0,0
2022-06-26 02:31:28,0,0,0.75,0.25,0,95.5,3.25,0.25,0
2022-06-26 02:31:27,0,0,0.4987531,0.2493766,0,96.25935,2.743142,0.2493766,0
2022-06-26 02:31:26,0,0,0.2506266,0,0,98.74687,1.0025063,0,0
2022-06-26 02:31:25,0,0,0.4987531,0,0,98.75312,0.4987531,0.2493766,0
2022-06-26 02:31:24,0,0,0.5,0,0,96.75,2.75,0,0
2022-06-26 02:31:23,0,0,0.5,0.25,0,95.75,3.25,0.25,0
2022-06-26 02:31:22,0,0,0.7481297,0.2493766,0,96.7581,2.244389,0,0
2022-06-26 02:31:21,0,0,1.25,0.5,0,93,5,0.25,0
2022-06-26 02:31:20,0,0,1.5,0.25,0,92,6,0.25,0
2022-06-26 02:31:19,0,0,1.754386,0,0,90.47619,7.518797,0.2506266,0
2022-06-26 02:31:18,0,0,0.7537688,0.2512563,0,91.9598,6.78392,0.2512563,0
2022-06-26 02:31:17,0,0,0.4962779,0.248139,0,93.05211,5.955335,0.248139,0
2022-06-26 02:31:16,0,0,0.2512563,0,0,93.96985,5.527638,0.2512563,0
2022-06-26 02:31:15,0,0,0.2493766,0,0,96.00998,3.491272,0.2493766,0
2022-06-26 02:31:14,0,0,0,0.4987531,0,90.27431,8.478803,0.7481297,0
2022-06-26 02:31:13,0,0,0.2512563,0,0,93.71859,5.778894,0.2512563,0
2022-06-26 02:31:12,0,0,0,0.25,0,88.75,8.5,0.25,0
2022-06-26 02:31:11,0,0,0.2506266,0,0,85.21303,9.022556,0,0
2022-06-26 02:31:10,0,0,0.2512563,0,0,96.73367,3.015075,0,0
2022-06-26 02:31:09,0,0,0,0,0,98.5,1.25,0.25,0
2022-06-26 02:31:08,0,0,0.2493766,0.2493766,0,97.50623,1.745636,0.2493766,0
2022-06-26 02:31:07,0,0,0,0,0,99.74937,0.2506266,0,0
2022-06-26 02:31:06,0,0,0,0,0,99.5,0.5,0,0
2022-06-26 02:31:05,0,0,0,0,0,98.75,1.25,0,0
2022-06-26 02:31:04,0,0,0.25,0,0,97.75,2,0,0
2022-06-26 02:31:03,0,0,0.75,0,0,97,1.75,0.5,0
2022-06-26 02:31:02,0,0,0.4975124,0.4975124,0,96.51741,2.238806,0.2487562,0
2022-06-26 02:31:01,0,0,1.0025063,0.5012531,0,96.49123,2.005013,0,0
2022-06-26 02:31:00,0,0,0.5,0,0,99,0.5,0,0
2022-06-26 02:30:59,0,0,0,0,0,98.25436,1.4962594,0.2493766,0
2022-06-26 02:30:58,0,0,0,0,0,99.24623,0.5025126,0.2512563,0
2022-06-26 02:30:57,0,0,0.4975124,0,0,98.00995,1.2437811,0.2487562,0
2022-06-26 02:30:56,0,0,1.0050251,0,0,95.22613,3.517588,0.2512563,0
2022-06-26 02:30:55,0,0,1.5,0,0,96,2.25,0.25,0
2022-06-26 02:30:54,0,0,0.7462687,0,0,97.51244,1.4925373,0.2487562,0
2022-06-26 02:30:53,0,0,0.2506266,0.2506266,0,98.24561,1.0025063,0.2506266,0
2022-06-26 02:30:52,0,0,0.25,0.25,0,98,1.25,0.25,0
2022-06-26 02:30:51,0,0,0,0,0,99.74937,0.2506266,0,0
2022-06-26 02:30:50,0,0,0.4987531,0,0,97.75561,1.4962594,0.2493766,0
2022-06-26 02:30:49,0,0,1.2531328,0.2506266,0,95.73935,2.756892,0,0
2022-06-26 02:30:48,0,0,1.5037594,0.2506266,0,95.48872,2.506266,0.2506266,0
2022-06-26 02:30:47,0,0,0.7444169,0.248139,0,96.77419,1.985112,0.248139,0
2022-06-26 02:30:46,0,0,0.2518892,0,0,97.98489,1.763224,0,0
2022-06-26 02:30:45,0,0,0.2475248,0.2475248,0,98.51485,0.7425743,0.2475248,0
2022-06-26 02:30:44,0,0,0,0,0,99.49875,0.2506266,0.2506266,0
2022-06-26 02:30:43,0,0,0.75,0.25,0,97.25,1.5,0.25,0
2022-06-26 02:30:42,0,0,1.0050251,0.2512563,0,95.9799,2.512563,0.2512563,0
2022-06-26 02:30:41,0,0,1.4962594,0.4987531,0,94.51372,3.241895,0.2493766,0
2022-06-26 02:30:40,0,0,0.7462687,0.2487562,0,96.51741,2.238806,0.2487562,0
2022-06-26 02:30:39,0,0,0,0,0,98.74055,1.2594458,0,0
2022-06-26 02:30:38,0,0,0,0,0,99.50125,0.2493766,0.2493766,0
2022-06-26 02:30:37,0,0,0.25,0,0,98.5,1,0.25,0
2022-06-26 02:30:36,0,0,0.25,0,0,98.25,1,0.5,0
2022-06-26 02:30:35,0,0,1.25,0.5,0,95,3,0.25,0
2022-06-26 02:30:34,0,0,1.4962594,0.2493766,0,92.76808,5.236908,0.2493766,0
2022-06-26 02:30:33,0,0,0.7537688,0,0,96.98492,2.01005,0.2512563,0
2022-06-26 02:30:32,0,0,0.2487562,0,0,99.25373,0.2487562,0.2487562,0
2022-06-26 02:30:31,0,0,0,0,0,99.24812,0.5012531,0.2506266,0
2022-06-26 02:30:30,0,0,0,0,0,99.5,0.25,0.25,0
2022-06-26 02:30:29,0,0,0.2493766,0,0,98.50374,1.2468828,0,0
2022-06-26 02:30:28,0,0,0.75,0,0,96.5,2.5,0.25,0
2022-06-26 02:30:27,0,0,1.2531328,0.2506266,0,94.23559,4.010025,0.2506266,0
2022-06-26 02:30:26,0,0,1.2437811,0,0,95.77114,2.487562,0.4975124,0
2022-06-26 02:30:25,0,0,1.0050251,0.2512563,0,96.23116,2.512563,0,0
2022-06-26 02:30:24,0,0,0.4987531,0,0,97.50623,1.745636,0.2493766,0
2022-06-26 02:30:23,0,0,0,0,0,99.49749,0.5025126,0,0
2022-06-26 02:30:22,0,0,0,0,0,99.25187,0.4987531,0.2493766,0
2022-06-26 02:30:21,0,0,0.25,0.25,0,98.25,1,0.25,0
2022-06-26 02:30:20,0,0,0.5012531,0,0,98.24561,1.0025063,0.2506266,0
2022-06-26 02:30:19,0,0,1.2406948,0.248139,0,92.80397,5.210918,0.4962779,0
2022-06-26 02:30:18,0,0,1.75,0.25,0,90.75,7,0.25,0
2022-06-26 02:30:17,0,0,2,0.75,0,90.5,6.25,0.5,0
2022-06-26 02:30:16,0,0,1.2531328,0,0,91.4787,7.26817,0,0
2022-06-26 02:30:15,0,0,0.4987531,0,0,90.27431,8.977556,0.2493766,0
2022-06-26 02:30:14,0,0,0,0,0,96.25,3.5,0.25,0
2022-06-26 02:30:13,0,0,0,0,0,96.73367,3.015075,0.2512563,0
2022-06-26 02:30:12,0,0,0,0,0,93.01746,6.733167,0.2493766,0
2022-06-26 02:30:11,0,0,0,0.2493766,0,93.26683,6.234414,0.2493766,0
2022-06-26 02:30:10,0,0,0,0,0,91.68766,8.060453,0.2518892,0
2022-06-26 02:30:09,0,0,0.2506266,0.5012531,0,55.38847,11.027569,0.5012531,0
2022-06-26 02:30:08,0,0,0.2512563,0,0,92.46231,5.276382,0.5025126,0
2022-06-26 02:30:07,0,0,0,0,0,99.5,0.5,0,0
2022-06-26 02:30:06,0,0,0.2512563,0.2512563,0,98.99497,0.5025126,0,0
2022-06-26 02:30:05,0,0,0,0,0,97.75,2,0.25,0
2022-06-26 02:30:04,0,0,0,0,0,99.5,0.25,0.25,0
2022-06-26 02:30:03,0,0,0,0,0,99.5,0.5,0,0
2022-06-26 02:30:02,0,0,0.2487562,0.2487562,0,98.00995,0.9950249,0.4975124,0
2022-06-26 02:30:01,0,0,0,0,0,98.99497,1.0050251,0,0
2022-06-26 02:30:00,0,0,0.7481297,0.2493766,0,97.25686,1.4962594,0.2493766,0
2022-06-26 02:29:59,0,0,1,0,0,95.75,3,0.25,0
2022-06-26 02:29:58,0,0,0.75,0.25,0,96.75,2,0.25,0
2022-06-26 02:29:57,0,0,0.5,0.25,0,97.75,1.25,0.25,0
2022-06-26 02:29:56,0,0,0,0,0,98.49624,1.5037594,0,0
2022-06-26 02:29:55,0,0,0,0,0,99.25373,0.4975124,0.2487562,0
2022-06-26 02:29:54,0,0,0.7518797,0.2506266,0,97.24311,1.5037594,0.2506266,0
2022-06-26 02:29:53,0,0,0.75,0.25,0,95,3.5,0.5,0
2022-06-26 02:29:52,0,0,1.2531328,0,0,96.2406,2.005013,0.5012531,0
2022-06-26 02:29:51,0,0,0.7481297,0,0,97.00748,2.244389,0,0
2022-06-26 02:29:50,0,0,0.2506266,0,0,98.49624,1.2531328,0,0
2022-06-26 02:29:49,0,0,0.2487562,0.2487562,0,98.75622,0.2487562,0.4975124,0
2022-06-26 02:29:48,0,0,0,0,0,99.24623,0.7537688,0,0
2022-06-26 02:29:47,0,0,0.9975062,0.2493766,0,96.00998,2.743142,0,0
2022-06-26 02:29:46,0,0,1.25,0,0,96.25,2.25,0.25,0
2022-06-26 02:29:45,0,0,0.75,0.5,0,96,2.5,0.25,0
2022-06-26 02:29:44,0,0,0.75,0,0,96.75,2.25,0.25,0
2022-06-26 02:29:43,0,0,0.5,0.25,0,97.5,1.5,0.25,0
2022-06-26 02:29:42,0,0,0.25,0.25,0,98.5,1,0,0
2022-06-26 02:29:41,0,0,0,0,0,98.99749,0.7518797,0.2506266,0
2022-06-26 02:29:40,0,0,0.7481297,0,0,98.00499,1.2468828,0,0
2022-06-26 02:29:39,0,0,1.2531328,0.2506266,0,95.98997,2.255639,0.2506266,0
2022-06-26 02:29:38,0,0,1.2468828,0.2493766,0,95.26185,2.992519,0.2493766,0
2022-06-26 02:29:37,0,0,0.4987531,0,0,97.50623,1.745636,0.2493766,0
2022-06-26 02:29:36,0,0,0.5012531,0.2506266,0,96.99248,2.255639,0,0
2022-06-26 02:29:35,0,0,0,0,0,98.74687,1.0025063,0.2506266,0
2022-06-26 02:29:34,0,0,0.4987531,0,0,98.25436,0.9975062,0.2493766,0
2022-06-26 02:29:33,0,0,0.5,0.25,0,97.5,1.25,0.5,0
2022-06-26 02:29:32,0,0,0.7444169,0.248139,0,97.02233,1.736973,0.248139,0
2022-06-26 02:29:31,0,0,1.763224,0.2518892,0,94.45844,3.274559,0.2518892,0
2022-06-26 02:29:30,0,0,0.75,0.25,0,95.75,3.25,0,0
2022-06-26 02:29:29,0,0,0.2512563,0,0,98.49246,1.2562814,0,0
2022-06-26 02:29:28,0,0,0.2487562,0,0,98.25871,1.2437811,0.2487562,0
2022-06-26 02:29:27,0,0,0,0.25,0,99.5,0.25,0,0
2022-06-26 02:29:26,0,0,0.25,0.25,0,96.75,2.75,0,0
2022-06-26 02:29:25,0,0,0.9975062,0.2493766,0,96.00998,2.493766,0.2493766,0
2022-06-26 02:29:24,0,0,1.2531328,0.2506266,0,95.2381,3.007519,0.2506266,0
2022-06-26 02:29:23,0,0,0.9975062,0,0,95.51122,3.491272,0,0
2022-06-26 02:29:22,0,0,0.75,0.25,0,95,3.5,0.5,0
2022-06-26 02:29:21,0,0,0.2493766,0.2493766,0,98.00499,1.4962594,0,0
2022-06-26 02:29:20,0,0,0,0,0,99.24623,0.5025126,0.2512563,0
2022-06-26 02:29:19,0,0,0,0,0,99.25,0.5,0.25,0
2022-06-26 02:29:18,0,0,0.2493766,0,0,98.00499,1.4962594,0.2493766,0
2022-06-26 02:29:17,0,0,0.4987531,0,0,96.7581,2.493766,0.2493766,0
2022-06-26 02:29:16,0,0,1.2626263,0,0,94.69697,4.040404,0,0
2022-06-26 02:29:15,0,0,1.2437811,0.9950249,0,92.78607,4.726368,0.2487562,0
2022-06-26 02:29:14,0,0,1.754386,0,0,88.97243,9.022556,0.2506266,0
2022-06-26 02:29:13,0,0,1.4962594,0.2493766,0,90.27431,7.481297,0.4987531,0
2022-06-26 02:29:12,0,0,1.0050251,0.2512563,0,90.45226,8.291457,0,0
2022-06-26 02:29:11,0,0,0.4962779,0,0,91.56328,7.444169,0.4962779,0
2022-06-26 02:29:10,0,0,0,0,0,96.75,3.25,0,0
2022-06-26 02:29:09,0,0,0,0.25,0,94.5,4.75,0.25,0
2022-06-26 02:29:08,0,0,0,0,0,91.72932,7.26817,0.2506266,0
2022-06-26 02:29:07,0,0,0,0.25,0,91.25,7.25,0.5,0
2022-06-26 02:29:06,0,0,0.2512563,0,0,87.43719,11.055276,0,0
2022-06-26 02:29:05,0,0,0,0.4987531,0,84.28928,5.735661,0.2493766,0
2022-06-26 02:29:04,0,0,0.25,0,0,98,1.75,0,0
2022-06-26 02:29:03,0,0,0,0.25,0,98.5,1,0.25,0
2022-06-26 02:29:02,0,0,0.2487562,0,0,97.51244,1.741294,0.4975124,0
2022-06-26 02:29:01,0,0,0,0,0,99.49749,0.5025126,0,0
2022-06-26 02:29:00,0,0,0,0,0,99.24812,0.7518797,0,0
2022-06-26 02:28:59,0,0,0,0.2493766,0,98.50374,0.9975062,0.2493766,0
2022-06-26 02:28:58,0,0,0.25,0.25,0,98,1,0.5,0
2022-06-26 02:28:57,0,0,0.7462687,0.4975124,0,97.01493,1.4925373,0.2487562,0
2022-06-26 02:28:56,0,0,0.9950249,0.2487562,0,94.77612,3.731343,0.2487562,0
2022-06-26 02:28:55,0,0,0.7556675,0,0,97.733,1.511335,0,0
2022-06-26 02:28:54,0,0,0,0,0,99.24812,0.7518797,0,0
2022-06-26 02:28:53,0,0,0,0,0,99,0.75,0.25,0
2022-06-26 02:28:52,0,0,0,0,0,98.75,1.25,0,0
2022-06-26 02:28:51,0,0,0.7481297,0.2493766,0,97.50623,1.2468828,0.2493766,0
2022-06-26 02:28:50,0,0,1,0.25,0,95.5,2.75,0.5,0
2022-06-26 02:28:49,0,0,1.2531328,0,0,96.99248,1.754386,0,0
2022-06-26 02:28:48,0,0,0.7462687,0,0,96.76617,1.99005,0.4975124,0
2022-06-26 02:28:47,0,0,0.2506266,0,0,97.74436,2.005013,0,0
2022-06-26 02:28:46,0,0,0,0,0,98.99749,0.7518797,0.2506266,0
2022-06-26 02:28:45,0,0,0.4987531,0.2493766,0,98.00499,0.9975062,0.2493766,0
2022-06-26 02:28:44,0,0,1,0,0,96.75,2,0.25,0
2022-06-26 02:28:43,0,0,0.7518797,0,0,94.98747,4.010025,0.2506266,0
2022-06-26 02:28:42,0,0,1.2468828,0.2493766,0,95.51122,2.743142,0.2493766,0
2022-06-26 02:28:41,0,0,0.75,0.25,0,96.25,2.5,0.25,0
2022-06-26 02:28:40,0,0,0.5,0,0,98.25,0.75,0.5,0
2022-06-26 02:28:39,0,0,0,0,0,99,0.5,0.5,0
2022-06-26 02:28:38,0,0,0.25,0,0,98.25,1.5,0,0
2022-06-26 02:28:37,0,0,0.7462687,0.2487562,0,96.26866,2.238806,0.4975124,0
2022-06-26 02:28:36,0,0,1.0075567,0,0,96.47355,2.518892,0,0
2022-06-26 02:28:35,0,0,1.2468828,0.2493766,0,95.7606,2.244389,0.4987531,0
2022-06-26 02:28:34,0,0,1,0,0,96.5,2.25,0.25,0
2022-06-26 02:28:33,0,0,0.2487562,0,0,98.50746,0.7462687,0.4975124,0
2022-06-26 02:28:32,0,0,0,0,0,99.24433,0.7556675,0,0
2022-06-26 02:28:31,0,0,0.2506266,0,0,98.49624,1.0025063,0.2506266,0
2022-06-26 02:28:30,0,0,0.7481297,0,0,97.50623,1.745636,0,0
2022-06-26 02:28:29,0,0,0.9975062,0.4987531,0,95.51122,2.493766,0.4987531,0
2022-06-26 02:28:28,0,0,1,0,0,94.25,4.5,0.25,0
2022-06-26 02:28:27,0,0,1,0.25,0,95.75,3,0,0
2022-06-26 02:28:26,0,0,0.4987531,0,0,97.50623,1.745636,0.2493766,0
2022-06-26 02:28:25,0,0,0,0,0,98.49246,1.2562814,0.2512563,0
2022-06-26 02:28:24,0,0,0.4987531,0,0,99.00249,0.2493766,0.2493766,0
2022-06-26 02:28:23,0,0,0.4975124,0.2487562,0,97.76119,1.2437811,0.2487562,0
2022-06-26 02:28:22,0,0,0.7556675,0,0,95.71788,3.274559,0.2518892,0
2022-06-26 02:28:21,0,0,1.2468828,0,0,95.01247,3.491272,0.2493766,0
2022-06-26 02:28:20,0,0,0.75,0,0,95.5,3.75,0,0
2022-06-26 02:28:19,0,0,0.9950249,0,0,96.26866,2.487562,0.2487562,0
2022-06-26 02:28:18,0,0,0.2518892,0,0,97.48111,2.015113,0.2518892,0
2022-06-26 02:28:17,0,0,0.2493766,0.2493766,0,98.75312,0.4987531,0.2493766,0
2022-06-26 02:28:16,0,0,0,0,0,98.75,1,0.25,0
2022-06-26 02:28:15,0,0,0.25,0,0,98.25,1.5,0,0
2022-06-26 02:28:14,0,0,0.75,0.25,0,95.75,3,0.25,0
2022-06-26 02:28:13,0,0,0.9975062,0.2493766,0,96.00998,2.743142,0,0
2022-06-26 02:28:12,0,0,1.25,0.25,0,93.25,5,0.25,0
2022-06-26 02:28:11,0,0,1.5,0,0,91.75,6.75,0,0
2022-06-26 02:28:10,0,0,1.2531328,0.5012531,0,90.97744,6.766917,0.5012531,0
2022-06-26 02:28:09,0,0,0.9975062,0,0,90.02494,8.977556,0,0
2022-06-26 02:28:08,0,0,0,0.25,0,93.75,5.5,0.25,0
2022-06-26 02:28:07,0,0,0,0.2493766,0,95.7606,3.740648,0.2493766,0
2022-06-26 02:28:06,0,0,0.2493766,0,0,94.26434,5.236908,0.2493766,0
2022-06-26 02:28:05,0,0,0,0,0,91.70854,8.040201,0.2512563,0
2022-06-26 02:28:04,0,0,0,0,0,92.73183,7.017544,0.2506266,0
2022-06-26 02:28:03,0,0,0.2487562,0.4975124,0,88.30846,8.706468,0.2487562,0
2022-06-26 02:28:02,0,0,0.2493766,0.7481297,0,82.29426,4.239401,0.2493766,0.2493766
2022-06-26 02:28:01,0,0,0,0,0,98.5,1.25,0.25,0
2022-06-26 02:28:00,0,0,0,0,0,99.24812,0.5012531,0.2506266,0
2022-06-26 02:27:59,0,0,0.5012531,0,0,97.99499,1.5037594,0,0
2022-06-26 02:27:58,0,0,0,0,0,99,0.75,0.25,0
2022-06-26 02:27:57,0,0,0,0,0,98.75622,0.9950249,0.2487562,0
2022-06-26 02:27:56,0,0,0.5025126,0,0,97.48744,1.758794,0.2512563,0
2022-06-26 02:27:55,0,0,0.75,0.25,0,97.75,1,0.25,0
2022-06-26 02:27:54,0,0,0.5,0,0,97.25,2.25,0,0
2022-06-26 02:27:53,0,0,0.5,0,0,97.25,2,0.25,0
2022-06-26 02:27:52,0,0,0.7462687,0,0,96.26866,2.736318,0.2487562,0
2022-06-26 02:27:51,0,0,0.2512563,0,0,98.74372,1.0050251,0,0
2022-06-26 02:27:50,0,0,0,0,0,99.00249,0.7481297,0.2493766,0
2022-06-26 02:27:49,0,0,0.5012531,0.2506266,0,97.49373,1.5037594,0.2506266,0
2022-06-26 02:27:48,0,0,0.9975062,0.2493766,0,96.7581,1.4962594,0.4987531,0
2022-06-26 02:27:47,0,0,1.0025063,0,0,96.2406,2.756892,0,0
2022-06-26 02:27:46,0,0,0.9975062,0.2493766,0,96.25935,1.745636,0.7481297,0
2022-06-26 02:27:45,0,0,0.5,0,0,97.75,1.75,0,0
2022-06-26 02:27:44,0,0,0,0,0,98.50746,0.9950249,0.4975124,0
2022-06-26 02:27:43,0,0,0,0,0,99.49622,0.5037783,0,0
2022-06-26 02:27:42,0,0,0.4975124,0,0,98.50746,0.9950249,0,0
2022-06-26 02:27:41,0,0,0.7537688,0.2512563,0,96.23116,2.763819,0,0
2022-06-26 02:27:40,0,0,1.5,0.25,0,95.5,2.5,0.25,0
2022-06-26 02:27:39,0,0,0.7462687,0,0,97.01493,1.99005,0.2487562,0
2022-06-26 02:27:38,0,0,0.7481297,0.2493766,0,97.00748,1.995012,0,0
2022-06-26 02:27:37,0,0,0.2518892,0.2518892,0,99.24433,0.2518892,0,0
2022-06-26 02:27:36,0,0,0,0,0,98.75312,0.9975062,0.2493766,0
2022-06-26 02:27:35,0,0,0.2506266,0,0,97.74436,2.005013,0,0
2022-06-26 02:27:34,0,0,1.2468828,0.2493766,0,97.25686,0.9975062,0.2493766,0
2022-06-26 02:27:33,0,0,1.25,0.25,0,95.75,2.5,0.25,0
2022-06-26 02:27:32,0,0,1.0025063,0.2506266,0,95.2381,3.258145,0.2506266,0
2022-06-26 02:27:31,0,0,0.25,0,0,98.5,1,0.25,0
2022-06-26 02:27:30,0,0,0.2493766,0,0,99.25187,0.2493766,0.2493766,0
2022-06-26 02:27:29,0,0,0,0,0,98.75,1.25,0,0
2022-06-26 02:27:28,0,0,0.4975124,0.2487562,0,98.00995,0.9950249,0.2487562,0
2022-06-26 02:27:27,0,0,1.0050251,0.2512563,0,96.98492,1.5075377,0.2512563,0
2022-06-26 02:27:26,0,0,1.25,0.25,0,95.25,3,0.25,0
2022-06-26 02:27:25,0,0,0.75,0.25,0,96.5,2.5,0,0
2022-06-26 02:27:24,0,0,0.7518797,0.2506266,0,96.74185,2.005013,0.2506266,0
2022-06-26 02:27:23,0,0,0.25,0,0,98.75,0.75,0.25,0
2022-06-26 02:27:22,0,0,0,0,0,98.5,1.5,0,0
2022-06-26 02:27:21,0,0,0.2493766,0.2493766,0,98.25436,0.9975062,0.2493766,0
2022-06-26 02:27:20,0,0,0.9950249,0,0,95.02488,3.731343,0.2487562,0
2022-06-26 02:27:19,0,0,1.0050251,0.2512563,0,95.47739,3.266332,0,0
2022-06-26 02:27:18,0,0,0.75,0.25,0,96,2.75,0.25,0
2022-06-26 02:27:17,0,0,0.7518797,0,0,95.73935,3.508772,0,0
2022-06-26 02:27:16,0,0,0.7481297,0.4987531,0,96.25935,2.244389,0.2493766,0
2022-06-26 02:27:15,0,0,0,0,0,98.49624,1.2531328,0.2506266,0
2022-06-26 02:27:14,0,0,0.2493766,0,0,99.25187,0.2493766,0.2493766,0
2022-06-26 02:27:13,0,0,0.2487562,0,0,97.76119,1.741294,0,0
2022-06-26 02:27:12,0,0,0.5,0,0,97,2.25,0.25,0
2022-06-26 02:27:11,0,0,1.0050251,0.5025126,0,93.21608,5.276382,0,0
2022-06-26 02:27:10,0,0,1.995012,0.4987531,0,92.26933,4.987531,0.2493766,0
2022-06-26 02:27:09,0,0,1.0025063,0,0,88.97243,9.774436,0.2506266,0
2022-06-26 02:27:08,0,0,1.25,0.25,0,92.5,5.75,0.25,0
2022-06-26 02:27:07,0,0,0.7481297,0.4987531,0,92.5187,5.985037,0.2493766,0
2022-06-26 02:27:06,0,0,0.75,0.25,0,92,6.75,0.25,0
2022-06-26 02:27:05,0,0,0,0,0,94.01496,5.985037,0,0
2022-06-26 02:27:04,0,0,0,0,0,94.23559,5.012531,0.7518797,0
2022-06-26 02:27:03,0,0,0.2493766,0,0,91.5212,7.730673,0.4987531,0
2022-06-26 02:27:02,0,0,0,0,0,92.25,7.5,0.25,0
2022-06-26 02:27:01,0,0,0,0.2506266,0,91.72932,7.518797,0.2506266,0
2022-06-26 02:27:00,0,0,0.2493766,0.2493766,0,89.77556,6.483791,0.2493766,0
2022-06-26 02:26:59,0,0,0,0.25,0,97,2,0.25,0
2022-06-26 02:26:58,0,0,0,0.2506266,0,98.24561,1.2531328,0.2506266,0
2022-06-26 02:26:57,0,0,0.25,0,0,99,0.75,0,0
2022-06-26 02:26:56,0,0,0,0,0,98.74687,1.0025063,0.2506266,0
2022-06-26 02:26:55,0,0,0,0.25,0,99.25,0.5,0,0
2022-06-26 02:26:54,0,0,0,0,0,98.99749,1.0025063,0,0
2022-06-26 02:26:53,0,0,0.7444169,0.248139,0,96.77419,1.736973,0.4962779,0
2022-06-26 02:26:52,0,0,0.7537688,0,0,97.23618,1.758794,0.2512563,0
2022-06-26 02:26:51,0,0,0.2493766,0.2493766,0,98.00499,1.2468828,0.2493766,0
2022-06-26 02:26:50,0,0,1.0025063,0.5012531,0,95.2381,3.007519,0.2506266,0
2022-06-26 02:26:49,0,0,0.2493766,0.2493766,0,98.75312,0.7481297,0,0
2022-06-26 02:26:48,0,0,0,0,0,98.50374,1.2468828,0.2493766,0
2022-06-26 02:26:47,0,0,0,0,0,98.99497,1.0050251,0,0
2022-06-26 02:26:46,0,0,1.2437811,0,0,96.76617,1.4925373,0.4975124,0
2022-06-26 02:26:45,0,0,0.7537688,0.2512563,0,96.23116,2.261307,0.5025126,0
2022-06-26 02:26:44,0,0,0.9950249,0.2487562,0,95.77114,2.736318,0.2487562,0
2022-06-26 02:26:43,0,0,1.0050251,0,0,96.98492,2.01005,0,0
2022-06-26 02:26:42,0,0,0,0,0,99.25,0.75,0,0
2022-06-26 02:26:41,0,0,0,0,0,99.25,0.5,0.25,0
2022-06-26 02:26:40,0,0,0.4975124,0,0,98.00995,0.9950249,0.4975124,0
2022-06-26 02:26:39,0,0,1.0050251,0.2512563,0,95.9799,2.512563,0.2512563,0
2022-06-26 02:26:38,0,0,0.75,0.5,0,96.25,2.5,0,0
2022-06-26 02:26:37,0,0,1.0025063,0,0,96.99248,2.005013,0,0
2022-06-26 02:26:36,0,0,0.7481297,0,0,97.00748,1.995012,0.2493766,0
2022-06-26 02:26:35,0,0,0.2493766,0,0,98.50374,1.2468828,0,0
2022-06-26 02:26:34,0,0,0,0,0,99.24623,0.5025126,0.2512563,0
2022-06-26 02:26:33,0,0,0.4975124,0,0,98.25871,0.9950249,0.2487562,0
2022-06-26 02:26:32,0,0,1.0025063,0.5012531,0,95.48872,2.756892,0.2506266,0
2022-06-26 02:26:31,0,0,0.9975062,0.2493766,0,96.00998,2.743142,0,0
2022-06-26 02:26:30,0,0,0.7518797,0.2506266,0,96.2406,2.005013,0.5012531,0
2022-06-26 02:26:29,0,0,0.5,0,0,97.5,2,0,0
2022-06-26 02:26:28,0,0,0.25,0.25,0,98.5,0.75,0.25,0
2022-06-26 02:26:27,0,0,0.2493766,0,0,99.00249,0.4987531,0.2493766,0
2022-06-26 02:26:26,0,0,0.5012531,0,0,97.49373,1.754386,0.2506266,0
2022-06-26 02:26:25,0,0,1.2468828,0.2493766,0,96.25935,1.995012,0.2493766,0
2022-06-26 02:26:24,0,0,1,0.25,0,96.25,2.25,0.25,0
2022-06-26 02:26:23,0,0,1,0,0,95.5,3.25,0.25,0
2022-06-26 02:26:22,0,0,0.7518797,0.2506266,0,97.49373,1.5037594,0,0
2022-06-26 02:26:21,0,0,0.2493766,0,0,98.75312,0.9975062,0,0
2022-06-26 02:26:20,0,0,0,0,0,98.74687,1.2531328,0,0
2022-06-26 02:26:19,0,0,0.25,0.25,0,97.25,2.25,0,0
2022-06-26 02:26:18,0,0,0.7481297,0,0,95.7606,2.992519,0.4987531,0
2022-06-26 02:26:17,0,0,1,0,0,95.25,3.5,0.25,0
2022-06-26 02:26:16,0,0,1.0025063,0,0,96.2406,2.756892,0,0
2022-06-26 02:26:15,0,0,0.9975062,0.4987531,0,96.50873,1.745636,0.2493766,0
2022-06-26 02:26:14,0,0,0.2512563,0,0,97.73869,1.758794,0.2512563,0
2022-06-26 02:26:13,0,0,0.2493766,0.2493766,0,97.50623,1.4962594,0.4987531,0
2022-06-26 02:26:12,0,0,0.25,0,0,98.75,1,0,0
2022-06-26 02:26:11,0,0,0,0.2493766,0,98.75312,0.4987531,0.4987531,0
2022-06-26 02:26:10,0,0,0.5012531,0,0,95.73935,3.508772,0.2506266,0
2022-06-26 02:26:09,0,0,0.9950249,0.2487562,0,94.27861,4.228856,0.2487562,0
2022-06-26 02:26:08,0,0,1.758794,0.2512563,0,94.47236,3.266332,0.2512563,0
2022-06-26 02:26:07,0,0,1.745636,0.4987531,0,88.2793,9.226933,0.2493766,0
2022-06-26 02:26:06,0,0,1.2468828,0,0,92.01995,6.483791,0.2493766,0
2022-06-26 02:26:05,0,0,0.75,0.25,0,91.75,7,0.25,0
2022-06-26 02:26:04,0,0,0.2512563,0,0,93.21608,6.030151,0.5025126,0
2022-06-26 02:26:03,0,0,0.4987531,0,0,95.01247,4.239401,0.2493766,0
2022-06-26 02:26:02,0,0,0,0,0,93.23308,6.265664,0.5012531,0
2022-06-26 02:26:01,0,0,0,0,0,92.01995,7.730673,0.2493766,0
2022-06-26 02:26:00,0,0,0.2493766,0.2493766,0,91.77057,6.733167,0.4987531,0
2022-06-26 02:25:59,0,0,0,0,0,88.60759,9.113924,0.2531646,0
2022-06-26 02:25:58,0,0,0.25,0,0,94.25,5.25,0.25,0
2022-06-26 02:25:57,0,0,0,0.2506266,0,97.99499,1.754386,0,0
2022-06-26 02:25:56,0,0,0.248139,0,0,98.01489,1.2406948,0.4962779,0
2022-06-26 02:25:55,0,0,0,0,0,98.74687,1.0025063,0.2506266,0
2022-06-26 02:25:54,0,0,0,0,0,99,1,0,0
2022-06-26 02:25:53,0,0,0,0,0,99.49875,0.2506266,0.2506266,0
2022-06-26 02:25:52,0,0,0.25,0,0,98.75,1,0,0
2022-06-26 02:25:51,0,0,0,0,0,98.75,1,0.25,0
2022-06-26 02:25:50,0,0,1.0025063,0,0,95.73935,3.007519,0.2506266,0
2022-06-26 02:25:49,0,0,1.4962594,0.4987531,0,94.76309,2.992519,0.2493766,0
2022-06-26 02:25:48,0,0,0,0,0,98.99749,1.0025063,0,0
2022-06-26 02:25:47,0,0,0.25,0,0,98.25,1,0.5,0
2022-06-26 02:25:46,0,0,0.25,0,0,98.75,1,0,0
2022-06-26 02:25:45,0,0,0,0,0,99.49875,0.2506266,0.2506266,0
2022-06-26 02:25:44,0,0,0.7444169,0.248139,0,97.02233,1.736973,0.248139,0
2022-06-26 02:25:43,0,0,1.25,0.5,0,95.75,2.25,0.25,0
2022-06-26 02:25:42,0,0,1.0050251,0,0,96.73367,2.01005,0.2512563,0
2022-06-26 02:25:41,0,0,0.25,0,0,98.75,1,0,0
2022-06-26 02:25:40,0,0,0.4987531,0.2493766,0,98.00499,0.9975062,0.2493766,0
2022-06-26 02:25:39,0,0,0.2506266,0,0,98.74687,1.0025063,0,0
2022-06-26 02:25:38,0,0,0,0,0,99.00249,0.7481297,0.2493766,0
2022-06-26 02:25:37,0,0,1.0025063,0.2506266,0,96.49123,2.005013,0.2506266,0
2022-06-26 02:25:36,0,0,1.2468828,0.2493766,0,95.26185,2.992519,0.2493766,0
2022-06-26 02:25:35,0,0,1.25,0.25,0,95,3.25,0.25,0
2022-06-26 02:25:34,0,0,0,0,0,99.24812,0.7518797,0,0
2022-06-26 02:25:33,0,0,0.7481297,0.2493766,0,97.75561,0.9975062,0.2493766,0
2022-06-26 02:25:32,0,0,0,0,0,97.99499,2.005013,0,0
2022-06-26 02:25:31,0,0,0.2493766,0.2493766,0,98.25436,0.9975062,0.2493766,0
2022-06-26 02:25:30,0,0,0.75,0.25,0,97,1.75,0.25,0
2022-06-26 02:25:29,0,0,1.25,0,0,95.5,3,0,0
2022-06-26 02:25:28,0,0,1.2468828,0.2493766,0,96.7581,1.745636,0,0
2022-06-26 02:25:27,0,0,0,0,0,99.00249,0.4987531,0.4987531,0
2022-06-26 02:25:26,0,0,0.5012531,0,0,98.24561,1.2531328,0,0
2022-06-26 02:25:25,0,0,0.5,0,0,98,1.25,0.25,0
2022-06-26 02:25:24,0,0,0.2512563,0,0,98.24121,1.2562814,0.2512563,0
2022-06-26 02:25:23,0,0,0.9925558,0.248139,0,96.02978,2.48139,0.248139,0
2022-06-26 02:25:22,0,0,1.2531328,0.2506266,0,95.48872,2.506266,0.5012531,0
2022-06-26 02:25:21,0,0,0.75,0.25,0,97,2,0,0
2022-06-26 02:25:20,0,0,0.5,0,0,97,1.75,0.75,0
2022-06-26 02:25:19,0,0,0.25,0,0,98,1.75,0,0
2022-06-26 02:25:18,0,0,0.5012531,0,0,98.49624,1.0025063,0,0
2022-06-26 02:25:17,0,0,0,0,0,98,1.75,0.25,0
2022-06-26 02:25:16,0,0,0.7481297,0,0,97.00748,1.995012,0.2493766,0
2022-06-26 02:25:15,0,0,1.0050251,0.5025126,0,95.47739,2.512563,0.5025126,0
2022-06-26 02:25:14,0,0,0.7481297,0.2493766,0,95.51122,2.992519,0.4987531,0
2022-06-26 02:25:13,0,0,1.0025063,0,0,96.74185,2.255639,0,0
2022-06-26 02:25:12,0,0,0.4987531,0,0,96.7581,2.743142,0,0
2022-06-26 02:25:11,0,0,0.5012531,0,0,97.49373,1.754386,0.2506266,0
2022-06-26 02:25:10,0,0,0,0.25,0,98.5,1,0.25,0
2022-06-26 02:25:09,0,0,0.25,0,0,98.5,1.25,0,0
2022-06-26 02:25:08,0,0,0.25,0.25,0,97.25,2,0.25,0
2022-06-26 02:25:07,0,0,1,0,0,94,4.75,0.25,0
2022-06-26 02:25:06,0,0,1.4962594,0,0,93.01746,5.236908,0.2493766,0
2022-06-26 02:25:05,0,0,1.5037594,0.5012531,0,90.47619,7.017544,0.5012531,0
2022-06-26 02:25:04,0,0,1.2437811,0.4975124,0,88.80597,9.20398,0.2487562,0
2022-06-26 02:25:03,0,0,0.7481297,0.4987531,0,91.5212,6.733167,0.4987531,0
2022-06-26 02:25:02,0,0,0.7556675,0,0,92.44332,6.549118,0.2518892,0
2022-06-26 02:25:01,0,0,0.25,0.25,0,94,5,0.5,0
2022-06-26 02:25:00,0,0,0.4975124,0,0,92.0398,7.21393,0.2487562,0
2022-06-26 02:24:59,0,0,0,0,0,93.75,5.75,0.25,0
2022-06-26 02:24:58,0,0,0,0.2506266,0,93.98496,5.513784,0,0
2022-06-26 02:24:57,0,0,0.2531646,0.2531646,0,89.11392,8.860759,0.2531646,0
2022-06-26 02:24:56,0,0,0,0,0,92.4812,6.516291,0.2506266,0
2022-06-26 02:24:55,0,0,0.25,0,0,95.75,3.75,0.25,0
2022-06-26 02:24:54,0,0,0,0,0,98.25871,1.2437811,0.4975124,0
2022-06-26 02:24:53,0,0,0,0.25,0,98,1.75,0,0
2022-06-26 02:24:52,0,0,0.2506266,0.2506266,0,98.49624,0.7518797,0.2506266,0
2022-06-26 02:24:51,0,0,0,0,0,99.5,0.25,0.25,0
2022-06-26 02:24:50,0,0,0,0,0,99,0.75,0.25,0
2022-06-26 02:24:49,0,0,0.25,0,0,98,1.5,0.25,0
2022-06-26 02:24:48,0,0,0.5,0,0,97.75,1.25,0.5,0
2022-06-26 02:24:47,0,0,1.0025063,0,0,96.99248,2.005013,0,0
2022-06-26 02:24:46,0,0,0.4975124,0.4975124,0,96.76617,1.99005,0.2487562,0
2022-06-26 02:24:45,0,0,0.7537688,0,0,97.73869,1.5075377,0,0
2022-06-26 02:24:44,0,0,0,0,0,98.75,1,0.25,0
2022-06-26 02:24:43,0,0,0,0.25,0,98.75,0.75,0.25,0
2022-06-26 02:24:42,0,0,0.9975062,0.2493766,0,97.00748,1.745636,0,0
2022-06-26 02:24:41,0,0,0.7518797,0,0,96.2406,2.756892,0.2506266,0
2022-06-26 02:24:40,0,0,0.7481297,0,0,97.00748,1.995012,0.2493766,0
2022-06-26 02:24:39,0,0,0.7518797,0.5012531,0,96.49123,2.255639,0,0
2022-06-26 02:24:38,0,0,0.7462687,0,0,96.76617,2.238806,0.2487562,0
2022-06-26 02:24:37,0,0,0.2506266,0,0,98.49624,1.0025063,0.2506266,0
2022-06-26 02:24:36,0,0,0,0,0,98.75,1,0.25,0
2022-06-26 02:24:35,0,0,0.5012531,0,0,97.74436,1.2531328,0.5012531,0
2022-06-26 02:24:34,0,0,1,0,0,96,3,0,0
2022-06-26 02:24:33,0,0,0.9975062,0.2493766,0,96.00998,2.493766,0,0
2022-06-26 02:24:32,0,0,1,0,0,96,2.75,0.25,0
2022-06-26 02:24:31,0,0,0.4987531,0.2493766,0,98.25436,0.9975062,0,0
2022-06-26 02:24:30,0,0,0,0.2506266,0,98.74687,1.0025063,0,0
2022-06-26 02:24:29,0,0,0,0,0,99,0.5,0.5,0
2022-06-26 02:24:28,0,0,0.5,0,0,97.5,2,0,0
2022-06-26 02:24:27,0,0,1,0.25,0,95.75,2.75,0.25,0
2022-06-26 02:24:26,0,0,1.25,0,0,96,2.75,0,0
2022-06-26 02:24:25,0,0,0.75,0.25,0,96.25,2.5,0.25,0
2022-06-26 02:24:24,0,0,0.7518797,0,0,97.49373,1.754386,0,0
2022-06-26 02:24:23,0,0,0.2487562,0,0,98.75622,0.7462687,0.2487562,0
2022-06-26 02:24:22,0,0,0,0,0,99.24623,0.7537688,0,0
2022-06-26 02:24:21,0,0,0.4975124,0,0,97.76119,1.4925373,0.2487562,0
2022-06-26 02:24:20,0,0,1.2531328,0.2506266,0,94.98747,3.007519,0.5012531,0
2022-06-26 02:24:19,0,0,1,0,0,96.25,2.5,0.25,0
2022-06-26 02:24:18,0,0,0.7537688,0,0,97.23618,1.5075377,0.5025126,0
2022-06-26 02:24:17,0,0,0.7462687,0,0,97.51244,1.741294,0,0
2022-06-26 02:24:16,0,0,0,0,0,98.99497,0.7537688,0.2512563,0
2022-06-26 02:24:15,0,0,0.2487562,0,0,98.75622,0.7462687,0.2487562,0
2022-06-26 02:24:14,0,0,0.2493766,0.2493766,0,97.00748,2.244389,0.2493766,0
2022-06-26 02:24:13,0,0,0.7481297,0.2493766,0,96.50873,2.493766,0,0
2022-06-26 02:24:12,0,0,1.0075567,0,0,95.71788,3.274559,0,0
2022-06-26 02:24:11,0,0,0.7481297,0.2493766,0,96.00998,2.743142,0.2493766,0
2022-06-26 02:24:10,0,0,0.7481297,0.2493766,0,96.00998,2.743142,0.2493766,0
2022-06-26 02:24:09,0,0,0.5012531,0.2506266,0,97.24311,1.754386,0.2506266,0
2022-06-26 02:24:08,0,0,0,0,0,97.99499,1.754386,0.2506266,0
2022-06-26 02:24:07,0,0,0,0,0,99.25373,0.2487562,0.4975124,0
2022-06-26 02:24:06,0,0,0.25,0,0,98.25,1.25,0.25,0
2022-06-26 02:24:05,0,0,0.9975062,0.2493766,0,96.00998,2.493766,0.2493766,0
2022-06-26 02:24:04,0,0,0.7537688,0.2512563,0,93.96985,5.025126,0,0
2022-06-26 02:24:03,0,0,1.4962594,0.2493766,0,93.26683,4.738155,0.2493766,0
2022-06-26 02:24:02,0,0,1.745636,0.7481297,0,89.77556,7.481297,0.2493766,0
2022-06-26 02:24:01,0,0,1.5,0,0,90.5,7.5,0.5,0
2022-06-26 02:24:00,0,0,0.7518797,0,0,91.22807,8.02005,0,0
2022-06-26 02:23:59,0,0,0.5012531,0,0,92.73183,6.516291,0.2506266,0
2022-06-26 02:23:58,0,0,0,0,0,94.51372,5.236908,0.2493766,0
2022-06-26 02:23:57,0,0,0,0,0,94.26434,5.486284,0.2493766,0
2022-06-26 02:23:56,0,0,0,0.2518892,0,92.9471,6.549118,0,0
2022-06-26 02:23:55,0,0,0.2493766,0,0,89.52618,9.725686,0.4987531,0
2022-06-26 02:23:54,0,0,0,0,0,89.69849,9.045226,0.2512563,0
2022-06-26 02:23:53,0,0,0,0.2506266,0,94.73684,4.761905,0.2506266,0
2022-06-26 02:23:52,0,0,0.25,0,0,97.25,2,0.5,0
2022-06-26 02:23:51,0,0,0,0,0,99.24812,0.7518797,0,0
2022-06-26 02:23:50,0,0,0,0,0,99.25,0.5,0.25,0
2022-06-26 02:23:49,0,0,0.2493766,0,0,98.00499,1.4962594,0.2493766,0
2022-06-26 02:23:48,0,0,0,0,0,99.5,0.5,0,0
2022-06-26 02:23:47,0,0,0,0,0,99.74874,0.2512563,0,0
2022-06-26 02:23:46,0,0,0.7462687,0.2487562,0,97.01493,1.741294,0.2487562,0
2022-06-26 02:23:45,0,0,0.4987531,0,0,97.00748,2.244389,0.2493766,0
2022-06-26 02:23:44,0,0,0.7537688,0.2512563,0,96.73367,2.01005,0.2512563,0
2022-06-26 02:23:43,0,0,0.4975124,0,0,97.01493,1.99005,0.4975124,0
2022-06-26 02:23:42,0,0,0.2512563,0.2512563,0,96.98492,2.261307,0.2512563,0
2022-06-26 02:23:41,0,0,0.2506266,0,0,99.24812,0.5012531,0,0
2022-06-26 02:23:40,0,0,0.7462687,0,0,97.01493,1.99005,0.2487562,0
2022-06-26 02:23:39,0,0,0.7518797,0.2506266,0,96.49123,2.255639,0.2506266,0
2022-06-26 02:23:38,0,0,0.9975062,0,0,96.7581,1.995012,0.2493766,0
2022-06-26 02:23:37,0,0,0.5012531,0.2506266,0,96.49123,2.506266,0.2506266,0
2022-06-26 02:23:36,0,0,0.75,0,0,97,2,0.25,0
2022-06-26 02:23:35,0,0,0.5,0.5,0,97.25,1.75,0,0
2022-06-26 02:23:34,0,0,0.4987531,0.2493766,0,97.25686,1.745636,0.2493766,0
2022-06-26 02:23:33,0,0,0.5012531,0,0,97.24311,2.255639,0,0
2022-06-26 02:23:32,0,0,0.9975062,0,0,96.00998,2.743142,0.2493766,0
2022-06-26 02:23:31,0,0,0.25,0,0,97.25,2.25,0.25,0
2022-06-26 02:23:30,0,0,0.9975062,0,0,97.50623,1.2468828,0.2493766,0
2022-06-26 02:23:29,0,0,0.7537688,0,0,96.48241,2.512563,0.2512563,0
2022-06-26 02:23:28,0,0,0.4987531,0,0,98.50374,0.7481297,0.2493766,0
2022-06-26 02:23:27,0,0,0.5,0,0,97.5,1.5,0.5,0
2022-06-26 02:23:26,0,0,0.75,0.25,0,97.25,1.75,0,0
2022-06-26 02:23:25,0,0,0.5012531,0,0,97.74436,1.754386,0,0
2022-06-26 02:23:24,0,0,0.7481297,0.2493766,0,96.50873,1.995012,0.2493766,0
2022-06-26 02:23:23,0,0,0.7481297,0,0,97.25686,1.4962594,0.4987531,0
2022-06-26 02:23:22,0,0,0.7518797,0.2506266,0,97.74436,1.0025063,0.2506266,0
2022-06-26 02:23:21,0,0,0.7481297,0,0,96.7581,2.244389,0.2493766,0
2022-06-26 02:23:20,0,0,0.2487562,0.2487562,0,98.25871,0.9950249,0.2487562,0
2022-06-26 02:23:19,0,0,0.7537688,0.5025126,0,96.23116,2.261307,0.2512563,0
2022-06-26 02:23:18,0,0,0.5012531,0,0,97.99499,1.5037594,0,0
2022-06-26 02:23:17,0,0,0.2493766,0,0,98.00499,1.4962594,0.2493766,0
2022-06-26 02:23:16,0,0,0.75,0.25,0,97.25,1.75,0,0
2022-06-26 02:23:15,0,0,0.7518797,0,0,96.74185,2.255639,0.2506266,0
2022-06-26 02:23:14,0,0,1,0.25,0,95.5,3,0.25,0
2022-06-26 02:23:13,0,0,0.25,0.25,0,97,2.5,0,0
2022-06-26 02:23:12,0,0,0.4987531,0,0,97.00748,2.244389,0.2493766,0
2022-06-26 02:23:11,0,0,1.0025063,0,0,96.49123,2.506266,0,0
2022-06-26 02:23:10,0,0,0,0,0,98.5,1,0.5,0
2022-06-26 02:23:09,0,0,0.9950249,0,0,96.26866,2.238806,0.4975124,0
2022-06-26 02:23:08,0,0,0.5025126,0,0,98.49246,1.0050251,0,0
2022-06-26 02:23:07,0,0,0.75,0.25,0,95.5,3.25,0.25,0
2022-06-26 02:23:06,0,0,0.5012531,0,0,97.24311,2.005013,0.2506266,0
2022-06-26 02:23:05,0,0,0.2487562,0,0,97.01493,2.487562,0.2487562,0
2022-06-26 02:23:04,0,0,0.4987531,0.2493766,0,97.25686,1.745636,0.2493766,0
2022-06-26 02:23:03,0,0,1.0075567,0.2518892,0,95.21411,3.274559,0.2518892,0
2022-06-26 02:23:02,0,0,0.9950249,0.2487562,0,93.53234,4.726368,0.4975124,0
2022-06-26 02:23:01,0,0,0.7518797,0,0,93.48371,5.513784,0.2506266,0
2022-06-26 02:23:00,0,0,0.75,0,0,95.75,3.25,0.25,0
2022-06-26 02:22:59,0,0,0.7481297,0.2493766,0,93.26683,5.486284,0.2493766,0
2022-06-26 02:22:58,0,0,1,0.5,0,91,7,0.5,0
2022-06-26 02:22:57,0,0,1,0.5,0,90.5,7.75,0.25,0
2022-06-26 02:22:56,0,0,0.75,0,0,91,8,0.25,0
2022-06-26 02:22:55,0,0,0.7518797,0.2506266,0,89.97494,8.521303,0.2506266,0
2022-06-26 02:22:54,0,0,0,0.2493766,0,94.26434,5.236908,0.2493766,0
2022-06-26 02:22:53,0,0,0.2506266,0,0,93.98496,5.513784,0.2506266,0
2022-06-26 02:22:52,0,0,0,0,0,95.25,4.5,0.25,0
2022-06-26 02:22:51,0,0,0,0,0,93.48371,6.015038,0.2506266,0
2022-06-26 02:22:50,0,0,0.2487562,0,0,94.27861,5.472637,0,0
2022-06-26 02:22:49,0,0,0,0,0,96.99248,2.506266,0.5012531,0
2022-06-26 02:22:48,0,0,0,0,0,97.98995,1.758794,0,0
2022-06-26 02:22:47,0,0,0.2487562,0,0,98.50746,0.9950249,0.2487562,0
2022-06-26 02:22:46,0,0,0,0,0,99.49875,0.5012531,0,0
2022-06-26 02:22:45,0,0,0.2487562,0.2487562,0,96.76617,2.487562,0.2487562,0
2022-06-26 02:22:44,0,0,0.7518797,0,0,97.99499,1.2531328,0,0
2022-06-26 02:22:43,0,0,0.5025126,0.2512563,0,96.73367,1.758794,0.7537688,0
2022-06-26 02:22:42,0,0,0,0,0,98.5,1.25,0.25,0
2022-06-26 02:22:41,0,0,0.7462687,0.2487562,0,97.26368,1.4925373,0.2487562,0
2022-06-26 02:22:40,0,0,0.25,0.25,0,98,1.25,0.25,0
2022-06-26 02:22:39,0,0,0.5025126,0,0,97.48744,1.2562814,0.7537688,0
2022-06-26 02:22:38,0,0,0.4987531,0,0,98.50374,0.7481297,0.2493766,0
2022-06-26 02:22:37,0,0,1.25,0.5,0,94.5,3.5,0.25,0
2022-06-26 02:22:36,0,0,0.5,0,0,97.75,1.75,0,0
2022-06-26 02:22:35,0,0,0.5,0,0,98.25,1,0.25,0
2022-06-26 02:22:34,0,0,0.5,0,0,98,1.5,0,0
2022-06-26 02:22:33,0,0,0.4975124,0.2487562,0,97.26368,1.741294,0.2487562,0
2022-06-26 02:22:32,0,0,0.5025126,0,0,97.98995,1.2562814,0.2512563,0
2022-06-26 02:22:31,0,0,0.5012531,0,0,97.49373,1.754386,0.2506266,0
2022-06-26 02:22:30,0,0,0.9925558,0.248139,0,95.5335,2.729529,0.4962779,0
2022-06-26 02:22:29,0,0,1.2531328,0.2506266,0,96.2406,2.005013,0.2506266,0
2022-06-26 02:22:28,0,0,0.5012531,0,0,97.99499,1.2531328,0.2506266,0
2022-06-26 02:22:27,0,0,0.4987531,0,0,98.50374,0.7481297,0.2493766,0
2022-06-26 02:22:26,0,0,0.5,0,0,97.75,1.25,0.5,0
2022-06-26 02:22:25,0,0,1,0,0,97,1.75,0.25,0
2022-06-26 02:22:24,0,0,0.7537688,0,0,97.23618,1.758794,0.2512563,0
2022-06-26 02:22:23,0,0,0.7481297,0,0,97.75561,0.9975062,0.4987531,0
2022-06-26 02:22:22,0,0,0.5,0.25,0,97.5,1.75,0,0
2022-06-26 02:22:21,0,0,0.75,0.25,0,96,2.5,0.5,0
2022-06-26 02:22:20,0,0,0.7481297,0.2493766,0,97.25686,1.4962594,0.2493766,0
2022-06-26 02:22:19,0,0,0.7518797,0,0,97.49373,1.5037594,0.2506266,0
2022-06-26 02:22:18,0,0,0.4987531,0,0,97.25686,1.995012,0.2493766,0
2022-06-26 02:22:17,0,0,0.7518797,0,0,96.74185,2.255639,0.2506266,0
2022-06-26 02:22:16,0,0,0.25,0.25,0,98.25,1,0.25,0
2022-06-26 02:22:15,0,0,0.7481297,0,0,96.00998,2.992519,0.2493766,0
2022-06-26 02:22:14,0,0,0.9975062,0.2493766,0,95.7606,2.493766,0.4987531,0
2022-06-26 02:22:13,0,0,0.75,0,0,96.75,2.25,0.25,0
2022-06-26 02:22:12,0,0,0.5025126,0,0,97.23618,2.261307,0,0
2022-06-26 02:22:11,0,0,0.5025126,0,0,97.48744,1.2562814,0.7537688,0
2022-06-26 02:22:10,0,0,0.7425743,0.2475248,0,96.28713,2.475248,0.2475248,0
2022-06-26 02:22:09,0,0,0.2512563,0.2512563,0,97.23618,2.261307,0,0
2022-06-26 02:22:08,0,0,0.4975124,0,0,97.26368,1.741294,0.4975124,0
2022-06-26 02:22:07,0,0,1.0050251,0,0,95.9799,2.763819,0.2512563,0
2022-06-26 02:22:06,0,0,0.7537688,0,0,95.9799,3.015075,0.2512563,0
2022-06-26 02:22:05,0,0,0.4987531,0.2493766,0,96.7581,2.244389,0.2493766,0
2022-06-26 02:22:04,0,0,0.4962779,0.248139,0,97.27047,1.4888337,0.4962779,0
2022-06-26 02:22:03,0,0,0.5012531,0.2506266,0,96.74185,2.506266,0,0
2022-06-26 02:22:02,0,0,0.7518797,0,0,96.99248,2.005013,0.2506266,0
2022-06-26 02:22:01,0,0,0.5,0.25,0,96,3,0.25,0
2022-06-26 02:22:00,0,0,0.4987531,0,0,95.7606,3.241895,0.4987531,0
2022-06-26 02:21:59,0,0,1.0025063,0.2506266,0,94.73684,3.759398,0,0
2022-06-26 02:21:58,0,0,0.7481297,0.2493766,0,94.01496,4.738155,0.2493766,0
2022-06-26 02:21:57,0,0,0.9975062,0.2493766,0,92.5187,5.985037,0.2493766,0
2022-06-26 02:21:56,0,0,1.0050251,0,0,90.95477,7.788945,0.2512563,0
2022-06-26 02:21:55,0,0,0.9975062,0.2493766,0,92.76808,5.985037,0,0
2022-06-26 02:21:54,0,0,0.7518797,0.2506266,0,88.47118,9.774436,0.7518797,0
2022-06-26 02:21:53,0,0,0.2487562,0,0,94.77612,4.726368,0.2487562,0
2022-06-26 02:21:52,0,0,0.5025126,0,0,91.9598,7.286432,0.2512563,0
2022-06-26 02:21:51,0,0,0,0,0,96.25935,3.491272,0.2493766,0
2022-06-26 02:21:50,0,0,0.2493766,0,0,90.27431,8.72818,0.7481297,0
2022-06-26 02:21:49,0,0,0,0.2506266,0,94.23559,5.263158,0,0
2022-06-26 02:21:48,0,0,0,0,0,89.69849,6.78392,0.5025126,0
2022-06-26 02:21:47,0,0,0.248139,0.248139,0,95.03722,3.473945,0.4962779,0
2022-06-26 02:21:46,0,0,0,0,0,97.48111,2.518892,0,0
2022-06-26 02:21:45,0,0,0.248139,0,0,98.26303,0.7444169,0.7444169,0
2022-06-26 02:21:44,0,0,0.5,0.25,0,97.5,1.5,0.25,0
2022-06-26 02:21:43,0,0,0,0,0,98.99244,0.7556675,0.2518892,0
2022-06-26 02:21:42,0,0,0,0,0,99,0.75,0.25,0
2022-06-26 02:21:41,0,0,0.2493766,0,0,97.75561,1.745636,0.2493766,0
2022-06-26 02:21:40,0,0,0.4987531,0.2493766,0,97.75561,1.2468828,0.2493766,0
2022-06-26 02:21:39,0,0,0.5037783,0,0,97.733,1.763224,0,0
2022-06-26 02:21:38,0,0,0.9975062,0,0,96.25935,2.493766,0.2493766,0
2022-06-26 02:21:37,0,0,0.4987531,0.4987531,0,98.00499,0.7481297,0.2493766,0
2022-06-26 02:21:36,0,0,0.2493766,0.2493766,0,98.00499,1.2468828,0.2493766,0
2022-06-26 02:21:35,0,0,0.25,0,0,98.25,1.5,0,0
2022-06-26 02:21:34,0,0,0.5037783,0,0,96.97733,2.267003,0.2518892,0
2022-06-26 02:21:33,0,0,0.7462687,0,0,97.51244,1.4925373,0.2487562,0
2022-06-26 02:21:32,0,0,0.7481297,0.2493766,0,97.50623,1.2468828,0.2493766,0
2022-06-26 02:21:31,0,0,1.0025063,0.2506266,0,95.98997,2.506266,0.2506266,0
2022-06-26 02:21:30,0,0,0.4987531,0,0,97.50623,1.745636,0.2493766,0
2022-06-26 02:21:29,0,0,0.2506266,0,0,98.24561,1.2531328,0.2506266,0
2022-06-26 02:21:28,0,0,0.25,0,0,97.75,2,0,0
2022-06-26 02:21:27,0,0,0.5,0,0,98.25,1,0.25,0
2022-06-26 02:21:26,0,0,1.0025063,0.2506266,0,96.49123,2.005013,0.2506266,0
2022-06-26 02:21:25,0,0,1.75,0.25,0,95.5,2.5,0,0
2022-06-26 02:21:24,0,0,0.7462687,0,0,98.00995,0.9950249,0.2487562,0
2022-06-26 02:21:23,0,0,0.25,0.25,0,98,1.25,0.25,0
2022-06-26 02:21:22,0,0,0.5025126,0,0,97.98995,1.5075377,0,0
2022-06-26 02:21:21,0,0,0.25,0,0,98.25,1,0.5,0
2022-06-26 02:21:20,0,0,0.2493766,0,0,98.25436,0.9975062,0.4987531,0
2022-06-26 02:21:19,0,0,0.9975062,0.2493766,0,97.00748,1.745636,0,0
2022-06-26 02:21:18,0,0,1,0.5,0,95,3.25,0.25,0
2022-06-26 02:21:17,0,0,0.75,0.25,0,97.25,1.75,0,0
2022-06-26 02:21:16,0,0,0.7518797,0,0,96.2406,2.506266,0.5012531,0
2022-06-26 02:21:15,0,0,0,0,0,99.49875,0.5012531,0,0
2022-06-26 02:21:14,0,0,0.5,0,0,97.75,1.5,0.25,0
2022-06-26 02:21:13,0,0,0.75,0.25,0,96.75,2.25,0,0
2022-06-26 02:21:12,0,0,0.9925558,0.248139,0,96.02978,2.48139,0.248139,0
2022-06-26 02:21:11,0,0,0.7518797,0.5012531,0,96.49123,1.754386,0.5012531,0
2022-06-26 02:21:10,0,0,0.7537688,0,0,96.23116,2.763819,0.2512563,0
2022-06-26 02:21:09,0,0,0.4987531,0.4987531,0,96.7581,1.995012,0.2493766,0
2022-06-26 02:21:08,0,0,0.5,0,0,98,1.25,0.25,0
2022-06-26 02:21:07,0,0,0,0,0,98.5,1.25,0.25,0
2022-06-26 02:21:06,0,0,0.4987531,0,0,97.50623,1.745636,0.2493766,0
2022-06-26 02:21:05,0,0,0.7518797,0.2506266,0,96.74185,2.005013,0.2506266,0
2022-06-26 02:21:04,0,0,1.0025063,0.2506266,0,94.73684,3.759398,0.2506266,0
2022-06-26 02:21:03,0,0,1,0.25,0,94.5,4,0.25,0
2022-06-26 02:21:02,0,0,0.248139,0,0,98.01489,1.2406948,0.4962779,0
2022-06-26 02:21:01,0,0,0.2518892,0,0,97.22922,2.518892,0,0
2022-06-26 02:21:00,0,0,0.7481297,0.2493766,0,96.00998,2.743142,0.2493766,0
2022-06-26 02:20:59,0,0,1,0.25,0,95.25,3.25,0.25,0
2022-06-26 02:20:58,0,0,0.5012531,0.2506266,0,97.74436,1.5037594,0,0
2022-06-26 02:20:57,0,0,0.4987531,0,0,93.76559,4.987531,0.7481297,0
2022-06-26 02:20:56,0,0,0.75,0.5,0,95,3.75,0,0
2022-06-26 02:20:55,0,0,1.2468828,0.2493766,0,92.76808,5.486284,0.2493766,0
2022-06-26 02:20:54,0,0,1.2531328,0,0,89.72431,8.270677,0.5012531,0
2022-06-26 02:20:53,0,0,1.2468828,0.2493766,0,90.27431,7.730673,0.4987531,0
2022-06-26 02:20:52,0,0,0.5,0,0,93,6.25,0.25,0
2022-06-26 02:20:51,0,0,0,0,0,96.50873,3.241895,0.2493766,0
2022-06-26 02:20:50,0,0,0.2512563,0,0,96.23116,3.266332,0.2512563,0
2022-06-26 02:20:49,0,0,0.2493766,0,0,95.01247,4.488778,0.2493766,0
2022-06-26 02:20:48,0,0,0.5,0,0,92.5,6.75,0.25,0
2022-06-26 02:20:47,0,0,0.5012531,0,0,87.46867,11.027569,0,0
2022-06-26 02:20:46,0,0,0.2487562,0.4975124,0,85.57214,5.472637,0.2487562,0
2022-06-26 02:20:45,0,0,0,0,0,96.23116,3.517588,0.2512563,0
2022-06-26 02:20:44,0,0,0.25,0,0,97.25,2.25,0.25,0
2022-06-26 02:20:43,0,0,0,0,0,96.75,3,0,0
2022-06-26 02:20:42,0,0,0.25,0,0,97,2.25,0.5,0
2022-06-26 02:20:41,0,0,0.25,0,0,98,1.5,0.25,0
2022-06-26 02:20:40,0,0,0.2493766,0.2493766,0,98.50374,0.7481297,0.2493766,0
2022-06-26 02:20:39,0,0,0,0,0,98.99749,1.0025063,0,0
2022-06-26 02:20:38,0,0,0,0,0,98.5,1.25,0.25,0
2022-06-26 02:20:37,0,0,0.75,0,0,97.5,1.5,0.25,0
2022-06-26 02:20:36,0,0,0.7481297,0.2493766,0,96.7581,1.745636,0.4987531,0
2022-06-26 02:20:35,0,0,0.5012531,0,0,97.24311,2.255639,0,0
2022-06-26 02:20:34,0,0,0.5,0,0,97.5,2,0,0
2022-06-26 02:20:33,0,0,0.4975124,0.2487562,0,98.00995,0.9950249,0.2487562,0
2022-06-26 02:20:32,0,0,0.2506266,0,0,97.99499,1.5037594,0.2506266,0
2022-06-26 02:20:31,0,0,0.5012531,0,0,97.74436,1.5037594,0.2506266,0
2022-06-26 02:20:30,0,0,0.75,0.25,0,97.5,1.25,0.25,0
2022-06-26 02:20:29,0,0,0.9975062,0.2493766,0,96.25935,2.244389,0.2493766,0
2022-06-26 02:20:28,0,0,0.5,0,0,97.25,2,0.25,0
2022-06-26 02:20:27,0,0,0.7518797,0.2506266,0,96.49123,2.255639,0.2506266,0
2022-06-26 02:20:26,0,0,0.25,0,0,98.75,1,0,0
2022-06-26 02:20:25,0,0,1.2468828,0,0,97.25686,1.2468828,0.2493766,0
2022-06-26 02:20:24,0,0,0.7518797,0,0,97.24311,1.754386,0.2506266,0
2022-06-26 02:20:23,0,0,0.7462687,0.2487562,0,96.0199,2.238806,0.7462687,0
2022-06-26 02:20:22,0,0,1.0025063,0.2506266,0,95.48872,3.007519,0.2506266,0
2022-06-26 02:20:21,0,0,0.5012531,0,0,97.74436,1.5037594,0.2506266,0
2022-06-26 02:20:20,0,0,0.7481297,0.2493766,0,97.00748,1.745636,0.2493766,0
2022-06-26 02:20:19,0,0,0.5012531,0,0,97.99499,1.5037594,0,0
2022-06-26 02:20:18,0,0,0.25,0.25,0,98.75,0.75,0,0
2022-06-26 02:20:17,0,0,0.75,0.25,0,96.75,1.75,0.5,0
2022-06-26 02:20:16,0,0,1,0,0,96,3,0,0
2022-06-26 02:20:15,0,0,1,0,0,97.25,1.25,0.5,0
2022-06-26 02:20:14,0,0,0.2506266,0,0,98.24561,1.5037594,0,0
2022-06-26 02:20:13,0,0,0.2493766,0.2493766,0,97.75561,1.2468828,0.4987531,0
2022-06-26 02:20:12,0,0,0.5,0,0,97.75,1.75,0,0
2022-06-26 02:20:11,0,0,0.4987531,0.2493766,0,97.75561,1.2468828,0.2493766,0
2022-06-26 02:20:10,0,0,0.7518797,0,0,96.74185,2.255639,0.2506266,0
2022-06-26 02:20:09,0,0,1.25,0.25,0,96.25,2.25,0,0
2022-06-26 02:20:08,0,0,0.7518797,0,0,96.2406,2.506266,0.5012531,0
2022-06-26 02:20:07,0,0,0.4987531,0.2493766,0,96.50873,2.743142,0,0
2022-06-26 02:20:06,0,0,0,0,0,98.74372,1.0050251,0.2512563,0
2022-06-26 02:20:05,0,0,0.2493766,0,0,98.25436,1.2468828,0.2493766,0
2022-06-26 02:20:04,0,0,0.5,0,0,97.25,2,0.25,0
2022-06-26 02:20:03,0,0,0.5,0.25,0,96.5,2.25,0.5,0
2022-06-26 02:20:02,0,0,1.75,0.25,0,93,4.75,0.25,0
2022-06-26 02:20:01,0,0,1,0.5,0,96,2.25,0.25,0
2022-06-26 02:20:00,0,0,0.5012531,0,0,97.24311,2.255639,0,0
2022-06-26 02:19:59,0,0,0.2487562,0.2487562,0,98.25871,0.9950249,0.2487562,0
2022-06-26 02:19:58,0,0,0.2506266,0,0,98.99749,0.7518797,0,0
2022-06-26 02:19:57,0,0,0,0,0,98.75312,1.2468828,0,0
2022-06-26 02:19:56,0,0,0.5025126,0.2512563,0,97.48744,1.5075377,0.2512563,0
2022-06-26 02:19:55,0,0,0.7481297,0,0,97.25686,1.745636,0.2493766,0
2022-06-26 02:19:54,0,0,1.25,0.25,0,94,4.25,0.25,0
2022-06-26 02:19:53,0,0,1.4962594,0.2493766,0,90.77307,7.23192,0.2493766,0
2022-06-26 02:19:52,0,0,1.25,0.25,0,92.5,5.25,0.5,0
2022-06-26 02:19:51,0,0,1.2468828,0,0,88.77805,9.975062,0,0
2022-06-26 02:19:50,0,0,1.0025063,0.2506266,0,92.4812,6.015038,0.2506266,0
2022-06-26 02:19:49,0,0,0,0,0,92.0398,7.462687,0.4975124,0
2022-06-26 02:19:48,0,0,0,0,0,94.97487,4.773869,0.2512563,0
2022-06-26 02:19:47,0,0,0,0,0,94.51372,5.236908,0.2493766,0
2022-06-26 02:19:46,0,0,0,0.2493766,0,91.02244,7.98005,0.7481297,0
2022-06-26 02:19:45,0,0,0.2518892,0.2518892,0,89.92443,9.06801,0,0
2022-06-26 02:19:44,0,0,0,0.2506266,0,80.45113,9.273183,0.2506266,0
2022-06-26 02:19:43,0,0,0.2512563,0.2512563,0,92.46231,3.517588,0.2512563,0
2022-06-26 02:19:42,0,0,0.25,0,0,98,1.5,0.25,0
2022-06-26 02:19:41,0,0,0,0,0,98.25436,1.4962594,0.2493766,0
2022-06-26 02:19:40,0,0,0,0,0,99.49875,0.5012531,0,0
2022-06-26 02:19:39,0,0,0.2493766,0.2493766,0,98.25436,1.2468828,0,0
2022-06-26 02:19:38,0,0,0,0,0,98.75312,0.9975062,0.2493766,0
2022-06-26 02:19:37,0,0,0,0,0,99.5,0.25,0.25,0
2022-06-26 02:19:36,0,0,0.25,0,0,97.5,2.25,0,0
2022-06-26 02:19:35,0,0,1.0050251,0,0,96.23116,2.763819,0,0
2022-06-26 02:19:34,0,0,0.9975062,0.2493766,0,95.7606,2.493766,0.4987531,0
2022-06-26 02:19:33,0,0,0.5012531,0,0,97.74436,1.754386,0,0
2022-06-26 02:19:32,0,0,0,0,0,99,0.75,0.25,0
2022-06-26 02:19:31,0,0,0,0.5,0,99,0.25,0.25,0
2022-06-26 02:19:30,0,0,0.2493766,0,0,98.25436,1.2468828,0.2493766,0
2022-06-26 02:19:29,0,0,0.7518797,0,0,96.2406,3.007519,0,0
2022-06-26 02:19:28,0,0,1.2468828,0,0,96.00998,2.244389,0.4987531,0
2022-06-26 02:19:27,0,0,1.25,0.25,0,95.25,3,0.25,0
2022-06-26 02:19:26,0,0,0.5,0,0,97.5,2,0,0
2022-06-26 02:19:25,0,0,0,0,0,99.25,0.5,0.25,0
2022-06-26 02:19:24,0,0,0.5012531,0,0,99.24812,0.2506266,0,0
2022-06-26 02:19:23,0,0,0.2493766,0.2493766,0,97.75561,1.745636,0,0
2022-06-26 02:19:22,0,0,0.75,0,0,97.25,1.75,0.25,0
2022-06-26 02:19:21,0,0,1.5037594,0.2506266,0,94.98747,3.007519,0.2506266,0
2022-06-26 02:19:20,0,0,1.2468828,0.2493766,0,95.51122,2.743142,0.2493766,0
2022-06-26 02:19:19,0,0,0.5,0.25,0,97.25,1.75,0.25,0
2022-06-26 02:19:18,0,0,0,0,0,99.24812,0.7518797,0,0
2022-06-26 02:19:17,0,0,0.2493766,0,0,98.50374,0.9975062,0.2493766,0
2022-06-26 02:19:16,0,0,0.2506266,0,0,98.74687,0.7518797,0.2506266,0
2022-06-26 02:19:15,0,0,0.7518797,0.2506266,0,97.49373,1.5037594,0,0
2022-06-26 02:19:14,0,0,0.9950249,0.4975124,0,95.52239,2.736318,0.2487562,0
2022-06-26 02:19:13,0,0,1.741294,0.2487562,0,94.77612,2.985075,0.2487562,0
2022-06-26 02:19:12,0,0,0.2512563,0,0,98.49246,1.2562814,0,0
2022-06-26 02:19:11,0,0,0,0,0,99.25,0.75,0,0
2022-06-26 02:19:10,0,0,0.25,0,0,98,1.75,0,0
2022-06-26 02:19:09,0,0,0.5012531,0,0,98.24561,1.0025063,0.2506266,0
2022-06-26 02:19:08,0,0,0.4987531,0.2493766,0,97.75561,1.2468828,0.2493766,0
2022-06-26 02:19:07,0,0,1.25,0,0,95.25,3.25,0.25,0
2022-06-26 02:19:06,0,0,1.25,0,0,95.25,3.25,0.25,0
2022-06-26 02:19:05,0,0,0.5012531,0.2506266,0,97.49373,1.5037594,0.2506266,0
2022-06-26 02:19:04,0,0,0.2493766,0,0,98.50374,0.9975062,0.2493766,0
2022-06-26 02:19:03,0,0,0,0.25,0,99.25,0.5,0,0
2022-06-26 02:19:02,0,0,0.2493766,0,0,98.75312,0.7481297,0.2493766,0
2022-06-26 02:19:01,0,0,0.5,0,0,97,2,0.25,0
2022-06-26 02:19:00,0,0,0.75,0.5,0,95.75,2.75,0.25,0
2022-06-26 02:18:59,0,0,0.9975062,0,0,95.26185,3.241895,0.4987531,0
2022-06-26 02:18:58,0,0,1.0025063,0.5012531,0,94.23559,4.010025,0.2506266,0
2022-06-26 02:18:57,0,0,0.5012531,0,0,96.49123,2.756892,0.2506266,0
2022-06-26 02:18:56,0,0,0,0,0,98.25871,1.2437811,0.4975124,0
2022-06-26 02:18:55,0,0,0.4987531,0,0,98.75312,0.4987531,0.2493766,0
2022-06-26 02:18:54,0,0,0.2512563,0.2512563,0,96.48241,2.763819,0.2512563,0
2022-06-26 02:18:53,0,0,0.5012531,0,0,98.24561,1.2531328,0,0
2022-06-26 02:18:52,0,0,0.75,0.25,0,95,4,0,0
2022-06-26 02:18:51,0,0,1.2468828,0.4987531,0,92.01995,5.735661,0.4987531,0
2022-06-26 02:18:50,0,0,1.25,0.25,0,93.75,4.5,0.25,0
2022-06-26 02:18:49,0,0,2.005013,0.2506266,0,88.47118,9.022556,0.2506266,0
2022-06-26 02:18:48,0,0,1.5,0.5,0,90.25,7.5,0.25,0
2022-06-26 02:18:47,0,0,0.5012531,0.2506266,0,86.21554,12.781955,0.2506266,0
2022-06-26 02:18:46,0,0,0,0,0,96.50873,3.241895,0.2493766,0
2022-06-26 02:18:45,0,0,0.2493766,0.2493766,0,93.76559,5.486284,0,0
2022-06-26 02:18:44,0,0,0,0,0,94.72362,5.025126,0.2512563,0
2022-06-26 02:18:43,0,0,0,0.2493766,0,89.77556,8.72818,0.4987531,0
2022-06-26 02:18:42,0,0,0.25,0.25,0,93,6.5,0,0
2022-06-26 02:18:41,0,0,0,0,0,73.86935,8.79397,0.2512563,0
2022-06-26 02:18:40,0,0,0.2506266,0.2506266,0,92.98246,3.759398,0.2506266,0
2022-06-26 02:18:39,0,0,0,0,0,98.75622,0.7462687,0.4975124,0
2022-06-26 02:18:38,0,0,0,0,0,99.49622,0.5037783,0,0
2022-06-26 02:18:37,0,0,0,0,0,98.75,1,0.25,0
2022-06-26 02:18:36,0,0,0.2493766,0.2493766,0,99.00249,0.4987531,0,0
2022-06-26 02:18:35,0,0,0.2493766,0,0,97.50623,1.995012,0.2493766,0
2022-06-26 02:18:34,0,0,0.2493766,0,0,99.00249,0.4987531,0.2493766,0
2022-06-26 02:18:33,0,0,0.2518892,0,0,98.99244,0.7556675,0,0
2022-06-26 02:18:32,0,0,0.4962779,0.248139,0,96.77419,2.233251,0.248139,0
2022-06-26 02:18:31,0,0,0.5,0.25,0,96.75,2.5,0,0
2022-06-26 02:18:30,0,0,1,0,0,97,1.75,0.25,0
2022-06-26 02:18:29,0,0,0.2506266,0.2506266,0,98.74687,0.7518797,0,0
2022-06-26 02:18:28,0,0,0.2506266,0,0,98.49624,1.2531328,0,0
2022-06-26 02:18:27,0,0,0.2506266,0,0,99.24812,0.5012531,0,0
2022-06-26 02:18:26,0,0,0.4950495,0,0,97.27723,1.732673,0.4950495,0
2022-06-26 02:18:25,0,0,1.0050251,0.2512563,0,96.48241,2.261307,0,0
2022-06-26 02:18:24,0,0,1.2468828,0.4987531,0,96.25935,1.995012,0,0
2022-06-26 02:18:23,0,0,0.7537688,0.2512563,0,95.47739,3.266332,0.2512563,0
2022-06-26 02:18:22,0,0,0.2487562,0,0,99.00498,0.7462687,0,0
2022-06-26 02:18:21,0,0,0.2512563,0,0,98.99497,0.7537688,0,0
2022-06-26 02:18:20,0,0,0.5,0,0,97,2.25,0.25,0
2022-06-26 02:18:19,0,0,0.7481297,0.2493766,0,96.50873,2.244389,0.2493766,0
2022-06-26 02:18:18,0,0,1.2531328,0,0,95.73935,3.007519,0,0
2022-06-26 02:18:17,0,0,0.4975124,0.2487562,0,97.76119,1.2437811,0.2487562,0
2022-06-26 02:18:16,0,0,0.7537688,0.2512563,0,96.73367,2.01005,0.2512563,0
2022-06-26 02:18:15,0,0,0.2506266,0,0,98.99749,0.5012531,0.2506266,0
2022-06-26 02:18:14,0,0,0.4975124,0,0,98.00995,1.2437811,0.2487562,0
2022-06-26 02:18:13,0,0,0.7518797,0.2506266,0,96.99248,1.754386,0.2506266,0
2022-06-26 02:18:12,0,0,0.9950249,0.2487562,0,96.0199,2.736318,0,0
2022-06-26 02:18:11,0,0,0.5025126,0,0,97.23618,1.758794,0.5025126,0
2022-06-26 02:18:10,0,0,0.7481297,0,0,96.7581,2.493766,0,0
2022-06-26 02:18:09,0,0,0.7537688,0,0,97.48744,1.758794,0,0
2022-06-26 02:18:08,0,0,0.25,0,0,99,0.5,0.25,0
2022-06-26 02:18:07,0,0,0.2493766,0,0,97.50623,1.995012,0.2493766,0
2022-06-26 02:18:06,0,0,0.7481297,0,0,96.7581,2.493766,0,0
2022-06-26 02:18:05,0,0,0.7481297,0.2493766,0,97.50623,1.4962594,0,0
2022-06-26 02:18:04,0,0,0.7556675,0,0,96.22166,2.770781,0.2518892,0
2022-06-26 02:18:03,0,0,0.7481297,0.2493766,0,96.50873,2.244389,0.2493766,0
2022-06-26 02:18:02,0,0,0.9975062,0,0,96.7581,2.244389,0,0
2022-06-26 02:18:01,0,0,0.2506266,0.5012531,0,97.49373,1.5037594,0.2506266,0
2022-06-26 02:18:00,0,0,0,0,0,98.25,1.5,0.25,0
2022-06-26 02:17:59,0,0,0.75,0,0,97.25,1.75,0.25,0
2022-06-26 02:17:58,0,0,0.9950249,0.2487562,0,95.02488,3.482587,0.2487562,0
2022-06-26 02:17:57,0,0,0.7518797,0,0,96.74185,2.005013,0.5012531,0
2022-06-26 02:17:56,0,0,0.2512563,0,0,96.48241,2.763819,0.5025126,0
2022-06-26 02:17:55,0,0,0.7462687,0.4975124,0,96.51741,2.238806,0,0
2022-06-26 02:17:54,0,0,0.7518797,0.2506266,0,96.99248,1.754386,0.2506266,0
2022-06-26 02:17:53,0,0,0.2506266,0,0,98.49624,1.2531328,0,0
2022-06-26 02:17:52,0,0,0.248139,0,0,98.75931,0.7444169,0.248139,0
2022-06-26 02:17:51,0,0,0.5,0,0,97,2.25,0.25,0
2022-06-26 02:17:50,0,0,1.0025063,0.5012531,0,94.98747,3.258145,0.2506266,0
2022-06-26 02:17:49,0,0,1.2562814,0,0,93.96985,4.522613,0.2512563,0
2022-06-26 02:17:48,0,0,1.2437811,0.2487562,0,91.79104,6.716418,0,0
2022-06-26 02:17:47,0,0,0.5012531,0,0,92.73183,6.265664,0.5012531,0
2022-06-26 02:17:46,0,0,1,0.25,0,94.75,3.75,0.25,0
2022-06-26 02:17:45,0,0,1,0,0,92.75,6,0.25,0
2022-06-26 02:17:44,0,0,0.7518797,0.2506266,0,92.73183,6.265664,0,0
2022-06-26 02:17:43,0,0,0.4962779,0,0,90.32258,8.684864,0.4962779,0
2022-06-26 02:17:42,0,0,0,0.2512563,0,93.46734,6.281407,0,0
2022-06-26 02:17:41,0,0,0,0.2487562,0,91.54229,7.21393,0.4975124,0
2022-06-26 02:17:40,0,0,0.2506266,0,0,90.97744,7.518797,0.2506266,0
2022-06-26 02:17:39,0,0,0,0.25,0,95.25,4.25,0.25,0
2022-06-26 02:17:38,0,0,0,0,0,94.45844,5.289673,0,0
2022-06-26 02:17:37,0,0,0.25,0.25,0,94,4.5,0.5,0
2022-06-26 02:17:36,0,0,0,0,0,98.24121,1.758794,0,0
2022-06-26 02:17:35,0,0,0.2493766,0.2493766,0,98.75312,0.4987531,0.2493766,0
2022-06-26 02:17:34,0,0,0,0,0,99.25,0.5,0.25,0
2022-06-26 02:17:33,0,0,0,0,0,99.49875,0.5012531,0,0
2022-06-26 02:17:32,0,0,0.4987531,0,0,97.75561,1.4962594,0.2493766,0
2022-06-26 02:17:31,0,0,1,0.25,0,97.5,1,0.25,0
2022-06-26 02:17:30,0,0,0.5,0,0,98,1.5,0,0
2022-06-26 02:17:29,0,0,0,0.2506266,0,97.49373,2.005013,0.2506266,0
2022-06-26 02:17:28,0,0,0.9975062,0.4987531,0,95.51122,2.743142,0.2493766,0
2022-06-26 02:17:27,0,0,0.4987531,0,0,97.50623,1.4962594,0.4987531,0
2022-06-26 02:17:26,0,0,0.2487562,0,0,97.51244,1.99005,0.2487562,0
2022-06-26 02:17:25,0,0,0.7556675,0,0,97.48111,1.763224,0,0
2022-06-26 02:17:24,0,0,0.75,0.5,0,96,2.25,0.5,0
2022-06-26 02:17:23,0,0,0.7518797,0,0,97.74436,1.5037594,0,0
2022-06-26 02:17:22,0,0,0.9925558,0.248139,0,96.77419,1.4888337,0.4962779,0
2022-06-26 02:17:21,0,0,0.5025126,0,0,96.98492,2.512563,0,0
2022-06-26 02:17:20,0,0,0.7481297,0.2493766,0,97.50623,1.4962594,0,0
2022-06-26 02:17:19,0,0,0,0,0,98.99749,1.0025063,0,0
2022-06-26 02:17:18,0,0,0.7481297,0.2493766,0,96.7581,1.745636,0.4987531,0
2022-06-26 02:17:17,0,0,1,0.25,0,96.5,2.25,0,0
2022-06-26 02:17:16,0,0,0.5,0,0,97.5,1.25,0.5,0
2022-06-26 02:17:15,0,0,0.75,0.25,0,97,2,0,0
2022-06-26 02:17:14,0,0,0.5,0.25,0,97.25,1.75,0.25,0
2022-06-26 02:17:13,0,0,0.4987531,0.2493766,0,97.25686,1.745636,0.2493766,0
2022-06-26 02:17:12,0,0,0.5012531,0.2506266,0,97.99499,1.0025063,0.2506266,0
2022-06-26 02:17:11,0,0,0.4987531,0,0,97.75561,1.4962594,0.2493766,0
2022-06-26 02:17:10,0,0,0.7518797,0.2506266,0,96.49123,2.506266,0,0
2022-06-26 02:17:09,0,0,1,0,0,95.75,2.75,0.5,0
2022-06-26 02:17:08,0,0,0.7518797,0,0,96.49123,2.255639,0.5012531,0
2022-06-26 02:17:07,0,0,0.4975124,0.2487562,0,97.01493,1.741294,0.4975124,0
2022-06-26 02:17:06,0,0,0.2512563,0,0,98.49246,1.2562814,0,0
2022-06-26 02:17:05,0,0,0.5,0,0,98.25,1,0.25,0
2022-06-26 02:17:04,0,0,0.5,0,0,98.25,1.25,0,0
2022-06-26 02:17:03,0,0,0.4975124,0.2487562,0,95.77114,2.985075,0.4975124,0
2022-06-26 02:17:02,0,0,1.2562814,0.5025126,0,95.47739,2.512563,0.2512563,0
2022-06-26 02:17:01,0,0,1,0,0,95.75,3,0.25,0
2022-06-26 02:17:00,0,0,0.2493766,0,0,98.00499,1.745636,0,0
2022-06-26 02:16:59,0,0,0.5,0.25,0,97.75,1.25,0.25,0
2022-06-26 02:16:58,0,0,0.2493766,0,0,98.50374,0.9975062,0.2493766,0
2022-06-26 02:16:57,0,0,0.7537688,0,0,95.9799,3.015075,0.2512563,0
2022-06-26 02:16:56,0,0,0.9925558,0.4962779,0,95.5335,2.48139,0.4962779,0
2022-06-26 02:16:55,0,0,1.0050251,0,0,94.47236,4.271357,0.2512563,0
2022-06-26 02:16:54,0,0,0.7518797,0,0,95.73935,3.258145,0.2506266,0
2022-06-26 02:16:53,0,0,0.2493766,0.2493766,0,97.75561,1.745636,0,0
2022-06-26 02:16:52,0,0,0.2493766,0,0,98.25436,1.2468828,0.2493766,0
2022-06-26 02:16:51,0,0,0.5012531,0,0,97.74436,1.5037594,0.2506266,0
2022-06-26 02:16:50,0,0,0,0,0,98.75,0.75,0.5,0
2022-06-26 02:16:49,0,0,0.2493766,0,0,98.00499,1.745636,0,0
2022-06-26 02:16:48,0,0,1.0025063,0,0,94.98747,3.759398,0.2506266,0
2022-06-26 02:16:47,0,0,1.2531328,0.2506266,0,95.2381,3.258145,0,0
2022-06-26 02:16:46,0,0,1.99005,0.2487562,0,90.54726,6.965174,0.2487562,0
2022-06-26 02:16:45,0,0,1.2531328,0,0,88.97243,9.52381,0.2506266,0
2022-06-26 02:16:44,0,0,0.7481297,0,0,93.51621,5.486284,0.2493766,0
2022-06-26 02:16:43,0,0,0.2506266,0.2506266,0,92.98246,6.265664,0.2506266,0
2022-06-26 02:16:42,0,0,0.4975124,0.2487562,0,93.78109,5.223881,0.2487562,0
2022-06-26 02:16:41,0,0,0.2506266,0.5012531,0,94.73684,4.511278,0,0
2022-06-26 02:16:40,0,0,0.2506266,0,0,92.4812,6.516291,0.7518797,0
2022-06-26 02:16:39,0,0,0.248139,0,0,89.33002,10.173697,0,0
2022-06-26 02:16:38,0,0,0,0.2506266,0,90.47619,8.270677,0.5012531,0
2022-06-26 02:16:37,0,0,0.2518892,0.2518892,0,91.18388,6.801008,0,0
2022-06-26 02:16:36,0,0,0.25,0,0,96,3.75,0,0
2022-06-26 02:16:35,0,0,0,0,0,97.75561,1.995012,0.2493766,0
2022-06-26 02:16:34,0,0,0,0.2512563,0,98.24121,1.2562814,0.2512563,0
2022-06-26 02:16:33,0,0,0.2493766,0,0,97.75561,1.745636,0.2493766,0
2022-06-26 02:16:32,0,0,0,0,0,99.25,0.75,0,0
2022-06-26 02:16:31,0,0,0,0.2506266,0,98.99749,0.5012531,0.2506266,0
2022-06-26 02:16:30,0,0,0.25,0,0,98.5,1,0.25,0
2022-06-26 02:16:29,0,0,0.75,0,0,97,1.75,0.5,0
2022-06-26 02:16:28,0,0,0.7481297,0.2493766,0,97.50623,1.2468828,0.2493766,0
2022-06-26 02:16:27,0,0,0.2493766,0,0,97.25686,1.995012,0.4987531,0
2022-06-26 02:16:26,0,0,0.7537688,0,0,97.23618,1.758794,0.2512563,0
2022-06-26 02:16:25,0,0,0.4975124,0,0,98.25871,1.2437811,0,0
2022-06-26 02:16:24,0,0,0.5025126,0.2512563,0,97.98995,1.0050251,0.2512563,0
2022-06-26 02:16:23,0,0,0.5012531,0.2506266,0,97.24311,1.754386,0.2506266,0
2022-06-26 02:16:22,0,0,1.2437811,0.2487562,0,95.27363,3.233831,0,0
2022-06-26 02:16:21,0,0,0.5,0,0,97,2.25,0.25,0
2022-06-26 02:16:20,0,0,0.7518797,0.2506266,0,96.49123,2.506266,0,0
2022-06-26 02:16:19,0,0,0.75,0,0,97.75,1,0.5,0
2022-06-26 02:16:18,0,0,0.5,0,0,98.5,0.75,0.25,0
2022-06-26 02:16:17,0,0,0.25,0,0,98.5,1.25,0,0
2022-06-26 02:16:16,0,0,0.75,0,0,98.5,0.75,0,0
2022-06-26 02:16:15,0,0,0.7518797,0,0,95.98997,3.007519,0.2506266,0
2022-06-26 02:16:14,0,0,0.9950249,0.2487562,0,96.76617,1.99005,0,0
2022-06-26 02:16:13,0,0,0.7518797,0.2506266,0,96.49123,2.005013,0.5012531,0
2022-06-26 02:16:12,0,0,1.25,0,0,95.75,2.75,0.25,0
2022-06-26 02:16:11,0,0,0,0,0,98.5,1.25,0.25,0
2022-06-26 02:16:10,0,0,0,0,0,99.24812,0.5012531,0.2506266,0
2022-06-26 02:16:09,0,0,0.4950495,0.2475248,0,97.52475,1.4851485,0.2475248,0
2022-06-26 02:16:08,0,0,0.5037783,0.2518892,0,97.22922,2.015113,0,0
2022-06-26 02:16:07,0,0,1.2468828,0,0,95.7606,2.743142,0.2493766,0
2022-06-26 02:16:06,0,0,1.0025063,0,0,96.74185,2.005013,0.2506266,0
2022-06-26 02:16:05,0,0,0.7518797,0,0,96.2406,2.756892,0,0
2022-06-26 02:16:04,0,0,0.248139,0,0,98.51117,0.7444169,0.4962779,0
2022-06-26 02:16:03,0,0,0,0.2506266,0,98.49624,1.0025063,0.2506266,0
2022-06-26 02:16:02,0,0,0.4975124,0,0,97.76119,1.4925373,0.2487562,0
2022-06-26 02:16:01,0,0,0.7537688,0,0,96.73367,2.01005,0.5025126,0
2022-06-26 02:16:00,0,0,0.9975062,0.4987531,0,95.7606,2.743142,0,0
2022-06-26 02:15:59,0,0,1,0,0,96.75,2,0.25,0
2022-06-26 02:15:58,0,0,0.75,0.25,0,96.5,2.25,0.25,0
2022-06-26 02:15:57,0,0,0.2512563,0,0,98.24121,1.2562814,0.2512563,0
2022-06-26 02:15:56,0,0,0,0,0,99.25,0.5,0.25,0
2022-06-26 02:15:55,0,0,0.4987531,0,0,96.7581,2.493766,0.2493766,0
2022-06-26 02:15:54,0,0,0.7518797,0.5012531,0,96.99248,1.5037594,0.2506266,0
2022-06-26 02:15:53,0,0,0.7462687,0.2487562,0,95.77114,3.233831,0,0
2022-06-26 02:15:52,0,0,0.5025126,0,0,97.23618,2.01005,0.2512563,0
2022-06-26 02:15:51,0,0,1.2437811,0.2487562,0,94.77612,3.482587,0.2487562,0
2022-06-26 02:15:50,0,0,0.7537688,0.2512563,0,96.23116,2.512563,0.2512563,0
2022-06-26 02:15:49,0,0,0,0,0,98.5,1.25,0.25,0
2022-06-26 02:15:48,0,0,0.2487562,0,0,98.75622,0.7462687,0.2487562,0
2022-06-26 02:15:47,0,0,0.2506266,0,0,98.49624,1.2531328,0,0
2022-06-26 02:15:46,0,0,0.7518797,0,0,96.49123,2.506266,0.2506266,0
2022-06-26 02:15:45,0,0,1.4888337,0.7444169,0,91.067,6.203474,0.4962779,0
2022-06-26 02:15:44,0,0,1.0025063,0.5012531,0,92.23058,6.015038,0.2506266,0
2022-06-26 02:15:43,0,0,0.75,0.25,0,92.25,6.75,0,0
2022-06-26 02:15:42,0,0,1.5037594,0.5012531,0,91.22807,6.516291,0.2506266,0
2022-06-26 02:15:41,0,0,1.25,0.25,0,92,6.25,0.25,0
2022-06-26 02:15:40,0,0,0.9975062,0,0,89.52618,9.476309,0,0
2022-06-26 02:15:39,0,0,0,0,0,94.23559,5.764411,0,0
2022-06-26 02:15:38,0,0,0,0,0,93.01746,6.483791,0.4987531,0
2022-06-26 02:15:37,0,0,0,0.25,0,93.75,5.75,0,0
2022-06-26 02:15:36,0,0,0.2493766,0,0,93.76559,5.985037,0,0
2022-06-26 02:15:35,0,0,0,0,0,95.47739,4.271357,0.2512563,0
2022-06-26 02:15:34,0,0,0,0.2512563,0,79.39698,9.547739,0.2512563,0
2022-06-26 02:15:33,0,0,0.2487562,0.2487562,0,95.52239,3.482587,0.2487562,0
2022-06-26 02:15:32,0,0,0,0,0,98.75,0.75,0.5,0
2022-06-26 02:15:31,0,0,0,0,0,99.5,0.5,0,0
2022-06-26 02:15:30,0,0,0.2506266,0,0,96.99248,2.506266,0.2506266,0
2022-06-26 02:15:29,0,0,0,0,0,98.75622,0.9950249,0.2487562,0
2022-06-26 02:15:28,0,0,0.2506266,0,0,98.24561,1.2531328,0.2506266,0
2022-06-26 02:15:27,0,0,0.5025126,0,0,97.73869,1.5075377,0.2512563,0
2022-06-26 02:15:26,0,0,0.2506266,0,0,99.24812,0.2506266,0.2506266,0
2022-06-26 02:15:25,0,0,0.7462687,0,0,98.00995,0.9950249,0.2487562,0
2022-06-26 02:15:24,0,0,1,0.5,0,94.5,3.75,0.25,0
2022-06-26 02:15:23,0,0,0.5,0.25,0,96.25,2.5,0.5,0
2022-06-26 02:15:22,0,0,0,0,0,99.24812,0.5012531,0.2506266,0
2022-06-26 02:15:21,0,0,0.7462687,0,0,97.51244,1.741294,0,0
2022-06-26 02:15:20,0,0,0.5025126,0,0,97.73869,1.5075377,0.2512563,0
2022-06-26 02:15:19,0,0,0.9975062,0,0,97.50623,1.4962594,0,0
2022-06-26 02:15:18,0,0,0.5012531,0.2506266,0,97.24311,2.005013,0,0
2022-06-26 02:15:17,0,0,0.9975062,0.4987531,0,95.51122,2.743142,0.2493766,0
2022-06-26 02:15:16,0,0,0.7481297,0.2493766,0,96.7581,2.244389,0,0
2022-06-26 02:15:15,0,0,0.2512563,0,0,98.99497,0.7537688,0,0
2022-06-26 02:15:14,0,0,0.7462687,0.2487562,0,96.26866,2.238806,0.4975124,0
2022-06-26 02:15:13,0,0,0.5025126,0,0,97.98995,1.5075377,0,0
2022-06-26 02:15:12,0,0,0.7481297,0.2493766,0,97.00748,1.4962594,0.4987531,0
2022-06-26 02:15:11,0,0,0.9950249,0.4975124,0,95.77114,2.736318,0,0
2022-06-26 02:15:10,0,0,0.7518797,0,0,97.24311,2.005013,0,0
2022-06-26 02:15:09,0,0,0.7537688,0.2512563,0,97.23618,1.758794,0,0
2022-06-26 02:15:08,0,0,0.2506266,0.2506266,0,97.49373,1.5037594,0.5012531,0
2022-06-26 02:15:07,0,0,0.4975124,0.2487562,0,97.01493,2.238806,0,0
2022-06-26 02:15:06,0,0,1,0,0,97,1.5,0.5,0
2022-06-26 02:15:05,0,0,0.5,0.25,0,97,2,0.25,0
2022-06-26 02:15:04,0,0,0.7481297,0.2493766,0,97.00748,1.745636,0.2493766,0
2022-06-26 02:15:03,0,0,0.5,0,0,98.25,1.25,0,0
2022-06-26 02:15:02,0,0,0.5012531,0,0,97.99499,1.0025063,0.5012531,0
2022-06-26 02:15:01,0,0,0.4975124,0.2487562,0,98.00995,1.2437811,0,0
2022-06-26 02:15:00,0,0,0.5,0.25,0,97.25,1.75,0.25,0
2022-06-26 02:14:59,0,0,0.7556675,0,0,97.48111,1.763224,0,0
2022-06-26 02:14:58,0,0,0.7444169,0.248139,0,97.27047,1.4888337,0.248139,0
2022-06-26 02:14:57,0,0,0.75,0.25,0,96.75,2,0.25,0
2022-06-26 02:14:56,0,0,0.5025126,0,0,98.24121,1.2562814,0,0
2022-06-26 02:14:55,0,0,0.25,0,0,98.5,0.75,0.5,0
2022-06-26 02:14:54,0,0,0.5,0,0,97.5,1.5,0.5,0
2022-06-26 02:14:53,0,0,0.7481297,0.4987531,0,96.25935,2.244389,0.2493766,0
2022-06-26 02:14:52,0,0,1,0,0,96.25,2.5,0.25,0
2022-06-26 02:14:51,0,0,0.5025126,0.2512563,0,97.23618,1.758794,0.2512563,0
2022-06-26 02:14:50,0,0,1,0.25,0,95.75,2.75,0.25,0
2022-06-26 02:14:49,0,0,0.7481297,0.2493766,0,96.00998,2.743142,0.2493766,0
2022-06-26 02:14:48,0,0,0.2506266,0,0,98.24561,1.2531328,0.2506266,0
2022-06-26 02:14:47,0,0,0.2493766,0,0,98.50374,0.7481297,0.2493766,0
2022-06-26 02:14:46,0,0,0.5012531,0,0,97.99499,1.5037594,0,0
2022-06-26 02:14:45,0,0,0.2487562,0.2487562,0,96.51741,2.487562,0.4975124,0
2022-06-26 02:14:44,0,0,0.9975062,0,0,95.26185,3.241895,0.4987531,0
2022-06-26 02:14:43,0,0,1.0025063,0.2506266,0,92.4812,6.015038,0.2506266,0
2022-06-26 02:14:42,0,0,1.0025063,0.2506266,0,92.98246,5.513784,0.2506266,0
2022-06-26 02:14:41,0,0,0.7481297,0.2493766,0,93.51621,5.236908,0.2493766,0
2022-06-26 02:14:40,0,0,0.75,0,0,95,4,0.25,0
2022-06-26 02:14:39,0,0,0.7462687,0.4975124,0,92.53731,5.970149,0.2487562,0
2022-06-26 02:14:38,0,0,0.5050505,0,0,93.93939,5.30303,0.2525253,0
2022-06-26 02:14:37,0,0,0.4987531,0.2493766,0,92.26933,6.733167,0.2493766,0
2022-06-26 02:14:36,0,0,0.4975124,0.2487562,0,91.04478,7.462687,0.4975124,0
2022-06-26 02:14:35,0,0,0.2512563,0.2512563,0,93.21608,6.030151,0.2512563,0
2022-06-26 02:14:34,0,0,0.5,0,0,88.5,10,0.25,0
2022-06-26 02:14:33,0,0,0,0.25,0,94,5.5,0.25,0
2022-06-26 02:14:32,0,0,0.2512563,0.2512563,0,95.22613,4.020101,0.2512563,0
2022-06-26 02:14:31,0,0,0,0,0,97.25,2.5,0.25,0
2022-06-26 02:14:30,0,0,0.25,0,0,96.75,2.75,0.25,0
2022-06-26 02:14:29,0,0,0.2487562,0.4975124,0,97.26368,1.741294,0.2487562,0
2022-06-26 02:14:28,0,0,0,0,0,98.49624,1.0025063,0.5012531,0
2022-06-26 02:14:27,0,0,0,0,0,98.99749,1.0025063,0,0
2022-06-26 02:14:26,0,0,0.2493766,0.2493766,0,97.75561,1.4962594,0.2493766,0
2022-06-26 02:14:25,0,0,1.0025063,0,0,97.99499,1.0025063,0,0
2022-06-26 02:14:24,0,0,0.4975124,0.2487562,0,97.51244,1.4925373,0.2487562,0
2022-06-26 02:14:23,0,0,0.7518797,0,0,97.24311,1.754386,0.2506266,0
2022-06-26 02:14:22,0,0,0.25,0,0,99,0.75,0,0
2022-06-26 02:14:21,0,0,0.5,0.25,0,97.5,1.5,0.25,0
2022-06-26 02:14:20,0,0,0.7518797,0,0,96.99248,2.005013,0.2506266,0
2022-06-26 02:14:19,0,0,0.2493766,0,0,98.25436,1.2468828,0.2493766,0
2022-06-26 02:14:18,0,0,0.5,0,0,97.5,1.75,0.25,0
2022-06-26 02:14:17,0,0,0.9950249,0.2487562,0,96.51741,2.238806,0,0
2022-06-26 02:14:16,0,0,0.5025126,0.2512563,0,96.98492,2.261307,0,0
2022-06-26 02:14:15,0,0,0.7462687,0,0,97.76119,1.2437811,0.2487562,0
2022-06-26 02:14:14,0,0,0.5037783,0,0,97.48111,2.015113,0,0
2022-06-26 02:14:13,0,0,0.4987531,0.2493766,0,98.25436,0.7481297,0.2493766,0
2022-06-26 02:14:12,0,0,0.5,0,0,97.75,1.75,0,0
2022-06-26 02:14:11,0,0,0.5012531,0.2506266,0,97.49373,1.2531328,0.5012531,0
2022-06-26 02:14:10,0,0,0.9925558,0.248139,0,96.27792,2.233251,0.248139,0
2022-06-26 02:14:09,0,0,0.7537688,0.2512563,0,97.73869,1.2562814,0,0
2022-06-26 02:14:08,0,0,0.75,0,0,96.75,2.25,0.25,0
2022-06-26 02:14:07,0,0,0.7518797,0.2506266,0,97.49373,1.5037594,0,0
2022-06-26 02:14:06,0,0,0.2487562,0,0,98.25871,1.2437811,0.2487562,0
2022-06-26 02:14:05,0,0,0.5012531,0,0,98.24561,1.0025063,0.2506266,0
2022-06-26 02:14:04,0,0,0.25,0,0,98.75,0.75,0.25,0
2022-06-26 02:14:03,0,0,0.7518797,0,0,96.99248,2.005013,0.2506266,0
2022-06-26 02:14:02,0,0,0.9950249,0.2487562,0,95.52239,2.985075,0.2487562,0
2022-06-26 02:14:01,0,0,1.0050251,0.5025126,0,96.23116,2.261307,0,0
2022-06-26 02:14:00,0,0,0.5,0,0,98,1.25,0.25,0
2022-06-26 02:13:59,0,0,0.2493766,0,0,98.25436,1.2468828,0.2493766,0
2022-06-26 02:13:58,0,0,0.4987531,0.2493766,0,97.50623,1.4962594,0.2493766,0
2022-06-26 02:13:57,0,0,0.2512563,0,0,98.74372,1.0050251,0,0
2022-06-26 02:13:56,0,0,1,0,0,96.5,2.25,0.25,0
2022-06-26 02:13:55,0,0,1,0,0,96.75,2,0.25,0
2022-06-26 02:13:54,0,0,0.75,0,0,97.5,1.5,0.25,0
2022-06-26 02:13:53,0,0,0.4987531,0.2493766,0,97.25686,1.745636,0.2493766,0
2022-06-26 02:13:52,0,0,0.5,0,0,98.25,1,0.25,0
2022-06-26 02:13:51,0,0,0.2493766,0,0,98.25436,1.2468828,0.2493766,0
2022-06-26 02:13:50,0,0,0.5012531,0,0,97.99499,1.0025063,0.5012531,0
2022-06-26 02:13:49,0,0,0.75,0,0,97,2.25,0,0
2022-06-26 02:13:48,0,0,1.0025063,0.2506266,0,94.73684,3.759398,0.2506266,0
2022-06-26 02:13:47,0,0,0.7462687,0.4975124,0,96.26866,2.487562,0,0
2022-06-26 02:13:46,0,0,0.2506266,0,0,96.99248,2.506266,0.2506266,0
2022-06-26 02:13:45,0,0,0.5012531,0,0,97.99499,1.5037594,0,0
2022-06-26 02:13:44,0,0,0.25,0,0,98.25,1.25,0.25,0
2022-06-26 02:13:43,0,0,0.25,0,0,97.5,2.25,0,0
2022-06-26 02:13:42,0,0,0.7481297,0,0,97.25686,1.745636,0.2493766,0
2022-06-26 02:13:41,0,0,0.9950249,0.4975124,0,94.02985,3.9801,0.4975124,0
2022-06-26 02:13:40,0,0,1.0050251,0.2512563,0,92.96482,5.527638,0.2512563,0
2022-06-26 02:13:39,0,0,1.5075377,0,0,92.46231,5.527638,0.2512563,0
2022-06-26 02:13:38,0,0,0.7425743,0.2475248,0,91.83168,6.930693,0.2475248,0
2022-06-26 02:13:37,0,0,0.5025126,0,0,93.21608,6.030151,0.2512563,0
2022-06-26 02:13:36,0,0,0.5012531,0.2506266,0,94.48622,4.511278,0.2506266,0
2022-06-26 02:13:35,0,0,0.9950249,0,0,92.28856,6.467662,0.2487562,0
2022-06-26 02:13:34,0,0,0.5037783,0.2518892,0,90.42821,8.816121,0,0
2022-06-26 02:13:33,0,0,0.4987531,0.2493766,0,90.77307,8.229426,0.2493766,0
2022-06-26 02:13:32,0,0,0,0,0,94,5.75,0.25,0
2022-06-26 02:13:31,0,0,0.25,0.25,0,91,8.25,0,0
2022-06-26 02:13:30,0,0,0,0.25,0,95.5,4.25,0,0
2022-06-26 02:13:29,0,0,0,0,0,96.00998,3.491272,0.4987531,0
2022-06-26 02:13:28,0,0,0.2506266,0,0,96.2406,3.258145,0.2506266,0
2022-06-26 02:13:27,0,0,0,0.2506266,0,96.74185,2.756892,0.2506266,0
2022-06-26 02:13:26,0,0,0,0,0,99.5,0.5,0,0
2022-06-26 02:13:25,0,0,0.4987531,0,0,98.50374,0.7481297,0,0
2022-06-26 02:13:24,0,0,0.5012531,0,0,95.98997,3.258145,0.2506266,0
2022-06-26 02:13:23,0,0,0.2475248,0.2475248,0,97.77228,1.2376238,0.4950495,0
2022-06-26 02:13:22,0,0,0.2512563,0,0,98.49246,1.0050251,0.2512563,0
2022-06-26 02:13:21,0,0,0.5012531,0,0,97.24311,2.005013,0.2506266,0
2022-06-26 02:13:20,0,0,0.5,0,0,98.75,0.5,0.25,0
2022-06-26 02:13:19,0,0,0.4975124,0,0,97.76119,1.4925373,0.2487562,0
2022-06-26 02:13:18,0,0,0.5025126,0.2512563,0,97.73869,1.5075377,0,0
2022-06-26 02:13:17,0,0,0.5,0.25,0,98,1,0.25,0
2022-06-26 02:13:16,0,0,0.4975124,0,0,97.51244,1.741294,0.2487562,0
2022-06-26 02:13:15,0,0,1.0050251,0,0,95.72864,3.015075,0.2512563,0
2022-06-26 02:13:14,0,0,0.7481297,0.2493766,0,97.00748,1.745636,0.2493766,0
2022-06-26 02:13:13,0,0,0.4987531,0.2493766,0,98.00499,1.2468828,0,0
2022-06-26 02:13:12,0,0,0.5012531,0,0,96.99248,2.005013,0.5012531,0
2022-06-26 02:13:11,0,0,0.5,0,0,97.75,1.25,0.5,0
2022-06-26 02:13:10,0,0,0.5,0,0,98.25,1.25,0,0
2022-06-26 02:13:09,0,0,0.5025126,0,0,97.48744,1.5075377,0.5025126,0
2022-06-26 02:13:08,0,0,0.9975062,0.2493766,0,96.00998,2.493766,0.2493766,0
2022-06-26 02:13:07,0,0,0.9950249,0.2487562,0,96.51741,1.99005,0.2487562,0
2022-06-26 02:13:06,0,0,0.5037783,0,0,97.98489,1.511335,0,0
2022-06-26 02:13:05,0,0,0.4987531,0.2493766,0,97.75561,1.2468828,0.2493766,0
2022-06-26 02:13:04,0,0,0.7518797,0,0,97.74436,1.5037594,0,0
2022-06-26 02:13:03,0,0,0.7481297,0.2493766,0,98.00499,0.9975062,0,0
2022-06-26 02:13:02,0,0,0.2493766,0,0,98.00499,1.4962594,0.2493766,0
2022-06-26 02:13:01,0,0,0.7518797,0.2506266,0,97.24311,1.5037594,0.2506266,0
2022-06-26 02:13:00,0,0,1.25,0.25,0,96.25,2,0.25,0
2022-06-26 02:12:59,0,0,0.5,0.25,0,97.25,1.75,0.25,0
2022-06-26 02:12:58,0,0,0.5012531,0.2506266,0,97.99499,1.2531328,0,0
2022-06-26 02:12:57,0,0,0.2506266,0,0,98.99749,0.5012531,0.2506266,0
2022-06-26 02:12:56,0,0,0.4962779,0.248139,0,96.77419,1.985112,0.4962779,0
2022-06-26 02:12:55,0,0,0.7518797,0,0,97.99499,1.2531328,0,0
2022-06-26 02:12:54,0,0,1.0050251,0.2512563,0,96.73367,1.758794,0.2512563,0
2022-06-26 02:12:53,0,0,0.9950249,0,0,96.51741,2.238806,0.2487562,0
2022-06-26 02:12:52,0,0,0.2506266,0,0,98.74687,0.7518797,0.2506266,0
2022-06-26 02:12:51,0,0,0.5,0,0,97.75,1.75,0,0
2022-06-26 02:12:50,0,0,0.2493766,0.2493766,0,97.50623,1.745636,0.2493766,0
2022-06-26 02:12:49,0,0,0.25,0,0,98.25,1.25,0.25,0
2022-06-26 02:12:48,0,0,0.7518797,0,0,96.74185,2.255639,0.2506266,0
2022-06-26 02:12:47,0,0,1,0.25,0,94.5,3.75,0.5,0
2022-06-26 02:12:46,0,0,1,0.25,0,96,2.75,0,0
2022-06-26 02:12:45,0,0,0.5,0.25,0,98,1.25,0,0
2022-06-26 02:12:44,0,0,0.4987531,0.2493766,0,97.50623,1.4962594,0.2493766,0
2022-06-26 02:12:43,0,0,0.5025126,0.7537688,0,96.23116,2.261307,0.2512563,0
2022-06-26 02:12:42,0,0,0.2493766,0,0,98.75312,0.7481297,0.2493766,0
2022-06-26 02:12:41,0,0,0,0,0,98.74687,0.7518797,0.5012531,0
2022-06-26 02:12:40,0,0,0.7462687,0,0,96.51741,2.487562,0.2487562,0
2022-06-26 02:12:39,0,0,0.7518797,0.5012531,0,94.98747,3.508772,0.2506266,0
2022-06-26 02:12:38,0,0,1.5037594,0.2506266,0,91.4787,6.766917,0,0
2022-06-26 02:12:37,0,0,1.2406948,0.248139,0,91.067,6.947891,0.4962779,0
2022-06-26 02:12:36,0,0,1,0.25,0,93.5,5,0.25,0
2022-06-26 02:12:35,0,0,0.9975062,0.2493766,0,89.52618,8.478803,0.7481297,0
2022-06-26 02:12:34,0,0,0.5037783,0.2518892,0,91.93955,7.052897,0.2518892,0
2022-06-26 02:12:33,0,0,0.2493766,0,0,92.26933,7.481297,0,0
2022-06-26 02:12:32,0,0,0.2506266,0.2506266,0,93.73434,5.513784,0.2506266,0
2022-06-26 02:12:31,0,0,0.2487562,0,0,92.28856,6.965174,0.2487562,0
2022-06-26 02:12:30,0,0,0,0,0,91.45729,8.040201,0.2512563,0
2022-06-26 02:12:29,0,0,0.25,0,0,92,7.25,0.25,0
2022-06-26 02:12:28,0,0,0,0,0,90.90909,8.080808,0.2525253,0
2022-06-26 02:12:27,0,0,0.25,0,0,95,4.25,0.25,0
2022-06-26 02:12:26,0,0,0.2493766,0.2493766,0,96.50873,2.743142,0.2493766,0
2022-06-26 02:12:25,0,0,1.2562814,0,0,97.73869,1.0050251,0,0
2022-06-26 02:12:24,0,0,0.25,0,0,98.75,1,0,0
2022-06-26 02:12:23,0,0,0,0.2493766,0,98.50374,0.7481297,0.4987531,0
2022-06-26 02:12:22,0,0,0,0,0,99,0.75,0.25,0
2022-06-26 02:12:21,0,0,0.75,0,0,95.75,3.25,0.25,0
2022-06-26 02:12:20,0,0,0.25,0.25,0,98.25,1.25,0,0
2022-06-26 02:12:19,0,0,0.5,0,0,97.5,1.75,0.25,0
2022-06-26 02:12:18,0,0,0.5,0,0,97.75,1.5,0.25,0
2022-06-26 02:12:17,0,0,0.7481297,0,0,97.00748,2.244389,0,0
2022-06-26 02:12:16,0,0,0.2512563,0,0,98.49246,1.0050251,0.2512563,0
2022-06-26 02:12:15,0,0,0.4987531,0.2493766,0,97.50623,1.4962594,0.2493766,0
2022-06-26 02:12:14,0,0,0.75,0,0,97,2,0.25,0
2022-06-26 02:12:13,0,0,0.2506266,0,0,98.74687,0.7518797,0.2506266,0
2022-06-26 02:12:12,0,0,0.7481297,0,0,97.50623,1.4962594,0.2493766,0
2022-06-26 02:12:11,0,0,1.2531328,0.2506266,0,95.2381,3.007519,0.2506266,0
2022-06-26 02:12:10,0,0,0.4975124,0,0,97.26368,1.99005,0.2487562,0
2022-06-26 02:12:09,0,0,0,0,0,99.24433,0.7556675,0,0
2022-06-26 02:12:08,0,0,0.4987531,0,0,97.25686,1.4962594,0.4987531,0
2022-06-26 02:12:07,0,0,0.9975062,0,0,96.50873,2.493766,0,0
2022-06-26 02:12:06,0,0,0.25,0,0,97.75,1.5,0.5,0
2022-06-26 02:12:05,0,0,0.7481297,0.2493766,0,96.25935,2.244389,0.4987531,0
2022-06-26 02:12:04,0,0,1.5037594,0,0,95.73935,2.506266,0.2506266,0
2022-06-26 02:12:03,0,0,0.2493766,0.2493766,0,97.50623,1.745636,0.2493766,0
2022-06-26 02:12:02,0,0,0,0,0,99.24812,0.7518797,0,0
2022-06-26 02:12:01,0,0,0.7481297,0,0,97.00748,1.995012,0.2493766,0
2022-06-26 02:12:00,0,0,0.5025126,0,0,97.48744,1.758794,0.2512563,0
2022-06-26 02:11:59,0,0,0.4975124,0.2487562,0,98.25871,0.4975124,0.4975124,0
2022-06-26 02:11:58,0,0,1.0025063,0.2506266,0,95.73935,2.756892,0.2506266,0
2022-06-26 02:11:57,0,0,1.2437811,0.2487562,0,94.77612,3.482587,0.2487562,0
2022-06-26 02:11:56,0,0,0.2512563,0,0,98.99497,0.7537688,0,0
2022-06-26 02:11:55,0,0,0,0,0,99.00249,0.7481297,0.2493766,0
2022-06-26 02:11:54,0,0,0.4987531,0.2493766,0,98.00499,0.9975062,0.2493766,0
2022-06-26 02:11:53,0,0,0.7537688,0,0,97.73869,1.5075377,0,0
2022-06-26 02:11:52,0,0,0.4975124,0.2487562,0,97.51244,1.2437811,0.4975124,0
2022-06-26 02:11:51,0,0,1.2531328,0,0,95.48872,3.007519,0.2506266,0
2022-06-26 02:11:50,0,0,1.2468828,0.4987531,0,94.51372,3.241895,0.4987531,0
2022-06-26 02:11:49,0,0,0,0,0,99,0.75,0.25,0
2022-06-26 02:11:48,0,0,0,0,0,98.74055,0.7556675,0.5037783,0
2022-06-26 02:11:47,0,0,0.4987531,0,0,97.00748,1.995012,0.4987531,0
2022-06-26 02:11:46,0,0,0.5,0,0,98,1.5,0,0
2022-06-26 02:11:45,0,0,0.5,0,0,97.75,1.5,0.25,0
2022-06-26 02:11:44,0,0,0.75,0,0,94.75,4,0.5,0
2022-06-26 02:11:43,0,0,0.9975062,0.4987531,0,94.76309,3.491272,0.2493766,0
2022-06-26 02:11:42,0,0,0.75,0,0,96.5,2.5,0.25,0
2022-06-26 02:11:41,0,0,0.2493766,0,0,98.50374,0.9975062,0.2493766,0
2022-06-26 02:11:40,0,0,0,0,0,98.24121,1.5075377,0.2512563,0
2022-06-26 02:11:39,0,0,0.25,0,0,97.75,1.75,0.25,0
2022-06-26 02:11:38,0,0,0.75,0,0,97,2.25,0,0
2022-06-26 02:11:37,0,0,0.7462687,0.2487562,0,95.52239,3.233831,0.2487562,0
2022-06-26 02:11:36,0,0,0.7537688,0,0,94.97487,4.020101,0.2512563,0
2022-06-26 02:11:35,0,0,1.25,0.5,0,92.25,5.75,0.25,0
2022-06-26 02:11:34,0,0,2,0.25,0,88,9.5,0.25,0
2022-06-26 02:11:33,0,0,0.75,0,0,92.75,6.5,0,0
2022-06-26 02:11:32,0,0,0.5012531,0.2506266,0,91.97995,7.017544,0.2506266,0
2022-06-26 02:11:31,0,0,0.4950495,0.2475248,0,92.57426,6.188119,0.4950495,0
2022-06-26 02:11:30,0,0,0.5012531,0.2506266,0,92.23058,6.516291,0.5012531,0
2022-06-26 02:11:29,0,0,0.25,0.25,0,91.75,7.25,0.5,0
2022-06-26 02:11:28,0,0,0,0,0,93.48371,6.265664,0.2506266,0
2022-06-26 02:11:27,0,0,0.2506266,0,0,90.97744,7.769424,0.2506266,0
2022-06-26 02:11:26,0,0,0.2518892,0.2518892,0,90.17632,7.052897,0.5037783,0
2022-06-26 02:11:25,0,0,0.5012531,0,0,94.73684,4.511278,0.2506266,0
2022-06-26 02:11:24,0,0,0,0.2493766,0,97.50623,1.995012,0.2493766,0
2022-06-26 02:11:23,0,0,0.2506266,0,0,97.99499,1.2531328,0.5012531,0
2022-06-26 02:11:22,0,0,0,0,0,98.75,1.25,0,0
2022-06-26 02:11:21,0,0,0,0,0,98.75,1,0.25,0
2022-06-26 02:11:20,0,0,0.5,0,0,98.5,0.75,0.25,0
2022-06-26 02:11:19,0,0,0.2512563,0,0,98.74372,1.0050251,0,0
2022-06-26 02:11:18,0,0,0.2493766,0.2493766,0,98.25436,0.7481297,0.4987531,0
2022-06-26 02:11:17,0,0,0.4987531,0,0,98.75312,0.7481297,0,0
2022-06-26 02:11:16,0,0,0.5012531,0.2506266,0,96.99248,2.005013,0.2506266,0
2022-06-26 02:11:15,0,0,0.75,0,0,96.5,2.5,0.25,0
2022-06-26 02:11:14,0,0,0.4962779,0.248139,0,97.76675,1.2406948,0.248139,0
2022-06-26 02:11:13,0,0,0.5037783,0,0,97.733,1.511335,0.2518892,0
2022-06-26 02:11:12,0,0,0.5,0.25,0,98,1.25,0,0
2022-06-26 02:11:11,0,0,0.25,0,0,99,0.5,0.25,0
2022-06-26 02:11:10,0,0,0.4987531,0.2493766,0,96.00998,2.992519,0.2493766,0
2022-06-26 02:11:09,0,0,1.0025063,0,0,95.98997,3.007519,0,0
2022-06-26 02:11:08,0,0,0.75,0,0,97.25,1.5,0.5,0
2022-06-26 02:11:07,0,0,0.2487562,0,0,98.50746,0.9950249,0.2487562,0
2022-06-26 02:11:06,0,0,0.7537688,0,0,97.48744,1.758794,0,0
2022-06-26 02:11:05,0,0,0.5,0,0,98.5,0.75,0.25,0
2022-06-26 02:11:04,0,0,0.25,0,0,98,1.5,0.25,0
2022-06-26 02:11:03,0,0,1.25,0,0,95.25,3.25,0.25,0
2022-06-26 02:11:02,0,0,0.9975062,0.4987531,0,96.50873,1.745636,0.2493766,0
2022-06-26 02:11:01,0,0,0.2512563,0,0,97.98995,1.5075377,0.2512563,0
2022-06-26 02:11:00,0,0,0.2487562,0,0,98.00995,1.2437811,0.4975124,0
2022-06-26 02:10:59,0,0,1.0025063,0,0,96.99248,1.754386,0.2506266,0
2022-06-26 02:10:58,0,0,0.4987531,0.2493766,0,97.75561,1.2468828,0.2493766,0
2022-06-26 02:10:57,0,0,0.4987531,0.2493766,0,97.00748,2.244389,0,0
2022-06-26 02:10:56,0,0,1.0025063,0,0,97.24311,1.5037594,0.2506266,0
2022-06-26 02:10:55,0,0,0.9975062,0,0,96.50873,1.995012,0.4987531,0
2022-06-26 02:10:54,0,0,0.2512563,0,0,98.74372,0.7537688,0.2512563,0
2022-06-26 02:10:53,0,0,0,0.25,0,99,0.5,0.25,0
2022-06-26 02:10:52,0,0,0.9975062,0,0,97.50623,0.9975062,0.4987531,0
2022-06-26 02:10:51,0,0,0.7518797,0,0,96.99248,2.255639,0,0
2022-06-26 02:10:50,0,0,0.5012531,0,0,97.49373,2.005013,0,0
2022-06-26 02:10:49,0,0,0.7481297,0,0,97.00748,1.995012,0.2493766,0
2022-06-26 02:10:48,0,0,0.4987531,0.2493766,0,97.00748,1.745636,0.4987531,0
2022-06-26 02:10:47,0,0,0.7518797,0,0,97.49373,1.5037594,0.2506266,0
2022-06-26 02:10:46,0,0,0,0,0,99,0.75,0.25,0
2022-06-26 02:10:45,0,0,0.4962779,0.248139,0,96.02978,2.729529,0.248139,0
2022-06-26 02:10:44,0,0,1.0050251,0.2512563,0,95.47739,3.266332,0,0
2022-06-26 02:10:43,0,0,0.7462687,0.2487562,0,97.01493,1.741294,0.2487562,0
2022-06-26 02:10:42,0,0,0.5,0,0,97.75,1.5,0.25,0
2022-06-26 02:10:41,0,0,0.5012531,0,0,96.99248,2.005013,0.5012531,0
2022-06-26 02:10:40,0,0,0.5,0,0,97,2.5,0,0
2022-06-26 02:10:39,0,0,1.2468828,0.2493766,0,95.26185,2.743142,0.4987531,0
2022-06-26 02:10:38,0,0,0,0,0,98.49246,1.2562814,0.2512563,0
2022-06-26 02:10:37,0,0,0.2506266,0,0,96.99248,2.506266,0.2506266,0
2022-06-26 02:10:36,0,0,0.9975062,0.2493766,0,94.01496,4.488778,0.2493766,0
2022-06-26 02:10:35,0,0,1.4925373,0.2487562,0,92.0398,5.970149,0.2487562,0
2022-06-26 02:10:34,0,0,1.2468828,0.4987531,0,90.27431,7.730673,0.2493766,0
2022-06-26 02:10:33,0,0,0.7537688,0.2512563,0,92.96482,5.778894,0.2512563,0
2022-06-26 02:10:32,0,0,0.25,0,0,94.5,5,0.25,0
2022-06-26 02:10:31,0,0,0.5012531,0.2506266,0,92.23058,6.766917,0.2506266,0
2022-06-26 02:10:30,0,0,0.7518797,0,0,94.48622,4.511278,0.2506266,0
2022-06-26 02:10:29,0,0,0.7444169,0.248139,0,91.81141,7.19603,0,0
2022-06-26 02:10:28,0,0,0.5,0.25,0,88.25,10.5,0.5,0
2022-06-26 02:10:27,0,0,0.2512563,0,0,91.20603,8.291457,0,0
2022-06-26 02:10:26,0,0,0,0,0,93.26683,5.985037,0.2493766,0
2022-06-26 02:10:25,0,0,1.0050251,0,0,90.95477,7.537688,0.2512563,0
2022-06-26 02:10:24,0,0,0.2487562,0,0,96.76617,2.736318,0.2487562,0
2022-06-26 02:10:23,0,0,0,0.2506266,0,95.73935,3.508772,0.5012531,0
2022-06-26 02:10:22,0,0,0,0.2506266,0,95.48872,3.258145,0.5012531,0
2022-06-26 02:10:21,0,0,0.2506266,0,0,98.74687,1.0025063,0,0
2022-06-26 02:10:20,0,0,0,0,0,99.00249,0.7481297,0.2493766,0
2022-06-26 02:10:19,0,0,0,0,0,98.75,1.25,0,0
2022-06-26 02:10:18,0,0,0.2506266,0.2506266,0,98.49624,0.7518797,0.2506266,0
2022-06-26 02:10:17,0,0,0.4962779,0.248139,0,97.27047,1.736973,0.248139,0
2022-06-26 02:10:16,0,0,1.0075567,0,0,96.47355,2.518892,0,0
2022-06-26 02:10:15,0,0,0.2487562,0.2487562,0,98.75622,0.4975124,0.2487562,0
2022-06-26 02:10:14,0,0,0.2506266,0,0,98.24561,1.2531328,0.2506266,0
2022-06-26 02:10:13,0,0,0.5,0.25,0,97,2,0.25,0
2022-06-26 02:10:12,0,0,0,0,0,98.99749,0.7518797,0.2506266,0
2022-06-26 02:10:11,0,0,0.9950249,0,0,96.76617,1.741294,0.4975124,0
2022-06-26 02:10:10,0,0,0.7518797,0.2506266,0,96.74185,2.005013,0.2506266,0
2022-06-26 02:10:09,0,0,1.2468828,0,0,96.00998,2.493766,0.2493766,0
2022-06-26 02:10:08,0,0,0.5025126,0,0,98.24121,1.2562814,0,0
2022-06-26 02:10:07,0,0,0.25,0,0,98.5,1,0.25,0
2022-06-26 02:10:06,0,0,0.2493766,0.2493766,0,98.50374,0.7481297,0.2493766,0
2022-06-26 02:10:05,0,0,0.25,0,0,97.75,1.5,0.5,0
2022-06-26 02:10:04,0,0,0.7518797,0.2506266,0,96.99248,2.005013,0,0
2022-06-26 02:10:03,0,0,1.2437811,0.4975124,0,94.02985,3.731343,0.4975124,0
2022-06-26 02:10:02,0,0,0.7537688,0.2512563,0,96.73367,2.261307,0,0
2022-06-26 02:10:01,0,0,0.4987531,0,0,97.75561,1.745636,0,0
2022-06-26 02:10:00,0,0,0.2512563,0.2512563,0,98.24121,1.2562814,0,0
2022-06-26 02:09:59,0,0,0.2493766,0,0,99.00249,0.4987531,0.2493766,0
2022-06-26 02:09:58,0,0,0.25,0,0,97.25,2.25,0.25,0
2022-06-26 02:09:57,0,0,0.9975062,0.4987531,0,96.25935,1.995012,0.2493766,0
2022-06-26 02:09:56,0,0,1.2468828,0.2493766,0,95.7606,2.493766,0.2493766,0
2022-06-26 02:09:55,0,0,0.7537688,0.2512563,0,97.23618,1.5075377,0.2512563,0
2022-06-26 02:09:54,0,0,0.4987531,0.2493766,0,97.75561,1.2468828,0.2493766,0
2022-06-26 02:09:53,0,0,0.2506266,0,0,98.99749,0.7518797,0,0
2022-06-26 02:09:52,0,0,0,0,0,99.25187,0.4987531,0.2493766,0
2022-06-26 02:09:51,0,0,0.2506266,0,0,98.74687,0.7518797,0.2506266,0
2022-06-26 02:09:50,0,0,1.2468828,0.2493766,0,95.7606,2.244389,0.4987531,0
2022-06-26 02:09:49,0,0,1.2531328,0.5012531,0,95.48872,2.756892,0,0
2022-06-26 02:09:48,0,0,0.5,0,0,96.25,2.75,0.5,0
2022-06-26 02:09:47,0,0,0.5,0,0,98.25,1,0.25,0
2022-06-26 02:09:46,0,0,0.2487562,0.4975124,0,98.25871,0.7462687,0,0
2022-06-26 02:09:45,0,0,0,0,0,98.74687,0.7518797,0.5012531,0
2022-06-26 02:09:44,0,0,0.25,0,0,98.25,1.5,0,0
2022-06-26 02:09:43,0,0,0.7462687,0.2487562,0,96.76617,1.99005,0.2487562,0
2022-06-26 02:09:42,0,0,1.0025063,0.2506266,0,95.48872,3.258145,0,0
2022-06-26 02:09:41,0,0,0.7537688,0,0,95.72864,3.015075,0.5025126,0
2022-06-26 02:09:40,0,0,0.9950249,0.2487562,0,94.77612,3.731343,0.2487562,0
2022-06-26 02:09:39,0,0,0.2506266,0.2506266,0,97.99499,1.5037594,0,0
2022-06-26 02:09:38,0,0,0.2493766,0,0,98.50374,0.7481297,0.4987531,0
2022-06-26 02:09:37,0,0,0.25,0,0,99,0.5,0.25,0
2022-06-26 02:09:36,0,0,0.25,0,0,98.75,0.75,0.25,0
2022-06-26 02:09:35,0,0,0.75,0.25,0,96.75,2.25,0,0
2022-06-26 02:09:34,0,0,1.0025063,0,0,94.23559,4.511278,0.2506266,0
2022-06-26 02:09:33,0,0,1.2468828,0.2493766,0,93.51621,4.488778,0.4987531,0
2022-06-26 02:09:32,0,0,1.2562814,0.5025126,0,91.45729,6.532663,0.2512563,0
2022-06-26 02:09:31,0,0,1.2406948,0.4962779,0,89.57816,8.436725,0.248139,0
2022-06-26 02:09:30,0,0,0.7575758,0,0,93.93939,5.050505,0.2525253,0
2022-06-26 02:09:29,0,0,0.4975124,0.2487562,0,92.53731,6.467662,0.2487562,0
2022-06-26 02:09:28,0,0,0,0,0,95.47739,4.271357,0,0
2022-06-26 02:09:27,0,0,0.248139,0,0,94.54094,4.962779,0.248139,0
2022-06-26 02:09:26,0,0,0,0.25,0,94.25,5,0.5,0
2022-06-26 02:09:25,0,0,1.5037594,0,0,89.22306,8.521303,0.2506266,0
2022-06-26 02:09:24,0,0,0.7481297,0,0,87.53117,11.471322,0.2493766,0
2022-06-26 02:09:23,0,0,0.5037783,0,0,93.45088,6.04534,0,0
2022-06-26 02:09:22,0,0,0,0.4987531,0,94.51372,4.488778,0.2493766,0
2022-06-26 02:09:21,0,0,0,0,0,97.50623,2.493766,0,0
2022-06-26 02:09:20,0,0,0.25,0,0,96.5,2.5,0.75,0
2022-06-26 02:09:19,0,0,0,0.2506266,0,97.74436,2.005013,0,0
2022-06-26 02:09:18,0,0,0.2493766,0,0,97.00748,2.493766,0.2493766,0
2022-06-26 02:09:17,0,0,0,0.248139,0,98.51117,0.9925558,0.248139,0
2022-06-26 02:09:16,0,0,0,0,0,99.24051,0.7594937,0,0
2022-06-26 02:09:15,0,0,0.990099,0.2475248,0,96.0396,2.227723,0.4950495,0
2022-06-26 02:09:14,0,0,0.2512563,0.2512563,0,97.73869,1.5075377,0.2512563,0
2022-06-26 02:09:13,0,0,0.5,0,0,97.25,2,0.25,0
2022-06-26 02:09:12,0,0,0.2493766,0.2493766,0,98.50374,0.7481297,0.2493766,0
2022-06-26 02:09:11,0,0,0.2506266,0,0,97.99499,1.5037594,0.2506266,0
2022-06-26 02:09:10,0,0,0.5012531,0.2506266,0,96.49123,2.506266,0.2506266,0
2022-06-26 02:09:09,0,0,0.75,0,0,97.75,1.25,0.25,0
2022-06-26 02:09:08,0,0,0.5,0.25,0,95.25,3.5,0.5,0
2022-06-26 02:09:07,0,0,1.5,0,0,96.5,2,0,0
2022-06-26 02:09:06,0,0,0.25,0.25,0,97.75,1.25,0.5,0
2022-06-26 02:09:05,0,0,0.5,0,0,98.25,1,0.25,0
2022-06-26 02:09:04,0,0,1,0,0,95.75,3.25,0,0
2022-06-26 02:09:03,0,0,0.2493766,0,0,97.75561,1.4962594,0.4987531,0
2022-06-26 02:09:02,0,0,0.5012531,0.2506266,0,97.49373,1.754386,0,0
2022-06-26 02:09:01,0,0,0.7481297,0,0,97.00748,1.995012,0.2493766,0
2022-06-26 02:09:00,0,0,1,0,0,97.5,1.5,0,0
2022-06-26 02:08:59,0,0,0.5012531,0,0,97.99499,1.5037594,0,0
2022-06-26 02:08:58,0,0,1,0.25,0,96.25,2.25,0.25,0
2022-06-26 02:08:57,0,0,0.4987531,0.2493766,0,96.00998,2.743142,0.4987531,0
2022-06-26 02:08:56,0,0,0,0,0,99.25373,0.2487562,0.4975124,0
2022-06-26 02:08:55,0,0,0.5037783,0,0,97.733,1.511335,0.2518892,0
2022-06-26 02:08:54,0,0,1.2437811,0,0,95.52239,2.985075,0.2487562,0
2022-06-26 02:08:53,0,0,0.7481297,0.2493766,0,96.7581,1.745636,0.4987531,0
2022-06-26 02:08:52,0,0,0.75,0.25,0,96.5,2.25,0.25,0
2022-06-26 02:08:51,0,0,0.7537688,0,0,98.24121,1.0050251,0,0
2022-06-26 02:08:50,0,0,0,0,0,99.74937,0.2506266,0,0
2022-06-26 02:08:49,0,0,0.2487562,0,0,98.75622,0.7462687,0.2487562,0
2022-06-26 02:08:48,0,0,0.2512563,0,0,98.49246,1.2562814,0,0
2022-06-26 02:08:47,0,0,0.9925558,0.4962779,0,95.03722,3.225806,0.248139,0
2022-06-26 02:08:46,0,0,1.2531328,0,0,95.2381,3.007519,0.5012531,0
2022-06-26 02:08:45,0,0,1.0075567,0.2518892,0,94.20655,4.534005,0,0
2022-06-26 02:08:44,0,0,0.7481297,0,0,97.00748,1.745636,0.4987531,0
2022-06-26 02:08:43,0,0,0,0,0,99.24623,0.7537688,0,0
2022-06-26 02:08:42,0,0,0,0.2493766,0,97.75561,1.745636,0.2493766,0
2022-06-26 02:08:41,0,0,0,0,0,99.25,0.5,0.25,0
2022-06-26 02:08:40,0,0,1,0,0,96.5,2,0.5,0
2022-06-26 02:08:39,0,0,1.5,0.25,0,93.5,4.75,0,0
2022-06-26 02:08:38,0,0,1,0.25,0,96.25,2,0.5,0
2022-06-26 02:08:37,0,0,0.4962779,0,0,97.51861,1.4888337,0.4962779,0
2022-06-26 02:08:36,0,0,0.7556675,0.2518892,0,97.733,1.0075567,0.2518892,0
2022-06-26 02:08:35,0,0,0.2493766,0,0,99.00249,0.4987531,0.2493766,0
2022-06-26 02:08:34,0,0,0,0,0,99.25,0.5,0.25,0
2022-06-26 02:08:33,0,0,0,0,0,97.49373,2.005013,0.2506266,0
2022-06-26 02:08:32,0,0,0.7462687,0,0,96.26866,2.736318,0.2487562,0
2022-06-26 02:08:31,0,0,1.0025063,0.5012531,0,95.98997,2.255639,0.2506266,0
2022-06-26 02:08:30,0,0,1.4925373,0.4975124,0,93.03483,4.726368,0.2487562,0
2022-06-26 02:08:29,0,0,1.75,0.25,0,90.25,7.5,0.25,0
2022-06-26 02:08:28,0,0,1.2594458,0.2518892,0,89.92443,8.312343,0.2518892,0
2022-06-26 02:08:27,0,0,0.5,0.25,0,93.25,5.75,0.25,0
2022-06-26 02:08:26,0,0,0.4987531,0,0,92.76808,6.483791,0,0
2022-06-26 02:08:25,0,0,0.4987531,0,0,94.01496,4.987531,0.4987531,0
2022-06-26 02:08:24,0,0,0.25,0,0,94.75,5,0,0
2022-06-26 02:08:23,0,0,0.2512563,0,0,92.46231,7.035176,0.2512563,0
2022-06-26 02:08:22,0,0,0,0,0,86.1461,10.327456,0.2518892,0
2022-06-26 02:08:21,0,0,0,0,0,89.47368,7.26817,0.2506266,0
2022-06-26 02:08:20,0,0,0.2493766,0,0,94.01496,4.987531,0.4987531,0
2022-06-26 02:08:19,0,0,0,0.2518892,0,97.22922,2.267003,0.2518892,0
2022-06-26 02:08:18,0,0,0.2493766,0,0,98.75312,0.4987531,0.4987531,0
2022-06-26 02:08:17,0,0,0,0,0,99.25,0.75,0,0
2022-06-26 02:08:16,0,0,0.25,0,0,99,0.5,0.25,0
2022-06-26 02:08:15,0,0,0,0.25,0,99.5,0,0.25,0
2022-06-26 02:08:14,0,0,0,0,0,98.25,1.5,0.25,0
2022-06-26 02:08:13,0,0,0.25,0,0,98,1.5,0.25,0
2022-06-26 02:08:12,0,0,0.7518797,0.2506266,0,96.49123,2.255639,0.2506266,0
2022-06-26 02:08:11,0,0,1.25,0.25,0,95.25,3.25,0,0
2022-06-26 02:08:10,0,0,0.2493766,0.2493766,0,98.75312,0.4987531,0.2493766,0
2022-06-26 02:08:09,0,0,0.5,0,0,98,1.25,0.25,0
2022-06-26 02:08:08,0,0,0,0,0,99,0.75,0.25,0
2022-06-26 02:08:07,0,0,0,0,0,98.25,1.75,0,0
2022-06-26 02:08:06,0,0,0.7518797,0,0,97.24311,1.754386,0.2506266,0
2022-06-26 02:08:05,0,0,1,0.25,0,97,1.5,0.25,0
2022-06-26 02:08:04,0,0,1.5,0,0,96,2.25,0.25,0
2022-06-26 02:08:03,0,0,0.4987531,0,0,98.00499,1.2468828,0.2493766,0
2022-06-26 02:08:02,0,0,0.2506266,0.2506266,0,97.74436,1.5037594,0.2506266,0
2022-06-26 02:08:01,0,0,0,0,0,98.5,1.25,0.25,0
2022-06-26 02:08:00,0,0,0.2493766,0,0,99.00249,0.4987531,0.2493766,0
2022-06-26 02:07:59,0,0,0.5,0,0,97.75,1.5,0.25,0
2022-06-26 02:07:58,0,0,1.4962594,0.7481297,0,94.51372,3.241895,0,0
2022-06-26 02:07:57,0,0,1.0126582,0.5063291,0,95.94937,2.278481,0.2531646,0
2022-06-26 02:07:56,0,0,0.7407407,0,0,96.04938,2.962963,0.2469136,0
2022-06-26 02:07:55,0,0,0.5012531,0.2506266,0,97.74436,1.5037594,0,0
2022-06-26 02:07:54,0,0,0,0,0,99.25187,0.4987531,0.2493766,0
2022-06-26 02:07:53,0,0,0.2506266,0.2506266,0,98.74687,0.5012531,0.2506266,0
2022-06-26 02:07:52,0,0,0.5025126,0,0,97.48744,1.758794,0.2512563,0
2022-06-26 02:07:51,0,0,0.9975062,0.2493766,0,96.25935,2.493766,0,0
2022-06-26 02:07:50,0,0,1.4962594,0.2493766,0,95.26185,2.743142,0.2493766,0
2022-06-26 02:07:49,0,0,1,0.25,0,95.75,3,0,0
2022-06-26 02:07:48,0,0,0.2493766,0,0,98.25436,1.2468828,0.2493766,0
2022-06-26 02:07:47,0,0,0.2493766,0,0,98.50374,0.7481297,0.4987531,0
2022-06-26 02:07:46,0,0,0,0,0,98.48485,1.5151515,0,0
2022-06-26 02:07:45,0,0,0.4975124,0,0,98.00995,0.9950249,0.4975124,0
2022-06-26 02:07:44,0,0,1.0025063,0.5012531,0,95.98997,2.255639,0.2506266,0
2022-06-26 02:07:43,0,0,1.75,0.25,0,93.25,4.5,0.25,0
2022-06-26 02:07:42,0,0,0.9975062,0,0,95.51122,3.491272,0,0
2022-06-26 02:07:41,0,0,0,0,0,99,0.75,0.25,0
2022-06-26 02:07:40,0,0,0,0,0,98.99749,1.0025063,0,0
2022-06-26 02:07:39,0,0,0,0,0,99.25187,0.4987531,0.2493766,0
2022-06-26 02:07:38,0,0,0.25,0,0,98.5,1.25,0,0
2022-06-26 02:07:37,0,0,0.7518797,0,0,96.49123,2.506266,0.2506266,0
2022-06-26 02:07:36,0,0,1.4888337,0.4962779,0,91.81141,5.955335,0.248139,0
2022-06-26 02:07:35,0,0,1.0025063,0,0,96.99248,1.754386,0.2506266,0
2022-06-26 02:07:34,0,0,0.4987531,0,0,97.25686,1.995012,0.2493766,0
2022-06-26 02:07:33,0,0,0.5025126,0.2512563,0,97.73869,1.5075377,0,0
2022-06-26 02:07:32,0,0,0,0,0,99.24623,0.5025126,0.2512563,0
2022-06-26 02:07:31,0,0,0,0.2487562,0,98.75622,0.7462687,0.2487562,0
2022-06-26 02:07:30,0,0,0.2493766,0,0,98.25436,1.4962594,0,0
2022-06-26 02:07:29,0,0,0.7537688,0.2512563,0,97.23618,1.758794,0,0
2022-06-26 02:07:28,0,0,0.9925558,0.248139,0,91.56328,6.451613,0.7444169,0
2022-06-26 02:07:27,0,0,2.015113,0.5037783,0,90.42821,6.801008,0.2518892,0
2022-06-26 02:07:26,0,0,1.4925373,0,0,91.29353,6.716418,0.2487562,0
2022-06-26 02:07:25,0,0,1.4925373,0.2487562,0,88.55721,9.20398,0.4975124,0
2022-06-26 02:07:24,0,0,0.2525253,0,0,92.42424,6.818182,0.5050505,0
2022-06-26 02:07:23,0,0,0.2493766,0,0,93.01746,6.234414,0.4987531,0
2022-06-26 02:07:22,0,0,0.2493766,0,0,95.51122,3.990025,0.2493766,0
2022-06-26 02:07:21,0,0,0,0,0,92.17172,7.323232,0.2525253,0
2022-06-26 02:07:20,0,0,0,0,0,93.28358,6.218905,0.2487562,0
2022-06-26 02:07:19,0,0,0,0,0,89.94975,8.79397,0,0
2022-06-26 02:07:18,0,0,0.2525253,0,0,75.25253,11.111111,0.5050505,0
2022-06-26 02:07:17,0,0,0,0,0,95.2381,4.511278,0,0
2022-06-26 02:07:16,0,0,0.2506266,0,0,98.24561,1.5037594,0,0
2022-06-26 02:07:15,0,0,0,0.25,0,98.75,0.75,0.25,0
2022-06-26 02:07:14,0,0,0.2493766,0,0,99.00249,0.7481297,0,0
2022-06-26 02:07:13,0,0,0,0.2487562,0,98.75622,0.7462687,0.2487562,0
2022-06-26 02:07:12,0,0,0,0,0,99.74811,0.2518892,0,0
2022-06-26 02:07:11,0,0,0,0,0,99.5,0.5,0,0
2022-06-26 02:07:10,0,0,0.25,0,0,98.75,0.75,0.25,0
2022-06-26 02:07:09,0,0,0.7481297,0.2493766,0,97.50623,1.4962594,0,0
2022-06-26 02:07:08,0,0,0.7537688,0,0,96.48241,2.512563,0.2512563,0
2022-06-26 02:07:07,0,0,0.9925558,0,0,96.52605,2.233251,0.248139,0
2022-06-26 02:07:06,0,0,0,0,0,99.24623,0.7537688,0,0
2022-06-26 02:07:05,0,0,0.2493766,0,0,98.75312,0.7481297,0.2493766,0
2022-06-26 02:07:04,0,0,0,0,0,99.24812,0.5012531,0.2506266,0
2022-06-26 02:07:03,0,0,0.5,0,0,98,1.5,0,0
2022-06-26 02:07:02,0,0,1.2468828,0.2493766,0,95.26185,2.743142,0.4987531,0
2022-06-26 02:07:01,0,0,1.5037594,0,0,95.2381,3.007519,0.2506266,0
2022-06-26 02:07:00,0,0,0.4987531,0.2493766,0,97.50623,1.4962594,0.2493766,0
2022-06-26 02:06:59,0,0,0.2493766,0,0,98.50374,0.9975062,0.2493766,0
2022-06-26 02:06:58,0,0,0,0,0,99.24812,0.5012531,0.2506266,0
2022-06-26 02:06:57,0,0,0,0,0,99.25,0.5,0.25,0
2022-06-26 02:06:56,0,0,0.5012531,0,0,97.74436,1.754386,0,0
2022-06-26 02:06:55,0,0,1.25,0,0,96,2.5,0.25,0
2022-06-26 02:06:54,0,0,1.2468828,0.4987531,0,94.26434,3.740648,0.2493766,0
2022-06-26 02:06:53,0,0,0.75,0,0,97,2,0.25,0
2022-06-26 02:06:52,0,0,0.25,0,0,98,1.5,0.25,0
2022-06-26 02:06:51,0,0,0,0,0,99.25187,0.4987531,0.2493766,0
2022-06-26 02:06:50,0,0,0.2506266,0,0,98.49624,1.0025063,0.2506266,0
2022-06-26 02:06:49,0,0,0.75,0.25,0,97.25,1.75,0,0
2022-06-26 02:06:48,0,0,0.7518797,0.2506266,0,96.99248,1.5037594,0.5012531,0
2022-06-26 02:06:47,0,0,1.741294,0.4975124,0,92.53731,4.726368,0.4975124,0
2022-06-26 02:06:46,0,0,0.7537688,0,0,96.23116,3.015075,0,0
2022-06-26 02:06:45,0,0,0.25,0.25,0,98.25,1,0.25,0
2022-06-26 02:06:44,0,0,0.2493766,0,0,99.50125,0.2493766,0,0
2022-06-26 02:06:43,0,0,0.25,0,0,98.75,0.75,0.25,0
2022-06-26 02:06:42,0,0,1.0025063,0,0,97.74436,1.0025063,0.2506266,0
2022-06-26 02:06:41,0,0,0.9950249,0.4975124,0,96.0199,2.238806,0.2487562,0
2022-06-26 02:06:40,0,0,1.5,0,0,94.25,4,0.25,0
2022-06-26 02:06:39,0,0,0.7537688,0.5025126,0,95.9799,2.512563,0.2512563,0
2022-06-26 02:06:38,0,0,0.4987531,0,0,98.00499,0.9975062,0.4987531,0
2022-06-26 02:06:37,0,0,0,0,0,98.99749,1.0025063,0,0
2022-06-26 02:06:36,0,0,0.4975124,0,0,98.00995,1.2437811,0.2487562,0
2022-06-26 02:06:35,0,0,0.2512563,0.2512563,0,98.24121,1.0050251,0.2512563,0
2022-06-26 02:06:34,0,0,0.4975124,0,0,96.51741,2.985075,0,0
2022-06-26 02:06:33,0,0,0.7518797,0.2506266,0,95.98997,2.506266,0.5012531,0
2022-06-26 02:06:32,0,0,1.5037594,0.2506266,0,94.48622,3.759398,0,0
2022-06-26 02:06:31,0,0,0.4975124,0.4975124,0,96.0199,2.736318,0.2487562,0
2022-06-26 02:06:30,0,0,0.5012531,0,0,97.49373,2.005013,0,0
2022-06-26 02:06:29,0,0,0,0,0,98.74372,1.0050251,0.2512563,0
2022-06-26 02:06:28,0,0,0,0.25,0,99,0.5,0.25,0
2022-06-26 02:06:27,0,0,0.2493766,0.2493766,0,98.25436,0.9975062,0.2493766,0
2022-06-26 02:06:26,0,0,0.7481297,0.2493766,0,96.7581,2.244389,0,0
2022-06-26 02:06:25,0,0,1.25,0.25,0,95.5,2.75,0.25,0
2022-06-26 02:06:24,0,0,1.5075377,0.2512563,0,90.45226,7.788945,0,0
2022-06-26 02:06:23,0,0,1.4888337,0.4962779,0,90.57072,6.947891,0.4962779,0
2022-06-26 02:06:22,0,0,1.2562814,0.2512563,0,88.44221,9.547739,0.5025126,0
2022-06-26 02:06:21,0,0,0.75,0,0,90.75,8.25,0,0
2022-06-26 02:06:20,0,0,0.2493766,0,0,94.76309,4.738155,0.2493766,0
2022-06-26 02:06:19,0,0,0.25,0.25,0,93.25,6,0.25,0
2022-06-26 02:06:18,0,0,0,0,0,92.01995,7.481297,0.4987531,0
2022-06-26 02:06:17,0,0,0,0,0,93,6.5,0.5,0
2022-06-26 02:06:16,0,0,0.25,0,0,92,7.75,0,0
2022-06-26 02:06:15,0,0,0,0,0,90.6801,8.312343,0.2518892,0
2022-06-26 02:06:14,0,0,0.25,0.25,0,95.5,3.75,0.25,0
2022-06-26 02:06:13,0,0,0,0.2487562,0,97.76119,1.741294,0.2487562,0
2022-06-26 02:06:12,0,0,0.25,0,0,97.75,2,0,0
2022-06-26 02:06:11,0,0,0,0,0,99.25,0.5,0.25,0
2022-06-26 02:06:10,0,0,0,0,0,99.74937,0.2506266,0,0
2022-06-26 02:06:09,0,0,0.2493766,0,0,98.00499,1.4962594,0.2493766,0
2022-06-26 02:06:08,0,0,0.2512563,0,0,98.99497,0.5025126,0.2512563,0
2022-06-26 02:06:07,0,0,0.25,0,0,98.5,1,0.25,0
2022-06-26 02:06:06,0,0,0.75,0,0,97.5,1.5,0.25,0
2022-06-26 02:06:05,0,0,0.5,0,0,96.75,2.25,0.5,0
2022-06-26 02:06:04,0,0,0.25,0.25,0,98.25,0.75,0.5,0
2022-06-26 02:06:03,0,0,0.25,0.25,0,98,1.25,0.25,0
2022-06-26 02:06:02,0,0,0.5,0,0,97.5,1.75,0.25,0
2022-06-26 02:06:01,0,0,0.2506266,0.2506266,0,98.24561,1.2531328,0,0
2022-06-26 02:06:00,0,0,0.9925558,0.248139,0,96.27792,2.233251,0.248139,0
2022-06-26 02:05:59,0,0,1.0075567,0,0,95.71788,3.02267,0.2518892,0
2022-06-26 02:05:58,0,0,0.2493766,0,0,98.25436,0.9975062,0.4987531,0
2022-06-26 02:05:57,0,0,0.7518797,0.2506266,0,97.24311,1.754386,0,0
2022-06-26 02:05:56,0,0,0.25,0.25,0,97.75,1.5,0.25,0
2022-06-26 02:05:55,0,0,0.4975124,0,0,98.25871,0.9950249,0.2487562,0
2022-06-26 02:05:54,0,0,0.5,0.25,0,97.25,2,0,0
2022-06-26 02:05:53,0,0,1.0025063,0,0,95.98997,2.255639,0.5012531,0
2022-06-26 02:05:52,0,0,0.5012531,0.2506266,0,97.74436,1.5037594,0,0
2022-06-26 02:05:51,0,0,0.4987531,0.2493766,0,97.50623,1.745636,0,0
2022-06-26 02:05:50,0,0,0.7481297,0.2493766,0,97.00748,1.745636,0.2493766,0
2022-06-26 02:05:49,0,0,0.5012531,0,0,97.74436,1.754386,0,0
2022-06-26 02:05:48,0,0,0.25,0,0,98.25,1.25,0.25,0
2022-06-26 02:05:47,0,0,0.9975062,0,0,96.7581,1.995012,0.2493766,0
2022-06-26 02:05:46,0,0,0.7518797,0,0,97.24311,2.005013,0,0
2022-06-26 02:05:45,0,0,0.5012531,0,0,97.99499,1.0025063,0.5012531,0
2022-06-26 02:05:44,0,0,0.2493766,0.2493766,0,98.25436,1.2468828,0,0
2022-06-26 02:05:43,0,0,0.9975062,0,0,96.25935,2.244389,0.4987531,0
2022-06-26 02:05:42,0,0,0.25,0,0,98.25,1.25,0.25,0
2022-06-26 02:05:41,0,0,0.2506266,0,0,98.74687,1.0025063,0,0
2022-06-26 02:05:40,0,0,0.7444169,0.248139,0,96.02978,2.48139,0.4962779,0
2022-06-26 02:05:39,0,0,1.0075567,0,0,96.47355,2.518892,0,0
2022-06-26 02:05:38,0,0,0.5,0.25,0,97.25,1.5,0.5,0
2022-06-26 02:05:37,0,0,0.2493766,0,0,98.00499,1.745636,0,0
2022-06-26 02:05:36,0,0,1.25,0.25,0,96.25,2,0.25,0
2022-06-26 02:05:35,0,0,0.5025126,0,0,97.73869,1.5075377,0.2512563,0
2022-06-26 02:05:34,0,0,0.2493766,0,0,97.50623,1.995012,0.2493766,0
2022-06-26 02:05:33,0,0,0.7481297,0.2493766,0,95.51122,3.241895,0.2493766,0
2022-06-26 02:05:32,0,0,0.75,0,0,96,2.75,0.5,0
2022-06-26 02:05:31,0,0,0.7518797,0.2506266,0,95.48872,3.508772,0,0
2022-06-26 02:05:30,0,0,0.5,0,0,98.25,1.25,0,0
2022-06-26 02:05:29,0,0,0,0.25,0,98.75,1,0,0
2022-06-26 02:05:28,0,0,0.5,0.25,0,96.25,2.5,0.5,0
2022-06-26 02:05:27,0,0,0.7481297,0.2493766,0,95.01247,3.990025,0,0
2022-06-26 02:05:26,0,0,0.75,0.25,0,95.75,3,0.25,0
2022-06-26 02:05:25,0,0,0.7518797,0.2506266,0,95.48872,3.258145,0.2506266,0
2022-06-26 02:05:24,0,0,1.745636,0.2493766,0,93.51621,4.239401,0.2493766,0
2022-06-26 02:05:23,0,0,1.0025063,0.2506266,0,93.73434,4.761905,0.2506266,0
2022-06-26 02:05:22,0,0,1.25,0,0,90.5,8,0.25,0
2022-06-26 02:05:21,0,0,0.25,0.5,0,94.75,4.25,0.25,0
2022-06-26 02:05:20,0,0,0.25,0,0,93.75,6,0,0
2022-06-26 02:05:19,0,0,0.2506266,0.2506266,0,95.48872,3.759398,0.2506266,0
2022-06-26 02:05:18,0,0,0.4962779,0,0,94.04467,5.210918,0.248139,0
2022-06-26 02:05:17,0,0,0.7481297,0,0,92.76808,5.985037,0.4987531,0
2022-06-26 02:05:16,0,0,1.2531328,0.5012531,0,86.71679,9.774436,0.5012531,0.2506266
2022-06-26 02:05:15,0,0,0.2493766,0,0,90.52369,8.72818,0.4987531,0
2022-06-26 02:05:14,0,0,0,0,0,97.733,2.015113,0.2518892,0
2022-06-26 02:05:13,0,0,0.2493766,0,0,94.76309,4.738155,0.2493766,0
2022-06-26 02:05:12,0,0,0,0.2487562,0,96.26866,3.233831,0.2487562,0
2022-06-26 02:05:11,0,0,0,0,0,95.72864,4.271357,0,0
2022-06-26 02:05:10,0,0,0.2493766,0,0,95.01247,4.239401,0.2493766,0
2022-06-26 02:05:09,0,0,0,0,0,97.74436,2.255639,0,0
2022-06-26 02:05:08,0,0,0,0,0,99.00249,0.4987531,0.4987531,0
2022-06-26 02:05:07,0,0,0.2487562,0,0,98.50746,0.9950249,0.2487562,0
2022-06-26 02:05:06,0,0,0.5012531,0.2506266,0,96.49123,2.756892,0,0
2022-06-26 02:05:05,0,0,0.7537688,0,0,97.48744,1.758794,0,0
2022-06-26 02:05:04,0,0,0.5,0,0,97.75,1.5,0.25,0
2022-06-26 02:05:03,0,0,0,0,0,98.5,1.5,0,0
2022-06-26 02:05:02,0,0,0.25,0,0,99,0.5,0.25,0
2022-06-26 02:05:01,0,0,0.7481297,0.2493766,0,96.25935,2.493766,0.2493766,0
2022-06-26 02:05:00,0,0,0.4975124,0.2487562,0,98.00995,0.9950249,0.2487562,0
2022-06-26 02:04:59,0,0,1.0075567,0,0,95.96977,2.770781,0.2518892,0
2022-06-26 02:04:58,0,0,0.5,0.25,0,97,1.75,0.5,0
2022-06-26 02:04:57,0,0,0.4987531,0.2493766,0,97.75561,1.2468828,0.2493766,0
2022-06-26 02:04:56,0,0,0.25,0,0,98.5,1,0.25,0
2022-06-26 02:04:55,0,0,0.5012531,0,0,98.24561,1.0025063,0.2506266,0
2022-06-26 02:04:54,0,0,0.75,0.25,0,97,2,0,0
2022-06-26 02:04:53,0,0,0.4987531,0.2493766,0,96.25935,2.493766,0.4987531,0
2022-06-26 02:04:52,0,0,1.25,0.25,0,96,2.25,0.25,0
2022-06-26 02:04:51,0,0,0.5,0,0,97.5,2,0,0
2022-06-26 02:04:50,0,0,0.5,0,0,97.5,1.75,0.25,0
2022-06-26 02:04:49,0,0,0.5012531,0,0,97.99499,1.5037594,0,0
2022-06-26 02:04:48,0,0,0.75,0.25,0,95.5,3,0.5,0
2022-06-26 02:04:47,0,0,0.25,0,0,98.75,1,0,0
2022-06-26 02:04:46,0,0,0.5,0,0,97.75,1.25,0.5,0
2022-06-26 02:04:45,0,0,1.25,0.25,0,96.25,2.25,0,0
2022-06-26 02:04:44,0,0,0.5,0,0,98,1.5,0,0
2022-06-26 02:04:43,0,0,0.7518797,0,0,97.99499,1.0025063,0.2506266,0
2022-06-26 02:04:42,0,0,0.4987531,0.2493766,0,97.50623,1.4962594,0.2493766,0
2022-06-26 02:04:41,0,0,0.4987531,0,0,97.25686,1.995012,0.2493766,0
2022-06-26 02:04:40,0,0,0,0,0,99.5,0.5,0,0
2022-06-26 02:04:39,0,0,0.75,0,0,97.5,1.5,0.25,0
2022-06-26 02:04:38,0,0,1.2531328,0,0,95.2381,3.258145,0.2506266,0
2022-06-26 02:04:37,0,0,0.75,0.25,0,96.5,2.25,0.25,0
2022-06-26 02:04:36,0,0,0.75,0.25,0,96.75,2.25,0,0
2022-06-26 02:04:35,0,0,0.4987531,0,0,96.7581,2.244389,0.4987531,0
2022-06-26 02:04:34,0,0,0.5,0,0,98.25,1.25,0,0
2022-06-26 02:04:33,0,0,0,0.25,0,98.75,0.75,0.25,0
2022-06-26 02:04:32,0,0,0.2506266,0,0,98.49624,1.2531328,0,0
2022-06-26 02:04:31,0,0,1,0.25,0,95.5,3,0.25,0
2022-06-26 02:04:30,0,0,0.9975062,0.2493766,0,96.25935,2.244389,0.2493766,0
2022-06-26 02:04:29,0,0,1.0025063,0,0,96.2406,2.756892,0,0
2022-06-26 02:04:28,0,0,0.5,0.25,0,96.25,2.75,0.25,0
2022-06-26 02:04:27,0,0,0.4987531,0.2493766,0,97.25686,1.745636,0.2493766,0
2022-06-26 02:04:26,0,0,0,0,0,98.49624,1.2531328,0.2506266,0
2022-06-26 02:04:25,0,0,0.25,0,0,98.25,1.5,0,0
2022-06-26 02:04:24,0,0,0.7481297,0.2493766,0,96.7581,2.244389,0,0
2022-06-26 02:04:23,0,0,1,0,0,95.75,3,0.25,0
2022-06-26 02:04:22,0,0,1.2437811,0.2487562,0,95.52239,2.736318,0.2487562,0
2022-06-26 02:04:21,0,0,1.5075377,0.5025126,0,91.45729,6.532663,0,0
2022-06-26 02:04:20,0,0,1.25,0.25,0,91.25,7.25,0,0
2022-06-26 02:04:19,0,0,1,0.25,0,91.25,7.25,0.25,0
2022-06-26 02:04:18,0,0,0.75,0.25,0,92,6.25,0.75,0
2022-06-26 02:04:17,0,0,0.2512563,0,0,94.22111,5.025126,0.5025126,0
2022-06-26 02:04:16,0,0,0.2487562,0.2487562,0,93.03483,6.467662,0,0
2022-06-26 02:04:15,0,0,0.2512563,0,0,92.96482,6.532663,0,0
2022-06-26 02:04:14,0,0,0,0,0,91.54229,7.960199,0.2487562,0
2022-06-26 02:04:13,0,0,0.2525253,0.2525253,0,92.17172,6.313131,0.2525253,0
2022-06-26 02:04:12,0,0,0,0.2493766,0,86.53367,6.982544,0.2493766,0
2022-06-26 02:04:11,0,0,0,0.25,0,93.5,4.75,0.25,0
2022-06-26 02:04:10,0,0,0.25,0.25,0,97.75,1.75,0,0
2022-06-26 02:04:09,0,0,0.25,0,0,98,1.5,0.25,0
2022-06-26 02:04:08,0,0,0,0,0,99.00249,0.9975062,0,0
2022-06-26 02:04:07,0,0,0,0,0,98.75,1,0.25,0
2022-06-26 02:04:06,0,0,0,0,0,98.74687,1.0025063,0.2506266,0
2022-06-26 02:04:05,0,0,0.2493766,0,0,98.25436,1.2468828,0.2493766,0
2022-06-26 02:04:04,0,0,0.5012531,0.2506266,0,98.24561,1.0025063,0,0
2022-06-26 02:04:03,0,0,0.5,0.25,0,97,2.25,0,0
2022-06-26 02:04:02,0,0,0.75,0,0,96.75,2.5,0,0
2022-06-26 02:04:01,0,0,0.7518797,0,0,97.99499,1.0025063,0.2506266,0
2022-06-26 02:04:00,0,0,0.2487562,0,0,98.75622,0.7462687,0.2487562,0
2022-06-26 02:03:59,0,0,0,0,0,98.99749,1.0025063,0,0
2022-06-26 02:03:58,0,0,0.5,0.25,0,97.25,1.75,0.25,0
2022-06-26 02:03:57,0,0,0.7518797,0,0,96.2406,2.756892,0.2506266,0
2022-06-26 02:03:56,0,0,0.7462687,0.2487562,0,96.51741,2.238806,0.2487562,0
2022-06-26 02:03:55,0,0,1.25,0.25,0,95.5,2.75,0.25,0
2022-06-26 02:03:54,0,0,0.75,0.25,0,96.5,2.5,0,0
2022-06-26 02:03:53,0,0,0.25,0.25,0,98.5,1,0,0
2022-06-26 02:03:52,0,0,0.2487562,0,0,99.00498,0.4975124,0.2487562,0
2022-06-26 02:03:51,0,0,0.5037783,0,0,97.98489,1.511335,0,0
2022-06-26 02:03:50,0,0,0.75,0,0,97.5,1.5,0.25,0
2022-06-26 02:03:49,0,0,0.4987531,0.2493766,0,97.00748,1.995012,0.2493766,0
2022-06-26 02:03:48,0,0,1.5037594,0,0,95.48872,3.007519,0,0
2022-06-26 02:03:47,0,0,0.4975124,0,0,98.00995,1.2437811,0.2487562,0
2022-06-26 02:03:46,0,0,0.2512563,0,0,98.74372,1.0050251,0,0
2022-06-26 02:03:45,0,0,0,0,0,99,1,0,0
2022-06-26 02:03:44,0,0,0.7462687,0,0,97.51244,1.4925373,0.2487562,0
2022-06-26 02:03:43,0,0,1.0025063,0.2506266,0,96.49123,2.005013,0.2506266,0
2022-06-26 02:03:42,0,0,0.7518797,0.2506266,0,97.24311,1.5037594,0.2506266,0
2022-06-26 02:03:41,0,0,1,0.25,0,95.75,2.75,0.25,0
2022-06-26 02:03:40,0,0,0.5012531,0,0,97.24311,2.255639,0,0
2022-06-26 02:03:39,0,0,0.2493766,0,0,99.00249,0.4987531,0.2493766,0
2022-06-26 02:03:38,0,0,0,0.25,0,98.5,1,0.25,0
2022-06-26 02:03:37,0,0,0.7481297,0.2493766,0,96.50873,2.244389,0.2493766,0
2022-06-26 02:03:36,0,0,0.7518797,0,0,97.99499,1.2531328,0,0
2022-06-26 02:03:35,0,0,0.75,0,0,96.25,2.75,0.25,0
2022-06-26 02:03:34,0,0,1,0,0,96.5,2.25,0.25,0
2022-06-26 02:03:33,0,0,0.7481297,0.4987531,0,96.7581,1.745636,0.2493766,0
2022-06-26 02:03:32,0,0,0,0,0,98.5,1.25,0.25,0
2022-06-26 02:03:31,0,0,0,0,0,99,1,0,0
2022-06-26 02:03:30,0,0,0.5,0,0,98,1.5,0,0
2022-06-26 02:03:29,0,0,1,0.25,0,94.25,4.25,0.25,0
2022-06-26 02:03:28,0,0,1.0025063,0,0,94.98747,4.010025,0,0
2022-06-26 02:03:27,0,0,0.75,0.25,0,95.25,3.25,0.5,0
2022-06-26 02:03:26,0,0,0.7481297,0.4987531,0,95.7606,2.992519,0,0
2022-06-26 02:03:25,0,0,1.5,0,0,96.5,1.75,0.25,0
2022-06-26 02:03:24,0,0,0,0,0,99.24623,0.7537688,0,0
2022-06-26 02:03:23,0,0,0.248139,0,0,98.01489,1.2406948,0.4962779,0
2022-06-26 02:03:22,0,0,0,0,0,99.24433,0.7556675,0,0
2022-06-26 02:03:21,0,0,0.4987531,0,0,97.00748,2.244389,0.2493766,0
2022-06-26 02:03:20,0,0,0.9925558,0.248139,0,92.05955,6.203474,0.4962779,0
2022-06-26 02:03:19,0,0,1.2562814,0.2512563,0,94.22111,4.271357,0,0
2022-06-26 02:03:18,0,0,1.75,0.25,0,91,6.75,0.25,0
2022-06-26 02:03:17,0,0,1.5,0,0,90.25,8,0.25,0
2022-06-26 02:03:16,0,0,0.7556675,0,0,92.19144,6.801008,0.2518892,0
2022-06-26 02:03:15,0,0,0.2487562,0.2487562,0,92.53731,6.467662,0.2487562,0
2022-06-26 02:03:14,0,0,0,0,0,95.25,4.5,0.25,0
2022-06-26 02:03:13,0,0,0.2506266,0,0,93.48371,6.265664,0,0
2022-06-26 02:03:12,0,0,0,0,0,93.54839,5.955335,0.248139,0
2022-06-26 02:03:11,0,0,0,0,0,90.6801,9.319899,0,0
2022-06-26 02:03:10,0,0,0.2518892,0,0,83.6272,10.579345,0.7556675,0
2022-06-26 02:03:09,0,0,0,0.2506266,0,90.97744,5.263158,0.2506266,0
2022-06-26 02:03:08,0,0,0,0,0,97.98995,1.758794,0.2512563,0
2022-06-26 02:03:07,0,0,0.25,0,0,97.75,1.75,0.25,0
2022-06-26 02:03:06,0,0,0.25,0,0,98.75,1,0,0
2022-06-26 02:03:05,0,0,0,0.25,0,98.75,1,0,0
2022-06-26 02:03:04,0,0,0,0,0,98.99749,1.0025063,0,0
2022-06-26 02:03:03,0,0,0,0.25,0,98.75,1,0,0
2022-06-26 02:03:02,0,0,0.4987531,0.2493766,0,97.00748,1.2468828,0.9975062,0
2022-06-26 02:03:01,0,0,0.9950249,0.4975124,0,94.27861,3.731343,0.4975124,0
2022-06-26 02:03:00,0,0,0.7556675,0,0,97.48111,1.763224,0,0
2022-06-26 02:02:59,0,0,0.7481297,0,0,97.25686,1.745636,0.2493766,0
2022-06-26 02:02:58,0,0,0,0.2493766,0,98.75312,0.7481297,0.2493766,0
2022-06-26 02:02:57,0,0,0.2506266,0,0,99.24812,0.5012531,0,0
2022-06-26 02:02:56,0,0,0,0,0,98.75,1,0.25,0
2022-06-26 02:02:55,0,0,1,0.25,0,95.5,3.25,0,0
2022-06-26 02:02:54,0,0,1.2531328,0.2506266,0,95.2381,3.258145,0,0
2022-06-26 02:02:53,0,0,1.2437811,0.2487562,0,95.02488,3.233831,0.2487562,0
2022-06-26 02:02:52,0,0,0.5012531,0,0,98.24561,1.0025063,0.2506266,0
2022-06-26 02:02:51,0,0,0,0,0,98.99749,1.0025063,0,0
2022-06-26 02:02:50,0,0,0.248139,0,0,99.00744,0.4962779,0.248139,0
2022-06-26 02:02:49,0,0,0,0,0,99.24623,0.5025126,0.2512563,0
2022-06-26 02:02:48,0,0,0.9950249,0.2487562,0,96.0199,1.99005,0.7462687,0
2022-06-26 02:02:47,0,0,1.995012,0.7481297,0,93.76559,3.491272,0,0
2022-06-26 02:02:46,0,0,0.7575758,0,0,97.72727,1.5151515,0,0
2022-06-26 02:02:45,0,0,0.5,0,0,98.25,1,0.25,0
2022-06-26 02:02:44,0,0,0,0,0,99,1,0,0
2022-06-26 02:02:43,0,0,0.2487562,0.2487562,0,98.50746,0.7462687,0.2487562,0
2022-06-26 02:02:42,0,0,0.2506266,0,0,97.24311,2.255639,0.2506266,0
2022-06-26 02:02:41,0,0,1,0,0,96.75,2,0.25,0
2022-06-26 02:02:40,0,0,1.5,0.25,0,95.5,2.75,0,0
2022-06-26 02:02:39,0,0,0.9975062,0.2493766,0,95.51122,2.992519,0.2493766,0
2022-06-26 02:02:38,0,0,0.2518892,0,0,98.48866,1.2594458,0,0
2022-06-26 02:02:37,0,0,0.2487562,0,0,98.50746,0.9950249,0.2487562,0
2022-06-26 02:02:36,0,0,0,0,0,99.24812,0.5012531,0.2506266,0
2022-06-26 02:02:35,0,0,0.4987531,0.2493766,0,98.00499,1.2468828,0,0
2022-06-26 02:02:34,0,0,0.9950249,0.2487562,0,96.0199,2.238806,0.4975124,0
2022-06-26 02:02:33,0,0,1.5075377,0,0,95.9799,2.512563,0,0
2022-06-26 02:02:32,0,0,0.7518797,0,0,97.24311,1.754386,0.2506266,0
2022-06-26 02:02:31,0,0,0.4987531,0.2493766,0,96.50873,2.493766,0.2493766,0
2022-06-26 02:02:30,0,0,0,0,0,99.5,0.25,0.25,0
2022-06-26 02:02:29,0,0,0.2487562,0,0,98.75622,0.9950249,0,0
2022-06-26 02:02:28,0,0,0,0,0,98.5,1.25,0.25,0
2022-06-26 02:02:27,0,0,0.7556675,0,0,95.96977,3.274559,0,0
2022-06-26 02:02:26,0,0,1.4888337,0.4962779,0,94.2928,3.225806,0.4962779,0
2022-06-26 02:02:25,0,0,0.7518797,0,0,96.99248,2.005013,0.2506266,0
2022-06-26 02:02:24,0,0,0.7518797,0,0,96.74185,2.506266,0,0
2022-06-26 02:02:23,0,0,0.75,0,0,96,3,0.25,0
2022-06-26 02:02:22,0,0,0,0,0,98.50746,0.9950249,0.4975124,0
2022-06-26 02:02:21,0,0,0,0,0,99.24623,0.7537688,0,0
2022-06-26 02:02:20,0,0,0.25,0,0,98.25,1.25,0.25,0
2022-06-26 02:02:19,0,0,0.4962779,0,0,95.78164,3.225806,0.248139,0
2022-06-26 02:02:18,0,0,1.5075377,0.2512563,0,92.96482,5.025126,0.2512563,0
2022-06-26 02:02:17,0,0,1.741294,0.4975124,0,93.53234,3.9801,0.2487562,0
2022-06-26 02:02:16,0,0,1.2531328,0.2506266,0,89.97494,8.270677,0.2506266,0
2022-06-26 02:02:15,0,0,1.2562814,0,0,90.45226,8.291457,0,0
2022-06-26 02:02:14,0,0,0.4962779,0,0,92.55583,6.451613,0.4962779,0
2022-06-26 02:02:13,0,0,0.2518892,0,0,91.93955,7.556675,0.2518892,0
2022-06-26 02:02:12,0,0,0.2487562,0,0,93.03483,6.467662,0.2487562,0
2022-06-26 02:02:11,0,0,0,0,0,95.22613,4.773869,0,0
2022-06-26 02:02:10,0,0,0,0.2487562,0,92.78607,6.218905,0.4975124,0
2022-06-26 02:02:09,0,0,0,0,0,87.75,10.5,0.5,0
2022-06-26 02:02:08,0,0,0.2525253,0.2525253,0,84.09091,10.10101,0.2525253,0
2022-06-26 02:02:07,0,0,0,0.2487562,0,95.27363,3.731343,0.2487562,0
2022-06-26 02:02:06,0,0,0.25,0,0,96.75,2.5,0,0
2022-06-26 02:02:05,0,0,0,0,0,98.24121,1.5075377,0.2512563,0
2022-06-26 02:02:04,0,0,0.25,0,0,99.5,0.25,0,0
2022-06-26 02:02:03,0,0,0,0,0,98.75,0.75,0.5,0
2022-06-26 02:02:02,0,0,0,0,0,99.25,0.75,0,0
2022-06-26 02:02:01,0,0,0,0,0,98.25,1.25,0.5,0
2022-06-26 02:02:00,0,0,0.5,0,0,98.75,0.75,0,0
2022-06-26 02:01:59,0,0,0.75,0.25,0,96,2.75,0.25,0
2022-06-26 02:01:58,0,0,0.75,0.25,0,97.25,1.5,0.25,0
2022-06-26 02:01:57,0,0,0.4987531,0.2493766,0,97.75561,1.4962594,0,0
2022-06-26 02:01:56,0,0,0.5,0,0,98.75,0.5,0.25,0
2022-06-26 02:01:55,0,0,0,0,0,98.50374,1.2468828,0.2493766,0
2022-06-26 02:01:54,0,0,0.2506266,0,0,98.74687,0.7518797,0.2506266,0
2022-06-26 02:01:53,0,0,1.0050251,0.2512563,0,96.98492,1.758794,0,0
2022-06-26 02:01:52,0,0,1.2468828,0.2493766,0,95.26185,2.992519,0.2493766,0
2022-06-26 02:01:51,0,0,0.75,0,0,97,2.25,0,0
2022-06-26 02:01:50,0,0,0.4987531,0.2493766,0,97.00748,1.995012,0.2493766,0
2022-06-26 02:01:49,0,0,0.2506266,0,0,98.49624,1.2531328,0,0
2022-06-26 02:01:48,0,0,0.25,0,0,98.5,1,0.25,0
2022-06-26 02:01:47,0,0,0.25,0,0,98.25,1.25,0.25,0
2022-06-26 02:01:46,0,0,0.7481297,0,0,97.25686,1.745636,0.2493766,0
2022-06-26 02:01:45,0,0,1.25,0.25,0,95.25,3,0.25,0
2022-06-26 02:01:44,0,0,1.0025063,0,0,96.99248,1.754386,0.2506266,0
2022-06-26 02:01:43,0,0,0.75,0.25,0,97.5,1.25,0.25,0
2022-06-26 02:01:42,0,0,0.25,0,0,98,1.5,0.25,0
2022-06-26 02:01:41,0,0,0,0,0,99.5,0.5,0,0
2022-06-26 02:01:40,0,0,0.4987531,0,0,98.75312,0.4987531,0.2493766,0
2022-06-26 02:01:39,0,0,1.25,0,0,94.75,3.75,0.25,0
2022-06-26 02:01:38,0,0,0.7518797,0,0,96.49123,2.506266,0.2506266,0
2022-06-26 02:01:37,0,0,0.9950249,0,0,97.26368,1.4925373,0.2487562,0
2022-06-26 02:01:36,0,0,0.7518797,0.2506266,0,96.2406,2.506266,0.2506266,0
2022-06-26 02:01:35,0,0,0.5,0,0,98,1.25,0.25,0
2022-06-26 02:01:34,0,0,0,0,0,99.49875,0.2506266,0.2506266,0
2022-06-26 02:01:33,0,0,0.4987531,0.2493766,0,96.50873,2.244389,0.4987531,0
2022-06-26 02:01:32,0,0,0.9950249,0.2487562,0,96.26866,2.238806,0.2487562,0
2022-06-26 02:01:31,0,0,0.5037783,0,0,98.23678,1.2594458,0,0
2022-06-26 02:01:30,0,0,0.7462687,0,0,96.76617,1.99005,0.4975124,0
2022-06-26 02:01:29,0,0,0.7537688,0.2512563,0,97.73869,1.2562814,0,0
2022-06-26 02:01:28,0,0,0.4987531,0,0,97.75561,1.4962594,0.2493766,0
2022-06-26 02:01:27,0,0,0,0,0,98.50374,0.9975062,0.4987531,0
2022-06-26 02:01:26,0,0,0,0,0,98.49246,1.5075377,0,0
2022-06-26 02:01:25,0,0,1.2468828,0,0,95.26185,2.992519,0.2493766,0
2022-06-26 02:01:24,0,0,1.2437811,0.4975124,0,95.52239,2.736318,0,0
2022-06-26 02:01:23,0,0,0.2512563,0,0,97.73869,1.758794,0.2512563,0
2022-06-26 02:01:22,0,0,0.4987531,0.2493766,0,96.50873,1.995012,0.7481297,0
2022-06-26 02:01:21,0,0,0.75,0.25,0,96,2.75,0.25,0
2022-06-26 02:01:20,0,0,0.5025126,0,0,97.23618,2.01005,0.2512563,0
2022-06-26 02:01:19,0,0,0,0,0,98.75622,0.9950249,0.2487562,0
2022-06-26 02:01:18,0,0,0.5,0,0,96.75,2.5,0.25,0
2022-06-26 02:01:17,0,0,0.75,0.25,0,95.75,3.25,0,0
2022-06-26 02:01:16,0,0,1,0.25,0,95,3.5,0.25,0
2022-06-26 02:01:15,0,0,1.0050251,0,0,92.21106,6.532663,0.2512563,0
2022-06-26 02:01:14,0,0,0.7481297,0,0,95.51122,2.992519,0.7481297,0
2022-06-26 02:01:13,0,0,0.5012531,0.2506266,0,93.48371,5.764411,0,0
2022-06-26 02:01:12,0,0,0.7462687,0,0,92.28856,6.467662,0.4975124,0
2022-06-26 02:01:11,0,0,1.25,0.25,0,90.25,8.25,0,0
2022-06-26 02:01:10,0,0,0.75,0.25,0,90.5,7.75,0.75,0
2022-06-26 02:01:09,0,0,0.7518797,0.2506266,0,89.47368,9.273183,0.2506266,0
2022-06-26 02:01:08,0,0,0.2493766,0.2493766,0,92.01995,7.23192,0.2493766,0
2022-06-26 02:01:07,0,0,0.2493766,0,0,96.50873,2.992519,0.2493766,0
2022-06-26 02:01:06,0,0,0,0,0,94.94949,5.050505,0,0
2022-06-26 02:01:05,0,0,0.2487562,0.2487562,0,93.03483,6.218905,0.2487562,0
2022-06-26 02:01:04,0,0,0.25,0.5,0,94.25,4.5,0.25,0
2022-06-26 02:01:03,0,0,0.2493766,0.2493766,0,95.7606,3.740648,0,0
2022-06-26 02:01:02,0,0,0,0.2512563,0,97.48744,2.261307,0,0
2022-06-26 02:01:01,0,0,0,0,0,99,1,0,0
2022-06-26 02:01:00,0,0,0.2487562,0,0,98.75622,0.7462687,0.2487562,0
2022-06-26 02:00:59,0,0,0.5025126,0.2512563,0,98.24121,0.7537688,0.2512563,0
2022-06-26 02:00:58,0,0,0.7481297,0.2493766,0,96.50873,2.493766,0,0
2022-06-26 02:00:57,0,0,0,0,0,99,0.75,0.25,0
2022-06-26 02:00:56,0,0,0.4987531,0,0,97.25686,1.995012,0.2493766,0
2022-06-26 02:00:55,0,0,0.7518797,0.2506266,0,97.24311,1.754386,0,0
2022-06-26 02:00:54,0,0,0.2506266,0.2506266,0,97.74436,1.754386,0,0
2022-06-26 02:00:53,0,0,0.5,0,0,98.75,0.5,0.25,0
2022-06-26 02:00:52,0,0,0.7518797,0,0,96.74185,2.506266,0,0
2022-06-26 02:00:51,0,0,0.4975124,0,0,98.00995,1.2437811,0.2487562,0
2022-06-26 02:00:50,0,0,0.2506266,0.2506266,0,97.74436,1.5037594,0.2506266,0
2022-06-26 02:00:49,0,0,1.2468828,0,0,95.51122,2.992519,0.2493766,0
2022-06-26 02:00:48,0,0,0.7481297,0,0,97.25686,1.4962594,0.4987531,0
2022-06-26 02:00:47,0,0,0.5025126,0.2512563,0,97.98995,1.2562814,0,0
2022-06-26 02:00:46,0,0,0.25,0.25,0,97.5,1.75,0.25,0
2022-06-26 02:00:45,0,0,0.7481297,0,0,97.00748,1.995012,0.2493766,0
2022-06-26 02:00:44,0,0,0.5,0.25,0,97.75,1.5,0,0
2022-06-26 02:00:43,0,0,0.75,0.25,0,96.25,2.75,0,0
2022-06-26 02:00:42,0,0,1.2437811,0.4975124,0,95.77114,2.238806,0.2487562,0
2022-06-26 02:00:41,0,0,0.5012531,0,0,98.24561,1.0025063,0.2506266,0
2022-06-26 02:00:40,0,0,0.5012531,0.2506266,0,96.49123,2.506266,0.2506266,0
2022-06-26 02:00:39,0,0,0.7518797,0,0,98.24561,0.7518797,0.2506266,0
2022-06-26 02:00:38,0,0,0.25,0,0,98.25,1.25,0.25,0
2022-06-26 02:00:37,0,0,0.75,0.25,0,96.75,2,0.25,0
2022-06-26 02:00:36,0,0,1,0.25,0,96,2.75,0,0
2022-06-26 02:00:35,0,0,0.75,0,0,97.75,1.5,0,0
2022-06-26 02:00:34,0,0,0.9975062,0.2493766,0,96.25935,1.995012,0.4987531,0
2022-06-26 02:00:33,0,0,0,0.2506266,0,98.99749,0.7518797,0,0
2022-06-26 02:00:32,0,0,0.4987531,0,0,98.50374,0.9975062,0,0
2022-06-26 02:00:31,0,0,0.75,0,0,97,2,0.25,0
2022-06-26 02:00:30,0,0,0.7462687,0.2487562,0,95.52239,3.233831,0.2487562,0
2022-06-26 02:00:29,0,0,1.0075567,0,0,96.22166,2.770781,0,0
2022-06-26 02:00:28,0,0,0.75,0.5,0,96.75,1.75,0.25,0
2022-06-26 02:00:27,0,0,0.4987531,0,0,98.25436,1.2468828,0,0
2022-06-26 02:00:26,0,0,0.2512563,0,0,97.73869,1.758794,0.2512563,0
2022-06-26 02:00:25,0,0,0.2493766,0,0,98.00499,1.2468828,0.4987531,0
2022-06-26 02:00:24,0,0,0.7481297,0,0,96.00998,2.992519,0.2493766,0
2022-06-26 02:00:23,0,0,0.9975062,0.4987531,0,95.01247,3.241895,0.2493766,0
2022-06-26 02:00:22,0,0,1.0025063,0,0,95.98997,3.007519,0,0
2022-06-26 02:00:21,0,0,1,0.25,0,94.75,4,0,0
2022-06-26 02:00:20,0,0,0.25,0,0,98.5,0.75,0.5,0
2022-06-26 02:00:19,0,0,0.2506266,0.2506266,0,96.99248,2.506266,0,0
2022-06-26 02:00:18,0,0,0.25,0,0,98.5,1.25,0,0
2022-06-26 02:00:17,0,0,0.25,0.25,0,99.25,0.25,0,0
2022-06-26 02:00:16,0,0,0.25,0,0,97.75,1.75,0.25,0
2022-06-26 02:00:15,0,0,0.7481297,0.2493766,0,95.7606,2.743142,0.4987531,0
2022-06-26 02:00:14,0,0,1.0025063,0.2506266,0,93.73434,4.761905,0.2506266,0
2022-06-26 02:00:13,0,0,1.741294,0.7462687,0,91.29353,6.218905,0,0
2022-06-26 02:00:12,0,0,1.2562814,0.2512563,0,89.94975,8.542714,0,0
2022-06-26 02:00:11,0,0,1.2468828,0,0,92.01995,6.733167,0,0
2022-06-26 02:00:10,0,0,0.7518797,0.2506266,0,91.72932,7.017544,0.2506266,0
2022-06-26 02:00:09,0,0,0.25,0,0,93.5,5.75,0.5,0
2022-06-26 02:00:08,0,0,0,0.248139,0,94.04467,5.459057,0.248139,0
2022-06-26 02:00:07,0,0,0.2506266,0,0,93.23308,6.265664,0.2506266,0
2022-06-26 02:00:06,0,0,0,0,0,92.25,7.25,0.5,0
2022-06-26 02:00:05,0,0,0,0,0,92.69521,6.801008,0.2518892,0
2022-06-26 02:00:04,0,0,0.2487562,0.4975124,0,84.0796,11.442786,0.2487562,0
2022-06-26 02:00:03,0,0,0,0,0,93.71859,5.778894,0.2512563,0
2022-06-26 02:00:02,0,0,0.2493766,0,0,97.25686,2.244389,0.2493766,0
2022-06-26 02:00:01,0,0,0,0,0,99.24812,0.7518797,0,0
2022-06-26 02:00:00,0,0,0,0,0,98.74687,1.0025063,0.2506266,0
2022-06-26 01:59:59,0,0,0,0,0,98.75931,0.9925558,0.248139,0
2022-06-26 01:59:58,0,0,0,0,0,99.49749,0.5025126,0,0
2022-06-26 01:59:57,0,0,0.2506266,0,0,98.99749,0.7518797,0,0
2022-06-26 01:59:56,0,0,0.4975124,0,0,97.26368,1.99005,0.2487562,0
2022-06-26 01:59:55,0,0,0.5012531,0,0,98.49624,0.7518797,0.2506266,0
2022-06-26 01:59:54,0,0,1.0025063,0.2506266,0,95.98997,2.506266,0.2506266,0
2022-06-26 01:59:53,0,0,0.9975062,0.2493766,0,96.00998,2.493766,0.2493766,0
2022-06-26 01:59:52,0,0,0,0,0,98.5,1.5,0,0
2022-06-26 01:59:51,0,0,0,0,0,99.49875,0.5012531,0,0
2022-06-26 01:59:50,0,0,0.2487562,0,0,98.25871,0.9950249,0.4975124,0
2022-06-26 01:59:49,0,0,0.7518797,0,0,96.2406,3.007519,0,0
2022-06-26 01:59:48,0,0,1.2468828,0.2493766,0,95.7606,2.244389,0.4987531,0
2022-06-26 01:59:47,0,0,1.2531328,0.5012531,0,95.48872,2.506266,0.2506266,0
2022-06-26 01:59:46,0,0,0.5,0,0,96.75,2.5,0.25,0
2022-06-26 01:59:45,0,0,0.25,0,0,98.75,0.75,0.25,0
2022-06-26 01:59:44,0,0,0,0,0,99.24812,0.7518797,0,0
2022-06-26 01:59:43,0,0,0.25,0,0,98.25,1.25,0.25,0
2022-06-26 01:59:42,0,0,0.9975062,0.4987531,0,93.51621,4.488778,0.4987531,0
2022-06-26 01:59:41,0,0,1.5037594,0.2506266,0,94.48622,3.508772,0.2506266,0
2022-06-26 01:59:40,0,0,0.9975062,0.4987531,0,94.26434,3.740648,0.4987531,0
2022-06-26 01:59:39,0,0,0.5012531,0,0,97.99499,1.2531328,0.2506266,0
2022-06-26 01:59:38,0,0,0,0,0,99.49875,0.5012531,0,0
2022-06-26 01:59:37,0,0,0.2487562,0,0,98.25871,1.2437811,0.2487562,0
2022-06-26 01:59:36,0,0,0.4987531,0.2493766,0,97.75561,1.2468828,0.2493766,0
2022-06-26 01:59:35,0,0,1.0025063,0.2506266,0,95.98997,2.506266,0.2506266,0
2022-06-26 01:59:34,0,0,1.0050251,0,0,95.72864,3.015075,0.2512563,0
2022-06-26 01:59:33,0,0,0.9950249,0.2487562,0,95.52239,2.985075,0.2487562,0
2022-06-26 01:59:32,0,0,0.5,0.25,0,98.25,0.75,0.25,0
2022-06-26 01:59:31,0,0,0.2512563,0,0,98.49246,1.0050251,0.2512563,0
2022-06-26 01:59:30,0,0,0.2493766,0,0,99.00249,0.4987531,0.2493766,0
2022-06-26 01:59:29,0,0,0.25,0,0,98.25,1.25,0.25,0
2022-06-26 01:59:28,0,0,0.75,0,0,97.25,1.5,0.5,0
2022-06-26 01:59:27,0,0,1.741294,0.4975124,0,93.03483,4.477612,0.2487562,0
2022-06-26 01:59:26,0,0,0.75,0,0,96,2.75,0.5,0
2022-06-26 01:59:25,0,0,1.0050251,0,0,97.98995,1.0050251,0,0
2022-06-26 01:59:24,0,0,0.4975124,0,0,97.51244,1.4925373,0.4975124,0
2022-06-26 01:59:23,0,0,0,0.2512563,0,98.74372,1.0050251,0,0
2022-06-26 01:59:22,0,0,0,0.2493766,0,98.75312,0.7481297,0.2493766,0
2022-06-26 01:59:21,0,0,0.2493766,0,0,97.25686,1.995012,0.4987531,0
2022-06-26 01:59:20,0,0,1.2531328,0.2506266,0,95.48872,3.007519,0,0
2022-06-26 01:59:19,0,0,1.5037594,0.2506266,0,92.98246,5.012531,0.2506266,0
2022-06-26 01:59:18,0,0,0.75,0,0,97,2,0.25,0
2022-06-26 01:59:17,0,0,0.7518797,0.2506266,0,96.49123,2.255639,0.2506266,0
2022-06-26 01:59:16,0,0,0,0,0,98.75622,0.9950249,0.2487562,0
2022-06-26 01:59:15,0,0,0,0,0,98.99749,0.7518797,0.2506266,0
2022-06-26 01:59:14,0,0,0,0,0,99.24812,0.7518797,0,0
2022-06-26 01:59:13,0,0,0.25,0,0,97.5,2,0.25,0
2022-06-26 01:59:12,0,0,0.990099,0.2475248,0,94.30693,4.207921,0.2475248,0
2022-06-26 01:59:11,0,0,1.2594458,0,0,93.19899,5.541562,0,0
2022-06-26 01:59:10,0,0,1.4925373,0.4975124,0,92.0398,5.721393,0.2487562,0
2022-06-26 01:59:09,0,0,1.511335,0.5037783,0,88.4131,9.06801,0.5037783,0
2022-06-26 01:59:08,0,0,0.9975062,0.2493766,0,92.01995,6.483791,0.2493766,0
2022-06-26 01:59:07,0,0,0.2506266,0.2506266,0,95.48872,3.759398,0.2506266,0
2022-06-26 01:59:06,0,0,0.2493766,0,0,92.5187,6.982544,0.2493766,0
2022-06-26 01:59:05,0,0,0,0,0,93.5,6.5,0,0
2022-06-26 01:59:04,0,0,0,0,0,93.5,5.75,0.5,0
2022-06-26 01:59:03,0,0,0,0.2512563,0,93.71859,6.030151,0,0
2022-06-26 01:59:02,0,0,0.2506266,0,0,86.46617,11.779449,0.2506266,0
2022-06-26 01:59:01,0,0,0,0.2506266,0,92.98246,5.012531,0.2506266,0
2022-06-26 01:59:00,0,0,0.25,0,0,96,3.75,0,0
2022-06-26 01:58:59,0,0,0.25,0,0,98,1.5,0.25,0
2022-06-26 01:58:58,0,0,0,0,0,98.74687,0.7518797,0.5012531,0
2022-06-26 01:58:57,0,0,0.2493766,0,0,98.75312,0.9975062,0,0
2022-06-26 01:58:56,0,0,0,0,0,97.75,1.75,0.5,0
2022-06-26 01:58:55,0,0,0,0,0,98.99749,1.0025063,0,0
2022-06-26 01:58:54,0,0,0,0,0,99.5,0.5,0,0
2022-06-26 01:58:53,0,0,0.9975062,0.2493766,0,96.00998,2.493766,0.2493766,0
2022-06-26 01:58:52,0,0,1,0.25,0,96.75,1.75,0.25,0
2022-06-26 01:58:51,0,0,0.7481297,0.2493766,0,96.7581,2.244389,0,0
2022-06-26 01:58:50,0,0,0,0,0,98.74687,1.2531328,0,0
2022-06-26 01:58:49,0,0,0.25,0.25,0,98.5,0.75,0.25,0
2022-06-26 01:58:48,0,0,0.2493766,0,0,98.25436,1.2468828,0.2493766,0
2022-06-26 01:58:47,0,0,0,0.2506266,0,98.24561,1.2531328,0.2506266,0
2022-06-26 01:58:46,0,0,1.25,0.25,0,95.5,2.75,0.25,0
2022-06-26 01:58:45,0,0,1.75,0.25,0,94.5,3.25,0.25,0
2022-06-26 01:58:44,0,0,0.25,0,0,98.25,1.25,0.25,0
2022-06-26 01:58:43,0,0,0.2487562,0,0,97.26368,2.238806,0.2487562,0
2022-06-26 01:58:42,0,0,0.5025126,0,0,97.98995,1.5075377,0,0
2022-06-26 01:58:41,0,0,0,0,0,99.74937,0,0.2506266,0
2022-06-26 01:58:40,0,0,0.4987531,0,0,97.50623,1.995012,0,0
2022-06-26 01:58:39,0,0,0.9975062,0,0,96.50873,2.244389,0.2493766,0
2022-06-26 01:58:38,0,0,1.5,0.25,0,94.25,4,0,0
2022-06-26 01:58:37,0,0,0.2506266,0,0,97.74436,1.754386,0.2506266,0
2022-06-26 01:58:36,0,0,0.5012531,0.2506266,0,97.74436,1.5037594,0,0
2022-06-26 01:58:35,0,0,0.4975124,0,0,97.76119,1.2437811,0.4975124,0
2022-06-26 01:58:34,0,0,0,0,0,98.74372,1.2562814,0,0
2022-06-26 01:58:33,0,0,0.5,0.25,0,97.5,1.5,0.25,0
2022-06-26 01:58:32,0,0,0.9975062,0.4987531,0,95.7606,2.493766,0.2493766,0
2022-06-26 01:58:31,0,0,1.5037594,0.2506266,0,93.23308,5.012531,0,0
2022-06-26 01:58:30,0,0,0.5,0,0,98.25,1.25,0,0
2022-06-26 01:58:29,0,0,0,0.25,0,99,0.75,0,0
2022-06-26 01:58:28,0,0,0.5,0,0,97.5,1.75,0.25,0
2022-06-26 01:58:27,0,0,0.25,0.25,0,98.75,0.75,0,0
2022-06-26 01:58:26,0,0,0.7481297,0.2493766,0,96.50873,2.244389,0.2493766,0
2022-06-26 01:58:25,0,0,1.2437811,0,0,95.02488,3.233831,0.4975124,0
2022-06-26 01:58:24,0,0,1.75,1,0,93.5,3.5,0.25,0
2022-06-26 01:58:23,0,0,0,0,0,99.24623,0.7537688,0,0
2022-06-26 01:58:22,0,0,0.25,0.25,0,98.75,0.5,0.25,0
2022-06-26 01:58:21,0,0,0.25,0,0,98.5,1,0.25,0
2022-06-26 01:58:20,0,0,0.5012531,0,0,97.99499,1.2531328,0.2506266,0
2022-06-26 01:58:19,0,0,0.5,0,0,96.25,3.25,0,0
2022-06-26 01:58:18,0,0,0.9950249,0.4975124,0,95.27363,2.487562,0.7462687,0
2022-06-26 01:58:17,0,0,1.2531328,0,0,93.23308,5.263158,0.2506266,0
2022-06-26 01:58:16,0,0,1.0025063,0.2506266,0,96.2406,2.005013,0.5012531,0
2022-06-26 01:58:15,0,0,0,0.25,0,97.75,1.75,0.25,0
2022-06-26 01:58:14,0,0,0,0,0,99.25,0.5,0.25,0
2022-06-26 01:58:13,0,0,0.25,0,0,98.75,0.75,0.25,0
2022-06-26 01:58:12,0,0,0.25,0,0,98,1.75,0,0
2022-06-26 01:58:11,0,0,0.75,0.25,0,96.75,2,0.25,0
2022-06-26 01:58:10,0,0,0.9950249,0.2487562,0,93.53234,4.975124,0.2487562,0
2022-06-26 01:58:09,0,0,1.5075377,0.2512563,0,93.96985,4.020101,0.2512563,0
2022-06-26 01:58:08,0,0,1.4925373,0.2487562,0,93.03483,4.726368,0.4975124,0
2022-06-26 01:58:07,0,0,1.2562814,0.2512563,0,88.19095,10.050251,0.2512563,0
2022-06-26 01:58:06,0,0,0.75,0.25,0,93.25,5.75,0,0
2022-06-26 01:58:05,0,0,0.2493766,0,0,93.76559,5.486284,0.2493766,0
2022-06-26 01:58:04,0,0,0.25,0,0,95.75,4,0,0
2022-06-26 01:58:03,0,0,0,0,0,94.75,5,0.25,0
2022-06-26 01:58:02,0,0,0.4975124,0.2487562,0,93.03483,5.721393,0.4975124,0
2022-06-26 01:58:01,0,0,0.5012531,0.2506266,0,89.47368,9.774436,0,0
2022-06-26 01:58:00,0,0,0.2506266,0,0,88.7218,10.526316,0.2506266,0
2022-06-26 01:57:59,0,0,0.25,0,0,91.75,6.25,0.25,0
2022-06-26 01:57:58,0,0,0,0,0,97.25,2.25,0.5,0
2022-06-26 01:57:57,0,0,0.25,0,0,97.25,2.5,0,0
2022-06-26 01:57:56,0,0,0,0,0,97.25,2.5,0.25,0
2022-06-26 01:57:55,0,0,0,0.25,0,97.75,2,0,0
2022-06-26 01:57:54,0,0,0,0,0,98.74687,1.0025063,0.2506266,0
2022-06-26 01:57:53,0,0,0.248139,0.248139,0,98.51117,0.7444169,0.248139,0
2022-06-26 01:57:52,0,0,0.2512563,0,0,97.48744,2.01005,0.2512563,0
2022-06-26 01:57:51,0,0,0.2506266,0,0,98.74687,0.7518797,0.2506266,0
2022-06-26 01:57:50,0,0,0.9925558,0.248139,0,95.03722,3.225806,0.4962779,0
2022-06-26 01:57:49,0,0,0.5025126,0,0,97.73869,1.758794,0,0
2022-06-26 01:57:48,0,0,0,0.2487562,0,98.75622,0.9950249,0,0
2022-06-26 01:57:47,0,0,0.2493766,0,0,99.00249,0.4987531,0.2493766,0
2022-06-26 01:57:46,0,0,0.2518892,0,0,98.48866,1.2594458,0,0
2022-06-26 01:57:45,0,0,1,0.25,0,96.75,1.75,0.25,0
2022-06-26 01:57:44,0,0,0.9950249,0.2487562,0,96.0199,2.238806,0.4975124,0
2022-06-26 01:57:43,0,0,1,0.5,0,96.25,2,0.25,0
2022-06-26 01:57:42,0,0,0.5025126,0,0,97.73869,1.5075377,0.2512563,0
2022-06-26 01:57:41,0,0,0,0,0,98.75312,0.9975062,0.2493766,0
2022-06-26 01:57:40,0,0,0,0,0,98.99497,1.0050251,0,0
2022-06-26 01:57:39,0,0,0.4987531,0.2493766,0,97.50623,1.2468828,0.4987531,0
2022-06-26 01:57:38,0,0,1,0,0,96.5,2.25,0.25,0
2022-06-26 01:57:37,0,0,0.7537688,0,0,96.23116,3.015075,0,0
2022-06-26 01:57:36,0,0,0.9950249,0.2487562,0,96.0199,2.736318,0,0
2022-06-26 01:57:35,0,0,0.7518797,0,0,97.74436,1.2531328,0.2506266,0
2022-06-26 01:57:34,0,0,0,0,0,99,0.75,0.25,0
2022-06-26 01:57:33,0,0,0.4987531,0.4987531,0,97.75561,0.9975062,0.2493766,0
2022-06-26 01:57:32,0,0,0.2506266,0,0,97.99499,1.754386,0,0
2022-06-26 01:57:31,0,0,0.75,0,0,97,2,0.25,0
2022-06-26 01:57:30,0,0,1,0,0,96,2.75,0.25,0
2022-06-26 01:57:29,0,0,1,0.25,0,97,1.5,0.25,0
2022-06-26 01:57:28,0,0,0.5012531,0.2506266,0,97.74436,1.5037594,0,0
2022-06-26 01:57:27,0,0,0.4975124,0.2487562,0,97.51244,1.741294,0,0
2022-06-26 01:57:26,0,0,0.25,0,0,98.75,0.75,0.25,0
2022-06-26 01:57:25,0,0,0.5,0,0,97,2.25,0.25,0
2022-06-26 01:57:24,0,0,0.9975062,0,0,97.00748,1.745636,0.2493766,0
2022-06-26 01:57:23,0,0,1.0025063,0,0,95.73935,3.007519,0.2506266,0
2022-06-26 01:57:22,0,0,1.0025063,0,0,96.49123,2.506266,0,0
2022-06-26 01:57:21,0,0,0.5012531,0.2506266,0,97.24311,2.005013,0,0
2022-06-26 01:57:20,0,0,0.4987531,0,0,97.75561,1.4962594,0.2493766,0
2022-06-26 01:57:19,0,0,0.5,0,0,97.75,1.5,0.25,0
2022-06-26 01:57:18,0,0,0.25,0.25,0,98.5,1,0,0
2022-06-26 01:57:17,0,0,0.2487562,0,0,96.51741,2.736318,0.4975124,0
2022-06-26 01:57:16,0,0,0.7537688,0.2512563,0,96.98492,1.758794,0.2512563,0
2022-06-26 01:57:15,0,0,0.75,0.25,0,96.75,2,0.25,0
2022-06-26 01:57:14,0,0,0.7481297,0.2493766,0,96.00998,2.992519,0,0
2022-06-26 01:57:13,0,0,0.5025126,0,0,96.73367,2.261307,0.5025126,0
2022-06-26 01:57:12,0,0,0.5,0,0,96.5,3,0,0
2022-06-26 01:57:11,0,0,0.4987531,0.4987531,0,98.00499,0.7481297,0.2493766,0
2022-06-26 01:57:10,0,0,0,0,0,98.75,1,0.25,0
2022-06-26 01:57:09,0,0,0.25,0,0,97.75,2,0,0
2022-06-26 01:57:08,0,0,0.4987531,0.2493766,0,96.00998,3.241895,0,0
2022-06-26 01:57:07,0,0,1.2562814,0,0,92.46231,5.778894,0.5025126,0
2022-06-26 01:57:06,0,0,1.2468828,0.2493766,0,92.01995,6.483791,0,0
2022-06-26 01:57:05,0,0,1.741294,0.2487562,0,90.54726,7.21393,0.2487562,0
2022-06-26 01:57:04,0,0,0.7537688,0.2512563,0,91.45729,7.286432,0,0
2022-06-26 01:57:03,0,0,0.7462687,0,0,93.78109,5.223881,0.2487562,0
2022-06-26 01:57:02,0,0,0.7481297,0,0,91.77057,7.23192,0.2493766,0
2022-06-26 01:57:01,0,0,0.2506266,0.2506266,0,93.98496,5.263158,0.2506266,0
2022-06-26 01:57:00,0,0,0.2512563,0,0,91.70854,8.040201,0,0
2022-06-26 01:56:59,0,0,0,0.2493766,0,93.26683,6.234414,0.2493766,0
2022-06-26 01:56:58,0,0,0.2493766,0,0,92.5187,6.982544,0.2493766,0
2022-06-26 01:56:57,0,0,0.2506266,0.2506266,0,92.23058,7.26817,0,0
2022-06-26 01:56:56,0,0,0.2506266,0,0,92.4812,6.766917,0.2506266,0
2022-06-26 01:56:55,0,0,0,0,0,94.98747,5.012531,0,0
2022-06-26 01:56:54,0,0,0.2512563,0.2512563,0,97.73869,1.5075377,0.2512563,0
2022-06-26 01:56:53,0,0,0.5,0,0,98.25,1.25,0,0
2022-06-26 01:56:52,0,0,0,0,0,99.00498,0.7462687,0.2487562,0
2022-06-26 01:56:51,0,0,0,0,0,98.24561,1.5037594,0.2506266,0
2022-06-26 01:56:50,0,0,0,0,0,99.24623,0.5025126,0.2512563,0
2022-06-26 01:56:49,0,0,0.7481297,0.2493766,0,95.7606,3.241895,0,0
2022-06-26 01:56:48,0,0,0.2493766,0,0,98.25436,1.2468828,0.2493766,0
2022-06-26 01:56:47,0,0,0.5,0.25,0,98.25,1,0,0
2022-06-26 01:56:46,0,0,1,0.25,0,96.75,1.75,0.25,0
2022-06-26 01:56:45,0,0,0.2506266,0,0,97.99499,1.2531328,0.5012531,0
2022-06-26 01:56:44,0,0,0,0,0,99,1,0,0
2022-06-26 01:56:43,0,0,0.2493766,0.2493766,0,97.50623,1.745636,0.2493766,0
2022-06-26 01:56:42,0,0,0.9950249,0,0,97.26368,1.2437811,0.4975124,0
2022-06-26 01:56:41,0,0,0.7537688,0,0,96.48241,2.512563,0,0
2022-06-26 01:56:40,0,0,0.9950249,0.2487562,0,96.0199,2.238806,0.4975124,0
2022-06-26 01:56:39,0,0,1.0025063,0,0,96.99248,1.754386,0.2506266,0
2022-06-26 01:56:38,0,0,0.25,0,0,98.25,1.5,0,0
2022-06-26 01:56:37,0,0,0,0,0,99.25,0.5,0.25,0
2022-06-26 01:56:36,0,0,0.2525253,0,0,98.73737,1.010101,0,0
2022-06-26 01:56:35,0,0,0.990099,0.2475248,0,96.0396,2.475248,0.2475248,0
2022-06-26 01:56:34,0,0,0.9975062,0,0,96.50873,2.244389,0.2493766,0
2022-06-26 01:56:33,0,0,1.0025063,0.2506266,0,96.2406,2.255639,0.2506266,0
2022-06-26 01:56:32,0,0,0.75,0.25,0,96.5,2.25,0.25,0
2022-06-26 01:56:31,0,0,0.2493766,0,0,98.50374,1.2468828,0,0
2022-06-26 01:56:30,0,0,0,0,0,99.49749,0.5025126,0,0
2022-06-26 01:56:29,0,0,0,0,0,99.00249,0.4987531,0.4987531,0
2022-06-26 01:56:28,0,0,1.2594458,0,0,97.22922,1.511335,0,0
2022-06-26 01:56:27,0,0,1.25,0.25,0,94.75,3.5,0.25,0
2022-06-26 01:56:26,0,0,0.7444169,0.248139,0,96.02978,2.729529,0.248139,0
2022-06-26 01:56:25,0,0,1.0025063,0,0,96.74185,2.255639,0,0
2022-06-26 01:56:24,0,0,0.2487562,0,0,99.00498,0.4975124,0.2487562,0
2022-06-26 01:56:23,0,0,0,0,0,98.99749,1.0025063,0,0
2022-06-26 01:56:22,0,0,0.2487562,0,0,98.25871,1.2437811,0.2487562,0
2022-06-26 01:56:21,0,0,0.7537688,0.2512563,0,97.23618,1.5075377,0.2512563,0
2022-06-26 01:56:20,0,0,1.5037594,0.2506266,0,92.98246,5.012531,0.2506266,0
2022-06-26 01:56:19,0,0,0.7444169,0.248139,0,95.03722,3.473945,0.4962779,0
2022-06-26 01:56:18,0,0,0.5037783,0.2518892,0,97.733,1.511335,0,0
2022-06-26 01:56:17,0,0,0.4975124,0,0,98.25871,0.9950249,0.2487562,0
2022-06-26 01:56:16,0,0,0,0,0,99.00249,0.7481297,0.2493766,0
2022-06-26 01:56:15,0,0,0,0,0,98.99244,0.7556675,0.2518892,0
2022-06-26 01:56:14,0,0,0.5,0,0,97.75,1.75,0,0
2022-06-26 01:56:13,0,0,1.25,0.25,0,93,5.25,0.25,0
2022-06-26 01:56:12,0,0,1.5,0,0,94.5,3.75,0.25,0
2022-06-26 01:56:11,0,0,0.25,0.25,0,97.75,1.5,0.25,0
2022-06-26 01:56:10,0,0,0.4987531,0,0,96.50873,2.743142,0.2493766,0
2022-06-26 01:56:09,0,0,0.2493766,0,0,99.00249,0.4987531,0.2493766,0
2022-06-26 01:56:08,0,0,0,0,0,99.49622,0.5037783,0,0
2022-06-26 01:56:07,0,0,0.2487562,0,0,98.00995,1.4925373,0.2487562,0
2022-06-26 01:56:06,0,0,0.2487562,0.2487562,0,97.51244,1.741294,0.2487562,0
2022-06-26 01:56:05,0,0,0.7556675,0,0,95.21411,4.030227,0,0
2022-06-26 01:56:04,0,0,2,0,0,91.5,6.5,0,0
2022-06-26 01:56:03,0,0,1.741294,0.7462687,0,90.54726,6.716418,0.2487562,0
2022-06-26 01:56:02,0,0,1.5037594,0.2506266,0,88.22055,9.52381,0.5012531,0
2022-06-26 01:56:01,0,0,0.7462687,0.2487562,0,91.29353,7.462687,0.2487562,0
2022-06-26 01:56:00,0,0,0.2506266,0,0,93.23308,6.015038,0.5012531,0
2022-06-26 01:55:59,0,0,0,0,0,95.2381,4.511278,0.2506266,0
2022-06-26 01:55:58,0,0,0,0,0,95.01247,4.987531,0,0
2022-06-26 01:55:57,0,0,0.25,0,0,93.75,5.75,0.25,0
2022-06-26 01:55:56,0,0,0,0,0,93,7,0,0
2022-06-26 01:55:55,0,0,0,0,0,78.6802,12.436548,0.2538071,0
2022-06-26 01:55:54,0,0,0.2506266,0.2506266,0,90.72682,5.263158,0,0
2022-06-26 01:55:53,0,0,0,0,0,97.51244,2.238806,0.2487562,0
2022-06-26 01:55:52,0,0,0.2506266,0.2506266,0,97.74436,1.754386,0,0
2022-06-26 01:55:51,0,0,0,0,0,98.5,1.25,0.25,0
2022-06-26 01:55:50,0,0,0,0.25,0,99,0.5,0.25,0
2022-06-26 01:55:49,0,0,0,0,0,99.24812,0.7518797,0,0
2022-06-26 01:55:48,0,0,0,0,0,98.50374,1.2468828,0.2493766,0
2022-06-26 01:55:47,0,0,0.5,0,0,98.75,0.5,0.25,0
2022-06-26 01:55:46,0,0,0.7481297,0,0,97.50623,1.4962594,0.2493766,0
2022-06-26 01:55:45,0,0,1,0.25,0,95.75,3,0,0
2022-06-26 01:55:44,0,0,0.7537688,0.2512563,0,97.73869,1.2562814,0,0
2022-06-26 01:55:43,0,0,0.4975124,0.2487562,0,97.26368,1.741294,0.2487562,0
2022-06-26 01:55:42,0,0,0.2512563,0,0,98.74372,1.0050251,0,0
2022-06-26 01:55:41,0,0,0,0.2493766,0,98.50374,0.9975062,0.2493766,0
2022-06-26 01:55:40,0,0,0.5,0.25,0,97.75,1.25,0.25,0
2022-06-26 01:55:39,0,0,0.9975062,0,0,96.25935,2.743142,0,0
2022-06-26 01:55:38,0,0,1.0025063,0,0,96.74185,2.005013,0.2506266,0
2022-06-26 01:55:37,0,0,1.0025063,0,0,96.49123,2.255639,0.2506266,0
2022-06-26 01:55:36,0,0,0.5,0,0,97.25,2,0.25,0
2022-06-26 01:55:35,0,0,0.25,0,0,98,1.25,0.5,0
2022-06-26 01:55:34,0,0,0,0.2493766,0,98.75312,0.9975062,0,0
2022-06-26 01:55:33,0,0,0.2493766,0,0,99.00249,0.4987531,0.2493766,0
2022-06-26 01:55:32,0,0,1.2531328,0.2506266,0,94.98747,3.007519,0.5012531,0
2022-06-26 01:55:31,0,0,1.75,0.5,0,95,2.5,0.25,0
2022-06-26 01:55:30,0,0,0.7481297,0,0,97.00748,1.995012,0.2493766,0
2022-06-26 01:55:29,0,0,0.5025126,0.5025126,0,96.23116,2.512563,0.2512563,0
2022-06-26 01:55:28,0,0,0.2493766,0,0,98.50374,0.9975062,0.2493766,0
2022-06-26 01:55:27,0,0,0.2506266,0,0,99.24812,0.5012531,0,0
2022-06-26 01:55:26,0,0,0.2506266,0,0,98.99749,0.7518797,0,0
2022-06-26 01:55:25,0,0,1.745636,0.4987531,0,94.51372,2.743142,0.4987531,0
2022-06-26 01:55:24,0,0,1.75,0.25,0,94.75,3,0.25,0
2022-06-26 01:55:23,0,0,0.5,0.25,0,97.75,1.5,0,0
2022-06-26 01:55:22,0,0,0.5,0,0,98.25,1,0.25,0
2022-06-26 01:55:21,0,0,0,0,0,99.25,0.75,0,0
2022-06-26 01:55:20,0,0,0,0,0,98.5,1,0.5,0
2022-06-26 01:55:19,0,0,0.4987531,0,0,98.75312,0.7481297,0,0
2022-06-26 01:55:18,0,0,1.2468828,0,0,95.01247,3.491272,0.2493766,0
2022-06-26 01:55:17,0,0,1.2594458,0.5037783,0,94.71033,3.526448,0,0
2022-06-26 01:55:16,0,0,0.4975124,0.2487562,0,97.26368,1.741294,0.2487562,0
2022-06-26 01:55:15,0,0,0.5025126,0,0,96.98492,2.261307,0.2512563,0
2022-06-26 01:55:14,0,0,0,0.2493766,0,98.50374,0.9975062,0.2493766,0
2022-06-26 01:55:13,0,0,0.2493766,0,0,98.50374,1.2468828,0,0
2022-06-26 01:55:12,0,0,0,0,0,99.49875,0.2506266,0.2506266,0
2022-06-26 01:55:11,0,0,0.5,0,0,97,2.25,0.25,0
2022-06-26 01:55:10,0,0,1.4888337,0.4962779,0,92.05955,5.210918,0.4962779,0
2022-06-26 01:55:09,0,0,1.25,0.25,0,95.75,2.75,0,0
2022-06-26 01:55:08,0,0,0,0,0,98.49246,1.2562814,0.2512563,0
2022-06-26 01:55:07,0,0,0.5012531,0,0,96.74185,2.506266,0.2506266,0
2022-06-26 01:55:06,0,0,0.2493766,0,0,98.50374,0.9975062,0.2493766,0
2022-06-26 01:55:05,0,0,0,0,0,99.5,0.25,0.25,0
2022-06-26 01:55:04,0,0,0,0,0,98.75,1,0.25,0
2022-06-26 01:55:03,0,0,0.4987531,0,0,97.50623,1.745636,0.2493766,0
2022-06-26 01:55:02,0,0,1.0025063,0.5012531,0,93.98496,4.511278,0,0
2022-06-26 01:55:01,0,0,1.99005,0.7462687,0,90.54726,6.218905,0.4975124,0
2022-06-26 01:55:00,0,0,1.75,0.25,0,91.75,6.25,0,0
2022-06-26 01:54:59,0,0,0.7537688,0,0,89.44724,9.798995,0,0
2022-06-26 01:54:58,0,0,0.5012531,0,0,93.23308,6.265664,0,0
2022-06-26 01:54:57,0,0,0.2493766,0,0,93.26683,5.985037,0.4987531,0
2022-06-26 01:54:56,0,0,0.2506266,0.2506266,0,94.23559,5.263158,0,0
2022-06-26 01:54:55,0,0,0.2487562,0,0,91.79104,7.462687,0.4975124,0
2022-06-26 01:54:54,0,0,0,0,0,93.73434,6.015038,0.2506266,0
2022-06-26 01:54:53,0,0,0,0,0,91.02244,7.730673,0.4987531,0
2022-06-26 01:54:52,0,0,0,0.2538071,0,78.4264,11.167513,0.2538071,0
2022-06-26 01:54:51,0,0,0.2493766,0,0,92.5187,6.234414,0.2493766,0
2022-06-26 01:54:50,0,0,0.2493766,0,0,97.00748,2.493766,0.2493766,0
2022-06-26 01:54:49,0,0,0.2506266,0.2506266,0,98.49624,1.0025063,0,0
2022-06-26 01:54:48,0,0,0,0,0,98.50374,1.2468828,0.2493766,0
2022-06-26 01:54:47,0,0,0,0,0,99.49749,0.5025126,0,0
2022-06-26 01:54:46,0,0,0.25,0,0,99,0.25,0.5,0
2022-06-26 01:54:45,0,0,0,0,0,99,0.75,0.25,0
2022-06-26 01:54:44,0,0,0,0,0,99,0.75,0.25,0
2022-06-26 01:54:43,0,0,0.7481297,0.2493766,0,96.7581,1.745636,0.4987531,0
2022-06-26 01:54:42,0,0,1.0050251,0.2512563,0,95.22613,3.266332,0.2512563,0
2022-06-26 01:54:41,0,0,0.9950249,0.2487562,0,96.76617,1.741294,0.2487562,0
2022-06-26 01:54:40,0,0,0.2506266,0,0,98.99749,0.7518797,0,0
2022-06-26 01:54:39,0,0,0,0,0,98.75,1,0.25,0
2022-06-26 01:54:38,0,0,0,0,0,99.25,0.75,0,0
2022-06-26 01:54:37,0,0,0.25,0.25,0,98.25,1.25,0,0
2022-06-26 01:54:36,0,0,1.2468828,0.2493766,0,96.25935,1.745636,0.4987531,0
2022-06-26 01:54:35,0,0,1.5,0.25,0,94.75,3.5,0,0
2022-06-26 01:54:34,0,0,1,0.25,0,97,1.75,0,0
2022-06-26 01:54:33,0,0,0,0,0,99.24812,0.7518797,0,0
2022-06-26 01:54:32,0,0,0,0,0,99,0.75,0.25,0
2022-06-26 01:54:31,0,0,0,0,0,99.00249,0.9975062,0,0
2022-06-26 01:54:30,0,0,0.2506266,0,0,98.99749,0.7518797,0,0
2022-06-26 01:54:29,0,0,1.2468828,0,0,95.26185,3.241895,0.2493766,0
2022-06-26 01:54:28,0,0,1.995012,0.4987531,0,93.76559,3.491272,0.2493766,0
2022-06-26 01:54:27,0,0,0.7518797,0,0,96.74185,2.506266,0,0
2022-06-26 01:54:26,0,0,0,0,0,99.24812,0.7518797,0,0
2022-06-26 01:54:25,0,0,0.75,0,0,98.25,0.75,0.25,0
2022-06-26 01:54:24,0,0,0.25,0,0,99,0.75,0,0
2022-06-26 01:54:23,0,0,0.4987531,0,0,98.00499,1.2468828,0.2493766,0
2022-06-26 01:54:22,0,0,1.0025063,0.5012531,0,95.73935,2.506266,0.2506266,0
2022-06-26 01:54:21,0,0,1.741294,0.4975124,0,93.53234,3.9801,0.2487562,0
2022-06-26 01:54:20,0,0,0.7537688,0,0,96.23116,2.763819,0.2512563,0
2022-06-26 01:54:19,0,0,0,0,0,99.25,0.5,0.25,0
2022-06-26 01:54:18,0,0,0,0,0,99.75,0.25,0,0
2022-06-26 01:54:17,0,0,0.25,0,0,98.75,1,0,0
2022-06-26 01:54:16,0,0,0.4987531,0,0,98.25436,1.2468828,0,0
2022-06-26 01:54:15,0,0,1,0.25,0,95.5,2.75,0.5,0
2022-06-26 01:54:14,0,0,1.745636,0.2493766,0,92.76808,4.987531,0.2493766,0
2022-06-26 01:54:13,0,0,0.7518797,0.2506266,0,97.49373,1.5037594,0,0
2022-06-26 01:54:12,0,0,0,0,0,98.25,1.25,0.5,0
2022-06-26 01:54:11,0,0,0,0,0,98.74372,1.2562814,0,0
2022-06-26 01:54:10,0,0,0.2493766,0,0,98.50374,0.9975062,0.2493766,0
2022-06-26 01:54:09,0,0,0.4975124,0,0,97.51244,1.741294,0.2487562,0
2022-06-26 01:54:08,0,0,0.7537688,0.2512563,0,95.72864,3.266332,0,0
2022-06-26 01:54:07,0,0,1.0025063,0,0,95.2381,3.258145,0.5012531,0
2022-06-26 01:54:06,0,0,1.4888337,0.7444169,0,92.05955,5.459057,0.248139,0
2022-06-26 01:54:05,0,0,0.5012531,0.2506266,0,98.24561,1.0025063,0,0
2022-06-26 01:54:04,0,0,0,0,0,98.99749,0.7518797,0.2506266,0
2022-06-26 01:54:03,0,0,0.2493766,0,0,99.00249,0.7481297,0,0
2022-06-26 01:54:02,0,0,0,0.2506266,0,99.24812,0.5012531,0,0
2022-06-26 01:54:01,0,0,0.2487562,0,0,98.50746,0.7462687,0.4975124,0
2022-06-26 01:54:00,0,0,0.7518797,0.2506266,0,96.2406,2.756892,0,0
2022-06-26 01:53:59,0,0,1.0025063,0,0,93.23308,5.513784,0.2506266,0
2022-06-26 01:53:58,0,0,2.244389,0.4987531,0,89.77556,7.481297,0,0
2022-06-26 01:53:57,0,0,1.745636,0.4987531,0,90.02494,7.481297,0.2493766,0
2022-06-26 01:53:56,0,0,0.7518797,0,0,89.72431,9.273183,0.2506266,0
2022-06-26 01:53:55,0,0,0.2493766,0,0,94.76309,4.488778,0.2493766,0
2022-06-26 01:53:54,0,0,0,0,0,95.47739,4.271357,0,0
2022-06-26 01:53:53,0,0,0,0.2512563,0,95.72864,3.517588,0.5025126,0
2022-06-26 01:53:52,0,0,0,0,0,93.03483,6.218905,0.4975124,0
2022-06-26 01:53:51,0,0,0,0,0,93.75,6,0.25,0
2022-06-26 01:53:50,0,0,0.2506266,0,0,87.7193,9.774436,0.5012531,0
2022-06-26 01:53:49,0,0,0,0.7575758,0,61.11111,8.080808,0.2525253,0
2022-06-26 01:53:48,0,0,0,0.2506266,0,95.48872,4.260652,0,0
2022-06-26 01:53:47,0,0,0.2493766,0.2493766,0,98.75312,0.4987531,0.2493766,0
2022-06-26 01:53:46,0,0,0,0,0,98.49624,1.5037594,0,0
2022-06-26 01:53:45,0,0,0,0,0,97.75,2,0.25,0
2022-06-26 01:53:44,0,0,0.2493766,0,0,99.25187,0.4987531,0,0
2022-06-26 01:53:43,0,0,0,0,0,99.49875,0.2506266,0.2506266,0
2022-06-26 01:53:42,0,0,0,0,0,99.5,0.5,0,0
2022-06-26 01:53:41,0,0,0.4987531,0.4987531,0,97.50623,1.4962594,0,0
2022-06-26 01:53:40,0,0,0.7518797,0,0,96.2406,2.756892,0.2506266,0
2022-06-26 01:53:39,0,0,1.2468828,0.7481297,0,94.51372,3.491272,0,0
2022-06-26 01:53:38,0,0,0.25,0,0,99,0.25,0.5,0
2022-06-26 01:53:37,0,0,0,0,0,99,1,0,0
2022-06-26 01:53:36,0,0,0,0,0,99.25,0.75,0,0
2022-06-26 01:53:35,0,0,0.25,0.25,0,98.75,0.75,0,0
2022-06-26 01:53:34,0,0,1,0,0,96.25,2.5,0.25,0
2022-06-26 01:53:33,0,0,1.25,0.25,0,95.5,2.75,0.25,0
2022-06-26 01:53:32,0,0,1.25,0,0,96,2.75,0,0
2022-06-26 01:53:31,0,0,0.25,0,0,99,0.5,0.25,0
2022-06-26 01:53:30,0,0,0,0,0,99.25,0.75,0,0
2022-06-26 01:53:29,0,0,0,0.2493766,0,99.00249,0.4987531,0.2493766,0
2022-06-26 01:53:28,0,0,0.25,0,0,98.25,1,0.5,0
2022-06-26 01:53:27,0,0,1.2531328,0.2506266,0,95.73935,2.756892,0,0
2022-06-26 01:53:26,0,0,1.4962594,0.4987531,0,96.00998,1.995012,0,0
2022-06-26 01:53:25,0,0,0.7481297,0.2493766,0,97.00748,1.995012,0,0
2022-06-26 01:53:24,0,0,1.0050251,0.2512563,0,96.98492,1.5075377,0.2512563,0
2022-06-26 01:53:23,0,0,0.25,0,0,99.5,0.25,0,0
2022-06-26 01:53:22,0,0,0,0,0,98.75,1,0.25,0
2022-06-26 01:53:21,0,0,0.75,0.25,0,97.25,1.5,0.25,0
2022-06-26 01:53:20,0,0,0.7481297,0,0,97.50623,1.4962594,0.2493766,0
2022-06-26 01:53:19,0,0,1.4925373,0.2487562,0,95.02488,2.736318,0.4975124,0
2022-06-26 01:53:18,0,0,0.5037783,0.2518892,0,96.97733,2.267003,0,0
2022-06-26 01:53:17,0,0,0.5,0,0,97.5,1.75,0.25,0
2022-06-26 01:53:16,0,0,0.25,0,0,98.75,0.75,0.25,0
2022-06-26 01:53:15,0,0,0,0.25,0,98.5,1,0.25,0
2022-06-26 01:53:14,0,0,0.75,0.25,0,97,1.75,0.25,0
2022-06-26 01:53:13,0,0,1,0,0,97,1.75,0.25,0
2022-06-26 01:53:12,0,0,1,0.25,0,95.5,3,0.25,0
2022-06-26 01:53:11,0,0,0.75,0,0,97.25,1.75,0.25,0
2022-06-26 01:53:10,0,0,0.75,0.25,0,97,2,0,0
2022-06-26 01:53:09,0,0,0,0,0,98.5,1.25,0.25,0
2022-06-26 01:53:08,0,0,0,0,0,99,0.75,0.25,0
2022-06-26 01:53:07,0,0,0.75,0,0,98.25,1,0,0
2022-06-26 01:53:06,0,0,0.5012531,0,0,96.49123,2.756892,0.2506266,0
2022-06-26 01:53:05,0,0,0.7481297,0.2493766,0,95.01247,3.740648,0.2493766,0
2022-06-26 01:53:04,0,0,0.9975062,0.2493766,0,95.7606,2.992519,0,0
2022-06-26 01:53:03,0,0,0.7518797,0,0,96.74185,2.255639,0.2506266,0
2022-06-26 01:53:02,0,0,0.75,0.25,0,96.75,2,0.25,0
2022-06-26 01:53:01,0,0,0.2487562,0.2487562,0,98.50746,0.9950249,0,0
2022-06-26 01:53:00,0,0,0.2512563,0,0,98.74372,0.7537688,0.2512563,0
2022-06-26 01:52:59,0,0,0.5,0,0,97.25,2.25,0,0
2022-06-26 01:52:58,0,0,0.4987531,0.2493766,0,96.50873,2.493766,0.2493766,0
2022-06-26 01:52:57,0,0,1,0,0,93.75,5.25,0,0
2022-06-26 01:52:56,0,0,0.9975062,0,0,94.26434,4.488778,0.2493766,0
2022-06-26 01:52:55,0,0,1.25,0.5,0,92.25,5.75,0.25,0
2022-06-26 01:52:54,0,0,1.745636,0.4987531,0,88.02993,9.476309,0.2493766,0
2022-06-26 01:52:53,0,0,1.0025063,0.2506266,0,89.97494,8.270677,0.5012531,0
2022-06-26 01:52:52,0,0,0.25,0.25,0,92.75,6.5,0.25,0
2022-06-26 01:52:51,0,0,0.25,0,0,92,7.5,0.25,0
2022-06-26 01:52:50,0,0,0,0,0,93.25,6.5,0.25,0
2022-06-26 01:52:49,0,0,0.25,0,0,92,7.5,0.25,0
2022-06-26 01:52:48,0,0,0,0,0,93,6.5,0,0
2022-06-26 01:52:47,0,0,0.2531646,0,0,87.8481,9.113924,0.2531646,0.7594937
2022-06-26 01:52:46,0,0,0.25,0.25,0,90.75,5.75,0.25,0
2022-06-26 01:52:45,0,0,0,0,0,97.99499,2.005013,0,0
2022-06-26 01:52:44,0,0,0.2487562,0,0,98.25871,1.2437811,0.2487562,0
2022-06-26 01:52:43,0,0,0,0,0,98.25,1.5,0.25,0
2022-06-26 01:52:42,0,0,0,0,0,99.24623,0.7537688,0,0
2022-06-26 01:52:41,0,0,0.2487562,0.2487562,0,98.25871,0.9950249,0.2487562,0
2022-06-26 01:52:40,0,0,0.5025126,0.2512563,0,97.73869,1.5075377,0,0
2022-06-26 01:52:39,0,0,0,0.2487562,0,99.00498,0.4975124,0.2487562,0
2022-06-26 01:52:38,0,0,0.2512563,0,0,97.98995,1.5075377,0.2512563,0
2022-06-26 01:52:37,0,0,1.2437811,0.2487562,0,95.52239,2.985075,0,0
2022-06-26 01:52:36,0,0,0.25,0,0,98.25,1,0.5,0
2022-06-26 01:52:35,0,0,0.4987531,0.2493766,0,97.75561,1.2468828,0.2493766,0
2022-06-26 01:52:34,0,0,0.7518797,0,0,96.74185,2.255639,0.2506266,0
2022-06-26 01:52:33,0,0,0.2506266,0,0,98.74687,0.7518797,0.2506266,0
2022-06-26 01:52:32,0,0,0.25,0.25,0,98.5,1,0,0
2022-06-26 01:52:31,0,0,0.7481297,0,0,97.00748,1.995012,0.2493766,0
2022-06-26 01:52:30,0,0,1.25,0.5,0,96,2.25,0,0
2022-06-26 01:52:29,0,0,0.4987531,0.2493766,0,98.00499,0.9975062,0.2493766,0
2022-06-26 01:52:28,0,0,0.5025126,0,0,96.73367,2.763819,0,0
2022-06-26 01:52:27,0,0,0.4987531,0.2493766,0,97.75561,1.2468828,0.2493766,0
2022-06-26 01:52:26,0,0,0.25,0,0,98.5,1.25,0,0
2022-06-26 01:52:25,0,0,0.5025126,0,0,97.73869,1.5075377,0.2512563,0
2022-06-26 01:52:24,0,0,1.25,0.25,0,96,2.25,0.25,0
2022-06-26 01:52:23,0,0,0.9950249,0.4975124,0,95.77114,2.487562,0.2487562,0
2022-06-26 01:52:22,0,0,0.7537688,0,0,97.98995,1.0050251,0.2512563,0
2022-06-26 01:52:21,0,0,0.4987531,0,0,97.75561,1.4962594,0.2493766,0
2022-06-26 01:52:20,0,0,0.2506266,0,0,98.49624,1.2531328,0,0
2022-06-26 01:52:19,0,0,0.5,0.25,0,97.75,1.25,0.25,0
2022-06-26 01:52:18,0,0,0.7462687,0.4975124,0,96.26866,2.487562,0,0
2022-06-26 01:52:17,0,0,1.0025063,0,0,97.24311,1.5037594,0.2506266,0
2022-06-26 01:52:16,0,0,0.7518797,0.2506266,0,96.49123,2.255639,0.2506266,0
2022-06-26 01:52:15,0,0,0.9975062,0.2493766,0,96.25935,2.244389,0.2493766,0
2022-06-26 01:52:14,0,0,0.25,0,0,98.5,1,0.25,0
2022-06-26 01:52:13,0,0,0,0,0,98.74687,1.0025063,0.2506266,0
2022-06-26 01:52:12,0,0,0.7462687,0,0,98.00995,0.9950249,0.2487562,0
2022-06-26 01:52:11,0,0,0.7481297,0.2493766,0,97.00748,1.745636,0.2493766,0
2022-06-26 01:52:10,0,0,1.0050251,0.2512563,0,96.23116,2.512563,0,0
2022-06-26 01:52:09,0,0,1.25,0,0,95.5,3,0.25,0
2022-06-26 01:52:08,0,0,0.75,0.5,0,96.75,1.75,0.25,0
2022-06-26 01:52:07,0,0,0.2506266,0,0,98.74687,0.7518797,0.2506266,0
2022-06-26 01:52:06,0,0,0.25,0,0,97.25,2,0.5,0
2022-06-26 01:52:05,0,0,0.2487562,0.2487562,0,98.25871,0.7462687,0.4975124,0
2022-06-26 01:52:04,0,0,0.5012531,0.5012531,0,94.23559,4.761905,0,0
2022-06-26 01:52:03,0,0,0.7537688,0,0,96.48241,2.512563,0.2512563,0
2022-06-26 01:52:02,0,0,0.7481297,0.2493766,0,96.25935,2.743142,0,0
2022-06-26 01:52:01,0,0,0.75,0.25,0,96.75,2,0.25,0
2022-06-26 01:52:00,0,0,0.75,0,0,97.25,1.75,0.25,0
2022-06-26 01:51:59,0,0,0.2506266,0,0,97.74436,2.005013,0,0
2022-06-26 01:51:58,0,0,0.248139,0,0,98.75931,0.7444169,0.248139,0
2022-06-26 01:51:57,0,0,0,0,0,99.49749,0.2512563,0.2512563,0
2022-06-26 01:51:56,0,0,0.4975124,0.2487562,0,97.51244,1.4925373,0.2487562,0
2022-06-26 01:51:55,0,0,0.7518797,0,0,94.98747,4.010025,0.2506266,0
2022-06-26 01:51:54,0,0,1.2468828,0.2493766,0,92.76808,5.236908,0.4987531,0
2022-06-26 01:51:53,0,0,1.25,0.25,0,92.25,6,0.25,0
2022-06-26 01:51:52,0,0,1.25,0,0,91.25,7.25,0.25,0
2022-06-26 01:51:51,0,0,1.2468828,0.2493766,0,90.02494,7.98005,0.4987531,0
2022-06-26 01:51:50,0,0,0.5012531,0,0,92.23058,7.017544,0.2506266,0
2022-06-26 01:51:49,0,0,0.5012531,0,0,91.22807,8.02005,0.2506266,0
2022-06-26 01:51:48,0,0,0.2493766,0,0,93.26683,6.483791,0,0
2022-06-26 01:51:47,0,0,0,0,0,92.25,7.5,0.25,0
2022-06-26 01:51:46,0,0,0,0.25,0,88.75,9.25,0,0
2022-06-26 01:51:45,0,0,0.2493766,0.2493766,0,89.52618,8.229426,0.4987531,0
2022-06-26 01:51:44,0,0,0,0,0,93.48371,6.015038,0.5012531,0
2022-06-26 01:51:43,0,0,0.25,0,0,95.25,3.75,0.25,0
2022-06-26 01:51:42,0,0,0.2518892,0,0,95.71788,3.02267,1.0075567,0
2022-06-26 01:51:41,0,0,0.2493766,0,0,98.25436,0.7481297,0.7481297,0
2022-06-26 01:51:40,0,0,0,0,0,99,1,0,0
2022-06-26 01:51:39,0,0,0.25,0,0,98.75,0.5,0.5,0
2022-06-26 01:51:38,0,0,0,0,0,98.5,1.25,0.25,0
2022-06-26 01:51:37,0,0,0,0,0,98.99749,1.0025063,0,0
2022-06-26 01:51:36,0,0,0.75,0.25,0,97.75,1,0.25,0
2022-06-26 01:51:35,0,0,0.7481297,0,0,96.50873,2.493766,0.2493766,0
2022-06-26 01:51:34,0,0,1,0,0,96,2.75,0.25,0
2022-06-26 01:51:33,0,0,0.5,0.25,0,98.25,0.75,0.25,0
2022-06-26 01:51:32,0,0,0,0,0,98.5,1.5,0,0
2022-06-26 01:51:31,0,0,0,0,0,99,1,0,0
2022-06-26 01:51:30,0,0,0.4987531,0.2493766,0,97.75561,1.2468828,0.2493766,0
2022-06-26 01:51:29,0,0,1.0025063,0.5012531,0,96.49123,1.754386,0.2506266,0
2022-06-26 01:51:28,0,0,1.0025063,0,0,96.49123,2.506266,0,0
2022-06-26 01:51:27,0,0,1.2468828,0.4987531,0,95.01247,2.992519,0.2493766,0
2022-06-26 01:51:26,0,0,0.25,0,0,98,1.5,0.25,0
2022-06-26 01:51:25,0,0,0,0,0,99.49875,0.5012531,0,0
2022-06-26 01:51:24,0,0,0.7481297,0.2493766,0,98.25436,0.7481297,0,0
2022-06-26 01:51:23,0,0,0.75,0.25,0,96.75,2,0.25,0
2022-06-26 01:51:22,0,0,0.7518797,0.2506266,0,97.49373,1.5037594,0,0
2022-06-26 01:51:21,0,0,1.2468828,0.2493766,0,95.51122,2.743142,0.2493766,0
2022-06-26 01:51:20,0,0,1.0025063,0,0,96.49123,2.506266,0,0
2022-06-26 01:51:19,0,0,0.2493766,0.4987531,0,97.50623,1.2468828,0.4987531,0
2022-06-26 01:51:18,0,0,0.25,0,0,99.5,0.25,0,0
2022-06-26 01:51:17,0,0,0.25,0,0,98.75,1,0,0
2022-06-26 01:51:16,0,0,0.7518797,0.2506266,0,97.74436,1.0025063,0.2506266,0
2022-06-26 01:51:15,0,0,0.75,0,0,97.25,1.75,0.25,0
2022-06-26 01:51:14,0,0,1,0.25,0,96.25,2.25,0.25,0
2022-06-26 01:51:13,0,0,0.7518797,0.2506266,0,97.49373,1.2531328,0.2506266,0
2022-06-26 01:51:12,0,0,0.4975124,0,0,98.00995,1.4925373,0,0
2022-06-26 01:51:11,0,0,0.2506266,0,0,98.49624,1.0025063,0.2506266,0
2022-06-26 01:51:10,0,0,0.2493766,0.2493766,0,98.25436,0.9975062,0.2493766,0
2022-06-26 01:51:09,0,0,0.75,0,0,95.75,3.5,0,0
2022-06-26 01:51:08,0,0,0.5,0.25,0,96,3,0.25,0
2022-06-26 01:51:07,0,0,1.25,0.25,0,95.75,2.5,0.25,0
2022-06-26 01:51:06,0,0,0.5012531,0.2506266,0,96.99248,2.255639,0,0
2022-06-26 01:51:05,0,0,0.25,0.25,0,97.75,1.25,0.5,0
2022-06-26 01:51:04,0,0,0.4975124,0.2487562,0,97.51244,1.741294,0,0
2022-06-26 01:51:03,0,0,0.2506266,0,0,97.99499,1.5037594,0.2506266,0
2022-06-26 01:51:02,0,0,0.5,0,0,97.5,1.75,0.25,0
2022-06-26 01:51:01,0,0,1,0.25,0,95.75,2.75,0.25,0
2022-06-26 01:51:00,0,0,1,0.25,0,95.25,3,0.5,0
2022-06-26 01:50:59,0,0,1.2468828,0.4987531,0,95.26185,2.992519,0,0
2022-06-26 01:50:58,0,0,0.2506266,0,0,97.99499,1.2531328,0.5012531,0
2022-06-26 01:50:57,0,0,0.2506266,0.2506266,0,97.24311,2.255639,0,0
2022-06-26 01:50:56,0,0,0.5,0,0,97.25,2,0.25,0
2022-06-26 01:50:55,0,0,0.2493766,0.2493766,0,98.75312,0.4987531,0.2493766,0
2022-06-26 01:50:54,0,0,0,0,0,98.75,1,0.25,0
2022-06-26 01:50:53,0,0,0.7518797,0.2506266,0,95.2381,3.508772,0.2506266,0
2022-06-26 01:50:52,0,0,1.2437811,0.2487562,0,96.51741,1.99005,0,0
2022-06-26 01:50:51,0,0,1.25,0.5,0,92.75,5.25,0.25,0
2022-06-26 01:50:50,0,0,1.75,0,0,87,10.5,0.5,0
2022-06-26 01:50:49,0,0,0.75,0.25,0,94.75,4.25,0,0
2022-06-26 01:50:48,0,0,0.7481297,0,0,92.26933,6.733167,0.2493766,0
2022-06-26 01:50:47,0,0,0.5012531,0.2506266,0,94.23559,4.761905,0.2506266,0
2022-06-26 01:50:46,0,0,0.2506266,0,0,93.23308,6.265664,0.2506266,0
2022-06-26 01:50:45,0,0,0.2506266,0,0,94.23559,5.263158,0,0
2022-06-26 01:50:44,0,0,0.248139,0.248139,0,90.57072,8.188586,0.4962779,0
2022-06-26 01:50:43,0,0,0,0,0,89.11392,6.835443,0.5063291,0
2022-06-26 01:50:42,0,0,0,0,0,81.95489,9.52381,0.5012531,0
2022-06-26 01:50:41,0,0,0.25,0.25,0,95.5,3.75,0.25,0
2022-06-26 01:50:40,0,0,0,0,0,98.24561,1.754386,0,0
2022-06-26 01:50:39,0,0,0.25,0,0,97,2.5,0.25,0
2022-06-26 01:50:38,0,0,0,0.2487562,0,98.25871,1.2437811,0.2487562,0
2022-06-26 01:50:37,0,0,0,0,0,99.49875,0.5012531,0,0
2022-06-26 01:50:36,0,0,0,0,0,99.49875,0.2506266,0.2506266,0
2022-06-26 01:50:35,0,0,0,0,0,98.75,1.25,0,0
2022-06-26 01:50:34,0,0,0.248139,0,0,98.75931,0.7444169,0.248139,0
2022-06-26 01:50:33,0,0,1.2531328,0,0,94.73684,4.010025,0,0
2022-06-26 01:50:32,0,0,0.5025126,0,0,96.73367,2.512563,0.2512563,0
2022-06-26 01:50:31,0,0,0.4987531,0,0,98.25436,0.9975062,0.2493766,0
2022-06-26 01:50:30,0,0,0.5012531,0.2506266,0,98.49624,0.7518797,0,0
2022-06-26 01:50:29,0,0,0,0,0,98.00499,1.745636,0.2493766,0
2022-06-26 01:50:28,0,0,0,0,0,99.74874,0.2512563,0,0
2022-06-26 01:50:27,0,0,0.7481297,0.2493766,0,95.7606,2.743142,0.4987531,0
2022-06-26 01:50:26,0,0,1.2468828,0.2493766,0,96.00998,2.244389,0.2493766,0
2022-06-26 01:50:25,0,0,1.25,0.25,0,95.75,2.25,0.5,0
2022-06-26 01:50:24,0,0,0.7518797,0,0,97.74436,1.5037594,0,0
2022-06-26 01:50:23,0,0,0.25,0.25,0,98.25,1,0.25,0
2022-06-26 01:50:22,0,0,0,0,0,99.24812,0.7518797,0,0
2022-06-26 01:50:21,0,0,0.2493766,0,0,98.50374,0.7481297,0.4987531,0
2022-06-26 01:50:20,0,0,0.75,0,0,97.25,1.75,0.25,0
2022-06-26 01:50:19,0,0,1,0,0,96.5,2.25,0.25,0
2022-06-26 01:50:18,0,0,1,0.25,0,96.25,2.25,0.25,0
2022-06-26 01:50:17,0,0,0.5,0,0,98.25,1.25,0,0
2022-06-26 01:50:16,0,0,0.4987531,0,0,97.75561,1.4962594,0.2493766,0
2022-06-26 01:50:15,0,0,0,0,0,99.74811,0.2518892,0,0
2022-06-26 01:50:14,0,0,0.2487562,0,0,97.26368,2.238806,0.2487562,0
2022-06-26 01:50:13,0,0,1.0025063,0.2506266,0,97.49373,1.0025063,0.2506266,0
2022-06-26 01:50:12,0,0,0.9975062,0.4987531,0,96.00998,2.244389,0.2493766,0
2022-06-26 01:50:11,0,0,0.7481297,0,0,96.25935,2.743142,0.2493766,0
2022-06-26 01:50:10,0,0,0.5025126,0,0,97.48744,1.758794,0.2512563,0
2022-06-26 01:50:09,0,0,0.5,0,0,97.5,2,0,0
2022-06-26 01:50:08,0,0,0,0.2493766,0,98.25436,1.2468828,0.2493766,0
2022-06-26 01:50:07,0,0,0.5,0.25,0,98,1,0.25,0
2022-06-26 01:50:06,0,0,1,0.5,0,95.75,2.5,0.25,0
2022-06-26 01:50:05,0,0,1,0.25,0,95.75,2.5,0.5,0
2022-06-26 01:50:04,0,0,1,0.5,0,95.25,3,0.25,0
2022-06-26 01:50:03,0,0,0.2506266,0,0,97.49373,2.005013,0.2506266,0
2022-06-26 01:50:02,0,0,0.2506266,0,0,98.49624,1.2531328,0,0
2022-06-26 01:50:01,0,0,0.4975124,0.2487562,0,97.76119,1.2437811,0.2487562,0
2022-06-26 01:50:00,0,0,0.2493766,0,0,98.25436,1.2468828,0,0
2022-06-26 01:49:59,0,0,0.5,0.5,0,96.25,2.5,0.25,0
2022-06-26 01:49:58,0,0,1.2531328,0.2506266,0,95.2381,3.258145,0,0
2022-06-26 01:49:57,0,0,1,0,0,95.5,3.5,0,0
2022-06-26 01:49:56,0,0,0.7481297,0.2493766,0,95.51122,3.241895,0.2493766,0
2022-06-26 01:49:55,0,0,0.2487562,0.2487562,0,97.76119,1.4925373,0.2487562,0
2022-06-26 01:49:54,0,0,0.2525253,0,0,97.22222,2.525253,0,0
2022-06-26 01:49:53,0,0,0.7481297,0.2493766,0,97.25686,1.4962594,0.2493766,0
2022-06-26 01:49:52,0,0,0.5,0,0,98.5,0.75,0.25,0
2022-06-26 01:49:51,0,0,0.7462687,0.2487562,0,95.27363,3.482587,0.2487562,0
2022-06-26 01:49:50,0,0,1.0075567,0,0,95.21411,3.778338,0,0
2022-06-26 01:49:49,0,0,1.25,0,0,93.25,5.25,0.25,0
2022-06-26 01:49:48,0,0,0.9975062,0.2493766,0,92.76808,5.735661,0.2493766,0
2022-06-26 01:49:47,0,0,1,0.25,0,94,4.75,0,0
2022-06-26 01:49:46,0,0,0.7462687,0.2487562,0,94.02985,4.477612,0.4975124,0
2022-06-26 01:49:45,0,0,0.5012531,0.2506266,0,92.73183,6.265664,0.2506266,0
2022-06-26 01:49:44,0,0,0.5,0,0,94.5,4.75,0.25,0
2022-06-26 01:49:43,0,0,0.5012531,0,0,93.23308,6.265664,0,0
2022-06-26 01:49:42,0,0,0.25,0,0,91,8.25,0.5,0
2022-06-26 01:49:41,0,0,0.25,0.25,0,89.25,8.75,0.5,0
2022-06-26 01:49:40,0,0,0,0,0,93.45088,6.297229,0.2518892,0
2022-06-26 01:49:39,0,0,0,0.2493766,0,95.26185,4.488778,0,0
2022-06-26 01:49:38,0,0,0.5,0,0,95.5,3.5,0.25,0
2022-06-26 01:49:37,0,0,0,0,0,97.25,2.75,0,0
2022-06-26 01:49:36,0,0,0,0,0,98,1.5,0.5,0
2022-06-26 01:49:35,0,0,0.2487562,0.2487562,0,98.00995,1.4925373,0,0
2022-06-26 01:49:34,0,0,0,0,0,99.49749,0.2512563,0.2512563,0
2022-06-26 01:49:33,0,0,0,0,0,98.50374,1.2468828,0.2493766,0
2022-06-26 01:49:32,0,0,0.2512563,0,0,97.73869,2.01005,0,0
2022-06-26 01:49:31,0,0,1,0.25,0,96.25,2.25,0.25,0
2022-06-26 01:49:30,0,0,0.2487562,0.2487562,0,98.00995,1.2437811,0.2487562,0
2022-06-26 01:49:29,0,0,0.7518797,0.2506266,0,96.74185,2.255639,0,0
2022-06-26 01:49:28,0,0,0.5,0,0,97.75,1.5,0.25,0
2022-06-26 01:49:27,0,0,0.25,0,0,98.75,0.75,0.25,0
2022-06-26 01:49:26,0,0,0,0,0,97.98995,1.758794,0.2512563,0
2022-06-26 01:49:25,0,0,1.2468828,0.2493766,0,96.25935,1.995012,0.2493766,0
2022-06-26 01:49:24,0,0,1,0,0,96.5,2.5,0,0
2022-06-26 01:49:23,0,0,0.25,0.25,0,97.75,1.25,0.5,0
2022-06-26 01:49:22,0,0,1.2437811,0.2487562,0,95.77114,2.736318,0,0
2022-06-26 01:49:21,0,0,0.5025126,0,0,97.98995,1.5075377,0,0
2022-06-26 01:49:20,0,0,0.25,0,0,98.75,1,0,0
2022-06-26 01:49:19,0,0,0.25,0,0,98.25,1.5,0,0
2022-06-26 01:49:18,0,0,1.2468828,0,0,96.00998,2.493766,0.2493766,0
2022-06-26 01:49:17,0,0,0.7518797,0,0,96.99248,2.255639,0,0
2022-06-26 01:49:16,0,0,0.4975124,0.2487562,0,97.26368,1.4925373,0.4975124,0
2022-06-26 01:49:15,0,0,0.7518797,0.2506266,0,96.99248,1.754386,0.2506266,0
2022-06-26 01:49:14,0,0,0.75,0.25,0,97,1.75,0.25,0
2022-06-26 01:49:13,0,0,0,0,0,99.25,0.5,0.25,0
2022-06-26 01:49:12,0,0,0.5025126,0,0,98.49246,1.0050251,0,0
2022-06-26 01:49:11,0,0,1.4962594,0.7481297,0,95.51122,1.995012,0.2493766,0
2022-06-26 01:49:10,0,0,0.7462687,0,0,96.76617,2.238806,0.2487562,0
2022-06-26 01:49:09,0,0,0.5025126,0,0,97.98995,1.2562814,0.2512563,0
2022-06-26 01:49:08,0,0,0.7518797,0.2506266,0,95.73935,3.258145,0,0
2022-06-26 01:49:07,0,0,0.4975124,0.2487562,0,97.51244,1.4925373,0.2487562,0
2022-06-26 01:49:06,0,0,0,0,0,99.74937,0.2506266,0,0
2022-06-26 01:49:05,0,0,0.75,0,0,97.5,1.75,0,0
2022-06-26 01:49:04,0,0,0.7462687,0.2487562,0,96.26866,2.238806,0.4975124,0
2022-06-26 01:49:03,0,0,0.7518797,0.2506266,0,96.74185,2.255639,0,0
2022-06-26 01:49:02,0,0,0.9950249,0,0,96.76617,1.741294,0.4975124,0
2022-06-26 01:49:01,0,0,0.7556675,0,0,96.72544,2.518892,0,0
2022-06-26 01:49:00,0,0,0.4987531,0.2493766,0,96.50873,2.244389,0.4987531,0
2022-06-26 01:48:59,0,0,0,0,0,99.24812,0.7518797,0,0
2022-06-26 01:48:58,0,0,0,0,0,98.5,1,0.5,0
2022-06-26 01:48:57,0,0,0.7518797,0,0,96.74185,2.506266,0,0
2022-06-26 01:48:56,0,0,0.9950249,0.2487562,0,94.52736,3.731343,0.4975124,0
2022-06-26 01:48:55,0,0,1.2562814,0,0,95.9799,2.763819,0,0
2022-06-26 01:48:54,0,0,0.4950495,0,0,97.0297,1.980198,0.4950495,0
2022-06-26 01:48:53,0,0,0.2518892,0.2518892,0,97.48111,2.015113,0,0
2022-06-26 01:48:52,0,0,0.4987531,0.2493766,0,96.7581,2.244389,0.2493766,0
2022-06-26 01:48:51,0,0,0,0,0,98.25,1.5,0.25,0
2022-06-26 01:48:50,0,0,0,0,0,99.49875,0.5012531,0,0
2022-06-26 01:48:49,0,0,0.25,0,0,97.75,2,0,0
2022-06-26 01:48:48,0,0,0.75,0.25,0,95.5,3.25,0.25,0
2022-06-26 01:48:47,0,0,1.4962594,0.2493766,0,92.26933,5.735661,0.2493766,0
2022-06-26 01:48:46,0,0,2.244389,0.2493766,0,89.27681,7.98005,0.2493766,0
2022-06-26 01:48:45,0,0,1.0050251,0.2512563,0,88.94472,9.296482,0.5025126,0
2022-06-26 01:48:44,0,0,0.75,0,0,91.5,7.75,0,0
2022-06-26 01:48:43,0,0,0.4975124,0,0,95.02488,3.9801,0.4975124,0
2022-06-26 01:48:42,0,0,0.2506266,0.5012531,0,94.98747,4.010025,0.2506266,0
2022-06-26 01:48:41,0,0,0.2493766,0,0,92.26933,7.23192,0,0
2022-06-26 01:48:40,0,0,0,0.2506266,0,91.97995,7.518797,0.2506266,0
2022-06-26 01:48:39,0,0,0.2493766,0,0,90.77307,8.72818,0.2493766,0
2022-06-26 01:48:38,0,0,0,0.7518797,0,78.44612,9.774436,0,0
2022-06-26 01:48:37,0,0,0.2506266,0,0,93.48371,5.764411,0.2506266,0
2022-06-26 01:48:36,0,0,0.2493766,0.2493766,0,96.50873,2.743142,0.2493766,0
2022-06-26 01:48:35,0,0,0,0.25,0,97,2.75,0,0
2022-06-26 01:48:34,0,0,0.2493766,0,0,98.50374,0.9975062,0.2493766,0
2022-06-26 01:48:33,0,0,0,0,0,99,1,0,0
2022-06-26 01:48:32,0,0,0,0,0,98.99749,1.0025063,0,0
2022-06-26 01:48:31,0,0,0.2493766,0,0,99.00249,0.4987531,0.2493766,0
2022-06-26 01:48:30,0,0,0,0.2493766,0,98.50374,0.9975062,0.2493766,0
2022-06-26 01:48:29,0,0,1.2562814,0,0,95.72864,3.015075,0,0
2022-06-26 01:48:28,0,0,0.7481297,0.2493766,0,97.00748,1.4962594,0.4987531,0
2022-06-26 01:48:27,0,0,0.2493766,0,0,99.00249,0.7481297,0,0
2022-06-26 01:48:26,0,0,0.5012531,0.2506266,0,96.49123,2.255639,0.5012531,0
2022-06-26 01:48:25,0,0,0.5,0,0,98,1.25,0.25,0
2022-06-26 01:48:24,0,0,0.25,0.25,0,98.5,1,0,0
2022-06-26 01:48:23,0,0,0.7518797,0.2506266,0,96.74185,2.255639,0,0
2022-06-26 01:48:22,0,0,1.4962594,0.2493766,0,95.01247,2.992519,0.2493766,0
2022-06-26 01:48:21,0,0,0.5012531,0,0,97.74436,1.5037594,0.2506266,0
2022-06-26 01:48:20,0,0,0.4987531,0,0,98.25436,0.9975062,0.2493766,0
2022-06-26 01:48:19,0,0,0.5012531,0,0,97.99499,1.2531328,0.2506266,0
2022-06-26 01:48:18,0,0,0.2506266,0,0,98.49624,1.2531328,0,0
2022-06-26 01:48:17,0,0,0,0,0,98.5,1.25,0.25,0
2022-06-26 01:48:16,0,0,0.7481297,0,0,97.00748,1.995012,0.2493766,0
2022-06-26 01:48:15,0,0,1.4962594,0.4987531,0,94.76309,2.992519,0.2493766,0
2022-06-26 01:48:14,0,0,0.5012531,0,0,97.49373,1.754386,0.2506266,0
2022-06-26 01:48:13,0,0,0.7481297,0.2493766,0,97.25686,1.4962594,0.2493766,0
2022-06-26 01:48:12,0,0,0.4987531,0,0,98.00499,1.4962594,0,0
2022-06-26 01:48:11,0,0,0,0,0,98.48866,1.2594458,0.2518892,0
2022-06-26 01:48:10,0,0,0.2475248,0.2475248,0,97.77228,1.2376238,0.2475248,0
2022-06-26 01:48:09,0,0,0.7537688,0,0,97.23618,1.758794,0.2512563,0
2022-06-26 01:48:08,0,0,1.4962594,0.2493766,0,95.01247,2.992519,0.2493766,0
2022-06-26 01:48:07,0,0,0.5,0,0,97.75,1.75,0,0
2022-06-26 01:48:06,0,0,0.5,0,0,98.25,0.75,0.5,0
2022-06-26 01:48:05,0,0,0.5,0.25,0,97.75,1.5,0,0
2022-06-26 01:48:04,0,0,0,0,0,98.24561,1.754386,0,0
2022-06-26 01:48:03,0,0,0.5012531,0,0,98.99749,0.5012531,0,0
2022-06-26 01:48:02,0,0,0.7444169,0,0,96.27792,2.729529,0.248139,0
2022-06-26 01:48:01,0,0,0.7537688,0.2512563,0,95.47739,3.266332,0.2512563,0
2022-06-26 01:48:00,0,0,0.9950249,0.2487562,0,96.0199,2.238806,0.4975124,0
2022-06-26 01:47:59,0,0,0.7556675,0.2518892,0,95.71788,3.274559,0,0
2022-06-26 01:47:58,0,0,0.4987531,0,0,97.25686,1.745636,0.4987531,0
2022-06-26 01:47:57,0,0,0,0,0,99.25,0.5,0.25,0
2022-06-26 01:47:56,0,0,0.25,0,0,99,0.75,0,0
2022-06-26 01:47:55,0,0,0.4975124,0.2487562,0,97.01493,1.741294,0.4975124,0
2022-06-26 01:47:54,0,0,1.2531328,0.2506266,0,94.23559,4.010025,0.2506266,0
2022-06-26 01:47:53,0,0,1.0025063,0.2506266,0,94.73684,3.759398,0.2506266,0
2022-06-26 01:47:52,0,0,0.7518797,0,0,96.99248,2.005013,0.2506266,0
2022-06-26 01:47:51,0,0,0.7481297,0,0,96.7581,2.244389,0.2493766,0
2022-06-26 01:47:50,0,0,0.2487562,0.2487562,0,98.00995,1.2437811,0.2487562,0
2022-06-26 01:47:49,0,0,0,0,0,99.24623,0.5025126,0.2512563,0
2022-06-26 01:47:48,0,0,0.25,0,0,98.5,1.25,0,0
2022-06-26 01:47:47,0,0,0.2493766,0,0,98.75312,0.7481297,0.2493766,0
2022-06-26 01:47:46,0,0,0.75,0,0,96,3,0.25,0
2022-06-26 01:47:45,0,0,1,0,0,94.75,3.75,0.5,0
2022-06-26 01:47:44,0,0,1.745636,0.4987531,0,91.27182,6.483791,0,0
2022-06-26 01:47:43,0,0,1.5,0.5,0,89.5,8.25,0.25,0
2022-06-26 01:47:42,0,0,1.2562814,0.2512563,0,93.46734,5.025126,0,0
2022-06-26 01:47:41,0,0,0.4987531,0.4987531,0,90.27431,8.478803,0.2493766,0
2022-06-26 01:47:40,0,0,0.2493766,0.2493766,0,94.26434,4.987531,0.2493766,0
2022-06-26 01:47:39,0,0,0.2512563,0,0,93.71859,5.527638,0.5025126,0
2022-06-26 01:47:38,0,0,0,0,0,94.5,5,0.5,0
2022-06-26 01:47:37,0,0,0,0,0,90.29851,9.20398,0.2487562,0
2022-06-26 01:47:36,0,0,0,0,0,88.4131,10.579345,0.5037783,0
2022-06-26 01:47:35,0,0,0.2506266,0.2506266,0,88.22055,8.02005,0.5012531,0
2022-06-26 01:47:34,0,0,0,0,0,97.50623,2.244389,0.2493766,0
2022-06-26 01:47:33,0,0,0,0.2512563,0,96.98492,2.512563,0.2512563,0
2022-06-26 01:47:32,0,0,0.2493766,0,0,99.00249,0.7481297,0,0
2022-06-26 01:47:31,0,0,0,0,0,98.99749,0.7518797,0.2506266,0
2022-06-26 01:47:30,0,0,0,0,0,99.25,0.5,0.25,0
2022-06-26 01:47:29,0,0,0,0,0,99.00249,0.7481297,0.2493766,0
2022-06-26 01:47:28,0,0,0.2506266,0,0,98.24561,1.5037594,0,0
2022-06-26 01:47:27,0,0,0.5012531,0,0,97.49373,1.754386,0.2506266,0
2022-06-26 01:47:26,0,0,0.9975062,0,0,96.7581,1.995012,0.2493766,0
2022-06-26 01:47:25,0,0,0.4987531,0,0,97.25686,1.745636,0.4987531,0
2022-06-26 01:47:24,0,0,1.5,0.25,0,95.75,2.5,0,0
2022-06-26 01:47:23,0,0,0,0,0,99.24623,0.7537688,0,0
2022-06-26 01:47:22,0,0,0,0,0,99.00249,0.7481297,0.2493766,0
2022-06-26 01:47:21,0,0,0.2506266,0,0,98.49624,1.2531328,0,0
2022-06-26 01:47:20,0,0,0.9975062,0.2493766,0,95.51122,2.992519,0.2493766,0
2022-06-26 01:47:19,0,0,1.2437811,0.4975124,0,94.77612,2.985075,0.4975124,0
2022-06-26 01:47:18,0,0,1.0075567,0.5037783,0,95.21411,3.274559,0,0
2022-06-26 01:47:17,0,0,0.4987531,0.2493766,0,97.00748,1.745636,0.4987531,0
2022-06-26 01:47:16,0,0,0.5,0,0,98.75,0.75,0,0
2022-06-26 01:47:15,0,0,0,0.2506266,0,98.99749,0.5012531,0.2506266,0
2022-06-26 01:47:14,0,0,0.2487562,0.2487562,0,98.25871,0.9950249,0.2487562,0
2022-06-26 01:47:13,0,0,0.75,0.5,0,96.75,2,0,0
2022-06-26 01:47:12,0,0,2,0,0,94.5,3.25,0.25,0
2022-06-26 01:47:11,0,0,0.75,0.25,0,97.25,1.5,0.25,0
2022-06-26 01:47:10,0,0,0.75,0,0,97.25,1.75,0.25,0
2022-06-26 01:47:09,0,0,0.2506266,0.2506266,0,98.49624,0.7518797,0.2506266,0
2022-06-26 01:47:08,0,0,0.25,0,0,98,1.5,0.25,0
2022-06-26 01:47:07,0,0,0,0,0,99.49875,0.5012531,0,0
2022-06-26 01:47:06,0,0,0.9950249,0,0,96.51741,1.99005,0.4975124,0
2022-06-26 01:47:05,0,0,1.745636,0.4987531,0,94.51372,3.241895,0,0
2022-06-26 01:47:04,0,0,0.7537688,0,0,96.98492,2.01005,0.2512563,0
2022-06-26 01:47:03,0,0,0.4987531,0,0,97.75561,1.4962594,0.2493766,0
2022-06-26 01:47:02,0,0,0.2512563,0,0,98.74372,1.0050251,0,0
2022-06-26 01:47:01,0,0,0,0,0,99.00249,0.7481297,0.2493766,0
2022-06-26 01:47:00,0,0,0,0,0,99,1,0,0
2022-06-26 01:46:59,0,0,1.4962594,0.4987531,0,94.51372,3.241895,0.2493766,0
2022-06-26 01:46:58,0,0,1.5037594,0.2506266,0,94.98747,3.007519,0.2506266,0
2022-06-26 01:46:57,0,0,0.2493766,0.2493766,0,96.50873,2.493766,0.4987531,0
2022-06-26 01:46:56,0,0,0.5,0.25,0,97.25,2,0,0
2022-06-26 01:46:55,0,0,0.75,0,0,97.25,1.75,0.25,0
2022-06-26 01:46:54,0,0,0,0,0,99.24623,0.7537688,0,0
2022-06-26 01:46:53,0,0,0,0,0,99,0.75,0.25,0
2022-06-26 01:46:52,0,0,0.4962779,0.248139,0,96.02978,2.729529,0.4962779,0
2022-06-26 01:46:51,0,0,2,0.25,0,92.75,4.75,0.25,0
2022-06-26 01:46:50,0,0,1.0050251,0,0,95.22613,3.517588,0.2512563,0
2022-06-26 01:46:49,0,0,0.2493766,0,0,96.7581,2.493766,0.2493766,0
2022-06-26 01:46:48,0,0,0.4987531,0.2493766,0,97.00748,1.995012,0.2493766,0
2022-06-26 01:46:47,0,0,0.5,0,0,97,2.25,0.25,0
2022-06-26 01:46:46,0,0,0,0.2506266,0,98.99749,0.5012531,0.2506266,0
2022-06-26 01:46:45,0,0,0.2493766,0,0,98.50374,0.9975062,0.2493766,0
2022-06-26 01:46:44,0,0,0.5012531,0,0,97.49373,2.005013,0,0
2022-06-26 01:46:43,0,0,0.7481297,0,0,95.7606,3.241895,0.2493766,0
2022-06-26 01:46:42,0,0,1.5037594,0.2506266,0,91.72932,6.265664,0.2506266,0
2022-06-26 01:46:41,0,0,1.0025063,0.2506266,0,91.97995,6.516291,0.2506266,0
2022-06-26 01:46:40,0,0,1.2437811,0,0,89.05473,9.452736,0.2487562,0
2022-06-26 01:46:39,0,0,0.7518797,0.5012531,0,92.98246,5.513784,0.2506266,0
2022-06-26 01:46:38,0,0,0.5,0,0,92,7.25,0.25,0
2022-06-26 01:46:37,0,0,0.25,0,0,93.5,6,0.25,0
2022-06-26 01:46:36,0,0,0.2493766,0,0,94.01496,5.735661,0,0
2022-06-26 01:46:35,0,0,0,0,0,92.71357,6.78392,0.5025126,0
2022-06-26 01:46:34,0,0,0,0.5012531,0,89.72431,8.270677,0.2506266,0
2022-06-26 01:46:33,0,0,0.2506266,0,0,86.96742,7.017544,0,0
2022-06-26 01:46:32,0,0,0,0,0,91.45729,7.537688,0.2512563,0
2022-06-26 01:46:31,0,0,0,0,0,99,1,0,0
2022-06-26 01:46:30,0,0,0.2493766,0,0,97.25686,2.244389,0.2493766,0
2022-06-26 01:46:29,0,0,0,0,0,99.24812,0.7518797,0,0
2022-06-26 01:46:28,0,0,0,0,0,99.25,0.5,0.25,0
2022-06-26 01:46:27,0,0,0.2493766,0,0,98.50374,1.2468828,0,0
2022-06-26 01:46:26,0,0,0,0,0,99.49875,0.5012531,0,0
2022-06-26 01:46:25,0,0,0.75,0,0,97.5,1.5,0.25,0
2022-06-26 01:46:24,0,0,1,0.25,0,96.25,2.5,0,0
2022-06-26 01:46:23,0,0,1,0,0,97.5,1,0.5,0
2022-06-26 01:46:22,0,0,0.75,0,0,96.75,2.25,0.25,0
2022-06-26 01:46:21,0,0,0,0.2493766,0,98.50374,0.9975062,0.2493766,0
2022-06-26 01:46:20,0,0,0.5012531,0.2506266,0,96.99248,2.005013,0.2506266,0
2022-06-26 01:46:19,0,0,0.75,0,0,98,1.25,0,0
2022-06-26 01:46:18,0,0,0.4987531,0.2493766,0,97.00748,1.745636,0.4987531,0
2022-06-26 01:46:17,0,0,0.75,0.25,0,96.75,2.25,0,0
2022-06-26 01:46:16,0,0,0.7518797,0.2506266,0,97.49373,1.5037594,0,0
2022-06-26 01:46:15,0,0,0.9975062,0.2493766,0,96.7581,1.745636,0.2493766,0
2022-06-26 01:46:14,0,0,0.5,0.25,0,97.75,1.5,0,0
2022-06-26 01:46:13,0,0,0.25,0,0,98.25,1.25,0.25,0
2022-06-26 01:46:12,0,0,0.2506266,0,0,97.99499,1.5037594,0.2506266,0
2022-06-26 01:46:11,0,0,0.75,0.25,0,97.5,1.25,0.25,0
2022-06-26 01:46:10,0,0,0.75,0.25,0,96.75,2.25,0,0
2022-06-26 01:46:09,0,0,1,0,0,96.25,2.5,0.25,0
2022-06-26 01:46:08,0,0,0.75,0.25,0,96,2.75,0.25,0
2022-06-26 01:46:07,0,0,0.75,0,0,97.75,1.5,0,0
2022-06-26 01:46:06,0,0,0.2487562,0.2487562,0,96.76617,2.487562,0.2487562,0
2022-06-26 01:46:05,0,0,0.2512563,0,0,95.9799,3.768844,0,0
2022-06-26 01:46:04,0,0,0.4987531,0.4987531,0,98.00499,0.7481297,0.2493766,0
2022-06-26 01:46:03,0,0,1.2531328,0,0,96.49123,2.255639,0,0
2022-06-26 01:46:02,0,0,0.7518797,0,0,96.99248,2.005013,0.2506266,0
2022-06-26 01:46:01,0,0,0.4987531,0.2493766,0,97.50623,1.4962594,0.2493766,0
2022-06-26 01:46:00,0,0,0.7518797,0,0,97.49373,1.5037594,0.2506266,0
2022-06-26 01:45:59,0,0,0.25,0,0,97.5,2,0.25,0
2022-06-26 01:45:58,0,0,0.4987531,0.2493766,0,97.75561,1.4962594,0,0
2022-06-26 01:45:57,0,0,0.75,0,0,97.25,1.75,0.25,0
2022-06-26 01:45:56,0,0,0.9975062,0.2493766,0,94.76309,3.740648,0.2493766,0
2022-06-26 01:45:55,0,0,0.7518797,0.2506266,0,96.99248,2.005013,0,0
2022-06-26 01:45:54,0,0,0.5,0.25,0,97.75,1.5,0,0
2022-06-26 01:45:53,0,0,1,0,0,96.25,2.5,0.25,0
2022-06-26 01:45:52,0,0,0.2506266,0,0,97.49373,2.255639,0,0
2022-06-26 01:45:51,0,0,0.2493766,0,0,98.50374,0.9975062,0.2493766,0
2022-06-26 01:45:50,0,0,0,0.25,0,98.25,1.5,0,0
2022-06-26 01:45:49,0,0,1.2531328,0.2506266,0,94.23559,3.759398,0.5012531,0
2022-06-26 01:45:48,0,0,1,0.5,0,95.75,2.5,0.25,0
2022-06-26 01:45:47,0,0,0.4975124,0.2487562,0,96.26866,2.487562,0.4975124,0
2022-06-26 01:45:46,0,0,0.5012531,0.2506266,0,97.49373,1.5037594,0.2506266,0
2022-06-26 01:45:45,0,0,1.5037594,0,0,95.48872,2.756892,0.2506266,0
2022-06-26 01:45:44,0,0,0.2487562,0,0,97.01493,2.487562,0.2487562,0
2022-06-26 01:45:43,0,0,0,0,0,99.25,0.25,0.25,0
2022-06-26 01:45:42,0,0,0.25,0.25,0,97,2.25,0.25,0
2022-06-26 01:45:41,0,0,0.5012531,0,0,97.74436,1.5037594,0.2506266,0
2022-06-26 01:45:40,0,0,0.9975062,0.2493766,0,94.51372,4.239401,0,0
2022-06-26 01:45:39,0,0,1.2594458,0.2518892,0,94.20655,4.282116,0,0
2022-06-26 01:45:38,0,0,1.2468828,0,0,91.5212,6.483791,0.7481297,0
2022-06-26 01:45:37,0,0,0.9950249,0.2487562,0,92.28856,6.218905,0.2487562,0
2022-06-26 01:45:36,0,0,0.5012531,0.2506266,0,92.98246,6.015038,0.2506266,0
2022-06-26 01:45:35,0,0,0.7537688,0.7537688,0,92.46231,6.030151,0,0
2022-06-26 01:45:34,0,0,0.2487562,0,0,93.78109,5.472637,0.2487562,0
2022-06-26 01:45:33,0,0,0.2506266,0.5012531,0,94.23559,5.012531,0,0
2022-06-26 01:45:32,0,0,0.2487562,0,0,89.55224,9.701493,0.4975124,0
2022-06-26 01:45:31,0,0,0,0,0,90.63291,8.35443,0.2531646,0
2022-06-26 01:45:30,0,0,0.2487562,0,0,92.78607,6.467662,0.4975124,0
2022-06-26 01:45:29,0,0,0,0.2512563,0,94.47236,5.025126,0,0
2022-06-26 01:45:28,0,0,0.25,0,0,96.5,3,0.25,0
2022-06-26 01:45:27,0,0,0.25,0,0,96.75,2.5,0.5,0
2022-06-26 01:45:26,0,0,0,0.25,0,99,0.75,0,0
2022-06-26 01:45:25,0,0,0.5012531,0,0,97.49373,1.754386,0.2506266,0
2022-06-26 01:45:24,0,0,0.2493766,0,0,98.75312,0.7481297,0.2493766,0
2022-06-26 01:45:23,0,0,0,0,0,99.24812,0.2506266,0.5012531,0
2022-06-26 01:45:22,0,0,0,0.2493766,0,98.50374,0.9975062,0.2493766,0
2022-06-26 01:45:21,0,0,0.7481297,0.2493766,0,97.00748,1.745636,0.2493766,0
2022-06-26 01:45:20,0,0,1.0025063,0,0,96.74185,2.005013,0.2506266,0
2022-06-26 01:45:19,0,0,0.75,0,0,97.25,1.75,0.25,0
2022-06-26 01:45:18,0,0,0,0,0,99.25187,0.7481297,0,0
2022-06-26 01:45:17,0,0,0.7537688,0.2512563,0,96.98492,1.758794,0.2512563,0
2022-06-26 01:45:16,0,0,0,0,0,99.00498,0.7462687,0.2487562,0
2022-06-26 01:45:15,0,0,0.2512563,0,0,98.49246,1.2562814,0,0
2022-06-26 01:45:14,0,0,1.2468828,0.2493766,0,95.7606,2.493766,0.2493766,0
2022-06-26 01:45:13,0,0,1.5,0.25,0,95,2.75,0.5,0
2022-06-26 01:45:12,0,0,0.7518797,0.2506266,0,96.99248,1.754386,0.2506266,0
2022-06-26 01:45:11,0,0,0.2493766,0.2493766,0,98.50374,0.9975062,0,0
2022-06-26 01:45:10,0,0,0.5,0,0,98,1.25,0.25,0
2022-06-26 01:45:09,0,0,0,0,0,98.24561,1.5037594,0.2506266,0
2022-06-26 01:45:08,0,0,0.25,0.25,0,98.75,0.5,0.25,0
2022-06-26 01:45:07,0,0,0.9975062,0.2493766,0,96.00998,2.244389,0.4987531,0
2022-06-26 01:45:06,0,0,1.2531328,0,0,95.98997,2.255639,0.5012531,0
2022-06-26 01:45:05,0,0,0.9950249,0.4975124,0,96.51741,1.741294,0.2487562,0
2022-06-26 01:45:04,0,0,0.2506266,0,0,98.49624,1.2531328,0,0
2022-06-26 01:45:03,0,0,0.25,0,0,97.75,1.75,0.25,0
2022-06-26 01:45:02,0,0,0.2493766,0,0,99.25187,0.4987531,0,0
2022-06-26 01:45:01,0,0,0.2506266,0,0,97.99499,1.754386,0,0
2022-06-26 01:45:00,0,0,1.0025063,0,0,96.74185,2.005013,0.2506266,0
2022-06-26 01:44:59,0,0,1.2468828,0.2493766,0,95.01247,3.241895,0.2493766,0
2022-06-26 01:44:58,0,0,0.5,0,0,97.25,2,0.25,0
2022-06-26 01:44:57,0,0,0.5,0,0,97,2.5,0,0
2022-06-26 01:44:56,0,0,0.7481297,0,0,97.75561,0.9975062,0.4987531,0
2022-06-26 01:44:55,0,0,0,0,0,99.00249,0.7481297,0.2493766,0
2022-06-26 01:44:54,0,0,0.2512563,0,0,98.49246,1.2562814,0,0
2022-06-26 01:44:53,0,0,0.7556675,0.5037783,0,97.22922,1.511335,0,0
2022-06-26 01:44:52,0,0,1.2437811,0.4975124,0,94.77612,2.985075,0.4975124,0
2022-06-26 01:44:51,0,0,0.75,0,0,96.5,2.75,0,0
2022-06-26 01:44:50,0,0,1,0,0,95,3.75,0.25,0
2022-06-26 01:44:49,0,0,0.7462687,0,0,97.51244,1.4925373,0.2487562,0
2022-06-26 01:44:48,0,0,0,0,0,98.5,1.5,0,0
2022-06-26 01:44:47,0,0,0.2512563,0,0,97.98995,1.5075377,0.2512563,0
2022-06-26 01:44:46,0,0,0.4962779,0,0,97.76675,1.2406948,0.4962779,0
2022-06-26 01:44:45,0,0,1.0075567,0.2518892,0,95.46599,3.02267,0.2518892,0
2022-06-26 01:44:44,0,0,1.2468828,0.2493766,0,95.01247,3.491272,0,0
2022-06-26 01:44:43,0,0,0.5012531,0,0,94.98747,4.260652,0.2506266,0
2022-06-26 01:44:42,0,0,0.5,0,0,97.5,1.75,0.25,0
2022-06-26 01:44:41,0,0,0.4975124,0.2487562,0,96.51741,2.487562,0.2487562,0
2022-06-26 01:44:40,0,0,0,0,0,98.99749,0.7518797,0.2506266,0
2022-06-26 01:44:39,0,0,0,0,0,99.00249,0.7481297,0.2493766,0
2022-06-26 01:44:38,0,0,0.2493766,0,0,98.00499,1.4962594,0.2493766,0
2022-06-26 01:44:37,0,0,0.7537688,0,0,96.73367,2.512563,0,0
2022-06-26 01:44:36,0,0,1.2531328,0.2506266,0,95.2381,3.007519,0.2506266,0
2022-06-26 01:44:35,0,0,1.736973,0.4962779,0,91.81141,5.955335,0,0
2022-06-26 01:44:34,0,0,1.754386,0.2506266,0,89.97494,7.518797,0.5012531,0
2022-06-26 01:44:33,0,0,0.7462687,0.4975124,0,90.29851,8.208955,0,0
2022-06-26 01:44:32,0,0,0.5025126,0,0,93.96985,5.527638,0,0
2022-06-26 01:44:31,0,0,0.4987531,0.2493766,0,94.76309,4.239401,0.2493766,0
2022-06-26 01:44:30,0,0,0.25,0,0,91.5,8,0.25,0
2022-06-26 01:44:29,0,0,0,0.2518892,0,95.46599,4.030227,0.2518892,0
2022-06-26 01:44:28,0,0,0.248139,0,0,92.30769,6.947891,0.248139,0
2022-06-26 01:44:27,0,0,0,0,0,84.96241,11.779449,0.2506266,0
2022-06-26 01:44:26,0,0,0.2512563,0.2512563,0,89.44724,7.788945,0.2512563,0
2022-06-26 01:44:25,0,0,0.25,0,0,95.75,3.5,0.5,0
2022-06-26 01:44:24,0,0,0.4987531,0,0,97.00748,2.244389,0.2493766,0
2022-06-26 01:44:23,0,0,0,0.2512563,0,98.49246,1.0050251,0.2512563,0
2022-06-26 01:44:22,0,0,0,0.2493766,0,98.50374,0.9975062,0.2493766,0
2022-06-26 01:44:21,0,0,0.2487562,0,0,98.75622,0.2487562,0.7462687,0
2022-06-26 01:44:20,0,0,0,0,0,99.24623,0.7537688,0,0
2022-06-26 01:44:19,0,0,0,0,0,98.75312,0.9975062,0.2493766,0
2022-06-26 01:44:18,0,0,0.5037783,0.2518892,0,96.72544,2.267003,0.2518892,0
2022-06-26 01:44:17,0,0,0.9975062,0.2493766,0,96.50873,2.244389,0,0
2022-06-26 01:44:16,0,0,0.4962779,0.248139,0,97.02233,1.736973,0.4962779,0
2022-06-26 01:44:15,0,0,0.5,0,0,98.25,1.25,0,0
2022-06-26 01:44:14,0,0,0.5,0,0,98.25,1,0.25,0
2022-06-26 01:44:13,0,0,0,0,0,98.75,1,0.25,0
2022-06-26 01:44:12,0,0,0.25,0,0,98.5,1,0.25,0
2022-06-26 01:44:11,0,0,1.0075567,0.5037783,0,95.71788,2.770781,0,0
2022-06-26 01:44:10,0,0,1.2468828,0.2493766,0,96.25935,1.995012,0.2493766,0
2022-06-26 01:44:09,0,0,0.7481297,0,0,96.50873,2.244389,0.4987531,0
2022-06-26 01:44:08,0,0,0.7518797,0,0,98.24561,1.0025063,0,0
2022-06-26 01:44:07,0,0,0,0.2493766,0,99.00249,0.4987531,0.2493766,0
2022-06-26 01:44:06,0,0,0.25,0,0,98.25,1.5,0,0
2022-06-26 01:44:05,0,0,0,0,0,98.75312,0.9975062,0.2493766,0
2022-06-26 01:44:04,0,0,1.0050251,0.2512563,0,97.23618,1.5075377,0,0
2022-06-26 01:44:03,0,0,1,0.25,0,95.25,3,0.5,0
2022-06-26 01:44:02,0,0,1,0.25,0,96.5,2.25,0,0
2022-06-26 01:44:01,0,0,1,0,0,97.25,1.5,0.25,0
2022-06-26 01:44:00,0,0,0,0,0,99.00249,0.7481297,0.2493766,0
2022-06-26 01:43:59,0,0,0,0,0,99.00249,0.7481297,0.2493766,0
2022-06-26 01:43:58,0,0,0.2512563,0,0,98.49246,1.2562814,0,0
2022-06-26 01:43:57,0,0,0.7518797,0,0,96.49123,2.506266,0.2506266,0
2022-06-26 01:43:56,0,0,0.9925558,0.248139,0,96.27792,2.233251,0.248139,0
2022-06-26 01:43:55,0,0,1.0025063,0,0,96.74185,2.005013,0.2506266,0
2022-06-26 01:43:54,0,0,1.0050251,0.2512563,0,96.48241,2.261307,0,0
2022-06-26 01:43:53,0,0,0,0,0,98.75622,0.9950249,0.2487562,0
2022-06-26 01:43:52,0,0,0.2506266,0,0,98.99749,0.5012531,0.2506266,0
2022-06-26 01:43:51,0,0,0,0.2487562,0,98.25871,1.4925373,0,0
2022-06-26 01:43:50,0,0,1.0050251,0,0,95.9799,2.512563,0.5025126,0
2022-06-26 01:43:49,0,0,0.9950249,0.4975124,0,96.0199,2.487562,0,0
2022-06-26 01:43:48,0,0,1,0,0,94.75,3.75,0.5,0
2022-06-26 01:43:47,0,0,0.7556675,0,0,96.22166,3.02267,0,0
2022-06-26 01:43:46,0,0,0,0,0,99.00498,0.9950249,0,0
2022-06-26 01:43:45,0,0,0.2506266,0,0,98.49624,1.0025063,0.2506266,0
2022-06-26 01:43:44,0,0,0,0,0,98.50374,1.2468828,0.2493766,0
2022-06-26 01:43:43,0,0,0.7518797,0.2506266,0,96.74185,2.005013,0.2506266,0
2022-06-26 01:43:42,0,0,1,0.25,0,96.5,2.25,0,0
2022-06-26 01:43:41,0,0,0.5012531,0,0,95.48872,3.508772,0.5012531,0
2022-06-26 01:43:40,0,0,1.2437811,0.2487562,0,94.52736,3.482587,0.4975124,0
2022-06-26 01:43:39,0,0,0.7518797,0.2506266,0,95.98997,3.007519,0,0
2022-06-26 01:43:38,0,0,0.2487562,0,0,98.00995,1.4925373,0.2487562,0
2022-06-26 01:43:37,0,0,0,0,0,98.74372,1.0050251,0.2512563,0
2022-06-26 01:43:36,0,0,0,0,0,98.49624,1.2531328,0.2506266,0
2022-06-26 01:43:35,0,0,0.4975124,0,0,97.01493,2.238806,0.2487562,0
2022-06-26 01:43:34,0,0,0.7518797,0.5012531,0,95.98997,2.756892,0,0
2022-06-26 01:43:33,0,0,0.9975062,0,0,94.26434,4.239401,0.4987531,0
2022-06-26 01:43:32,0,0,1.5037594,0.2506266,0,91.4787,6.766917,0,0
2022-06-26 01:43:31,0,0,1.995012,0.2493766,0,89.02743,8.478803,0.2493766,0
2022-06-26 01:43:30,0,0,0.9975062,0.2493766,0,89.27681,9.226933,0.2493766,0
2022-06-26 01:43:29,0,0,0.75,0,0,93.75,5.25,0.25,0
2022-06-26 01:43:28,0,0,0,0,0,93.73434,6.015038,0.2506266,0
2022-06-26 01:43:27,0,0,0.2493766,0,0,93.76559,5.735661,0.2493766,0
2022-06-26 01:43:26,0,0,0,0,0,93.21608,6.532663,0.2512563,0
2022-06-26 01:43:25,0,0,0.5012531,0,0,91.4787,7.769424,0.2506266,0
2022-06-26 01:43:24,0,0,0,0,0,91.067,7.940447,0,0
2022-06-26 01:43:23,0,0,0,0.2518892,0,87.15365,9.06801,0.2518892,0
2022-06-26 01:43:22,0,0,0.2512563,0,0,93.46734,5.527638,0.2512563,0
2022-06-26 01:43:21,0,0,0,0,0,98.5,1.25,0.25,0
2022-06-26 01:43:20,0,0,0.25,0,0,99,0.5,0.25,0
2022-06-26 01:43:19,0,0,0,0,0,98.5,1.5,0,0
2022-06-26 01:43:18,0,0,0,0,0,99.5,0.25,0.25,0
2022-06-26 01:43:17,0,0,0,0,0,99.24812,0.7518797,0,0
2022-06-26 01:43:16,0,0,0.2493766,0.2493766,0,98.00499,1.4962594,0,0
2022-06-26 01:43:15,0,0,0.4987531,0,0,97.50623,1.745636,0.2493766,0
2022-06-26 01:43:14,0,0,0.5012531,0,0,97.74436,1.5037594,0.2506266,0
2022-06-26 01:43:13,0,0,1.25,0.25,0,95,3.25,0.25,0
2022-06-26 01:43:12,0,0,0.4975124,0,0,98.00995,1.2437811,0.2487562,0
2022-06-26 01:43:11,0,0,0,0.2512563,0,99.24623,0.5025126,0,0
2022-06-26 01:43:10,0,0,0,0,0,98.25,1.5,0.25,0
2022-06-26 01:43:09,0,0,0.7481297,0,0,97.00748,1.995012,0.2493766,0
2022-06-26 01:43:08,0,0,0.7518797,0.2506266,0,96.99248,1.754386,0.2506266,0
2022-06-26 01:43:07,0,0,1,0.5,0,95.75,2.25,0.5,0
2022-06-26 01:43:06,0,0,1.25,0.25,0,95.5,2.75,0.25,0
2022-06-26 01:43:05,0,0,0.7481297,0,0,97.75561,1.4962594,0,0
2022-06-26 01:43:04,0,0,0,0,0,98.49624,1.2531328,0.2506266,0
2022-06-26 01:43:03,0,0,0,0.2487562,0,98.50746,0.7462687,0.2487562,0
2022-06-26 01:43:02,0,0,0.5025126,0,0,97.98995,1.5075377,0,0
2022-06-26 01:43:01,0,0,0.4987531,0.2493766,0,97.00748,1.745636,0.4987531,0
2022-06-26 01:43:00,0,0,0.9975062,0,0,97.00748,1.745636,0.2493766,0
2022-06-26 01:42:59,0,0,1.758794,0.2512563,0,94.47236,3.266332,0.2512563,0
2022-06-26 01:42:58,0,0,0.25,0,0,98,1.5,0.25,0
2022-06-26 01:42:57,0,0,0.25,0.25,0,98.5,1,0,0
2022-06-26 01:42:56,0,0,0,0,0,99.00249,0.4987531,0.4987531,0
2022-06-26 01:42:55,0,0,0.5012531,0.2506266,0,98.74687,0.5012531,0,0
2022-06-26 01:42:54,0,0,0.25,0,0,97,2.5,0.25,0
2022-06-26 01:42:53,0,0,0.9975062,0.2493766,0,96.50873,1.745636,0.4987531,0
2022-06-26 01:42:52,0,0,1.4962594,0.7481297,0,94.51372,2.992519,0.2493766,0
2022-06-26 01:42:51,0,0,0.2512563,0.2512563,0,97.73869,1.758794,0,0
2022-06-26 01:42:50,0,0,0.25,0,0,99,0.75,0,0
2022-06-26 01:42:49,0,0,0.2506266,0,0,99.49875,0.2506266,0,0
2022-06-26 01:42:48,0,0,0.2493766,0.2493766,0,97.50623,1.4962594,0.4987531,0
2022-06-26 01:42:47,0,0,0.7518797,0,0,97.49373,1.754386,0,0
2022-06-26 01:42:46,0,0,0.9950249,0,0,96.51741,2.238806,0.2487562,0
2022-06-26 01:42:45,0,0,1.754386,0.2506266,0,93.48371,4.260652,0,0
2022-06-26 01:42:44,0,0,0.25,0,0,97.5,2,0.25,0
2022-06-26 01:42:43,0,0,0,0,0,99.25,0.5,0.25,0
2022-06-26 01:42:42,0,0,0,0,0,99.24812,0.7518797,0,0
2022-06-26 01:42:41,0,0,0,0.2493766,0,98.75312,0.7481297,0.2493766,0
2022-06-26 01:42:40,0,0,0.2493766,0,0,99.25187,0.2493766,0.2493766,0
2022-06-26 01:42:39,0,0,1.0025063,0.2506266,0,95.73935,2.506266,0.5012531,0
2022-06-26 01:42:38,0,0,1.4962594,0.2493766,0,92.01995,5.735661,0.4987531,0
2022-06-26 01:42:37,0,0,1.2531328,0.2506266,0,95.2381,3.007519,0.2506266,0
2022-06-26 01:42:36,0,0,0,0,0,98.25436,1.4962594,0.2493766,0
2022-06-26 01:42:35,0,0,0,0,0,98.99749,0.7518797,0.2506266,0
2022-06-26 01:42:34,0,0,0.2493766,0,0,99.25187,0.4987531,0,0
2022-06-26 01:42:33,0,0,0.2506266,0,0,98.24561,1.0025063,0.5012531,0
2022-06-26 01:42:32,0,0,0,0,0,99,1,0,0
2022-06-26 01:42:31,0,0,0.7518797,0,0,95.73935,3.258145,0.2506266,0
2022-06-26 01:42:30,0,0,1.2468828,0.4987531,0,94.01496,3.990025,0.2493766,0
2022-06-26 01:42:29,0,0,2.25,0.5,0,87.5,9.75,0,0
2022-06-26 01:42:28,0,0,2,0,0,88.25,9.5,0.25,0
2022-06-26 01:42:27,0,0,1.25,0.25,0,88.5,9.75,0.25,0
2022-06-26 01:42:26,0,0,0,0,0,94.25,5.5,0.25,0
2022-06-26 01:42:25,0,0,0.5025126,0,0,93.46734,5.778894,0.2512563,0
2022-06-26 01:42:24,0,0,0.25,0.25,0,93.5,6,0,0
2022-06-26 01:42:23,0,0,0,0.2487562,0,92.28856,6.965174,0.4975124,0
2022-06-26 01:42:22,0,0,0,0,0,92.5,7,0.25,0
2022-06-26 01:42:21,0,0,0.2506266,0.2506266,0,86.21554,10.526316,0.2506266,0
2022-06-26 01:42:20,0,0,0,0.2518892,0,75.56675,9.319899,0,0
2022-06-26 01:42:19,0,0,0,0,0,96.50873,2.992519,0.4987531,0
2022-06-26 01:42:18,0,0,0.2506266,0,0,98.99749,0.7518797,0,0
2022-06-26 01:42:17,0,0,0,0,0,97.25686,2.244389,0.4987531,0
2022-06-26 01:42:16,0,0,0,0.2506266,0,98.99749,0.7518797,0,0
2022-06-26 01:42:15,0,0,0,0,0,99.5,0.5,0,0
2022-06-26 01:42:14,0,0,0.25,0,0,99.5,0.25,0,0
2022-06-26 01:42:13,0,0,0,0,0,98.5,1.25,0.25,0
2022-06-26 01:42:12,0,0,0,0,0,98.5,1.5,0,0
2022-06-26 01:42:11,0,0,1.5037594,0.2506266,0,95.48872,2.255639,0.5012531,0
2022-06-26 01:42:10,0,0,1.2468828,0,0,95.26185,3.241895,0.2493766,0
2022-06-26 01:42:09,0,0,0,0.2493766,0,99.00249,0.7481297,0,0
2022-06-26 01:42:08,0,0,0,0,0,99.75,0,0.25,0
2022-06-26 01:42:07,0,0,0,0,0,99,0.75,0.25,0
2022-06-26 01:42:06,0,0,0.2518892,0,0,98.48866,1.0075567,0.2518892,0
2022-06-26 01:42:05,0,0,0.7462687,0.2487562,0,96.0199,2.487562,0.4975124,0
2022-06-26 01:42:04,0,0,1.745636,0.2493766,0,93.76559,3.740648,0.4987531,0
2022-06-26 01:42:03,0,0,1.0050251,0.2512563,0,96.48241,2.261307,0,0
2022-06-26 01:42:02,0,0,0.248139,0,0,98.75931,0.7444169,0.248139,0
2022-06-26 01:42:01,0,0,0,0,0,99.24623,0.7537688,0,0
2022-06-26 01:42:00,0,0,0,0,0,98.99749,1.0025063,0,0
2022-06-26 01:41:59,0,0,0,0,0,98.75,1,0.25,0
2022-06-26 01:41:58,0,0,1.2406948,0.248139,0,94.78908,3.225806,0.4962779,0
2022-06-26 01:41:57,0,0,2,0.25,0,92.75,4.75,0.25,0
2022-06-26 01:41:56,0,0,0.7537688,0.2512563,0,97.48744,1.5075377,0,0
2022-06-26 01:41:55,0,0,0,0,0,98.75622,0.9950249,0.2487562,0
2022-06-26 01:41:54,0,0,0,0,0,98.5,1.25,0.25,0
2022-06-26 01:41:53,0,0,0,0,0,98.99749,0.7518797,0.2506266,0
2022-06-26 01:41:52,0,0,0.2506266,0,0,98.74687,1.0025063,0,0
2022-06-26 01:41:51,0,0,1,0.25,0,95.5,2.75,0.5,0
2022-06-26 01:41:50,0,0,1.75,0.5,0,94.25,3.25,0.25,0
2022-06-26 01:41:49,0,0,0.9950249,0.4975124,0,96.26866,1.99005,0.2487562,0
2022-06-26 01:41:48,0,0,0,0,0,98.24561,1.5037594,0.2506266,0
2022-06-26 01:41:47,0,0,0.2487562,0,0,98.75622,0.7462687,0.2487562,0
2022-06-26 01:41:46,0,0,0,0.2518892,0,99.49622,0.2518892,0,0
2022-06-26 01:41:45,0,0,0.2506266,0,0,97.99499,1.5037594,0.2506266,0
2022-06-26 01:41:44,0,0,1.4962594,0.2493766,0,94.51372,3.491272,0.2493766,0
2022-06-26 01:41:43,0,0,1.2468828,0,0,95.26185,3.491272,0,0
2022-06-26 01:41:42,0,0,1.0025063,0,0,96.2406,2.255639,0.5012531,0
2022-06-26 01:41:41,0,0,0.2506266,0,0,98.24561,1.5037594,0,0
2022-06-26 01:41:40,0,0,0,0,0,99.25,0.5,0.25,0
2022-06-26 01:41:39,0,0,0,0,0,98.99749,1.0025063,0,0
2022-06-26 01:41:38,0,0,0.2487562,0.2487562,0,98.50746,0.7462687,0.2487562,0
2022-06-26 01:41:37,0,0,0.9975062,0,0,96.00998,2.493766,0.4987531,0
2022-06-26 01:41:36,0,0,0.7518797,0,0,95.48872,3.508772,0.2506266,0
2022-06-26 01:41:35,0,0,1.25,0.25,0,94,4.5,0,0
2022-06-26 01:41:34,0,0,1,0.25,0,96,2.5,0.25,0
2022-06-26 01:41:33,0,0,0.2493766,0.2493766,0,97.00748,2.244389,0.2493766,0
2022-06-26 01:41:32,0,0,0,0,0,99.74937,0.2506266,0,0
2022-06-26 01:41:31,0,0,0,0,0,99.25,0.5,0.25,0
2022-06-26 01:41:30,0,0,0,0,0,99.24812,0.7518797,0,0
2022-06-26 01:41:29,0,0,0.4962779,0,0,97.51861,1.736973,0.248139,0
2022-06-26 01:41:28,0,0,1.0050251,0,0,94.97487,3.768844,0.2512563,0
2022-06-26 01:41:27,0,0,1.4962594,0.4987531,0,93.26683,4.738155,0,0
2022-06-26 01:41:26,0,0,1.995012,0.7481297,0,89.27681,7.730673,0.2493766,0
2022-06-26 01:41:25,0,0,1.758794,0.2512563,0,91.45729,6.532663,0,0
2022-06-26 01:41:24,0,0,0.75,0.25,0,90.75,8,0.25,0
2022-06-26 01:41:23,0,0,0.25,0.25,0,94,5.5,0,0
2022-06-26 01:41:22,0,0,0,0,0,93.01746,6.483791,0.4987531,0
2022-06-26 01:41:21,0,0,0.2493766,0,0,94.76309,4.738155,0.2493766,0
2022-06-26 01:41:20,0,0,0,0,0,92,7.25,0.5,0
2022-06-26 01:41:19,0,0,0,0,0,91.72932,7.769424,0.2506266,0
2022-06-26 01:41:18,0,0,0,0,0,85.06329,12.911392,0.2531646,0
2022-06-26 01:41:17,0,0,0.248139,0.7444169,0,75.68238,5.707196,0.248139,0
2022-06-26 01:41:16,0,0,0,0,0,97.22222,1.5151515,0,0
2022-06-26 01:41:15,0,0,0,0,0,99.50125,0.4987531,0,0
2022-06-26 01:41:14,0,0,0.2506266,0,0,98.74687,0.7518797,0.2506266,0
2022-06-26 01:41:13,0,0,0,0.25,0,98.5,1,0.25,0
2022-06-26 01:41:12,0,0,0.248139,0,0,99.25558,0.248139,0.248139,0
2022-06-26 01:41:11,0,0,0,0,0,98.74687,1.0025063,0.2506266,0
2022-06-26 01:41:10,0,0,0.2525253,0,0,98.23232,1.5151515,0,0
2022-06-26 01:41:09,0,0,0.248139,0.248139,0,97.27047,1.985112,0.248139,0
2022-06-26 01:41:08,0,0,1,0,0,95.5,3.5,0,0
2022-06-26 01:41:07,0,0,1.2437811,0.2487562,0,96.76617,1.741294,0,0
2022-06-26 01:41:06,0,0,0.2512563,0,0,98.24121,1.5075377,0,0
2022-06-26 01:41:05,0,0,0,0,0,98.75622,0.9950249,0.2487562,0
2022-06-26 01:41:04,0,0,0.25,0,0,98,1.75,0,0
2022-06-26 01:41:03,0,0,0.5012531,0.2506266,0,97.74436,1.2531328,0.2506266,0
2022-06-26 01:41:02,0,0,0.4987531,0.2493766,0,95.01247,3.990025,0.2493766,0
2022-06-26 01:41:01,0,0,1.5075377,0,0,94.22111,3.768844,0.5025126,0
2022-06-26 01:41:00,0,0,1.25,0,0,95.5,3.25,0,0
2022-06-26 01:40:59,0,0,0,0,0,99.5,0.5,0,0
2022-06-26 01:40:58,0,0,0.2506266,0,0,98.49624,1.0025063,0.2506266,0
2022-06-26 01:40:57,0,0,0,0,0,99.00498,0.7462687,0.2487562,0
2022-06-26 01:40:56,0,0,0.4987531,0.2493766,0,97.75561,0.9975062,0.4987531,0
2022-06-26 01:40:55,0,0,0.75,0,0,97,2,0.25,0
2022-06-26 01:40:54,0,0,1.5075377,0.2512563,0,94.97487,3.266332,0,0
2022-06-26 01:40:53,0,0,1.25,0.25,0,95.5,2.75,0.25,0
2022-06-26 01:40:52,0,0,0,0,0,99.25187,0.4987531,0.2493766,0
2022-06-26 01:40:51,0,0,0,0.2506266,0,98.49624,1.0025063,0.2506266,0
2022-06-26 01:40:50,0,0,0.2512563,0,0,98.99497,0.7537688,0,0
2022-06-26 01:40:49,0,0,0.248139,0.248139,0,97.27047,1.736973,0.4962779,0
2022-06-26 01:40:48,0,0,1.0025063,0,0,96.2406,2.255639,0.5012531,0
2022-06-26 01:40:47,0,0,1.5,0.25,0,94,4.25,0,0
2022-06-26 01:40:46,0,0,0.9975062,0.2493766,0,96.50873,2.244389,0,0
2022-06-26 01:40:45,0,0,0,0,0,98.74687,1.0025063,0.2506266,0
2022-06-26 01:40:44,0,0,0,0,0,99.74874,0.2512563,0,0
2022-06-26 01:40:43,0,0,0,0,0,98.25871,1.4925373,0.2487562,0
2022-06-26 01:40:42,0,0,0.5025126,0.2512563,0,97.48744,1.5075377,0.2512563,0
2022-06-26 01:40:41,0,0,1.4925373,0,0,94.52736,3.482587,0.4975124,0
2022-06-26 01:40:40,0,0,1,0.25,0,95.5,2.75,0.25,0
2022-06-26 01:40:39,0,0,1,0,0,95.75,3.25,0,0
2022-06-26 01:40:38,0,0,0.2493766,0,0,98.50374,0.7481297,0.4987531,0
2022-06-26 01:40:37,0,0,0,0,0,98.50374,0.9975062,0.4987531,0
2022-06-26 01:40:36,0,0,0,0,0,98.99497,1.0050251,0,0
2022-06-26 01:40:35,0,0,0.25,0,0,98.5,1,0.25,0
2022-06-26 01:40:34,0,0,0.7518797,0,0,95.98997,3.258145,0,0
2022-06-26 01:40:33,0,0,0.9925558,0.248139,0,95.03722,3.225806,0.4962779,0
2022-06-26 01:40:32,0,0,1.5,0,0,95,3.25,0.25,0
2022-06-26 01:40:31,0,0,1.2531328,0.5012531,0,95.73935,2.255639,0.2506266,0
2022-06-26 01:40:30,0,0,0,0,0,98.49246,1.5075377,0,0
2022-06-26 01:40:29,0,0,0,0,0,99,0.75,0.25,0
2022-06-26 01:40:28,0,0,0.2487562,0,0,98.50746,0.9950249,0.2487562,0
2022-06-26 01:40:27,0,0,0.2506266,0.2506266,0,97.74436,1.2531328,0.5012531,0
2022-06-26 01:40:26,0,0,0.5,0.25,0,96.75,2.25,0.25,0
2022-06-26 01:40:25,0,0,1.2468828,0.2493766,0,95.7606,2.493766,0.2493766,0
2022-06-26 01:40:24,0,0,1.75,0.25,0,92.5,5.25,0.25,0
2022-06-26 01:40:23,0,0,1.75,0.5,0,89.5,8,0.25,0
2022-06-26 01:40:22,0,0,0.9975062,0.4987531,0,92.5187,5.985037,0,0
2022-06-26 01:40:21,0,0,1,0,0,89,9.5,0.5,0
2022-06-26 01:40:20,0,0,0.2506266,0.2506266,0,94.73684,4.761905,0,0
2022-06-26 01:40:19,0,0,0.2506266,0,0,92.4812,6.766917,0.2506266,0
2022-06-26 01:40:18,0,0,0.25,0,0,95.75,4,0,0
2022-06-26 01:40:17,0,0,0,0,0,91.54229,8.208955,0.2487562,0
2022-06-26 01:40:16,0,0,0,0,0,90.45226,8.542714,0.5025126,0
2022-06-26 01:40:15,0,0,0.2512563,0.5025126,0,88.19095,7.788945,0,0
2022-06-26 01:40:14,0,0,0.2512563,0,0,92.21106,6.532663,0,0
2022-06-26 01:40:13,0,0,0,0.2487562,0,98.25871,1.2437811,0.2487562,0
2022-06-26 01:40:12,0,0,0,0,0,97.99499,1.754386,0.2506266,0
2022-06-26 01:40:11,0,0,0,0,0,98.48866,1.2594458,0.2518892,0
2022-06-26 01:40:10,0,0,0.248139,0.248139,0,98.01489,1.2406948,0.248139,0
2022-06-26 01:40:09,0,0,0,0,0,99.24623,0.7537688,0,0
2022-06-26 01:40:08,0,0,0.2506266,0,0,98.24561,1.2531328,0.2506266,0
2022-06-26 01:40:07,0,0,0.2487562,0,0,97.01493,2.487562,0.2487562,0
2022-06-26 01:40:06,0,0,0.75,0.25,0,97,2,0,0
2022-06-26 01:40:05,0,0,0.5012531,0,0,97.99499,1.5037594,0,0
2022-06-26 01:40:04,0,0,1.2468828,0,0,95.7606,2.493766,0.4987531,0
2022-06-26 01:40:03,0,0,0,0,0,98.99497,1.0050251,0,0
2022-06-26 01:40:02,0,0,0.2493766,0,0,98.75312,0.9975062,0,0
2022-06-26 01:40:01,0,0,0,0,0,99.5,0.25,0.25,0
2022-06-26 01:40:00,0,0,0.7481297,0,0,96.25935,2.743142,0.2493766,0
2022-06-26 01:39:59,0,0,1.2531328,0.2506266,0,95.73935,2.756892,0,0
2022-06-26 01:39:58,0,0,0.7462687,0.2487562,0,96.76617,1.99005,0.2487562,0
2022-06-26 01:39:57,0,0,1.2531328,0.2506266,0,95.2381,3.007519,0.2506266,0
2022-06-26 01:39:56,0,0,0,0,0,98.49624,1.0025063,0.5012531,0
2022-06-26 01:39:55,0,0,0,0,0,98.99749,0.7518797,0.2506266,0
2022-06-26 01:39:54,0,0,0.2487562,0.2487562,0,98.75622,0.4975124,0.2487562,0
2022-06-26 01:39:53,0,0,0.5012531,0,0,97.24311,2.005013,0.2506266,0
2022-06-26 01:39:52,0,0,1,0.25,0,96,2.5,0.25,0
2022-06-26 01:39:51,0,0,1.4925373,0.2487562,0,95.02488,2.985075,0.2487562,0
2022-06-26 01:39:50,0,0,0.7518797,0,0,97.49373,1.754386,0,0
2022-06-26 01:39:49,0,0,0.2506266,0,0,98.99749,0.7518797,0,0
2022-06-26 01:39:48,0,0,0,0,0,99,0.5,0.5,0
2022-06-26 01:39:47,0,0,0,0,0,99.00249,0.7481297,0.2493766,0
2022-06-26 01:39:46,0,0,0.5012531,0,0,97.24311,2.005013,0.2506266,0
2022-06-26 01:39:45,0,0,1.2468828,0.2493766,0,96.25935,2.244389,0,0
2022-06-26 01:39:44,0,0,1.4888337,0.4962779,0,94.2928,2.977667,0.4962779,0
2022-06-26 01:39:43,0,0,0.5012531,0,0,96.74185,2.506266,0.2506266,0
2022-06-26 01:39:42,0,0,0.5012531,0.2506266,0,97.49373,1.5037594,0.2506266,0
2022-06-26 01:39:41,0,0,0,0,0,99.24812,0.5012531,0.2506266,0
2022-06-26 01:39:40,0,0,0.25,0,0,98,1.25,0.5,0
2022-06-26 01:39:39,0,0,0.5012531,0.2506266,0,97.49373,1.754386,0,0
2022-06-26 01:39:38,0,0,0.7444169,0,0,96.77419,1.985112,0.4962779,0
2022-06-26 01:39:37,0,0,1.0050251,0,0,95.72864,3.015075,0.2512563,0
2022-06-26 01:39:36,0,0,1,0.25,0,95.25,3.25,0.25,0
2022-06-26 01:39:35,0,0,0.5012531,0,0,97.49373,1.754386,0.2506266,0
2022-06-26 01:39:34,0,0,0,0,0,98.25436,1.4962594,0.2493766,0
2022-06-26 01:39:33,0,0,0.25,0,0,98.5,1,0.25,0
2022-06-26 01:39:32,0,0,0.5,0,0,98.25,1,0.25,0
2022-06-26 01:39:31,0,0,0.7481297,0,0,96.50873,2.244389,0.4987531,0
2022-06-26 01:39:30,0,0,0.7481297,0.2493766,0,95.51122,3.241895,0.2493766,0
2022-06-26 01:39:29,0,0,1.0025063,0.5012531,0,95.48872,2.756892,0.2506266,0
2022-06-26 01:39:28,0,0,0.7518797,0,0,96.99248,2.005013,0.2506266,0
2022-06-26 01:39:27,0,0,0.25,0.25,0,97.25,2.25,0,0
2022-06-26 01:39:26,0,0,0.25,0,0,98.75,0.75,0.25,0
2022-06-26 01:39:25,0,0,0.25,0,0,98,1.75,0,0
2022-06-26 01:39:24,0,0,1,0,0,95.75,3,0.25,0
2022-06-26 01:39:23,0,0,0.9975062,0.2493766,0,96.25935,2.244389,0.2493766,0
2022-06-26 01:39:22,0,0,0.7518797,0,0,94.48622,4.260652,0.5012531,0
2022-06-26 01:39:21,0,0,0.9925558,0.248139,0,92.80397,5.707196,0.248139,0
2022-06-26 01:39:20,0,0,1.5151515,0,0,91.41414,6.565657,0.5050505,0
2022-06-26 01:39:19,0,0,1.2406948,0.248139,0,89.8263,8.188586,0.4962779,0
2022-06-26 01:39:18,0,0,0.5025126,0.2512563,0,90.95477,7.537688,0.7537688,0
2022-06-26 01:39:17,0,0,0.5,0,0,93.75,5.5,0.25,0
2022-06-26 01:39:16,0,0,0.4975124,0.2487562,0,92.0398,6.965174,0.2487562,0
2022-06-26 01:39:15,0,0,0,0,0,91.45729,8.291457,0.2512563,0
2022-06-26 01:39:14,0,0,0,0,0,94.98747,4.761905,0.2506266,0
2022-06-26 01:39:13,0,0,0,0.2493766,0,93.51621,5.486284,0.2493766,0
2022-06-26 01:39:12,0,0,0.2493766,0.2493766,0,85.53616,9.476309,0.2493766,0
2022-06-26 01:39:11,0,0,0,0,0,88.66499,6.801008,0.2518892,0.2518892
2022-06-26 01:39:10,0,0,0,0,0,98,1.75,0.25,0
2022-06-26 01:39:09,0,0,0.2493766,0.2493766,0,98.25436,0.9975062,0.2493766,0
2022-06-26 01:39:08,0,0,0,0,0,99.24812,0.7518797,0,0
2022-06-26 01:39:07,0,0,0,0,0,99.25,0.75,0,0
2022-06-26 01:39:06,0,0,0,0,0,98.75,1,0.25,0
2022-06-26 01:39:05,0,0,0.4975124,0,0,98.25871,0.9950249,0.2487562,0
2022-06-26 01:39:04,0,0,0.2506266,0,0,98.49624,1.2531328,0,0
2022-06-26 01:39:03,0,0,0.5012531,0.2506266,0,96.99248,1.754386,0.5012531,0
2022-06-26 01:39:02,0,0,1.25,0.25,0,94.25,4.25,0,0
2022-06-26 01:39:01,0,0,0.5,0,0,98,1.25,0.25,0
2022-06-26 01:39:00,0,0,0.2487562,0,0,99.00498,0.4975124,0.2487562,0
2022-06-26 01:38:59,0,0,0,0.2512563,0,97.98995,1.758794,0,0
2022-06-26 01:38:58,0,0,0.5,0,0,98.25,1,0.25,0
2022-06-26 01:38:57,0,0,0.9950249,0.4975124,0,96.26866,2.238806,0,0
2022-06-26 01:38:56,0,0,0.7556675,0.2518892,0,96.72544,2.267003,0,0
2022-06-26 01:38:55,0,0,0.9975062,0.4987531,0,95.01247,2.992519,0.4987531,0
2022-06-26 01:38:54,0,0,0.2493766,0,0,98.50374,0.9975062,0.2493766,0
2022-06-26 01:38:53,0,0,0.7481297,0,0,96.50873,2.493766,0.2493766,0
2022-06-26 01:38:52,0,0,0,0,0,99.24433,0.5037783,0.2518892,0
2022-06-26 01:38:51,0,0,0.4987531,0.2493766,0,97.25686,1.745636,0.2493766,0
2022-06-26 01:38:50,0,0,1,0,0,97.5,1.5,0,0
2022-06-26 01:38:49,0,0,1,0.25,0,96.5,1.75,0.5,0
2022-06-26 01:38:48,0,0,0.9975062,0.2493766,0,95.7606,2.743142,0.2493766,0
2022-06-26 01:38:47,0,0,0.75,0,0,97,1.75,0.5,0
2022-06-26 01:38:46,0,0,0.2512563,0,0,97.48744,1.758794,0.5025126,0
2022-06-26 01:38:45,0,0,0.2493766,0.2493766,0,98.75312,0.7481297,0,0
2022-06-26 01:38:44,0,0,0.4975124,0,0,96.76617,2.487562,0.2487562,0
2022-06-26 01:38:43,0,0,1.0025063,0.2506266,0,96.99248,1.754386,0,0
2022-06-26 01:38:42,0,0,0.5025126,0.2512563,0,95.72864,3.266332,0.2512563,0
2022-06-26 01:38:41,0,0,1.4925373,0.2487562,0,95.52239,2.487562,0.2487562,0
2022-06-26 01:38:40,0,0,0.5012531,0,0,97.74436,1.5037594,0.2506266,0
2022-06-26 01:38:39,0,0,0,0,0,99.74874,0.2512563,0,0
2022-06-26 01:38:38,0,0,0.2493766,0,0,98.50374,0.9975062,0.2493766,0
2022-06-26 01:38:37,0,0,0.2506266,0,0,98.24561,1.2531328,0.2506266,0
2022-06-26 01:38:36,0,0,0.9925558,0.248139,0,96.02978,2.729529,0,0
2022-06-26 01:38:35,0,0,1.0050251,0.2512563,0,95.9799,2.261307,0.5025126,0
2022-06-26 01:38:34,0,0,1.5,0.25,0,94.75,3.5,0,0
2022-06-26 01:38:33,0,0,0.7481297,0.2493766,0,97.00748,1.745636,0.2493766,0
2022-06-26 01:38:32,0,0,0,0,0,98.00499,1.745636,0.2493766,0
2022-06-26 01:38:31,0,0,0,0,0,98.74687,1.0025063,0.2506266,0
2022-06-26 01:38:30,0,0,0.2493766,0,0,98.50374,0.9975062,0.2493766,0
2022-06-26 01:38:29,0,0,0.75,0,0,97,2,0.25,0
2022-06-26 01:38:28,0,0,1.0025063,0,0,94.98747,3.759398,0,0
2022-06-26 01:38:27,0,0,1.2468828,0.4987531,0,93.51621,4.488778,0.2493766,0
2022-06-26 01:38:26,0,0,0.75,0.25,0,96.5,2.5,0,0
2022-06-26 01:38:25,0,0,0.5025126,0,0,96.23116,2.763819,0.5025126,0
2022-06-26 01:38:24,0,0,0.5,0,0,98.75,0.75,0,0
2022-06-26 01:38:23,0,0,0,0,0,99.24812,0.5012531,0.2506266,0
2022-06-26 01:38:22,0,0,0.2493766,0,0,97.75561,1.745636,0.2493766,0
2022-06-26 01:38:21,0,0,0.5,0.25,0,96.5,2.75,0,0
2022-06-26 01:38:20,0,0,0.7462687,0.2487562,0,95.02488,3.9801,0,0
2022-06-26 01:38:19,0,0,1.5,0.25,0,92.25,5.75,0.25,0
2022-06-26 01:38:18,0,0,1.5,0.25,0,93,5,0.25,0
2022-06-26 01:38:17,0,0,1.2531328,0.5012531,0,89.97494,8.02005,0.2506266,0
2022-06-26 01:38:16,0,0,0.7518797,0,0,94.73684,4.260652,0.2506266,0
2022-06-26 01:38:15,0,0,0.4975124,0.2487562,0,93.03483,5.472637,0.4975124,0
2022-06-26 01:38:14,0,0,0.2506266,0,0,92.98246,6.766917,0,0
2022-06-26 01:38:13,0,0,0,0,0,94.22111,5.276382,0.5025126,0
2022-06-26 01:38:12,0,0,0.2493766,0,0,92.5187,6.234414,0.7481297,0
2022-06-26 01:38:11,0,0,0,0,0,88.69347,10.301508,0.2512563,0
2022-06-26 01:38:10,0,0,0,0.25,0,91,7,0.5,0
2022-06-26 01:38:09,0,0,0.2506266,0.2506266,0,84.71178,8.270677,0.2506266,0
2022-06-26 01:38:08,0,0,0,0,0,97.22922,2.518892,0.2518892,0
2022-06-26 01:38:07,0,0,0,0,0,99.00498,0.7462687,0.2487562,0
2022-06-26 01:38:06,0,0,0,0,0,99.24623,0.7537688,0,0
2022-06-26 01:38:05,0,0,0.25,0,0,98.5,1,0.25,0
2022-06-26 01:38:04,0,0,0,0,0,99.5,0.25,0.25,0
2022-06-26 01:38:03,0,0,0,0,0,98.25871,1.4925373,0.2487562,0
2022-06-26 01:38:02,0,0,0.5012531,0,0,97.74436,1.754386,0,0
2022-06-26 01:38:01,0,0,0.2506266,0,0,98.49624,1.0025063,0.2506266,0
2022-06-26 01:38:00,0,0,0.9975062,0.4987531,0,96.00998,2.493766,0,0
2022-06-26 01:37:59,0,0,0.9975062,0.2493766,0,96.7581,1.745636,0.2493766,0
2022-06-26 01:37:58,0,0,0.2512563,0,0,98.24121,1.2562814,0.2512563,0
2022-06-26 01:37:57,0,0,0,0.2493766,0,99.00249,0.4987531,0.2493766,0
2022-06-26 01:37:56,0,0,0,0,0,98.74687,1.0025063,0.2506266,0
2022-06-26 01:37:55,0,0,0.4987531,0,0,97.50623,1.745636,0.2493766,0
2022-06-26 01:37:54,0,0,1.0050251,0,0,96.73367,2.01005,0.2512563,0
2022-06-26 01:37:53,0,0,1.25,0.25,0,96,2.25,0.25,0
2022-06-26 01:37:52,0,0,0.75,0.25,0,97.75,1,0.25,0
2022-06-26 01:37:51,0,0,0.248139,0,0,98.51117,0.9925558,0.248139,0
2022-06-26 01:37:50,0,0,0,0,0,98.24121,1.5075377,0.2512563,0
2022-06-26 01:37:49,0,0,0,0,0,99.24812,0.5012531,0.2506266,0
2022-06-26 01:37:48,0,0,0.75,0,0,97,2,0.25,0
2022-06-26 01:37:47,0,0,1,0.5,0,94.5,4,0,0
2022-06-26 01:37:46,0,0,1.2468828,0.4987531,0,95.51122,2.244389,0.4987531,0
2022-06-26 01:37:45,0,0,0.7518797,0,0,97.49373,1.754386,0,0
2022-06-26 01:37:44,0,0,0.2493766,0,0,98.50374,0.9975062,0.2493766,0
2022-06-26 01:37:43,0,0,0,0,0,99.5,0.25,0.25,0
2022-06-26 01:37:42,0,0,0,0,0,99.25187,0.4987531,0.2493766,0
2022-06-26 01:37:41,0,0,0.7518797,0.5012531,0,96.49123,2.255639,0,0
2022-06-26 01:37:40,0,0,1,0.25,0,97,1.5,0.25,0
2022-06-26 01:37:39,0,0,1.25,0.25,0,95.5,3,0,0
2022-06-26 01:37:38,0,0,0.9975062,0,0,95.51122,3.241895,0.2493766,0
2022-06-26 01:37:37,0,0,0.2493766,0.2493766,0,98.50374,0.7481297,0.2493766,0
2022-06-26 01:37:36,0,0,0,0,0,99.49749,0.5025126,0,0
2022-06-26 01:37:35,0,0,0,0,0,98.99749,1.0025063,0,0
2022-06-26 01:37:34,0,0,0.4975124,0.2487562,0,98.00995,0.9950249,0.2487562,0
2022-06-26 01:37:33,0,0,1.2562814,0,0,96.48241,2.01005,0.2512563,0
2022-06-26 01:37:32,0,0,1.2437811,0.2487562,0,95.77114,2.736318,0,0
2022-06-26 01:37:31,0,0,0.75,0,0,96.25,2.75,0.25,0
2022-06-26 01:37:30,0,0,0.5012531,0.5012531,0,97.74436,1.0025063,0.2506266,0
2022-06-26 01:37:29,0,0,0,0,0,99.25,0.75,0,0
2022-06-26 01:37:28,0,0,0.25,0,0,98.25,1.25,0.25,0
2022-06-26 01:37:27,0,0,0,0,0,98.50374,1.2468828,0.2493766,0
2022-06-26 01:37:26,0,0,0.7537688,0,0,95.9799,3.015075,0.2512563,0
2022-06-26 01:37:25,0,0,2,0.25,0,94.75,2.75,0.25,0
2022-06-26 01:37:24,0,0,1.25,0,0,95,3.5,0.25,0
2022-06-26 01:37:23,0,0,0.5,0,0,96.25,3,0.25,0
2022-06-26 01:37:22,0,0,0.5,0.25,0,97,2.25,0,0
2022-06-26 01:37:21,0,0,0,0,0,99.5,0.25,0.25,0
2022-06-26 01:37:20,0,0,0,0,0,99.25,0.5,0.25,0
2022-06-26 01:37:19,0,0,0,0,0,98.99749,0.7518797,0.2506266,0
2022-06-26 01:37:18,0,0,0.4987531,0.2493766,0,97.00748,1.995012,0.2493766,0
2022-06-26 01:37:17,0,0,1.75,0.25,0,93.5,4.25,0.25,0
2022-06-26 01:37:16,0,0,1.745636,0.2493766,0,93.76559,3.990025,0.2493766,0
2022-06-26 01:37:15,0,0,1.2531328,0.2506266,0,91.72932,6.766917,0,0
2022-06-26 01:37:14,0,0,0.9950249,0.2487562,0,89.05473,9.20398,0.4975124,0
2022-06-26 01:37:13,0,0,0.7518797,0,0,92.73183,6.265664,0.2506266,0
2022-06-26 01:37:12,0,0,0.5,0,0,92.25,7,0.25,0
2022-06-26 01:37:11,0,0,0.2506266,0,0,95.98997,3.258145,0.5012531,0
2022-06-26 01:37:10,0,0,0,0,0,92.98246,7.017544,0,0
2022-06-26 01:37:09,0,0,0,0,0,93.48371,6.265664,0,0
2022-06-26 01:37:08,0,0,0,0.2506266,0,85.96491,11.779449,0.5012531,0
2022-06-26 01:37:07,0,0,0.2512563,0.2512563,0,86.93467,6.78392,0.5025126,0
2022-06-26 01:37:06,0,0,0,0,0,85.39043,7.556675,0,0
2022-06-26 01:37:05,0,0,0.2487562,0.2487562,0,96.51741,2.736318,0.2487562,0
2022-06-26 01:37:04,0,0,0,0,0,98.74687,1.2531328,0,0
2022-06-26 01:37:03,0,0,0.2506266,0,0,97.99499,1.5037594,0.2506266,0
2022-06-26 01:37:02,0,0,0,0,0,99.00249,0.7481297,0.2493766,0
2022-06-26 01:37:01,0,0,0,0.2493766,0,99.00249,0.4987531,0.2493766,0
2022-06-26 01:37:00,0,0,0.2506266,0,0,97.49373,2.255639,0,0
2022-06-26 01:36:59,0,0,0.25,0,0,98.75,1,0,0
2022-06-26 01:36:58,0,0,0.7481297,0,0,97.25686,1.745636,0.2493766,0
2022-06-26 01:36:57,0,0,0.7518797,0,0,97.24311,1.754386,0.2506266,0
2022-06-26 01:36:56,0,0,0.75,0,0,98.25,0.75,0.25,0
2022-06-26 01:36:55,0,0,0.2493766,0.2493766,0,98.50374,0.7481297,0.2493766,0
2022-06-26 01:36:54,0,0,0,0,0,99.49749,0.5025126,0,0
2022-06-26 01:36:53,0,0,0.4987531,0,0,97.25686,1.995012,0.2493766,0
2022-06-26 01:36:52,0,0,0.75,0.25,0,97,1.75,0.25,0
2022-06-26 01:36:51,0,0,1,0,0,96.5,2.25,0.25,0
2022-06-26 01:36:50,0,0,1.2437811,0.2487562,0,96.51741,1.4925373,0.4975124,0
2022-06-26 01:36:49,0,0,0.5025126,0,0,97.48744,1.758794,0.2512563,0
2022-06-26 01:36:48,0,0,0,0,0,98.75,1,0.25,0
2022-06-26 01:36:47,0,0,0,0.25,0,99.25,0.5,0,0
2022-06-26 01:36:46,0,0,0.5,0,0,98.5,0.5,0.5,0
2022-06-26 01:36:45,0,0,1,0,0,96.5,2.5,0,0
2022-06-26 01:36:44,0,0,1,0.5,0,95.25,3.25,0,0
2022-06-26 01:36:43,0,0,1.25,0.25,0,95,3,0.5,0
2022-06-26 01:36:42,0,0,0.5,0,0,98.75,0.75,0,0
2022-06-26 01:36:41,0,0,0,0,0,98.74687,1.2531328,0,0
2022-06-26 01:36:40,0,0,0.4987531,0.2493766,0,99.00249,0.2493766,0,0
2022-06-26 01:36:39,0,0,0.7481297,0.2493766,0,97.25686,1.4962594,0.2493766,0
2022-06-26 01:36:38,0,0,0.2512563,0,0,98.49246,1.0050251,0.2512563,0
2022-06-26 01:36:37,0,0,0.7481297,0,0,97.75561,1.2468828,0.2493766,0
2022-06-26 01:36:36,0,0,1.25,0.25,0,95.5,2.75,0.25,0
2022-06-26 01:36:35,0,0,0.5,0,0,98,1.25,0.25,0
2022-06-26 01:36:34,0,0,0,0,0,99.25,0.75,0,0
2022-06-26 01:36:33,0,0,0.25,0,0,98.25,1.25,0.25,0
2022-06-26 01:36:32,0,0,0.75,0.25,0,97,1.75,0.25,0
2022-06-26 01:36:31,0,0,0.5,0,0,98,1.25,0.25,0
2022-06-26 01:36:30,0,0,0.75,0,0,97,2.25,0,0
2022-06-26 01:36:29,0,0,1.5037594,0.5012531,0,94.98747,3.007519,0,0
2022-06-26 01:36:28,0,0,0.7444169,0.4962779,0,96.52605,1.736973,0.4962779,0
2022-06-26 01:36:27,0,0,0,0,0,98.49624,1.2531328,0.2506266,0
2022-06-26 01:36:26,0,0,0,0,0,98.25,1.5,0.25,0
2022-06-26 01:36:25,0,0,0.5012531,0,0,97.74436,1.5037594,0.2506266,0
2022-06-26 01:36:24,0,0,1.5037594,0,0,94.48622,3.759398,0.2506266,0
2022-06-26 01:36:23,0,0,0.7444169,0.248139,0,96.77419,1.985112,0.248139,0
2022-06-26 01:36:22,0,0,0.7537688,0,0,95.72864,3.266332,0.2512563,0
2022-06-26 01:36:21,0,0,1,0.25,0,96,2.75,0,0
2022-06-26 01:36:20,0,0,1,0.25,0,96.5,2,0.25,0
2022-06-26 01:36:19,0,0,0.25,0,0,97.75,2,0,0
2022-06-26 01:36:18,0,0,0,0.25,0,98.5,1,0.25,0
2022-06-26 01:36:17,0,0,0.2493766,0,0,97.25686,2.244389,0.2493766,0
2022-06-26 01:36:16,0,0,1,0.25,0,95.75,2.75,0.25,0
2022-06-26 01:36:15,0,0,0.9975062,0.4987531,0,95.01247,3.241895,0.2493766,0
2022-06-26 01:36:14,0,0,1.5,0,0,91,7.25,0.25,0
2022-06-26 01:36:13,0,0,1.2531328,0,0,90.97744,7.769424,0,0
2022-06-26 01:36:12,0,0,0.7537688,0.2512563,0,93.71859,5.025126,0.2512563,0
2022-06-26 01:36:11,0,0,0.9950249,0.2487562,0,92.78607,5.721393,0.2487562,0
2022-06-26 01:36:10,0,0,0.75,0.25,0,91.25,7.5,0.25,0
2022-06-26 01:36:09,0,0,0.4975124,0,0,92.78607,6.467662,0.2487562,0
2022-06-26 01:36:08,0,0,0,0,0,93.93939,6.060606,0,0
2022-06-26 01:36:07,0,0,0,0.2487562,0,91.79104,7.462687,0.4975124,0
2022-06-26 01:36:06,0,0,0.2493766,0,0,91.27182,7.730673,0.2493766,0
2022-06-26 01:36:05,0,0,0,0,0,91.72932,8.02005,0.2506266,0
2022-06-26 01:36:04,0,0,0.25,0,0,95.25,4.5,0,0
2022-06-26 01:36:03,0,0,0,0.2493766,0,93.01746,4.738155,0.7481297,0
2022-06-26 01:36:02,0,0,0,0,0,98.49624,1.5037594,0,0
2022-06-26 01:36:01,0,0,0.2506266,0,0,98.99749,0.7518797,0,0
2022-06-26 01:36:00,0,0,0,0,0,99,0.75,0.25,0
2022-06-26 01:35:59,0,0,0,0,0,99.5,0.5,0,0
2022-06-26 01:35:58,0,0,0,0,0,98.74372,1.0050251,0.2512563,0
2022-06-26 01:35:57,0,0,0.4962779,0.248139,0,97.27047,1.985112,0,0
2022-06-26 01:35:56,0,0,0.75,0,0,97.5,1.5,0.25,0
2022-06-26 01:35:55,0,0,0.75,0,0,96.75,2.5,0,0
2022-06-26 01:35:54,0,0,0.5,0.25,0,97,2.25,0,0
2022-06-26 01:35:53,0,0,0.5012531,0,0,98.49624,1.0025063,0,0
2022-06-26 01:35:52,0,0,0,0,0,98.75622,0.9950249,0.2487562,0
2022-06-26 01:35:51,0,0,0,0,0,98.49246,1.5075377,0,0
2022-06-26 01:35:50,0,0,0.7481297,0,0,98.25436,0.9975062,0,0
2022-06-26 01:35:49,0,0,0.7518797,0.2506266,0,97.24311,1.5037594,0.2506266,0
2022-06-26 01:35:48,0,0,0.9950249,0,0,95.77114,2.985075,0.2487562,0
2022-06-26 01:35:47,0,0,0.7481297,0.2493766,0,97.00748,1.745636,0.2493766,0
2022-06-26 01:35:46,0,0,0.5025126,0,0,98.24121,1.2562814,0,0
2022-06-26 01:35:45,0,0,0.2487562,0,0,98.00995,1.4925373,0.2487562,0
2022-06-26 01:35:44,0,0,0,0,0,99.49622,0.5037783,0,0
2022-06-26 01:35:43,0,0,0.4962779,0,0,97.76675,1.2406948,0.4962779,0
2022-06-26 01:35:42,0,0,1.2594458,0,0,95.46599,3.274559,0,0
2022-06-26 01:35:41,0,0,0.9975062,0.2493766,0,96.00998,1.995012,0.7481297,0
2022-06-26 01:35:40,0,0,0.75,0.25,0,97,1.75,0.25,0
2022-06-26 01:35:39,0,0,0.5012531,0,0,97.49373,2.005013,0,0
2022-06-26 01:35:38,0,0,0.2493766,0,0,99.00249,0.4987531,0.2493766,0
2022-06-26 01:35:37,0,0,0,0,0,99.74937,0.2506266,0,0
2022-06-26 01:35:36,0,0,0.4962779,0,0,97.51861,1.736973,0.248139,0
2022-06-26 01:35:35,0,0,1.2594458,0.2518892,0,95.71788,2.518892,0.2518892,0
2022-06-26 01:35:34,0,0,0.7462687,0,0,97.01493,1.99005,0.2487562,0
2022-06-26 01:35:33,0,0,0.7481297,0.2493766,0,96.25935,2.493766,0.2493766,0
2022-06-26 01:35:32,0,0,0.5012531,0,0,97.49373,1.754386,0.2506266,0
2022-06-26 01:35:31,0,0,0.2512563,0,0,98.74372,1.0050251,0,0
2022-06-26 01:35:30,0,0,0,0,0,99.25187,0.2493766,0.4987531,0
2022-06-26 01:35:29,0,0,0.75,0,0,97.5,1.75,0,0
2022-06-26 01:35:28,0,0,1.4925373,0.2487562,0,96.0199,1.99005,0.2487562,0
2022-06-26 01:35:27,0,0,0.7537688,0.2512563,0,95.9799,2.763819,0.2512563,0
2022-06-26 01:35:26,0,0,0.5025126,0,0,97.48744,2.01005,0,0
2022-06-26 01:35:25,0,0,0.75,0,0,97.5,1.75,0,0
2022-06-26 01:35:24,0,0,0.4975124,0,0,98.25871,0.9950249,0.2487562,0
2022-06-26 01:35:23,0,0,0.75,0.25,0,97,1.75,0.25,0
2022-06-26 01:35:22,0,0,0,0,0,99.24812,0.7518797,0,0
2022-06-26 01:35:21,0,0,0.7556675,0,0,96.22166,2.518892,0.5037783,0
2022-06-26 01:35:20,0,0,1.736973,0.248139,0,92.80397,4.962779,0.248139,0
2022-06-26 01:35:19,0,0,0.7518797,0,0,95.98997,3.258145,0,0
2022-06-26 01:35:18,0,0,0,0,0,97.75,1.75,0.5,0
2022-06-26 01:35:17,0,0,0.2493766,0,0,98.25436,1.2468828,0.2493766,0
2022-06-26 01:35:16,0,0,0.5,0.25,0,98.5,0.75,0,0
2022-06-26 01:35:15,0,0,0,0,0,97.99499,1.754386,0.2506266,0
2022-06-26 01:35:14,0,0,0.25,0,0,98.25,1.25,0.25,0
2022-06-26 01:35:13,0,0,0.4962779,0.248139,0,96.77419,2.233251,0.248139,0
2022-06-26 01:35:12,0,0,1.5,0.25,0,94,4,0.25,0
2022-06-26 01:35:11,0,0,2.005013,0.5012531,0,91.4787,5.513784,0.5012531,0
2022-06-26 01:35:10,0,0,1.511335,0.2518892,0,89.92443,8.060453,0.2518892,0
2022-06-26 01:35:09,0,0,0.7444169,0,0,88.83375,9.925558,0.4962779,0
2022-06-26 01:35:08,0,0,0.25,0,0,96,3.25,0.5,0
2022-06-26 01:35:07,0,0,0.2512563,0.2512563,0,93.96985,5.276382,0.2512563,0
2022-06-26 01:35:06,0,0,0.2487562,0,0,94.27861,4.726368,0.2487562,0
2022-06-26 01:35:05,0,0,0.5012531,0.2506266,0,93.73434,5.263158,0.2506266,0
2022-06-26 01:35:04,0,0,0.2506266,0,0,91.97995,7.518797,0.2506266,0
2022-06-26 01:35:03,0,0,0,0,0,86.46617,9.52381,0.2506266,0
2022-06-26 01:35:02,0,0,0.248139,0.248139,0,84.86352,7.940447,0,0
2022-06-26 01:35:01,0,0,0,0.2512563,0,95.47739,4.020101,0.2512563,0
2022-06-26 01:35:00,0,0,0.248139,0.248139,0,97.76675,1.4888337,0.248139,0
2022-06-26 01:34:59,0,0,0,0,0,97.733,2.267003,0,0
2022-06-26 01:34:58,0,0,0.25,0,0,98,1.5,0.25,0
2022-06-26 01:34:57,0,0,0,0,0,99.00249,0.7481297,0.2493766,0
2022-06-26 01:34:56,0,0,0,0,0,98.74687,1.0025063,0.2506266,0
2022-06-26 01:34:55,0,0,0,0,0,99.25,0.75,0,0
2022-06-26 01:34:54,0,0,0.25,0.25,0,98.75,0.75,0,0
2022-06-26 01:34:53,0,0,0.9950249,0.2487562,0,96.51741,1.99005,0.2487562,0
2022-06-26 01:34:52,0,0,1.0050251,0,0,96.23116,2.512563,0.2512563,0
2022-06-26 01:34:51,0,0,0.2506266,0,0,99.24812,0.5012531,0,0
2022-06-26 01:34:50,0,0,0.4975124,0.2487562,0,97.26368,1.4925373,0.4975124,0
2022-06-26 01:34:49,0,0,0,0,0,98.74687,1.2531328,0,0
2022-06-26 01:34:48,0,0,0.25,0,0,98.75,1,0,0
2022-06-26 01:34:47,0,0,1.0025063,0.2506266,0,95.98997,2.255639,0.5012531,0
2022-06-26 01:34:46,0,0,1.2437811,0.2487562,0,95.27363,2.985075,0.2487562,0
2022-06-26 01:34:45,0,0,0.7518797,0,0,97.24311,2.005013,0,0
2022-06-26 01:34:44,0,0,0.2487562,0,0,98.50746,0.9950249,0.2487562,0
2022-06-26 01:34:43,0,0,0.2518892,0.2518892,0,98.74055,0.7556675,0,0
2022-06-26 01:34:42,0,0,0.4987531,0,0,97.50623,1.745636,0.2493766,0
2022-06-26 01:34:41,0,0,0.2493766,0.2493766,0,98.00499,0.9975062,0.4987531,0
2022-06-26 01:34:40,0,0,0.9975062,0,0,96.25935,2.493766,0.2493766,0
2022-06-26 01:34:39,0,0,1.2562814,0.2512563,0,95.22613,3.015075,0.2512563,0
2022-06-26 01:34:38,0,0,0.9975062,0.2493766,0,96.7581,1.745636,0.2493766,0
2022-06-26 01:34:37,0,0,0.5,0,0,97.75,1.5,0.25,0
2022-06-26 01:34:36,0,0,0.25,0.25,0,98.25,1.25,0,0
2022-06-26 01:34:35,0,0,0.2506266,0,0,98.49624,0.7518797,0.5012531,0
2022-06-26 01:34:34,0,0,0.4987531,0,0,98.25436,1.2468828,0,0
2022-06-26 01:34:33,0,0,0.9975062,0.2493766,0,95.51122,2.743142,0.4987531,0
2022-06-26 01:34:32,0,0,1.511335,0.2518892,0,96.22166,2.015113,0,0
2022-06-26 01:34:31,0,0,0.4975124,0.2487562,0,97.51244,1.4925373,0.2487562,0
2022-06-26 01:34:30,0,0,0.2487562,0,0,98.50746,0.9950249,0.2487562,0
2022-06-26 01:34:29,0,0,0.2518892,0,0,98.74055,1.0075567,0,0
2022-06-26 01:34:28,0,0,0.4987531,0.2493766,0,97.75561,0.9975062,0.4987531,0
2022-06-26 01:34:27,0,0,0.5025126,0,0,97.23618,2.261307,0,0
2022-06-26 01:34:26,0,0,0.75,0,0,96.5,2.75,0,0
2022-06-26 01:34:25,0,0,1.99005,0.2487562,0,94.77612,2.736318,0.2487562,0
2022-06-26 01:34:24,0,0,0.75,0.25,0,97.25,1.75,0,0
2022-06-26 01:34:23,0,0,0.5,0,0,97.75,1.5,0.25,0
2022-06-26 01:34:22,0,0,0,0,0,98.74687,1.2531328,0,0
2022-06-26 01:34:21,0,0,0.7481297,0,0,97.75561,1.2468828,0.2493766,0
2022-06-26 01:34:20,0,0,0.5012531,0.2506266,0,97.24311,2.005013,0,0
2022-06-26 01:34:19,0,0,0.5,0.5,0,97.5,1.25,0.25,0
2022-06-26 01:34:18,0,0,0.7462687,0,0,96.76617,2.238806,0.2487562,0
2022-06-26 01:34:17,0,0,0.75,0.25,0,96.25,2.5,0.25,0
2022-06-26 01:34:16,0,0,0.7556675,0.2518892,0,94.96222,4.030227,0,0
2022-06-26 01:34:15,0,0,0.4987531,0,0,97.50623,1.745636,0.2493766,0
2022-06-26 01:34:14,0,0,0.4987531,0.2493766,0,96.7581,2.493766,0,0
2022-06-26 01:34:13,0,0,0.25,0,0,98,1.5,0.25,0
2022-06-26 01:34:12,0,0,0.25,0,0,97.75,1.5,0.5,0
2022-06-26 01:34:11,0,0,0.9975062,0.2493766,0,95.51122,2.992519,0.2493766,0
2022-06-26 01:34:10,0,0,0.7537688,0.2512563,0,95.22613,3.768844,0,0
2022-06-26 01:34:09,0,0,1.2468828,0.4987531,0,92.5187,5.486284,0.2493766,0
2022-06-26 01:34:08,0,0,1.0025063,0.2506266,0,93.48371,5.263158,0,0
2022-06-26 01:34:07,0,0,0.7462687,0,0,92.28856,6.716418,0.2487562,0
2022-06-26 01:34:06,0,0,0.75,0,0,94.25,5,0,0
2022-06-26 01:34:05,0,0,0.75,0.25,0,92,6.75,0.25,0
2022-06-26 01:34:04,0,0,0.2506266,0,0,94.23559,5.012531,0.5012531,0
2022-06-26 01:34:03,0,0,0.2512563,0,0,93.21608,6.281407,0.2512563,0
2022-06-26 01:34:02,0,0,0.4950495,0.2475248,0,90.84158,7.673267,0.4950495,0
2022-06-26 01:34:01,0,0,0,0,0,89.47368,10.025063,0.2506266,0
2022-06-26 01:34:00,0,0,0.25,0,0,93.25,5.5,0.75,0
2022-06-26 01:33:59,0,0,0,0,0,93.75,6,0.25,0
2022-06-26 01:33:58,0,0,0.2506266,0,0,96.2406,3.508772,0,0
2022-06-26 01:33:57,0,0,0,0,0,98.00499,1.745636,0.2493766,0
2022-06-26 01:33:56,0,0,0.2506266,0.2506266,0,96.49123,3.007519,0,0
2022-06-26 01:33:55,0,0,0,0,0,98.75,1,0.25,0
2022-06-26 01:33:54,0,0,0,0,0,99.49875,0.5012531,0,0
2022-06-26 01:33:53,0,0,0,0,0,98.5,1,0.5,0
2022-06-26 01:33:52,0,0,0.5,0,0,97.5,2,0,0
2022-06-26 01:33:51,0,0,1.2406948,0.248139,0,95.78164,2.48139,0.248139,0
2022-06-26 01:33:50,0,0,0.5037783,0.2518892,0,97.48111,1.511335,0.2518892,0
2022-06-26 01:33:49,0,0,0.4987531,0,0,98.00499,1.2468828,0.2493766,0
2022-06-26 01:33:48,0,0,0.25,0.25,0,98.5,1,0,0
2022-06-26 01:33:47,0,0,0.25,0,0,98,1.5,0.25,0
2022-06-26 01:33:46,0,0,0.25,0,0,98,1.75,0,0
2022-06-26 01:33:45,0,0,0.7518797,0,0,97.99499,1.2531328,0,0
2022-06-26 01:33:44,0,0,1,0.25,0,95.75,2.75,0.25,0
2022-06-26 01:33:43,0,0,0.7462687,0,0,97.01493,2.238806,0,0
2022-06-26 01:33:42,0,0,0.25,0.25,0,98.5,0.75,0.25,0
2022-06-26 01:33:41,0,0,0.5037783,0,0,97.733,1.763224,0,0
2022-06-26 01:33:40,0,0,0.4962779,0,0,97.51861,1.736973,0.248139,0
2022-06-26 01:33:39,0,0,0,0.5025126,0,98.49246,0.7537688,0.2512563,0
2022-06-26 01:33:38,0,0,1.0025063,0,0,96.99248,1.754386,0.2506266,0
2022-06-26 01:33:37,0,0,1,0.5,0,96.5,1.5,0.5,0
2022-06-26 01:33:36,0,0,0.4987531,0.2493766,0,97.75561,1.2468828,0.2493766,0
2022-06-26 01:33:35,0,0,0.5,0,0,98.5,1,0,0
2022-06-26 01:33:34,0,0,0.5,0,0,98.25,1,0.25,0
2022-06-26 01:33:33,0,0,0.4975124,0,0,97.26368,2.238806,0,0
2022-06-26 01:33:32,0,0,0.2512563,0,0,98.74372,0.7537688,0.2512563,0
2022-06-26 01:33:31,0,0,0.7518797,0.2506266,0,97.49373,1.5037594,0,0
2022-06-26 01:33:30,0,0,1.2468828,0.4987531,0,95.01247,2.992519,0.2493766,0
2022-06-26 01:33:29,0,0,0.5,0.5,0,96.5,2.5,0,0
2022-06-26 01:33:28,0,0,0.4987531,0,0,98.00499,1.2468828,0.2493766,0
2022-06-26 01:33:27,0,0,0,0,0,98.99749,0.7518797,0.2506266,0
2022-06-26 01:33:26,0,0,0.5,0.25,0,98.5,0.75,0,0
2022-06-26 01:33:25,0,0,1.4925373,0,0,96.76617,1.4925373,0.2487562,0
2022-06-26 01:33:24,0,0,0.7537688,0.2512563,0,97.48744,1.2562814,0.2512563,0
2022-06-26 01:33:23,0,0,1,0,0,96.25,2.75,0,0
2022-06-26 01:33:22,0,0,0.75,0.5,0,96.5,2.25,0,0
2022-06-26 01:33:21,0,0,0.7462687,0.2487562,0,97.01493,1.741294,0.2487562,0
2022-06-26 01:33:20,0,0,0.5012531,0.2506266,0,97.99499,1.2531328,0,0
2022-06-26 01:33:19,0,0,0.5,0,0,98.25,1,0.25,0
2022-06-26 01:33:18,0,0,0.2506266,0,0,97.74436,1.754386,0.2506266,0
2022-06-26 01:33:17,0,0,0.4987531,0,0,96.7581,2.493766,0.2493766,0
2022-06-26 01:33:16,0,0,0.7518797,0.5012531,0,95.48872,3.007519,0.2506266,0
2022-06-26 01:33:15,0,0,0.75,0.25,0,94.25,4.5,0.25,0
2022-06-26 01:33:14,0,0,0.75,0.5,0,94.5,4.25,0,0
2022-06-26 01:33:13,0,0,0.5,0,0,97.5,1.5,0.5,0
2022-06-26 01:33:12,0,0,0.25,0,0,98.75,1,0,0
2022-06-26 01:33:11,0,0,0.5,0.25,0,97.5,1.75,0,0
2022-06-26 01:33:10,0,0,0.25,0,0,98.5,1,0.25,0
2022-06-26 01:33:09,0,0,0.25,0,0,97.75,2,0,0
2022-06-26 01:33:08,0,0,0.75,0,0,96.5,2.5,0.25,0
2022-06-26 01:33:07,0,0,1.2437811,0.2487562,0,93.53234,4.726368,0.2487562,0
2022-06-26 01:33:06,0,0,1.2531328,0,0,92.4812,5.513784,0.7518797,0
2022-06-26 01:33:05,0,0,1.5075377,0.2512563,0,90.70352,7.286432,0.2512563,0
2022-06-26 01:33:04,0,0,0.7481297,0.2493766,0,92.26933,6.234414,0.4987531,0
2022-06-26 01:33:03,0,0,0.4975124,0.2487562,0,92.28856,6.965174,0,0
2022-06-26 01:33:02,0,0,0.75,0,0,93.25,6,0,0
2022-06-26 01:33:01,0,0,0.2512563,0,0,94.47236,5.276382,0,0
2022-06-26 01:33:00,0,0,0.2506266,0,0,94.48622,5.012531,0.2506266,0
2022-06-26 01:32:59,0,0,0,0,0,91.54229,8.208955,0.2487562,0
2022-06-26 01:32:58,0,0,0.25,0,0,89.75,9.25,0.25,0
2022-06-26 01:32:57,0,0,0,0,0,85.85859,9.343434,0.2525253,0
2022-06-26 01:32:56,0,0,0.5,0.25,0,95,4.25,0,0
2022-06-26 01:32:55,0,0,0,0,0,98.25871,1.4925373,0.2487562,0
2022-06-26 01:32:54,0,0,0,0,0,97.74436,2.005013,0.2506266,0
2022-06-26 01:32:53,0,0,0.25,0,0,98.5,1.25,0,0
2022-06-26 01:32:52,0,0,0,0,0,99.25373,0.4975124,0.2487562,0
2022-06-26 01:32:51,0,0,0,0,0,98.74687,1.2531328,0,0
2022-06-26 01:32:50,0,0,0.2506266,0,0,97.99499,1.5037594,0.2506266,0
2022-06-26 01:32:49,0,0,0.25,0.25,0,97.25,2,0.25,0
2022-06-26 01:32:48,0,0,1.0025063,0.2506266,0,97.49373,1.0025063,0.2506266,0
2022-06-26 01:32:47,0,0,0.7518797,0,0,96.99248,2.005013,0.2506266,0
2022-06-26 01:32:46,0,0,0.2493766,0.2493766,0,97.50623,1.995012,0,0
2022-06-26 01:32:45,0,0,0.25,0,0,99,0.75,0,0
2022-06-26 01:32:44,0,0,0.5,0,0,98,1.25,0.25,0
2022-06-26 01:32:43,0,0,0.4987531,0.2493766,0,97.25686,1.4962594,0.4987531,0
2022-06-26 01:32:42,0,0,0.5012531,0,0,98.49624,0.7518797,0.2506266,0
2022-06-26 01:32:41,0,0,1.2437811,0.2487562,0,95.77114,2.487562,0.2487562,0
2022-06-26 01:32:40,0,0,0.7518797,0.2506266,0,95.2381,3.759398,0,0
2022-06-26 01:32:39,0,0,0.25,0,0,99,0.75,0,0
2022-06-26 01:32:38,0,0,0.5012531,0,0,98.49624,0.7518797,0.2506266,0
2022-06-26 01:32:37,0,0,0.5,0,0,97.25,2,0.25,0
2022-06-26 01:32:36,0,0,0.5,0,0,97.5,2,0,0
2022-06-26 01:32:35,0,0,0.5012531,0,0,97.99499,1.5037594,0,0
2022-06-26 01:32:34,0,0,1.4925373,0,0,95.52239,2.487562,0.4975124,0
2022-06-26 01:32:33,0,0,1.0025063,0.2506266,0,96.99248,1.5037594,0.2506266,0
2022-06-26 01:32:32,0,0,0.2493766,0,0,98.75312,0.7481297,0.2493766,0
2022-06-26 01:32:31,0,0,0.2512563,0,0,97.48744,2.261307,0,0
2022-06-26 01:32:30,0,0,0.4975124,0.2487562,0,97.51244,1.2437811,0.4975124,0
2022-06-26 01:32:29,0,0,0.5,0.25,0,98.25,1,0,0
2022-06-26 01:32:28,0,0,0.25,0,0,98.25,1.25,0.25,0
2022-06-26 01:32:27,0,0,1.2468828,0.2493766,0,96.00998,2.244389,0.2493766,0
2022-06-26 01:32:26,0,0,0.7537688,0.2512563,0,96.23116,2.512563,0.2512563,0
2022-06-26 01:32:25,0,0,0.75,0,0,98,1,0.25,0
2022-06-26 01:32:24,0,0,0.5,0,0,98,1.25,0.25,0
2022-06-26 01:32:23,0,0,0.25,0,0,98.25,1.25,0.25,0
2022-06-26 01:32:22,0,0,0.4975124,0.2487562,0,97.76119,1.2437811,0.2487562,0
2022-06-26 01:32:21,0,0,1,0,0,96.5,2.25,0.25,0
2022-06-26 01:32:20,0,0,0.7537688,0,0,96.98492,2.01005,0.2512563,0
2022-06-26 01:32:19,0,0,0.5,0.25,0,97.5,1.75,0,0
2022-06-26 01:32:18,0,0,0.75,0,0,97.25,1.5,0.5,0
2022-06-26 01:32:17,0,0,0.5012531,0,0,98.24561,1.2531328,0,0
2022-06-26 01:32:16,0,0,0,0.2493766,0,98.00499,1.4962594,0.2493766,0
2022-06-26 01:32:15,0,0,0.2506266,0,0,98.74687,1.0025063,0,0
2022-06-26 01:32:14,0,0,1.4925373,0.2487562,0,95.52239,2.487562,0.2487562,0
2022-06-26 01:32:13,0,0,1,0,0,93.75,4.75,0.5,0
2022-06-26 01:32:12,0,0,0.7518797,0.2506266,0,95.73935,3.007519,0.2506266,0
2022-06-26 01:32:11,0,0,0.4987531,0.2493766,0,97.00748,1.995012,0.2493766,0
2022-06-26 01:32:10,0,0,0.5012531,0,0,96.99248,2.506266,0,0
2022-06-26 01:32:09,0,0,0.5012531,0,0,97.74436,1.754386,0,0
2022-06-26 01:32:08,0,0,0,0.2487562,0,98.50746,0.9950249,0.2487562,0
2022-06-26 01:32:07,0,0,0.25,0.25,0,98,1.25,0.25,0
2022-06-26 01:32:06,0,0,0.5012531,0,0,96.99248,2.255639,0.2506266,0
2022-06-26 01:32:05,0,0,0.9950249,0.4975124,0,95.02488,2.985075,0.2487562,0
2022-06-26 01:32:04,0,0,1.75,0.5,0,91,6.75,0,0
2022-06-26 01:32:03,0,0,1.0050251,0.2512563,0,89.44724,9.045226,0.2512563,0
2022-06-26 01:32:02,0,0,1.2406948,0,0,88.58561,9.925558,0.248139,0
2022-06-26 01:32:01,0,0,0.75,0,0,92.25,6.5,0.5,0
2022-06-26 01:32:00,0,0,0.5,0.25,0,92.25,6.75,0.25,0
2022-06-26 01:31:59,0,0,0.2512563,0,0,93.71859,5.778894,0.2512563,0
2022-06-26 01:31:58,0,0,0,0.25,0,94.75,4.75,0.25,0
2022-06-26 01:31:57,0,0,0.2487562,0,0,94.27861,5.223881,0.2487562,0
2022-06-26 01:31:56,0,0,0,0.2518892,0,92.44332,6.801008,0.5037783,0
2022-06-26 01:31:55,0,0,0.2487562,0,0,88.0597,9.20398,0.2487562,0
2022-06-26 01:31:54,0,0,0,0,0,92.73183,6.516291,0.2506266,0
2022-06-26 01:31:53,0,0,0.25,0.25,0,97.75,1.5,0.25,0
2022-06-26 01:31:52,0,0,0,0,0,97.73869,2.261307,0,0
2022-06-26 01:31:51,0,0,0.2493766,0,0,98.75312,0.7481297,0.2493766,0
2022-06-26 01:31:50,0,0,0,0,0,98.74687,1.0025063,0.2506266,0
2022-06-26 01:31:49,0,0,0,0.25,0,98.75,0.75,0.25,0
2022-06-26 01:31:48,0,0,0,0,0,98.25,1.25,0.5,0
2022-06-26 01:31:47,0,0,0.5,0.25,0,98.25,1,0,0
2022-06-26 01:31:46,0,0,0.75,0,0,97.25,1.75,0.25,0
2022-06-26 01:31:45,0,0,0.5012531,0,0,98.49624,1.0025063,0,0
2022-06-26 01:31:44,0,0,0.75,0,0,96.5,2.5,0.25,0
2022-06-26 01:31:43,0,0,0.4987531,0,0,98.00499,1.2468828,0.2493766,0
2022-06-26 01:31:42,0,0,0,0.25,0,98.75,0.75,0.25,0
2022-06-26 01:31:41,0,0,0.25,0,0,99,0.5,0.25,0
2022-06-26 01:31:40,0,0,0.9975062,0.2493766,0,96.7581,1.745636,0.2493766,0
2022-06-26 01:31:39,0,0,1.0025063,0,0,96.99248,1.754386,0.2506266,0
2022-06-26 01:31:38,0,0,0.2506266,0.2506266,0,97.99499,1.5037594,0,0
2022-06-26 01:31:37,0,0,1.4925373,0,0,95.02488,3.233831,0.2487562,0
2022-06-26 01:31:36,0,0,0.4975124,0.2487562,0,97.26368,1.741294,0.2487562,0
2022-06-26 01:31:35,0,0,0,0,0,99.24623,0.7537688,0,0
2022-06-26 01:31:34,0,0,0.2493766,0.2493766,0,97.75561,1.4962594,0.2493766,0
2022-06-26 01:31:33,0,0,0.7537688,0,0,97.48744,1.5075377,0.2512563,0
2022-06-26 01:31:32,0,0,1.2531328,0,0,96.99248,1.754386,0,0
2022-06-26 01:31:31,0,0,0.4987531,0.2493766,0,97.00748,1.995012,0.2493766,0
2022-06-26 01:31:30,0,0,1.0025063,0.2506266,0,96.74185,2.005013,0,0
2022-06-26 01:31:29,0,0,0.7462687,0.2487562,0,97.26368,1.4925373,0.2487562,0
2022-06-26 01:31:28,0,0,0.2512563,0,0,98.49246,1.2562814,0,0
2022-06-26 01:31:27,0,0,0.2493766,0,0,98.25436,0.9975062,0.4987531,0
2022-06-26 01:31:26,0,0,1.2468828,0.2493766,0,96.25935,2.244389,0,0
2022-06-26 01:31:25,0,0,1.2531328,0,0,95.2381,3.007519,0.5012531,0
2022-06-26 01:31:24,0,0,0.5012531,0,0,97.74436,1.754386,0,0
2022-06-26 01:31:23,0,0,0.7462687,0.2487562,0,97.01493,1.741294,0.2487562,0
2022-06-26 01:31:22,0,0,0.5012531,0.2506266,0,97.74436,1.2531328,0.2506266,0
2022-06-26 01:31:21,0,0,0.25,0,0,98.25,1.25,0.25,0
2022-06-26 01:31:20,0,0,0.5,0,0,97.5,2,0,0
2022-06-26 01:31:19,0,0,0.9950249,0.2487562,0,96.0199,2.487562,0.2487562,0
2022-06-26 01:31:18,0,0,0.7575758,0.5050505,0,95.20202,3.535354,0,0
2022-06-26 01:31:17,0,0,0.4987531,0,0,98.00499,1.2468828,0.2493766,0
2022-06-26 01:31:16,0,0,0.4975124,0,0,97.51244,1.741294,0.2487562,0
2022-06-26 01:31:15,0,0,0.5,0,0,97.75,1.5,0.25,0
2022-06-26 01:31:14,0,0,0.2518892,0,0,98.23678,1.511335,0,0
2022-06-26 01:31:13,0,0,0.2487562,0,0,98.25871,0.9950249,0.4975124,0
2022-06-26 01:31:12,0,0,0.5012531,0,0,94.98747,4.511278,0,0
2022-06-26 01:31:11,0,0,1.2468828,0.4987531,0,94.76309,3.241895,0.2493766,0
2022-06-26 01:31:10,0,0,0.9975062,0,0,96.00998,2.743142,0.2493766,0
2022-06-26 01:31:09,0,0,0.2493766,0,0,97.50623,1.995012,0.2493766,0
2022-06-26 01:31:08,0,0,0.2518892,0.2518892,0,97.22922,2.267003,0,0
2022-06-26 01:31:07,0,0,0.4987531,0,0,97.75561,1.4962594,0.2493766,0
2022-06-26 01:31:06,0,0,0.4987531,0.2493766,0,97.75561,1.2468828,0.2493766,0
2022-06-26 01:31:05,0,0,0,0,0,99.24812,0.5012531,0,0
2022-06-26 01:31:04,0,0,0.4975124,0,0,97.01493,2.238806,0.2487562,0
2022-06-26 01:31:03,0,0,0.7537688,0,0,93.71859,5.527638,0,0
2022-06-26 01:31:02,0,0,1.745636,0.2493766,0,94.51372,3.241895,0.2493766,0
2022-06-26 01:31:01,0,0,1.4962594,0.2493766,0,90.27431,7.730673,0.2493766,0
2022-06-26 01:31:00,0,0,0.75,0.25,0,91,7.75,0.25,0
2022-06-26 01:30:59,0,0,0.5037783,0,0,95.46599,3.526448,0.5037783,0
2022-06-26 01:30:58,0,0,0.4975124,0.2487562,0,93.78109,4.975124,0.2487562,0
2022-06-26 01:30:57,0,0,0.25,0,0,93.25,6,0.5,0
2022-06-26 01:30:56,0,0,0.2525253,0,0,93.18182,6.313131,0.2525253,0
2022-06-26 01:30:55,0,0,0.2493766,0,0,92.26933,6.733167,0.7481297,0
2022-06-26 01:30:54,0,0,0.4975124,0.2487562,0,86.56716,11.19403,0.2487562,0
2022-06-26 01:30:53,0,0,0.2525253,0,0,87.87879,9.090909,0.2525253,0
2022-06-26 01:30:52,0,0,0.2475248,0.4950495,0,92.57426,3.960396,0.2475248,0
2022-06-26 01:30:51,0,0,0,0,0,98.24561,1.754386,0,0
2022-06-26 01:30:50,0,0,0,0,0,96.98492,2.763819,0.2512563,0
2022-06-26 01:30:49,0,0,0.2487562,0,0,97.51244,1.99005,0.2487562,0
2022-06-26 01:30:48,0,0,0,0.25,0,98.25,1.25,0.25,0
2022-06-26 01:30:47,0,0,0,0.2506266,0,98.24561,1.2531328,0.2506266,0
2022-06-26 01:30:46,0,0,0,0,0,99.25187,0.7481297,0,0
2022-06-26 01:30:45,0,0,0.5025126,0,0,97.98995,1.5075377,0,0
2022-06-26 01:30:44,0,0,0.25,0,0,98.25,1.25,0.25,0
2022-06-26 01:30:43,0,0,0.7481297,0.2493766,0,96.50873,2.244389,0.2493766,0
2022-06-26 01:30:42,0,0,0.75,0.5,0,96.75,1.75,0.25,0
2022-06-26 01:30:41,0,0,0.25,0,0,98.25,1.25,0.25,0
2022-06-26 01:30:40,0,0,0.5012531,0,0,97.24311,2.255639,0,0
2022-06-26 01:30:39,0,0,0,0,0,99.5,0.25,0.25,0
2022-06-26 01:30:38,0,0,0.5,0,0,97.25,2,0.25,0
2022-06-26 01:30:37,0,0,0.7462687,0.2487562,0,96.51741,2.238806,0.2487562,0
2022-06-26 01:30:36,0,0,1,0.5,0,96.75,1.5,0.25,0
2022-06-26 01:30:35,0,0,1.0050251,0,0,96.98492,1.758794,0.2512563,0
2022-06-26 01:30:34,0,0,0.4987531,0.2493766,0,97.00748,1.995012,0.2493766,0
2022-06-26 01:30:33,0,0,0.25,0,0,99,0.25,0.5,0
2022-06-26 01:30:32,0,0,0.2487562,0,0,98.00995,1.4925373,0.2487562,0
2022-06-26 01:30:31,0,0,0.5050505,0,0,98.23232,1.2626263,0,0
2022-06-26 01:30:30,0,0,0.7481297,0,0,96.7581,2.244389,0.2493766,0
2022-06-26 01:30:29,0,0,0.4987531,0.2493766,0,94.76309,4.239401,0.2493766,0
2022-06-26 01:30:28,0,0,0.9950249,0.2487562,0,96.0199,2.736318,0,0
2022-06-26 01:30:27,0,0,0.7537688,0.2512563,0,97.98995,1.0050251,0,0
2022-06-26 01:30:26,0,0,0.7518797,0,0,97.74436,1.2531328,0.2506266,0
2022-06-26 01:30:25,0,0,0.4987531,0,0,97.00748,2.244389,0.2493766,0
2022-06-26 01:30:24,0,0,1.0025063,0,0,97.74436,1.0025063,0.2506266,0
2022-06-26 01:30:23,0,0,0.4975124,0.4975124,0,96.51741,2.238806,0.2487562,0
2022-06-26 01:30:22,0,0,0.7537688,0,0,96.48241,2.763819,0,0
2022-06-26 01:30:21,0,0,0.4987531,0.4987531,0,97.25686,1.4962594,0.2493766,0
2022-06-26 01:30:20,0,0,1.2468828,0.2493766,0,96.50873,1.995012,0,0
2022-06-26 01:30:19,0,0,0.2512563,0,0,97.98995,1.5075377,0.2512563,0
2022-06-26 01:30:18,0,0,0.2493766,0,0,98.50374,0.9975062,0.2493766,0
2022-06-26 01:30:17,0,0,0.9975062,0.2493766,0,96.00998,2.493766,0.2493766,0
2022-06-26 01:30:16,0,0,0.75,0,0,96.25,2.75,0.25,0
2022-06-26 01:30:15,0,0,0.2506266,0,0,98.49624,1.0025063,0.2506266,0
2022-06-26 01:30:14,0,0,0.4987531,0.2493766,0,97.25686,1.745636,0.2493766,0
2022-06-26 01:30:13,0,0,1.2531328,0,0,95.98997,2.756892,0,0
2022-06-26 01:30:12,0,0,0.4987531,0.4987531,0,97.25686,1.4962594,0,0
2022-06-26 01:30:11,0,0,0,0,0,97.98995,1.5075377,0.5025126,0
2022-06-26 01:30:10,0,0,0.248139,0,0,97.76675,1.736973,0.248139,0
2022-06-26 01:30:09,0,0,0.7537688,0,0,96.98492,2.01005,0.2512563,0
2022-06-26 01:30:08,0,0,0.7481297,0,0,96.7581,2.244389,0.2493766,0
2022-06-26 01:30:07,0,0,0.5025126,0,0,97.48744,2.01005,0,0
2022-06-26 01:30:06,0,0,0.2487562,0.2487562,0,96.76617,2.487562,0.2487562,0
2022-06-26 01:30:05,0,0,1.2531328,0,0,96.2406,2.255639,0.2506266,0
2022-06-26 01:30:04,0,0,0.5,0.25,0,95.75,3.25,0.25,0
2022-06-26 01:30:03,0,0,0.5,0,0,97.25,2,0.25,0
2022-06-26 01:30:02,0,0,0.2506266,0,0,98.49624,1.0025063,0.2506266,0
2022-06-26 01:30:01,0,0,0.7444169,0.248139,0,95.78164,2.977667,0.248139,0
2022-06-26 01:30:00,0,0,1.5075377,0.2512563,0,93.21608,4.773869,0.2512563,0
2022-06-26 01:29:59,0,0,0.7481297,0,0,94.26434,4.738155,0.2493766,0
2022-06-26 01:29:58,0,0,0.5,0,0,96.5,2.75,0.25,0
2022-06-26 01:29:57,0,0,0.4987531,0.2493766,0,95.51122,3.491272,0.2493766,0
2022-06-26 01:29:56,0,0,0.7537688,0,0,95.47739,3.517588,0.2512563,0
2022-06-26 01:29:55,0,0,0.9950249,0.2487562,0,93.78109,4.477612,0.4975124,0
2022-06-26 01:29:54,0,0,0.75,0.25,0,89.5,9.25,0.25,0
2022-06-26 01:29:53,0,0,0.5025126,0,0,90.70352,8.542714,0,0
2022-06-26 01:29:52,0,0,0.7537688,0.2512563,0,89.19598,8.542714,0,0
2022-06-26 01:29:51,0,0,0,0,0,93.51621,5.735661,0.4987531,0
2022-06-26 01:29:50,0,0,0,0,0,95.73935,4.010025,0.2506266,0
2022-06-26 01:29:49,0,0,0.2493766,0,0,92.76808,6.733167,0.2493766,0
2022-06-26 01:29:48,0,0,0,0.2493766,0,93.51621,5.985037,0.2493766,0
2022-06-26 01:29:47,0,0,0,0,0,96.48241,3.266332,0.2512563,0
2022-06-26 01:29:46,0,0,0.2493766,0.2493766,0,97.75561,1.4962594,0.2493766,0
2022-06-26 01:29:45,0,0,0,0,0,97.75,2.25,0,0
2022-06-26 01:29:44,0,0,0,0,0,98.5,1,0.5,0
2022-06-26 01:29:43,0,0,0.2506266,0,0,98.99749,0.7518797,0,0
2022-06-26 01:29:42,0,0,0.4987531,0.2493766,0,96.7581,2.244389,0.2493766,0
2022-06-26 01:29:41,0,0,0.5,0,0,97.75,1.5,0.25,0
2022-06-26 01:29:40,0,0,0.4987531,0,0,98.00499,1.2468828,0.2493766,0
2022-06-26 01:29:39,0,0,0.2512563,0.2512563,0,97.98995,1.5075377,0,0
2022-06-26 01:29:38,0,0,0.4975124,0,0,97.01493,1.741294,0.7462687,0
2022-06-26 01:29:37,0,0,0.5012531,0,0,97.99499,1.5037594,0,0
2022-06-26 01:29:36,0,0,0.5012531,0,0,98.24561,1.2531328,0,0
2022-06-26 01:29:35,0,0,0.9975062,0.2493766,0,96.25935,2.244389,0.2493766,0
2022-06-26 01:29:34,0,0,0.5012531,0.2506266,0,97.49373,1.754386,0,0
2022-06-26 01:29:33,0,0,0.4987531,0,0,97.25686,1.995012,0.2493766,0
2022-06-26 01:29:32,0,0,1.2531328,0,0,95.73935,3.007519,0,0
2022-06-26 01:29:31,0,0,0.5,0.25,0,98.5,0.75,0,0
2022-06-26 01:29:30,0,0,0.4975124,0,0,97.51244,1.741294,0.2487562,0
2022-06-26 01:29:29,0,0,0.5012531,0,0,97.49373,1.5037594,0.5012531,0
2022-06-26 01:29:28,0,0,0.5012531,0,0,98.49624,1.0025063,0,0
2022-06-26 01:29:27,0,0,0.7481297,0,0,97.75561,0.9975062,0.4987531,0
2022-06-26 01:29:26,0,0,1.25,0.25,0,95.25,3.25,0,0
2022-06-26 01:29:25,0,0,1,0.25,0,96.75,1.75,0.25,0
2022-06-26 01:29:24,0,0,0.2512563,0,0,99.24623,0.5025126,0,0
2022-06-26 01:29:23,0,0,0.4987531,0,0,97.50623,1.745636,0.2493766,0
2022-06-26 01:29:22,0,0,0.7518797,0.2506266,0,96.99248,1.754386,0.2506266,0
2022-06-26 01:29:21,0,0,0,0,0,97.76119,1.99005,0.2487562,0
2022-06-26 01:29:20,0,0,0.7537688,0,0,96.98492,2.261307,0,0
2022-06-26 01:29:19,0,0,0.9975062,0.4987531,0,95.01247,3.241895,0.2493766,0
2022-06-26 01:29:18,0,0,1,0.25,0,96.25,2.5,0,0
2022-06-26 01:29:17,0,0,0.2506266,0,0,98.24561,1.2531328,0.2506266,0
2022-06-26 01:29:16,0,0,0.4975124,0,0,98.00995,1.2437811,0.2487562,0
2022-06-26 01:29:15,0,0,0.7518797,0,0,97.74436,1.2531328,0.2506266,0
2022-06-26 01:29:14,0,0,0,0,0,98.74055,1.0075567,0.2518892,0
2022-06-26 01:29:13,0,0,0.4962779,0.248139,0,96.52605,2.48139,0.248139,0
2022-06-26 01:29:12,0,0,1.2531328,0.2506266,0,96.2406,2.255639,0,0
2022-06-26 01:29:11,0,0,1.25,0,0,96.25,2,0.5,0
2022-06-26 01:29:10,0,0,0.2493766,0,0,97.50623,1.995012,0.2493766,0
2022-06-26 01:29:09,0,0,0.5012531,0.2506266,0,98.24561,0.7518797,0.2506266,0
2022-06-26 01:29:08,0,0,0.2493766,0,0,96.7581,2.743142,0.2493766,0
2022-06-26 01:29:07,0,0,0.75,0,0,97.25,2,0,0
2022-06-26 01:29:06,0,0,0,0.2493766,0,98.25436,1.2468828,0.2493766,0
2022-06-26 01:29:05,0,0,0.7537688,0,0,96.73367,2.01005,0.5025126,0
2022-06-26 01:29:04,0,0,0.9975062,0.2493766,0,95.51122,2.992519,0.2493766,0
2022-06-26 01:29:03,0,0,1.0075567,0,0,95.96977,2.770781,0.2518892,0
2022-06-26 01:29:02,0,0,0.7425743,0.2475248,0,96.0396,2.970297,0,0
2022-06-26 01:29:01,0,0,0,0,0,97.73869,2.01005,0.2512563,0
2022-06-26 01:29:00,0,0,0.2493766,0,0,98.75312,0.7481297,0.2493766,0
2022-06-26 01:28:59,0,0,0.25,0,0,97.75,2,0,0
2022-06-26 01:28:58,0,0,0.9925558,0.248139,0,96.52605,1.736973,0.248139,0
2022-06-26 01:28:57,0,0,1.0025063,0.2506266,0,95.2381,3.508772,0,0
2022-06-26 01:28:56,0,0,0.5025126,0.2512563,0,95.22613,3.768844,0.2512563,0
2022-06-26 01:28:55,0,0,0.7462687,0.2487562,0,92.78607,5.970149,0.2487562,0
2022-06-26 01:28:54,0,0,1.0025063,0,0,92.23058,6.516291,0.2506266,0
2022-06-26 01:28:53,0,0,1.2468828,0.2493766,0,89.52618,8.478803,0.4987531,0
2022-06-26 01:28:52,0,0,1.2531328,0.2506266,0,92.23058,6.015038,0.2506266,0
2022-06-26 01:28:51,0,0,0.4987531,0,0,90.02494,8.977556,0.4987531,0
2022-06-26 01:28:50,0,0,0.25,0,0,93.5,6.25,0,0
2022-06-26 01:28:49,0,0,0,0,0,93.75,6,0.25,0
2022-06-26 01:28:48,0,0,0,0,0,92,7.5,0.5,0
2022-06-26 01:28:47,0,0,0.2493766,0.2493766,0,92.76808,6.234414,0.2493766,0
2022-06-26 01:28:46,0,0,0,0,0,93.26683,6.483791,0.2493766,0
2022-06-26 01:28:45,0,0,0,0,0,85.42714,4.773869,0.2512563,0
2022-06-26 01:28:44,0,0,0.2493766,0.7481297,0,90.27431,3.491272,0,0
2022-06-26 01:28:43,0,0,0,0,0,98.49246,1.2562814,0.2512563,0
2022-06-26 01:28:42,0,0,0,0,0,98.25871,1.2437811,0.4975124,0
2022-06-26 01:28:41,0,0,0.2512563,0,0,98.49246,1.0050251,0.2512563,0
2022-06-26 01:28:40,0,0,0.4975124,0.2487562,0,97.26368,1.741294,0.2487562,0
2022-06-26 01:28:39,0,0,0.2506266,0.2506266,0,98.24561,1.2531328,0,0
2022-06-26 01:28:38,0,0,0.7518797,0,0,97.74436,1.2531328,0.2506266,0
2022-06-26 01:28:37,0,0,0.25,0,0,99,0.5,0.25,0
2022-06-26 01:28:36,0,0,0,0,0,98.75,1,0.25,0
2022-06-26 01:28:35,0,0,0.5,0.25,0,97.5,1.5,0.25,0
2022-06-26 01:28:34,0,0,0.9975062,0,0,96.00998,2.743142,0.2493766,0
2022-06-26 01:28:33,0,0,0.75,0.25,0,96.75,2.25,0,0
2022-06-26 01:28:32,0,0,0.5012531,0,0,97.74436,1.5037594,0.2506266,0
2022-06-26 01:28:31,0,0,0.4987531,0,0,97.75561,1.4962594,0.2493766,0
2022-06-26 01:28:30,0,0,0.25,0.25,0,98,1.25,0.25,0
2022-06-26 01:28:29,0,0,0.2506266,0,0,98.24561,1.5037594,0,0
2022-06-26 01:28:28,0,0,0.75,0,0,97.25,1.75,0.25,0
2022-06-26 01:28:27,0,0,0.9950249,0.2487562,0,96.51741,1.99005,0.2487562,0
2022-06-26 01:28:26,0,0,0.7537688,0.2512563,0,95.9799,2.763819,0.2512563,0
2022-06-26 01:28:25,0,0,0.9950249,0.2487562,0,97.26368,1.2437811,0.2487562,0
2022-06-26 01:28:24,0,0,0.5012531,0,0,98.49624,1.0025063,0,0
2022-06-26 01:28:23,0,0,0,0,0,98.49624,1.2531328,0.2506266,0
2022-06-26 01:28:22,0,0,0.5,0,0,98,1.25,0.25,0
2022-06-26 01:28:21,0,0,0.75,0.25,0,96.5,2.25,0.25,0
2022-06-26 01:28:20,0,0,1.2468828,0.4987531,0,95.01247,2.992519,0.2493766,0
2022-06-26 01:28:19,0,0,0.75,0,0,98,1.25,0,0
2022-06-26 01:28:18,0,0,0.2506266,0.2506266,0,98.24561,1.0025063,0.2506266,0
2022-06-26 01:28:17,0,0,0.7481297,0,0,97.00748,2.244389,0,0
2022-06-26 01:28:16,0,0,0.2506266,0,0,98.49624,1.0025063,0.2506266,0
2022-06-26 01:28:15,0,0,0.25,0,0,99,0.75,0,0
2022-06-26 01:28:14,0,0,0.7518797,0.2506266,0,96.2406,2.506266,0.2506266,0
2022-06-26 01:28:13,0,0,1.2437811,0.4975124,0,95.02488,2.736318,0.4975124,0
2022-06-26 01:28:12,0,0,0.5,0,0,97.5,1.75,0.25,0
2022-06-26 01:28:11,0,0,0.5012531,0.2506266,0,97.74436,1.5037594,0,0
2022-06-26 01:28:10,0,0,0.4962779,0,0,97.02233,1.985112,0.4962779,0
2022-06-26 01:28:09,0,0,0.2512563,0,0,98.99497,0.7537688,0,0
2022-06-26 01:28:08,0,0,0.2493766,0,0,98.00499,1.4962594,0.2493766,0
2022-06-26 01:28:07,0,0,1.25,0,0,96,2.5,0.25,0
2022-06-26 01:28:06,0,0,1,0.25,0,95.5,3,0.25,0
2022-06-26 01:28:05,0,0,0.5037783,0,0,97.48111,2.015113,0,0
2022-06-26 01:28:04,0,0,0.2487562,0.2487562,0,97.01493,2.487562,0,0
2022-06-26 01:28:03,0,0,0.5012531,0,0,98.24561,1.0025063,0.2506266,0
2022-06-26 01:28:02,0,0,0.5,0,0,98.25,1.25,0,0
2022-06-26 01:28:01,0,0,0.4987531,0.2493766,0,97.25686,1.745636,0.2493766,0
2022-06-26 01:28:00,0,0,0.5012531,0.2506266,0,97.24311,1.754386,0.2506266,0
2022-06-26 01:27:59,0,0,1.2468828,0,0,94.26434,4.488778,0,0
2022-06-26 01:27:58,0,0,0.5,0,0,96,3,0.5,0
2022-06-26 01:27:57,0,0,0.5,0,0,98,1.5,0,0
2022-06-26 01:27:56,0,0,0.5012531,0.2506266,0,95.98997,3.007519,0.2506266,0
2022-06-26 01:27:55,0,0,0.7518797,0,0,95.2381,3.759398,0.2506266,0
2022-06-26 01:27:54,0,0,0.7481297,0.2493766,0,96.00998,2.992519,0,0
2022-06-26 01:27:53,0,0,0.75,0.25,0,94.75,3.75,0.5,0
2022-06-26 01:27:52,0,0,0.4987531,0.2493766,0,95.01247,3.990025,0.2493766,0
2022-06-26 01:27:51,0,0,0.5,0,0,94.25,5.25,0,0
2022-06-26 01:27:50,0,0,1.5,0.25,0,90,8,0.25,0
2022-06-26 01:27:49,0,0,1.0050251,0.2512563,0,91.20603,7.286432,0.2512563,0
2022-06-26 01:27:48,0,0,0.9975062,0,0,89.27681,8.977556,0.2493766,0
2022-06-26 01:27:47,0,0,0,0,0,92.4812,7.017544,0.5012531,0
2022-06-26 01:27:46,0,0,0.2487562,0,0,95.02488,4.726368,0,0
2022-06-26 01:27:45,0,0,0,0,0,92.21106,7.286432,0.5025126,0
2022-06-26 01:27:44,0,0,0,0,0,93.48371,6.265664,0.2506266,0
2022-06-26 01:27:43,0,0,0.2487562,0.2487562,0,93.28358,5.721393,0.4975124,0
2022-06-26 01:27:42,0,0,0,0.5,0,85,7,0.25,0
2022-06-26 01:27:41,0,0,0,0.2493766,0,97.50623,1.995012,0.2493766,0
2022-06-26 01:27:40,0,0,0,0,0,99.25187,0.7481297,0,0
2022-06-26 01:27:39,0,0,0.2506266,0.2506266,0,97.99499,1.2531328,0.2506266,0
2022-06-26 01:27:38,0,0,0,0,0,99.00249,0.7481297,0.2493766,0
2022-06-26 01:27:37,0,0,0.5,0,0,97.75,1.5,0.25,0
2022-06-26 01:27:36,0,0,0.2512563,0,0,97.98995,1.5075377,0.2512563,0
2022-06-26 01:27:35,0,0,0.2506266,0,0,98.24561,1.2531328,0.2506266,0
2022-06-26 01:27:34,0,0,0.4987531,0,0,98.50374,0.7481297,0.2493766,0
2022-06-26 01:27:33,0,0,0.2506266,0.2506266,0,97.74436,1.5037594,0.2506266,0
2022-06-26 01:27:32,0,0,0.9975062,0.2493766,0,96.7581,1.745636,0.2493766,0
2022-06-26 01:27:31,0,0,0.25,0,0,98.25,1,0.5,0
2022-06-26 01:27:30,0,0,0.4987531,0,0,98.00499,1.2468828,0.2493766,0
2022-06-26 01:27:29,0,0,0.5012531,0,0,97.49373,2.005013,0,0
2022-06-26 01:27:28,0,0,0.7481297,0,0,97.75561,1.2468828,0.2493766,0
2022-06-26 01:27:27,0,0,0.5,0,0,96.75,2.5,0.25,0
2022-06-26 01:27:26,0,0,1.2531328,0,0,96.49123,2.255639,0,0
2022-06-26 01:27:25,0,0,0.9925558,0.248139,0,96.77419,1.736973,0.248139,0
2022-06-26 01:27:24,0,0,0,0,0,99.49622,0.5037783,0,0
2022-06-26 01:27:23,0,0,0.5,0,0,97.5,1.75,0.25,0
2022-06-26 01:27:22,0,0,0.7481297,0.2493766,0,97.25686,1.745636,0,0
2022-06-26 01:27:21,0,0,0.7481297,0.2493766,0,96.50873,1.995012,0.4987531,0
2022-06-26 01:27:20,0,0,1,0,0,95.75,3,0.25,0
2022-06-26 01:27:19,0,0,0.7537688,0.2512563,0,96.98492,1.758794,0.2512563,0
2022-06-26 01:27:18,0,0,0.4987531,0.2493766,0,98.25436,0.7481297,0.2493766,0
2022-06-26 01:27:17,0,0,0,0,0,98.75,1,0.25,0
2022-06-26 01:27:16,0,0,0.5,0,0,98,1.5,0,0
2022-06-26 01:27:15,0,0,0.7518797,0,0,96.99248,2.005013,0.2506266,0
2022-06-26 01:27:14,0,0,0.7481297,0.2493766,0,96.7581,2.244389,0,0
2022-06-26 01:27:13,0,0,0.7537688,0,0,97.48744,1.5075377,0.2512563,0
2022-06-26 01:27:12,0,0,0.7481297,0,0,97.50623,1.2468828,0.4987531,0
2022-06-26 01:27:11,0,0,0.4987531,0.2493766,0,96.50873,2.493766,0.2493766,0
2022-06-26 01:27:10,0,0,0,0,0,99.49875,0.5012531,0,0
2022-06-26 01:27:09,0,0,0,0,0,99.25,0.5,0.25,0
2022-06-26 01:27:08,0,0,1.25,0.25,0,96.25,2,0.25,0
2022-06-26 01:27:07,0,0,1,0.25,0,95,3.5,0.25,0
2022-06-26 01:27:06,0,0,0.75,0.25,0,97.5,1.25,0.25,0
2022-06-26 01:27:05,0,0,1.25,0,0,95.25,3.25,0.25,0
2022-06-26 01:27:04,0,0,0.4987531,0.2493766,0,97.25686,1.995012,0,0
2022-06-26 01:27:03,0,0,0,0,0,99.49875,0.2506266,0.2506266,0
2022-06-26 01:27:02,0,0,0,0,0,98.25436,1.4962594,0.2493766,0
2022-06-26 01:27:01,0,0,0.2506266,0,0,97.99499,1.5037594,0.2506266,0
2022-06-26 01:27:00,0,0,1.25,0,0,95,3.75,0,0
2022-06-26 01:26:59,0,0,1.0025063,0,0,95.48872,3.258145,0.2506266,0
2022-06-26 01:26:58,0,0,0.4975124,0,0,96.26866,2.736318,0.4975124,0
2022-06-26 01:26:57,0,0,0.5025126,0.2512563,0,97.73869,1.5075377,0,0
2022-06-26 01:26:56,0,0,0.5,0,0,97,2.5,0,0
2022-06-26 01:26:55,0,0,0.2493766,0,0,98.00499,1.4962594,0.2493766,0
2022-06-26 01:26:54,0,0,0,0,0,99.24812,0.7518797,0,0
2022-06-26 01:26:53,0,0,0.2487562,0,0,97.51244,1.99005,0.2487562,0
2022-06-26 01:26:52,0,0,1.2468828,0.2493766,0,94.01496,3.740648,0.4987531,0
2022-06-26 01:26:51,0,0,1.0025063,0,0,93.73434,5.263158,0,0
2022-06-26 01:26:50,0,0,1.745636,0.2493766,0,91.02244,6.733167,0.2493766,0
2022-06-26 01:26:49,0,0,0.7518797,0.5012531,0,93.23308,5.263158,0.2506266,0
2022-06-26 01:26:48,0,0,1.4962594,0,0,90.52369,7.730673,0.2493766,0
2022-06-26 01:26:47,0,0,0.7537688,0.2512563,0,91.9598,6.78392,0.2512563,0
2022-06-26 01:26:46,0,0,0.2506266,0.2506266,0,93.48371,6.015038,0,0
2022-06-26 01:26:45,0,0,0.248139,0,0,93.79653,5.459057,0.4962779,0
2022-06-26 01:26:44,0,0,0,0,0,91,9,0,0
2022-06-26 01:26:43,0,0,0.2493766,0.2493766,0,92.5187,6.982544,0,0
2022-06-26 01:26:42,0,0,0,0,0,90.6801,8.564232,0.5037783,0
2022-06-26 01:26:41,0,0,0.25,0,0,92.25,7.25,0,0
2022-06-26 01:26:40,0,0,0.2493766,0,0,94.26434,5.236908,0.2493766,0
2022-06-26 01:26:39,0,0,0.25,0.25,0,96,3,0.25,0
2022-06-26 01:26:38,0,0,0.2493766,0.2493766,0,98.25436,0.9975062,0.2493766,0
2022-06-26 01:26:37,0,0,0,0,0,98.74687,1.2531328,0,0
2022-06-26 01:26:36,0,0,0,0,0,98.5,1.25,0.25,0
2022-06-26 01:26:35,0,0,0,0,0,99.25,0.5,0.25,0
2022-06-26 01:26:34,0,0,0.5012531,0,0,98.49624,0.7518797,0.2506266,0
2022-06-26 01:26:33,0,0,0.4975124,0.2487562,0,96.51741,2.487562,0.2487562,0
2022-06-26 01:26:32,0,0,0.5,0,0,98,1.5,0,0
2022-06-26 01:26:31,0,0,0.5012531,0,0,97.74436,1.5037594,0.2506266,0
2022-06-26 01:26:30,0,0,0.2506266,0.2506266,0,97.49373,1.754386,0.2506266,0
2022-06-26 01:26:29,0,0,0.4987531,0,0,98.00499,1.4962594,0,0
2022-06-26 01:26:28,0,0,0.25,0,0,99,0.5,0.25,0
2022-06-26 01:26:27,0,0,0.75,0.25,0,96.75,2,0.25,0
2022-06-26 01:26:26,0,0,0.75,0,0,97.75,1.5,0,0
2022-06-26 01:26:25,0,0,0.9950249,0,0,97.26368,1.2437811,0.4975124,0
2022-06-26 01:26:24,0,0,0.7518797,0.2506266,0,96.49123,2.255639,0.2506266,0
2022-06-26 01:26:23,0,0,0.75,0,0,97,1.75,0.5,0
2022-06-26 01:26:22,0,0,0.5012531,0,0,98.24561,1.2531328,0,0
2022-06-26 01:26:21,0,0,0.5,0,0,97.25,2.25,0,0
2022-06-26 01:26:20,0,0,0.25,0.25,0,98.25,1,0.25,0
2022-06-26 01:26:19,0,0,0.7481297,0,0,97.75561,1.4962594,0,0
2022-06-26 01:26:18,0,0,0.7518797,0.2506266,0,96.99248,1.754386,0.2506266,0
2022-06-26 01:26:17,0,0,0.75,0,0,97.25,2,0,0
2022-06-26 01:26:16,0,0,0.75,0,0,96.75,2.5,0,0
2022-06-26 01:26:15,0,0,0.5,0,0,97.5,1.75,0.25,0
2022-06-26 01:26:14,0,0,0.5012531,0.2506266,0,97.99499,1.0025063,0.2506266,0
2022-06-26 01:26:13,0,0,0.7481297,0.2493766,0,97.50623,0.9975062,0.4987531,0
2022-06-26 01:26:12,0,0,0.4987531,0.2493766,0,97.25686,1.745636,0.2493766,0
2022-06-26 01:26:11,0,0,0.7537688,0.2512563,0,96.48241,2.512563,0,0
2022-06-26 01:26:10,0,0,0.5,0.25,0,97,2,0.25,0
2022-06-26 01:26:09,0,0,1,0,0,97.25,1.5,0.25,0
2022-06-26 01:26:08,0,0,0,0.25,0,98.5,0.5,0.75,0
2022-06-26 01:26:07,0,0,0.4987531,0.2493766,0,98.25436,0.9975062,0,0
2022-06-26 01:26:06,0,0,0.4987531,0,0,98.00499,1.2468828,0.2493766,0
2022-06-26 01:26:05,0,0,0.5,0,0,97.5,1.75,0.25,0
2022-06-26 01:26:04,0,0,1.0075567,0.2518892,0,96.22166,2.267003,0.2518892,0
2022-06-26 01:26:03,0,0,0.9975062,0,0,96.7581,1.745636,0.4987531,0
2022-06-26 01:26:02,0,0,0.75,0.25,0,97.5,1.5,0,0
2022-06-26 01:26:01,0,0,0.25,0,0,98,1.5,0.25,0
2022-06-26 01:26:00,0,0,0.5,0,0,97.75,1.5,0.25,0
2022-06-26 01:25:59,0,0,0.25,0,0,97.25,2.5,0,0
2022-06-26 01:25:58,0,0,0.5,0,0,97.75,1.25,0.5,0
2022-06-26 01:25:57,0,0,0.4987531,0,0,97.50623,1.745636,0.2493766,0
2022-06-26 01:25:56,0,0,0.9975062,0,0,96.50873,2.244389,0.2493766,0
2022-06-26 01:25:55,0,0,1,0.5,0,96.25,2,0.25,0
2022-06-26 01:25:54,0,0,0.7537688,0.2512563,0,96.73367,2.01005,0.2512563,0
2022-06-26 01:25:53,0,0,0,0,0,98.50374,0.9975062,0.2493766,0
2022-06-26 01:25:52,0,0,0.25,0,0,96.75,2.75,0.25,0
2022-06-26 01:25:51,0,0,0.5,0.25,0,97.75,1.5,0,0
2022-06-26 01:25:50,0,0,1.0025063,0,0,96.2406,2.506266,0.2506266,0
2022-06-26 01:25:49,0,0,0.4987531,0,0,94.01496,5.236908,0.2493766,0
2022-06-26 01:25:48,0,0,1.25,0,0,94.5,4,0.25,0
2022-06-26 01:25:47,0,0,1.25,0.25,0,91.5,6.75,0.25,0
2022-06-26 01:25:46,0,0,1.25,0.25,0,94.25,4,0.25,0
2022-06-26 01:25:45,0,0,1.25,0.25,0,89.5,8.75,0.25,0
2022-06-26 01:25:44,0,0,0.2506266,0,0,92.98246,6.516291,0.2506266,0
2022-06-26 01:25:43,0,0,0.2506266,0,0,92.4812,7.26817,0,0
2022-06-26 01:25:42,0,0,0,0,0,93.05211,6.451613,0.4962779,0
2022-06-26 01:25:41,0,0,0.5012531,0.2506266,0,93.23308,5.513784,0.5012531,0
2022-06-26 01:25:40,0,0,0,0,0,93.53234,6.218905,0.2487562,0
2022-06-26 01:25:39,0,0,0,0,0,92.9471,6.04534,0.2518892,0
2022-06-26 01:25:38,0,0,0.2525253,0.2525253,0,87.37374,6.313131,0.2525253,0
2022-06-26 01:25:37,0,0,0,0,0,96.74185,3.258145,0,0
2022-06-26 01:25:36,0,0,0,0,0,99.00498,0.7462687,0.2487562,0
2022-06-26 01:25:35,0,0,0,0.2512563,0,99.24623,0.5025126,0,0
2022-06-26 01:25:34,0,0,0.2487562,0,0,98.00995,1.2437811,0.4975124,0
2022-06-26 01:25:33,0,0,0,0,0,99.24812,0.7518797,0,0
2022-06-26 01:25:32,0,0,0.5,0,0,98.5,0.75,0.25,0
2022-06-26 01:25:31,0,0,0.7462687,0,0,97.26368,1.741294,0.2487562,0
2022-06-26 01:25:30,0,0,0.2518892,0,0,98.99244,0.5037783,0.2518892,0
2022-06-26 01:25:29,0,0,0.75,0.25,0,96.5,2.25,0.25,0
2022-06-26 01:25:28,0,0,0.9975062,0,0,96.25935,2.493766,0.2493766,0
2022-06-26 01:25:27,0,0,0.25,0.25,0,98.25,1,0.25,0
2022-06-26 01:25:26,0,0,0.2506266,0,0,98.99749,0.7518797,0,0
2022-06-26 01:25:25,0,0,0.75,0,0,97.25,1.75,0.25,0
2022-06-26 01:25:24,0,0,0.9975062,0.2493766,0,96.00998,2.493766,0.2493766,0
2022-06-26 01:25:23,0,0,0.5012531,0,0,97.99499,1.2531328,0.2506266,0
2022-06-26 01:25:22,0,0,1,0,0,96.5,2.5,0,0
2022-06-26 01:25:21,0,0,0.75,0,0,97.5,1.5,0.25,0
2022-06-26 01:25:20,0,0,0.4975124,0,0,98.00995,1.2437811,0.2487562,0
2022-06-26 01:25:19,0,0,0.2512563,0,0,98.24121,1.2562814,0.2512563,0
2022-06-26 01:25:18,0,0,0.9975062,0,0,96.7581,2.244389,0,0
2022-06-26 01:25:17,0,0,0.5,0,0,98.25,1.25,0,0
2022-06-26 01:25:16,0,0,0.5,0.25,0,97.75,1.25,0.25,0
2022-06-26 01:25:15,0,0,0.9975062,0.2493766,0,96.25935,2.244389,0.2493766,0
2022-06-26 01:25:14,0,0,0.7518797,0.5012531,0,97.49373,1.2531328,0,0
2022-06-26 01:25:13,0,0,0.2493766,0,0,98.00499,1.2468828,0.4987531,0
2022-06-26 01:25:12,0,0,0.5012531,0.2506266,0,97.74436,1.2531328,0.2506266,0
2022-06-26 01:25:11,0,0,0.7518797,0.2506266,0,96.49123,2.255639,0.2506266,0
2022-06-26 01:25:10,0,0,0.4975124,0,0,98.50746,0.7462687,0.2487562,0
2022-06-26 01:25:09,0,0,0.7481297,0.2493766,0,97.00748,1.745636,0.2493766,0
2022-06-26 01:25:08,0,0,0.7537688,0.2512563,0,96.48241,2.261307,0.2512563,0
2022-06-26 01:25:07,0,0,0.25,0,0,98.25,1.25,0.25,0
2022-06-26 01:25:06,0,0,0.5012531,0,0,97.99499,1.5037594,0,0
2022-06-26 01:25:05,0,0,0.5,0,0,98,1.5,0,0
2022-06-26 01:25:04,0,0,0.75,0.25,0,96.5,2.25,0.25,0
2022-06-26 01:25:03,0,0,0.4987531,0,0,96.7581,2.493766,0.2493766,0
2022-06-26 01:25:02,0,0,0.25,0.75,0,97.25,1.5,0.25,0
2022-06-26 01:25:01,0,0,1.2437811,0.4975124,0,95.02488,2.985075,0.2487562,0
2022-06-26 01:25:00,0,0,0.5012531,0.2506266,0,97.24311,1.754386,0.2506266,0
2022-06-26 01:24:59,0,0,0.2512563,0,0,98.74372,1.0050251,0,0
2022-06-26 01:24:58,0,0,0.75,0,0,96,3,0.25,0
2022-06-26 01:24:57,0,0,0.4987531,0.2493766,0,96.00998,2.992519,0.2493766,0
2022-06-26 01:24:56,0,0,0.5,0.25,0,96.5,2.5,0.25,0
2022-06-26 01:24:55,0,0,0.5012531,0.2506266,0,96.99248,2.005013,0.2506266,0
2022-06-26 01:24:54,0,0,0.9975062,0,0,96.25935,2.493766,0.2493766,0
2022-06-26 01:24:53,0,0,0.5012531,0.2506266,0,96.99248,2.255639,0,0
2022-06-26 01:24:52,0,0,0.75,0,0,98.25,0.75,0.25,0
2022-06-26 01:24:51,0,0,0,0,0,99.00249,0.7481297,0.2493766,0
2022-06-26 01:24:50,0,0,0.5012531,0,0,96.2406,3.258145,0,0
2022-06-26 01:24:49,0,0,1,0.25,0,95.25,3.25,0.25,0
2022-06-26 01:24:48,0,0,1,0.25,0,95.5,3,0.25,0
2022-06-26 01:24:47,0,0,1,0.25,0,93.25,5.25,0.25,0
2022-06-26 01:24:46,0,0,0.75,0.25,0,93.25,5.5,0.25,0
2022-06-26 01:24:45,0,0,0.7481297,0.2493766,0,95.51122,3.241895,0.2493766,0
2022-06-26 01:24:44,0,0,1.0050251,0,0,91.45729,7.537688,0,0
2022-06-26 01:24:43,0,0,0.7444169,0.248139,0,93.05211,5.707196,0.248139,0
2022-06-26 01:24:42,0,0,0.2512563,0,0,93.96985,5.527638,0.2512563,0
2022-06-26 01:24:41,0,0,0,0,0,94.23559,5.263158,0.5012531,0
2022-06-26 01:24:40,0,0,0.25,0,0,93.25,6.5,0,0
2022-06-26 01:24:39,0,0,0.7462687,0.2487562,0,90.79602,7.711443,0.4975124,0
2022-06-26 01:24:38,0,0,0.4975124,0.2487562,0,91.04478,7.960199,0.2487562,0
2022-06-26 01:24:37,0,0,0.5050505,0.2525253,0,91.41414,6.060606,0,0
2022-06-26 01:24:36,0,0,0,0,0,95.26185,4.488778,0.2493766,0
2022-06-26 01:24:35,0,0,0,0,0,98.49246,1.2562814,0.2512563,0
2022-06-26 01:24:34,0,0,0,0,0,97.25,2.5,0.25,0
2022-06-26 01:24:33,0,0,0.2487562,0.2487562,0,97.26368,2.238806,0,0
2022-06-26 01:24:32,0,0,0,0,0,98.24121,1.5075377,0.2512563,0
2022-06-26 01:24:31,0,0,0,0.25,0,98,1.5,0.25,0
2022-06-26 01:24:30,0,0,0.5,0,0,97,2.5,0,0
2022-06-26 01:24:29,0,0,0.5,0,0,98,1.25,0.25,0
2022-06-26 01:24:28,0,0,0.25,0,0,98.25,1,0.5,0
2022-06-26 01:24:27,0,0,0.9975062,0.2493766,0,96.00998,2.743142,0,0
2022-06-26 01:24:26,0,0,0.2506266,0,0,98.49624,1.0025063,0.2506266,0
2022-06-26 01:24:25,0,0,0.75,0,0,98,1,0.25,0
2022-06-26 01:24:24,0,0,0.5012531,0,0,97.99499,1.0025063,0.5012531,0
2022-06-26 01:24:23,0,0,0.2493766,0.2493766,0,98.25436,0.9975062,0.2493766,0
2022-06-26 01:24:22,0,0,1.0025063,0,0,96.74185,2.005013,0.2506266,0
2022-06-26 01:24:21,0,0,1.2468828,0,0,96.25935,2.244389,0.2493766,0
2022-06-26 01:24:20,0,0,1,0.25,0,96,2.75,0,0
2022-06-26 01:24:19,0,0,0,0,0,98.5,1.25,0.25,0
2022-06-26 01:24:18,0,0,0,0,0,98.75,1,0.25,0
2022-06-26 01:24:17,0,0,0.5,0.25,0,98.25,1,0,0
2022-06-26 01:24:16,0,0,0.75,0.25,0,96.25,2.5,0.25,0
2022-06-26 01:24:15,0,0,0.5012531,0.2506266,0,97.74436,1.5037594,0,0
2022-06-26 01:24:14,0,0,1.2468828,0.2493766,0,95.01247,3.491272,0,0
2022-06-26 01:24:13,0,0,1.5,0.25,0,95,3.25,0,0
2022-06-26 01:24:12,0,0,0,0,0,99.5,0.25,0.25,0
2022-06-26 01:24:11,0,0,0,0,0,99.25,0.75,0,0
2022-06-26 01:24:10,0,0,0.5,0,0,97.25,2,0.25,0
2022-06-26 01:24:09,0,0,0.9975062,0,0,96.50873,2.493766,0,0
2022-06-26 01:24:08,0,0,0.5012531,0,0,97.99499,1.0025063,0.5012531,0
2022-06-26 01:24:07,0,0,1.25,0.25,0,95.25,3.25,0,0
2022-06-26 01:24:06,0,0,0.5012531,0.2506266,0,96.99248,2.005013,0.2506266,0
2022-06-26 01:24:05,0,0,0.5,0.25,0,96.5,2.5,0.25,0
2022-06-26 01:24:04,0,0,0.2493766,0,0,99.00249,0.4987531,0.2493766,0
2022-06-26 01:24:03,0,0,0.5,0,0,97.25,1.75,0.5,0
2022-06-26 01:24:02,0,0,0.5012531,0,0,97.99499,1.5037594,0,0
2022-06-26 01:24:01,0,0,0.9925558,0.248139,0,96.27792,1.736973,0.7444169,0
2022-06-26 01:24:00,0,0,1.0075567,0,0,95.21411,3.778338,0,0
2022-06-26 01:23:59,0,0,0.9925558,0.4962779,0,95.5335,2.48139,0.4962779,0
2022-06-26 01:23:58,0,0,0.2506266,0.2506266,0,97.24311,2.255639,0,0
2022-06-26 01:23:57,0,0,0.5,0,0,97.75,1.75,0,0
2022-06-26 01:23:56,0,0,0.25,0.25,0,97.5,1.75,0.25,0
2022-06-26 01:23:55,0,0,0.5,0,0,98.25,1.25,0,0
2022-06-26 01:23:54,0,0,0.5,0,0,97.5,1.75,0.25,0
2022-06-26 01:23:53,0,0,0.4987531,0,0,96.00998,2.992519,0.4987531,0
2022-06-26 01:23:52,0,0,1.0050251,0,0,95.9799,2.763819,0.2512563,0
2022-06-26 01:23:51,0,0,0.9975062,0.2493766,0,96.25935,2.244389,0,0
2022-06-26 01:23:50,0,0,0.2493766,0,0,97.75561,1.745636,0.2493766,0
2022-06-26 01:23:49,0,0,0.5012531,0.2506266,0,97.49373,1.754386,0,0
2022-06-26 01:23:48,0,0,0.2493766,0,0,98.25436,0.9975062,0.4987531,0
2022-06-26 01:23:47,0,0,0.2512563,0,0,97.48744,2.261307,0,0
2022-06-26 01:23:46,0,0,0.4987531,0.2493766,0,96.7581,2.493766,0,0
2022-06-26 01:23:45,0,0,0.7518797,0,0,95.2381,3.759398,0.2506266,0
2022-06-26 01:23:44,0,0,0.7462687,0.2487562,0,92.53731,5.970149,0.4975124,0
2022-06-26 01:23:43,0,0,1.5075377,0,0,94.22111,4.020101,0.2512563,0
2022-06-26 01:23:42,0,0,1.2406948,0.248139,0,92.30769,5.955335,0.248139,0
2022-06-26 01:23:41,0,0,1.25,0.25,0,91.5,6.75,0.25,0
2022-06-26 01:23:40,0,0,0.75,0,0,91.5,7.5,0.25,0
2022-06-26 01:23:39,0,0,0,0,0,94.45844,5.541562,0,0
2022-06-26 01:23:38,0,0,0.7444169,0,0,90.81886,7.940447,0.4962779,0
2022-06-26 01:23:37,0,0,0,0.2512563,0,95.47739,4.020101,0,0
2022-06-26 01:23:36,0,0,0,0.2493766,0,93.01746,6.483791,0.2493766,0
2022-06-26 01:23:35,0,0,0.2512563,0.2512563,0,90.70352,8.291457,0.5025126,0
2022-06-26 01:23:34,0,0,0,0,0,92.26933,7.23192,0.2493766,0
2022-06-26 01:23:33,0,0,0.2525253,0,0,93.68687,5.050505,0.2525253,0
2022-06-26 01:23:32,0,0,0.248139,0.248139,0,95.03722,3.970223,0.248139,0
2022-06-26 01:23:31,0,0,0,0,0,99.00249,0.9975062,0,0
2022-06-26 01:23:30,0,0,0,0.2518892,0,98.48866,1.2594458,0,0
2022-06-26 01:23:29,0,0,0,0.2493766,0,98.00499,1.2468828,0.4987531,0
2022-06-26 01:23:28,0,0,0.2506266,0,0,98.99749,0.7518797,0,0
2022-06-26 01:23:27,0,0,0.4987531,0,0,97.75561,1.4962594,0.2493766,0
2022-06-26 01:23:26,0,0,0.5,0.25,0,96.75,2.25,0.25,0
2022-06-26 01:23:25,0,0,1,0.25,0,97,1.75,0,0
2022-06-26 01:23:24,0,0,0.25,0,0,98.5,1,0.25,0
2022-06-26 01:23:23,0,0,1,0.25,0,96.5,1.75,0.5,0
2022-06-26 01:23:22,0,0,0,0,0,98.75,1.25,0,0
2022-06-26 01:23:21,0,0,0.5,0.25,0,97.25,1.75,0.25,0
2022-06-26 01:23:20,0,0,0.25,0.25,0,98,1.25,0.25,0
2022-06-26 01:23:19,0,0,0.9975062,0.2493766,0,96.25935,2.493766,0,0
2022-06-26 01:23:18,0,0,1.0025063,0,0,96.74185,1.754386,0.5012531,0
2022-06-26 01:23:17,0,0,0.4987531,0.2493766,0,97.75561,0.9975062,0.4987531,0
2022-06-26 01:23:16,0,0,0.7518797,0.2506266,0,96.2406,2.506266,0.2506266,0
2022-06-26 01:23:15,0,0,0.25,0,0,98.75,0.75,0.25,0
2022-06-26 01:23:14,0,0,0.5,0,0,97.25,1.75,0.5,0
2022-06-26 01:23:13,0,0,0.5,0,0,98.25,1,0.25,0
2022-06-26 01:23:12,0,0,0.7481297,0,0,97.25686,1.745636,0.2493766,0
2022-06-26 01:23:11,0,0,0.9950249,0.2487562,0,95.77114,2.487562,0.4975124,0
2022-06-26 01:23:10,0,0,0.7518797,0.2506266,0,96.74185,2.255639,0,0
2022-06-26 01:23:09,0,0,0.2506266,0,0,98.49624,1.0025063,0.2506266,0
2022-06-26 01:23:08,0,0,0.5,0,0,97,1.75,0.75,0
2022-06-26 01:23:07,0,0,0.75,0.25,0,96.75,2,0.25,0
2022-06-26 01:23:06,0,0,0.2512563,0,0,99.24623,0.5025126,0,0
2022-06-26 01:23:05,0,0,1.5,0.25,0,95.75,2.25,0.25,0
2022-06-26 01:23:04,0,0,1,0.25,0,95.75,2.5,0.5,0
2022-06-26 01:23:03,0,0,0.5,0,0,98.5,0.75,0.25,0
2022-06-26 01:23:02,0,0,0.25,0,0,98,1.5,0.25,0
2022-06-26 01:23:01,0,0,0.4987531,0,0,98.00499,0.9975062,0.4987531,0
2022-06-26 01:23:00,0,0,0.5,0.25,0,98,1.25,0,0
2022-06-26 01:22:59,0,0,0.5012531,0,0,98.49624,0.7518797,0.2506266,0
2022-06-26 01:22:58,0,0,0.9975062,0,0,96.00998,2.493766,0.4987531,0
2022-06-26 01:22:57,0,0,1.2468828,0.4987531,0,95.26185,2.493766,0.4987531,0
2022-06-26 01:22:56,0,0,0.2506266,0,0,98.24561,1.5037594,0,0
2022-06-26 01:22:55,0,0,0.2506266,0,0,98.74687,1.0025063,0,0
2022-06-26 01:22:54,0,0,0.4987531,0,0,98.00499,1.2468828,0.2493766,0
2022-06-26 01:22:53,0,0,0.4987531,0.2493766,0,97.25686,1.745636,0.2493766,0
2022-06-26 01:22:52,0,0,0.5012531,0,0,97.74436,1.754386,0,0
2022-06-26 01:22:51,0,0,0.5,0.25,0,96.5,2.25,0.5,0
2022-06-26 01:22:50,0,0,0.75,0.25,0,96.25,2.5,0.25,0
2022-06-26 01:22:49,0,0,1.0025063,0,0,96.2406,2.756892,0,0
2022-06-26 01:22:48,0,0,0.2493766,0,0,97.75561,1.745636,0.2493766,0
2022-06-26 01:22:47,0,0,0.2506266,0,0,98.74687,1.0025063,0,0
2022-06-26 01:22:46,0,0,0.4987531,0.2493766,0,97.75561,1.2468828,0.2493766,0
2022-06-26 01:22:45,0,0,0,0,0,99.49875,0.5012531,0,0
2022-06-26 01:22:44,0,0,0.4975124,0.2487562,0,96.51741,2.736318,0,0
2022-06-26 01:22:43,0,0,1.0025063,0.5012531,0,94.98747,3.258145,0.2506266,0
2022-06-26 01:22:42,0,0,0.9950249,0.2487562,0,94.27861,4.228856,0.2487562,0
2022-06-26 01:22:41,0,0,1.75,0.25,0,90,7.75,0.25,0
2022-06-26 01:22:40,0,0,1.2531328,0,0,92.23058,6.015038,0.5012531,0
2022-06-26 01:22:39,0,0,0.7537688,0.2512563,0,90.20101,8.542714,0,0
2022-06-26 01:22:38,0,0,0.25,0,0,95.25,4.25,0.25,0
2022-06-26 01:22:37,0,0,0.2487562,0,0,93.03483,6.467662,0.2487562,0
2022-06-26 01:22:36,0,0,0.5,0,0,94,5.25,0.25,0
2022-06-26 01:22:35,0,0,0.2506266,0,0,91.22807,8.02005,0.5012531,0
2022-06-26 01:22:34,0,0,0.4975124,0.4975124,0,90.79602,8.208955,0,0
2022-06-26 01:22:33,0,0,0,0,0,89.25,10.5,0.25,0
2022-06-26 01:22:32,0,0,0.25,0,0,93,6.5,0.25,0
2022-06-26 01:22:31,0,0,0.2512563,0.2512563,0,95.22613,4.271357,0,0
2022-06-26 01:22:30,0,0,0,0,0,96.75,3,0.25,0
2022-06-26 01:22:29,0,0,0,0,0,98,1.5,0.5,0
2022-06-26 01:22:28,0,0,0.25,0,0,97.5,2.25,0,0
2022-06-26 01:22:27,0,0,0,0,0,99.25,0.5,0.25,0
2022-06-26 01:22:26,0,0,0,0,0,98.74687,1.0025063,0.2506266,0
2022-06-26 01:22:25,0,0,0.4987531,0,0,98.25436,0.9975062,0.2493766,0
2022-06-26 01:22:24,0,0,1.2468828,0,0,96.25935,2.244389,0.2493766,0
2022-06-26 01:22:23,0,0,0.2506266,0,0,97.99499,1.5037594,0.2506266,0
2022-06-26 01:22:22,0,0,0.5012531,0,0,97.74436,1.754386,0,0
2022-06-26 01:22:21,0,0,0.25,0.25,0,98,1.25,0.25,0
2022-06-26 01:22:20,0,0,0.25,0,0,97.75,2,0,0
2022-06-26 01:22:19,0,0,0.5,0.25,0,97,2,0.25,0
2022-06-26 01:22:18,0,0,0.75,0.25,0,96.25,2.75,0,0
2022-06-26 01:22:17,0,0,0.9950249,0.2487562,0,96.0199,2.238806,0.4975124,0
2022-06-26 01:22:16,0,0,0.7537688,0.2512563,0,97.48744,1.2562814,0.2512563,0
2022-06-26 01:22:15,0,0,0.75,0,0,97.75,1,0.5,0
2022-06-26 01:22:14,0,0,0.2506266,0,0,97.99499,1.5037594,0.2506266,0
2022-06-26 01:22:13,0,0,0.4987531,0.2493766,0,97.75561,1.2468828,0.2493766,0
2022-06-26 01:22:12,0,0,0.75,0.5,0,96.75,1.75,0.25,0
2022-06-26 01:22:11,0,0,0.7462687,0.2487562,0,97.26368,1.2437811,0.4975124,0
2022-06-26 01:22:10,0,0,0.5012531,0,0,97.49373,1.754386,0.2506266,0
2022-06-26 01:22:09,0,0,1,0.25,0,96.25,2.5,0,0
2022-06-26 01:22:08,0,0,0.75,0.25,0,96.75,1.75,0.5,0
2022-06-26 01:22:07,0,0,0,0,0,98.74687,1.0025063,0.2506266,0
2022-06-26 01:22:06,0,0,0.7462687,0.2487562,0,97.76119,0.9950249,0.2487562,0
2022-06-26 01:22:05,0,0,0.5,0,0,97.5,1.75,0.25,0
2022-06-26 01:22:04,0,0,0.7537688,0,0,97.73869,1.2562814,0.2512563,0
2022-06-26 01:22:03,0,0,0.5,0,0,97.75,1.75,0,0
2022-06-26 01:22:02,0,0,0.9925558,0.248139,0,96.77419,1.736973,0.248139,0
2022-06-26 01:22:01,0,0,0.2506266,0,0,98.49624,1.0025063,0.2506266,0
2022-06-26 01:22:00,0,0,0.7518797,0,0,96.99248,1.754386,0.5012531,0
2022-06-26 01:21:59,0,0,0.4987531,0,0,97.75561,1.4962594,0.2493766,0
2022-06-26 01:21:58,0,0,0.7537688,0,0,97.23618,1.758794,0.2512563,0
2022-06-26 01:21:57,0,0,0.4987531,0.2493766,0,97.00748,1.995012,0.2493766,0
2022-06-26 01:21:56,0,0,0.5,0,0,97.75,1.5,0.25,0
2022-06-26 01:21:55,0,0,1,0.25,0,95.75,3,0,0
2022-06-26 01:21:54,0,0,0.75,0.25,0,96.5,2,0.5,0
2022-06-26 01:21:53,0,0,0.5,0.25,0,98,1.25,0,0
2022-06-26 01:21:52,0,0,0.5012531,0,0,98.49624,0.7518797,0.2506266,0
2022-06-26 01:21:51,0,0,0.7481297,0.2493766,0,96.7581,1.745636,0.4987531,0
2022-06-26 01:21:50,0,0,0.7481297,0.2493766,0,95.7606,2.992519,0.2493766,0
2022-06-26 01:21:49,0,0,0.7518797,0.2506266,0,95.98997,2.756892,0.2506266,0
2022-06-26 01:21:48,0,0,0.5,0,0,96.5,2.25,0.5,0
2022-06-26 01:21:47,0,0,0.5,0,0,96.5,2.75,0.25,0
2022-06-26 01:21:46,0,0,0.25,0.25,0,98.25,1,0.25,0
2022-06-26 01:21:45,0,0,0.5,0.25,0,96.75,2.25,0.25,0
2022-06-26 01:21:44,0,0,0.9975062,0.2493766,0,95.7606,2.743142,0.2493766,0
2022-06-26 01:21:43,0,0,0.2506266,0.2506266,0,97.24311,2.005013,0.2506266,0
2022-06-26 01:21:42,0,0,0.5,0,0,96.25,3,0.25,0
2022-06-26 01:21:41,0,0,0.9975062,0.4987531,0,94.76309,3.491272,0.2493766,0
2022-06-26 01:21:40,0,0,1.0025063,0,0,94.98747,3.759398,0.2506266,0
2022-06-26 01:21:39,0,0,1,0.5,0,92.75,5.5,0.25,0
2022-06-26 01:21:38,0,0,1,0.25,0,93.5,5,0.25,0
2022-06-26 01:21:37,0,0,0.4987531,0,0,93.76559,5.486284,0.2493766,0
2022-06-26 01:21:36,0,0,0.5012531,0.2506266,0,93.48371,5.764411,0,0
2022-06-26 01:21:35,0,0,0.75,0.5,0,93.75,4.75,0.25,0
2022-06-26 01:21:34,0,0,0.75,0,0,92.25,6.75,0.25,0
2022-06-26 01:21:33,0,0,0.7481297,0.2493766,0,88.52868,9.975062,0.4987531,0
2022-06-26 01:21:32,0,0,0,0,0,93.25,6.25,0.5,0
2022-06-26 01:21:31,0,0,0,0.2512563,0,92.46231,7.286432,0,0
2022-06-26 01:21:30,0,0,0.2506266,0,0,93.73434,5.513784,0.5012531,0
2022-06-26 01:21:29,0,0,0,0.25,0,95.75,3.75,0.25,0
2022-06-26 01:21:28,0,0,0.2493766,0,0,95.7606,3.241895,0.4987531,0
2022-06-26 01:21:27,0,0,0,0,0,97.25,2.75,0,0
2022-06-26 01:21:26,0,0,0,0.25,0,97.25,2.25,0.25,0
2022-06-26 01:21:25,0,0,0,0,0,99.49875,0.5012531,0,0
2022-06-26 01:21:24,0,0,0.7462687,0.2487562,0,97.51244,1.2437811,0.2487562,0
2022-06-26 01:21:23,0,0,0.2512563,0,0,98.74372,0.5025126,0.5025126,0
2022-06-26 01:21:22,0,0,0.7462687,0,0,97.01493,1.99005,0.2487562,0
2022-06-26 01:21:21,0,0,0.7518797,0,0,97.99499,1.0025063,0.2506266,0
2022-06-26 01:21:20,0,0,0.25,0.25,0,97.5,1.75,0.25,0
2022-06-26 01:21:19,0,0,0.2512563,0,0,98.99497,0.7537688,0,0
2022-06-26 01:21:18,0,0,0.7481297,0,0,96.7581,1.995012,0.4987531,0
2022-06-26 01:21:17,0,0,0.4975124,0.2487562,0,96.26866,2.736318,0.2487562,0
2022-06-26 01:21:16,0,0,0.4987531,0,0,97.50623,1.745636,0.2493766,0
2022-06-26 01:21:15,0,0,0.7556675,0,0,97.733,1.511335,0,0
2022-06-26 01:21:14,0,0,0.7481297,0.2493766,0,96.25935,2.743142,0,0
2022-06-26 01:21:13,0,0,0.25,0.25,0,97.5,1.25,0.75,0
2022-06-26 01:21:12,0,0,0.7518797,0.5012531,0,95.98997,2.506266,0.2506266,0
2022-06-26 01:21:11,0,0,0.75,0.25,0,96.5,2.25,0.25,0
2022-06-26 01:21:10,0,0,0.5,0.25,0,98.5,0.75,0,0
2022-06-26 01:21:09,0,0,0.25,0.5,0,98.25,0.75,0.25,0
2022-06-26 01:21:08,0,0,0.5,0.5,0,96.25,2.25,0.5,0
2022-06-26 01:21:07,0,0,1.2468828,0.2493766,0,96.25935,2.244389,0,0
2022-06-26 01:21:06,0,0,1.0025063,0,0,97.24311,1.5037594,0.2506266,0
2022-06-26 01:21:05,0,0,0.7481297,0.2493766,0,95.51122,3.241895,0.2493766,0
2022-06-26 01:21:04,0,0,0.5,0,0,98.25,1.25,0,0
2022-06-26 01:21:03,0,0,0.25,0,0,98.25,1.25,0.25,0
2022-06-26 01:21:02,0,0,0.2493766,0.2493766,0,97.75561,1.745636,0,0
2022-06-26 01:21:01,0,0,0.75,0,0,97.25,1.75,0.25,0
2022-06-26 01:21:00,0,0,0.7481297,0.2493766,0,96.00998,2.244389,0.7481297,0
2022-06-26 01:20:59,0,0,1.0050251,0,0,96.98492,1.758794,0.2512563,0
2022-06-26 01:20:58,0,0,0.5,0.25,0,97.25,2,0,0
2022-06-26 01:20:57,0,0,0.5,0,0,98,1.25,0.25,0
2022-06-26 01:20:56,0,0,0.2506266,0,0,97.74436,2.005013,0,0
2022-06-26 01:20:55,0,0,0.4975124,0.2487562,0,97.51244,1.4925373,0.2487562,0
2022-06-26 01:20:54,0,0,0.5012531,0,0,96.74185,2.255639,0.5012531,0
2022-06-26 01:20:53,0,0,0.75,0.25,0,98,0.75,0.25,0
2022-06-26 01:20:52,0,0,1.2531328,0,0,95.98997,2.255639,0.5012531,0
2022-06-26 01:20:51,0,0,0.9950249,0.2487562,0,96.51741,1.741294,0.4975124,0
2022-06-26 01:20:50,0,0,0.2512563,0,0,97.98995,1.2562814,0.5025126,0
2022-06-26 01:20:49,0,0,0.25,0,0,98.5,1.25,0,0
2022-06-26 01:20:48,0,0,0.248139,0.248139,0,98.01489,1.2406948,0.248139,0
2022-06-26 01:20:47,0,0,0.7518797,0.5012531,0,95.98997,2.506266,0.2506266,0
2022-06-26 01:20:46,0,0,0.5025126,0.2512563,0,96.23116,2.763819,0.2512563,0
2022-06-26 01:20:45,0,0,0.75,0.25,0,94.75,4,0.25,0
2022-06-26 01:20:44,0,0,1.25,0.25,0,95.75,2.75,0,0
2022-06-26 01:20:43,0,0,0.5,0.25,0,96,3,0.25,0
2022-06-26 01:20:42,0,0,0.5,0,0,98.25,1.25,0,0
2022-06-26 01:20:41,0,0,0.4975124,0,0,97.51244,1.2437811,0.4975124,0
2022-06-26 01:20:40,0,0,0.2506266,0,0,98.24561,1.5037594,0,0
2022-06-26 01:20:39,0,0,0.5,0.5,0,95.75,2.75,0.5,0
2022-06-26 01:20:38,0,0,0.9950249,0.4975124,0,93.78109,4.228856,0.4975124,0
2022-06-26 01:20:37,0,0,1.0025063,0,0,93.48371,5.263158,0.2506266,0
2022-06-26 01:20:36,0,0,1.2468828,0.4987531,0,92.01995,6.234414,0,0
2022-06-26 01:20:35,0,0,1.2531328,0.2506266,0,93.23308,5.263158,0,0
2022-06-26 01:20:34,0,0,0.7537688,0.2512563,0,92.71357,6.030151,0.2512563,0
2022-06-26 01:20:33,0,0,1,0.25,0,90.5,8,0.25,0
2022-06-26 01:20:32,0,0,0.4987531,0.2493766,0,93.51621,5.486284,0.2493766,0
2022-06-26 01:20:31,0,0,0.2487562,0,0,92.78607,6.716418,0.2487562,0
2022-06-26 01:20:30,0,0,0,0,0,92.19144,7.556675,0.2518892,0
2022-06-26 01:20:29,0,0,0.25,0,0,91.25,8,0.25,0
2022-06-26 01:20:28,0,0,0,0.25,0,93.75,6,0,0
2022-06-26 01:20:27,0,0,0.2493766,0.2493766,0,91.27182,8.229426,0,0
2022-06-26 01:20:26,0,0,0.2506266,0.2506266,0,90.97744,7.26817,0.2506266,0
2022-06-26 01:20:25,0,0,0.4975124,0,0,96.76617,2.487562,0.2487562,0
2022-06-26 01:20:24,0,0,0,0,0,97.74436,2.005013,0.2506266,0
2022-06-26 01:20:23,0,0,0,0,0,98.99749,0.5012531,0.5012531,0
2022-06-26 01:20:22,0,0,0.2493766,0,0,98.75312,0.7481297,0.2493766,0
2022-06-26 01:20:21,0,0,0,0,0,98.74687,1.0025063,0.2506266,0
2022-06-26 01:20:20,0,0,0.4987531,0,0,98.00499,1.4962594,0,0
2022-06-26 01:20:19,0,0,0.5025126,0.5025126,0,97.73869,1.2562814,0,0
2022-06-26 01:20:18,0,0,0.4987531,0,0,96.7581,2.244389,0.4987531,0
2022-06-26 01:20:17,0,0,0.4987531,0,0,97.75561,1.2468828,0.4987531,0
2022-06-26 01:20:16,0,0,0.5,0,0,98.5,1,0,0
2022-06-26 01:20:15,0,0,0.2512563,0,0,97.98995,1.5075377,0.2512563,0
2022-06-26 01:20:14,0,0,0.4987531,0.2493766,0,98.00499,0.9975062,0.2493766,0
2022-06-26 01:20:13,0,0,0.75,0,0,97.25,1.5,0.5,0
2022-06-26 01:20:12,0,0,0.4975124,0.2487562,0,97.76119,1.4925373,0,0
2022-06-26 01:20:11,0,0,0.5025126,0.2512563,0,96.48241,2.763819,0,0
2022-06-26 01:20:10,0,0,1.2406948,0,0,96.27792,2.233251,0.248139,0
2022-06-26 01:20:09,0,0,0.2518892,0.2518892,0,97.48111,1.763224,0.2518892,0
2022-06-26 01:20:08,0,0,0.5,0.25,0,97.5,1.5,0.25,0
2022-06-26 01:20:07,0,0,0,0,0,99.25,0.5,0.25,0
2022-06-26 01:20:06,0,0,0.75,0,0,97.25,1.75,0.25,0
2022-06-26 01:20:05,0,0,0.7481297,0,0,97.00748,1.745636,0.4987531,0
2022-06-26 01:20:04,0,0,0.5012531,0.5012531,0,96.99248,2.005013,0,0
2022-06-26 01:20:03,0,0,1.2437811,0,0,96.0199,1.99005,0.7462687,0
2022-06-26 01:20:02,0,0,0.7556675,0,0,96.72544,2.518892,0,0
2022-06-26 01:20:01,0,0,0.2493766,0.2493766,0,98.75312,0.2493766,0.4987531,0
2022-06-26 01:20:00,0,0,0,0,0,98.75312,1.2468828,0,0
2022-06-26 01:19:59,0,0,0.7518797,0.2506266,0,97.24311,1.754386,0,0
2022-06-26 01:19:58,0,0,0.9950249,0,0,96.51741,1.99005,0.4975124,0
2022-06-26 01:19:57,0,0,0.5012531,0,0,97.74436,1.754386,0,0
2022-06-26 01:19:56,0,0,1.2531328,0.2506266,0,94.98747,3.258145,0.2506266,0
2022-06-26 01:19:55,0,0,0.5,0.25,0,97,2.25,0,0
2022-06-26 01:19:54,0,0,0,0,0,99.25,0.75,0,0
2022-06-26 01:19:53,0,0,0.25,0,0,98,1,0.75,0
2022-06-26 01:19:52,0,0,0.5,0,0,98.5,1,0,0
2022-06-26 01:19:51,0,0,0.7481297,0,0,97.00748,1.995012,0.2493766,0
2022-06-26 01:19:50,0,0,1.25,0.5,0,96.5,1.75,0,0
2022-06-26 01:19:49,0,0,0.9975062,0,0,96.50873,2.244389,0.2493766,0
2022-06-26 01:19:48,0,0,0.7537688,0.2512563,0,96.48241,2.261307,0.2512563,0
2022-06-26 01:19:47,0,0,0,0,0,96,3.75,0.25,0
2022-06-26 01:19:46,0,0,0.2493766,0,0,98.00499,1.4962594,0.2493766,0
2022-06-26 01:19:45,0,0,0.2512563,0,0,98.74372,1.0050251,0,0
2022-06-26 01:19:44,0,0,0.9925558,0.248139,0,96.02978,2.48139,0.248139,0
2022-06-26 01:19:43,0,0,1.0025063,0.2506266,0,95.2381,3.258145,0.2506266,0
2022-06-26 01:19:42,0,0,0.7537688,0.2512563,0,96.23116,2.512563,0.2512563,0
2022-06-26 01:19:41,0,0,0.7481297,0,0,95.51122,3.491272,0.2493766,0
2022-06-26 01:19:40,0,0,0.5,0.25,0,96,3.25,0,0
2022-06-26 01:19:39,0,0,0.25,0,0,98.5,1,0.25,0
2022-06-26 01:19:38,0,0,0,0,0,99.25,0.5,0.25,0
2022-06-26 01:19:37,0,0,0.25,0,0,97.5,2.25,0,0
2022-06-26 01:19:36,0,0,0.75,0.25,0,96.5,2.5,0,0
2022-06-26 01:19:35,0,0,1.2468828,0.2493766,0,94.76309,3.491272,0.2493766,0
2022-06-26 01:19:34,0,0,1.0025063,0.2506266,0,91.72932,6.516291,0.2506266,0
2022-06-26 01:19:33,0,0,0.9950249,0.2487562,0,93.78109,4.477612,0.4975124,0
2022-06-26 01:19:32,0,0,1,0,0,92,6.75,0.25,0
2022-06-26 01:19:31,0,0,1.0025063,0,0,93.48371,5.513784,0,0
2022-06-26 01:19:30,0,0,1,0,0,89.25,9.5,0.25,0
2022-06-26 01:19:29,0,0,0.5,0,0,93.75,5.25,0.5,0
2022-06-26 01:19:28,0,0,0.2506266,0,0,94.48622,5.012531,0.2506266,0
2022-06-26 01:19:27,0,0,0,0,0,94.02985,5.721393,0.2487562,0
2022-06-26 01:19:26,0,0,0,0,0,90.95477,8.291457,0.2512563,0
2022-06-26 01:19:25,0,0,0.7481297,0.2493766,0,89.52618,8.72818,0.2493766,0
2022-06-26 01:19:24,0,0,0.4987531,0,0,92.26933,6.483791,0.2493766,0
2022-06-26 01:19:23,0,0,0,0.2506266,0,94.73684,4.511278,0.2506266,0
2022-06-26 01:19:22,0,0,0.25,0.25,0,98,1,0.5,0
2022-06-26 01:19:21,0,0,0,0,0,98.49246,1.5075377,0,0
2022-06-26 01:19:20,0,0,0.2493766,0,0,98.75312,0.7481297,0.2493766,0
2022-06-26 01:19:19,0,0,0,0,0,99.50125,0.2493766,0.2493766,0
2022-06-26 01:19:18,0,0,0,0,0,98.99749,0.7518797,0.2506266,0
2022-06-26 01:19:17,0,0,0,0,0,98.75,1,0.25,0
2022-06-26 01:19:16,0,0,0.75,0.5,0,96.75,2,0,0
2022-06-26 01:19:15,0,0,1.2468828,0,0,95.51122,2.992519,0.2493766,0
2022-06-26 01:19:14,0,0,0.7518797,0.2506266,0,96.49123,2.506266,0,0
2022-06-26 01:19:13,0,0,0.2506266,0,0,98.74687,0.7518797,0.2506266,0
2022-06-26 01:19:12,0,0,0,0,0,98.5,1.5,0,0
2022-06-26 01:19:11,0,0,0,0,0,99.00498,0.4975124,0.4975124,0
2022-06-26 01:19:10,0,0,0.5,0.25,0,97.75,1.5,0,0
2022-06-26 01:19:09,0,0,1.2531328,0.2506266,0,95.2381,2.756892,0.5012531,0
2022-06-26 01:19:08,0,0,1.2468828,0.2493766,0,95.51122,2.743142,0.2493766,0
2022-06-26 01:19:07,0,0,1.0025063,0,0,97.49373,1.5037594,0,0
2022-06-26 01:19:06,0,0,0,0.25,0,98.25,1.25,0.25,0
2022-06-26 01:19:05,0,0,0.25,0,0,98.5,1,0.25,0
2022-06-26 01:19:04,0,0,0,0,0,99.00498,0.7462687,0.2487562,0
2022-06-26 01:19:03,0,0,0.5,0.25,0,97.75,1.25,0.25,0
2022-06-26 01:19:02,0,0,1.5037594,0.5012531,0,94.73684,3.258145,0,0
2022-06-26 01:19:01,0,0,1,0.25,0,96,2.25,0.5,0
2022-06-26 01:19:00,0,0,0.7537688,0.2512563,0,96.98492,2.01005,0,0
2022-06-26 01:18:59,0,0,0.2493766,0,0,98.00499,1.4962594,0.2493766,0
2022-06-26 01:18:58,0,0,0,0,0,98.99749,1.0025063,0,0
2022-06-26 01:18:57,0,0,0.2493766,0.2493766,0,99.25187,0.2493766,0,0
2022-06-26 01:18:56,0,0,0.75,0,0,96.75,2.25,0.25,0
2022-06-26 01:18:55,0,0,1.4962594,0.2493766,0,95.01247,2.992519,0.2493766,0
2022-06-26 01:18:54,0,0,0.5,0,0,97.25,2,0.25,0
2022-06-26 01:18:53,0,0,0.7518797,0.2506266,0,97.99499,0.7518797,0.2506266,0
2022-06-26 01:18:52,0,0,0.4987531,0,0,98.00499,1.2468828,0.2493766,0
2022-06-26 01:18:51,0,0,0,0,0,99.24623,0.5025126,0.2512563,0
2022-06-26 01:18:50,0,0,0,0,0,98.25436,1.4962594,0.2493766,0
2022-06-26 01:18:49,0,0,0.9975062,0,0,97.25686,1.4962594,0.2493766,0
2022-06-26 01:18:48,0,0,2.005013,0.2506266,0,94.73684,2.756892,0.2506266,0
2022-06-26 01:18:47,0,0,0.25,0,0,97.25,2.25,0.25,0
2022-06-26 01:18:46,0,0,0.2506266,0.2506266,0,97.99499,1.5037594,0,0
2022-06-26 01:18:45,0,0,0.9950249,0.2487562,0,96.76617,1.741294,0.2487562,0
2022-06-26 01:18:44,0,0,0.2506266,0,0,97.99499,1.754386,0,0
2022-06-26 01:18:43,0,0,0,0,0,98.24561,1.5037594,0.2506266,0
2022-06-26 01:18:42,0,0,0.7462687,0,0,97.01493,1.99005,0.2487562,0
2022-06-26 01:18:41,0,0,1.0050251,0.2512563,0,95.72864,3.015075,0,0
2022-06-26 01:18:40,0,0,0.75,0.25,0,95.5,3.25,0.25,0
2022-06-26 01:18:39,0,0,0.2493766,0.2493766,0,98.50374,0.7481297,0.2493766,0
2022-06-26 01:18:38,0,0,0.7481297,0.2493766,0,95.7606,3.241895,0,0
2022-06-26 01:18:37,0,0,0.5025126,0.2512563,0,96.98492,2.261307,0,0
2022-06-26 01:18:36,0,0,0.2487562,0,0,98.50746,0.9950249,0.2487562,0
2022-06-26 01:18:35,0,0,0,0.2506266,0,98.49624,1.2531328,0,0
2022-06-26 01:18:34,0,0,0.5012531,0,0,96.49123,2.506266,0.5012531,0
2022-06-26 01:18:33,0,0,1.2468828,0.2493766,0,96.00998,2.493766,0,0
2022-06-26 01:18:32,0,0,1.4962594,0.2493766,0,92.5187,5.486284,0.2493766,0
2022-06-26 01:18:31,0,0,1.2562814,0,0,92.96482,5.527638,0.2512563,0
2022-06-26 01:18:30,0,0,1,0.25,0,91.25,7.25,0.25,0
2022-06-26 01:18:29,0,0,0.9975062,0.4987531,0,92.26933,5.985037,0.2493766,0
2022-06-26 01:18:28,0,0,0.7462687,0,0,94.27861,4.726368,0.2487562,0
2022-06-26 01:18:27,0,0,0.5,0,0,92.5,6.75,0.25,0
2022-06-26 01:18:26,0,0,0,0.2518892,0,92.9471,6.549118,0.2518892,0
2022-06-26 01:18:25,0,0,0.2493766,0,0,93.76559,5.735661,0.2493766,0
2022-06-26 01:18:24,0,0,0.2512563,0,0,91.45729,7.788945,0.2512563,0
2022-06-26 01:18:23,0,0,0.2487562,0,0,92.0398,6.965174,0.2487562,0
2022-06-26 01:18:22,0,0,0.25,0,0,94.5,5,0,0
2022-06-26 01:18:21,0,0,0,0.2506266,0,96.2406,3.508772,0,0
2022-06-26 01:18:20,0,0,0,0,0,97,2.5,0.5,0
2022-06-26 01:18:19,0,0,0.2493766,0.2493766,0,98.25436,1.2468828,0,0
2022-06-26 01:18:18,0,0,0,0,0,99.49875,0.5012531,0,0
2022-06-26 01:18:17,0,0,0.25,0,0,99,0.5,0.25,0
2022-06-26 01:18:16,0,0,0.2487562,0.2487562,0,98.00995,1.2437811,0.2487562,0
2022-06-26 01:18:15,0,0,0.25,0,0,97.75,2,0,0
2022-06-26 01:18:14,0,0,0.2506266,0,0,97.74436,1.754386,0.2506266,0
2022-06-26 01:18:13,0,0,0.75,0,0,97.25,1.75,0.25,0
2022-06-26 01:18:12,0,0,1,0.25,0,96.5,2,0.25,0
2022-06-26 01:18:11,0,0,0,0,0,99.00249,0.9975062,0,0
2022-06-26 01:18:10,0,0,0.5025126,0,0,98.24121,1.0050251,0.2512563,0
2022-06-26 01:18:09,0,0,0.4987531,0,0,98.00499,1.2468828,0.2493766,0
2022-06-26 01:18:08,0,0,0.25,0.25,0,98,1.25,0.25,0
2022-06-26 01:18:07,0,0,0.5,0,0,97.75,1.75,0,0
2022-06-26 01:18:06,0,0,1.4962594,0.4987531,0,95.01247,2.743142,0.2493766,0
2022-06-26 01:18:05,0,0,1.0025063,0,0,95.98997,2.756892,0.2506266,0
2022-06-26 01:18:04,0,0,0.5,0.25,0,97.75,1.5,0,0
2022-06-26 01:18:03,0,0,0,0.2506266,0,97.74436,2.005013,0,0
2022-06-26 01:18:02,0,0,0.4987531,0,0,98.25436,0.9975062,0.2493766,0
2022-06-26 01:18:01,0,0,0.4975124,0,0,98.00995,1.2437811,0.2487562,0
2022-06-26 01:18:00,0,0,0.5025126,0,0,97.98995,1.5075377,0,0
2022-06-26 01:17:59,0,0,1.2468828,0.2493766,0,95.01247,3.241895,0.2493766,0
2022-06-26 01:17:58,0,0,1.5037594,0.2506266,0,95.2381,2.756892,0.2506266,0
2022-06-26 01:17:57,0,0,0.2506266,0,0,97.49373,2.005013,0.2506266,0
2022-06-26 01:17:56,0,0,0.5,0,0,98.25,1,0.25,0
2022-06-26 01:17:55,0,0,0.2506266,0,0,99.24812,0.5012531,0,0
2022-06-26 01:17:54,0,0,0.4975124,0,0,97.51244,1.4925373,0.4975124,0
2022-06-26 01:17:53,0,0,0.7518797,0.2506266,0,96.49123,2.506266,0,0
2022-06-26 01:17:52,0,0,1.4925373,0.4975124,0,95.77114,1.99005,0.2487562,0
2022-06-26 01:17:51,0,0,0.5037783,0.2518892,0,97.733,1.2594458,0.2518892,0
2022-06-26 01:17:50,0,0,0.4962779,0,0,97.76675,1.4888337,0.248139,0
2022-06-26 01:17:49,0,0,0,0.2512563,0,99.24623,0.5025126,0,0
2022-06-26 01:17:48,0,0,0,0,0,98.74687,1.0025063,0.2506266,0
2022-06-26 01:17:47,0,0,0.4975124,0.2487562,0,96.51741,2.238806,0.2487562,0
2022-06-26 01:17:46,0,0,0.9975062,0,0,97.00748,1.745636,0.2493766,0
2022-06-26 01:17:45,0,0,1.5,0.25,0,95,3,0.25,0
2022-06-26 01:17:44,0,0,0.5012531,0.2506266,0,95.98997,3.007519,0.2506266,0
2022-06-26 01:17:43,0,0,0.5012531,0,0,97.99499,1.2531328,0.2506266,0
2022-06-26 01:17:42,0,0,0,0,0,99.49875,0.2506266,0.2506266,0
2022-06-26 01:17:41,0,0,0.2493766,0,0,98.50374,0.9975062,0.2493766,0
2022-06-26 01:17:40,0,0,0,0,0,99.00249,0.9975062,0,0
2022-06-26 01:17:39,0,0,0.7537688,0,0,95.9799,3.266332,0,0
2022-06-26 01:17:38,0,0,1.2437811,0.2487562,0,95.02488,2.985075,0.2487562,0
2022-06-26 01:17:37,0,0,1.2531328,0.2506266,0,94.48622,3.759398,0.2506266,0
2022-06-26 01:17:36,0,0,1.2406948,0.248139,0,95.28536,2.977667,0.248139,0
2022-06-26 01:17:35,0,0,0.2512563,0,0,98.24121,1.5075377,0,0
2022-06-26 01:17:34,0,0,0.5,0,0,97.75,1.5,0.25,0
2022-06-26 01:17:33,0,0,0,0,0,98.75,0.75,0.5,0
2022-06-26 01:17:32,0,0,0.25,0,0,99,0.5,0.25,0
2022-06-26 01:17:31,0,0,0.5012531,0.2506266,0,96.49123,2.506266,0.2506266,0
2022-06-26 01:17:30,0,0,1,0.25,0,95,3.75,0,0
2022-06-26 01:17:29,0,0,1.741294,0.2487562,0,90.29851,7.21393,0.4975124,0
2022-06-26 01:17:28,0,0,1.5075377,0.5025126,0,90.70352,7.286432,0,0
2022-06-26 01:17:27,0,0,1.4925373,0.2487562,0,91.79104,5.970149,0.4975124,0
2022-06-26 01:17:26,0,0,0.5,0.25,0,91.25,7.75,0.25,0
2022-06-26 01:17:25,0,0,0.4987531,0,0,93.51621,5.735661,0.2493766,0
2022-06-26 01:17:24,0,0,0.7518797,0,0,93.48371,5.513784,0.2506266,0
2022-06-26 01:17:23,0,0,0,0,0,96,3.75,0.25,0
2022-06-26 01:17:22,0,0,0,0,0,93.19899,6.549118,0.2518892,0
2022-06-26 01:17:21,0,0,0,0.25,0,89.5,9.25,0.25,0
2022-06-26 01:17:20,0,0,0.2493766,0,0,88.02993,10.723192,0.2493766,0
2022-06-26 01:17:19,0,0,0.2493766,0,0,92.5187,5.735661,0,0
2022-06-26 01:17:18,0,0,0,0,0,98.5,1,0.5,0
2022-06-26 01:17:17,0,0,0,0,0,99.24623,0.7537688,0,0
2022-06-26 01:17:16,0,0,0,0.2493766,0,98.00499,1.2468828,0.2493766,0
2022-06-26 01:17:15,0,0,0.2493766,0,0,98.00499,1.4962594,0.2493766,0
2022-06-26 01:17:14,0,0,0,0,0,99.75,0.25,0,0
2022-06-26 01:17:13,0,0,0,0,0,98.75,1,0.25,0
2022-06-26 01:17:12,0,0,0.25,0,0,97.5,2,0.25,0
2022-06-26 01:17:11,0,0,0.5,0.25,0,97.25,1.75,0.25,0
2022-06-26 01:17:10,0,0,1.741294,0.2487562,0,94.02985,3.731343,0.2487562,0
2022-06-26 01:17:09,0,0,0.5037783,0,0,98.48866,1.0075567,0,0
2022-06-26 01:17:08,0,0,0,0,0,99.50249,0.2487562,0.2487562,0
2022-06-26 01:17:07,0,0,0,0,0,98.75,1,0.25,0
2022-06-26 01:17:06,0,0,0,0,0,98.74687,1.2531328,0,0
2022-06-26 01:17:05,0,0,0.5012531,0.2506266,0,97.49373,1.5037594,0.2506266,0
2022-06-26 01:17:04,0,0,1.745636,0,0,96.00998,1.995012,0.2493766,0
2022-06-26 01:17:03,0,0,1.4962594,0.2493766,0,94.26434,3.491272,0.4987531,0
2022-06-26 01:17:02,0,0,0.25,0,0,97.75,1.75,0.25,0
2022-06-26 01:17:01,0,0,0.2512563,0,0,98.74372,0.7537688,0.2512563,0
2022-06-26 01:17:00,0,0,0.248139,0,0,98.26303,1.2406948,0.248139,0
2022-06-26 01:16:59,0,0,0,0,0,98.99497,0.7537688,0.2512563,0
2022-06-26 01:16:58,0,0,0.7462687,0,0,97.26368,1.741294,0.2487562,0
2022-06-26 01:16:57,0,0,1.2562814,0.2512563,0,95.72864,2.512563,0.2512563,0
2022-06-26 01:16:56,0,0,1.75,0.5,0,94.25,3.5,0,0
2022-06-26 01:16:55,0,0,0.2506266,0,0,97.74436,1.5037594,0.5012531,0
2022-06-26 01:16:54,0,0,0,0,0,99,0.75,0.25,0
2022-06-26 01:16:53,0,0,0.248139,0.248139,0,98.75931,0.4962779,0.248139,0
2022-06-26 01:16:52,0,0,0,0,0,99.49622,0.5037783,0,0
2022-06-26 01:16:51,0,0,0.5025126,0,0,97.98995,1.5075377,0,0
2022-06-26 01:16:50,0,0,1.99005,0.2487562,0,94.02985,3.731343,0,0
2022-06-26 01:16:49,0,0,1.4925373,0.2487562,0,94.52736,3.482587,0.2487562,0
2022-06-26 01:16:48,0,0,0.2493766,0,0,97.75561,1.2468828,0.7481297,0
2022-06-26 01:16:47,0,0,0,0.2512563,0,98.49246,1.2562814,0,0
2022-06-26 01:16:46,0,0,0,0,0,99,0.75,0.25,0
2022-06-26 01:16:45,0,0,0.2493766,0,0,98.75312,0.7481297,0.2493766,0
2022-06-26 01:16:44,0,0,1.0050251,0.5025126,0,95.9799,2.261307,0.2512563,0
2022-06-26 01:16:43,0,0,1.4962594,0.2493766,0,94.01496,3.990025,0.2493766,0
2022-06-26 01:16:42,0,0,1.2531328,0.2506266,0,96.2406,2.005013,0.2506266,0
2022-06-26 01:16:41,0,0,0.2493766,0.2493766,0,97.50623,1.745636,0.2493766,0
2022-06-26 01:16:40,0,0,0,0,0,99,0.75,0.25,0
2022-06-26 01:16:39,0,0,0,0,0,99.5,0.5,0,0
2022-06-26 01:16:38,0,0,0.2506266,0,0,98.99749,0.5012531,0.2506266,0
2022-06-26 01:16:37,0,0,0.5012531,0.2506266,0,96.74185,2.255639,0.2506266,0
2022-06-26 01:16:36,0,0,1.25,0.25,0,94.75,3.5,0.25,0
2022-06-26 01:16:35,0,0,1.2468828,0,0,95.01247,3.740648,0,0
2022-06-26 01:16:34,0,0,1,0.25,0,96.25,2.25,0.25,0
2022-06-26 01:16:33,0,0,0.5,0.25,0,97,2,0.25,0
2022-06-26 01:16:32,0,0,0,0.25,0,99,0.75,0,0
2022-06-26 01:16:31,0,0,0,0,0,99.25187,0.4987531,0.2493766,0
2022-06-26 01:16:30,0,0,0,0,0,99.50125,0.4987531,0,0
2022-06-26 01:16:29,0,0,0.5025126,0,0,97.73869,1.5075377,0.2512563,0
2022-06-26 01:16:28,0,0,0.9975062,0.2493766,0,95.26185,3.491272,0,0
2022-06-26 01:16:27,0,0,1.75,0,0,90.5,7.25,0.5,0
2022-06-26 01:16:26,0,0,1.745636,0.2493766,0,92.01995,5.486284,0.4987531,0
2022-06-26 01:16:25,0,0,1.2562814,0.2512563,0,87.9397,10.301508,0.2512563,0
2022-06-26 01:16:24,0,0,0.75,0.25,0,91.75,6.75,0.5,0
2022-06-26 01:16:23,0,0,0.4987531,0,0,96.00998,3.241895,0.2493766,0
2022-06-26 01:16:22,0,0,0.2506266,0,0,93.98496,5.513784,0.2506266,0
2022-06-26 01:16:21,0,0,0,0,0,94.01496,5.486284,0.2493766,0
2022-06-26 01:16:20,0,0,0,0,0,95,4.5,0.5,0
2022-06-26 01:16:19,0,0,0.2493766,0.2493766,0,92.01995,6.733167,0.4987531,0
2022-06-26 01:16:18,0,0,0,0.5025126,0,71.35678,11.557789,0.2512563,0
2022-06-26 01:16:17,0,0,0.2493766,0.2493766,0,92.01995,6.982544,0.2493766,0
2022-06-26 01:16:16,0,0,0,0,0,98.74372,1.2562814,0,0
2022-06-26 01:16:15,0,0,0,0,0,98.99749,0.7518797,0.2506266,0
2022-06-26 01:16:14,0,0,0.25,0.25,0,98.5,0.75,0.25,0
2022-06-26 01:16:13,0,0,0.2487562,0.2487562,0,98.25871,0.9950249,0.2487562,0
2022-06-26 01:16:12,0,0,0,0,0,99.5,0.25,0.25,0
2022-06-26 01:16:11,0,0,0,0,0,98.99497,0.7537688,0.2512563,0
2022-06-26 01:16:10,0,0,0.2493766,0,0,99.00249,0.4987531,0.2493766,0
2022-06-26 01:16:09,0,0,0.5012531,0.2506266,0,95.98997,3.007519,0.2506266,0
2022-06-26 01:16:08,0,0,0.9975062,0,0,96.00998,2.992519,0,0
2022-06-26 01:16:07,0,0,0.7518797,0,0,97.24311,2.005013,0,0
2022-06-26 01:16:06,0,0,0,0,0,98.25871,1.4925373,0.2487562,0
2022-06-26 01:16:05,0,0,0.2512563,0,0,99.24623,0.5025126,0,0
2022-06-26 01:16:04,0,0,0,0,0,98.50374,1.2468828,0.2493766,0
2022-06-26 01:16:03,0,0,0.75,0,0,96,3,0.25,0
2022-06-26 01:16:02,0,0,1.25,0.25,0,96.25,2,0.25,0
2022-06-26 01:16:01,0,0,0.7518797,0,0,96.74185,2.005013,0.5012531,0
2022-06-26 01:16:00,0,0,1,0.5,0,95.75,2.75,0,0
2022-06-26 01:15:59,0,0,0.2493766,0,0,98.50374,0.9975062,0.2493766,0
2022-06-26 01:15:58,0,0,0.2487562,0,0,98.75622,0.4975124,0.4975124,0
2022-06-26 01:15:57,0,0,0.2506266,0,0,98.49624,1.2531328,0,0
2022-06-26 01:15:56,0,0,0.7518797,0,0,96.99248,1.754386,0.5012531,0
2022-06-26 01:15:55,0,0,1.0025063,0.2506266,0,96.49123,2.005013,0.2506266,0
2022-06-26 01:15:54,0,0,1.0025063,0.2506266,0,95.98997,2.506266,0.2506266,0
2022-06-26 01:15:53,0,0,0.9950249,0.2487562,0,96.26866,2.238806,0.2487562,0
2022-06-26 01:15:52,0,0,0.2493766,0,0,98.25436,1.2468828,0.2493766,0
2022-06-26 01:15:51,0,0,0,0,0,98.99497,1.0050251,0,0
2022-06-26 01:15:50,0,0,0.25,0,0,98.75,1,0,0
2022-06-26 01:15:49,0,0,0.7481297,0.2493766,0,97.50623,1.2468828,0.2493766,0
2022-06-26 01:15:48,0,0,0.9975062,0,0,97.00748,1.745636,0.2493766,0
2022-06-26 01:15:47,0,0,1.0050251,0.2512563,0,96.23116,2.512563,0,0
2022-06-26 01:15:46,0,0,0.9925558,0.248139,0,96.02978,2.48139,0.248139,0
2022-06-26 01:15:45,0,0,0,0,0,98.99497,0.7537688,0.2512563,0
2022-06-26 01:15:44,0,0,0,0,0,99.24812,0.7518797,0,0
2022-06-26 01:15:43,0,0,0.2493766,0.2493766,0,98.25436,0.9975062,0.2493766,0
2022-06-26 01:15:42,0,0,0.9975062,0,0,97.75561,0.9975062,0.2493766,0
2022-06-26 01:15:41,0,0,1.0050251,0.2512563,0,96.73367,2.01005,0,0
2022-06-26 01:15:40,0,0,1.2468828,0.2493766,0,94.51372,3.491272,0.4987531,0
2022-06-26 01:15:39,0,0,1.0025063,0.2506266,0,96.99248,1.754386,0,0
2022-06-26 01:15:38,0,0,0,0.25,0,97.75,1.75,0.25,0
2022-06-26 01:15:37,0,0,0.2487562,0,0,98.75622,0.7462687,0.2487562,0
2022-06-26 01:15:36,0,0,0,0,0,99.49875,0.5012531,0,0
2022-06-26 01:15:35,0,0,0.5012531,0,0,97.99499,1.5037594,0,0
2022-06-26 01:15:34,0,0,0.7462687,0.2487562,0,95.27363,3.233831,0.4975124,0
2022-06-26 01:15:33,0,0,1.0075567,0,0,95.71788,3.274559,0,0
2022-06-26 01:15:32,0,0,1.2437811,0.2487562,0,95.27363,2.985075,0.2487562,0
2022-06-26 01:15:31,0,0,0.7537688,0.2512563,0,97.23618,1.5075377,0.2512563,0
2022-06-26 01:15:30,0,0,0.2487562,0.2487562,0,98.25871,1.2437811,0,0
2022-06-26 01:15:29,0,0,0.2506266,0,0,97.74436,1.754386,0.2506266,0
2022-06-26 01:15:28,0,0,0,0,0,99.25187,0.4987531,0.2493766,0
2022-06-26 01:15:27,0,0,0,0,0,97.74436,2.255639,0,0
2022-06-26 01:15:26,0,0,0.9950249,0.2487562,0,95.27363,3.233831,0.2487562,0
2022-06-26 01:15:25,0,0,1.0025063,0,0,95.48872,3.508772,0,0
2022-06-26 01:15:24,0,0,2.244389,0.2493766,0,89.77556,7.23192,0.4987531,0
2022-06-26 01:15:23,0,0,1.754386,0.7518797,0,88.97243,8.270677,0.2506266,0
2022-06-26 01:15:22,0,0,1,0,0,88.75,9.75,0.25,0
2022-06-26 01:15:21,0,0,0.7481297,0,0,92.26933,6.733167,0.2493766,0
2022-06-26 01:15:20,0,0,0.25,0,0,93.75,5.75,0.25,0
2022-06-26 01:15:19,0,0,0,0,0,94.48622,5.513784,0,0
2022-06-26 01:15:18,0,0,0,0,0,92.75,6.5,0.5,0
2022-06-26 01:15:17,0,0,0.25,0.25,0,92.75,5.75,0.25,0
2022-06-26 01:15:16,0,0,0,0,0,88.7218,9.774436,0.2506266,0
2022-06-26 01:15:15,0,0,0.2506266,0.2506266,0,87.96992,7.26817,0,0
2022-06-26 01:15:14,0,0,0,0.2506266,0,95.2381,4.010025,0.2506266,0
2022-06-26 01:15:13,0,0,0,0,0,98.25,1.75,0,0
2022-06-26 01:15:12,0,0,0.2512563,0,0,98.24121,1.2562814,0.2512563,0
2022-06-26 01:15:11,0,0,0.25,0.25,0,98.75,0.5,0.25,0
2022-06-26 01:15:10,0,0,0,0,0,99.00249,0.7481297,0.2493766,0
2022-06-26 01:15:09,0,0,0,0,0,99.24812,0.7518797,0,0
2022-06-26 01:15:08,0,0,0,0,0,98.75312,0.7481297,0.4987531,0
2022-06-26 01:15:07,0,0,0.4975124,0.4975124,0,96.51741,2.487562,0,0
2022-06-26 01:15:06,0,0,1.0126582,0.2531646,0,95.94937,2.78481,0,0
2022-06-26 01:15:05,0,0,0.7407407,0.2469136,0,96.79012,1.975309,0.2469136,0
2022-06-26 01:15:04,0,0,0.5050505,0.2525253,0,97.9798,1.2626263,0,0
2022-06-26 01:15:03,0,0,0,0,0,99.00249,0.7481297,0.2493766,0
2022-06-26 01:15:02,0,0,0,0,0,99.25,0.75,0,0
2022-06-26 01:15:01,0,0,0.2487562,0,0,99.25373,0.2487562,0.2487562,0
2022-06-26 01:15:00,0,0,0.7556675,0.2518892,0,96.72544,2.267003,0,0
2022-06-26 01:14:59,0,0,1.2406948,0.248139,0,95.28536,2.977667,0.248139,0
2022-06-26 01:14:58,0,0,1.0025063,0.2506266,0,96.2406,2.255639,0.2506266,0
2022-06-26 01:14:57,0,0,0.7462687,0.4975124,0,97.01493,1.741294,0,0
2022-06-26 01:14:56,0,0,0,0,0,99.24812,0.5012531,0.2506266,0
2022-06-26 01:14:55,0,0,0,0,0,99.25,0.5,0.25,0
2022-06-26 01:14:54,0,0,0.25,0,0,97,2.25,0.5,0
2022-06-26 01:14:53,0,0,1.0025063,0,0,97.24311,1.754386,0,0
2022-06-26 01:14:52,0,0,1.2531328,0,0,95.73935,3.007519,0,0
2022-06-26 01:14:51,0,0,0.7518797,0.5012531,0,96.49123,2.005013,0.2506266,0
2022-06-26 01:14:50,0,0,0.7444169,0,0,97.27047,1.736973,0.248139,0
2022-06-26 01:14:49,0,0,0.2506266,0,0,98.74687,0.7518797,0.2506266,0
2022-06-26 01:14:48,0,0,0,0,0,98.49624,1.5037594,0,0
2022-06-26 01:14:47,0,0,0.2487562,0,0,98.50746,0.7462687,0.4975124,0
2022-06-26 01:14:46,0,0,1.5037594,0.2506266,0,94.48622,3.258145,0.5012531,0
2022-06-26 01:14:45,0,0,0.7537688,0,0,97.23618,2.01005,0,0
2022-06-26 01:14:44,0,0,0.4987531,0,0,98.00499,1.4962594,0,0
2022-06-26 01:14:43,0,0,0.5012531,0.2506266,0,97.49373,1.5037594,0.2506266,0
2022-06-26 01:14:42,0,0,0.4962779,0.248139,0,97.76675,0.9925558,0.4962779,0
2022-06-26 01:14:41,0,0,0,0,0,98.99497,1.0050251,0,0
2022-06-26 01:14:40,0,0,0.4987531,0.2493766,0,98.00499,1.2468828,0,0
2022-06-26 01:14:39,0,0,0.9975062,0.2493766,0,96.50873,1.995012,0.2493766,0
2022-06-26 01:14:38,0,0,1.25,0.25,0,96,2.25,0.25,0
2022-06-26 01:14:37,0,0,0.4987531,0,0,97.00748,1.995012,0.4987531,0
2022-06-26 01:14:36,0,0,0.5012531,0,0,97.74436,1.754386,0,0
2022-06-26 01:14:35,0,0,0.2506266,0.2506266,0,97.74436,1.2531328,0.5012531,0
2022-06-26 01:14:34,0,0,0,0,0,99.49875,0.5012531,0,0
2022-06-26 01:14:33,0,0,0,0,0,99.00498,0.7462687,0.2487562,0
2022-06-26 01:14:32,0,0,0.7518797,0,0,95.2381,3.508772,0.5012531,0
2022-06-26 01:14:31,0,0,1.758794,0.2512563,0,93.96985,4.020101,0,0
2022-06-26 01:14:30,0,0,1.0025063,0.2506266,0,95.2381,3.258145,0.2506266,0
2022-06-26 01:14:29,0,0,0.7444169,0.248139,0,95.78164,2.977667,0.248139,0
2022-06-26 01:14:28,0,0,0.2493766,0,0,97.75561,1.745636,0.2493766,0
2022-06-26 01:14:27,0,0,0.5,0,0,97.5,1.75,0.25,0
2022-06-26 01:14:26,0,0,0,0.25,0,97.75,1.75,0.25,0
2022-06-26 01:14:25,0,0,0.5,0.5,0,98.25,0.5,0.25,0
2022-06-26 01:14:24,0,0,0.5,0,0,96,3.5,0,0
2022-06-26 01:14:23,0,0,0.9975062,0.4987531,0,95.01247,3.241895,0.2493766,0
2022-06-26 01:14:22,0,0,1.5151515,0.2525253,0,93.18182,4.79798,0.2525253,0
2022-06-26 01:14:21,0,0,1.736973,0.4962779,0,89.33002,8.188586,0.248139,0
2022-06-26 01:14:20,0,0,1.2468828,0.2493766,0,90.77307,7.481297,0.2493766,0
2022-06-26 01:14:19,0,0,0.7537688,0,0,90.95477,7.788945,0.2512563,0
2022-06-26 01:14:18,0,0,0.5,0.5,0,93.75,5,0.25,0
2022-06-26 01:14:17,0,0,0.4987531,0,0,91.77057,7.23192,0.4987531,0
2022-06-26 01:14:16,0,0,0.2506266,0,0,94.23559,5.513784,0,0
2022-06-26 01:14:15,0,0,0,0.2487562,0,92.78607,6.467662,0.4975124,0
2022-06-26 01:14:14,0,0,0.25,0,0,93.75,5.5,0.25,0
2022-06-26 01:14:13,0,0,0,0,0,87.8481,9.873418,0.5063291,0
2022-06-26 01:14:12,0,0,0,0,0,92.23058,6.265664,0.2506266,0
2022-06-26 01:14:11,0,0,0.25,0.25,0,96.25,3,0.25,0
2022-06-26 01:14:10,0,0,0.25,0,0,97.25,2.25,0.25,0
2022-06-26 01:14:09,0,0,0.2506266,0,0,98.74687,1.0025063,0,0
2022-06-26 01:14:08,0,0,0,0,0,99.00249,0.7481297,0.2493766,0
2022-06-26 01:14:07,0,0,0,0,0,99.25373,0.4975124,0.2487562,0
2022-06-26 01:14:06,0,0,0,0,0,99.74747,0.2525253,0,0
2022-06-26 01:14:05,0,0,0.4987531,0,0,97.50623,1.745636,0.2493766,0
2022-06-26 01:14:04,0,0,0.25,0.25,0,98.25,1.25,0,0
2022-06-26 01:14:03,0,0,0.9950249,0,0,97.01493,1.741294,0.2487562,0
2022-06-26 01:14:02,0,0,1,0.25,0,96.25,2.25,0.25,0
2022-06-26 01:14:01,0,0,0.2512563,0,0,98.49246,1.0050251,0.2512563,0
2022-06-26 01:14:00,0,0,0,0,0,99.74937,0.2506266,0,0
2022-06-26 01:13:59,0,0,0.4987531,0,0,97.50623,1.4962594,0.4987531,0
2022-06-26 01:13:58,0,0,0.25,0,0,98,1.5,0.25,0
2022-06-26 01:13:57,0,0,0.4987531,0.2493766,0,97.75561,1.2468828,0.2493766,0
2022-06-26 01:13:56,0,0,1.5037594,0.2506266,0,94.23559,4.010025,0,0
2022-06-26 01:13:55,0,0,1.2468828,0,0,94.76309,3.491272,0.4987531,0
2022-06-26 01:13:54,0,0,0,0,0,99.25,0.75,0,0
2022-06-26 01:13:53,0,0,0,0,0,98.74687,1.0025063,0.2506266,0
2022-06-26 01:13:52,0,0,0.2506266,0,0,98.99749,0.5012531,0.2506266,0
2022-06-26 01:13:51,0,0,0.7462687,0.2487562,0,97.01493,1.741294,0.2487562,0
2022-06-26 01:13:50,0,0,0.75,0,0,96,3,0.25,0
2022-06-26 01:13:49,0,0,1.745636,0.2493766,0,94.76309,2.992519,0.2493766,0
2022-06-26 01:13:48,0,0,0.7556675,0.2518892,0,96.72544,2.267003,0,0
2022-06-26 01:13:47,0,0,0.2487562,0.2487562,0,98.00995,1.2437811,0.2487562,0
2022-06-26 01:13:46,0,0,0,0,0,99.25,0.5,0.25,0
2022-06-26 01:13:45,0,0,0.25,0,0,98.75,1,0,0
2022-06-26 01:13:44,0,0,0.7518797,0.2506266,0,97.24311,1.754386,0,0
2022-06-26 01:13:43,0,0,0.75,0.25,0,97,1.75,0.25,0
2022-06-26 01:13:42,0,0,1.5,0.25,0,94.5,3.25,0.5,0
2022-06-26 01:13:41,0,0,0.7481297,0.2493766,0,96.50873,2.244389,0.2493766,0
2022-06-26 01:13:40,0,0,0,0,0,99.74937,0,0.2506266,0
2022-06-26 01:13:39,0,0,0.2493766,0,0,98.75312,0.7481297,0.2493766,0
2022-06-26 01:13:38,0,0,0.2493766,0,0,98.75312,0.9975062,0,0
2022-06-26 01:13:37,0,0,0.5,0,0,98.5,0.75,0.25,0
2022-06-26 01:13:36,0,0,0.75,0,0,95.75,3.25,0.25,0
2022-06-26 01:13:35,0,0,2,0.75,0,93,4.25,0,0
2022-06-26 01:13:34,0,0,0.5025126,0.2512563,0,96.48241,2.763819,0,0
2022-06-26 01:13:33,0,0,0.25,0,0,98.25,1.25,0.25,0
2022-06-26 01:13:32,0,0,0,0,0,99.00249,0.7481297,0.2493766,0
2022-06-26 01:13:31,0,0,0.25,0,0,98,1.75,0,0
2022-06-26 01:13:30,0,0,0.2506266,0,0,97.24311,2.255639,0.2506266,0
2022-06-26 01:13:29,0,0,0.7462687,0,0,96.76617,2.487562,0,0
2022-06-26 01:13:28,0,0,1.2531328,0.2506266,0,94.73684,3.508772,0.2506266,0
2022-06-26 01:13:27,0,0,1.2531328,0.2506266,0,95.2381,3.258145,0,0
2022-06-26 01:13:26,0,0,0.2487562,0,0,97.76119,1.741294,0.2487562,0
2022-06-26 01:13:25,0,0,0.7537688,0,0,97.98995,1.0050251,0.2512563,0
2022-06-26 01:13:24,0,0,0.2493766,0.4987531,0,98.25436,0.7481297,0.2493766,0
2022-06-26 01:13:23,0,0,0,0,0,97.74436,2.255639,0,0
2022-06-26 01:13:22,0,0,0.4987531,0.4987531,0,96.7581,1.995012,0.2493766,0
2022-06-26 01:13:21,0,0,1.0025063,0,0,96.74185,2.005013,0.2506266,0
2022-06-26 01:13:20,0,0,1.2437811,0.4975124,0,91.04478,6.965174,0,0
2022-06-26 01:13:19,0,0,1.741294,0,0,90.79602,6.716418,0.4975124,0
2022-06-26 01:13:18,0,0,1.2562814,0.2512563,0,90.70352,7.537688,0.2512563,0
2022-06-26 01:13:17,0,0,0.7481297,0,0,88.2793,10.723192,0.2493766,0
2022-06-26 01:13:16,0,0,0.5,0.5,0,93,6,0,0
2022-06-26 01:13:15,0,0,0.25,0,0,95.25,4.25,0.25,0
2022-06-26 01:13:14,0,0,0.2493766,0,0,92.26933,7.23192,0.2493766,0
2022-06-26 01:13:13,0,0,0.25,0,0,92.25,7.25,0.25,0
2022-06-26 01:13:12,0,0,0,0.2506266,0,90.97744,8.521303,0.2506266,0
2022-06-26 01:13:11,0,0,0.2512563,0.5025126,0,88.94472,9.547739,0.2512563,0
2022-06-26 01:13:10,0,0,0,0.5025126,0,78.89447,8.542714,0.2512563,0
2022-06-26 01:13:09,0,0,0.2518892,0,0,96.47355,3.02267,0.2518892,0
2022-06-26 01:13:08,0,0,0,0,0,99,0.75,0.25,0
2022-06-26 01:13:07,0,0,0,0,0,99.25187,0.7481297,0,0
2022-06-26 01:13:06,0,0,0.25,0.25,0,98.5,1,0,0
2022-06-26 01:13:05,0,0,0,0,0,99.5,0.5,0,0
2022-06-26 01:13:04,0,0,0,0,0,98.74687,1.0025063,0.2506266,0
2022-06-26 01:13:03,0,0,0.2493766,0,0,98.25436,1.2468828,0.2493766,0
2022-06-26 01:13:02,0,0,0.5012531,0.2506266,0,97.49373,1.754386,0,0
2022-06-26 01:13:01,0,0,0.7481297,0,0,96.50873,2.493766,0.2493766,0
2022-06-26 01:13:00,0,0,1.25,0.5,0,96.25,2,0,0
2022-06-26 01:12:59,0,0,0.2512563,0,0,98.74372,1.0050251,0,0
2022-06-26 01:12:58,0,0,0,0,0,99.00249,0.7481297,0.2493766,0
2022-06-26 01:12:57,0,0,0,0,0,99,0.75,0.25,0
2022-06-26 01:12:56,0,0,0.4987531,0.2493766,0,98.25436,0.7481297,0.2493766,0
2022-06-26 01:12:55,0,0,1.0025063,0.2506266,0,94.98747,3.508772,0.2506266,0
2022-06-26 01:12:54,0,0,1.25,0.25,0,96,2,0.5,0
2022-06-26 01:12:53,0,0,1,0.25,0,96.5,2,0.25,0
2022-06-26 01:12:52,0,0,0.2493766,0,0,98.25436,1.2468828,0.2493766,0
2022-06-26 01:12:51,0,0,0,0,0,99.50125,0.4987531,0,0
2022-06-26 01:12:50,0,0,0,0,0,99.5,0.25,0.25,0
2022-06-26 01:12:49,0,0,0.2512563,0,0,97.23618,2.261307,0.2512563,0
2022-06-26 01:12:48,0,0,1.25,0,0,96.5,2,0.25,0
2022-06-26 01:12:47,0,0,1.2468828,0.4987531,0,95.7606,2.244389,0.2493766,0
2022-06-26 01:12:46,0,0,0.7537688,0,0,96.73367,2.512563,0,0
2022-06-26 01:12:45,0,0,0.4987531,0.2493766,0,98.25436,0.7481297,0.2493766,0
2022-06-26 01:12:44,0,0,0,0.25,0,98.75,0.75,0.25,0
2022-06-26 01:12:43,0,0,0,0,0,99.25,0.75,0,0
2022-06-26 01:12:42,0,0,0.5,0,0,96.5,3,0,0
2022-06-26 01:12:41,0,0,1.5,0,0,96,2.5,0,0
2022-06-26 01:12:40,0,0,0.7481297,0.2493766,0,96.25935,2.493766,0.2493766,0
2022-06-26 01:12:39,0,0,0.75,0,0,96.75,2.25,0.25,0
2022-06-26 01:12:38,0,0,0.5012531,0.2506266,0,98.24561,1.0025063,0,0
2022-06-26 01:12:37,0,0,0,0,0,99.49875,0.5012531,0,0
2022-06-26 01:12:36,0,0,0,0,0,98.50374,1.2468828,0.2493766,0
2022-06-26 01:12:35,0,0,0.7481297,0,0,97.75561,1.2468828,0.2493766,0
2022-06-26 01:12:34,0,0,1.2468828,0.2493766,0,96.00998,1.995012,0.4987531,0
2022-06-26 01:12:33,0,0,0.75,0.25,0,95.75,3.25,0,0
2022-06-26 01:12:32,0,0,0.7518797,0,0,96.99248,2.005013,0.2506266,0
2022-06-26 01:12:31,0,0,0.7518797,0,0,97.49373,1.5037594,0.2506266,0
2022-06-26 01:12:30,0,0,0,0.25,0,97.75,2,0,0
2022-06-26 01:12:29,0,0,0,0,0,99.25,0.75,0,0
2022-06-26 01:12:28,0,0,0.2493766,0,0,98.75312,0.7481297,0.2493766,0
2022-06-26 01:12:27,0,0,1.2531328,0.2506266,0,94.23559,3.759398,0.5012531,0
2022-06-26 01:12:26,0,0,0.9975062,0,0,96.25935,2.743142,0,0
2022-06-26 01:12:25,0,0,1.2468828,0.2493766,0,95.51122,2.992519,0,0
2022-06-26 01:12:24,0,0,1,0.25,0,95,3.5,0.25,0
2022-06-26 01:12:23,0,0,0.5025126,0,0,98.24121,1.2562814,0,0
2022-06-26 01:12:22,0,0,0,0,0,99.49875,0.5012531,0,0
2022-06-26 01:12:21,0,0,0,0,0,98.75,1,0.25,0
2022-06-26 01:12:20,0,0,0,0.25,0,99,0.75,0,0
2022-06-26 01:12:19,0,0,0.7444169,0,0,95.5335,3.473945,0.248139,0
2022-06-26 01:12:18,0,0,1.0025063,0.2506266,0,95.2381,3.258145,0.2506266,0
2022-06-26 01:12:17,0,0,1.2531328,0,0,92.73183,5.764411,0.2506266,0
2022-06-26 01:12:16,0,0,1.5,0.25,0,89.75,8,0.5,0
2022-06-26 01:12:15,0,0,1.25,0.25,0,92,6.5,0,0
2022-06-26 01:12:14,0,0,0.75,0.25,0,93,5.5,0.5,0
2022-06-26 01:12:13,0,0,0.5012531,0,0,91.4787,7.769424,0.2506266,0
2022-06-26 01:12:12,0,0,0,0,0,93.78109,5.970149,0.2487562,0
2022-06-26 01:12:11,0,0,0.25,0,0,94,5.5,0.25,0
2022-06-26 01:12:10,0,0,0,0,0,94.76309,4.987531,0.2493766,0
2022-06-26 01:12:09,0,0,0,0.2512563,0,89.44724,9.296482,0.2512563,0
2022-06-26 01:12:08,0,0,0.25,0,0,91.5,8,0.25,0
2022-06-26 01:12:07,0,0,0,0.2512563,0,91.45729,7.035176,0.2512563,0
2022-06-26 01:12:06,0,0,0.2475248,0.2475248,0,89.10891,4.455446,0,0
2022-06-26 01:12:05,0,0,0.2512563,0,0,97.48744,1.758794,0.5025126,0
2022-06-26 01:12:04,0,0,0,0.25,0,99.25,0.5,0,0
2022-06-26 01:12:03,0,0,0.2506266,0,0,98.24561,1.2531328,0.2506266,0
2022-06-26 01:12:02,0,0,0,0,0,98.75,1,0.25,0
2022-06-26 01:12:01,0,0,0,0,0,99,0.75,0.25,0
2022-06-26 01:12:00,0,0,0.2487562,0.2487562,0,98.50746,0.9950249,0,0
2022-06-26 01:11:59,0,0,1.2531328,0.2506266,0,95.98997,2.255639,0.2506266,0
2022-06-26 01:11:58,0,0,0.2506266,0,0,97.74436,1.754386,0.2506266,0
2022-06-26 01:11:57,0,0,0.4987531,0.2493766,0,97.00748,1.995012,0.2493766,0
2022-06-26 01:11:56,0,0,1.25,0.25,0,96.5,2,0,0
2022-06-26 01:11:55,0,0,0,0,0,98.25,1.25,0.25,0
2022-06-26 01:11:54,0,0,0,0,0,99.5,0.25,0.25,0
2022-06-26 01:11:53,0,0,0.2493766,0.2493766,0,98.00499,1.4962594,0,0
2022-06-26 01:11:52,0,0,1.2531328,0.2506266,0,95.98997,2.005013,0.5012531,0
2022-06-26 01:11:51,0,0,0.75,0,0,96.75,2.25,0.25,0
2022-06-26 01:11:50,0,0,1,0,0,96.5,2.25,0.25,0
2022-06-26 01:11:49,0,0,0.5,0.25,0,98,1,0.25,0
2022-06-26 01:11:48,0,0,0,0,0,99.5,0.5,0,0
2022-06-26 01:11:47,0,0,0.2493766,0.2493766,0,98.00499,1.2468828,0.2493766,0
2022-06-26 01:11:46,0,0,0.7518797,0.2506266,0,96.99248,1.754386,0.2506266,0
2022-06-26 01:11:45,0,0,0.9975062,0,0,97.50623,1.4962594,0,0
2022-06-26 01:11:44,0,0,0.5012531,0,0,98.49624,0.7518797,0.2506266,0
2022-06-26 01:11:43,0,0,1,0.25,0,95.75,3,0,0
2022-06-26 01:11:42,0,0,0.7518797,0,0,97.49373,1.5037594,0.2506266,0
2022-06-26 01:11:41,0,0,0.2493766,0.2493766,0,98.75312,0.4987531,0.2493766,0
2022-06-26 01:11:40,0,0,0.25,0,0,98.25,1.25,0.25,0
2022-06-26 01:11:39,0,0,0.75,0,0,98,1,0.25,0
2022-06-26 01:11:38,0,0,0.7518797,0.2506266,0,96.74185,2.255639,0,0
2022-06-26 01:11:37,0,0,0.7481297,0.2493766,0,97.50623,1.4962594,0,0
2022-06-26 01:11:36,0,0,1,0,0,97,1.5,0.5,0
2022-06-26 01:11:35,0,0,0.75,0.25,0,97.5,1.5,0,0
2022-06-26 01:11:34,0,0,0,0.25,0,98.75,0.75,0.25,0
2022-06-26 01:11:33,0,0,0,0,0,99,1,0,0
2022-06-26 01:11:32,0,0,0.75,0.25,0,97.75,1.25,0,0
2022-06-26 01:11:31,0,0,0.9975062,0,0,97.25686,1.4962594,0.2493766,0
2022-06-26 01:11:30,0,0,0.7518797,0,0,95.73935,3.258145,0.2506266,0
2022-06-26 01:11:29,0,0,0.9950249,0.2487562,0,96.51741,1.99005,0.2487562,0
2022-06-26 01:11:28,0,0,0.5,0,0,97.75,1.75,0,0
2022-06-26 01:11:27,0,0,0,0,0,98.24121,1.2562814,0.5025126,0
2022-06-26 01:11:26,0,0,0.25,0,0,99.25,0.5,0,0
2022-06-26 01:11:25,0,0,0.75,0,0,97.5,1.75,0,0
2022-06-26 01:11:24,0,0,0.75,0.25,0,96.75,2.25,0,0
2022-06-26 01:11:23,0,0,0.75,0.25,0,95.75,2.75,0.5,0
2022-06-26 01:11:22,0,0,1.0025063,0,0,95.2381,3.759398,0,0
2022-06-26 01:11:21,0,0,1.4925373,0.2487562,0,94.27861,3.482587,0.4975124,0
2022-06-26 01:11:20,0,0,0.5012531,0.2506266,0,97.24311,1.754386,0.2506266,0
2022-06-26 01:11:19,0,0,0,0,0,99.49875,0.5012531,0,0
2022-06-26 01:11:18,0,0,0,0,0,98.75312,0.9975062,0.2493766,0
2022-06-26 01:11:17,0,0,0.5,0,0,97,2.25,0.25,0
2022-06-26 01:11:16,0,0,0.7462687,0,0,96.26866,2.736318,0.2487562,0
2022-06-26 01:11:15,0,0,1.2562814,0,0,93.71859,4.773869,0.2512563,0
2022-06-26 01:11:14,0,0,1.0025063,0.2506266,0,94.23559,4.511278,0,0
2022-06-26 01:11:13,0,0,1.4962594,0,0,92.26933,6.234414,0,0
2022-06-26 01:11:12,0,0,1.25,0.5,0,91.75,6.5,0,0
2022-06-26 01:11:11,0,0,0.7481297,0.4987531,0,91.27182,6.982544,0.4987531,0
2022-06-26 01:11:10,0,0,0.5012531,0.2506266,0,93.23308,5.764411,0.2506266,0
2022-06-26 01:11:09,0,0,0.2506266,0,0,92.4812,7.017544,0.2506266,0
2022-06-26 01:11:08,0,0,0,0,0,92.53731,7.21393,0.2487562,0
2022-06-26 01:11:07,0,0,0.2506266,0.2506266,0,93.48371,5.764411,0.2506266,0
2022-06-26 01:11:06,0,0,0,0,0,91.5212,7.98005,0.4987531,0
2022-06-26 01:11:05,0,0,0,0.25,0,92.25,7.5,0,0
2022-06-26 01:11:04,0,0,0.2506266,0,0,91.4787,7.769424,0.2506266,0
2022-06-26 01:11:03,0,0,0,0,0,98.24561,1.5037594,0.2506266,0
2022-06-26 01:11:02,0,0,0,0,0,99.24812,0.7518797,0,0
2022-06-26 01:11:01,0,0,0.2493766,0,0,98.25436,1.2468828,0.2493766,0
2022-06-26 01:11:00,0,0,0,0,0,98.75312,0.9975062,0.2493766,0
2022-06-26 01:10:59,0,0,0.2493766,0,0,98.75312,0.9975062,0,0
2022-06-26 01:10:58,0,0,0,0,0,98.74055,1.0075567,0.2518892,0
2022-06-26 01:10:57,0,0,0.7462687,0,0,97.76119,1.2437811,0.2487562,0
2022-06-26 01:10:56,0,0,0.5025126,0.2512563,0,96.73367,2.261307,0.2512563,0
2022-06-26 01:10:55,0,0,0.7481297,0,0,98.25436,0.7481297,0.2493766,0
2022-06-26 01:10:54,0,0,0.5012531,0,0,97.74436,1.754386,0,0
2022-06-26 01:10:53,0,0,0.4975124,0.2487562,0,96.51741,2.238806,0.4975124,0
2022-06-26 01:10:52,0,0,0,0,0,99.50125,0.4987531,0,0
2022-06-26 01:10:51,0,0,0.7518797,0,0,97.24311,1.5037594,0.5012531,0
2022-06-26 01:10:50,0,0,0.7518797,0,0,97.49373,1.754386,0,0
2022-06-26 01:10:49,0,0,0.7481297,0,0,97.50623,1.4962594,0.2493766,0
2022-06-26 01:10:48,0,0,0.7518797,0,0,97.24311,1.754386,0.2506266,0
2022-06-26 01:10:47,0,0,0.5,0,0,97.75,1.75,0,0
2022-06-26 01:10:46,0,0,0.75,0.25,0,97.75,1.25,0,0
2022-06-26 01:10:45,0,0,0.4975124,0,0,98.00995,0.9950249,0.4975124,0
2022-06-26 01:10:44,0,0,1.0050251,0,0,97.23618,1.758794,0,0
2022-06-26 01:10:43,0,0,0.25,0.25,0,98.5,1,0,0
2022-06-26 01:10:42,0,0,0.4987531,0.4987531,0,97.25686,1.4962594,0.2493766,0
2022-06-26 01:10:41,0,0,1,0.25,0,96.25,2.25,0.25,0
2022-06-26 01:10:40,0,0,0.5012531,0,0,97.49373,2.005013,0,0
2022-06-26 01:10:39,0,0,0.5,0,0,97.75,1.75,0,0
2022-06-26 01:10:38,0,0,0.9950249,0,0,97.26368,1.2437811,0.4975124,0
2022-06-26 01:10:37,0,0,0.7537688,0.2512563,0,96.98492,2.01005,0,0
2022-06-26 01:10:36,0,0,0.25,0,0,99.25,0.5,0,0
2022-06-26 01:10:35,0,0,0.2506266,0,0,97.49373,2.255639,0,0
2022-06-26 01:10:34,0,0,0.9950249,0.2487562,0,96.0199,2.238806,0.4975124,0
2022-06-26 01:10:33,0,0,0.75,0,0,97.25,2,0,0
2022-06-26 01:10:32,0,0,0.5025126,0,0,97.98995,1.2562814,0.2512563,0
2022-06-26 01:10:31,0,0,0.7481297,0.2493766,0,96.7581,2.244389,0,0
2022-06-26 01:10:30,0,0,0.4962779,0,0,97.02233,1.985112,0.248139,0
2022-06-26 01:10:29,0,0,0.75,0,0,98.25,1,0,0
2022-06-26 01:10:28,0,0,0.5012531,0,0,97.74436,1.754386,0,0
2022-06-26 01:10:27,0,0,1.0025063,0,0,96.99248,1.754386,0.2506266,0
2022-06-26 01:10:26,0,0,0.4987531,0,0,97.25686,1.995012,0.2493766,0
2022-06-26 01:10:25,0,0,0.5012531,0,0,96.99248,2.255639,0.2506266,0
2022-06-26 01:10:24,0,0,1,0,0,97.25,1.75,0,0
2022-06-26 01:10:23,0,0,0.5,0,0,96.75,2.75,0,0
2022-06-26 01:10:22,0,0,0.5,0,0,96.5,3,0,0
2022-06-26 01:10:21,0,0,0,0,0,98.50746,1.2437811,0.2487562,0
2022-06-26 01:10:20,0,0,1,0.25,0,96.25,2.25,0.25,0
2022-06-26 01:10:19,0,0,0.7556675,0.2518892,0,95.46599,3.526448,0,0
2022-06-26 01:10:18,0,0,0.7462687,0.2487562,0,96.51741,2.238806,0.2487562,0
2022-06-26 01:10:17,0,0,0.5012531,0,0,97.99499,1.5037594,0,0
2022-06-26 01:10:16,0,0,0,0.2487562,0,98.00995,1.4925373,0.2487562,0
2022-06-26 01:10:15,0,0,0.7518797,0,0,95.98997,3.258145,0,0
2022-06-26 01:10:14,0,0,0.7537688,0.5025126,0,94.97487,3.768844,0,0
2022-06-26 01:10:13,0,0,0.7462687,0.2487562,0,95.02488,3.731343,0.2487562,0
2022-06-26 01:10:12,0,0,0.9975062,0,0,92.01995,6.982544,0,0
2022-06-26 01:10:11,0,0,0.7518797,0,0,93.48371,5.513784,0.2506266,0
2022-06-26 01:10:10,0,0,1.2531328,0.5012531,0,92.23058,5.764411,0.2506266,0
2022-06-26 01:10:09,0,0,0.75,0,0,89.25,9.75,0.25,0
2022-06-26 01:10:08,0,0,0.7462687,0.4975124,0,92.0398,6.467662,0.2487562,0
2022-06-26 01:10:07,0,0,0.2506266,0.2506266,0,92.4812,6.766917,0.2506266,0
2022-06-26 01:10:06,0,0,0.4975124,0.2487562,0,92.28856,6.716418,0.2487562,0
2022-06-26 01:10:05,0,0,0.2512563,0,0,93.46734,6.281407,0,0
2022-06-26 01:10:04,0,0,0.2493766,0,0,94.01496,5.486284,0.2493766,0
2022-06-26 01:10:03,0,0,0,0,0,93.21608,6.78392,0,0
2022-06-26 01:10:02,0,0,0,0.2512563,0,93.21608,5.276382,0.2512563,0
2022-06-26 01:10:01,0,0,0.2493766,0,0,96.50873,2.992519,0.2493766,0
2022-06-26 01:10:00,0,0,0,0,0,97.50623,2.244389,0.2493766,0
2022-06-26 01:09:59,0,0,0,0,0,97.50623,2.244389,0.2493766,0
2022-06-26 01:09:58,0,0,0,0,0,99.24433,0.7556675,0,0
2022-06-26 01:09:57,0,0,0.4987531,0,0,98.00499,1.2468828,0.2493766,0
2022-06-26 01:09:56,0,0,0.5,0.25,0,96.5,2.75,0,0
2022-06-26 01:09:55,0,0,0.25,0,0,98.75,1,0,0
2022-06-26 01:09:54,0,0,0,0,0,98.5,1,0.5,0
2022-06-26 01:09:53,0,0,0.4975124,0.2487562,0,96.51741,2.487562,0.2487562,0
2022-06-26 01:09:52,0,0,0.5037783,0,0,97.98489,1.2594458,0.2518892,0
2022-06-26 01:09:51,0,0,0.4975124,0.2487562,0,97.51244,1.741294,0,0
2022-06-26 01:09:50,0,0,0.7537688,0,0,97.23618,1.758794,0.2512563,0
2022-06-26 01:09:49,0,0,0.7481297,0,0,97.75561,1.2468828,0.2493766,0
2022-06-26 01:09:48,0,0,0.25,0,0,98.75,1,0,0
2022-06-26 01:09:47,0,0,0.2493766,0.2493766,0,97.75561,1.2468828,0.4987531,0
2022-06-26 01:09:46,0,0,0.5025126,0,0,97.98995,1.2562814,0.2512563,0
2022-06-26 01:09:45,0,0,1.2468828,0.4987531,0,95.7606,1.995012,0.4987531,0
2022-06-26 01:09:44,0,0,1,0.25,0,95.5,3,0.25,0
2022-06-26 01:09:43,0,0,0.5,0,0,98,1.5,0,0
2022-06-26 01:09:42,0,0,0.4987531,0,0,98.00499,1.2468828,0.2493766,0
2022-06-26 01:09:41,0,0,0.25,0,0,98.5,1.25,0,0
2022-06-26 01:09:40,0,0,0,0,0,99,0.75,0.25,0
2022-06-26 01:09:39,0,0,1.2531328,0.2506266,0,95.98997,2.506266,0,0
2022-06-26 01:09:38,0,0,1.0025063,0.2506266,0,95.48872,3.258145,0,0
2022-06-26 01:09:37,0,0,0.7481297,0,0,97.25686,1.745636,0.2493766,0
2022-06-26 01:09:36,0,0,0.4987531,0,0,97.50623,1.995012,0,0
2022-06-26 01:09:35,0,0,0.5012531,0,0,97.99499,1.2531328,0.2506266,0
2022-06-26 01:09:34,0,0,0.25,0,0,98,1.75,0,0
2022-06-26 01:09:33,0,0,0.25,0.25,0,98.5,0.75,0.25,0
2022-06-26 01:09:32,0,0,0.9950249,0.2487562,0,96.51741,1.99005,0.2487562,0
2022-06-26 01:09:31,0,0,1.0050251,0,0,96.98492,1.758794,0.2512563,0
2022-06-26 01:09:30,0,0,0.4987531,0.2493766,0,97.75561,1.2468828,0.2493766,0
2022-06-26 01:09:29,0,0,0.7518797,0,0,97.99499,1.2531328,0,0
2022-06-26 01:09:28,0,0,0.25,0,0,97.5,2,0.25,0
2022-06-26 01:09:27,0,0,0.5012531,0.2506266,0,97.99499,1.2531328,0,0
2022-06-26 01:09:26,0,0,0.4987531,0,0,97.75561,1.4962594,0.2493766,0
2022-06-26 01:09:25,0,0,1,0.25,0,96,2.5,0.25,0
2022-06-26 01:09:24,0,0,1.4925373,0.2487562,0,95.02488,2.985075,0.2487562,0
2022-06-26 01:09:23,0,0,0.5025126,0.2512563,0,97.73869,1.5075377,0,0
2022-06-26 01:09:22,0,0,0.25,0.25,0,98,1.25,0.25,0
2022-06-26 01:09:21,0,0,0.2506266,0,0,98.74687,0.7518797,0.2506266,0
2022-06-26 01:09:20,0,0,0.2487562,0,0,98.25871,1.2437811,0.2487562,0
2022-06-26 01:09:19,0,0,0.5012531,0.2506266,0,95.73935,3.508772,0,0
2022-06-26 01:09:18,0,0,1.25,0.5,0,94.5,3.25,0.5,0
2022-06-26 01:09:17,0,0,1,0,0,95.5,3.25,0.25,0
2022-06-26 01:09:16,0,0,0.7481297,0.2493766,0,95.7606,3.241895,0,0
2022-06-26 01:09:15,0,0,0.2512563,0.2512563,0,97.98995,1.5075377,0,0
2022-06-26 01:09:14,0,0,0.2487562,0,0,97.01493,2.487562,0.2487562,0
2022-06-26 01:09:13,0,0,0.7518797,0,0,94.48622,4.511278,0.2506266,0
2022-06-26 01:09:12,0,0,0.75,0.25,0,95.75,3,0.25,0
2022-06-26 01:09:11,0,0,0.5,0.25,0,95,4.25,0,0
2022-06-26 01:09:10,0,0,0.7518797,0,0,93.73434,5.263158,0.2506266,0
2022-06-26 01:09:09,0,0,1.5,0.5,0,91.5,6.25,0.25,0
2022-06-26 01:09:08,0,0,1.4925373,0.4975124,0,91.04478,6.467662,0.4975124,0
2022-06-26 01:09:07,0,0,0.7537688,0.2512563,0,89.69849,9.045226,0.2512563,0
2022-06-26 01:09:06,0,0,0.5,0.25,0,91.5,7.25,0.25,0
2022-06-26 01:09:05,0,0,0.4975124,0,0,92.53731,6.716418,0.2487562,0
2022-06-26 01:09:04,0,0,0.25,0,0,94.25,5.25,0.25,0
2022-06-26 01:09:03,0,0,0,0,0,93.73434,6.015038,0.2506266,0
2022-06-26 01:09:02,0,0,0,0,0,92.75,6.75,0.25,0
2022-06-26 01:09:01,0,0,0.2493766,0.2493766,0,89.52618,8.977556,0.2493766,0
2022-06-26 01:09:00,0,0,0,0,0,92.9471,6.801008,0.2518892,0
2022-06-26 01:08:59,0,0,0,0.2493766,0,98.00499,1.745636,0,0
2022-06-26 01:08:58,0,0,0.2487562,0,0,97.51244,1.741294,0.2487562,0
2022-06-26 01:08:57,0,0,0,0,0,98.75,1,0.25,0
2022-06-26 01:08:56,0,0,0,0,0,99.25,0.5,0.25,0
2022-06-26 01:08:55,0,0,0,0,0,98.49246,1.2562814,0.2512563,0
2022-06-26 01:08:54,0,0,0.4987531,0,0,97.00748,2.244389,0.2493766,0
2022-06-26 01:08:53,0,0,0.2493766,0,0,98.25436,0.9975062,0.4987531,0
2022-06-26 01:08:52,0,0,0.75,0.5,0,97,1.75,0,0
2022-06-26 01:08:51,0,0,0.7518797,0,0,97.24311,1.754386,0.2506266,0
2022-06-26 01:08:50,0,0,0.5,0.25,0,97.25,1.75,0.25,0
2022-06-26 01:08:49,0,0,0,0,0,98.99749,1.0025063,0,0
2022-06-26 01:08:48,0,0,0.4962779,0.248139,0,97.27047,1.736973,0.248139,0
2022-06-26 01:08:47,0,0,0.5037783,0,0,96.72544,2.770781,0,0
2022-06-26 01:08:46,0,0,0.4987531,0,0,97.25686,1.745636,0.4987531,0
2022-06-26 01:08:45,0,0,1.2531328,0,0,96.74185,1.754386,0.2506266,0
2022-06-26 01:08:44,0,0,1,0.25,0,96.75,1.75,0.25,0
2022-06-26 01:08:43,0,0,0,0,0,99.00249,0.7481297,0.2493766,0
2022-06-26 01:08:42,0,0,0.2506266,0,0,98.24561,1.2531328,0.2506266,0
2022-06-26 01:08:41,0,0,0.7518797,0.2506266,0,96.2406,2.756892,0,0
2022-06-26 01:08:40,0,0,0.4987531,0.2493766,0,97.00748,1.995012,0.2493766,0
2022-06-26 01:08:39,0,0,0.5025126,0,0,98.24121,1.2562814,0,0
2022-06-26 01:08:38,0,0,1.2437811,0.2487562,0,95.27363,3.233831,0,0
2022-06-26 01:08:37,0,0,1.2531328,0.2506266,0,95.48872,2.756892,0.2506266,0
2022-06-26 01:08:36,0,0,0,0,0,98.50746,1.2437811,0.2487562,0
2022-06-26 01:08:35,0,0,0,0.2512563,0,97.98995,1.2562814,0.5025126,0
2022-06-26 01:08:34,0,0,0.7481297,0,0,97.50623,1.4962594,0.2493766,0
2022-06-26 01:08:33,0,0,0.7481297,0,0,97.50623,1.4962594,0.2493766,0
2022-06-26 01:08:32,0,0,0.7518797,0,0,96.99248,1.754386,0.5012531,0
2022-06-26 01:08:31,0,0,1.75,0.5,0,95,2.5,0.25,0
2022-06-26 01:08:30,0,0,0.2506266,0.2506266,0,98.24561,1.2531328,0,0
2022-06-26 01:08:29,0,0,0.2493766,0,0,97.75561,1.745636,0.2493766,0
2022-06-26 01:08:28,0,0,0,0,0,99,0.75,0.25,0
2022-06-26 01:08:27,0,0,0.7462687,0,0,97.51244,1.741294,0,0
2022-06-26 01:08:26,0,0,0.7537688,0,0,97.98995,1.0050251,0.2512563,0
2022-06-26 01:08:25,0,0,0.7537688,0.2512563,0,96.48241,2.261307,0.2512563,0
2022-06-26 01:08:24,0,0,1.741294,0,0,95.27363,2.736318,0.2487562,0
2022-06-26 01:08:23,0,0,1.0050251,0.2512563,0,96.48241,2.261307,0,0
2022-06-26 01:08:22,0,0,0,0,0,98.50374,1.4962594,0,0
2022-06-26 01:08:21,0,0,0.25,0,0,99,0.5,0.25,0
2022-06-26 01:08:20,0,0,0.2493766,0,0,98.50374,1.2468828,0,0
2022-06-26 01:08:19,0,0,0.7518797,0.2506266,0,95.98997,2.506266,0.5012531,0
2022-06-26 01:08:18,0,0,0.4987531,0.2493766,0,96.50873,1.745636,0.7481297,0
2022-06-26 01:08:17,0,0,0.75,0,0,95.25,4,0,0
2022-06-26 01:08:16,0,0,1.4962594,0.2493766,0,94.76309,2.992519,0.4987531,0
2022-06-26 01:08:15,0,0,0.7518797,0.2506266,0,97.24311,1.754386,0,0
2022-06-26 01:08:14,0,0,0,0,0,98.5,1.25,0.25,0
2022-06-26 01:08:13,0,0,0.2487562,0,0,98.50746,1.2437811,0,0
2022-06-26 01:08:12,0,0,0.2518892,0,0,98.23678,1.2594458,0.2518892,0
2022-06-26 01:08:11,0,0,0.4987531,0,0,98.00499,1.2468828,0.2493766,0
2022-06-26 01:08:10,0,0,0.5,0.25,0,95.5,3.5,0.25,0
2022-06-26 01:08:09,0,0,1,0,0,93.75,5.25,0,0
2022-06-26 01:08:08,0,0,1.4962594,0.2493766,0,92.26933,5.486284,0.4987531,0
2022-06-26 01:08:07,0,0,1.2531328,0.2506266,0,90.97744,7.518797,0,0
2022-06-26 01:08:06,0,0,1,0.25,0,94.25,4.5,0,0
2022-06-26 01:08:05,0,0,0.2487562,0,0,92.53731,6.716418,0.4975124,0
2022-06-26 01:08:04,0,0,0,0,0,95.5,4.25,0.25,0
2022-06-26 01:08:03,0,0,0,0,0,94.47236,5.276382,0.2512563,0
2022-06-26 01:08:02,0,0,0.25,0,0,94.25,5.25,0.25,0
2022-06-26 01:08:01,0,0,0.2493766,0.2493766,0,91.27182,7.98005,0.2493766,0
2022-06-26 01:08:00,0,0,0.75,0,0,88.5,8.75,0.25,0
2022-06-26 01:07:59,0,0,0.2531646,0,0,90.63291,7.341772,0.5063291,0
2022-06-26 01:07:58,0,0,0.2493766,0,0,97.00748,2.743142,0,0
2022-06-26 01:07:57,0,0,0,0,0,97.74436,2.005013,0.2506266,0
2022-06-26 01:07:56,0,0,0.2493766,0,0,97.25686,2.244389,0.2493766,0
2022-06-26 01:07:55,0,0,0,0,0,96.99248,2.756892,0.2506266,0
2022-06-26 01:07:54,0,0,0,0,0,97.51244,2.238806,0.2487562,0
2022-06-26 01:07:53,0,0,0.2506266,0,0,98.99749,0.5012531,0.2506266,0
2022-06-26 01:07:52,0,0,0.2512563,0,0,97.48744,2.261307,0,0
2022-06-26 01:07:51,0,0,0.2493766,0.2493766,0,98.00499,1.2468828,0.2493766,0
2022-06-26 01:07:50,0,0,0.75,0.25,0,96.5,2.5,0,0
2022-06-26 01:07:49,0,0,0.7518797,0,0,96.74185,2.005013,0.5012531,0
2022-06-26 01:07:48,0,0,0.2493766,0.2493766,0,98.00499,1.2468828,0.2493766,0
2022-06-26 01:07:47,0,0,0,0,0,99.25187,0.4987531,0.2493766,0
2022-06-26 01:07:46,0,0,0.2506266,0,0,98.74687,1.0025063,0,0
2022-06-26 01:07:45,0,0,0.7444169,0,0,96.77419,1.985112,0.4962779,0
2022-06-26 01:07:44,0,0,0.7556675,0,0,96.47355,2.518892,0.2518892,0
2022-06-26 01:07:43,0,0,0.7481297,0,0,97.75561,1.2468828,0.2493766,0
2022-06-26 01:07:42,0,0,1.0050251,0,0,96.48241,2.512563,0,0
2022-06-26 01:07:41,0,0,0.248139,0,0,98.51117,0.7444169,0.4962779,0
2022-06-26 01:07:40,0,0,0.2512563,0,0,98.99497,0.7537688,0,0
2022-06-26 01:07:39,0,0,0.2506266,0,0,98.49624,1.2531328,0,0
2022-06-26 01:07:38,0,0,0.7481297,0.2493766,0,96.7581,1.995012,0.2493766,0
2022-06-26 01:07:37,0,0,1.2406948,0.248139,0,96.52605,1.4888337,0.4962779,0
2022-06-26 01:07:36,0,0,1.0050251,0,0,96.73367,2.01005,0.2512563,0
2022-06-26 01:07:35,0,0,0.75,0,0,97,2.25,0,0
2022-06-26 01:07:34,0,0,0.25,0,0,98.75,0.75,0.25,0
2022-06-26 01:07:33,0,0,0,0,0,99.25187,0.2493766,0.4987531,0
2022-06-26 01:07:32,0,0,0.5025126,0,0,97.98995,1.5075377,0,0
2022-06-26 01:07:31,0,0,0.5,0,0,98,1.25,0.25,0
2022-06-26 01:07:30,0,0,1.5037594,0.2506266,0,96.49123,1.754386,0,0
2022-06-26 01:07:29,0,0,1.2437811,0,0,95.77114,2.487562,0.4975124,0
2022-06-26 01:07:28,0,0,0.5012531,0.2506266,0,97.49373,1.754386,0,0
2022-06-26 01:07:27,0,0,0,0,0,98.99749,0.7518797,0.2506266,0
2022-06-26 01:07:26,0,0,0.2493766,0.2493766,0,98.00499,1.2468828,0.2493766,0
2022-06-26 01:07:25,0,0,0.9975062,0,0,97.50623,1.2468828,0.2493766,0
2022-06-26 01:07:24,0,0,0.5025126,0,0,98.24121,1.0050251,0.2512563,0
2022-06-26 01:07:23,0,0,0.9925558,0.7444169,0,94.78908,2.977667,0.4962779,0
2022-06-26 01:07:22,0,0,1.511335,0.7556675,0,93.95466,3.526448,0.2518892,0
2022-06-26 01:07:21,0,0,0.5,0,0,97.5,2,0,0
2022-06-26 01:07:20,0,0,0.2475248,0.2475248,0,98.51485,0.7425743,0.2475248,0
2022-06-26 01:07:19,0,0,0.2506266,0,0,98.99749,0.7518797,0,0
2022-06-26 01:07:18,0,0,0.2512563,0,0,97.98995,1.5075377,0.2512563,0
2022-06-26 01:07:17,0,0,0.2487562,0,0,98.50746,0.9950249,0.2487562,0
2022-06-26 01:07:16,0,0,0.5037783,0,0,96.22166,3.274559,0,0
2022-06-26 01:07:15,0,0,1.5037594,0,0,93.73434,4.260652,0.5012531,0
2022-06-26 01:07:14,0,0,0.990099,0.4950495,0,94.30693,3.960396,0.2475248,0
2022-06-26 01:07:13,0,0,0.5025126,0,0,96.23116,3.015075,0.2512563,0
2022-06-26 01:07:12,0,0,0.4987531,0.2493766,0,97.50623,1.745636,0,0
2022-06-26 01:07:11,0,0,0.2506266,0,0,98.49624,0.7518797,0.5012531,0
2022-06-26 01:07:10,0,0,0.2493766,0.2493766,0,98.25436,0.9975062,0.2493766,0
2022-06-26 01:07:09,0,0,0,0,0,99.24812,0.5012531,0.2506266,0
2022-06-26 01:07:08,0,0,0.2506266,0,0,97.49373,2.255639,0,0
2022-06-26 01:07:07,0,0,0.990099,0.2475248,0,93.31683,5.19802,0.2475248,0
2022-06-26 01:07:06,0,0,1.2562814,0,0,94.22111,4.271357,0.2512563,0
2022-06-26 01:07:05,0,0,1.995012,0.4987531,0,90.77307,6.234414,0.4987531,0
2022-06-26 01:07:04,0,0,1.758794,0.2512563,0,86.68342,11.306533,0,0
2022-06-26 01:07:03,0,0,0.7481297,0,0,90.27431,8.478803,0.4987531,0
2022-06-26 01:07:02,0,0,0.5025126,0,0,92.71357,6.78392,0,0
2022-06-26 01:07:01,0,0,0,0,0,93.03483,6.716418,0.2487562,0
2022-06-26 01:07:00,0,0,0.2493766,0,0,94.51372,4.987531,0.2493766,0
2022-06-26 01:06:59,0,0,0,0,0,95.5,4.25,0.25,0
2022-06-26 01:06:58,0,0,0,0,0,90.22556,9.022556,0.5012531,0
2022-06-26 01:06:57,0,0,0.2493766,0.2493766,0,86.53367,10.473815,0.2493766,0
2022-06-26 01:06:56,0,0,0,0.2518892,0,93.19899,6.04534,0.2518892,0
2022-06-26 01:06:55,0,0,0,0,0,95.75,4,0.25,0
2022-06-26 01:06:54,0,0,0.2487562,0.2487562,0,98.00995,1.2437811,0.2487562,0
2022-06-26 01:06:53,0,0,0,0,0,98.99497,1.0050251,0,0
2022-06-26 01:06:52,0,0,0,0,0,98.50374,1.2468828,0.2493766,0
2022-06-26 01:06:51,0,0,0.2487562,0,0,98.25871,1.2437811,0.2487562,0
2022-06-26 01:06:50,0,0,0,0,0,99.49749,0.5025126,0,0
2022-06-26 01:06:49,0,0,0,0,0,98.25871,1.2437811,0.4975124,0
2022-06-26 01:06:48,0,0,0.5037783,0.2518892,0,97.22922,2.015113,0,0
2022-06-26 01:06:47,0,0,1.25,0.25,0,95,3,0.5,0
2022-06-26 01:06:46,0,0,1,0.25,0,96.5,2.25,0,0
2022-06-26 01:06:45,0,0,0.25,0,0,98.25,1.5,0,0
2022-06-26 01:06:44,0,0,0,0,0,99.50125,0.2493766,0.2493766,0
2022-06-26 01:06:43,0,0,0.2506266,0,0,98.49624,1.0025063,0.2506266,0
2022-06-26 01:06:42,0,0,0.25,0,0,98.5,1.25,0,0
2022-06-26 01:06:41,0,0,1,0.5,0,95.25,3,0.25,0
2022-06-26 01:06:40,0,0,1.25,0,0,96.75,1.75,0.25,0
2022-06-26 01:06:39,0,0,1,0.25,0,96.5,2.25,0,0
2022-06-26 01:06:38,0,0,0.25,0,0,99,0.5,0.25,0
2022-06-26 01:06:37,0,0,0,0,0,99.5,0.5,0,0
2022-06-26 01:06:36,0,0,0,0,0,98.75,1,0.25,0
2022-06-26 01:06:35,0,0,0.4987531,0.2493766,0,98.00499,0.9975062,0.2493766,0
2022-06-26 01:06:34,0,0,1.25,0.25,0,95.5,2.5,0.5,0
2022-06-26 01:06:33,0,0,1.5037594,0.2506266,0,93.48371,4.511278,0.2506266,0
2022-06-26 01:06:32,0,0,0.75,0,0,97,2.25,0,0
2022-06-26 01:06:31,0,0,0.25,0,0,98.5,1.25,0,0
2022-06-26 01:06:30,0,0,0,0,0,99.5,0.5,0,0
2022-06-26 01:06:29,0,0,0,0,0,98.25,1.5,0.25,0
2022-06-26 01:06:28,0,0,0.4987531,0.2493766,0,98.25436,0.7481297,0.2493766,0
2022-06-26 01:06:27,0,0,1.2468828,0,0,95.26185,3.491272,0,0
2022-06-26 01:06:26,0,0,1.5075377,0.5025126,0,93.96985,3.768844,0,0
2022-06-26 01:06:25,0,0,1.25,0,0,97.25,1.25,0.25,0
2022-06-26 01:06:24,0,0,0.2493766,0,0,99.00249,0.7481297,0,0
2022-06-26 01:06:23,0,0,0,0,0,98.74687,1.2531328,0,0
2022-06-26 01:06:22,0,0,0.2493766,0,0,99.00249,0.4987531,0.2493766,0
2022-06-26 01:06:21,0,0,0.5012531,0.2506266,0,97.49373,1.5037594,0.2506266,0
2022-06-26 01:06:20,0,0,1.5,0,0,94.25,4,0.25,0
2022-06-26 01:06:19,0,0,1.2468828,0.2493766,0,95.51122,2.743142,0.2493766,0
2022-06-26 01:06:18,0,0,0.5012531,0,0,97.24311,2.255639,0,0
2022-06-26 01:06:17,0,0,0.5,0,0,97.25,2.25,0,0
2022-06-26 01:06:16,0,0,0,0,0,99.5,0.25,0.25,0
2022-06-26 01:06:15,0,0,0,0,0,99.74937,0.2506266,0,0
2022-06-26 01:06:14,0,0,0.25,0.25,0,97.25,2,0.25,0
2022-06-26 01:06:13,0,0,0.990099,0.2475248,0,95.0495,3.217822,0.4950495,0
2022-06-26 01:06:12,0,0,1.2594458,0.2518892,0,94.20655,4.282116,0,0
2022-06-26 01:06:11,0,0,0.7481297,0.4987531,0,95.7606,2.743142,0.2493766,0
2022-06-26 01:06:10,0,0,0.5012531,0,0,97.74436,1.5037594,0.2506266,0
2022-06-26 01:06:09,0,0,0.25,0.5,0,98.5,0.5,0.25,0
2022-06-26 01:06:08,0,0,0.5,0,0,98.5,0.75,0.25,0
2022-06-26 01:06:07,0,0,0,0.2493766,0,99.00249,0.7481297,0,0
2022-06-26 01:06:06,0,0,0.25,0,0,98,1.5,0.25,0
2022-06-26 01:06:05,0,0,0.5012531,0.2506266,0,95.73935,3.508772,0,0
2022-06-26 01:06:04,0,0,1.741294,0.2487562,0,92.0398,5.721393,0.2487562,0
2022-06-26 01:06:03,0,0,1.5,0.5,0,94.75,3,0.25,0
2022-06-26 01:06:02,0,0,1.75,0,0,88,10,0.25,0
2022-06-26 01:06:01,0,0,1,0.5,0,91.25,7.25,0,0
2022-06-26 01:06:00,0,0,0.7537688,0.2512563,0,91.9598,6.78392,0.2512563,0
2022-06-26 01:05:59,0,0,0,0,0,94.01496,5.486284,0.4987531,0
2022-06-26 01:05:58,0,0,0.2506266,0,0,93.48371,6.015038,0.2506266,0
2022-06-26 01:05:57,0,0,0,0,0,94.2928,5.459057,0.248139,0
2022-06-26 01:05:56,0,0,0,0,0,92.73183,7.017544,0.2506266,0
2022-06-26 01:05:55,0,0,0.25,0.25,0,85.5,12,0.25,0
2022-06-26 01:05:54,0,0,0,0.5012531,0,84.21053,10.275689,0.2506266,0
2022-06-26 01:05:53,0,0,0.25,0,0,97.25,2.25,0,0
2022-06-26 01:05:52,0,0,0,0,0,97.48111,2.267003,0.2518892,0
2022-06-26 01:05:51,0,0,0,0,0,98.75312,0.9975062,0.2493766,0
2022-06-26 01:05:50,0,0,0.25,0.25,0,98.25,1,0,0
2022-06-26 01:05:49,0,0,0,0,0,99.00249,0.9975062,0,0
2022-06-26 01:05:48,0,0,0.2506266,0,0,98.99749,0.5012531,0.2506266,0
2022-06-26 01:05:47,0,0,0.2506266,0,0,98.74687,1.0025063,0,0
2022-06-26 01:05:46,0,0,0.2493766,0,0,99.00249,0.4987531,0.2493766,0
2022-06-26 01:05:45,0,0,0.5,0.5,0,97,2,0,0
2022-06-26 01:05:44,0,0,0.7518797,0,0,96.99248,2.005013,0.2506266,0
2022-06-26 01:05:43,0,0,0.9950249,0.2487562,0,96.26866,2.238806,0.2487562,0
2022-06-26 01:05:42,0,0,0,0,0,99.24812,0.7518797,0,0
2022-06-26 01:05:41,0,0,0,0,0,99,0.75,0.25,0
2022-06-26 01:05:40,0,0,0.4987531,0,0,97.75561,1.4962594,0.2493766,0
2022-06-26 01:05:39,0,0,0.5012531,0,0,97.74436,1.5037594,0.2506266,0
2022-06-26 01:05:38,0,0,0.9975062,0.2493766,0,96.7581,1.995012,0,0
2022-06-26 01:05:37,0,0,1.25,0,0,96.25,2.25,0.25,0
2022-06-26 01:05:36,0,0,0.5025126,0.2512563,0,97.73869,1.5075377,0,0
2022-06-26 01:05:35,0,0,0,0,0,98.75,1,0.25,0
2022-06-26 01:05:34,0,0,0.2493766,0,0,98.50374,0.9975062,0.2493766,0
2022-06-26 01:05:33,0,0,0.5,0,0,97.25,2,0.25,0
2022-06-26 01:05:32,0,0,0.4987531,0,0,97.75561,1.745636,0,0
2022-06-26 01:05:31,0,0,1,0.25,0,96,2.5,0.25,0
2022-06-26 01:05:30,0,0,1.5037594,0.2506266,0,93.48371,4.260652,0.5012531,0
2022-06-26 01:05:29,0,0,0.5012531,0,0,96.99248,2.255639,0.2506266,0
2022-06-26 01:05:28,0,0,0.2493766,0.2493766,0,98.75312,0.7481297,0,0
2022-06-26 01:05:27,0,0,0.25,0,0,98.5,1,0.25,0
2022-06-26 01:05:26,0,0,0.5,0,0,98,1.25,0.25,0
2022-06-26 01:05:25,0,0,0.7518797,0,0,98.24561,1.0025063,0,0
2022-06-26 01:05:24,0,0,0.9975062,0.2493766,0,96.25935,2.244389,0.2493766,0
2022-06-26 01:05:23,0,0,1.2468828,0.2493766,0,95.51122,2.992519,0,0
2022-06-26 01:05:22,0,0,0.7518797,0.2506266,0,96.49123,2.255639,0.2506266,0
2022-06-26 01:05:21,0,0,0,0,0,99,0.75,0.25,0
2022-06-26 01:05:20,0,0,0.2487562,0,0,98.50746,0.9950249,0.2487562,0
2022-06-26 01:05:19,0,0,0.5025126,0.2512563,0,97.73869,1.5075377,0,0
2022-06-26 01:05:18,0,0,0.4987531,0.2493766,0,97.50623,1.4962594,0.2493766,0
2022-06-26 01:05:17,0,0,0.75,0,0,96.75,2.5,0,0
2022-06-26 01:05:16,0,0,1.0025063,0.2506266,0,96.74185,1.754386,0.2506266,0
2022-06-26 01:05:15,0,0,0.7481297,0,0,96.00998,3.241895,0,0
2022-06-26 01:05:14,0,0,0.5012531,0,0,96.99248,2.005013,0.5012531,0
2022-06-26 01:05:13,0,0,0,0.25,0,98.75,0.75,0.25,0
2022-06-26 01:05:12,0,0,0.25,0,0,98.25,1.5,0,0
2022-06-26 01:05:11,0,0,0.4987531,0.2493766,0,97.25686,1.745636,0.2493766,0
2022-06-26 01:05:10,0,0,0.9975062,0,0,96.25935,2.493766,0.2493766,0
2022-06-26 01:05:09,0,0,0.7537688,0.2512563,0,97.48744,1.5075377,0,0
2022-06-26 01:05:08,0,0,0.75,0.25,0,94.25,4.5,0.25,0
2022-06-26 01:05:07,0,0,1.2468828,0.2493766,0,95.01247,3.241895,0.2493766,0
2022-06-26 01:05:06,0,0,0.2506266,0.2506266,0,98.99749,0.2506266,0.2506266,0
2022-06-26 01:05:05,0,0,0,0,0,98.74687,1.2531328,0,0
2022-06-26 01:05:04,0,0,0,0,0,99.25,0.5,0.25,0
2022-06-26 01:05:03,0,0,0.4962779,0.248139,0,96.52605,2.48139,0.248139,0
2022-06-26 01:05:02,0,0,1.0025063,0,0,94.23559,4.761905,0,0
2022-06-26 01:05:01,0,0,1.2531328,0,0,93.23308,5.263158,0.2506266,0
2022-06-26 01:05:00,0,0,1.25,0.5,0,91,7,0.25,0
2022-06-26 01:04:59,0,0,1.2468828,0.4987531,0,90.02494,7.98005,0.2493766,0
2022-06-26 01:04:58,0,0,1.2531328,0.2506266,0,92.98246,5.263158,0.2506266,0
2022-06-26 01:04:57,0,0,1.0025063,0.2506266,0,90.22556,8.270677,0.2506266,0
2022-06-26 01:04:56,0,0,0,0,0,94.27861,5.472637,0.2487562,0
2022-06-26 01:04:55,0,0,0.25,0,0,94.75,4.75,0.25,0
2022-06-26 01:04:54,0,0,0,0,0,93.01746,6.733167,0.2493766,0
2022-06-26 01:04:53,0,0,0,0,0,89.92443,9.319899,0,0
2022-06-26 01:04:52,0,0,0,0,0,92,7.5,0.5,0
2022-06-26 01:04:51,0,0,0.2506266,0,0,90.22556,6.265664,0,0
2022-06-26 01:04:50,0,0,0.2506266,0,0,91.4787,4.511278,0.2506266,0
2022-06-26 01:04:49,0,0,0,0,0,98.49624,1.2531328,0.2506266,0
2022-06-26 01:04:48,0,0,0,0.2493766,0,98.75312,0.9975062,0,0
2022-06-26 01:04:47,0,0,0.25,0,0,99.25,0.25,0.25,0
2022-06-26 01:04:46,0,0,0,0,0,98.99749,0.7518797,0.2506266,0
2022-06-26 01:04:45,0,0,0,0.2493766,0,98.75312,0.9975062,0,0
2022-06-26 01:04:44,0,0,0.4987531,0.2493766,0,97.75561,1.2468828,0.2493766,0
2022-06-26 01:04:43,0,0,1.0025063,0,0,96.2406,2.506266,0.2506266,0
2022-06-26 01:04:42,0,0,0.25,0,0,98.5,1.25,0,0
2022-06-26 01:04:41,0,0,1,0.75,0,96,2,0.25,0
2022-06-26 01:04:40,0,0,0.4987531,0.2493766,0,97.00748,1.995012,0.2493766,0
2022-06-26 01:04:39,0,0,0,0,0,99.49749,0.5025126,0,0
2022-06-26 01:04:38,0,0,0.248139,0,0,98.75931,0.9925558,0,0
2022-06-26 01:04:37,0,0,0.75,0,0,96.25,2.5,0.5,0
2022-06-26 01:04:36,0,0,1.0075567,0.2518892,0,96.22166,2.518892,0,0
2022-06-26 01:04:35,0,0,0.75,0,0,97,2,0.25,0
2022-06-26 01:04:34,0,0,0.7481297,0,0,96.7581,2.244389,0.2493766,0
2022-06-26 01:04:33,0,0,0.4987531,0.2493766,0,97.75561,1.4962594,0,0
2022-06-26 01:04:32,0,0,0,0,0,99.49875,0.5012531,0,0
2022-06-26 01:04:31,0,0,0,0,0,99,0.5,0.5,0
2022-06-26 01:04:30,0,0,0.75,0.25,0,97.25,1.75,0,0
2022-06-26 01:04:29,0,0,1.4962594,0.2493766,0,95.01247,2.992519,0.2493766,0
2022-06-26 01:04:28,0,0,0.5,0.5,0,97,1.75,0.25,0
2022-06-26 01:04:27,0,0,0.75,0,0,97.5,1.75,0,0
2022-06-26 01:04:26,0,0,0.7537688,0,0,97.48744,1.758794,0,0
2022-06-26 01:04:25,0,0,0.4987531,0,0,98.25436,0.9975062,0.2493766,0
2022-06-26 01:04:24,0,0,0.2487562,0,0,97.51244,1.99005,0.2487562,0
2022-06-26 01:04:23,0,0,1.0050251,0.5025126,0,96.98492,1.2562814,0.2512563,0
2022-06-26 01:04:22,0,0,1,0,0,95.75,3,0.25,0
2022-06-26 01:04:21,0,0,0.7481297,0,0,97.50623,1.4962594,0.2493766,0
2022-06-26 01:04:20,0,0,0.9975062,0.4987531,0,96.25935,1.995012,0.2493766,0
2022-06-26 01:04:19,0,0,0.2512563,0.2512563,0,98.74372,0.7537688,0,0
2022-06-26 01:04:18,0,0,0,0,0,98.75,1,0.25,0
2022-06-26 01:04:17,0,0,0.25,0,0,99.25,0.25,0.25,0
2022-06-26 01:04:16,0,0,1,0.25,0,97.25,1.25,0.25,0
2022-06-26 01:04:15,0,0,1.25,0.25,0,96,2.5,0,0
2022-06-26 01:04:14,0,0,1,0,0,96,2.5,0.5,0
2022-06-26 01:04:13,0,0,0.7462687,0.2487562,0,96.26866,2.487562,0.2487562,0
2022-06-26 01:04:12,0,0,0,0,0,97.73869,2.01005,0.2512563,0
2022-06-26 01:04:11,0,0,0,0,0,99.49875,0.5012531,0,0
2022-06-26 01:04:10,0,0,0.2487562,0,0,99.00498,0.4975124,0.2487562,0
2022-06-26 01:04:09,0,0,0.2512563,0,0,97.98995,1.5075377,0.2512563,0
2022-06-26 01:04:08,0,0,0.9975062,0,0,95.26185,3.491272,0.2493766,0
2022-06-26 01:04:07,0,0,1.25,0.25,0,94,4.25,0.25,0
2022-06-26 01:04:06,0,0,1.0025063,0.2506266,0,95.2381,3.508772,0,0
2022-06-26 01:04:05,0,0,0.4987531,0,0,96.00998,2.992519,0.4987531,0
2022-06-26 01:04:04,0,0,0,0,0,99.25,0.5,0.25,0
2022-06-26 01:04:03,0,0,0,0,0,98.99749,0.7518797,0.2506266,0
2022-06-26 01:04:02,0,0,0.2487562,0,0,98.50746,1.2437811,0,0
2022-06-26 01:04:01,0,0,0.2506266,0.2506266,0,97.24311,2.255639,0,0
2022-06-26 01:04:00,0,0,0.75,0,0,94.75,4.25,0.25,0
2022-06-26 01:03:59,0,0,1.4962594,0.2493766,0,93.26683,4.987531,0,0
2022-06-26 01:03:58,0,0,1.2531328,0.5012531,0,91.22807,6.766917,0.2506266,0
2022-06-26 01:03:57,0,0,1.75,0.25,0,90,7.5,0.5,0
2022-06-26 01:03:56,0,0,0.7518797,0.2506266,0,91.4787,7.518797,0,0
2022-06-26 01:03:55,0,0,0.7481297,0,0,92.5187,5.985037,0.4987531,0
2022-06-26 01:03:54,0,0,0,0,0,93.01746,6.733167,0.2493766,0
2022-06-26 01:03:53,0,0,0,0.2493766,0,94.51372,4.987531,0,0
2022-06-26 01:03:52,0,0,0,0,0,94.97487,4.773869,0.2512563,0
2022-06-26 01:03:51,0,0,0,0,0,91.4787,7.518797,0.5012531,0
2022-06-26 01:03:50,0,0,0.2518892,0.2518892,0,88.16121,11.083123,0,0
2022-06-26 01:03:49,0,0,0.2506266,0,0,90.47619,7.769424,0.2506266,0
2022-06-26 01:03:48,0,0,0,0,0,95.98997,3.759398,0,0
2022-06-26 01:03:47,0,0,0,0.2487562,0,98.25871,1.2437811,0.2487562,0
2022-06-26 01:03:46,0,0,0.2512563,0,0,98.24121,1.5075377,0,0
2022-06-26 01:03:45,0,0,0,0,0,99.49875,0.5012531,0,0
2022-06-26 01:03:44,0,0,0,0,0,99.5,0.5,0,0
2022-06-26 01:03:43,0,0,0,0.25,0,98.75,0.75,0.25,0
2022-06-26 01:03:42,0,0,0.248139,0,0,99.25558,0.248139,0.248139,0
2022-06-26 01:03:41,0,0,0.7537688,0,0,97.23618,1.758794,0.2512563,0
2022-06-26 01:03:40,0,0,0.9950249,0.2487562,0,95.02488,3.482587,0.2487562,0
2022-06-26 01:03:39,0,0,0.7556675,0.5037783,0,95.96977,2.770781,0,0
2022-06-26 01:03:38,0,0,0.4962779,0,0,98.01489,0.9925558,0.4962779,0
2022-06-26 01:03:37,0,0,0,0,0,98.99497,1.0050251,0,0
2022-06-26 01:03:36,0,0,0,0,0,99.5,0.25,0.25,0
2022-06-26 01:03:35,0,0,0.5,0,0,97.75,1.5,0.25,0
2022-06-26 01:03:34,0,0,1.2531328,0.2506266,0,95.48872,2.756892,0.2506266,0
2022-06-26 01:03:33,0,0,1,0.25,0,95.75,2.75,0.25,0
2022-06-26 01:03:32,0,0,0.7425743,0.2475248,0,96.78218,1.980198,0.2475248,0
2022-06-26 01:03:31,0,0,0.5037783,0,0,97.733,1.511335,0.2518892,0
2022-06-26 01:03:30,0,0,0.4987531,0,0,98.50374,0.7481297,0.2493766,0
2022-06-26 01:03:29,0,0,0.2506266,0,0,98.24561,1.5037594,0,0
2022-06-26 01:03:28,0,0,0.5012531,0,0,97.74436,1.754386,0,0
2022-06-26 01:03:27,0,0,1.25,0.25,0,95.75,2.75,0,0
2022-06-26 01:03:26,0,0,0.7481297,0.2493766,0,96.00998,2.493766,0.4987531,0
2022-06-26 01:03:25,0,0,0.9975062,0,0,97.50623,1.2468828,0.2493766,0
2022-06-26 01:03:24,0,0,0.9975062,0,0,97.25686,1.745636,0,0
2022-06-26 01:03:23,0,0,0,0,0,99.49875,0.2506266,0.2506266,0
2022-06-26 01:03:22,0,0,0.5,0,0,97.5,2,0,0
2022-06-26 01:03:21,0,0,0.2512563,0,0,98.49246,1.2562814,0,0
2022-06-26 01:03:20,0,0,0.7462687,0,0,97.01493,1.741294,0.4975124,0
2022-06-26 01:03:19,0,0,1.5075377,0.2512563,0,95.72864,2.512563,0,0
2022-06-26 01:03:18,0,0,0.75,0.25,0,97,1.75,0.25,0
2022-06-26 01:03:17,0,0,0.4987531,0.2493766,0,97.25686,1.745636,0.2493766,0
2022-06-26 01:03:16,0,0,0,0,0,99.00249,0.7481297,0.2493766,0
2022-06-26 01:03:15,0,0,0.5012531,0,0,97.99499,1.5037594,0,0
2022-06-26 01:03:14,0,0,0.4975124,0.2487562,0,97.26368,1.4925373,0.4975124,0
2022-06-26 01:03:13,0,0,0.5012531,0.2506266,0,96.99248,2.005013,0.2506266,0
2022-06-26 01:03:12,0,0,1.0025063,0.2506266,0,96.2406,2.506266,0,0
2022-06-26 01:03:11,0,0,1.25,0,0,95.5,2.75,0.5,0
2022-06-26 01:03:10,0,0,0.2493766,0,0,97.25686,2.244389,0.2493766,0
2022-06-26 01:03:09,0,0,0,0,0,98.24121,1.758794,0,0
2022-06-26 01:03:08,0,0,0.4975124,0,0,98.00995,1.2437811,0.2487562,0
2022-06-26 01:03:07,0,0,0.2512563,0,0,98.99497,0.5025126,0.2512563,0
2022-06-26 01:03:06,0,0,0.4987531,0.4987531,0,97.50623,1.2468828,0.2493766,0
2022-06-26 01:03:05,0,0,0.4975124,0,0,97.51244,1.99005,0,0
2022-06-26 01:03:04,0,0,0.7518797,0.2506266,0,94.73684,3.759398,0.5012531,0
2022-06-26 01:03:03,0,0,1.4962594,0.2493766,0,91.77057,6.483791,0,0
2022-06-26 01:03:02,0,0,0.2518892,0,0,97.48111,1.763224,0.5037783,0
2022-06-26 01:03:01,0,0,0,0.2493766,0,98.25436,1.2468828,0.2493766,0
2022-06-26 01:03:00,0,0,0.2506266,0.2506266,0,96.74185,2.255639,0.5012531,0
2022-06-26 01:02:59,0,0,0.9925558,0,0,95.5335,3.473945,0,0
2022-06-26 01:02:58,0,0,1.0025063,0,0,94.48622,4.511278,0,0
2022-06-26 01:02:57,0,0,0.2493766,0.2493766,0,95.51122,3.491272,0.4987531,0
2022-06-26 01:02:56,0,0,0.7518797,0,0,94.98747,4.260652,0,0
2022-06-26 01:02:55,0,0,1,0,0,95,3.75,0.25,0
2022-06-26 01:02:54,0,0,1.5075377,0.5025126,0,90.95477,6.78392,0.2512563,0
2022-06-26 01:02:53,0,0,0.9950249,0.2487562,0,93.53234,4.726368,0.4975124,0
2022-06-26 01:02:52,0,0,0.75,0.25,0,87,11.75,0.25,0
2022-06-26 01:02:51,0,0,0.25,0,0,92.75,6.25,0.75,0
2022-06-26 01:02:50,0,0,0,0,0,93.73434,6.015038,0.2506266,0
2022-06-26 01:02:49,0,0,0,0,0,92.71357,6.78392,0.2512563,0
2022-06-26 01:02:48,0,0,0.2487562,0,0,95.27363,4.477612,0,0
2022-06-26 01:02:47,0,0,0,0.25,0,93.25,5.75,0.5,0
2022-06-26 01:02:46,0,0,0,1.4778325,0,67.73399,9.359606,0.2463054,0
2022-06-26 01:02:45,0,0,0.25,0.5,0,88.5,5,0.25,0
2022-06-26 01:02:44,0,0,0,0,0,99.00249,0.7481297,0.2493766,0
2022-06-26 01:02:43,0,0,0.2506266,0.2506266,0,98.99749,0.2506266,0.2506266,0
2022-06-26 01:02:42,0,0,0,0,0,98.75312,1.2468828,0,0
2022-06-26 01:02:41,0,0,0,0,0,98.5,1,0.5,0
2022-06-26 01:02:40,0,0,0.7518797,0.2506266,0,96.74185,2.255639,0,0
2022-06-26 01:02:39,0,0,0.2506266,0,0,98.74687,0.5012531,0.5012531,0
2022-06-26 01:02:38,0,0,0,0,0,99.5,0.5,0,0
2022-06-26 01:02:37,0,0,0.4975124,0.2487562,0,98.00995,1.2437811,0,0
2022-06-26 01:02:36,0,0,1.0050251,0,0,96.73367,1.758794,0.5025126,0
2022-06-26 01:02:35,0,0,0.4975124,0.2487562,0,97.01493,2.238806,0,0
2022-06-26 01:02:34,0,0,0.5037783,0,0,97.98489,1.2594458,0.2518892,0
2022-06-26 01:02:33,0,0,0.7462687,0,0,96.76617,2.238806,0.2487562,0
2022-06-26 01:02:32,0,0,0,0,0,99.24623,0.7537688,0,0
2022-06-26 01:02:31,0,0,0.2487562,0.2487562,0,97.76119,1.4925373,0.2487562,0
2022-06-26 01:02:30,0,0,0.7518797,0.2506266,0,95.98997,3.007519,0,0
2022-06-26 01:02:29,0,0,1.25,0.25,0,95.5,2.75,0.25,0
2022-06-26 01:02:28,0,0,0.2506266,0,0,98.24561,1.5037594,0,0
2022-06-26 01:02:27,0,0,0.75,0.25,0,97.5,1.25,0.25,0
2022-06-26 01:02:26,0,0,0.5,0.25,0,97.5,1.5,0.25,0
2022-06-26 01:02:25,0,0,0.75,0,0,98,1.25,0,0
2022-06-26 01:02:24,0,0,0.4975124,0,0,97.51244,1.741294,0.2487562,0
2022-06-26 01:02:23,0,0,1.0025063,0,0,96.74185,2.005013,0.2506266,0
2022-06-26 01:02:22,0,0,1.2468828,0.2493766,0,94.51372,3.740648,0.2493766,0
2022-06-26 01:02:21,0,0,0.2506266,0.2506266,0,98.49624,1.0025063,0,0
2022-06-26 01:02:20,0,0,0.2493766,0,0,98.25436,0.9975062,0.4987531,0
2022-06-26 01:02:19,0,0,1,0.25,0,96,2.5,0.25,0
2022-06-26 01:02:18,0,0,0.2518892,0,0,98.23678,1.2594458,0.2518892,0
2022-06-26 01:02:17,0,0,0.7462687,0,0,98.00995,0.9950249,0.2487562,0
2022-06-26 01:02:16,0,0,1.2468828,0.4987531,0,95.51122,2.493766,0.2493766,0
2022-06-26 01:02:15,0,0,1,0.25,0,96,2.75,0,0
2022-06-26 01:02:14,0,0,0,0,0,98.99497,0.7537688,0.2512563,0
2022-06-26 01:02:13,0,0,0.2493766,0.2493766,0,98.00499,0.9975062,0.4987531,0
2022-06-26 01:02:12,0,0,0.9975062,0,0,95.26185,3.241895,0.4987531,0
2022-06-26 01:02:11,0,0,0.5037783,0.2518892,0,97.98489,1.2594458,0,0
2022-06-26 01:02:10,0,0,0.5025126,0,0,98.24121,1.0050251,0.2512563,0
2022-06-26 01:02:09,0,0,0.9925558,0,0,96.02978,2.729529,0.248139,0
2022-06-26 01:02:08,0,0,1,0.25,0,96.25,2.25,0.25,0
2022-06-26 01:02:07,0,0,0.25,0,0,98.25,1,0.5,0
2022-06-26 01:02:06,0,0,0,0,0,98.74687,1.2531328,0,0
2022-06-26 01:02:05,0,0,0.4987531,0.2493766,0,96.7581,2.244389,0.2493766,0
2022-06-26 01:02:04,0,0,0.9950249,0.2487562,0,95.77114,2.985075,0,0
2022-06-26 01:02:03,0,0,0.5025126,0.5025126,0,97.48744,1.2562814,0.2512563,0
2022-06-26 01:02:02,0,0,0.4987531,0,0,96.50873,2.743142,0.2493766,0
2022-06-26 01:02:01,0,0,0.7537688,0,0,96.23116,2.763819,0.2512563,0
2022-06-26 01:02:00,0,0,0.7444169,0.248139,0,96.52605,2.233251,0.248139,0
2022-06-26 01:01:59,0,0,0.5012531,0,0,97.99499,1.5037594,0,0
2022-06-26 01:01:58,0,0,0.2493766,0,0,97.25686,1.995012,0.4987531,0
2022-06-26 01:01:57,0,0,0.5,0,0,97,2.25,0.25,0
2022-06-26 01:01:56,0,0,0.7537688,0,0,96.98492,2.261307,0,0
2022-06-26 01:01:55,0,0,0.7462687,0.2487562,0,96.0199,2.736318,0.2487562,0
2022-06-26 01:01:54,0,0,1.2531328,0,0,89.97494,8.521303,0.2506266,0
2022-06-26 01:01:53,0,0,1,0.75,0,92.5,5.5,0.25,0
2022-06-26 01:01:52,0,0,0.7518797,0,0,93.23308,5.764411,0.2506266,0
2022-06-26 01:01:51,0,0,0.7481297,0,0,93.01746,6.234414,0,0
2022-06-26 01:01:50,0,0,0.9975062,0.4987531,0,91.5212,6.982544,0,0
2022-06-26 01:01:49,0,0,1,0,0,92.25,6.75,0,0
2022-06-26 01:01:48,0,0,0,0,0,92,7.5,0.5,0
2022-06-26 01:01:47,0,0,0,0,0,92.75,6.75,0.25,0
2022-06-26 01:01:46,0,0,0,0.2506266,0,91.97995,7.017544,0.7518797,0
2022-06-26 01:01:45,0,0,0.2506266,0,0,91.97995,7.769424,0,0
2022-06-26 01:01:44,0,0,0,0,0,94.52736,5.223881,0.2487562,0
2022-06-26 01:01:43,0,0,0,0.2506266,0,95.2381,3.258145,0.2506266,0
2022-06-26 01:01:42,0,0,0.25,0,0,98,1.75,0,0
2022-06-26 01:01:41,0,0,0,0.25,0,98.5,1.25,0,0
2022-06-26 01:01:40,0,0,0,0,0,99.49875,0.5012531,0,0
2022-06-26 01:01:39,0,0,0.2493766,0,0,99.00249,0.4987531,0.2493766,0
2022-06-26 01:01:38,0,0,0,0,0,98.75312,0.9975062,0.2493766,0
2022-06-26 01:01:37,0,0,0.5025126,0,0,98.49246,1.0050251,0,0
2022-06-26 01:01:36,0,0,0.9925558,0.248139,0,96.52605,1.985112,0.248139,0
2022-06-26 01:01:35,0,0,0.2512563,0,0,97.98995,1.5075377,0.2512563,0
2022-06-26 01:01:34,0,0,0.25,0,0,98.5,1.25,0,0
2022-06-26 01:01:33,0,0,0.7481297,0.2493766,0,97.00748,1.745636,0.2493766,0
2022-06-26 01:01:32,0,0,0,0,0,98.49246,1.2562814,0.2512563,0
2022-06-26 01:01:31,0,0,0.2493766,0.2493766,0,98.00499,0.9975062,0.4987531,0
2022-06-26 01:01:30,0,0,0.9975062,0.4987531,0,96.25935,1.995012,0.2493766,0
2022-06-26 01:01:29,0,0,0.9975062,0.4987531,0,95.51122,2.992519,0,0
2022-06-26 01:01:28,0,0,0.2518892,0,0,98.99244,0.5037783,0.2518892,0
2022-06-26 01:01:27,0,0,0.9975062,0.2493766,0,96.7581,1.995012,0,0
2022-06-26 01:01:26,0,0,0.5012531,0,0,97.49373,1.754386,0.2506266,0
2022-06-26 01:01:25,0,0,0.4987531,0,0,98.25436,0.9975062,0.2493766,0
2022-06-26 01:01:24,0,0,0.2506266,0,0,98.49624,1.0025063,0.2506266,0
2022-06-26 01:01:23,0,0,0.9950249,0.2487562,0,95.52239,2.736318,0.4975124,0
2022-06-26 01:01:22,0,0,1.2468828,0,0,95.51122,2.743142,0.4987531,0
2022-06-26 01:01:21,0,0,0.5025126,0,0,98.49246,0.7537688,0.2512563,0
2022-06-26 01:01:20,0,0,0.75,0,0,96.5,2.5,0.25,0
2022-06-26 01:01:19,0,0,0.5012531,0,0,97.74436,1.754386,0,0
2022-06-26 01:01:18,0,0,0,0,0,98.75,0.75,0.5,0
2022-06-26 01:01:17,0,0,0.25,0,0,99.25,0.5,0,0
2022-06-26 01:01:16,0,0,0.7481297,0.2493766,0,94.76309,3.990025,0.2493766,0
2022-06-26 01:01:15,0,0,1.5,0.25,0,95.5,2.5,0.25,0
2022-06-26 01:01:14,0,0,0.2487562,0,0,98.00995,1.2437811,0.2487562,0.2487562
2022-06-26 01:01:13,0,0,0.7481297,0,0,97.00748,1.995012,0.2493766,0
2022-06-26 01:01:12,0,0,0.5025126,0,0,97.73869,1.5075377,0.2512563,0
2022-06-26 01:01:11,0,0,0,0,0,99.24623,0.5025126,0.2512563,0
2022-06-26 01:01:10,0,0,0.2493766,0,0,98.25436,1.2468828,0.2493766,0
2022-06-26 01:01:09,0,0,1,0.25,0,95.5,2.5,0.75,0
2022-06-26 01:01:08,0,0,1.25,0.5,0,94.5,3.75,0,0
2022-06-26 01:01:07,0,0,0.7481297,0,0,97.50623,1.4962594,0.2493766,0
2022-06-26 01:01:06,0,0,0.7518797,0.2506266,0,96.74185,2.255639,0,0
2022-06-26 01:01:05,0,0,0.5,0.25,0,97,1.75,0.5,0
2022-06-26 01:01:04,0,0,0.5012531,0,0,98.49624,1.0025063,0,0
2022-06-26 01:01:03,0,0,0.2493766,0,0,98.75312,0.9975062,0,0
2022-06-26 01:01:02,0,0,0.4987531,0,0,97.00748,1.995012,0.4987531,0
2022-06-26 01:01:01,0,0,1.0025063,0,0,95.98997,2.756892,0.2506266,0
2022-06-26 01:01:00,0,0,1,0.25,0,94.25,4.25,0.25,0
2022-06-26 01:00:59,0,0,1,0,0,95.75,3.25,0,0
2022-06-26 01:00:58,0,0,0.4975124,0,0,98.25871,0.7462687,0.4975124,0
2022-06-26 01:00:57,0,0,0.5012531,0,0,96.99248,2.506266,0,0
2022-06-26 01:00:56,0,0,0.25,0,0,99,0.5,0.25,0
2022-06-26 01:00:55,0,0,0,0,0,98.74687,1.2531328,0,0
2022-06-26 01:00:54,0,0,0,0,0,98,1.75,0.25,0
2022-06-26 01:00:53,0,0,1,0.25,0,95.75,3,0,0
2022-06-26 01:00:52,0,0,1.2531328,0.5012531,0,93.48371,4.511278,0.2506266,0
2022-06-26 01:00:51,0,0,1.736973,0.4962779,0,91.067,6.203474,0.4962779,0
2022-06-26 01:00:50,0,0,1.5037594,0.2506266,0,90.22556,7.518797,0.5012531,0
2022-06-26 01:00:49,0,0,0.9950249,0,0,89.55224,8.955224,0.4975124,0
2022-06-26 01:00:48,0,0,0.5037783,0.2518892,0,94.20655,5.037783,0,0
2022-06-26 01:00:47,0,0,0.2493766,0.2493766,0,93.76559,5.486284,0.2493766,0
2022-06-26 01:00:46,0,0,0.25,0,0,95,4.5,0.25,0
2022-06-26 01:00:45,0,0,0,0,0,92.26933,7.23192,0.4987531,0
2022-06-26 01:00:44,0,0,0.25,0,0,91.25,8,0.25,0
2022-06-26 01:00:43,0,0,0,0.5037783,0,89.42065,9.319899,0,0
2022-06-26 01:00:42,0,0,0.2506266,0,0,85.46366,8.521303,0.2506266,0
2022-06-26 01:00:41,0,0,0,0.25,0,94.25,4.25,0.25,0
2022-06-26 01:00:40,0,0,0.25,0,0,97.75,2,0,0
2022-06-26 01:00:39,0,0,0,0.2506266,0,98.74687,0.7518797,0.2506266,0
2022-06-26 01:00:38,0,0,0,0.2493766,0,98.75312,0.7481297,0.2493766,0
2022-06-26 01:00:37,0,0,0.25,0,0,99.25,0.5,0,0
2022-06-26 01:00:36,0,0,0,0,0,99.25,0.5,0.25,0
2022-06-26 01:00:35,0,0,0,0,0,98.24561,1.5037594,0.2506266,0
2022-06-26 01:00:34,0,0,0.9975062,0.2493766,0,96.50873,1.995012,0.2493766,0
2022-06-26 01:00:33,0,0,0.2506266,0,0,98.49624,1.0025063,0.2506266,0
2022-06-26 01:00:32,0,0,0.5012531,0.2506266,0,96.74185,2.506266,0,0
2022-06-26 01:00:31,0,0,1.2468828,0.2493766,0,96.25935,1.995012,0.2493766,0
2022-06-26 01:00:30,0,0,0.25,0,0,98.5,1,0.25,0
2022-06-26 01:00:29,0,0,0.2493766,0,0,98.00499,0.9975062,0.7481297,0
2022-06-26 01:00:28,0,0,0.7518797,0.2506266,0,97.49373,1.2531328,0.2506266,0
2022-06-26 01:00:27,0,0,0.5,0,0,97.75,1.5,0.25,0
2022-06-26 01:00:26,0,0,0.7481297,0,0,97.00748,1.995012,0.2493766,0
2022-06-26 01:00:25,0,0,1.5037594,0.2506266,0,95.48872,2.756892,0,0
2022-06-26 01:00:24,0,0,1,0.5,0,96.75,1.75,0,0
2022-06-26 01:00:23,0,0,0,0,0,98.5,1.25,0.25,0
2022-06-26 01:00:22,0,0,0.2506266,0,0,98.99749,0.5012531,0.2506266,0
2022-06-26 01:00:21,0,0,0.7462687,0,0,96.76617,1.99005,0.4975124,0
2022-06-26 01:00:20,0,0,0.5012531,0,0,97.74436,1.5037594,0.2506266,0
2022-06-26 01:00:19,0,0,0.5012531,0,0,97.74436,1.5037594,0.2506266,0
2022-06-26 01:00:18,0,0,1.4962594,0.4987531,0,94.51372,2.992519,0.4987531,0
2022-06-26 01:00:17,0,0,0.5012531,0,0,97.24311,2.005013,0.2506266,0
2022-06-26 01:00:16,0,0,0.2493766,0,0,98.75312,0.7481297,0.2493766,0
2022-06-26 01:00:15,0,0,0.25,0,0,99,0.75,0,0
2022-06-26 01:00:14,0,0,0.2506266,0,0,98.49624,1.0025063,0.2506266,0
2022-06-26 01:00:13,0,0,0.9950249,0.2487562,0,97.01493,1.4925373,0.2487562,0
2022-06-26 01:00:12,0,0,0.75,0,0,96,2.75,0.5,0
2022-06-26 01:00:11,0,0,1.0025063,0.2506266,0,96.2406,2.255639,0.2506266,0
2022-06-26 01:00:10,0,0,0.75,0,0,96.75,2.25,0.25,0
2022-06-26 01:00:09,0,0,0,0,0,99.25,0.75,0,0
2022-06-26 01:00:08,0,0,0.25,0,0,99,0.5,0.25,0
2022-06-26 01:00:07,0,0,0.4987531,0,0,97.50623,1.745636,0.2493766,0
2022-06-26 01:00:06,0,0,0.5,0,0,98,1.5,0,0
2022-06-26 01:00:05,0,0,1.25,0.25,0,95.5,2.75,0.25,0
2022-06-26 01:00:04,0,0,1.2531328,0.2506266,0,94.98747,3.258145,0.2506266,0
2022-06-26 01:00:03,0,0,0.5,0.25,0,98.25,0.75,0.25,0
2022-06-26 01:00:02,0,0,0.25,0.25,0,98.75,0.5,0.25,0
2022-06-26 01:00:01,0,0,0,0,0,99.25,0.75,0,0
2022-06-26 01:00:00,0,0,0.25,0,0,97.75,1.5,0.5,0
2022-06-26 00:59:59,0,0,0.7481297,0,0,95.7606,3.241895,0.2493766,0
2022-06-26 00:59:58,0,0,1,0,0,95.75,3,0.25,0
2022-06-26 00:59:57,0,0,1,0.5,0,94.25,4,0.25,0
2022-06-26 00:59:56,0,0,0.7518797,0.2506266,0,96.99248,1.754386,0.2506266,0
2022-06-26 00:59:55,0,0,0.4975124,0.2487562,0,96.51741,2.487562,0.2487562,0
2022-06-26 00:59:54,0,0,0.2512563,0,0,97.98995,1.758794,0,0
2022-06-26 00:59:53,0,0,0.2493766,0.2493766,0,98.00499,0.9975062,0.4987531,0
2022-06-26 00:59:52,0,0,0,0,0,98.49624,1.5037594,0,0
2022-06-26 00:59:51,0,0,0.4987531,0.2493766,0,96.50873,2.493766,0.2493766,0
2022-06-26 00:59:50,0,0,1.2468828,0.2493766,0,94.26434,3.990025,0.2493766,0
2022-06-26 00:59:49,0,0,1.0050251,0.2512563,0,92.71357,6.030151,0,0
2022-06-26 00:59:48,0,0,1.5037594,0,0,92.4812,5.764411,0.2506266,0
2022-06-26 00:59:47,0,0,1.2406948,0.248139,0,91.81141,6.203474,0.4962779,0
2022-06-26 00:59:46,0,0,1.2594458,0,0,93.70277,4.785894,0.2518892,0
2022-06-26 00:59:45,0,0,0.4987531,0,0,91.77057,7.481297,0.2493766,0
2022-06-26 00:59:44,0,0,0.25,0,0,93,6.5,0.25,0
2022-06-26 00:59:43,0,0,0,0,0,95.27363,4.477612,0.2487562,0
2022-06-26 00:59:42,0,0,0,0,0,91.4787,8.02005,0.5012531,0
2022-06-26 00:59:41,0,0,0.2493766,0,0,91.27182,8.229426,0,0
2022-06-26 00:59:40,0,0,0.2518892,0,0,90.93199,8.564232,0.2518892,0
2022-06-26 00:59:39,0,0,0,0,0,92.5187,5.735661,0.2493766,0
2022-06-26 00:59:38,0,0,0,0,0,94.98747,3.759398,0.5012531,0
2022-06-26 00:59:37,0,0,0.2512563,0,0,98.49246,1.0050251,0.2512563,0
2022-06-26 00:59:36,0,0,0.2493766,0.2493766,0,97.75561,1.4962594,0.2493766,0
2022-06-26 00:59:35,0,0,0.25,0,0,98.25,1.5,0,0
2022-06-26 00:59:34,0,0,0,0,0,98.99749,0.7518797,0.2506266,0
2022-06-26 00:59:33,0,0,0,0,0,99.5,0.25,0.25,0
2022-06-26 00:59:32,0,0,0.25,0.25,0,97,2.25,0.25,0
2022-06-26 00:59:31,0,0,0.7462687,0,0,97.51244,1.4925373,0.2487562,0
2022-06-26 00:59:30,0,0,1,0,0,96.5,2,0.5,0
2022-06-26 00:59:29,0,0,0.7518797,0,0,93.98496,5.012531,0.2506266,0
2022-06-26 00:59:28,0,0,0.2506266,0,0,97.74436,1.754386,0.2506266,0
2022-06-26 00:59:27,0,0,0,0,0,99.24812,0.5012531,0.2506266,0
2022-06-26 00:59:26,0,0,0.2493766,0,0,98.75312,0.7481297,0.2493766,0
2022-06-26 00:59:25,0,0,0.9975062,0,0,97.25686,1.4962594,0.2493766,0
2022-06-26 00:59:24,0,0,1.0025063,0.5012531,0,95.98997,2.506266,0,0
2022-06-26 00:59:23,0,0,0.7481297,0.2493766,0,96.50873,2.244389,0.2493766,0
2022-06-26 00:59:22,0,0,1.0025063,0,0,97.49373,1.5037594,0,0
2022-06-26 00:59:21,0,0,0.4987531,0.2493766,0,97.25686,1.745636,0.2493766,0
2022-06-26 00:59:20,0,0,0.2506266,0,0,99.49875,0.2506266,0,0
2022-06-26 00:59:19,0,0,0,0,0,98.75,1.25,0,0
2022-06-26 00:59:18,0,0,0.9975062,0.2493766,0,96.7581,1.745636,0.2493766,0
2022-06-26 00:59:17,0,0,1,0,0,96.5,2.25,0.25,0
2022-06-26 00:59:16,0,0,0.7481297,0,0,97.00748,1.995012,0.2493766,0
2022-06-26 00:59:15,0,0,0.7481297,0.4987531,0,97.00748,1.4962594,0.2493766,0
2022-06-26 00:59:14,0,0,0.5025126,0.2512563,0,97.73869,1.5075377,0,0
2022-06-26 00:59:13,0,0,0,0,0,99,0.75,0.25,0
2022-06-26 00:59:12,0,0,0,0.25,0,99,0.5,0.25,0
2022-06-26 00:59:11,0,0,1.0025063,0,0,97.49373,1.5037594,0,0
2022-06-26 00:59:10,0,0,1.2468828,0.4987531,0,94.76309,2.992519,0.4987531,0
2022-06-26 00:59:09,0,0,0.5012531,0,0,97.99499,1.5037594,0,0
2022-06-26 00:59:08,0,0,0.75,0.25,0,97,1.75,0.25,0
2022-06-26 00:59:07,0,0,0.2506266,0,0,98.49624,1.0025063,0.2506266,0
2022-06-26 00:59:06,0,0,0.2487562,0,0,99.00498,0.4975124,0.2487562,0
2022-06-26 00:59:05,0,0,0.2506266,0,0,98.74687,1.0025063,0,0
2022-06-26 00:59:04,0,0,1.25,0.25,0,95.75,2.5,0.25,0
2022-06-26 00:59:03,0,0,0.7518797,0.2506266,0,96.49123,2.005013,0.5012531,0
2022-06-26 00:59:02,0,0,0.7481297,0.2493766,0,96.25935,2.244389,0.4987531,0
2022-06-26 00:59:01,0,0,0.75,0,0,96.5,2.75,0,0
2022-06-26 00:59:00,0,0,0.5,0,0,98,1.25,0.25,0
2022-06-26 00:58:59,0,0,0.25,0,0,98.75,1,0,0
2022-06-26 00:58:58,0,0,0,0,0,98.75,1,0.25,0
2022-06-26 00:58:57,0,0,0.5,0,0,96.75,2.25,0.5,0
2022-06-26 00:58:56,0,0,0.9950249,0.2487562,0,95.77114,2.736318,0.2487562,0
2022-06-26 00:58:55,0,0,1.0025063,0,0,96.49123,2.506266,0,0
2022-06-26 00:58:54,0,0,0.5012531,0.2506266,0,96.74185,2.255639,0.2506266,0
2022-06-26 00:58:53,0,0,0.7481297,0,0,96.7581,2.244389,0.2493766,0
2022-06-26 00:58:52,0,0,0.5025126,0,0,97.48744,2.01005,0,0
2022-06-26 00:58:51,0,0,0,0,0,98.01489,1.736973,0.248139,0
2022-06-26 00:58:50,0,0,0,0,0,99.24812,0.5012531,0.2506266,0
2022-06-26 00:58:49,0,0,1.0050251,0,0,95.22613,3.517588,0.2512563,0
2022-06-26 00:58:48,0,0,1,0,0,96.5,2.25,0.25,0
2022-06-26 00:58:47,0,0,1.2531328,0,0,94.48622,4.260652,0,0
2022-06-26 00:58:46,0,0,0.9975062,0.2493766,0,91.5212,6.982544,0.2493766,0
2022-06-26 00:58:45,0,0,1.2437811,0.2487562,0,94.02985,4.228856,0.2487562,0
2022-06-26 00:58:44,0,0,0.9975062,0.2493766,0,90.77307,7.730673,0.2493766,0
2022-06-26 00:58:43,0,0,1.0075567,0.2518892,0,90.42821,8.060453,0.2518892,0
2022-06-26 00:58:42,0,0,0.2487562,0,0,92.28856,7.21393,0.2487562,0
2022-06-26 00:58:41,0,0,0.2493766,0,0,93.26683,5.985037,0.2493766,0
2022-06-26 00:58:40,0,0,0,0,0,92.73183,7.017544,0.2506266,0
2022-06-26 00:58:39,0,0,0.25,0.25,0,89.5,9.75,0.25,0
2022-06-26 00:58:38,0,0,0,0,0,92.23058,7.518797,0.2506266,0
2022-06-26 00:58:37,0,0,0.2506266,0.5012531,0,91.72932,6.766917,0.2506266,0
2022-06-26 00:58:36,0,0,0,0.25,0,95.25,4.5,0,0
2022-06-26 00:58:35,0,0,0,0.4975124,0,97.26368,1.741294,0.4975124,0
2022-06-26 00:58:34,0,0,0.2506266,0,0,98.74687,1.0025063,0,0
2022-06-26 00:58:33,0,0,0.25,0,0,98.5,1,0.25,0
2022-06-26 00:58:32,0,0,0.2506266,0,0,98.99749,0.5012531,0.2506266,0
2022-06-26 00:58:31,0,0,0,0.25,0,98.5,1.25,0,0
2022-06-26 00:58:30,0,0,0.5,0,0,97.25,2,0.25,0
2022-06-26 00:58:29,0,0,0.4987531,0.2493766,0,97.00748,2.244389,0,0
2022-06-26 00:58:28,0,0,0.7481297,0,0,96.50873,1.995012,0.7481297,0
2022-06-26 00:58:27,0,0,0.5025126,0.2512563,0,97.23618,2.01005,0,0
2022-06-26 00:58:26,0,0,0.2506266,0,0,99.24812,0.5012531,0,0
2022-06-26 00:58:25,0,0,0.4975124,0.2487562,0,96.76617,1.99005,0.4975124,0
2022-06-26 00:58:24,0,0,0.7518797,0,0,97.74436,1.5037594,0,0
2022-06-26 00:58:23,0,0,0.5012531,0.2506266,0,97.99499,1.0025063,0.2506266,0
2022-06-26 00:58:22,0,0,0.9975062,0.2493766,0,96.50873,1.995012,0.2493766,0
2022-06-26 00:58:21,0,0,1.0025063,0,0,96.74185,1.754386,0.5012531,0
2022-06-26 00:58:20,0,0,0.4987531,0.2493766,0,97.50623,1.745636,0,0
2022-06-26 00:58:19,0,0,0.5,0,0,98,1.25,0.25,0
2022-06-26 00:58:18,0,0,0.2493766,0.2493766,0,98.50374,0.4987531,0.2493766,0
2022-06-26 00:58:17,0,0,0.2506266,0,0,97.99499,1.5037594,0.2506266,0
2022-06-26 00:58:16,0,0,0.5025126,0,0,97.98995,1.2562814,0.2512563,0
2022-06-26 00:58:15,0,0,0.9950249,0.4975124,0,96.26866,1.99005,0.2487562,0
2022-06-26 00:58:14,0,0,0.9950249,0.2487562,0,95.77114,2.736318,0.2487562,0
2022-06-26 00:58:13,0,0,0.7537688,0,0,97.48744,1.5075377,0.2512563,0
2022-06-26 00:58:12,0,0,0.4987531,0.2493766,0,97.00748,1.995012,0.2493766,0
2022-06-26 00:58:11,0,0,0.25,0,0,98.25,1.25,0.25,0
2022-06-26 00:58:10,0,0,0.2512563,0,0,98.74372,0.7537688,0.2512563,0
2022-06-26 00:58:09,0,0,0.5,0,0,98.25,1,0.25,0
2022-06-26 00:58:08,0,0,0.9975062,0.4987531,0,96.50873,1.995012,0,0
2022-06-26 00:58:07,0,0,1,0,0,96.5,2.25,0.25,0
2022-06-26 00:58:06,0,0,0.5,0.25,0,97.75,1,0.5,0
2022-06-26 00:58:05,0,0,0.4987531,0,0,97.50623,1.995012,0,0
2022-06-26 00:58:04,0,0,0.2506266,0,0,98.74687,1.0025063,0,0
2022-06-26 00:58:03,0,0,0,0,0,99.24812,0.5012531,0.2506266,0
2022-06-26 00:58:02,0,0,0.7518797,0,0,96.74185,2.255639,0.2506266,0
2022-06-26 00:58:01,0,0,1.2468828,0.2493766,0,96.7581,1.4962594,0.2493766,0
2022-06-26 00:58:00,0,0,1.0025063,0,0,95.48872,3.508772,0,0
2022-06-26 00:57:59,0,0,0.4987531,0,0,97.50623,1.745636,0.2493766,0
2022-06-26 00:57:58,0,0,0.5,0,0,98,1.25,0.25,0
2022-06-26 00:57:57,0,0,0.2506266,0,0,98.74687,0.7518797,0.2506266,0
2022-06-26 00:57:56,0,0,0,0,0,99.00249,0.7481297,0.2493766,0
2022-06-26 00:57:55,0,0,0.5012531,0,0,97.74436,1.754386,0,0
2022-06-26 00:57:54,0,0,0.9950249,0.2487562,0,93.78109,4.477612,0.4975124,0
2022-06-26 00:57:53,0,0,1.758794,0,0,93.21608,5.025126,0,0
2022-06-26 00:57:52,0,0,0.7481297,0,0,96.50873,2.493766,0.2493766,0
2022-06-26 00:57:51,0,0,0.25,0,0,97.5,2,0.25,0
2022-06-26 00:57:50,0,0,0.25,0.25,0,98.5,0.75,0.25,0
2022-06-26 00:57:49,0,0,0.5,0,0,97.5,1.75,0.25,0
2022-06-26 00:57:48,0,0,0,0,0,98.25,1.25,0.5,0
2022-06-26 00:57:47,0,0,0.25,0,0,98.75,1,0,0
2022-06-26 00:57:46,0,0,0.5,0.25,0,95.25,3.75,0.25,0
2022-06-26 00:57:45,0,0,1.5,0,0,93.5,4.75,0.25,0
2022-06-26 00:57:44,0,0,2.005013,0.2506266,0,91.72932,5.764411,0.2506266,0
2022-06-26 00:57:43,0,0,1.4925373,0.4975124,0,87.06468,10.696517,0.2487562,0
2022-06-26 00:57:42,0,0,0.7537688,0,0,91.45729,7.788945,0,0
2022-06-26 00:57:41,0,0,0.5,0,0,95,4.25,0.25,0
2022-06-26 00:57:40,0,0,0.2493766,0.4987531,0,93.51621,5.236908,0.2493766,0
2022-06-26 00:57:39,0,0,0.2487562,0.2487562,0,92.28856,6.716418,0.4975124,0
2022-06-26 00:57:38,0,0,0.2518892,0,0,94.45844,5.289673,0,0
2022-06-26 00:57:37,0,0,0,0,0,93.03483,6.716418,0.2487562,0
2022-06-26 00:57:36,0,0,0,0.2512563,0,84.42211,10.050251,0.2512563,0
2022-06-26 00:57:35,0,0,0.25,0.5,0,86.75,7.25,0,0
2022-06-26 00:57:34,0,0,0,0,0,98,1.5,0.5,0
2022-06-26 00:57:33,0,0,0.25,0.25,0,97,2,0.5,0
2022-06-26 00:57:32,0,0,0,0,0,98.49246,1.5075377,0,0
2022-06-26 00:57:31,0,0,0.2493766,0,0,98.75312,0.7481297,0.2493766,0
2022-06-26 00:57:30,0,0,0,0.2506266,0,98.99749,0.5012531,0.2506266,0
2022-06-26 00:57:29,0,0,0,0,0,99.25373,0.4975124,0.2487562,0
2022-06-26 00:57:28,0,0,0.5012531,0.2506266,0,97.74436,1.5037594,0,0
2022-06-26 00:57:27,0,0,0,0,0,98.49246,1.2562814,0.2512563,0
2022-06-26 00:57:26,0,0,0.9975062,0,0,96.7581,1.995012,0.2493766,0
2022-06-26 00:57:25,0,0,1,0,0,95.5,3,0.5,0
2022-06-26 00:57:24,0,0,0.4987531,0.2493766,0,97.75561,1.2468828,0.2493766,0
2022-06-26 00:57:23,0,0,0.2512563,0,0,98.99497,0.7537688,0,0
2022-06-26 00:57:22,0,0,0.2487562,0,0,99.00498,0.4975124,0.2487562,0
2022-06-26 00:57:21,0,0,0.5012531,0,0,97.74436,1.5037594,0.2506266,0
2022-06-26 00:57:20,0,0,0.75,0.25,0,96.75,2.25,0,0
2022-06-26 00:57:19,0,0,1.2437811,0,0,95.52239,2.985075,0.2487562,0
2022-06-26 00:57:18,0,0,0.7518797,0.2506266,0,96.99248,1.754386,0.2506266,0
2022-06-26 00:57:17,0,0,0.25,0,0,98.75,1,0,0
2022-06-26 00:57:16,0,0,0.5,0,0,98.5,1,0,0
2022-06-26 00:57:15,0,0,0,0,0,99.49875,0.5012531,0,0
2022-06-26 00:57:14,0,0,0.2493766,0,0,97.75561,1.745636,0.2493766,0
2022-06-26 00:57:13,0,0,1.0025063,0.2506266,0,95.73935,2.506266,0.5012531,0
2022-06-26 00:57:12,0,0,1.4962594,0.7481297,0,94.76309,2.743142,0.2493766,0
2022-06-26 00:57:11,0,0,0.7518797,0.2506266,0,96.99248,1.754386,0.2506266,0
2022-06-26 00:57:10,0,0,0,0,0,98.75312,0.9975062,0.2493766,0
2022-06-26 00:57:09,0,0,0.75,0,0,97.5,1.5,0.25,0
2022-06-26 00:57:08,0,0,0,0,0,98.5,1.25,0.25,0
2022-06-26 00:57:07,0,0,0.5012531,0,0,97.99499,1.5037594,0,0
2022-06-26 00:57:06,0,0,1,0,0,96.5,2.5,0,0
2022-06-26 00:57:05,0,0,1.2437811,0.2487562,0,95.27363,2.985075,0.2487562,0
2022-06-26 00:57:04,0,0,0.7537688,0,0,97.98995,1.0050251,0.2512563,0
2022-06-26 00:57:03,0,0,0.5,0,0,97.5,1.5,0.5,0
2022-06-26 00:57:02,0,0,0.4987531,0.4987531,0,97.75561,1.2468828,0,0
2022-06-26 00:57:01,0,0,0,0,0,98.49624,1.5037594,0,0
2022-06-26 00:57:00,0,0,0.5012531,0,0,96.99248,2.005013,0.5012531,0
2022-06-26 00:56:59,0,0,1.2468828,0.2493766,0,96.00998,2.244389,0.2493766,0
2022-06-26 00:56:58,0,0,0.7481297,0.2493766,0,96.7581,1.995012,0.2493766,0
2022-06-26 00:56:57,0,0,0.5012531,0,0,97.49373,1.754386,0.2506266,0
2022-06-26 00:56:56,0,0,0.75,0.25,0,96.5,2.5,0,0
2022-06-26 00:56:55,0,0,0.4962779,0,0,97.51861,1.736973,0.248139,0
2022-06-26 00:56:54,0,0,0,0,0,99.24623,0.5025126,0,0
2022-06-26 00:56:53,0,0,0.5,0.25,0,97,2,0.25,0
2022-06-26 00:56:52,0,0,0.9975062,0.2493766,0,95.7606,2.743142,0.2493766,0
2022-06-26 00:56:51,0,0,0,0,0,98.99497,1.0050251,0,0
2022-06-26 00:56:50,0,0,0.9975062,0,0,95.7606,2.743142,0.4987531,0
2022-06-26 00:56:49,0,0,1.0025063,0,0,95.2381,3.759398,0,0
2022-06-26 00:56:48,0,0,0.7481297,0.4987531,0,96.50873,1.995012,0.2493766,0
2022-06-26 00:56:47,0,0,0.25,0,0,98,1.5,0.25,0
2022-06-26 00:56:46,0,0,0.2487562,0,0,98.50746,1.2437811,0,0
2022-06-26 00:56:45,0,0,0.25,0.5,0,96.75,2.25,0.25,0
2022-06-26 00:56:44,0,0,0.9975062,0,0,94.76309,3.990025,0.2493766,0
2022-06-26 00:56:43,0,0,0.5050505,0,0,94.44444,5.050505,0,0
2022-06-26 00:56:42,0,0,0.7481297,0.2493766,0,94.76309,3.990025,0.2493766,0
2022-06-26 00:56:41,0,0,0.75,0.25,0,94.5,4.25,0.25,0
2022-06-26 00:56:40,0,0,0.9975062,0.2493766,0,91.5212,6.982544,0.2493766,0
2022-06-26 00:56:39,0,0,1.5037594,0,0,90.72682,7.518797,0.2506266,0
2022-06-26 00:56:38,0,0,0.9975062,0,0,90.77307,7.98005,0.2493766,0
2022-06-26 00:56:37,0,0,0.5025126,0.2512563,0,92.21106,6.78392,0.2512563,0
2022-06-26 00:56:36,0,0,0.2506266,0,0,91.97995,7.518797,0.2506266,0
2022-06-26 00:56:35,0,0,0,0,0,94.78908,4.71464,0.4962779,0
2022-06-26 00:56:34,0,0,0.25,0,0,95,4.75,0,0
2022-06-26 00:56:33,0,0,0,0.25,0,94,5.25,0.5,0
2022-06-26 00:56:32,0,0,0.2493766,0,0,92.26933,6.733167,0.2493766,0
2022-06-26 00:56:31,0,0,0,0,0,95.96977,3.02267,0.2518892,0
2022-06-26 00:56:30,0,0,0.25,0,0,97,2.75,0,0
2022-06-26 00:56:29,0,0,0,0,0,99.24623,0.7537688,0,0
2022-06-26 00:56:28,0,0,0.248139,0,0,98.26303,1.2406948,0.248139,0
2022-06-26 00:56:27,0,0,0,0,0,98.74372,1.0050251,0.2512563,0
2022-06-26 00:56:26,0,0,0.5,0.5,0,97.5,1.5,0,0
2022-06-26 00:56:25,0,0,0.5,0,0,98.25,1,0.25,0
2022-06-26 00:56:24,0,0,0.5012531,0,0,97.49373,1.754386,0.2506266,0
2022-06-26 00:56:23,0,0,0.4975124,0.2487562,0,97.76119,1.2437811,0.2487562,0
2022-06-26 00:56:22,0,0,0.75,0.25,0,96.75,2,0.25,0
2022-06-26 00:56:21,0,0,0.5025126,0,0,97.73869,1.5075377,0.2512563,0
2022-06-26 00:56:20,0,0,0.2493766,0.4987531,0,98.50374,0.4987531,0.2493766,0
2022-06-26 00:56:19,0,0,0.4987531,0,0,97.50623,1.745636,0.2493766,0
2022-06-26 00:56:18,0,0,0.7481297,0.2493766,0,96.7581,1.995012,0.2493766,0
2022-06-26 00:56:17,0,0,0,0,0,99,0.75,0.25,0
2022-06-26 00:56:16,0,0,1.0025063,0,0,96.99248,2.005013,0,0
2022-06-26 00:56:15,0,0,1.2531328,0.5012531,0,94.98747,3.007519,0.2506266,0
2022-06-26 00:56:14,0,0,0.5012531,0,0,97.74436,1.754386,0,0
2022-06-26 00:56:13,0,0,0,0.2487562,0,98.75622,0.4975124,0.4975124,0
2022-06-26 00:56:12,0,0,0.5012531,0,0,97.49373,2.005013,0,0
2022-06-26 00:56:11,0,0,0.75,0.25,0,97.25,1.5,0.25,0
2022-06-26 00:56:10,0,0,0.7481297,0,0,98.25436,0.9975062,0,0
2022-06-26 00:56:09,0,0,0.75,0.25,0,96.25,2.5,0.25,0
2022-06-26 00:56:08,0,0,1.0075567,0,0,97.22922,1.763224,0,0
2022-06-26 00:56:07,0,0,0.4962779,0,0,97.27047,1.736973,0.4962779,0
2022-06-26 00:56:06,0,0,0.2506266,0,0,98.24561,1.5037594,0,0
2022-06-26 00:56:05,0,0,0.2506266,0.2506266,0,97.99499,1.0025063,0.5012531,0
2022-06-26 00:56:04,0,0,0.7462687,0,0,96.76617,2.238806,0.2487562,0
2022-06-26 00:56:03,0,0,0.5012531,0.2506266,0,96.99248,1.754386,0.5012531,0
2022-06-26 00:56:02,0,0,1.0075567,0,0,96.22166,2.518892,0.2518892,0
2022-06-26 00:56:01,0,0,0.9950249,0,0,97.01493,1.741294,0.2487562,0
2022-06-26 00:56:00,0,0,0.75,0.25,0,97,2,0,0
2022-06-26 00:55:59,0,0,0,0,0,98.50746,1.2437811,0.2487562,0
2022-06-26 00:55:58,0,0,0.5,0.25,0,98.5,0.5,0.25,0
2022-06-26 00:55:57,0,0,0.5,0,0,97.25,2,0.25,0
2022-06-26 00:55:56,0,0,0.7537688,0.2512563,0,96.73367,2.261307,0,0
2022-06-26 00:55:55,0,0,0.9975062,0.2493766,0,95.7606,2.493766,0.4987531,0
2022-06-26 00:55:54,0,0,0.5012531,0,0,97.49373,2.005013,0,0
2022-06-26 00:55:53,0,0,0.7481297,0.2493766,0,96.7581,1.745636,0.4987531,0
2022-06-26 00:55:52,0,0,0,0,0,98.74687,1.2531328,0,0
2022-06-26 00:55:51,0,0,0.2487562,0,0,98.00995,1.2437811,0.4975124,0
2022-06-26 00:55:50,0,0,0.5012531,0,0,96.74185,2.506266,0.2506266,0
2022-06-26 00:55:49,0,0,0.75,0.25,0,97,2,0,0
2022-06-26 00:55:48,0,0,0.7537688,0.2512563,0,96.48241,2.261307,0.2512563,0
2022-06-26 00:55:47,0,0,0.9975062,0.2493766,0,95.01247,3.241895,0.4987531,0
2022-06-26 00:55:46,0,0,0.7462687,0.4975124,0,97.26368,1.2437811,0.2487562,0
2022-06-26 00:55:45,0,0,0.5025126,0.2512563,0,96.48241,2.512563,0.2512563,0
2022-06-26 00:55:44,0,0,0,0,0,98.25871,1.2437811,0.2487562,0
2022-06-26 00:55:43,0,0,0.25,0.25,0,98.25,1,0.25,0
2022-06-26 00:55:42,0,0,0.5,0.25,0,98,1.25,0,0
2022-06-26 00:55:41,0,0,1.0025063,0,0,95.2381,3.508772,0.2506266,0
2022-06-26 00:55:40,0,0,0.7481297,0.4987531,0,93.51621,5.236908,0,0
2022-06-26 00:55:39,0,0,1.0025063,0.2506266,0,92.73183,5.764411,0.2506266,0
2022-06-26 00:55:38,0,0,1.2531328,0.2506266,0,91.97995,6.265664,0.2506266,0
2022-06-26 00:55:37,0,0,1.2468828,0.2493766,0,94.01496,4.239401,0.2493766,0
2022-06-26 00:55:36,0,0,0.7462687,0.4975124,0,90.29851,8.208955,0.2487562,0
2022-06-26 00:55:35,0,0,0.5025126,0,0,93.21608,6.030151,0.2512563,0
2022-06-26 00:55:34,0,0,0.4975124,0,0,91.79104,7.462687,0.2487562,0
2022-06-26 00:55:33,0,0,0,0.2512563,0,93.46734,5.778894,0.5025126,0
2022-06-26 00:55:32,0,0,0.2487562,0,0,91.54229,7.462687,0.7462687,0
2022-06-26 00:55:31,0,0,0,0,0,91.9598,8.040201,0,0
2022-06-26 00:55:30,0,0,0,0.25,0,91,7,0.75,0
2022-06-26 00:55:29,0,0,0.2518892,0,0,93.95466,5.289673,0,0
2022-06-26 00:55:28,0,0,0,0,0,97,2.5,0.5,0
2022-06-26 00:55:27,0,0,0,0,0,99.25,0.5,0.25,0
2022-06-26 00:55:26,0,0,0.25,0,0,99,0.75,0,0
2022-06-26 00:55:25,0,0,0,0.2493766,0,98.50374,1.2468828,0,0
2022-06-26 00:55:24,0,0,0.5,0,0,98.5,0.75,0.25,0
2022-06-26 00:55:23,0,0,0.2493766,0.2493766,0,98.50374,0.7481297,0.2493766,0
2022-06-26 00:55:22,0,0,0.4987531,0,0,97.50623,1.745636,0.2493766,0
2022-06-26 00:55:21,0,0,0.7575758,0,0,97.22222,1.767677,0.2525253,0
2022-06-26 00:55:20,0,0,0.4987531,0,0,98.00499,1.4962594,0,0
2022-06-26 00:55:19,0,0,0.2487562,0,0,98.50746,0.9950249,0.2487562,0
2022-06-26 00:55:18,0,0,0.5,0,0,97.75,1.25,0.5,0
2022-06-26 00:55:17,0,0,0.5012531,0,0,97.99499,1.2531328,0.2506266,0
2022-06-26 00:55:16,0,0,0.4987531,0.2493766,0,97.75561,1.4962594,0,0
2022-06-26 00:55:15,0,0,0.7537688,0,0,97.23618,2.01005,0,0
2022-06-26 00:55:14,0,0,1.25,0.25,0,96.25,2,0.25,0
2022-06-26 00:55:13,0,0,0.25,0,0,98,1.5,0.25,0
2022-06-26 00:55:12,0,0,0.7481297,0.4987531,0,96.25935,2.244389,0.2493766,0
2022-06-26 00:55:11,0,0,0.2506266,0,0,98.49624,1.0025063,0.2506266,0
2022-06-26 00:55:10,0,0,0.2487562,0,0,98.75622,0.7462687,0.2487562,0
2022-06-26 00:55:09,0,0,0.5012531,0,0,96.99248,2.255639,0.2506266,0
2022-06-26 00:55:08,0,0,1.25,0.25,0,96.75,1.75,0,0
2022-06-26 00:55:07,0,0,0.7518797,0,0,97.24311,1.754386,0.2506266,0
2022-06-26 00:55:06,0,0,0.4987531,0,0,97.00748,2.244389,0.2493766,0
2022-06-26 00:55:05,0,0,0.75,0.25,0,97.5,1.25,0.25,0
2022-06-26 00:55:04,0,0,0.5,0,0,98.25,1.25,0,0
2022-06-26 00:55:03,0,0,0.25,0.25,0,97.75,1.5,0.25,0
2022-06-26 00:55:02,0,0,0.7518797,0,0,97.24311,2.005013,0,0
2022-06-26 00:55:01,0,0,0.9975062,0.2493766,0,96.7581,1.745636,0.2493766,0
2022-06-26 00:55:00,0,0,0.7537688,0,0,96.48241,2.512563,0.2512563,0
2022-06-26 00:54:59,0,0,0.4962779,0,0,97.76675,1.2406948,0.4962779,0
2022-06-26 00:54:58,0,0,1.0050251,0.2512563,0,96.98492,1.758794,0,0
2022-06-26 00:54:57,0,0,0.25,0,0,98.5,1,0.25,0
2022-06-26 00:54:56,0,0,0.248139,0,0,98.01489,1.4888337,0.248139,0
2022-06-26 00:54:55,0,0,0.7575758,0,0,97.72727,1.5151515,0,0
2022-06-26 00:54:54,0,0,0.9950249,0,0,95.77114,2.985075,0.2487562,0
2022-06-26 00:54:53,0,0,0.75,0,0,96.75,2.25,0.25,0
2022-06-26 00:54:52,0,0,0.5012531,0,0,97.49373,2.005013,0,0
2022-06-26 00:54:51,0,0,0.7481297,0,0,96.7581,2.244389,0.2493766,0
2022-06-26 00:54:50,0,0,0.25,0.25,0,97,2.25,0,0
2022-06-26 00:54:49,0,0,0,0,0,98.5,1.25,0.25,0
2022-06-26 00:54:48,0,0,0.5,0.25,0,97.25,1.75,0.25,0
2022-06-26 00:54:47,0,0,1,0.25,0,95.75,2.75,0.25,0
2022-06-26 00:54:46,0,0,0.9975062,0.2493766,0,95.51122,2.992519,0.2493766,0
2022-06-26 00:54:45,0,0,0.5012531,0.2506266,0,96.49123,2.506266,0.2506266,0
2022-06-26 00:54:44,0,0,0.2506266,0.2506266,0,96.99248,2.506266,0,0
2022-06-26 00:54:43,0,0,0.9975062,0.2493766,0,96.25935,1.995012,0.4987531,0
2022-06-26 00:54:42,0,0,0.2506266,0,0,97.74436,2.005013,0,0
2022-06-26 00:54:41,0,0,0.2493766,0,0,98.50374,0.9975062,0.2493766,0
2022-06-26 00:54:40,0,0,0.4987531,0,0,96.7581,2.743142,0,0
2022-06-26 00:54:39,0,0,0.75,0.25,0,95.75,2.75,0.5,0
2022-06-26 00:54:38,0,0,1.5075377,0.2512563,0,92.71357,5.276382,0.2512563,0
2022-06-26 00:54:37,0,0,0.9975062,0.2493766,0,91.77057,6.982544,0,0
2022-06-26 00:54:36,0,0,0.5012531,0,0,95.73935,3.759398,0,0
2022-06-26 00:54:35,0,0,0.4987531,0.2493766,0,93.26683,5.486284,0.4987531,0
2022-06-26 00:54:34,0,0,0.7518797,0,0,92.4812,6.766917,0,0
2022-06-26 00:54:33,0,0,0.75,0.25,0,91.5,7.25,0.25,0
2022-06-26 00:54:32,0,0,0.2506266,0,0,93.23308,6.265664,0.2506266,0
2022-06-26 00:54:31,0,0,0.7425743,0.2475248,0,87.87129,10.39604,0.2475248,0
2022-06-26 00:54:30,0,0,0,0,0,92.19144,7.808564,0,0
2022-06-26 00:54:29,0,0,0.2487562,0,0,95.77114,3.731343,0.2487562,0
2022-06-26 00:54:28,0,0,0,0,0,95.5,4.25,0.25,0
2022-06-26 00:54:27,0,0,0,0.2512563,0,91.70854,7.788945,0,0
2022-06-26 00:54:26,0,0,0.2487562,0,0,96.76617,2.985075,0,0
2022-06-26 00:54:25,0,0,0.2512563,0,0,98.24121,1.2562814,0.2512563,0
2022-06-26 00:54:24,0,0,0.25,0,0,97.5,2,0.25,0
2022-06-26 00:54:23,0,0,0,0.2493766,0,98.50374,0.9975062,0.2493766,0
2022-06-26 00:54:22,0,0,0.5,0.25,0,98,1.25,0,0
2022-06-26 00:54:21,0,0,0.75,0,0,97.75,1.25,0.25,0
2022-06-26 00:54:20,0,0,0.5,0.25,0,98,1.25,0,0
2022-06-26 00:54:19,0,0,0.25,0,0,98.5,1,0.25,0
2022-06-26 00:54:18,0,0,0.5,0,0,97.25,2,0.25,0
2022-06-26 00:54:17,0,0,0,0,0,98.75622,0.9950249,0.2487562,0
2022-06-26 00:54:16,0,0,0.5037783,0.2518892,0,96.97733,2.015113,0.2518892,0
2022-06-26 00:54:15,0,0,0.9975062,0.2493766,0,95.51122,2.743142,0.4987531,0
2022-06-26 00:54:14,0,0,1,0,0,95.5,3.25,0.25,0
2022-06-26 00:54:13,0,0,0.5,0,0,98.25,1,0.25,0
2022-06-26 00:54:12,0,0,0.5,0,0,98,1.25,0.25,0
2022-06-26 00:54:11,0,0,0.2506266,0,0,98.99749,0.7518797,0,0
2022-06-26 00:54:10,0,0,0.2493766,0.2493766,0,98.50374,0.7481297,0.2493766,0
2022-06-26 00:54:09,0,0,0.5012531,0.2506266,0,97.24311,1.754386,0.2506266,0
2022-06-26 00:54:08,0,0,0.7462687,0,0,97.51244,1.4925373,0.2487562,0
2022-06-26 00:54:07,0,0,1.25,0.25,0,95.75,2.75,0,0
2022-06-26 00:54:06,0,0,0.5012531,0,0,97.74436,1.5037594,0.2506266,0
2022-06-26 00:54:05,0,0,0.5,0,0,97.75,1.5,0.25,0
2022-06-26 00:54:04,0,0,0.75,0.25,0,97,2,0,0
2022-06-26 00:54:03,0,0,0.25,0,0,98,1.25,0.5,0
2022-06-26 00:54:02,0,0,0.5012531,0,0,98.49624,1.0025063,0,0
2022-06-26 00:54:01,0,0,0.7481297,0.2493766,0,97.00748,1.745636,0.2493766,0
2022-06-26 00:54:00,0,0,1.2531328,0,0,95.2381,3.508772,0,0
2022-06-26 00:53:59,0,0,0.4987531,0.2493766,0,96.7581,2.244389,0.2493766,0
2022-06-26 00:53:58,0,0,0.2506266,0.2506266,0,98.24561,1.2531328,0,0
2022-06-26 00:53:57,0,0,1.2468828,0.2493766,0,96.25935,1.995012,0.2493766,0
2022-06-26 00:53:56,0,0,0.5012531,0,0,98.24561,1.2531328,0,0
2022-06-26 00:53:55,0,0,0.2493766,0,0,99.00249,0.4987531,0.2493766,0
2022-06-26 00:53:54,0,0,0.5,0,0,97.75,1.75,0,0
2022-06-26 00:53:53,0,0,0.9950249,0.2487562,0,95.52239,2.487562,0.4975124,0
2022-06-26 00:53:52,0,0,0.7556675,0,0,97.733,1.2594458,0.2518892,0
2022-06-26 00:53:51,0,0,0.7444169,0.7444169,0,96.52605,1.736973,0.248139,0
2022-06-26 00:53:50,0,0,1.2562814,0,0,95.22613,3.266332,0.2512563,0
2022-06-26 00:53:49,0,0,0.4987531,0.2493766,0,97.00748,1.995012,0.2493766,0
2022-06-26 00:53:48,0,0,0,0,0,97.74436,2.255639,0,0
2022-06-26 00:53:47,0,0,0.2506266,0,0,98.74687,1.0025063,0,0
2022-06-26 00:53:46,0,0,0.7481297,0,0,95.26185,3.491272,0.4987531,0
2022-06-26 00:53:45,0,0,0.7481297,0.4987531,0,96.50873,2.244389,0,0
2022-06-26 00:53:44,0,0,0.5025126,0.2512563,0,96.48241,2.512563,0.2512563,0
2022-06-26 00:53:43,0,0,0.75,0.25,0,96.75,2,0.25,0
2022-06-26 00:53:42,0,0,1.2531328,0,0,95.98997,2.756892,0,0
2022-06-26 00:53:41,0,0,0.25,0.25,0,97.75,1.5,0.25,0
2022-06-26 00:53:40,0,0,0.2493766,0,0,98.75312,0.9975062,0,0
2022-06-26 00:53:39,0,0,0.2493766,0,0,97.25686,2.244389,0.2493766,0
2022-06-26 00:53:38,0,0,0.5012531,0.2506266,0,96.74185,2.506266,0,0
2022-06-26 00:53:37,0,0,0.7518797,0,0,95.48872,3.508772,0.2506266,0
2022-06-26 00:53:36,0,0,0.9975062,0.4987531,0,93.26683,4.987531,0.2493766,0
2022-06-26 00:53:35,0,0,1.2468828,0,0,92.01995,6.483791,0.2493766,0
2022-06-26 00:53:34,0,0,0.9950249,0.2487562,0,92.53731,5.223881,0.7462687,0
2022-06-26 00:53:33,0,0,1.0050251,0.2512563,0,90.45226,8.040201,0.2512563,0
2022-06-26 00:53:32,0,0,0.7462687,0.2487562,0,94.27861,4.228856,0.4975124,0
2022-06-26 00:53:31,0,0,0.5025126,0,0,92.46231,6.532663,0.5025126,0
2022-06-26 00:53:30,0,0,0,0,0,94.27861,5.472637,0.2487562,0
2022-06-26 00:53:29,0,0,0,0,0,93.70277,6.297229,0,0
2022-06-26 00:53:28,0,0,0,0,0,91.5212,7.481297,0.2493766,0
2022-06-26 00:53:27,0,0,0.25,0,0,89,9.5,0.25,0
2022-06-26 00:53:26,0,0,0,0,0,91.22807,8.521303,0,0
2022-06-26 00:53:25,0,0,0.5,0.25,0,94.25,4.25,0.25,0
2022-06-26 00:53:24,0,0,0.25,0.25,0,96.75,2.25,0.5,0
2022-06-26 00:53:23,0,0,0,0,0,99.24812,0.7518797,0,0
2022-06-26 00:53:22,0,0,0.2493766,0.2493766,0,98.50374,0.7481297,0.2493766,0
2022-06-26 00:53:21,0,0,0,0.25,0,99.25,0.5,0,0
2022-06-26 00:53:20,0,0,0,0,0,99,0.5,0.5,0
2022-06-26 00:53:19,0,0,0.25,0,0,98.75,1,0,0
2022-06-26 00:53:18,0,0,1,0,0,97,1.75,0.25,0
2022-06-26 00:53:17,0,0,0.25,0.25,0,98.25,1,0.25,0
2022-06-26 00:53:16,0,0,1.0025063,0.2506266,0,95.73935,2.756892,0.2506266,0
2022-06-26 00:53:15,0,0,0.75,0,0,97.75,1.25,0.25,0
2022-06-26 00:53:14,0,0,0,0,0,99.25558,0.4962779,0.248139,0
2022-06-26 00:53:13,0,0,0,0,0,98.99244,1.0075567,0,0
2022-06-26 00:53:12,0,0,0.5,0,0,98,1,0.5,0
2022-06-26 00:53:11,0,0,1.2406948,0.248139,0,95.78164,2.729529,0,0
2022-06-26 00:53:10,0,0,0.7518797,0.2506266,0,95.73935,2.756892,0.5012531,0
2022-06-26 00:53:09,0,0,1.2468828,0,0,96.00998,2.493766,0.2493766,0
2022-06-26 00:53:08,0,0,0,0,0,98.99244,0.7556675,0.2518892,0
2022-06-26 00:53:07,0,0,0.2493766,0,0,97.50623,2.244389,0,0
2022-06-26 00:53:06,0,0,0,0,0,99.25187,0.4987531,0.2493766,0
2022-06-26 00:53:05,0,0,0.75,0,0,97.5,1.5,0.25,0
2022-06-26 00:53:04,0,0,1.2531328,0,0,94.98747,3.508772,0.2506266,0
2022-06-26 00:53:03,0,0,0.7537688,0.2512563,0,96.23116,2.512563,0.2512563,0
2022-06-26 00:53:02,0,0,0.9925558,0,0,97.02233,1.736973,0.248139,0
2022-06-26 00:53:01,0,0,0.5025126,0.2512563,0,97.98995,1.2562814,0,0
2022-06-26 00:53:00,0,0,0,0.25,0,98.75,0.75,0.25,0
2022-06-26 00:52:59,0,0,0.25,0,0,98.75,1,0,0
2022-06-26 00:52:58,0,0,0.7481297,0.2493766,0,96.25935,2.244389,0.2493766,0
2022-06-26 00:52:57,0,0,1.25,0.25,0,95.75,2.75,0,0
2022-06-26 00:52:56,0,0,0.75,0.25,0,97.25,1.5,0.25,0
2022-06-26 00:52:55,0,0,1,0.25,0,96.75,1.75,0.25,0
2022-06-26 00:52:54,0,0,0.2506266,0,0,98.24561,1.5037594,0,0
2022-06-26 00:52:53,0,0,0,0.2493766,0,99.00249,0.2493766,0.4987531,0
2022-06-26 00:52:52,0,0,0,0,0,99.00249,0.7481297,0.2493766,0
2022-06-26 00:52:51,0,0,0.9975062,0,0,95.7606,2.743142,0.2493766,0
2022-06-26 00:52:50,0,0,1.2594458,0.2518892,0,95.71788,2.770781,0,0
2022-06-26 00:52:49,0,0,0.7462687,0,0,97.26368,1.741294,0.2487562,0
2022-06-26 00:52:48,0,0,0.5037783,0.2518892,0,96.22166,2.770781,0.2518892,0
2022-06-26 00:52:47,0,0,0.4962779,0,0,98.26303,0.9925558,0.248139,0
2022-06-26 00:52:46,0,0,0,0,0,98.74687,1.2531328,0,0
2022-06-26 00:52:45,0,0,0.25,0,0,98.25,1.25,0.25,0
2022-06-26 00:52:44,0,0,0.2493766,0.2493766,0,97.75561,1.745636,0,0
2022-06-26 00:52:43,0,0,0.7537688,0,0,95.47739,3.517588,0.2512563,0
2022-06-26 00:52:42,0,0,1.5,0,0,95,3.5,0,0
2022-06-26 00:52:41,0,0,0.5,0.25,0,97,2,0.25,0
2022-06-26 00:52:40,0,0,0.4987531,0,0,97.00748,2.244389,0.2493766,0
2022-06-26 00:52:39,0,0,0.7518797,0,0,98.24561,1.0025063,0,0
2022-06-26 00:52:38,0,0,0,0,0,98.00499,1.745636,0.2493766,0
2022-06-26 00:52:37,0,0,0.2487562,0,0,98.25871,1.2437811,0.2487562,0
2022-06-26 00:52:36,0,0,0.2518892,0,0,97.733,1.763224,0.2518892,0
2022-06-26 00:52:35,0,0,0.7444169,0.4962779,0,95.5335,2.977667,0.248139,0
2022-06-26 00:52:34,0,0,1.511335,0,0,94.96222,3.526448,0,0
2022-06-26 00:52:33,0,0,1.2437811,0.2487562,0,91.54229,6.716418,0.2487562,0
2022-06-26 00:52:32,0,0,1.5,0.25,0,90,8,0.25,0
2022-06-26 00:52:31,0,0,1.25,0,0,91.5,6.75,0.5,0
2022-06-26 00:52:30,0,0,0.7537688,0.2512563,0,92.21106,6.532663,0.2512563,0
2022-06-26 00:52:29,0,0,0.5,0,0,92.75,6.5,0.25,0
2022-06-26 00:52:28,0,0,0,0,0,93.28358,6.218905,0.4975124,0
2022-06-26 00:52:27,0,0,0.25,0,0,93,6.25,0.5,0
2022-06-26 00:52:26,0,0,0,0,0,93.96985,5.778894,0.2512563,0
2022-06-26 00:52:25,0,0,0.4975124,0,0,87.56219,11.442786,0.2487562,0
2022-06-26 00:52:24,0,0,0.5,0.25,0,92.5,6,0.25,0
2022-06-26 00:52:23,0,0,0,0,0,96.22166,3.778338,0,0
2022-06-26 00:52:22,0,0,0.248139,0.248139,0,93.05211,4.71464,0.248139,0
2022-06-26 00:52:21,0,0,0,0,0,98.48866,1.2594458,0.2518892,0
2022-06-26 00:52:20,0,0,0,0.248139,0,98.51117,0.9925558,0.248139,0
2022-06-26 00:52:19,0,0,0.2506266,0,0,97.99499,1.5037594,0.2506266,0
2022-06-26 00:52:18,0,0,0,0,0,99,1,0,0
2022-06-26 00:52:17,0,0,0,0,0,98.49624,1.2531328,0.2506266,0
2022-06-26 00:52:16,0,0,0.7481297,0.2493766,0,96.50873,2.244389,0.2493766,0
2022-06-26 00:52:15,0,0,0.75,0,0,97.25,1.75,0.25,0
2022-06-26 00:52:14,0,0,0.5012531,0.2506266,0,97.99499,1.0025063,0.2506266,0
2022-06-26 00:52:13,0,0,1.0025063,0,0,96.74185,2.255639,0,0
2022-06-26 00:52:12,0,0,0,0,0,99.00498,0.4975124,0.4975124,0
2022-06-26 00:52:11,0,0,0,0,0,99.24812,0.7518797,0,0
2022-06-26 00:52:10,0,0,0.4987531,0,0,97.75561,1.745636,0,0
2022-06-26 00:52:09,0,0,0.75,0,0,96.75,2,0.5,0
2022-06-26 00:52:08,0,0,0.9975062,0.2493766,0,97.50623,0.9975062,0.2493766,0
2022-06-26 00:52:07,0,0,1.0050251,0,0,96.48241,2.512563,0,0
2022-06-26 00:52:06,0,0,0.5,0,0,97.25,2,0.25,0
2022-06-26 00:52:05,0,0,0,0,0,99.49875,0.5012531,0,0
2022-06-26 00:52:04,0,0,0.2493766,0,0,98.25436,1.2468828,0.2493766,0
2022-06-26 00:52:03,0,0,0.2487562,0.2487562,0,98.25871,0.7462687,0.4975124,0
2022-06-26 00:52:02,0,0,1,0,0,96.25,2.5,0.25,0
2022-06-26 00:52:01,0,0,1.0025063,0.2506266,0,95.98997,2.756892,0,0
2022-06-26 00:52:00,0,0,1.0050251,0.2512563,0,95.72864,2.763819,0,0
2022-06-26 00:51:59,0,0,0.7462687,0.2487562,0,97.26368,1.4925373,0.2487562,0
2022-06-26 00:51:58,0,0,0,0,0,98.5,1.25,0.25,0
2022-06-26 00:51:57,0,0,0,0,0,99.49875,0.2506266,0.2506266,0
2022-06-26 00:51:56,0,0,0.25,0,0,98.75,1,0,0
2022-06-26 00:51:55,0,0,1,0,0,96.75,2,0.25,0
2022-06-26 00:51:54,0,0,1.745636,0,0,93.51621,4.239401,0.4987531,0
2022-06-26 00:51:53,0,0,0.5012531,0,0,97.74436,1.754386,0,0
2022-06-26 00:51:52,0,0,0.4987531,0,0,97.75561,1.2468828,0.4987531,0
2022-06-26 00:51:51,0,0,0,0,0,99.49875,0.5012531,0,0
2022-06-26 00:51:50,0,0,0.2506266,0,0,99.24812,0.5012531,0,0
2022-06-26 00:51:49,0,0,0.25,0,0,98.5,1,0.25,0
2022-06-26 00:51:48,0,0,1.2468828,0,0,95.01247,3.491272,0.2493766,0
2022-06-26 00:51:47,0,0,1,0.25,0,95.5,3,0.25,0
2022-06-26 00:51:46,0,0,0.75,0,0,97.5,1.75,0,0
2022-06-26 00:51:45,0,0,0.5,0,0,97.75,1.5,0.25,0
2022-06-26 00:51:44,0,0,0.4975124,0,0,98.50746,0.7462687,0.2487562,0
2022-06-26 00:51:43,0,0,0,0,0,98.99497,0.7537688,0.2512563,0
2022-06-26 00:51:42,0,0,0,0,0,98.99749,1.0025063,0,0
2022-06-26 00:51:41,0,0,0.7462687,0.4975124,0,95.77114,2.487562,0.4975124,0
2022-06-26 00:51:40,0,0,0.9975062,0.2493766,0,94.26434,4.488778,0,0
2022-06-26 00:51:39,0,0,1.2562814,0.2512563,0,94.22111,3.768844,0.5025126,0
2022-06-26 00:51:38,0,0,0.75,0,0,97.5,1.25,0.5,0
2022-06-26 00:51:37,0,0,0.25,0,0,98,1.75,0,0
2022-06-26 00:51:36,0,0,0.2506266,0.2506266,0,97.49373,2.005013,0,0
2022-06-26 00:51:35,0,0,0,0,0,99.00498,0.7462687,0.2487562,0
2022-06-26 00:51:34,0,0,0.25,0,0,98.75,1,0,0
2022-06-26 00:51:33,0,0,0.7518797,0.2506266,0,95.48872,3.007519,0.5012531,0
2022-06-26 00:51:32,0,0,0.9975062,0.4987531,0,94.51372,3.990025,0,0
2022-06-26 00:51:31,0,0,1.5,0.25,0,92.5,5.25,0.5,0
2022-06-26 00:51:30,0,0,1.75,0.5,0,88.75,8.75,0.25,0
2022-06-26 00:51:29,0,0,1.0050251,0.2512563,0,88.44221,10.050251,0.2512563,0
2022-06-26 00:51:28,0,0,0.4962779,0.248139,0,94.2928,4.466501,0.4962779,0
2022-06-26 00:51:27,0,0,0.5012531,0,0,94.48622,4.511278,0.5012531,0
2022-06-26 00:51:26,0,0,0.5,0,0,93.5,5.75,0.25,0
2022-06-26 00:51:25,0,0,0.5,0,0,92.5,6.75,0.25,0
2022-06-26 00:51:24,0,0,0,0.25,0,94,5.75,0,0
2022-06-26 00:51:23,0,0,0,0.2506266,0,91.97995,7.26817,0.2506266,0
2022-06-26 00:51:22,0,0,0.2512563,0,0,74.1206,10.301508,0.2512563,0
2022-06-26 00:51:21,0,0,0,0.2531646,0,76.96203,7.341772,0,0
2022-06-26 00:51:20,0,0,0.2487562,0,0,97.01493,2.487562,0.2487562,0
2022-06-26 00:51:19,0,0,0,0,0,98.99497,0.7537688,0.2512563,0
2022-06-26 00:51:18,0,0,0.25,0.25,0,98.25,1,0.25,0
2022-06-26 00:51:17,0,0,0.25,0,0,98.75,0.75,0.25,0
2022-06-26 00:51:16,0,0,0,0,0,99.25187,0.7481297,0,0
2022-06-26 00:51:15,0,0,0,0.25,0,99,0.5,0.25,0
2022-06-26 00:51:14,0,0,0,0,0,99.25,0.75,0,0
2022-06-26 00:51:13,0,0,0.75,0.25,0,96.75,2,0.25,0
2022-06-26 00:51:12,0,0,1,0,0,97,1.75,0.25,0
2022-06-26 00:51:11,0,0,1.0025063,0,0,96.2406,2.255639,0.5012531,0
2022-06-26 00:51:10,0,0,0,0,0,98.75,1.25,0,0
2022-06-26 00:51:09,0,0,0,0,0,99.25,0.5,0.25,0
2022-06-26 00:51:08,0,0,0.25,0,0,98.75,0.75,0.25,0
2022-06-26 00:51:07,0,0,0.25,0.25,0,97.5,1.75,0.25,0
2022-06-26 00:51:06,0,0,1.2468828,0.2493766,0,95.01247,2.992519,0.4987531,0
2022-06-26 00:51:05,0,0,1.754386,0.2506266,0,93.98496,3.759398,0.2506266,0
2022-06-26 00:51:04,0,0,0.5,0,0,97.5,1.75,0.25,0
2022-06-26 00:51:03,0,0,0,0,0,99.49875,0.5012531,0,0
2022-06-26 00:51:02,0,0,0.2493766,0,0,98.75312,0.7481297,0.2493766,0
2022-06-26 00:51:01,0,0,0,0,0,98.75312,0.9975062,0.2493766,0
2022-06-26 00:51:00,0,0,0.7481297,0.2493766,0,97.00748,1.745636,0.2493766,0
2022-06-26 00:50:59,0,0,1.5037594,0.2506266,0,94.73684,3.007519,0.5012531,0
2022-06-26 00:50:58,0,0,1.0025063,0.2506266,0,95.73935,2.756892,0.2506266,0
2022-06-26 00:50:57,0,0,0.7481297,0.2493766,0,97.25686,1.4962594,0.2493766,0
2022-06-26 00:50:56,0,0,0.2493766,0,0,98.50374,0.9975062,0.2493766,0
2022-06-26 00:50:55,0,0,0,0,0,98.48866,1.511335,0,0
2022-06-26 00:50:54,0,0,0.248139,0.248139,0,98.26303,0.7444169,0.4962779,0
2022-06-26 00:50:53,0,0,1.2594458,0.2518892,0,96.72544,1.763224,0,0
2022-06-26 00:50:52,0,0,1.2376238,0.2475248,0,94.80198,3.217822,0.4950495,0
2022-06-26 00:50:51,0,0,1.0050251,0,0,96.48241,2.01005,0.5025126,0
2022-06-26 00:50:50,0,0,0.5,0.25,0,97.75,1.5,0,0
2022-06-26 00:50:49,0,0,0.2506266,0.2506266,0,98.24561,1.0025063,0.2506266,0
2022-06-26 00:50:48,0,0,0.2487562,0,0,98.50746,0.9950249,0.2487562,0
2022-06-26 00:50:47,0,0,0.2506266,0,0,99.24812,0.5012531,0,0
2022-06-26 00:50:46,0,0,0.75,0,0,96.25,2.5,0.5,0
2022-06-26 00:50:45,0,0,1.2562814,0.2512563,0,94.72362,3.768844,0,0
2022-06-26 00:50:44,0,0,0.9925558,0,0,96.02978,2.48139,0.4962779,0
2022-06-26 00:50:43,0,0,0.5,0,0,98,1.5,0,0
2022-06-26 00:50:42,0,0,0.5,0,0,97.75,1.25,0.5,0
2022-06-26 00:50:41,0,0,0.2506266,0,0,98.99749,0.7518797,0,0
2022-06-26 00:50:40,0,0,0,0,0,99,0.75,0.25,0
2022-06-26 00:50:39,0,0,0.4987531,0,0,96.25935,2.992519,0.2493766,0
2022-06-26 00:50:38,0,0,0.7537688,0.2512563,0,94.72362,4.020101,0.2512563,0
2022-06-26 00:50:37,0,0,0.9975062,0.2493766,0,94.76309,3.491272,0.4987531,0
2022-06-26 00:50:36,0,0,0.9975062,0,0,95.7606,2.992519,0.2493766,0
2022-06-26 00:50:35,0,0,0.5012531,0.2506266,0,96.99248,2.005013,0.2506266,0
2022-06-26 00:50:34,0,0,0.2506266,0,0,98.24561,1.2531328,0.2506266,0
2022-06-26 00:50:33,0,0,0,0,0,97.99499,1.754386,0.2506266,0
2022-06-26 00:50:32,0,0,0.2493766,0,0,98.75312,0.7481297,0.2493766,0
2022-06-26 00:50:31,0,0,0.4975124,0.2487562,0,97.01493,1.99005,0.2487562,0
2022-06-26 00:50:30,0,0,0.7537688,0,0,94.97487,4.271357,0,0
2022-06-26 00:50:29,0,0,1.2437811,0.2487562,0,93.78109,4.228856,0.4975124,0
2022-06-26 00:50:28,0,0,1.75,0,0,92.75,5.25,0.25,0
2022-06-26 00:50:27,0,0,1.5037594,0.2506266,0,91.97995,6.015038,0.2506266,0
2022-06-26 00:50:26,0,0,1,0.25,0,89.25,9.25,0.25,0
2022-06-26 00:50:25,0,0,0.5012531,0,0,93.98496,5.263158,0,0
2022-06-26 00:50:24,0,0,0.4962779,0.248139,0,92.30769,6.451613,0.4962779,0
2022-06-26 00:50:23,0,0,0.2518892,0.2518892,0,91.18388,8.060453,0.2518892,0
2022-06-26 00:50:22,0,0,0.2487562,0,0,92.28856,7.21393,0.2487562,0
2022-06-26 00:50:21,0,0,0,0.2493766,0,92.76808,6.733167,0.2493766,0
2022-06-26 00:50:20,0,0,0,0,0,91.16162,6.565657,0.2525253,0
2022-06-26 00:50:19,0,0,0,0.5012531,0,89.72431,7.26817,0.2506266,0
2022-06-26 00:50:18,0,0,0.2487562,0.2487562,0,93.28358,4.975124,0.2487562,0
2022-06-26 00:50:17,0,0,0,0,0,98.48866,1.511335,0,0
2022-06-26 00:50:16,0,0,0.2493766,0,0,99.00249,0.4987531,0.2493766,0
2022-06-26 00:50:15,0,0,0,0,0,99.00498,0.7462687,0.2487562,0
2022-06-26 00:50:14,0,0,0,0,0,98.99244,0.7556675,0.2518892,0
2022-06-26 00:50:13,0,0,1.741294,0.2487562,0,96.26866,1.2437811,0.4975124,0
2022-06-26 00:50:12,0,0,0.5025126,0.2512563,0,97.48744,1.5075377,0.2512563,0
2022-06-26 00:50:11,0,0,0.5,0,0,98,1.5,0,0
2022-06-26 00:50:10,0,0,0.7481297,0.2493766,0,96.7581,1.995012,0.2493766,0
2022-06-26 00:50:09,0,0,0.5,0,0,97.25,2,0.25,0
2022-06-26 00:50:08,0,0,0.5025126,0,0,97.48744,1.758794,0.2512563,0
2022-06-26 00:50:07,0,0,0.7462687,0.2487562,0,96.51741,2.238806,0.2487562,0
2022-06-26 00:50:06,0,0,0.4975124,0.2487562,0,97.26368,1.99005,0,0
2022-06-26 00:50:05,0,0,0.25,0,0,98.5,1,0.25,0
2022-06-26 00:50:04,0,0,0.7537688,0.2512563,0,97.48744,1.5075377,0,0
2022-06-26 00:50:03,0,0,0.7481297,0.4987531,0,96.00998,2.244389,0.4987531,0
2022-06-26 00:50:02,0,0,0.7537688,0,0,97.73869,1.2562814,0.2512563,0
2022-06-26 00:50:01,0,0,0.25,0,0,97.25,2.25,0.25,0
2022-06-26 00:50:00,0,0,0.7444169,0.248139,0,97.51861,1.2406948,0.248139,0
2022-06-26 00:49:59,0,0,0.2512563,0,0,98.49246,1.2562814,0,0
2022-06-26 00:49:58,0,0,0.2512563,0,0,98.49246,1.0050251,0.2512563,0
2022-06-26 00:49:57,0,0,0.9975062,0.2493766,0,96.50873,1.995012,0.2493766,0
2022-06-26 00:49:56,0,0,1.4925373,0,0,95.77114,2.736318,0,0
2022-06-26 00:49:55,0,0,0.2512563,0,0,97.73869,1.758794,0.2512563,0
2022-06-26 00:49:54,0,0,0.25,0,0,98.25,1.25,0.25,0
2022-06-26 00:49:53,0,0,0.4987531,0,0,98.25436,1.2468828,0,0
2022-06-26 00:49:52,0,0,0.2493766,0.2493766,0,97.75561,1.4962594,0.2493766,0
2022-06-26 00:49:51,0,0,0.7537688,0,0,94.72362,4.271357,0.2512563,0
2022-06-26 00:49:50,0,0,1.2531328,0,0,95.73935,2.506266,0.5012531,0
2022-06-26 00:49:49,0,0,0.9975062,0,0,95.26185,3.491272,0.2493766,0
2022-06-26 00:49:48,0,0,0.2506266,0,0,98.74687,1.0025063,0,0
2022-06-26 00:49:47,0,0,0.248139,0,0,98.75931,0.7444169,0.248139,0
2022-06-26 00:49:46,0,0,0.5025126,0.2512563,0,97.48744,1.5075377,0.2512563,0
2022-06-26 00:49:45,0,0,0.2493766,0,0,98.50374,0.7481297,0.4987531,0
2022-06-26 00:49:44,0,0,0.5012531,0,0,97.24311,2.005013,0.2506266,0
2022-06-26 00:49:43,0,0,1.5,0.5,0,94.5,3,0.5,0
2022-06-26 00:49:42,0,0,1.2437811,0.2487562,0,94.02985,4.228856,0.2487562,0
2022-06-26 00:49:41,0,0,0.2518892,0,0,97.48111,2.015113,0.2518892,0
2022-06-26 00:49:40,0,0,0.2493766,0,0,98.25436,1.2468828,0.2493766,0
2022-06-26 00:49:39,0,0,0.2493766,0,0,98.75312,0.4987531,0.2493766,0
2022-06-26 00:49:38,0,0,0.2506266,0.2506266,0,98.24561,1.2531328,0,0
2022-06-26 00:49:37,0,0,0.4987531,0.2493766,0,97.75561,1.2468828,0.2493766,0
2022-06-26 00:49:36,0,0,0.9950249,0.4975124,0,93.78109,4.477612,0.2487562,0
2022-06-26 00:49:35,0,0,1.2594458,0,0,93.70277,4.785894,0.2518892,0
2022-06-26 00:49:34,0,0,0.7462687,0.2487562,0,97.01493,1.741294,0.2487562,0
2022-06-26 00:49:33,0,0,0,0,0,98.49246,1.5075377,0,0
2022-06-26 00:49:32,0,0,0,0,0,99.25373,0.4975124,0.2487562,0
2022-06-26 00:49:31,0,0,0.5,0,0,98.75,0.5,0.25,0
2022-06-26 00:49:30,0,0,0.5012531,0,0,97.24311,2.005013,0.2506266,0
2022-06-26 00:49:29,0,0,0.4987531,0.2493766,0,96.7581,1.995012,0.4987531,0
2022-06-26 00:49:28,0,0,1.0025063,0.2506266,0,95.2381,3.258145,0.2506266,0
2022-06-26 00:49:27,0,0,1.2562814,0,0,93.96985,4.773869,0,0
2022-06-26 00:49:26,0,0,1.4925373,0.4975124,0,89.30348,8.457711,0.2487562,0
2022-06-26 00:49:25,0,0,1.2531328,0,0,89.97494,8.521303,0.2506266,0
2022-06-26 00:49:24,0,0,0.7481297,0.2493766,0,94.01496,4.987531,0,0
2022-06-26 00:49:23,0,0,0,0,0,95.01247,4.488778,0.4987531,0
2022-06-26 00:49:22,0,0,0,0,0,95.98997,4.010025,0,0
2022-06-26 00:49:21,0,0,0.2506266,0,0,94.98747,4.511278,0.2506266,0
2022-06-26 00:49:20,0,0,0.2493766,0,0,92.76808,6.483791,0.4987531,0
2022-06-26 00:49:19,0,0,0.5012531,0,0,85.46366,11.278195,0.2506266,0
2022-06-26 00:49:18,0,0,0.5089059,0.2544529,0,83.20611,9.414758,0.2544529,0
2022-06-26 00:49:17,0,0,0.2487562,0,0,94.27861,5.223881,0.2487562,0
2022-06-26 00:49:16,0,0,0,0,0,97.99499,1.5037594,0.2506266,0
2022-06-26 00:49:15,0,0,0,0,0,97.50623,2.244389,0.2493766,0
2022-06-26 00:49:14,0,0,0.2493766,0.2493766,0,97.25686,2.244389,0,0
2022-06-26 00:49:13,0,0,0,0.2512563,0,97.98995,1.5075377,0.2512563,0
2022-06-26 00:49:12,0,0,0.2487562,0,0,98.75622,0.9950249,0,0
2022-06-26 00:49:11,0,0,0.5025126,0,0,98.49246,0.7537688,0.2512563,0
2022-06-26 00:49:10,0,0,0.2493766,0,0,98.00499,1.4962594,0.2493766,0
2022-06-26 00:49:09,0,0,1,0.25,0,97,1.5,0.25,0
2022-06-26 00:49:08,0,0,0.25,0,0,97.5,1.75,0.5,0
2022-06-26 00:49:07,0,0,0.5012531,0,0,97.99499,1.5037594,0,0
2022-06-26 00:49:06,0,0,0.2493766,0,0,98.75312,0.7481297,0.2493766,0
2022-06-26 00:49:05,0,0,0,0,0,99,1,0,0
2022-06-26 00:49:04,0,0,0.2506266,0.2506266,0,98.24561,1.2531328,0,0
2022-06-26 00:49:03,0,0,0.9975062,0.2493766,0,95.51122,2.743142,0.4987531,0
2022-06-26 00:49:02,0,0,1.2531328,0.2506266,0,95.98997,2.506266,0,0
2022-06-26 00:49:01,0,0,0.4987531,0,0,98.00499,1.4962594,0,0
2022-06-26 00:49:00,0,0,0.25,0.25,0,98.75,0.75,0,0
2022-06-26 00:48:59,0,0,0.5012531,0,0,97.99499,1.2531328,0.2506266,0
2022-06-26 00:48:58,0,0,0,0,0,98.75622,0.9950249,0.2487562,0
2022-06-26 00:48:57,0,0,0.5025126,0.2512563,0,97.73869,1.2562814,0.2512563,0
2022-06-26 00:48:56,0,0,0.9975062,0,0,96.00998,2.743142,0.2493766,0
2022-06-26 00:48:55,0,0,1.754386,0.5012531,0,93.48371,4.260652,0,0
2022-06-26 00:48:54,0,0,0.25,0,0,98.5,1,0.25,0
2022-06-26 00:48:53,0,0,0,0,0,98.25,1.25,0.5,0
2022-06-26 00:48:52,0,0,0.4987531,0.2493766,0,96.7581,2.244389,0.2493766,0
2022-06-26 00:48:51,0,0,0.4987531,0.2493766,0,97.50623,1.4962594,0.2493766,0
2022-06-26 00:48:50,0,0,1.0075567,0,0,97.22922,1.511335,0.2518892,0
2022-06-26 00:48:49,0,0,0.9975062,0.2493766,0,95.7606,2.743142,0.2493766,0
2022-06-26 00:48:48,0,0,1.0025063,0.2506266,0,95.98997,2.506266,0.2506266,0
2022-06-26 00:48:47,0,0,0.25,0,0,98.25,1.25,0.25,0
2022-06-26 00:48:46,0,0,0.2487562,0,0,97.51244,1.99005,0.2487562,0
2022-06-26 00:48:45,0,0,0.75,0.25,0,97,1.5,0.5,0
2022-06-26 00:48:44,0,0,0.5025126,0,0,97.73869,1.758794,0,0
2022-06-26 00:48:43,0,0,0.4987531,0,0,97.25686,1.995012,0.2493766,0
2022-06-26 00:48:42,0,0,1,0.5,0,96.25,2,0.25,0
2022-06-26 00:48:41,0,0,1.25,0,0,96.25,2.25,0.25,0
2022-06-26 00:48:40,0,0,0.4987531,0,0,97.75561,1.4962594,0.2493766,0
2022-06-26 00:48:39,0,0,0.2506266,0,0,97.99499,1.5037594,0.2506266,0
2022-06-26 00:48:38,0,0,0.5012531,0,0,97.74436,1.5037594,0.2506266,0
2022-06-26 00:48:37,0,0,0.75,0,0,97.75,1.5,0,0
2022-06-26 00:48:36,0,0,0.25,0.25,0,97.5,1.75,0.25,0
2022-06-26 00:48:35,0,0,0.4962779,0.248139,0,96.52605,2.233251,0.4962779,0
2022-06-26 00:48:34,0,0,0.7518797,0.2506266,0,95.48872,3.258145,0.2506266,0
2022-06-26 00:48:33,0,0,1.0025063,0.2506266,0,95.2381,3.258145,0.2506266,0
2022-06-26 00:48:32,0,0,0.25,0,0,99,0.75,0,0
2022-06-26 00:48:31,0,0,0.25,0,0,98.25,1.25,0.25,0
2022-06-26 00:48:30,0,0,0.7518797,0,0,96.99248,2.255639,0,0
2022-06-26 00:48:29,0,0,0.2512563,0,0,97.98995,1.758794,0,0
2022-06-26 00:48:28,0,0,0.25,0.25,0,96.75,2.5,0.25,0
2022-06-26 00:48:27,0,0,0.4987531,0,0,97.25686,1.995012,0.2493766,0
2022-06-26 00:48:26,0,0,0.9950249,0.2487562,0,95.52239,2.985075,0.2487562,0
2022-06-26 00:48:25,0,0,1.5,0.25,0,93,5,0.25,0
2022-06-26 00:48:24,0,0,1.758794,0.2512563,0,92.46231,5.276382,0.2512563,0
2022-06-26 00:48:23,0,0,0.7444169,0.4962779,0,91.31514,6.947891,0.4962779,0
2022-06-26 00:48:22,0,0,0.2518892,0,0,94.20655,5.037783,0.2518892,0
2022-06-26 00:48:21,0,0,0.4962779,0.248139,0,94.78908,3.970223,0.4962779,0
2022-06-26 00:48:20,0,0,0.2512563,0.2512563,0,93.71859,5.778894,0,0
2022-06-26 00:48:19,0,0,1,0,0,90.75,7.75,0.5,0
2022-06-26 00:48:18,0,0,0.5,0,0,91.5,7.75,0.25,0
2022-06-26 00:48:17,0,0,0.5025126,0.5025126,0,87.18593,11.055276,0.5025126,0
2022-06-26 00:48:16,0,0,0,0,0,94.01496,5.486284,0.2493766,0
2022-06-26 00:48:15,0,0,0,0.2518892,0,95.71788,4.030227,0,0
2022-06-26 00:48:14,0,0,0.4987531,0.2493766,0,94.76309,4.239401,0.2493766,0
2022-06-26 00:48:13,0,0,0.2493766,0,0,95.26185,3.740648,0.4987531,0
2022-06-26 00:48:12,0,0,0.2493766,0.2493766,0,96.50873,2.743142,0.2493766,0
2022-06-26 00:48:11,0,0,0,0,0,98.49246,1.2562814,0.2512563,0
2022-06-26 00:48:10,0,0,0,0,0,98.99749,1.0025063,0,0
2022-06-26 00:48:09,0,0,0.248139,0.248139,0,98.26303,0.7444169,0.4962779,0
2022-06-26 00:48:08,0,0,0.5012531,0,0,97.49373,2.005013,0,0
2022-06-26 00:48:07,0,0,0.5,0.25,0,98.25,0.75,0.25,0
2022-06-26 00:48:06,0,0,0.75,0.25,0,96.5,2.25,0.25,0
2022-06-26 00:48:05,0,0,0,0,0,98.99497,0.7537688,0.2512563,0
2022-06-26 00:48:04,0,0,0.2493766,0,0,99.00249,0.4987531,0.2493766,0
2022-06-26 00:48:03,0,0,0.7537688,0,0,96.98492,2.01005,0.2512563,0
2022-06-26 00:48:02,0,0,0.75,0.25,0,96.75,2,0.25,0
2022-06-26 00:48:01,0,0,0.7444169,0.248139,0,96.77419,1.736973,0.4962779,0
2022-06-26 00:48:00,0,0,0.5012531,0,0,97.49373,1.754386,0.2506266,0
2022-06-26 00:47:59,0,0,0.5012531,0,0,96.2406,3.258145,0,0
2022-06-26 00:47:58,0,0,0.75,0,0,97.5,1.5,0.25,0
2022-06-26 00:47:57,0,0,0.5,0,0,98,1.25,0.25,0
2022-06-26 00:47:56,0,0,0.7518797,0,0,97.99499,1.2531328,0,0
2022-06-26 00:47:55,0,0,0.5,0,0,97,2.25,0.25,0
2022-06-26 00:47:54,0,0,0.75,0,0,97,1.75,0.5,0
2022-06-26 00:47:53,0,0,0.7481297,0.2493766,0,95.7606,3.241895,0,0
2022-06-26 00:47:52,0,0,0.25,0.25,0,98.5,1,0,0
2022-06-26 00:47:51,0,0,0.9950249,0.2487562,0,95.77114,2.736318,0.2487562,0
2022-06-26 00:47:50,0,0,0.7518797,0,0,96.49123,2.506266,0.2506266,0
2022-06-26 00:47:49,0,0,0.2512563,0,0,99.24623,0.5025126,0,0
2022-06-26 00:47:48,0,0,0.9975062,0.2493766,0,96.50873,1.745636,0.4987531,0
2022-06-26 00:47:47,0,0,0.7462687,0,0,96.76617,1.99005,0.2487562,0
2022-06-26 00:47:46,0,0,0.5025126,0,0,96.73367,2.512563,0.2512563,0
2022-06-26 00:47:45,0,0,0.5,0,0,98.75,0.75,0,0
2022-06-26 00:47:44,0,0,0.75,0.25,0,97.25,1.75,0,0
2022-06-26 00:47:43,0,0,0.7481297,0,0,97.25686,1.745636,0.2493766,0
2022-06-26 00:47:42,0,0,0.5012531,0,0,97.99499,1.2531328,0.2506266,0
2022-06-26 00:47:41,0,0,0.7462687,0.2487562,0,96.76617,1.99005,0.2487562,0
2022-06-26 00:47:40,0,0,0.7537688,0.2512563,0,97.23618,1.5075377,0.2512563,0
2022-06-26 00:47:39,0,0,0.75,0.25,0,97,1.5,0.5,0
2022-06-26 00:47:38,0,0,0.4987531,0.2493766,0,96.7581,2.244389,0.2493766,0
2022-06-26 00:47:37,0,0,0.25,0,0,98,1.75,0,0
2022-06-26 00:47:36,0,0,0.7518797,0,0,97.74436,1.2531328,0.2506266,0
2022-06-26 00:47:35,0,0,0.4987531,0,0,97.75561,1.745636,0,0
2022-06-26 00:47:34,0,0,0.2506266,0,0,97.99499,1.5037594,0.2506266,0
2022-06-26 00:47:33,0,0,0.75,0.5,0,96.5,2,0.25,0
2022-06-26 00:47:32,0,0,1,0,0,95.5,3.25,0.25,0
2022-06-26 00:47:31,0,0,0.7462687,0.2487562,0,96.26866,2.487562,0.2487562,0
2022-06-26 00:47:30,0,0,0,0,0,98.49624,1.5037594,0,0
2022-06-26 00:47:29,0,0,0.4987531,0.2493766,0,98.00499,0.7481297,0.4987531,0
2022-06-26 00:47:28,0,0,0.7518797,0.2506266,0,96.74185,2.255639,0,0
2022-06-26 00:47:27,0,0,0.2493766,0.2493766,0,98.25436,0.9975062,0.2493766,0
2022-06-26 00:47:26,0,0,0.2512563,0.2512563,0,97.98995,1.2562814,0.2512563,0
2022-06-26 00:47:25,0,0,0.75,0,0,95.25,3.5,0.5,0
2022-06-26 00:47:24,0,0,1.5,0.25,0,94,4.25,0,0
2022-06-26 00:47:23,0,0,1.741294,0.2487562,0,92.0398,5.721393,0.2487562,0
2022-06-26 00:47:22,0,0,1.0050251,0,0,91.9598,6.78392,0.2512563,0
2022-06-26 00:47:21,0,0,0.5012531,0,0,93.23308,6.015038,0.2506266,0
2022-06-26 00:47:20,0,0,0.4987531,0,0,94.51372,4.488778,0.4987531,0
2022-06-26 00:47:19,0,0,0.4975124,0.4975124,0,94.27861,4.477612,0.2487562,0
2022-06-26 00:47:18,0,0,0.7537688,0,0,91.9598,7.286432,0,0
2022-06-26 00:47:17,0,0,0.7462687,0.2487562,0,87.56219,10.945274,0.4975124,0
2022-06-26 00:47:16,0,0,0.2506266,0.2506266,0,89.97494,9.022556,0.2506266,0
2022-06-26 00:47:15,0,0,0.2506266,0,0,90.22556,9.022556,0.2506266,0
2022-06-26 00:47:14,0,0,0,0.2487562,0,93.28358,6.218905,0.2487562,0
2022-06-26 00:47:13,0,0,0.2493766,0,0,95.7606,3.740648,0.2493766,0
2022-06-26 00:47:12,0,0,0,0,0,95.70707,4.292929,0,0
2022-06-26 00:47:11,0,0,0,0,0,96.2406,3.258145,0.2506266,0
2022-06-26 00:47:10,0,0,0.25,0,0,98.25,1.5,0,0
2022-06-26 00:47:09,0,0,0,0,0,98.75,1.25,0,0
2022-06-26 00:47:08,0,0,0,0,0,99.25,0.5,0.25,0
2022-06-26 00:47:07,0,0,0.25,0,0,99.25,0.25,0.25,0
2022-06-26 00:47:06,0,0,0.4987531,0,0,97.50623,1.745636,0.2493766,0
2022-06-26 00:47:05,0,0,0.7481297,0.2493766,0,96.50873,2.244389,0.2493766,0
2022-06-26 00:47:04,0,0,0.5012531,0,0,97.49373,1.754386,0.2506266,0
2022-06-26 00:47:03,0,0,0,0,0,98.25871,1.4925373,0.2487562,0
2022-06-26 00:47:02,0,0,0.5012531,0.2506266,0,97.49373,1.754386,0,0
2022-06-26 00:47:01,0,0,0.7537688,0,0,98.49246,0.7537688,0,0
2022-06-26 00:47:00,0,0,0.4987531,0.4987531,0,97.00748,1.745636,0.2493766,0
2022-06-26 00:46:59,0,0,0.4975124,0,0,98.50746,0.7462687,0.2487562,0
2022-06-26 00:46:58,0,0,1,0,0,96.25,2.25,0.5,0
2022-06-26 00:46:57,0,0,0.7537688,0,0,97.73869,1.5075377,0,0
2022-06-26 00:46:56,0,0,0,0,0,98.99749,0.7518797,0.2506266,0
2022-06-26 00:46:55,0,0,0.7481297,0.2493766,0,97.00748,1.745636,0.2493766,0
2022-06-26 00:46:54,0,0,0.7481297,0,0,96.50873,2.244389,0.2493766,0
2022-06-26 00:46:53,0,0,0.5,0.25,0,97,2,0.25,0
2022-06-26 00:46:52,0,0,0.7537688,0,0,98.24121,0.7537688,0.2512563,0
2022-06-26 00:46:51,0,0,0.7462687,0.2487562,0,96.51741,2.238806,0.2487562,0
2022-06-26 00:46:50,0,0,0.7518797,0,0,96.49123,2.506266,0.2506266,0
2022-06-26 00:46:49,0,0,0.4962779,0.248139,0,97.51861,1.736973,0,0
2022-06-26 00:46:48,0,0,0.7518797,0.2506266,0,96.99248,2.005013,0,0
2022-06-26 00:46:47,0,0,0.75,0,0,96.75,2.25,0.25,0
2022-06-26 00:46:46,0,0,0.5025126,0.2512563,0,97.98995,1.2562814,0,0
2022-06-26 00:46:45,0,0,0.7481297,0,0,97.75561,1.2468828,0.2493766,0
2022-06-26 00:46:44,0,0,0,0.2506266,0,97.99499,1.754386,0,0
2022-06-26 00:46:43,0,0,1.0025063,0,0,96.49123,2.255639,0.2506266,0
2022-06-26 00:46:42,0,0,1.2468828,0,0,96.00998,2.493766,0.2493766,0
2022-06-26 00:46:41,0,0,0,0,0,98.75312,0.9975062,0.2493766,0
2022-06-26 00:46:40,0,0,0.4987531,0,0,97.75561,1.745636,0,0
2022-06-26 00:46:39,0,0,1,0.25,0,96.75,1.5,0.5,0
2022-06-26 00:46:38,0,0,0.5050505,0,0,96.71717,2.525253,0.2525253,0
2022-06-26 00:46:37,0,0,0.4987531,0,0,97.75561,1.4962594,0.2493766,0
2022-06-26 00:46:36,0,0,0.5,0.25,0,97,2,0.25,0
2022-06-26 00:46:35,0,0,0.7481297,0,0,96.25935,2.743142,0.2493766,0
2022-06-26 00:46:34,0,0,0.7481297,0.2493766,0,97.00748,1.745636,0.2493766,0
2022-06-26 00:46:33,0,0,0,0,0,98.50374,0.9975062,0.4987531,0
2022-06-26 00:46:32,0,0,1,0,0,96.5,2.25,0.25,0
2022-06-26 00:46:31,0,0,1.0025063,0.2506266,0,96.49123,2.255639,0,0
2022-06-26 00:46:30,0,0,0.2493766,0,0,97.75561,1.4962594,0.4987531,0
2022-06-26 00:46:29,0,0,0.5025126,0.5025126,0,96.73367,2.261307,0,0
2022-06-26 00:46:28,0,0,0.5,0.25,0,97,1.75,0.5,0
2022-06-26 00:46:27,0,0,0.5012531,0,0,97.24311,2.255639,0,0
2022-06-26 00:46:26,0,0,0.7481297,0.2493766,0,96.50873,2.244389,0.2493766,0
2022-06-26 00:46:25,0,0,0.75,0,0,97,2,0.25,0
2022-06-26 00:46:24,0,0,0.9950249,0,0,96.76617,2.238806,0,0
2022-06-26 00:46:23,0,0,0.75,0.25,0,94.5,4,0.5,0
2022-06-26 00:46:22,0,0,0.75,0,0,95,4,0.25,0
2022-06-26 00:46:21,0,0,0.75,0.25,0,94.5,4.25,0.25,0
2022-06-26 00:46:20,0,0,0.2506266,0.2506266,0,96.2406,3.007519,0.2506266,0
2022-06-26 00:46:19,0,0,0.7537688,0,0,93.46734,5.527638,0.2512563,0
2022-06-26 00:46:18,0,0,1,0.25,0,93.75,4.5,0.5,0
2022-06-26 00:46:17,0,0,1,0.5,0,91.5,6.75,0.25,0
2022-06-26 00:46:16,0,0,0.248139,0,0,92.30769,7.19603,0.248139,0
2022-06-26 00:46:15,0,0,0.7518797,0.2506266,0,89.72431,8.77193,0.2506266,0
2022-06-26 00:46:14,0,0,0.5025126,0,0,92.96482,6.532663,0,0
2022-06-26 00:46:13,0,0,0.2512563,0,0,92.71357,6.532663,0.5025126,0
2022-06-26 00:46:12,0,0,0.5,0,0,92.25,7.25,0,0
2022-06-26 00:46:11,0,0,0,0,0,95.77114,3.482587,0.7462687,0
2022-06-26 00:46:10,0,0,0.25,0.5,0,93.25,5.5,0.25,0
2022-06-26 00:46:09,0,0,0,0,0,96.99248,2.756892,0.2506266,0
2022-06-26 00:46:08,0,0,0,0,0,96.25,3.5,0.25,0
2022-06-26 00:46:07,0,0,0.2487562,0,0,98.75622,0.7462687,0.2487562,0
2022-06-26 00:46:06,0,0,0,0,0,97.22922,2.770781,0,0
2022-06-26 00:46:05,0,0,0.2493766,0,0,98.25436,1.2468828,0.2493766,0
2022-06-26 00:46:04,0,0,0.5,0,0,96.5,2.75,0.25,0
2022-06-26 00:46:03,0,0,0.75,0.25,0,96.25,2.5,0.25,0
2022-06-26 00:46:02,0,0,0.2493766,0,0,99.00249,0.7481297,0,0
2022-06-26 00:46:01,0,0,0.2512563,0,0,97.98995,1.2562814,0.5025126,0
2022-06-26 00:46:00,0,0,0.4987531,0,0,97.25686,1.995012,0.2493766,0
2022-06-26 00:45:59,0,0,0.2506266,0.2506266,0,97.99499,1.2531328,0.2506266,0
2022-06-26 00:45:58,0,0,0.5012531,0,0,98.24561,1.0025063,0.2506266,0
2022-06-26 00:45:57,0,0,0.7518797,0,0,95.48872,3.508772,0.2506266,0
2022-06-26 00:45:56,0,0,0.9925558,0.248139,0,96.77419,1.736973,0.248139,0
2022-06-26 00:45:55,0,0,0.7481297,0.2493766,0,97.00748,1.745636,0.2493766,0
2022-06-26 00:45:54,0,0,0.7518797,0,0,96.49123,2.756892,0,0
2022-06-26 00:45:53,0,0,0.2512563,0.2512563,0,98.24121,0.7537688,0.5025126,0
2022-06-26 00:45:52,0,0,0.248139,0,0,98.75931,0.9925558,0,0
2022-06-26 00:45:51,0,0,1,0,0,96.75,2,0.25,0
2022-06-26 00:45:50,0,0,0.7556675,0,0,97.733,1.2594458,0.2518892,0
2022-06-26 00:45:49,0,0,0.4975124,0,0,96.76617,2.487562,0.2487562,0
2022-06-26 00:45:48,0,0,0.5037783,0.2518892,0,97.48111,1.511335,0.2518892,0
2022-06-26 00:45:47,0,0,0.9876543,0,0,96.79012,1.728395,0.4938272,0
2022-06-26 00:45:46,0,0,0.2518892,0,0,98.74055,1.0075567,0,0
2022-06-26 00:45:45,0,0,0.4987531,0.2493766,0,97.75561,1.4962594,0,0
2022-06-26 00:45:44,0,0,0.75,0,0,97.25,1.5,0.5,0
2022-06-26 00:45:43,0,0,0.7481297,0,0,98.00499,0.9975062,0.2493766,0
2022-06-26 00:45:42,0,0,0.4987531,0.2493766,0,97.00748,1.995012,0.2493766,0
2022-06-26 00:45:41,0,0,0.7518797,0,0,96.74185,2.255639,0.2506266,0
2022-06-26 00:45:40,0,0,1.0025063,0.5012531,0,95.98997,2.005013,0.5012531,0
2022-06-26 00:45:39,0,0,0.2506266,0,0,98.49624,0.7518797,0.5012531,0
2022-06-26 00:45:38,0,0,0.4975124,0.2487562,0,97.26368,1.741294,0.2487562,0
2022-06-26 00:45:37,0,0,0.7518797,0,0,97.74436,1.2531328,0.2506266,0
2022-06-26 00:45:36,0,0,0.5012531,0.2506266,0,97.24311,2.005013,0,0
2022-06-26 00:45:35,0,0,0.4975124,0.2487562,0,97.26368,1.741294,0.2487562,0
2022-06-26 00:45:34,0,0,1.25,0.25,0,95.5,3,0,0
2022-06-26 00:45:33,0,0,0.7537688,0,0,96.23116,2.512563,0.5025126,0
2022-06-26 00:45:32,0,0,0.25,0,0,97.25,2.5,0,0
2022-06-26 00:45:31,0,0,0.4962779,0,0,98.26303,0.9925558,0.248139,0
2022-06-26 00:45:30,0,0,0.25,0.25,0,98.5,0.75,0.25,0
2022-06-26 00:45:29,0,0,0.7518797,0,0,96.49123,2.506266,0.2506266,0
2022-06-26 00:45:28,0,0,0.5012531,0.5012531,0,96.49123,2.506266,0,0
2022-06-26 00:45:27,0,0,0.7481297,0.2493766,0,96.00998,2.244389,0.7481297,0
2022-06-26 00:45:26,0,0,0.9975062,0.2493766,0,95.51122,2.992519,0.2493766,0
2022-06-26 00:45:25,0,0,0.5037783,0.2518892,0,96.47355,2.770781,0,0
2022-06-26 00:45:24,0,0,1,0,0,96.5,2.25,0.25,0
2022-06-26 00:45:23,0,0,0.25,0.25,0,96.25,2.75,0.5,0
2022-06-26 00:45:22,0,0,0,0,0,98.5,1.25,0.25,0
2022-06-26 00:45:21,0,0,0.5,0,0,97,2.25,0.25,0
2022-06-26 00:45:20,0,0,1.2437811,0.2487562,0,94.27861,3.9801,0.2487562,0
2022-06-26 00:45:19,0,0,1.2531328,0.2506266,0,91.4787,6.766917,0.2506266,0
2022-06-26 00:45:18,0,0,1.745636,0.4987531,0,92.01995,5.236908,0.4987531,0
2022-06-26 00:45:17,0,0,0.9975062,0.2493766,0,91.27182,6.733167,0.4987531,0
2022-06-26 00:45:16,0,0,0.7518797,0.2506266,0,92.73183,5.764411,0.5012531,0
2022-06-26 00:45:15,0,0,1.0050251,0.2512563,0,91.20603,7.537688,0,0
2022-06-26 00:45:14,0,0,0.7481297,0.2493766,0,91.77057,6.733167,0.4987531,0
2022-06-26 00:45:13,0,0,0,0,0,92.75,7,0.25,0
2022-06-26 00:45:12,0,0,0,0,0,92.76808,6.982544,0.2493766,0
2022-06-26 00:45:11,0,0,0.25,0.25,0,90.25,8.75,0.5,0
2022-06-26 00:45:10,0,0,0,0,0,91.97995,7.518797,0.2506266,0
2022-06-26 00:45:09,0,0,0,0,0,95.98997,3.759398,0,0
2022-06-26 00:45:08,0,0,0.2493766,0,0,93.01746,5.236908,0.4987531,0
2022-06-26 00:45:07,0,0,0,0.2506266,0,96.74185,2.756892,0.2506266,0
2022-06-26 00:45:06,0,0,0.2487562,0,0,98.00995,1.2437811,0.4975124,0
2022-06-26 00:45:05,0,0,0,0,0,99.24812,0.5012531,0.2506266,0
2022-06-26 00:45:04,0,0,0.2493766,0,0,98.50374,1.2468828,0,0
2022-06-26 00:45:03,0,0,0,0.2506266,0,98.99749,0.5012531,0.2506266,0
2022-06-26 00:45:02,0,0,0.2512563,0.2512563,0,97.73869,1.758794,0,0
2022-06-26 00:45:01,0,0,0.9950249,0.4975124,0,95.52239,2.487562,0.4975124,0
2022-06-26 00:45:00,0,0,0,0,0,99.24812,0.5012531,0.2506266,0
2022-06-26 00:44:59,0,0,0.5,0,0,98.25,1.25,0,0
2022-06-26 00:44:58,0,0,0.75,0,0,96.75,2,0.5,0
2022-06-26 00:44:57,0,0,0.2506266,0,0,98.24561,1.2531328,0.2506266,0
2022-06-26 00:44:56,0,0,0.2487562,0,0,98.25871,1.2437811,0.2487562,0
2022-06-26 00:44:55,0,0,0.7481297,0,0,96.25935,2.493766,0.4987531,0
2022-06-26 00:44:54,0,0,1,0.25,0,97,1,0.75,0
2022-06-26 00:44:53,0,0,0.2512563,0,0,97.48744,2.261307,0,0
2022-06-26 00:44:52,0,0,1,0,0,96.75,2,0.25,0
2022-06-26 00:44:51,0,0,0.5,0.25,0,97.5,1.5,0.25,0
2022-06-26 00:44:50,0,0,0.25,0,0,99,0.75,0,0
2022-06-26 00:44:49,0,0,0.25,0,0,98.5,1,0.25,0
2022-06-26 00:44:48,0,0,0.7481297,0,0,96.7581,2.244389,0.2493766,0
2022-06-26 00:44:47,0,0,1.25,0.5,0,94.5,3.25,0.5,0
2022-06-26 00:44:46,0,0,0.5,0,0,97.25,2.25,0,0
2022-06-26 00:44:45,0,0,0.7518797,0.2506266,0,96.49123,2.005013,0.5012531,0
2022-06-26 00:44:44,0,0,1.25,0,0,96.25,2.25,0.25,0
2022-06-26 00:44:43,0,0,0,0,0,99,0.75,0.25,0
2022-06-26 00:44:42,0,0,0,0.25,0,98,1.25,0.5,0
2022-06-26 00:44:41,0,0,1,0.25,0,96.25,2,0.5,0
2022-06-26 00:44:40,0,0,1,0,0,96.5,2.5,0,0
2022-06-26 00:44:39,0,0,0.5,0.25,0,98,1.25,0,0
2022-06-26 00:44:38,0,0,1,0.5,0,95.75,2.25,0.5,0
2022-06-26 00:44:37,0,0,0.75,0,0,98,1.25,0,0
2022-06-26 00:44:36,0,0,0,0,0,98.24561,1.2531328,0.5012531,0
2022-06-26 00:44:35,0,0,0.2493766,0.2493766,0,98.50374,0.7481297,0.2493766,0
2022-06-26 00:44:34,0,0,0.7518797,0,0,96.49123,2.506266,0.2506266,0
2022-06-26 00:44:33,0,0,0.9975062,0,0,96.50873,2.244389,0.2493766,0
2022-06-26 00:44:32,0,0,0.75,0.25,0,97.75,1,0.25,0
2022-06-26 00:44:31,0,0,1,0,0,96.25,2.5,0.25,0
2022-06-26 00:44:30,0,0,0.4975124,0.4975124,0,97.01493,1.741294,0.2487562,0
2022-06-26 00:44:29,0,0,0,0,0,99.24623,0.7537688,0,0
2022-06-26 00:44:28,0,0,0,0,0,98.74687,1.0025063,0.2506266,0
2022-06-26 00:44:27,0,0,0.4975124,0,0,98.00995,1.2437811,0.2487562,0
2022-06-26 00:44:26,0,0,1.2468828,0.2493766,0,93.01746,5.236908,0.2493766,0
2022-06-26 00:44:25,0,0,0.7537688,0.2512563,0,95.47739,3.266332,0.2512563,0
2022-06-26 00:44:24,0,0,0.7481297,0,0,97.50623,1.745636,0,0
2022-06-26 00:44:23,0,0,1.0025063,0.2506266,0,94.73684,3.759398,0.2506266,0
2022-06-26 00:44:22,0,0,0.5012531,0,0,97.99499,1.2531328,0.2506266,0
2022-06-26 00:44:21,0,0,0.2487562,0.2487562,0,98.00995,0.9950249,0.4975124,0
2022-06-26 00:44:20,0,0,0,0,0,99,1,0,0
2022-06-26 00:44:19,0,0,0.25,0,0,98.5,1.25,0,0
2022-06-26 00:44:18,0,0,0.7481297,0.2493766,0,96.50873,1.995012,0.4987531,0
2022-06-26 00:44:17,0,0,1.25,0.25,0,95,3.25,0.25,0
2022-06-26 00:44:16,0,0,1.2594458,0,0,91.18388,7.052897,0.5037783,0
2022-06-26 00:44:15,0,0,0.9950249,0,0,91.29353,7.462687,0.2487562,0
2022-06-26 00:44:14,0,0,1.2468828,0.2493766,0,91.5212,6.483791,0.4987531,0
2022-06-26 00:44:13,0,0,1.25,0,0,91.25,7,0.25,0
2022-06-26 00:44:12,0,0,0.5025126,0,0,92.96482,6.281407,0.2512563,0
2022-06-26 00:44:11,0,0,0.4975124,0.4975124,0,93.03483,5.970149,0,0
2022-06-26 00:44:10,0,0,0,0,0,93.70277,5.793451,0.5037783,0
2022-06-26 00:44:09,0,0,0,0.4962779,0,91.56328,7.692308,0.248139,0
2022-06-26 00:44:08,0,0,0.2506266,0.2506266,0,91.72932,7.769424,0,0
2022-06-26 00:44:07,0,0,0.25,0.25,0,92,7.25,0.25,0
2022-06-26 00:44:06,0,0,0,0,0,93.21608,5.276382,0.7537688,0
2022-06-26 00:44:05,0,0,0.25,0.25,0,94.5,3.5,0,0
2022-06-26 00:44:04,0,0,0.2493766,0,0,97.75561,1.745636,0.2493766,0
2022-06-26 00:44:03,0,0,0,0,0,98.99749,0.7518797,0.2506266,0
2022-06-26 00:44:02,0,0,0,0,0,99.25373,0.4975124,0.2487562,0
2022-06-26 00:44:01,0,0,0.2512563,0,0,98.24121,1.5075377,0,0
2022-06-26 00:44:00,0,0,0.2493766,0.2493766,0,98.00499,1.2468828,0.2493766,0
2022-06-26 00:43:59,0,0,0.2512563,0,0,98.24121,1.5075377,0,0
2022-06-26 00:43:58,0,0,0.7444169,0,0,97.02233,1.4888337,0.7444169,0
2022-06-26 00:43:57,0,0,0.5012531,0,0,96.99248,2.255639,0.2506266,0
2022-06-26 00:43:56,0,0,0.9975062,0,0,96.50873,2.244389,0.2493766,0
2022-06-26 00:43:55,0,0,0.2506266,0,0,98.74687,0.7518797,0.2506266,0
2022-06-26 00:43:54,0,0,0,0.25,0,98.5,1.25,0,0
2022-06-26 00:43:53,0,0,0.2493766,0,0,99.00249,0.4987531,0.2493766,0
2022-06-26 00:43:52,0,0,0.5025126,0,0,95.9799,3.266332,0.2512563,0
2022-06-26 00:43:51,0,0,1,0,0,97,1.75,0.25,0
2022-06-26 00:43:50,0,0,1.5,0.5,0,95.75,2.25,0,0
2022-06-26 00:43:49,0,0,0.75,0,0,97.25,1.75,0.25,0
2022-06-26 00:43:48,0,0,0,0,0,99.49875,0.2506266,0.2506266,0
2022-06-26 00:43:47,0,0,0.2487562,0,0,98.50746,0.9950249,0.2487562,0
2022-06-26 00:43:46,0,0,0,0.2493766,0,98.50374,0.9975062,0.2493766,0
2022-06-26 00:43:45,0,0,0.7537688,0,0,97.23618,1.5075377,0.5025126,0
2022-06-26 00:43:44,0,0,0.75,0.5,0,96.75,1.75,0.25,0
2022-06-26 00:43:43,0,0,1.5,0.25,0,95.5,2.5,0.25,0
2022-06-26 00:43:42,0,0,0.9975062,0.4987531,0,96.25935,2.244389,0,0
2022-06-26 00:43:41,0,0,0,0,0,99.49875,0.5012531,0,0
2022-06-26 00:43:40,0,0,0,0,0,99.25,0.5,0.25,0
2022-06-26 00:43:39,0,0,0.4962779,0,0,97.76675,1.4888337,0.248139,0
2022-06-26 00:43:38,0,0,0.7537688,0,0,97.48744,1.5075377,0.2512563,0
2022-06-26 00:43:37,0,0,0.7481297,0.2493766,0,96.25935,2.493766,0.2493766,0
2022-06-26 00:43:36,0,0,1.4962594,0.4987531,0,94.26434,3.241895,0.4987531,0
2022-06-26 00:43:35,0,0,0.7537688,0,0,97.48744,1.758794,0,0
2022-06-26 00:43:34,0,0,0,0,0,99.24812,0.5012531,0.2506266,0
2022-06-26 00:43:33,0,0,0,0.25,0,97.5,2,0.25,0
2022-06-26 00:43:32,0,0,0.5012531,0,0,98.49624,1.0025063,0,0
2022-06-26 00:43:31,0,0,0.9950249,0.2487562,0,96.26866,2.238806,0.2487562,0
2022-06-26 00:43:30,0,0,0.9975062,0.2493766,0,96.7581,1.745636,0.2493766,0
2022-06-26 00:43:29,0,0,1.0025063,0.2506266,0,95.48872,2.756892,0.5012531,0
2022-06-26 00:43:28,0,0,1,0.25,0,95.5,3,0.25,0
2022-06-26 00:43:27,0,0,0,0,0,98,2,0,0
2022-06-26 00:43:26,0,0,0.2506266,0,0,97.74436,1.5037594,0.5012531,0
2022-06-26 00:43:25,0,0,0.5,0,0,97.75,1.25,0.5,0
2022-06-26 00:43:24,0,0,0.7537688,0,0,94.47236,4.522613,0.2512563,0
2022-06-26 00:43:23,0,0,0.9876543,0.7407407,0,93.82716,3.950617,0.4938272,0
2022-06-26 00:43:22,0,0,0.7556675,0.2518892,0,95.71788,3.02267,0.2518892,0
2022-06-26 00:43:21,0,0,1,0,0,96,2.75,0.25,0
2022-06-26 00:43:20,0,0,0.7462687,0.2487562,0,95.52239,3.233831,0.2487562,0
2022-06-26 00:43:19,0,0,0,0,0,99,0.75,0.25,0
2022-06-26 00:43:18,0,0,0,0,0,99.49875,0.2506266,0.2506266,0
2022-06-26 00:43:17,0,0,0,0,0,99.49875,0.5012531,0,0
2022-06-26 00:43:16,0,0,0.4962779,0.248139,0,97.76675,0.9925558,0.4962779,0
2022-06-26 00:43:15,0,0,0.7556675,0.2518892,0,96.47355,2.518892,0,0
2022-06-26 00:43:14,0,0,1.25,0.25,0,94.5,3.75,0.25,0
2022-06-26 00:43:13,0,0,1.25,0.25,0,92.25,6,0.25,0
2022-06-26 00:43:12,0,0,1.741294,0.2487562,0,88.30846,9.452736,0.2487562,0
2022-06-26 00:43:11,0,0,1.2562814,0.2512563,0,90.70352,7.537688,0.2512563,0
2022-06-26 00:43:10,0,0,0.7462687,0.2487562,0,91.04478,7.960199,0,0
2022-06-26 00:43:09,0,0,0,0.2512563,0,94.72362,4.773869,0.2512563,0
2022-06-26 00:43:08,0,0,0,0,0,93.5,6,0.5,0
2022-06-26 00:43:07,0,0,0.2487562,0,0,93.28358,6.218905,0.2487562,0
2022-06-26 00:43:06,0,0,0,0,0,91.27182,8.229426,0.4987531,0
2022-06-26 00:43:05,0,0,0,0,0,91.68766,8.060453,0.2518892,0
2022-06-26 00:43:04,0,0,0.2493766,0,0,90.27431,7.98005,0.2493766,0
2022-06-26 00:43:03,0,0,0,0.5037783,0,89.16877,4.785894,0,0
2022-06-26 00:43:02,0,0,0.2493766,0,0,98.50374,1.2468828,0,0
2022-06-26 00:43:01,0,0,0,0,0,99,0.75,0.25,0
2022-06-26 00:43:00,0,0,0,0,0,98,1.75,0,0
2022-06-26 00:42:59,0,0,0.2493766,0,0,98.75312,0.7481297,0.2493766,0
2022-06-26 00:42:58,0,0,0,0.2506266,0,98.74687,1.0025063,0,0
2022-06-26 00:42:57,0,0,0.4975124,0,0,98.25871,0.7462687,0.4975124,0
2022-06-26 00:42:56,0,0,0.5012531,0.2506266,0,97.74436,1.2531328,0.2506266,0
2022-06-26 00:42:55,0,0,0.4987531,0,0,97.50623,1.995012,0,0
2022-06-26 00:42:54,0,0,1.2562814,0.2512563,0,95.22613,3.015075,0.2512563,0
2022-06-26 00:42:53,0,0,0.7518797,0,0,96.74185,2.255639,0.2506266,0
2022-06-26 00:42:52,0,0,0.2487562,0.2487562,0,97.76119,1.4925373,0.2487562,0
2022-06-26 00:42:51,0,0,0,0,0,99.24812,0.7518797,0,0
2022-06-26 00:42:50,0,0,0.5,0,0,98.5,0.5,0.5,0
2022-06-26 00:42:49,0,0,0.7481297,0.2493766,0,96.00998,2.743142,0.2493766,0
2022-06-26 00:42:48,0,0,0.75,0.25,0,97.25,1.75,0,0
2022-06-26 00:42:47,0,0,1.0025063,0,0,95.98997,3.007519,0,0
2022-06-26 00:42:46,0,0,1,0.5,0,96,2.5,0,0
2022-06-26 00:42:45,0,0,0,0,0,99.24812,0.7518797,0,0
2022-06-26 00:42:44,0,0,0.2487562,0.2487562,0,98.50746,0.4975124,0.4975124,0
2022-06-26 00:42:43,0,0,0.4987531,0,0,98.25436,1.2468828,0,0
2022-06-26 00:42:42,0,0,0.7556675,0.2518892,0,96.22166,2.518892,0.2518892,0
2022-06-26 00:42:41,0,0,1.25,0.5,0,95.75,2.5,0,0
2022-06-26 00:42:40,0,0,0.9925558,0,0,96.27792,2.48139,0.248139,0
2022-06-26 00:42:39,0,0,0.7537688,0.2512563,0,97.23618,1.5075377,0.2512563,0
2022-06-26 00:42:38,0,0,0,0,0,99.24812,0.5012531,0.2506266,0
2022-06-26 00:42:37,0,0,0,0,0,99.50125,0.2493766,0.2493766,0
2022-06-26 00:42:36,0,0,1.0050251,0,0,96.23116,2.512563,0.2512563,0
2022-06-26 00:42:35,0,0,0.7481297,0.2493766,0,96.50873,2.493766,0,0
2022-06-26 00:42:34,0,0,0.9950249,0,0,96.51741,2.238806,0.2487562,0
2022-06-26 00:42:33,0,0,0.5025126,0.2512563,0,95.9799,2.763819,0.5025126,0
2022-06-26 00:42:32,0,0,0.7462687,0.2487562,0,97.26368,1.741294,0,0
2022-06-26 00:42:31,0,0,0.5025126,0,0,98.24121,1.0050251,0.2512563,0
2022-06-26 00:42:30,0,0,0.2493766,0,0,98.50374,0.9975062,0.2493766,0
2022-06-26 00:42:29,0,0,0.5012531,0.2506266,0,96.99248,2.255639,0,0
2022-06-26 00:42:28,0,0,0.9975062,0,0,96.7581,1.995012,0.2493766,0
2022-06-26 00:42:27,0,0,0.75,0,0,96.25,2.75,0.25,0
2022-06-26 00:42:26,0,0,0.5012531,0,0,97.99499,1.5037594,0,0
2022-06-26 00:42:25,0,0,0.9950249,0.4975124,0,95.77114,1.99005,0.7462687,0
2022-06-26 00:42:24,0,0,0.7518797,0,0,96.99248,2.255639,0,0
2022-06-26 00:42:23,0,0,0,0,0,98.99749,1.0025063,0,0
2022-06-26 00:42:22,0,0,0.4975124,0.2487562,0,96.51741,2.487562,0.2487562,0
2022-06-26 00:42:21,0,0,1,0,0,96.25,2.5,0.25,0
2022-06-26 00:42:20,0,0,0.5012531,0,0,96.49123,2.756892,0.2506266,0
2022-06-26 00:42:19,0,0,0.4987531,0.2493766,0,97.25686,1.745636,0.2493766,0
2022-06-26 00:42:18,0,0,0.7518797,0.2506266,0,97.24311,1.754386,0,0
2022-06-26 00:42:17,0,0,0.5,0,0,95.75,3.5,0.25,0
2022-06-26 00:42:16,0,0,0.2493766,0,0,98.50374,0.7481297,0.4987531,0
2022-06-26 00:42:15,0,0,0,0,0,98.75312,0.9975062,0.2493766,0
2022-06-26 00:42:14,0,0,0.5025126,0,0,96.98492,2.512563,0,0
2022-06-26 00:42:13,0,0,0.9975062,0.2493766,0,94.26434,3.990025,0.4987531,0
2022-06-26 00:42:12,0,0,1,0,0,96.75,2.25,0,0
2022-06-26 00:42:11,0,0,1.2531328,0.2506266,0,90.22556,8.02005,0.2506266,0
2022-06-26 00:42:10,0,0,0.75,0.25,0,91,7.5,0.25,0
2022-06-26 00:42:09,0,0,0.7556675,0,0,95.46599,3.526448,0.2518892,0
2022-06-26 00:42:08,0,0,0.4987531,0.2493766,0,92.26933,6.733167,0.2493766,0
2022-06-26 00:42:07,0,0,0.7444169,0.248139,0,92.05955,6.699752,0.248139,0
2022-06-26 00:42:06,0,0,0.5012531,0,0,92.23058,6.766917,0.5012531,0
2022-06-26 00:42:05,0,0,0.5,0,0,92,7.25,0.25,0
2022-06-26 00:42:04,0,0,0.4987531,0.4987531,0,87.53117,10.723192,0.2493766,0
2022-06-26 00:42:03,0,0,0,0.2506266,0,92.4812,5.764411,0.5012531,0
2022-06-26 00:42:02,0,0,0,0,0,94.51372,5.236908,0.2493766,0
2022-06-26 00:42:01,0,0,0.2512563,0.2512563,0,94.47236,5.025126,0,0
2022-06-26 00:42:00,0,0,0.2487562,0,0,95.52239,3.9801,0.2487562,0
2022-06-26 00:41:59,0,0,0,0,0,98,1.75,0,0
2022-06-26 00:41:58,0,0,0,0.2506266,0,97.74436,1.754386,0.2506266,0
2022-06-26 00:41:57,0,0,0,0,0,99.49622,0.5037783,0,0
2022-06-26 00:41:56,0,0,0,0,0,98.76238,1.2376238,0,0
2022-06-26 00:41:55,0,0,0.2506266,0,0,98.99749,0.5012531,0.2506266,0
2022-06-26 00:41:54,0,0,0,0,0,98.75312,0.9975062,0.2493766,0
2022-06-26 00:41:53,0,0,1.0050251,0.2512563,0,96.48241,2.261307,0,0
2022-06-26 00:41:52,0,0,0.2487562,0,0,98.25871,1.2437811,0.2487562,0
2022-06-26 00:41:51,0,0,0.7518797,0.2506266,0,97.49373,1.2531328,0.2506266,0
2022-06-26 00:41:50,0,0,0.5012531,0,0,98.74687,0.7518797,0,0
2022-06-26 00:41:49,0,0,0.4987531,0.2493766,0,97.25686,1.995012,0,0
2022-06-26 00:41:48,0,0,0,0,0,98.75312,0.9975062,0.2493766,0
2022-06-26 00:41:47,0,0,1.2531328,0,0,95.2381,3.258145,0.2506266,0
2022-06-26 00:41:46,0,0,0.7481297,0.2493766,0,96.50873,2.244389,0.2493766,0
2022-06-26 00:41:45,0,0,0.25,0,0,99,0.75,0,0
2022-06-26 00:41:44,0,0,0.7537688,0,0,97.48744,1.5075377,0.2512563,0
2022-06-26 00:41:43,0,0,0.990099,0.2475248,0,95.79208,2.475248,0.4950495,0
2022-06-26 00:41:42,0,0,0.2525253,0,0,98.73737,1.010101,0,0
2022-06-26 00:41:41,0,0,0.4962779,0.4962779,0,97.51861,1.4888337,0,0
2022-06-26 00:41:40,0,0,1.2562814,0,0,95.47739,3.015075,0.2512563,0
2022-06-26 00:41:39,0,0,0.7481297,0,0,97.25686,1.745636,0.2493766,0
2022-06-26 00:41:38,0,0,0,0,0,98.49624,1.0025063,0.5012531,0
2022-06-26 00:41:37,0,0,1.0075567,0.2518892,0,96.97733,1.763224,0,0
2022-06-26 00:41:36,0,0,0.7444169,0.248139,0,96.02978,2.729529,0.248139,0
2022-06-26 00:41:35,0,0,0.5,0,0,98.25,0.75,0.5,0
2022-06-26 00:41:34,0,0,0.2487562,0.2487562,0,98.25871,1.2437811,0,0
2022-06-26 00:41:33,0,0,0.7556675,0,0,96.97733,2.015113,0.2518892,0
2022-06-26 00:41:32,0,0,0.9975062,0.2493766,0,97.00748,1.745636,0,0
2022-06-26 00:41:31,0,0,0,0,0,99.5,0.25,0.25,0
2022-06-26 00:41:30,0,0,0.75,0.25,0,96.75,2,0.25,0
2022-06-26 00:41:29,0,0,1.0025063,0,0,95.73935,2.756892,0.5012531,0
2022-06-26 00:41:28,0,0,0.2493766,0.2493766,0,98.50374,0.7481297,0.2493766,0
2022-06-26 00:41:27,0,0,0.25,0,0,98,1.5,0.25,0
2022-06-26 00:41:26,0,0,0.7481297,0,0,97.25686,1.995012,0,0
2022-06-26 00:41:25,0,0,1.0025063,0.2506266,0,96.2406,2.255639,0.2506266,0
2022-06-26 00:41:24,0,0,0.7518797,0,0,97.74436,1.5037594,0,0
2022-06-26 00:41:23,0,0,0.7481297,0.2493766,0,97.25686,1.4962594,0.2493766,0
2022-06-26 00:41:22,0,0,1,0.25,0,96.25,2.5,0,0
2022-06-26 00:41:21,0,0,0.25,0,0,97.75,1.75,0.25,0
2022-06-26 00:41:20,0,0,0,0,0,98.5,1.25,0.25,0
2022-06-26 00:41:19,0,0,0.5,0,0,97,2.5,0,0
2022-06-26 00:41:18,0,0,1,0,0,94.5,4.25,0.25,0
2022-06-26 00:41:17,0,0,0.4987531,0,0,95.7606,3.491272,0.2493766,0
2022-06-26 00:41:16,0,0,0.7518797,0.5012531,0,96.49123,2.255639,0,0
2022-06-26 00:41:15,0,0,0.75,0,0,96.25,2.5,0.5,0
2022-06-26 00:41:14,0,0,1.2437811,0,0,96.0199,2.487562,0.2487562,0
2022-06-26 00:41:13,0,0,0.2506266,0,0,98.74687,0.7518797,0.2506266,0
2022-06-26 00:41:12,0,0,0,0,0,99.24812,0.7518797,0,0
2022-06-26 00:41:11,0,0,0.25,0.25,0,97.75,1.5,0.25,0
2022-06-26 00:41:10,0,0,0.9975062,0,0,95.7606,2.992519,0.2493766,0
2022-06-26 00:41:09,0,0,1.2468828,0.2493766,0,94.26434,4.239401,0,0
2022-06-26 00:41:08,0,0,1.0025063,0.5012531,0,93.23308,4.761905,0.5012531,0
2022-06-26 00:41:07,0,0,1.25,0.25,0,91,7.25,0.25,0
2022-06-26 00:41:06,0,0,1,0.25,0,93,5.5,0.25,0
2022-06-26 00:41:05,0,0,1,0,0,90.75,8,0.25,0
2022-06-26 00:41:04,0,0,0.4987531,0.2493766,0,93.51621,5.486284,0.2493766,0
2022-06-26 00:41:03,0,0,0.2518892,0,0,91.93955,7.556675,0.2518892,0
2022-06-26 00:41:02,0,0,0,0,0,93.03483,6.965174,0,0
2022-06-26 00:41:01,0,0,0,0,0,93.46734,6.030151,0.5025126,0
2022-06-26 00:41:00,0,0,0,0,0,91.5212,8.229426,0.2493766,0
2022-06-26 00:40:59,0,0,0.2506266,0.2506266,0,90.22556,8.77193,0.2506266,0
2022-06-26 00:40:58,0,0,0.2493766,0.2493766,0,93.26683,4.987531,0.2493766,0
2022-06-26 00:40:57,0,0,0,0,0,96.74185,2.756892,0.5012531,0
2022-06-26 00:40:56,0,0,0.25,0,0,98.75,1,0,0
2022-06-26 00:40:55,0,0,0,0,0,99.00249,0.7481297,0.2493766,0
2022-06-26 00:40:54,0,0,0,0,0,98.99749,1.0025063,0,0
2022-06-26 00:40:53,0,0,0.25,0,0,98.25,1.5,0,0
2022-06-26 00:40:52,0,0,0,0.2487562,0,98.75622,0.4975124,0.4975124,0
2022-06-26 00:40:51,0,0,0.7556675,0,0,96.72544,2.267003,0.2518892,0
2022-06-26 00:40:50,0,0,0.4962779,0,0,97.02233,2.233251,0.248139,0
2022-06-26 00:40:49,0,0,0.2512563,0.2512563,0,97.23618,2.01005,0.2512563,0
2022-06-26 00:40:48,0,0,0.7518797,0.2506266,0,97.24311,1.5037594,0.2506266,0
2022-06-26 00:40:47,0,0,0.4975124,0,0,98.00995,1.2437811,0.2487562,0
2022-06-26 00:40:46,0,0,0.2493766,0,0,97.75561,1.745636,0.2493766,0
2022-06-26 00:40:45,0,0,0.5025126,0.5025126,0,96.98492,2.01005,0,0
2022-06-26 00:40:44,0,0,0.75,0,0,97.75,1,0.5,0
2022-06-26 00:40:43,0,0,0.5025126,0.5025126,0,95.9799,3.015075,0,0
2022-06-26 00:40:42,0,0,0.9950249,0,0,97.51244,1.2437811,0.2487562,0
2022-06-26 00:40:41,0,0,0.75,0,0,97,2,0.25,0
2022-06-26 00:40:40,0,0,0.4987531,0,0,97.50623,1.745636,0.2493766,0
2022-06-26 00:40:39,0,0,0.2506266,0,0,98.49624,1.2531328,0,0
2022-06-26 00:40:38,0,0,1,0,0,96.5,2.25,0.25,0
2022-06-26 00:40:37,0,0,0.4975124,0.2487562,0,96.76617,1.99005,0.4975124,0
2022-06-26 00:40:36,0,0,0.7537688,0.2512563,0,97.23618,1.758794,0,0
2022-06-26 00:40:35,0,0,0.75,0,0,97.75,1.25,0.25,0
2022-06-26 00:40:34,0,0,0.7481297,0,0,96.50873,2.493766,0.2493766,0
2022-06-26 00:40:33,0,0,0.5012531,0,0,97.99499,1.5037594,0,0
2022-06-26 00:40:32,0,0,0.25,0,0,98.75,0.75,0.25,0
2022-06-26 00:40:31,0,0,0.75,0,0,97,2,0.25,0
2022-06-26 00:40:30,0,0,0.7481297,0,0,96.7581,2.244389,0.2493766,0
2022-06-26 00:40:29,0,0,0.7481297,0,0,97.00748,1.745636,0.4987531,0
2022-06-26 00:40:28,0,0,0.5,0.25,0,97,1.75,0.5,0
2022-06-26 00:40:27,0,0,0.5012531,0.2506266,0,97.99499,1.0025063,0.2506266,0
2022-06-26 00:40:26,0,0,0.9975062,0.4987531,0,96.7581,1.745636,0,0
2022-06-26 00:40:25,0,0,0.5012531,0,0,97.74436,1.2531328,0.5012531,0
2022-06-26 00:40:24,0,0,1.0050251,0,0,96.23116,2.763819,0,0
2022-06-26 00:40:23,0,0,1,0,0,97,1.75,0.25,0
2022-06-26 00:40:22,0,0,0.5,0.25,0,98,1.25,0,0
2022-06-26 00:40:21,0,0,0.7481297,0,0,96.50873,2.244389,0.4987531,0
2022-06-26 00:40:20,0,0,1,0,0,96.25,2.5,0.25,0
2022-06-26 00:40:19,0,0,0.75,0.25,0,96.75,2,0.25,0
2022-06-26 00:40:18,0,0,0,0,0,98.5,1.25,0.25,0
2022-06-26 00:40:17,0,0,0.5,0.25,0,97,2.25,0,0
2022-06-26 00:40:16,0,0,0.75,0.25,0,96.5,2.25,0.25,0
2022-06-26 00:40:15,0,0,0.25,0,0,97.75,2,0,0
2022-06-26 00:40:14,0,0,0.4987531,0.2493766,0,97.25686,1.745636,0.2493766,0
2022-06-26 00:40:13,0,0,0.75,0,0,96.25,2.5,0.5,0
2022-06-26 00:40:12,0,0,1,0,0,94.5,4.25,0.25,0
2022-06-26 00:40:11,0,0,0.5,0.25,0,97.75,1.25,0.25,0
2022-06-26 00:40:10,0,0,0,0,0,99.25187,0.7481297,0,0
2022-06-26 00:40:09,0,0,0.25,0,0,96.75,2.75,0.25,0
2022-06-26 00:40:08,0,0,0.75,0.25,0,97,1.5,0.5,0
2022-06-26 00:40:07,0,0,1.0025063,0.2506266,0,95.48872,3.258145,0,0
2022-06-26 00:40:06,0,0,0.75,0,0,92.75,6,0.5,0
2022-06-26 00:40:05,0,0,0.7537688,0.2512563,0,90.95477,7.788945,0.2512563,0
2022-06-26 00:40:04,0,0,1.25,0,0,91.25,7.25,0.25,0
2022-06-26 00:40:03,0,0,0.9950249,0.2487562,0,91.54229,6.716418,0.4975124,0
2022-06-26 00:40:02,0,0,1,0.25,0,90,8.25,0.25,0
2022-06-26 00:40:01,0,0,0.5,0.25,0,93.75,5.25,0.25,0
2022-06-26 00:40:00,0,0,0,0,0,93,6.5,0.5,0
2022-06-26 00:39:59,0,0,0.2487562,0,0,92.53731,6.965174,0.2487562,0
2022-06-26 00:39:58,0,0,0,0,0,92.9471,6.801008,0.2518892,0
2022-06-26 00:39:57,0,0,0.2487562,0,0,95.52239,3.9801,0.2487562,0
2022-06-26 00:39:56,0,0,0,0,0,92.4812,6.766917,0.5012531,0
2022-06-26 00:39:55,0,0,0.2506266,0.2506266,0,93.98496,5.263158,0,0
2022-06-26 00:39:54,0,0,0,0,0,97.25,2.5,0.25,0
2022-06-26 00:39:53,0,0,0.25,0.25,0,98,1.25,0.25,0
2022-06-26 00:39:52,0,0,0,0,0,99.25,0.75,0,0
2022-06-26 00:39:51,0,0,0,0,0,99.00249,0.7481297,0.2493766,0
2022-06-26 00:39:50,0,0,0.2518892,0,0,98.23678,1.2594458,0.2518892,0
2022-06-26 00:39:49,0,0,0.9925558,0.248139,0,97.02233,1.4888337,0.248139,0
2022-06-26 00:39:48,0,0,0,0.2506266,0,98.99749,0.5012531,0.2506266,0
2022-06-26 00:39:47,0,0,0.4987531,0,0,97.25686,2.244389,0,0
2022-06-26 00:39:46,0,0,0.4987531,0.2493766,0,97.50623,1.4962594,0.2493766,0
2022-06-26 00:39:45,0,0,0.5012531,0,0,97.49373,2.005013,0,0
2022-06-26 00:39:44,0,0,0.25,0.25,0,98.25,1,0.25,0
2022-06-26 00:39:43,0,0,1,0.25,0,96.5,1.75,0.5,0
2022-06-26 00:39:42,0,0,0.5012531,0,0,95.73935,3.508772,0.2506266,0
2022-06-26 00:39:41,0,0,0.4975124,0,0,98.25871,0.9950249,0.2487562,0
2022-06-26 00:39:40,0,0,0.7518797,0,0,96.99248,2.255639,0,0
2022-06-26 00:39:39,0,0,0.4975124,0.2487562,0,97.26368,1.4925373,0.4975124,0
2022-06-26 00:39:38,0,0,0.2506266,0.2506266,0,98.49624,0.7518797,0.2506266,0
2022-06-26 00:39:37,0,0,0.75,0,0,96.25,2.75,0.25,0
2022-06-26 00:39:36,0,0,1,0,0,96.5,2.25,0.25,0
2022-06-26 00:39:35,0,0,0.5,0.25,0,97.75,1.5,0,0
2022-06-26 00:39:34,0,0,0.5,0,0,97.5,1.75,0.25,0
2022-06-26 00:39:33,0,0,0.5037783,0.2518892,0,96.72544,2.015113,0.5037783,0
2022-06-26 00:39:32,0,0,0.7481297,0,0,97.50623,1.745636,0,0
2022-06-26 00:39:31,0,0,0.5012531,0.2506266,0,97.99499,1.0025063,0.2506266,0
2022-06-26 00:39:30,0,0,0.4962779,0,0,96.77419,2.233251,0.4962779,0
2022-06-26 00:39:29,0,0,1,0.25,0,96.75,2,0,0
2022-06-26 00:39:28,0,0,0.2512563,0,0,98.24121,1.0050251,0.5025126,0
2022-06-26 00:39:27,0,0,0.4987531,0,0,97.75561,1.745636,0,0
2022-06-26 00:39:26,0,0,0.7481297,0.2493766,0,96.50873,1.745636,0.7481297,0
2022-06-26 00:39:25,0,0,0.7537688,0,0,97.48744,1.5075377,0.2512563,0
2022-06-26 00:39:24,0,0,0.7518797,0.2506266,0,97.74436,1.0025063,0.2506266,0
2022-06-26 00:39:23,0,0,0.4975124,0,0,97.26368,1.99005,0.2487562,0
2022-06-26 00:39:22,0,0,0.75,0,0,96.75,2,0.5,0
2022-06-26 00:39:21,0,0,0.7481297,0,0,96.7581,2.244389,0.2493766,0
2022-06-26 00:39:20,0,0,0.5012531,0.2506266,0,97.99499,1.2531328,0,0
2022-06-26 00:39:19,0,0,0.7518797,0.2506266,0,97.24311,1.5037594,0.2506266,0
2022-06-26 00:39:18,0,0,0.2506266,0,0,97.74436,1.754386,0.2506266,0
2022-06-26 00:39:17,0,0,0.7462687,0,0,95.52239,3.482587,0.2487562,0
2022-06-26 00:39:16,0,0,1,0.25,0,97,1.75,0,0
2022-06-26 00:39:15,0,0,0.5,0,0,97.25,1.75,0.5,0
2022-06-26 00:39:14,0,0,0.5025126,0.2512563,0,96.48241,2.763819,0,0
2022-06-26 00:39:13,0,0,0.4962779,0.248139,0,97.51861,1.4888337,0.248139,0
2022-06-26 00:39:12,0,0,0.5,0,0,97,2.25,0.25,0
2022-06-26 00:39:11,0,0,1.511335,0,0,95.46599,2.770781,0.2518892,0
2022-06-26 00:39:10,0,0,0.2493766,0,0,98.00499,1.745636,0,0
2022-06-26 00:39:09,0,0,0.7481297,0.2493766,0,94.76309,3.740648,0.4987531,0
2022-06-26 00:39:08,0,0,1.2468828,0.4987531,0,94.76309,3.241895,0.2493766,0
2022-06-26 00:39:07,0,0,0.2512563,0.2512563,0,97.23618,2.01005,0.2512563,0
2022-06-26 00:39:06,0,0,0.5,0,0,94.25,5.25,0,0
2022-06-26 00:39:05,0,0,0.7518797,0,0,95.48872,3.258145,0.5012531,0
2022-06-26 00:39:04,0,0,0.4987531,0,0,96.7581,2.743142,0,0
2022-06-26 00:39:03,0,0,0.75,0.25,0,94.5,4.25,0.25,0
2022-06-26 00:39:02,0,0,0.9950249,0.2487562,0,92.28856,6.218905,0.2487562,0
2022-06-26 00:39:01,0,0,0.7537688,0.2512563,0,92.96482,6.030151,0,0
2022-06-26 00:39:00,0,0,0.7481297,0.2493766,0,91.27182,7.23192,0.4987531,0
2022-06-26 00:38:59,0,0,1.0025063,0.2506266,0,90.72682,7.769424,0.2506266,0
2022-06-26 00:38:58,0,0,0.4975124,0.2487562,0,95.02488,3.9801,0.2487562,0
2022-06-26 00:38:57,0,0,0.5012531,0,0,91.22807,7.769424,0.2506266,0
2022-06-26 00:38:56,0,0,0,0.25,0,93.25,6,0.5,0
2022-06-26 00:38:55,0,0,0.25,0,0,94.25,5.25,0.25,0
2022-06-26 00:38:54,0,0,0.25,0,0,93,6.75,0,0
2022-06-26 00:38:53,0,0,0,0.25,0,94,5.25,0.5,0
2022-06-26 00:38:52,0,0,0,0,0,96.5,3,0.5,0
2022-06-26 00:38:51,0,0,0.25,0.25,0,95.75,3.25,0.25,0
2022-06-26 00:38:50,0,0,0,0,0,98.74372,1.0050251,0.2512563,0
2022-06-26 00:38:49,0,0,0.2487562,0,0,98.50746,0.9950249,0.2487562,0
2022-06-26 00:38:48,0,0,0.2493766,0.2493766,0,98.25436,1.2468828,0,0
2022-06-26 00:38:47,0,0,0.2506266,0,0,98.49624,1.0025063,0.2506266,0
2022-06-26 00:38:46,0,0,0.2506266,0,0,98.49624,1.0025063,0.2506266,0
2022-06-26 00:38:45,0,0,0.2493766,0,0,97.75561,1.995012,0,0
2022-06-26 00:38:44,0,0,1,0.25,0,96,2.25,0.5,0
2022-06-26 00:38:43,0,0,0,0,0,98.49624,1.2531328,0.2506266,0
2022-06-26 00:38:42,0,0,0.7481297,0,0,97.00748,2.244389,0,0
2022-06-26 00:38:41,0,0,1.0025063,0.2506266,0,95.98997,2.255639,0.5012531,0
2022-06-26 00:38:40,0,0,0,0.25,0,98.5,1,0.25,0
2022-06-26 00:38:39,0,0,0.2506266,0,0,97.99499,1.5037594,0.2506266,0
2022-06-26 00:38:38,0,0,0.9925558,0.248139,0,96.52605,2.233251,0,0
2022-06-26 00:38:37,0,0,0.7537688,0,0,96.73367,2.261307,0.2512563,0
2022-06-26 00:38:36,0,0,0.2493766,0.2493766,0,98.00499,1.2468828,0.2493766,0
2022-06-26 00:38:35,0,0,1.0050251,0,0,96.48241,2.261307,0.2512563,0
2022-06-26 00:38:34,0,0,0.4987531,0.2493766,0,97.75561,1.2468828,0.2493766,0
2022-06-26 00:38:33,0,0,0.25,0.25,0,98.25,1.25,0,0
2022-06-26 00:38:32,0,0,0.5,0,0,98.25,1,0.25,0
2022-06-26 00:38:31,0,0,1,0.75,0,95.25,2.75,0.25,0
2022-06-26 00:38:30,0,0,0.7518797,0,0,97.74436,1.5037594,0,0
2022-06-26 00:38:29,0,0,0.7462687,0.2487562,0,97.01493,1.4925373,0.4975124,0
2022-06-26 00:38:28,0,0,0.7518797,0.2506266,0,96.49123,2.255639,0.2506266,0
2022-06-26 00:38:27,0,0,0.5012531,0,0,98.49624,1.0025063,0,0
2022-06-26 00:38:26,0,0,0.4975124,0,0,97.51244,1.741294,0.2487562,0
2022-06-26 00:38:25,0,0,0.7518797,0,0,97.49373,1.5037594,0.2506266,0
2022-06-26 00:38:24,0,0,0.7481297,0,0,97.50623,1.745636,0,0
2022-06-26 00:38:23,0,0,1,0,0,96.75,1.75,0.5,0
2022-06-26 00:38:22,0,0,0.7518797,0.2506266,0,96.74185,2.255639,0,0
2022-06-26 00:38:21,0,0,0.5,0.25,0,97.75,1.5,0,0
2022-06-26 00:38:20,0,0,0.4987531,0.2493766,0,97.25686,1.995012,0,0
2022-06-26 00:38:19,0,0,1,0.25,0,95.75,2.5,0.5,0
2022-06-26 00:38:18,0,0,0.2506266,0,0,97.99499,1.754386,0,0
2022-06-26 00:38:17,0,0,0.4975124,0,0,98.00995,1.2437811,0.2487562,0
2022-06-26 00:38:16,0,0,1.0025063,0.2506266,0,95.48872,2.506266,0.5012531,0
2022-06-26 00:38:15,0,0,0.75,0.25,0,97,1.75,0.25,0
2022-06-26 00:38:14,0,0,0.5,0,0,97,2.25,0.25,0
2022-06-26 00:38:13,0,0,0.5,0.25,0,97.25,2,0,0
2022-06-26 00:38:12,0,0,0.5,0.25,0,97.25,1.75,0.25,0
2022-06-26 00:38:11,0,0,0.2493766,0,0,98.00499,1.2468828,0.4987531,0
2022-06-26 00:38:10,0,0,0.5025126,0,0,96.98492,2.512563,0,0
2022-06-26 00:38:09,0,0,0.75,0.25,0,95.25,3.5,0.25,0
2022-06-26 00:38:08,0,0,1,0.25,0,95.5,3,0.25,0
2022-06-26 00:38:07,0,0,0.7462687,0.2487562,0,96.26866,2.487562,0.2487562,0
2022-06-26 00:38:06,0,0,0.5,0.25,0,97.25,1.75,0.25,0
2022-06-26 00:38:05,0,0,0.2518892,0,0,98.48866,1.2594458,0,0
2022-06-26 00:38:04,0,0,0.75,0,0,97.75,1,0.5,0
2022-06-26 00:38:03,0,0,0.75,0.25,0,97,2,0,0
2022-06-26 00:38:02,0,0,0.9975062,0,0,94.01496,4.738155,0.2493766,0
2022-06-26 00:38:01,0,0,0.75,0.5,0,95.25,3.25,0.25,0
2022-06-26 00:38:00,0,0,1.2437811,0.4975124,0,92.28856,5.472637,0.4975124,0
2022-06-26 00:37:59,0,0,0.7518797,0,0,95.2381,3.508772,0.5012531,0
2022-06-26 00:37:58,0,0,1.25,0.25,0,92,6.25,0.25,0
2022-06-26 00:37:57,0,0,0.7518797,0,0,91.4787,7.017544,0.7518797,0
2022-06-26 00:37:56,0,0,0.7481297,0,0,93.01746,5.985037,0.2493766,0
2022-06-26 00:37:55,0,0,0.2506266,0.2506266,0,90.47619,8.77193,0.2506266,0
2022-06-26 00:37:54,0,0,0,0,0,92.46231,7.035176,0.2512563,0
2022-06-26 00:37:53,0,0,0.248139,0.4962779,0,94.2928,4.71464,0.248139,0
2022-06-26 00:37:52,0,0,0.25,0,0,91,8,0.5,0
2022-06-26 00:37:51,0,0,0.2512563,0,0,91.9598,7.537688,0.2512563,0
2022-06-26 00:37:50,0,0,0.25,0,0,95,4.25,0.5,0
2022-06-26 00:37:49,0,0,0,0,0,96.49123,3.258145,0.2506266,0
2022-06-26 00:37:48,0,0,0,0,0,98.24561,1.5037594,0.2506266,0
2022-06-26 00:37:47,0,0,0,0,0,98.75,1,0.25,0
2022-06-26 00:37:46,0,0,0.2493766,0,0,98.50374,1.2468828,0,0
2022-06-26 00:37:45,0,0,0.25,0,0,98.5,1,0.25,0
2022-06-26 00:37:44,0,0,0.4987531,0.2493766,0,98.00499,0.9975062,0.2493766,0
2022-06-26 00:37:43,0,0,3.759398,0,0,94.23559,1.754386,0.2506266,0
2022-06-26 00:37:42,0,0,0.9950249,0.2487562,0,97.26368,1.4925373,0,0
2022-06-26 00:37:41,0,0,0.5025126,0.2512563,0,96.98492,2.01005,0.2512563,0
2022-06-26 00:37:40,0,0,0.25,0,0,98.25,1.5,0,0
2022-06-26 00:37:39,0,0,0.75,0,0,97.75,1.25,0.25,0
2022-06-26 00:37:38,0,0,0.75,0.5,0,96.25,2,0.5,0
2022-06-26 00:37:37,0,0,0.25,0,0,98.75,1,0,0
2022-06-26 00:37:36,0,0,0.2487562,0,0,98.25871,1.2437811,0.2487562,0
2022-06-26 00:37:35,0,0,1.2562814,0,0,96.73367,2.01005,0,0
2022-06-26 00:37:34,0,0,0.75,0.25,0,86,2.75,10.25,0
2022-06-26 00:37:33,0,0,0.5,0,0,73.75,2,23.5,0
2022-06-26 00:37:32,0,0,1.0025063,0.2506266,0,87.7193,3.508772,7.518797,0
2022-06-26 00:37:31,0,0,0.4975124,0,0,93.28358,5.721393,0.4975124,0
2022-06-26 00:37:30,0,0,0.2506266,0.2506266,0,93.23308,3.258145,3.007519,0
2022-06-26 00:37:29,0,0,0.5,0,0,75,8.25,16.25,0
2022-06-26 00:37:28,0,0,0.248139,0.248139,0,73.94541,8.188586,17.12159,0
2022-06-26 00:37:27,0,0,0.2512563,0,0,77.88945,6.78392,15.075377,0
2022-06-26 00:37:26,0,0,3.258145,0.2506266,0,80.2005,3.258145,13.032581,0
2022-06-26 00:37:25,0,0,3.473945,0.248139,0,76.92308,6.451613,12.903226,0
2022-06-26 00:37:24,0,0,4.282116,0.2518892,0,81.3602,4.534005,9.571788,0
2022-06-26 00:37:23,0,0,3.233831,0.2487562,0,86.56716,3.482587,6.467662,0
2022-06-26 00:37:22,0,0,5.75,0,0,78.25,5.25,10.75,0
2022-06-26 00:37:21,0,0,5.263158,0,0,88.47118,4.761905,1.5037594,0
2022-06-26 00:37:20,0,0,0.7518797,0.2506266,0,97.74436,1.0025063,0.2506266,0
2022-06-26 00:37:19,0,0,0,0,0,97.5,2.25,0.25,0
2022-06-26 00:37:18,0,0,1.75,0.5,0,88.75,8.75,0.25,0
2022-06-26 00:37:17,0,0,4.218362,0.248139,0,90.07444,5.210918,0.248139,0
2022-06-26 00:37:16,0,0,3,0.25,0,92,4.5,0.25,0
2022-06-26 00:37:15,0,0,0.5025126,0.2512563,0,96.98492,2.261307,0,0
2022-06-26 00:37:14,0,0,0,0,0,99.00249,0.7481297,0.2493766,0
2022-06-26 00:37:13,0,0,0,0,0,99.24623,0.5025126,0.2512563,0
2022-06-26 00:37:12,0,0,0.4975124,0.2487562,0,97.01493,1.99005,0.2487562,0
2022-06-26 00:37:11,0,0,1.0025063,0,0,96.74185,2.005013,0.2506266,0
2022-06-26 00:37:10,0,0,0.9975062,0.7481297,0,95.51122,2.493766,0.2493766,0
2022-06-26 00:37:09,0,0,1.0050251,0.2512563,0,94.97487,3.768844,0,0
2022-06-26 00:37:08,0,0,0.4975124,0,0,97.76119,1.4925373,0.2487562,0
2022-06-26 00:37:07,0,0,0.2506266,0,0,97.99499,1.5037594,0.2506266,0
2022-06-26 00:37:06,0,0,0,0,0,98.74687,1.2531328,0,0
2022-06-26 00:37:05,0,0,0.5,0,0,98.25,1.25,0,0
2022-06-26 00:37:04,0,0,0.5012531,0.2506266,0,96.2406,2.756892,0.2506266,0
2022-06-26 00:37:03,0,0,0.9950249,0,0,94.52736,4.228856,0.2487562,0
2022-06-26 00:37:02,0,0,0.9975062,0.2493766,0,94.76309,3.740648,0.2493766,0
2022-06-26 00:37:01,0,0,0.7537688,0,0,97.73869,1.5075377,0,0
2022-06-26 00:37:00,0,0,0.5,0,0,97.5,1.75,0.25,0
2022-06-26 00:36:59,0,0,0.2493766,0,0,98.50374,0.9975062,0.2493766,0
2022-06-26 00:36:58,0,0,0,0,0,99.49875,0.5012531,0,0
2022-06-26 00:36:57,0,0,0.2493766,0,0,98.00499,1.4962594,0.2493766,0
2022-06-26 00:36:56,0,0,0.5012531,0.2506266,0,96.74185,2.506266,0,0
2022-06-26 00:36:55,0,0,0.9950249,0.2487562,0,95.27363,3.233831,0.2487562,0
2022-06-26 00:36:54,0,0,1.5037594,0,0,93.48371,4.761905,0.2506266,0
2022-06-26 00:36:53,0,0,1.5,0.5,0,89.5,8,0.5,0
2022-06-26 00:36:52,0,0,1,0,0,92.5,6.25,0.25,0
2022-06-26 00:36:51,0,0,1.2437811,0.2487562,0,92.53731,5.970149,0,0
2022-06-26 00:36:50,0,0,0.5012531,0,0,91.22807,8.02005,0.2506266,0
2022-06-26 00:36:49,0,0,0.2493766,0,0,94.76309,4.488778,0.2493766,0
2022-06-26 00:36:48,0,0,0,0,0,93.48371,6.015038,0.5012531,0
2022-06-26 00:36:47,0,0,0,0.2487562,0,91.54229,7.462687,0.4975124,0
2022-06-26 00:36:46,0,0,0.2506266,0,0,89.97494,8.270677,0.7518797,0
2022-06-26 00:36:45,0,0,0,0.2506266,0,88.7218,10.275689,0,0
2022-06-26 00:36:44,0,0,0.2512563,0,0,88.69347,6.532663,0.2512563,0
2022-06-26 00:36:43,0,0,0.2506266,0,0,97.49373,2.255639,0,0
2022-06-26 00:36:42,0,0,0.2493766,0,0,98.50374,0.7481297,0.4987531,0
2022-06-26 00:36:41,0,0,0,0,0,98.74687,1.0025063,0.2506266,0
2022-06-26 00:36:40,0,0,0,0,0,98.75312,0.9975062,0.2493766,0
2022-06-26 00:36:39,0,0,0.2493766,0,0,99.50125,0.2493766,0,0
2022-06-26 00:36:38,0,0,0,0,0,98.49624,1.2531328,0.2506266,0
2022-06-26 00:36:37,0,0,0.5,0,0,98,1.5,0,0
2022-06-26 00:36:36,0,0,0.2493766,0.2493766,0,97.50623,1.745636,0.2493766,0
2022-06-26 00:36:35,0,0,1.0025063,0.5012531,0,96.2406,2.005013,0.2506266,0
2022-06-26 00:36:34,0,0,0.7518797,0,0,95.98997,3.007519,0.2506266,0
2022-06-26 00:36:33,0,0,0.4975124,0.2487562,0,97.51244,1.2437811,0.4975124,0
2022-06-26 00:36:32,0,0,0,0,0,99.49875,0.5012531,0,0
2022-06-26 00:36:31,0,0,0,0,0,98.25,1.25,0.5,0
2022-06-26 00:36:30,0,0,0.7462687,0,0,97.51244,1.4925373,0.2487562,0
2022-06-26 00:36:29,0,0,0.7556675,0,0,97.22922,1.763224,0.2518892,0
2022-06-26 00:36:28,0,0,1.2531328,0.2506266,0,94.98747,3.258145,0.2506266,0
2022-06-26 00:36:27,0,0,0.4962779,0,0,98.01489,1.4888337,0,0
2022-06-26 00:36:26,0,0,0.5012531,0.2506266,0,98.24561,0.7518797,0.2506266,0
2022-06-26 00:36:25,0,0,0.25,0.25,0,97.5,1.75,0.25,0
2022-06-26 00:36:24,0,0,0.5012531,0,0,98.49624,1.0025063,0,0
2022-06-26 00:36:23,0,0,0.5,0.25,0,98,1,0.25,0
2022-06-26 00:36:22,0,0,0.7481297,0,0,97.00748,1.995012,0.2493766,0
2022-06-26 00:36:21,0,0,1.2531328,0,0,95.98997,2.506266,0.2506266,0
2022-06-26 00:36:20,0,0,0.75,0,0,97,2,0.25,0
2022-06-26 00:36:19,0,0,0.7481297,0,0,97.25686,1.995012,0,0
2022-06-26 00:36:18,0,0,0,0,0,99.49875,0.2506266,0.2506266,0
2022-06-26 00:36:17,0,0,0.2493766,0,0,98.25436,1.2468828,0.2493766,0
2022-06-26 00:36:16,0,0,0.5,0.25,0,97,1.75,0.5,0
2022-06-26 00:36:15,0,0,0.5012531,0.2506266,0,97.24311,2.005013,0,0
2022-06-26 00:36:14,0,0,1.75,0,0,95.5,2.5,0.25,0
2022-06-26 00:36:13,0,0,0.9950249,0.2487562,0,96.26866,2.238806,0.2487562,0
2022-06-26 00:36:12,0,0,0.2512563,0,0,98.49246,1.0050251,0.2512563,0
2022-06-26 00:36:11,0,0,0,0,0,99.25373,0.7462687,0,0
2022-06-26 00:36:10,0,0,0.2512563,0.2512563,0,97.98995,1.2562814,0.2512563,0
2022-06-26 00:36:09,0,0,0.5,0.25,0,96.5,2.75,0,0
2022-06-26 00:36:08,0,0,0.7518797,0.2506266,0,97.49373,1.5037594,0,0
2022-06-26 00:36:07,0,0,1.2437811,0,0,95.77114,2.736318,0.2487562,0
2022-06-26 00:36:06,0,0,1.0025063,0.2506266,0,95.73935,2.756892,0.2506266,0
2022-06-26 00:36:05,0,0,0.4987531,0.2493766,0,98.00499,1.2468828,0,0
2022-06-26 00:36:04,0,0,0,0,0,99.25,0.5,0.25,0
2022-06-26 00:36:03,0,0,0,0.2506266,0,97.99499,1.5037594,0.2506266,0
2022-06-26 00:36:02,0,0,0.2493766,0,0,97.75561,1.995012,0,0
2022-06-26 00:36:01,0,0,0.75,0,0,96,2.75,0.5,0
2022-06-26 00:36:00,0,0,1.0025063,0,0,94.98747,4.010025,0,0
2022-06-26 00:35:59,0,0,0.9950249,0.2487562,0,95.27363,3.233831,0.2487562,0
2022-06-26 00:35:58,0,0,0.5025126,0.2512563,0,97.23618,1.758794,0.2512563,0
2022-06-26 00:35:57,0,0,0.4987531,0,0,96.50873,2.743142,0.2493766,0
2022-06-26 00:35:56,0,0,0,0,0,98.75,1,0.25,0
2022-06-26 00:35:55,0,0,0.25,0,0,98.5,0.75,0.5,0
2022-06-26 00:35:54,0,0,0.25,0.25,0,97.5,2,0,0
2022-06-26 00:35:53,0,0,0.9950249,0.2487562,0,96.26866,2.238806,0.2487562,0
2022-06-26 00:35:52,0,0,1.0075567,0,0,94.71033,4.030227,0.2518892,0
2022-06-26 00:35:51,0,0,1.4962594,0.9975062,0,91.02244,6.483791,0,0
2022-06-26 00:35:50,0,0,1.0025063,0.5012531,0,93.48371,4.761905,0.2506266,0
2022-06-26 00:35:49,0,0,0.9950249,0,0,89.55224,8.955224,0.4975124,0
2022-06-26 00:35:48,0,0,1.0050251,0.2512563,0,90.95477,7.537688,0.2512563,0
2022-06-26 00:35:47,0,0,0.7462687,0.2487562,0,93.03483,5.970149,0,0
2022-06-26 00:35:46,0,0,0.2506266,0,0,92.23058,7.26817,0,0
2022-06-26 00:35:45,0,0,0,0,0,93.73434,6.015038,0.2506266,0
2022-06-26 00:35:44,0,0,0.2487562,0.2487562,0,91.54229,7.462687,0.4975124,0
2022-06-26 00:35:43,0,0,0,0,0,91.20603,8.291457,0,0
2022-06-26 00:35:42,0,0,0.25,0,0,90.5,7.5,0.25,0
2022-06-26 00:35:41,0,0,0,0,0,93.21608,6.030151,0.2512563,0
2022-06-26 00:35:40,0,0,0.25,0.25,0,95.75,3.5,0.25,0
2022-06-26 00:35:39,0,0,0,0,0,98.99497,1.0050251,0,0
2022-06-26 00:35:38,0,0,0.2493766,0,0,98.50374,0.9975062,0.2493766,0
2022-06-26 00:35:37,0,0,0,0,0,99.25187,0.7481297,0,0
2022-06-26 00:35:36,0,0,0,0.2506266,0,98.99749,0.5012531,0.2506266,0
2022-06-26 00:35:35,0,0,0,0,0,98.50374,1.4962594,0,0
2022-06-26 00:35:34,0,0,0.4987531,0.2493766,0,97.00748,1.995012,0.2493766,0
2022-06-26 00:35:33,0,0,1,0.25,0,96,2.25,0.5,0
2022-06-26 00:35:32,0,0,0.5037783,0.2518892,0,97.48111,1.763224,0,0
2022-06-26 00:35:31,0,0,0.4987531,0,0,98.00499,1.2468828,0.2493766,0
2022-06-26 00:35:30,0,0,0.5,0.25,0,97.75,1.5,0,0
2022-06-26 00:35:29,0,0,0.25,0,0,99,0.75,0,0
2022-06-26 00:35:28,0,0,0.25,0,0,99,0.5,0.25,0
2022-06-26 00:35:27,0,0,0.4987531,0.2493766,0,97.50623,1.2468828,0.4987531,0
2022-06-26 00:35:26,0,0,1.2468828,0,0,96.00998,2.493766,0.2493766,0
2022-06-26 00:35:25,0,0,1.2531328,0.5012531,0,96.2406,1.754386,0.2506266,0
2022-06-26 00:35:24,0,0,0.75,0,0,97,2,0.25,0
2022-06-26 00:35:23,0,0,0.2506266,0,0,98.24561,1.5037594,0,0
2022-06-26 00:35:22,0,0,0,0,0,99,0.75,0.25,0
2022-06-26 00:35:21,0,0,0.2506266,0,0,98.99749,0.7518797,0,0
2022-06-26 00:35:20,0,0,0.7462687,0,0,97.01493,1.99005,0.2487562,0
2022-06-26 00:35:19,0,0,1.0025063,0,0,95.98997,2.756892,0.2506266,0
2022-06-26 00:35:18,0,0,1.4962594,0.4987531,0,95.01247,2.493766,0.4987531,0
2022-06-26 00:35:17,0,0,0.5012531,0.2506266,0,97.24311,1.754386,0.2506266,0
2022-06-26 00:35:16,0,0,0.5012531,0,0,98.24561,1.2531328,0,0
2022-06-26 00:35:15,0,0,0,0,0,99.5,0.25,0.25,0
2022-06-26 00:35:14,0,0,0.4987531,0,0,98.00499,1.2468828,0.2493766,0
2022-06-26 00:35:13,0,0,1,0.25,0,95.5,3,0.25,0
2022-06-26 00:35:12,0,0,0.75,0.25,0,96.75,2,0.25,0
2022-06-26 00:35:11,0,0,0.75,0.25,0,97,1.75,0.25,0
2022-06-26 00:35:10,0,0,1,0,0,96.25,2.75,0,0
2022-06-26 00:35:09,0,0,0.25,0.25,0,98,1.25,0.25,0
2022-06-26 00:35:08,0,0,0.25,0,0,98.75,1,0,0
2022-06-26 00:35:07,0,0,0.5,0.25,0,98.5,0.5,0.25,0
2022-06-26 00:35:06,0,0,0.7481297,0,0,97.00748,1.995012,0.2493766,0
2022-06-26 00:35:05,0,0,0.5012531,0,0,97.24311,1.754386,0.5012531,0
2022-06-26 00:35:04,0,0,1,0.25,0,96.5,2.25,0,0
2022-06-26 00:35:03,0,0,1.25,0.25,0,94.75,3.5,0.25,0
2022-06-26 00:35:02,0,0,0.5,0.25,0,98,1.25,0,0
2022-06-26 00:35:01,0,0,0,0,0,99.25,0.5,0.25,0
2022-06-26 00:35:00,0,0,0.2487562,0,0,97.01493,2.487562,0.2487562,0
2022-06-26 00:34:59,0,0,0.5025126,0,0,96.98492,2.261307,0.2512563,0
2022-06-26 00:34:58,0,0,0.2506266,0.2506266,0,96.74185,2.506266,0,0
2022-06-26 00:34:57,0,0,1.2406948,0.248139,0,95.03722,3.473945,0,0
2022-06-26 00:34:56,0,0,1.0050251,0.5025126,0,96.23116,2.01005,0.2512563,0
2022-06-26 00:34:55,0,0,0.75,0,0,97.5,1.75,0,0
2022-06-26 00:34:54,0,0,0.2493766,0.2493766,0,97.75561,1.4962594,0.2493766,0
2022-06-26 00:34:53,0,0,0,0,0,99.25,0.75,0,0
2022-06-26 00:34:52,0,0,0,0,0,99.24812,0.5012531,0.2506266,0
2022-06-26 00:34:51,0,0,0.25,0.25,0,96.5,2.75,0.25,0
2022-06-26 00:34:50,0,0,0.75,0,0,97.5,1.75,0,0
2022-06-26 00:34:49,0,0,1.2468828,0,0,94.76309,3.491272,0.4987531,0
2022-06-26 00:34:48,0,0,1.75,0.25,0,91.5,6,0.5,0
2022-06-26 00:34:47,0,0,1.745636,0.9975062,0,87.53117,9.476309,0.2493766,0
2022-06-26 00:34:46,0,0,0.7518797,0.5012531,0,89.97494,8.521303,0.2506266,0
2022-06-26 00:34:45,0,0,0.5,0,0,94,5.5,0,0
2022-06-26 00:34:44,0,0,0.25,0.25,0,92,7.5,0,0
2022-06-26 00:34:43,0,0,0,0.2506266,0,92.98246,6.516291,0.2506266,0
2022-06-26 00:34:42,0,0,0,0,0,94.02985,5.721393,0.2487562,0
2022-06-26 00:34:41,0,0,0,0.2512563,0,92.21106,7.537688,0,0
2022-06-26 00:34:40,0,0,0.248139,0,0,88.58561,9.42928,0.248139,0
2022-06-26 00:34:39,0,0,0,0.2525253,0,87.62626,8.838384,0.5050505,0
2022-06-26 00:34:38,0,0,0.25,0.25,0,95.75,3,0.25,0
2022-06-26 00:34:37,0,0,0,0,0,98.25436,1.4962594,0.2493766,0
2022-06-26 00:34:36,0,0,0,0,0,98.74687,1.0025063,0.2506266,0
2022-06-26 00:34:35,0,0,0,0,0,98.25,1.5,0.25,0
2022-06-26 00:34:34,0,0,0,0,0,99.49875,0.5012531,0,0
2022-06-26 00:34:33,0,0,0.2487562,0,0,99.25373,0.2487562,0.2487562,0
2022-06-26 00:34:32,0,0,0,0,0,98.25,1.5,0.25,0
2022-06-26 00:34:31,0,0,0.5,0.25,0,97.75,1.25,0.25,0
2022-06-26 00:34:30,0,0,0.7537688,0,0,97.48744,1.758794,0,0
2022-06-26 00:34:29,0,0,1.2437811,0.4975124,0,95.02488,2.985075,0.2487562,0
2022-06-26 00:34:28,0,0,0.25,0.25,0,98.5,1,0,0
2022-06-26 00:34:27,0,0,0.75,0,0,98,0.75,0.5,0
2022-06-26 00:34:26,0,0,0,0,0,98.74687,1.2531328,0,0
2022-06-26 00:34:25,0,0,1.25,0,0,96.75,1.75,0.25,0
2022-06-26 00:34:24,0,0,0.7518797,0,0,97.74436,1.0025063,0.5012531,0
2022-06-26 00:34:23,0,0,1.25,0.5,0,94.5,3.5,0.25,0
2022-06-26 00:34:22,0,0,0.9975062,0.2493766,0,95.7606,2.992519,0,0
2022-06-26 00:34:21,0,0,0.2512563,0,0,98.24121,1.2562814,0.2512563,0
2022-06-26 00:34:20,0,0,0.4975124,0.2487562,0,97.76119,1.2437811,0.2487562,0
2022-06-26 00:34:19,0,0,0,0,0,99.25,0.75,0,0
2022-06-26 00:34:18,0,0,0.5,0,0,97,2,0.5,0
2022-06-26 00:34:17,0,0,1.0025063,0,0,97.74436,1.0025063,0.2506266,0
2022-06-26 00:34:16,0,0,1,0.25,0,95,3.5,0.25,0
2022-06-26 00:34:15,0,0,1,0.25,0,96.75,1.75,0.25,0
2022-06-26 00:34:14,0,0,0.2506266,0,0,97.99499,1.5037594,0.2506266,0
2022-06-26 00:34:13,0,0,0.4987531,0.4987531,0,97.25686,1.745636,0,0
2022-06-26 00:34:12,0,0,0.2493766,0,0,98.75312,0.7481297,0.2493766,0
2022-06-26 00:34:11,0,0,0.5012531,0,0,97.99499,1.5037594,0,0
2022-06-26 00:34:10,0,0,0.7481297,0,0,96.7581,2.244389,0.2493766,0
2022-06-26 00:34:09,0,0,0.7518797,0.2506266,0,97.49373,1.5037594,0,0
2022-06-26 00:34:08,0,0,1,0,0,96.5,2.5,0,0
2022-06-26 00:34:07,0,0,0.4975124,0.2487562,0,97.01493,1.99005,0.2487562,0
2022-06-26 00:34:06,0,0,0.5,0,0,98,1.5,0,0
2022-06-26 00:34:05,0,0,0,0,0,99.24812,0.5012531,0.2506266,0
2022-06-26 00:34:04,0,0,0.5,0,0,97.5,2,0,0
2022-06-26 00:34:03,0,0,0.7518797,0.2506266,0,96.2406,2.506266,0.2506266,0
2022-06-26 00:34:02,0,0,0.9975062,0.4987531,0,95.51122,2.992519,0,0
2022-06-26 00:34:01,0,0,0.7481297,0,0,97.75561,0.9975062,0.4987531,0
2022-06-26 00:34:00,0,0,0.5,0,0,96.75,2.5,0.25,0
2022-06-26 00:33:59,0,0,0.7537688,0,0,97.98995,1.2562814,0,0
2022-06-26 00:33:58,0,0,0,0,0,98.50374,1.2468828,0.2493766,0
2022-06-26 00:33:57,0,0,0,0,0,98.49624,1.2531328,0.2506266,0
2022-06-26 00:33:56,0,0,1,0.25,0,96.5,2,0.25,0
2022-06-26 00:33:55,0,0,1.2468828,0,0,94.76309,3.990025,0,0
2022-06-26 00:33:54,0,0,0.7481297,0,0,96.25935,2.244389,0.7481297,0
2022-06-26 00:33:53,0,0,0.7518797,0.2506266,0,96.49123,2.005013,0.5012531,0
2022-06-26 00:33:52,0,0,0.4987531,0.2493766,0,96.50873,2.493766,0.2493766,0
2022-06-26 00:33:51,0,0,0.4987531,0,0,97.75561,1.4962594,0.2493766,0
2022-06-26 00:33:50,0,0,0,0,0,98.99749,1.0025063,0,0
2022-06-26 00:33:49,0,0,0,0,0,99.24812,0.5012531,0.2506266,0
2022-06-26 00:33:48,0,0,0.5,0,0,97.5,1.75,0.25,0
2022-06-26 00:33:47,0,0,0.9975062,0.2493766,0,94.01496,4.488778,0.2493766,0
2022-06-26 00:33:46,0,0,1.4962594,0.4987531,0,93.26683,4.738155,0,0
2022-06-26 00:33:45,0,0,1.763224,0.2518892,0,91.68766,6.04534,0.2518892,0
2022-06-26 00:33:44,0,0,0.9975062,0.2493766,0,90.02494,8.478803,0.2493766,0
2022-06-26 00:33:43,0,0,0.7462687,0.2487562,0,93.53234,5.223881,0,0
2022-06-26 00:33:42,0,0,0.5025126,0.2512563,0,94.47236,4.773869,0,0
2022-06-26 00:33:41,0,0,0.5012531,0,0,93.23308,6.015038,0.2506266,0
2022-06-26 00:33:40,0,0,0.248139,0.248139,0,93.54839,5.707196,0.248139,0
2022-06-26 00:33:39,0,0,0,0,0,93.5,6.25,0.25,0
2022-06-26 00:33:38,0,0,0,0.2506266,0,89.97494,8.521303,0.5012531,0
2022-06-26 00:33:37,0,0,0.2506266,0,0,87.7193,10.025063,0.2506266,0
2022-06-26 00:33:36,0,0,0,0,0,94.48622,5.263158,0.2506266,0
2022-06-26 00:33:35,0,0,0.2512563,0,0,95.22613,4.271357,0.2512563,0
2022-06-26 00:33:34,0,0,0.2487562,0,0,97.26368,1.99005,0.2487562,0
2022-06-26 00:33:33,0,0,0,0.2506266,0,98.49624,1.2531328,0,0
2022-06-26 00:33:32,0,0,0,0,0,98.75622,0.9950249,0.2487562,0
2022-06-26 00:33:31,0,0,0,0,0,99.24623,0.7537688,0,0
2022-06-26 00:33:30,0,0,0.2487562,0,0,99.00498,0.2487562,0.4975124,0
2022-06-26 00:33:29,0,0,0.2518892,0,0,97.733,2.015113,0,0
2022-06-26 00:33:28,0,0,0.7481297,0.2493766,0,96.50873,1.995012,0.4987531,0
2022-06-26 00:33:27,0,0,0.7481297,0.2493766,0,97.25686,1.4962594,0.2493766,0
2022-06-26 00:33:26,0,0,0.5012531,0,0,97.99499,1.5037594,0,0
2022-06-26 00:33:25,0,0,0,0,0,99.25187,0.4987531,0.2493766,0
2022-06-26 00:33:24,0,0,0.9975062,0,0,97.25686,1.745636,0,0
2022-06-26 00:33:23,0,0,0.2506266,0.5012531,0,96.74185,2.255639,0.2506266,0
2022-06-26 00:33:22,0,0,0.5,0.25,0,98,1.25,0,0
2022-06-26 00:33:21,0,0,0.75,0.25,0,96.25,2.25,0.5,0
2022-06-26 00:33:20,0,0,1.2531328,0,0,95.73935,2.756892,0.2506266,0
2022-06-26 00:33:19,0,0,0.4975124,0.2487562,0,97.01493,1.99005,0.2487562,0
2022-06-26 00:33:18,0,0,0.5,0.25,0,98.25,0.75,0.25,0
2022-06-26 00:33:17,0,0,0.25,0,0,98,1.75,0,0
2022-06-26 00:33:16,0,0,0.2506266,0,0,97.99499,1.754386,0,0
2022-06-26 00:33:15,0,0,0.5012531,0.2506266,0,97.99499,1.0025063,0.2506266,0
2022-06-26 00:33:14,0,0,1.4888337,0.248139,0,95.03722,2.977667,0.248139,0
2022-06-26 00:33:13,0,0,1.0075567,0.2518892,0,96.72544,2.015113,0,0
2022-06-26 00:33:12,0,0,0.2506266,0,0,98.74687,0.7518797,0.2506266,0
2022-06-26 00:33:11,0,0,0.4987531,0.2493766,0,97.00748,1.995012,0.2493766,0
2022-06-26 00:33:10,0,0,0.7481297,0.2493766,0,97.25686,1.745636,0,0
2022-06-26 00:33:09,0,0,0.25,0,0,98.75,0.75,0.25,0
2022-06-26 00:33:08,0,0,0.7462687,0,0,97.51244,1.741294,0,0
2022-06-26 00:33:07,0,0,1.0025063,0,0,96.49123,2.255639,0.2506266,0
2022-06-26 00:33:06,0,0,1.0050251,0.2512563,0,96.73367,2.01005,0,0
2022-06-26 00:33:05,0,0,0.7462687,0.2487562,0,96.51741,2.238806,0.2487562,0
2022-06-26 00:33:04,0,0,0.2512563,0,0,98.74372,0.7537688,0.2512563,0
2022-06-26 00:33:03,0,0,0,0.2493766,0,99.00249,0.4987531,0.2493766,0
2022-06-26 00:33:02,0,0,0.5,0,0,98,1.5,0,0
2022-06-26 00:33:01,0,0,0.4975124,0.2487562,0,97.51244,1.741294,0,0
2022-06-26 00:33:00,0,0,1.010101,0,0,96.46465,2.272727,0.2525253,0
2022-06-26 00:32:59,0,0,1.4962594,0.2493766,0,94.51372,3.491272,0.2493766,0
2022-06-26 00:32:58,0,0,0.9925558,0.248139,0,95.5335,2.977667,0.248139,0
2022-06-26 00:32:57,0,0,0,0,0,98.99497,0.7537688,0.2512563,0
2022-06-26 00:32:56,0,0,0,0,0,98.74687,1.2531328,0,0
2022-06-26 00:32:55,0,0,0,0,0,99,1,0,0
2022-06-26 00:32:54,0,0,0.4975124,0,0,97.51244,1.4925373,0.4975124,0
2022-06-26 00:32:53,0,0,0.7537688,0.2512563,0,95.22613,3.768844,0,0
2022-06-26 00:32:52,0,0,0.9950249,0.2487562,0,94.52736,3.731343,0.4975124,0
2022-06-26 00:32:51,0,0,1.2531328,0.2506266,0,94.48622,3.508772,0.5012531,0
2022-06-26 00:32:50,0,0,0.5025126,0,0,97.73869,1.758794,0,0
2022-06-26 00:32:49,0,0,0.2493766,0,0,98.50374,0.9975062,0.2493766,0
2022-06-26 00:32:48,0,0,0,0,0,98.25436,1.4962594,0.2493766,0
2022-06-26 00:32:47,0,0,0,0.2506266,0,98.74687,1.0025063,0,0
2022-06-26 00:32:46,0,0,0.4975124,0,0,98.00995,0.9950249,0.4975124,0
2022-06-26 00:32:45,0,0,0.7537688,0,0,96.98492,2.261307,0,0
2022-06-26 00:32:44,0,0,0.9950249,0,0,92.0398,6.716418,0.2487562,0
2022-06-26 00:32:43,0,0,1.75,0.25,0,90.5,7.25,0.25,0
2022-06-26 00:32:42,0,0,1.5037594,0.2506266,0,92.98246,5.263158,0,0
2022-06-26 00:32:41,0,0,1.2468828,0.2493766,0,88.02993,10.224439,0.2493766,0
2022-06-26 00:32:40,0,0,0.25,0,0,93.5,6,0.25,0
2022-06-26 00:32:39,0,0,0.25,0,0,92.25,7,0.5,0
2022-06-26 00:32:38,0,0,0,0,0,94,5.25,0.5,0
2022-06-26 00:32:37,0,0,0,0,0,93.23308,6.015038,0.5012531,0
2022-06-26 00:32:36,0,0,0.2506266,0,0,91.97995,7.017544,0.5012531,0
2022-06-26 00:32:35,0,0,0,0,0,83.5,11.25,0,0
2022-06-26 00:32:34,0,0,0.2531646,0.5063291,0,81.51899,9.113924,0.2531646,0
2022-06-26 00:32:33,0,0,0,0,0,96.73367,2.763819,0.2512563,0
2022-06-26 00:32:32,0,0,0,0.25,0,98,1.75,0,0
2022-06-26 00:32:31,0,0,0.2493766,0,0,98.25436,1.2468828,0.2493766,0
2022-06-26 00:32:30,0,0,0,0,0,98.74687,1.2531328,0,0
2022-06-26 00:32:29,0,0,0,0,0,99.25,0.5,0.25,0
2022-06-26 00:32:28,0,0,0,0,0,99.5,0.25,0.25,0
2022-06-26 00:32:27,0,0,0.25,0,0,99,0.75,0,0
2022-06-26 00:32:26,0,0,0,0,0,98.25,1.5,0.25,0
2022-06-26 00:32:25,0,0,0.75,0.5,0,96,2.75,0,0
2022-06-26 00:32:24,0,0,2,0.25,0,94.75,3,0,0
2022-06-26 00:32:23,0,0,0.4987531,0.2493766,0,97.25686,1.4962594,0.4987531,0
2022-06-26 00:32:22,0,0,0,0,0,99.25,0.5,0.25,0
2022-06-26 00:32:21,0,0,0,0,0,99.5,0.5,0,0
2022-06-26 00:32:20,0,0,0,0,0,99,1,0,0
2022-06-26 00:32:19,0,0,0.75,0,0,97.75,1.25,0.25,0
2022-06-26 00:32:18,0,0,1,0.25,0,95.75,2.5,0.5,0
2022-06-26 00:32:17,0,0,1.5,0,0,96,2.25,0.25,0
2022-06-26 00:32:16,0,0,0.4987531,0.2493766,0,97.25686,1.745636,0.2493766,0
2022-06-26 00:32:15,0,0,0,0,0,99.49875,0.5012531,0,0
2022-06-26 00:32:14,0,0,0,0,0,98.5,1.25,0.25,0
2022-06-26 00:32:13,0,0,0.25,0,0,99.25,0.25,0.25,0
2022-06-26 00:32:12,0,0,0.25,0,0,97.5,2,0.25,0
2022-06-26 00:32:11,0,0,1.25,0,0,96,2.25,0.5,0
2022-06-26 00:32:10,0,0,1.75,0.75,0,94.25,3.25,0,0
2022-06-26 00:32:09,0,0,0.5012531,0,0,98.24561,1.2531328,0,0
2022-06-26 00:32:08,0,0,0,0.25,0,99,0.5,0.25,0
2022-06-26 00:32:07,0,0,0.2493766,0.2493766,0,98.75312,0.4987531,0.2493766,0
2022-06-26 00:32:06,0,0,0,0,0,98.74687,1.2531328,0,0
2022-06-26 00:32:05,0,0,0.4987531,0,0,98.25436,0.9975062,0.2493766,0
2022-06-26 00:32:04,0,0,1.2531328,0.2506266,0,94.48622,3.759398,0.2506266,0
2022-06-26 00:32:03,0,0,2,0.5,0,93.25,4,0.25,0
2022-06-26 00:32:02,0,0,0.4975124,0,0,98.00995,1.2437811,0.2487562,0
2022-06-26 00:32:01,0,0,0,0,0,98.99244,0.7556675,0.2518892,0
2022-06-26 00:32:00,0,0,0,0,0,99.00249,0.7481297,0,0
2022-06-26 00:31:59,0,0,0.2493766,0.2493766,0,98.50374,0.9975062,0,0
2022-06-26 00:31:58,0,0,1,0.5,0,95.25,2.75,0.5,0
2022-06-26 00:31:57,0,0,1.2531328,0.2506266,0,96.2406,2.005013,0.2506266,0
2022-06-26 00:31:56,0,0,1.75,0.25,0,94.75,3,0.25,0
2022-06-26 00:31:55,0,0,0.7462687,0.2487562,0,96.0199,2.736318,0.2487562,0
2022-06-26 00:31:54,0,0,0.25,0,0,98.25,1.25,0.25,0
2022-06-26 00:31:53,0,0,0.2506266,0.2506266,0,98.49624,0.7518797,0.2506266,0
2022-06-26 00:31:52,0,0,0,0,0,98.74687,1.2531328,0,0
2022-06-26 00:31:51,0,0,0,0,0,98.75,1,0.25,0
2022-06-26 00:31:50,0,0,0.75,0.25,0,96,2.75,0.25,0
2022-06-26 00:31:49,0,0,1.2437811,0.4975124,0,92.53731,5.223881,0.4975124,0
2022-06-26 00:31:48,0,0,1.2531328,0.2506266,0,94.48622,3.508772,0.5012531,0
2022-06-26 00:31:47,0,0,0.5012531,0,0,97.49373,2.005013,0,0
2022-06-26 00:31:46,0,0,0,0,0,98.25,1.5,0.25,0
2022-06-26 00:31:45,0,0,0,0,0,99.25,0.75,0,0
2022-06-26 00:31:44,0,0,0,0,0,99,0.75,0.25,0
2022-06-26 00:31:43,0,0,0.25,0.25,0,97.5,2,0,0
2022-06-26 00:31:42,0,0,0.7462687,0.2487562,0,96.51741,2.238806,0.2487562,0
2022-06-26 00:31:41,0,0,1.0025063,0.2506266,0,94.98747,3.508772,0.2506266,0
2022-06-26 00:31:40,0,0,1.4962594,0.2493766,0,92.01995,5.985037,0.2493766,0
2022-06-26 00:31:39,0,0,2.005013,0.2506266,0,89.22306,8.270677,0.2506266,0
2022-06-26 00:31:38,0,0,1,0.75,0,89.25,8.75,0.25,0
2022-06-26 00:31:37,0,0,0.7462687,0,0,89.30348,9.950249,0,0
2022-06-26 00:31:36,0,0,0,0,0,94.71033,5.037783,0.2518892,0
2022-06-26 00:31:35,0,0,0,0,0,95.26185,4.488778,0.2493766,0
2022-06-26 00:31:34,0,0,0.25,0,0,94.5,5,0.25,0
2022-06-26 00:31:33,0,0,0,0,0,91.77057,7.98005,0.2493766,0
2022-06-26 00:31:32,0,0,0,0.2512563,0,88.69347,10.301508,0.2512563,0
2022-06-26 00:31:31,0,0,0.25,0,0,85.5,9.25,0.25,0
2022-06-26 00:31:30,0,0,0,0.7462687,0,90.04975,2.985075,0.2487562,0
2022-06-26 00:31:29,0,0,0.2506266,0,0,97.99499,1.754386,0,0
2022-06-26 00:31:28,0,0,0,0.2493766,0,98.25436,0.9975062,0.4987531,0
2022-06-26 00:31:27,0,0,0.2506266,0,0,98.49624,1.2531328,0,0
2022-06-26 00:31:26,0,0,0,0,0,98.25,1.25,0.5,0
2022-06-26 00:31:25,0,0,0.4962779,0,0,98.51117,0.9925558,0,0
2022-06-26 00:31:24,0,0,0.2506266,0,0,98.49624,1.0025063,0.2506266,0
2022-06-26 00:31:23,0,0,0.5025126,0,0,97.73869,1.758794,0,0
2022-06-26 00:31:22,0,0,0.7481297,0.4987531,0,95.51122,2.992519,0.2493766,0
2022-06-26 00:31:21,0,0,0.5,0,0,98.25,1.25,0,0
2022-06-26 00:31:20,0,0,0.5,0,0,97.25,2,0.25,0
2022-06-26 00:31:19,0,0,0.5012531,0.2506266,0,97.99499,1.0025063,0.2506266,0
2022-06-26 00:31:18,0,0,0.2493766,0,0,98.75312,0.9975062,0,0
2022-06-26 00:31:17,0,0,0.25,0,0,97.75,1.75,0.25,0
2022-06-26 00:31:16,0,0,0.7518797,0.2506266,0,95.48872,3.007519,0.5012531,0
2022-06-26 00:31:15,0,0,0.9975062,0.2493766,0,95.7606,2.992519,0,0
2022-06-26 00:31:14,0,0,0.75,0.25,0,96.25,2.5,0.25,0
2022-06-26 00:31:13,0,0,0.5012531,0,0,97.74436,1.5037594,0.2506266,0
2022-06-26 00:31:12,0,0,0.4987531,0.2493766,0,98.00499,0.9975062,0.2493766,0
2022-06-26 00:31:11,0,0,0.2506266,0,0,97.99499,1.5037594,0.2506266,0
2022-06-26 00:31:10,0,0,0,0,0,99,0.75,0.25,0
2022-06-26 00:31:09,0,0,1.25,0.25,0,95.5,2.75,0.25,0
2022-06-26 00:31:08,0,0,1.25,0,0,95.5,3,0.25,0
2022-06-26 00:31:07,0,0,0.5,0.25,0,97.25,1.75,0.25,0
2022-06-26 00:31:06,0,0,0.7481297,0,0,97.50623,1.4962594,0.2493766,0
2022-06-26 00:31:05,0,0,0.4975124,0.2487562,0,97.01493,1.99005,0.2487562,0
2022-06-26 00:31:04,0,0,0,0.2512563,0,98.74372,1.0050251,0,0
2022-06-26 00:31:03,0,0,0.2506266,0,0,98.74687,0.5012531,0.5012531,0
2022-06-26 00:31:02,0,0,1.25,0,0,96,2.75,0,0
2022-06-26 00:31:01,0,0,1.2468828,0,0,95.26185,3.491272,0,0
2022-06-26 00:31:00,0,0,0.4987531,0.2493766,0,97.25686,1.745636,0.2493766,0
2022-06-26 00:30:59,0,0,0.5012531,0,0,97.99499,1.5037594,0,0
2022-06-26 00:30:58,0,0,0.5025126,0,0,97.48744,1.5075377,0.5025126,0
2022-06-26 00:30:57,0,0,0.2487562,0,0,99.00498,0.4975124,0.2487562,0
2022-06-26 00:30:56,0,0,0,0,0,99.24812,0.7518797,0,0
2022-06-26 00:30:55,0,0,0.9975062,0,0,96.50873,2.244389,0.2493766,0
2022-06-26 00:30:54,0,0,1.5,0.5,0,95.25,2.75,0,0
2022-06-26 00:30:53,0,0,0.5,0,0,96.5,2.25,0.75,0
2022-06-26 00:30:52,0,0,0.5012531,0.2506266,0,96.2406,3.007519,0,0
2022-06-26 00:30:51,0,0,0.7481297,0.2493766,0,96.7581,1.995012,0.2493766,0
2022-06-26 00:30:50,0,0,0.25,0,0,98,1.5,0.25,0
2022-06-26 00:30:49,0,0,0,0,0,99.00249,0.9975062,0,0
2022-06-26 00:30:48,0,0,0.2506266,0.2506266,0,97.99499,1.0025063,0.5012531,0
2022-06-26 00:30:47,0,0,1.2531328,0.2506266,0,96.2406,2.255639,0,0
2022-06-26 00:30:46,0,0,0.9950249,0,0,94.52736,4.228856,0.2487562,0
2022-06-26 00:30:45,0,0,0.7537688,0,0,94.97487,4.020101,0.2512563,0
2022-06-26 00:30:44,0,0,1,0.5,0,96.5,2,0,0
2022-06-26 00:30:43,0,0,0.5,0.25,0,97,2.25,0,0
2022-06-26 00:30:42,0,0,0,0,0,98.25436,1.2468828,0.4987531,0
2022-06-26 00:30:41,0,0,0,0,0,99.49749,0.5025126,0,0
2022-06-26 00:30:40,0,0,0.25,0,0,97,2.5,0.25,0
2022-06-26 00:30:39,0,0,0.7481297,0.2493766,0,95.7606,2.992519,0.2493766,0
2022-06-26 00:30:38,0,0,1.2468828,0.2493766,0,94.51372,3.740648,0.2493766,0
2022-06-26 00:30:37,0,0,1.4962594,0,0,93.01746,5.236908,0.2493766,0
2022-06-26 00:30:36,0,0,1.25,0.25,0,89.75,8.25,0.5,0
2022-06-26 00:30:35,0,0,1.0025063,0,0,91.72932,6.766917,0.2506266,0
2022-06-26 00:30:34,0,0,0.75,0,0,92.5,6.25,0.5,0
2022-06-26 00:30:33,0,0,0.2506266,0.2506266,0,93.23308,6.015038,0.2506266,0
2022-06-26 00:30:32,0,0,0.2493766,0,0,93.51621,5.985037,0.2493766,0
2022-06-26 00:30:31,0,0,0.2506266,0,0,93.73434,5.764411,0.2506266,0
2022-06-26 00:30:30,0,0,0,0,0,90.97744,8.77193,0,0
2022-06-26 00:30:29,0,0,0,0.25,0,88,10.25,0.5,0
2022-06-26 00:30:28,0,0,0.2506266,0.5012531,0,91.22807,7.518797,0,0
2022-06-26 00:30:27,0,0,0,0,0,95.22613,4.271357,0.2512563,0
2022-06-26 00:30:26,0,0,0.2506266,0,0,96.99248,2.255639,0.2506266,0
2022-06-26 00:30:25,0,0,0.4987531,0,0,98.25436,0.9975062,0.2493766,0
2022-06-26 00:30:24,0,0,0,0,0,98.99749,0.7518797,0.2506266,0
2022-06-26 00:30:23,0,0,0,0,0,99.25187,0.4987531,0.2493766,0
2022-06-26 00:30:22,0,0,0,0,0,99.24623,0.7537688,0,0
2022-06-26 00:30:21,0,0,0,0.2493766,0,98.25436,1.2468828,0.2493766,0
2022-06-26 00:30:20,0,0,1,0.25,0,96,2.75,0,0
2022-06-26 00:30:19,0,0,0.5,0,0,97.75,1.5,0.25,0
2022-06-26 00:30:18,0,0,0.4987531,0,0,97.50623,1.745636,0.2493766,0
2022-06-26 00:30:17,0,0,0.5025126,0,0,97.98995,1.5075377,0,0
2022-06-26 00:30:16,0,0,0.4987531,0.2493766,0,97.00748,1.995012,0.2493766,0
2022-06-26 00:30:15,0,0,0.25,0,0,98.5,1.25,0,0
2022-06-26 00:30:14,0,0,0.5,0.25,0,96.5,2.5,0.25,0
2022-06-26 00:30:13,0,0,0.9975062,0.4987531,0,96.00998,1.995012,0.4987531,0
2022-06-26 00:30:12,0,0,0.5012531,0,0,97.74436,1.5037594,0.2506266,0
2022-06-26 00:30:11,0,0,0.7462687,0,0,96.51741,2.487562,0.2487562,0
2022-06-26 00:30:10,0,0,0.7537688,0,0,97.98995,1.2562814,0,0
2022-06-26 00:30:09,0,0,0.5,0,0,97.75,1.75,0,0
2022-06-26 00:30:08,0,0,0,0.25,0,98.25,1.25,0.25,0
2022-06-26 00:30:07,0,0,0.7518797,0.2506266,0,97.49373,1.2531328,0.2506266,0
2022-06-26 00:30:06,0,0,1.0025063,0.2506266,0,96.2406,2.506266,0,0
2022-06-26 00:30:05,0,0,0.7425743,0.2475248,0,97.0297,1.4851485,0.4950495,0
2022-06-26 00:30:04,0,0,0.7537688,0.2512563,0,97.73869,1.0050251,0.2512563,0
2022-06-26 00:30:03,0,0,0.5025126,0,0,97.73869,1.5075377,0.2512563,0
2022-06-26 00:30:02,0,0,0.7444169,0.4962779,0,96.77419,1.736973,0.248139,0
2022-06-26 00:30:01,0,0,0,0,0,99.25,0.5,0.25,0
2022-06-26 00:30:00,0,0,0.7537688,0,0,97.73869,1.5075377,0,0
2022-06-26 00:29:59,0,0,1.2468828,0,0,95.51122,2.992519,0.2493766,0
2022-06-26 00:29:58,0,0,0.5012531,0.5012531,0,96.99248,1.5037594,0.5012531,0
2022-06-26 00:29:57,0,0,0.5,0,0,98,1.5,0,0
2022-06-26 00:29:56,0,0,0.7481297,0,0,97.00748,2.244389,0,0
2022-06-26 00:29:55,0,0,0.5,0.25,0,97.5,1.5,0.25,0
2022-06-26 00:29:54,0,0,0,0,0,98.75,1.25,0,0
2022-06-26 00:29:53,0,0,0.4987531,0.2493766,0,97.50623,1.745636,0,0
2022-06-26 00:29:52,0,0,1.2562814,0.2512563,0,95.9799,2.261307,0.2512563,0
2022-06-26 00:29:51,0,0,1.0025063,0.2506266,0,95.73935,3.007519,0,0
2022-06-26 00:29:50,0,0,0.4987531,0,0,97.25686,1.995012,0.2493766,0
2022-06-26 00:29:49,0,0,0.75,0,0,96.75,2.25,0.25,0
2022-06-26 00:29:48,0,0,0.4987531,0,0,98.00499,1.2468828,0.2493766,0
2022-06-26 00:29:47,0,0,0,0.2506266,0,98.74687,0.5012531,0.5012531,0
2022-06-26 00:29:46,0,0,0.2506266,0,0,97.99499,1.5037594,0.2506266,0
2022-06-26 00:29:45,0,0,1,0.25,0,95.75,3,0,0
2022-06-26 00:29:44,0,0,1.2437811,0,0,96.0199,2.736318,0,0
2022-06-26 00:29:43,0,0,0.75,0.25,0,96.75,1.75,0.5,0
2022-06-26 00:29:42,0,0,0,0,0,97,2.75,0.25,0
2022-06-26 00:29:41,0,0,0.7518797,0,0,97.49373,1.754386,0,0
2022-06-26 00:29:40,0,0,0.7518797,0.2506266,0,97.24311,1.5037594,0.2506266,0
2022-06-26 00:29:39,0,0,0,0,0,98.75931,0.9925558,0.248139,0
2022-06-26 00:29:38,0,0,0.2518892,0,0,98.99244,0.5037783,0.2518892,0
2022-06-26 00:29:37,0,0,0.4975124,0.2487562,0,94.52736,4.228856,0.4975124,0
2022-06-26 00:29:36,0,0,0.9975062,0.2493766,0,94.51372,3.740648,0.4987531,0
2022-06-26 00:29:35,0,0,1.5037594,0,0,90.97744,7.26817,0.2506266,0
2022-06-26 00:29:34,0,0,1.25,0,0,94.5,4,0.25,0
2022-06-26 00:29:33,0,0,1.2437811,0.2487562,0,88.80597,9.452736,0.2487562,0
2022-06-26 00:29:32,0,0,0.5037783,0.2518892,0,93.70277,5.541562,0,0
2022-06-26 00:29:31,0,0,0.5,0,0,92.5,6.5,0.5,0
2022-06-26 00:29:30,0,0,0.2493766,0.2493766,0,93.76559,5.486284,0.2493766,0
2022-06-26 00:29:29,0,0,0.5,0,0,91.5,7.5,0.5,0
2022-06-26 00:29:28,0,0,0.2493766,0,0,89.77556,9.476309,0.4987531,0
2022-06-26 00:29:27,0,0,0,0,0,88.63636,9.848485,0.2525253,0
2022-06-26 00:29:26,0,0,0.2518892,0.2518892,0,87.15365,7.556675,0.2518892,0
2022-06-26 00:29:25,0,0,0,0.2512563,0,96.48241,3.015075,0.2512563,0
2022-06-26 00:29:24,0,0,0.75,0,0,96.75,2.5,0,0
2022-06-26 00:29:23,0,0,0,0,0,96.50873,3.241895,0.2493766,0
2022-06-26 00:29:22,0,0,0,0,0,99.00249,0.9975062,0,0
2022-06-26 00:29:21,0,0,0.2506266,0,0,98.99749,0.5012531,0.2506266,0
2022-06-26 00:29:20,0,0,0,0,0,99.49875,0.5012531,0,0
2022-06-26 00:29:19,0,0,0,0,0,98.25871,1.4925373,0.2487562,0
2022-06-26 00:29:18,0,0,0.2506266,0.2506266,0,97.24311,2.005013,0.2506266,0
2022-06-26 00:29:17,0,0,1.0025063,0,0,96.74185,2.255639,0,0
2022-06-26 00:29:16,0,0,0.5,0.25,0,98,1,0.25,0
2022-06-26 00:29:15,0,0,0.7462687,0,0,97.26368,1.741294,0.2487562,0
2022-06-26 00:29:14,0,0,0,0,0,99.49622,0.5037783,0,0
2022-06-26 00:29:13,0,0,0.4987531,0,0,97.50623,1.4962594,0.4987531,0
2022-06-26 00:29:12,0,0,0.4987531,0,0,95.26185,4.239401,0,0
2022-06-26 00:29:11,0,0,0.5025126,0.2512563,0,97.73869,1.5075377,0,0
2022-06-26 00:29:10,0,0,0.7481297,0,0,97.25686,1.745636,0.2493766,0
2022-06-26 00:29:09,0,0,1.2531328,0.2506266,0,96.2406,2.255639,0,0
2022-06-26 00:29:08,0,0,0.4962779,0,0,98.01489,0.9925558,0.4962779,0
2022-06-26 00:29:07,0,0,0.2518892,0,0,98.23678,1.511335,0,0
2022-06-26 00:29:06,0,0,0.2493766,0,0,98.50374,0.4987531,0.7481297,0
2022-06-26 00:29:05,0,0,0.2506266,0.2506266,0,98.49624,0.7518797,0.2506266,0
2022-06-26 00:29:04,0,0,0.9925558,0.248139,0,96.77419,1.4888337,0.4962779,0
2022-06-26 00:29:03,0,0,0.7537688,0,0,96.98492,2.01005,0.2512563,0
2022-06-26 00:29:02,0,0,1.2468828,0,0,95.26185,3.241895,0.2493766,0
2022-06-26 00:29:01,0,0,0.5012531,0,0,97.74436,1.754386,0,0
2022-06-26 00:29:00,0,0,0,0.25,0,99.25,0.25,0.25,0
2022-06-26 00:28:59,0,0,0.7518797,0,0,97.74436,1.5037594,0,0
2022-06-26 00:28:58,0,0,0.2487562,0.2487562,0,98.75622,0.7462687,0,0
2022-06-26 00:28:57,0,0,0.7537688,0,0,97.73869,1.0050251,0.5025126,0
2022-06-26 00:28:56,0,0,0.75,0.25,0,96.5,2.25,0.25,0
2022-06-26 00:28:55,0,0,1,0,0,96.25,2.5,0.25,0
2022-06-26 00:28:54,0,0,0.7462687,0.2487562,0,97.26368,1.4925373,0.2487562,0
2022-06-26 00:28:53,0,0,0.2506266,0,0,97.99499,1.2531328,0.5012531,0
2022-06-26 00:28:52,0,0,0.2506266,0,0,98.74687,0.7518797,0.2506266,0
2022-06-26 00:28:51,0,0,0.4987531,0.2493766,0,97.50623,1.4962594,0.2493766,0
2022-06-26 00:28:50,0,0,0.75,0,0,96.5,2.5,0.25,0
2022-06-26 00:28:49,0,0,0.7518797,0,0,96.99248,2.005013,0.2506266,0
2022-06-26 00:28:48,0,0,0.75,0,0,97,2,0.25,0
2022-06-26 00:28:47,0,0,0.7481297,0.2493766,0,95.7606,2.992519,0.2493766,0
2022-06-26 00:28:46,0,0,0.2506266,0.2506266,0,98.24561,1.2531328,0,0
2022-06-26 00:28:45,0,0,0.4987531,0,0,97.25686,1.995012,0.2493766,0
2022-06-26 00:28:44,0,0,0,0,0,98.99749,0.7518797,0.2506266,0
2022-06-26 00:28:43,0,0,0.5,0,0,96,3.25,0.25,0
2022-06-26 00:28:42,0,0,0.9975062,0.4987531,0,95.01247,2.992519,0.4987531,0
2022-06-26 00:28:41,0,0,0.9950249,0.2487562,0,92.53731,5.970149,0.2487562,0
2022-06-26 00:28:40,0,0,0.7518797,0,0,95.73935,3.258145,0.2506266,0
2022-06-26 00:28:39,0,0,0.5025126,0.2512563,0,96.98492,2.261307,0,0
2022-06-26 00:28:38,0,0,0.2493766,0.2493766,0,97.75561,1.4962594,0.2493766,0
2022-06-26 00:28:37,0,0,0.5,0.25,0,97.5,1.5,0.25,0
2022-06-26 00:28:36,0,0,0.2493766,0,0,98.75312,0.7481297,0.2493766,0
2022-06-26 00:28:35,0,0,0.25,0,0,98.5,1.25,0,0
2022-06-26 00:28:34,0,0,0.7518797,0,0,96.74185,2.005013,0.5012531,0
2022-06-26 00:28:33,0,0,1.2531328,0.2506266,0,93.98496,4.511278,0,0
2022-06-26 00:28:32,0,0,1.4925373,0,0,93.78109,4.477612,0.2487562,0
2022-06-26 00:28:31,0,0,1.2468828,0.4987531,0,87.53117,10.224439,0.2493766,0
2022-06-26 00:28:30,0,0,0.5012531,0.2506266,0,94.23559,5.012531,0,0
2022-06-26 00:28:29,0,0,0.4987531,0,0,93.01746,6.234414,0.2493766,0
2022-06-26 00:28:28,0,0,0.5,0.25,0,91.75,7,0.5,0
2022-06-26 00:28:27,0,0,0.25,0,0,93.75,6,0,0
2022-06-26 00:28:26,0,0,0.25,0.25,0,93.5,5.75,0.25,0
2022-06-26 00:28:25,0,0,0.5037783,0,0,86.90176,11.838791,0.2518892,0
2022-06-26 00:28:24,0,0,0.5012531,0.2506266,0,91.4787,6.766917,0.2506266,0
2022-06-26 00:28:23,0,0,0,0,0,93.51621,5.985037,0.2493766,0
2022-06-26 00:28:22,0,0,0,0,0,95.46599,4.282116,0.2518892,0
2022-06-26 00:28:21,0,0,0.25,0,0,94.5,5,0.25,0
2022-06-26 00:28:20,0,0,0.2493766,0,0,98.00499,1.745636,0,0
2022-06-26 00:28:19,0,0,0,0.5,0,98,1.25,0.25,0
2022-06-26 00:28:18,0,0,0,0,0,98.24561,1.5037594,0.2506266,0
2022-06-26 00:28:17,0,0,0,0,0,99.00249,0.7481297,0.2493766,0
2022-06-26 00:28:16,0,0,0.25,0.25,0,98.75,0.75,0,0
2022-06-26 00:28:15,0,0,0.5012531,0,0,96.99248,2.506266,0,0
2022-06-26 00:28:14,0,0,0.75,0.25,0,96.5,2,0.5,0
2022-06-26 00:28:13,0,0,0.2487562,0.2487562,0,98.00995,0.9950249,0.4975124,0
2022-06-26 00:28:12,0,0,0.7518797,0.2506266,0,96.49123,2.255639,0.2506266,0
2022-06-26 00:28:11,0,0,0.2512563,0,0,98.24121,1.5075377,0,0
2022-06-26 00:28:10,0,0,0.25,0,0,98.75,1,0,0
2022-06-26 00:28:09,0,0,0.2487562,0,0,97.51244,1.741294,0.4975124,0
2022-06-26 00:28:08,0,0,1.0025063,0.2506266,0,96.2406,2.005013,0.5012531,0
2022-06-26 00:28:07,0,0,0.75,0,0,97.5,1.75,0,0
2022-06-26 00:28:06,0,0,0.5,0.25,0,96.5,2.75,0,0
2022-06-26 00:28:05,0,0,1.0025063,0,0,96.74185,2.255639,0,0
2022-06-26 00:28:04,0,0,0.5,0,0,98.25,1.25,0,0
2022-06-26 00:28:03,0,0,0,0,0,98.25436,1.4962594,0.2493766,0
2022-06-26 00:28:02,0,0,0.2506266,0,0,98.49624,1.2531328,0,0
2022-06-26 00:28:01,0,0,0.7444169,0.248139,0,97.51861,1.2406948,0.248139,0
2022-06-26 00:28:00,0,0,1,0,0,95.75,2.75,0.25,0
2022-06-26 00:27:59,0,0,1.0050251,0.2512563,0,95.22613,3.266332,0.2512563,0
2022-06-26 00:27:58,0,0,0.7481297,0.2493766,0,96.50873,2.493766,0,0
2022-06-26 00:27:57,0,0,0.4987531,0,0,98.50374,0.7481297,0.2493766,0
2022-06-26 00:27:56,0,0,0,0.2512563,0,98.49246,1.2562814,0,0
2022-06-26 00:27:55,0,0,0.2493766,0,0,98.50374,0.9975062,0.2493766,0
2022-06-26 00:27:54,0,0,0.7537688,0,0,97.98995,1.2562814,0,0
2022-06-26 00:27:53,0,0,0.7444169,0.248139,0,96.02978,2.48139,0.4962779,0
2022-06-26 00:27:52,0,0,1.2531328,0,0,96.74185,2.005013,0,0
2022-06-26 00:27:51,0,0,0.7537688,0.2512563,0,97.48744,1.2562814,0.2512563,0
2022-06-26 00:27:50,0,0,0.4987531,0,0,97.25686,1.995012,0.2493766,0
2022-06-26 00:27:49,0,0,0,0.25,0,98.75,1,0,0
2022-06-26 00:27:48,0,0,0.5,0,0,98,1.25,0.25,0
2022-06-26 00:27:47,0,0,0.5,0.25,0,97.5,1.75,0,0
2022-06-26 00:27:46,0,0,0.5012531,0,0,97.74436,1.5037594,0.2506266,0
2022-06-26 00:27:45,0,0,0.9975062,0.2493766,0,96.00998,2.493766,0.2493766,0
2022-06-26 00:27:44,0,0,1.2437811,0,0,95.77114,2.736318,0.2487562,0
2022-06-26 00:27:43,0,0,0.2512563,0.2512563,0,97.48744,2.01005,0,0
2022-06-26 00:27:42,0,0,0,0.25,0,98.25,1,0.5,0
2022-06-26 00:27:41,0,0,0.25,0,0,98.75,1,0,0
2022-06-26 00:27:40,0,0,0.25,0,0,97.5,2,0.25,0
2022-06-26 00:27:39,0,0,0.7518797,0.2506266,0,96.74185,2.005013,0.2506266,0
2022-06-26 00:27:38,0,0,0.9950249,0,0,94.77612,3.731343,0.4975124,0
2022-06-26 00:27:37,0,0,1.2562814,0.2512563,0,95.47739,2.763819,0.2512563,0
2022-06-26 00:27:36,0,0,0.4987531,0,0,98.25436,0.9975062,0.2493766,0
2022-06-26 00:27:35,0,0,0.5,0.25,0,97.75,1.25,0.25,0
2022-06-26 00:27:34,0,0,0,0.2506266,0,98.99749,0.7518797,0,0
2022-06-26 00:27:33,0,0,0.25,0,0,96.25,3.25,0.25,0
2022-06-26 00:27:32,0,0,0.5,0.25,0,97,2.25,0,0
2022-06-26 00:27:31,0,0,0.9975062,0.2493766,0,94.26434,3.990025,0.4987531,0
2022-06-26 00:27:30,0,0,0.7518797,0,0,94.48622,4.761905,0,0
2022-06-26 00:27:29,0,0,1,0,0,92.5,5.75,0.75,0
2022-06-26 00:27:28,0,0,1.4962594,0.2493766,0,93.01746,4.987531,0.2493766,0
2022-06-26 00:27:27,0,0,1.5,0.5,0,89.75,8,0.25,0
2022-06-26 00:27:26,0,0,0.5025126,0,0,91.70854,7.286432,0.5025126,0
2022-06-26 00:27:25,0,0,0.7462687,0.2487562,0,94.77612,3.731343,0.4975124,0
2022-06-26 00:27:24,0,0,0.25,0,0,92.25,7.25,0.25,0
2022-06-26 00:27:23,0,0,0,0,0,93.98496,5.263158,0.2506266,0
2022-06-26 00:27:22,0,0,0.25,0,0,91.75,8,0,0
2022-06-26 00:27:21,0,0,0,0.25,0,91.5,7,0.5,0
2022-06-26 00:27:20,0,0,0.2506266,0.2506266,0,85.46366,8.270677,0.2506266,0
2022-06-26 00:27:19,0,0,0,0,0,96.00998,3.740648,0,0
2022-06-26 00:27:18,0,0,0,0.25,0,98,1.5,0.25,0
2022-06-26 00:27:17,0,0,0.25,0,0,99,0.75,0,0
2022-06-26 00:27:16,0,0,0.25,0,0,98.75,0.75,0.25,0
2022-06-26 00:27:15,0,0,0,0.25,0,98.5,1,0.25,0
2022-06-26 00:27:14,0,0,0,0.25,0,98.5,0.75,0.5,0
2022-06-26 00:27:13,0,0,0.5012531,0,0,97.99499,1.5037594,0,0
2022-06-26 00:27:12,0,0,0.25,0,0,98,1.75,0,0
2022-06-26 00:27:11,0,0,0.7481297,0.2493766,0,97.75561,0.9975062,0.2493766,0
2022-06-26 00:27:10,0,0,0.5012531,0.2506266,0,96.74185,2.255639,0.2506266,0
2022-06-26 00:27:09,0,0,0.9975062,0.2493766,0,96.50873,1.995012,0.2493766,0
2022-06-26 00:27:08,0,0,0.2506266,0,0,98.74687,1.0025063,0,0
2022-06-26 00:27:07,0,0,0,0,0,98.75312,0.9975062,0.2493766,0
2022-06-26 00:27:06,0,0,1,0.25,0,96.25,2.25,0.25,0
2022-06-26 00:27:05,0,0,0.7481297,0,0,97.50623,1.4962594,0.2493766,0
2022-06-26 00:27:04,0,0,1,0.25,0,95.5,3,0.25,0
2022-06-26 00:27:03,0,0,1.0025063,0,0,95.48872,3.007519,0.5012531,0
2022-06-26 00:27:02,0,0,0.2512563,0,0,98.74372,1.0050251,0,0
2022-06-26 00:27:01,0,0,0.2493766,0,0,99.25187,0.4987531,0,0
2022-06-26 00:27:00,0,0,0.2506266,0,0,98.74687,1.0025063,0,0
2022-06-26 00:26:59,0,0,0.7481297,0.2493766,0,96.50873,1.995012,0.4987531,0
2022-06-26 00:26:58,0,0,1.25,0,0,95.5,3,0.25,0
2022-06-26 00:26:57,0,0,0.9950249,0.2487562,0,96.51741,1.99005,0.2487562,0
2022-06-26 00:26:56,0,0,0.75,0,0,96.75,2.25,0.25,0
2022-06-26 00:26:55,0,0,0.5025126,0,0,97.73869,1.758794,0,0
2022-06-26 00:26:54,0,0,0,0,0,98.5,1.25,0.25,0
2022-06-26 00:26:53,0,0,0.5012531,0,0,97.99499,1.2531328,0.2506266,0
2022-06-26 00:26:52,0,0,0.9975062,0,0,95.51122,3.241895,0.2493766,0
2022-06-26 00:26:51,0,0,1.2531328,0.2506266,0,95.98997,2.255639,0.2506266,0
2022-06-26 00:26:50,0,0,0.5,0,0,97.5,1.75,0.25,0
2022-06-26 00:26:49,0,0,0.7462687,0.2487562,0,97.26368,1.4925373,0.2487562,0
2022-06-26 00:26:48,0,0,0.2506266,0.2506266,0,98.49624,1.0025063,0,0
2022-06-26 00:26:47,0,0,0,0,0,98.99749,1.0025063,0,0
2022-06-26 00:26:46,0,0,0.5,0,0,97.75,1,0.75,0
2022-06-26 00:26:45,0,0,1,0.25,0,96.75,1.75,0.25,0
2022-06-26 00:26:44,0,0,1.25,0,0,94.75,3.75,0.25,0
2022-06-26 00:26:43,0,0,0.25,0.25,0,98.5,1,0,0
2022-06-26 00:26:42,0,0,0.4987531,0.2493766,0,97.75561,1.2468828,0.2493766,0
2022-06-26 00:26:41,0,0,0.75,0,0,96.75,2.5,0,0
2022-06-26 00:26:40,0,0,0,0,0,98.49624,1.2531328,0.2506266,0
2022-06-26 00:26:39,0,0,0.2487562,0,0,98.50746,0.7462687,0.4975124,0
2022-06-26 00:26:38,0,0,1.0050251,0.2512563,0,94.97487,3.266332,0.5025126,0
2022-06-26 00:26:37,0,0,1.2468828,0,0,95.7606,2.992519,0,0
2022-06-26 00:26:36,0,0,0.25,0.25,0,97.75,1.5,0.25,0
2022-06-26 00:26:35,0,0,0.2512563,0.2512563,0,96.98492,2.512563,0,0
2022-06-26 00:26:34,0,0,0.7462687,0,0,96.76617,2.238806,0.2487562,0
2022-06-26 00:26:33,0,0,0.7518797,0.2506266,0,97.49373,1.2531328,0.2506266,0
2022-06-26 00:26:32,0,0,0,0.2487562,0,97.51244,1.99005,0.2487562,0
2022-06-26 00:26:31,0,0,0.5025126,0.2512563,0,97.73869,1.2562814,0.2512563,0
2022-06-26 00:26:30,0,0,0.7481297,0,0,96.00998,2.992519,0.2493766,0
2022-06-26 00:26:29,0,0,0.9975062,0.2493766,0,93.76559,4.738155,0.2493766,0
2022-06-26 00:26:28,0,0,1.25,0.25,0,93.25,4.75,0.25,0
2022-06-26 00:26:27,0,0,1.25,0.5,0,93.5,4.5,0.25,0
2022-06-26 00:26:26,0,0,0.7537688,0,0,91.70854,7.035176,0.5025126,0
2022-06-26 00:26:25,0,0,1.4962594,0,0,93.51621,4.738155,0.2493766,0
2022-06-26 00:26:24,0,0,0.5,0.25,0,93.25,5.5,0.5,0
2022-06-26 00:26:23,0,0,0.7518797,0.5012531,0,88.97243,9.273183,0.5012531,0
2022-06-26 00:26:22,0,0,0.25,0,0,89.25,10,0.5,0
2022-06-26 00:26:21,0,0,0.2512563,0,0,94.47236,5.276382,0,0
2022-06-26 00:26:20,0,0,0,0,0,92.26933,7.23192,0.2493766,0
2022-06-26 00:26:19,0,0,0.2493766,0.2493766,0,90.27431,6.733167,0.2493766,0
2022-06-26 00:26:18,0,0,0,0,0,92.17172,5.808081,0,0
2022-06-26 00:26:17,0,0,0.248139,0,0,97.02233,2.48139,0.248139,0
2022-06-26 00:26:16,0,0,0,0,0,97.733,2.267003,0,0
2022-06-26 00:26:15,0,0,0,0,0,98.25,1.5,0.25,0
2022-06-26 00:26:14,0,0,0,0.2493766,0,99.00249,0.7481297,0,0
2022-06-26 00:26:13,0,0,0.5,0,0,97.5,1.75,0.25,0
2022-06-26 00:26:12,0,0,0.25,0,0,98.75,1,0,0
2022-06-26 00:26:11,0,0,0,0.2493766,0,98.50374,0.9975062,0.2493766,0
2022-06-26 00:26:10,0,0,0.7537688,0.2512563,0,97.48744,1.5075377,0,0
2022-06-26 00:26:09,0,0,0.7462687,0,0,97.76119,1.2437811,0.2487562,0
2022-06-26 00:26:08,0,0,0.2506266,0,0,98.49624,1.0025063,0.2506266,0
2022-06-26 00:26:07,0,0,0.2493766,0.2493766,0,97.25686,1.995012,0.2493766,0
2022-06-26 00:26:06,0,0,0.5012531,0.2506266,0,97.24311,1.754386,0.2506266,0
2022-06-26 00:26:05,0,0,0.7481297,0.2493766,0,97.25686,1.745636,0,0
2022-06-26 00:26:04,0,0,0.5025126,0,0,98.24121,1.0050251,0.2512563,0
2022-06-26 00:26:03,0,0,0.4987531,0.2493766,0,96.25935,2.743142,0.2493766,0
2022-06-26 00:26:02,0,0,0.75,0.25,0,96.75,2,0.25,0
2022-06-26 00:26:01,0,0,0.5,0.25,0,97.25,1.75,0.25,0
2022-06-26 00:26:00,0,0,0.25,0.25,0,98.5,0.75,0.25,0
2022-06-26 00:25:59,0,0,0.5012531,0,0,97.74436,1.754386,0,0
2022-06-26 00:25:58,0,0,0.9975062,0,0,96.7581,1.745636,0.4987531,0
2022-06-26 00:25:57,0,0,0.4975124,0.2487562,0,97.01493,2.238806,0,0
2022-06-26 00:25:56,0,0,0.75,0,0,97.5,1.5,0.25,0
2022-06-26 00:25:55,0,0,0.75,0.25,0,97,1.75,0.25,0
2022-06-26 00:25:54,0,0,0.7518797,0.2506266,0,96.49123,2.255639,0,0
2022-06-26 00:25:53,0,0,0.5,0.25,0,98.5,0.75,0,0
2022-06-26 00:25:52,0,0,0.5,0.25,0,97.25,1.75,0.25,0
2022-06-26 00:25:51,0,0,1.4962594,0.2493766,0,95.01247,3.241895,0,0
2022-06-26 00:25:50,0,0,0.2506266,0,0,98.24561,1.0025063,0.5012531,0
2022-06-26 00:25:49,0,0,0.7481297,0.2493766,0,97.50623,1.4962594,0,0
2022-06-26 00:25:48,0,0,0.5025126,0.2512563,0,96.73367,2.261307,0.2512563,0
2022-06-26 00:25:47,0,0,0.2487562,0,0,98.50746,1.2437811,0,0
2022-06-26 00:25:46,0,0,0.5012531,0,0,98.49624,1.0025063,0,0
2022-06-26 00:25:45,0,0,0.5,0.5,0,97.25,1.25,0.5,0
2022-06-26 00:25:44,0,0,1.25,0,0,95.5,3,0.25,0
2022-06-26 00:25:43,0,0,0.4987531,0.2493766,0,96.7581,2.244389,0.2493766,0
2022-06-26 00:25:42,0,0,0.5012531,0.2506266,0,97.49373,1.5037594,0.2506266,0
2022-06-26 00:25:41,0,0,0.4987531,0,0,97.50623,1.995012,0,0
2022-06-26 00:25:40,0,0,0.25,0,0,98.75,0.5,0.5,0
2022-06-26 00:25:39,0,0,0.5025126,0,0,97.98995,1.2562814,0.2512563,0
2022-06-26 00:25:38,0,0,0.4962779,0.248139,0,96.52605,2.48139,0.248139,0
2022-06-26 00:25:37,0,0,1.0025063,0.2506266,0,94.73684,3.759398,0.2506266,0
2022-06-26 00:25:36,0,0,0.7537688,0.2512563,0,95.9799,2.763819,0.2512563,0
2022-06-26 00:25:35,0,0,0.4987531,0.2493766,0,96.25935,2.743142,0.2493766,0
2022-06-26 00:25:34,0,0,0.5012531,0.2506266,0,97.49373,1.754386,0,0
2022-06-26 00:25:33,0,0,0.4987531,0,0,97.25686,1.4962594,0.7481297,0
2022-06-26 00:25:32,0,0,0.2506266,0,0,98.49624,1.2531328,0,0
2022-06-26 00:25:31,0,0,0.4975124,0.2487562,0,97.76119,1.2437811,0.2487562,0
2022-06-26 00:25:30,0,0,0.2512563,0,0,97.48744,2.261307,0,0
2022-06-26 00:25:29,0,0,0.9950249,0.2487562,0,94.77612,3.731343,0.2487562,0
2022-06-26 00:25:28,0,0,1.2531328,0.2506266,0,93.98496,4.010025,0.5012531,0
2022-06-26 00:25:27,0,0,0.75,0.5,0,93.25,5.25,0.25,0
2022-06-26 00:25:26,0,0,0.4987531,0.2493766,0,95.26185,3.491272,0.4987531,0
2022-06-26 00:25:25,0,0,0.7537688,0,0,95.47739,3.517588,0.2512563,0
2022-06-26 00:25:24,0,0,1.2437811,0.2487562,0,92.0398,6.218905,0.2487562,0
2022-06-26 00:25:23,0,0,1.0025063,0.2506266,0,92.98246,5.513784,0.2506266,0
2022-06-26 00:25:22,0,0,0.5,0,0,91.75,7.75,0,0
2022-06-26 00:25:21,0,0,0.5025126,0,0,90.70352,8.542714,0.2512563,0
2022-06-26 00:25:20,0,0,0.248139,0.248139,0,93.54839,5.210918,0.4962779,0
2022-06-26 00:25:19,0,0,0.5012531,0,0,90.97744,8.02005,0.2506266,0
2022-06-26 00:25:18,0,0,0.5025126,0.2512563,0,93.46734,5.778894,0,0
2022-06-26 00:25:17,0,0,0.2487562,0,0,94.77612,4.477612,0.4975124,0
2022-06-26 00:25:16,0,0,0,0.2518892,0,93.45088,5.541562,0.2518892,0
2022-06-26 00:25:15,0,0,0.248139,0,0,95.78164,3.722084,0.248139,0
2022-06-26 00:25:14,0,0,0,0,0,97.98995,2.01005,0,0
2022-06-26 00:25:13,0,0,0.2506266,0,0,97.74436,2.005013,0,0
2022-06-26 00:25:12,0,0,0,0.2493766,0,96.7581,2.493766,0.4987531,0
2022-06-26 00:25:11,0,0,0,0,0,99.24812,0.7518797,0,0
2022-06-26 00:25:10,0,0,0.4975124,0,0,97.01493,2.487562,0,0
2022-06-26 00:25:09,0,0,0.7518797,0.2506266,0,97.24311,1.5037594,0.2506266,0
2022-06-26 00:25:08,0,0,0.4987531,0,0,97.00748,2.244389,0.2493766,0
2022-06-26 00:25:07,0,0,0,0,0,99.49749,0.5025126,0,0
2022-06-26 00:25:06,0,0,0.75,0,0,97.25,1.75,0.25,0
2022-06-26 00:25:05,0,0,0.2493766,0,0,98.75312,0.7481297,0.2493766,0
2022-06-26 00:25:04,0,0,0,0,0,98.49624,1.2531328,0.2506266,0
2022-06-26 00:25:03,0,0,0.7481297,0.2493766,0,97.00748,1.745636,0.2493766,0
2022-06-26 00:25:02,0,0,1.0025063,0.5012531,0,95.98997,2.255639,0.2506266,0
2022-06-26 00:25:01,0,0,0.7481297,0,0,96.7581,2.244389,0.2493766,0
2022-06-26 00:25:00,0,0,0.2506266,0.2506266,0,97.99499,1.5037594,0,0
2022-06-26 00:24:59,0,0,0.5012531,0,0,97.24311,2.255639,0,0
2022-06-26 00:24:58,0,0,0.4975124,0,0,97.01493,1.99005,0.4975124,0
2022-06-26 00:24:57,0,0,0.2506266,0.2506266,0,98.24561,1.2531328,0,0
2022-06-26 00:24:56,0,0,0.5,0,0,98,1.25,0.25,0
2022-06-26 00:24:55,0,0,1.2437811,0,0,96.76617,1.741294,0.2487562,0
2022-06-26 00:24:54,0,0,1.0025063,0.2506266,0,95.98997,2.756892,0,0
2022-06-26 00:24:53,0,0,0.5012531,0,0,97.99499,1.2531328,0.2506266,0
2022-06-26 00:24:52,0,0,0.4975124,0,0,98.00995,1.4925373,0,0
2022-06-26 00:24:51,0,0,0.25,0,0,98.25,1.25,0.25,0
2022-06-26 00:24:50,0,0,0.5,0.25,0,97.5,1.25,0.5,0
2022-06-26 00:24:49,0,0,0.5037783,0,0,97.98489,1.2594458,0.2518892,0
2022-06-26 00:24:48,0,0,1.2437811,0.2487562,0,96.0199,1.99005,0.4975124,0
2022-06-26 00:24:47,0,0,0.7537688,0.2512563,0,96.48241,2.512563,0,0
2022-06-26 00:24:46,0,0,0.4987531,0.2493766,0,97.75561,1.2468828,0.2493766,0
2022-06-26 00:24:45,0,0,0.5,0,0,97.75,1.5,0.25,0
2022-06-26 00:24:44,0,0,0.25,0,0,98.25,1.25,0.25,0
2022-06-26 00:24:43,0,0,0.75,0.25,0,97.25,1,0.75,0
2022-06-26 00:24:42,0,0,0.7462687,0,0,97.01493,2.238806,0,0
2022-06-26 00:24:41,0,0,1.0025063,0.2506266,0,96.2406,2.255639,0.2506266,0
2022-06-26 00:24:40,0,0,1.2531328,0,0,95.2381,3.258145,0.2506266,0
2022-06-26 00:24:39,0,0,0.75,0.25,0,96.5,2.5,0,0
2022-06-26 00:24:38,0,0,0,0,0,98.75,1,0.25,0
2022-06-26 00:24:37,0,0,0.2493766,0.2493766,0,98.25436,0.9975062,0.2493766,0
2022-06-26 00:24:36,0,0,0.5025126,0,0,98.24121,1.2562814,0,0
2022-06-26 00:24:35,0,0,0.4962779,0.248139,0,97.02233,1.4888337,0.4962779,0.248139
2022-06-26 00:24:34,0,0,1.0050251,0,0,96.23116,2.512563,0.2512563,0
2022-06-26 00:24:33,0,0,1.25,0.25,0,94.75,3.25,0.5,0
2022-06-26 00:24:32,0,0,0.9975062,0.4987531,0,94.01496,4.239401,0.2493766,0
2022-06-26 00:24:31,0,0,0,0,0,98.75312,1.2468828,0,0
2022-06-26 00:24:30,0,0,0.2493766,0,0,98.75312,0.4987531,0.4987531,0
2022-06-26 00:24:29,0,0,0.2506266,0,0,97.49373,2.005013,0.2506266,0
2022-06-26 00:24:28,0,0,0.2518892,0,0,98.48866,1.2594458,0,0
2022-06-26 00:24:27,0,0,0.2487562,0,0,98.25871,1.2437811,0.2487562,0
2022-06-26 00:24:26,0,0,0.75,0.25,0,94.75,4,0.25,0
2022-06-26 00:24:25,0,0,1,0.25,0,93.75,4.75,0.25,0
2022-06-26 00:24:24,0,0,1.754386,0.5012531,0,94.23559,3.258145,0.2506266,0
2022-06-26 00:24:23,0,0,1.2468828,0.4987531,0,91.27182,6.483791,0.4987531,0
2022-06-26 00:24:22,0,0,1.2562814,0.2512563,0,93.21608,4.522613,0.7537688,0
2022-06-26 00:24:21,0,0,0.2487562,0,0,94.77612,4.726368,0.2487562,0
2022-06-26 00:24:20,0,0,0.25,0,0,94.75,4.5,0.5,0
2022-06-26 00:24:19,0,0,0.2493766,0.2493766,0,96.00998,3.241895,0,0
2022-06-26 00:24:18,0,0,0.7518797,0,0,91.72932,7.26817,0.2506266,0
2022-06-26 00:24:17,0,0,0.25,0,0,91.75,7.75,0.25,0
2022-06-26 00:24:16,0,0,0.5,0,0,91.5,7.25,0.25,0
2022-06-26 00:24:15,0,0,0.75,0.25,0,89.5,8.25,0.25,0
2022-06-26 00:24:14,0,0,0.2493766,0.2493766,0,93.51621,5.486284,0.2493766,0
2022-06-26 00:24:13,0,0,0,0,0,96,3.75,0.25,0
2022-06-26 00:24:12,0,0,0,0,0,97.48111,2.518892,0,0
2022-06-26 00:24:11,0,0,0.25,0,0,97.5,2.25,0,0
2022-06-26 00:24:10,0,0,0,0,0,96.5,3,0.5,0
2022-06-26 00:24:09,0,0,0,0,0,98.25436,1.4962594,0.2493766,0
2022-06-26 00:24:08,0,0,0.5012531,0,0,96.49123,2.756892,0.2506266,0
2022-06-26 00:24:07,0,0,0.25,0,0,98.5,1,0.25,0
2022-06-26 00:24:06,0,0,0.2493766,0.2493766,0,98.00499,1.2468828,0.2493766,0
2022-06-26 00:24:05,0,0,1.0025063,0,0,96.99248,1.754386,0.2506266,0
2022-06-26 00:24:04,0,0,0,0,0,98.50374,1.2468828,0.2493766,0
2022-06-26 00:24:03,0,0,0,0,0,99.49875,0.2506266,0.2506266,0
2022-06-26 00:24:02,0,0,0.5,0,0,97.75,1.5,0.25,0
2022-06-26 00:24:01,0,0,0.75,0.25,0,96.5,2.5,0,0
2022-06-26 00:24:00,0,0,0,0,0,99.00498,0.9950249,0,0
2022-06-26 00:23:59,0,0,1.2562814,0,0,96.23116,2.261307,0.2512563,0
2022-06-26 00:23:58,0,0,0.75,0.25,0,96.75,2,0.25,0
2022-06-26 00:23:57,0,0,0.2506266,0.2506266,0,98.24561,1.0025063,0.2506266,0
2022-06-26 00:23:56,0,0,0.4987531,0,0,97.75561,1.2468828,0.4987531,0
2022-06-26 00:23:55,0,0,0.75,0.25,0,96.5,2.25,0.25,0
2022-06-26 00:23:54,0,0,0.25,0,0,97.75,1.75,0.25,0
2022-06-26 00:23:53,0,0,0.5,0.25,0,97,2,0.25,0
2022-06-26 00:23:52,0,0,1,0,0,96.25,2.5,0.25,0
2022-06-26 00:23:51,0,0,1,0,0,95.75,3,0.25,0
2022-06-26 00:23:50,0,0,0.25,0,0,98.5,1,0.25,0
2022-06-26 00:23:49,0,0,0.5,0,0,97.75,1.25,0.5,0
2022-06-26 00:23:48,0,0,0.5,0,0,97.25,2,0.25,0
2022-06-26 00:23:47,0,0,0.5,0,0,97.5,1.75,0.25,0
2022-06-26 00:23:46,0,0,0.7518797,0.5012531,0,97.49373,1.2531328,0,0
2022-06-26 00:23:45,0,0,1.2437811,0,0,95.77114,2.736318,0.2487562,0
2022-06-26 00:23:44,0,0,0.75,0.25,0,96.5,2.5,0,0
2022-06-26 00:23:43,0,0,0,0,0,99.24623,0.5025126,0.2512563,0
2022-06-26 00:23:42,0,0,0.2493766,0,0,98.25436,1.2468828,0.2493766,0
2022-06-26 00:23:41,0,0,0.9975062,0.2493766,0,97.50623,0.7481297,0.4987531,0
2022-06-26 00:23:40,0,0,0.7462687,0,0,97.76119,1.4925373,0,0
2022-06-26 00:23:39,0,0,0.5037783,0,0,96.47355,2.770781,0.2518892,0
2022-06-26 00:23:38,0,0,0.7481297,0,0,96.50873,2.493766,0.2493766,0
2022-06-26 00:23:37,0,0,0.7518797,0.2506266,0,96.99248,1.5037594,0.5012531,0
2022-06-26 00:23:36,0,0,0.5,0,0,97.25,2,0.25,0
2022-06-26 00:23:35,0,0,0,0,0,98.75312,1.2468828,0,0
2022-06-26 00:23:34,0,0,0.5,0.25,0,97.25,1.75,0.25,0
2022-06-26 00:23:33,0,0,0.7518797,0,0,95.73935,3.258145,0.2506266,0
2022-06-26 00:23:32,0,0,0.75,0,0,97,2.25,0,0
2022-06-26 00:23:31,0,0,1,0,0,96,2.75,0.25,0
2022-06-26 00:23:30,0,0,0.75,0,0,96,2.75,0.25,0
2022-06-26 00:23:29,0,0,0.5,0.25,0,96.5,2.75,0,0
2022-06-26 00:23:28,0,0,0.5,0,0,98.25,0.75,0.5,0
2022-06-26 00:23:27,0,0,0,0,0,99.25,0.5,0.25,0
2022-06-26 00:23:26,0,0,0.25,0,0,98,1.25,0.5,0
2022-06-26 00:23:25,0,0,1.25,0.25,0,96.5,2,0,0
2022-06-26 00:23:24,0,0,0.9975062,0.2493766,0,95.01247,3.491272,0.2493766,0
2022-06-26 00:23:23,0,0,1.0025063,0.5012531,0,94.48622,3.759398,0.2506266,0
2022-06-26 00:23:22,0,0,1.745636,0.2493766,0,92.01995,5.486284,0.4987531,0
2022-06-26 00:23:21,0,0,0.5,0.5,0,93.5,5.25,0.25,0
2022-06-26 00:23:20,0,0,0.9975062,0,0,94.26434,4.488778,0.2493766,0
2022-06-26 00:23:19,0,0,0.5025126,0.2512563,0,93.96985,5.025126,0.2512563,0
2022-06-26 00:23:18,0,0,0,0,0,95.75,4,0.25,0
2022-06-26 00:23:17,0,0,0.2487562,0,0,93.78109,5.721393,0.2487562,0
2022-06-26 00:23:16,0,0,0.2518892,0,0,94.20655,5.289673,0.2518892,0
2022-06-26 00:23:15,0,0,0.7444169,0.248139,0,89.8263,8.436725,0.4962779,0
2022-06-26 00:23:14,0,0,0.7556675,0.2518892,0,91.43577,7.556675,0,0
2022-06-26 00:23:13,0,0,0.7462687,0,0,91.29353,7.711443,0.2487562,0
2022-06-26 00:23:12,0,0,0.25,0,0,94.25,5.25,0.25,0
2022-06-26 00:23:11,0,0,0,0.25,0,97.5,1.75,0.5,0
2022-06-26 00:23:10,0,0,0.25,0.25,0,95.5,4,0,0
2022-06-26 00:23:09,0,0,0,0,0,96.23116,3.517588,0.2512563,0
2022-06-26 00:23:08,0,0,0,0.2506266,0,96.74185,2.756892,0.2506266,0
2022-06-26 00:23:07,0,0,0.2493766,0,0,96.7581,2.992519,0,0
2022-06-26 00:23:06,0,0,0,0,0,98.5,1.25,0.25,0
2022-06-26 00:23:05,0,0,0.4987531,0,0,97.75561,1.4962594,0.2493766,0
2022-06-26 00:23:04,0,0,0.5012531,0,0,97.49373,1.754386,0.2506266,0
2022-06-26 00:23:03,0,0,0.4987531,0,0,97.50623,1.995012,0,0
2022-06-26 00:23:02,0,0,0.2506266,0.2506266,0,98.74687,0.7518797,0,0
2022-06-26 00:23:01,0,0,0.2493766,0,0,98.00499,1.4962594,0.2493766,0
2022-06-26 00:23:00,0,0,0.5,0.25,0,97.75,1.5,0,0
2022-06-26 00:22:59,0,0,0.2506266,0,0,98.99749,0.5012531,0.2506266,0
2022-06-26 00:22:58,0,0,0.9975062,0.2493766,0,95.01247,3.241895,0.4987531,0
2022-06-26 00:22:57,0,0,0.5012531,0,0,97.49373,1.754386,0.2506266,0
2022-06-26 00:22:56,0,0,0.7481297,0,0,97.00748,1.995012,0.2493766,0
2022-06-26 00:22:55,0,0,0.7518797,0.2506266,0,97.24311,1.754386,0,0
2022-06-26 00:22:54,0,0,0.5,0,0,98,1.25,0.25,0
2022-06-26 00:22:53,0,0,0,0.25,0,98.75,1,0,0
2022-06-26 00:22:52,0,0,0.5,0,0,96.75,2.25,0.5,0
2022-06-26 00:22:51,0,0,1,0,0,96.25,2.75,0,0
2022-06-26 00:22:50,0,0,0.75,0,0,97.75,1.5,0,0
2022-06-26 00:22:49,0,0,0.7481297,0.2493766,0,97.00748,1.745636,0.2493766,0
2022-06-26 00:22:48,0,0,0.75,0,0,96.5,2.5,0.25,0
2022-06-26 00:22:47,0,0,0.25,0.25,0,99,0.5,0,0
2022-06-26 00:22:46,0,0,0,0,0,99.24812,0.7518797,0,0
2022-06-26 00:22:45,0,0,1,0,0,96.75,2.25,0,0
2022-06-26 00:22:44,0,0,0.9950249,0.2487562,0,96.76617,1.741294,0.2487562,0
2022-06-26 00:22:43,0,0,0.2512563,0,0,98.74372,0.7537688,0.2512563,0
2022-06-26 00:22:42,0,0,1.2468828,0,0,96.50873,1.995012,0.2493766,0
2022-06-26 00:22:41,0,0,0.5012531,0.2506266,0,97.24311,1.754386,0.2506266,0
2022-06-26 00:22:40,0,0,0.25,0,0,99.25,0.5,0,0
2022-06-26 00:22:39,0,0,0.5,0,0,98.25,1,0.25,0
2022-06-26 00:22:38,0,0,0.7481297,0.2493766,0,97.25686,1.4962594,0.2493766,0
2022-06-26 00:22:37,0,0,0.75,0,0,97.25,2,0,0
2022-06-26 00:22:36,0,0,0.4987531,0,0,96.50873,2.244389,0.4987531,0
2022-06-26 00:22:35,0,0,1.2531328,0.2506266,0,96.2406,2.255639,0,0
2022-06-26 00:22:34,0,0,0.5012531,0,0,97.99499,1.2531328,0.2506266,0
2022-06-26 00:22:33,0,0,0,0,0,98.00499,1.745636,0.2493766,0
2022-06-26 00:22:32,0,0,0.5,0.25,0,97.5,1.5,0.25,0
2022-06-26 00:22:31,0,0,0.25,0.25,0,98,1.5,0,0
2022-06-26 00:22:30,0,0,0.7518797,0,0,97.49373,1.754386,0,0
2022-06-26 00:22:29,0,0,0.5,0.25,0,95.25,3.75,0.25,0
2022-06-26 00:22:28,0,0,1.2437811,0.2487562,0,94.27861,3.731343,0.4975124,0
2022-06-26 00:22:27,0,0,0.7518797,0,0,96.99248,2.255639,0,0
2022-06-26 00:22:26,0,0,0.2506266,0.2506266,0,97.49373,1.754386,0.2506266,0
2022-06-26 00:22:25,0,0,1.2468828,0,0,97.00748,1.4962594,0.2493766,0
2022-06-26 00:22:24,0,0,0.2512563,0,0,98.49246,1.2562814,0,0
2022-06-26 00:22:23,0,0,0.4987531,0,0,97.00748,2.244389,0.2493766,0
2022-06-26 00:22:22,0,0,0.7462687,0.2487562,0,97.01493,1.741294,0.2487562,0
2022-06-26 00:22:21,0,0,0.7518797,0.2506266,0,95.98997,2.756892,0.2506266,0
2022-06-26 00:22:20,0,0,1.2531328,0,0,93.98496,4.761905,0,0
2022-06-26 00:22:19,0,0,1.5,0,0,92,6.25,0.25,0
2022-06-26 00:22:18,0,0,1.2437811,0.2487562,0,92.53731,5.472637,0.4975124,0
2022-06-26 00:22:17,0,0,0.7518797,0,0,93.98496,5.012531,0.2506266,0
2022-06-26 00:22:16,0,0,1,0,0,90,8.5,0.5,0
2022-06-26 00:22:15,0,0,0.2512563,0,0,92.96482,6.532663,0.2512563,0
2022-06-26 00:22:14,0,0,0.4962779,0,0,92.80397,5.955335,0.4962779,0
2022-06-26 00:22:13,0,0,0.2506266,0.2506266,0,90.22556,8.521303,0.5012531,0
2022-06-26 00:22:12,0,0,0,0,0,92.5187,6.982544,0.4987531,0
2022-06-26 00:22:11,0,0,0.2518892,0,0,92.9471,6.04534,0,0
2022-06-26 00:22:10,0,0,0.2493766,0,0,91.27182,8.229426,0,0
2022-06-26 00:22:09,0,0,0,0,0,95.25,4.5,0.25,0
2022-06-26 00:22:08,0,0,0.2506266,0.2506266,0,96.2406,3.007519,0.2506266,0
2022-06-26 00:22:07,0,0,0,0,0,99.24812,0.7518797,0,0
2022-06-26 00:22:06,0,0,0.2487562,0.2487562,0,98.25871,0.7462687,0.4975124,0
2022-06-26 00:22:05,0,0,0,0,0,98.99497,1.0050251,0,0
2022-06-26 00:22:04,0,0,0.2506266,0,0,98.99749,0.5012531,0.2506266,0
2022-06-26 00:22:03,0,0,0.4975124,0.2487562,0,97.26368,1.741294,0.2487562,0
2022-06-26 00:22:02,0,0,0.25,0,0,98.5,1,0.25,0
2022-06-26 00:22:01,0,0,0.5012531,0,0,97.99499,1.2531328,0.2506266,0
2022-06-26 00:22:00,0,0,0.7444169,0.248139,0,96.52605,2.233251,0.248139,0
2022-06-26 00:21:59,0,0,0.7556675,0,0,97.733,1.2594458,0.2518892,0
2022-06-26 00:21:58,0,0,0.25,0,0,97.75,1.5,0.5,0
2022-06-26 00:21:57,0,0,0.4987531,0,0,98.00499,1.2468828,0.2493766,0
2022-06-26 00:21:56,0,0,0,0.2506266,0,98.99749,0.5012531,0.2506266,0
2022-06-26 00:21:55,0,0,0.4975124,0,0,97.01493,1.99005,0.4975124,0
2022-06-26 00:21:54,0,0,1.0050251,0.2512563,0,96.23116,2.261307,0.2512563,0
2022-06-26 00:21:53,0,0,1.4962594,0.2493766,0,94.76309,3.241895,0.2493766,0
2022-06-26 00:21:52,0,0,0.2506266,0,0,98.49624,1.0025063,0.2506266,0
2022-06-26 00:21:51,0,0,0.25,0,0,98.25,1.25,0.25,0
2022-06-26 00:21:50,0,0,0.7481297,0,0,97.25686,1.745636,0.2493766,0
2022-06-26 00:21:49,0,0,0.2493766,0,0,98.00499,0.9975062,0.4987531,0
2022-06-26 00:21:48,0,0,0.5025126,0,0,96.73367,2.261307,0.5025126,0
2022-06-26 00:21:47,0,0,1.2406948,0.4962779,0,96.02978,2.233251,0,0
2022-06-26 00:21:46,0,0,1.2562814,0,0,95.9799,2.512563,0.2512563,0
2022-06-26 00:21:45,0,0,0.2506266,0,0,98.49624,0.7518797,0.5012531,0
2022-06-26 00:21:44,0,0,0.4975124,0.2487562,0,98.25871,0.9950249,0,0
2022-06-26 00:21:43,0,0,0.5012531,0.2506266,0,96.49123,2.506266,0.2506266,0
2022-06-26 00:21:42,0,0,0.5,0,0,97.75,1.75,0,0
2022-06-26 00:21:41,0,0,0.75,0,0,97.5,1.5,0.25,0
2022-06-26 00:21:40,0,0,0.7481297,0.2493766,0,96.50873,2.244389,0.2493766,0
2022-06-26 00:21:39,0,0,1.0025063,0.2506266,0,96.49123,2.005013,0.2506266,0
2022-06-26 00:21:38,0,0,0.5,0,0,97.5,1.5,0.5,0
2022-06-26 00:21:37,0,0,0.25,0,0,98.5,1,0.25,0
2022-06-26 00:21:36,0,0,0.4975124,0.2487562,0,96.0199,2.736318,0.4975124,0
2022-06-26 00:21:35,0,0,0.7537688,0,0,97.73869,1.5075377,0,0
2022-06-26 00:21:34,0,0,0.75,0,0,97.75,1.25,0.25,0
2022-06-26 00:21:33,0,0,0.4975124,0.2487562,0,97.01493,1.99005,0.2487562,0
2022-06-26 00:21:32,0,0,0.7556675,0,0,96.22166,2.770781,0.2518892,0
2022-06-26 00:21:31,0,0,0.75,0.25,0,96.75,2.25,0,0
2022-06-26 00:21:30,0,0,0.2493766,0,0,96.50873,2.743142,0.4987531,0
2022-06-26 00:21:29,0,0,0.5012531,0,0,97.74436,1.754386,0,0
2022-06-26 00:21:28,0,0,0.4987531,0,0,98.25436,0.9975062,0.2493766,0
2022-06-26 00:21:27,0,0,0.4987531,0,0,96.25935,2.992519,0.2493766,0
2022-06-26 00:21:26,0,0,0.7537688,0,0,96.23116,2.763819,0.2512563,0
2022-06-26 00:21:25,0,0,0.9950249,0.2487562,0,96.26866,1.99005,0.4975124,0
2022-06-26 00:21:24,0,0,1.2468828,0.2493766,0,95.01247,3.241895,0.2493766,0
2022-06-26 00:21:23,0,0,0.5012531,0,0,97.49373,1.5037594,0.5012531,0
2022-06-26 00:21:22,0,0,0.2506266,0,0,97.24311,2.255639,0.2506266,0
2022-06-26 00:21:21,0,0,0.25,0.25,0,96.5,2.75,0.25,0
2022-06-26 00:21:20,0,0,0.5,0,0,96.5,2.75,0.25,0
2022-06-26 00:21:19,0,0,0.75,0.25,0,96,2.75,0.25,0
2022-06-26 00:21:18,0,0,0.9975062,0,0,94.76309,3.990025,0.2493766,0
2022-06-26 00:21:17,0,0,0.75,0.25,0,92,6.5,0.5,0
2022-06-26 00:21:16,0,0,1.0025063,0,0,94.98747,3.759398,0.2506266,0
2022-06-26 00:21:15,0,0,1.0025063,0.2506266,0,91.4787,6.766917,0.5012531,0
2022-06-26 00:21:14,0,0,0.9975062,0,0,93.76559,4.987531,0.2493766,0
2022-06-26 00:21:13,0,0,0.5012531,0,0,92.23058,6.516291,0.7518797,0
2022-06-26 00:21:12,0,0,0.2493766,0.2493766,0,91.77057,7.481297,0.2493766,0
2022-06-26 00:21:11,0,0,0.2506266,0.2506266,0,90.97744,8.270677,0.2506266,0
2022-06-26 00:21:10,0,0,0,0,0,94,5.75,0.25,0
2022-06-26 00:21:09,0,0,0,0,0,93.23308,6.516291,0.2506266,0
2022-06-26 00:21:08,0,0,0.248139,0.248139,0,91.56328,7.444169,0.248139,0
2022-06-26 00:21:07,0,0,0,0.2512563,0,85.67839,7.035176,0.2512563,0
2022-06-26 00:21:06,0,0,0.5025126,0.2512563,0,96.73367,2.261307,0.2512563,0
2022-06-26 00:21:05,0,0,0,0,0,98.5,1.25,0.25,0
2022-06-26 00:21:04,0,0,0.2493766,0,0,98.25436,0.4987531,0.7481297,0
2022-06-26 00:21:03,0,0,0,0.2493766,0,98.50374,0.9975062,0.2493766,0
2022-06-26 00:21:02,0,0,0,0,0,98.75,1,0.25,0
2022-06-26 00:21:01,0,0,0.5,0,0,97,2,0.5,0
2022-06-26 00:21:00,0,0,1.0025063,0.5012531,0,95.73935,2.756892,0,0
2022-06-26 00:20:59,0,0,0,0,0,98.5,1.25,0.25,0
2022-06-26 00:20:58,0,0,0.4987531,0,0,98.50374,0.7481297,0.2493766,0
2022-06-26 00:20:57,0,0,0.9975062,0,0,96.00998,2.743142,0.2493766,0
2022-06-26 00:20:56,0,0,0.2512563,0.2512563,0,97.98995,1.5075377,0,0
2022-06-26 00:20:55,0,0,0.2487562,0.2487562,0,97.76119,1.2437811,0.4975124,0
2022-06-26 00:20:54,0,0,1.0025063,0.5012531,0,96.49123,1.754386,0.2506266,0
2022-06-26 00:20:53,0,0,1.0025063,0,0,96.49123,2.255639,0.2506266,0
2022-06-26 00:20:52,0,0,0.2506266,0,0,97.74436,1.754386,0.2506266,0
2022-06-26 00:20:51,0,0,0.7481297,0.2493766,0,97.00748,1.745636,0.2493766,0
2022-06-26 00:20:50,0,0,1,0.25,0,96.5,2,0.25,0
2022-06-26 00:20:49,0,0,0,0,0,98.74687,1.0025063,0.2506266,0
2022-06-26 00:20:48,0,0,0.25,0,0,98.75,0.75,0.25,0
2022-06-26 00:20:47,0,0,0.7444169,0.4962779,0,95.78164,2.48139,0.4962779,0
2022-06-26 00:20:46,0,0,1,0,0,96,2.5,0.5,0
2022-06-26 00:20:45,0,0,0.5037783,0,0,97.98489,1.511335,0,0
2022-06-26 00:20:44,0,0,1.2406948,0.4962779,0,94.78908,3.225806,0.248139,0
2022-06-26 00:20:43,0,0,0.5037783,0,0,98.48866,0.7556675,0.2518892,0
2022-06-26 00:20:42,0,0,0.2487562,0,0,98.75622,0.7462687,0.2487562,0
2022-06-26 00:20:41,0,0,0,0,0,99.24812,0.5012531,0.2506266,0
2022-06-26 00:20:40,0,0,0.5012531,0,0,96.74185,2.506266,0.2506266,0
2022-06-26 00:20:39,0,0,1.4962594,0.2493766,0,96.7581,1.2468828,0.2493766,0
2022-06-26 00:20:38,0,0,0.25,0,0,98.25,1,0.5,0
2022-06-26 00:20:37,0,0,1.75,0,0,94.75,3.5,0,0
2022-06-26 00:20:36,0,0,0.2506266,0.2506266,0,98.24561,1.2531328,0,0
2022-06-26 00:20:35,0,0,0,0,0,99.00249,0.7481297,0.2493766,0
2022-06-26 00:20:34,0,0,0,0,0,99,1,0,0
2022-06-26 00:20:33,0,0,0.5012531,0.2506266,0,97.74436,1.0025063,0.5012531,0
2022-06-26 00:20:32,0,0,1.2437811,0.2487562,0,96.26866,1.99005,0.2487562,0
2022-06-26 00:20:31,0,0,1.0025063,0.5012531,0,95.48872,2.756892,0.2506266,0
2022-06-26 00:20:30,0,0,1.25,0.25,0,95.25,3.25,0,0
2022-06-26 00:20:29,0,0,0.2493766,0,0,98.25436,1.2468828,0.2493766,0
2022-06-26 00:20:28,0,0,0,0.2506266,0,98.74687,1.0025063,0,0
2022-06-26 00:20:27,0,0,0,0.25,0,99,0.5,0.25,0
2022-06-26 00:20:26,0,0,0.2493766,0,0,98.50374,0.9975062,0.2493766,0
2022-06-26 00:20:25,0,0,0.7481297,0,0,96.50873,2.493766,0.2493766,0
2022-06-26 00:20:24,0,0,1.2562814,0.2512563,0,95.22613,3.266332,0,0
2022-06-26 00:20:23,0,0,1.2531328,0.2506266,0,93.23308,5.012531,0.2506266,0
2022-06-26 00:20:22,0,0,1,0.25,0,96,2.5,0.25,0
2022-06-26 00:20:21,0,0,0.2493766,0,0,98.00499,1.745636,0,0
2022-06-26 00:20:20,0,0,0,0,0,99.24812,0.5012531,0.2506266,0
2022-06-26 00:20:19,0,0,0,0,0,99.25187,0.4987531,0.2493766,0
2022-06-26 00:20:18,0,0,0,0.2506266,0,97.99499,1.5037594,0.2506266,0
2022-06-26 00:20:17,0,0,0.7481297,0,0,96.50873,2.743142,0,0
2022-06-26 00:20:16,0,0,0.9950249,0.2487562,0,95.52239,2.736318,0.4975124,0
2022-06-26 00:20:15,0,0,1.5,0.25,0,91.5,6.5,0.25,0
2022-06-26 00:20:14,0,0,1.754386,0.2506266,0,90.47619,7.26817,0.2506266,0
2022-06-26 00:20:13,0,0,1.995012,0.4987531,0,89.77556,7.23192,0.4987531,0
2022-06-26 00:20:12,0,0,0.5037783,0.2518892,0,88.4131,10.831234,0,0
2022-06-26 00:20:11,0,0,0.25,0,0,95.5,4.25,0,0
2022-06-26 00:20:10,0,0,0,0,0,95.25,4.5,0.25,0
2022-06-26 00:20:09,0,0,0,0,0,94.02985,5.223881,0.7462687,0
2022-06-26 00:20:08,0,0,0,0,0,91.45729,8.040201,0.2512563,0
2022-06-26 00:20:07,0,0,0,0,0,91.5,8.5,0,0
2022-06-26 00:20:06,0,0,0.25,0.25,0,73.75,12.5,0.5,0
2022-06-26 00:20:05,0,0,0,0,0,94.72362,4.773869,0.2512563,0
2022-06-26 00:20:04,0,0,0.25,0,0,98.5,1.25,0,0
2022-06-26 00:20:03,0,0,0,0.2493766,0,98.50374,0.7481297,0.2493766,0
2022-06-26 00:20:02,0,0,0.25,0,0,98.25,1.25,0.25,0
2022-06-26 00:20:01,0,0,0,0,0,99.25187,0.2493766,0.4987531,0
2022-06-26 00:20:00,0,0,0,0,0,98.99497,0.7537688,0.2512563,0
2022-06-26 00:19:59,0,0,0,0,0,98.25871,1.2437811,0.4975124,0
2022-06-26 00:19:58,0,0,0,0,0,98.99497,0.7537688,0.2512563,0
2022-06-26 00:19:57,0,0,0.9975062,0.2493766,0,96.7581,1.745636,0.2493766,0
2022-06-26 00:19:56,0,0,0.9975062,0,0,95.01247,3.740648,0.2493766,0
2022-06-26 00:19:55,0,0,0.7537688,0.2512563,0,96.98492,2.01005,0,0
2022-06-26 00:19:54,0,0,0,0,0,98.75312,0.9975062,0.2493766,0
2022-06-26 00:19:53,0,0,0,0,0,98.5,1.25,0.25,0
2022-06-26 00:19:52,0,0,0.2493766,0,0,99.00249,0.4987531,0.2493766,0
2022-06-26 00:19:51,0,0,0.5,0,0,98.25,0.75,0.5,0
2022-06-26 00:19:50,0,0,1.2562814,0.5025126,0,95.22613,3.015075,0,0
2022-06-26 00:19:49,0,0,1.2468828,0.4987531,0,95.26185,2.493766,0.4987531,0
2022-06-26 00:19:48,0,0,0.7481297,0,0,96.7581,2.244389,0.2493766,0
2022-06-26 00:19:47,0,0,0.2506266,0.2506266,0,97.49373,1.754386,0.2506266,0
2022-06-26 00:19:46,0,0,0,0,0,98.75622,0.7462687,0.4975124,0
2022-06-26 00:19:45,0,0,0,0,0,99.49749,0.5025126,0,0
2022-06-26 00:19:44,0,0,0.5,0,0,97.5,1.5,0.5,0
2022-06-26 00:19:43,0,0,1.2531328,0.2506266,0,95.73935,2.506266,0.2506266,0
2022-06-26 00:19:42,0,0,1.2437811,0.7462687,0,95.27363,2.487562,0.2487562,0
2022-06-26 00:19:41,0,0,1.2562814,0.2512563,0,96.73367,1.758794,0,0
2022-06-26 00:19:40,0,0,0.2493766,0,0,98.00499,1.2468828,0.4987531,0
2022-06-26 00:19:39,0,0,0.2487562,0,0,99.25373,0.4975124,0,0
2022-06-26 00:19:38,0,0,0,0,0,98.49624,1.0025063,0.5012531,0
2022-06-26 00:19:37,0,0,0.5050505,0,0,98.23232,1.2626263,0,0
2022-06-26 00:19:36,0,0,1.2437811,0.4975124,0,95.77114,1.99005,0.4975124,0
2022-06-26 00:19:35,0,0,1.4962594,0.4987531,0,94.51372,3.491272,0,0
2022-06-26 00:19:34,0,0,1,0.25,0,96.25,2.25,0.25,0
2022-06-26 00:19:33,0,0,0,0,0,98.74687,1.2531328,0,0
2022-06-26 00:19:32,0,0,0,0,0,98.75622,0.9950249,0.2487562,0
2022-06-26 00:19:31,0,0,0,0,0,98.99244,0.7556675,0.2518892,0
2022-06-26 00:19:30,0,0,0.7481297,0,0,97.25686,1.745636,0.2493766,0
2022-06-26 00:19:29,0,0,1.2468828,0.4987531,0,96.00998,1.995012,0.2493766,0
2022-06-26 00:19:28,0,0,1.0050251,0,0,95.72864,3.015075,0.2512563,0
2022-06-26 00:19:27,0,0,1,0,0,97.5,1.25,0.25,0
2022-06-26 00:19:26,0,0,0.2487562,0.2487562,0,96.76617,2.736318,0,0
2022-06-26 00:19:25,0,0,1.2531328,0,0,97.74436,0.7518797,0.2506266,0
2022-06-26 00:19:24,0,0,0.2506266,0,0,98.99749,0.5012531,0.2506266,0
2022-06-26 00:19:23,0,0,0.25,0,0,97.5,1.75,0.5,0
2022-06-26 00:19:22,0,0,0.75,0,0,97.25,1.75,0.25,0
2022-06-26 00:19:21,0,0,1.4962594,0.4987531,0,94.01496,3.990025,0,0
2022-06-26 00:19:20,0,0,1.0025063,0,0,95.73935,3.007519,0.2506266,0
2022-06-26 00:19:19,0,0,0.7481297,0.4987531,0,95.26185,3.241895,0.2493766,0
2022-06-26 00:19:18,0,0,0,0,0,98.75312,0.9975062,0.2493766,0
2022-06-26 00:19:17,0,0,0,0,0,99,1,0,0
2022-06-26 00:19:16,0,0,0,0,0,99.49749,0.5025126,0,0
2022-06-26 00:19:15,0,0,0.25,0,0,96.5,3,0.25,0
2022-06-26 00:19:14,0,0,1.2468828,0.2493766,0,94.51372,3.990025,0,0
2022-06-26 00:19:13,0,0,1.2437811,0,0,94.02985,4.477612,0.2487562,0
2022-06-26 00:19:12,0,0,1.0050251,0,0,92.46231,6.532663,0,0
2022-06-26 00:19:11,0,0,1.741294,0.2487562,0,89.801,7.711443,0.2487562,0
2022-06-26 00:19:10,0,0,1.0050251,0.2512563,0,92.21106,6.281407,0.2512563,0
2022-06-26 00:19:09,0,0,0.4987531,0,0,90.77307,8.478803,0.2493766,0
2022-06-26 00:19:08,0,0,0.5,0,0,93.5,5.75,0.25,0
2022-06-26 00:19:07,0,0,0,0,0,95.45455,4.545455,0,0
2022-06-26 00:19:06,0,0,0,0.248139,0,93.79653,5.707196,0.248139,0
2022-06-26 00:19:05,0,0,0,0,0,90.75,8.5,0.25,0
2022-06-26 00:19:04,0,0,0,0,0,88.5,10.25,0.25,0
2022-06-26 00:19:03,0,0,0.2512563,0.2512563,0,87.43719,8.542714,0,0
2022-06-26 00:19:02,0,0,0.25,0.75,0,90.25,4,0.25,0
2022-06-26 00:19:01,0,0,0.2506266,0,0,98.24561,1.5037594,0,0
2022-06-26 00:19:00,0,0,0,0,0,98.75,1,0.25,0
2022-06-26 00:18:59,0,0,0,0,0,98.74687,1.2531328,0,0
2022-06-26 00:18:58,0,0,0.2493766,0,0,99.25187,0.2493766,0.2493766,0
2022-06-26 00:18:57,0,0,0,0,0,98.75,1.25,0,0
2022-06-26 00:18:56,0,0,0,0,0,98.5,1.25,0.25,0
2022-06-26 00:18:55,0,0,0.4987531,0.4987531,0,97.00748,1.745636,0.2493766,0
2022-06-26 00:18:54,0,0,1.0025063,0,0,97.24311,1.754386,0,0
2022-06-26 00:18:53,0,0,0.7481297,0,0,97.25686,1.745636,0.2493766,0
2022-06-26 00:18:52,0,0,0.75,0,0,97.25,1.75,0.25,0
2022-06-26 00:18:51,0,0,0,0,0,99.5,0.5,0,0
2022-06-26 00:18:50,0,0,0,0,0,98.99497,1.0050251,0,0
2022-06-26 00:18:49,0,0,0.2493766,0,0,98.50374,0.9975062,0.2493766,0
2022-06-26 00:18:48,0,0,1.25,0.5,0,96,2,0.25,0
2022-06-26 00:18:47,0,0,1.2468828,0.4987531,0,94.76309,3.491272,0,0
2022-06-26 00:18:46,0,0,0.75,0.25,0,96.75,2,0.25,0
2022-06-26 00:18:45,0,0,0.2506266,0,0,99.24812,0.5012531,0,0
2022-06-26 00:18:44,0,0,0.2493766,0,0,98.75312,0.9975062,0,0
2022-06-26 00:18:43,0,0,0,0,0,99.24812,0.5012531,0.2506266,0
2022-06-26 00:18:42,0,0,0.4975124,0,0,98.50746,0.7462687,0.2487562,0
2022-06-26 00:18:41,0,0,1.0025063,0.5012531,0,95.2381,3.007519,0.2506266,0
2022-06-26 00:18:40,0,0,1.75,0,0,95.25,3,0,0
2022-06-26 00:18:39,0,0,0.75,0,0,97.5,1.5,0.25,0
2022-06-26 00:18:38,0,0,0,0,0,99.25,0.5,0.25,0
2022-06-26 00:18:37,0,0,0.25,0,0,98.5,1.25,0,0
2022-06-26 00:18:36,0,0,0,0.2506266,0,98.49624,1.0025063,0.2506266,0
2022-06-26 00:18:35,0,0,0.5,0,0,98,1.25,0.25,0
2022-06-26 00:18:34,0,0,1.2437811,0,0,91.54229,6.965174,0.2487562,0
2022-06-26 00:18:33,0,0,1.2594458,0.2518892,0,95.96977,2.267003,0.2518892,0
2022-06-26 00:18:32,0,0,1.2406948,0.4962779,0,96.27792,1.985112,0,0
2022-06-26 00:18:31,0,0,0,0,0,98.74687,1.0025063,0.2506266,0
2022-06-26 00:18:30,0,0,0,0,0,99,0.75,0.25,0
2022-06-26 00:18:29,0,0,0.25,0,0,98.75,1,0,0
2022-06-26 00:18:28,0,0,0.7481297,0.2493766,0,96.50873,2.244389,0.2493766,0
2022-06-26 00:18:27,0,0,1.25,0,0,96.25,2.25,0.25,0
2022-06-26 00:18:26,0,0,1.0025063,0.2506266,0,95.73935,3.007519,0,0
2022-06-26 00:18:25,0,0,1.5,0,0,95.5,2.75,0.25,0
2022-06-26 00:18:24,0,0,0.2493766,0,0,98.75312,0.7481297,0.2493766,0
2022-06-26 00:18:23,0,0,0,0,0,98.74687,1.2531328,0,0
2022-06-26 00:18:22,0,0,0,0,0,99,0.5,0.5,0
2022-06-26 00:18:21,0,0,0.5025126,0,0,96.98492,2.512563,0,0
2022-06-26 00:18:20,0,0,0.9975062,0.2493766,0,95.51122,2.992519,0.2493766,0
2022-06-26 00:18:19,0,0,1.0025063,0.2506266,0,93.23308,5.263158,0.2506266,0
2022-06-26 00:18:18,0,0,1.2468828,0.2493766,0,95.7606,2.493766,0.2493766,0
2022-06-26 00:18:17,0,0,0.2493766,0,0,97.25686,2.244389,0.2493766,0
2022-06-26 00:18:16,0,0,0,0,0,98.74687,1.0025063,0.2506266,0
2022-06-26 00:18:15,0,0,0.2493766,0,0,98.25436,1.4962594,0,0
2022-06-26 00:18:14,0,0,0,0,0,99.25187,0.4987531,0.2493766,0
2022-06-26 00:18:13,0,0,0.2506266,0.5012531,0,96.2406,2.756892,0.2506266,0
2022-06-26 00:18:12,0,0,1,0.25,0,95,3.5,0.25,0
2022-06-26 00:18:11,0,0,1.745636,0,0,93.26683,4.738155,0.2493766,0
2022-06-26 00:18:10,0,0,1.754386,0.2506266,0,90.47619,7.26817,0.2506266,0
2022-06-26 00:18:09,0,0,1.25,0,0,91.25,7.5,0,0
2022-06-26 00:18:08,0,0,1.0025063,0.2506266,0,89.72431,8.77193,0.2506266,0
2022-06-26 00:18:07,0,0,0.5,0,0,93.75,5.5,0.25,0
2022-06-26 00:18:06,0,0,0.5,0,0,92.75,6.25,0.5,0
2022-06-26 00:18:05,0,0,0,0.2493766,0,93.26683,6.483791,0,0
2022-06-26 00:18:04,0,0,0,0,0,93.01746,6.483791,0.4987531,0
2022-06-26 00:18:03,0,0,0,0,0,92.75,7,0.25,0
2022-06-26 00:18:02,0,0,0.2525253,0,0,85.10101,10.353535,0.2525253,0
2022-06-26 00:18:01,0,0,0,0.5,0,83.25,7.25,0.25,0
2022-06-26 00:18:00,0,0,0.2487562,0,0,96.26866,3.233831,0.2487562,0
2022-06-26 00:17:59,0,0,0,0,0,97.98489,2.015113,0,0
2022-06-26 00:17:58,0,0,0.25,0,0,98.75,0.5,0.5,0
2022-06-26 00:17:57,0,0,0.2493766,0,0,97.75561,1.4962594,0.4987531,0
2022-06-26 00:17:56,0,0,0,0.25,0,98.25,1.25,0.25,0
2022-06-26 00:17:55,0,0,0.2493766,0,0,99.00249,0.4987531,0.2493766,0
2022-06-26 00:17:54,0,0,0.2506266,0,0,98.49624,1.0025063,0.2506266,0
2022-06-26 00:17:53,0,0,0.25,0.25,0,97.25,2,0.25,0
2022-06-26 00:17:52,0,0,1,0,0,96.75,1.75,0.5,0
2022-06-26 00:17:51,0,0,1.25,0.25,0,96,2.25,0.25,0
2022-06-26 00:17:50,0,0,0.4987531,0,0,96.7581,2.493766,0.2493766,0
2022-06-26 00:17:49,0,0,0,0.2506266,0,99.24812,0.2506266,0.2506266,0
2022-06-26 00:17:48,0,0,0.25,0,0,97.5,2,0.25,0
2022-06-26 00:17:47,0,0,0.5012531,0,0,97.49373,2.005013,0,0
2022-06-26 00:17:46,0,0,0.4962779,0.248139,0,96.52605,2.233251,0.4962779,0
2022-06-26 00:17:45,0,0,1.5075377,0,0,95.72864,2.763819,0,0
2022-06-26 00:17:44,0,0,0.7518797,0.5012531,0,96.2406,2.506266,0,0
2022-06-26 00:17:43,0,0,0.4987531,0,0,98.25436,0.7481297,0.4987531,0
2022-06-26 00:17:42,0,0,0,0,0,99.5,0.5,0,0
2022-06-26 00:17:41,0,0,0,0.2493766,0,98.50374,0.9975062,0.2493766,0
2022-06-26 00:17:40,0,0,0.2506266,0,0,98.49624,1.0025063,0.2506266,0
2022-06-26 00:17:39,0,0,1.2468828,0.2493766,0,95.7606,2.493766,0.2493766,0
2022-06-26 00:17:38,0,0,1.2531328,0.2506266,0,95.2381,3.007519,0.2506266,0
2022-06-26 00:17:37,0,0,1.2531328,0.2506266,0,96.2406,2.255639,0,0
2022-06-26 00:17:36,0,0,0.4987531,0,0,98.00499,1.2468828,0.2493766,0
2022-06-26 00:17:35,0,0,0,0,0,98.00499,1.2468828,0.7481297,0
2022-06-26 00:17:34,0,0,0,0,0,98.99497,1.0050251,0,0
2022-06-26 00:17:33,0,0,0.2487562,0.2487562,0,98.50746,0.4975124,0.4975124,0
2022-06-26 00:17:32,0,0,1.0050251,0,0,97.23618,1.758794,0,0
2022-06-26 00:17:31,0,0,1.25,0,0,96,2.25,0.5,0
2022-06-26 00:17:30,0,0,1.2468828,0.2493766,0,95.51122,2.992519,0,0
2022-06-26 00:17:29,0,0,0.2487562,0,0,98.50746,0.9950249,0.2487562,0
2022-06-26 00:17:28,0,0,0,0,0,98.75,1,0.25,0
2022-06-26 00:17:27,0,0,0,0,0,99.49749,0.5025126,0,0
2022-06-26 00:17:26,0,0,0.25,0,0,98.5,0.75,0.5,0
2022-06-26 00:17:25,0,0,1.745636,0.2493766,0,95.51122,2.244389,0.2493766,0
2022-06-26 00:17:24,0,0,1.745636,0.9975062,0,92.01995,4.987531,0.2493766,0
2022-06-26 00:17:23,0,0,1.2594458,0,0,95.96977,2.770781,0,0
2022-06-26 00:17:22,0,0,0.4987531,0,0,97.25686,1.995012,0.2493766,0
2022-06-26 00:17:21,0,0,0.75,0.25,0,98.5,0.5,0,0
2022-06-26 00:17:20,0,0,0,0,0,99.25,0.5,0.25,0
2022-06-26 00:17:19,0,0,0,0,0,98.74687,1.0025063,0.2506266,0
2022-06-26 00:17:18,0,0,0.4987531,0.2493766,0,96.50873,2.493766,0.2493766,0
2022-06-26 00:17:17,0,0,1.0025063,0.5012531,0,93.98496,4.010025,0.5012531,0
2022-06-26 00:17:16,0,0,1.25,0,0,94.5,4,0.25,0
2022-06-26 00:17:15,0,0,0.7462687,0.2487562,0,96.0199,2.736318,0.2487562,0
2022-06-26 00:17:14,0,0,0.25,0,0,97.25,2.25,0.25,0
2022-06-26 00:17:13,0,0,0.2506266,0.2506266,0,98.24561,1.2531328,0,0
2022-06-26 00:17:12,0,0,0,0,0,98.99749,1.0025063,0,0
2022-06-26 00:17:11,0,0,0,0,0,99,0.75,0.25,0
2022-06-26 00:17:10,0,0,0.4975124,0,0,97.01493,2.238806,0.2487562,0
2022-06-26 00:17:09,0,0,0.7537688,0.5025126,0,94.47236,4.271357,0,0
2022-06-26 00:17:08,0,0,1.4925373,0.2487562,0,93.03483,4.726368,0.4975124,0
2022-06-26 00:17:07,0,0,1.758794,0.5025126,0,90.70352,7.035176,0,0
2022-06-26 00:17:06,0,0,0.9950249,0.2487562,0,89.55224,8.706468,0.4975124,0
2022-06-26 00:17:05,0,0,1.2468828,0,0,88.77805,9.476309,0.2493766,0
2022-06-26 00:17:04,0,0,0.25,0.5,0,95.25,4,0,0
2022-06-26 00:17:03,0,0,0,0,0,94.23559,5.513784,0.2506266,0
2022-06-26 00:17:02,0,0,0.2493766,0,0,93.26683,5.985037,0.4987531,0
2022-06-26 00:17:01,0,0,0,0.25,0,95.75,3.75,0.25,0
2022-06-26 00:17:00,0,0,0.25,0,0,91.75,7.75,0,0
2022-06-26 00:16:59,0,0,0,0,0,82.5,12.25,0.25,0
2022-06-26 00:16:58,0,0,0,0,0,84.05063,7.594937,0.5063291,0
2022-06-26 00:16:57,0,0,0.25,0,0,96.25,3.5,0,0
2022-06-26 00:16:56,0,0,0,0,0,99.00249,0.7481297,0.2493766,0
2022-06-26 00:16:55,0,0,0,0,0,98.50374,0.9975062,0.2493766,0
2022-06-26 00:16:54,0,0,0,0,0,98.24121,1.758794,0,0
2022-06-26 00:16:53,0,0,0.2493766,0,0,98.75312,0.7481297,0.2493766,0
2022-06-26 00:16:52,0,0,0,0.248139,0,99.00744,0.4962779,0.248139,0
2022-06-26 00:16:51,0,0,0.2518892,0,0,98.74055,1.0075567,0,0
2022-06-26 00:16:50,0,0,0.7462687,0.2487562,0,97.26368,1.4925373,0.2487562,0
2022-06-26 00:16:49,0,0,0.5012531,0,0,97.24311,2.005013,0.2506266,0
2022-06-26 00:16:48,0,0,1,0.25,0,96.5,2,0.25,0
2022-06-26 00:16:47,0,0,0.2506266,0,0,98.24561,1.2531328,0.2506266,0
2022-06-26 00:16:46,0,0,0,0,0,99.00249,0.7481297,0.2493766,0
2022-06-26 00:16:45,0,0,0.4987531,0.2493766,0,98.00499,1.2468828,0,0
2022-06-26 00:16:44,0,0,0.5037783,0,0,96.97733,2.518892,0,0
2022-06-26 00:16:43,0,0,0.9950249,0.2487562,0,96.51741,1.99005,0.2487562,0
2022-06-26 00:16:42,0,0,1.0025063,0,0,96.74185,2.255639,0,0
2022-06-26 00:16:41,0,0,0.75,0,0,95.5,3.5,0.25,0
2022-06-26 00:16:40,0,0,0.2493766,0.2493766,0,98.50374,0.7481297,0.2493766,0
2022-06-26 00:16:39,0,0,0,0,0,99.00249,0.7481297,0.2493766,0
2022-06-26 00:16:38,0,0,0.2506266,0,0,98.49624,1.0025063,0.2506266,0
2022-06-26 00:16:37,0,0,0.7518797,0,0,96.74185,2.255639,0.2506266,0
2022-06-26 00:16:36,0,0,1.0025063,0.2506266,0,95.98997,2.756892,0,0
2022-06-26 00:16:35,0,0,1.4962594,0.2493766,0,95.01247,2.493766,0.7481297,0
2022-06-26 00:16:34,0,0,0.75,0.25,0,96.25,2.75,0,0
2022-06-26 00:16:33,0,0,0.2506266,0,0,98.49624,1.0025063,0.2506266,0
2022-06-26 00:16:32,0,0,0.2493766,0,0,98.50374,0.9975062,0.2493766,0
2022-06-26 00:16:31,0,0,0,0.25,0,98.75,0.75,0.25,0
2022-06-26 00:16:30,0,0,0.5012531,0,0,97.99499,1.2531328,0.2506266,0
2022-06-26 00:16:29,0,0,1.25,0.25,0,94.75,3.5,0.25,0
2022-06-26 00:16:28,0,0,1.2468828,0.2493766,0,95.01247,2.992519,0.4987531,0
2022-06-26 00:16:27,0,0,0.25,0.25,0,98,1.25,0.25,0
2022-06-26 00:16:26,0,0,0.5012531,0,0,98.74687,0.7518797,0,0
2022-06-26 00:16:25,0,0,0.5,0,0,98.25,1.25,0,0
2022-06-26 00:16:24,0,0,0.25,0.25,0,98.5,0.75,0.25,0
2022-06-26 00:16:23,0,0,0.7481297,0,0,97.25686,1.745636,0.2493766,0
2022-06-26 00:16:22,0,0,1.25,0,0,95.75,2.75,0.25,0
2022-06-26 00:16:21,0,0,1.25,0.5,0,95.25,3,0,0
2022-06-26 00:16:20,0,0,0.5012531,0,0,97.24311,1.754386,0.5012531,0
2022-06-26 00:16:19,0,0,0.75,0.25,0,96.5,2.5,0,0
2022-06-26 00:16:18,0,0,0.2493766,0,0,98.75312,0.4987531,0.4987531,0
2022-06-26 00:16:17,0,0,0,0,0,99.24812,0.7518797,0,0
2022-06-26 00:16:16,0,0,0.5012531,0,0,96.74185,2.756892,0,0
2022-06-26 00:16:15,0,0,0.7462687,0.2487562,0,96.76617,1.741294,0.4975124,0
2022-06-26 00:16:14,0,0,1.0025063,0,0,95.2381,3.508772,0.2506266,0
2022-06-26 00:16:13,0,0,0.7462687,0.2487562,0,96.0199,2.487562,0.4975124,0
2022-06-26 00:16:12,0,0,0.4987531,0,0,97.50623,1.745636,0.2493766,0
2022-06-26 00:16:11,0,0,0.5,0.25,0,96.5,2.75,0,0
2022-06-26 00:16:10,0,0,0.2512563,0,0,98.24121,1.5075377,0,0
2022-06-26 00:16:09,0,0,0.2493766,0,0,98.25436,0.9975062,0.4987531,0
2022-06-26 00:16:08,0,0,0.2506266,0,0,98.24561,1.2531328,0.2506266,0
2022-06-26 00:16:07,0,0,0.75,0,0,96.75,2.25,0.25,0
2022-06-26 00:16:06,0,0,1.4962594,0.2493766,0,93.51621,4.738155,0,0
2022-06-26 00:16:05,0,0,1.5037594,0.5012531,0,89.97494,7.769424,0.2506266,0
2022-06-26 00:16:04,0,0,1.4962594,0.2493766,0,90.52369,7.481297,0.2493766,0
2022-06-26 00:16:03,0,0,0.75,0.25,0,92,7,0,0
2022-06-26 00:16:02,0,0,0.4987531,0.2493766,0,92.26933,6.733167,0.2493766,0
2022-06-26 00:16:01,0,0,0.2506266,0,0,93.73434,5.764411,0.2506266,0
2022-06-26 00:16:00,0,0,0.2512563,0.2512563,0,91.9598,7.286432,0.2512563,0
2022-06-26 00:15:59,0,0,0.248139,0.248139,0,93.54839,5.707196,0.248139,0
2022-06-26 00:15:58,0,0,0,0,0,92.98246,6.766917,0.2506266,0
2022-06-26 00:15:57,0,0,0,0.2493766,0,91.77057,7.481297,0.4987531,0
2022-06-26 00:15:56,0,0,0.2512563,0,0,91.20603,7.537688,0.2512563,0
2022-06-26 00:15:55,0,0,0,0.2512563,0,94.97487,4.271357,0.2512563,0
2022-06-26 00:15:54,0,0,0.2506266,0,0,96.99248,2.756892,0,0
2022-06-26 00:15:53,0,0,0,0,0,98.5,1.5,0,0
2022-06-26 00:15:52,0,0,0,0,0,99,0.75,0.25,0
2022-06-26 00:15:51,0,0,0.25,0,0,98.25,1.25,0.25,0
2022-06-26 00:15:50,0,0,0,0,0,98.75,0.75,0.5,0
2022-06-26 00:15:49,0,0,0.25,0,0,99,0.75,0,0
2022-06-26 00:15:48,0,0,0.7481297,0.2493766,0,97.00748,1.745636,0.2493766,0
2022-06-26 00:15:47,0,0,0.5012531,0,0,96.99248,2.255639,0.2506266,0
2022-06-26 00:15:46,0,0,0.75,0,0,96.75,2,0.25,0
2022-06-26 00:15:45,0,0,0.7481297,0.2493766,0,97.25686,1.745636,0,0
2022-06-26 00:15:44,0,0,0,0,0,98.75,1,0.25,0
2022-06-26 00:15:43,0,0,0,0.2487562,0,99.00498,0.4975124,0.2487562,0
2022-06-26 00:15:42,0,0,0.7518797,0,0,98.24561,0.7518797,0.2506266,0
2022-06-26 00:15:41,0,0,0.7556675,0,0,96.72544,2.518892,0,0
2022-06-26 00:15:40,0,0,0.9975062,0.2493766,0,96.00998,2.743142,0,0
2022-06-26 00:15:39,0,0,1.2468828,0.2493766,0,96.00998,2.244389,0.2493766,0
2022-06-26 00:15:38,0,0,0.2506266,0,0,97.74436,1.754386,0.2506266,0
2022-06-26 00:15:37,0,0,0.25,0,0,99.25,0.5,0,0
2022-06-26 00:15:36,0,0,0,0.25,0,98.5,1,0.25,0
2022-06-26 00:15:35,0,0,0.4975124,0,0,96.26866,2.985075,0.2487562,0
2022-06-26 00:15:34,0,0,1,0.5,0,96,2.25,0.25,0
2022-06-26 00:15:33,0,0,1.0050251,0.2512563,0,96.98492,1.5075377,0.2512563,0
2022-06-26 00:15:32,0,0,1.2468828,0.2493766,0,95.01247,3.241895,0.2493766,0
2022-06-26 00:15:31,0,0,0.2506266,0,0,98.74687,0.7518797,0.2506266,0
2022-06-26 00:15:30,0,0,0,0,0,98.75,1,0.25,0
2022-06-26 00:15:29,0,0,0.5,0,0,97.75,1.5,0.25,0
2022-06-26 00:15:28,0,0,0.75,0,0,97.25,1.75,0.25,0
2022-06-26 00:15:27,0,0,0.7481297,0.2493766,0,96.00998,2.743142,0.2493766,0
2022-06-26 00:15:26,0,0,0.7481297,0.4987531,0,95.26185,3.241895,0.2493766,0
2022-06-26 00:15:25,0,0,1.2468828,0.2493766,0,96.00998,1.995012,0.4987531,0
2022-06-26 00:15:24,0,0,0.7556675,0,0,98.23678,0.7556675,0.2518892,0
2022-06-26 00:15:23,0,0,0,0,0,98.50374,1.2468828,0.2493766,0
2022-06-26 00:15:22,0,0,0.2506266,0,0,98.49624,1.0025063,0.2506266,0
2022-06-26 00:15:21,0,0,0.7462687,0.2487562,0,96.51741,2.238806,0.2487562,0
2022-06-26 00:15:20,0,0,1.0050251,0,0,96.73367,2.261307,0,0
2022-06-26 00:15:19,0,0,0.7481297,0,0,97.00748,1.995012,0.2493766,0
2022-06-26 00:15:18,0,0,1.0025063,0.2506266,0,96.49123,2.005013,0.2506266,0
2022-06-26 00:15:17,0,0,0.75,0,0,97,2.25,0,0
2022-06-26 00:15:16,0,0,0,0,0,98.24561,1.5037594,0.2506266,0
2022-06-26 00:15:15,0,0,0,0.2493766,0,98.75312,0.7481297,0.2493766,0
2022-06-26 00:15:14,0,0,0.5012531,0.2506266,0,96.49123,2.506266,0.2506266,0
2022-06-26 00:15:13,0,0,0.9975062,0.2493766,0,95.01247,3.491272,0.2493766,0
2022-06-26 00:15:12,0,0,0.7518797,0.5012531,0,95.98997,2.756892,0,0
2022-06-26 00:15:11,0,0,0.7481297,0,0,95.7606,3.241895,0.2493766,0
2022-06-26 00:15:10,0,0,0.75,0,0,96,3,0.25,0
2022-06-26 00:15:09,0,0,0.5012531,0,0,96.74185,2.756892,0,0
2022-06-26 00:15:08,0,0,0.2493766,0.2493766,0,98.00499,0.9975062,0.4987531,0
2022-06-26 00:15:07,0,0,0,0,0,98.24561,1.5037594,0.2506266,0
2022-06-26 00:15:06,0,0,0.2487562,0.2487562,0,97.01493,2.238806,0.2487562,0
2022-06-26 00:15:05,0,0,1,0,0,93.75,4.75,0.25,0
2022-06-26 00:15:04,0,0,1.2562814,0.5025126,0,93.96985,4.020101,0.2512563,0
2022-06-26 00:15:03,0,0,1.4888337,0.248139,0,92.80397,5.459057,0,0
2022-06-26 00:15:02,0,0,1.2531328,0.5012531,0,92.23058,6.015038,0,0
2022-06-26 00:15:01,0,0,0.9975062,0.4987531,0,91.27182,6.982544,0.2493766,0
2022-06-26 00:15:00,0,0,1.0025063,0.2506266,0,91.4787,7.017544,0.2506266,0
2022-06-26 00:14:59,0,0,0.7537688,0,0,92.71357,6.030151,0.5025126,0
2022-06-26 00:14:58,0,0,0.2493766,0,0,93.51621,6.234414,0,0
2022-06-26 00:14:57,0,0,0,0.2493766,0,94.01496,5.486284,0.2493766,0
2022-06-26 00:14:56,0,0,0.25,0,0,93,6.5,0.25,0
2022-06-26 00:14:55,0,0,0,0,0,92.4812,7.26817,0.2506266,0
2022-06-26 00:14:54,0,0,0,0,0,92,7.75,0,0
2022-06-26 00:14:53,0,0,0.2493766,0.2493766,0,92.01995,6.234414,0.4987531,0
2022-06-26 00:14:52,0,0,0.25,0.25,0,97,2.25,0.25,0
2022-06-26 00:14:51,0,0,0,0,0,98.25,1.5,0.25,0
2022-06-26 00:14:50,0,0,0,0,0,98.74687,1.0025063,0.2506266,0
2022-06-26 00:14:49,0,0,0,0,0,99,1,0,0
2022-06-26 00:14:48,0,0,0,0,0,98.5,1.25,0.25,0
2022-06-26 00:14:47,0,0,0.25,0.25,0,98.25,1,0.25,0
2022-06-26 00:14:46,0,0,0.4987531,0,0,97.75561,1.4962594,0.2493766,0
2022-06-26 00:14:45,0,0,1,0.25,0,96,2.5,0.25,0
2022-06-26 00:14:44,0,0,0.2506266,0,0,97.99499,1.754386,0,0
2022-06-26 00:14:43,0,0,0.4987531,0,0,97.75561,1.4962594,0.2493766,0
2022-06-26 00:14:42,0,0,0.5012531,0,0,97.24311,2.005013,0.2506266,0
2022-06-26 00:14:41,0,0,0.25,0,0,98.75,0.75,0.25,0
2022-06-26 00:14:40,0,0,0.2506266,0.2506266,0,98.24561,1.2531328,0,0
2022-06-26 00:14:39,0,0,0.9975062,0.2493766,0,96.00998,2.493766,0.2493766,0
2022-06-26 00:14:38,0,0,0.9975062,0.2493766,0,96.50873,1.995012,0.2493766,0
2022-06-26 00:14:37,0,0,0.5025126,0,0,97.73869,1.5075377,0.2512563,0
2022-06-26 00:14:36,0,0,0.75,0,0,97.75,1.25,0.25,0
2022-06-26 00:14:35,0,0,0.5,0,0,97.25,2,0.25,0
2022-06-26 00:14:34,0,0,0,0,0,99,1,0,0
2022-06-26 00:14:33,0,0,0.7518797,0.2506266,0,97.99499,1.0025063,0,0
2022-06-26 00:14:32,0,0,0.9975062,0.2493766,0,95.7606,2.743142,0.2493766,0
2022-06-26 00:14:31,0,0,0.9975062,0.2493766,0,96.00998,2.493766,0.2493766,0
2022-06-26 00:14:30,0,0,0.2487562,0,0,98.50746,0.9950249,0.2487562,0
2022-06-26 00:14:29,0,0,0.7537688,0,0,97.23618,1.758794,0.2512563,0
2022-06-26 00:14:28,0,0,0.25,0,0,98,1.25,0.5,0
2022-06-26 00:14:27,0,0,0.25,0,0,98.75,0.75,0.25,0
2022-06-26 00:14:26,0,0,0.4987531,0.2493766,0,97.50623,1.745636,0,0
2022-06-26 00:14:25,0,0,1.2468828,0,0,96.7581,1.995012,0,0
2022-06-26 00:14:24,0,0,1.511335,0,0,96.22166,2.015113,0.2518892,0
2022-06-26 00:14:23,0,0,0.5,0,0,97.5,2,0,0
2022-06-26 00:14:22,0,0,0.7462687,0,0,96.76617,2.238806,0.2487562,0
2022-06-26 00:14:21,0,0,0.25,0,0,98.75,1,0,0
2022-06-26 00:14:20,0,0,0,0,0,98.74372,1.0050251,0.2512563,0
2022-06-26 00:14:19,0,0,0.7462687,0.2487562,0,97.01493,1.741294,0.2487562,0
2022-06-26 00:14:18,0,0,1.0025063,0,0,95.98997,3.007519,0,0
2022-06-26 00:14:17,0,0,1.25,0.25,0,95.25,2.75,0.5,0
2022-06-26 00:14:16,0,0,0.7537688,0,0,97.73869,1.5075377,0,0
2022-06-26 00:14:15,0,0,0.7462687,0.2487562,0,96.51741,2.238806,0.2487562,0
2022-06-26 00:14:14,0,0,0.2493766,0,0,98.75312,0.7481297,0.2493766,0
2022-06-26 00:14:13,0,0,0,0.2493766,0,98.25436,1.2468828,0.2493766,0
2022-06-26 00:14:12,0,0,0.2512563,0,0,97.98995,1.5075377,0.2512563,0
2022-06-26 00:14:11,0,0,1.0025063,0.2506266,0,95.73935,2.756892,0.2506266,0
2022-06-26 00:14:10,0,0,1.2468828,0.2493766,0,94.51372,3.740648,0.2493766,0
2022-06-26 00:14:09,0,0,0.5025126,0,0,97.23618,2.261307,0,0
2022-06-26 00:14:08,0,0,0.4987531,0,0,97.00748,2.244389,0.2493766,0
2022-06-26 00:14:07,0,0,0.4987531,0,0,98.25436,0.9975062,0.2493766,0
2022-06-26 00:14:06,0,0,0.2506266,0.2506266,0,97.99499,1.5037594,0,0
2022-06-26 00:14:05,0,0,0,0.25,0,98.75,0.75,0.25,0
2022-06-26 00:14:04,0,0,0.2506266,0,0,97.74436,1.754386,0.2506266,0
2022-06-26 00:14:03,0,0,0.7462687,0.2487562,0,96.51741,2.238806,0.2487562,0
2022-06-26 00:14:02,0,0,1.2468828,0,0,95.51122,2.992519,0.2493766,0
2022-06-26 00:14:01,0,0,1.2562814,0.2512563,0,92.46231,6.030151,0,0
2022-06-26 00:14:00,0,0,1.25,0.75,0,91,7,0,0
2022-06-26 00:13:59,0,0,1,0.25,0,92,6.75,0,0
2022-06-26 00:13:58,0,0,0.9925558,0.4962779,0,90.32258,7.444169,0.7444169,0
2022-06-26 00:13:57,0,0,0.5025126,0.5025126,0,91.20603,7.788945,0,0
2022-06-26 00:13:56,0,0,0.25,0.25,0,94,5.25,0.25,0
2022-06-26 00:13:55,0,0,0.2493766,0,0,91.27182,7.98005,0.4987531,0
2022-06-26 00:13:54,0,0,0.25,0,0,92.25,7.5,0,0
2022-06-26 00:13:53,0,0,0.2512563,0.2512563,0,90.70352,8.542714,0.2512563,0
2022-06-26 00:13:52,0,0,0,0,0,92,6.75,0.5,0
2022-06-26 00:13:51,0,0,0.2493766,0.4987531,0,88.77805,7.730673,0,0
2022-06-26 00:13:50,0,0,0,0.25,0,96.75,2.75,0.25,0
2022-06-26 00:13:49,0,0,0.2493766,0,0,98.50374,0.9975062,0.2493766,0
2022-06-26 00:13:48,0,0,0,0,0,98.74372,1.2562814,0,0
2022-06-26 00:13:47,0,0,0,0,0,99.25187,0.4987531,0.2493766,0
2022-06-26 00:13:46,0,0,0.25,0,0,99,0.5,0.25,0
2022-06-26 00:13:45,0,0,0,0,0,98.75622,0.7462687,0.4975124,0
2022-06-26 00:13:44,0,0,0.7537688,0.2512563,0,96.98492,1.758794,0.2512563,0
2022-06-26 00:13:43,0,0,0.2493766,0.2493766,0,98.00499,1.2468828,0.2493766,0
2022-06-26 00:13:42,0,0,0.7481297,0.2493766,0,96.7581,1.995012,0.2493766,0
2022-06-26 00:13:41,0,0,1.0075567,0.2518892,0,96.47355,2.267003,0,0
2022-06-26 00:13:40,0,0,0.4987531,0,0,98.00499,1.2468828,0.2493766,0
2022-06-26 00:13:39,0,0,0,0.25,0,98.25,1.5,0,0
2022-06-26 00:13:38,0,0,0.2493766,0.2493766,0,98.50374,0.7481297,0.2493766,0
2022-06-26 00:13:37,0,0,0.5025126,0,0,97.48744,1.758794,0.2512563,0
2022-06-26 00:13:36,0,0,1.2437811,0.2487562,0,95.27363,2.736318,0.4975124,0
2022-06-26 00:13:35,0,0,1.0025063,0,0,95.98997,2.756892,0.2506266,0
2022-06-26 00:13:34,0,0,0.75,0.25,0,96.75,2.25,0,0
2022-06-26 00:13:33,0,0,0.25,0,0,98,1.5,0.25,0
2022-06-26 00:13:32,0,0,0,0,0,99.74937,0.2506266,0,0
2022-06-26 00:13:31,0,0,0.2487562,0.2487562,0,98.00995,1.2437811,0.2487562,0
2022-06-26 00:13:30,0,0,1.25,0,0,95.75,2.75,0.25,0
2022-06-26 00:13:29,0,0,0.7518797,0,0,97.24311,2.005013,0,0
2022-06-26 00:13:28,0,0,1,0.5,0,95.25,2.75,0.5,0
2022-06-26 00:13:27,0,0,0.75,0.25,0,97,2,0,0
2022-06-26 00:13:26,0,0,0.5012531,0,0,97.74436,1.754386,0,0
2022-06-26 00:13:25,0,0,0,0,0,99.25,0.5,0.25,0
2022-06-26 00:13:24,0,0,1.0025063,0,0,98.24561,0.5012531,0.2506266,0
2022-06-26 00:13:23,0,0,0.7481297,0.2493766,0,96.25935,2.244389,0.4987531,0
2022-06-26 00:13:22,0,0,0.7444169,0.248139,0,96.77419,2.233251,0,0
2022-06-26 00:13:21,0,0,0.7556675,0.2518892,0,96.47355,2.267003,0.2518892,0
2022-06-26 00:13:20,0,0,0.7481297,0,0,96.00998,2.992519,0.2493766,0
2022-06-26 00:13:19,0,0,0.5,0,0,99,0.5,0,0
2022-06-26 00:13:18,0,0,0,0,0,99.24812,0.5012531,0.2506266,0
2022-06-26 00:13:17,0,0,0.5,0,0,98.5,0.75,0.25,0
2022-06-26 00:13:16,0,0,0.7481297,0,0,95.26185,3.491272,0.4987531,0
2022-06-26 00:13:15,0,0,1.25,0.25,0,95,3.5,0,0
2022-06-26 00:13:14,0,0,0.4987531,0.2493766,0,96.50873,2.244389,0.4987531,0
2022-06-26 00:13:13,0,0,0.7556675,0.2518892,0,96.72544,2.015113,0.2518892,0
2022-06-26 00:13:12,0,0,0.4975124,0,0,97.26368,1.99005,0.2487562,0
2022-06-26 00:13:11,0,0,0.2506266,0,0,98.49624,1.2531328,0,0
2022-06-26 00:13:10,0,0,0.2487562,0,0,98.25871,0.9950249,0.4975124,0
2022-06-26 00:13:09,0,0,0.5,0.25,0,96.75,2.25,0.25,0
2022-06-26 00:13:08,0,0,1,0,0,95.25,3.25,0.5,0
2022-06-26 00:13:07,0,0,0.7518797,0.2506266,0,95.48872,3.258145,0.2506266,0
2022-06-26 00:13:06,0,0,0.7518797,0.2506266,0,96.99248,2.005013,0,0
2022-06-26 00:13:05,0,0,0.4987531,0.2493766,0,96.50873,2.493766,0.2493766,0
2022-06-26 00:13:04,0,0,0.25,0,0,97.75,1.75,0.25,0
2022-06-26 00:13:03,0,0,0.25,0,0,98.5,0.75,0.5,0
2022-06-26 00:13:02,0,0,0,0,0,99.25187,0.7481297,0,0
2022-06-26 00:13:01,0,0,0.5012531,0,0,95.98997,3.258145,0.2506266,0
2022-06-26 00:13:00,0,0,0.9975062,0.2493766,0,95.7606,2.743142,0.2493766,0
2022-06-26 00:12:59,0,0,1,0.25,0,93,5.5,0.25,0
2022-06-26 00:12:58,0,0,1.25,0,0,93.5,5,0.25,0
2022-06-26 00:12:57,0,0,0.7518797,0.2506266,0,92.73183,6.015038,0.2506266,0
2022-06-26 00:12:56,0,0,1.0025063,0.5012531,0,93.73434,4.761905,0,0
2022-06-26 00:12:55,0,0,0.9950249,0,0,90.79602,7.711443,0.4975124,0
2022-06-26 00:12:54,0,0,0.5012531,0.2506266,0,91.22807,7.769424,0.2506266,0
2022-06-26 00:12:53,0,0,0.4987531,0.2493766,0,91.77057,7.23192,0.2493766,0
2022-06-26 00:12:52,0,0,0,0,0,94.25,5.5,0.25,0
2022-06-26 00:12:51,0,0,0.2512563,0.2512563,0,92.71357,6.532663,0.2512563,0
2022-06-26 00:12:50,0,0,0,0.248139,0,92.05955,7.19603,0.248139,0
2022-06-26 00:12:49,0,0,0,0,0,94.73684,5.012531,0.2506266,0
2022-06-26 00:12:48,0,0,0.2506266,0,0,95.2381,4.010025,0.5012531,0
2022-06-26 00:12:47,0,0,0,0,0,97.24311,2.756892,0,0
2022-06-26 00:12:46,0,0,0,0.25,0,98,1.5,0.25,0
2022-06-26 00:12:45,0,0,0.2493766,0,0,98.50374,0.9975062,0.2493766,0
2022-06-26 00:12:44,0,0,0,0,0,99.49749,0.5025126,0,0
2022-06-26 00:12:43,0,0,0,0,0,98.75,1,0.25,0
2022-06-26 00:12:42,0,0,0.4987531,0.2493766,0,97.25686,1.745636,0.2493766,0
2022-06-26 00:12:41,0,0,0.75,0.25,0,96.5,2.5,0,0
2022-06-26 00:12:40,0,0,0.4987531,0,0,97.75561,1.745636,0,0
2022-06-26 00:12:39,0,0,0.5012531,0.2506266,0,97.24311,2.005013,0,0
2022-06-26 00:12:38,0,0,0.4987531,0,0,97.75561,0.9975062,0.7481297,0
2022-06-26 00:12:37,0,0,0,0.25,0,98.75,0.75,0.25,0
2022-06-26 00:12:36,0,0,0.75,0,0,97.25,1.75,0.25,0
2022-06-26 00:12:35,0,0,1,0.25,0,96,2.5,0.25,0
2022-06-26 00:12:34,0,0,0.7518797,0,0,96.99248,2.255639,0,0
2022-06-26 00:12:33,0,0,0.7462687,0,0,97.76119,1.2437811,0.2487562,0
2022-06-26 00:12:32,0,0,0.5012531,0.2506266,0,96.74185,2.506266,0,0
2022-06-26 00:12:31,0,0,0.5025126,0.2512563,0,97.23618,1.758794,0.2512563,0
2022-06-26 00:12:30,0,0,0.5,0.25,0,97.5,1.5,0.25,0
2022-06-26 00:12:29,0,0,1,0,0,97.75,1.25,0,0
2022-06-26 00:12:28,0,0,0.4975124,0.2487562,0,97.26368,1.4925373,0.4975124,0
2022-06-26 00:12:27,0,0,0.7518797,0,0,97.49373,1.754386,0,0
2022-06-26 00:12:26,0,0,0.5025126,0.2512563,0,97.23618,1.758794,0.2512563,0
2022-06-26 00:12:25,0,0,0.9925558,0.248139,0,96.27792,2.233251,0.248139,0
2022-06-26 00:12:24,0,0,0.7518797,0.2506266,0,96.99248,1.754386,0,0
2022-06-26 00:12:23,0,0,0.4987531,0.2493766,0,97.25686,1.745636,0.2493766,0
2022-06-26 00:12:22,0,0,0.5,0,0,98.25,1.25,0,0
2022-06-26 00:12:21,0,0,0.75,0,0,97,2,0.25,0
2022-06-26 00:12:20,0,0,0.5,0.25,0,97.75,1.5,0,0
2022-06-26 00:12:19,0,0,0.7537688,0,0,97.73869,1.5075377,0,0
2022-06-26 00:12:18,0,0,0.4975124,0.4975124,0,97.26368,1.4925373,0.2487562,0
2022-06-26 00:12:17,0,0,0.7462687,0.2487562,0,97.26368,1.4925373,0.2487562,0
2022-06-26 00:12:16,0,0,0.5037783,0,0,96.97733,2.518892,0,0
2022-06-26 00:12:15,0,0,0.5,0,0,97.75,1.25,0.5,0
2022-06-26 00:12:14,0,0,0.75,0,0,97.25,2,0,0
2022-06-26 00:12:13,0,0,0.75,0,0,96.5,2.25,0.5,0
2022-06-26 00:12:12,0,0,0.4975124,0.2487562,0,97.51244,1.4925373,0.2487562,0
2022-06-26 00:12:11,0,0,0.4987531,0,0,97.50623,1.745636,0.2493766,0
2022-06-26 00:12:10,0,0,0.5025126,0,0,97.98995,1.5075377,0,0
2022-06-26 00:12:09,0,0,1,0,0,97,1.5,0.5,0
2022-06-26 00:12:08,0,0,0.25,0.25,0,97,2.25,0.25,0
2022-06-26 00:12:07,0,0,0.5012531,0,0,97.74436,1.5037594,0.2506266,0
2022-06-26 00:12:06,0,0,0.5,0.25,0,96.5,2.5,0.25,0
2022-06-26 00:12:05,0,0,0.7481297,0,0,96.00998,2.992519,0.2493766,0
2022-06-26 00:12:04,0,0,1.75,0,0,95.25,2.75,0.25,0
2022-06-26 00:12:03,0,0,4.75,0.25,0,90.25,4.5,0.25,0
2022-06-26 00:12:02,0,0,0.9975062,0,0,96.25935,2.743142,0,0
2022-06-26 00:12:01,0,0,0.5012531,0,0,97.99499,1.2531328,0.2506266,0
2022-06-26 00:12:00,0,0,0.25,0.25,0,98,1.25,0.25,0
2022-06-26 00:11:59,0,0,0.5,0.25,0,96.25,2.75,0.25,0
2022-06-26 00:11:58,0,0,0.7518797,0.2506266,0,94.48622,4.260652,0.2506266,0
2022-06-26 00:11:57,0,0,1,0,0,94.5,4.25,0.25,0
2022-06-26 00:11:56,0,0,0.7462687,0.2487562,0,93.28358,5.223881,0.4975124,0
2022-06-26 00:11:55,0,0,0.7481297,0.2493766,0,94.51372,4.488778,0,0
2022-06-26 00:11:54,0,0,0.7556675,0,0,92.44332,6.549118,0.2518892,0
2022-06-26 00:11:53,0,0,0.9975062,0.2493766,0,91.77057,6.733167,0.2493766,0
2022-06-26 00:11:52,0,0,0.7481297,0.2493766,0,89.52618,8.977556,0.4987531,0
2022-06-26 00:11:51,0,0,1,0,0,90.25,8.25,0.5,0
2022-06-26 00:11:50,0,0,0.2512563,0.2512563,0,91.45729,7.788945,0.2512563,0
2022-06-26 00:11:49,0,0,0,0,0,93.75,6,0.25,0
2022-06-26 00:11:48,0,0,0,0,0,95.98997,3.759398,0.2506266,0
2022-06-26 00:11:47,0,0,0.2487562,0.2487562,0,93.78109,5.472637,0.2487562,0
2022-06-26 00:11:46,0,0,0,0.25,0,94,5.5,0.25,0
2022-06-26 00:11:45,0,0,0.2506266,0,0,92.4812,6.015038,0.2506266,0
2022-06-26 00:11:44,0,0,0,0,0,97.49373,2.005013,0.2506266,0
2022-06-26 00:11:43,0,0,0,0.25,0,98.5,1,0.25,0
2022-06-26 00:11:42,0,0,0,0,0,99.00498,0.7462687,0.2487562,0
2022-06-26 00:11:41,0,0,0.2512563,0,0,98.74372,0.7537688,0.2512563,0
2022-06-26 00:11:40,0,0,0.25,0,0,97.5,2.25,0,0
2022-06-26 00:11:39,0,0,0.2493766,0,0,98.75312,0.4987531,0.4987531,0
2022-06-26 00:11:38,0,0,0.7518797,0.2506266,0,97.24311,1.5037594,0.2506266,0
2022-06-26 00:11:37,0,0,0.2493766,0,0,98.50374,0.9975062,0.2493766,0
2022-06-26 00:11:36,0,0,0.75,0,0,98,1,0.25,0
2022-06-26 00:11:35,0,0,0.5012531,0,0,97.99499,1.2531328,0.2506266,0
2022-06-26 00:11:34,0,0,0.2487562,0.2487562,0,97.51244,1.99005,0,0
2022-06-26 00:11:33,0,0,0.7537688,0,0,95.9799,3.015075,0.2512563,0
2022-06-26 00:11:32,0,0,0.4987531,0,0,97.75561,1.4962594,0.2493766,0
2022-06-26 00:11:31,0,0,0.7518797,0,0,95.98997,3.007519,0.2506266,0
2022-06-26 00:11:30,0,0,0.75,0.25,0,96.5,2.5,0,0
2022-06-26 00:11:29,0,0,0.7481297,0.2493766,0,97.50623,1.2468828,0.2493766,0
2022-06-26 00:11:28,0,0,0.2506266,0,0,98.99749,0.5012531,0.2506266,0
2022-06-26 00:11:27,0,0,0.4975124,0.2487562,0,96.26866,2.487562,0.4975124,0
2022-06-26 00:11:26,0,0,0.7518797,0,0,97.74436,1.5037594,0,0
2022-06-26 00:11:25,0,0,0.5025126,0,0,97.98995,1.2562814,0.2512563,0
2022-06-26 00:11:24,0,0,1.4925373,0.2487562,0,96.0199,2.238806,0,0
2022-06-26 00:11:23,0,0,0.7518797,0.2506266,0,96.74185,1.754386,0.5012531,0
2022-06-26 00:11:22,0,0,0.4975124,0,0,97.76119,1.4925373,0.2487562,0
2022-06-26 00:11:21,0,0,0.5,0,0,97,2,0.5,0
2022-06-26 00:11:20,0,0,0.75,0,0,96,3,0.25,0
2022-06-26 00:11:19,0,0,0.5037783,0.2518892,0,96.97733,2.267003,0,0
2022-06-26 00:11:18,0,0,0.7481297,0,0,97.25686,1.745636,0.2493766,0
2022-06-26 00:11:17,0,0,1,0,0,95.75,3,0.25,0
2022-06-26 00:11:16,0,0,0.75,0,0,98,1,0.25,0
2022-06-26 00:11:15,0,0,0.5,0.25,0,96.75,2.25,0.25,0
2022-06-26 00:11:14,0,0,0.25,0,0,98,1.5,0.25,0
2022-06-26 00:11:13,0,0,0.75,0.25,0,97.5,1.25,0.25,0
2022-06-26 00:11:12,0,0,0.7518797,0.2506266,0,96.74185,2.005013,0.2506266,0
2022-06-26 00:11:11,0,0,0.4975124,0,0,98.00995,1.2437811,0.2487562,0
2022-06-26 00:11:10,0,0,0.5012531,0,0,97.49373,1.5037594,0.5012531,0
2022-06-26 00:11:09,0,0,0.9975062,0.2493766,0,96.50873,2.244389,0,0
2022-06-26 00:11:08,0,0,0.75,0,0,96.5,2.5,0.25,0
2022-06-26 00:11:07,0,0,0.4975124,0.2487562,0,97.26368,1.99005,0,0
2022-06-26 00:11:06,0,0,0.2518892,0,0,98.74055,0.7556675,0.2518892,0
2022-06-26 00:11:05,0,0,0.5,0,0,97.5,1.75,0.25,0
2022-06-26 00:11:04,0,0,0.25,0,0,98,1.25,0.5,0
2022-06-26 00:11:03,0,0,0.75,0,0,95.25,3.5,0.5,0
2022-06-26 00:11:02,0,0,1.0025063,0,0,96.2406,2.756892,0,0
2022-06-26 00:11:01,0,0,0.9925558,0.248139,0,95.03722,3.225806,0.4962779,0
2022-06-26 00:11:00,0,0,0.2512563,0,0,98.74372,1.0050251,0,0
2022-06-26 00:10:59,0,0,0.2512563,0.2512563,0,97.98995,1.5075377,0,0
2022-06-26 00:10:58,0,0,0.4975124,0,0,98.25871,0.9950249,0.2487562,0
2022-06-26 00:10:57,0,0,0,0.2493766,0,99.00249,0.4987531,0.2493766,0
2022-06-26 00:10:56,0,0,0.2506266,0,0,98.49624,1.0025063,0.2506266,0
2022-06-26 00:10:55,0,0,0.7518797,0,0,94.73684,4.511278,0,0
2022-06-26 00:10:54,0,0,0.9925558,0,0,94.2928,4.218362,0.4962779,0
2022-06-26 00:10:53,0,0,2,0.5,0,89.25,8.25,0,0
2022-06-26 00:10:52,0,0,1.2562814,0,0,91.9598,6.532663,0.2512563,0
2022-06-26 00:10:51,0,0,0.75,0.5,0,92.25,6.25,0.25,0
2022-06-26 00:10:50,0,0,0.5,0,0,93.75,5.5,0.25,0
2022-06-26 00:10:49,0,0,0.25,0,0,94.5,5,0.25,0
2022-06-26 00:10:48,0,0,0.5,0,0,93.5,5.5,0.25,0
2022-06-26 00:10:47,0,0,0.7462687,0,0,90.29851,8.457711,0.4975124,0
2022-06-26 00:10:46,0,0,0,0,0,91.72932,8.02005,0.2506266,0
2022-06-26 00:10:45,0,0,0.2493766,0,0,93.51621,5.735661,0.4987531,0
2022-06-26 00:10:44,0,0,0,0.2518892,0,87.15365,9.571788,0,0
2022-06-26 00:10:43,0,0,0,0,0,95.01247,4.488778,0.4987531,0
2022-06-26 00:10:42,0,0,0.2512563,0,0,98.49246,1.2562814,0,0
2022-06-26 00:10:41,0,0,0.2487562,0.2487562,0,97.01493,1.99005,0.4975124,0
2022-06-26 00:10:40,0,0,0,0,0,97.98489,2.015113,0,0
2022-06-26 00:10:39,0,0,0,0,0,99.25373,0.4975124,0.2487562,0
2022-06-26 00:10:38,0,0,0,0,0,99.25,0.5,0.25,0
2022-06-26 00:10:37,0,0,0.2493766,0,0,98.50374,0.7481297,0.4987531,0
2022-06-26 00:10:36,0,0,0.5037783,0,0,98.23678,1.2594458,0,0
2022-06-26 00:10:35,0,0,1,0.5,0,95.5,3,0,0
2022-06-26 00:10:34,0,0,0.4987531,0.2493766,0,96.7581,2.244389,0.2493766,0
2022-06-26 00:10:33,0,0,0.5,0,0,98.75,0.5,0.25,0
2022-06-26 00:10:32,0,0,0.2506266,0,0,98.74687,1.0025063,0,0
2022-06-26 00:10:31,0,0,0,0,0,99,0.75,0.25,0
2022-06-26 00:10:30,0,0,0.248139,0,0,98.26303,1.4888337,0,0
2022-06-26 00:10:29,0,0,0.7556675,0,0,97.733,1.2594458,0.2518892,0
2022-06-26 00:10:28,0,0,1.736973,0.4962779,0,93.79653,3.722084,0.248139,0
2022-06-26 00:10:27,0,0,0.5025126,0,0,96.73367,2.512563,0.2512563,0
2022-06-26 00:10:26,0,0,0.5,0.25,0,98.25,1,0,0
2022-06-26 00:10:25,0,0,0.4975124,0,0,97.76119,1.4925373,0.2487562,0
2022-06-26 00:10:24,0,0,0.2506266,0.2506266,0,97.99499,1.5037594,0,0
2022-06-26 00:10:23,0,0,0,0,0,99.24812,0.5012531,0.2506266,0
2022-06-26 00:10:22,0,0,0.7518797,0,0,96.2406,2.506266,0.5012531,0
2022-06-26 00:10:21,0,0,1.99005,0.4975124,0,93.28358,3.9801,0.2487562,0
2022-06-26 00:10:20,0,0,0.7537688,0.5025126,0,96.23116,2.512563,0,0
2022-06-26 00:10:19,0,0,0.4987531,0,0,98.50374,0.9975062,0,0
2022-06-26 00:10:18,0,0,0,0,0,99.00498,0.4975124,0.4975124,0
2022-06-26 00:10:17,0,0,0,0,0,99.49622,0.5037783,0,0
2022-06-26 00:10:16,0,0,0.248139,0,0,98.75931,0.7444169,0.248139,0
2022-06-26 00:10:15,0,0,0.7556675,0,0,96.97733,2.015113,0.2518892,0
2022-06-26 00:10:14,0,0,1.985112,0.9925558,0,93.05211,3.722084,0.248139,0
2022-06-26 00:10:13,0,0,1,0,0,96,2.75,0.25,0
2022-06-26 00:10:12,0,0,0,0,0,98.99497,1.0050251,0,0
2022-06-26 00:10:11,0,0,0,0,0,99.50125,0.2493766,0.2493766,0
2022-06-26 00:10:10,0,0,0.25,0,0,98.75,1,0,0
2022-06-26 00:10:09,0,0,0,0,0,98.24561,1.5037594,0.2506266,0
2022-06-26 00:10:08,0,0,1.2562814,0.2512563,0,95.9799,2.512563,0,0
2022-06-26 00:10:07,0,0,1.995012,0.2493766,0,93.76559,3.990025,0,0
2022-06-26 00:10:06,0,0,0.7481297,0.2493766,0,96.7581,2.244389,0,0
2022-06-26 00:10:05,0,0,0.25,0,0,98,1.5,0.25,0
2022-06-26 00:10:04,0,0,0,0,0,99.25,0.5,0.25,0
2022-06-26 00:10:03,0,0,0,0,0,99.00249,0.9975062,0,0
2022-06-26 00:10:02,0,0,0.2506266,0,0,98.74687,0.5012531,0.5012531,0
2022-06-26 00:10:01,0,0,0.7518797,0,0,96.49123,2.506266,0.2506266,0
2022-06-26 00:10:00,0,0,1,0.5,0,94,4.25,0.25,0
2022-06-26 00:09:59,0,0,1.5,0.25,0,94,4.25,0,0
2022-06-26 00:09:58,0,0,0.75,0,0,97,2,0.25,0
2022-06-26 00:09:57,0,0,0.2493766,0,0,98.75312,0.7481297,0.2493766,0
2022-06-26 00:09:56,0,0,0,0,0,98.99749,1.0025063,0,0
2022-06-26 00:09:55,0,0,0,0,0,99.25,0.5,0.25,0
2022-06-26 00:09:54,0,0,0.2487562,0.2487562,0,98.00995,1.4925373,0,0
2022-06-26 00:09:53,0,0,0.5,0.25,0,96.75,2,0.5,0
2022-06-26 00:09:52,0,0,1.2562814,0.2512563,0,95.22613,3.015075,0.2512563,0
2022-06-26 00:09:51,0,0,1.5,0.5,0,92,6,0,0
2022-06-26 00:09:50,0,0,1.995012,0.2493766,0,91.27182,5.985037,0.4987531,0
2022-06-26 00:09:49,0,0,1.2437811,0.2487562,0,90.29851,8.208955,0,0
2022-06-26 00:09:48,0,0,0.5012531,0.2506266,0,91.72932,7.26817,0.2506266,0
2022-06-26 00:09:47,0,0,0.4987531,0,0,93.76559,5.486284,0.2493766,0
2022-06-26 00:09:46,0,0,0,0.2525253,0,92.92929,6.313131,0.5050505,0
2022-06-26 00:09:45,0,0,0.2487562,0,0,93.78109,5.721393,0.2487562,0
2022-06-26 00:09:44,0,0,0,0.25,0,93,6.25,0.25,0
2022-06-26 00:09:43,0,0,0.2506266,0,0,88.97243,9.52381,0.5012531,0
2022-06-26 00:09:42,0,0,0,0,0,92.71357,6.532663,0.5025126,0
2022-06-26 00:09:41,0,0,0.2512563,0.2512563,0,93.96985,4.773869,0.2512563,0
2022-06-26 00:09:40,0,0,0.2493766,0.2493766,0,96.25935,3.241895,0,0
2022-06-26 00:09:39,0,0,0,0,0,99,0.75,0.25,0
2022-06-26 00:09:38,0,0,0,0,0,98.75,1,0.25,0
2022-06-26 00:09:37,0,0,0.25,0,0,98.5,1,0.25,0
2022-06-26 00:09:36,0,0,0,0.25,0,99.25,0.5,0,0
2022-06-26 00:09:35,0,0,0,0,0,98.75,1,0.25,0
2022-06-26 00:09:34,0,0,0.5,0,0,98,1.5,0,0
2022-06-26 00:09:33,0,0,1.2437811,0.2487562,0,95.77114,2.238806,0.4975124,0
2022-06-26 00:09:32,0,0,0.5037783,0,0,97.98489,1.511335,0,0
2022-06-26 00:09:31,0,0,0.25,0.25,0,98.25,1,0.25,0
2022-06-26 00:09:30,0,0,0.5,0,0,98,1.5,0,0
2022-06-26 00:09:29,0,0,0,0,0,99,0.75,0.25,0
2022-06-26 00:09:28,0,0,0.75,0,0,98,1,0.25,0
2022-06-26 00:09:27,0,0,0.7481297,0,0,97.00748,1.995012,0.2493766,0
2022-06-26 00:09:26,0,0,1.0025063,0.2506266,0,95.73935,3.007519,0,0
2022-06-26 00:09:25,0,0,0.75,0,0,96.75,2.5,0,0
2022-06-26 00:09:24,0,0,0.75,0,0,98,1,0.25,0
2022-06-26 00:09:23,0,0,0.4987531,0.2493766,0,97.25686,1.745636,0.2493766,0
2022-06-26 00:09:22,0,0,0,0,0,98.99497,0.7537688,0.2512563,0
2022-06-26 00:09:21,0,0,0.7425743,0,0,97.52475,1.2376238,0.2475248,0
2022-06-26 00:09:20,0,0,1.0025063,0,0,96.49123,2.255639,0.2506266,0
2022-06-26 00:09:19,0,0,0.7481297,0.2493766,0,96.7581,1.995012,0.2493766,0
2022-06-26 00:09:18,0,0,0.7556675,0.2518892,0,95.71788,3.02267,0.2518892,0
2022-06-26 00:09:17,0,0,0.7425743,0,0,97.0297,1.732673,0.4950495,0
2022-06-26 00:09:16,0,0,0.5025126,0,0,98.24121,0.7537688,0.5025126,0
2022-06-26 00:09:15,0,0,0,0,0,98.74372,1.2562814,0,0
2022-06-26 00:09:14,0,0,0.4950495,0.4950495,0,97.0297,1.4851485,0.4950495,0
2022-06-26 00:09:13,0,0,1.2562814,0.2512563,0,95.47739,2.763819,0.2512563,0
2022-06-26 00:09:12,0,0,1.0025063,0,0,95.73935,3.258145,0,0
2022-06-26 00:09:11,0,0,0.2487562,0,0,97.76119,1.741294,0.2487562,0
2022-06-26 00:09:10,0,0,0.2506266,0.2506266,0,98.99749,0.2506266,0.2506266,0
2022-06-26 00:09:09,0,0,0.5012531,0,0,98.24561,1.2531328,0,0
2022-06-26 00:09:08,0,0,0.2493766,0,0,98.75312,0.4987531,0.4987531,0
2022-06-26 00:09:07,0,0,0.5,0,0,97.75,1.5,0.25,0
2022-06-26 00:09:06,0,0,1.5037594,0,0,95.2381,3.258145,0,0
2022-06-26 00:09:05,0,0,0.9975062,0.2493766,0,95.26185,2.992519,0.4987531,0
2022-06-26 00:09:04,0,0,0.2506266,0,0,97.99499,1.5037594,0.2506266,0
2022-06-26 00:09:03,0,0,0.4975124,0,0,97.51244,1.741294,0.2487562,0
2022-06-26 00:09:02,0,0,0.2506266,0,0,98.49624,1.2531328,0,0
2022-06-26 00:09:01,0,0,0.5,0.25,0,97.25,1.75,0.25,0
2022-06-26 00:09:00,0,0,0.2512563,0,0,97.98995,1.758794,0,0
2022-06-26 00:08:59,0,0,0.4975124,0,0,96.76617,2.238806,0.4975124,0
2022-06-26 00:08:58,0,0,1.4925373,0.4975124,0,93.03483,4.726368,0.2487562,0
2022-06-26 00:08:57,0,0,0.7556675,0,0,95.96977,3.02267,0.2518892,0
2022-06-26 00:08:56,0,0,0.25,0.5,0,96.5,2.75,0,0
2022-06-26 00:08:55,0,0,0.4987531,0.2493766,0,97.25686,1.745636,0.2493766,0
2022-06-26 00:08:54,0,0,0.2506266,0,0,97.99499,1.754386,0,0
2022-06-26 00:08:53,0,0,0.5,0,0,97.75,1.5,0.25,0
2022-06-26 00:08:52,0,0,0,0.2487562,0,97.01493,2.238806,0.4975124,0
2022-06-26 00:08:51,0,0,1.0050251,0,0,95.22613,3.517588,0.2512563,0
2022-06-26 00:08:50,0,0,1.2437811,0.4975124,0,92.0398,5.970149,0.2487562,0
2022-06-26 00:08:49,0,0,2.25,0.25,0,91.25,6.25,0,0
2022-06-26 00:08:48,0,0,1.0025063,0.2506266,0,89.72431,8.270677,0.7518797,0
2022-06-26 00:08:47,0,0,0.5,0.25,0,91.5,7.75,0,0
2022-06-26 00:08:46,0,0,0.5,0,0,96.25,2.75,0.5,0
2022-06-26 00:08:45,0,0,0.4975124,0.2487562,0,95.02488,4.228856,0,0
2022-06-26 00:08:44,0,0,0.5012531,0.2506266,0,92.23058,6.766917,0.2506266,0
2022-06-26 00:08:43,0,0,0.25,0,0,92.75,6.75,0.25,0
2022-06-26 00:08:42,0,0,0.5,0.25,0,89.5,9,0.5,0
2022-06-26 00:08:41,0,0,0.25,0.25,0,89,10.25,0,0
2022-06-26 00:08:40,0,0,0.2506266,0,0,95.2381,4.260652,0.2506266,0
2022-06-26 00:08:39,0,0,0,0,0,95.98997,3.508772,0.5012531,0
2022-06-26 00:08:38,0,0,0.25,0,0,96.25,3.25,0.25,0
2022-06-26 00:08:37,0,0,0,0,0,95.48872,4.260652,0.2506266,0
2022-06-26 00:08:36,0,0,0,0.2493766,0,97.75561,1.745636,0.2493766,0
2022-06-26 00:08:35,0,0,0.25,0,0,97.5,2,0.25,0
2022-06-26 00:08:34,0,0,0,0,0,98.25436,1.4962594,0.2493766,0
2022-06-26 00:08:33,0,0,0.2506266,0,0,98.24561,1.0025063,0.5012531,0
2022-06-26 00:08:32,0,0,0.5,0,0,97.25,1.75,0.5,0
2022-06-26 00:08:31,0,0,0.5012531,0,0,96.74185,2.506266,0.2506266,0
2022-06-26 00:08:30,0,0,0.4962779,0.248139,0,97.02233,1.985112,0.248139,0
2022-06-26 00:08:29,0,0,0.7518797,0.2506266,0,97.74436,1.2531328,0,0
2022-06-26 00:08:28,0,0,0.2506266,0,0,97.99499,1.2531328,0.5012531,0
2022-06-26 00:08:27,0,0,0,0,0,98.75,1,0.25,0
2022-06-26 00:08:26,0,0,0.75,0.25,0,96.75,1.75,0.5,0
2022-06-26 00:08:25,0,0,0.7518797,0,0,96.99248,2.005013,0.2506266,0
2022-06-26 00:08:24,0,0,1.4888337,0.248139,0,95.28536,2.729529,0.248139,0
2022-06-26 00:08:23,0,0,0.5,0,0,97.5,1.5,0.5,0
2022-06-26 00:08:22,0,0,0.7537688,0.2512563,0,96.23116,2.763819,0,0
2022-06-26 00:08:21,0,0,0.2506266,0,0,99.24812,0.2506266,0.2506266,0
2022-06-26 00:08:20,0,0,0.4987531,0.2493766,0,97.50623,1.4962594,0.2493766,0
2022-06-26 00:08:19,0,0,0.5,0,0,97.5,1.75,0.25,0
2022-06-26 00:08:18,0,0,0.5012531,0,0,97.99499,1.0025063,0.5012531,0
2022-06-26 00:08:17,0,0,0.9950249,0.2487562,0,96.76617,1.4925373,0.2487562,0
2022-06-26 00:08:16,0,0,0.9950249,0,0,96.26866,2.238806,0.4975124,0
2022-06-26 00:08:15,0,0,0.5025126,0.2512563,0,97.48744,1.758794,0,0
2022-06-26 00:08:14,0,0,0.25,0,0,98,1.5,0.25,0
2022-06-26 00:08:13,0,0,0.75,0,0,97.25,1.5,0.5,0
2022-06-26 00:08:12,0,0,0.2493766,0.2493766,0,98.50374,0.9975062,0,0
2022-06-26 00:08:11,0,0,0.5037783,0,0,97.48111,2.015113,0,0
2022-06-26 00:08:10,0,0,0.9925558,0.248139,0,95.03722,3.225806,0.4962779,0
2022-06-26 00:08:09,0,0,0.7537688,0,0,96.23116,3.015075,0,0
2022-06-26 00:08:08,0,0,0.75,0.5,0,96.75,1.75,0.25,0
2022-06-26 00:08:07,0,0,0.5,0,0,97.75,1.25,0.5,0
2022-06-26 00:08:06,0,0,0.2493766,0,0,98.75312,0.9975062,0,0
2022-06-26 00:08:05,0,0,0.2506266,0,0,98.74687,0.7518797,0.2506266,0
2022-06-26 00:08:04,0,0,0.7444169,0.248139,0,97.02233,1.736973,0.248139,0
2022-06-26 00:08:03,0,0,0.7556675,0.2518892,0,95.96977,2.518892,0.5037783,0
2022-06-26 00:08:02,0,0,0.9975062,0,0,96.7581,1.995012,0.2493766,0
2022-06-26 00:08:01,0,0,0.7537688,0,0,95.9799,3.266332,0,0
2022-06-26 00:08:00,0,0,0.4962779,0.248139,0,96.77419,2.233251,0.248139,0
2022-06-26 00:07:59,0,0,0.7518797,0,0,97.74436,1.2531328,0.2506266,0
2022-06-26 00:07:58,0,0,0.2493766,0,0,99.00249,0.7481297,0,0
2022-06-26 00:07:57,0,0,0.25,0,0,97,2.25,0.5,0
2022-06-26 00:07:56,0,0,0.7518797,0.5012531,0,96.74185,2.005013,0,0
2022-06-26 00:07:55,0,0,0.9975062,0,0,94.76309,3.990025,0.2493766,0
2022-06-26 00:07:54,0,0,0.7556675,0,0,96.97733,2.015113,0.2518892,0
2022-06-26 00:07:53,0,0,0.9975062,0.2493766,0,96.7581,1.995012,0,0
2022-06-26 00:07:52,0,0,0.5,0,0,97.25,2,0.25,0
2022-06-26 00:07:51,0,0,0.2487562,0,0,98.25871,1.4925373,0,0
2022-06-26 00:07:50,0,0,0,0.25,0,99,0.5,0.25,0
2022-06-26 00:07:49,0,0,0.25,0,0,98.25,1.5,0,0
2022-06-26 00:07:48,0,0,0.7537688,0.2512563,0,96.23116,2.512563,0.2512563,0
2022-06-26 00:07:47,0,0,1.0025063,0.5012531,0,93.48371,4.761905,0.2506266,0
2022-06-26 00:07:46,0,0,1.741294,0.2487562,0,91.04478,6.716418,0.2487562,0
2022-06-26 00:07:45,0,0,0.75,0.25,0,95.5,3.5,0,0
2022-06-26 00:07:44,0,0,1.2437811,0.2487562,0,90.54726,7.711443,0.2487562,0
2022-06-26 00:07:43,0,0,0.7518797,0.2506266,0,93.23308,5.263158,0.5012531,0
2022-06-26 00:07:42,0,0,0.75,0.25,0,92.75,6,0.25,0
2022-06-26 00:07:41,0,0,0.5025126,0,0,92.46231,6.78392,0.2512563,0
2022-06-26 00:07:40,0,0,0,0.2493766,0,91.5212,7.730673,0.2493766,0
2022-06-26 00:07:39,0,0,0,0,0,92.76808,6.982544,0.2493766,0
2022-06-26 00:07:38,0,0,0,0,0,89.97494,9.273183,0.2506266,0
2022-06-26 00:07:37,0,0,0.2493766,0,0,92.76808,6.733167,0.2493766,0
2022-06-26 00:07:36,0,0,0,0,0,95.22613,4.522613,0,0
2022-06-26 00:07:35,0,0,0.2487562,0,0,95.27363,3.482587,0.4975124,0
2022-06-26 00:07:34,0,0,0,0,0,99.49622,0.5037783,0,0
2022-06-26 00:07:33,0,0,0,0.2493766,0,99.00249,0.4987531,0.2493766,0
2022-06-26 00:07:32,0,0,0.248139,0,0,97.51861,1.985112,0.248139,0
2022-06-26 00:07:31,0,0,0,0,0,98.24121,1.758794,0,0
2022-06-26 00:07:30,0,0,0,0,0,99.24623,0.5025126,0.2512563,0
2022-06-26 00:07:29,0,0,0.9925558,0.248139,0,96.02978,2.729529,0,0
2022-06-26 00:07:28,0,0,0,0,0,98.74055,1.2594458,0,0
2022-06-26 00:07:27,0,0,0.7444169,0.248139,0,97.02233,1.736973,0.248139,0
2022-06-26 00:07:26,0,0,0.5,0.25,0,98,1,0.25,0
2022-06-26 00:07:25,0,0,0.75,0,0,96,3,0.25,0
2022-06-26 00:07:24,0,0,0.5,0,0,98.5,0.75,0.25,0
2022-06-26 00:07:23,0,0,0.7537688,0,0,97.23618,1.758794,0.2512563,0
2022-06-26 00:07:22,0,0,0.5,0.25,0,97,2,0.25,0
2022-06-26 00:07:21,0,0,0.5,0.25,0,98.5,0.5,0.25,0
2022-06-26 00:07:20,0,0,0.75,0,0,97.25,1.75,0.25,0
2022-06-26 00:07:19,0,0,0.7462687,0.2487562,0,94.77612,3.731343,0.4975124,0
2022-06-26 00:07:18,0,0,0.5037783,0,0,97.733,1.763224,0,0
2022-06-26 00:07:17,0,0,0.5012531,0,0,98.74687,0.5012531,0.2506266,0
2022-06-26 00:07:16,0,0,0.4950495,0.2475248,0,97.52475,1.4851485,0.2475248,0
2022-06-26 00:07:15,0,0,0.7518797,0.2506266,0,97.99499,1.0025063,0,0
2022-06-26 00:07:14,0,0,0.2512563,0,0,98.24121,1.2562814,0.2512563,0
2022-06-26 00:07:13,0,0,0.9925558,0.248139,0,95.78164,2.729529,0.248139,0
2022-06-26 00:07:12,0,0,0.5012531,0.2506266,0,96.99248,2.005013,0.2506266,0
2022-06-26 00:07:11,0,0,0.7556675,0,0,96.72544,2.518892,0,0
2022-06-26 00:07:10,0,0,0.4962779,0,0,97.02233,2.48139,0,0
2022-06-26 00:07:09,0,0,0.5025126,0,0,98.74372,0.5025126,0.2512563,0
2022-06-26 00:07:08,0,0,0.4962779,0,0,97.76675,1.4888337,0.248139,0
2022-06-26 00:07:07,0,0,0.75,0.25,0,96.25,2.5,0.25,0
2022-06-26 00:07:06,0,0,0.7537688,0.2512563,0,96.98492,2.01005,0,0
2022-06-26 00:07:05,0,0,0.75,0,0,97,2.25,0,0
2022-06-26 00:07:04,0,0,0.5012531,0,0,97.99499,1.2531328,0.2506266,0
2022-06-26 00:07:03,0,0,0.7444169,0.248139,0,97.76675,0.9925558,0.248139,0
2022-06-26 00:07:02,0,0,0.5025126,0,0,98.24121,1.2562814,0,0
2022-06-26 00:07:01,0,0,0.4975124,0.2487562,0,98.00995,0.9950249,0.2487562,0
2022-06-26 00:07:00,0,0,0.5012531,0,0,96.99248,2.255639,0.2506266,0
2022-06-26 00:06:59,0,0,1.0050251,0,0,96.48241,2.261307,0.2512563,0
2022-06-26 00:06:58,0,0,0.7481297,0,0,96.00998,2.743142,0.4987531,0
2022-06-26 00:06:57,0,0,0.5,0.25,0,96.5,2.5,0.25,0
2022-06-26 00:06:56,0,0,0.7518797,0,0,97.99499,1.2531328,0,0
2022-06-26 00:06:55,0,0,0.2506266,0,0,97.99499,1.5037594,0.2506266,0
2022-06-26 00:06:54,0,0,0.4962779,0.248139,0,95.5335,3.473945,0.248139,0
2022-06-26 00:06:53,0,0,0.7556675,0,0,97.22922,1.763224,0.2518892,0
2022-06-26 00:06:52,0,0,0.7425743,0.2475248,0,95.79208,3.217822,0,0
2022-06-26 00:06:51,0,0,0.5025126,0.2512563,0,96.48241,2.512563,0.2512563,0
2022-06-26 00:06:50,0,0,0.5,0.25,0,98.5,0.75,0,0
2022-06-26 00:06:49,0,0,0.75,0.25,0,95.75,3,0.25,0
2022-06-26 00:06:48,0,0,0.4975124,0,0,97.51244,1.741294,0.2487562,0
2022-06-26 00:06:47,0,0,0,0,0,98.99497,0.7537688,0.2512563,0
2022-06-26 00:06:46,0,0,0.4987531,0,0,97.25686,2.244389,0,0
2022-06-26 00:06:45,0,0,0.9975062,0,0,95.7606,2.743142,0.4987531,0
2022-06-26 00:06:44,0,0,1.2531328,0.2506266,0,93.73434,4.761905,0,0
2022-06-26 00:06:43,0,0,1,0,0,92,7,0,0
2022-06-26 00:06:42,0,0,1.0050251,0.2512563,0,93.46734,5.276382,0,0
2022-06-26 00:06:41,0,0,0.7481297,0.2493766,0,94.26434,4.488778,0.2493766,0
2022-06-26 00:06:40,0,0,0.4962779,0,0,94.04467,4.962779,0.248139,0
2022-06-26 00:06:39,0,0,0.75,0.25,0,92.25,6.5,0.25,0
2022-06-26 00:06:38,0,0,0.5012531,0,0,93.98496,5.513784,0,0
2022-06-26 00:06:37,0,0,0.7481297,0,0,89.77556,8.72818,0.7481297,0
2022-06-26 00:06:36,0,0,0,0.2506266,0,90.97744,8.02005,0.2506266,0
2022-06-26 00:06:35,0,0,0,0,0,94,5.5,0.5,0
2022-06-26 00:06:34,0,0,0.2506266,0,0,94.48622,4.761905,0.5012531,0
2022-06-26 00:06:33,0,0,0,0.2493766,0,95.7606,3.740648,0.2493766,0
2022-06-26 00:06:32,0,0,0.2512563,0,0,95.72864,3.768844,0.2512563,0
2022-06-26 00:06:31,0,0,0,0,0,97.99499,1.754386,0.2506266,0
2022-06-26 00:06:30,0,0,0.2506266,0,0,99.49875,0.2506266,0,0
2022-06-26 00:06:29,0,0,0,0,0,98.25436,1.4962594,0.2493766,0
2022-06-26 00:06:28,0,0,0,0,0,99.25187,0.7481297,0,0
2022-06-26 00:06:27,0,0,0.4987531,0.2493766,0,97.75561,1.2468828,0.2493766,0
2022-06-26 00:06:26,0,0,0.5025126,0.2512563,0,97.48744,1.758794,0,0
2022-06-26 00:06:25,0,0,1.4962594,0.2493766,0,95.51122,2.743142,0,0
2022-06-26 00:06:24,0,0,0.5025126,0.2512563,0,97.98995,1.0050251,0.2512563,0
2022-06-26 00:06:23,0,0,0.7425743,0,0,96.53465,2.227723,0.2475248,0
2022-06-26 00:06:22,0,0,0.5025126,0,0,98.24121,1.2562814,0,0
2022-06-26 00:06:21,0,0,0,0,0,98.5,1.25,0.25,0
2022-06-26 00:06:20,0,0,0.4987531,0,0,98.00499,1.4962594,0,0
2022-06-26 00:06:19,0,0,0.7518797,0.2506266,0,96.49123,2.255639,0.2506266,0
2022-06-26 00:06:18,0,0,0.7481297,0,0,97.25686,1.745636,0.2493766,0
2022-06-26 00:06:17,0,0,1.0025063,0,0,95.98997,2.756892,0.2506266,0
2022-06-26 00:06:16,0,0,0.75,0.25,0,96,3,0,0
2022-06-26 00:06:15,0,0,0.2493766,0.2493766,0,98.25436,0.9975062,0.2493766,0
2022-06-26 00:06:14,0,0,0,0,0,99.25,0.75,0,0
2022-06-26 00:06:13,0,0,0.75,0.25,0,96.5,2.5,0,0
2022-06-26 00:06:12,0,0,0.75,0.25,0,97.25,1.5,0.25,0
2022-06-26 00:06:11,0,0,0.9975062,0.2493766,0,96.50873,2.244389,0,0
2022-06-26 00:06:10,0,0,0.7537688,0.2512563,0,96.48241,2.512563,0,0
2022-06-26 00:06:09,0,0,0.5012531,0,0,97.74436,1.5037594,0.2506266,0
2022-06-26 00:06:08,0,0,0.2493766,0,0,98.50374,0.9975062,0.2493766,0
2022-06-26 00:06:07,0,0,0.25,0,0,98.25,1.5,0,0
2022-06-26 00:06:06,0,0,0.4987531,0.2493766,0,97.50623,1.4962594,0.2493766,0
2022-06-26 00:06:05,0,0,1.0025063,0,0,97.74436,1.2531328,0,0
2022-06-26 00:06:04,0,0,0.7462687,0,0,96.26866,2.736318,0.2487562,0
2022-06-26 00:06:03,0,0,1,0.25,0,96.5,2.25,0,0
2022-06-26 00:06:02,0,0,0.7537688,0,0,97.48744,1.5075377,0.2512563,0
2022-06-26 00:06:01,0,0,0,0,0,98.75,1,0.25,0
2022-06-26 00:06:00,0,0,0,0,0,99.00249,0.7481297,0.2493766,0
2022-06-26 00:05:59,0,0,0.5025126,0,0,98.24121,1.0050251,0.2512563,0
2022-06-26 00:05:58,0,0,0.9950249,0,0,96.0199,2.736318,0.2487562,0
2022-06-26 00:05:57,0,0,0.7556675,0.2518892,0,95.96977,3.02267,0,0
2022-06-26 00:05:56,0,0,1.2437811,0,0,96.0199,2.487562,0.2487562,0
2022-06-26 00:05:55,0,0,0.5,0.25,0,96.75,2.25,0.25,0
2022-06-26 00:05:54,0,0,0,0,0,97.75561,1.995012,0.2493766,0
2022-06-26 00:05:53,0,0,0,0,0,99.50125,0.2493766,0.2493766,0
2022-06-26 00:05:52,0,0,0.5012531,0,0,97.99499,1.5037594,0,0
2022-06-26 00:05:51,0,0,0.4987531,0,0,97.00748,2.244389,0.2493766,0
2022-06-26 00:05:50,0,0,1.2531328,0,0,95.73935,2.756892,0.2506266,0
2022-06-26 00:05:49,0,0,0.9950249,0.2487562,0,95.77114,2.985075,0,0
2022-06-26 00:05:48,0,0,0.7537688,0.2512563,0,95.9799,2.763819,0.2512563,0
2022-06-26 00:05:47,0,0,0.2493766,0,0,97.75561,1.745636,0,0
2022-06-26 00:05:46,0,0,0.2506266,0,0,98.99749,0.5012531,0.2506266,0
2022-06-26 00:05:45,0,0,0,0,0,98.75,1.25,0,0
2022-06-26 00:05:44,0,0,0.2506266,0,0,98.24561,1.5037594,0,0
2022-06-26 00:05:43,0,0,0.75,0,0,96.25,2.5,0.5,0
2022-06-26 00:05:42,0,0,1,1,0,94.5,3.5,0,0
2022-06-26 00:05:41,0,0,1.25,0.25,0,93.25,5,0.25,0
2022-06-26 00:05:40,0,0,1.4962594,0.2493766,0,89.77556,8.229426,0.2493766,0
2022-06-26 00:05:39,0,0,1.2531328,0.2506266,0,91.72932,6.516291,0.2506266,0
2022-06-26 00:05:38,0,0,0.75,0,0,92.75,6,0.25,0
2022-06-26 00:05:37,0,0,0.5012531,0,0,91.72932,7.518797,0.2506266,0
2022-06-26 00:05:36,0,0,0,0,0,93.23308,6.516291,0.2506266,0
2022-06-26 00:05:35,0,0,0.2487562,0,0,96.0199,3.233831,0.2487562,0
2022-06-26 00:05:34,0,0,0,0,0,93,6.5,0.25,0
2022-06-26 00:05:33,0,0,0.25,0,0,91,8.5,0.25,0
2022-06-26 00:05:32,0,0,0,0.25,0,91,8.5,0.25,0
2022-06-26 00:05:31,0,0,0.2506266,0.2506266,0,85.21303,5.513784,0,0
2022-06-26 00:05:30,0,0,0.25,0,0,97.5,1.75,0.5,0
2022-06-26 00:05:29,0,0,0,0,0,98.00499,1.745636,0.2493766,0
2022-06-26 00:05:28,0,0,0,0.25,0,98.75,0.75,0.25,0
2022-06-26 00:05:27,0,0,0,0,0,99.25187,0.4987531,0.2493766,0
2022-06-26 00:05:26,0,0,0.2512563,0,0,98.49246,1.2562814,0,0
2022-06-26 00:05:25,0,0,0.5,0,0,98.75,0.5,0.25,0
2022-06-26 00:05:24,0,0,0.4962779,0.4962779,0,97.27047,1.4888337,0.248139,0
2022-06-26 00:05:23,0,0,1.0075567,0,0,96.22166,2.518892,0.2518892,0
2022-06-26 00:05:22,0,0,0.2493766,0.2493766,0,98.00499,1.2468828,0.2493766,0
2022-06-26 00:05:21,0,0,1.2531328,0.2506266,0,96.49123,1.754386,0.2506266,0
2022-06-26 00:05:20,0,0,0,0,0,99,1,0,0
2022-06-26 00:05:19,0,0,0,0.5012531,0,98.99749,0.5012531,0,0
2022-06-26 00:05:18,0,0,0.4987531,0,0,98.00499,1.2468828,0.2493766,0
2022-06-26 00:05:17,0,0,0.7481297,0,0,97.00748,1.995012,0.2493766,0
2022-06-26 00:05:16,0,0,0.7518797,0,0,97.24311,1.754386,0.2506266,0
2022-06-26 00:05:15,0,0,1.2531328,0.2506266,0,95.2381,3.007519,0.2506266,0
2022-06-26 00:05:14,0,0,0.7481297,0,0,96.50873,2.493766,0.2493766,0
2022-06-26 00:05:13,0,0,0.25,0,0,99,0.75,0,0
2022-06-26 00:05:12,0,0,0,0.248139,0,99.00744,0.4962779,0.248139,0
2022-06-26 00:05:11,0,0,0.5025126,0,0,98.24121,1.2562814,0,0
2022-06-26 00:05:10,0,0,0.7481297,0.2493766,0,96.25935,2.244389,0.4987531,0
2022-06-26 00:05:09,0,0,0.7518797,0,0,96.99248,2.005013,0.2506266,0
2022-06-26 00:05:08,0,0,1.2437811,0.2487562,0,95.77114,2.487562,0,0
2022-06-26 00:05:07,0,0,0.7537688,0,0,96.98492,2.01005,0.2512563,0
2022-06-26 00:05:06,0,0,0,0,0,98.75,1,0.25,0
2022-06-26 00:05:05,0,0,0,0,0,99.25,0.5,0.25,0
2022-06-26 00:05:04,0,0,0.5,0,0,98,1.25,0.25,0
2022-06-26 00:05:03,0,0,1,0,0,97.5,1.5,0,0
2022-06-26 00:05:02,0,0,0.5012531,0.2506266,0,97.49373,1.754386,0,0
2022-06-26 00:05:01,0,0,1.25,0,0,95.5,2.75,0.5,0
2022-06-26 00:05:00,0,0,0.7462687,0.2487562,0,97.26368,1.741294,0,0
2022-06-26 00:04:59,0,0,0,0,0,99.74937,0.2506266,0,0
2022-06-26 00:04:58,0,0,0.25,0,0,98,1.5,0.25,0
2022-06-26 00:04:57,0,0,0.4975124,0,0,98.50746,0.7462687,0.2487562,0
2022-06-26 00:04:56,0,0,0.5012531,0.2506266,0,97.24311,2.005013,0,0
2022-06-26 00:04:55,0,0,1.0050251,0.2512563,0,95.72864,3.015075,0,0
2022-06-26 00:04:54,0,0,1.4925373,0.2487562,0,96.0199,1.741294,0.4975124,0
2022-06-26 00:04:53,0,0,0.7518797,0,0,97.49373,1.5037594,0.2506266,0
2022-06-26 00:04:52,0,0,0,0,0,98.75622,0.7462687,0.4975124,0
2022-06-26 00:04:51,0,0,0,0,0,98.99244,1.0075567,0,0
2022-06-26 00:04:50,0,0,0.25,0,0,98.75,0.5,0.5,0
2022-06-26 00:04:49,0,0,1.0050251,0.2512563,0,96.73367,1.758794,0.2512563,0
2022-06-26 00:04:48,0,0,0.9876543,0,0,94.07407,4.444444,0.4938272,0
2022-06-26 00:04:47,0,0,1.0025063,0.2506266,0,94.98747,3.258145,0.5012531,0
2022-06-26 00:04:46,0,0,0.9975062,0.2493766,0,96.7581,1.745636,0.2493766,0
2022-06-26 00:04:45,0,0,0.2518892,0,0,96.97733,2.770781,0,0
2022-06-26 00:04:44,0,0,0.25,0,0,99,0.25,0.5,0
2022-06-26 00:04:43,0,0,0,0,0,99,1,0,0
2022-06-26 00:04:42,0,0,0.4987531,0.2493766,0,97.50623,1.745636,0,0
2022-06-26 00:04:41,0,0,0.5012531,0,0,96.74185,2.506266,0.2506266,0
2022-06-26 00:04:40,0,0,0.7518797,0,0,96.49123,2.506266,0.2506266,0
2022-06-26 00:04:39,0,0,1.2406948,0.4962779,0,91.31514,6.451613,0.4962779,0
2022-06-26 00:04:38,0,0,1.5,0.75,0,92,5.5,0.25,0
2022-06-26 00:04:37,0,0,1.25,0,0,91,7.5,0.25,0
2022-06-26 00:04:36,0,0,0.75,0.25,0,89.75,9.25,0,0
2022-06-26 00:04:35,0,0,0.5025126,0,0,92.96482,6.281407,0.2512563,0
2022-06-26 00:04:34,0,0,0.2487562,0,0,94.52736,4.477612,0.7462687,0
2022-06-26 00:04:33,0,0,0.2506266,0,0,89.22306,10.275689,0.2506266,0
2022-06-26 00:04:32,0,0,0,0,0,94.48622,5.513784,0,0
2022-06-26 00:04:31,0,0,0,0.25,0,93.5,6,0.25,0
2022-06-26 00:04:30,0,0,0.25,0,0,90.25,8.5,0.25,0
2022-06-26 00:04:29,0,0,0,0,0,94.51372,4.987531,0.2493766,0
2022-06-26 00:04:28,0,0,0.2512563,0,0,95.47739,4.271357,0,0
2022-06-26 00:04:27,0,0,0,0,0,98.5,1.25,0.25,0
2022-06-26 00:04:26,0,0,0.2493766,0.2493766,0,98.25436,0.9975062,0.2493766,0
2022-06-26 00:04:25,0,0,1,0,0,98,0.75,0.25,0
2022-06-26 00:04:24,0,0,0,0,0,98.5,1.25,0.25,0
2022-06-26 00:04:23,0,0,0.5012531,0,0,97.99499,1.2531328,0.2506266,0
2022-06-26 00:04:22,0,0,0,0,0,99.25,0.75,0,0
2022-06-26 00:04:21,0,0,0.7481297,0.4987531,0,97.25686,1.2468828,0.2493766,0
2022-06-26 00:04:20,0,0,0.7518797,0.2506266,0,95.73935,3.007519,0.2506266,0
2022-06-26 00:04:19,0,0,0.2493766,0,0,98.00499,1.4962594,0.2493766,0
2022-06-26 00:04:18,0,0,0.9975062,0,0,97.00748,1.995012,0,0
2022-06-26 00:04:17,0,0,0.2506266,0.2506266,0,97.99499,1.2531328,0.2506266,0
2022-06-26 00:04:16,0,0,0.5,0.25,0,97.75,1.25,0.25,0
2022-06-26 00:04:15,0,0,0.25,0.25,0,98.25,1,0.25,0
2022-06-26 00:04:14,0,0,1,0,0,96.5,2.25,0.25,0
2022-06-26 00:04:13,0,0,0.7518797,0.2506266,0,97.49373,1.5037594,0,0
2022-06-26 00:04:12,0,0,0.5,0.25,0,96.75,2.25,0.25,0
2022-06-26 00:04:11,0,0,0.7481297,0.4987531,0,96.7581,1.745636,0.2493766,0
2022-06-26 00:04:10,0,0,0.5012531,0,0,98.24561,1.2531328,0,0
2022-06-26 00:04:09,0,0,0.4987531,0.2493766,0,98.00499,0.9975062,0.2493766,0
2022-06-26 00:04:08,0,0,0.5012531,0,0,97.24311,2.255639,0,0
2022-06-26 00:04:07,0,0,1.25,0,0,97,1.5,0.25,0
2022-06-26 00:04:06,0,0,0.9950249,0.4975124,0,95.77114,2.487562,0,0
2022-06-26 00:04:05,0,0,0.7518797,0,0,96.99248,2.005013,0.2506266,0
2022-06-26 00:04:04,0,0,0.4962779,0.248139,0,97.51861,1.736973,0,0
2022-06-26 00:04:03,0,0,0.2512563,0,0,98.74372,0.7537688,0.2512563,0
2022-06-26 00:04:02,0,0,0.75,0,0,97.25,1.75,0.25,0
2022-06-26 00:04:01,0,0,0.5,0.25,0,97.75,1.25,0.25,0
2022-06-26 00:04:00,0,0,0.7518797,0,0,97.49373,1.5037594,0.2506266,0
2022-06-26 00:03:59,0,0,1.2468828,0,0,96.50873,2.244389,0,0
2022-06-26 00:03:58,0,0,0.7518797,0.5012531,0,96.49123,2.255639,0,0
2022-06-26 00:03:57,0,0,0.4987531,0,0,98.50374,0.7481297,0.2493766,0
2022-06-26 00:03:56,0,0,0.25,0,0,99,0.5,0.25,0
2022-06-26 00:03:55,0,0,0.5012531,0,0,98.49624,1.0025063,0,0
2022-06-26 00:03:54,0,0,0.5,0,0,97.75,1.25,0.5,0
2022-06-26 00:03:53,0,0,1.2468828,0.4987531,0,94.51372,3.491272,0.2493766,0
2022-06-26 00:03:52,0,0,1.2531328,0,0,95.48872,3.007519,0.2506266,0
2022-06-26 00:03:51,0,0,0.75,0.25,0,96.5,2.5,0,0
2022-06-26 00:03:50,0,0,0,0,0,98.50374,1.2468828,0.2493766,0
2022-06-26 00:03:49,0,0,0,0,0,98.99749,0.7518797,0.2506266,0
2022-06-26 00:03:48,0,0,0.5,0,0,98,1.5,0,0
2022-06-26 00:03:47,0,0,0.25,0,0,97.75,1.75,0.25,0
2022-06-26 00:03:46,0,0,0.4975124,0,0,96.51741,2.736318,0.2487562,0
2022-06-26 00:03:45,0,0,1.5037594,0.2506266,0,93.98496,4.260652,0,0
2022-06-26 00:03:44,0,0,0.4987531,0,0,97.25686,1.995012,0.2493766,0
2022-06-26 00:03:43,0,0,0.5,0,0,98,1.25,0.25,0
2022-06-26 00:03:42,0,0,0.2518892,0,0,97.48111,2.267003,0,0
2022-06-26 00:03:41,0,0,0,0,0,99.00249,0.7481297,0.2493766,0
2022-06-26 00:03:40,0,0,0.25,0,0,97.75,2,0,0
2022-06-26 00:03:39,0,0,0.7462687,0,0,97.51244,1.4925373,0.2487562,0
2022-06-26 00:03:38,0,0,0.75,0.25,0,96,2.5,0.5,0
2022-06-26 00:03:37,0,0,1.75,0,0,91.25,6.25,0.5,0
2022-06-26 00:03:36,0,0,1.5075377,0.2512563,0,89.44724,8.291457,0.5025126,0
2022-06-26 00:03:35,0,0,0.7462687,0.2487562,0,92.0398,6.965174,0,0
2022-06-26 00:03:34,0,0,0.5,0,0,90.25,9,0.25,0
2022-06-26 00:03:33,0,0,0.4987531,0.2493766,0,93.51621,5.486284,0.2493766,0
2022-06-26 00:03:32,0,0,0.2506266,0,0,95.48872,4.260652,0,0
2022-06-26 00:03:31,0,0,0.2512563,0,0,93.96985,5.276382,0.5025126,0
2022-06-26 00:03:30,0,0,0,0,0,91.02244,8.72818,0.2493766,0
2022-06-26 00:03:29,0,0,0,0,0,92.53731,6.716418,0.4975124,0
2022-06-26 00:03:28,0,0,0.2518892,0.2518892,0,89.42065,8.564232,0.2518892,0
2022-06-26 00:03:27,0,0,0,0,0,94.72362,5.025126,0.2512563,0
2022-06-26 00:03:26,0,0,0,0.25,0,97,2.25,0.5,0
2022-06-26 00:03:25,0,0,0.9975062,0,0,97.25686,1.2468828,0,0
2022-06-26 00:03:24,0,0,0,0,0,98.25,1.75,0,0
2022-06-26 00:03:23,0,0,0,0,0,98.49624,1.2531328,0.2506266,0
2022-06-26 00:03:22,0,0,0.2487562,0,0,98.75622,0.7462687,0.2487562,0
2022-06-26 00:03:21,0,0,0,0,0,99.49622,0.5037783,0,0
2022-06-26 00:03:20,0,0,0.7462687,0,0,96.76617,2.238806,0.2487562,0
2022-06-26 00:03:19,0,0,0.25,0,0,98.75,1,0,0
2022-06-26 00:03:18,0,0,0.5,0.25,0,97.75,1.25,0.25,0
2022-06-26 00:03:17,0,0,1,0,0,96.5,2.25,0.25,0
2022-06-26 00:03:16,0,0,0.4987531,0,0,97.75561,1.745636,0,0
2022-06-26 00:03:15,0,0,0,0,0,99.49875,0.2506266,0.2506266,0
2022-06-26 00:03:14,0,0,0.25,0.25,0,97.5,2,0,0
2022-06-26 00:03:13,0,0,0.75,0.25,0,97.5,1.5,0,0
2022-06-26 00:03:12,0,0,0.75,0,0,96.75,2,0.5,0
2022-06-26 00:03:11,0,0,1.0025063,0.2506266,0,96.49123,2.255639,0,0
2022-06-26 00:03:10,0,0,0.5,0,0,97.5,1.5,0.5,0
2022-06-26 00:03:09,0,0,0.9975062,0.2493766,0,96.7581,1.995012,0,0
2022-06-26 00:03:08,0,0,0,0,0,98.50374,1.2468828,0.2493766,0
2022-06-26 00:03:07,0,0,0,0.25,0,98.75,0.75,0.25,0
2022-06-26 00:03:06,0,0,0.7518797,0.2506266,0,97.49373,1.5037594,0,0
2022-06-26 00:03:05,0,0,1.2531328,0,0,95.73935,2.756892,0.2506266,0
2022-06-26 00:03:04,0,0,0.7481297,0.2493766,0,97.50623,1.2468828,0.2493766,0
2022-06-26 00:03:03,0,0,0.75,0.25,0,97.25,1.5,0.25,0
2022-06-26 00:03:02,0,0,0.5,0,0,98,1.25,0.25,0
2022-06-26 00:03:01,0,0,0,0.25,0,98.5,1.25,0,0
2022-06-26 00:03:00,0,0,0.2493766,0,0,98.50374,0.9975062,0.2493766,0
2022-06-26 00:02:59,0,0,0.5,0,0,97,2.25,0.25,0
2022-06-26 00:02:58,0,0,1.2562814,0.2512563,0,95.47739,2.763819,0.2512563,0
2022-06-26 00:02:57,0,0,1.2437811,0.2487562,0,96.51741,1.741294,0.2487562,0
2022-06-26 00:02:56,0,0,0.5012531,0.7518797,0,96.2406,2.255639,0.2506266,0
2022-06-26 00:02:55,0,0,0.5,0.25,0,96.75,2.5,0,0
2022-06-26 00:02:54,0,0,0.25,0,0,99,0.5,0.25,0
2022-06-26 00:02:53,0,0,0,0.2493766,0,98.75312,0.7481297,0.2493766,0
2022-06-26 00:02:52,0,0,0.5012531,0,0,97.49373,1.754386,0.2506266,0
2022-06-26 00:02:51,0,0,1.25,0.25,0,95.75,2.5,0.25,0
2022-06-26 00:02:50,0,0,1.25,0.25,0,95.75,2.5,0.25,0
2022-06-26 00:02:49,0,0,0.5,0,0,96.75,2.5,0.25,0
2022-06-26 00:02:48,0,0,0.4987531,0,0,97.50623,1.745636,0.2493766,0
2022-06-26 00:02:47,0,0,0.2512563,0,0,98.74372,1.0050251,0,0
2022-06-26 00:02:46,0,0,0,0,0,99.25187,0.4987531,0.2493766,0
2022-06-26 00:02:45,0,0,0.25,0,0,98.5,1.25,0,0
2022-06-26 00:02:44,0,0,1.0025063,0.5012531,0,94.73684,3.258145,0.5012531,0
2022-06-26 00:02:43,0,0,0.9975062,0,0,94.76309,3.990025,0.2493766,0
2022-06-26 00:02:42,0,0,0.9975062,0.2493766,0,95.01247,3.491272,0.2493766,0
2022-06-26 00:02:41,0,0,0.7462687,0,0,97.51244,1.4925373,0.2487562,0
2022-06-26 00:02:40,0,0,0.5037783,0.5037783,0,97.48111,1.511335,0,0
2022-06-26 00:02:39,0,0,0.25,0,0,98.25,1.25,0.25,0
2022-06-26 00:02:38,0,0,0,0,0,99.25373,0.4975124,0.2487562,0
2022-06-26 00:02:37,0,0,0.25,0,0,97.5,2.25,0,0
2022-06-26 00:02:36,0,0,0.5,0,0,96,3.25,0.25,0
2022-06-26 00:02:35,0,0,1.4962594,0.7481297,0,93.01746,4.488778,0.2493766,0
2022-06-26 00:02:34,0,0,2.005013,0.7518797,0,89.97494,7.017544,0.2506266,0
2022-06-26 00:02:33,0,0,1.5,0.5,0,90,7.75,0.25,0
2022-06-26 00:02:32,0,0,0.7518797,0,0,91.97995,7.26817,0,0
2022-06-26 00:02:31,0,0,0.5012531,0.2506266,0,92.73183,6.015038,0.5012531,0
2022-06-26 00:02:30,0,0,0.2506266,0,0,93.73434,5.764411,0.2506266,0
2022-06-26 00:02:29,0,0,0.5,0,0,91.75,7.5,0.25,0
2022-06-26 00:02:28,0,0,0,0,0,93.53234,6.218905,0.2487562,0
2022-06-26 00:02:27,0,0,0,0,0,93.21608,6.281407,0.2512563,0
2022-06-26 00:02:26,0,0,0,0,0,90.77307,8.72818,0.2493766,0
2022-06-26 00:02:25,0,0,0.7537688,0.2512563,0,88.94472,8.040201,0.5025126,0
2022-06-26 00:02:24,0,0,0,0,0,96.23116,3.768844,0,0
2022-06-26 00:02:23,0,0,0,0,0,97.26368,2.487562,0.2487562,0
2022-06-26 00:02:22,0,0,0,0,0,98.23678,1.511335,0.2518892,0
2022-06-26 00:02:21,0,0,0.2493766,0,0,98.75312,0.7481297,0.2493766,0
2022-06-26 00:02:20,0,0,0.25,0.25,0,98.5,1,0,0
2022-06-26 00:02:19,0,0,0,0,0,99.24812,0.7518797,0,0
2022-06-26 00:02:18,0,0,0.2487562,0.2487562,0,97.76119,1.4925373,0.2487562,0
2022-06-26 00:02:17,0,0,0.5,0,0,97.25,1.75,0.25,0
2022-06-26 00:02:16,0,0,0.9975062,0,0,96.00998,2.743142,0.2493766,0
2022-06-26 00:02:15,0,0,0.2512563,0.2512563,0,98.49246,1.0050251,0,0
2022-06-26 00:02:14,0,0,0.4987531,0,0,97.00748,2.244389,0.2493766,0
2022-06-26 00:02:13,0,0,0.2506266,0.2506266,0,97.74436,1.754386,0,0
2022-06-26 00:02:12,0,0,0.5,0,0,99,0.5,0,0
2022-06-26 00:02:11,0,0,0.5,0,0,97.25,1.75,0.5,0
2022-06-26 00:02:10,0,0,0.7462687,0.2487562,0,97.26368,1.2437811,0.4975124,0
2022-06-26 00:02:09,0,0,0.7537688,0.2512563,0,97.23618,1.5075377,0.2512563,0
2022-06-26 00:02:08,0,0,0.7481297,0.2493766,0,96.7581,1.995012,0.2493766,0
2022-06-26 00:02:07,0,0,0.4975124,0.2487562,0,98.00995,0.7462687,0.4975124,0
2022-06-26 00:02:06,0,0,0.2525253,0,0,98.23232,1.5151515,0,0
2022-06-26 00:02:05,0,0,0.248139,0.248139,0,97.27047,1.985112,0.248139,0
2022-06-26 00:02:04,0,0,0.7518797,0,0,96.99248,2.005013,0.2506266,0
2022-06-26 00:02:03,0,0,0.9975062,0,0,97.00748,1.745636,0.2493766,0
2022-06-26 00:02:02,0,0,1.0025063,0,0,96.49123,2.255639,0.2506266,0
2022-06-26 00:02:01,0,0,0.5012531,0,0,97.24311,2.005013,0.2506266,0
2022-06-26 00:02:00,0,0,0.5,0,0,98.5,0.75,0.25,0
2022-06-26 00:01:59,0,0,0.5,0,0,97.25,2.25,0,0
2022-06-26 00:01:58,0,0,0.25,0,0,98.25,1.5,0,0
2022-06-26 00:01:57,0,0,0.5,0.25,0,97.5,1.25,0.5,0
2022-06-26 00:01:56,0,0,0.7518797,0,0,96.74185,2.506266,0,0
2022-06-26 00:01:55,0,0,0.9950249,0.2487562,0,96.76617,1.741294,0.2487562,0
2022-06-26 00:01:54,0,0,0.5012531,0,0,97.99499,1.2531328,0.2506266,0
2022-06-26 00:01:53,0,0,1,0.25,0,97.25,1.5,0,0
2022-06-26 00:01:52,0,0,0.25,0,0,97.75,2,0,0
2022-06-26 00:01:51,0,0,0,0.25,0,99,0.5,0.25,0
2022-06-26 00:01:50,0,0,0.5,0,0,98.5,1,0,0
2022-06-26 00:01:49,0,0,1.2468828,0.2493766,0,95.7606,2.493766,0.2493766,0
2022-06-26 00:01:48,0,0,1.2531328,0,0,95.73935,2.756892,0.2506266,0
2022-06-26 00:01:47,0,0,0.7518797,0.2506266,0,96.2406,2.756892,0,0
2022-06-26 00:01:46,0,0,0.25,0,0,98.25,1.25,0.25,0
2022-06-26 00:01:45,0,0,0.4987531,0.4987531,0,97.25686,1.4962594,0.2493766,0
2022-06-26 00:01:44,0,0,0.25,0,0,98.75,0.75,0.25,0
2022-06-26 00:01:43,0,0,0.4987531,0,0,96.50873,2.743142,0.2493766,0
2022-06-26 00:01:42,0,0,0.7462687,0,0,97.01493,1.741294,0.4975124,0
2022-06-26 00:01:41,0,0,1.0025063,0.2506266,0,96.49123,2.255639,0,0
2022-06-26 00:01:40,0,0,0.7518797,0.2506266,0,93.23308,5.263158,0.5012531,0
2022-06-26 00:01:39,0,0,1,0.25,0,95.5,3.25,0,0
2022-06-26 00:01:38,0,0,0.5012531,0.2506266,0,98.24561,0.7518797,0.2506266,0
2022-06-26 00:01:37,0,0,0.5,0.25,0,96.75,2,0.5,0
2022-06-26 00:01:36,0,0,0.248139,0.248139,0,99.00744,0.248139,0.248139,0
2022-06-26 00:01:35,0,0,0,0,0,98.99749,1.0025063,0,0
2022-06-26 00:01:34,0,0,0.75,0,0,95.75,3.25,0.25,0
2022-06-26 00:01:33,0,0,0.9975062,0.4987531,0,94.51372,3.491272,0.4987531,0
2022-06-26 00:01:32,0,0,1.5075377,0,0,93.46734,4.773869,0.2512563,0
2022-06-26 00:01:31,0,0,0.75,0.5,0,89.5,8.75,0.5,0
2022-06-26 00:01:30,0,0,1.0025063,0.2506266,0,92.73183,5.764411,0.2506266,0
2022-06-26 00:01:29,0,0,1.2437811,0,0,93.78109,4.477612,0.4975124,0
2022-06-26 00:01:28,0,0,0.5,0.25,0,90.75,8.25,0.25,0
2022-06-26 00:01:27,0,0,0.2506266,0.2506266,0,93.98496,5.012531,0.5012531,0
2022-06-26 00:01:26,0,0,0.4987531,0,0,93.01746,6.483791,0,0
2022-06-26 00:01:25,0,0,1.75,0,0,91,6.75,0.5,0
2022-06-26 00:01:24,0,0,0.2512563,0,0,90.95477,8.291457,0.2512563,0
2022-06-26 00:01:23,0,0,0.2493766,0.2493766,0,90.02494,8.977556,0.4987531,0
2022-06-26 00:01:22,0,0,0,0,0,93.25,6.25,0.25,0
2022-06-26 00:01:21,0,0,0,0,0,97.22922,2.770781,0,0
2022-06-26 00:01:20,0,0,0.2493766,0,0,97.00748,2.493766,0.2493766,0
2022-06-26 00:01:19,0,0,0,0.25,0,98.75,0.5,0.5,0
2022-06-26 00:01:18,0,0,0.2493766,0,0,98.25436,1.2468828,0.2493766,0
2022-06-26 00:01:17,0,0,0,0,0,99.24812,0.7518797,0,0
2022-06-26 00:01:16,0,0,0,0,0,98.75,0.5,0.75,0
2022-06-26 00:01:15,0,0,0,0,0,99.24812,0.7518797,0,0
2022-06-26 00:01:14,0,0,0.7481297,0,0,96.50873,2.244389,0.4987531,0
2022-06-26 00:01:13,0,0,0.9975062,0,0,96.25935,2.743142,0,0
2022-06-26 00:01:12,0,0,0.7518797,0.2506266,0,96.74185,2.255639,0,0
2022-06-26 00:01:11,0,0,0.5,0.25,0,98.25,0.75,0.25,0
2022-06-26 00:01:10,0,0,0,0,0,99,0.75,0.25,0
2022-06-26 00:01:09,0,0,0,0.25,0,98.75,1,0,0
2022-06-26 00:01:08,0,0,0.5,0,0,97.5,1.5,0.5,0
2022-06-26 00:01:07,0,0,1.2437811,0.2487562,0,95.52239,2.487562,0.4975124,0
2022-06-26 00:01:06,0,0,1.0075567,0,0,96.47355,2.267003,0.2518892,0
2022-06-26 00:01:05,0,0,0.9975062,0.2493766,0,96.50873,1.995012,0.2493766,0
2022-06-26 00:01:04,0,0,0.25,0,0,98.75,1,0,0
2022-06-26 00:01:03,0,0,0,0,0,99,1,0,0
2022-06-26 00:01:02,0,0,0,0,0,98.75,1,0.25,0
2022-06-26 00:01:01,0,0,0.4987531,0,0,97.75561,1.4962594,0.2493766,0
2022-06-26 00:01:00,0,0,1.2562814,0.2512563,0,95.72864,2.512563,0.2512563,0
2022-06-26 00:00:59,0,0,1.4962594,0,0,95.51122,2.743142,0.2493766,0
2022-06-26 00:00:58,0,0,0.7518797,0,0,97.24311,2.005013,0,0
2022-06-26 00:00:57,0,0,0.2493766,0.2493766,0,98.00499,1.2468828,0.2493766,0
2022-06-26 00:00:56,0,0,0,0,0,99.24812,0.7518797,0,0
2022-06-26 00:00:55,0,0,0,0,0,98.75312,0.9975062,0.2493766,0
2022-06-26 00:00:54,0,0,0.7462687,0,0,98.00995,0.9950249,0.2487562,0
2022-06-26 00:00:53,0,0,1.2531328,0.2506266,0,95.73935,2.506266,0.2506266,0
2022-06-26 00:00:52,0,0,1.2531328,0.2506266,0,95.2381,3.007519,0.2506266,0
2022-06-26 00:00:51,0,0,0.4987531,0,0,98.25436,0.9975062,0.2493766,0
2022-06-26 00:00:50,0,0,0.2512563,0,0,97.73869,2.01005,0,0
2022-06-26 00:00:49,0,0,0,0,0,99,0.75,0.25,0
2022-06-26 00:00:48,0,0,0.2506266,0,0,98.99749,0.7518797,0,0
2022-06-26 00:00:47,0,0,0.4975124,0.2487562,0,97.26368,1.741294,0.2487562,0
2022-06-26 00:00:46,0,0,0.9975062,0,0,95.7606,2.992519,0.2493766,0
2022-06-26 00:00:45,0,0,1.5075377,0.2512563,0,94.72362,3.015075,0.5025126,0
2022-06-26 00:00:44,0,0,0.9925558,0,0,96.27792,2.233251,0.4962779,0
2022-06-26 00:00:43,0,0,0.2506266,0,0,98.24561,1.2531328,0.2506266,0
2022-06-26 00:00:42,0,0,0,0,0,99,0.75,0.25,0
2022-06-26 00:00:41,0,0,0,0,0,99,1,0,0
2022-06-26 00:00:40,0,0,0.2506266,0,0,98.24561,1.2531328,0.2506266,0
2022-06-26 00:00:39,0,0,0.75,0.25,0,95.75,2.75,0.5,0
2022-06-26 00:00:38,0,0,2.005013,0.2506266,0,94.23559,3.258145,0.2506266,0
2022-06-26 00:00:37,0,0,1,0,0,95.75,3.25,0,0
2022-06-26 00:00:36,0,0,0.4987531,0.2493766,0,96.50873,2.743142,0,0
2022-06-26 00:00:35,0,0,0.25,0,0,98,1.25,0.5,0
2022-06-26 00:00:34,0,0,0.2493766,0,0,99.00249,0.7481297,0,0
2022-06-26 00:00:33,0,0,0,0,0,99.24812,0.5012531,0.2506266,0
2022-06-26 00:00:32,0,0,0.5,0,0,97.75,1.75,0,0
2022-06-26 00:00:31,0,0,0.4987531,0.2493766,0,95.26185,3.740648,0.2493766,0
2022-06-26 00:00:30,0,0,1.5037594,0,0,93.23308,4.761905,0.5012531,0
2022-06-26 00:00:29,0,0,1.754386,0.5012531,0,92.73183,4.761905,0.2506266,0
2022-06-26 00:00:28,0,0,1.25,0,0,88.5,10,0.25,0
2022-06-26 00:00:27,0,0,1.5,0.25,0,88.75,9.5,0,0
2022-06-26 00:00:26,0,0,0.4987531,0,0,93.76559,5.236908,0.2493766,0
2022-06-26 00:00:25,0,0,0.7518797,0,0,93.48371,5.764411,0,0
2022-06-26 00:00:24,0,0,0.2487562,0,0,94.02985,5.472637,0.2487562,0
2022-06-26 00:00:23,0,0,0,0.25,0,93,6.25,0.25,0
2022-06-26 00:00:22,0,0,0,0,0,92.98246,6.516291,0.2506266,0
2022-06-26 00:00:21,0,0,0,0.2506266,0,86.46617,11.027569,0.2506266,0
2022-06-26 00:00:20,0,0,0.2525253,0,0,88.13131,7.575758,0.2525253,0
2022-06-26 00:00:19,0,0,0,0,0,92.96482,4.522613,0.2512563,0
2022-06-26 00:00:18,0,0,0.25,0,0,97.25,2.5,0,0
2022-06-26 00:00:17,0,0,0,0,0,99.25,0.5,0.25,0
2022-06-26 00:00:16,0,0,0.2493766,0,0,98.50374,0.9975062,0.2493766,0
2022-06-26 00:00:15,0,0,0,0,0,98.74372,1.0050251,0.2512563,0
2022-06-26 00:00:14,0,0,0,0.25,0,98.75,0.75,0.25,0
2022-06-26 00:00:13,0,0,0,0,0,99,0.75,0.25,0
2022-06-26 00:00:12,0,0,0.7462687,0,0,96.76617,2.487562,0,0
2022-06-26 00:00:11,0,0,0.5025126,0.2512563,0,97.73869,1.5075377,0,0
2022-06-26 00:00:10,0,0,2.238806,0.2487562,0,94.77612,2.736318,0,0
2022-06-26 00:00:09,0,0,0.5,0.25,0,97.25,1.5,0.5,0
2022-06-26 00:00:08,0,0,0.2512563,0.2512563,0,98.74372,0.5025126,0.2512563,0
2022-06-26 00:00:07,0,0,0,0,0,98.99749,1.0025063,0,0
2022-06-26 00:00:06,0,0,0.2493766,0.2493766,0,98.00499,1.4962594,0,0
2022-06-26 00:00:05,0,0,1,0.25,0,96,2.5,0.25,0
2022-06-26 00:00:04,0,0,1.2468828,0,0,95.7606,2.493766,0.4987531,0
2022-06-26 00:00:03,0,0,2,0.5,0,95,2,0.5,0
2022-06-26 00:00:02,0,0,3,0.25,0,92,4,0.75,0
2022-06-26 00:00:01,0,0,2.75,0.25,0,91.25,5,0.75,0
2022-06-26 00:00:00,0,0,0.25,0,0,99,0.5,0.25,0
2022-06-25 23:59:59,0,0,0.25,0,0,97.75,1.5,0.5,0
2022-06-25 23:59:58,0,0,0.7537688,0.2512563,0,97.73869,1.2562814,0,0
2022-06-25 23:59:57,0,0,0.7462687,0.2487562,0,97.51244,1.2437811,0.2487562,0
2022-06-25 23:59:56,0,0,1.2468828,0.2493766,0,94.76309,3.491272,0.2493766,0
2022-06-25 23:59:55,0,0,1.0025063,0.2506266,0,96.49123,2.255639,0,0
2022-06-25 23:59:54,0,0,0,0,0,99.25,0.75,0,0
2022-06-25 23:59:53,0,0,0,0,0,98.25,1.25,0.5,0
2022-06-25 23:59:52,0,0,0.4975124,0.2487562,0,98.00995,1.2437811,0,0
2022-06-25 23:59:51,0,0,0.7537688,0.2512563,0,96.98492,2.01005,0,0
2022-06-25 23:59:50,0,0,0.7518797,0,0,97.49373,1.5037594,0.2506266,0
2022-06-25 23:59:49,0,0,1.2468828,0.2493766,0,95.51122,2.743142,0.2493766,0
2022-06-25 23:59:48,0,0,1.0050251,0,0,96.73367,2.01005,0.2512563,0
2022-06-25 23:59:47,0,0,0,0,0,98.75,1,0.25,0
2022-06-25 23:59:46,0,0,0,0,0,99,0.75,0.25,0
2022-06-25 23:59:45,0,0,0.7481297,0.2493766,0,98.00499,0.9975062,0,0
2022-06-25 23:59:44,0,0,0.75,0,0,97,2,0.25,0
2022-06-25 23:59:43,0,0,0.75,0.25,0,97,2,0,0
2022-06-25 23:59:42,0,0,1.0025063,0,0,96.2406,2.506266,0.2506266,0
2022-06-25 23:59:41,0,0,1.2437811,0.2487562,0,96.0199,2.238806,0.2487562,0
2022-06-25 23:59:40,0,0,0,0,0,98.49624,1.2531328,0.2506266,0
2022-06-25 23:59:39,0,0,0,0.2493766,0,99.00249,0.7481297,0,0
2022-06-25 23:59:38,0,0,0,0,0,99,0.75,0.25,0
2022-06-25 23:59:37,0,0,0.7462687,0,0,96.51741,2.238806,0.4975124,0
2022-06-25 23:59:36,0,0,0.5037783,0.2518892,0,95.96977,3.274559,0,0
2022-06-25 23:59:35,0,0,0.9975062,0.2493766,0,95.51122,2.743142,0.4987531,0
2022-06-25 23:59:34,0,0,1.0050251,0,0,95.47739,3.517588,0,0
2022-06-25 23:59:33,0,0,0.7444169,0,0,97.02233,1.736973,0.4962779,0
2022-06-25 23:59:32,0,0,0.2506266,0,0,96.99248,2.255639,0.2506266,0
2022-06-25 23:59:31,0,0,0,0,0,98.25436,1.4962594,0.2493766,0
2022-06-25 23:59:30,0,0,0,0,0,99.25,0.75,0,0
2022-06-25 23:59:29,0,0,0.2512563,0.2512563,0,97.98995,1.2562814,0.2512563,0
2022-06-25 23:59:28,0,0,0.4975124,0.2487562,0,95.52239,3.482587,0.2487562,0
2022-06-25 23:59:27,0,0,1.2531328,0,0,95.2381,3.258145,0.2506266,0
2022-06-25 23:59:26,0,0,1.758794,0.2512563,0,91.9598,5.778894,0.2512563,0
2022-06-25 23:59:25,0,0,2.233251,0.4962779,0,87.59305,9.42928,0.248139,0
2022-06-25 23:59:24,0,0,1.0050251,0.2512563,0,87.18593,11.055276,0.2512563,0
2022-06-25 23:59:23,0,0,0.2506266,0,0,93.48371,6.015038,0.2506266,0
2022-06-25 23:59:22,0,0,0.4975124,0,0,93.28358,6.218905,0,0
2022-06-25 23:59:21,0,0,0,0.2506266,0,93.73434,5.764411,0.2506266,0
2022-06-25 23:59:20,0,0,0.2487562,0,0,93.78109,5.721393,0.2487562,0
2022-06-25 23:59:19,0,0,0,0,0,92.42424,7.323232,0.2525253,0
2022-06-25 23:59:18,0,0,0,0,0,87.68844,10.301508,0.2512563,0
2022-06-25 23:59:17,0,0,0.2506266,0.2506266,0,86.21554,10.025063,0.5012531,0
2022-06-25 23:59:16,0,0,0,0,0,96.72544,3.274559,0,0
2022-06-25 23:59:15,0,0,0.2487562,0.2487562,0,97.51244,1.741294,0.2487562,0
2022-06-25 23:59:14,0,0,0,0,0,98.74687,1.0025063,0.2506266,0
2022-06-25 23:59:13,0,0,0,0,0,99.24812,0.7518797,0,0
2022-06-25 23:59:12,0,0,0.2487562,0,0,97.76119,1.741294,0.2487562,0
2022-06-25 23:59:11,0,0,0,0,0,99.49875,0.2506266,0.2506266,0
2022-06-25 23:59:10,0,0,0,0,0,99.25187,0.4987531,0.2493766,0
2022-06-25 23:59:09,0,0,0.25,0,0,98.25,1.25,0.25,0
2022-06-25 23:59:08,0,0,1.25,0.25,0,95.25,3,0.25,0
2022-06-25 23:59:07,0,0,0.7518797,0,0,97.74436,1.5037594,0,0
2022-06-25 23:59:06,0,0,0.5012531,0,0,97.49373,2.005013,0,0
2022-06-25 23:59:05,0,0,0,0,0,99.25187,0.2493766,0.4987531,0
2022-06-25 23:59:04,0,0,0.25,0.25,0,99,0.5,0,0
2022-06-25 23:59:03,0,0,0,0,0,99,1,0,0
2022-06-25 23:59:02,0,0,0.75,0,0,97.5,1.25,0.5,0
2022-06-25 23:59:01,0,0,1.4962594,0.2493766,0,95.51122,2.743142,0,0
2022-06-25 23:59:00,0,0,1.2531328,0.2506266,0,93.98496,4.260652,0.2506266,0
2022-06-25 23:58:59,0,0,0.2493766,0,0,97.00748,2.493766,0.2493766,0
2022-06-25 23:58:58,0,0,0.2506266,0,0,98.99749,0.7518797,0,0
2022-06-25 23:58:57,0,0,0,0,0,98.5,1,0.5,0
2022-06-25 23:58:56,0,0,0,0,0,99.49875,0.5012531,0,0
2022-06-25 23:58:55,0,0,0.7444169,0,0,96.77419,1.985112,0.4962779,0
2022-06-25 23:58:54,0,0,1.763224,0.7556675,0,94.96222,2.518892,0,0
2022-06-25 23:58:53,0,0,1.4962594,0.4987531,0,94.51372,2.992519,0.4987531,0
2022-06-25 23:58:52,0,0,0,0,0,98.75,1.25,0,0
2022-06-25 23:58:51,0,0,0,0.25,0,99.5,0.25,0,0
2022-06-25 23:58:50,0,0,0,0,0,98.75,1,0.25,0
2022-06-25 23:58:49,0,0,0.4975124,0,0,98.25871,0.9950249,0.2487562,0
2022-06-25 23:58:48,0,0,0.7537688,0,0,97.98995,1.0050251,0.2512563,0
2022-06-25 23:58:47,0,0,1.5,0.25,0,94.75,3.25,0.25,0
2022-06-25 23:58:46,0,0,1.2531328,0,0,95.48872,3.258145,0,0
2022-06-25 23:58:45,0,0,0.2493766,0,0,99.00249,0.4987531,0.2493766,0
2022-06-25 23:58:44,0,0,0,0,0,98.50374,1.2468828,0.2493766,0
2022-06-25 23:58:43,0,0,0,0,0,99.49875,0.2506266,0.2506266,0
2022-06-25 23:58:42,0,0,0,0.25,0,99.25,0.25,0.25,0
2022-06-25 23:58:41,0,0,1,0,0,95,3.75,0.25,0
2022-06-25 23:58:40,0,0,1.745636,0.2493766,0,94.26434,3.491272,0.2493766,0
2022-06-25 23:58:39,0,0,0.7518797,0,0,96.74185,2.506266,0,0
2022-06-25 23:58:38,0,0,0.5012531,0,0,97.24311,2.005013,0.2506266,0
2022-06-25 23:58:37,0,0,0,0.2487562,0,98.25871,1.2437811,0.2487562,0
2022-06-25 23:58:36,0,0,0.25,0,0,99.25,0.25,0.25,0
2022-06-25 23:58:35,0,0,0,0,0,98.74687,1.2531328,0,0
2022-06-25 23:58:34,0,0,0.75,0,0,97.5,1.75,0,0
2022-06-25 23:58:33,0,0,1.2437811,0.2487562,0,95.77114,2.736318,0,0
2022-06-25 23:58:32,0,0,1.0050251,0.2512563,0,94.47236,4.020101,0.2512563,0
2022-06-25 23:58:31,0,0,0.7518797,0.2506266,0,96.2406,2.756892,0,0
2022-06-25 23:58:30,0,0,0.2493766,0,0,97.25686,2.244389,0.2493766,0
2022-06-25 23:58:29,0,0,0,0,0,99,1,0,0
2022-06-25 23:58:28,0,0,0,0,0,98.74687,1.0025063,0.2506266,0
2022-06-25 23:58:27,0,0,0.2487562,0,0,98.50746,0.9950249,0.2487562,0
2022-06-25 23:58:26,0,0,0.4987531,0,0,95.51122,3.740648,0.2493766,0
2022-06-25 23:58:25,0,0,1.511335,0.2518892,0,94.45844,3.778338,0,0
2022-06-25 23:58:24,0,0,1.2437811,0.2487562,0,93.03483,5.223881,0.2487562,0
2022-06-25 23:58:23,0,0,1.5,0,0,93,5,0.5,0
2022-06-25 23:58:22,0,0,1.5,0.5,0,89.75,8,0.25,0
2022-06-25 23:58:21,0,0,1,0.25,0,91,7.25,0.25,0
2022-06-25 23:58:20,0,0,0.2493766,0,0,92.01995,7.23192,0.2493766,0
2022-06-25 23:58:19,0,0,0,0.2506266,0,94.23559,5.263158,0.2506266,0
2022-06-25 23:58:18,0,0,0.2506266,0,0,93.98496,5.764411,0,0
2022-06-25 23:58:17,0,0,0.2487562,0,0,93.28358,5.970149,0,0
2022-06-25 23:58:16,0,0,0,0,0,92.73183,6.766917,0.5012531,0
2022-06-25 23:58:15,0,0,0,0,0,91,8.25,0.25,0
2022-06-25 23:58:14,0,0,0.2512563,0.5025126,0,86.43216,6.030151,0.2512563,0
2022-06-25 23:58:13,0,0,0,0.4987531,0,90.77307,2.743142,0.2493766,0
2022-06-25 23:58:12,0,0,0.2493766,0.2493766,0,98.25436,0.9975062,0.2493766,0
2022-06-25 23:58:11,0,0,0,0,0,99.24812,0.7518797,0,0
2022-06-25 23:58:10,0,0,0.2493766,0,0,98.25436,1.4962594,0,0
2022-06-25 23:58:09,0,0,0,0,0,98.75,0.75,0.5,0
2022-06-25 23:58:08,0,0,0.5,0,0,98.25,1,0.25,0
2022-06-25 23:58:07,0,0,0,0,0,99.00249,0.9975062,0,0
2022-06-25 23:58:06,0,0,0.7518797,0,0,95.98997,3.007519,0.2506266,0
2022-06-25 23:58:05,0,0,0.2506266,0,0,98.49624,1.0025063,0.2506266,0
2022-06-25 23:58:04,0,0,1,0,0,97,1.75,0.25,0
2022-06-25 23:58:03,0,0,0.7481297,0.2493766,0,96.25935,2.244389,0.4987531,0
2022-06-25 23:58:02,0,0,0.2506266,0,0,99.24812,0.5012531,0,0
2022-06-25 23:58:01,0,0,0.2493766,0,0,98.50374,0.9975062,0.2493766,0
2022-06-25 23:58:00,0,0,0.5,0,0,97.5,2,0,0
2022-06-25 23:57:59,0,0,1,0.25,0,97,1.5,0.25,0
2022-06-25 23:57:58,0,0,0.75,0.5,0,96.25,2,0.5,0
2022-06-25 23:57:57,0,0,1.2531328,0,0,95.48872,3.258145,0,0
2022-06-25 23:57:56,0,0,0,0,0,99.5,0.25,0.25,0
2022-06-25 23:57:55,0,0,0.248139,0,0,99.00744,0.4962779,0.248139,0
2022-06-25 23:57:54,0,0,0.2525253,0,0,98.23232,1.5151515,0,0
2022-06-25 23:57:53,0,0,0.4987531,0.2493766,0,98.25436,0.7481297,0.2493766,0
2022-06-25 23:57:52,0,0,0.9975062,0.2493766,0,96.7581,1.745636,0.2493766,0
2022-06-25 23:57:51,0,0,1.2531328,0.2506266,0,95.73935,2.756892,0,0
2022-06-25 23:57:50,0,0,1,0,0,96.75,2.25,0,0
2022-06-25 23:57:49,0,0,0.25,0,0,99.25,0.25,0.25,0
2022-06-25 23:57:48,0,0,0,0,0,98.25,1.5,0.25,0
2022-06-25 23:57:47,0,0,0.4975124,0,0,98.50746,0.7462687,0.2487562,0
2022-06-25 23:57:46,0,0,0.5012531,0.2506266,0,97.74436,1.0025063,0.5012531,0
2022-06-25 23:57:45,0,0,0.7518797,0.2506266,0,96.49123,2.506266,0,0
2022-06-25 23:57:44,0,0,1.25,0,0,95.25,3.5,0,0
2022-06-25 23:57:43,0,0,0.9950249,0,0,96.76617,1.99005,0.2487562,0
2022-06-25 23:57:42,0,0,0,0,0,98.99244,1.0075567,0,0
2022-06-25 23:57:41,0,0,0,0,0,98.50746,1.2437811,0.2487562,0
2022-06-25 23:57:40,0,0,0.2506266,0,0,99.49875,0.2506266,0,0
2022-06-25 23:57:39,0,0,0.7481297,0,0,97.00748,2.244389,0,0
2022-06-25 23:57:38,0,0,1.0025063,0,0,95.73935,3.007519,0.2506266,0
2022-06-25 23:57:37,0,0,1.2531328,0.2506266,0,95.98997,2.506266,0,0
2022-06-25 23:57:36,0,0,1.2468828,0.4987531,0,95.01247,2.992519,0.2493766,0
2022-06-25 23:57:35,0,0,0,0,0,98.75,1.25,0,0
2022-06-25 23:57:34,0,0,0,0,0,99.25,0.5,0.25,0
2022-06-25 23:57:33,0,0,0,0,0,98.5,1.25,0,0
2022-06-25 23:57:32,0,0,0.5,0.25,0,97,2,0.25,0
2022-06-25 23:57:31,0,0,0.9925558,0.248139,0,95.5335,3.225806,0,0
2022-06-25 23:57:30,0,0,0.7518797,0,0,95.2381,3.759398,0.2506266,0
2022-06-25 23:57:29,0,0,1.25,0.25,0,94,4.25,0.25,0
2022-06-25 23:57:28,0,0,0.5012531,0.2506266,0,97.24311,2.005013,0,0
2022-06-25 23:57:27,0,0,0.2487562,0,0,98.50746,0.7462687,0.4975124,0
2022-06-25 23:57:26,0,0,0,0,0,99.24433,0.7556675,0,0
2022-06-25 23:57:25,0,0,0.7481297,0.2493766,0,98.25436,0.4987531,0.2493766,0
2022-06-25 23:57:24,0,0,0.5,0.25,0,97,2,0.25,0
2022-06-25 23:57:23,0,0,0.7537688,0,0,97.48744,1.758794,0,0
2022-06-25 23:57:22,0,0,0.9975062,0.2493766,0,93.76559,4.738155,0.2493766,0
2022-06-25 23:57:21,0,0,1.5,0.25,0,91.5,6.75,0,0
2022-06-25 23:57:20,0,0,1.754386,0.7518797,0,90.97744,6.265664,0.2506266,0
2022-06-25 23:57:19,0,0,1.741294,0.2487562,0,90.29851,7.462687,0.2487562,0
2022-06-25 23:57:18,0,0,0.2506266,0.2506266,0,89.22306,10.025063,0.2506266,0
2022-06-25 23:57:17,0,0,0,0,0,95.25,4.5,0.25,0
2022-06-25 23:57:16,0,0,0.2493766,0,0,93.26683,5.985037,0.4987531,0
2022-06-25 23:57:15,0,0,0,0.4987531,0,93.51621,5.486284,0.2493766,0
2022-06-25 23:57:14,0,0,0.25,0,0,93.25,6.25,0.25,0
2022-06-25 23:57:13,0,0,0,0,0,93,6.5,0.25,0
2022-06-25 23:57:12,0,0,0,0.9950249,0,78.85572,8.457711,0.2487562,0
2022-06-25 23:57:11,0,0,0.2512563,0.5025126,0,88.44221,5.527638,0.2512563,0
2022-06-25 23:57:10,0,0,0,0,0,97.73869,2.261307,0,0
2022-06-25 23:57:09,0,0,0.2493766,0.2493766,0,98.00499,1.2468828,0.2493766,0
2022-06-25 23:57:08,0,0,0,0,0,99,0.75,0.25,0
2022-06-25 23:57:07,0,0,0.2493766,0,0,98.75312,0.7481297,0.2493766,0
2022-06-25 23:57:06,0,0,0,0,0,98.74687,1.2531328,0,0
2022-06-25 23:57:05,0,0,0.5,0,0,97.75,1.5,0.25,0
2022-06-25 23:57:04,0,0,0,0,0,98.99749,1.0025063,0,0
2022-06-25 23:57:03,0,0,0.4975124,0.2487562,0,97.51244,1.2437811,0.4975124,0
2022-06-25 23:57:02,0,0,1.2562814,0.2512563,0,95.9799,2.512563,0,0
2022-06-25 23:57:01,0,0,0.4975124,0.2487562,0,96.76617,2.487562,0,0
2022-06-25 23:57:00,0,0,0.25,0,0,98.25,1.25,0.25,0
2022-06-25 23:56:59,0,0,0,0,0,99.49875,0.5012531,0,0
2022-06-25 23:56:58,0,0,0.5,0,0,98,1.25,0.25,0
2022-06-25 23:56:57,0,0,0.2493766,0,0,98.25436,1.2468828,0.2493766,0
2022-06-25 23:56:56,0,0,1.5037594,0.5012531,0,94.98747,2.756892,0.2506266,0
2022-06-25 23:56:55,0,0,1.2468828,0.2493766,0,95.51122,2.493766,0.4987531,0
2022-06-25 23:56:54,0,0,0.2506266,0.2506266,0,98.24561,1.2531328,0,0
2022-06-25 23:56:53,0,0,0.2493766,0.2493766,0,98.50374,0.7481297,0.2493766,0
2022-06-25 23:56:52,0,0,0,0,0,99.24812,0.5012531,0.2506266,0
2022-06-25 23:56:51,0,0,0.5,0,0,97.75,1.75,0,0
2022-06-25 23:56:50,0,0,0.75,0.25,0,96.75,1.75,0.5,0
2022-06-25 23:56:49,0,0,1.2468828,0.2493766,0,95.26185,3.241895,0,0
2022-06-25 23:56:48,0,0,1.5,0.25,0,94.5,3.5,0.25,0
2022-06-25 23:56:47,0,0,0.25,0,0,98.75,0.75,0.25,0
2022-06-25 23:56:46,0,0,0,0,0,99.24812,0.7518797,0,0
2022-06-25 23:56:45,0,0,0.2493766,0,0,98.25436,0.9975062,0.4987531,0
2022-06-25 23:56:44,0,0,0.2506266,0,0,98.74687,0.7518797,0.2506266,0
2022-06-25 23:56:43,0,0,1,0,0,97,2,0,0
2022-06-25 23:56:42,0,0,1.4925373,0,0,94.77612,3.482587,0.2487562,0
2022-06-25 23:56:41,0,0,1.0050251,0,0,95.9799,3.015075,0,0
2022-06-25 23:56:40,0,0,0.2487562,0,0,98.00995,1.4925373,0.2487562,0
2022-06-25 23:56:39,0,0,0,0,0,98.99497,1.0050251,0,0
2022-06-25 23:56:38,0,0,0,0,0,98.99749,0.7518797,0.2506266,0
2022-06-25 23:56:37,0,0,0.25,0.25,0,98.5,0.75,0.25,0
2022-06-25 23:56:36,0,0,1.2437811,0.2487562,0,95.77114,2.736318,0,0
2022-06-25 23:56:35,0,0,1.25,0,0,94.75,3.75,0.25,0
2022-06-25 23:56:34,0,0,1.0025063,0.7518797,0,96.2406,2.005013,0,0
2022-06-25 23:56:33,0,0,0,0,0,98.49624,1.2531328,0.2506266,0
2022-06-25 23:56:32,0,0,0,0,0,98.75312,0.7481297,0.4987531,0
2022-06-25 23:56:31,0,0,0.25,0,0,99.5,0.25,0,0
2022-06-25 23:56:30,0,0,0,0.25,0,99,0.5,0.25,0
2022-06-25 23:56:29,0,0,0.7518797,0,0,95.73935,3.258145,0.2506266,0
2022-06-25 23:56:28,0,0,1.4962594,0.2493766,0,94.01496,3.740648,0.4987531,0
2022-06-25 23:56:27,0,0,1,0.25,0,95.75,2.75,0.25,0
2022-06-25 23:56:26,0,0,1.0025063,0,0,95.73935,3.258145,0,0
2022-06-25 23:56:25,0,0,0.25,0.25,0,98.5,0.75,0.25,0
2022-06-25 23:56:24,0,0,0.25,0,0,98.75,0.75,0.25,0
2022-06-25 23:56:23,0,0,0,0,0,99.25187,0.4987531,0.2493766,0
2022-06-25 23:56:22,0,0,0.2487562,0,0,99.00498,0.4975124,0.2487562,0
2022-06-25 23:56:21,0,0,0.5,0,0,97,2.25,0.25,0
2022-06-25 23:56:20,0,0,1.0050251,0.2512563,0,94.72362,4.020101,0,0
2022-06-25 23:56:19,0,0,1.2468828,0,0,94.26434,3.990025,0.4987531,0
2022-06-25 23:56:18,0,0,2.512563,0,0,87.9397,9.547739,0,0
2022-06-25 23:56:17,0,0,1.2406948,0.248139,0,90.81886,7.19603,0.4962779,0
2022-06-25 23:56:16,0,0,0.75,0.25,0,90.75,8.25,0,0
2022-06-25 23:56:15,0,0,0,0,0,95.2381,4.761905,0,0
2022-06-25 23:56:14,0,0,0,0,0,94.97487,4.773869,0.2512563,0
2022-06-25 23:56:13,0,0,0,0.2487562,0,95.52239,3.9801,0.2487562,0
2022-06-25 23:56:12,0,0,0,0,0,93.5,6,0.5,0
2022-06-25 23:56:11,0,0,0,0,0,89.75,9.25,0.5,0
2022-06-25 23:56:10,0,0,0.2512563,0,0,84.67337,10.80402,0.2512563,0
2022-06-25 23:56:09,0,0,0,0.2506266,0,91.97995,5.012531,0.2506266,0
2022-06-25 23:56:08,0,0,0.2493766,0.2493766,0,98.50374,0.7481297,0,0
2022-06-25 23:56:07,0,0,0,0.248139,0,97.02233,1.985112,0.4962779,0
2022-06-25 23:56:06,0,0,0,0,0,98.74055,1.2594458,0,0
2022-06-25 23:56:05,0,0,0.25,0,0,99,0.5,0.25,0
2022-06-25 23:56:04,0,0,0,0,0,99,0.75,0.25,0
2022-06-25 23:56:03,0,0,0,0,0,99.24812,0.5012531,0.2506266,0
2022-06-25 23:56:02,0,0,0,0,0,98.75312,0.9975062,0.2493766,0
2022-06-25 23:56:01,0,0,0.7481297,0,0,97.00748,2.244389,0,0
2022-06-25 23:56:00,0,0,1.754386,0.2506266,0,95.73935,2.255639,0,0
2022-06-25 23:55:59,0,0,0.2506266,0,0,98.74687,1.0025063,0,0
2022-06-25 23:55:58,0,0,0,0,0,99.49875,0.2506266,0.2506266,0
2022-06-25 23:55:57,0,0,0.248139,0,0,98.26303,1.2406948,0.248139,0
2022-06-25 23:55:56,0,0,0,0,0,99.24433,0.5037783,0.2518892,0
2022-06-25 23:55:55,0,0,0.75,0.25,0,96,2.75,0.25,0
2022-06-25 23:55:54,0,0,1.2468828,0.2493766,0,95.01247,3.241895,0.2493766,0
2022-06-25 23:55:53,0,0,1.5,0.25,0,95,3.25,0,0
2022-06-25 23:55:52,0,0,0.4987531,0.2493766,0,97.50623,1.2468828,0.4987531,0
2022-06-25 23:55:51,0,0,0,0,0,99.25,0.75,0,0
2022-06-25 23:55:50,0,0,0,0,0,98.75,1,0.25,0
2022-06-25 23:55:49,0,0,0.5,0,0,98.75,0.5,0.25,0
2022-06-25 23:55:48,0,0,0.7518797,0,0,96.49123,2.255639,0.5012531,0
2022-06-25 23:55:47,0,0,1.2406948,0.4962779,0,95.78164,2.48139,0,0
2022-06-25 23:55:46,0,0,1.511335,0.5037783,0,95.46599,2.267003,0.2518892,0
2022-06-25 23:55:45,0,0,0.25,0,0,98.5,1,0.25,0
2022-06-25 23:55:44,0,0,0.25,0,0,99.25,0.5,0,0
2022-06-25 23:55:43,0,0,0,0,0,98.75,1,0.25,0
2022-06-25 23:55:42,0,0,0,0,0,98.99749,0.7518797,0.2506266,0
2022-06-25 23:55:41,0,0,0.9975062,0.2493766,0,96.25935,1.995012,0.4987531,0
2022-06-25 23:55:40,0,0,1.2531328,0,0,95.73935,3.007519,0,0
2022-06-25 23:55:39,0,0,1.4925373,0.2487562,0,94.02985,4.228856,0,0
2022-06-25 23:55:38,0,0,0.2506266,0,0,97.74436,1.5037594,0.5012531,0
2022-06-25 23:55:37,0,0,0.2506266,0,0,99.24812,0.5012531,0,0
2022-06-25 23:55:36,0,0,0,0.2493766,0,98.50374,0.9975062,0.2493766,0
2022-06-25 23:55:35,0,0,0.2493766,0,0,98.00499,1.2468828,0.2493766,0
2022-06-25 23:55:34,0,0,0.7518797,0,0,96.49123,2.756892,0,0
2022-06-25 23:55:33,0,0,1.25,0.25,0,95.25,3.25,0,0
2022-06-25 23:55:32,0,0,1.2437811,0,0,95.52239,2.736318,0.4975124,0
2022-06-25 23:55:31,0,0,0.5012531,0.2506266,0,97.24311,2.005013,0,0
2022-06-25 23:55:30,0,0,0.2506266,0,0,98.74687,0.7518797,0.2506266,0
2022-06-25 23:55:29,0,0,0,0.25,0,98.75,0.75,0.25,0
2022-06-25 23:55:28,0,0,0,0,0,98.74687,1.0025063,0.2506266,0
2022-06-25 23:55:27,0,0,0.7444169,0,0,97.02233,1.985112,0.248139,0
2022-06-25 23:55:26,0,0,0.7537688,0.2512563,0,95.22613,3.768844,0,0
2022-06-25 23:55:25,0,0,1.99005,0,0,94.27861,3.233831,0.4975124,0
2022-06-25 23:55:24,0,0,0.75,0,0,97,2,0.25,0
2022-06-25 23:55:23,0,0,0.7537688,0,0,96.48241,2.512563,0.2512563,0
2022-06-25 23:55:22,0,0,0,0,0,98.25,1.5,0.25,0
2022-06-25 23:55:21,0,0,0.25,0,0,99.25,0.5,0,0
2022-06-25 23:55:20,0,0,0,0,0,98.26303,1.4888337,0.248139,0
2022-06-25 23:55:19,0,0,0.2518892,0,0,97.22922,2.518892,0,0
2022-06-25 23:55:18,0,0,1.2468828,0.4987531,0,96.00998,1.995012,0.2493766,0
2022-06-25 23:55:17,0,0,0.9975062,0.2493766,0,93.76559,4.738155,0.2493766,0
2022-06-25 23:55:16,0,0,1.754386,0,0,90.72682,7.518797,0,0
2022-06-25 23:55:15,0,0,1.4962594,0.2493766,0,91.5212,6.483791,0.2493766,0
2022-06-25 23:55:14,0,0,1.0025063,0,0,89.97494,8.77193,0.2506266,0
2022-06-25 23:55:13,0,0,0.4987531,0,0,93.76559,5.236908,0.4987531,0
2022-06-25 23:55:12,0,0,0.5012531,0,0,92.98246,6.265664,0.2506266,0
2022-06-25 23:55:11,0,0,0,0.5012531,0,94.73684,4.511278,0.2506266,0
2022-06-25 23:55:10,0,0,0,0,0,91.5212,8.229426,0.2493766,0
2022-06-25 23:55:09,0,0,0,0,0,93.28358,6.467662,0.2487562,0
2022-06-25 23:55:08,0,0,0.2518892,0,0,89.92443,8.312343,0.2518892,0
2022-06-25 23:55:07,0,0,0.2506266,0,0,89.22306,7.518797,0.2506266,0
2022-06-25 23:55:06,0,0,0,0,0,97.5,2,0.25,0
2022-06-25 23:55:05,0,0,0,0,0,99.24623,0.7537688,0,0
2022-06-25 23:55:04,0,0,0,0,0,98.5,1.25,0.25,0
2022-06-25 23:55:03,0,0,0.25,0,0,99,0.75,0,0
2022-06-25 23:55:02,0,0,0,0,0,99.00249,0.7481297,0.2493766,0
2022-06-25 23:55:01,0,0,0,0,0,98.24561,1.5037594,0.2506266,0
2022-06-25 23:55:00,0,0,0.2493766,0.2493766,0,97.75561,1.745636,0,0
2022-06-25 23:54:59,0,0,0.75,0,0,98,1.25,0,0
2022-06-25 23:54:58,0,0,0.75,0,0,96.25,2.5,0.5,0
2022-06-25 23:54:57,0,0,0.5012531,0,0,97.99499,1.2531328,0.2506266,0
2022-06-25 23:54:56,0,0,0.5,0,0,98.25,1.25,0,0
2022-06-25 23:54:55,0,0,0,0,0,98.25,1.5,0.25,0
2022-06-25 23:54:54,0,0,0,0,0,99.24812,0.7518797,0,0
2022-06-25 23:54:53,0,0,0.7481297,0.4987531,0,97.50623,0.7481297,0.4987531,0
2022-06-25 23:54:52,0,0,0.9975062,0.2493766,0,95.01247,3.241895,0.4987531,0
2022-06-25 23:54:51,0,0,1,0.25,0,96,2.75,0,0
2022-06-25 23:54:50,0,0,0.7518797,0.2506266,0,97.74436,1.0025063,0.2506266,0
2022-06-25 23:54:49,0,0,0.25,0,0,98,1.75,0,0
2022-06-25 23:54:48,0,0,0,0,0,99.25,0.25,0.5,0
2022-06-25 23:54:47,0,0,0.25,0,0,99,0.75,0,0
2022-06-25 23:54:46,0,0,0.5,0.25,0,96.75,2.25,0.25,0
2022-06-25 23:54:45,0,0,1.5,0.25,0,95,3,0,0
2022-06-25 23:54:44,0,0,1,0.25,0,96,2.5,0.25,0
2022-06-25 23:54:43,0,0,0.7481297,0.2493766,0,96.25935,2.493766,0.2493766,0
2022-06-25 23:54:42,0,0,0.2506266,0,0,98.74687,1.0025063,0,0
2022-06-25 23:54:41,0,0,0.2487562,0,0,98.25871,1.2437811,0.2487562,0
2022-06-25 23:54:40,0,0,0,0,0,98.75312,0.9975062,0.2493766,0
2022-06-25 23:54:39,0,0,0.7518797,0.2506266,0,96.2406,2.506266,0.2506266,0
2022-06-25 23:54:38,0,0,1.25,0.25,0,95,3.25,0.25,0
2022-06-25 23:54:37,0,0,1.0050251,0,0,96.48241,2.01005,0.5025126,0
2022-06-25 23:54:36,0,0,1,0.5,0,96.25,2,0.25,0
2022-06-25 23:54:35,0,0,0.25,0,0,98,1.75,0,0
2022-06-25 23:54:34,0,0,0,0,0,99.25187,0.4987531,0.2493766,0
2022-06-25 23:54:33,0,0,0.2506266,0.5012531,0,97.99499,1.2531328,0,0
2022-06-25 23:54:32,0,0,0.7481297,0,0,98.00499,0.9975062,0.2493766,0
2022-06-25 23:54:31,0,0,1,0,0,96.25,2.5,0.25,0
2022-06-25 23:54:30,0,0,1.5037594,0.2506266,0,94.23559,4.010025,0,0
2022-06-25 23:54:29,0,0,0.75,0.25,0,96.25,2.5,0.25,0
2022-06-25 23:54:28,0,0,0.25,0,0,98.25,1.25,0.25,0
2022-06-25 23:54:27,0,0,0,0,0,98.75,1,0.25,0
2022-06-25 23:54:26,0,0,0.25,0,0,98.75,1,0,0
2022-06-25 23:54:25,0,0,0.9950249,0,0,96.51741,1.99005,0.4975124,0
2022-06-25 23:54:24,0,0,1,0.5,0,95.25,3,0.25,0
2022-06-25 23:54:23,0,0,1,0.25,0,95.25,3.25,0.25,0
2022-06-25 23:54:22,0,0,1.0050251,0,0,95.9799,2.763819,0.2512563,0
2022-06-25 23:54:21,0,0,0.75,0,0,96,3,0.25,0
2022-06-25 23:54:20,0,0,0.2493766,0,0,97.75561,1.995012,0,0
2022-06-25 23:54:19,0,0,0,0.2506266,0,98.99749,0.5012531,0.2506266,0
2022-06-25 23:54:18,0,0,0,0,0,99.00498,0.7462687,0.2487562,0
2022-06-25 23:54:17,0,0,0.2506266,0,0,96.74185,2.756892,0.2506266,0
2022-06-25 23:54:16,0,0,1,0.25,0,96.5,2,0.25,0
2022-06-25 23:54:15,0,0,1.75,0,0,92.75,5.25,0.25,0
2022-06-25 23:54:14,0,0,1.4925373,0.2487562,0,91.29353,6.716418,0.2487562,0
2022-06-25 23:54:13,0,0,1.2562814,0.2512563,0,90.20101,8.040201,0.2512563,0
2022-06-25 23:54:12,0,0,0.75,0,0,93.25,5.75,0.25,0
2022-06-25 23:54:11,0,0,0.7537688,0.2512563,0,93.46734,5.276382,0.2512563,0
2022-06-25 23:54:10,0,0,0.7462687,0,0,92.78607,6.218905,0.2487562,0
2022-06-25 23:54:09,0,0,0,0,0,91.70854,8.040201,0.2512563,0
2022-06-25 23:54:08,0,0,0,0,0,93.76559,5.735661,0.4987531,0
2022-06-25 23:54:07,0,0,0,0,0,92.46231,7.035176,0.2512563,0
2022-06-25 23:54:06,0,0,0.2518892,0,0,81.61209,10.579345,0,0
2022-06-25 23:54:05,0,0,0,0.25,0,89.5,7.25,0.25,0
2022-06-25 23:54:04,0,0,0,0,0,97.99499,1.754386,0.2506266,0
2022-06-25 23:54:03,0,0,0.4987531,0.2493766,0,96.25935,2.493766,0.4987531,0
2022-06-25 23:54:02,0,0,0,0,0,98.99749,0.7518797,0.2506266,0
2022-06-25 23:54:01,0,0,0,0,0,98.49624,1.5037594,0,0
2022-06-25 23:54:00,0,0,0.25,0,0,98.75,0.75,0.25,0
2022-06-25 23:53:59,0,0,0,0,0,99.49875,0.5012531,0,0
2022-06-25 23:53:58,0,0,0.2487562,0,0,98.25871,0.9950249,0.4975124,0
2022-06-25 23:53:57,0,0,0.5,0.25,0,97.25,2,0,0
2022-06-25 23:53:56,0,0,0.7481297,0,0,96.7581,1.995012,0.4987531,0
2022-06-25 23:53:55,0,0,0.7518797,0.2506266,0,96.99248,2.005013,0,0
2022-06-25 23:53:54,0,0,0.5012531,0,0,98.74687,0.7518797,0,0
2022-06-25 23:53:53,0,0,0.25,0,0,98.5,1.25,0,0
2022-06-25 23:53:52,0,0,0,0,0,99.25373,0.4975124,0.2487562,0
2022-06-25 23:53:51,0,0,0.2512563,0,0,97.73869,1.758794,0.2512563,0
2022-06-25 23:53:50,0,0,0.9950249,0.2487562,0,96.0199,2.238806,0.4975124,0
2022-06-25 23:53:49,0,0,1.2531328,0,0,95.73935,3.007519,0,0
2022-06-25 23:53:48,0,0,0.5,0,0,98,1.25,0.25,0
2022-06-25 23:53:47,0,0,0.5012531,0,0,97.49373,2.005013,0,0
2022-06-25 23:53:46,0,0,0.2493766,0.2493766,0,97.75561,1.4962594,0.2493766,0
2022-06-25 23:53:45,0,0,0,0,0,99.25,0.5,0.25,0
2022-06-25 23:53:44,0,0,0.2512563,0,0,98.99497,0.7537688,0,0
2022-06-25 23:53:43,0,0,1.2437811,0,0,95.02488,3.233831,0.4975124,0
2022-06-25 23:53:42,0,0,1.745636,0.4987531,0,94.51372,2.992519,0.2493766,0
2022-06-25 23:53:41,0,0,0.7537688,0,0,97.98995,1.2562814,0,0
2022-06-25 23:53:40,0,0,0.25,0.25,0,97.75,1.5,0.25,0
2022-06-25 23:53:39,0,0,0.2493766,0,0,98.00499,1.4962594,0,0
2022-06-25 23:53:38,0,0,0,0,0,99.25,0.5,0.25,0
2022-06-25 23:53:37,0,0,0.2493766,0,0,98.50374,0.9975062,0.2493766,0
2022-06-25 23:53:36,0,0,1.0075567,0.2518892,0,96.22166,2.518892,0,0
2022-06-25 23:53:35,0,0,1.736973,0.248139,0,94.2928,3.225806,0.4962779,0
2022-06-25 23:53:34,0,0,0.4987531,0.2493766,0,96.7581,2.244389,0.2493766,0
2022-06-25 23:53:33,0,0,0.2506266,0,0,97.49373,2.005013,0.2506266,0
2022-06-25 23:53:32,0,0,0,0,0,99.49875,0.5012531,0,0
2022-06-25 23:53:31,0,0,0.25,0,0,99,0.75,0,0
2022-06-25 23:53:30,0,0,0.25,0,0,98.5,1,0.25,0
2022-06-25 23:53:29,0,0,1.2437811,0,0,95.02488,3.482587,0.2487562,0
2022-06-25 23:53:28,0,0,1.511335,0,0,94.71033,3.526448,0.2518892,0
2022-06-25 23:53:27,0,0,0.9975062,0,0,96.25935,2.493766,0.2493766,0
2022-06-25 23:53:26,0,0,0.25,0,0,98,1.25,0.5,0
2022-06-25 23:53:25,0,0,0.2493766,0,0,99.25187,0.4987531,0,0
2022-06-25 23:53:24,0,0,0.2512563,0,0,98.49246,1.2562814,0,0
2022-06-25 23:53:23,0,0,0,0.4987531,0,98.25436,0.7481297,0.4987531,0
2022-06-25 23:53:22,0,0,0.7462687,0,0,95.02488,3.731343,0.4975124,0
2022-06-25 23:53:21,0,0,1.5,0.25,0,93.25,5,0,0
2022-06-25 23:53:20,0,0,1.758794,0.7537688,0,91.20603,5.778894,0.5025126,0
2022-06-25 23:53:19,0,0,0.5,0,0,97.5,1.75,0.25,0
2022-06-25 23:53:18,0,0,0,0,0,98.5,1.25,0.25,0
2022-06-25 23:53:17,0,0,0,0.2506266,0,99.49875,0.2506266,0,0
2022-06-25 23:53:16,0,0,0,0,0,99.25,0.5,0.25,0
2022-06-25 23:53:15,0,0,0.2487562,0,0,98.25871,1.2437811,0.2487562,0
2022-06-25 23:53:14,0,0,0.5012531,0,0,96.99248,2.506266,0,0
2022-06-25 23:53:13,0,0,0.9975062,0.4987531,0,94.26434,3.990025,0.2493766,0
2022-06-25 23:53:12,0,0,1.995012,0.2493766,0,90.77307,6.733167,0.2493766,0
2022-06-25 23:53:11,0,0,2.005013,0.5012531,0,88.47118,8.77193,0.2506266,0
2022-06-25 23:53:10,0,0,1.745636,0.2493766,0,89.52618,8.229426,0.2493766,0
2022-06-25 23:53:09,0,0,0.2506266,0,0,88.97243,10.526316,0.2506266,0
2022-06-25 23:53:08,0,0,0.2506266,0,0,95.2381,4.511278,0,0
2022-06-25 23:53:07,0,0,0,0,0,94.5,5.25,0.25,0
2022-06-25 23:53:06,0,0,0,0.2493766,0,94.01496,5.486284,0.2493766,0
2022-06-25 23:53:05,0,0,0.2493766,0.2493766,0,92.5187,6.733167,0.2493766,0
2022-06-25 23:53:04,0,0,0,0,0,92.5,6.75,0.5,0
2022-06-25 23:53:03,0,0,0.2525253,0.5050505,0,73.48485,12.121212,0.2525253,0
2022-06-25 23:53:02,0,0,0,0.25,0,95,4.5,0.25,0
2022-06-25 23:53:01,0,0,0,0,0,98.99497,0.7537688,0.2512563,0
2022-06-25 23:53:00,0,0,0.4975124,0,0,98.25871,0.9950249,0.2487562,0
2022-06-25 23:52:59,0,0,0.2512563,0,0,98.24121,1.5075377,0,0
2022-06-25 23:52:58,0,0,0,0,0,98.75312,0.7481297,0.4987531,0
2022-06-25 23:52:57,0,0,0,0,0,99.75062,0.2493766,0,0
2022-06-25 23:52:56,0,0,0,0,0,99.24623,0.5025126,0.2512563,0
2022-06-25 23:52:55,0,0,0,0,0,99.5,0.25,0.25,0
2022-06-25 23:52:54,0,0,0.5012531,0.2506266,0,97.74436,1.5037594,0,0
2022-06-25 23:52:53,0,0,1.741294,0,0,93.28358,4.477612,0.4975124,0
2022-06-25 23:52:52,0,0,0.5012531,0.2506266,0,97.24311,1.754386,0.2506266,0
2022-06-25 23:52:51,0,0,0,0,0,99.49875,0.2506266,0.2506266,0
2022-06-25 23:52:50,0,0,0.2487562,0,0,98.50746,0.9950249,0.2487562,0
2022-06-25 23:52:49,0,0,0,0,0,98.99749,1.0025063,0,0
2022-06-25 23:52:48,0,0,0.5,0,0,98,1.25,0.25,0
2022-06-25 23:52:47,0,0,1.2468828,0.7481297,0,94.76309,2.992519,0.2493766,0
2022-06-25 23:52:46,0,0,1.75,0.5,0,93.75,3.75,0.25,0
2022-06-25 23:52:45,0,0,0.2506266,0,0,98.49624,1.0025063,0.2506266,0
2022-06-25 23:52:44,0,0,0.248139,0.248139,0,99.00744,0.248139,0.248139,0
2022-06-25 23:52:43,0,0,0,0,0,98.24121,1.2562814,0.5025126,0
2022-06-25 23:52:42,0,0,0,0,0,98.75,1.25,0,0
2022-06-25 23:52:41,0,0,0.5,0,0,97.75,1.5,0.25,0
2022-06-25 23:52:40,0,0,1.4925373,0,0,95.02488,2.985075,0.4975124,0
2022-06-25 23:52:39,0,0,1.0075567,0.5037783,0,94.96222,3.02267,0.5037783,0
2022-06-25 23:52:38,0,0,0.75,0.25,0,97.75,1.25,0,0
2022-06-25 23:52:37,0,0,0,0,0,98.75,1,0.25,0
2022-06-25 23:52:36,0,0,0,0,0,99.25,0.5,0.25,0
2022-06-25 23:52:35,0,0,0.2487562,0,0,99.00498,0.4975124,0.2487562,0
2022-06-25 23:52:34,0,0,0.7518797,0.5012531,0,96.2406,2.506266,0,0
2022-06-25 23:52:33,0,0,1,0,0,96.5,2.25,0.25,0
2022-06-25 23:52:32,0,0,1.2531328,0,0,96.2406,2.255639,0.2506266,0
2022-06-25 23:52:31,0,0,0.75,0,0,96.75,2.25,0.25,0
2022-06-25 23:52:30,0,0,0,0,0,98.99749,1.0025063,0,0
2022-06-25 23:52:29,0,0,0.2493766,0,0,98.50374,0.7481297,0.4987531,0
2022-06-25 23:52:28,0,0,0.2506266,0,0,98.24561,1.2531328,0.2506266,0
2022-06-25 23:52:27,0,0,0.7481297,0.2493766,0,97.00748,1.995012,0,0
2022-06-25 23:52:26,0,0,0.9950249,0,0,97.01493,1.741294,0.2487562,0
2022-06-25 23:52:25,0,0,1.754386,0,0,96.2406,2.005013,0,0
2022-06-25 23:52:24,0,0,0.75,0.25,0,96.5,2,0.5,0
2022-06-25 23:52:23,0,0,0.5012531,0,0,97.24311,2.005013,0.2506266,0
2022-06-25 23:52:22,0,0,0,0,0,99.25,0.5,0.25,0
2022-06-25 23:52:21,0,0,0.25,0,0,98.5,1.25,0,0
2022-06-25 23:52:20,0,0,0.25,0,0,97.75,1.75,0.25,0
2022-06-25 23:52:19,0,0,0.7444169,0.248139,0,97.76675,0.9925558,0.248139,0
2022-06-25 23:52:18,0,0,1.0050251,0,0,92.96482,5.778894,0.2512563,0
2022-06-25 23:52:17,0,0,1.2531328,0.5012531,0,95.73935,2.255639,0.2506266,0
2022-06-25 23:52:16,0,0,0.7481297,0.2493766,0,95.7606,2.992519,0,0
2022-06-25 23:52:15,0,0,0.25,0,0,98,1.5,0.25,0
2022-06-25 23:52:14,0,0,0.5,0,0,98.5,0.75,0.25,0
2022-06-25 23:52:13,0,0,0.5012531,0,0,96.99248,2.255639,0.2506266,0
2022-06-25 23:52:12,0,0,0.4975124,0,0,97.01493,2.238806,0.2487562,0
2022-06-25 23:52:11,0,0,0.7537688,0.2512563,0,95.47739,3.517588,0,0
2022-06-25 23:52:10,0,0,0.7462687,0,0,94.02985,4.975124,0.2487562,0
2022-06-25 23:52:09,0,0,1.25,0.25,0,94.25,4,0.25,0
2022-06-25 23:52:08,0,0,1.2562814,0,0,92.46231,6.030151,0.2512563,0
2022-06-25 23:52:07,0,0,1.4962594,0,0,90.52369,7.730673,0.2493766,0
2022-06-25 23:52:06,0,0,0.75,0.25,0,90.75,7.75,0.5,0
2022-06-25 23:52:05,0,0,0.4987531,0,0,92.76808,6.483791,0.2493766,0
2022-06-25 23:52:04,0,0,0.25,0,0,94.25,5.25,0.25,0
2022-06-25 23:52:03,0,0,0,0.2512563,0,91.45729,8.040201,0.2512563,0
2022-06-25 23:52:02,0,0,0.2493766,0,0,94.01496,5.486284,0.2493766,0
2022-06-25 23:52:01,0,0,0,0,0,92.4812,6.766917,0.5012531,0
2022-06-25 23:52:00,0,0,0.2493766,0,0,90.02494,8.229426,0,0
2022-06-25 23:51:59,0,0,0,0.2506266,0,87.7193,7.26817,0.2506266,0
2022-06-25 23:51:58,0,0,0.2506266,0.2506266,0,95.98997,3.258145,0.2506266,0
2022-06-25 23:51:57,0,0,0.25,0,0,98.5,1.25,0,0
2022-06-25 23:51:56,0,0,0,0,0,99,1,0,0
2022-06-25 23:51:55,0,0,0.2493766,0,0,98.00499,1.2468828,0.2493766,0
2022-06-25 23:51:54,0,0,0.25,0.25,0,98.5,1,0,0
2022-06-25 23:51:53,0,0,0.5012531,0,0,97.49373,2.005013,0,0
2022-06-25 23:51:52,0,0,0.2493766,0.2493766,0,98.25436,0.9975062,0.2493766,0
2022-06-25 23:51:51,0,0,0.2506266,0,0,98.24561,1.2531328,0.2506266,0
2022-06-25 23:51:50,0,0,0.7462687,0.4975124,0,96.51741,2.238806,0,0
2022-06-25 23:51:49,0,0,0.7537688,0,0,97.73869,1.2562814,0.2512563,0
2022-06-25 23:51:48,0,0,0.2487562,0.2487562,0,97.76119,1.4925373,0.2487562,0
2022-06-25 23:51:47,0,0,0.25,0,0,98.25,1.5,0,0
2022-06-25 23:51:46,0,0,0.4987531,0,0,97.50623,1.745636,0.2493766,0
2022-06-25 23:51:45,0,0,0.5025126,0.2512563,0,96.73367,2.01005,0.5025126,0
2022-06-25 23:51:44,0,0,1.0025063,0,0,96.99248,2.005013,0,0
2022-06-25 23:51:43,0,0,0.9975062,0.2493766,0,96.25935,2.244389,0.2493766,0
2022-06-25 23:51:42,0,0,0.75,0,0,96.75,2,0.5,0
2022-06-25 23:51:41,0,0,0.2506266,0,0,98.74687,0.7518797,0.2506266,0
2022-06-25 23:51:40,0,0,0.2493766,0,0,98.50374,0.9975062,0.2493766,0
2022-06-25 23:51:39,0,0,0.2506266,0.5012531,0,97.49373,1.754386,0,0
2022-06-25 23:51:38,0,0,0.7481297,0.2493766,0,97.25686,1.4962594,0.2493766,0
2022-06-25 23:51:37,0,0,1.2468828,0,0,95.26185,3.241895,0.2493766,0
2022-06-25 23:51:36,0,0,1,0.25,0,95.25,3.25,0,0.25
2022-06-25 23:51:35,0,0,0.5,0,0,98,1.5,0,0
2022-06-25 23:51:34,0,0,0.2493766,0,0,98.25436,1.2468828,0.2493766,0
2022-06-25 23:51:33,0,0,0.2493766,0,0,98.50374,0.7481297,0.4987531,0
2022-06-25 23:51:32,0,0,0.2512563,0.2512563,0,98.24121,1.0050251,0.2512563,0
2022-06-25 23:51:31,0,0,0.4987531,0,0,97.00748,2.493766,0,0
2022-06-25 23:51:30,0,0,1.0025063,0,0,96.74185,2.005013,0.2506266,0
2022-06-25 23:51:29,0,0,1,0,0,96.75,2,0.25,0
2022-06-25 23:51:28,0,0,0.7518797,0.2506266,0,96.74185,2.005013,0.2506266,0
2022-06-25 23:51:27,0,0,0.2493766,0,0,98.25436,1.2468828,0.2493766,0
2022-06-25 23:51:26,0,0,0.2487562,0.2487562,0,98.75622,0.4975124,0.2487562,0
2022-06-25 23:51:25,0,0,1,0,0,97,1.75,0.25,0
2022-06-25 23:51:24,0,0,0.75,0,0,97.75,1.25,0.25,0
2022-06-25 23:51:23,0,0,1,0,0,96.25,2.5,0.25,0
2022-06-25 23:51:22,0,0,1.0050251,0.7537688,0,94.47236,3.768844,0,0
2022-06-25 23:51:21,0,0,0.9975062,0,0,91.77057,7.23192,0,0
2022-06-25 23:51:20,0,0,0.7481297,0.2493766,0,98.00499,0.7481297,0.2493766,0
2022-06-25 23:51:19,0,0,0,0,0,98.99244,1.0075567,0,0
2022-06-25 23:51:18,0,0,0.248139,0,0,97.76675,1.4888337,0.4962779,0
2022-06-25 23:51:17,0,0,0.5012531,0.2506266,0,97.24311,1.754386,0.2506266,0
2022-06-25 23:51:16,0,0,0.7481297,0,0,96.50873,2.743142,0,0
2022-06-25 23:51:15,0,0,0.7518797,0,0,95.73935,3.258145,0.2506266,0
2022-06-25 23:51:14,0,0,1.0050251,0,0,95.72864,3.015075,0.2512563,0
2022-06-25 23:51:13,0,0,0.4975124,0,0,96.26866,2.736318,0.4975124,0
2022-06-25 23:51:12,0,0,0.5012531,0,0,96.99248,2.506266,0,0
2022-06-25 23:51:11,0,0,0,0.25,0,99,0.5,0.25,0
2022-06-25 23:51:10,0,0,0,0,0,99,0.75,0.25,0
2022-06-25 23:51:09,0,0,0.4987531,0,0,97.00748,2.244389,0.2493766,0
2022-06-25 23:51:08,0,0,1,0.25,0,95,3.5,0.25,0
2022-06-25 23:51:07,0,0,1.4962594,0.2493766,0,94.51372,3.491272,0.2493766,0
2022-06-25 23:51:06,0,0,1.5075377,0.2512563,0,90.70352,7.286432,0.2512563,0
2022-06-25 23:51:05,0,0,1.2468828,0.2493766,0,93.26683,5.236908,0,0
2022-06-25 23:51:04,0,0,0.75,0,0,90.25,8.75,0.25,0
2022-06-25 23:51:03,0,0,0.5012531,0.2506266,0,92.4812,6.766917,0,0
2022-06-25 23:51:02,0,0,0.2493766,0,0,93.26683,6.234414,0.2493766,0
2022-06-25 23:51:01,0,0,0.25,0,0,94.75,4.5,0.5,0
2022-06-25 23:51:00,0,0,0.2506266,0,0,89.72431,10.025063,0,0
2022-06-25 23:50:59,0,0,0,0,0,93,6.25,0.75,0
2022-06-25 23:50:58,0,0,0,0,0,88.94472,10.050251,0.2512563,0
2022-06-25 23:50:57,0,0,0.2493766,0,0,91.5212,6.483791,0.2493766,0
2022-06-25 23:50:56,0,0,0.2506266,0.2506266,0,95.2381,4.260652,0,0
2022-06-25 23:50:55,0,0,0,0,0,97.5,2.25,0.25,0
2022-06-25 23:50:54,0,0,0,0,0,99.25187,0.7481297,0,0
2022-06-25 23:50:53,0,0,0.25,0,0,98,1.25,0.5,0
2022-06-25 23:50:52,0,0,0,0,0,99.25,0.75,0,0
2022-06-25 23:50:51,0,0,0,0,0,98.99749,0.7518797,0.2506266,0
2022-06-25 23:50:50,0,0,0.4987531,0,0,98.00499,1.2468828,0.2493766,0
2022-06-25 23:50:49,0,0,0,0.2493766,0,98.75312,0.7481297,0.2493766,0
2022-06-25 23:50:48,0,0,0.5050505,0.2525253,0,97.47475,1.767677,0,0
2022-06-25 23:50:47,0,0,1.2406948,0,0,95.78164,2.729529,0.248139,0
2022-06-25 23:50:46,0,0,0.2506266,0,0,98.24561,1.5037594,0,0
2022-06-25 23:50:45,0,0,0.2518892,0,0,98.23678,1.2594458,0.2518892,0
2022-06-25 23:50:44,0,0,0.7444169,0.248139,0,97.27047,1.4888337,0.248139,0
2022-06-25 23:50:43,0,0,0.2493766,0.2493766,0,97.75561,1.4962594,0.2493766,0
2022-06-25 23:50:42,0,0,0.2512563,0,0,98.49246,1.0050251,0.2512563,0
2022-06-25 23:50:41,0,0,0.9975062,0.2493766,0,95.01247,3.491272,0.2493766,0
2022-06-25 23:50:40,0,0,1.2437811,0.2487562,0,95.77114,2.487562,0.2487562,0
2022-06-25 23:50:39,0,0,0.5025126,0,0,97.98995,1.5075377,0,0
2022-06-25 23:50:38,0,0,0.2506266,0,0,97.74436,2.005013,0,0
2022-06-25 23:50:37,0,0,0.2493766,0.2493766,0,98.50374,0.7481297,0.2493766,0
2022-06-25 23:50:36,0,0,0.5012531,0,0,97.99499,1.5037594,0,0
2022-06-25 23:50:35,0,0,0.4962779,0,0,97.51861,1.4888337,0.4962779,0
2022-06-25 23:50:34,0,0,1.0050251,0.5025126,0,95.47739,3.015075,0,0
2022-06-25 23:50:33,0,0,1.5037594,0.2506266,0,94.23559,3.759398,0.2506266,0
2022-06-25 23:50:32,0,0,0.4987531,0,0,97.25686,1.995012,0.2493766,0
2022-06-25 23:50:31,0,0,0.2487562,0.2487562,0,99.00498,0.4975124,0,0
2022-06-25 23:50:30,0,0,0.2506266,0,0,98.49624,1.2531328,0,0
2022-06-25 23:50:29,0,0,0.2518892,0,0,98.99244,0.7556675,0,0
2022-06-25 23:50:28,0,0,0.2493766,0,0,98.00499,1.745636,0,0
2022-06-25 23:50:27,0,0,0.9975062,0.2493766,0,96.50873,1.995012,0.2493766,0
2022-06-25 23:50:26,0,0,1.754386,0.5012531,0,94.73684,2.756892,0.2506266,0
2022-06-25 23:50:25,0,0,1.99005,0,0,95.77114,1.741294,0.2487562,0
2022-06-25 23:50:24,0,0,0,0,0,98.75,1,0.25,0
2022-06-25 23:50:23,0,0,0.2506266,0,0,98.99749,0.5012531,0.2506266,0
2022-06-25 23:50:22,0,0,0.5,0,0,97.5,1.75,0.25,0
2022-06-25 23:50:21,0,0,0.25,0.25,0,98.75,0.5,0.25,0
2022-06-25 23:50:20,0,0,0.75,0,0,96.75,2,0.5,0
2022-06-25 23:50:19,0,0,1.75,0.25,0,93.75,4.25,0,0
2022-06-25 23:50:18,0,0,0.75,0.25,0,97.25,1.5,0.25,0
2022-06-25 23:50:17,0,0,0,0,0,99.00249,0.4987531,0.4987531,0
2022-06-25 23:50:16,0,0,0,0,0,98.99749,0.7518797,0.2506266,0
2022-06-25 23:50:15,0,0,0.7444169,0.248139,0,98.01489,0.7444169,0.248139,0
2022-06-25 23:50:14,0,0,0.5037783,0,0,97.98489,1.511335,0,0
2022-06-25 23:50:13,0,0,0.25,0.25,0,96.5,2.5,0.5,0
2022-06-25 23:50:12,0,0,1.4888337,0.248139,0,94.54094,3.225806,0.4962779,0
2022-06-25 23:50:11,0,0,1.2594458,0,0,94.71033,4.030227,0,0
2022-06-25 23:50:10,0,0,0.25,0.25,0,97.25,2,0.25,0
2022-06-25 23:50:09,0,0,0.2487562,0,0,98.00995,1.4925373,0.2487562,0
2022-06-25 23:50:08,0,0,0,0,0,99.74937,0.2506266,0,0
2022-06-25 23:50:07,0,0,0,0,0,98.49624,1.2531328,0.2506266,0
2022-06-25 23:50:06,0,0,0.4975124,0,0,97.26368,1.99005,0.2487562,0
2022-06-25 23:50:05,0,0,0.75,0.25,0,96.25,2.5,0.25,0
2022-06-25 23:50:04,0,0,1.0025063,0,0,95.2381,3.508772,0.2506266,0
2022-06-25 23:50:03,0,0,1.995012,0.4987531,0,89.52618,7.98005,0,0
2022-06-25 23:50:02,0,0,1.5037594,0.5012531,0,88.97243,8.77193,0.2506266,0
2022-06-25 23:50:01,0,0,0.75,0,0,91,8,0.25,0
2022-06-25 23:50:00,0,0,0.5,0,0,91.5,7.75,0.25,0
2022-06-25 23:49:59,0,0,0.2487562,0.2487562,0,93.03483,6.218905,0.2487562,0
2022-06-25 23:49:58,0,0,0,0,0,95.22613,4.522613,0.2512563,0
2022-06-25 23:49:57,0,0,0,0.25,0,92,7.5,0.25,0
2022-06-25 23:49:56,0,0,0.25,0,0,93.75,5.25,0.5,0
2022-06-25 23:49:55,0,0,0,0.25,0,86.75,11,0.25,0
2022-06-25 23:49:54,0,0,0,0,0,91.64557,7.594937,0.2531646,0
2022-06-25 23:49:53,0,0,0,0.2493766,0,96.00998,3.491272,0.2493766,0
2022-06-25 23:49:52,0,0,0.2487562,0,0,97.51244,2.238806,0,0
2022-06-25 23:49:51,0,0,0,0,0,98.99497,0.7537688,0.2512563,0
2022-06-25 23:49:50,0,0,0,0,0,98.74687,1.2531328,0,0
2022-06-25 23:49:49,0,0,0.2493766,0,0,98.50374,0.9975062,0.2493766,0
2022-06-25 23:49:48,0,0,0,0,0,99.25187,0.4987531,0.2493766,0
2022-06-25 23:49:47,0,0,0.2512563,0,0,97.73869,2.01005,0,0
2022-06-25 23:49:46,0,0,0.4987531,0.4987531,0,97.00748,1.745636,0.2493766,0
2022-06-25 23:49:45,0,0,1,0.25,0,96.5,2,0.25,0
2022-06-25 23:49:44,0,0,1,0,0,97.5,1.5,0,0
2022-06-25 23:49:43,0,0,0.25,0,0,98,1.25,0.5,0
2022-06-25 23:49:42,0,0,0,0,0,98.99749,1.0025063,0,0
2022-06-25 23:49:41,0,0,0.248139,0,0,98.75931,0.7444169,0.248139,0
2022-06-25 23:49:40,0,0,0.5,0.25,0,97.5,1.5,0.25,0
2022-06-25 23:49:39,0,0,1.0025063,0.5012531,0,96.74185,1.754386,0,0
2022-06-25 23:49:38,0,0,1.0025063,0,0,96.2406,2.506266,0.2506266,0
2022-06-25 23:49:37,0,0,0.7462687,0,0,97.01493,1.99005,0.2487562,0
2022-06-25 23:49:36,0,0,0.2512563,0,0,98.24121,1.5075377,0,0
2022-06-25 23:49:35,0,0,0.5,0,0,97.25,2,0.25,0
2022-06-25 23:49:34,0,0,0.25,0.25,0,98.5,1,0,0
2022-06-25 23:49:33,0,0,0.7462687,0.2487562,0,97.26368,1.4925373,0.2487562,0
2022-06-25 23:49:32,0,0,1,0,0,96,3,0,0
2022-06-25 23:49:31,0,0,1.2531328,0,0,94.73684,3.759398,0.2506266,0
2022-06-25 23:49:30,0,0,0.5,0,0,98.5,0.75,0.25,0
2022-06-25 23:49:29,0,0,0.2506266,0.2506266,0,98.24561,1.2531328,0,0
2022-06-25 23:49:28,0,0,0.4987531,0.2493766,0,97.75561,1.2468828,0.2493766,0
2022-06-25 23:49:27,0,0,0.4987531,0,0,98.00499,1.2468828,0.2493766,0
2022-06-25 23:49:26,0,0,0.5,0,0,98,1.25,0.25,0
2022-06-25 23:49:25,0,0,1.2468828,0.4987531,0,95.7606,2.244389,0.2493766,0
2022-06-25 23:49:24,0,0,1.5075377,0,0,95.9799,2.512563,0,0
2022-06-25 23:49:23,0,0,0.5012531,0.2506266,0,97.49373,1.754386,0,0
2022-06-25 23:49:22,0,0,0.25,0,0,98.25,1.25,0.25,0
2022-06-25 23:49:21,0,0,0.25,0.25,0,98,1.25,0.25,0
2022-06-25 23:49:20,0,0,0.4987531,0.2493766,0,98.00499,0.9975062,0.2493766,0
2022-06-25 23:49:19,0,0,0.5012531,0,0,96.99248,2.005013,0.5012531,0
2022-06-25 23:49:18,0,0,1.2468828,0.4987531,0,95.26185,2.992519,0,0
2022-06-25 23:49:17,0,0,0.7481297,0,0,97.25686,1.745636,0.2493766,0
2022-06-25 23:49:16,0,0,0.75,0.25,0,96.5,2.5,0,0
2022-06-25 23:49:15,0,0,0,0,0,98.99497,0.7537688,0.2512563,0
2022-06-25 23:49:14,0,0,0.25,0,0,98.25,1.5,0,0
2022-06-25 23:49:13,0,0,0.5,0.25,0,96.5,2.25,0.5,0
2022-06-25 23:49:12,0,0,0.7444169,0,0,97.27047,1.736973,0.248139,0
2022-06-25 23:49:11,0,0,1.0025063,0,0,96.2406,2.756892,0,0
2022-06-25 23:49:10,0,0,0.7537688,0.5025126,0,94.97487,3.517588,0.2512563,0
2022-06-25 23:49:09,0,0,0.7462687,0.2487562,0,97.01493,1.4925373,0.4975124,0
2022-06-25 23:49:08,0,0,0.7556675,0.2518892,0,95.46599,3.526448,0,0
2022-06-25 23:49:07,0,0,0.2493766,0.2493766,0,98.50374,0.7481297,0.2493766,0
2022-06-25 23:49:06,0,0,0.25,0.25,0,97.75,1.5,0.25,0
2022-06-25 23:49:05,0,0,0.5,0,0,97,2.5,0,0
2022-06-25 23:49:04,0,0,0.4962779,0.248139,0,96.77419,2.233251,0.248139,0
2022-06-25 23:49:03,0,0,0.5025126,0.2512563,0,97.73869,1.5075377,0,0
2022-06-25 23:49:02,0,0,0.7518797,0,0,94.73684,4.260652,0.2506266,0
2022-06-25 23:49:01,0,0,1.25,0.5,0,92.75,5.5,0,0
2022-06-25 23:49:00,0,0,1.25,0,0,91.5,7,0.25,0
2022-06-25 23:48:59,0,0,1,0,0,90.75,8,0.25,0
2022-06-25 23:48:58,0,0,0.5,0.25,0,95.25,4,0,0
2022-06-25 23:48:57,0,0,0.4987531,0,0,93.26683,6.234414,0,0
2022-06-25 23:48:56,0,0,0.5,0,0,92.25,7,0,0
2022-06-25 23:48:55,0,0,0.2506266,0,0,91.97995,7.518797,0,0
2022-06-25 23:48:54,0,0,0.4987531,0,0,92.76808,6.733167,0,0
2022-06-25 23:48:53,0,0,0,0.2518892,0,92.9471,6.549118,0.2518892,0
2022-06-25 23:48:52,0,0,0,0,0,92.5187,6.733167,0.2493766,0
2022-06-25 23:48:51,0,0,0.2493766,0,0,94.76309,4.738155,0.2493766,0
2022-06-25 23:48:50,0,0,0.25,0.25,0,95,4.5,0,0
2022-06-25 23:48:49,0,0,0,0,0,96.75,3,0.25,0
2022-06-25 23:48:48,0,0,0.2506266,0,0,97.49373,2.005013,0.2506266,0
2022-06-25 23:48:47,0,0,0,0,0,98.99749,1.0025063,0,0
2022-06-25 23:48:46,0,0,0,0,0,99,1,0,0
2022-06-25 23:48:45,0,0,0.4987531,0,0,98.50374,0.7481297,0.2493766,0
2022-06-25 23:48:44,0,0,0,0,0,98.74687,1.0025063,0.2506266,0
2022-06-25 23:48:43,0,0,0.4975124,0.2487562,0,96.76617,1.99005,0.4975124,0
2022-06-25 23:48:42,0,0,0.9975062,0.2493766,0,96.50873,1.995012,0.2493766,0
2022-06-25 23:48:41,0,0,0,0,0,98.48866,1.511335,0,0
2022-06-25 23:48:40,0,0,0.7481297,0,0,94.76309,4.239401,0.2493766,0
2022-06-25 23:48:39,0,0,0.5,0,0,98.5,0.75,0.25,0
2022-06-25 23:48:38,0,0,0.5,0,0,98.5,1,0,0
2022-06-25 23:48:37,0,0,0.2493766,0.2493766,0,98.50374,0.7481297,0.2493766,0
2022-06-25 23:48:36,0,0,0.7481297,0,0,96.7581,2.244389,0.2493766,0
2022-06-25 23:48:35,0,0,0.7575758,0,0,96.46465,2.777778,0,0
2022-06-25 23:48:34,0,0,0.4975124,0.2487562,0,98.00995,0.9950249,0.2487562,0
2022-06-25 23:48:33,0,0,0.75,0,0,96,3,0.25,0
2022-06-25 23:48:32,0,0,0.75,0.25,0,97,2,0,0
2022-06-25 23:48:31,0,0,0.25,0,0,98.75,1,0,0
2022-06-25 23:48:30,0,0,0.5,0.25,0,97.5,1.25,0.5,0
2022-06-25 23:48:29,0,0,1.2468828,0.2493766,0,95.26185,3.241895,0,0
2022-06-25 23:48:28,0,0,0.5025126,0,0,97.73869,1.758794,0,0
2022-06-25 23:48:27,0,0,0.5,0,0,98,1.25,0.25,0
2022-06-25 23:48:26,0,0,0.7481297,0.2493766,0,97.50623,1.2468828,0.2493766,0
2022-06-25 23:48:25,0,0,1.2468828,0,0,97.50623,1.2468828,0,0
2022-06-25 23:48:24,0,0,0.4987531,0.2493766,0,98.00499,1.2468828,0,0
2022-06-25 23:48:23,0,0,0.5,0,0,96.75,2.5,0.25,0
2022-06-25 23:48:22,0,0,1.0075567,0,0,96.47355,2.518892,0,0
2022-06-25 23:48:21,0,0,0.4987531,0.2493766,0,98.00499,1.2468828,0,0
2022-06-25 23:48:20,0,0,0.75,0,0,97.25,1.75,0.25,0
2022-06-25 23:48:19,0,0,0.75,0.25,0,97,1.75,0.25,0
2022-06-25 23:48:18,0,0,0.2493766,0,0,99.00249,0.7481297,0,0
2022-06-25 23:48:17,0,0,0.7537688,0,0,97.23618,2.01005,0,0
2022-06-25 23:48:16,0,0,0.7518797,0,0,97.24311,1.754386,0.2506266,0
2022-06-25 23:48:15,0,0,0.4987531,0.2493766,0,97.25686,1.745636,0.2493766,0
2022-06-25 23:48:14,0,0,0.7481297,0,0,97.75561,1.4962594,0,0
2022-06-25 23:48:13,0,0,0.7481297,0.2493766,0,97.00748,1.745636,0.2493766,0
2022-06-25 23:48:12,0,0,0.7518797,0,0,96.49123,2.255639,0.5012531,0
2022-06-25 23:48:11,0,0,0.25,0,0,98.5,1,0.25,0
2022-06-25 23:48:10,0,0,0.2506266,0,0,97.49373,2.005013,0.2506266,0
2022-06-25 23:48:09,0,0,0.9950249,0.2487562,0,95.52239,2.985075,0.2487562,0
2022-06-25 23:48:08,0,0,0.4987531,0,0,96.25935,2.992519,0.2493766,0
2022-06-25 23:48:07,0,0,0.5012531,0,0,97.99499,1.2531328,0.2506266,0
2022-06-25 23:48:06,0,0,0.5012531,0.5012531,0,96.99248,1.754386,0.2506266,0
2022-06-25 23:48:05,0,0,0.9950249,0,0,96.0199,2.736318,0.2487562,0
2022-06-25 23:48:04,0,0,0.5012531,0,0,97.24311,2.005013,0.2506266,0
2022-06-25 23:48:03,0,0,0.25,0,0,98.25,1.5,0,0
2022-06-25 23:48:02,0,0,0.5,0.25,0,97,2,0.25,0
2022-06-25 23:48:01,0,0,1.0025063,0.2506266,0,95.73935,3.007519,0,0
2022-06-25 23:48:00,0,0,1.2437811,0,0,93.78109,4.726368,0.2487562,0
2022-06-25 23:47:59,0,0,0.5037783,0.2518892,0,94.45844,4.534005,0.2518892,0
2022-06-25 23:47:58,0,0,0.5012531,0,0,96.2406,3.258145,0,0
2022-06-25 23:47:57,0,0,0.7462687,0.2487562,0,94.02985,4.477612,0.4975124,0
2022-06-25 23:47:56,0,0,1,0,0,91,7.25,0.5,0
2022-06-25 23:47:55,0,0,0.9975062,0.2493766,0,93.26683,5.236908,0.2493766,0
2022-06-25 23:47:54,0,0,0.7518797,0,0,90.72682,8.270677,0.2506266,0
2022-06-25 23:47:53,0,0,0.5025126,0,0,89.19598,9.798995,0.5025126,0
2022-06-25 23:47:52,0,0,0,0.2487562,0,94.52736,4.975124,0.2487562,0
2022-06-25 23:47:51,0,0,0,0,0,96.48241,3.266332,0.2512563,0
2022-06-25 23:47:50,0,0,0.25,0,0,94,5.75,0,0
2022-06-25 23:47:49,0,0,0,0.25,0,91.5,7.75,0.5,0
2022-06-25 23:47:48,0,0,0.25,0.25,0,93,5.75,0,0
2022-06-25 23:47:47,0,0,0,0.2487562,0,89.801,3.9801,0.2487562,0
2022-06-25 23:47:46,0,0,0,0,0,97.25,2.75,0,0
2022-06-25 23:47:45,0,0,0.2493766,0,0,98.75312,0.9975062,0,0
2022-06-25 23:47:44,0,0,0.2493766,0.2493766,0,97.50623,1.745636,0.2493766,0
2022-06-25 23:47:43,0,0,0.2518892,0,0,97.98489,1.2594458,0.5037783,0
2022-06-25 23:47:42,0,0,0.25,0,0,98.75,1,0,0
2022-06-25 23:47:41,0,0,0.25,0,0,98.25,1.25,0.25,0
2022-06-25 23:47:40,0,0,0.5,0.25,0,98,1.25,0,0
2022-06-25 23:47:39,0,0,0.2493766,0,0,97.00748,2.493766,0.2493766,0
2022-06-25 23:47:38,0,0,0.5012531,0,0,97.74436,1.5037594,0.2506266,0
2022-06-25 23:47:37,0,0,1.25,0,0,95.75,3,0,0
2022-06-25 23:47:36,0,0,0.25,0,0,98.75,1,0,0
2022-06-25 23:47:35,0,0,0.25,0.25,0,97,2.25,0.25,0
2022-06-25 23:47:34,0,0,0.4987531,0,0,98.00499,0.9975062,0.4987531,0
2022-06-25 23:47:33,0,0,0.5012531,0,0,97.49373,1.754386,0.2506266,0
2022-06-25 23:47:32,0,0,0.7481297,0.2493766,0,97.00748,1.745636,0.2493766,0
2022-06-25 23:47:31,0,0,1.0025063,0.2506266,0,96.49123,2.255639,0,0
2022-06-25 23:47:30,0,0,0.7481297,0.2493766,0,97.25686,1.4962594,0.2493766,0
2022-06-25 23:47:29,0,0,0.2506266,0.2506266,0,98.24561,1.2531328,0,0
2022-06-25 23:47:28,0,0,0.5,0,0,98,1.25,0.25,0
2022-06-25 23:47:27,0,0,0.5,0,0,97.75,1.5,0.25,0
2022-06-25 23:47:26,0,0,0.25,0,0,98,1.5,0.25,0
2022-06-25 23:47:25,0,0,1.4962594,0,0,96.00998,2.244389,0.2493766,0
2022-06-25 23:47:24,0,0,1.0025063,0.2506266,0,96.2406,2.255639,0.2506266,0
2022-06-25 23:47:23,0,0,0.7481297,0.2493766,0,96.50873,2.493766,0,0
2022-06-25 23:47:22,0,0,0.2512563,0,0,98.49246,1.0050251,0.2512563,0
2022-06-25 23:47:21,0,0,0.4987531,0.2493766,0,98.50374,0.4987531,0.2493766,0
2022-06-25 23:47:20,0,0,0.2493766,0,0,98.25436,1.2468828,0.2493766,0
2022-06-25 23:47:19,0,0,0.5,0,0,97.75,1.75,0,0
2022-06-25 23:47:18,0,0,1.0025063,0.2506266,0,96.2406,2.255639,0.2506266,0
2022-06-25 23:47:17,0,0,1,0,0,96.25,2.5,0.25,0
2022-06-25 23:47:16,0,0,0.25,0.25,0,97.75,1.75,0,0
2022-06-25 23:47:15,0,0,0.4987531,0,0,97.75561,1.4962594,0.2493766,0
2022-06-25 23:47:14,0,0,0.5,0.25,0,97.75,1.25,0.25,0
2022-06-25 23:47:13,0,0,0.5,0.25,0,97.25,1.75,0.25,0
2022-06-25 23:47:12,0,0,0.75,0,0,97.5,1.75,0,0
2022-06-25 23:47:11,0,0,0.75,0.5,0,96,2.5,0.25,0
2022-06-25 23:47:10,0,0,1,0.25,0,95.75,2.75,0.25,0
2022-06-25 23:47:09,0,0,0.25,0,0,98.25,1.25,0.25,0
2022-06-25 23:47:08,0,0,0.4987531,0.2493766,0,97.25686,1.995012,0,0
2022-06-25 23:47:07,0,0,0.5012531,0,0,96.74185,2.756892,0,0
2022-06-25 23:47:06,0,0,0.2506266,0.2506266,0,97.24311,2.005013,0.2506266,0
2022-06-25 23:47:05,0,0,0.7518797,0.2506266,0,96.2406,2.756892,0,0
2022-06-25 23:47:04,0,0,1.4925373,0.2487562,0,96.0199,1.99005,0.2487562,0
2022-06-25 23:47:03,0,0,0.75,0,0,97,2.25,0,0
2022-06-25 23:47:02,0,0,0.75,0,0,97,2.25,0,0
2022-06-25 23:47:01,0,0,0.5025126,0,0,97.98995,1.5075377,0,0
2022-06-25 23:47:00,0,0,0.4975124,0.2487562,0,97.76119,1.2437811,0.2487562,0
2022-06-25 23:46:59,0,0,0.5012531,0,0,98.49624,1.0025063,0,0
2022-06-25 23:46:58,0,0,0.75,0.25,0,94,4.75,0.25,0
2022-06-25 23:46:57,0,0,0.5012531,0,0,96.49123,2.756892,0.2506266,0
2022-06-25 23:46:56,0,0,0.9950249,0,0,95.02488,3.731343,0.2487562,0
2022-06-25 23:46:55,0,0,1.0025063,0.5012531,0,91.4787,6.766917,0.2506266,0
2022-06-25 23:46:54,0,0,1.2437811,0.4975124,0,93.28358,4.726368,0.2487562,0
2022-06-25 23:46:53,0,0,0.7537688,0.5025126,0,89.94975,8.542714,0.2512563,0
2022-06-25 23:46:52,0,0,0.7444169,0.248139,0,90.57072,8.188586,0.248139,0
2022-06-25 23:46:51,0,0,0.2518892,0.2518892,0,94.20655,5.289673,0,0
2022-06-25 23:46:50,0,0,0.2487562,0,0,93.28358,6.218905,0.2487562,0
2022-06-25 23:46:49,0,0,0,0,0,93.98496,5.764411,0.2506266,0
2022-06-25 23:46:48,0,0,0,0,0,93.51621,6.234414,0.2493766,0
2022-06-25 23:46:47,0,0,0,0,0,92.25,7.5,0.25,0
2022-06-25 23:46:46,0,0,0.2518892,0.2518892,0,90.17632,7.052897,0,0
2022-06-25 23:46:45,0,0,0,0,0,95.75,4,0.25,0
2022-06-25 23:46:44,0,0,0.2506266,0,0,97.99499,1.5037594,0.2506266,0
2022-06-25 23:46:43,0,0,0,0,0,99.24812,0.7518797,0,0
2022-06-25 23:46:42,0,0,0,0,0,98.00995,1.741294,0.2487562,0
2022-06-25 23:46:41,0,0,0.25,0.25,0,98.5,0.75,0.25,0
2022-06-25 23:46:40,0,0,0.2506266,0,0,98.99749,0.7518797,0,0
2022-06-25 23:46:39,0,0,0.2493766,0,0,98.00499,1.4962594,0.2493766,0
2022-06-25 23:46:38,0,0,0.4987531,0,0,98.00499,1.4962594,0,0
2022-06-25 23:46:37,0,0,0.2506266,0,0,97.49373,2.005013,0.2506266,0
2022-06-25 23:46:36,0,0,1.2562814,0.2512563,0,95.47739,3.015075,0,0
2022-06-25 23:46:35,0,0,0.248139,0,0,98.51117,0.7444169,0.4962779,0
2022-06-25 23:46:34,0,0,0.5025126,0,0,98.49246,1.0050251,0,0
2022-06-25 23:46:33,0,0,0.2487562,0,0,98.25871,0.9950249,0.4975124,0
2022-06-25 23:46:32,0,0,0.2506266,0,0,98.24561,1.2531328,0.2506266,0
2022-06-25 23:46:31,0,0,0.75,0.25,0,97.25,1.75,0,0
2022-06-25 23:46:30,0,0,0.7518797,0,0,96.2406,2.756892,0.2506266,0
2022-06-25 23:46:29,0,0,1.25,0.25,0,97,1.25,0.25,0
2022-06-25 23:46:28,0,0,0.4975124,0,0,97.76119,1.4925373,0.2487562,0
2022-06-25 23:46:27,0,0,0.2506266,0.2506266,0,98.49624,0.7518797,0,0
2022-06-25 23:46:26,0,0,0.25,0,0,98.5,1.25,0,0
2022-06-25 23:46:25,0,0,0.2487562,0.2487562,0,98.00995,1.4925373,0,0
2022-06-25 23:46:24,0,0,1,0,0,97,1.5,0.5,0
2022-06-25 23:46:23,0,0,1.2531328,0.2506266,0,96.2406,2.005013,0.2506266,0
2022-06-25 23:46:22,0,0,1.2531328,0.2506266,0,95.73935,2.756892,0,0
2022-06-25 23:46:21,0,0,0.4987531,0,0,98.00499,1.2468828,0.2493766,0
2022-06-25 23:46:20,0,0,0.2512563,0,0,97.98995,1.5075377,0.2512563,0
2022-06-25 23:46:19,0,0,0.2493766,0,0,99.00249,0.4987531,0.2493766,0
2022-06-25 23:46:18,0,0,0.25,0.25,0,98.25,1,0.25,0
2022-06-25 23:46:17,0,0,0.5012531,0,0,97.74436,1.5037594,0.2506266,0
2022-06-25 23:46:16,0,0,1.2468828,0,0,96.25935,1.995012,0.4987531,0
2022-06-25 23:46:15,0,0,1.0025063,0.2506266,0,95.98997,2.756892,0,0
2022-06-25 23:46:14,0,0,0.7462687,0,0,96.26866,2.736318,0.2487562,0
2022-06-25 23:46:13,0,0,0.2512563,0,0,97.98995,1.5075377,0.2512563,0
2022-06-25 23:46:12,0,0,0.4975124,0,0,98.50746,0.4975124,0.4975124,0
2022-06-25 23:46:11,0,0,0.2506266,0,0,97.24311,2.506266,0,0
2022-06-25 23:46:10,0,0,0.5012531,0.2506266,0,97.49373,1.754386,0,0
2022-06-25 23:46:09,0,0,1,0.5,0,96.25,2,0.25,0
2022-06-25 23:46:08,0,0,0.9975062,0.2493766,0,95.51122,2.992519,0.2493766,0
2022-06-25 23:46:07,0,0,0.5,0,0,97.75,1.25,0.5,0
2022-06-25 23:46:06,0,0,0.75,0.25,0,96.75,2.25,0,0
2022-06-25 23:46:05,0,0,0.25,0,0,98,1.75,0,0
2022-06-25 23:46:04,0,0,0.2493766,0,0,97.25686,2.244389,0.2493766,0
2022-06-25 23:46:03,0,0,0.4987531,0,0,97.25686,1.995012,0.2493766,0
2022-06-25 23:46:02,0,0,0.5025126,0,0,97.48744,1.5075377,0.5025126,0
2022-06-25 23:46:01,0,0,1.0025063,0.2506266,0,94.73684,4.010025,0,0
2022-06-25 23:46:00,0,0,0.7518797,0.2506266,0,96.99248,2.005013,0,0
2022-06-25 23:45:59,0,0,0.4975124,0.2487562,0,97.01493,1.99005,0.2487562,0
2022-06-25 23:45:58,0,0,0.5012531,0,0,97.99499,1.5037594,0,0
2022-06-25 23:45:57,0,0,0.4975124,0.2487562,0,97.26368,1.741294,0.2487562,0
2022-06-25 23:45:56,0,0,0.5025126,0.2512563,0,96.23116,3.015075,0,0
2022-06-25 23:45:55,0,0,0.4987531,0,0,96.25935,3.241895,0,0
2022-06-25 23:45:54,0,0,0.7518797,0.2506266,0,96.2406,2.506266,0.2506266,0
2022-06-25 23:45:53,0,0,1.25,0.25,0,95,3.25,0.25,0
2022-06-25 23:45:52,0,0,1.2531328,0.2506266,0,90.72682,7.518797,0.2506266,0
2022-06-25 23:45:51,0,0,1.2376238,0.4950495,0,91.83168,5.693069,0.4950495,0
2022-06-25 23:45:50,0,0,1.0152284,0,0,87.81726,11.167513,0,0
2022-06-25 23:45:49,0,0,0.4975124,0.2487562,0,90.79602,7.960199,0.2487562,0
2022-06-25 23:45:48,0,0,0.5,0,0,93.75,5.75,0,0
2022-06-25 23:45:47,0,0,0,0,0,92.5,7.25,0.25,0
2022-06-25 23:45:46,0,0,0,0,0,95.22613,4.773869,0,0
2022-06-25 23:45:45,0,0,0.2487562,0,0,93.03483,5.970149,0.7462687,0
2022-06-25 23:45:44,0,0,0,0.25,0,89.5,6.75,0.25,0
2022-06-25 23:45:43,0,0,0.2512563,0,0,90.70352,6.030151,0.2512563,0
2022-06-25 23:45:42,0,0,0,0,0,98.49624,1.2531328,0.2506266,0
2022-06-25 23:45:41,0,0,0,0.25,0,98.75,0.75,0.25,0
2022-06-25 23:45:40,0,0,0.25,0,0,98.25,1.5,0,0
2022-06-25 23:45:39,0,0,0,0.25,0,98.75,0.75,0.25,0
2022-06-25 23:45:38,0,0,0.2506266,0,0,97.99499,1.2531328,0.5012531,0
2022-06-25 23:45:37,0,0,0.5,0,0,97.25,2,0.25,0
2022-06-25 23:45:36,0,0,0.25,0.25,0,98,1.5,0,0
2022-06-25 23:45:35,0,0,0.2487562,0,0,98.75622,0.7462687,0.2487562,0
2022-06-25 23:45:34,0,0,0.9975062,0,0,97.00748,1.745636,0.2493766,0
2022-06-25 23:45:33,0,0,0.7537688,0,0,96.48241,2.512563,0.2512563,0
2022-06-25 23:45:32,0,0,0.25,0,0,98.5,1.25,0,0
2022-06-25 23:45:31,0,0,0.5012531,0.2506266,0,97.74436,1.0025063,0.5012531,0
2022-06-25 23:45:30,0,0,0.4987531,0.2493766,0,97.25686,1.995012,0,0
2022-06-25 23:45:29,0,0,0.2506266,0.2506266,0,98.24561,1.2531328,0,0
2022-06-25 23:45:28,0,0,0.9975062,0.2493766,0,97.25686,1.2468828,0.2493766,0
2022-06-25 23:45:27,0,0,1,0,0,96.75,1.75,0.5,0
2022-06-25 23:45:26,0,0,0.25,0.25,0,97.5,1.75,0.25,0
2022-06-25 23:45:25,0,0,0.75,0,0,98,1.25,0,0
2022-06-25 23:45:24,0,0,0.5,0.25,0,97.5,1.5,0.25,0
2022-06-25 23:45:23,0,0,0.5,0,0,98,1.25,0.25,0
2022-06-25 23:45:22,0,0,1.0025063,0,0,96.74185,2.005013,0.2506266,0
2022-06-25 23:45:21,0,0,1.0050251,0.2512563,0,95.22613,3.266332,0.2512563,0
2022-06-25 23:45:20,0,0,0.4975124,0,0,98.00995,1.2437811,0.2487562,0
2022-06-25 23:45:19,0,0,0.2493766,0,0,98.75312,0.7481297,0.2493766,0
2022-06-25 23:45:18,0,0,0.25,0,0,97.75,1.5,0.5,0
2022-06-25 23:45:17,0,0,0.7518797,0.2506266,0,97.99499,0.7518797,0.2506266,0
2022-06-25 23:45:16,0,0,0.7462687,0,0,97.26368,1.4925373,0.4975124,0
2022-06-25 23:45:15,0,0,0.75,0.25,0,97,1.75,0.25,0
2022-06-25 23:45:14,0,0,1.2562814,0,0,95.47739,3.015075,0.2512563,0
2022-06-25 23:45:13,0,0,0.2493766,0,0,98.75312,0.9975062,0,0
2022-06-25 23:45:12,0,0,0,0.2493766,0,98.50374,0.7481297,0.4987531,0
2022-06-25 23:45:11,0,0,0.2512563,0,0,98.74372,1.0050251,0,0
2022-06-25 23:45:10,0,0,1.25,0,0,97,1.25,0.5,0
2022-06-25 23:45:09,0,0,0.75,0.25,0,96.5,2.5,0,0
2022-06-25 23:45:08,0,0,1.2437811,0.2487562,0,95.52239,2.487562,0.4975124,0
2022-06-25 23:45:07,0,0,0.7556675,0,0,96.72544,2.518892,0,0
2022-06-25 23:45:06,0,0,0,0.2487562,0,98.75622,0.7462687,0.2487562,0
2022-06-25 23:45:05,0,0,0.2512563,0,0,98.49246,1.0050251,0.2512563,0
2022-06-25 23:45:04,0,0,0.4987531,0,0,98.00499,1.2468828,0.2493766,0
2022-06-25 23:45:03,0,0,0.4975124,0.2487562,0,97.51244,1.2437811,0.4975124,0
2022-06-25 23:45:02,0,0,0.2518892,0,0,96.97733,2.518892,0.2518892,0
2022-06-25 23:45:01,0,0,0.9925558,0.248139,0,95.5335,2.729529,0.4962779,0
2022-06-25 23:45:00,0,0,1.0050251,0.5025126,0,95.72864,2.512563,0.2512563,0
2022-06-25 23:44:59,0,0,1.0025063,0.2506266,0,95.2381,3.258145,0.2506266,0
2022-06-25 23:44:58,0,0,0.2487562,0.2487562,0,98.25871,0.9950249,0.2487562,0
2022-06-25 23:44:57,0,0,0,0,0,99.74937,0.2506266,0,0
2022-06-25 23:44:56,0,0,0.2493766,0,0,98.00499,1.2468828,0.4987531,0
2022-06-25 23:44:55,0,0,0.5,0,0,96.75,2.75,0,0
2022-06-25 23:44:54,0,0,0.7518797,0,0,96.49123,2.756892,0,0
2022-06-25 23:44:53,0,0,0.7481297,0.2493766,0,95.7606,2.992519,0.2493766,0
2022-06-25 23:44:52,0,0,1.5,0,0,93,5.25,0.25,0
2022-06-25 23:44:51,0,0,1.2468828,0.2493766,0,90.27431,7.481297,0.7481297,0
2022-06-25 23:44:50,0,0,1.2562814,0,0,89.69849,8.542714,0.5025126,0
2022-06-25 23:44:49,0,0,0.7481297,0,0,91.02244,7.98005,0.2493766,0
2022-06-25 23:44:48,0,0,0,0,0,95,4.5,0.5,0
2022-06-25 23:44:47,0,0,0.2493766,0,0,94.76309,4.738155,0.2493766,0
2022-06-25 23:44:46,0,0,0,0,0,95.47739,4.522613,0,0
2022-06-25 23:44:45,0,0,0.25,0,0,91.75,7.5,0.5,0
2022-06-25 23:44:44,0,0,0.9975062,0.2493766,0,89.77556,8.229426,0.2493766,0
2022-06-25 23:44:43,0,0,0.2512563,0,0,88.19095,10.301508,0.2512563,0
2022-06-25 23:44:42,0,0,0.25,0.25,0,93.75,5.25,0.5,0
2022-06-25 23:44:41,0,0,0,0.5012531,0,93.98496,1.754386,0.2506266,3.508772
2022-06-25 23:44:40,0,0,0.25,0,0,96.25,3.25,0.25,0
2022-06-25 23:44:39,0,0,0.25,0,0,97.5,2,0.25,0
2022-06-25 23:44:38,0,0,0,0,0,98.00499,1.745636,0,0
2022-06-25 23:44:37,0,0,0,0,0,97.25,2.5,0.25,0
2022-06-25 23:44:36,0,0,0.25,0.25,0,98.5,1,0,0
2022-06-25 23:44:35,0,0,0.2506266,0,0,98.74687,0.7518797,0.2506266,0
2022-06-25 23:44:34,0,0,0.7481297,0.4987531,0,95.7606,2.493766,0.4987531,0
2022-06-25 23:44:33,0,0,1.0025063,0.7518797,0,94.98747,3.258145,0,0
2022-06-25 23:44:32,0,0,0.4987531,0,0,97.75561,1.4962594,0.2493766,0
2022-06-25 23:44:31,0,0,0.25,0,0,99.25,0.5,0,0
2022-06-25 23:44:30,0,0,0,0,0,98.74687,1.0025063,0.2506266,0
2022-06-25 23:44:29,0,0,0,0,0,99.00249,0.7481297,0.2493766,0
2022-06-25 23:44:28,0,0,0.9975062,0.4987531,0,96.25935,1.995012,0.2493766,0
2022-06-25 23:44:27,0,0,1.2531328,0.2506266,0,95.2381,3.258145,0,0
2022-06-25 23:44:26,0,0,0.75,0,0,96.25,2.75,0.25,0
2022-06-25 23:44:25,0,0,0.7481297,0.2493766,0,97.75561,1.2468828,0,0
2022-06-25 23:44:24,0,0,0.5,0,0,97.75,1.5,0.25,0
2022-06-25 23:44:23,0,0,0.2506266,0,0,98.49624,1.2531328,0,0
2022-06-25 23:44:22,0,0,0.25,0.25,0,98.25,1,0.25,0
2022-06-25 23:44:21,0,0,1,0.25,0,96.5,2,0.25,0
2022-06-25 23:44:20,0,0,1.0025063,0,0,95.48872,3.508772,0,0
2022-06-25 23:44:19,0,0,0.7481297,0,0,96.7581,1.995012,0.4987531,0
2022-06-25 23:44:18,0,0,0.4975124,0.2487562,0,97.26368,1.741294,0.2487562,0
2022-06-25 23:44:17,0,0,0.2506266,0.2506266,0,98.24561,1.0025063,0.2506266,0
2022-06-25 23:44:16,0,0,0.5012531,0,0,98.74687,0.7518797,0,0
2022-06-25 23:44:15,0,0,0.25,0,0,98,1.5,0.25,0
2022-06-25 23:44:14,0,0,0.7481297,0,0,97.25686,1.745636,0.2493766,0
2022-06-25 23:44:13,0,0,1.75,0,0,95,2.75,0.5,0
2022-06-25 23:44:12,0,0,0.5012531,0,0,96.74185,2.506266,0.2506266,0
2022-06-25 23:44:11,0,0,0.25,0.25,0,98.5,1,0,0
2022-06-25 23:44:10,0,0,0.75,0,0,97,2,0.25,0
2022-06-25 23:44:09,0,0,0.5,0,0,98.25,1,0.25,0
2022-06-25 23:44:08,0,0,0,0,0,98.24561,1.2531328,0.5012531,0
2022-06-25 23:44:07,0,0,0.7481297,0,0,98.00499,1.2468828,0,0
2022-06-25 23:44:06,0,0,1,0.25,0,96,2.75,0,0
2022-06-25 23:44:05,0,0,0.75,0.25,0,96.25,2.75,0,0
2022-06-25 23:44:04,0,0,0.5,0,0,98,1.25,0.25,0
2022-06-25 23:44:03,0,0,0.75,0.25,0,97.5,1.25,0.25,0
2022-06-25 23:44:02,0,0,0.5,0,0,97.75,1.75,0,0
2022-06-25 23:44:01,0,0,0,0,0,99,0.75,0.25,0
2022-06-25 23:44:00,0,0,0.2493766,0,0,98.00499,1.4962594,0.2493766,0
2022-06-25 23:43:59,0,0,0.7537688,0.2512563,0,94.97487,3.768844,0.2512563,0
2022-06-25 23:43:58,0,0,0.7462687,0.2487562,0,96.0199,2.487562,0.4975124,0
2022-06-25 23:43:57,0,0,1.0050251,0.2512563,0,95.9799,2.512563,0.2512563,0
2022-06-25 23:43:56,0,0,0.7462687,0,0,97.01493,2.238806,0,0
2022-06-25 23:43:55,0,0,0.4987531,0.2493766,0,97.25686,1.4962594,0.4987531,0
2022-06-25 23:43:54,0,0,0.5012531,0,0,97.74436,1.5037594,0.2506266,0
2022-06-25 23:43:53,0,0,0,0,0,98.49624,1.2531328,0.2506266,0
2022-06-25 23:43:52,0,0,0.25,0.25,0,99,0.5,0,0
2022-06-25 23:43:51,0,0,0.75,0,0,97,2,0.25,0
2022-06-25 23:43:50,0,0,0.9975062,0.2493766,0,95.01247,3.491272,0.2493766,0
2022-06-25 23:43:49,0,0,1.4962594,0,0,92.5187,5.735661,0.2493766,0
2022-06-25 23:43:48,0,0,1.5075377,0.2512563,0,91.9598,6.030151,0.2512563,0
2022-06-25 23:43:47,0,0,1.2468828,0.2493766,0,88.52868,9.725686,0.2493766,0
2022-06-25 23:43:46,0,0,1,0,0,91.75,6.75,0.5,0
2022-06-25 23:43:45,0,0,0.7481297,0.2493766,0,92.76808,5.985037,0.2493766,0
2022-06-25 23:43:44,0,0,0,0,0,92.69521,7.052897,0.2518892,0
2022-06-25 23:43:43,0,0,0,0,0,94.25,5.25,0.25,0
2022-06-25 23:43:42,0,0,0.25,0,0,94,5.5,0,0
2022-06-25 23:43:41,0,0,0,0.25,0,89.25,9.5,0.25,0
2022-06-25 23:43:40,0,0,0,0.2506266,0,90.97744,8.02005,0.2506266,0
2022-06-25 23:43:39,0,0,0.2506266,0,0,93.48371,5.513784,0.5012531,0
2022-06-25 23:43:38,0,0,0,0,0,97.24311,2.506266,0.2506266,0
2022-06-25 23:43:37,0,0,0.2506266,0,0,97.74436,2.005013,0,0
2022-06-25 23:43:36,0,0,0,0.2487562,0,98.25871,1.2437811,0.2487562,0
2022-06-25 23:43:35,0,0,0,0,0,99.5,0.25,0.25,0
2022-06-25 23:43:34,0,0,0.2506266,0,0,98.49624,1.2531328,0,0
2022-06-25 23:43:33,0,0,0.25,0,0,97.75,1.75,0.25,0
2022-06-25 23:43:32,0,0,0.2487562,0.2487562,0,97.26368,1.99005,0.2487562,0
2022-06-25 23:43:31,0,0,0.7518797,0.2506266,0,96.74185,2.255639,0,0
2022-06-25 23:43:30,0,0,1.0025063,0.2506266,0,96.49123,2.255639,0,0
2022-06-25 23:43:29,0,0,0.5,0,0,98,1.25,0.25,0
2022-06-25 23:43:28,0,0,0.5,0.5,0,96.5,2.25,0.25,0
2022-06-25 23:43:27,0,0,0.25,0.25,0,97.75,1.5,0.25,0
2022-06-25 23:43:26,0,0,0.2493766,0,0,99.00249,0.4987531,0.2493766,0
2022-06-25 23:43:25,0,0,0.9975062,0.2493766,0,95.7606,2.743142,0.2493766,0
2022-06-25 23:43:24,0,0,1.2562814,0,0,96.73367,2.01005,0,0
2022-06-25 23:43:23,0,0,0.5,0,0,98.25,1,0.25,0
2022-06-25 23:43:22,0,0,0.5,0.25,0,97.75,1.25,0.25,0
2022-06-25 23:43:21,0,0,1,0,0,96,2.75,0.25,0
2022-06-25 23:43:20,0,0,0,0.25,0,98,1.5,0.25,0
2022-06-25 23:43:19,0,0,0.2487562,0,0,98.75622,0.7462687,0.2487562,0
2022-06-25 23:43:18,0,0,2.777778,0,0,93.93939,3.030303,0.2525253,0
2022-06-25 23:43:17,0,0,1.4925373,0.2487562,0,95.52239,2.238806,0.4975124,0
2022-06-25 23:43:16,0,0,0.7462687,0.2487562,0,97.51244,1.4925373,0,0
2022-06-25 23:43:15,0,0,0.5012531,0,0,97.24311,2.005013,0.2506266,0
2022-06-25 23:43:14,0,0,0.5012531,0.2506266,0,98.24561,0.7518797,0.2506266,0
2022-06-25 23:43:13,0,0,0.25,0,0,99,0.75,0,0
2022-06-25 23:43:12,0,0,0,0,0,98.50374,1.2468828,0.2493766,0
2022-06-25 23:43:11,0,0,1.2468828,0.2493766,0,97.00748,1.4962594,0,0
2022-06-25 23:43:10,0,0,1.2531328,0.2506266,0,96.49123,1.754386,0.2506266,0
2022-06-25 23:43:09,0,0,0.2512563,0,0,97.48744,2.261307,0,0
2022-06-25 23:43:08,0,0,0.4987531,0,0,97.50623,1.745636,0.2493766,0
2022-06-25 23:43:07,0,0,0.2506266,0,0,98.49624,1.0025063,0.2506266,0
2022-06-25 23:43:06,0,0,0.4975124,0.2487562,0,97.76119,1.2437811,0.2487562,0
2022-06-25 23:43:05,0,0,0.2506266,0,0,98.99749,0.7518797,0,0
2022-06-25 23:43:04,0,0,1,0,0,96.75,1.75,0.5,0
2022-06-25 23:43:03,0,0,1.2437811,0.2487562,0,95.52239,2.985075,0,0
2022-06-25 23:43:02,0,0,1.0050251,0.2512563,0,96.98492,1.758794,0,0
2022-06-25 23:43:01,0,0,0.25,0,0,98.5,1,0.25,0
2022-06-25 23:43:00,0,0,0,0,0,98.00499,1.745636,0.2493766,0
2022-06-25 23:42:59,0,0,0.5012531,0.2506266,0,98.24561,1.0025063,0,0
2022-06-25 23:42:58,0,0,0.2487562,0,0,98.75622,0.9950249,0,0
2022-06-25 23:42:57,0,0,0.5,0.25,0,96.75,2.25,0.25,0
2022-06-25 23:42:56,0,0,1.2562814,0.2512563,0,93.21608,5.276382,0,0
2022-06-25 23:42:55,0,0,1.5,0,0,93,5.25,0.25,0
2022-06-25 23:42:54,0,0,0.25,0,0,98,1.5,0.25,0
2022-06-25 23:42:53,0,0,0,0,0,98.00499,1.2468828,0.7481297,0
2022-06-25 23:42:52,0,0,0.2506266,0,0,98.99749,0.7518797,0,0
2022-06-25 23:42:51,0,0,0.25,0.25,0,98.25,1,0.25,0
2022-06-25 23:42:50,0,0,0.25,0,0,97.25,2.25,0.25,0
2022-06-25 23:42:49,0,0,0.2506266,0,0,99.24812,0.5012531,0,0
2022-06-25 23:42:48,0,0,0.75,0.25,0,95.5,3.25,0.25,0
2022-06-25 23:42:47,0,0,2.238806,0.4975124,0,90.54726,6.467662,0.2487562,0
2022-06-25 23:42:46,0,0,1.758794,0.2512563,0,91.9598,6.030151,0,0
2022-06-25 23:42:45,0,0,1.4888337,0.248139,0,88.08933,9.677419,0.248139,0
2022-06-25 23:42:44,0,0,0,0,0,94.22111,5.527638,0.2512563,0
2022-06-25 23:42:43,0,0,0,0,0,96,3.75,0.25,0
2022-06-25 23:42:42,0,0,0.4975124,0,0,95.52239,3.731343,0.2487562,0
2022-06-25 23:42:41,0,0,0.5,0.25,0,91.5,7.5,0.25,0
2022-06-25 23:42:40,0,0,0.2518892,0,0,94.71033,4.534005,0.2518892,0
2022-06-25 23:42:39,0,0,0.4962779,0,0,91.067,7.692308,0.248139,0
2022-06-25 23:42:38,0,0,0,0.4987531,0,65.58603,9.975062,0.2493766,0
2022-06-25 23:42:37,0,0,0.2506266,0,0,84.71178,7.769424,0.5012531,0
2022-06-25 23:42:36,0,0,0,0,0,98.24121,1.758794,0,0
2022-06-25 23:42:35,0,0,0,0,0,97.98995,2.01005,0,0
2022-06-25 23:42:34,0,0,0.2487562,0,0,97.76119,1.741294,0.2487562,0
2022-06-25 23:42:33,0,0,0,0.25,0,98.75,0.75,0.25,0
2022-06-25 23:42:32,0,0,0,0,0,99.25,0.5,0.25,0
2022-06-25 23:42:31,0,0,0,0,0,99.74937,0,0.2506266,0
2022-06-25 23:42:30,0,0,0,0,0,99.00744,0.7444169,0.248139,0
2022-06-25 23:42:29,0,0,0.2512563,0.2512563,0,97.48744,1.758794,0.2512563,0
2022-06-25 23:42:28,0,0,1.2468828,0.2493766,0,96.00998,2.244389,0.2493766,0
2022-06-25 23:42:27,0,0,0.7518797,0,0,95.98997,3.007519,0.2506266,0
2022-06-25 23:42:26,0,0,0,0,0,99.25,0.75,0,0
2022-06-25 23:42:25,0,0,0.7518797,0.2506266,0,97.49373,1.2531328,0.2506266,0
2022-06-25 23:42:24,0,0,0.2493766,0.2493766,0,98.50374,0.9975062,0,0
2022-06-25 23:42:23,0,0,0.2493766,0.2493766,0,98.50374,0.4987531,0.4987531,0
2022-06-25 23:42:22,0,0,0.75,0,0,96.25,2.75,0.25,0
2022-06-25 23:42:21,0,0,1.5,0.5,0,94.5,3.25,0.25,0
2022-06-25 23:42:20,0,0,0.7537688,0,0,96.48241,2.763819,0,0
2022-06-25 23:42:19,0,0,0.5,0.25,0,97.75,1.5,0,0
2022-06-25 23:42:18,0,0,0.2493766,0.2493766,0,98.25436,0.9975062,0.2493766,0
2022-06-25 23:42:17,0,0,0.25,0,0,99,0.75,0,0
2022-06-25 23:42:16,0,0,0.2506266,0,0,98.24561,1.2531328,0.2506266,0
2022-06-25 23:42:15,0,0,0.9950249,0.2487562,0,97.01493,1.2437811,0.4975124,0
2022-06-25 23:42:14,0,0,1.5037594,0,0,95.98997,2.506266,0,0
2022-06-25 23:42:13,0,0,0.75,0,0,97.25,1.75,0.25,0
2022-06-25 23:42:12,0,0,0.25,0,0,97.5,2,0.25,0
2022-06-25 23:42:11,0,0,0.5,0,0,98,1.5,0,0
2022-06-25 23:42:10,0,0,0.2493766,0,0,98.75312,0.7481297,0.2493766,0
2022-06-25 23:42:09,0,0,0.25,0,0,98.25,1.5,0,0
2022-06-25 23:42:08,0,0,1.0025063,0.2506266,0,95.73935,2.756892,0.2506266,0
2022-06-25 23:42:07,0,0,1.5,0,0,95.25,3.25,0,0
2022-06-25 23:42:06,0,0,0.5012531,0,0,97.99499,1.5037594,0,0
2022-06-25 23:42:05,0,0,0.4987531,0.2493766,0,98.25436,0.7481297,0.2493766,0
2022-06-25 23:42:04,0,0,0.25,0,0,98.25,1.25,0.25,0
2022-06-25 23:42:03,0,0,0.2493766,0,0,98.50374,0.9975062,0.2493766,0
2022-06-25 23:42:02,0,0,0,0,0,99.49875,0.5012531,0,0
2022-06-25 23:42:01,0,0,0.9975062,0.2493766,0,96.50873,1.995012,0.2493766,0
2022-06-25 23:42:00,0,0,1.4962594,0.4987531,0,94.26434,3.241895,0.4987531,0
2022-06-25 23:41:59,0,0,0.7518797,0.2506266,0,96.2406,2.506266,0.2506266,0
2022-06-25 23:41:58,0,0,0.2506266,0,0,97.49373,1.754386,0.2506266,0
2022-06-25 23:41:57,0,0,0.4975124,0,0,97.26368,1.99005,0.2487562,0
2022-06-25 23:41:56,0,0,0,0,0,99.49875,0.5012531,0,0
2022-06-25 23:41:55,0,0,0,0,0,99.24812,0.5012531,0.2506266,0
2022-06-25 23:41:54,0,0,0.5,0,0,97.75,1.75,0,0
2022-06-25 23:41:53,0,0,0.9950249,0,0,95.02488,3.731343,0.2487562,0
2022-06-25 23:41:52,0,0,1.25,0.25,0,94.5,3.75,0.25,0
2022-06-25 23:41:51,0,0,0.9975062,0.2493766,0,95.51122,2.992519,0.2493766,0
2022-06-25 23:41:50,0,0,0.7537688,0,0,97.48744,1.5075377,0.2512563,0
2022-06-25 23:41:49,0,0,0.5,0,0,98,1.5,0,0
2022-06-25 23:41:48,0,0,0,0,0,98.75,0.75,0.5,0
2022-06-25 23:41:47,0,0,0,0,0,98.99749,1.0025063,0,0
2022-06-25 23:41:46,0,0,0.2493766,0,0,97.25686,2.244389,0.2493766,0
2022-06-25 23:41:45,0,0,1,0.25,0,97.25,1.25,0.25,0
2022-06-25 23:41:44,0,0,1.25,0.25,0,94.25,4,0.25,0
2022-06-25 23:41:43,0,0,1.995012,0.2493766,0,90.27431,6.982544,0.4987531,0
2022-06-25 23:41:42,0,0,1.5075377,0.2512563,0,91.45729,6.78392,0,0
2022-06-25 23:41:41,0,0,0.4987531,0,0,91.27182,7.730673,0.4987531,0
2022-06-25 23:41:40,0,0,0.25,0,0,94.75,4.75,0.25,0
2022-06-25 23:41:39,0,0,0.4987531,0,0,94.76309,4.488778,0.2493766,0
2022-06-25 23:41:38,0,0,0.25,0,0,91.25,8,0.25,0
2022-06-25 23:41:37,0,0,0,0,0,94.25,5.5,0.25,0
2022-06-25 23:41:36,0,0,0,0,0,92.96482,6.78392,0.2512563,0
2022-06-25 23:41:35,0,0,0.2493766,0.2493766,0,79.05237,11.471322,0,0
2022-06-25 23:41:34,0,0,0,0.2538071,0,80.45685,7.614213,0.5076142,0
2022-06-25 23:41:33,0,0,0.2493766,0,0,96.25935,3.241895,0.2493766,0
2022-06-25 23:41:32,0,0,0,0,0,98.75,1.25,0,0
2022-06-25 23:41:31,0,0,0,0,0,98.99749,1.0025063,0,0
2022-06-25 23:41:30,0,0,0,0.5,0,98.5,0.75,0.25,0
2022-06-25 23:41:29,0,0,0.2493766,0,0,98.00499,1.4962594,0.2493766,0
2022-06-25 23:41:28,0,0,0,0,0,99.75,0.25,0,0
2022-06-25 23:41:27,0,0,0,0,0,99,0.75,0.25,0
2022-06-25 23:41:26,0,0,0,0,0,98.75,1.25,0,0
2022-06-25 23:41:25,0,0,1.25,0,0,96.25,2.25,0.25,0
2022-06-25 23:41:24,0,0,1.25,0.25,0,96.25,2.25,0,0
2022-06-25 23:41:23,0,0,0.4975124,0,0,97.51244,1.741294,0.2487562,0
2022-06-25 23:41:22,0,0,0,0,0,99.49622,0.2518892,0.2518892,0
2022-06-25 23:41:21,0,0,0,0,0,99.25,0.25,0.5,0
2022-06-25 23:41:20,0,0,0.2493766,0,0,98.50374,0.7481297,0.4987531,0
2022-06-25 23:41:19,0,0,1,0,0,96,3,0,0
2022-06-25 23:41:18,0,0,0.75,0.25,0,97,1.75,0.25,0
2022-06-25 23:41:17,0,0,1.5,0.5,0,95,2.75,0.25,0
2022-06-25 23:41:16,0,0,0.5012531,0,0,96.74185,2.506266,0.2506266,0
2022-06-25 23:41:15,0,0,0,0,0,98.75312,0.9975062,0.2493766,0
2022-06-25 23:41:14,0,0,0,0,0,99.24812,0.7518797,0,0
2022-06-25 23:41:13,0,0,0,0,0,98.75312,0.9975062,0.2493766,0
2022-06-25 23:41:12,0,0,0.7518797,0,0,96.99248,2.005013,0.2506266,0
2022-06-25 23:41:11,0,0,1.4962594,0,0,94.51372,3.740648,0,0
2022-06-25 23:41:10,0,0,1.2531328,0,0,95.2381,3.258145,0.2506266,0
2022-06-25 23:41:09,0,0,0.5,0,0,97.25,2.25,0,0
2022-06-25 23:41:08,0,0,0,0,0,99.25,0.5,0.25,0
2022-06-25 23:41:07,0,0,0,0,0,99,0.75,0.25,0
2022-06-25 23:41:06,0,0,0.2493766,0,0,99.00249,0.4987531,0.2493766,0
2022-06-25 23:41:05,0,0,0.75,0,0,97.25,1.75,0.25,0
2022-06-25 23:41:04,0,0,0.9975062,0.2493766,0,96.50873,2.244389,0,0
2022-06-25 23:41:03,0,0,1.75,0,0,95.5,2.5,0.25,0
2022-06-25 23:41:02,0,0,0.2512563,0,0,97.98995,1.5075377,0.2512563,0
2022-06-25 23:41:01,0,0,0.2487562,0.2487562,0,98.50746,0.7462687,0.2487562,0
2022-06-25 23:41:00,0,0,0,0,0,98.99749,0.7518797,0.2506266,0
2022-06-25 23:40:59,0,0,0,0.25,0,99,0.75,0,0
2022-06-25 23:40:58,0,0,1.0025063,0,0,96.99248,2.005013,0,0
2022-06-25 23:40:57,0,0,1.5,0.25,0,94.5,3.5,0.25,0
2022-06-25 23:40:56,0,0,1.741294,0.7462687,0,94.02985,3.233831,0.2487562,0
2022-06-25 23:40:55,0,0,0.5012531,0.2506266,0,97.24311,2.005013,0,0
2022-06-25 23:40:54,0,0,0,0,0,98.75,1,0.25,0
2022-06-25 23:40:53,0,0,0,0,0,99.24812,0.7518797,0,0
2022-06-25 23:40:52,0,0,0,0,0,99.5,0.25,0.25,0
2022-06-25 23:40:51,0,0,0.4987531,0,0,97.00748,2.244389,0.2493766,0
2022-06-25 23:40:50,0,0,0.7518797,0.2506266,0,96.49123,2.506266,0,0
2022-06-25 23:40:49,0,0,1.25,0.25,0,94,4.25,0.25,0
2022-06-25 23:40:48,0,0,0.9950249,0.2487562,0,95.52239,2.985075,0.2487562,0
2022-06-25 23:40:47,0,0,0.5025126,0,0,96.98492,2.261307,0.2512563,0
2022-06-25 23:40:46,0,0,0.25,0,0,98.75,1,0,0
2022-06-25 23:40:45,0,0,0,0,0,98.50374,1.2468828,0.2493766,0
2022-06-25 23:40:44,0,0,0,0,0,99.49875,0.2506266,0.2506266,0
2022-06-25 23:40:43,0,0,0.4975124,0,0,96.0199,3.233831,0.2487562,0
2022-06-25 23:40:42,0,0,0.7518797,0,0,95.48872,3.508772,0.2506266,0
2022-06-25 23:40:41,0,0,1.0025063,0.5012531,0,94.23559,4.260652,0,0
2022-06-25 23:40:40,0,0,2.238806,0,0,91.04478,6.218905,0.4975124,0
2022-06-25 23:40:39,0,0,1,0.25,0,93.5,4.75,0.5,0
2022-06-25 23:40:38,0,0,1.0050251,0.2512563,0,88.44221,10.050251,0.2512563,0
2022-06-25 23:40:37,0,0,0.7481297,0,0,93.01746,5.985037,0.2493766,0
2022-06-25 23:40:36,0,0,0.2493766,0.4987531,0,93.01746,5.985037,0.2493766,0
2022-06-25 23:40:35,0,0,0.25,0,0,94.5,4.75,0.5,0
2022-06-25 23:40:34,0,0,0,0,0,93.48371,6.265664,0.2506266,0
2022-06-25 23:40:33,0,0,0,0,0,92.5,7.25,0,0
2022-06-25 23:40:32,0,0,0.2518892,0.2518892,0,83.87909,11.838791,0,0.2518892
2022-06-25 23:40:31,0,0,0,0.2512563,0,87.9397,8.040201,0.2512563,0
2022-06-25 23:40:30,0,0,0,0.25,0,97.5,2,0.25,0
2022-06-25 23:40:29,0,0,0.25,0,0,97.5,2,0.25,0
2022-06-25 23:40:28,0,0,0.25,0,0,98.75,0.75,0.25,0
2022-06-25 23:40:27,0,0,0,0,0,99.25,0.75,0,0
2022-06-25 23:40:26,0,0,0,0,0,98.75,1,0.25,0
2022-06-25 23:40:25,0,0,0.25,0,0,99.25,0.5,0,0
2022-06-25 23:40:24,0,0,0.2506266,0,0,98.99749,0.5012531,0.2506266,0
2022-06-25 23:40:23,0,0,0.7444169,0.248139,0,97.02233,1.736973,0.248139,0
2022-06-25 23:40:22,0,0,1.2562814,0.2512563,0,96.23116,2.261307,0,0
2022-06-25 23:40:21,0,0,0.25,0,0,98.75,0.75,0.25,0
2022-06-25 23:40:20,0,0,0.5012531,0,0,97.99499,1.5037594,0,0
2022-06-25 23:40:19,0,0,0,0,0,99.25187,0.4987531,0.2493766,0
2022-06-25 23:40:18,0,0,0,0,0,99.24812,0.7518797,0,0
2022-06-25 23:40:17,0,0,0.4975124,0,0,98.00995,0.9950249,0.4975124,0
2022-06-25 23:40:16,0,0,1.0050251,0.2512563,0,94.72362,3.768844,0.2512563,0
2022-06-25 23:40:15,0,0,1.2468828,0.2493766,0,95.26185,2.992519,0.2493766,0
2022-06-25 23:40:14,0,0,0.75,0,0,97.75,1.5,0,0
2022-06-25 23:40:13,0,0,0.5012531,0.2506266,0,97.74436,1.5037594,0,0
2022-06-25 23:40:12,0,0,0,0.248139,0,98.75931,0.7444169,0.248139,0
2022-06-25 23:40:11,0,0,0,0,0,98.99244,0.7556675,0.2518892,0
2022-06-25 23:40:10,0,0,0.4987531,0,0,98.25436,0.9975062,0.2493766,0
2022-06-25 23:40:09,0,0,1.0025063,0.2506266,0,96.49123,2.255639,0,0
2022-06-25 23:40:08,0,0,1.4962594,0.4987531,0,94.01496,3.990025,0,0
2022-06-25 23:40:07,0,0,1.25,0.5,0,96.25,1.75,0.25,0
2022-06-25 23:40:06,0,0,0.25,0,0,98.75,0.75,0.25,0
2022-06-25 23:40:05,0,0,0,0,0,98.99749,0.7518797,0.2506266,0
2022-06-25 23:40:04,0,0,0.25,0,0,99.25,0.5,0,0
2022-06-25 23:40:03,0,0,0.4962779,0,0,98.01489,1.2406948,0.248139,0
2022-06-25 23:40:02,0,0,1.25,0.5,0,95.75,2.5,0,0
2022-06-25 23:40:01,0,0,1.0075567,0.2518892,0,96.72544,2.015113,0,0
2022-06-25 23:40:00,0,0,0.7518797,0.2506266,0,96.49123,2.005013,0.5012531,0
2022-06-25 23:39:59,0,0,0.4950495,0.2475248,0,98.26733,0.990099,0,0
2022-06-25 23:39:58,0,0,0,0,0,98.74687,1.0025063,0.2506266,0
2022-06-25 23:39:57,0,0,0,0,0,99.5,0.25,0.25,0
2022-06-25 23:39:56,0,0,0.7575758,0.5050505,0,97.22222,1.5151515,0,0
2022-06-25 23:39:55,0,0,1.4851485,0,0,95.54455,2.722772,0.2475248,0
2022-06-25 23:39:54,0,0,0.7518797,0,0,97.24311,1.754386,0.2506266,0
2022-06-25 23:39:53,0,0,0.9950249,0,0,96.26866,2.487562,0.2487562,0
2022-06-25 23:39:52,0,0,0.5012531,0.2506266,0,97.99499,1.2531328,0,0
2022-06-25 23:39:51,0,0,0,0.25,0,98.75,0.75,0.25,0
2022-06-25 23:39:50,0,0,0,0,0,98.99749,0.7518797,0.2506266,0
2022-06-25 23:39:49,0,0,0.2506266,0,0,98.49624,1.0025063,0.2506266,0
2022-06-25 23:39:48,0,0,0.9975062,0,0,96.25935,2.493766,0.2493766,0
2022-06-25 23:39:47,0,0,1.2562814,0.5025126,0,95.72864,2.512563,0,0
2022-06-25 23:39:46,0,0,0.9925558,0,0,94.78908,3.722084,0.4962779,0
2022-06-25 23:39:45,0,0,0.75,0.25,0,95.75,3.25,0,0
2022-06-25 23:39:44,0,0,0.5025126,0,0,96.98492,2.261307,0.2512563,0
2022-06-25 23:39:43,0,0,0,0.248139,0,99.00744,0.7444169,0,0
2022-06-25 23:39:42,0,0,0,0,0,98.74372,1.0050251,0.2512563,0
2022-06-25 23:39:41,0,0,0.25,0,0,99,0.75,0,0
2022-06-25 23:39:40,0,0,0.5012531,0,0,97.49373,2.005013,0,0
2022-06-25 23:39:39,0,0,0.9925558,0.4962779,0,94.04467,3.970223,0.4962779,0
2022-06-25 23:39:38,0,0,1.2562814,0.2512563,0,94.22111,3.768844,0.5025126,0
2022-06-25 23:39:37,0,0,1.5,0.75,0,90.5,7,0.25,0
2022-06-25 23:39:36,0,0,1.4925373,0.2487562,0,88.30846,9.452736,0.2487562,0
2022-06-25 23:39:35,0,0,1.0025063,0,0,92.23058,6.516291,0.2506266,0
2022-06-25 23:39:34,0,0,0.2493766,0,0,94.76309,4.987531,0,0
2022-06-25 23:39:33,0,0,0.2506266,0,0,92.73183,6.516291,0.5012531,0
2022-06-25 23:39:32,0,0,0,0.2493766,0,93.26683,6.234414,0.2493766,0
2022-06-25 23:39:31,0,0,0.2506266,0,0,93.98496,5.263158,0.5012531,0
2022-06-25 23:39:30,0,0,0,0,0,89.75,10,0.25,0
2022-06-25 23:39:29,0,0,0,0,0,89.92443,8.816121,0.2518892,0
2022-06-25 23:39:28,0,0,0.2493766,0.2493766,0,91.02244,7.481297,0.2493766,0
2022-06-25 23:39:27,0,0,0,0,0,97.49373,2.255639,0.2506266,0
2022-06-25 23:39:26,0,0,0.2493766,0,0,98.75312,0.7481297,0.2493766,0
2022-06-25 23:39:25,0,0,0,0,0,99.50125,0.4987531,0,0
2022-06-25 23:39:24,0,0,0.5025126,0,0,98.74372,0.7537688,0,0
2022-06-25 23:39:23,0,0,0,0.2493766,0,98.75312,0.7481297,0.2493766,0
2022-06-25 23:39:22,0,0,0,0,0,99.25187,0.7481297,0,0
2022-06-25 23:39:21,0,0,0.2506266,0,0,98.99749,0.5012531,0.2506266,0
2022-06-25 23:39:20,0,0,0.7481297,0.2493766,0,95.51122,3.241895,0.2493766,0
2022-06-25 23:39:19,0,0,0.7518797,0.2506266,0,97.24311,1.754386,0,0
2022-06-25 23:39:18,0,0,0.5012531,0.2506266,0,97.24311,1.5037594,0.2506266,0
2022-06-25 23:39:17,0,0,0.4975124,0.2487562,0,96.76617,2.238806,0.2487562,0
2022-06-25 23:39:16,0,0,0.2506266,0,0,98.99749,0.7518797,0,0
2022-06-25 23:39:15,0,0,0,0,0,99.00498,0.4975124,0.4975124,0
2022-06-25 23:39:14,0,0,0.5050505,0,0,97.22222,2.272727,0,0
2022-06-25 23:39:13,0,0,1.2406948,0.248139,0,96.27792,2.233251,0,0
2022-06-25 23:39:12,0,0,0.7537688,0,0,97.48744,1.5075377,0.2512563,0
2022-06-25 23:39:11,0,0,0.7481297,0,0,96.7581,1.745636,0.7481297,0
2022-06-25 23:39:10,0,0,0.7462687,0,0,97.26368,1.741294,0.2487562,0
2022-06-25 23:39:09,0,0,0,0,0,98.99497,0.7537688,0.2512563,0
2022-06-25 23:39:08,0,0,0,0,0,99.49875,0.5012531,0,0
2022-06-25 23:39:07,0,0,0.7518797,0,0,96.99248,2.005013,0.2506266,0
2022-06-25 23:39:06,0,0,1.4888337,0.248139,0,95.03722,2.48139,0.7444169,0
2022-06-25 23:39:05,0,0,0.5,0,0,96.5,2.5,0.5,0
2022-06-25 23:39:04,0,0,0.75,0.25,0,97,2,0,0
2022-06-25 23:39:03,0,0,0.5025126,0,0,98.49246,1.0050251,0,0
2022-06-25 23:39:02,0,0,0.2487562,0,0,98.50746,0.7462687,0.4975124,0
2022-06-25 23:39:01,0,0,0,0,0,98.49246,1.2562814,0.2512563,0
2022-06-25 23:39:00,0,0,0.75,0.5,0,97.25,1.25,0.25,0
2022-06-25 23:38:59,0,0,1.4925373,0.2487562,0,95.27363,2.985075,0,0
2022-06-25 23:38:58,0,0,0.2493766,0,0,97.25686,2.244389,0.2493766,0
2022-06-25 23:38:57,0,0,0.5012531,0,0,97.24311,2.005013,0.2506266,0
2022-06-25 23:38:56,0,0,0.7518797,0,0,97.74436,1.2531328,0.2506266,0
2022-06-25 23:38:55,0,0,0,0,0,99.49875,0.5012531,0,0
2022-06-25 23:38:54,0,0,0.2487562,0,0,99.00498,0.2487562,0.4975124,0
2022-06-25 23:38:53,0,0,0.7518797,0,0,96.49123,2.506266,0.2506266,0
2022-06-25 23:38:52,0,0,1.745636,0.2493766,0,93.76559,3.990025,0.2493766,0
2022-06-25 23:38:51,0,0,0.25,0,0,96.5,3,0.25,0
2022-06-25 23:38:50,0,0,0.5,0.25,0,97.25,1.75,0.25,0
2022-06-25 23:38:49,0,0,0.75,0.25,0,96.75,2,0.25,0
2022-06-25 23:38:48,0,0,0,0.25,0,98.75,0.75,0.25,0
2022-06-25 23:38:47,0,0,0.5025126,0,0,97.23618,2.01005,0.2512563,0
2022-06-25 23:38:46,0,0,0.4987531,0.2493766,0,97.50623,1.4962594,0.2493766,0
2022-06-25 23:38:45,0,0,1.0025063,0,0,94.48622,4.260652,0.2506266,0
2022-06-25 23:38:44,0,0,0.9975062,0.2493766,0,95.7606,2.992519,0,0
2022-06-25 23:38:43,0,0,0.5012531,0,0,97.49373,1.5037594,0.5012531,0
2022-06-25 23:38:42,0,0,0.4987531,0,0,98.00499,1.2468828,0.2493766,0
2022-06-25 23:38:41,0,0,0.7537688,0,0,97.48744,1.5075377,0.2512563,0
2022-06-25 23:38:40,0,0,0.2493766,0,0,98.50374,0.9975062,0.2493766,0
2022-06-25 23:38:39,0,0,0,0.2493766,0,98.00499,1.4962594,0.2493766,0
2022-06-25 23:38:38,0,0,0.2506266,0,0,98.49624,1.2531328,0,0
2022-06-25 23:38:37,0,0,1.2437811,0.2487562,0,93.78109,4.477612,0.2487562,0
2022-06-25 23:38:36,0,0,1.25,0,0,94,4.25,0.5,0
2022-06-25 23:38:35,0,0,1.75,0.5,0,92.25,5.25,0.25,0
2022-06-25 23:38:34,0,0,0.5,0,0,93.5,5.25,0.75,0
2022-06-25 23:38:33,0,0,0.75,0.25,0,92,7,0,0
2022-06-25 23:38:32,0,0,0.5,0,0,94.25,4.75,0.5,0
2022-06-25 23:38:31,0,0,0.5012531,0.2506266,0,92.98246,6.265664,0,0
2022-06-25 23:38:30,0,0,0.5,0,0,92.75,6.25,0.25,0
2022-06-25 23:38:29,0,0,0.25,0,0,92,7.5,0.25,0
2022-06-25 23:38:28,0,0,0.5012531,0.2506266,0,86.46617,9.273183,0.5012531,0
2022-06-25 23:38:27,0,0,0.25,0,0,91,7.75,0.25,0
2022-06-25 23:38:26,0,0,0,0,0,94.22111,5.527638,0.2512563,0
2022-06-25 23:38:25,0,0,0.4987531,0.2493766,0,95.7606,3.491272,0,0
2022-06-25 23:38:24,0,0,0,0,0,96.48241,3.266332,0.2512563,0
2022-06-25 23:38:23,0,0,0,0,0,98.5,1.5,0,0
2022-06-25 23:38:22,0,0,0.25,0,0,97.5,2,0.25,0
2022-06-25 23:38:21,0,0,0,0,0,98.75,0.75,0.5,0
2022-06-25 23:38:20,0,0,0.25,0,0,98.25,1.25,0.25,0
2022-06-25 23:38:19,0,0,0.75,0.25,0,97,1.75,0.25,0
2022-06-25 23:38:18,0,0,0.2487562,0,0,96.76617,2.487562,0.4975124,0
2022-06-25 23:38:17,0,0,0.7518797,0.5012531,0,96.99248,1.754386,0,0
2022-06-25 23:38:16,0,0,0.2493766,0,0,98.75312,0.7481297,0.2493766,0
2022-06-25 23:38:15,0,0,0.5012531,0,0,98.24561,1.0025063,0.2506266,0
2022-06-25 23:38:14,0,0,0.2506266,0,0,97.99499,1.5037594,0.2506266,0
2022-06-25 23:38:13,0,0,0.9975062,0.4987531,0,96.25935,2.244389,0,0
2022-06-25 23:38:12,0,0,0.5,0.25,0,97,2,0.25,0
2022-06-25 23:38:11,0,0,0.9950249,0.2487562,0,95.77114,2.736318,0.2487562,0
2022-06-25 23:38:10,0,0,0.5025126,0.2512563,0,97.73869,1.2562814,0,0
2022-06-25 23:38:09,0,0,0.25,0,0,99,0.5,0.25,0
2022-06-25 23:38:08,0,0,0.2487562,0,0,97.76119,1.99005,0,0
2022-06-25 23:38:07,0,0,1.0025063,0,0,96.2406,2.255639,0.5012531,0
2022-06-25 23:38:06,0,0,0.75,0,0,97.25,1.75,0.25,0
2022-06-25 23:38:05,0,0,0,0,0,98.75,1,0.25,0
2022-06-25 23:38:04,0,0,1.2531328,0.2506266,0,96.99248,1.5037594,0,0
2022-06-25 23:38:03,0,0,0.7537688,0,0,97.98995,1.0050251,0.2512563,0
2022-06-25 23:38:02,0,0,0.2487562,0,0,98.00995,1.2437811,0.4975124,0
2022-06-25 23:38:01,0,0,0.9950249,0,0,96.76617,2.238806,0,0
2022-06-25 23:38:00,0,0,0.5025126,0,0,97.48744,1.5075377,0.5025126,0
2022-06-25 23:37:59,0,0,0.25,0.25,0,98.75,0.75,0,0
2022-06-25 23:37:58,0,0,0.2493766,0,0,98.25436,1.2468828,0.2493766,0
2022-06-25 23:37:57,0,0,1.2531328,0,0,95.73935,3.007519,0,0
2022-06-25 23:37:56,0,0,0.75,0,0,97,2.25,0,0
2022-06-25 23:37:55,0,0,0.4987531,0.2493766,0,97.50623,1.4962594,0.2493766,0
2022-06-25 23:37:54,0,0,1.25,0.25,0,96,2.25,0.25,0
2022-06-25 23:37:53,0,0,0.2512563,0,0,98.74372,1.0050251,0,0
2022-06-25 23:37:52,0,0,0,0,0,98.5,1.25,0.25,0
2022-06-25 23:37:51,0,0,0.5,0,0,98.25,1,0.25,0
2022-06-25 23:37:50,0,0,0.9975062,0.4987531,0,93.51621,4.738155,0.2493766,0
2022-06-25 23:37:49,0,0,1.2437811,0.2487562,0,95.52239,2.736318,0.2487562,0
2022-06-25 23:37:48,0,0,0.5037783,0,0,96.47355,2.770781,0.2518892,0
2022-06-25 23:37:47,0,0,0.7481297,0,0,97.25686,1.995012,0,0
2022-06-25 23:37:46,0,0,0.25,0,0,98,1.75,0,0
2022-06-25 23:37:45,0,0,0.25,0,0,98.75,0.75,0.25,0
2022-06-25 23:37:44,0,0,0.2493766,0.2493766,0,98.75312,0.4987531,0.2493766,0
2022-06-25 23:37:43,0,0,0.2506266,0,0,97.49373,2.005013,0.2506266,0
2022-06-25 23:37:42,0,0,1.2468828,0.2493766,0,95.26185,2.992519,0.2493766,0
2022-06-25 23:37:41,0,0,0.7518797,0.2506266,0,95.98997,3.007519,0,0
2022-06-25 23:37:40,0,0,0.7481297,0,0,96.50873,2.743142,0,0
2022-06-25 23:37:39,0,0,0.5025126,0,0,97.23618,2.01005,0.2512563,0
2022-06-25 23:37:38,0,0,0.5,0,0,97.25,2,0.25,0
2022-06-25 23:37:37,0,0,0.4987531,0,0,95.7606,3.491272,0.2493766,0
2022-06-25 23:37:36,0,0,0,0,0,98.00499,1.745636,0.2493766,0
2022-06-25 23:37:35,0,0,0.2512563,0,0,97.98995,1.758794,0,0
2022-06-25 23:37:34,0,0,0.75,0.25,0,96.25,2.25,0.5,0
2022-06-25 23:37:33,0,0,1,0.5,0,94.25,4,0.25,0
2022-06-25 23:37:32,0,0,1.754386,0.2506266,0,88.7218,9.022556,0.2506266,0
2022-06-25 23:37:31,0,0,1.2437811,0,0,91.04478,7.462687,0.2487562,0
2022-06-25 23:37:30,0,0,0.9950249,0,0,88.55721,9.950249,0.2487562,0
2022-06-25 23:37:29,0,0,0.2512563,0.2512563,0,94.72362,4.522613,0.2512563,0
2022-06-25 23:37:28,0,0,0.2487562,0,0,93.78109,5.721393,0.2487562,0
2022-06-25 23:37:27,0,0,0,0.5025126,0,94.22111,5.276382,0,0
2022-06-25 23:37:26,0,0,0,0,0,94.27861,5.223881,0.4975124,0
2022-06-25 23:37:25,0,0,0.2506266,0,0,92.23058,7.518797,0,0
2022-06-25 23:37:24,0,0,0.5025126,0.2512563,0,88.69347,8.291457,0.2512563,0
2022-06-25 23:37:23,0,0,0,0.2512563,0,92.96482,6.030151,0.5025126,0
2022-06-25 23:37:22,0,0,0.2493766,0,0,97.75561,1.995012,0,0
2022-06-25 23:37:21,0,0,0,0,0,97.74436,2.255639,0,0
2022-06-25 23:37:20,0,0,0.25,0,0,98.5,1,0.25,0
2022-06-25 23:37:19,0,0,0.5,0,0,98,1.25,0.25,0
2022-06-25 23:37:18,0,0,0,0,0,98.74687,1.2531328,0,0
2022-06-25 23:37:17,0,0,0.248139,0,0,98.51117,0.9925558,0.248139,0
2022-06-25 23:37:16,0,0,0.2518892,0,0,98.99244,0.5037783,0.2518892,0
2022-06-25 23:37:15,0,0,0.248139,0,0,97.51861,1.985112,0.248139,0
2022-06-25 23:37:14,0,0,1.25,0.25,0,95.75,2.5,0.25,0
2022-06-25 23:37:13,0,0,0.7556675,0,0,96.47355,2.518892,0.2518892,0
2022-06-25 23:37:12,0,0,0.2493766,0,0,98.75312,0.7481297,0.2493766,0
2022-06-25 23:37:11,0,0,0,0,0,98.50374,1.2468828,0.2493766,0
2022-06-25 23:37:10,0,0,0.5025126,0.2512563,0,97.98995,1.2562814,0,0
2022-06-25 23:37:09,0,0,0.4987531,0,0,98.25436,0.9975062,0.2493766,0
2022-06-25 23:37:08,0,0,0.75,0.25,0,96.75,2,0.25,0
2022-06-25 23:37:07,0,0,1.2437811,0.2487562,0,95.77114,2.238806,0.4975124,0
2022-06-25 23:37:06,0,0,1.0025063,0,0,96.2406,2.506266,0.2506266,0
2022-06-25 23:37:05,0,0,0.25,0,0,98.5,1,0.25,0
2022-06-25 23:37:04,0,0,0,0,0,98.99749,0.7518797,0.2506266,0
2022-06-25 23:37:03,0,0,0.25,0,0,99,0.5,0.25,0
2022-06-25 23:37:02,0,0,0.75,0,0,97,2.25,0,0
2022-06-25 23:37:01,0,0,0.7481297,0,0,97.00748,1.995012,0.2493766,0
2022-06-25 23:37:00,0,0,1.2562814,0.5025126,0,95.47739,2.512563,0.2512563,0
2022-06-25 23:36:59,0,0,0.9975062,0.2493766,0,95.51122,2.992519,0,0
2022-06-25 23:36:58,0,0,0.2493766,0,0,98.50374,0.7481297,0.4987531,0
2022-06-25 23:36:57,0,0,0,0,0,99,0.75,0.25,0
2022-06-25 23:36:56,0,0,0.25,0,0,99,0.75,0,0
2022-06-25 23:36:55,0,0,0.75,0,0,97.25,1.75,0.25,0
2022-06-25 23:36:54,0,0,1.0025063,0.2506266,0,96.2406,2.506266,0,0
2022-06-25 23:36:53,0,0,1,0,0,96.5,2.25,0.25,0
2022-06-25 23:36:52,0,0,0.7462687,0.2487562,0,96.76617,1.99005,0.2487562,0
2022-06-25 23:36:51,0,0,0.2506266,0,0,98.24561,0.7518797,0.7518797,0
2022-06-25 23:36:50,0,0,0.2506266,0,0,98.99749,0.7518797,0,0
2022-06-25 23:36:49,0,0,0.2487562,0.2487562,0,97.76119,1.4925373,0.2487562,0
2022-06-25 23:36:48,0,0,0.7537688,0,0,96.98492,2.01005,0.2512563,0
2022-06-25 23:36:47,0,0,1.5,0.5,0,95.25,2.5,0.25,0
2022-06-25 23:36:46,0,0,0.2493766,0.2493766,0,96.7581,2.493766,0.2493766,0
2022-06-25 23:36:45,0,0,0.5025126,0,0,97.48744,2.01005,0,0
2022-06-25 23:36:44,0,0,0.75,0.25,0,97,1.75,0.25,0
2022-06-25 23:36:43,0,0,0.2493766,0.2493766,0,98.00499,0.9975062,0.4987531,0
2022-06-25 23:36:42,0,0,0,0.2506266,0,98.24561,1.5037594,0,0
2022-06-25 23:36:41,0,0,0.5,0,0,97.5,1.5,0.5,0
2022-06-25 23:36:40,0,0,1,0,0,95.25,3.75,0,0
2022-06-25 23:36:39,0,0,1,0.25,0,96,2.5,0.25,0
2022-06-25 23:36:38,0,0,0.25,0,0,98,1.5,0.25,0
2022-06-25 23:36:37,0,0,0.4987531,0,0,96.7581,2.493766,0.2493766,0
2022-06-25 23:36:36,0,0,0.75,0.25,0,96,2.75,0.25,0
2022-06-25 23:36:35,0,0,0.5012531,0,0,97.74436,1.754386,0,0
2022-06-25 23:36:34,0,0,0.2493766,0.2493766,0,95.26185,3.990025,0.2493766,0
2022-06-25 23:36:33,0,0,0.2506266,0,0,97.49373,2.005013,0.2506266,0
2022-06-25 23:36:32,0,0,0.7462687,0.2487562,0,97.26368,1.741294,0,0
2022-06-25 23:36:31,0,0,1.2562814,0.2512563,0,92.71357,5.276382,0.5025126,0
2022-06-25 23:36:30,0,0,1.4925373,0.2487562,0,89.30348,8.955224,0,0
2022-06-25 23:36:29,0,0,1.0025063,0,0,90.47619,8.521303,0,0
2022-06-25 23:36:28,0,0,0.7481297,0.2493766,0,92.26933,6.234414,0.4987531,0
2022-06-25 23:36:27,0,0,0.75,0.25,0,91.25,7.75,0,0
2022-06-25 23:36:26,0,0,0.2518892,0,0,95.71788,4.030227,0,0
2022-06-25 23:36:25,0,0,0.4975124,0,0,93.28358,5.721393,0.2487562,0
2022-06-25 23:36:24,0,0,0,0,0,93.25,6.5,0.25,0
2022-06-25 23:36:23,0,0,0.2506266,0,0,91.4787,7.26817,0.5012531,0
2022-06-25 23:36:22,0,0,0,0.2518892,0,91.43577,8.312343,0,0
2022-06-25 23:36:21,0,0,0.248139,0.248139,0,95.78164,3.473945,0.248139,0
2022-06-25 23:36:20,0,0,0.2506266,0,0,97.49373,2.005013,0.2506266,0
2022-06-25 23:36:19,0,0,0,0,0,98.24561,1.754386,0,0
2022-06-25 23:36:18,0,0,0,0,0,98.75,0.75,0.5,0
2022-06-25 23:36:17,0,0,0.2506266,0.2506266,0,98.74687,0.7518797,0,0
2022-06-25 23:36:16,0,0,0.2493766,0,0,98.50374,0.9975062,0.2493766,0
2022-06-25 23:36:15,0,0,0,0,0,98.25,1.5,0.25,0
2022-06-25 23:36:14,0,0,0.25,0,0,98.25,1.25,0.25,0
2022-06-25 23:36:13,0,0,1.0025063,0.2506266,0,95.48872,3.007519,0.2506266,0
2022-06-25 23:36:12,0,0,0.7481297,0.2493766,0,96.7581,1.995012,0.2493766,0
2022-06-25 23:36:11,0,0,0.4987531,0,0,98.25436,0.7481297,0.4987531,0
2022-06-25 23:36:10,0,0,0.5012531,0.2506266,0,98.24561,0.7518797,0.2506266,0
2022-06-25 23:36:09,0,0,0.2506266,0,0,97.99499,1.5037594,0.2506266,0
2022-06-25 23:36:08,0,0,0.2487562,0,0,98.75622,0.7462687,0.2487562,0
2022-06-25 23:36:07,0,0,0.5,0,0,97.25,2.25,0,0
2022-06-25 23:36:06,0,0,1.0025063,0,0,95.98997,3.007519,0,0
2022-06-25 23:36:05,0,0,1,0.25,0,96.25,2.25,0.25,0
2022-06-25 23:36:04,0,0,0.5,0,0,97.75,1.5,0.25,0
2022-06-25 23:36:03,0,0,1.25,0,0,96.75,2,0,0
2022-06-25 23:36:02,0,0,0,0,0,98.49624,1.2531328,0.2506266,0
2022-06-25 23:36:01,0,0,0,0,0,98.75,1,0.25,0
2022-06-25 23:36:00,0,0,0.75,0,0,98,1.25,0,0
2022-06-25 23:35:59,0,0,0.9975062,0.2493766,0,96.00998,2.493766,0.2493766,0
2022-06-25 23:35:58,0,0,1,0.25,0,96.25,2.25,0.25,0
2022-06-25 23:35:57,0,0,0.7518797,0,0,97.49373,1.5037594,0.2506266,0
2022-06-25 23:35:56,0,0,0.75,0.25,0,98,1,0,0
2022-06-25 23:35:55,0,0,0,0,0,98.5,1.5,0,0
2022-06-25 23:35:54,0,0,0,0,0,99.5,0.5,0,0
2022-06-25 23:35:53,0,0,0.75,0,0,97,2,0.25,0
2022-06-25 23:35:52,0,0,0.9975062,0.2493766,0,96.25935,2.244389,0.2493766,0
2022-06-25 23:35:51,0,0,1.2531328,0.2506266,0,95.98997,2.255639,0.2506266,0
2022-06-25 23:35:50,0,0,0.4987531,0,0,98.00499,1.4962594,0,0
2022-06-25 23:35:49,0,0,0.5012531,0,0,98.24561,1.0025063,0.2506266,0
2022-06-25 23:35:48,0,0,0,0,0,99.49875,0.2506266,0.2506266,0
2022-06-25 23:35:47,0,0,0.2487562,0.2487562,0,97.51244,1.4925373,0.2487562,0
2022-06-25 23:35:46,0,0,0.5,0.25,0,97.75,1,0.5,0
2022-06-25 23:35:45,0,0,0.9950249,0,0,97.01493,1.741294,0.2487562,0
2022-06-25 23:35:44,0,0,1.5,0,0,95,3.5,0,0
2022-06-25 23:35:43,0,0,0.2512563,0.2512563,0,97.48744,1.5075377,0.5025126,0
2022-06-25 23:35:42,0,0,0.5,0,0,97.75,1.5,0.25,0
2022-06-25 23:35:41,0,0,0.25,0.25,0,98.5,1,0,0
2022-06-25 23:35:40,0,0,0,0,0,98.75,1,0.25,0
2022-06-25 23:35:39,0,0,0.5,0,0,98.25,1.25,0,0
2022-06-25 23:35:38,0,0,0.5,0,0,96.75,2.5,0.25,0
2022-06-25 23:35:37,0,0,1.4962594,0,0,95.01247,3.241895,0.2493766,0
2022-06-25 23:35:36,0,0,1.0025063,0,0,94.98747,4.010025,0,0
2022-06-25 23:35:35,0,0,0.5,0.25,0,96.25,2.75,0.25,0
2022-06-25 23:35:34,0,0,0.5012531,0,0,97.49373,2.005013,0,0
2022-06-25 23:35:33,0,0,0.4987531,0.2493766,0,97.25686,1.745636,0.2493766,0
2022-06-25 23:35:32,0,0,0,0,0,97.25686,2.493766,0.2493766,0
2022-06-25 23:35:31,0,0,0.4975124,0,0,95.52239,3.9801,0,0
2022-06-25 23:35:30,0,0,0.5,0,0,96.75,2.5,0.25,0
2022-06-25 23:35:29,0,0,0.5037783,0.2518892,0,95.96977,3.274559,0,0
2022-06-25 23:35:28,0,0,1.741294,0,0,90.54726,7.462687,0.2487562,0
2022-06-25 23:35:27,0,0,1.5,0.5,0,88.25,9.75,0,0
2022-06-25 23:35:26,0,0,1.511335,0.2518892,0,88.4131,9.823678,0,0
2022-06-25 23:35:25,0,0,1.985112,0.248139,0,88.83375,8.436725,0.4962779,0
2022-06-25 23:35:24,0,0,0,0,0,94.45844,5.541562,0,0
2022-06-25 23:35:23,0,0,0,0,0,96.25,3.25,0.5,0
2022-06-25 23:35:22,0,0,0.2493766,0,0,93.51621,6.234414,0,0
2022-06-25 23:35:21,0,0,0,0,0,92.75,6.75,0.25,0
2022-06-25 23:35:20,0,0,0.2512563,0,0,89.19598,9.296482,0.7537688,0
2022-06-25 23:35:19,0,0,0,0.4962779,0,81.14144,5.210918,0,0
2022-06-25 23:35:18,0,0,0,0,0,96.48241,3.015075,0.2512563,0
2022-06-25 23:35:17,0,0,0.2487562,0,0,98.00995,1.4925373,0.2487562,0
2022-06-25 23:35:16,0,0,0,0,0,98.74372,1.0050251,0.2512563,0
2022-06-25 23:35:15,0,0,0.25,0,0,98,1.5,0.25,0
2022-06-25 23:35:14,0,0,0.25,0,0,97.5,2,0.25,0
2022-06-25 23:35:13,0,0,0,0.2493766,0,99.00249,0.4987531,0.2493766,0
2022-06-25 23:35:12,0,0,0.2506266,0,0,98.74687,1.0025063,0,0
2022-06-25 23:35:11,0,0,0.75,0.25,0,97,1.75,0.25,0
2022-06-25 23:35:10,0,0,0.75,0.25,0,96.25,2.25,0.5,0
2022-06-25 23:35:09,0,0,1.2468828,0.2493766,0,94.76309,3.491272,0.2493766,0
2022-06-25 23:35:08,0,0,0.5,0,0,98,1,0.5,0
2022-06-25 23:35:07,0,0,0.2487562,0.4975124,0,98.00995,1.2437811,0,0
2022-06-25 23:35:06,0,0,0,0,0,99.24623,0.7537688,0,0
2022-06-25 23:35:05,0,0,0.5,0,0,97.75,1.5,0.25,0
2022-06-25 23:35:04,0,0,1.0050251,0,0,96.98492,1.758794,0.2512563,0
2022-06-25 23:35:03,0,0,0.9950249,0.2487562,0,94.77612,3.482587,0.4975124,0
2022-06-25 23:35:02,0,0,1.0025063,0,0,96.49123,2.255639,0.2506266,0
2022-06-25 23:35:01,0,0,0.25,0.25,0,98.25,1.25,0,0
2022-06-25 23:35:00,0,0,0.4987531,0.2493766,0,97.75561,1.2468828,0.2493766,0
2022-06-25 23:34:59,0,0,0.2493766,0,0,98.25436,1.4962594,0,0
2022-06-25 23:34:58,0,0,0.5025126,0,0,97.48744,1.758794,0.2512563,0
2022-06-25 23:34:57,0,0,1.2437811,0.2487562,0,95.77114,2.487562,0.2487562,0
2022-06-25 23:34:56,0,0,0.75,0.25,0,97.25,1.5,0.25,0
2022-06-25 23:34:55,0,0,1.0025063,0.2506266,0,96.74185,2.005013,0,0
2022-06-25 23:34:54,0,0,0.2493766,0,0,98.75312,0.7481297,0.2493766,0
2022-06-25 23:34:53,0,0,0.5012531,0,0,97.24311,2.005013,0.2506266,0
2022-06-25 23:34:52,0,0,0.25,0.5,0,97.75,1.25,0.25,0
2022-06-25 23:34:51,0,0,0.7481297,0,0,97.25686,1.745636,0.2493766,0
2022-06-25 23:34:50,0,0,1.0025063,0.2506266,0,96.49123,2.255639,0,0
2022-06-25 23:34:49,0,0,0.75,0.25,0,97.25,1.5,0.25,0
2022-06-25 23:34:48,0,0,0.75,0,0,97.75,1.25,0.25,0
2022-06-25 23:34:47,0,0,0,0,0,98.24561,1.5037594,0.2506266,0
2022-06-25 23:34:46,0,0,0.5,0.25,0,98.5,0.75,0,0
2022-06-25 23:34:45,0,0,0.7462687,0,0,97.51244,1.4925373,0.2487562,0
2022-06-25 23:34:44,0,0,0.75,0,0,97.25,1.75,0.25,0
2022-06-25 23:34:43,0,0,0.5,0,0,98,1.25,0.25,0
2022-06-25 23:34:42,0,0,0.7537688,0,0,96.48241,2.261307,0.5025126,0
2022-06-25 23:34:41,0,0,0.7462687,0.2487562,0,96.51741,2.238806,0.2487562,0
2022-06-25 23:34:40,0,0,0.5012531,0,0,97.74436,1.5037594,0.2506266,0
2022-06-25 23:34:39,0,0,0.5012531,0,0,97.49373,1.754386,0.2506266,0
2022-06-25 23:34:38,0,0,0.25,0,0,97,2.5,0.25,0
2022-06-25 23:34:37,0,0,0.7518797,0.2506266,0,96.2406,2.756892,0,0
2022-06-25 23:34:36,0,0,0.9975062,0.2493766,0,96.7581,1.4962594,0.4987531,0
2022-06-25 23:34:35,0,0,0.5,0.25,0,96.5,2.75,0,0
2022-06-25 23:34:34,0,0,0.75,0,0,97.25,2,0,0
2022-06-25 23:34:33,0,0,0.5,0,0,97.5,1.75,0.25,0
2022-06-25 23:34:32,0,0,0.4987531,0.2493766,0,97.25686,1.745636,0.2493766,0
2022-06-25 23:34:31,0,0,0.5,0,0,97,2.5,0,0
2022-06-25 23:34:30,0,0,0.7462687,0.2487562,0,95.27363,3.482587,0.2487562,0
2022-06-25 23:34:29,0,0,0.7518797,0,0,94.98747,4.260652,0,0
2022-06-25 23:34:28,0,0,1.0025063,0,0,93.23308,5.513784,0.2506266,0
2022-06-25 23:34:27,0,0,0.5,0.25,0,94.5,4.75,0,0
2022-06-25 23:34:26,0,0,0.75,0,0,93.75,5.25,0.25,0
2022-06-25 23:34:25,0,0,0.9975062,0.4987531,0,92.76808,5.236908,0.4987531,0
2022-06-25 23:34:24,0,0,1.25,0.25,0,90.25,8.25,0,0
2022-06-25 23:34:23,0,0,0.9975062,0,0,90.52369,7.730673,0.4987531,0
2022-06-25 23:34:22,0,0,0.5037783,0.2518892,0,91.43577,7.556675,0.2518892,0
2022-06-25 23:34:21,0,0,0,0,0,91.97995,7.518797,0.5012531,0
2022-06-25 23:34:20,0,0,0.248139,0,0,94.2928,5.459057,0,0
2022-06-25 23:34:19,0,0,0,0.2506266,0,94.48622,5.012531,0.2506266,0
2022-06-25 23:34:18,0,0,0,0,0,93.73434,5.513784,0.5012531,0
2022-06-25 23:34:17,0,0,0.2493766,0.2493766,0,94.26434,4.738155,0.2493766,0
2022-06-25 23:34:16,0,0,0.25,0,0,96.25,3.25,0.25,0
2022-06-25 23:34:15,0,0,0,0,0,98.74055,1.0075567,0.2518892,0
2022-06-25 23:34:14,0,0,0,0,0,99.5,0.5,0,0
2022-06-25 23:34:13,0,0,0.25,0.25,0,97.75,1.5,0.25,0
2022-06-25 23:34:12,0,0,0.7462687,0.2487562,0,97.51244,1.2437811,0.2487562,0
2022-06-25 23:34:11,0,0,0,0,0,99.24623,0.5025126,0.2512563,0
2022-06-25 23:34:10,0,0,0.25,0,0,98.75,1,0,0
2022-06-25 23:34:09,0,0,0.4987531,0.2493766,0,97.75561,1.2468828,0.2493766,0
2022-06-25 23:34:08,0,0,0.25,0,0,98.5,1,0.25,0
2022-06-25 23:34:07,0,0,0.5012531,0.2506266,0,96.99248,1.754386,0.5012531,0
2022-06-25 23:34:06,0,0,1,0,0,97,1.75,0.25,0
2022-06-25 23:34:05,0,0,0.5012531,0.2506266,0,98.24561,1.0025063,0,0
2022-06-25 23:34:04,0,0,0.25,0,0,98.75,1,0,0
2022-06-25 23:34:03,0,0,0.4975124,0.2487562,0,96.76617,2.238806,0.2487562,0
2022-06-25 23:34:02,0,0,0.2506266,0,0,98.24561,1.2531328,0.2506266,0
2022-06-25 23:34:01,0,0,0.7481297,0.2493766,0,97.75561,1.2468828,0,0
2022-06-25 23:34:00,0,0,0.7481297,0,0,96.7581,1.995012,0.4987531,0
2022-06-25 23:33:59,0,0,1.0050251,0,0,96.48241,2.512563,0,0
2022-06-25 23:33:58,0,0,0.4975124,0,0,98.25871,0.9950249,0.2487562,0
2022-06-25 23:33:57,0,0,0.2518892,0,0,97.48111,2.015113,0.2518892,0
2022-06-25 23:33:56,0,0,0.4962779,0.4962779,0,97.27047,1.2406948,0.4962779,0
2022-06-25 23:33:55,0,0,0.5037783,0.2518892,0,97.98489,1.2594458,0,0
2022-06-25 23:33:54,0,0,0.9925558,0,0,95.78164,2.977667,0.248139,0
2022-06-25 23:33:53,0,0,0.4975124,0.2487562,0,97.26368,1.2437811,0.4975124,0
2022-06-25 23:33:52,0,0,1.0050251,0,0,96.48241,2.261307,0.2512563,0
2022-06-25 23:33:51,0,0,0.7481297,0.4987531,0,96.25935,2.493766,0,0
2022-06-25 23:33:50,0,0,0,0,0,98.74687,1.0025063,0.2506266,0
2022-06-25 23:33:49,0,0,0.7518797,0,0,97.74436,1.5037594,0,0
2022-06-25 23:33:48,0,0,0.5,0,0,97,2,0.5,0
2022-06-25 23:33:47,0,0,0.5,0.25,0,98.25,1,0,0
2022-06-25 23:33:46,0,0,0.75,0,0,97.75,1.25,0.25,0
2022-06-25 23:33:45,0,0,0.9975062,0.2493766,0,95.7606,2.743142,0.2493766,0
2022-06-25 23:33:44,0,0,0.9975062,0.2493766,0,97.00748,1.745636,0,0
2022-06-25 23:33:43,0,0,0.5,0.25,0,97.5,1.25,0.5,0
2022-06-25 23:33:42,0,0,0.7518797,0.2506266,0,97.24311,1.5037594,0.2506266,0
2022-06-25 23:33:41,0,0,0.5012531,0,0,97.74436,1.754386,0,0
2022-06-25 23:33:40,0,0,0.25,0.25,0,97.5,2,0,0
2022-06-25 23:33:39,0,0,0.7462687,0.2487562,0,96.0199,2.487562,0.4975124,0
2022-06-25 23:33:38,0,0,0.75,0.25,0,95.5,3.5,0,0
2022-06-25 23:33:37,0,0,0.75,0,0,95.75,3.5,0,0
2022-06-25 23:33:36,0,0,0.5037783,0,0,97.22922,2.267003,0,0
2022-06-25 23:33:35,0,0,0.2493766,0,0,98.25436,0.9975062,0.4987531,0
2022-06-25 23:33:34,0,0,0.7518797,0.2506266,0,96.74185,2.255639,0,0
2022-06-25 23:33:33,0,0,0.7462687,0,0,96.0199,2.985075,0.2487562,0
2022-06-25 23:33:32,0,0,0.7518797,0.2506266,0,96.99248,1.754386,0.2506266,0
2022-06-25 23:33:31,0,0,0.7518797,0,0,97.49373,1.754386,0,0
2022-06-25 23:33:30,0,0,0.2493766,0,0,98.25436,1.2468828,0.2493766,0
2022-06-25 23:33:29,0,0,0.4987531,0.4987531,0,95.7606,2.992519,0.2493766,0
2022-06-25 23:33:28,0,0,0.9975062,0,0,95.51122,3.241895,0.2493766,0
2022-06-25 23:33:27,0,0,0.7537688,0,0,93.96985,5.025126,0.2512563,0
2022-06-25 23:33:26,0,0,0.4987531,0.2493766,0,94.26434,4.738155,0.2493766,0
2022-06-25 23:33:25,0,0,0.5012531,0,0,96.49123,3.007519,0,0
2022-06-25 23:33:24,0,0,1.5,0.25,0,93.5,4.5,0.25,0
2022-06-25 23:33:23,0,0,1.0025063,0,0,93.23308,5.764411,0,0
2022-06-25 23:33:22,0,0,0.7444169,0.248139,0,91.56328,7.19603,0.248139,0
2022-06-25 23:33:21,0,0,0.7518797,0,0,92.23058,6.766917,0.2506266,0
2022-06-25 23:33:20,0,0,0.2506266,0,0,91.72932,7.518797,0.5012531,0
2022-06-25 23:33:19,0,0,0.5012531,0,0,92.98246,6.265664,0.2506266,0
2022-06-25 23:33:18,0,0,0.248139,0,0,91.56328,7.444169,0.4962779,0
2022-06-25 23:33:17,0,0,0,0,0,94.48622,5.263158,0.2506266,0
2022-06-25 23:33:16,0,0,0.25,0,0,93.5,6.25,0,0
2022-06-25 23:33:15,0,0,0,0.2518892,0,92.69521,5.541562,0,0
2022-06-25 23:33:14,0,0,0.25,0,0,97.5,2.25,0,0
2022-06-25 23:33:13,0,0,0,0,0,97.00748,2.493766,0.4987531,0
2022-06-25 23:33:12,0,0,0,0,0,98.24561,1.5037594,0.2506266,0
2022-06-25 23:33:11,0,0,0.25,0.25,0,98.25,1,0.25,0
2022-06-25 23:33:10,0,0,0.75,0,0,97.25,1.75,0.25,0
2022-06-25 23:33:09,0,0,0,0,0,98.75,1,0.25,0
2022-06-25 23:33:08,0,0,0,0.2506266,0,99.49875,0.2506266,0,0
2022-06-25 23:33:07,0,0,0.2487562,0,0,97.76119,1.741294,0.2487562,0
2022-06-25 23:33:06,0,0,0.5012531,0,0,97.24311,2.005013,0.2506266,0
2022-06-25 23:33:05,0,0,0.7518797,0.2506266,0,96.99248,2.005013,0,0
2022-06-25 23:33:04,0,0,0.9975062,0.7481297,0,95.51122,2.244389,0.4987531,0
2022-06-25 23:33:03,0,0,1.0025063,0.2506266,0,96.74185,2.005013,0,0
2022-06-25 23:33:02,0,0,0.2493766,0,0,98.75312,0.7481297,0.2493766,0
2022-06-25 23:33:01,0,0,0,0,0,99,1,0,0
2022-06-25 23:33:00,0,0,0.2506266,0,0,98.74687,0.7518797,0.2506266,0
2022-06-25 23:32:59,0,0,0.75,0,0,97.25,2,0,0
2022-06-25 23:32:58,0,0,0.7481297,0,0,97.00748,1.995012,0.2493766,0
2022-06-25 23:32:57,0,0,1,0.25,0,95,3.5,0.25,0
2022-06-25 23:32:56,0,0,0.9975062,0,0,97.00748,1.745636,0.2493766,0
2022-06-25 23:32:55,0,0,0.2512563,0,0,98.99497,0.5025126,0.2512563,0
2022-06-25 23:32:54,0,0,0,0,0,99.25,0.5,0.25,0
2022-06-25 23:32:53,0,0,0.7462687,0.4975124,0,97.01493,1.4925373,0.2487562,0
2022-06-25 23:32:52,0,0,0.7481297,0,0,97.75561,0.9975062,0.4987531,0
2022-06-25 23:32:51,0,0,0.5025126,0,0,96.23116,3.015075,0.2512563,0
2022-06-25 23:32:50,0,0,1,0.25,0,95.75,2.5,0.5,0
2022-06-25 23:32:49,0,0,1,0.5,0,96.5,2,0,0
2022-06-25 23:32:48,0,0,0,0,0,98.74687,1.2531328,0,0
2022-06-25 23:32:47,0,0,0.7444169,0,0,97.51861,1.2406948,0.4962779,0
2022-06-25 23:32:46,0,0,0.5025126,0.2512563,0,97.48744,1.758794,0,0
2022-06-25 23:32:45,0,0,0.2506266,0,0,98.49624,1.2531328,0,0
2022-06-25 23:32:44,0,0,0.7481297,0,0,97.00748,1.995012,0.2493766,0
2022-06-25 23:32:43,0,0,1.2531328,0,0,95.48872,3.007519,0.2506266,0
2022-06-25 23:32:42,0,0,0.9950249,0.2487562,0,96.51741,2.238806,0,0
2022-06-25 23:32:41,0,0,0,0,0,97.75,1.5,0.75,0
2022-06-25 23:32:40,0,0,0.5,0.25,0,98.25,0.5,0.5,0
2022-06-25 23:32:39,0,0,0.7518797,0,0,96.2406,2.756892,0.2506266,0
2022-06-25 23:32:38,0,0,0.5,0,0,98.25,1,0.25,0
2022-06-25 23:32:37,0,0,0.5012531,0,0,98.24561,1.0025063,0.2506266,0
2022-06-25 23:32:36,0,0,0.75,0.25,0,96.25,2.5,0.25,0
2022-06-25 23:32:35,0,0,1,0,0,95.5,3.25,0.25,0
2022-06-25 23:32:34,0,0,0.5,0,0,97.5,2,0,0
2022-06-25 23:32:33,0,0,0.25,0,0,98.25,1.25,0.25,0
2022-06-25 23:32:32,0,0,0.7481297,0.2493766,0,97.00748,1.995012,0,0
2022-06-25 23:32:31,0,0,0.5012531,0,0,97.99499,1.2531328,0.2506266,0
2022-06-25 23:32:30,0,0,0.25,0,0,99,0.75,0,0
2022-06-25 23:32:29,0,0,0.5,0,0,97.5,1.75,0.25,0
2022-06-25 23:32:28,0,0,0.9975062,0.2493766,0,94.26434,3.990025,0.4987531,0
2022-06-25 23:32:27,0,0,0.9975062,0.2493766,0,95.01247,3.241895,0.4987531,0
2022-06-25 23:32:26,0,0,1.0025063,0,0,95.98997,2.506266,0.5012531,0
2022-06-25 23:32:25,0,0,0.7518797,0,0,94.23559,4.761905,0.2506266,0
2022-06-25 23:32:24,0,0,0.7481297,0.2493766,0,95.01247,3.740648,0.2493766,0
2022-06-25 23:32:23,0,0,0.75,0,0,95.5,3.5,0.25,0
2022-06-25 23:32:22,0,0,0.75,0,0,95.25,3.75,0.25,0
2022-06-25 23:32:21,0,0,0.7481297,0.2493766,0,92.76808,5.735661,0.2493766,0
2022-06-25 23:32:20,0,0,0.5012531,0.2506266,0,92.4812,6.516291,0.2506266,0
2022-06-25 23:32:19,0,0,0.5025126,0,0,94.97487,4.020101,0.5025126,0
2022-06-25 23:32:18,0,0,0.7481297,0,0,91.77057,6.982544,0.4987531,0
2022-06-25 23:32:17,0,0,0.4987531,0.2493766,0,93.51621,5.236908,0.4987531,0
2022-06-25 23:32:16,0,0,0.5,0,0,93.5,5.75,0.25,0
2022-06-25 23:32:15,0,0,0,0,0,91.97995,7.017544,0.5012531,0
2022-06-25 23:32:14,0,0,0.25,0,0,94.75,4.5,0.5,0
2022-06-25 23:32:13,0,0,0,0,0,95.72864,4.020101,0.2512563,0
2022-06-25 23:32:12,0,0,0.2493766,0,0,95.26185,4.239401,0.2493766,0
2022-06-25 23:32:11,0,0,0,0.25,0,97,2.5,0.25,0
2022-06-25 23:32:10,0,0,0.25,0,0,98.25,1.5,0,0
2022-06-25 23:32:09,0,0,0.25,0,0,96.5,3,0.25,0
2022-06-25 23:32:08,0,0,0.5,0,0,97.25,2,0.25,0
2022-06-25 23:32:07,0,0,0.4987531,0,0,97.25686,1.995012,0.2493766,0
2022-06-25 23:32:06,0,0,0.2506266,0.2506266,0,98.74687,0.5012531,0.2506266,0
2022-06-25 23:32:05,0,0,0.2493766,0,0,98.75312,0.9975062,0,0
2022-06-25 23:32:04,0,0,0.4975124,0.2487562,0,97.26368,1.741294,0.2487562,0
2022-06-25 23:32:03,0,0,0.2525253,0,0,98.73737,1.010101,0,0
2022-06-25 23:32:02,0,0,0.4975124,0.2487562,0,97.76119,1.2437811,0.2487562,0
2022-06-25 23:32:01,0,0,0.5012531,0.2506266,0,96.74185,2.255639,0.2506266,0
2022-06-25 23:32:00,0,0,1,0,0,96.5,2.5,0,0
2022-06-25 23:31:59,0,0,0.7462687,0,0,97.26368,1.741294,0.2487562,0
2022-06-25 23:31:58,0,0,0.2512563,0,0,97.98995,1.5075377,0.2512563,0
2022-06-25 23:31:57,0,0,0.4975124,0.2487562,0,98.00995,0.9950249,0.2487562,0
2022-06-25 23:31:56,0,0,0.5012531,0.2506266,0,97.24311,1.5037594,0.5012531,0
2022-06-25 23:31:55,0,0,0.2506266,0,0,97.74436,1.754386,0.2506266,0
2022-06-25 23:31:54,0,0,1,0.25,0,96,2.75,0,0
2022-06-25 23:31:53,0,0,0.9950249,0,0,97.01493,1.99005,0,0
2022-06-25 23:31:52,0,0,0.5025126,0.2512563,0,96.98492,2.01005,0.2512563,0
2022-06-25 23:31:51,0,0,0.4987531,0,0,98.25436,0.7481297,0.4987531,0
2022-06-25 23:31:50,0,0,0.5,0.25,0,97.75,1.25,0.25,0
2022-06-25 23:31:49,0,0,0.5012531,0,0,97.74436,1.754386,0,0
2022-06-25 23:31:48,0,0,0.4987531,0,0,97.75561,1.4962594,0.2493766,0
2022-06-25 23:31:47,0,0,1.2468828,0.2493766,0,95.51122,2.493766,0.4987531,0
2022-06-25 23:31:46,0,0,0.75,0.25,0,96,3,0,0
2022-06-25 23:31:45,0,0,0.5012531,0,0,98.24561,1.0025063,0.2506266,0
2022-06-25 23:31:44,0,0,0.5012531,0,0,98.49624,0.7518797,0.2506266,0
2022-06-25 23:31:43,0,0,0.4987531,0,0,97.50623,1.745636,0.2493766,0
2022-06-25 23:31:42,0,0,0.5025126,0,0,97.73869,1.5075377,0.2512563,0
2022-06-25 23:31:41,0,0,0.4962779,0.248139,0,97.02233,2.233251,0,0
2022-06-25 23:31:40,0,0,1.0025063,0,0,96.49123,2.255639,0.2506266,0
2022-06-25 23:31:39,0,0,0.75,0.25,0,95.5,3.25,0.25,0
2022-06-25 23:31:38,0,0,0.5012531,0,0,98.24561,1.2531328,0,0
2022-06-25 23:31:37,0,0,0.2487562,0,0,98.25871,0.9950249,0.4975124,0
2022-06-25 23:31:36,0,0,0.5037783,0,0,98.23678,1.0075567,0.2518892,0
2022-06-25 23:31:35,0,0,0.7444169,0.248139,0,97.02233,1.736973,0.248139,0
2022-06-25 23:31:34,0,0,1.0025063,0.2506266,0,96.49123,2.005013,0.2506266,0
2022-06-25 23:31:33,0,0,0.75,0.25,0,97,1.75,0.25,0
2022-06-25 23:31:32,0,0,0.5012531,0,0,97.74436,1.754386,0,0
2022-06-25 23:31:31,0,0,0.4987531,0,0,97.50623,1.4962594,0.4987531,0
2022-06-25 23:31:30,0,0,0.2506266,0,0,97.99499,1.5037594,0.2506266,0
2022-06-25 23:31:29,0,0,0.25,0.25,0,98,1.25,0.25,0
2022-06-25 23:31:28,0,0,0.7481297,0,0,97.00748,2.244389,0,0
2022-06-25 23:31:27,0,0,0.75,0,0,97,1.75,0.5,0
2022-06-25 23:31:26,0,0,0.75,0.25,0,96.5,2.25,0.25,0
2022-06-25 23:31:25,0,0,1.0025063,0.2506266,0,95.2381,3.258145,0.2506266,0
2022-06-25 23:31:24,0,0,1,0.25,0,95.5,3.25,0,0
2022-06-25 23:31:23,0,0,1,0.25,0,95,3.25,0.5,0
2022-06-25 23:31:22,0,0,0.75,0.25,0,94.75,4,0.25,0
2022-06-25 23:31:21,0,0,0.4987531,0,0,95.26185,3.990025,0.2493766,0
2022-06-25 23:31:20,0,0,0.5025126,0,0,92.96482,6.030151,0.5025126,0
2022-06-25 23:31:19,0,0,0.7481297,0.4987531,0,93.01746,5.735661,0,0
2022-06-25 23:31:18,0,0,0.9975062,0,0,93.01746,5.985037,0,0
2022-06-25 23:31:17,0,0,1.25,0.25,0,93,5.25,0.25,0
2022-06-25 23:31:16,0,0,0.7518797,0.2506266,0,89.97494,8.77193,0.2506266,0
2022-06-25 23:31:15,0,0,0.4987531,0.2493766,0,91.27182,7.730673,0.2493766,0
2022-06-25 23:31:14,0,0,0,0.2506266,0,95.2381,4.260652,0.2506266,0
2022-06-25 23:31:13,0,0,0.2493766,0,0,94.26434,4.987531,0.4987531,0
2022-06-25 23:31:12,0,0,0,0,0,95.48872,4.511278,0,0
2022-06-25 23:31:11,0,0,0,0,0,94.25,5.25,0.5,0
2022-06-25 23:31:10,0,0,0.2506266,0,0,93.73434,5.012531,0,0
2022-06-25 23:31:09,0,0,0,0,0,96.99248,2.756892,0.2506266,0
2022-06-25 23:31:08,0,0,0.2493766,0,0,98.25436,1.2468828,0.2493766,0
2022-06-25 23:31:07,0,0,0,0.2493766,0,98.25436,1.2468828,0,0
2022-06-25 23:31:06,0,0,0.4987531,0,0,98.25436,0.9975062,0.2493766,0
2022-06-25 23:31:05,0,0,0.5012531,0.2506266,0,96.99248,2.255639,0,0
2022-06-25 23:31:04,0,0,0.5,0,0,98,1.25,0.25,0
2022-06-25 23:31:03,0,0,0,0,0,99.5,0.25,0.25,0
2022-06-25 23:31:02,0,0,0.25,0.25,0,98.75,0.75,0,0
2022-06-25 23:31:01,0,0,0.5012531,0.2506266,0,97.24311,1.5037594,0.5012531,0
2022-06-25 23:31:00,0,0,0.7481297,0,0,97.25686,1.745636,0.2493766,0
2022-06-25 23:30:59,0,0,0.7481297,0.2493766,0,96.7581,1.995012,0.2493766,0
2022-06-25 23:30:58,0,0,0.75,0.25,0,96,2.75,0.25,0
2022-06-25 23:30:57,0,0,0.4987531,0,0,98.50374,0.7481297,0.2493766,0
2022-06-25 23:30:56,0,0,0.2506266,0,0,98.49624,0.7518797,0.5012531,0
2022-06-25 23:30:55,0,0,0.5012531,0.2506266,0,97.99499,1.2531328,0,0
2022-06-25 23:30:54,0,0,0.7518797,0,0,97.49373,1.754386,0,0
2022-06-25 23:30:53,0,0,1,0,0,96.5,2.25,0.25,0
2022-06-25 23:30:52,0,0,0.4987531,0.2493766,0,97.50623,1.4962594,0.2493766,0
2022-06-25 23:30:51,0,0,1,0,0,96.75,2,0.25,0
2022-06-25 23:30:50,0,0,0.25,0,0,98.5,1,0.25,0
2022-06-25 23:30:49,0,0,0.25,0,0,97.75,1.75,0.25,0
2022-06-25 23:30:48,0,0,0.5012531,0,0,97.74436,1.5037594,0.2506266,0
2022-06-25 23:30:47,0,0,1,0.25,0,97.25,1.5,0,0
2022-06-25 23:30:46,0,0,0.7481297,0,0,96.50873,2.493766,0.2493766,0
2022-06-25 23:30:45,0,0,0.7481297,0.2493766,0,97.00748,1.745636,0.2493766,0
2022-06-25 23:30:44,0,0,0.7537688,0,0,97.48744,1.758794,0,0
2022-06-25 23:30:43,0,0,0,0,0,98.75,1,0.25,0
2022-06-25 23:30:42,0,0,0.5,0,0,98,1.5,0,0
2022-06-25 23:30:41,0,0,0.5,0.25,0,97.5,1.75,0,0
2022-06-25 23:30:40,0,0,0.7575758,0,0,97.47475,1.5151515,0.2525253,0
2022-06-25 23:30:39,0,0,0.7425743,0.2475248,0,96.28713,2.475248,0.2475248,0
2022-06-25 23:30:38,0,0,0.7481297,0,0,97.50623,1.2468828,0.4987531,0
2022-06-25 23:30:37,0,0,1.0025063,0,0,96.74185,2.255639,0,0
2022-06-25 23:30:36,0,0,0,0,0,98.74687,1.0025063,0.2506266,0
2022-06-25 23:30:35,0,0,0.2487562,0.2487562,0,97.76119,1.741294,0,0
2022-06-25 23:30:34,0,0,0.75,0,0,97.5,1.5,0.25,0
2022-06-25 23:30:33,0,0,0.7537688,0.2512563,0,94.97487,3.517588,0.2512563,0
2022-06-25 23:30:32,0,0,0.4975124,0,0,96.76617,2.487562,0.2487562,0
2022-06-25 23:30:31,0,0,0.9950249,0,0,96.26866,2.487562,0.2487562,0
2022-06-25 23:30:30,0,0,0.5012531,0,0,96.74185,2.506266,0.2506266,0
2022-06-25 23:30:29,0,0,0.5012531,0,0,97.24311,2.005013,0.2506266,0
2022-06-25 23:30:28,0,0,0.5012531,0,0,97.99499,1.5037594,0,0
2022-06-25 23:30:27,0,0,0.4987531,0.2493766,0,98.25436,0.7481297,0.2493766,0
2022-06-25 23:30:26,0,0,0.5,0,0,97,2.25,0.25,0
2022-06-25 23:30:25,0,0,1.5,0,0,97,1.5,0,0
2022-06-25 23:30:24,0,0,0.4975124,0,0,95.77114,3.482587,0.2487562,0
2022-06-25 23:30:23,0,0,0.7518797,0.2506266,0,95.48872,3.258145,0.2506266,0
2022-06-25 23:30:22,0,0,0.7481297,0,0,96.50873,2.244389,0.4987531,0
2022-06-25 23:30:21,0,0,1.0050251,0.2512563,0,93.71859,4.773869,0.2512563,0
2022-06-25 23:30:20,0,0,1.0025063,0,0,93.73434,5.012531,0.2506266,0
2022-06-25 23:30:19,0,0,0.7481297,0.2493766,0,95.01247,3.740648,0.2493766,0
2022-06-25 23:30:18,0,0,0.7481297,0.2493766,0,91.77057,6.982544,0.2493766,0
2022-06-25 23:30:17,0,0,0.4987531,0.2493766,0,93.76559,5.236908,0.2493766,0
2022-06-25 23:30:16,0,0,0.5025126,0.2512563,0,93.71859,5.276382,0.2512563,0
2022-06-25 23:30:15,0,0,0.7481297,0,0,92.76808,6.483791,0,0
2022-06-25 23:30:14,0,0,0.5037783,0,0,90.6801,8.060453,0.5037783,0
2022-06-25 23:30:13,0,0,0.7444169,0.248139,0,92.05955,6.699752,0.248139,0
2022-06-25 23:30:12,0,0,0,0,0,92.96482,6.532663,0.2512563,0
2022-06-25 23:30:11,0,0,0.2493766,0,0,94.01496,5.486284,0.2493766,0
2022-06-25 23:30:10,0,0,0,0,0,95.75,3.75,0.25,0
2022-06-25 23:30:09,0,0,0.25,0,0,97.5,2,0.25,0
2022-06-25 23:30:08,0,0,0,0,0,94.5,5.5,0,0
2022-06-25 23:30:07,0,0,0,0,0,98.24561,1.5037594,0.2506266,0
2022-06-25 23:30:06,0,0,0.2487562,0,0,98.50746,0.9950249,0.2487562,0
2022-06-25 23:30:05,0,0,0.2512563,0,0,98.74372,1.0050251,0,0
2022-06-25 23:30:04,0,0,0.4987531,0,0,97.25686,1.745636,0.4987531,0
2022-06-25 23:30:03,0,0,0.2506266,0,0,97.99499,1.754386,0,0
2022-06-25 23:30:02,0,0,0.7481297,0.4987531,0,96.7581,1.745636,0.2493766,0
2022-06-25 23:30:01,0,0,0.5,0,0,97.25,2,0.25,0
2022-06-25 23:30:00,0,0,0.2493766,0,0,99.25187,0.4987531,0,0
2022-06-25 23:29:59,0,0,0.5012531,0,0,97.49373,1.5037594,0.5012531,0
2022-06-25 23:29:58,0,0,0.7518797,0,0,96.74185,2.506266,0,0
2022-06-25 23:29:57,0,0,0.4987531,0.2493766,0,97.25686,1.745636,0.2493766,0
2022-06-25 23:29:56,0,0,0.5,0,0,98.25,1.25,0,0
2022-06-25 23:29:55,0,0,0.75,0.25,0,97.25,1.5,0.25,0
2022-06-25 23:29:54,0,0,0.4987531,0.2493766,0,98.25436,0.7481297,0.2493766,0
2022-06-25 23:29:53,0,0,0.5,0,0,97.75,1.5,0.25,0
2022-06-25 23:29:52,0,0,0.5012531,0,0,97.99499,1.2531328,0.2506266,0
2022-06-25 23:29:51,0,0,0.75,0.25,0,96.5,2.5,0,0
2022-06-25 23:29:50,0,0,0.5012531,0,0,97.49373,1.754386,0.2506266,0
2022-06-25 23:29:49,0,0,0.4987531,0.2493766,0,98.00499,0.9975062,0.2493766,0
2022-06-25 23:29:48,0,0,0.7518797,0,0,96.74185,2.255639,0.2506266,0
2022-06-25 23:29:47,0,0,0.4987531,0,0,98.50374,0.7481297,0.2493766,0
2022-06-25 23:29:46,0,0,0.25,0,0,97.25,2.25,0.25,0
2022-06-25 23:29:45,0,0,0.7518797,0,0,97.74436,1.2531328,0.2506266,0
2022-06-25 23:29:44,0,0,1,0,0,95.75,2.75,0.5,0
2022-06-25 23:29:43,0,0,0.4975124,0,0,98.00995,1.2437811,0.2487562,0
2022-06-25 23:29:42,0,0,0.5,0.25,0,97.75,1.5,0,0
2022-06-25 23:29:41,0,0,0.7537688,0.2512563,0,96.48241,2.261307,0.2512563,0
2022-06-25 23:29:40,0,0,0.5,0.25,0,97.5,1.75,0,0
2022-06-25 23:29:39,0,0,0.25,0,0,98.5,1.25,0,0
2022-06-25 23:29:38,0,0,0.5,0,0,97.5,1.75,0.25,0
2022-06-25 23:29:37,0,0,1,0.25,0,96.25,2.25,0.25,0
2022-06-25 23:29:36,0,0,0.4975124,0,0,97.51244,1.741294,0.2487562,0
2022-06-25 23:29:35,0,0,0.7518797,0,0,97.24311,1.5037594,0.5012531,0
2022-06-25 23:29:34,0,0,0.5,0,0,96,3.25,0.25,0
2022-06-25 23:29:33,0,0,0.75,0.5,0,95.75,2.5,0.5,0
2022-06-25 23:29:32,0,0,0,0,0,99.49875,0.5012531,0,0
2022-06-25 23:29:31,0,0,0.7462687,0,0,96.76617,1.99005,0.4975124,0
2022-06-25 23:29:30,0,0,1.0050251,0.2512563,0,95.47739,2.763819,0.5025126,0
2022-06-25 23:29:29,0,0,0.2493766,0,0,98.25436,1.4962594,0,0
2022-06-25 23:29:28,0,0,0.25,0,0,97,2.5,0.25,0
2022-06-25 23:29:27,0,0,0.7518797,0,0,96.2406,2.756892,0.2506266,0
2022-06-25 23:29:26,0,0,0.7481297,0,0,96.7581,1.995012,0.4987531,0
2022-06-25 23:29:25,0,0,0.9975062,0,0,97.25686,1.745636,0,0
2022-06-25 23:29:24,0,0,0.5025126,0.2512563,0,97.23618,1.758794,0.2512563,0
2022-06-25 23:29:23,0,0,0.4987531,0,0,97.00748,2.244389,0.2493766,0
2022-06-25 23:29:22,0,0,0.5025126,0,0,96.98492,2.261307,0.2512563,0
2022-06-25 23:29:21,0,0,0.7481297,0,0,97.25686,1.745636,0.2493766,0
2022-06-25 23:29:20,0,0,0.7481297,0.2493766,0,94.51372,4.239401,0.2493766,0
2022-06-25 23:29:19,0,0,0.25,0.25,0,97,2.5,0,0
2022-06-25 23:29:18,0,0,0.7518797,0.2506266,0,94.98747,3.759398,0.2506266,0
2022-06-25 23:29:17,0,0,0.9975062,0.2493766,0,93.26683,5.236908,0.2493766,0
2022-06-25 23:29:16,0,0,1.2468828,0.4987531,0,90.02494,7.730673,0.4987531,0
2022-06-25 23:29:15,0,0,1.0025063,0,0,92.98246,5.764411,0.2506266,0
2022-06-25 23:29:14,0,0,0.25,0.25,0,90,9.25,0.25,0
2022-06-25 23:29:13,0,0,0.2506266,0,0,93.98496,5.513784,0,0
2022-06-25 23:29:12,0,0,0.2493766,0.2493766,0,93.76559,5.236908,0.4987531,0
2022-06-25 23:29:11,0,0,0.4987531,0.2493766,0,92.26933,6.483791,0.2493766,0
2022-06-25 23:29:10,0,0,0.5,0,0,91.5,7.75,0.25,0
2022-06-25 23:29:09,0,0,0,0,0,92.4812,7.26817,0,0
2022-06-25 23:29:08,0,0,0.2506266,0,0,92.73183,5.263158,0.2506266,0
2022-06-25 23:29:07,0,0,0,0,0,95.7606,3.990025,0.2493766,0
2022-06-25 23:29:06,0,0,0,0,0,98.24121,1.758794,0,0
2022-06-25 23:29:05,0,0,0.2475248,0.2475248,0,96.0396,3.217822,0.2475248,0
2022-06-25 23:29:04,0,0,0,0.2518892,0,98.23678,1.2594458,0.2518892,0
2022-06-25 23:29:03,0,0,0.2493766,0,0,98.50374,1.2468828,0,0
2022-06-25 23:29:02,0,0,0.5,0,0,97.75,1.5,0.25,0
2022-06-25 23:29:01,0,0,0,0.5025126,0,97.73869,1.5075377,0.2512563,0
2022-06-25 23:29:00,0,0,0.4975124,0.2487562,0,98.00995,0.9950249,0.2487562,0
2022-06-25 23:28:59,0,0,0.7481297,0,0,96.7581,1.995012,0.4987531,0
2022-06-25 23:28:58,0,0,0.5025126,0.5025126,0,97.23618,1.5075377,0.2512563,0
2022-06-25 23:28:57,0,0,0.5,0,0,98,1.5,0,0
2022-06-25 23:28:56,0,0,0.4987531,0,0,97.50623,1.745636,0.2493766,0
2022-06-25 23:28:55,0,0,1,0.25,0,97.25,1.5,0,0
2022-06-25 23:28:54,0,0,0.25,0,0,98,1.5,0.25,0
2022-06-25 23:28:53,0,0,1.0025063,0,0,96.2406,2.756892,0,0
2022-06-25 23:28:52,0,0,0.75,0.5,0,96,2.25,0.5,0
2022-06-25 23:28:51,0,0,0.75,0.25,0,97,2,0,0
2022-06-25 23:28:50,0,0,0.2487562,0,0,97.76119,1.4925373,0.4975124,0
2022-06-25 23:28:49,0,0,0.7518797,0,0,97.74436,1.5037594,0,0
2022-06-25 23:28:48,0,0,0.5025126,0,0,98.24121,1.2562814,0,0
2022-06-25 23:28:47,0,0,0.25,0,0,98.25,1.25,0.25,0
2022-06-25 23:28:46,0,0,0.9925558,0.248139,0,96.27792,2.233251,0.248139,0
2022-06-25 23:28:45,0,0,1.0050251,0,0,96.48241,2.512563,0,0
2022-06-25 23:28:44,0,0,0.5,0.5,0,97.25,1.5,0.25,0
2022-06-25 23:28:43,0,0,0.2493766,0,0,98.50374,0.9975062,0.2493766,0
2022-06-25 23:28:42,0,0,0.7556675,0,0,96.97733,2.015113,0.2518892,0
2022-06-25 23:28:41,0,0,0.4987531,0.2493766,0,97.50623,1.4962594,0.2493766,0
2022-06-25 23:28:40,0,0,0.4987531,0.4987531,0,94.76309,3.990025,0.2493766,0
2022-06-25 23:28:39,0,0,1.25,0,0,96.25,2.5,0,0
2022-06-25 23:28:38,0,0,0.7481297,0.2493766,0,96.50873,1.995012,0.4987531,0
2022-06-25 23:28:37,0,0,0.5025126,0,0,97.73869,1.5075377,0.2512563,0
2022-06-25 23:28:36,0,0,0.4975124,0.2487562,0,97.51244,1.4925373,0.2487562,0
2022-06-25 23:28:35,0,0,0.2506266,0,0,97.99499,1.5037594,0.2506266,0
2022-06-25 23:28:34,0,0,1.0050251,0,0,96.23116,2.512563,0.2512563,0
2022-06-25 23:28:33,0,0,0.4975124,0.4975124,0,95.02488,3.482587,0.4975124,0
2022-06-25 23:28:32,0,0,1.25,0.25,0,96.75,1.75,0,0
2022-06-25 23:28:31,0,0,0.4975124,0.2487562,0,96.76617,2.238806,0.2487562,0
2022-06-25 23:28:30,0,0,0.5025126,0.2512563,0,97.23618,2.01005,0,0
2022-06-25 23:28:29,0,0,0.5,0,0,97.75,1.5,0.25,0
2022-06-25 23:28:28,0,0,0.4975124,0,0,97.26368,1.99005,0.2487562,0
2022-06-25 23:28:27,0,0,0.5025126,0.5025126,0,95.9799,2.763819,0.2512563,0
2022-06-25 23:28:26,0,0,0.7481297,0.2493766,0,97.25686,1.4962594,0.2493766,0
2022-06-25 23:28:25,0,0,1.5037594,0,0,95.2381,3.007519,0.2506266,0
2022-06-25 23:28:24,0,0,0.4987531,0,0,96.25935,2.992519,0.2493766,0
2022-06-25 23:28:23,0,0,0.7481297,0.2493766,0,96.50873,2.244389,0.2493766,0
2022-06-25 23:28:22,0,0,0.25,0,0,96.75,2.75,0.25,0
2022-06-25 23:28:21,0,0,0.7537688,0.2512563,0,98.49246,0.5025126,0,0
2022-06-25 23:28:20,0,0,0.25,0,0,97.5,1.75,0.5,0
2022-06-25 23:28:19,0,0,0.5,0.5,0,96.25,2.75,0,0
2022-06-25 23:28:18,0,0,0.75,0,0,95.75,2.75,0.75,0
2022-06-25 23:28:17,0,0,1.25,0,0,93.75,4.75,0.25,0
2022-06-25 23:28:16,0,0,0.7518797,0,0,93.73434,5.263158,0.2506266,0
2022-06-25 23:28:15,0,0,1.2406948,0.4962779,0,93.79653,4.466501,0,0
2022-06-25 23:28:14,0,0,0.7518797,0.2506266,0,92.4812,6.265664,0.2506266,0
2022-06-25 23:28:13,0,0,0.7462687,0.2487562,0,93.03483,5.721393,0.2487562,0
2022-06-25 23:28:12,0,0,0.7518797,0,0,92.4812,6.265664,0.5012531,0
2022-06-25 23:28:11,0,0,0.4987531,0.2493766,0,90.52369,8.478803,0.2493766,0
2022-06-25 23:28:10,0,0,0.2506266,0.2506266,0,92.73183,6.766917,0,0
2022-06-25 23:28:09,0,0,0.2506266,0,0,92.73183,6.516291,0.5012531,0
2022-06-25 23:28:08,0,0,0,0,0,92.26933,7.23192,0.2493766,0
2022-06-25 23:28:07,0,0,0.2512563,0.2512563,0,91.9598,7.537688,0,0
2022-06-25 23:28:06,0,0,0,0.25,0,94.5,5,0.25,0
2022-06-25 23:28:05,0,0,0.25,0,0,96,3.5,0.25,0
2022-06-25 23:28:04,0,0,0,0,0,96.26866,3.482587,0.2487562,0
2022-06-25 23:28:03,0,0,0,0,0,98.24121,1.5075377,0.2512563,0
2022-06-25 23:28:02,0,0,0.2493766,0.2493766,0,98.50374,0.7481297,0.2493766,0
2022-06-25 23:28:01,0,0,0.4975124,0,0,97.51244,1.741294,0.2487562,0
2022-06-25 23:28:00,0,0,0,0,0,99.24623,0.7537688,0,0
2022-06-25 23:27:59,0,0,0.2506266,0,0,98.74687,1.0025063,0,0
2022-06-25 23:27:58,0,0,0.4950495,0.2475248,0,97.27723,1.4851485,0.2475248,0
2022-06-25 23:27:57,0,0,0.2506266,0,0,98.74687,0.7518797,0.2506266,0
2022-06-25 23:27:56,0,0,0.75,0,0,97,2,0.25,0
2022-06-25 23:27:55,0,0,1.0025063,0,0,96.74185,2.255639,0,0
2022-06-25 23:27:54,0,0,0.4987531,0,0,98.25436,0.9975062,0.2493766,0
2022-06-25 23:27:53,0,0,0,0,0,98.99497,1.0050251,0,0
2022-06-25 23:27:52,0,0,0.4987531,0.2493766,0,97.75561,0.9975062,0.4987531,0
2022-06-25 23:27:51,0,0,0.75,0,0,97,2.25,0,0
2022-06-25 23:27:50,0,0,0.4987531,0.2493766,0,97.25686,1.745636,0.2493766,0
2022-06-25 23:27:49,0,0,1.0025063,0,0,94.23559,4.511278,0.2506266,0
2022-06-25 23:27:48,0,0,1,0.25,0,95.5,3.25,0,0
2022-06-25 23:27:47,0,0,0.25,0.25,0,98.25,1,0.25,0
2022-06-25 23:27:46,0,0,0,0,0,99.5,0.5,0,0
2022-06-25 23:27:45,0,0,0.75,0,0,98.25,1,0,0
2022-06-25 23:27:44,0,0,0.7462687,0.2487562,0,96.51741,2.238806,0.2487562,0
2022-06-25 23:27:43,0,0,0.7537688,0,0,96.48241,2.261307,0.5025126,0
2022-06-25 23:27:42,0,0,0.7481297,0.2493766,0,97.00748,1.745636,0.2493766,0
2022-06-25 23:27:41,0,0,1,0.25,0,96,2.75,0,0
2022-06-25 23:27:40,0,0,0.5012531,0,0,97.49373,1.754386,0.2506266,0
2022-06-25 23:27:39,0,0,0,0,0,99,0.75,0.25,0
2022-06-25 23:27:38,0,0,0.4987531,0,0,94.26434,4.738155,0.4987531,0
2022-06-25 23:27:37,0,0,0.7518797,0,0,97.74436,1.5037594,0,0
2022-06-25 23:27:36,0,0,0.7481297,0.2493766,0,97.25686,1.4962594,0.2493766,0
2022-06-25 23:27:35,0,0,0.9975062,0,0,95.7606,2.743142,0.4987531,0
2022-06-25 23:27:34,0,0,0.7537688,0,0,96.98492,2.261307,0,0
2022-06-25 23:27:33,0,0,0.4987531,0.2493766,0,97.75561,1.4962594,0,0
2022-06-25 23:27:32,0,0,0.2506266,0.2506266,0,98.24561,1.0025063,0.2506266,0
2022-06-25 23:27:31,0,0,0.7481297,0,0,97.25686,1.995012,0,0
2022-06-25 23:27:30,0,0,0.7537688,0,0,97.73869,1.5075377,0,0
2022-06-25 23:27:29,0,0,0.4987531,0.2493766,0,94.26434,4.738155,0.2493766,0
2022-06-25 23:27:28,0,0,0.75,0.25,0,96.75,2.25,0,0
2022-06-25 23:27:27,0,0,0.4975124,0,0,97.26368,1.741294,0.4975124,0
2022-06-25 23:27:26,0,0,0.5,0.25,0,97.5,1.5,0.25,0
2022-06-25 23:27:25,0,0,0.7537688,0,0,97.73869,1.5075377,0,0
2022-06-25 23:27:24,0,0,1,0,0,96.5,2.25,0.25,0
2022-06-25 23:27:23,0,0,0.4987531,0,0,97.25686,1.995012,0.2493766,0
2022-06-25 23:27:22,0,0,1.0025063,0,0,96.74185,2.005013,0.2506266,0
2022-06-25 23:27:21,0,0,1,0.5,0,96.5,1.75,0.25,0
2022-06-25 23:27:20,0,0,0,0,0,98.99749,1.0025063,0,0
2022-06-25 23:27:19,0,0,0.2493766,0.2493766,0,98.00499,1.2468828,0.2493766,0
2022-06-25 23:27:18,0,0,0.7481297,0,0,97.75561,1.2468828,0.2493766,0
2022-06-25 23:27:17,0,0,0.5025126,0,0,96.98492,2.261307,0.2512563,0
2022-06-25 23:27:16,0,0,1,0,0,93.75,5,0.25,0
2022-06-25 23:27:15,0,0,0.5,0.25,0,94.75,4.25,0.25,0
2022-06-25 23:27:14,0,0,1,0.25,0,95.5,3,0.25,0
2022-06-25 23:27:13,0,0,1.4925373,0,0,91.79104,6.467662,0.2487562,0
2022-06-25 23:27:12,0,0,1.2531328,0.5012531,0,90.72682,7.26817,0.2506266,0
2022-06-25 23:27:11,0,0,0.25,0,0,92.25,7.5,0,0
2022-06-25 23:27:10,0,0,0,0,0,94.75,5,0.25,0
2022-06-25 23:27:09,0,0,0.2493766,0,0,94.76309,4.488778,0.4987531,0
2022-06-25 23:27:08,0,0,0,0,0,94,5.75,0.25,0
2022-06-25 23:27:07,0,0,0.4987531,0,0,91.5212,7.730673,0.2493766,0
2022-06-25 23:27:06,0,0,0.5037783,0,0,88.4131,9.06801,0.5037783,0
2022-06-25 23:27:05,0,0,0.2506266,0.2506266,0,85.71429,8.521303,0,0.2506266
2022-06-25 23:27:04,0,0,0,0,0,97.75,1.75,0.25,0
2022-06-25 23:27:03,0,0,0.25,0,0,97.75,1.75,0.25,0
2022-06-25 23:27:02,0,0,0,0,0,97.48744,2.512563,0,0
2022-06-25 23:27:01,0,0,0,0,0,96.77419,2.977667,0.248139,0
2022-06-25 23:27:00,0,0,0.2512563,0.2512563,0,96.48241,3.015075,0,0
2022-06-25 23:26:59,0,0,0.5,0.25,0,97.75,1.25,0.25,0
2022-06-25 23:26:58,0,0,0,0,0,99.49875,0.2506266,0.2506266,0
2022-06-25 23:26:57,0,0,0.2493766,0,0,98.75312,0.9975062,0,0
2022-06-25 23:26:56,0,0,0.5,0.25,0,96.75,2,0.5,0
2022-06-25 23:26:55,0,0,1,0,0,97.25,1.75,0,0
2022-06-25 23:26:54,0,0,0.5012531,0.2506266,0,97.49373,1.754386,0,0
2022-06-25 23:26:53,0,0,0.2493766,0.2493766,0,97.50623,1.4962594,0.4987531,0
2022-06-25 23:26:52,0,0,0.7481297,0.2493766,0,96.7581,2.244389,0,0
2022-06-25 23:26:51,0,0,0.2506266,0,0,98.99749,0.7518797,0,0
2022-06-25 23:26:50,0,0,0.4987531,0,0,98.00499,1.2468828,0.2493766,0
2022-06-25 23:26:49,0,0,0.9975062,0.2493766,0,97.00748,1.4962594,0.2493766,0
2022-06-25 23:26:48,0,0,1.2468828,0.2493766,0,96.00998,2.493766,0,0
2022-06-25 23:26:47,0,0,0,0,0,98.99244,1.0075567,0,0
2022-06-25 23:26:46,0,0,0.25,0.25,0,98.5,0.75,0.25,0
2022-06-25 23:26:45,0,0,0.75,0,0,97.5,1.5,0.25,0
2022-06-25 23:26:44,0,0,0.5,0,0,97.75,1.75,0,0
2022-06-25 23:26:43,0,0,0.5012531,0,0,98.24561,1.2531328,0,0
2022-06-25 23:26:42,0,0,0.7481297,0.2493766,0,95.7606,2.743142,0.4987531,0
2022-06-25 23:26:41,0,0,1.2531328,0,0,95.73935,3.007519,0,0
2022-06-25 23:26:40,0,0,0.7481297,0.2493766,0,98.00499,0.7481297,0.2493766,0
2022-06-25 23:26:39,0,0,0.5,0,0,97.25,2.25,0,0
2022-06-25 23:26:38,0,0,0.5,0,0,98.25,1,0.25,0
2022-06-25 23:26:37,0,0,0.5012531,0,0,97.99499,1.0025063,0.5012531,0
2022-06-25 23:26:36,0,0,0.4987531,0.2493766,0,98.00499,1.2468828,0,0
2022-06-25 23:26:35,0,0,0.75,0.25,0,96.25,2.5,0.25,0
2022-06-25 23:26:34,0,0,1.5,0.25,0,95,3.25,0,0
2022-06-25 23:26:33,0,0,0.5,0,0,98.25,1,0.25,0
2022-06-25 23:26:32,0,0,0.4975124,0,0,96.76617,2.487562,0.2487562,0
2022-06-25 23:26:31,0,0,0.5012531,0,0,97.49373,1.754386,0.2506266,0
2022-06-25 23:26:30,0,0,0.2506266,0,0,98.24561,1.2531328,0.2506266,0
2022-06-25 23:26:29,0,0,0.5,0,0,97,2.25,0.25,0
2022-06-25 23:26:28,0,0,0.75,0.25,0,97.25,1.5,0.25,0
2022-06-25 23:26:27,0,0,1.5,0.25,0,95.75,2.25,0.25,0
2022-06-25 23:26:26,0,0,0.7481297,0.2493766,0,95.26185,3.241895,0.4987531,0
2022-06-25 23:26:25,0,0,1.0025063,0,0,98.24561,0.5012531,0.2506266,0
2022-06-25 23:26:24,0,0,0.25,0,0,98.25,1.5,0,0
2022-06-25 23:26:23,0,0,0.4987531,0,0,97.50623,1.745636,0.2493766,0
2022-06-25 23:26:22,0,0,0.2512563,0,0,97.98995,1.5075377,0.2512563,0
2022-06-25 23:26:21,0,0,0.75,0.25,0,96.5,2.25,0.25,0
2022-06-25 23:26:20,0,0,0.9925558,0.248139,0,95.78164,2.729529,0.248139,0
2022-06-25 23:26:19,0,0,1.2531328,0.2506266,0,93.48371,4.260652,0.7518797,0
2022-06-25 23:26:18,0,0,0.5,0,0,97,1.75,0.75,0
2022-06-25 23:26:17,0,0,0,0,0,99.49875,0.5012531,0,0
2022-06-25 23:26:16,0,0,0,0,0,97.74436,2.005013,0.2506266,0
2022-06-25 23:26:15,0,0,0.5,0,0,98,1.25,0.25,0
2022-06-25 23:26:14,0,0,0.4975124,0.2487562,0,96.51741,2.487562,0.2487562,0
2022-06-25 23:26:13,0,0,1.2531328,0.2506266,0,93.73434,4.511278,0.2506266,0
2022-06-25 23:26:12,0,0,1.0025063,0,0,95.48872,3.258145,0.2506266,0
2022-06-25 23:26:11,0,0,0.75,0.25,0,92.25,6.5,0.25,0
2022-06-25 23:26:10,0,0,1.2468828,0.4987531,0,91.27182,6.483791,0.4987531,0
2022-06-25 23:26:09,0,0,1.2468828,0.4987531,0,91.77057,5.985037,0.4987531,0
2022-06-25 23:26:08,0,0,1.0025063,0.2506266,0,90.97744,7.518797,0.2506266,0
2022-06-25 23:26:07,0,0,0.2506266,0,0,92.98246,6.516291,0.2506266,0
2022-06-25 23:26:06,0,0,0,0,0,94.26434,5.486284,0.2493766,0
2022-06-25 23:26:05,0,0,0.2506266,0.2506266,0,92.73183,6.766917,0,0
2022-06-25 23:26:04,0,0,0,0,0,93,6.5,0.5,0
2022-06-25 23:26:03,0,0,0.2493766,0.2493766,0,92.26933,6.733167,0.2493766,0
2022-06-25 23:26:02,0,0,0,0.2506266,0,92.98246,5.764411,0.2506266,0
2022-06-25 23:26:01,0,0,0.25,0,0,96,3.5,0,0
2022-06-25 23:26:00,0,0,0,0,0,97.74436,2.255639,0,0
2022-06-25 23:25:59,0,0,0.2506266,0,0,98.74687,0.7518797,0.2506266,0
2022-06-25 23:25:58,0,0,0,0,0,98.75312,0.9975062,0.2493766,0
2022-06-25 23:25:57,0,0,0.2493766,0,0,98.50374,0.9975062,0.2493766,0
2022-06-25 23:25:56,0,0,0.2506266,0.2506266,0,98.24561,1.0025063,0.2506266,0
2022-06-25 23:25:55,0,0,0.5,0.25,0,97,2,0.25,0
2022-06-25 23:25:54,0,0,0.7462687,0.2487562,0,97.01493,1.99005,0,0
2022-06-25 23:25:53,0,0,0.5,0.25,0,97.75,1,0.5,0
2022-06-25 23:25:52,0,0,0.5012531,0.2506266,0,97.99499,1.2531328,0,0
2022-06-25 23:25:51,0,0,0.2493766,0,0,98.50374,1.2468828,0,0
2022-06-25 23:25:50,0,0,0.5025126,0,0,97.48744,1.5075377,0.5025126,0
2022-06-25 23:25:49,0,0,0.7462687,0,0,98.00995,1.2437811,0,0
2022-06-25 23:25:48,0,0,0.7481297,0.2493766,0,97.00748,1.4962594,0.4987531,0
2022-06-25 23:25:47,0,0,0.7556675,0,0,97.22922,2.015113,0,0
2022-06-25 23:25:46,0,0,0.75,0,0,97,2,0.25,0
2022-06-25 23:25:45,0,0,0.4987531,0.2493766,0,96.7581,2.244389,0.2493766,0
2022-06-25 23:25:44,0,0,0.4987531,0,0,97.50623,1.4962594,0.4987531,0
2022-06-25 23:25:43,0,0,0.2506266,0,0,98.49624,1.0025063,0.2506266,0
2022-06-25 23:25:42,0,0,0.4987531,0.2493766,0,98.00499,0.9975062,0.2493766,0
2022-06-25 23:25:41,0,0,0.7481297,0.2493766,0,97.25686,1.745636,0,0
2022-06-25 23:25:40,0,0,0.5050505,0,0,97.22222,2.020202,0.2525253,0
2022-06-25 23:25:39,0,0,0.9975062,0.2493766,0,96.00998,2.743142,0,0
2022-06-25 23:25:38,0,0,0.4975124,0.2487562,0,97.76119,0.9950249,0.4975124,0
2022-06-25 23:25:37,0,0,0.5012531,0,0,98.24561,1.0025063,0.2506266,0
2022-06-25 23:25:36,0,0,0.5012531,0,0,97.24311,2.005013,0.2506266,0
2022-06-25 23:25:35,0,0,0.5,0.25,0,97.25,2,0,0
2022-06-25 23:25:34,0,0,0.7425743,0.2475248,0,96.78218,1.980198,0.2475248,0
2022-06-25 23:25:33,0,0,1.511335,0.2518892,0,95.96977,2.267003,0,0
2022-06-25 23:25:32,0,0,0.2506266,0,0,97.49373,2.005013,0.2506266,0
2022-06-25 23:25:31,0,0,0.7481297,0,0,97.00748,1.745636,0.4987531,0
2022-06-25 23:25:30,0,0,0.2493766,0.2493766,0,98.25436,0.9975062,0.2493766,0
2022-06-25 23:25:29,0,0,0.5012531,0,0,97.24311,2.255639,0,0
2022-06-25 23:25:28,0,0,0.5012531,0,0,97.74436,1.5037594,0.2506266,0
2022-06-25 23:25:27,0,0,0.9950249,0.4975124,0,96.76617,1.4925373,0.2487562,0
2022-06-25 23:25:26,0,0,1.0025063,0,0,95.73935,3.258145,0,0
2022-06-25 23:25:25,0,0,0.7518797,0,0,96.74185,2.255639,0.2506266,0
2022-06-25 23:25:24,0,0,0.4975124,0.2487562,0,98.00995,0.9950249,0.2487562,0
2022-06-25 23:25:23,0,0,0.5025126,0,0,97.48744,1.758794,0.2512563,0
2022-06-25 23:25:22,0,0,0.4987531,0.2493766,0,97.25686,1.745636,0.2493766,0
2022-06-25 23:25:21,0,0,0.25,0.25,0,97.5,1.75,0.25,0
2022-06-25 23:25:20,0,0,0.5012531,0,0,95.48872,3.759398,0.2506266,0
2022-06-25 23:25:19,0,0,1.2406948,0.248139,0,95.78164,2.48139,0.248139,0
2022-06-25 23:25:18,0,0,0.7537688,0,0,95.9799,2.763819,0.5025126,0
2022-06-25 23:25:17,0,0,0.75,0,0,97,2.25,0,0
2022-06-25 23:25:16,0,0,0.7462687,0,0,97.26368,1.4925373,0.4975124,0
2022-06-25 23:25:15,0,0,0.5037783,0.5037783,0,96.22166,2.770781,0,0
2022-06-25 23:25:14,0,0,0.2487562,0,0,97.26368,1.99005,0.4975124,0
2022-06-25 23:25:13,0,0,0.5025126,0,0,98.24121,1.0050251,0.2512563,0
2022-06-25 23:25:12,0,0,0.4987531,0.4987531,0,97.00748,1.745636,0.2493766,0
2022-06-25 23:25:11,0,0,0.75,0.25,0,95.25,3.5,0.25,0
2022-06-25 23:25:10,0,0,1.2468828,0.2493766,0,92.5187,5.735661,0.2493766,0
2022-06-25 23:25:09,0,0,1.2531328,0.2506266,0,91.97995,6.516291,0,0
2022-06-25 23:25:08,0,0,0.4975124,0.2487562,0,93.53234,5.472637,0.2487562,0
2022-06-25 23:25:07,0,0,0.75,0,0,92.25,6.5,0.5,0
2022-06-25 23:25:06,0,0,0.5,0.25,0,94.25,4.75,0.25,0
2022-06-25 23:25:05,0,0,0.5037783,0,0,92.69521,6.801008,0,0
2022-06-25 23:25:04,0,0,0.4975124,0,0,92.28856,6.716418,0.4975124,0
2022-06-25 23:25:03,0,0,0.5025126,0.2512563,0,92.21106,6.78392,0.2512563,0
2022-06-25 23:25:02,0,0,0.2487562,0.2487562,0,90.04975,8.955224,0.4975124,0
2022-06-25 23:25:01,0,0,0,0,0,94.5,5.25,0.25,0
2022-06-25 23:25:00,0,0,0,0,0,93.75,5.75,0.5,0
2022-06-25 23:24:59,0,0,0.2512563,0,0,95.9799,3.517588,0.2512563,0
2022-06-25 23:24:58,0,0,0,0.2493766,0,94.26434,4.738155,0.2493766,0
2022-06-25 23:24:57,0,0,0.2506266,0,0,99.24812,0.5012531,0,0
2022-06-25 23:24:56,0,0,0,0,0,99.5,0.25,0.25,0
2022-06-25 23:24:55,0,0,0,0,0,98.50746,0.9950249,0.4975124,0
2022-06-25 23:24:54,0,0,0,0,0,98.99749,0.7518797,0.2506266,0
2022-06-25 23:24:53,0,0,0.5,0.25,0,98,1,0,0
2022-06-25 23:24:52,0,0,0.7481297,0,0,97.00748,1.995012,0.2493766,0
2022-06-25 23:24:51,0,0,0.5025126,0,0,97.98995,1.2562814,0.2512563,0
2022-06-25 23:24:50,0,0,0.4987531,0.2493766,0,98.00499,1.2468828,0,0
2022-06-25 23:24:49,0,0,0.4987531,0,0,97.75561,1.4962594,0.2493766,0
2022-06-25 23:24:48,0,0,0.2512563,0,0,98.74372,1.0050251,0,0
2022-06-25 23:24:47,0,0,0.2493766,0.2493766,0,98.50374,0.7481297,0.2493766,0
2022-06-25 23:24:46,0,0,0.9975062,0.2493766,0,96.7581,1.995012,0,0
2022-06-25 23:24:45,0,0,0.7481297,0,0,96.25935,2.493766,0.4987531,0
2022-06-25 23:24:44,0,0,0.2506266,0,0,98.74687,1.0025063,0,0
2022-06-25 23:24:43,0,0,0.7518797,0.2506266,0,97.49373,1.5037594,0,0
2022-06-25 23:24:42,0,0,0.7518797,0.2506266,0,96.49123,2.005013,0.5012531,0
2022-06-25 23:24:41,0,0,0.5,0,0,98.25,1.25,0,0
2022-06-25 23:24:40,0,0,0.2487562,0.2487562,0,98.25871,0.9950249,0.2487562,0
2022-06-25 23:24:39,0,0,0.75,0.25,0,96.25,2.5,0.25,0
2022-06-25 23:24:38,0,0,0.7537688,0,0,96.73367,2.261307,0.2512563,0
2022-06-25 23:24:37,0,0,0.75,0,0,97,2.25,0,0
2022-06-25 23:24:36,0,0,0.4987531,0.2493766,0,96.7581,2.244389,0.2493766,0
2022-06-25 23:24:35,0,0,0.7537688,0,0,97.73869,1.5075377,0,0
2022-06-25 23:24:34,0,0,0.5,0,0,98,1.25,0.25,0
2022-06-25 23:24:33,0,0,0.2493766,0,0,98.00499,1.4962594,0.2493766,0
2022-06-25 23:24:32,0,0,0.9950249,0.4975124,0,96.51741,1.741294,0.2487562,0
2022-06-25 23:24:31,0,0,0.5025126,0.2512563,0,97.48744,1.2562814,0.5025126,0
2022-06-25 23:24:30,0,0,0.75,0.25,0,96.25,2.5,0.25,0
2022-06-25 23:24:29,0,0,0.75,0.25,0,97,1.75,0.25,0
2022-06-25 23:24:28,0,0,0.9975062,0.2493766,0,96.7581,1.745636,0.2493766,0
2022-06-25 23:24:27,0,0,0,0,0,99.00249,0.9975062,0,0
2022-06-25 23:24:26,0,0,0,0,0,99.74874,0.2512563,0,0
2022-06-25 23:24:25,0,0,0.75,0.25,0,97,1.75,0.25,0
2022-06-25 23:24:24,0,0,1.2468828,0.2493766,0,96.7581,1.4962594,0.2493766,0
2022-06-25 23:24:23,0,0,0.7518797,0.2506266,0,96.2406,2.756892,0,0
2022-06-25 23:24:22,0,0,1,0.25,0,96,2.5,0.25,0
2022-06-25 23:24:21,0,0,1,0.25,0,95.75,2.75,0.25,0
2022-06-25 23:24:20,0,0,0.25,0,0,97.5,2,0.25,0
2022-06-25 23:24:19,0,0,0.2493766,0.2493766,0,99.00249,0.2493766,0.2493766,0
2022-06-25 23:24:18,0,0,0.25,0,0,97.75,1.75,0.25,0
2022-06-25 23:24:17,0,0,0.75,0,0,95.5,3.5,0.25,0
2022-06-25 23:24:16,0,0,0.9975062,0,0,96.50873,1.995012,0.4987531,0
2022-06-25 23:24:15,0,0,0.5,0.25,0,97,2.25,0,0
2022-06-25 23:24:14,0,0,0.75,0,0,95,3.75,0.5,0
2022-06-25 23:24:13,0,0,0.5,0.25,0,96.25,2.5,0.5,0
2022-06-25 23:24:12,0,0,0.2512563,0.2512563,0,97.48744,1.758794,0.2512563,0
2022-06-25 23:24:11,0,0,0.2487562,0,0,99.00498,0.7462687,0,0
2022-06-25 23:24:10,0,0,0.25,0,0,99,0.5,0.25,0
2022-06-25 23:24:09,0,0,0.7518797,0,0,95.2381,3.759398,0.2506266,0
2022-06-25 23:24:08,0,0,1.0025063,0,0,94.98747,4.010025,0,0
2022-06-25 23:24:07,0,0,1.5,0.25,0,92.25,6,0,0
2022-06-25 23:24:06,0,0,0.9950249,0.2487562,0,91.04478,7.21393,0.4975124,0
2022-06-25 23:24:05,0,0,0.5025126,0,0,93.46734,5.778894,0.2512563,0
2022-06-25 23:24:04,0,0,0.9950249,0,0,92.78607,5.970149,0.2487562,0
2022-06-25 23:24:03,0,0,0.7537688,0,0,92.46231,6.281407,0.5025126,0
2022-06-25 23:24:02,0,0,0.4962779,0.248139,0,92.05955,7.19603,0,0
2022-06-25 23:24:01,0,0,0.2518892,0.2518892,0,94.71033,4.534005,0.2518892,0
2022-06-25 23:24:00,0,0,0.5,0,0,90.25,8.5,0.75,0
2022-06-25 23:23:59,0,0,0,0.2487562,0,91.29353,7.462687,0.4975124,0
2022-06-25 23:23:58,0,0,0.25,0,0,90,9.25,0.5,0
2022-06-25 23:23:57,0,0,0,0.2512563,0,95.22613,4.020101,0.2512563,0
2022-06-25 23:23:56,0,0,0,0,0,95.22613,4.522613,0.2512563,0
2022-06-25 23:23:55,0,0,0.248139,0,0,97.02233,2.233251,0.248139,0
2022-06-25 23:23:54,0,0,0,0,0,98.48866,1.2594458,0.2518892,0
2022-06-25 23:23:53,0,0,0,0,0,99.49875,0.5012531,0,0
2022-06-25 23:23:52,0,0,0.2487562,0,0,98.00995,1.4925373,0.2487562,0
2022-06-25 23:23:51,0,0,0,0.25,0,99,0.5,0.25,0
2022-06-25 23:23:50,0,0,0.25,0,0,98,1.5,0.25,0
2022-06-25 23:23:49,0,0,0.9975062,0,0,96.25935,2.493766,0.2493766,0
2022-06-25 23:23:48,0,0,0.4987531,0,0,97.25686,1.995012,0.2493766,0
2022-06-25 23:23:47,0,0,0.5025126,0,0,97.98995,1.2562814,0.2512563,0
2022-06-25 23:23:46,0,0,0.2493766,0,0,97.75561,1.745636,0.2493766,0
2022-06-25 23:23:45,0,0,0.2506266,0.2506266,0,98.74687,0.5012531,0.2506266,0
2022-06-25 23:23:44,0,0,0,0,0,98.99749,0.7518797,0.2506266,0
2022-06-25 23:23:43,0,0,0.7481297,0.2493766,0,97.00748,1.995012,0,0
2022-06-25 23:23:42,0,0,1.2531328,0.2506266,0,95.73935,2.506266,0.2506266,0
2022-06-25 23:23:41,0,0,0.9975062,0.2493766,0,96.00998,2.244389,0.4987531,0
2022-06-25 23:23:40,0,0,0.25,0,0,98.25,1.5,0,0
2022-06-25 23:23:39,0,0,0.25,0,0,98.25,1.25,0.25,0
2022-06-25 23:23:38,0,0,0.5012531,0,0,98.74687,0.7518797,0,0
2022-06-25 23:23:37,0,0,0,0,0,99.00498,0.9950249,0,0
2022-06-25 23:23:36,0,0,0.7537688,0,0,95.72864,3.266332,0.2512563,0
2022-06-25 23:23:35,0,0,1.2468828,0,0,96.50873,1.995012,0.2493766,0
2022-06-25 23:23:34,0,0,0.7518797,0,0,97.24311,1.5037594,0.5012531,0
2022-06-25 23:23:33,0,0,0.9950249,0,0,96.51741,2.487562,0,0
2022-06-25 23:23:32,0,0,0.5012531,0.2506266,0,97.24311,1.754386,0.2506266,0
2022-06-25 23:23:31,0,0,0,0,0,99.25,0.5,0.25,0
2022-06-25 23:23:30,0,0,0.2493766,0.2493766,0,98.00499,1.2468828,0.2493766,0
2022-06-25 23:23:29,0,0,1.0050251,0.2512563,0,96.98492,1.2562814,0.5025126,0
2022-06-25 23:23:28,0,0,0.7481297,0,0,97.25686,1.995012,0,0
2022-06-25 23:23:27,0,0,0.9975062,0.2493766,0,95.26185,2.992519,0.4987531,0
2022-06-25 23:23:26,0,0,0.7537688,0,0,97.23618,2.01005,0,0
2022-06-25 23:23:25,0,0,0.9975062,0.2493766,0,97.50623,0.9975062,0.2493766,0
2022-06-25 23:23:24,0,0,0.25,0.25,0,98.25,1,0.25,0
2022-06-25 23:23:23,0,0,0.2512563,0,0,98.99497,0.5025126,0.2512563,0
2022-06-25 23:23:22,0,0,0.9975062,0.2493766,0,95.7606,2.493766,0.4987531,0
2022-06-25 23:23:21,0,0,1,0.25,0,94.75,4,0,0
2022-06-25 23:23:20,0,0,0.7462687,0.4975124,0,96.76617,1.741294,0.2487562,0
2022-06-25 23:23:19,0,0,1.0050251,0,0,95.72864,3.015075,0.2512563,0
2022-06-25 23:23:18,0,0,0.5,0,0,98,1,0.5,0
2022-06-25 23:23:17,0,0,0,0,0,98.5,1.5,0,0
2022-06-25 23:23:16,0,0,0.2493766,0.2493766,0,98.75312,0.7481297,0,0
2022-06-25 23:23:15,0,0,0.7481297,0,0,96.00998,2.992519,0.2493766,0
2022-06-25 23:23:14,0,0,1,0.5,0,94.25,4,0.25,0
2022-06-25 23:23:13,0,0,0.75,0.25,0,96.75,1.75,0.5,0
2022-06-25 23:23:12,0,0,1,0.25,0,95.25,3.5,0,0
2022-06-25 23:23:11,0,0,0.5012531,0,0,96.74185,2.255639,0.5012531,0
2022-06-25 23:23:10,0,0,0.5,0,0,98,1.25,0.25,0
2022-06-25 23:23:09,0,0,0,0,0,99.24812,0.5012531,0.2506266,0
2022-06-25 23:23:08,0,0,0.25,0,0,98,1.25,0.5,0
2022-06-25 23:23:07,0,0,0.4975124,0.4975124,0,96.76617,1.99005,0.2487562,0
2022-06-25 23:23:06,0,0,1,0,0,94.25,4.5,0.25,0
2022-06-25 23:23:05,0,0,1.0025063,0,0,94.73684,4.010025,0.2506266,0
2022-06-25 23:23:04,0,0,1.5,0.75,0,89.75,7.5,0.5,0
2022-06-25 23:23:03,0,0,1,0,0,92,6.5,0.5,0
2022-06-25 23:23:02,0,0,0.7518797,0.2506266,0,91.4787,7.26817,0.2506266,0
2022-06-25 23:23:01,0,0,0.7462687,0.4975124,0,94.02985,4.228856,0.4975124,0
2022-06-25 23:23:00,0,0,0.2506266,0.2506266,0,91.97995,7.26817,0.2506266,0
2022-06-25 23:22:59,0,0,0.5012531,0,0,93.48371,6.015038,0,0
2022-06-25 23:22:58,0,0,0.2493766,0,0,92.76808,6.733167,0.2493766,0
2022-06-25 23:22:57,0,0,0,0,0,91.97995,7.769424,0.2506266,0
2022-06-25 23:22:56,0,0,0.2493766,0,0,91.5212,7.98005,0.2493766,0
2022-06-25 23:22:55,0,0,0,0,0,94.23559,5.764411,0,0
2022-06-25 23:22:54,0,0,0.2493766,0.2493766,0,94.51372,4.239401,0.2493766,0
2022-06-25 23:22:53,0,0,0,0,0,96.25935,3.241895,0.4987531,0
2022-06-25 23:22:52,0,0,0.2506266,0,0,97.74436,1.754386,0.2506266,0
2022-06-25 23:22:51,0,0,0.2493766,0.2493766,0,98.75312,0.4987531,0.2493766,0
2022-06-25 23:22:50,0,0,0,0,0,98.99497,0.7537688,0.2512563,0
2022-06-25 23:22:49,0,0,0,0,0,98.75,1,0.25,0
2022-06-25 23:22:48,0,0,0.2493766,0.2493766,0,97.75561,1.745636,0,0
2022-06-25 23:22:47,0,0,0.7481297,0,0,96.50873,2.493766,0.2493766,0
2022-06-25 23:22:46,0,0,0.75,0,0,96,3,0.25,0
2022-06-25 23:22:45,0,0,0.5025126,0.2512563,0,98.24121,0.7537688,0.2512563,0
2022-06-25 23:22:44,0,0,0.2493766,0,0,98.75312,0.4987531,0.4987531,0
2022-06-25 23:22:43,0,0,0.25,0,0,97.5,2,0.25,0
2022-06-25 23:22:42,0,0,0.2493766,0,0,98.75312,0.7481297,0.2493766,0
2022-06-25 23:22:41,0,0,0.75,0.25,0,97.5,1.25,0.25,0
2022-06-25 23:22:40,0,0,1.0025063,0,0,96.49123,2.506266,0,0
2022-06-25 23:22:39,0,0,1.2468828,0.4987531,0,95.01247,2.743142,0.4987531,0
2022-06-25 23:22:38,0,0,0.5,0,0,97.5,1.75,0.25,0
2022-06-25 23:22:37,0,0,0.5012531,0,0,97.24311,2.255639,0,0
2022-06-25 23:22:36,0,0,0.2487562,0.2487562,0,98.50746,0.9950249,0,0
2022-06-25 23:22:35,0,0,0,0,0,98.74055,1.0075567,0.2518892,0
2022-06-25 23:22:34,0,0,0.7481297,0,0,96.25935,2.743142,0.2493766,0
2022-06-25 23:22:33,0,0,1.25,0,0,96.5,2,0.25,0
2022-06-25 23:22:32,0,0,0.9975062,0.2493766,0,96.00998,2.244389,0.4987531,0
2022-06-25 23:22:31,0,0,0.5012531,0.2506266,0,96.49123,2.506266,0.2506266,0
2022-06-25 23:22:30,0,0,0.75,0.25,0,96.25,2.5,0.25,0
2022-06-25 23:22:29,0,0,0,0,0,98.75,1,0.25,0
2022-06-25 23:22:28,0,0,0.25,0,0,98.75,0.75,0.25,0
2022-06-25 23:22:27,0,0,0.9975062,0,0,96.00998,2.743142,0.2493766,0
2022-06-25 23:22:26,0,0,0.75,0.25,0,97,1.75,0.25,0
2022-06-25 23:22:25,0,0,1.5037594,0.2506266,0,94.98747,2.756892,0.5012531,0
2022-06-25 23:22:24,0,0,0.5,0,0,97,2.25,0.25,0
2022-06-25 23:22:23,0,0,0.5,0,0,98,1.5,0,0
2022-06-25 23:22:22,0,0,0.25,0.25,0,98.75,0.75,0,0
2022-06-25 23:22:21,0,0,0.2493766,0,0,97.75561,1.4962594,0.4987531,0
2022-06-25 23:22:20,0,0,1.0050251,0,0,96.98492,2.01005,0,0
2022-06-25 23:22:19,0,0,0.7462687,0,0,97.76119,1.2437811,0.2487562,0
2022-06-25 23:22:18,0,0,1.0050251,0.2512563,0,95.9799,2.512563,0.2512563,0
2022-06-25 23:22:17,0,0,0.7481297,0,0,96.7581,2.244389,0.2493766,0
2022-06-25 23:22:16,0,0,0.2512563,0,0,98.49246,1.2562814,0,0
2022-06-25 23:22:15,0,0,0.2493766,0,0,98.50374,0.7481297,0.2493766,0
2022-06-25 23:22:14,0,0,0,0,0,99.24812,0.7518797,0,0
2022-06-25 23:22:13,0,0,0.4975124,0.2487562,0,96.51741,2.238806,0.4975124,0
2022-06-25 23:22:12,0,0,0.7481297,0,0,96.7581,2.244389,0.2493766,0
2022-06-25 23:22:11,0,0,0.7556675,0.2518892,0,95.21411,3.778338,0,0
2022-06-25 23:22:10,0,0,1.2406948,0.248139,0,94.04467,3.970223,0.4962779,0
2022-06-25 23:22:09,0,0,0.7537688,0,0,96.73367,2.261307,0.2512563,0
2022-06-25 23:22:08,0,0,0,0,0,98.75,1,0.25,0
2022-06-25 23:22:07,0,0,0,0,0,99.25,0.5,0.25,0
2022-06-25 23:22:06,0,0,0,0,0,99.00498,0.7462687,0.2487562,0
2022-06-25 23:22:05,0,0,0.2512563,0,0,97.48744,2.261307,0,0
2022-06-25 23:22:04,0,0,0.7444169,0.248139,0,96.77419,1.736973,0.4962779,0
2022-06-25 23:22:03,0,0,1.0025063,0.2506266,0,94.48622,4.010025,0.2506266,0
2022-06-25 23:22:02,0,0,1.75,0.25,0,91.25,6.5,0.25,0
2022-06-25 23:22:01,0,0,2.01005,0.5025126,0,87.9397,9.547739,0,0
2022-06-25 23:22:00,0,0,1.745636,0.2493766,0,90.27431,7.481297,0.2493766,0
2022-06-25 23:21:59,0,0,0,0.2506266,0,90.22556,9.52381,0,0
2022-06-25 23:21:58,0,0,0.2493766,0,0,94.76309,4.987531,0,0
2022-06-25 23:21:57,0,0,0,0,0,94.22111,5.527638,0.2512563,0
2022-06-25 23:21:56,0,0,0,0.2487562,0,94.02985,5.472637,0.2487562,0
2022-06-25 23:21:55,0,0,0,0.2506266,0,93.48371,6.015038,0.2506266,0
2022-06-25 23:21:54,0,0,0.25,0,0,90.75,8.5,0.25,0
2022-06-25 23:21:53,0,0,0.2518892,0.2518892,0,80.85642,10.327456,0.5037783,0
2022-06-25 23:21:52,0,0,0,0,0,88.97243,5.012531,0,0
2022-06-25 23:21:51,0,0,0.2493766,0.2493766,0,97.25686,1.745636,0.4987531,0
2022-06-25 23:21:50,0,0,0,0,0,98.74687,1.2531328,0,0
2022-06-25 23:21:49,0,0,0,0,0,99,0.75,0.25,0
2022-06-25 23:21:48,0,0,0.2506266,0,0,98.49624,1.0025063,0.2506266,0
2022-06-25 23:21:47,0,0,0,0,0,98.50374,1.2468828,0.2493766,0
2022-06-25 23:21:46,0,0,0.2493766,0.2493766,0,98.75312,0.4987531,0.2493766,0
2022-06-25 23:21:45,0,0,0.2506266,0.2506266,0,97.99499,1.5037594,0,0
2022-06-25 23:21:44,0,0,0.7518797,0,0,96.49123,2.506266,0.2506266,0
2022-06-25 23:21:43,0,0,1.2468828,0.4987531,0,96.00998,1.995012,0.2493766,0
2022-06-25 23:21:42,0,0,0.75,0,0,96.5,2.5,0.25,0
2022-06-25 23:21:41,0,0,0.2506266,0,0,98.99749,0.7518797,0,0
2022-06-25 23:21:40,0,0,0.2493766,0.2493766,0,97.75561,1.4962594,0.2493766,0
2022-06-25 23:21:39,0,0,0,0,0,99.24812,0.7518797,0,0
2022-06-25 23:21:38,0,0,0.9975062,0.2493766,0,96.7581,1.745636,0.2493766,0
2022-06-25 23:21:37,0,0,1.0050251,0,0,95.22613,3.517588,0.2512563,0
2022-06-25 23:21:36,0,0,0.9925558,0.4962779,0,95.78164,2.48139,0.248139,0
2022-06-25 23:21:35,0,0,0.9950249,0.4975124,0,96.0199,1.99005,0.4975124,0
2022-06-25 23:21:34,0,0,0,0,0,98.99749,1.0025063,0,0
2022-06-25 23:21:33,0,0,0.2493766,0,0,98.50374,0.9975062,0.2493766,0
2022-06-25 23:21:32,0,0,0.5025126,0,0,97.73869,1.5075377,0.2512563,0
2022-06-25 23:21:31,0,0,0.7481297,0,0,97.00748,2.244389,0,0
2022-06-25 23:21:30,0,0,0.5012531,0,0,97.99499,1.2531328,0.2506266,0
2022-06-25 23:21:29,0,0,0.9975062,0,0,95.7606,2.992519,0.2493766,0
2022-06-25 23:21:28,0,0,0.7518797,0.2506266,0,95.98997,2.756892,0.2506266,0
2022-06-25 23:21:27,0,0,0.5012531,0,0,98.49624,1.0025063,0,0
2022-06-25 23:21:26,0,0,0,0.2493766,0,98.75312,0.7481297,0.2493766,0
2022-06-25 23:21:25,0,0,1.2468828,0.2493766,0,96.00998,1.995012,0.4987531,0
2022-06-25 23:21:24,0,0,0.5025126,0,0,97.73869,1.5075377,0.2512563,0
2022-06-25 23:21:23,0,0,0.4987531,0,0,97.75561,1.4962594,0.2493766,0
2022-06-25 23:21:22,0,0,1.25,0.25,0,95,3.5,0,0
2022-06-25 23:21:21,0,0,0.5012531,0,0,97.49373,1.754386,0.2506266,0
2022-06-25 23:21:20,0,0,0.4987531,0.2493766,0,97.75561,0.7481297,0.7481297,0
2022-06-25 23:21:19,0,0,0.2487562,0,0,98.50746,0.9950249,0.2487562,0
2022-06-25 23:21:18,0,0,0.5037783,0.2518892,0,97.22922,1.763224,0.2518892,0
2022-06-25 23:21:17,0,0,0.75,0.25,0,97.5,1.5,0,0
2022-06-25 23:21:16,0,0,0.9975062,0,0,96.00998,2.743142,0.2493766,0
2022-06-25 23:21:15,0,0,0.75,0.25,0,96.25,2.75,0,0
2022-06-25 23:21:14,0,0,0.5012531,0,0,97.74436,1.5037594,0.2506266,0
2022-06-25 23:21:13,0,0,0.4962779,0.4962779,0,96.02978,2.729529,0.248139,0
2022-06-25 23:21:12,0,0,0,0.2506266,0,98.99749,0.5012531,0.2506266,0
2022-06-25 23:21:11,0,0,0.5025126,0,0,98.24121,1.2562814,0,0
2022-06-25 23:21:10,0,0,0.5,0.25,0,96,2.75,0.5,0
2022-06-25 23:21:09,0,0,0.9975062,0.2493766,0,93.01746,5.236908,0.4987531,0
2022-06-25 23:21:08,0,0,1.0025063,0,0,96.2406,2.506266,0.2506266,0
2022-06-25 23:21:07,0,0,0.4975124,0.4975124,0,96.51741,2.238806,0.2487562,0
2022-06-25 23:21:06,0,0,0.7556675,0,0,96.47355,2.267003,0.5037783,0
2022-06-25 23:21:05,0,0,0.4987531,0,0,98.50374,0.7481297,0.2493766,0
2022-06-25 23:21:04,0,0,0,0,0,99,0.75,0.25,0
2022-06-25 23:21:03,0,0,0,0,0,98.99749,1.0025063,0,0
2022-06-25 23:21:02,0,0,0.4987531,0.2493766,0,96.7581,2.244389,0.2493766,0
2022-06-25 23:21:01,0,0,0.9925558,0.248139,0,93.30025,5.210918,0.248139,0
2022-06-25 23:21:00,0,0,1.2562814,0,0,93.96985,4.522613,0.2512563,0
2022-06-25 23:20:59,0,0,1.745636,0.2493766,0,89.52618,8.229426,0.2493766,0
2022-06-25 23:20:58,0,0,1.5075377,0.5025126,0,89.19598,8.79397,0,0
2022-06-25 23:20:57,0,0,0.7481297,0,0,91.77057,7.23192,0.2493766,0
2022-06-25 23:20:56,0,0,0.5025126,0,0,91.9598,7.286432,0.2512563,0
2022-06-25 23:20:55,0,0,0,0.248139,0,93.30025,6.203474,0.248139,0
2022-06-25 23:20:54,0,0,0.2493766,0,0,94.51372,4.738155,0.4987531,0
2022-06-25 23:20:53,0,0,0,0,0,92.23058,7.26817,0.5012531,0
2022-06-25 23:20:52,0,0,0,0,0,91.97995,8.02005,0,0
2022-06-25 23:20:51,0,0,0.25,0,0,91,8.5,0.25,0
2022-06-25 23:20:50,0,0,0,0,0,90.75,8.5,0.25,0
2022-06-25 23:20:49,0,0,0.2493766,0.2493766,0,92.26933,4.239401,0.4987531,0
2022-06-25 23:20:48,0,0,0,0,0,98.99244,1.0075567,0,0
2022-06-25 23:20:47,0,0,0,0,0,97.5,2,0.5,0
2022-06-25 23:20:46,0,0,0.2493766,0,0,99.00249,0.4987531,0.2493766,0
2022-06-25 23:20:45,0,0,0,0,0,98.99749,0.7518797,0.2506266,0
2022-06-25 23:20:44,0,0,0.2493766,0,0,98.00499,1.4962594,0.2493766,0
2022-06-25 23:20:43,0,0,0.75,0.25,0,97,2,0,0
2022-06-25 23:20:42,0,0,0.2506266,0,0,98.24561,1.5037594,0,0
2022-06-25 23:20:41,0,0,0.2493766,0.2493766,0,97.75561,1.4962594,0.2493766,0
2022-06-25 23:20:40,0,0,0.5,0,0,97.75,1.5,0.25,0
2022-06-25 23:20:39,0,0,0.7518797,0,0,97.99499,1.0025063,0,0
2022-06-25 23:20:38,0,0,0.2493766,0.2493766,0,96.7581,2.244389,0.4987531,0
2022-06-25 23:20:37,0,0,0.9975062,0.4987531,0,95.7606,2.743142,0,0
2022-06-25 23:20:36,0,0,0.5012531,0,0,97.74436,1.2531328,0.5012531,0
2022-06-25 23:20:35,0,0,0.4987531,0,0,97.75561,1.4962594,0.2493766,0
2022-06-25 23:20:34,0,0,0.75,0.5,0,97,1.5,0.25,0
2022-06-25 23:20:33,0,0,1.0025063,0.2506266,0,95.98997,2.756892,0,0
2022-06-25 23:20:32,0,0,0.4987531,0,0,97.50623,1.4962594,0.4987531,0
2022-06-25 23:20:31,0,0,0.5012531,0.2506266,0,98.24561,1.0025063,0,0
2022-06-25 23:20:30,0,0,0.4975124,0.2487562,0,97.26368,1.741294,0.2487562,0
2022-06-25 23:20:29,0,0,0.9975062,0.4987531,0,96.00998,2.244389,0.2493766,0
2022-06-25 23:20:28,0,0,0.2525253,0,0,98.48485,1.2626263,0,0
2022-06-25 23:20:27,0,0,0.7481297,0,0,97.25686,1.995012,0,0
2022-06-25 23:20:26,0,0,1.2468828,0.7481297,0,95.7606,1.995012,0.2493766,0
2022-06-25 23:20:25,0,0,0.75,0,0,96,3,0.25,0
2022-06-25 23:20:24,0,0,0.7518797,0.2506266,0,97.74436,1.2531328,0,0
2022-06-25 23:20:23,0,0,0.7481297,0.2493766,0,96.7581,1.745636,0.4987531,0
2022-06-25 23:20:22,0,0,0.7481297,0,0,97.25686,1.745636,0.2493766,0
2022-06-25 23:20:21,0,0,0.5025126,0,0,98.74372,0.7537688,0,0
2022-06-25 23:20:20,0,0,0.7481297,0,0,97.00748,1.745636,0.4987531,0
2022-06-25 23:20:19,0,0,0.7537688,0,0,96.73367,2.512563,0,0
2022-06-25 23:20:18,0,0,0.5,0,0,98,1.25,0.25,0
2022-06-25 23:20:17,0,0,0.4987531,0.2493766,0,97.25686,1.745636,0.2493766,0
2022-06-25 23:20:16,0,0,0.9975062,0.2493766,0,96.25935,2.244389,0.2493766,0
2022-06-25 23:20:15,0,0,0.5012531,0,0,97.24311,2.005013,0.2506266,0
2022-06-25 23:20:14,0,0,0.75,0,0,97,2,0.25,0
2022-06-25 23:20:13,0,0,0.9975062,0.2493766,0,96.7581,1.745636,0.2493766,0
2022-06-25 23:20:12,0,0,0.25,0,0,98.25,1.25,0.25,0
2022-06-25 23:20:11,0,0,0.5012531,0,0,97.49373,1.754386,0.2506266,0
2022-06-25 23:20:10,0,0,0.4987531,0.2493766,0,97.50623,1.4962594,0.2493766,0
2022-06-25 23:20:09,0,0,0.5025126,0,0,96.48241,3.015075,0,0
2022-06-25 23:20:08,0,0,0.7481297,0,0,96.50873,2.493766,0.2493766,0
2022-06-25 23:20:07,0,0,0.5012531,0.2506266,0,97.24311,2.005013,0,0
2022-06-25 23:20:06,0,0,0.75,0,0,96.75,2.5,0,0
2022-06-25 23:20:05,0,0,0.7481297,0.2493766,0,97.25686,1.745636,0,0
2022-06-25 23:20:04,0,0,0,0,0,98.74687,1.0025063,0.2506266,0
2022-06-25 23:20:03,0,0,0.4975124,0,0,97.01493,2.238806,0.2487562,0
2022-06-25 23:20:02,0,0,0.4987531,0,0,96.7581,2.493766,0.2493766,0
2022-06-25 23:20:01,0,0,0.5012531,0,0,96.49123,2.756892,0.2506266,0
2022-06-25 23:20:00,0,0,0.9975062,0.2493766,0,95.01247,3.491272,0.2493766,0
2022-06-25 23:19:59,0,0,1.0025063,0,0,94.73684,4.260652,0,0
2022-06-25 23:19:58,0,0,1.0025063,0.5012531,0,92.4812,5.764411,0.2506266,0
2022-06-25 23:19:57,0,0,1.2468828,0,0,94.26434,4.488778,0,0
2022-06-25 23:19:56,0,0,0.9975062,0.2493766,0,92.01995,6.483791,0.2493766,0
2022-06-25 23:19:55,0,0,0.5025126,0,0,91.70854,7.537688,0.2512563,0
2022-06-25 23:19:54,0,0,0,0.2487562,0,94.77612,4.726368,0.2487562,0
2022-06-25 23:19:53,0,0,0.5012531,0,0,93.73434,5.513784,0.2506266,0
2022-06-25 23:19:52,0,0,0.5012531,0,0,91.22807,8.02005,0.2506266,0
2022-06-25 23:19:51,0,0,0.4987531,0,0,92.5187,6.733167,0.2493766,0
2022-06-25 23:19:50,0,0,0,0.2512563,0,89.94975,8.291457,0.2512563,0
2022-06-25 23:19:49,0,0,0.2493766,0,0,92.01995,6.234414,0.4987531,0
2022-06-25 23:19:48,0,0,0.2506266,0,0,96.74185,3.007519,0,0
2022-06-25 23:19:47,0,0,0.25,0,0,96.5,2.75,0.5,0
2022-06-25 23:19:46,0,0,0,0.2487562,0,98.00995,1.741294,0,0
2022-06-25 23:19:45,0,0,0.2512563,0,0,98.74372,0.7537688,0.2512563,0
2022-06-25 23:19:44,0,0,0,0,0,99.00249,0.7481297,0.2493766,0
2022-06-25 23:19:43,0,0,0.2506266,0,0,98.74687,1.0025063,0,0
2022-06-25 23:19:42,0,0,0.25,0,0,98.25,1.25,0.25,0
2022-06-25 23:19:41,0,0,0.25,0,0,98,1.75,0,0
2022-06-25 23:19:40,0,0,1.25,0.25,0,96.5,1.75,0.25,0
2022-06-25 23:19:39,0,0,0.2506266,0,0,98.24561,1.2531328,0.2506266,0
2022-06-25 23:19:38,0,0,0.2487562,0,0,98.50746,1.2437811,0,0
2022-06-25 23:19:37,0,0,0.5,0.25,0,97.75,1,0.5,0
2022-06-25 23:19:36,0,0,0.5,0,0,97.25,2.25,0,0
2022-06-25 23:19:35,0,0,0.5012531,0.2506266,0,97.99499,1.2531328,0,0
2022-06-25 23:19:34,0,0,0.4975124,0.2487562,0,97.01493,1.99005,0.2487562,0
2022-06-25 23:19:33,0,0,1.0050251,0.2512563,0,96.23116,2.512563,0,0
2022-06-25 23:19:32,0,0,0.7481297,0.2493766,0,97.25686,1.4962594,0.2493766,0
2022-06-25 23:19:31,0,0,0.5,0,0,97.5,2,0,0
2022-06-25 23:19:30,0,0,0.2506266,0,0,98.49624,1.0025063,0.2506266,0
2022-06-25 23:19:29,0,0,0.5,0,0,98,1.5,0,0
2022-06-25 23:19:28,0,0,0.4987531,0,0,98.00499,1.2468828,0.2493766,0
2022-06-25 23:19:27,0,0,0.75,0,0,97.5,1.5,0.25,0
2022-06-25 23:19:26,0,0,1.2468828,0.4987531,0,95.7606,2.493766,0,0
2022-06-25 23:19:25,0,0,0.7556675,0,0,96.47355,2.518892,0.2518892,0
2022-06-25 23:19:24,0,0,0.4987531,0,0,98.00499,1.4962594,0,0
2022-06-25 23:19:23,0,0,0.2506266,0,0,98.74687,0.7518797,0.2506266,0
2022-06-25 23:19:22,0,0,0.2487562,0.2487562,0,97.76119,1.4925373,0.2487562,0
2022-06-25 23:19:21,0,0,0.5012531,0,0,97.99499,1.5037594,0,0
2022-06-25 23:19:20,0,0,1.25,0.25,0,96.75,1.5,0.25,0
2022-06-25 23:19:19,0,0,0.7481297,0.2493766,0,95.51122,3.241895,0.2493766,0
2022-06-25 23:19:18,0,0,0.7518797,0,0,97.24311,1.754386,0.2506266,0
2022-06-25 23:19:17,0,0,0.7462687,0.2487562,0,96.0199,2.487562,0.4975124,0
2022-06-25 23:19:16,0,0,0,0.25,0,98.5,1,0.25,0
2022-06-25 23:19:15,0,0,0.2506266,0,0,98.74687,1.0025063,0,0
2022-06-25 23:19:14,0,0,0.7537688,0,0,97.73869,1.5075377,0,0
2022-06-25 23:19:13,0,0,1.2376238,0,0,95.0495,3.217822,0.4950495,0
2022-06-25 23:19:12,0,0,0.5012531,0,0,97.74436,1.754386,0,0
2022-06-25 23:19:11,0,0,1.0025063,0.2506266,0,96.49123,1.754386,0.5012531,0
2022-06-25 23:19:10,0,0,0.5012531,0,0,96.49123,3.007519,0,0
2022-06-25 23:19:09,0,0,0.2487562,0,0,98.75622,0.7462687,0.2487562,0
2022-06-25 23:19:08,0,0,0,0,0,99.49749,0.5025126,0,0
2022-06-25 23:19:07,0,0,0.4962779,0,0,96.52605,2.729529,0.248139,0
2022-06-25 23:19:06,0,0,1.0075567,0.2518892,0,96.22166,2.518892,0,0
2022-06-25 23:19:05,0,0,0.5,0,0,97,2.25,0.25,0
2022-06-25 23:19:04,0,0,1,0.25,0,96,2.5,0.25,0
2022-06-25 23:19:03,0,0,1,0.25,0,95.5,3,0.25,0
2022-06-25 23:19:02,0,0,0.4987531,0,0,97.00748,2.244389,0.2493766,0
2022-06-25 23:19:01,0,0,0.25,0,0,97.75,1.5,0.5,0
2022-06-25 23:19:00,0,0,0,0,0,99.24812,0.7518797,0,0
2022-06-25 23:18:59,0,0,0.25,0,0,98.25,1.25,0.25,0
2022-06-25 23:18:58,0,0,1,0,0,96.5,2.5,0,0
2022-06-25 23:18:57,0,0,1.5,0,0,94.25,4,0.25,0
2022-06-25 23:18:56,0,0,1.2468828,0.2493766,0,91.02244,7.23192,0.2493766,0
2022-06-25 23:18:55,0,0,1.2468828,0,0,90.52369,7.730673,0.4987531,0
2022-06-25 23:18:54,0,0,0.7481297,0.2493766,0,92.26933,6.733167,0,0
2022-06-25 23:18:53,0,0,0.7518797,0,0,92.98246,6.265664,0,0
2022-06-25 23:18:52,0,0,0.5025126,0.2512563,0,92.71357,6.281407,0.2512563,0
2022-06-25 23:18:51,0,0,0.4962779,0,0,92.80397,6.451613,0.248139,0
2022-06-25 23:18:50,0,0,0.2506266,0,0,92.73183,6.766917,0.2506266,0
2022-06-25 23:18:49,0,0,0,0,0,89.94975,9.547739,0.2512563,0
2022-06-25 23:18:48,0,0,0.248139,0.4962779,0,90.57072,7.940447,0.4962779,0
2022-06-25 23:18:47,0,0,0,0,0,93.46734,6.281407,0.2512563,0
2022-06-25 23:18:46,0,0,0,0,0,94.25,5.25,0.25,0
2022-06-25 23:18:45,0,0,0.25,0,0,96.75,3,0,0
2022-06-25 23:18:44,0,0,0,0,0,97.99499,1.754386,0.2506266,0
2022-06-25 23:18:43,0,0,0.2493766,0,0,98.50374,0.9975062,0.2493766,0
2022-06-25 23:18:42,0,0,0,0,0,99.24812,0.7518797,0,0
2022-06-25 23:18:41,0,0,0,0,0,98,2,0,0
2022-06-25 23:18:40,0,0,0.4975124,0,0,98.25871,0.9950249,0.2487562,0
2022-06-25 23:18:39,0,0,0.5012531,0.2506266,0,97.49373,1.5037594,0.2506266,0
2022-06-25 23:18:38,0,0,0.5,0,0,97.5,1.75,0.25,0
2022-06-25 23:18:37,0,0,0.2506266,0,0,98.49624,1.2531328,0,0
2022-06-25 23:18:36,0,0,0.9950249,0.2487562,0,96.0199,2.487562,0.2487562,0
2022-06-25 23:18:35,0,0,0.2506266,0,0,98.49624,1.0025063,0.2506266,0
2022-06-25 23:18:34,0,0,0.25,0,0,99.25,0.5,0,0
2022-06-25 23:18:33,0,0,0.75,0,0,96.5,2.25,0.5,0
2022-06-25 23:18:32,0,0,0.75,0.25,0,95.75,3,0.25,0
2022-06-25 23:18:31,0,0,0.2506266,0,0,98.74687,1.0025063,0,0
2022-06-25 23:18:30,0,0,0.5,0.25,0,97.25,2,0,0
2022-06-25 23:18:29,0,0,1.2468828,0.2493766,0,96.00998,2.244389,0.2493766,0
2022-06-25 23:18:28,0,0,0.25,0.25,0,99,0.25,0.25,0
2022-06-25 23:18:27,0,0,0.2493766,0,0,98.50374,1.2468828,0,0
2022-06-25 23:18:26,0,0,0.7537688,0.2512563,0,94.72362,4.271357,0,0
2022-06-25 23:18:25,0,0,0.9975062,0,0,96.00998,2.743142,0.2493766,0
2022-06-25 23:18:24,0,0,0.75,0,0,98.25,0.75,0.25,0
2022-06-25 23:18:23,0,0,0.5012531,0.2506266,0,97.99499,1.0025063,0.2506266,0
2022-06-25 23:18:22,0,0,1.25,0.25,0,95,3.25,0.25,0
2022-06-25 23:18:21,0,0,0.25,0.25,0,98.25,1.25,0,0
2022-06-25 23:18:20,0,0,0.2493766,0,0,99.25187,0.2493766,0.2493766,0
2022-06-25 23:18:19,0,0,0.75,0,0,95.5,3.25,0.5,0
2022-06-25 23:18:18,0,0,1.0025063,0,0,96.49123,2.506266,0,0
2022-06-25 23:18:17,0,0,0.4987531,0.2493766,0,97.25686,1.745636,0.2493766,0
2022-06-25 23:18:16,0,0,0.5012531,0,0,96.99248,2.255639,0.2506266,0
2022-06-25 23:18:15,0,0,1.25,0,0,96,2.75,0,0
2022-06-25 23:18:14,0,0,0,0,0,99,0.75,0.25,0
2022-06-25 23:18:13,0,0,0.4987531,0.2493766,0,97.50623,1.745636,0,0
2022-06-25 23:18:12,0,0,0.7518797,0.2506266,0,97.24311,1.5037594,0.2506266,0
2022-06-25 23:18:11,0,0,0.9975062,0.2493766,0,96.00998,2.244389,0.4987531,0
2022-06-25 23:18:10,0,0,0.5012531,0,0,94.23559,5.263158,0,0
2022-06-25 23:18:09,0,0,0.4962779,0.248139,0,97.02233,1.985112,0.248139,0
2022-06-25 23:18:08,0,0,1.5037594,0.2506266,0,96.2406,2.005013,0,0
2022-06-25 23:18:07,0,0,0.2506266,0.2506266,0,96.99248,2.005013,0.5012531,0
2022-06-25 23:18:06,0,0,0.25,0,0,98.25,1,0.5,0
2022-06-25 23:18:05,0,0,0.5,0.25,0,96.75,1.5,1,0
2022-06-25 23:18:04,0,0,1.0025063,0.2506266,0,92.98246,5.513784,0.2506266,0
2022-06-25 23:18:03,0,0,0.75,0.25,0,96,3,0,0
2022-06-25 23:18:02,0,0,0.7481297,0.2493766,0,96.50873,2.493766,0,0
2022-06-25 23:18:01,0,0,0.5,0.25,0,96.5,2.5,0.25,0
2022-06-25 23:18:00,0,0,0.9950249,0.2487562,0,96.26866,2.238806,0.2487562,0
2022-06-25 23:17:59,0,0,0.2506266,0,0,98.49624,1.2531328,0,0
2022-06-25 23:17:58,0,0,0,0,0,99.49622,0.5037783,0,0
2022-06-25 23:17:57,0,0,0.2475248,0.2475248,0,96.0396,3.217822,0.2475248,0
2022-06-25 23:17:56,0,0,0.7537688,0.2512563,0,95.72864,3.015075,0.2512563,0
2022-06-25 23:17:55,0,0,0.7481297,0.2493766,0,96.25935,2.743142,0,0
2022-06-25 23:17:54,0,0,1.2468828,0.2493766,0,92.01995,6.234414,0.2493766,0
2022-06-25 23:17:53,0,0,1.2594458,0.2518892,0,92.9471,5.541562,0,0
2022-06-25 23:17:52,0,0,0.7444169,0.248139,0,91.81141,6.947891,0.248139,0
2022-06-25 23:17:51,0,0,1.0025063,0,0,91.72932,6.516291,0.7518797,0
2022-06-25 23:17:50,0,0,0.75,0,0,94,5.25,0,0
2022-06-25 23:17:49,0,0,0.5,0,0,91.25,7.75,0.5,0
2022-06-25 23:17:48,0,0,0,0,0,92.23058,7.518797,0.2506266,0
2022-06-25 23:17:47,0,0,0,0,0,92.4812,7.26817,0.2506266,0
2022-06-25 23:17:46,0,0,0.2493766,0.2493766,0,91.5212,7.730673,0,0
2022-06-25 23:17:45,0,0,0,0,0,93.01746,6.733167,0.2493766,0
2022-06-25 23:17:44,0,0,0.2512563,0,0,93.71859,5.276382,0.5025126,0
2022-06-25 23:17:43,0,0,0,0.5025126,0,89.94975,4.773869,0.2512563,0
2022-06-25 23:17:42,0,0,0.2493766,0,0,98.00499,1.745636,0,0
2022-06-25 23:17:41,0,0,0,0,0,98.99749,1.0025063,0,0
2022-06-25 23:17:40,0,0,0,0.248139,0,98.51117,0.7444169,0.4962779,0
2022-06-25 23:17:39,0,0,0.2506266,0,0,98.74687,1.0025063,0,0
2022-06-25 23:17:38,0,0,0.2493766,0,0,98.25436,0.9975062,0.4987531,0
2022-06-25 23:17:37,0,0,0.5025126,0,0,96.23116,3.015075,0.2512563,0
2022-06-25 23:17:36,0,0,0.75,0,0,97.25,1.75,0.25,0
2022-06-25 23:17:35,0,0,0.2487562,0,0,99.00498,0.7462687,0,0
2022-06-25 23:17:34,0,0,0.75,0.25,0,97,2,0,0
2022-06-25 23:17:33,0,0,0.5025126,0.2512563,0,96.73367,1.758794,0.7537688,0
2022-06-25 23:17:32,0,0,0.2493766,0.2493766,0,98.25436,1.2468828,0,0
2022-06-25 23:17:31,0,0,0.5012531,0,0,97.74436,1.5037594,0.2506266,0
2022-06-25 23:17:30,0,0,1.2437811,0.4975124,0,96.0199,2.238806,0,0
2022-06-25 23:17:29,0,0,0.2512563,0,0,98.49246,1.2562814,0,0
2022-06-25 23:17:28,0,0,0.7462687,0,0,97.26368,1.741294,0.2487562,0
2022-06-25 23:17:27,0,0,0.7518797,0.2506266,0,97.24311,1.5037594,0.2506266,0
2022-06-25 23:17:26,0,0,0.5012531,0.2506266,0,95.48872,3.759398,0,0
2022-06-25 23:17:25,0,0,0.2493766,0.2493766,0,98.50374,0.7481297,0.2493766,0
2022-06-25 23:17:24,0,0,0.7518797,0,0,97.99499,1.2531328,0,0
2022-06-25 23:17:23,0,0,1.2468828,0,0,94.76309,3.491272,0.4987531,0
2022-06-25 23:17:22,0,0,0.75,0,0,97.25,2,0,0
2022-06-25 23:17:21,0,0,0.7518797,0,0,97.74436,1.2531328,0.2506266,0
2022-06-25 23:17:20,0,0,0.9975062,0,0,95.26185,3.241895,0.4987531,0
2022-06-25 23:17:19,0,0,0.25,0,0,98,1.25,0.25,0
2022-06-25 23:17:18,0,0,0.2493766,0,0,99.00249,0.4987531,0.2493766,0
2022-06-25 23:17:17,0,0,0.5025126,0,0,97.23618,2.01005,0.2512563,0
2022-06-25 23:17:16,0,0,0.9975062,0.2493766,0,95.51122,2.992519,0.2493766,0
2022-06-25 23:17:15,0,0,0.5012531,0,0,98.49624,1.0025063,0,0
2022-06-25 23:17:14,0,0,0.7481297,0,0,97.25686,1.745636,0.2493766,0
2022-06-25 23:17:13,0,0,1,0.25,0,96,2.5,0.25,0
2022-06-25 23:17:12,0,0,0,0,0,98.99749,0.7518797,0.2506266,0
2022-06-25 23:17:11,0,0,0.2493766,0.2493766,0,99.00249,0.2493766,0.2493766,0
2022-06-25 23:17:10,0,0,0.7481297,0.2493766,0,96.7581,2.244389,0,0
2022-06-25 23:17:09,0,0,1,0,0,97.25,1.5,0.25,0
2022-06-25 23:17:08,0,0,0.75,0.25,0,96,2.75,0.25,0
2022-06-25 23:17:07,0,0,0.7537688,0,0,96.48241,2.261307,0.5025126,0
2022-06-25 23:17:06,0,0,0.75,0.25,0,96.5,2.25,0.25,0
2022-06-25 23:17:05,0,0,0.25,0,0,98.25,1.25,0.25,0
2022-06-25 23:17:04,0,0,0.25,0,0,98.25,1.5,0,0
2022-06-25 23:17:03,0,0,0.2512563,0,0,98.49246,1.2562814,0,0
2022-06-25 23:17:02,0,0,0.7481297,0.4987531,0,96.25935,1.995012,0.4987531,0
2022-06-25 23:17:01,0,0,1.2468828,0.2493766,0,94.76309,3.740648,0,0
2022-06-25 23:17:00,0,0,1.2468828,0.2493766,0,96.00998,2.244389,0.2493766,0
2022-06-25 23:16:59,0,0,0.5025126,0,0,96.98492,2.512563,0,0
2022-06-25 23:16:58,0,0,0.75,0,0,96,2.75,0.5,0
2022-06-25 23:16:57,0,0,0.5012531,0,0,97.74436,1.5037594,0.2506266,0
2022-06-25 23:16:56,0,0,0.2487562,0,0,98.50746,0.9950249,0.2487562,0
2022-06-25 23:16:55,0,0,0.25,0.5,0,97.25,2,0,0
2022-06-25 23:16:54,0,0,0.5012531,0,0,96.99248,2.255639,0.2506266,0
2022-06-25 23:16:53,0,0,0.9950249,0.4975124,0,94.77612,3.482587,0.2487562,0
2022-06-25 23:16:52,0,0,1.2531328,0.2506266,0,90.72682,7.769424,0,0
2022-06-25 23:16:51,0,0,1.0025063,0.2506266,0,92.4812,5.764411,0.5012531,0
2022-06-25 23:16:50,0,0,1,0.25,0,93.75,5,0,0
2022-06-25 23:16:49,0,0,1.4962594,0.2493766,0,89.52618,8.478803,0.2493766,0
2022-06-25 23:16:48,0,0,0.7481297,0.2493766,0,92.01995,6.733167,0.2493766,0
2022-06-25 23:16:47,0,0,0.5012531,0,0,92.4812,7.017544,0,0
2022-06-25 23:16:46,0,0,0,0,0,91.27182,8.229426,0.2493766,0
2022-06-25 23:16:45,0,0,0.2493766,0,0,93.26683,5.985037,0.4987531,0
2022-06-25 23:16:44,0,0,0,0.2512563,0,90.45226,8.291457,0.2512563,0
2022-06-25 23:16:43,0,0,0.2487562,0.2487562,0,89.801,9.20398,0.2487562,0
2022-06-25 23:16:42,0,0,0,0,0,93.96985,5.527638,0.5025126,0
2022-06-25 23:16:41,0,0,0,0.25,0,96.25,2.75,0.25,0
2022-06-25 23:16:40,0,0,0.25,0,0,97,2.5,0,0
2022-06-25 23:16:39,0,0,0.25,0,0,99,0.5,0.25,0
2022-06-25 23:16:38,0,0,0,0,0,98.50374,1.2468828,0.2493766,0
2022-06-25 23:16:37,0,0,0,0.2506266,0,99.49875,0.2506266,0,0
2022-06-25 23:16:36,0,0,0,0,0,98.75,1,0.25,0
2022-06-25 23:16:35,0,0,0.75,0,0,97.25,1.75,0.25,0
2022-06-25 23:16:34,0,0,0.7481297,0.4987531,0,96.25935,1.995012,0.4987531,0
2022-06-25 23:16:33,0,0,0.5012531,0.2506266,0,98.24561,0.7518797,0.2506266,0
2022-06-25 23:16:32,0,0,0.2493766,0,0,98.00499,1.4962594,0.2493766,0
2022-06-25 23:16:31,0,0,0.25,0.25,0,98.5,0.75,0.25,0
2022-06-25 23:16:30,0,0,0.4975124,0,0,98.25871,0.9950249,0.2487562,0
2022-06-25 23:16:29,0,0,0.2512563,0,0,97.73869,2.01005,0,0
2022-06-25 23:16:28,0,0,1.25,0.25,0,96.75,1.5,0.25,0
2022-06-25 23:16:27,0,0,0.75,0.25,0,96.5,2.5,0,0
2022-06-25 23:16:26,0,0,0.5,0,0,98.25,1.25,0,0
2022-06-25 23:16:25,0,0,0.5,0,0,97.5,1.75,0.25,0
2022-06-25 23:16:24,0,0,0.7518797,0.2506266,0,97.74436,1.0025063,0.2506266,0
2022-06-25 23:16:23,0,0,0.4987531,0,0,97.75561,1.2468828,0.4987531,0
2022-06-25 23:16:22,0,0,0.5,0.25,0,97.75,1.25,0.25,0
2022-06-25 23:16:21,0,0,1.25,0.25,0,96.25,2,0.25,0
2022-06-25 23:16:20,0,0,0.75,0,0,96.25,2.75,0.25,0
2022-06-25 23:16:19,0,0,0.7537688,0,0,97.98995,1.2562814,0,0
2022-06-25 23:16:18,0,0,0.2493766,0,0,98.25436,0.9975062,0.4987531,0
2022-06-25 23:16:17,0,0,0.2506266,0,0,98.49624,1.2531328,0,0
2022-06-25 23:16:16,0,0,0.7462687,0.2487562,0,97.26368,1.4925373,0.2487562,0
2022-06-25 23:16:15,0,0,1.25,0.25,0,96.25,2,0.25,0
2022-06-25 23:16:14,0,0,0.75,0.25,0,96.25,2.5,0.25,0
2022-06-25 23:16:13,0,0,0.5012531,0,0,98.24561,1.0025063,0.2506266,0
2022-06-25 23:16:12,0,0,1,0,0,97,2,0,0
2022-06-25 23:16:11,0,0,0,0.2493766,0,98.50374,0.9975062,0.2493766,0
2022-06-25 23:16:10,0,0,0.5,0,0,97.5,1.75,0.25,0
2022-06-25 23:16:09,0,0,0.5,0,0,97.75,1.25,0.5,0
2022-06-25 23:16:08,0,0,1,0,0,97,2,0,0
2022-06-25 23:16:07,0,0,0.5,0.25,0,97.5,1.75,0,0
2022-06-25 23:16:06,0,0,0.7518797,0,0,96.99248,2.005013,0.2506266,0
2022-06-25 23:16:05,0,0,0.9975062,0,0,96.50873,2.493766,0,0
2022-06-25 23:16:04,0,0,0.25,0.25,0,97.25,2,0.25,0
2022-06-25 23:16:03,0,0,0.5012531,0,0,98.24561,1.2531328,0,0
2022-06-25 23:16:02,0,0,0.2493766,0,0,98.50374,0.9975062,0.2493766,0
2022-06-25 23:16:01,0,0,0.2506266,0,0,97.49373,2.255639,0,0
2022-06-25 23:16:00,0,0,0.9950249,0,0,96.26866,2.238806,0.4975124,0
2022-06-25 23:15:59,0,0,1.0025063,0.2506266,0,94.98747,3.759398,0,0
2022-06-25 23:15:58,0,0,0.5012531,0,0,96.49123,2.756892,0.2506266,0
2022-06-25 23:15:57,0,0,0.75,0.25,0,97,2,0,0
2022-06-25 23:15:56,0,0,0.4987531,0,0,97.75561,1.4962594,0.2493766,0
2022-06-25 23:15:55,0,0,0.2506266,0,0,97.49373,2.005013,0.2506266,0
2022-06-25 23:15:54,0,0,0.2493766,0.2493766,0,98.25436,1.2468828,0,0
2022-06-25 23:15:53,0,0,0,0,0,98.75,0.75,0.5,0
2022-06-25 23:15:52,0,0,0.4975124,0.2487562,0,96.0199,3.233831,0,0
2022-06-25 23:15:51,0,0,1.2562814,0,0,95.72864,2.763819,0.2512563,0
2022-06-25 23:15:50,0,0,1.4925373,0.2487562,0,92.78607,5.223881,0.2487562,0
2022-06-25 23:15:49,0,0,2.005013,0.5012531,0,88.7218,8.77193,0,0
2022-06-25 23:15:48,0,0,0.75,0.25,0,93.75,4.75,0.5,0
2022-06-25 23:15:47,0,0,0.7556675,0.5037783,0,89.67254,8.816121,0.2518892,0
2022-06-25 23:15:46,0,0,0.4962779,0.248139,0,93.30025,5.707196,0.248139,0
2022-06-25 23:15:45,0,0,0.5,0.25,0,93.75,5.5,0,0
2022-06-25 23:15:44,0,0,0,0,0,92.76808,6.733167,0.4987531,0
2022-06-25 23:15:43,0,0,0.2506266,0.2506266,0,92.98246,6.265664,0.2506266,0
2022-06-25 23:15:42,0,0,0,0,0,90.93199,8.312343,0.5037783,0
2022-06-25 23:15:41,0,0,0.2493766,0,0,89.27681,8.478803,0.2493766,0
2022-06-25 23:15:40,0,0,0,0,0,94.26434,5.486284,0.2493766,0
2022-06-25 23:15:39,0,0,0.25,0,0,97,2.25,0.5,0
2022-06-25 23:15:38,0,0,0.2512563,0,0,98.24121,1.2562814,0.2512563,0
2022-06-25 23:15:37,0,0,0,0.2493766,0,98.50374,0.9975062,0.2493766,0
2022-06-25 23:15:36,0,0,0,0,0,98.50374,1.4962594,0,0
2022-06-25 23:15:35,0,0,0,0,0,99.24812,0.5012531,0.2506266,0
2022-06-25 23:15:34,0,0,0.2506266,0,0,98.99749,0.7518797,0,0
2022-06-25 23:15:33,0,0,0.2493766,0.2493766,0,98.25436,0.9975062,0.2493766,0
2022-06-25 23:15:32,0,0,0.5012531,0,0,96.99248,2.255639,0.2506266,0
2022-06-25 23:15:31,0,0,1.2468828,0.2493766,0,95.7606,2.743142,0,0
2022-06-25 23:15:30,0,0,0.2506266,0,0,98.24561,1.2531328,0.2506266,0
2022-06-25 23:15:29,0,0,0.25,0,0,98.5,1,0.25,0
2022-06-25 23:15:28,0,0,0.2493766,0.2493766,0,98.25436,0.9975062,0.2493766,0
2022-06-25 23:15:27,0,0,0.2512563,0,0,98.49246,1.0050251,0.2512563,0
2022-06-25 23:15:26,0,0,0.7462687,0.2487562,0,97.01493,1.4925373,0.4975124,0
2022-06-25 23:15:25,0,0,1.2531328,0,0,95.73935,2.756892,0.2506266,0
2022-06-25 23:15:24,0,0,1.4962594,0.2493766,0,95.01247,2.992519,0.2493766,0
2022-06-25 23:15:23,0,0,0.4987531,0,0,98.00499,1.4962594,0,0
2022-06-25 23:15:22,0,0,0.5025126,0,0,98.49246,1.0050251,0,0
2022-06-25 23:15:21,0,0,0,0,0,98.75622,0.9950249,0.2487562,0
2022-06-25 23:15:20,0,0,0.2506266,0,0,98.74687,1.0025063,0,0
2022-06-25 23:15:19,0,0,1.25,0.25,0,96,2,0.5,0
2022-06-25 23:15:18,0,0,0.5,0,0,98.25,1.25,0,0
2022-06-25 23:15:17,0,0,1.2468828,0,0,94.76309,3.491272,0.4987531,0
2022-06-25 23:15:16,0,0,1.0025063,0,0,97.49373,1.5037594,0,0
2022-06-25 23:15:15,0,0,0,0,0,98.99749,0.7518797,0.2506266,0
2022-06-25 23:15:14,0,0,0.2493766,0,0,99.00249,0.7481297,0,0
2022-06-25 23:15:13,0,0,0.25,0.25,0,98.25,1,0.25,0
2022-06-25 23:15:12,0,0,1.0025063,0.2506266,0,95.98997,2.255639,0.5012531,0
2022-06-25 23:15:11,0,0,1,0,0,96,3,0,0
2022-06-25 23:15:10,0,0,1,0.5,0,97.5,1,0,0
2022-06-25 23:15:09,0,0,0.4987531,0.2493766,0,96.7581,1.995012,0.4987531,0
2022-06-25 23:15:08,0,0,0.2506266,0,0,98.74687,1.0025063,0,0
2022-06-25 23:15:07,0,0,0,0,0,99.25,0.5,0.25,0
2022-06-25 23:15:06,0,0,0.248139,0.248139,0,98.51117,0.7444169,0.248139,0
2022-06-25 23:15:05,0,0,0.7537688,0,0,96.98492,2.261307,0,0
2022-06-25 23:15:04,0,0,1.2531328,0.2506266,0,95.98997,2.005013,0.5012531,0
2022-06-25 23:15:03,0,0,1.5,0.25,0,95,2.75,0.5,0
2022-06-25 23:15:02,0,0,0.4987531,0,0,97.25686,1.995012,0.2493766,0
2022-06-25 23:15:01,0,0,0,0,0,98.75,1,0.25,0
2022-06-25 23:15:00,0,0,0,0,0,99.5,0.5,0,0
2022-06-25 23:14:59,0,0,0,0.2506266,0,98.24561,1.5037594,0,0
2022-06-25 23:14:58,0,0,0.7518797,0,0,96.99248,2.255639,0,0
2022-06-25 23:14:57,0,0,1.2468828,0.2493766,0,95.7606,2.493766,0.2493766,0
2022-06-25 23:14:56,0,0,0.7481297,0,0,95.7606,3.241895,0.2493766,0
2022-06-25 23:14:55,0,0,0.7481297,0.4987531,0,95.51122,3.241895,0,0
2022-06-25 23:14:54,0,0,0.7537688,0,0,95.47739,3.517588,0.2512563,0
2022-06-25 23:14:53,0,0,0.2506266,0.2506266,0,97.99499,1.5037594,0,0
2022-06-25 23:14:52,0,0,0.2493766,0,0,97.75561,1.745636,0.2493766,0
2022-06-25 23:14:51,0,0,0,0,0,98.75,1.25,0,0
2022-06-25 23:14:50,0,0,0.5012531,0,0,97.49373,1.754386,0.2506266,0
2022-06-25 23:14:49,0,0,0.7481297,0,0,94.51372,4.738155,0,0
2022-06-25 23:14:48,0,0,1.5,0.5,0,92.75,4.75,0.5,0
2022-06-25 23:14:47,0,0,1.4962594,0.2493766,0,91.5212,6.234414,0.4987531,0
2022-06-25 23:14:46,0,0,1.2531328,0.5012531,0,90.97744,6.766917,0.5012531,0
2022-06-25 23:14:45,0,0,0.7481297,0.2493766,0,92.5187,6.483791,0,0
2022-06-25 23:14:44,0,0,1,0,0,91.25,7.5,0.25,0
2022-06-25 23:14:43,0,0,0,0.4987531,0,93.51621,5.735661,0.2493766,0
2022-06-25 23:14:42,0,0,0.2518892,0,0,94.20655,5.541562,0,0
2022-06-25 23:14:41,0,0,0,0,0,93.53234,5.970149,0.4975124,0
2022-06-25 23:14:40,0,0,0,0.2518892,0,90.17632,8.816121,0.2518892,0
2022-06-25 23:14:39,0,0,0,0.2506266,0,89.97494,9.273183,0.2506266,0
2022-06-25 23:14:38,0,0,0.25,0,0,90.75,7.25,0.5,0
2022-06-25 23:14:37,0,0,0,0,0,96.99248,3.007519,0,0
2022-06-25 23:14:36,0,0,0.2493766,0,0,98.25436,1.2468828,0.2493766,0
2022-06-25 23:14:35,0,0,0,0,0,99,0.5,0.5,0
2022-06-25 23:14:34,0,0,0,0,0,99.25,0.75,0,0
2022-06-25 23:14:33,0,0,0,0,0,99.25,0.5,0.25,0
2022-06-25 23:14:32,0,0,0.25,0,0,98.75,1,0,0
2022-06-25 23:14:31,0,0,0.25,0,0,97.5,1.75,0.5,0
2022-06-25 23:14:30,0,0,0.7462687,0.4975124,0,95.77114,2.736318,0.2487562,0
2022-06-25 23:14:29,0,0,1.0025063,0,0,97.24311,1.5037594,0.2506266,0
2022-06-25 23:14:28,0,0,0.5012531,0,0,97.24311,2.005013,0.2506266,0
2022-06-25 23:14:27,0,0,0.5012531,0.2506266,0,97.24311,2.005013,0,0
2022-06-25 23:14:26,0,0,0,0.2493766,0,99.00249,0.4987531,0.2493766,0
2022-06-25 23:14:25,0,0,0.4975124,0,0,97.76119,1.4925373,0.2487562,0
2022-06-25 23:14:24,0,0,0.7556675,0.2518892,0,96.72544,2.015113,0.2518892,0
2022-06-25 23:14:23,0,0,0.9950249,0.2487562,0,96.0199,2.487562,0.2487562,0
2022-06-25 23:14:22,0,0,1.25,0,0,95.75,2.75,0.25,0
2022-06-25 23:14:21,0,0,1.0025063,0.5012531,0,96.74185,1.754386,0,0
2022-06-25 23:14:20,0,0,0,0,0,99,0.75,0.25,0
2022-06-25 23:14:19,0,0,0,0.25,0,98.75,0.75,0.25,0
2022-06-25 23:14:18,0,0,0.25,0,0,98.75,0.5,0.5,0
2022-06-25 23:14:17,0,0,0.25,0,0,98.75,1,0,0
2022-06-25 23:14:16,0,0,1.5,0,0,96,2.25,0.25,0
2022-06-25 23:14:15,0,0,1.5037594,0.2506266,0,94.48622,3.759398,0,0
2022-06-25 23:14:14,0,0,0.5,0,0,97.25,2,0.25,0
2022-06-25 23:14:13,0,0,0.25,0,0,98.75,1,0,0
2022-06-25 23:14:12,0,0,0,0,0,99.25,0.75,0,0
2022-06-25 23:14:11,0,0,0.2506266,0,0,98.74687,1.0025063,0,0
2022-06-25 23:14:10,0,0,0.4987531,0.2493766,0,96.7581,2.244389,0.2493766,0
2022-06-25 23:14:09,0,0,1.5,0.5,0,94,3.75,0.25,0
2022-06-25 23:14:08,0,0,0.7481297,0,0,96.25935,2.743142,0,0
2022-06-25 23:14:07,0,0,0.7481297,0,0,97.50623,1.4962594,0.2493766,0
2022-06-25 23:14:06,0,0,0.2506266,0.2506266,0,98.24561,1.0025063,0.2506266,0
2022-06-25 23:14:05,0,0,0,0,0,98.25,1.5,0.25,0
2022-06-25 23:14:04,0,0,0.2493766,0,0,98.75312,0.7481297,0.2493766,0
2022-06-25 23:14:03,0,0,0.7518797,0.2506266,0,96.74185,2.005013,0.2506266,0
2022-06-25 23:14:02,0,0,1,0.5,0,95.5,2.75,0.25,0
2022-06-25 23:14:01,0,0,1.0025063,0.2506266,0,95.48872,3.007519,0.2506266,0
2022-06-25 23:14:00,0,0,0.5012531,0,0,97.99499,1.5037594,0,0
2022-06-25 23:13:59,0,0,0.4987531,0.2493766,0,97.25686,1.745636,0.2493766,0
2022-06-25 23:13:58,0,0,0,0,0,99,0.75,0.25,0
2022-06-25 23:13:57,0,0,0,0,0,99.24812,0.7518797,0,0
2022-06-25 23:13:56,0,0,0.4987531,0,0,96.7581,2.244389,0.4987531,0
2022-06-25 23:13:55,0,0,0.7481297,0.2493766,0,94.76309,3.740648,0.4987531,0
2022-06-25 23:13:54,0,0,1.2468828,0,0,95.01247,3.491272,0.2493766,0
2022-06-25 23:13:53,0,0,0.75,0,0,96.25,2.75,0.25,0
2022-06-25 23:13:52,0,0,1.0050251,0.2512563,0,96.98492,1.758794,0,0
2022-06-25 23:13:51,0,0,0,0,0,98.75,0.75,0.5,0
2022-06-25 23:13:50,0,0,0.25,0,0,98.75,1,0,0
2022-06-25 23:13:49,0,0,0,0,0,99.25,0.5,0.25,0
2022-06-25 23:13:48,0,0,0.2493766,0.2493766,0,96.7581,2.493766,0.2493766,0
2022-06-25 23:13:47,0,0,1.0025063,0,0,93.73434,5.263158,0,0
2022-06-25 23:13:46,0,0,1.5037594,0.5012531,0,92.23058,5.764411,0,0
2022-06-25 23:13:45,0,0,0.9975062,0.2493766,0,95.26185,3.241895,0.2493766,0
2022-06-25 23:13:44,0,0,1.2437811,0,0,89.801,8.706468,0,0
2022-06-25 23:13:43,0,0,0.7481297,0,0,91.27182,7.481297,0.4987531,0
2022-06-25 23:13:42,0,0,0.75,0.5,0,93.5,5.25,0,0
2022-06-25 23:13:41,0,0,0.5025126,0,0,90.95477,8.040201,0.5025126,0
2022-06-25 23:13:40,0,0,0.2493766,0,0,92.5187,7.23192,0,0
2022-06-25 23:13:39,0,0,0,0,0,95.5,4.25,0.25,0
2022-06-25 23:13:38,0,0,0,0,0,91,7.75,0.5,0
2022-06-25 23:13:37,0,0,0,0.2525253,0,88.13131,8.080808,0,0
2022-06-25 23:13:36,0,0,0.2512563,0.2512563,0,85.17588,9.045226,0.2512563,0
2022-06-25 23:13:35,0,0,0,0.2512563,0,96.98492,2.512563,0.2512563,0
2022-06-25 23:13:34,0,0,0.2487562,0,0,98.00995,1.741294,0,0
2022-06-25 23:13:33,0,0,0,0.2506266,0,98.74687,0.7518797,0.2506266,0
2022-06-25 23:13:32,0,0,0,0,0,98.5,1.25,0,0
2022-06-25 23:13:31,0,0,0.25,0,0,98.75,1,0,0
2022-06-25 23:13:30,0,0,0.25,0,0,98.75,1,0,0
2022-06-25 23:13:29,0,0,0,0,0,99.00249,0.4987531,0.4987531,0
2022-06-25 23:13:28,0,0,0.5012531,0,0,98.74687,0.5012531,0.2506266,0
2022-06-25 23:13:27,0,0,1.2437811,0.2487562,0,95.27363,2.985075,0.2487562,0
2022-06-25 23:13:26,0,0,1.2562814,0.2512563,0,95.9799,2.512563,0,0
2022-06-25 23:13:25,0,0,0.5,0,0,98,1.25,0.25,0
2022-06-25 23:13:24,0,0,0,0,0,99.00249,0.7481297,0.2493766,0
2022-06-25 23:13:23,0,0,0.2493766,0.2493766,0,99.00249,0.4987531,0,0
2022-06-25 23:13:22,0,0,0.5025126,0,0,97.98995,1.2562814,0.2512563,0
2022-06-25 23:13:21,0,0,0.7462687,0,0,96.51741,2.487562,0.2487562,0
2022-06-25 23:13:20,0,0,1.2531328,0.2506266,0,95.73935,2.756892,0,0
2022-06-25 23:13:19,0,0,1.2468828,0.2493766,0,96.00998,2.244389,0.2493766,0
2022-06-25 23:13:18,0,0,0,0,0,98.99497,0.7537688,0.2512563,0
2022-06-25 23:13:17,0,0,0.2493766,0,0,99.00249,0.7481297,0,0
2022-06-25 23:13:16,0,0,0.5025126,0,0,98.99497,0.5025126,0,0
2022-06-25 23:13:15,0,0,0.4975124,0.2487562,0,97.26368,1.741294,0.2487562,0
2022-06-25 23:13:14,0,0,0.5012531,0.2506266,0,96.74185,2.255639,0.2506266,0
2022-06-25 23:13:13,0,0,1.2437811,0.2487562,0,95.27363,3.233831,0,0
2022-06-25 23:13:12,0,0,1,0,0,96,3,0,0
2022-06-25 23:13:11,0,0,0.2518892,0,0,98.48866,1.0075567,0.2518892,0
2022-06-25 23:13:10,0,0,0.248139,0.248139,0,98.75931,0.4962779,0.248139,0
2022-06-25 23:13:09,0,0,0.5,0,0,97.75,1.5,0.25,0
2022-06-25 23:13:08,0,0,0.5037783,0,0,97.733,1.763224,0,0
2022-06-25 23:13:07,0,0,0.9975062,0.4987531,0,96.00998,2.244389,0.2493766,0
2022-06-25 23:13:06,0,0,1.2468828,0.2493766,0,94.76309,3.740648,0,0
2022-06-25 23:13:05,0,0,0.75,0.25,0,96.75,1.75,0.25,0
2022-06-25 23:13:04,0,0,0,0,0,99.74937,0.2506266,0,0
2022-06-25 23:13:03,0,0,0.2493766,0,0,98.25436,0.9975062,0.4987531,0
2022-06-25 23:13:02,0,0,0.4987531,0,0,98.25436,1.2468828,0,0
2022-06-25 23:13:01,0,0,0.2518892,0,0,98.99244,0.7556675,0,0
2022-06-25 23:13:00,0,0,0.9950249,0.4975124,0,95.02488,2.985075,0.4975124,0
2022-06-25 23:12:59,0,0,1.4962594,0.4987531,0,94.76309,2.992519,0.2493766,0
2022-06-25 23:12:58,0,0,0.7518797,0,0,96.99248,2.255639,0,0
2022-06-25 23:12:57,0,0,0,0,0,98.99749,0.7518797,0.2506266,0
2022-06-25 23:12:56,0,0,0,0,0,98.5,1.5,0,0
2022-06-25 23:12:55,0,0,0.2487562,0.2487562,0,98.25871,1.2437811,0,0
2022-06-25 23:12:54,0,0,0.75,0.25,0,96.75,1.75,0.5,0
2022-06-25 23:12:53,0,0,0.7537688,0.2512563,0,96.23116,2.763819,0,0
2022-06-25 23:12:52,0,0,0.9975062,0.2493766,0,95.26185,3.241895,0.2493766,0
2022-06-25 23:12:51,0,0,0.7518797,0.2506266,0,96.99248,1.754386,0.2506266,0
2022-06-25 23:12:50,0,0,0.75,0,0,96.25,2.75,0.25,0
2022-06-25 23:12:49,0,0,0,0.25,0,98,1.5,0.25,0
2022-06-25 23:12:48,0,0,0,0,0,98.75,1,0.25,0
2022-06-25 23:12:47,0,0,0.2506266,0,0,97.99499,1.5037594,0.2506266,0
2022-06-25 23:12:46,0,0,0.7462687,0,0,95.02488,3.9801,0.2487562,0
2022-06-25 23:12:45,0,0,1.25,0.25,0,93,5.25,0.25,0
2022-06-25 23:12:44,0,0,1.2531328,0,0,92.23058,6.265664,0.2506266,0
2022-06-25 23:12:43,0,0,1.4962594,0,0,92.76808,5.236908,0.4987531,0
2022-06-25 23:12:42,0,0,0.9975062,0.2493766,0,91.27182,7.23192,0.2493766,0
2022-06-25 23:12:41,0,0,0.7537688,0.2512563,0,92.21106,6.532663,0.2512563,0
2022-06-25 23:12:40,0,0,0.9975062,0.2493766,0,92.01995,6.234414,0.4987531,0
2022-06-25 23:12:39,0,0,0.25,0,0,90,9.75,0,0
2022-06-25 23:12:38,0,0,0,0,0,92.5,7.25,0.25,0
2022-06-25 23:12:37,0,0,0,0,0,93.73434,6.265664,0,0
2022-06-25 23:12:36,0,0,0,0,0,91.4787,8.02005,0.2506266,0
2022-06-25 23:12:35,0,0,0.2487562,0,0,91.79104,6.716418,0.4975124,0
2022-06-25 23:12:34,0,0,0.25,0.25,0,91.5,7.75,0,0
2022-06-25 23:12:33,0,0,0,0.2506266,0,94.23559,4.010025,0.2506266,0
2022-06-25 23:12:32,0,0,0,0,0,99,0.75,0.25,0
2022-06-25 23:12:31,0,0,0.2493766,0.2493766,0,98.25436,1.2468828,0,0
2022-06-25 23:12:30,0,0,0,0,0,99.24812,0.7518797,0,0
2022-06-25 23:12:29,0,0,0,0,0,99.25,0.5,0.25,0
2022-06-25 23:12:28,0,0,0,0,0,98.99749,1.0025063,0,0
2022-06-25 23:12:27,0,0,0.2493766,0,0,98.50374,0.9975062,0.2493766,0
2022-06-25 23:12:26,0,0,0.7518797,0,0,96.2406,2.756892,0.2506266,0
2022-06-25 23:12:25,0,0,1.2437811,0.4975124,0,96.26866,1.4925373,0.4975124,0
2022-06-25 23:12:24,0,0,0.75,0,0,96.5,2.25,0.25,0
2022-06-25 23:12:23,0,0,0.2506266,0.2506266,0,98.24561,1.0025063,0.2506266,0
2022-06-25 23:12:22,0,0,0,0,0,99,0.75,0.25,0
2022-06-25 23:12:21,0,0,0.2493766,0,0,99.00249,0.7481297,0,0
2022-06-25 23:12:20,0,0,0.5012531,0.2506266,0,97.74436,1.5037594,0,0
2022-06-25 23:12:19,0,0,1.2468828,0,0,95.51122,2.743142,0.4987531,0
2022-06-25 23:12:18,0,0,0.7537688,0.2512563,0,96.98492,1.758794,0.2512563,0
2022-06-25 23:12:17,0,0,0.9950249,0,0,96.51741,1.99005,0.4975124,0
2022-06-25 23:12:16,0,0,0.2512563,0.2512563,0,98.74372,0.7537688,0,0
2022-06-25 23:12:15,0,0,0,0,0,98.50374,1.2468828,0.2493766,0
2022-06-25 23:12:14,0,0,0.5012531,0,0,98.49624,1.0025063,0,0
2022-06-25 23:12:13,0,0,0.4975124,0,0,97.01493,2.238806,0.2487562,0
2022-06-25 23:12:12,0,0,1.0050251,0,0,96.73367,2.01005,0.2512563,0
2022-06-25 23:12:11,0,0,0.9975062,0.2493766,0,96.50873,1.995012,0.2493766,0
2022-06-25 23:12:10,0,0,1.2531328,0.2506266,0,95.98997,2.506266,0,0
2022-06-25 23:12:09,0,0,0.2493766,0,0,98.50374,0.9975062,0.2493766,0
2022-06-25 23:12:08,0,0,0,0.2493766,0,99.00249,0.4987531,0.2493766,0
2022-06-25 23:12:07,0,0,0.2493766,0,0,98.50374,0.9975062,0.2493766,0
2022-06-25 23:12:06,0,0,0.75,0.25,0,97,2,0,0
2022-06-25 23:12:05,0,0,1.0025063,0.2506266,0,95.48872,2.756892,0.5012531,0
2022-06-25 23:12:04,0,0,1.0025063,0.5012531,0,95.73935,2.255639,0.5012531,0
2022-06-25 23:12:03,0,0,1.0025063,0.2506266,0,95.48872,3.258145,0,0
2022-06-25 23:12:02,0,0,0.2493766,0.2493766,0,98.50374,0.7481297,0.2493766,0
2022-06-25 23:12:01,0,0,0,0,0,98.75,1,0.25,0
2022-06-25 23:12:00,0,0,0.2506266,0,0,98.99749,0.7518797,0,0
2022-06-25 23:11:59,0,0,0.4975124,0,0,97.26368,1.4925373,0.7462687,0
2022-06-25 23:11:58,0,0,1.5075377,0.5025126,0,94.72362,3.266332,0,0
2022-06-25 23:11:57,0,0,1.25,0.25,0,95.25,2.75,0.5,0
2022-06-25 23:11:56,0,0,0.9950249,0.2487562,0,96.26866,2.487562,0,0
2022-06-25 23:11:55,0,0,0.2518892,0,0,99.24433,0.5037783,0,0
2022-06-25 23:11:54,0,0,0,0,0,99,0.75,0.25,0
2022-06-25 23:11:53,0,0,0,0,0,97.5,2.25,0.25,0
2022-06-25 23:11:52,0,0,0.2493766,0.2493766,0,97.50623,1.745636,0.2493766,0
2022-06-25 23:11:51,0,0,0.9950249,0,0,95.27363,3.482587,0.2487562,0
2022-06-25 23:11:50,0,0,1.2594458,0.2518892,0,94.45844,4.030227,0,0
2022-06-25 23:11:49,0,0,0.75,0.25,0,96.75,2.25,0,0
2022-06-25 23:11:48,0,0,0.9975062,0.4987531,0,96.25935,1.995012,0.2493766,0
2022-06-25 23:11:47,0,0,0.2487562,0,0,98.00995,1.2437811,0.4975124,0
2022-06-25 23:11:46,0,0,0,0,0,99.49622,0.5037783,0,0
2022-06-25 23:11:45,0,0,0,0,0,99.00249,0.7481297,0.2493766,0
2022-06-25 23:11:44,0,0,0.25,0,0,97.5,2.25,0,0
2022-06-25 23:11:43,0,0,0.9950249,0.4975124,0,94.77612,3.482587,0.2487562,0
2022-06-25 23:11:42,0,0,1.2562814,0,0,94.47236,4.020101,0.2512563,0
2022-06-25 23:11:41,0,0,1.745636,0.2493766,0,91.02244,6.733167,0.2493766,0
2022-06-25 23:11:40,0,0,1.0050251,0.2512563,0,89.94975,8.542714,0.2512563,0
2022-06-25 23:11:39,0,0,0.9925558,0.248139,0,91.31514,6.947891,0.4962779,0
2022-06-25 23:11:38,0,0,0.7537688,0,0,91.70854,7.286432,0.2512563,0
2022-06-25 23:11:37,0,0,0.4987531,0,0,91.27182,7.730673,0.4987531,0
2022-06-25 23:11:36,0,0,0,0,0,92.53731,7.21393,0,0
2022-06-25 23:11:35,0,0,0,0,0,94.22111,5.527638,0.2512563,0
2022-06-25 23:11:34,0,0,0,0,0,89.94975,9.296482,0.2512563,0
2022-06-25 23:11:33,0,0,0.2506266,0.2506266,0,91.4787,7.769424,0,0
2022-06-25 23:11:32,0,0,0,0,0,93.98496,6.015038,0,0
2022-06-25 23:11:31,0,0,0.2487562,0.2487562,0,92.0398,4.477612,0.2487562,0
2022-06-25 23:11:30,0,0,0,0,0,98.49246,1.2562814,0.2512563,0
2022-06-25 23:11:29,0,0,0,0,0,99.25187,0.7481297,0,0
2022-06-25 23:11:28,0,0,0.2512563,0,0,98.74372,0.7537688,0.2512563,0
2022-06-25 23:11:27,0,0,0,0,0,99.25,0.5,0.25,0
2022-06-25 23:11:26,0,0,0.2487562,0,0,98.75622,0.7462687,0.2487562,0
2022-06-25 23:11:25,0,0,0.5025126,0,0,96.73367,2.512563,0.2512563,0
2022-06-25 23:11:24,0,0,1.4925373,0.2487562,0,96.0199,1.741294,0.4975124,0
2022-06-25 23:11:23,0,0,0.2512563,0,0,98.49246,1.2562814,0,0
2022-06-25 23:11:22,0,0,0.4987531,0.2493766,0,97.25686,1.745636,0.2493766,0
2022-06-25 23:11:21,0,0,1,0.25,0,97.25,1.5,0,0
2022-06-25 23:11:20,0,0,0,0,0,99.5,0.25,0.25,0
2022-06-25 23:11:19,0,0,0,0,0,98.74687,1.2531328,0,0
2022-06-25 23:11:18,0,0,0.4987531,0,0,98.00499,1.2468828,0.2493766,0
2022-06-25 23:11:17,0,0,1.0075567,0,0,96.72544,1.763224,0.5037783,0
2022-06-25 23:11:16,0,0,0.7407407,0.2469136,0,96.54321,2.469136,0,0
2022-06-25 23:11:15,0,0,1.0050251,0.2512563,0,96.98492,1.758794,0,0
2022-06-25 23:11:14,0,0,0.7518797,0,0,97.49373,1.5037594,0.2506266,0
2022-06-25 23:11:13,0,0,0,0,0,98.25436,1.2468828,0.4987531,0
2022-06-25 23:11:12,0,0,0,0,0,99.25,0.5,0.25,0
2022-06-25 23:11:11,0,0,0.25,0,0,98.5,1,0.25,0
2022-06-25 23:11:10,0,0,1.25,0.25,0,96,2.5,0,0
2022-06-25 23:11:09,0,0,0.9975062,0,0,96.50873,2.493766,0,0
2022-06-25 23:11:08,0,0,1.0025063,0.5012531,0,95.98997,2.506266,0,0
2022-06-25 23:11:07,0,0,0.7462687,0,0,97.76119,1.2437811,0.2487562,0
2022-06-25 23:11:06,0,0,0,0,0,98.99749,1.0025063,0,0
2022-06-25 23:11:05,0,0,0,0,0,99.25,0.5,0.25,0
2022-06-25 23:11:04,0,0,0.5,0.25,0,97.25,1.5,0.5,0
2022-06-25 23:11:03,0,0,1.2594458,0,0,95.71788,3.02267,0,0
2022-06-25 23:11:02,0,0,0.9950249,0.2487562,0,96.26866,1.99005,0.4975124,0
2022-06-25 23:11:01,0,0,1,0.25,0,97,1.5,0.25,0
2022-06-25 23:11:00,0,0,0.2487562,0.2487562,0,98.00995,1.2437811,0.2487562,0
2022-06-25 23:10:59,0,0,0,0,0,99.49622,0.5037783,0,0
2022-06-25 23:10:58,0,0,0,0,0,99.00249,0.7481297,0.2493766,0
2022-06-25 23:10:57,0,0,0.5,0,0,97.75,1.5,0.25,0
2022-06-25 23:10:56,0,0,1.4925373,0,0,95.52239,2.736318,0.2487562,0
2022-06-25 23:10:55,0,0,1.2562814,0.2512563,0,95.9799,2.512563,0,0
2022-06-25 23:10:54,0,0,0.7518797,0.2506266,0,95.98997,3.007519,0,0
2022-06-25 23:10:53,0,0,0.25,0.25,0,98,1.25,0.25,0
2022-06-25 23:10:52,0,0,0.2487562,0,0,99.00498,0.4975124,0.2487562,0
2022-06-25 23:10:51,0,0,0,0.25,0,98.25,1.25,0.25,0
2022-06-25 23:10:50,0,0,0,0,0,98.75312,0.9975062,0.2493766,0
2022-06-25 23:10:49,0,0,1.010101,0.2525253,0,95.20202,3.535354,0,0
2022-06-25 23:10:48,0,0,1.2437811,0,0,95.52239,2.985075,0.2487562,0
2022-06-25 23:10:47,0,0,1.5,0.25,0,94.5,3.75,0,0
2022-06-25 23:10:46,0,0,0.7481297,0,0,96.7581,2.244389,0.2493766,0
2022-06-25 23:10:45,0,0,0.2506266,0,0,98.24561,1.0025063,0.5012531,0
2022-06-25 23:10:44,0,0,0.2487562,0.2487562,0,97.51244,1.741294,0.2487562,0
2022-06-25 23:10:43,0,0,0,0,0,98.74372,1.0050251,0.2512563,0
2022-06-25 23:10:42,0,0,0,0.2506266,0,99.24812,0.5012531,0,0
2022-06-25 23:10:41,0,0,0.7481297,0.2493766,0,94.26434,4.488778,0.2493766,0
2022-06-25 23:10:40,0,0,1.25,0.5,0,95,3,0.25,0
2022-06-25 23:10:39,0,0,1.4925373,0.4975124,0,90.29851,7.462687,0.2487562,0
2022-06-25 23:10:38,0,0,2.01005,0.2512563,0,87.43719,10.050251,0.2512563,0
2022-06-25 23:10:37,0,0,0.5,0.25,0,91.75,7.5,0,0
2022-06-25 23:10:36,0,0,0.75,0.5,0,93.25,5.25,0.25,0
2022-06-25 23:10:35,0,0,0.2493766,0,0,93.26683,6.234414,0.2493766,0
2022-06-25 23:10:34,0,0,0.4987531,0.2493766,0,92.76808,6.234414,0.2493766,0
2022-06-25 23:10:33,0,0,0.25,0,0,92.75,6.75,0.25,0
2022-06-25 23:10:32,0,0,0,0,0,93.21608,6.532663,0.2512563,0
2022-06-25 23:10:31,0,0,0,0,0,86.75,9,0.25,0
2022-06-25 23:10:30,0,0,0,0.2538071,0,84.51777,8.629442,0,0
2022-06-25 23:10:29,0,0,0.2487562,0,0,96.0199,3.233831,0.4975124,0
2022-06-25 23:10:28,0,0,0,0,0,97.24311,2.506266,0,0
2022-06-25 23:10:27,0,0,0,0.25,0,98.75,0.75,0.25,0
2022-06-25 23:10:26,0,0,0.2493766,0.2493766,0,99.25187,0.2493766,0,0
2022-06-25 23:10:25,0,0,0.25,0,0,98.5,1,0.25,0
2022-06-25 23:10:24,0,0,0.25,0,0,99.5,0.25,0,0
2022-06-25 23:10:23,0,0,0.2487562,0,0,98.00995,1.4925373,0.2487562,0
2022-06-25 23:10:22,0,0,0.5012531,0.2506266,0,96.99248,2.005013,0.2506266,0
2022-06-25 23:10:21,0,0,1.0025063,0.7518797,0,96.49123,1.754386,0,0
2022-06-25 23:10:20,0,0,0.2493766,0.2493766,0,98.25436,0.9975062,0.2493766,0
2022-06-25 23:10:19,0,0,0.5,0.25,0,97.75,1.25,0.25,0
2022-06-25 23:10:18,0,0,0.2512563,0,0,98.49246,1.0050251,0.2512563,0
2022-06-25 23:10:17,0,0,0,0,0,98.99749,0.5012531,0.5012531,0
2022-06-25 23:10:16,0,0,0.2493766,0,0,97.50623,1.995012,0.2493766,0
2022-06-25 23:10:15,0,0,0.9950249,0.2487562,0,97.26368,1.2437811,0.2487562,0
2022-06-25 23:10:14,0,0,0.9975062,0,0,96.7581,2.244389,0,0
2022-06-25 23:10:13,0,0,1.2562814,0,0,94.97487,3.517588,0.2512563,0
2022-06-25 23:10:12,0,0,0.5,0,0,98,1.5,0,0
2022-06-25 23:10:11,0,0,0,0,0,99.25187,0.4987531,0.2493766,0
2022-06-25 23:10:10,0,0,0.2506266,0,0,97.99499,1.5037594,0.2506266,0
2022-06-25 23:10:09,0,0,0.5025126,0,0,98.49246,1.0050251,0,0
2022-06-25 23:10:08,0,0,0.7481297,0,0,97.50623,1.4962594,0.2493766,0
2022-06-25 23:10:07,0,0,1.2468828,0.2493766,0,94.51372,3.740648,0.2493766,0
2022-06-25 23:10:06,0,0,1.2468828,0.2493766,0,95.7606,2.493766,0.2493766,0
2022-06-25 23:10:05,0,0,0.2506266,0,0,98.99749,0.7518797,0,0
2022-06-25 23:10:04,0,0,0,0.25,0,97.75,1.5,0.5,0
2022-06-25 23:10:03,0,0,0,0,0,99.49875,0.5012531,0,0
2022-06-25 23:10:02,0,0,0.4987531,0,0,97.75561,1.2468828,0.4987531,0
2022-06-25 23:10:01,0,0,0.9975062,0.2493766,0,96.7581,1.745636,0.2493766,0
2022-06-25 23:10:00,0,0,1.25,0,0,95.25,3.25,0.25,0
2022-06-25 23:09:59,0,0,1.0025063,0,0,96.74185,2.255639,0,0
2022-06-25 23:09:58,0,0,0.25,0.25,0,98.25,1.25,0,0
2022-06-25 23:09:57,0,0,0,0,0,98.99749,1.0025063,0,0
2022-06-25 23:09:56,0,0,0,0.2493766,0,99.00249,0.7481297,0,0
2022-06-25 23:09:55,0,0,0.75,0,0,98,1.25,0,0
2022-06-25 23:09:54,0,0,0.9975062,0,0,96.50873,2.493766,0,0
2022-06-25 23:09:53,0,0,1.2531328,0,0,95.48872,3.007519,0.2506266,0
2022-06-25 23:09:52,0,0,1.0025063,0.5012531,0,95.98997,2.506266,0,0
2022-06-25 23:09:51,0,0,0.4975124,0,0,97.26368,1.99005,0.2487562,0
2022-06-25 23:09:50,0,0,0,0,0,99.24812,0.5012531,0.2506266,0
2022-06-25 23:09:49,0,0,0,0,0,99.5,0.25,0.25,0
2022-06-25 23:09:48,0,0,0,0,0,99.49749,0.2512563,0.2512563,0
2022-06-25 23:09:47,0,0,0.7462687,0,0,97.51244,1.2437811,0.4975124,0
2022-06-25 23:09:46,0,0,1.2468828,0.2493766,0,95.7606,2.743142,0,0
2022-06-25 23:09:45,0,0,1.745636,0.4987531,0,92.5187,4.738155,0.4987531,0
2022-06-25 23:09:44,0,0,0.7537688,0,0,96.23116,2.763819,0.2512563,0
2022-06-25 23:09:43,0,0,0,0,0,99.25187,0.7481297,0,0
2022-06-25 23:09:42,0,0,0,0,0,98.24561,1.5037594,0.2506266,0
2022-06-25 23:09:41,0,0,0.25,0.25,0,99,0.5,0,0
2022-06-25 23:09:40,0,0,0,0,0,99,0.75,0.25,0
2022-06-25 23:09:39,0,0,0.2506266,0,0,96.2406,3.258145,0.2506266,0
2022-06-25 23:09:38,0,0,0.9975062,0.2493766,0,94.76309,3.740648,0.2493766,0
2022-06-25 23:09:37,0,0,1.995012,0.4987531,0,92.26933,4.987531,0.2493766,0
2022-06-25 23:09:36,0,0,2.487562,0.4975124,0,88.55721,7.960199,0.4975124,0
2022-06-25 23:09:35,0,0,1.2594458,0,0,87.15365,11.586902,0,0
2022-06-25 23:09:34,0,0,0.75,0,0,89,10,0.25,0
2022-06-25 23:09:33,0,0,0,0,0,95.98997,3.759398,0.2506266,0
2022-06-25 23:09:32,0,0,0,0,0,94.5,5,0.5,0
2022-06-25 23:09:31,0,0,0,0.2487562,0,96.26866,3.482587,0,0
2022-06-25 23:09:30,0,0,0.2493766,0,0,93.76559,5.735661,0,0
2022-06-25 23:09:29,0,0,0,0,0,92.71357,6.78392,0.5025126,0
2022-06-25 23:09:28,0,0,0.2512563,0,0,79.64824,10.301508,0,0
2022-06-25 23:09:27,0,0,0,0.7518797,0,70.67669,6.015038,0.5012531,0
2022-06-25 23:09:26,0,0,0,0,0,96.73367,3.266332,0,0
2022-06-25 23:09:25,0,0,0.2487562,0,0,98.50746,0.7462687,0.4975124,0
2022-06-25 23:09:24,0,0,0.5,0.25,0,97.5,1.75,0,0
2022-06-25 23:09:23,0,0,0,0.2493766,0,98.25436,1.2468828,0.2493766,0
2022-06-25 23:09:22,0,0,0.2512563,0,0,98.99497,0.5025126,0.2512563,0
2022-06-25 23:09:21,0,0,0,0,0,99.5,0.5,0,0
2022-06-25 23:09:20,0,0,0,0,0,99,0.5,0.5,0
2022-06-25 23:09:19,0,0,0.25,0.25,0,97.75,1.75,0,0
2022-06-25 23:09:18,0,0,0.9975062,0,0,95.51122,3.241895,0.2493766,0
2022-06-25 23:09:17,0,0,1.2531328,0.2506266,0,94.98747,3.258145,0.2506266,0
2022-06-25 23:09:16,0,0,0.2493766,0,0,98.50374,1.2468828,0,0
2022-06-25 23:09:15,0,0,0,0,0,99.24812,0.5012531,0.2506266,0
2022-06-25 23:09:14,0,0,0.25,0,0,98.75,0.75,0.25,0
2022-06-25 23:09:13,0,0,0,0,0,98.49624,1.2531328,0.2506266,0
2022-06-25 23:09:12,0,0,0.7444169,0,0,97.51861,1.2406948,0.4962779,0
2022-06-25 23:09:11,0,0,1.2531328,0.2506266,0,95.48872,2.756892,0.2506266,0
2022-06-25 23:09:10,0,0,1.2531328,0.2506266,0,95.98997,2.506266,0,0
2022-06-25 23:09:09,0,0,0.25,0,0,98.75,0.5,0.5,0
2022-06-25 23:09:08,0,0,0,0,0,98.99749,0.7518797,0.2506266,0
2022-06-25 23:09:07,0,0,0,0,0,99,1,0,0
2022-06-25 23:09:06,0,0,0.4987531,0,0,98.50374,0.7481297,0.2493766,0
2022-06-25 23:09:05,0,0,0.5012531,0.2506266,0,97.24311,2.005013,0,0
2022-06-25 23:09:04,0,0,1.4962594,0.2493766,0,94.26434,3.740648,0.2493766,0
2022-06-25 23:09:03,0,0,1.5,0.25,0,95.75,2,0.5,0
2022-06-25 23:09:02,0,0,0.2493766,0,0,98.25436,1.2468828,0.2493766,0
2022-06-25 23:09:01,0,0,0,0,0,98.99497,0.5025126,0.5025126,0
2022-06-25 23:09:00,0,0,0,0,0,99.25,0.75,0,0
2022-06-25 23:08:59,0,0,0.4987531,0,0,98.75312,0.4987531,0.2493766,0
2022-06-25 23:08:58,0,0,0.7462687,0.2487562,0,96.51741,2.238806,0.2487562,0
2022-06-25 23:08:57,0,0,1.758794,0,0,94.72362,3.517588,0,0
2022-06-25 23:08:56,0,0,0.4987531,0.2493766,0,97.50623,1.745636,0,0
2022-06-25 23:08:55,0,0,0.5012531,0,0,98.24561,1.0025063,0.2506266,0
2022-06-25 23:08:54,0,0,0,0,0,98.75,1.25,0,0
2022-06-25 23:08:53,0,0,0,0,0,99,0.75,0.25,0
2022-06-25 23:08:52,0,0,0.2487562,0.2487562,0,98.75622,0.7462687,0,0
2022-06-25 23:08:51,0,0,1.010101,0,0,95.9596,3.030303,0,0
2022-06-25 23:08:50,0,0,1.4888337,0.248139,0,94.54094,3.225806,0.248139,0
2022-06-25 23:08:49,0,0,0.7518797,0.2506266,0,96.99248,2.005013,0,0
2022-06-25 23:08:48,0,0,0.4987531,0.2493766,0,97.00748,1.995012,0.2493766,0
2022-06-25 23:08:47,0,0,0,0,0,99,0.5,0.5,0
2022-06-25 23:08:46,0,0,0.2487562,0,0,99.25373,0.2487562,0.2487562,0
2022-06-25 23:08:45,0,0,0,0,0,97.98995,1.5075377,0.5025126,0
2022-06-25 23:08:44,0,0,1,0.25,0,96.25,2.25,0.25,0
2022-06-25 23:08:43,0,0,1.75,0.75,0,93.25,4.25,0,0
2022-06-25 23:08:42,0,0,1.0025063,0.2506266,0,94.48622,4.010025,0.2506266,0
2022-06-25 23:08:41,0,0,0.7462687,0.2487562,0,96.26866,2.487562,0.2487562,0
2022-06-25 23:08:40,0,0,0.25,0,0,98.25,1.25,0.25,0
2022-06-25 23:08:39,0,0,0.2512563,0,0,97.98995,1.2562814,0.5025126,0
2022-06-25 23:08:38,0,0,0,0.25,0,98.25,1.5,0,0
2022-06-25 23:08:37,0,0,0.248139,0,0,99.00744,0.4962779,0.248139,0
2022-06-25 23:08:36,0,0,0.2506266,0,0,97.24311,2.005013,0.5012531,0
2022-06-25 23:08:35,0,0,1.0025063,0.2506266,0,93.48371,5.263158,0,0
2022-06-25 23:08:34,0,0,1.4962594,0.2493766,0,92.26933,5.486284,0.4987531,0
2022-06-25 23:08:33,0,0,2.244389,0.4987531,0,90.02494,6.733167,0.4987531,0
2022-06-25 23:08:32,0,0,1.25,0.5,0,86.75,11.25,0.25,0
2022-06-25 23:08:31,0,0,0.5037783,0.2518892,0,93.45088,5.793451,0,0
2022-06-25 23:08:30,0,0,0.4987531,0,0,92.5187,6.733167,0.2493766,0
2022-06-25 23:08:29,0,0,0.2487562,0,0,93.28358,5.721393,0.4975124,0
2022-06-25 23:08:28,0,0,0,0,0,93.98496,5.513784,0.5012531,0
2022-06-25 23:08:27,0,0,0,0,0,94.22111,5.527638,0.2512563,0
2022-06-25 23:08:26,0,0,0,0.25,0,91.75,7.75,0.25,0
2022-06-25 23:08:25,0,0,0.2525253,0,0,86.36364,9.59596,0,0
2022-06-25 23:08:24,0,0,0.5037783,0.2518892,0,81.3602,8.816121,0,0
2022-06-25 23:08:23,0,0,0.2493766,0,0,96.00998,3.241895,0.4987531,0
2022-06-25 23:08:22,0,0,0.2493766,0,0,98.75312,0.7481297,0.2493766,0
2022-06-25 23:08:21,0,0,0,0,0,98.74372,1.2562814,0,0
2022-06-25 23:08:20,0,0,0,0.25,0,99.25,0.5,0,0
2022-06-25 23:08:19,0,0,0.2493766,0,0,98.50374,0.9975062,0.2493766,0
2022-06-25 23:08:18,0,0,0,0,0,99.25,0.75,0,0
2022-06-25 23:08:17,0,0,0,0,0,99.5,0.25,0.25,0
2022-06-25 23:08:16,0,0,0.4987531,0.2493766,0,96.7581,2.493766,0,0
2022-06-25 23:08:15,0,0,1.0025063,0,0,96.74185,2.005013,0.2506266,0
2022-06-25 23:08:14,0,0,0.7481297,0.2493766,0,96.50873,2.493766,0,0
2022-06-25 23:08:13,0,0,0.5012531,0,0,95.98997,3.258145,0.2506266,0
2022-06-25 23:08:12,0,0,0.25,0,0,98.5,1.25,0,0
2022-06-25 23:08:11,0,0,0,0,0,99.5,0.25,0.25,0
2022-06-25 23:08:10,0,0,0.25,0.25,0,97.5,2,0,0
2022-06-25 23:08:09,0,0,1,0,0,96.75,1.75,0.5,0
2022-06-25 23:08:08,0,0,1.25,0.25,0,93.25,5,0.25,0
2022-06-25 23:08:07,0,0,0.5012531,0,0,96.74185,2.506266,0.2506266,0
2022-06-25 23:08:06,0,0,0.75,0.25,0,97.5,1.25,0.25,0
2022-06-25 23:08:05,0,0,0.2493766,0,0,98.75312,0.7481297,0.2493766,0
2022-06-25 23:08:04,0,0,0,0.2487562,0,98.50746,1.2437811,0,0
2022-06-25 23:08:03,0,0,0.25,0,0,99,0.25,0.5,0
2022-06-25 23:08:02,0,0,1.2562814,0,0,97.23618,1.5075377,0,0
2022-06-25 23:08:01,0,0,1.5,0.5,0,94,3.5,0.5,0
2022-06-25 23:08:00,0,0,0.75,0.25,0,95.5,3.5,0,0
2022-06-25 23:07:59,0,0,0.5,0.25,0,97.75,1.25,0.25,0
2022-06-25 23:07:58,0,0,0,0,0,98.99749,1.0025063,0,0
2022-06-25 23:07:57,0,0,0.2487562,0,0,99.00498,0.4975124,0.2487562,0
2022-06-25 23:07:56,0,0,0.25,0.25,0,98.75,0.75,0,0
2022-06-25 23:07:55,0,0,1.2468828,0.2493766,0,93.26683,4.488778,0.7481297,0
2022-06-25 23:07:54,0,0,1.75,0,0,95.25,3,0,0
2022-06-25 23:07:53,0,0,0.25,0,0,98.25,1,0.5,0
2022-06-25 23:07:52,0,0,0.5025126,0.2512563,0,95.22613,3.768844,0.2512563,0
2022-06-25 23:07:51,0,0,0.25,0,0,99,0.75,0,0
2022-06-25 23:07:50,0,0,0,0,0,99,0.75,0.25,0
2022-06-25 23:07:49,0,0,0.25,0,0,98.25,1.25,0.25,0
2022-06-25 23:07:48,0,0,1.2406948,0.248139,0,95.28536,2.977667,0.248139,0
2022-06-25 23:07:47,0,0,1.5075377,0.2512563,0,95.47739,2.763819,0,0
2022-06-25 23:07:46,0,0,0.5012531,0,0,96.99248,2.255639,0.2506266,0
2022-06-25 23:07:45,0,0,0.4975124,0,0,97.51244,1.741294,0.2487562,0
2022-06-25 23:07:44,0,0,0.2506266,0.2506266,0,98.24561,1.0025063,0.2506266,0
2022-06-25 23:07:43,0,0,0,0,0,98.75,1,0.25,0
2022-06-25 23:07:42,0,0,0,0,0,98.24121,1.758794,0,0
2022-06-25 23:07:41,0,0,0.9975062,0.2493766,0,94.01496,4.239401,0.4987531,0
2022-06-25 23:07:40,0,0,1.2406948,0.4962779,0,92.80397,5.210918,0.248139,0
2022-06-25 23:07:39,0,0,0.7537688,0.2512563,0,95.22613,3.517588,0.2512563,0
2022-06-25 23:07:38,0,0,0.5012531,0,0,96.74185,2.506266,0.2506266,0
2022-06-25 23:07:37,0,0,0.4987531,0.2493766,0,96.7581,2.493766,0,0
2022-06-25 23:07:36,0,0,0,0,0,98.49624,1.2531328,0.2506266,0
2022-06-25 23:07:35,0,0,0.5,0,0,99,0.5,0,0
2022-06-25 23:07:34,0,0,0,0,0,98.74687,1.0025063,0.2506266,0
2022-06-25 23:07:33,0,0,0.75,0,0,96.25,2.75,0.25,0
2022-06-25 23:07:32,0,0,1.2468828,0,0,94.51372,4.239401,0,0
2022-06-25 23:07:31,0,0,1.2468828,0.4987531,0,91.5212,6.733167,0,0
2022-06-25 23:07:30,0,0,1.754386,0.2506266,0,90.97744,7.017544,0,0
2022-06-25 23:07:29,0,0,0.9950249,0.2487562,0,91.79104,6.965174,0,0
2022-06-25 23:07:28,0,0,0.5012531,0,0,91.97995,7.017544,0.5012531,0
2022-06-25 23:07:27,0,0,0.5012531,0.2506266,0,93.98496,5.263158,0,0
2022-06-25 23:07:26,0,0,0.5,0,0,94,5.25,0.25,0
2022-06-25 23:07:25,0,0,0.5,0,0,93.25,6.25,0,0
2022-06-25 23:07:24,0,0,0.4962779,0,0,93.05211,5.955335,0.248139,0
2022-06-25 23:07:23,0,0,0,0,0,91.72932,7.769424,0.5012531,0
2022-06-25 23:07:22,0,0,0,0,0,91.37056,7.86802,0,0
2022-06-25 23:07:21,0,0,0.2493766,0.4987531,0,85.78554,6.982544,0.2493766,0
2022-06-25 23:07:20,0,0,0,0,0,96.5,3.25,0.25,0
2022-06-25 23:07:19,0,0,0.2493766,0,0,99.00249,0.7481297,0,0
2022-06-25 23:07:18,0,0,0,0,0,98.49624,1.2531328,0.2506266,0
2022-06-25 23:07:17,0,0,0,0,0,98.25436,1.4962594,0.2493766,0
2022-06-25 23:07:16,0,0,0,0,0,98.99749,1.0025063,0,0
2022-06-25 23:07:15,0,0,0.25,0,0,99.25,0.5,0,0
2022-06-25 23:07:14,0,0,0.4987531,0,0,98.00499,1.4962594,0,0
2022-06-25 23:07:13,0,0,0.7537688,0,0,96.98492,2.01005,0.2512563,0
2022-06-25 23:07:12,0,0,0.2493766,0.2493766,0,97.75561,1.745636,0,0
2022-06-25 23:07:11,0,0,0.5,0.25,0,96.75,2.25,0.25,0
2022-06-25 23:07:10,0,0,0.75,0.25,0,97.25,1.75,0,0
2022-06-25 23:07:09,0,0,0.2506266,0,0,99.49875,0.2506266,0,0
2022-06-25 23:07:08,0,0,0.5,0,0,98.25,1,0.25,0
2022-06-25 23:07:07,0,0,0.5,0,0,98.25,1,0.25,0
2022-06-25 23:07:06,0,0,0.7462687,0.2487562,0,95.27363,3.482587,0.2487562,0
2022-06-25 23:07:05,0,0,0.5,0,0,98.5,0.75,0.25,0
2022-06-25 23:07:04,0,0,1.25,0,0,95.25,3.5,0,0
2022-06-25 23:07:03,0,0,0.5025126,0,0,97.98995,1.5075377,0,0
2022-06-25 23:07:02,0,0,0,0,0,99.25187,0.4987531,0.2493766,0
2022-06-25 23:07:01,0,0,0.4987531,0,0,97.25686,1.995012,0.2493766,0
2022-06-25 23:07:00,0,0,0.7537688,0,0,97.48744,1.758794,0,0
2022-06-25 23:06:59,0,0,0.4987531,0,0,95.7606,3.491272,0.2493766,0
2022-06-25 23:06:58,0,0,0.75,0.25,0,96.75,2.25,0,0
2022-06-25 23:06:57,0,0,0.9975062,0.4987531,0,95.7606,2.493766,0.2493766,0
2022-06-25 23:06:56,0,0,0.5012531,0,0,97.49373,1.754386,0.2506266,0
2022-06-25 23:06:55,0,0,0.2493766,0,0,99.00249,0.7481297,0,0
2022-06-25 23:06:54,0,0,0.5,0.25,0,97.5,1.25,0.5,0
2022-06-25 23:06:53,0,0,0.7556675,0.2518892,0,96.47355,2.015113,0.5037783,0
2022-06-25 23:06:52,0,0,0.4950495,0,0,98.0198,1.2376238,0.2475248,0
2022-06-25 23:06:51,0,0,0.5025126,0.2512563,0,97.48744,1.5075377,0.2512563,0
2022-06-25 23:06:50,0,0,1.0025063,0.2506266,0,95.73935,3.007519,0,0
2022-06-25 23:06:49,0,0,0.7444169,0.248139,0,98.01489,0.7444169,0.248139,0
2022-06-25 23:06:48,0,0,0,0,0,98.74372,1.0050251,0.2512563,0
2022-06-25 23:06:47,0,0,0.25,0,0,98.5,1,0.25,0
2022-06-25 23:06:46,0,0,0.75,0.25,0,96,3,0,0
2022-06-25 23:06:45,0,0,0.5012531,0,0,97.49373,1.754386,0.2506266,0
2022-06-25 23:06:44,0,0,0.9950249,0.2487562,0,96.76617,1.741294,0.2487562,0
2022-06-25 23:06:43,0,0,1.0025063,0.2506266,0,97.49373,1.0025063,0.2506266,0
2022-06-25 23:06:42,0,0,0.5,0.5,0,97.25,1.75,0,0
2022-06-25 23:06:41,0,0,0,0,0,98.5,1.25,0.25,0
2022-06-25 23:06:40,0,0,0.2506266,0,0,98.99749,0.5012531,0.2506266,0
2022-06-25 23:06:39,0,0,0.4975124,0,0,96.51741,2.736318,0.2487562,0
2022-06-25 23:06:38,0,0,0.7518797,0.5012531,0,96.74185,1.754386,0.2506266,0
2022-06-25 23:06:37,0,0,0.75,0.25,0,98,1,0,0
2022-06-25 23:06:36,0,0,1,0.25,0,95.5,3,0.25,0
2022-06-25 23:06:35,0,0,0.9950249,0.2487562,0,94.52736,3.9801,0.2487562,0
2022-06-25 23:06:34,0,0,0.2493766,0,0,97.75561,1.745636,0.2493766,0
2022-06-25 23:06:33,0,0,0,0,0,98.48866,1.2594458,0.2518892,0
2022-06-25 23:06:32,0,0,0.25,0,0,99.25,0.25,0.25,0
2022-06-25 23:06:31,0,0,0.4987531,0.2493766,0,97.00748,1.995012,0.2493766,0
2022-06-25 23:06:30,0,0,0.7481297,0,0,95.01247,3.990025,0.2493766,0
2022-06-25 23:06:29,0,0,1.2531328,0.2506266,0,93.23308,5.012531,0.2506266,0
2022-06-25 23:06:28,0,0,1.0050251,0.2512563,0,90.20101,8.542714,0,0
2022-06-25 23:06:27,0,0,1.25,0.25,0,94,4.5,0,0
2022-06-25 23:06:26,0,0,0.7462687,0.2487562,0,91.54229,6.965174,0.4975124,0
2022-06-25 23:06:25,0,0,1.0050251,0,0,92.96482,5.778894,0.2512563,0
2022-06-25 23:06:24,0,0,1.25,0,0,88.75,10,0,0
2022-06-25 23:06:23,0,0,0,0,0,92.28856,7.21393,0.4975124,0
2022-06-25 23:06:22,0,0,0,0,0,93.96985,5.527638,0.5025126,0
2022-06-25 23:06:21,0,0,0,0.2487562,0,91.29353,7.462687,0,0
2022-06-25 23:06:20,0,0,0.2506266,0,0,93.73434,6.015038,0,0
2022-06-25 23:06:19,0,0,0,0,0,91.72932,7.518797,0.5012531,0
2022-06-25 23:06:18,0,0,0.25,0.25,0,86,6.75,0.5,0
2022-06-25 23:06:17,0,0,0,0,0,97.76119,1.99005,0.2487562,0
2022-06-25 23:06:16,0,0,0.25,0,0,99,0.5,0.25,0
2022-06-25 23:06:15,0,0,0,0.2512563,0,98.99497,0.7537688,0,0
2022-06-25 23:06:14,0,0,0,0,0,98.50746,1.2437811,0.2487562,0
2022-06-25 23:06:13,0,0,0.2506266,0,0,98.99749,0.5012531,0.2506266,0
2022-06-25 23:06:12,0,0,0.2493766,0.2493766,0,97.75561,1.2468828,0.4987531,0
2022-06-25 23:06:11,0,0,0.5012531,0,0,97.49373,2.005013,0,0
2022-06-25 23:06:10,0,0,0.9950249,0.2487562,0,97.01493,1.4925373,0.2487562,0
2022-06-25 23:06:09,0,0,0.25,0,0,98.5,1.25,0,0
2022-06-25 23:06:08,0,0,0.5050505,0,0,97.72727,1.5151515,0.2525253,0
2022-06-25 23:06:07,0,0,0.2506266,0,0,97.74436,2.005013,0,0
2022-06-25 23:06:06,0,0,0.2487562,0.2487562,0,97.76119,1.4925373,0.2487562,0
2022-06-25 23:06:05,0,0,0.7481297,0.2493766,0,96.7581,1.995012,0.2493766,0
2022-06-25 23:06:04,0,0,1,0.25,0,96.5,2.25,0,0
2022-06-25 23:06:03,0,0,0.7481297,0.2493766,0,96.50873,1.995012,0.4987531,0
2022-06-25 23:06:02,0,0,0.5,0.25,0,97.25,2,0,0
2022-06-25 23:06:01,0,0,0.7518797,0,0,97.24311,2.005013,0,0
2022-06-25 23:06:00,0,0,0.25,0,0,98.75,1,0,0
2022-06-25 23:05:59,0,0,0.4987531,0.2493766,0,97.00748,1.995012,0.2493766,0
2022-06-25 23:05:58,0,0,1.0050251,0,0,96.73367,2.01005,0.2512563,0
2022-06-25 23:05:57,0,0,0.7481297,0,0,96.50873,2.493766,0.2493766,0
2022-06-25 23:05:56,0,0,0.9975062,0.4987531,0,96.25935,1.745636,0.2493766,0
2022-06-25 23:05:55,0,0,0.25,0,0,98.5,1,0.25,0
2022-06-25 23:05:54,0,0,0.2506266,0,0,98.49624,0.7518797,0.5012531,0
2022-06-25 23:05:53,0,0,0.5,0,0,98,1.25,0.25,0
2022-06-25 23:05:52,0,0,0.5012531,0.2506266,0,97.49373,1.754386,0,0
2022-06-25 23:05:51,0,0,0.9925558,0.248139,0,95.78164,2.729529,0.248139,0
2022-06-25 23:05:50,0,0,1.0075567,0.5037783,0,96.47355,2.015113,0,0
2022-06-25 23:05:49,0,0,0.7481297,0.4987531,0,95.7606,2.743142,0.2493766,0
2022-06-25 23:05:48,0,0,0.5,0.25,0,97.75,1.25,0.25,0
2022-06-25 23:05:47,0,0,0,0,0,99.00498,0.7462687,0.2487562,0
2022-06-25 23:05:46,0,0,0.5025126,0,0,97.98995,1.2562814,0.2512563,0
2022-06-25 23:05:45,0,0,0.7481297,0.4987531,0,95.7606,2.743142,0.2493766,0
2022-06-25 23:05:44,0,0,1,0,0,97,1.75,0.25,0
2022-06-25 23:05:43,0,0,0.7518797,0,0,96.2406,2.756892,0.2506266,0
2022-06-25 23:05:42,0,0,0.7481297,0,0,96.50873,2.493766,0.2493766,0
2022-06-25 23:05:41,0,0,0.25,0,0,98.75,0.75,0.25,0
2022-06-25 23:05:40,0,0,0,0,0,98.99749,1.0025063,0,0
2022-06-25 23:05:39,0,0,0.25,0,0,98.5,1,0.25,0
2022-06-25 23:05:38,0,0,1.0025063,0,0,96.2406,2.756892,0,0
2022-06-25 23:05:37,0,0,1,0,0,96.5,2.25,0.25,0
2022-06-25 23:05:36,0,0,0.4987531,0.2493766,0,95.7606,3.241895,0.2493766,0
2022-06-25 23:05:35,0,0,1.2468828,0.2493766,0,94.51372,3.990025,0,0
2022-06-25 23:05:34,0,0,0.5012531,0,0,97.99499,1.2531328,0.2506266,0
2022-06-25 23:05:33,0,0,0.25,0.25,0,98.25,1,0.25,0
2022-06-25 23:05:32,0,0,0,0,0,99.5,0.5,0,0
2022-06-25 23:05:31,0,0,0.2493766,0,0,99.00249,0.4987531,0.2493766,0
2022-06-25 23:05:30,0,0,0.7481297,0.2493766,0,95.51122,3.491272,0,0
2022-06-25 23:05:29,0,0,0.75,0.25,0,95.5,3.25,0.25,0
2022-06-25 23:05:28,0,0,1.5037594,0.2506266,0,92.98246,5.012531,0.2506266,0
2022-06-25 23:05:27,0,0,0.75,0,0,94,5,0.25,0
2022-06-25 23:05:26,0,0,1.5037594,0.5012531,0,91.97995,5.764411,0.2506266,0
2022-06-25 23:05:25,0,0,0.7462687,0.2487562,0,93.03483,5.721393,0.2487562,0
2022-06-25 23:05:24,0,0,1.0050251,0,0,90.70352,8.040201,0.2512563,0
2022-06-25 23:05:23,0,0,0,0,0,94.52736,5.223881,0.2487562,0
2022-06-25 23:05:22,0,0,0.2493766,0,0,95.26185,4.488778,0,0
2022-06-25 23:05:21,0,0,0,0,0,94.73684,4.761905,0.5012531,0
2022-06-25 23:05:20,0,0,0.2506266,0.2506266,0,92.98246,6.265664,0.2506266,0
2022-06-25 23:05:19,0,0,0.5037783,0.2518892,0,90.17632,8.816121,0.2518892,0
2022-06-25 23:05:18,0,0,0.75,0.25,0,91.75,6.75,0.25,0
2022-06-25 23:05:17,0,0,0.248139,0.248139,0,95.03722,3.970223,0.248139,0
2022-06-25 23:05:16,0,0,0,0,0,97.23618,2.763819,0,0
2022-06-25 23:05:15,0,0,0.25,0,0,97.5,2.25,0,0
2022-06-25 23:05:14,0,0,0,0.25,0,96.75,2.75,0.25,0
2022-06-25 23:05:13,0,0,0.25,0,0,97.5,2,0.25,0
2022-06-25 23:05:12,0,0,0,0,0,98.99749,0.7518797,0.2506266,0
2022-06-25 23:05:11,0,0,0.248139,0,0,98.26303,1.2406948,0.248139,0
2022-06-25 23:05:10,0,0,0.5037783,0.2518892,0,97.98489,1.0075567,0.2518892,0
2022-06-25 23:05:09,0,0,0.9975062,0,0,96.25935,2.493766,0.2493766,0
2022-06-25 23:05:08,0,0,0.25,0,0,98,1.5,0.25,0
2022-06-25 23:05:07,0,0,0.25,0.25,0,98.5,1,0,0
2022-06-25 23:05:06,0,0,0.2506266,0,0,98.74687,0.7518797,0.2506266,0
2022-06-25 23:05:05,0,0,0.4987531,0.2493766,0,97.00748,1.995012,0.2493766,0
2022-06-25 23:05:04,0,0,0.5,0,0,97.75,1.75,0,0
2022-06-25 23:05:03,0,0,0.75,0.25,0,96.75,1.75,0.5,0
2022-06-25 23:05:02,0,0,1.2437811,0.4975124,0,95.02488,3.233831,0,0
2022-06-25 23:05:01,0,0,0.2506266,0,0,97.49373,2.005013,0.2506266,0
2022-06-25 23:05:00,0,0,0.5,0,0,98,1.25,0.25,0
2022-06-25 23:04:59,0,0,0.4987531,0.2493766,0,98.00499,0.7481297,0.4987531,0
2022-06-25 23:04:58,0,0,0.2506266,0,0,98.24561,1.5037594,0,0
2022-06-25 23:04:57,0,0,0.2506266,0,0,98.49624,1.2531328,0,0
2022-06-25 23:04:56,0,0,1,0,0,97,1.75,0.25,0
2022-06-25 23:04:55,0,0,1.2531328,0.2506266,0,95.73935,2.756892,0,0
2022-06-25 23:04:54,0,0,0.7481297,0.2493766,0,96.50873,1.995012,0.4987531,0
2022-06-25 23:04:53,0,0,0.5,0,0,98.25,1,0.25,0
2022-06-25 23:04:52,0,0,0.25,0,0,98.25,1.5,0,0
2022-06-25 23:04:51,0,0,0.4987531,0,0,98.50374,0.7481297,0.2493766,0
2022-06-25 23:04:50,0,0,0.5012531,0,0,98.24561,1.0025063,0.2506266,0
2022-06-25 23:04:49,0,0,0.4987531,0,0,97.75561,1.745636,0,0
2022-06-25 23:04:48,0,0,1.2468828,0.2493766,0,95.26185,2.992519,0.2493766,0
2022-06-25 23:04:47,0,0,1.0075567,0,0,96.22166,2.770781,0,0
2022-06-25 23:04:46,0,0,0.9975062,0,0,96.00998,2.992519,0,0
2022-06-25 23:04:45,0,0,0,0.25,0,99,0.75,0,0
2022-06-25 23:04:44,0,0,0.25,0,0,98,1.5,0.25,0
2022-06-25 23:04:43,0,0,0.5,0.25,0,97.5,1.5,0.25,0
2022-06-25 23:04:42,0,0,0.25,0.25,0,99,0.5,0,0
2022-06-25 23:04:41,0,0,0.9975062,0.2493766,0,95.51122,2.992519,0.2493766,0
2022-06-25 23:04:40,0,0,1.5,0,0,95.25,3.25,0,0
2022-06-25 23:04:39,0,0,0.7537688,0,0,97.73869,1.5075377,0,0
2022-06-25 23:04:38,0,0,0,0,0,98.75,1.25,0,0
2022-06-25 23:04:37,0,0,0.2493766,0.2493766,0,98.25436,0.9975062,0.2493766,0
2022-06-25 23:04:36,0,0,0.5,0,0,97.5,1.75,0.25,0
2022-06-25 23:04:35,0,0,0.2506266,0,0,98.49624,1.2531328,0,0
2022-06-25 23:04:34,0,0,0.4975124,0,0,96.26866,2.985075,0.2487562,0
2022-06-25 23:04:33,0,0,1.5037594,0.5012531,0,92.4812,5.263158,0.2506266,0
2022-06-25 23:04:32,0,0,1,0,0,96.5,2.25,0.25,0
2022-06-25 23:04:31,0,0,0.4975124,0,0,97.51244,1.741294,0.2487562,0
2022-06-25 23:04:30,0,0,0,0,0,99.24812,0.7518797,0,0
2022-06-25 23:04:29,0,0,0,0,0,97.99499,1.754386,0.2506266,0
2022-06-25 23:04:28,0,0,0.25,0,0,98.75,0.75,0.25,0
2022-06-25 23:04:27,0,0,0.7481297,0,0,96.25935,2.743142,0.2493766,0
2022-06-25 23:04:26,0,0,1.0025063,0,0,93.73434,5.012531,0.2506266,0
2022-06-25 23:04:25,0,0,1.25,0.25,0,93.5,5,0,0
2022-06-25 23:04:24,0,0,1.995012,0.2493766,0,91.27182,6.234414,0.2493766,0
2022-06-25 23:04:23,0,0,1.5037594,0.5012531,0,89.22306,8.521303,0.2506266,0
2022-06-25 23:04:22,0,0,0.9950249,0.2487562,0,90.29851,8.208955,0.2487562,0
2022-06-25 23:04:21,0,0,0.2518892,0,0,94.20655,5.541562,0,0
2022-06-25 23:04:20,0,0,0.248139,0.248139,0,91.31514,7.692308,0.4962779,0
2022-06-25 23:04:19,0,0,0,0,0,94.23559,5.764411,0,0
2022-06-25 23:04:18,0,0,0.2506266,0.2506266,0,92.4812,6.766917,0.2506266,0
2022-06-25 23:04:17,0,0,0,0,0,93.53234,6.218905,0.2487562,0
2022-06-25 23:04:16,0,0,0,0,0,88.91688,10.579345,0,0
2022-06-25 23:04:15,0,0,0.2493766,0.2493766,0,92.26933,3.740648,0.2493766,0
2022-06-25 23:04:14,0,0,0,0,0,96.49123,3.258145,0.2506266,0
2022-06-25 23:04:13,0,0,0,0.25,0,98.5,1.25,0,0
2022-06-25 23:04:12,0,0,0.248139,0,0,98.51117,1.2406948,0,0
2022-06-25 23:04:11,0,0,0,0,0,98.99497,0.5025126,0.5025126,0
2022-06-25 23:04:10,0,0,0,0,0,99.49875,0.5012531,0,0
2022-06-25 23:04:09,0,0,0.2493766,0,0,98.25436,1.2468828,0.2493766,0
2022-06-25 23:04:08,0,0,0.5012531,0,0,96.99248,2.255639,0.2506266,0
2022-06-25 23:04:07,0,0,0.7481297,0.2493766,0,96.7581,1.745636,0.4987531,0
2022-06-25 23:04:06,0,0,0.5,0,0,97.25,2,0.25,0
2022-06-25 23:04:05,0,0,1,0.25,0,96,2.5,0.25,0
2022-06-25 23:04:04,0,0,0,0,0,99.5,0.25,0.25,0
2022-06-25 23:04:03,0,0,0,0,0,98.75622,0.7462687,0.4975124,0
2022-06-25 23:04:02,0,0,0.5012531,0,0,98.24561,1.2531328,0,0
2022-06-25 23:04:01,0,0,0.5012531,0,0,98.49624,0.7518797,0.2506266,0
2022-06-25 23:04:00,0,0,1.0025063,0,0,96.49123,2.255639,0.2506266,0
2022-06-25 23:03:59,0,0,1.25,0,0,96,2.75,0,0
2022-06-25 23:03:58,0,0,0.5012531,0.2506266,0,97.24311,1.754386,0.2506266,0
2022-06-25 23:03:57,0,0,0.248139,0,0,98.51117,0.7444169,0.4962779,0
2022-06-25 23:03:56,0,0,0,0,0,99.49749,0.5025126,0,0
2022-06-25 23:03:55,0,0,0.7481297,0,0,97.00748,1.995012,0.2493766,0
2022-06-25 23:03:54,0,0,0.5,0,0,97.25,2,0.25,0
2022-06-25 23:03:53,0,0,1.2531328,0.5012531,0,95.73935,2.255639,0.2506266,0
2022-06-25 23:03:52,0,0,1.0025063,0,0,95.98997,3.007519,0,0
2022-06-25 23:03:51,0,0,0.7481297,0,0,98.25436,0.7481297,0.2493766,0
2022-06-25 23:03:50,0,0,0.2493766,0.2493766,0,98.50374,0.7481297,0.2493766,0
2022-06-25 23:03:49,0,0,0,0,0,98.74687,1.2531328,0,0
2022-06-25 23:03:48,0,0,0.4987531,0,0,98.25436,0.9975062,0.2493766,0
2022-06-25 23:03:47,0,0,1,0,0,96.5,2.25,0.25,0
2022-06-25 23:03:46,0,0,1.2468828,0.2493766,0,95.7606,2.244389,0.4987531,0
2022-06-25 23:03:45,0,0,0.5025126,0,0,97.98995,1.5075377,0,0
2022-06-25 23:03:44,0,0,0.75,0.25,0,98,1,0,0
2022-06-25 23:03:43,0,0,0.25,0.25,0,98.25,1,0.25,0
2022-06-25 23:03:42,0,0,0,0,0,99.00249,0.7481297,0.2493766,0
2022-06-25 23:03:41,0,0,0.2512563,0,0,98.99497,0.7537688,0,0
2022-06-25 23:03:40,0,0,0.9975062,0,0,95.26185,3.241895,0.4987531,0
2022-06-25 23:03:39,0,0,1.2406948,0.4962779,0,94.78908,3.473945,0,0
2022-06-25 23:03:38,0,0,1.0025063,0,0,96.74185,2.005013,0.2506266,0
2022-06-25 23:03:37,0,0,0.5025126,0,0,96.98492,2.512563,0,0
2022-06-25 23:03:36,0,0,0,0,0,99.49875,0.5012531,0,0
2022-06-25 23:03:35,0,0,0.2487562,0,0,98.25871,1.2437811,0.2487562,0
2022-06-25 23:03:34,0,0,0,0,0,98.75312,1.2468828,0,0
2022-06-25 23:03:33,0,0,1.0050251,0.2512563,0,94.97487,3.768844,0,0
2022-06-25 23:03:32,0,0,1,0.75,0,95,3,0.25,0
2022-06-25 23:03:31,0,0,0.9950249,0.2487562,0,94.52736,3.731343,0.4975124,0
2022-06-25 23:03:30,0,0,1.0050251,0,0,95.47739,3.266332,0.2512563,0
2022-06-25 23:03:29,0,0,0.5,0,0,97.75,1.5,0.25,0
2022-06-25 23:03:28,0,0,0,0,0,97.76119,1.741294,0.4975124,0
2022-06-25 23:03:27,0,0,0,0,0,98.74372,1.2562814,0,0
2022-06-25 23:03:26,0,0,0.25,0,0,99,0.5,0.25,0
2022-06-25 23:03:25,0,0,1.25,0,0,95.75,2.75,0.25,0
2022-06-25 23:03:24,0,0,1.4962594,0,0,94.76309,3.740648,0,0
2022-06-25 23:03:23,0,0,1,0.25,0,93.25,5,0.5,0
2022-06-25 23:03:22,0,0,1.758794,0.5025126,0,89.44724,8.291457,0,0
2022-06-25 23:03:21,0,0,1.741294,0.2487562,0,89.05473,8.955224,0,0
2022-06-25 23:03:20,0,0,0.7481297,0,0,92.26933,6.733167,0.2493766,0
2022-06-25 23:03:19,0,0,0.2512563,0,0,89.19598,10.552764,0,0
2022-06-25 23:03:18,0,0,0,0,0,93.26683,6.234414,0.2493766,0
2022-06-25 23:03:17,0,0,0.2487562,0.2487562,0,94.52736,4.477612,0.4975124,0
2022-06-25 23:03:16,0,0,0,0,0,93.25,6.5,0.25,0
2022-06-25 23:03:15,0,0,0,0,0,90.70352,9.045226,0.2512563,0
2022-06-25 23:03:14,0,0,0.2512563,0.2512563,0,89.44724,8.542714,0.2512563,0
2022-06-25 23:03:13,0,0,0.2487562,0.4975124,0,78.10945,8.208955,0.2487562,0
2022-06-25 23:03:12,0,0,0,0.25,0,98.25,1.25,0.25,0
2022-06-25 23:03:11,0,0,0,0,0,98.74372,1.2562814,0,0
2022-06-25 23:03:10,0,0,0.2493766,0,0,98.75312,0.7481297,0.2493766,0
2022-06-25 23:03:09,0,0,0,0,0,99.49875,0.5012531,0,0
2022-06-25 23:03:08,0,0,0,0,0,98.49624,1.2531328,0.2506266,0
2022-06-25 23:03:07,0,0,0.4975124,0.2487562,0,97.76119,1.2437811,0.2487562,0
2022-06-25 23:03:06,0,0,0.2506266,0,0,98.24561,1.2531328,0.2506266,0
2022-06-25 23:03:05,0,0,0,0.25,0,97.5,2,0.25,0
2022-06-25 23:03:04,0,0,0.9950249,0,0,96.26866,2.487562,0.2487562,0
2022-06-25 23:03:03,0,0,1.25,0.25,0,95.25,3,0.25,0
2022-06-25 23:03:02,0,0,0,0,0,98.74372,1.0050251,0.2512563,0
2022-06-25 23:03:01,0,0,0.2506266,0,0,98.74687,1.0025063,0,0
2022-06-25 23:03:00,0,0,0.4987531,0,0,98.00499,1.2468828,0.2493766,0
2022-06-25 23:02:59,0,0,0.25,0,0,98.25,1.25,0.25,0
2022-06-25 23:02:58,0,0,0.75,0.25,0,96.75,2,0.25,0
2022-06-25 23:02:57,0,0,1.2468828,0,0,95.26185,3.241895,0.2493766,0
2022-06-25 23:02:56,0,0,1.0025063,0.5012531,0,95.98997,2.255639,0.2506266,0
2022-06-25 23:02:55,0,0,0,0,0,99,0.75,0.25,0
2022-06-25 23:02:54,0,0,0.2493766,0,0,99.00249,0.7481297,0,0
2022-06-25 23:02:53,0,0,0.5012531,0.2506266,0,97.24311,1.754386,0.2506266,0
2022-06-25 23:02:52,0,0,0.25,0,0,99,0.75,0,0
2022-06-25 23:02:51,0,0,0.7481297,0.2493766,0,97.00748,1.995012,0,0
2022-06-25 23:02:50,0,0,1.4962594,0.4987531,0,94.26434,3.491272,0.2493766,0
2022-06-25 23:02:49,0,0,0.7518797,0,0,97.24311,1.754386,0.2506266,0
2022-06-25 23:02:48,0,0,0.25,0,0,99,0.5,0.25,0
2022-06-25 23:02:47,0,0,0.5,0,0,97.75,1.5,0.25,0
2022-06-25 23:02:46,0,0,0.2506266,0,0,99.24812,0.2506266,0.2506266,0
2022-06-25 23:02:45,0,0,0.2487562,0,0,98.50746,1.2437811,0,0
2022-06-25 23:02:44,0,0,1.0025063,0,0,96.99248,1.754386,0.2506266,0
2022-06-25 23:02:43,0,0,1.5075377,0,0,94.72362,3.517588,0.2512563,0
2022-06-25 23:02:42,0,0,0.9975062,0.4987531,0,96.7581,1.745636,0,0
2022-06-25 23:02:41,0,0,0,0,0,99.25,0.5,0.25,0
2022-06-25 23:02:40,0,0,0.5,0,0,97.5,1.75,0.25,0
2022-06-25 23:02:39,0,0,0.25,0.25,0,98.75,0.5,0.25,0
2022-06-25 23:02:38,0,0,0.25,0,0,99,0.5,0.25,0
2022-06-25 23:02:37,0,0,1.2437811,0.2487562,0,95.52239,2.736318,0.2487562,0
2022-06-25 23:02:36,0,0,1.0025063,0.5012531,0,95.98997,2.255639,0.2506266,0
2022-06-25 23:02:35,0,0,0.7537688,0.2512563,0,97.48744,1.5075377,0,0
2022-06-25 23:02:34,0,0,0.4975124,0,0,97.26368,1.99005,0.2487562,0
2022-06-25 23:02:33,0,0,0.2506266,0.2506266,0,98.74687,0.5012531,0.2506266,0
2022-06-25 23:02:32,0,0,0.2493766,0,0,98.00499,1.4962594,0.2493766,0
2022-06-25 23:02:31,0,0,0.25,0,0,97.75,1.5,0.5,0
2022-06-25 23:02:30,0,0,0.5025126,0.2512563,0,96.73367,2.512563,0,0
2022-06-25 23:02:29,0,0,1.25,0.25,0,95.5,3,0,0
2022-06-25 23:02:28,0,0,1,0.25,0,95.5,3.25,0,0
2022-06-25 23:02:27,0,0,0.25,0.5,0,98,1,0.25,0
2022-06-25 23:02:26,0,0,0.5,0,0,97.75,1.75,0,0
2022-06-25 23:02:25,0,0,0.7481297,0.2493766,0,97.50623,1.2468828,0.2493766,0
2022-06-25 23:02:24,0,0,0.4975124,0,0,96.26866,2.985075,0.2487562,0
2022-06-25 23:02:23,0,0,0.7537688,0,0,96.48241,2.512563,0.2512563,0
2022-06-25 23:02:22,0,0,0.7481297,0.2493766,0,95.26185,3.491272,0.2493766,0
2022-06-25 23:02:21,0,0,0.7537688,0.2512563,0,93.46734,5.527638,0,0
2022-06-25 23:02:20,0,0,0.9950249,0.2487562,0,94.77612,3.731343,0.2487562,0
2022-06-25 23:02:19,0,0,1.4962594,0.2493766,0,91.27182,6.483791,0.4987531,0
2022-06-25 23:02:18,0,0,0.7537688,0,0,90.95477,8.040201,0.2512563,0
2022-06-25 23:02:17,0,0,0.7462687,0.4975124,0,92.78607,5.721393,0.2487562,0
2022-06-25 23:02:16,0,0,0.5025126,0,0,91.9598,7.286432,0.2512563,0
2022-06-25 23:02:15,0,0,0.75,0.25,0,92.25,6.5,0.25,0
2022-06-25 23:02:14,0,0,0,0,0,92.98246,6.766917,0.2506266,0
2022-06-25 23:02:13,0,0,0,0,0,94.26434,5.486284,0.2493766,0
2022-06-25 23:02:12,0,0,0.2493766,0,0,91.27182,8.478803,0,0
2022-06-25 23:02:11,0,0,0,0,0,96.23116,3.517588,0.2512563,0
2022-06-25 23:02:10,0,0,0,0,0,93.98496,5.513784,0.2506266,0
2022-06-25 23:02:09,0,0,0.2493766,0,0,96.7581,2.743142,0,0
2022-06-25 23:02:08,0,0,0,0,0,98.25,1.5,0.25,0
2022-06-25 23:02:07,0,0,0,0,0,99.25187,0.7481297,0,0
2022-06-25 23:02:06,0,0,0.2506266,0.2506266,0,98.74687,0.7518797,0,0
2022-06-25 23:02:05,0,0,0,0,0,99.25187,0.4987531,0.2493766,0
2022-06-25 23:02:04,0,0,0.5012531,0,0,97.49373,2.005013,0,0
2022-06-25 23:02:03,0,0,0.75,0,0,97,2,0.25,0
2022-06-25 23:02:02,0,0,0,0.2493766,0,98.50374,1.2468828,0,0
2022-06-25 23:02:01,0,0,0.7537688,0,0,97.98995,1.2562814,0,0
2022-06-25 23:02:00,0,0,0.7462687,0.2487562,0,97.76119,0.9950249,0.2487562,0
2022-06-25 23:01:59,0,0,0,0,0,98.49624,1.2531328,0.2506266,0
2022-06-25 23:01:58,0,0,0.25,0.25,0,97.75,1.25,0.5,0
2022-06-25 23:01:57,0,0,1,0,0,96.5,2.25,0.25,0
2022-06-25 23:01:56,0,0,0.75,0,0,96.5,2.5,0.25,0
2022-06-25 23:01:55,0,0,0.75,0.25,0,97.5,1.5,0,0
2022-06-25 23:01:54,0,0,1.2468828,0.2493766,0,95.51122,2.493766,0.4987531,0
2022-06-25 23:01:53,0,0,0,0,0,98.74372,1.2562814,0,0
2022-06-25 23:01:52,0,0,0.25,0,0,98.5,0.75,0.5,0
2022-06-25 23:01:51,0,0,0,0,0,98.75,1,0.25,0
2022-06-25 23:01:50,0,0,0.9975062,0,0,97.00748,1.745636,0.2493766,0
2022-06-25 23:01:49,0,0,1.2468828,0.2493766,0,95.26185,2.992519,0.2493766,0
2022-06-25 23:01:48,0,0,1.0025063,0.2506266,0,95.98997,2.506266,0.2506266,0
2022-06-25 23:01:47,0,0,0.5012531,0,0,97.24311,2.255639,0,0
2022-06-25 23:01:46,0,0,0,0,0,99.25,0.75,0,0
2022-06-25 23:01:45,0,0,0.25,0,0,99.5,0.25,0,0
2022-06-25 23:01:44,0,0,0,0,0,98.75312,0.9975062,0.2493766,0
2022-06-25 23:01:43,0,0,1.25,0.25,0,95.75,2.5,0.25,0
2022-06-25 23:01:42,0,0,1.745636,0.2493766,0,94.01496,3.491272,0.2493766,0
2022-06-25 23:01:41,0,0,0.7537688,0.2512563,0,96.23116,2.763819,0,0
2022-06-25 23:01:40,0,0,0.2487562,0.2487562,0,98.00995,1.2437811,0.2487562,0
2022-06-25 23:01:39,0,0,0,0,0,99.25187,0.4987531,0.2493766,0
2022-06-25 23:01:38,0,0,0,0,0,98.74055,1.2594458,0,0
2022-06-25 23:01:37,0,0,0.4987531,0,0,97.50623,1.745636,0.2493766,0
2022-06-25 23:01:36,0,0,1.5037594,0.2506266,0,94.73684,3.508772,0,0
2022-06-25 23:01:35,0,0,1.2468828,0.2493766,0,95.51122,2.743142,0.2493766,0
2022-06-25 23:01:34,0,0,0.7518797,0.2506266,0,96.49123,2.506266,0,0
2022-06-25 23:01:33,0,0,0.2493766,0.2493766,0,97.75561,1.4962594,0.2493766,0
2022-06-25 23:01:32,0,0,0,0,0,99.5,0.5,0,0
2022-06-25 23:01:31,0,0,0.25,0,0,98.25,1.25,0.25,0
2022-06-25 23:01:30,0,0,0,0.25,0,98.5,1,0.25,0
2022-06-25 23:01:29,0,0,1,0,0,96,3,0,0
2022-06-25 23:01:28,0,0,1.4925373,0,0,92.78607,4.975124,0.7462687,0
2022-06-25 23:01:27,0,0,0.9975062,0.2493766,0,96.50873,2.244389,0,0
2022-06-25 23:01:26,0,0,0.5037783,0,0,97.48111,1.763224,0.2518892,0
2022-06-25 23:01:25,0,0,1,0.25,0,97,1.75,0,0
2022-06-25 23:01:24,0,0,0.5,0,0,99,0.5,0,0
2022-06-25 23:01:23,0,0,0.2493766,0,0,98.75312,0.4987531,0.4987531,0
2022-06-25 23:01:22,0,0,0.2493766,0,0,96.25935,3.241895,0.2493766,0
2022-06-25 23:01:21,0,0,1.0025063,0.2506266,0,95.2381,3.258145,0.2506266,0
2022-06-25 23:01:20,0,0,1.2562814,0.2512563,0,94.47236,3.768844,0.2512563,0
2022-06-25 23:01:19,0,0,1.25,0.5,0,92,6,0.25,0
2022-06-25 23:01:18,0,0,1.736973,0.4962779,0,89.8263,7.692308,0.248139,0
2022-06-25 23:01:17,0,0,1.0025063,0,0,93.23308,5.263158,0.5012531,0
2022-06-25 23:01:16,0,0,0.7481297,0,0,91.5212,7.481297,0.2493766,0
2022-06-25 23:01:15,0,0,0.2506266,0,0,93.48371,6.015038,0.2506266,0
2022-06-25 23:01:14,0,0,0,0,0,94.48622,5.513784,0,0
2022-06-25 23:01:13,0,0,0.2493766,0.2493766,0,92.5187,6.483791,0.4987531,0
2022-06-25 23:01:12,0,0,0.25,0,0,92.5,6.5,0.5,0
2022-06-25 23:01:11,0,0,0,0.2512563,0,91.45729,7.788945,0,0
2022-06-25 23:01:10,0,0,0.2487562,0.2487562,0,91.04478,6.965174,0.4975124,0
2022-06-25 23:01:09,0,0,0,0.2512563,0,93.71859,4.522613,0,0
2022-06-25 23:01:08,0,0,0.4987531,0,0,95.51122,3.740648,0.2493766,0
2022-06-25 23:01:07,0,0,0,0,0,99,0.75,0.25,0
2022-06-25 23:01:06,0,0,0.25,0,0,98.5,1.25,0,0
2022-06-25 23:01:05,0,0,0,0,0,98.75,1,0.25,0
2022-06-25 23:01:04,0,0,0.25,0,0,99,0.75,0,0
2022-06-25 23:01:03,0,0,0.5,0,0,97.5,1.75,0.25,0
2022-06-25 23:01:02,0,0,0.5012531,0.2506266,0,97.24311,2.005013,0,0
2022-06-25 23:01:01,0,0,0.5,0.25,0,98,0.75,0.5,0
2022-06-25 23:01:00,0,0,0.4987531,0.2493766,0,97.25686,1.745636,0.2493766,0
2022-06-25 23:00:59,0,0,0.7518797,0.5012531,0,96.74185,1.754386,0.2506266,0
2022-06-25 23:00:58,0,0,0.5,0,0,97.5,1.75,0.25,0
2022-06-25 23:00:57,0,0,0.5,0,0,97.25,1.75,0.5,0
2022-06-25 23:00:56,0,0,0.75,0,0,97.25,1.75,0.25,0
2022-06-25 23:00:55,0,0,0.5,0.25,0,98,1,0.25,0
2022-06-25 23:00:54,0,0,0.5,0,0,98,1.25,0.25,0
2022-06-25 23:00:53,0,0,0.7481297,0.2493766,0,96.7581,2.244389,0,0
2022-06-25 23:00:52,0,0,0.7537688,0.2512563,0,97.23618,1.5075377,0.2512563,0
2022-06-25 23:00:51,0,0,0.4962779,0,0,98.51117,0.9925558,0,0
2022-06-25 23:00:50,0,0,0.5,0.25,0,97,2.25,0,0
2022-06-25 23:00:49,0,0,0.5012531,0,0,98.49624,0.7518797,0.2506266,0
2022-06-25 23:00:48,0,0,0.7481297,0.2493766,0,96.7581,1.745636,0.4987531,0
2022-06-25 23:00:47,0,0,0.5,0,0,97.25,2,0.25,0
2022-06-25 23:00:46,0,0,0.7518797,0,0,96.74185,2.255639,0.2506266,0
2022-06-25 23:00:45,0,0,0.7537688,0.2512563,0,97.48744,1.5075377,0,0
2022-06-25 23:00:44,0,0,0.4987531,0,0,96.00998,3.241895,0.2493766,0
2022-06-25 23:00:43,0,0,0.4987531,0,0,98.75312,0.7481297,0,0
2022-06-25 23:00:42,0,0,0.2506266,0.2506266,0,97.74436,1.5037594,0.2506266,0
2022-06-25 23:00:41,0,0,0.75,0,0,96.25,2.5,0.5,0
2022-06-25 23:00:40,0,0,0.7518797,0,0,96.99248,2.255639,0,0
2022-06-25 23:00:39,0,0,1,0,0,97,1.75,0.25,0
2022-06-25 23:00:38,0,0,0.5,0,0,97,2.25,0.25,0
2022-06-25 23:00:37,0,0,0.248139,0.248139,0,98.51117,0.9925558,0,0
2022-06-25 23:00:36,0,0,0.2512563,0,0,98.74372,0.7537688,0.2512563,0
2022-06-25 23:00:35,0,0,0.5,0,0,97.75,1.75,0,0
2022-06-25 23:00:34,0,0,0.7462687,0,0,97.01493,1.741294,0.2487562,0
2022-06-25 23:00:33,0,0,1.5,0.25,0,94.75,3.25,0.25,0
2022-06-25 23:00:32,0,0,0.5025126,0,0,97.23618,2.01005,0.2512563,0
2022-06-25 23:00:31,0,0,0.5,0,0,97.5,2,0,0
2022-06-25 23:00:30,0,0,0.2493766,0,0,98.75312,0.7481297,0.2493766,0
2022-06-25 23:00:29,0,0,0.2506266,0,0,98.49624,1.0025063,0.2506266,0
2022-06-25 23:00:28,0,0,0.4987531,0,0,97.75561,1.4962594,0.2493766,0
2022-06-25 23:00:27,0,0,0,0,0,98.50374,1.2468828,0.2493766,0
2022-06-25 23:00:26,0,0,1.2562814,0,0,93.96985,4.522613,0.2512563,0
2022-06-25 23:00:25,0,0,1.25,0.25,0,93.25,5,0.25,0
2022-06-25 23:00:24,0,0,0.9975062,0,0,97.00748,1.745636,0.2493766,0
2022-06-25 23:00:23,0,0,0.2506266,0.2506266,0,96.49123,3.007519,0,0
2022-06-25 23:00:22,0,0,0,0,0,98.75312,0.9975062,0.2493766,0
2022-06-25 23:00:21,0,0,0.2487562,0,0,97.76119,1.741294,0.2487562,0
2022-06-25 23:00:20,0,0,0.7556675,0,0,97.22922,2.015113,0,0
2022-06-25 23:00:19,0,0,0.7481297,0.2493766,0,96.7581,1.995012,0.2493766,0
2022-06-25 23:00:18,0,0,0.4975124,0,0,94.27861,4.975124,0.2487562,0
2022-06-25 23:00:17,0,0,1.511335,0,0,92.9471,5.541562,0,0
2022-06-25 23:00:16,0,0,1.2468828,0.4987531,0,92.5187,5.486284,0.2493766,0
2022-06-25 23:00:15,0,0,1.5,0,0,88.25,9.75,0.5,0
2022-06-25 23:00:14,0,0,0.75,0.25,0,91,8,0,0
2022-06-25 23:00:13,0,0,0.25,0.25,0,93.75,5.5,0.25,0
2022-06-25 23:00:12,0,0,0.5,0,0,92,7.5,0,0
2022-06-25 23:00:11,0,0,0,0,0,94,5.5,0.5,0
2022-06-25 23:00:10,0,0,0.25,0,0,95,4.75,0,0
2022-06-25 23:00:09,0,0,0,0,0,93.5,6.25,0.25,0
2022-06-25 23:00:08,0,0,0,0,0,90.02494,8.977556,0.4987531,0
2022-06-25 23:00:07,0,0,0.2506266,0,0,92.98246,4.761905,0.2506266,0.2506266
2022-06-25 23:00:06,0,0,0,0,0,97.24311,2.506266,0.2506266,0
2022-06-25 23:00:05,0,0,0.25,0,0,98.75,1,0,0
2022-06-25 23:00:04,0,0,0.2493766,0.2493766,0,98.50374,0.7481297,0.2493766,0
2022-06-25 23:00:03,0,0,0.2506266,0,0,97.74436,1.754386,0.2506266,0
2022-06-25 23:00:02,0,0,0,0,0,98.99749,0.7518797,0.2506266,0
2022-06-25 23:00:01,0,0,0.4987531,0,0,97.50623,1.745636,0.2493766,0
2022-06-25 23:00:00,0,0,0,0,0,98.5,1.25,0.25,0
2022-06-25 22:59:59,0,0,0.7481297,0.2493766,0,96.7581,1.995012,0.2493766,0
2022-06-25 22:59:58,0,0,0.5012531,0.2506266,0,97.74436,1.2531328,0.2506266,0
2022-06-25 22:59:57,0,0,1.0025063,0,0,95.73935,3.007519,0.2506266,0
2022-06-25 22:59:56,0,0,0.4987531,0,0,97.50623,1.745636,0.2493766,0
2022-06-25 22:59:55,0,0,0,0,0,99.24623,0.7537688,0,0
2022-06-25 22:59:54,0,0,0.4987531,0.2493766,0,97.25686,1.745636,0.2493766,0
2022-06-25 22:59:53,0,0,0.25,0.25,0,98,1.5,0,0
2022-06-25 22:59:52,0,0,1.2437811,0,0,96.76617,1.741294,0.2487562,0
2022-06-25 22:59:51,0,0,0.7518797,0.2506266,0,96.49123,2.255639,0.2506266,0
2022-06-25 22:59:50,0,0,0.7481297,0.2493766,0,95.7606,3.241895,0,0
2022-06-25 22:59:49,0,0,0.2506266,0,0,98.74687,1.0025063,0,0
2022-06-25 22:59:48,0,0,0.25,0,0,98.75,1,0,0
2022-06-25 22:59:47,0,0,0.5,0,0,97.75,1.5,0.25,0
2022-06-25 22:59:46,0,0,0.7518797,0,0,97.49373,1.754386,0,0
2022-06-25 22:59:45,0,0,1.2406948,0.248139,0,95.28536,2.729529,0.4962779,0
2022-06-25 22:59:44,0,0,0.7575758,0,0,97.22222,2.020202,0,0
2022-06-25 22:59:43,0,0,0.7444169,0.4962779,0,97.51861,0.9925558,0.248139,0
2022-06-25 22:59:42,0,0,0.2506266,0,0,98.49624,1.0025063,0.2506266,0
2022-06-25 22:59:41,0,0,0,0,0,98.5,1.5,0,0
2022-06-25 22:59:40,0,0,0.5,0,0,98,1.25,0.25,0
2022-06-25 22:59:39,0,0,1.25,0.25,0,96.25,2,0.25,0
2022-06-25 22:59:38,0,0,0.75,0,0,96.5,2.5,0.25,0
2022-06-25 22:59:37,0,0,1.2437811,0.2487562,0,95.77114,2.238806,0.2487562,0
2022-06-25 22:59:36,0,0,0.5012531,0,0,98.24561,1.2531328,0,0
2022-06-25 22:59:35,0,0,0,0,0,99.24623,0.7537688,0,0
2022-06-25 22:59:34,0,0,0.2493766,0,0,98.50374,0.7481297,0.4987531,0
2022-06-25 22:59:33,0,0,0.2506266,0,0,97.74436,1.754386,0.2506266,0
2022-06-25 22:59:32,0,0,0.75,0.25,0,96.5,2.25,0.25,0
2022-06-25 22:59:31,0,0,1.2437811,0,0,96.0199,2.238806,0.4975124,0
2022-06-25 22:59:30,0,0,0.7518797,0,0,96.2406,3.007519,0,0
2022-06-25 22:59:29,0,0,0.7481297,0.2493766,0,96.7581,1.995012,0.2493766,0
2022-06-25 22:59:28,0,0,0,0,0,99.49875,0.5012531,0,0
2022-06-25 22:59:27,0,0,0.2493766,0,0,99.00249,0.4987531,0.2493766,0
2022-06-25 22:59:26,0,0,0.25,0,0,98.5,1,0.25,0
2022-06-25 22:59:25,0,0,0.7537688,0,0,96.73367,2.512563,0,0
2022-06-25 22:59:24,0,0,1.2468828,0.2493766,0,94.76309,3.241895,0.4987531,0
2022-06-25 22:59:23,0,0,0.9950249,0.2487562,0,94.77612,3.731343,0.2487562,0
2022-06-25 22:59:22,0,0,0.5025126,0.5025126,0,96.23116,2.512563,0.2512563,0
2022-06-25 22:59:21,0,0,0.4987531,0,0,97.00748,2.493766,0,0
2022-06-25 22:59:20,0,0,0.5025126,0,0,98.74372,0.5025126,0.2512563,0
2022-06-25 22:59:19,0,0,0,0,0,98.75312,0.9975062,0.2493766,0
2022-06-25 22:59:18,0,0,0,0,0,97.24311,2.506266,0.2506266,0
2022-06-25 22:59:17,0,0,0.4975124,0,0,98.25871,1.2437811,0,0
2022-06-25 22:59:16,0,0,1.0025063,0.5012531,0,93.48371,4.511278,0.5012531,0
2022-06-25 22:59:15,0,0,1.25,0.25,0,93.75,4.5,0.25,0
2022-06-25 22:59:14,0,0,1.4925373,0.4975124,0,92.0398,5.721393,0.2487562,0
2022-06-25 22:59:13,0,0,1.2562814,0.5025126,0,87.9397,10.050251,0.2512563,0
2022-06-25 22:59:12,0,0,0.9975062,0,0,92.5187,6.234414,0.2493766,0
2022-06-25 22:59:11,0,0,0.5,0,0,93.25,5.75,0.5,0
2022-06-25 22:59:10,0,0,0,0,0,94.26434,5.486284,0.2493766,0
2022-06-25 22:59:09,0,0,0,0,0,93.23308,6.766917,0,0
2022-06-25 22:59:08,0,0,0,0,0,94.20655,5.793451,0,0
2022-06-25 22:59:07,0,0,0.248139,0,0,89.08189,9.677419,0.4962779,0
2022-06-25 22:59:06,0,0,0,0.2525253,0,86.36364,9.343434,0.2525253,0
2022-06-25 22:59:05,0,0,0.25,0.25,0,92,7.25,0.25,0
2022-06-25 22:59:04,0,0,0.2512563,0,0,96.48241,3.266332,0,0
2022-06-25 22:59:03,0,0,0,0.2493766,0,97.50623,1.995012,0.2493766,0
2022-06-25 22:59:02,0,0,0,0,0,99.49875,0.5012531,0,0
2022-06-25 22:59:01,0,0,0,0,0,98.75,1,0.25,0
2022-06-25 22:59:00,0,0,0.2487562,0,0,99.50249,0.2487562,0,0
2022-06-25 22:58:59,0,0,0,0,0,99.49622,0.5037783,0,0
2022-06-25 22:58:58,0,0,0.2493766,0,0,98.75312,0.7481297,0.2493766,0
2022-06-25 22:58:57,0,0,0.4975124,0.4975124,0,96.26866,2.487562,0.2487562,0
2022-06-25 22:58:56,0,0,1.2562814,0,0,96.73367,2.01005,0,0
2022-06-25 22:58:55,0,0,0.75,0.25,0,95.25,3.25,0.5,0
2022-06-25 22:58:54,0,0,0.2493766,0.2493766,0,98.00499,1.2468828,0.2493766,0
2022-06-25 22:58:53,0,0,0,0,0,99.5,0.25,0.25,0
2022-06-25 22:58:52,0,0,0.2506266,0,0,98.99749,0.5012531,0.2506266,0
2022-06-25 22:58:51,0,0,0.2493766,0,0,98.25436,1.4962594,0,0
2022-06-25 22:58:50,0,0,1.0075567,0,0,97.22922,1.511335,0.2518892,0
2022-06-25 22:58:49,0,0,1.4851485,0.2475248,0,95.54455,2.475248,0.2475248,0
2022-06-25 22:58:48,0,0,0.7537688,0.2512563,0,96.23116,2.512563,0.2512563,0
2022-06-25 22:58:47,0,0,0.4987531,0,0,98.25436,0.9975062,0.2493766,0
2022-06-25 22:58:46,0,0,0,0,0,99.00249,0.7481297,0.2493766,0
2022-06-25 22:58:45,0,0,0.25,0,0,97.75,1.75,0.25,0
2022-06-25 22:58:44,0,0,0.2512563,0,0,99.24623,0.5025126,0,0
2022-06-25 22:58:43,0,0,0.9950249,0.2487562,0,95.52239,2.736318,0.4975124,0
2022-06-25 22:58:42,0,0,1.5037594,0.2506266,0,94.48622,3.508772,0.2506266,0
2022-06-25 22:58:41,0,0,1.0025063,0,0,96.99248,1.754386,0.2506266,0
2022-06-25 22:58:40,0,0,0.4987531,0.2493766,0,97.75561,1.4962594,0,0
2022-06-25 22:58:39,0,0,0,0.2506266,0,98.99749,0.7518797,0,0
2022-06-25 22:58:38,0,0,0,0,0,99.5,0.25,0.25,0
2022-06-25 22:58:37,0,0,0.248139,0,0,98.51117,0.9925558,0.248139,0
2022-06-25 22:58:36,0,0,1,0.5,0,96,2.25,0.25,0
2022-06-25 22:58:35,0,0,1.2594458,0.5037783,0,95.46599,2.518892,0.2518892,0
2022-06-25 22:58:34,0,0,0.9950249,0.2487562,0,96.0199,2.487562,0.2487562,0
2022-06-25 22:58:33,0,0,0.5025126,0,0,98.24121,1.0050251,0.2512563,0
2022-06-25 22:58:32,0,0,0,0,0,99.75,0.25,0,0
2022-06-25 22:58:31,0,0,0,0,0,98.75312,0.9975062,0.2493766,0
2022-06-25 22:58:30,0,0,0.5012531,0,0,98.74687,0.7518797,0,0
2022-06-25 22:58:29,0,0,0.9925558,0.4962779,0,94.54094,3.722084,0.248139,0
2022-06-25 22:58:28,0,0,1.2626263,0,0,96.21212,2.525253,0,0
2022-06-25 22:58:27,0,0,0.9975062,0.2493766,0,95.7606,2.493766,0.4987531,0
2022-06-25 22:58:26,0,0,0.5,0,0,97.5,1.75,0.25,0
2022-06-25 22:58:25,0,0,0,0,0,99.49875,0.5012531,0,0
2022-06-25 22:58:24,0,0,0.7481297,0,0,98.50374,0.4987531,0.2493766,0
2022-06-25 22:58:23,0,0,0,0,0,98.25436,1.4962594,0.2493766,0
2022-06-25 22:58:22,0,0,0.5,0.25,0,96.5,2.5,0.25,0
2022-06-25 22:58:21,0,0,1.2531328,0,0,95.48872,2.756892,0.5012531,0
2022-06-25 22:58:20,0,0,0.9950249,0,0,95.52239,3.482587,0,0
2022-06-25 22:58:19,0,0,0.5025126,0,0,96.48241,2.763819,0.2512563,0
2022-06-25 22:58:18,0,0,0.5,0.25,0,97.75,1.25,0.25,0
2022-06-25 22:58:17,0,0,0,0,0,98.74687,1.2531328,0,0
2022-06-25 22:58:16,0,0,0,0,0,99.5,0.5,0,0
2022-06-25 22:58:15,0,0,0.2487562,0,0,98.50746,0.7462687,0.4975124,0
2022-06-25 22:58:14,0,0,0.25,0,0,97,2.75,0,0
2022-06-25 22:58:13,0,0,1.4962594,0.2493766,0,93.51621,4.488778,0.2493766,0
2022-06-25 22:58:12,0,0,1.2531328,0.5012531,0,93.23308,4.761905,0.2506266,0
2022-06-25 22:58:11,0,0,2.01005,0.5025126,0,89.44724,8.040201,0,0
2022-06-25 22:58:10,0,0,1.741294,0.4975124,0,90.04975,7.462687,0.2487562,0
2022-06-25 22:58:09,0,0,0.25,0,0,90.75,8.75,0.25,0
2022-06-25 22:58:08,0,0,0.5,0.25,0,92.75,6,0.5,0
2022-06-25 22:58:07,0,0,0,0,0,95,5,0,0
2022-06-25 22:58:06,0,0,0.25,0,0,93,6.25,0.5,0
2022-06-25 22:58:05,0,0,0,0,0,93.51621,6.234414,0.2493766,0
2022-06-25 22:58:04,0,0,0,0,0,87.90932,10.831234,0,0
2022-06-25 22:58:03,0,0,0.2493766,0.2493766,0,89.02743,9.725686,0.4987531,0
2022-06-25 22:58:02,0,0,0.2512563,0,0,95.22613,4.020101,0.2512563,0
2022-06-25 22:58:01,0,0,0.2493766,0,0,96.7581,2.743142,0.2493766,0
2022-06-25 22:58:00,0,0,0,0.25,0,99,0.75,0,0
2022-06-25 22:57:59,0,0,0,0,0,99.24623,0.7537688,0,0
2022-06-25 22:57:58,0,0,0.2487562,0,0,98.50746,0.9950249,0.2487562,0
2022-06-25 22:57:57,0,0,0,0,0,99.75062,0,0.2493766,0
2022-06-25 22:57:56,0,0,0,0.2506266,0,98.99749,0.7518797,0,0
2022-06-25 22:57:55,0,0,0.2506266,0,0,97.24311,2.255639,0.2506266,0
2022-06-25 22:57:54,0,0,1,0,0,96.25,2.5,0.25,0
2022-06-25 22:57:53,0,0,0.7481297,0.4987531,0,97.00748,1.2468828,0.4987531,0
2022-06-25 22:57:52,0,0,0.5025126,0,0,97.23618,2.01005,0.2512563,0
2022-06-25 22:57:51,0,0,0.248139,0,0,99.25558,0.248139,0.248139,0
2022-06-25 22:57:50,0,0,0,0,0,99.49622,0.5037783,0,0
2022-06-25 22:57:49,0,0,0.2487562,0,0,97.76119,1.99005,0,0
2022-06-25 22:57:48,0,0,0.5012531,0,0,97.49373,1.5037594,0.5012531,0
2022-06-25 22:57:47,0,0,1.2531328,0,0,96.49123,2.255639,0,0
2022-06-25 22:57:46,0,0,1.4888337,0.4962779,0,91.31514,6.203474,0.4962779,0
2022-06-25 22:57:45,0,0,0.2518892,0,0,98.48866,1.2594458,0,0
2022-06-25 22:57:44,0,0,0.25,0,0,99,0.5,0.25,0
2022-06-25 22:57:43,0,0,0,0,0,98.25,1.5,0.25,0
2022-06-25 22:57:42,0,0,0.4962779,0,0,98.51117,0.9925558,0,0
2022-06-25 22:57:41,0,0,0.2518892,0,0,97.98489,1.511335,0.2518892,0
2022-06-25 22:57:40,0,0,1.2468828,0.4987531,0,95.7606,2.244389,0.2493766,0
2022-06-25 22:57:39,0,0,1.754386,0,0,94.23559,4.010025,0,0
2022-06-25 22:57:38,0,0,0.4987531,0.2493766,0,97.50623,1.4962594,0.2493766,0
2022-06-25 22:57:37,0,0,0.2493766,0,0,98.00499,1.4962594,0.2493766,0
2022-06-25 22:57:36,0,0,0,0,0,98.99497,1.0050251,0,0
2022-06-25 22:57:35,0,0,0.5,0,0,98.5,0.75,0.25,0
2022-06-25 22:57:34,0,0,0.4987531,0.2493766,0,94.76309,4.239401,0.2493766,0
2022-06-25 22:57:33,0,0,1.2531328,0.2506266,0,94.98747,3.258145,0.2506266,0
2022-06-25 22:57:32,0,0,1.745636,0.2493766,0,94.51372,2.992519,0.4987531,0
2022-06-25 22:57:31,0,0,0.4987531,0,0,97.75561,1.745636,0,0
2022-06-25 22:57:30,0,0,0,0,0,98.75,1,0.25,0
2022-06-25 22:57:29,0,0,0,0,0,98.99749,0.7518797,0.2506266,0
2022-06-25 22:57:28,0,0,0.2518892,0,0,98.48866,1.0075567,0.2518892,0
2022-06-25 22:57:27,0,0,0.990099,0,0,95.29703,2.970297,0.4950495,0
2022-06-25 22:57:26,0,0,1.2531328,0.5012531,0,94.98747,2.756892,0.5012531,0
2022-06-25 22:57:25,0,0,1.25,0.25,0,94.25,4.25,0,0
2022-06-25 22:57:24,0,0,0.7481297,0,0,97.25686,1.745636,0.2493766,0
2022-06-25 22:57:23,0,0,0.2506266,0,0,99.24812,0.2506266,0.2506266,0
2022-06-25 22:57:22,0,0,0,0,0,99.25,0.5,0.25,0
2022-06-25 22:57:21,0,0,0,0,0,98.74687,1.2531328,0,0
2022-06-25 22:57:20,0,0,0.7462687,0,0,97.26368,1.741294,0.2487562,0
2022-06-25 22:57:19,0,0,0.7537688,0.2512563,0,95.47739,3.517588,0,0
2022-06-25 22:57:18,0,0,1.25,0,0,94.5,4,0.25,0
2022-06-25 22:57:17,0,0,0.9975062,0,0,95.26185,3.241895,0.4987531,0
2022-06-25 22:57:16,0,0,0.2493766,0,0,98.25436,1.2468828,0.2493766,0
2022-06-25 22:57:15,0,0,0,0,0,99.24623,0.7537688,0,0
2022-06-25 22:57:14,0,0,0,0,0,99.00249,0.7481297,0.2493766,0
2022-06-25 22:57:13,0,0,0.25,0.25,0,98.75,0.75,0,0
2022-06-25 22:57:12,0,0,0.25,0,0,98.5,1,0.25,0
2022-06-25 22:57:11,0,0,0.5,0,0,97.25,2.25,0,0
2022-06-25 22:57:10,0,0,1.75,0.25,0,93.5,4.25,0.25,0
2022-06-25 22:57:09,0,0,1.995012,0.2493766,0,88.77805,8.478803,0.4987531,0
2022-06-25 22:57:08,0,0,2.25,0.5,0,86,11.25,0,0
2022-06-25 22:57:07,0,0,0.5,0.25,0,88.75,10.25,0.25,0
2022-06-25 22:57:06,0,0,0,0,0,94.22111,5.527638,0.2512563,0
2022-06-25 22:57:05,0,0,0.2493766,0.2493766,0,94.76309,4.488778,0.2493766,0
2022-06-25 22:57:04,0,0,0,0,0,94.01496,5.236908,0.2493766,0
2022-06-25 22:57:03,0,0,0,0,0,94.45844,5.541562,0,0
2022-06-25 22:57:02,0,0,0.248139,0,0,92.55583,6.699752,0.4962779,0
2022-06-25 22:57:01,0,0,0,0,0,84.25,14,0,0
2022-06-25 22:57:00,0,0,0,1.010101,0,36.61616,6.818182,0.2525253,0
2022-06-25 22:56:59,0,0,0,0,0,96.48241,3.266332,0.2512563,0
2022-06-25 22:56:58,0,0,0.2493766,0,0,99.00249,0.2493766,0.4987531,0
2022-06-25 22:56:57,0,0,0.2506266,0.2506266,0,98.24561,1.2531328,0,0
2022-06-25 22:56:56,0,0,0,0,0,99,0.75,0.25,0
2022-06-25 22:56:55,0,0,0,0,0,99.25,0.5,0.25,0
2022-06-25 22:56:54,0,0,0,0,0,99.25,0.5,0.25,0
2022-06-25 22:56:53,0,0,0,0.5,0,98.75,0.5,0.25,0
2022-06-25 22:56:52,0,0,0.2493766,0.2493766,0,98.50374,0.7481297,0.2493766,0
2022-06-25 22:56:51,0,0,0.4987531,0,0,96.25935,2.992519,0.2493766,0
2022-06-25 22:56:50,0,0,1.754386,0.5012531,0,93.98496,3.258145,0.5012531,0
2022-06-25 22:56:49,0,0,0.2493766,0.2493766,0,97.50623,1.745636,0.2493766,0
2022-06-25 22:56:48,0,0,0,0,0,99.49622,0.5037783,0,0
2022-06-25 22:56:47,0,0,0.2487562,0.2487562,0,98.25871,0.9950249,0.2487562,0
2022-06-25 22:56:46,0,0,0,0.2506266,0,98.99749,0.7518797,0,0
2022-06-25 22:56:45,0,0,0.2506266,0,0,97.74436,1.754386,0.2506266,0
2022-06-25 22:56:44,0,0,1.745636,0.2493766,0,94.51372,3.241895,0.2493766,0
2022-06-25 22:56:43,0,0,1.4962594,0.2493766,0,94.51372,3.491272,0.2493766,0
2022-06-25 22:56:42,0,0,0.5012531,0,0,98.24561,1.2531328,0,0
2022-06-25 22:56:41,0,0,0,0,0,99.25,0.75,0,0
2022-06-25 22:56:40,0,0,0,0.2493766,0,98.50374,0.9975062,0.2493766,0
2022-06-25 22:56:39,0,0,0,0,0,99.24812,0.7518797,0,0
2022-06-25 22:56:38,0,0,0.7462687,0,0,97.51244,1.2437811,0.4975124,0
2022-06-25 22:56:37,0,0,1.75,0.5,0,94.5,2.75,0.5,0
2022-06-25 22:56:36,0,0,1.754386,0.5012531,0,94.23559,3.258145,0.2506266,0
2022-06-25 22:56:35,0,0,0,0,0,99.24812,0.7518797,0,0
2022-06-25 22:56:34,0,0,0,0,0,99,1,0,0
2022-06-25 22:56:33,0,0,0.2493766,0,0,98.00499,1.2468828,0.4987531,0
2022-06-25 22:56:32,0,0,0,0,0,99.24812,0.7518797,0,0
2022-06-25 22:56:31,0,0,0.75,0.25,0,97.25,1.5,0.25,0
2022-06-25 22:56:30,0,0,1.745636,0.4987531,0,93.76559,3.740648,0.2493766,0
2022-06-25 22:56:29,0,0,1,0,0,95.25,3.5,0,0
2022-06-25 22:56:28,0,0,0.25,0.25,0,98.25,1,0.25,0
2022-06-25 22:56:27,0,0,0.2512563,0,0,97.98995,1.758794,0,0
2022-06-25 22:56:26,0,0,0,0,0,99.25558,0.4962779,0.248139,0
2022-06-25 22:56:25,0,0,0.2487562,0,0,98.75622,0.7462687,0.2487562,0
2022-06-25 22:56:24,0,0,1.2562814,0.2512563,0,96.23116,2.01005,0.2512563,0
2022-06-25 22:56:23,0,0,1.75,0.25,0,95,3,0,0
2022-06-25 22:56:22,0,0,1.2468828,0,0,95.26185,2.992519,0.4987531,0
2022-06-25 22:56:21,0,0,0.2512563,0,0,98.49246,1.2562814,0,0
2022-06-25 22:56:20,0,0,0.248139,0,0,99.00744,0.4962779,0.248139,0
2022-06-25 22:56:19,0,0,0,0,0,99.49875,0.2506266,0.2506266,0
2022-06-25 22:56:18,0,0,0,0,0,98,1.75,0.25,0
2022-06-25 22:56:17,0,0,0.5025126,0,0,97.73869,1.5075377,0.2512563,0
2022-06-25 22:56:16,0,0,1.25,0.25,0,94,4,0.5,0
2022-06-25 22:56:15,0,0,1.4962594,0.4987531,0,93.01746,4.738155,0.2493766,0
2022-06-25 22:56:14,0,0,0.7481297,0,0,96.50873,2.743142,0,0
2022-06-25 22:56:13,0,0,0.2493766,0.2493766,0,97.25686,1.995012,0.2493766,0
2022-06-25 22:56:12,0,0,0,0,0,98.99244,1.0075567,0,0
2022-06-25 22:56:11,0,0,0,0,0,99.00249,0.4987531,0.4987531,0
2022-06-25 22:56:10,0,0,0.2493766,0.2493766,0,98.25436,1.2468828,0,0
2022-06-25 22:56:09,0,0,0.2493766,0,0,98.75312,0.4987531,0.4987531,0
2022-06-25 22:56:08,0,0,0.5050505,0,0,95.20202,4.292929,0,0
2022-06-25 22:56:07,0,0,1.2406948,0.248139,0,93.54839,4.466501,0.4962779,0
2022-06-25 22:56:06,0,0,2.01005,0.2512563,0,90.95477,6.78392,0,0
2022-06-25 22:56:05,0,0,2.238806,0.4975124,0,86.31841,10.696517,0.2487562,0
2022-06-25 22:56:04,0,0,1,0,0,87.25,11.75,0,0
2022-06-25 22:56:03,0,0,0,0,0,92.98246,6.766917,0.2506266,0
2022-06-25 22:56:02,0,0,0.2506266,0,0,93.23308,6.265664,0.2506266,0
2022-06-25 22:56:01,0,0,0,0.2487562,0,96.51741,3.233831,0,0
2022-06-25 22:56:00,0,0,0,0,0,93.51621,5.735661,0.4987531,0
2022-06-25 22:55:59,0,0,0,0,0,93.25,6.5,0.25,0
2022-06-25 22:55:58,0,0,0,0,0,87.05584,8.375635,0.5076142,0
2022-06-25 22:55:57,0,0,0.2506266,0.5012531,0,79.44862,9.022556,0,0
2022-06-25 22:55:56,0,0,0,0,0,97.49373,2.005013,0.2506266,0
2022-06-25 22:55:55,0,0,0.248139,0.248139,0,98.75931,0.7444169,0,0
2022-06-25 22:55:54,0,0,0,0,0,98.74372,1.0050251,0.2512563,0
2022-06-25 22:55:53,0,0,0,0,0,98.74687,1.2531328,0,0
2022-06-25 22:55:52,0,0,0.2487562,0,0,99.25373,0,0.4975124,0
2022-06-25 22:55:51,0,0,0,0,0,99.24812,0.7518797,0,0
2022-06-25 22:55:50,0,0,0,0,0,99.25187,0.4987531,0.2493766,0
2022-06-25 22:55:49,0,0,0.4987531,0.2493766,0,97.00748,2.244389,0,0
2022-06-25 22:55:48,0,0,0.7537688,0.2512563,0,96.98492,1.758794,0.2512563,0
2022-06-25 22:55:47,0,0,1.25,0,0,96.5,2,0.25,0
2022-06-25 22:55:46,0,0,0.2506266,0,0,97.74436,1.754386,0.2506266,0
2022-06-25 22:55:45,0,0,0,0,0,99.00498,0.7462687,0.2487562,0
2022-06-25 22:55:44,0,0,0,0,0,99.24623,0.5025126,0.2512563,0
2022-06-25 22:55:43,0,0,0.4987531,0.2493766,0,97.75561,1.4962594,0,0
2022-06-25 22:55:42,0,0,0.7518797,0.7518797,0,95.73935,2.756892,0,0
2022-06-25 22:55:41,0,0,1.4962594,0.2493766,0,94.51372,3.491272,0.2493766,0
2022-06-25 22:55:40,0,0,1.0050251,0.5025126,0,95.72864,2.512563,0.2512563,0
2022-06-25 22:55:39,0,0,0.2487562,0,0,98.75622,0.7462687,0.2487562,0
2022-06-25 22:55:38,0,0,0,0,0,99.5,0.25,0.25,0
2022-06-25 22:55:37,0,0,0,0.2493766,0,98.75312,0.9975062,0,0
2022-06-25 22:55:36,0,0,0.5037783,0,0,97.48111,1.763224,0.2518892,0
2022-06-25 22:55:35,0,0,0.9975062,0.2493766,0,96.25935,2.244389,0.2493766,0
2022-06-25 22:55:34,0,0,1.4925373,0.2487562,0,94.77612,3.233831,0.2487562,0
2022-06-25 22:55:33,0,0,1.0050251,0.2512563,0,96.98492,1.5075377,0.2512563,0
2022-06-25 22:55:32,0,0,0,0,0,99.00249,0.7481297,0.2493766,0
2022-06-25 22:55:31,0,0,0.2506266,0,0,98.99749,0.7518797,0,0
2022-06-25 22:55:30,0,0,0.2493766,0,0,98.50374,0.9975062,0.2493766,0
2022-06-25 22:55:29,0,0,0.5025126,0.2512563,0,97.73869,1.2562814,0.2512563,0
2022-06-25 22:55:28,0,0,0.9950249,0,0,96.26866,2.487562,0.2487562,0
2022-06-25 22:55:27,0,0,1.2531328,0.5012531,0,94.73684,3.258145,0.2506266,0
2022-06-25 22:55:26,0,0,0.7518797,0,0,96.74185,2.255639,0.2506266,0
2022-06-25 22:55:25,0,0,0.2493766,0,0,98.75312,0.7481297,0.2493766,0
2022-06-25 22:55:24,0,0,0.5025126,0,0,97.98995,1.2562814,0.2512563,0
2022-06-25 22:55:23,0,0,0.2493766,0.2493766,0,98.50374,0.7481297,0.2493766,0
2022-06-25 22:55:22,0,0,0.7462687,0.2487562,0,97.51244,1.2437811,0.2487562,0
2022-06-25 22:55:21,0,0,1.2531328,0.2506266,0,95.48872,3.007519,0,0
2022-06-25 22:55:20,0,0,1.2437811,0.7462687,0,94.52736,3.233831,0.2487562,0
2022-06-25 22:55:19,0,0,0.7537688,0,0,96.73367,2.261307,0.2512563,0
2022-06-25 22:55:18,0,0,0,0,0,97.99499,2.005013,0,0
2022-06-25 22:55:17,0,0,0,0,0,99.25373,0.4975124,0.2487562,0
2022-06-25 22:55:16,0,0,0.2512563,0,0,98.99497,0.5025126,0.2512563,0
2022-06-25 22:55:15,0,0,0.7444169,0.248139,0,96.27792,2.48139,0.248139,0
2022-06-25 22:55:14,0,0,0.7537688,0.2512563,0,94.47236,4.271357,0.2512563,0
2022-06-25 22:55:13,0,0,1.4925373,0.4975124,0,93.53234,4.477612,0,0
2022-06-25 22:55:12,0,0,0.7556675,0,0,95.96977,3.02267,0.2518892,0
2022-06-25 22:55:11,0,0,0.7481297,0,0,97.25686,1.745636,0,0
2022-06-25 22:55:10,0,0,0,0.25,0,98.75,0.75,0.25,0
2022-06-25 22:55:09,0,0,0,0,0,99,0.75,0.25,0
2022-06-25 22:55:08,0,0,0,0,0,99.00249,0.7481297,0.2493766,0
2022-06-25 22:55:07,0,0,0.5012531,0,0,96.2406,3.007519,0.2506266,0
2022-06-25 22:55:06,0,0,0.9925558,0.248139,0,94.2928,4.218362,0.248139,0
2022-06-25 22:55:05,0,0,1.5037594,0,0,93.48371,5.012531,0,0
2022-06-25 22:55:04,0,0,1.5075377,0.5025126,0,90.95477,7.035176,0,0
2022-06-25 22:55:03,0,0,1.25,0.25,0,90,8.25,0.25,0
2022-06-25 22:55:02,0,0,0.75,0,0,90,9,0.25,0
2022-06-25 22:55:01,0,0,0.7481297,0.2493766,0,92.26933,6.483791,0.2493766,0
2022-06-25 22:55:00,0,0,0.25,0,0,93.25,6,0.25,0
2022-06-25 22:54:59,0,0,0,0,0,93,6.75,0.25,0
2022-06-25 22:54:58,0,0,0,0.25,0,94.25,5.25,0.25,0
2022-06-25 22:54:57,0,0,0,0,0,90.70352,8.542714,0.2512563,0
2022-06-25 22:54:56,0,0,0.25,0,0,91.5,7,0.25,0
2022-06-25 22:54:55,0,0,0,0.2518892,0,85.13854,8.816121,0,0
2022-06-25 22:54:54,0,0,0.2493766,0.2493766,0,97.50623,1.745636,0.2493766,0
2022-06-25 22:54:53,0,0,0,0,0,98.75,1,0.25,0
2022-06-25 22:54:52,0,0,0.2506266,0,0,98.49624,1.2531328,0,0
2022-06-25 22:54:51,0,0,0,0.2506266,0,99.24812,0.5012531,0,0
2022-06-25 22:54:50,0,0,0,0,0,98.50374,1.2468828,0.2493766,0
2022-06-25 22:54:49,0,0,0,0,0,98.99749,0.7518797,0.2506266,0
2022-06-25 22:54:48,0,0,0.5,0,0,98.5,0.75,0.25,0
2022-06-25 22:54:47,0,0,0,0,0,98.00499,1.995012,0,0
2022-06-25 22:54:46,0,0,1,0.25,0,96.5,2,0.25,0
2022-06-25 22:54:45,0,0,1,0,0,96,2.75,0.25,0
2022-06-25 22:54:44,0,0,0.5,0,0,98,1.5,0,0
2022-06-25 22:54:43,0,0,0,0.25,0,98.25,1,0.5,0
2022-06-25 22:54:42,0,0,0.5,0,0,98,1.5,0,0
2022-06-25 22:54:41,0,0,0.5,0,0,98,1.25,0.25,0
2022-06-25 22:54:40,0,0,0.7481297,0.4987531,0,97.00748,1.4962594,0.2493766,0
2022-06-25 22:54:39,0,0,1.5037594,0.5012531,0,95.48872,2.255639,0.2506266,0
2022-06-25 22:54:38,0,0,0.5,0,0,97.5,1.75,0.25,0
2022-06-25 22:54:37,0,0,0.5012531,0,0,98.49624,1.0025063,0,0
2022-06-25 22:54:36,0,0,0.2487562,0,0,98.25871,0.9950249,0.2487562,0
2022-06-25 22:54:35,0,0,0.2506266,0.2506266,0,98.49624,1.0025063,0,0
2022-06-25 22:54:34,0,0,0.2493766,0,0,98.00499,1.4962594,0.2493766,0
2022-06-25 22:54:33,0,0,0.75,0.25,0,97.75,1,0.25,0
2022-06-25 22:54:32,0,0,1.2531328,0.5012531,0,95.2381,3.007519,0,0
2022-06-25 22:54:31,0,0,0.75,0,0,96.5,2.75,0,0
2022-06-25 22:54:30,0,0,0.5,0.5,0,97.5,1.25,0.25,0
2022-06-25 22:54:29,0,0,0.5,0,0,98.25,1,0.25,0
2022-06-25 22:54:28,0,0,0.25,0,0,98.5,1,0.25,0
2022-06-25 22:54:27,0,0,0.2487562,0,0,98.75622,0.7462687,0.2487562,0
2022-06-25 22:54:26,0,0,0.75,0,0,97.5,1.5,0.25,0
2022-06-25 22:54:25,0,0,1.5037594,0.2506266,0,95.73935,2.255639,0.2506266,0
2022-06-25 22:54:24,0,0,0.75,0.25,0,97.25,1.75,0,0
2022-06-25 22:54:23,0,0,0.7481297,0.2493766,0,97.25686,1.2468828,0.4987531,0
2022-06-25 22:54:22,0,0,0.5,0,0,97.25,2,0.25,0
2022-06-25 22:54:21,0,0,0.2512563,0,0,98.99497,0.5025126,0.2512563,0
2022-06-25 22:54:20,0,0,0.25,0,0,98,1.5,0.25,0
2022-06-25 22:54:19,0,0,0.75,0.25,0,97,2,0,0
2022-06-25 22:54:18,0,0,1,0.5,0,95.5,2.75,0.25,0
2022-06-25 22:54:17,0,0,0.75,0.25,0,97,1.75,0.25,0
2022-06-25 22:54:16,0,0,0.2493766,0,0,98.50374,0.9975062,0.2493766,0
2022-06-25 22:54:15,0,0,0.5012531,0,0,96.99248,2.506266,0,0
2022-06-25 22:54:14,0,0,0.4987531,0,0,98.50374,0.7481297,0.2493766,0
2022-06-25 22:54:13,0,0,0.2506266,0,0,98.99749,0.7518797,0,0
2022-06-25 22:54:12,0,0,0.4987531,0.2493766,0,97.00748,1.995012,0.2493766,0
2022-06-25 22:54:11,0,0,0.75,0,0,96.25,2.75,0.25,0
2022-06-25 22:54:10,0,0,1.0050251,0,0,95.72864,3.266332,0,0
2022-06-25 22:54:09,0,0,0.75,0,0,97.25,2,0,0
2022-06-25 22:54:08,0,0,0.2493766,0.2493766,0,97.75561,1.4962594,0.2493766,0
2022-06-25 22:54:07,0,0,0.5,0,0,98.5,1,0,0
2022-06-25 22:54:06,0,0,0.25,0.25,0,97.5,1.75,0.25,0
2022-06-25 22:54:05,0,0,0.7481297,0,0,96.7581,2.493766,0,0
2022-06-25 22:54:04,0,0,0.7481297,0.2493766,0,94.76309,3.990025,0.2493766,0
2022-06-25 22:54:03,0,0,0.5037783,0,0,94.96222,4.282116,0.2518892,0
2022-06-25 22:54:02,0,0,1.4925373,0.2487562,0,92.0398,6.218905,0,0
2022-06-25 22:54:01,0,0,1.2531328,0.2506266,0,92.23058,5.764411,0.5012531,0
2022-06-25 22:54:00,0,0,1.25,0.25,0,91,7.5,0,0
2022-06-25 22:53:59,0,0,0.5012531,0,0,91.97995,7.017544,0.2506266,0
2022-06-25 22:53:58,0,0,0.4975124,0.7462687,0,91.04478,7.462687,0.2487562,0
2022-06-25 22:53:57,0,0,0.5012531,0.2506266,0,91.4787,7.518797,0.2506266,0
2022-06-25 22:53:56,0,0,0.4987531,0.2493766,0,90.27431,8.72818,0.2493766,0
2022-06-25 22:53:55,0,0,0,0,0,94.25,5.75,0,0
2022-06-25 22:53:54,0,0,0.25,0,0,92.5,6.75,0,0
2022-06-25 22:53:53,0,0,0,0.2512563,0,92.96482,6.532663,0.2512563,0
2022-06-25 22:53:52,0,0,0,0,0,96.0199,3.731343,0.2487562,0
2022-06-25 22:53:51,0,0,0.2506266,0.2506266,0,96.49123,2.756892,0.2506266,0
2022-06-25 22:53:50,0,0,0,0,0,96.99248,2.756892,0.2506266,0
2022-06-25 22:53:49,0,0,0.2493766,0,0,98.50374,0.9975062,0.2493766,0
2022-06-25 22:53:48,0,0,0,0,0,99.24812,0.5012531,0.2506266,0
2022-06-25 22:53:47,0,0,0,0,0,99,1,0,0
2022-06-25 22:53:46,0,0,0.5,0,0,98.5,0.75,0.25,0
2022-06-25 22:53:45,0,0,0.2506266,0,0,98.24561,1.5037594,0,0
2022-06-25 22:53:44,0,0,0.9975062,0.2493766,0,95.7606,2.992519,0,0
2022-06-25 22:53:43,0,0,0.7462687,0.2487562,0,96.76617,1.99005,0.2487562,0
2022-06-25 22:53:42,0,0,0.5025126,0,0,98.49246,0.7537688,0.2512563,0
2022-06-25 22:53:41,0,0,0,0,0,98.99749,1.0025063,0,0
2022-06-25 22:53:40,0,0,0.4975124,0.2487562,0,99.00498,0.2487562,0,0
2022-06-25 22:53:39,0,0,0.25,0,0,98,1.5,0.25,0
2022-06-25 22:53:38,0,0,0.75,0,0,96.75,2.25,0.25,0
2022-06-25 22:53:37,0,0,1.2531328,0.2506266,0,95.73935,2.506266,0.2506266,0
2022-06-25 22:53:36,0,0,1,0.25,0,96.75,2,0,0
2022-06-25 22:53:35,0,0,0.4987531,0,0,98.00499,1.2468828,0.2493766,0
2022-06-25 22:53:34,0,0,0,0,0,98.99497,1.0050251,0,0
2022-06-25 22:53:33,0,0,0.2487562,0,0,98.75622,0.7462687,0.2487562,0
2022-06-25 22:53:32,0,0,0.7537688,0.2512563,0,96.48241,2.261307,0.2512563,0
2022-06-25 22:53:31,0,0,1.2468828,0.2493766,0,95.26185,2.992519,0.2493766,0
2022-06-25 22:53:30,0,0,0.9975062,0,0,96.50873,2.244389,0.2493766,0
2022-06-25 22:53:29,0,0,0.7518797,0,0,97.24311,2.005013,0,0
2022-06-25 22:53:28,0,0,0.2506266,0.5012531,0,97.49373,1.5037594,0.2506266,0
2022-06-25 22:53:27,0,0,0,0,0,99.5,0.25,0.25,0
2022-06-25 22:53:26,0,0,0.25,0.25,0,98.5,0.75,0.25,0
2022-06-25 22:53:25,0,0,1,0,0,96.25,2.5,0.25,0
2022-06-25 22:53:24,0,0,1.25,0.25,0,96.25,2,0.25,0
2022-06-25 22:53:23,0,0,1.25,0.25,0,97.5,1,0,0
2022-06-25 22:53:22,0,0,0.75,0,0,96.5,2.5,0.25,0
2022-06-25 22:53:21,0,0,0,0.2487562,0,99.00498,0.4975124,0.2487562,0
2022-06-25 22:53:20,0,0,0,0,0,99.24812,0.5012531,0.2506266,0
2022-06-25 22:53:19,0,0,0.5,0,0,98,1.25,0.25,0
2022-06-25 22:53:18,0,0,1,0,0,97.25,1.5,0.25,0
2022-06-25 22:53:17,0,0,1,0.25,0,95.5,3,0.25,0
2022-06-25 22:53:16,0,0,0.7518797,0,0,96.74185,2.506266,0,0
2022-06-25 22:53:15,0,0,0.7518797,0.2506266,0,96.49123,2.255639,0.2506266,0
2022-06-25 22:53:14,0,0,0.248139,0,0,98.51117,0.7444169,0.4962779,0
2022-06-25 22:53:13,0,0,0,0.2512563,0,98.49246,1.2562814,0,0
2022-06-25 22:53:12,0,0,0.25,0,0,97.75,1.75,0.25,0
2022-06-25 22:53:11,0,0,0.7518797,0,0,96.2406,3.007519,0,0
2022-06-25 22:53:10,0,0,1,0,0,96.5,2.25,0.25,0
2022-06-25 22:53:09,0,0,0.9925558,0,0,95.28536,3.473945,0.248139,0
2022-06-25 22:53:08,0,0,0.7556675,0,0,96.22166,3.02267,0,0
2022-06-25 22:53:07,0,0,0.4962779,0.248139,0,96.52605,2.48139,0.248139,0
2022-06-25 22:53:06,0,0,0,0,0,98.99497,0.5025126,0.5025126,0
2022-06-25 22:53:05,0,0,0.25,0,0,99,0.75,0,0
2022-06-25 22:53:04,0,0,0.4975124,0,0,97.01493,1.99005,0.4975124,0
2022-06-25 22:53:03,0,0,0.5,0.25,0,97.75,1.25,0.25,0
2022-06-25 22:53:02,0,0,1.2562814,0,0,93.46734,5.025126,0.2512563,0
2022-06-25 22:53:01,0,0,1.2437811,0.2487562,0,93.03483,5.223881,0.2487562,0
2022-06-25 22:53:00,0,0,1.754386,0,0,91.97995,6.265664,0,0
2022-06-25 22:52:59,0,0,0.9975062,0.2493766,0,91.27182,7.23192,0.2493766,0
2022-06-25 22:52:58,0,0,0.7537688,0,0,93.46734,5.527638,0.2512563,0
2022-06-25 22:52:57,0,0,0.75,0,0,92.5,6.75,0,0
2022-06-25 22:52:56,0,0,0,0,0,92.28856,7.21393,0.2487562,0
2022-06-25 22:52:55,0,0,0.2506266,0,0,93.48371,6.265664,0,0
2022-06-25 22:52:54,0,0,0.25,0,0,93,6.5,0.25,0
2022-06-25 22:52:53,0,0,0,0.2487562,0,91.29353,7.960199,0.4975124,0
2022-06-25 22:52:52,0,0,0,0,0,90.45226,7.537688,0,0
2022-06-25 22:52:51,0,0,0.2512563,0.2512563,0,93.46734,5.527638,0.5025126,0
2022-06-25 22:52:50,0,0,0.2493766,0.4987531,0,95.7606,3.491272,0,0
2022-06-25 22:52:49,0,0,0,0,0,98.99497,0.7537688,0.2512563,0
2022-06-25 22:52:48,0,0,0.2487562,0.2487562,0,98.25871,0.9950249,0.2487562,0
2022-06-25 22:52:47,0,0,0.25,0,0,98.5,1.25,0,0
2022-06-25 22:52:46,0,0,0,0,0,99,0.75,0.25,0
2022-06-25 22:52:45,0,0,0.2506266,0,0,98.74687,1.0025063,0,0
2022-06-25 22:52:44,0,0,0.2493766,0.2493766,0,97.75561,1.2468828,0.4987531,0
2022-06-25 22:52:43,0,0,0.75,0,0,96.5,2.5,0.25,0
2022-06-25 22:52:42,0,0,0.4975124,0,0,98.00995,1.2437811,0.2487562,0
2022-06-25 22:52:41,0,0,1,0.25,0,97,1.5,0.25,0
2022-06-25 22:52:40,0,0,0.2518892,0,0,98.74055,1.0075567,0,0
2022-06-25 22:52:39,0,0,0.2493766,0,0,99.00249,0.4987531,0.2493766,0
2022-06-25 22:52:38,0,0,0.5012531,0.2506266,0,96.99248,2.255639,0,0
2022-06-25 22:52:37,0,0,0.5012531,0.2506266,0,97.99499,1.2531328,0,0
2022-06-25 22:52:36,0,0,0.7481297,0.2493766,0,97.00748,1.745636,0.2493766,0
2022-06-25 22:52:35,0,0,0.7518797,0,0,96.49123,2.756892,0,0
2022-06-25 22:52:34,0,0,0.7481297,0.7481297,0,95.51122,2.743142,0.2493766,0
2022-06-25 22:52:33,0,0,0.4975124,0,0,97.76119,1.2437811,0.2487562,0
2022-06-25 22:52:32,0,0,0.2506266,0,0,98.99749,0.5012531,0.2506266,0
2022-06-25 22:52:31,0,0,0.4987531,0.2493766,0,97.75561,1.2468828,0.2493766,0
2022-06-25 22:52:30,0,0,1.0025063,0.2506266,0,96.49123,2.255639,0,0
2022-06-25 22:52:29,0,0,0.25,0,0,97.75,1.75,0.25,0
2022-06-25 22:52:28,0,0,0.75,0,0,97,1.75,0.5,0
2022-06-25 22:52:27,0,0,1.0025063,0.5012531,0,95.2381,3.007519,0.2506266,0
2022-06-25 22:52:26,0,0,0.5,0,0,97.75,1.5,0.25,0
2022-06-25 22:52:25,0,0,0.2487562,0,0,98.25871,1.2437811,0.2487562,0
2022-06-25 22:52:24,0,0,1.0050251,0,0,97.98995,1.0050251,0,0
2022-06-25 22:52:23,0,0,0.4987531,0.4987531,0,96.00998,2.493766,0.4987531,0
2022-06-25 22:52:22,0,0,0.4975124,0,0,97.76119,1.741294,0,0
2022-06-25 22:52:21,0,0,1.0075567,0,0,97.22922,1.511335,0.2518892,0
2022-06-25 22:52:20,0,0,1.2468828,0.4987531,0,96.00998,2.244389,0,0
2022-06-25 22:52:19,0,0,0,0,0,99,0.75,0.25,0
2022-06-25 22:52:18,0,0,0,0,0,99.24812,0.2506266,0.5012531,0
2022-06-25 22:52:17,0,0,0.7462687,0.2487562,0,96.76617,1.99005,0.2487562,0
2022-06-25 22:52:16,0,0,0.5012531,0,0,97.24311,2.255639,0,0
2022-06-25 22:52:15,0,0,0.75,0.25,0,97.25,1.75,0,0
2022-06-25 22:52:14,0,0,1.25,0,0,95.25,3,0.5,0
2022-06-25 22:52:13,0,0,0.7537688,0.2512563,0,96.73367,2.261307,0,0
2022-06-25 22:52:12,0,0,0.2493766,0,0,99.00249,0.7481297,0,0
2022-06-25 22:52:11,0,0,0,0,0,99.25,0.5,0.25,0
2022-06-25 22:52:10,0,0,0.7518797,0,0,97.24311,1.754386,0.2506266,0
2022-06-25 22:52:09,0,0,0.7425743,0.2475248,0,95.79208,2.970297,0.2475248,0
2022-06-25 22:52:08,0,0,0.5037783,0,0,97.22922,2.015113,0.2518892,0
2022-06-25 22:52:07,0,0,0.7444169,0.248139,0,96.52605,2.233251,0.248139,0
2022-06-25 22:52:06,0,0,1.0050251,0,0,96.23116,2.763819,0,0
2022-06-25 22:52:05,0,0,0.75,0.25,0,96.75,2,0.25,0
2022-06-25 22:52:04,0,0,0.2493766,0,0,98.50374,0.9975062,0.2493766,0
2022-06-25 22:52:03,0,0,0,0,0,98.74687,1.0025063,0.2506266,0
2022-06-25 22:52:02,0,0,0.5,0,0,97,2.5,0,0
2022-06-25 22:52:01,0,0,0.7518797,0.2506266,0,96.49123,2.255639,0.2506266,0
2022-06-25 22:52:00,0,0,0.9950249,0,0,96.26866,2.487562,0.2487562,0
2022-06-25 22:51:59,0,0,1,0.25,0,92.25,6,0.5,0
2022-06-25 22:51:58,0,0,0.5037783,0,0,96.47355,3.02267,0,0
2022-06-25 22:51:57,0,0,0.9925558,0.248139,0,92.80397,5.707196,0.248139,0
2022-06-25 22:51:56,0,0,1.2562814,0.2512563,0,92.96482,5.276382,0.2512563,0
2022-06-25 22:51:55,0,0,0.9975062,0.4987531,0,90.52369,7.481297,0.4987531,0
2022-06-25 22:51:54,0,0,0.5025126,0,0,91.45729,7.788945,0.2512563,0
2022-06-25 22:51:53,0,0,0,0,0,92.5187,7.23192,0.2493766,0
2022-06-25 22:51:52,0,0,0.25,0,0,91.5,8,0.25,0
2022-06-25 22:51:51,0,0,0,0.25,0,91.75,7.5,0.25,0
2022-06-25 22:51:50,0,0,0,0,0,94.23559,5.513784,0.2506266,0
2022-06-25 22:51:49,0,0,0.2493766,0,0,91.77057,7.481297,0.2493766,0
2022-06-25 22:51:48,0,0,0,0,0,96.49123,3.007519,0.2506266,0
2022-06-25 22:51:47,0,0,0,0,0,96,3.75,0.25,0
2022-06-25 22:51:46,0,0,0.25,0,0,98.75,0.75,0.25,0
2022-06-25 22:51:45,0,0,0,0,0,99.25,0.5,0.25,0
2022-06-25 22:51:44,0,0,0,0,0,98.24121,1.758794,0,0
2022-06-25 22:51:43,0,0,0.25,0,0,98.25,1.25,0.25,0
2022-06-25 22:51:42,0,0,0.5,0.25,0,98,1.25,0,0
2022-06-25 22:51:41,0,0,0.2487562,0,0,97.76119,1.741294,0.2487562,0
2022-06-25 22:51:40,0,0,0.5012531,0.2506266,0,97.49373,1.754386,0,0
2022-06-25 22:51:39,0,0,0.5012531,0,0,97.99499,1.2531328,0.2506266,0
2022-06-25 22:51:38,0,0,0.7462687,0.2487562,0,96.51741,2.238806,0.2487562,0
2022-06-25 22:51:37,0,0,0.2493766,0.2493766,0,98.50374,0.7481297,0.2493766,0
2022-06-25 22:51:36,0,0,0.7575758,0,0,97.72727,1.2626263,0.2525253,0
2022-06-25 22:51:35,0,0,0.7462687,0,0,97.01493,2.238806,0,0
2022-06-25 22:51:34,0,0,0.5,0.25,0,97.75,1,0.5,0
2022-06-25 22:51:33,0,0,0.7462687,0.2487562,0,95.77114,2.985075,0.2487562,0
2022-06-25 22:51:32,0,0,1.2562814,0,0,95.72864,3.015075,0,0
2022-06-25 22:51:31,0,0,0.2493766,0,0,98.25436,1.2468828,0.2493766,0
2022-06-25 22:51:30,0,0,0.25,0,0,99.25,0.5,0,0
2022-06-25 22:51:29,0,0,0.7518797,0.2506266,0,95.98997,2.756892,0.2506266,0
2022-06-25 22:51:28,0,0,0.4975124,0.2487562,0,97.01493,1.741294,0.4975124,0
2022-06-25 22:51:27,0,0,0.7556675,0.2518892,0,97.733,1.2594458,0,0
2022-06-25 22:51:26,0,0,0.9950249,0,0,96.26866,2.487562,0.2487562,0
2022-06-25 22:51:25,0,0,1.5075377,0.2512563,0,95.47739,2.512563,0.2512563,0
2022-06-25 22:51:24,0,0,0.2493766,0,0,99.00249,0.7481297,0,0
2022-06-25 22:51:23,0,0,0,0,0,99,0.75,0.25,0
2022-06-25 22:51:22,0,0,0.7481297,0,0,97.75561,1.4962594,0,0
2022-06-25 22:51:21,0,0,0.5025126,0,0,98.74372,0.5025126,0.2512563,0
2022-06-25 22:51:20,0,0,0.7518797,0,0,96.49123,2.756892,0,0
2022-06-25 22:51:19,0,0,1.2437811,0.4975124,0,95.52239,2.238806,0.4975124,0
2022-06-25 22:51:18,0,0,0.5,0.25,0,97.5,1.25,0.5,0
2022-06-25 22:51:17,0,0,0.25,0,0,98.75,1,0,0
2022-06-25 22:51:16,0,0,0,0,0,99.24812,0.5012531,0.2506266,0
2022-06-25 22:51:15,0,0,0.4975124,0,0,97.51244,1.741294,0.2487562,0
2022-06-25 22:51:14,0,0,0.9975062,0,0,96.7581,1.995012,0.2493766,0
2022-06-25 22:51:13,0,0,1,0.25,0,96.25,2.25,0.25,0
2022-06-25 22:51:12,0,0,0.7537688,0,0,97.23618,2.01005,0,0
2022-06-25 22:51:11,0,0,0.4987531,0.2493766,0,97.25686,1.745636,0.2493766,0
2022-06-25 22:51:10,0,0,0.2493766,0,0,98.25436,1.2468828,0.2493766,0
2022-06-25 22:51:09,0,0,0,0,0,99.49875,0.5012531,0,0
2022-06-25 22:51:08,0,0,0.5012531,0,0,97.99499,1.2531328,0.2506266,0
2022-06-25 22:51:07,0,0,0.9950249,0.2487562,0,93.53234,4.975124,0.2487562,0
2022-06-25 22:51:06,0,0,1.0050251,0.2512563,0,95.72864,2.763819,0.2512563,0
2022-06-25 22:51:05,0,0,0.4975124,0.2487562,0,97.01493,1.741294,0.4975124,0
2022-06-25 22:51:04,0,0,1,0.25,0,96,2.5,0.25,0
2022-06-25 22:51:03,0,0,0.2512563,0,0,97.98995,1.2562814,0.5025126,0
2022-06-25 22:51:02,0,0,0,0,0,98.50746,0.9950249,0.4975124,0
2022-06-25 22:51:01,0,0,0,0,0,99.24623,0.7537688,0,0
2022-06-25 22:51:00,0,0,0.75,0,0,97.5,1.75,0,0
2022-06-25 22:50:59,0,0,0.75,0,0,95.25,3.75,0.25,0
2022-06-25 22:50:58,0,0,1.5037594,0.2506266,0,92.73183,5.263158,0.2506266,0
2022-06-25 22:50:57,0,0,1.4962594,0.2493766,0,92.5187,5.486284,0.2493766,0
2022-06-25 22:50:56,0,0,1.4962594,0.2493766,0,87.53117,9.975062,0.4987531,0
2022-06-25 22:50:55,0,0,1.2437811,0.2487562,0,90.79602,7.462687,0.2487562,0
2022-06-25 22:50:54,0,0,0.5050505,0,0,94.44444,5.050505,0,0
2022-06-25 22:50:53,0,0,0.2487562,0.2487562,0,93.28358,5.721393,0.4975124,0
2022-06-25 22:50:52,0,0,0.2493766,0,0,94.01496,5.486284,0.2493766,0
2022-06-25 22:50:51,0,0,0,0,0,95.48872,4.260652,0.2506266,0
2022-06-25 22:50:50,0,0,0,0,0,93.5,6,0.25,0
2022-06-25 22:50:49,0,0,0.2487562,0,0,85.8209,11.19403,0.2487562,0
2022-06-25 22:50:48,0,0,0,0,0,85.13854,11.083123,0.2518892,0
2022-06-25 22:50:47,0,0,0.2506266,0,0,95.48872,4.260652,0,0
2022-06-25 22:50:46,0,0,0,0,0,99.25,0.5,0.25,0
2022-06-25 22:50:45,0,0,0,0,0,98.5,1.5,0,0
2022-06-25 22:50:44,0,0,0,0,0,98.99497,1.0050251,0,0
2022-06-25 22:50:43,0,0,0,0,0,99.25373,0.4975124,0.2487562,0
2022-06-25 22:50:42,0,0,0.2506266,0,0,98.49624,1.0025063,0.2506266,0
2022-06-25 22:50:41,0,0,0,0.2487562,0,98.50746,0.9950249,0.2487562,0
2022-06-25 22:50:40,0,0,0.5025126,0,0,98.24121,1.2562814,0,0
2022-06-25 22:50:39,0,0,0.5,0.25,0,96.5,2.5,0.25,0
2022-06-25 22:50:38,0,0,1.4925373,0,0,96.26866,2.238806,0,0
2022-06-25 22:50:37,0,0,0.2506266,0,0,98.74687,0.7518797,0.2506266,0
2022-06-25 22:50:36,0,0,0,0,0,98.99497,1.0050251,0,0
2022-06-25 22:50:35,0,0,0.2493766,0,0,98.50374,0.9975062,0.2493766,0
2022-06-25 22:50:34,0,0,0.25,0,0,98.5,1.25,0,0
2022-06-25 22:50:33,0,0,1,0.25,0,96.75,1.75,0.25,0
2022-06-25 22:50:32,0,0,1.2531328,0,0,95.98997,2.756892,0,0
2022-06-25 22:50:31,0,0,0.9950249,0.2487562,0,96.26866,2.487562,0,0
2022-06-25 22:50:30,0,0,0.2506266,0,0,98.24561,1.0025063,0.5012531,0
2022-06-25 22:50:29,0,0,0.2493766,0,0,98.00499,1.745636,0,0
2022-06-25 22:50:28,0,0,0,0,0,99.24623,0.7537688,0,0
2022-06-25 22:50:27,0,0,0.7462687,0,0,97.26368,1.4925373,0.4975124,0
2022-06-25 22:50:26,0,0,1,0.5,0,95.5,3,0,0
2022-06-25 22:50:25,0,0,1.5,0.5,0,95.5,2.25,0.25,0
2022-06-25 22:50:24,0,0,1.25,0,0,96,2.5,0.25,0
2022-06-25 22:50:23,0,0,0.2506266,0.2506266,0,97.24311,1.754386,0.5012531,0
2022-06-25 22:50:22,0,0,0.2493766,0,0,98.75312,0.7481297,0.2493766,0
2022-06-25 22:50:21,0,0,0,0,0,99,0.75,0.25,0
2022-06-25 22:50:20,0,0,0.7481297,0.2493766,0,97.00748,1.995012,0,0
2022-06-25 22:50:19,0,0,1.2562814,0.2512563,0,95.72864,2.01005,0.7537688,0
2022-06-25 22:50:18,0,0,1,0.25,0,96,2.5,0.25,0
2022-06-25 22:50:17,0,0,1,0,0,96.5,2.5,0,0
2022-06-25 22:50:16,0,0,0.4987531,0,0,99.00249,0.2493766,0.2493766,0
2022-06-25 22:50:15,0,0,0,0,0,99.24812,0.5012531,0.2506266,0
2022-06-25 22:50:14,0,0,0.2487562,0.4975124,0,98.00995,1.2437811,0,0
2022-06-25 22:50:13,0,0,1.754386,0.2506266,0,94.98747,2.255639,0.7518797,0
2022-06-25 22:50:12,0,0,0.5,0,0,97.5,1.5,0.5,0
2022-06-25 22:50:11,0,0,1.2468828,0.2493766,0,95.7606,2.743142,0,0
2022-06-25 22:50:10,0,0,1.5037594,0.5012531,0,93.98496,3.759398,0.2506266,0
2022-06-25 22:50:09,0,0,0.25,0,0,98,1.75,0,0
2022-06-25 22:50:08,0,0,0,0,0,99.25,0.5,0.25,0
2022-06-25 22:50:07,0,0,0,0,0,98.50374,1.2468828,0.2493766,0
2022-06-25 22:50:06,0,0,0.25,0.25,0,98.25,1.25,0,0
2022-06-25 22:50:05,0,0,0.7556675,0,0,96.72544,2.267003,0.2518892,0
2022-06-25 22:50:04,0,0,1.2468828,0.2493766,0,95.01247,3.491272,0,0
2022-06-25 22:50:03,0,0,0.9975062,0,0,94.76309,3.740648,0.4987531,0
2022-06-25 22:50:02,0,0,0.7537688,0,0,96.73367,2.512563,0,0
2022-06-25 22:50:01,0,0,0.2493766,0.2493766,0,97.50623,1.745636,0.2493766,0
2022-06-25 22:50:00,0,0,0,0,0,99.49875,0.5012531,0,0
2022-06-25 22:49:59,0,0,0,0,0,98.75,1,0.25,0
2022-06-25 22:49:58,0,0,0,0,0,99.00249,0.7481297,0.2493766,0
2022-06-25 22:49:57,0,0,0.5025126,0,0,96.73367,2.512563,0.2512563,0
2022-06-25 22:49:56,0,0,1.2406948,0.4962779,0,95.03722,2.977667,0.248139,0
2022-06-25 22:49:55,0,0,1.763224,0.2518892,0,91.43577,6.297229,0.2518892,0
2022-06-25 22:49:54,0,0,1.741294,0.4975124,0,90.54726,6.716418,0.4975124,0
2022-06-25 22:49:53,0,0,1.2531328,0,0,89.47368,9.273183,0,0
2022-06-25 22:49:52,0,0,0.4987531,0.2493766,0,92.5187,6.483791,0.2493766,0
2022-06-25 22:49:51,0,0,0.2493766,0,0,95.01247,4.738155,0,0
2022-06-25 22:49:50,0,0,0,0,0,93.23308,6.516291,0.2506266,0
2022-06-25 22:49:49,0,0,0.2487562,0,0,93.53234,5.970149,0.2487562,0
2022-06-25 22:49:48,0,0,0,0,0,94.47236,5.025126,0.2512563,0
2022-06-25 22:49:47,0,0,0,0,0,88.7218,10.275689,0,0
2022-06-25 22:49:46,0,0,0,0.2518892,0,64.48363,9.06801,0.2518892,0
2022-06-25 22:49:45,0,0,0.2512563,0,0,95.72864,4.020101,0,0
2022-06-25 22:49:44,0,0,0,0,0,98.50374,1.4962594,0,0
2022-06-25 22:49:43,0,0,0.4975124,0,0,98.25871,0.9950249,0.2487562,0
2022-06-25 22:49:42,0,0,0,0,0,98.74055,1.2594458,0,0
2022-06-25 22:49:41,0,0,0,0,0,99,1,0,0
2022-06-25 22:49:40,0,0,0,0.25,0,99,0.5,0.25,0
2022-06-25 22:49:39,0,0,0.25,0,0,99.25,0.5,0,0
2022-06-25 22:49:38,0,0,0,0,0,99,0.75,0.25,0
2022-06-25 22:49:37,0,0,0.4987531,0,0,97.50623,1.995012,0,0
2022-06-25 22:49:36,0,0,1.2468828,0,0,95.01247,3.241895,0.4987531,0
2022-06-25 22:49:35,0,0,0.7537688,0,0,96.98492,2.261307,0,0
2022-06-25 22:49:34,0,0,0.25,0,0,99,0.5,0.25,0
2022-06-25 22:49:33,0,0,0,0,0,99.25,0.75,0,0
2022-06-25 22:49:32,0,0,0,0,0,99,0.75,0.25,0
2022-06-25 22:49:31,0,0,0.75,0,0,98,1,0.25,0
2022-06-25 22:49:30,0,0,0.75,0.5,0,95.75,2.5,0.5,0
2022-06-25 22:49:29,0,0,1.5037594,0.2506266,0,94.98747,3.258145,0,0
2022-06-25 22:49:28,0,0,0.7481297,0,0,97.50623,1.4962594,0.2493766,0
2022-06-25 22:49:27,0,0,0,0.2493766,0,98.75312,0.7481297,0.2493766,0
2022-06-25 22:49:26,0,0,0,0,0,98.99749,1.0025063,0,0
2022-06-25 22:49:25,0,0,0.7462687,0,0,98.25871,0.7462687,0.2487562,0
2022-06-25 22:49:24,0,0,0.7556675,0,0,97.48111,1.763224,0,0
2022-06-25 22:49:23,0,0,1.2468828,0.2493766,0,95.51122,2.743142,0.2493766,0
2022-06-25 22:49:22,0,0,0.9975062,0,0,95.51122,2.992519,0.4987531,0
2022-06-25 22:49:21,0,0,1.0025063,0,0,96.99248,2.005013,0,0
2022-06-25 22:49:20,0,0,0,0,0,98.75,1,0.25,0
2022-06-25 22:49:19,0,0,0.25,0,0,99,0.75,0,0
2022-06-25 22:49:18,0,0,0,0,0,99,0.75,0.25,0
2022-06-25 22:49:17,0,0,0.75,0.25,0,97.25,1.75,0,0
2022-06-25 22:49:16,0,0,0.9925558,0,0,96.27792,2.48139,0.248139,0
2022-06-25 22:49:15,0,0,1.0075567,0.2518892,0,95.96977,2.518892,0.2518892,0
2022-06-25 22:49:14,0,0,0.9975062,0,0,96.50873,2.493766,0,0
2022-06-25 22:49:13,0,0,0.2506266,0,0,98.99749,0.5012531,0.2506266,0
2022-06-25 22:49:12,0,0,0.2493766,0.2493766,0,98.50374,0.7481297,0.2493766,0
2022-06-25 22:49:11,0,0,1,0,0,98,1,0,0
2022-06-25 22:49:10,0,0,0.75,0,0,96.5,2.5,0.25,0
2022-06-25 22:49:09,0,0,0.5012531,0.2506266,0,97.49373,1.5037594,0.2506266,0
2022-06-25 22:49:08,0,0,1,0.5,0,95,3.25,0.25,0
2022-06-25 22:49:07,0,0,1.5,0.5,0,95.5,2.5,0,0
2022-06-25 22:49:06,0,0,0.2493766,0,0,98.00499,1.4962594,0.2493766,0
2022-06-25 22:49:05,0,0,0,0,0,99.24812,0.7518797,0,0
2022-06-25 22:49:04,0,0,0,0,0,98.74687,1.0025063,0.2506266,0
2022-06-25 22:49:03,0,0,0.5,0.25,0,97.5,1.5,0.25,0
2022-06-25 22:49:02,0,0,1,0,0,95.75,3.25,0,0
2022-06-25 22:49:01,0,0,0.9925558,0.4962779,0,94.04467,4.218362,0.248139,0
2022-06-25 22:49:00,0,0,1.0050251,0.2512563,0,95.9799,2.512563,0.2512563,0
2022-06-25 22:48:59,0,0,0.5012531,0,0,97.74436,1.5037594,0.2506266,0
2022-06-25 22:48:58,0,0,0.4987531,0,0,96.7581,2.493766,0.2493766,0
2022-06-25 22:48:57,0,0,0,0,0,99.49875,0.5012531,0,0
2022-06-25 22:48:56,0,0,0,0,0,98.75622,0.7462687,0.4975124,0
2022-06-25 22:48:55,0,0,0.5025126,0,0,95.22613,4.271357,0,0
2022-06-25 22:48:54,0,0,0.990099,0.2475248,0,94.80198,3.217822,0.4950495,0
2022-06-25 22:48:53,0,0,1.0025063,0.2506266,0,94.23559,4.260652,0.2506266,0
2022-06-25 22:48:52,0,0,1.754386,0,0,90.47619,7.769424,0,0
2022-06-25 22:48:51,0,0,1.25,0.25,0,92.75,5.25,0.5,0
2022-06-25 22:48:50,0,0,1,0.5,0,90.5,8,0,0
2022-06-25 22:48:49,0,0,0.2512563,0,0,92.71357,6.78392,0.2512563,0
2022-06-25 22:48:48,0,0,0.4987531,0,0,94.51372,4.738155,0.2493766,0
2022-06-25 22:48:47,0,0,0,0,0,93.01746,6.733167,0.2493766,0
2022-06-25 22:48:46,0,0,0.25,0,0,93.5,6,0.25,0
2022-06-25 22:48:45,0,0,0,0.2506266,0,91.4787,7.769424,0.2506266,0
2022-06-25 22:48:44,0,0,0,0,0,90.02494,9.725686,0.2493766,0
2022-06-25 22:48:43,0,0,0.2512563,0,0,93.21608,5.025126,0.5025126,0
2022-06-25 22:48:42,0,0,0.2506266,0,0,93.23308,5.263158,0.5012531,0
2022-06-25 22:48:41,0,0,0,0,0,97.49373,2.506266,0,0
2022-06-25 22:48:40,0,0,0.2493766,0,0,99.00249,0.4987531,0.2493766,0
2022-06-25 22:48:39,0,0,0,0.25,0,97.5,2,0.25,0
2022-06-25 22:48:38,0,0,0,0,0,99.00249,0.9975062,0,0
2022-06-25 22:48:37,0,0,0.2506266,0,0,99.24812,0.5012531,0,0
2022-06-25 22:48:36,0,0,0.5,0.25,0,97.5,1.25,0.5,0
2022-06-25 22:48:35,0,0,0.4987531,0,0,98.50374,0.9975062,0,0
2022-06-25 22:48:34,0,0,0.2506266,0.2506266,0,98.74687,0.7518797,0,0
2022-06-25 22:48:33,0,0,0.7481297,0.2493766,0,96.50873,2.244389,0.2493766,0
2022-06-25 22:48:32,0,0,0.7518797,0,0,97.74436,1.5037594,0,0
2022-06-25 22:48:31,0,0,0,0.25,0,96.5,3,0.25,0
2022-06-25 22:48:30,0,0,0.5,0,0,98,1.5,0,0
2022-06-25 22:48:29,0,0,0.7481297,0.2493766,0,97.50623,1.2468828,0.2493766,0
2022-06-25 22:48:28,0,0,0.5012531,0,0,98.49624,0.7518797,0.2506266,0
2022-06-25 22:48:27,0,0,0.9950249,0,0,96.51741,2.238806,0.2487562,0
2022-06-25 22:48:26,0,0,0.2512563,0,0,97.48744,2.261307,0,0
2022-06-25 22:48:25,0,0,0.75,0,0,97.25,1.75,0.25,0
2022-06-25 22:48:24,0,0,0.7518797,0,0,97.49373,1.5037594,0.2506266,0
2022-06-25 22:48:23,0,0,0.4975124,0.2487562,0,97.26368,1.4925373,0.4975124,0
2022-06-25 22:48:22,0,0,0.7518797,0,0,97.74436,1.2531328,0.2506266,0
2022-06-25 22:48:21,0,0,1,0,0,95.75,3,0.25,0
2022-06-25 22:48:20,0,0,0.5012531,0,0,97.99499,1.2531328,0.2506266,0
2022-06-25 22:48:19,0,0,0.4987531,0,0,98.00499,1.2468828,0.2493766,0
2022-06-25 22:48:18,0,0,0.75,0.25,0,96.5,2,0.5,0
2022-06-25 22:48:17,0,0,0.7462687,0.2487562,0,97.01493,1.741294,0,0
2022-06-25 22:48:16,0,0,0.2506266,0,0,98.49624,1.2531328,0,0
2022-06-25 22:48:15,0,0,0.7481297,0.2493766,0,96.7581,1.995012,0.2493766,0
2022-06-25 22:48:14,0,0,1.0025063,0,0,96.74185,2.005013,0.2506266,0
2022-06-25 22:48:13,0,0,0.5,0,0,97.25,2.25,0,0
2022-06-25 22:48:12,0,0,0.25,0,0,99,0.5,0.25,0
2022-06-25 22:48:11,0,0,0.7462687,0,0,96.76617,2.238806,0.2487562,0
2022-06-25 22:48:10,0,0,0.5037783,0,0,98.23678,1.2594458,0,0
2022-06-25 22:48:09,0,0,0.4975124,0,0,96.76617,2.487562,0.2487562,0
2022-06-25 22:48:08,0,0,0.7518797,0.2506266,0,96.49123,2.255639,0.2506266,0
2022-06-25 22:48:07,0,0,0.7518797,0,0,97.74436,1.2531328,0.2506266,0
2022-06-25 22:48:06,0,0,0.7444169,0,0,97.51861,1.4888337,0.248139,0
2022-06-25 22:48:05,0,0,0.2518892,0,0,98.23678,1.2594458,0.2518892,0
2022-06-25 22:48:04,0,0,0.75,0,0,97.25,1.75,0.25,0
2022-06-25 22:48:03,0,0,0.7481297,0.2493766,0,95.7606,2.992519,0.2493766,0
2022-06-25 22:48:02,0,0,0.7481297,0.2493766,0,95.7606,2.743142,0.4987531,0
2022-06-25 22:48:01,0,0,1.2531328,0.7518797,0,95.2381,2.756892,0,0
2022-06-25 22:48:00,0,0,0.7518797,0,0,96.74185,2.255639,0.2506266,0
2022-06-25 22:47:59,0,0,0.5012531,0,0,97.49373,1.754386,0.2506266,0
2022-06-25 22:47:58,0,0,0.2493766,0.2493766,0,97.50623,1.745636,0.2493766,0
2022-06-25 22:47:57,0,0,0.5,0.25,0,97.25,2,0,0
2022-06-25 22:47:56,0,0,0.7481297,0,0,95.7606,3.241895,0.2493766,0
2022-06-25 22:47:55,0,0,0.75,0,0,97.5,1.75,0,0
2022-06-25 22:47:54,0,0,0.5012531,0.5012531,0,96.2406,2.255639,0.5012531,0
2022-06-25 22:47:53,0,0,0.75,0.25,0,96,3,0,0
2022-06-25 22:47:52,0,0,0.75,0,0,94.25,4.75,0.25,0
2022-06-25 22:47:51,0,0,1.25,0,0,93,5.5,0.25,0
2022-06-25 22:47:50,0,0,0.9950249,0.2487562,0,94.27861,4.228856,0.2487562,0
2022-06-25 22:47:49,0,0,0.2506266,0.2506266,0,92.98246,6.516291,0,0
2022-06-25 22:47:48,0,0,0.4987531,0.2493766,0,94.01496,4.987531,0.2493766,0
2022-06-25 22:47:47,0,0,1,0.25,0,93.5,4.75,0.5,0
2022-06-25 22:47:46,0,0,1.0050251,0,0,91.70854,7.286432,0,0
2022-06-25 22:47:45,0,0,1.2437811,0.2487562,0,89.30348,8.955224,0.2487562,0
2022-06-25 22:47:44,0,0,0,0.2512563,0,88.19095,11.055276,0.2512563,0
2022-06-25 22:47:43,0,0,0.2493766,0,0,94.51372,4.987531,0.2493766,0
2022-06-25 22:47:42,0,0,0,0,0,95.51122,4.239401,0.2493766,0
2022-06-25 22:47:41,0,0,0,0,0,95.22613,4.522613,0.2512563,0
2022-06-25 22:47:40,0,0,0,0,0,94.26434,5.486284,0.2493766,0
2022-06-25 22:47:39,0,0,0.25,0.25,0,95.5,3.5,0,0
2022-06-25 22:47:38,0,0,0,0,0,96.48241,3.015075,0.5025126,0
2022-06-25 22:47:37,0,0,0,0,0,99.49875,0.5012531,0,0
2022-06-25 22:47:36,0,0,0.2493766,0,0,98.25436,1.2468828,0.2493766,0
2022-06-25 22:47:35,0,0,0,0,0,99.00249,0.7481297,0.2493766,0
2022-06-25 22:47:34,0,0,0.7481297,0.2493766,0,96.7581,1.995012,0.2493766,0
2022-06-25 22:47:33,0,0,0.5037783,0.2518892,0,96.97733,2.015113,0.2518892,0
2022-06-25 22:47:32,0,0,0.2493766,0.2493766,0,98.75312,0.4987531,0.2493766,0
2022-06-25 22:47:31,0,0,0.5,0,0,98,1.5,0,0
2022-06-25 22:47:30,0,0,0.4987531,0,0,97.75561,1.745636,0,0
2022-06-25 22:47:29,0,0,0,0,0,98.99497,1.0050251,0,0
2022-06-25 22:47:28,0,0,0.75,0,0,96.5,2.5,0.25,0
2022-06-25 22:47:27,0,0,0.7481297,0.4987531,0,95.51122,2.992519,0.2493766,0
2022-06-25 22:47:26,0,0,0.75,0,0,97.75,1.25,0.25,0
2022-06-25 22:47:25,0,0,0.5,0,0,97.75,1.5,0.25,0
2022-06-25 22:47:24,0,0,1.0050251,0,0,97.23618,1.758794,0,0
2022-06-25 22:47:23,0,0,0.4975124,0.2487562,0,97.51244,1.2437811,0.4975124,0
2022-06-25 22:47:22,0,0,0.2512563,0,0,98.49246,1.2562814,0,0
2022-06-25 22:47:21,0,0,0.75,0,0,96,2.75,0.5,0
2022-06-25 22:47:20,0,0,1.2406948,0,0,95.78164,2.977667,0,0
2022-06-25 22:47:19,0,0,0.2518892,0,0,98.48866,1.2594458,0,0
2022-06-25 22:47:18,0,0,0.25,0.25,0,98.25,1,0.25,0
2022-06-25 22:47:17,0,0,0.9975062,0,0,96.7581,1.995012,0.2493766,0
2022-06-25 22:47:16,0,0,0.25,0,0,98.75,0.75,0.25,0
2022-06-25 22:47:15,0,0,0.2506266,0,0,98.24561,1.5037594,0,0
2022-06-25 22:47:14,0,0,0.9975062,0.2493766,0,97.50623,1.2468828,0,0
2022-06-25 22:47:13,0,0,1.2468828,0.2493766,0,94.51372,3.491272,0.4987531,0
2022-06-25 22:47:12,0,0,0.2518892,0,0,98.48866,1.0075567,0.2518892,0
2022-06-25 22:47:11,0,0,0.7481297,0.2493766,0,97.25686,1.4962594,0.2493766,0
2022-06-25 22:47:10,0,0,0.4987531,0.2493766,0,97.50623,1.4962594,0.2493766,0
2022-06-25 22:47:09,0,0,0,0,0,99.00249,0.7481297,0.2493766,0
2022-06-25 22:47:08,0,0,0.5025126,0,0,98.49246,1.0050251,0,0
2022-06-25 22:47:07,0,0,0.75,0.25,0,97.5,1.25,0.25,0
2022-06-25 22:47:06,0,0,0.9950249,0.2487562,0,96.26866,1.99005,0.2487562,0
2022-06-25 22:47:05,0,0,0.7518797,0,0,96.74185,2.506266,0,0
2022-06-25 22:47:04,0,0,0.5012531,0,0,96.99248,2.506266,0,0
2022-06-25 22:47:03,0,0,0.4975124,0.4975124,0,97.01493,1.741294,0.2487562,0
2022-06-25 22:47:02,0,0,0,0,0,99,0.75,0.25,0
2022-06-25 22:47:01,0,0,0.25,0,0,98,1.5,0.25,0
2022-06-25 22:47:00,0,0,0.75,0.5,0,96,2.5,0.25,0
2022-06-25 22:46:59,0,0,1.2531328,0,0,96.2406,2.506266,0,0
2022-06-25 22:46:58,0,0,0.75,0,0,96.75,2.25,0.25,0
2022-06-25 22:46:57,0,0,0.5,0,0,96.75,2.5,0.25,0
2022-06-25 22:46:56,0,0,0.5,0,0,97.25,2,0.25,0
2022-06-25 22:46:55,0,0,0.4987531,0.2493766,0,97.75561,1.2468828,0.2493766,0
2022-06-25 22:46:54,0,0,0.25,0.25,0,98.75,0.75,0,0
2022-06-25 22:46:53,0,0,0.2506266,0,0,97.49373,2.005013,0.2506266,0
2022-06-25 22:46:52,0,0,0.7481297,0.2493766,0,96.7581,2.244389,0,0
2022-06-25 22:46:51,0,0,0.5,0.25,0,96.5,2.5,0.25,0
2022-06-25 22:46:50,0,0,0.9975062,0.2493766,0,94.26434,4.239401,0.2493766,0
2022-06-25 22:46:49,0,0,1.5037594,0.2506266,0,90.97744,7.26817,0,0
2022-06-25 22:46:48,0,0,1.5037594,0,0,91.22807,7.017544,0.2506266,0
2022-06-25 22:46:47,0,0,1.0025063,0,0,91.22807,7.518797,0.2506266,0
2022-06-25 22:46:46,0,0,0.4987531,0,0,93.51621,5.985037,0,0
2022-06-25 22:46:45,0,0,0,0.2487562,0,93.03483,6.467662,0.2487562,0
2022-06-25 22:46:44,0,0,0,0,0,93.98496,5.764411,0.2506266,0
2022-06-25 22:46:43,0,0,0.2493766,0,0,94.01496,5.236908,0.4987531,0
2022-06-25 22:46:42,0,0,0.4987531,0.2493766,0,88.52868,9.975062,0.2493766,0
2022-06-25 22:46:41,0,0,0.75,0,0,91.25,7.25,0.25,0
2022-06-25 22:46:40,0,0,0,0,0,91.68766,8.312343,0,0
2022-06-25 22:46:39,0,0,0.2493766,0,0,96.00998,3.491272,0.2493766,0
2022-06-25 22:46:38,0,0,0,0,0,97.49373,2.255639,0.2506266,0
2022-06-25 22:46:37,0,0,0,0,0,97,3,0,0
2022-06-25 22:46:36,0,0,0.25,0,0,97,2.5,0.25,0
2022-06-25 22:46:35,0,0,0,0,0,98.25,1.5,0.25,0
2022-06-25 22:46:34,0,0,0.25,0,0,98,1.75,0,0
2022-06-25 22:46:33,0,0,0.248139,0.248139,0,98.51117,0.7444169,0.248139,0
2022-06-25 22:46:32,0,0,0.5025126,0,0,97.73869,1.5075377,0.2512563,0
2022-06-25 22:46:31,0,0,1.0025063,0,0,96.49123,2.506266,0,0
2022-06-25 22:46:30,0,0,0.5,0.25,0,96.75,2.5,0,0
2022-06-25 22:46:29,0,0,0.4975124,0.2487562,0,97.51244,1.4925373,0.2487562,0
2022-06-25 22:46:28,0,0,0,0,0,98.24561,1.5037594,0.2506266,0
2022-06-25 22:46:27,0,0,0.25,0,0,99,0.5,0.25,0
2022-06-25 22:46:26,0,0,0.5,0.25,0,97,2.25,0,0
2022-06-25 22:46:25,0,0,0.9950249,0.2487562,0,96.26866,2.238806,0.2487562,0
2022-06-25 22:46:24,0,0,1.5075377,0,0,96.23116,2.261307,0,0
2022-06-25 22:46:23,0,0,0.7518797,0.5012531,0,95.98997,2.255639,0.5012531,0
2022-06-25 22:46:22,0,0,0.2493766,0,0,98.75312,0.7481297,0.2493766,0
2022-06-25 22:46:21,0,0,0,0,0,98.74687,1.2531328,0,0
2022-06-25 22:46:20,0,0,0.4987531,0,0,97.00748,2.244389,0.2493766,0
2022-06-25 22:46:19,0,0,0.7481297,0,0,97.50623,1.4962594,0.2493766,0
2022-06-25 22:46:18,0,0,0.75,0,0,97.25,1.75,0.25,0
2022-06-25 22:46:17,0,0,1.0050251,0.2512563,0,96.23116,2.261307,0.2512563,0
2022-06-25 22:46:16,0,0,0.75,0.5,0,96,2.5,0.25,0
2022-06-25 22:46:15,0,0,0.2493766,0.2493766,0,98.00499,1.2468828,0.2493766,0
2022-06-25 22:46:14,0,0,0.25,0,0,98.25,1.25,0.25,0
2022-06-25 22:46:13,0,0,0.5025126,0.2512563,0,97.98995,0.7537688,0.5025126,0
2022-06-25 22:46:12,0,0,0.4962779,0.248139,0,96.77419,2.233251,0.248139,0
2022-06-25 22:46:11,0,0,0.7518797,0,0,96.99248,2.005013,0.2506266,0
2022-06-25 22:46:10,0,0,1,0,0,96.75,2.25,0,0
2022-06-25 22:46:09,0,0,0.75,0,0,96,3,0.25,0
2022-06-25 22:46:08,0,0,0.25,0,0,98.5,1.25,0,0
2022-06-25 22:46:07,0,0,0.5,0.25,0,98,1,0.25,0
2022-06-25 22:46:06,0,0,0.25,0,0,98.75,1,0,0
2022-06-25 22:46:05,0,0,0.4975124,0,0,97.01493,2.238806,0.2487562,0
2022-06-25 22:46:04,0,0,1.0050251,0,0,96.48241,2.261307,0.2512563,0
2022-06-25 22:46:03,0,0,1.2468828,0,0,95.7606,2.992519,0,0
2022-06-25 22:46:02,0,0,0.5012531,0.2506266,0,96.74185,2.255639,0.2506266,0
2022-06-25 22:46:01,0,0,0.25,0,0,99,0.5,0.25,0
2022-06-25 22:46:00,0,0,0.5,0,0,98,1.25,0.25,0
2022-06-25 22:45:59,0,0,0,0,0,98.74687,1.0025063,0.2506266,0
2022-06-25 22:45:58,0,0,0.248139,0,0,97.76675,1.4888337,0.4962779,0
2022-06-25 22:45:57,0,0,1.0050251,0.2512563,0,95.9799,2.763819,0,0
2022-06-25 22:45:56,0,0,1,0,0,93.75,5,0.25,0
2022-06-25 22:45:55,0,0,1.0050251,0.5025126,0,94.72362,3.517588,0.2512563,0
2022-06-25 22:45:54,0,0,0.4975124,0.2487562,0,97.01493,1.99005,0,0
2022-06-25 22:45:53,0,0,0.5,0,0,97.25,2,0.25,0
2022-06-25 22:45:52,0,0,0.25,0,0,98.5,1,0.25,0
2022-06-25 22:45:51,0,0,0,0,0,99.49875,0.5012531,0,0
2022-06-25 22:45:50,0,0,0.2493766,0,0,97.00748,2.493766,0.2493766,0
2022-06-25 22:45:49,0,0,0.75,0,0,97,2,0.25,0
2022-06-25 22:45:48,0,0,1.2531328,0.5012531,0,95.2381,2.756892,0.2506266,0
2022-06-25 22:45:47,0,0,1.5,0,0,92.25,5.5,0.75,0
2022-06-25 22:45:46,0,0,1.736973,0.248139,0,90.57072,6.947891,0.248139,0
2022-06-25 22:45:45,0,0,1.0050251,0.2512563,0,91.9598,6.78392,0,0
2022-06-25 22:45:44,0,0,0.5012531,0,0,92.23058,7.017544,0.2506266,0
2022-06-25 22:45:43,0,0,0.4987531,0.2493766,0,93.01746,5.985037,0.2493766,0
2022-06-25 22:45:42,0,0,0.2493766,0,0,93.51621,5.985037,0.2493766,0
2022-06-25 22:45:41,0,0,0,0,0,91.45729,8.291457,0.2512563,0
2022-06-25 22:45:40,0,0,0,0,0,92.78607,6.716418,0.2487562,0
2022-06-25 22:45:39,0,0,0,0.2506266,0,90.47619,8.270677,0.2506266,0
2022-06-25 22:45:38,0,0,0.2506266,0.2506266,0,86.71679,7.518797,0,0
2022-06-25 22:45:37,0,0,0,0,0,94.19192,5.555556,0,0
2022-06-25 22:45:36,0,0,0.2493766,0,0,97.25686,2.244389,0.2493766,0
2022-06-25 22:45:35,0,0,0,0,0,98.99749,0.5012531,0.5012531,0
2022-06-25 22:45:34,0,0,0.2493766,0,0,98.50374,0.9975062,0.2493766,0
2022-06-25 22:45:33,0,0,0,0.25,0,98.5,1,0.25,0
2022-06-25 22:45:32,0,0,0,0,0,98.75,1,0.25,0
2022-06-25 22:45:31,0,0,0.5,0,0,98,1.5,0,0
2022-06-25 22:45:30,0,0,0.2506266,0,0,98.24561,1.5037594,0,0
2022-06-25 22:45:29,0,0,0.7462687,0.2487562,0,96.51741,1.99005,0.4975124,0
2022-06-25 22:45:28,0,0,0.75,0.25,0,96.75,2,0.25,0
2022-06-25 22:45:27,0,0,0.5,0,0,97.5,1.75,0.25,0
2022-06-25 22:45:26,0,0,0.25,0.25,0,98,1.5,0,0
2022-06-25 22:45:25,0,0,0.7518797,0,0,97.24311,1.754386,0.2506266,0
2022-06-25 22:45:24,0,0,0.75,0,0,98.25,1,0,0
2022-06-25 22:45:23,0,0,0.9975062,0.2493766,0,96.25935,2.244389,0.2493766,0
2022-06-25 22:45:22,0,0,0.25,0,0,97.75,1.75,0.25,0
2022-06-25 22:45:21,0,0,0.75,0.25,0,97,2,0,0
2022-06-25 22:45:20,0,0,0.75,0.25,0,96.25,2.5,0.25,0
2022-06-25 22:45:19,0,0,0.25,0,0,98.25,1.5,0,0
2022-06-25 22:45:18,0,0,0.2512563,0,0,98.74372,1.0050251,0,0
2022-06-25 22:45:17,0,0,1.2468828,0.2493766,0,96.50873,1.745636,0.2493766,0
2022-06-25 22:45:16,0,0,0.7481297,0,0,97.25686,1.745636,0.2493766,0
2022-06-25 22:45:15,0,0,0.25,0.5,0,98.25,0.75,0.25,0
2022-06-25 22:45:14,0,0,1,0.25,0,95.5,3,0.25,0
2022-06-25 22:45:13,0,0,0.7518797,0.2506266,0,96.49123,2.506266,0,0
2022-06-25 22:45:12,0,0,0.2493766,0,0,98.50374,0.7481297,0.4987531,0
2022-06-25 22:45:11,0,0,0.2512563,0,0,98.24121,1.2562814,0.2512563,0
2022-06-25 22:45:10,0,0,1.2437811,0.2487562,0,95.77114,2.487562,0.2487562,0
2022-06-25 22:45:09,0,0,0.5012531,0.2506266,0,97.24311,2.005013,0,0
2022-06-25 22:45:08,0,0,0.4987531,0,0,97.50623,1.4962594,0.4987531,0
2022-06-25 22:45:07,0,0,1,0.25,0,96.25,2.5,0,0
2022-06-25 22:45:06,0,0,0.7518797,0,0,96.99248,2.255639,0,0
2022-06-25 22:45:05,0,0,0.25,0,0,98.5,1,0.25,0
2022-06-25 22:45:04,0,0,0.4987531,0.2493766,0,98.25436,0.7481297,0.2493766,0
2022-06-25 22:45:03,0,0,1,0,0,96.25,2.5,0.25,0
2022-06-25 22:45:02,0,0,0.7518797,0.2506266,0,96.99248,1.754386,0.2506266,0
2022-06-25 22:45:01,0,0,0.4987531,0.2493766,0,97.25686,1.745636,0.2493766,0
2022-06-25 22:45:00,0,0,0.7518797,0.2506266,0,96.74185,1.754386,0.5012531,0
2022-06-25 22:44:59,0,0,0.75,0.5,0,96.5,2,0.25,0
2022-06-25 22:44:58,0,0,0.2493766,0,0,98.75312,0.4987531,0.2493766,0
2022-06-25 22:44:57,0,0,0.25,0,0,98.75,1,0,0
2022-06-25 22:44:56,0,0,0.4987531,0,0,96.25935,2.743142,0.4987531,0
2022-06-25 22:44:55,0,0,1,0.25,0,95.25,3.25,0.25,0
2022-06-25 22:44:54,0,0,0.75,0.25,0,95.25,3.75,0,0
2022-06-25 22:44:53,0,0,0.7462687,0,0,95.77114,2.736318,0.7462687,0
2022-06-25 22:44:52,0,0,0.5037783,0,0,98.23678,1.2594458,0,0
2022-06-25 22:44:51,0,0,0.25,0,0,97,2.25,0.5,0
2022-06-25 22:44:50,0,0,0.25,0.25,0,98.5,1,0,0
2022-06-25 22:44:49,0,0,0.2493766,0,0,98.25436,0.9975062,0.4987531,0
2022-06-25 22:44:48,0,0,0.2506266,0,0,97.99499,1.754386,0,0
2022-06-25 22:44:47,0,0,0.9975062,0.2493766,0,95.7606,2.743142,0.2493766,0
2022-06-25 22:44:46,0,0,1.5037594,0.5012531,0,93.48371,4.010025,0.5012531,0
2022-06-25 22:44:45,0,0,1.5,0.75,0,92,5.75,0,0
2022-06-25 22:44:44,0,0,1.4962594,0.2493766,0,88.77805,8.977556,0.4987531,0
2022-06-25 22:44:43,0,0,0.5,0.25,0,93.25,5.75,0.25,0
2022-06-25 22:44:42,0,0,0.5012531,0,0,91.4787,7.518797,0.5012531,0
2022-06-25 22:44:41,0,0,0.2493766,0,0,93.76559,5.735661,0,0
2022-06-25 22:44:40,0,0,0.7537688,0.2512563,0,91.70854,7.035176,0.2512563,0
2022-06-25 22:44:39,0,0,0,0,0,92.80397,6.947891,0.248139,0
2022-06-25 22:44:38,0,0,0,0,0,87.15365,12.09068,0.5037783,0
2022-06-25 22:44:37,0,0,0.2487562,0,0,94.02985,5.721393,0,0
2022-06-25 22:44:36,0,0,0,0,0,95.47739,4.020101,0.2512563,0
2022-06-25 22:44:35,0,0,0.2506266,0,0,96.2406,3.258145,0.2506266,0
2022-06-25 22:44:34,0,0,0,0,0,97.50623,2.244389,0.2493766,0
2022-06-25 22:44:33,0,0,0.25,0,0,98,1.5,0.25,0
2022-06-25 22:44:32,0,0,0,0,0,98.5,1.25,0.25,0
2022-06-25 22:44:31,0,0,0,0.2506266,0,98.74687,0.5012531,0.5012531,0
2022-06-25 22:44:30,0,0,0.25,0,0,97.75,1.75,0.25,0
2022-06-25 22:44:29,0,0,0.75,0,0,96,3,0.25,0
2022-06-25 22:44:28,0,0,0.2506266,0,0,98.49624,1.2531328,0,0
2022-06-25 22:44:27,0,0,0.4975124,0.2487562,0,96.76617,1.99005,0.4975124,0
2022-06-25 22:44:26,0,0,0.5012531,0,0,98.24561,1.2531328,0,0
2022-06-25 22:44:25,0,0,0.7462687,0.2487562,0,97.01493,1.99005,0,0
2022-06-25 22:44:24,0,0,0.2506266,0,0,98.49624,0.7518797,0.5012531,0
2022-06-25 22:44:23,0,0,0.5,0,0,98,1.25,0.25,0
2022-06-25 22:44:22,0,0,1,0,0,96,2.75,0.25,0
2022-06-25 22:44:21,0,0,0.7537688,0,0,97.73869,1.2562814,0.2512563,0
2022-06-25 22:44:20,0,0,0.4987531,0,0,96.25935,2.743142,0.4987531,0
2022-06-25 22:44:19,0,0,0.5,0,0,98,1.5,0,0
2022-06-25 22:44:18,0,0,1,0,0,97.75,1.25,0,0
2022-06-25 22:44:17,0,0,0,0,0,99.25373,0.4975124,0.2487562,0
2022-06-25 22:44:16,0,0,0.2512563,0,0,97.73869,1.758794,0.2512563,0
2022-06-25 22:44:15,0,0,0.9975062,0.2493766,0,96.50873,2.244389,0,0
2022-06-25 22:44:14,0,0,1.0025063,0,0,96.49123,2.506266,0,0
2022-06-25 22:44:13,0,0,0.7518797,0,0,96.74185,2.255639,0.2506266,0
2022-06-25 22:44:12,0,0,0.7481297,0.4987531,0,97.25686,1.2468828,0.2493766,0
2022-06-25 22:44:11,0,0,0.4987531,0,0,97.75561,1.4962594,0.2493766,0
2022-06-25 22:44:10,0,0,0,0,0,98.99749,1.0025063,0,0
2022-06-25 22:44:09,0,0,0.5,0,0,98,1.25,0.25,0
2022-06-25 22:44:08,0,0,0.7481297,0.2493766,0,96.00998,2.743142,0.2493766,0
2022-06-25 22:44:07,0,0,1.2468828,0,0,95.26185,2.992519,0.4987531,0
2022-06-25 22:44:06,0,0,0.7537688,0,0,96.48241,2.763819,0,0
2022-06-25 22:44:05,0,0,0.75,0.25,0,96.75,1.75,0.5,0
2022-06-25 22:44:04,0,0,0.2493766,0.2493766,0,98.00499,1.4962594,0,0
2022-06-25 22:44:03,0,0,0,0.25,0,99,0.75,0,0
2022-06-25 22:44:02,0,0,0.5,0,0,97.75,1.25,0.5,0
2022-06-25 22:44:01,0,0,1.2468828,0.2493766,0,95.51122,2.992519,0,0
2022-06-25 22:44:00,0,0,0.7537688,0.2512563,0,96.23116,2.763819,0,0
2022-06-25 22:43:59,0,0,0.7518797,0,0,97.24311,1.754386,0.2506266,0
2022-06-25 22:43:58,0,0,0.9975062,0.2493766,0,95.7606,2.493766,0.4987531,0
2022-06-25 22:43:57,0,0,0.2506266,0,0,97.99499,1.5037594,0.2506266,0
2022-06-25 22:43:56,0,0,0,0,0,99,1,0,0
2022-06-25 22:43:55,0,0,0.4987531,0.2493766,0,97.50623,1.2468828,0.4987531,0
2022-06-25 22:43:54,0,0,1,0,0,95.75,3.25,0,0
2022-06-25 22:43:53,0,0,0.7481297,0,0,96.7581,1.995012,0.4987531,0
2022-06-25 22:43:52,0,0,0.5012531,0,0,96.99248,2.255639,0.2506266,0
2022-06-25 22:43:51,0,0,0.7481297,0.2493766,0,96.50873,2.493766,0,0
2022-06-25 22:43:50,0,0,1.0025063,0.2506266,0,95.48872,3.258145,0,0
2022-06-25 22:43:49,0,0,0,0,0,98.50746,0.7462687,0.7462687,0
2022-06-25 22:43:48,0,0,0.2506266,0,0,98.49624,1.0025063,0,0
2022-06-25 22:43:47,0,0,0.4987531,0.2493766,0,96.00998,2.992519,0.2493766,0
2022-06-25 22:43:46,0,0,1.2562814,0,0,95.72864,3.015075,0,0
2022-06-25 22:43:45,0,0,0.9975062,0.2493766,0,94.51372,3.990025,0.2493766,0
2022-06-25 22:43:44,0,0,0.9975062,0,0,91.02244,7.730673,0.2493766,0
2022-06-25 22:43:43,0,0,0.7518797,0.2506266,0,93.98496,5.012531,0,0
2022-06-25 22:43:42,0,0,0.7518797,0.5012531,0,92.23058,6.265664,0.2506266,0
2022-06-25 22:43:41,0,0,0.7462687,0.2487562,0,91.54229,7.21393,0.2487562,0
2022-06-25 22:43:40,0,0,1,0.25,0,92,6.75,0,0
2022-06-25 22:43:39,0,0,0.7537688,0,0,90.20101,8.542714,0.5025126,0
2022-06-25 22:43:38,0,0,0.2487562,0.2487562,0,90.79602,8.208955,0.4975124,0
2022-06-25 22:43:37,0,0,0,0,0,92.75,6.75,0.5,0
2022-06-25 22:43:36,0,0,0,0,0,95.48872,4.511278,0,0
2022-06-25 22:43:35,0,0,0.25,0,0,94,5.5,0.25,0
2022-06-25 22:43:34,0,0,0,0,0,92,7,0.25,0
2022-06-25 22:43:33,0,0,0,0,0,95.25,4.25,0.5,0
2022-06-25 22:43:32,0,0,0,0,0,96.97733,2.770781,0,0
2022-06-25 22:43:31,0,0,0,0,0,99.5,0.25,0.25,0
2022-06-25 22:43:30,0,0,0.4962779,0.248139,0,98.01489,0.9925558,0.248139,0
2022-06-25 22:43:29,0,0,0,0,0,98.99497,1.0050251,0,0
2022-06-25 22:43:28,0,0,0.5012531,0,0,97.49373,1.754386,0.2506266,0
2022-06-25 22:43:27,0,0,0.4975124,0,0,97.51244,1.741294,0.2487562,0
2022-06-25 22:43:26,0,0,0.2506266,0,0,98.49624,1.2531328,0,0
2022-06-25 22:43:25,0,0,0.5012531,0,0,97.49373,1.754386,0.2506266,0
2022-06-25 22:43:24,0,0,0.9975062,0.2493766,0,96.25935,2.244389,0.2493766,0
2022-06-25 22:43:23,0,0,0.5,0,0,97.25,2,0.25,0
2022-06-25 22:43:22,0,0,0.2506266,0.2506266,0,97.99499,1.5037594,0,0
2022-06-25 22:43:21,0,0,0.9975062,0.2493766,0,96.25935,1.745636,0.7481297,0
2022-06-25 22:43:20,0,0,0.4987531,0.2493766,0,96.7581,2.244389,0.2493766,0
2022-06-25 22:43:19,0,0,0.2506266,0.5012531,0,97.74436,1.5037594,0,0
2022-06-25 22:43:18,0,0,0.7481297,0,0,97.75561,1.2468828,0.2493766,0
2022-06-25 22:43:17,0,0,1.0025063,0,0,96.2406,2.756892,0,0
2022-06-25 22:43:16,0,0,0.25,0.25,0,98.5,0.75,0.25,0
2022-06-25 22:43:15,0,0,0.25,0,0,98.25,1.25,0.25,0
2022-06-25 22:43:14,0,0,1.25,0.25,0,95.75,2.75,0,0
2022-06-25 22:43:13,0,0,0.5012531,0,0,96.99248,2.255639,0.2506266,0
2022-06-25 22:43:12,0,0,0.2493766,0,0,98.75312,0.7481297,0.2493766,0
2022-06-25 22:43:11,0,0,0.2506266,0,0,98.49624,1.2531328,0,0
2022-06-25 22:43:10,0,0,1,0.25,0,96.5,2,0.25,0
2022-06-25 22:43:09,0,0,0.7481297,0.2493766,0,97.75561,1.2468828,0,0
2022-06-25 22:43:08,0,0,0.7481297,0.2493766,0,97.00748,1.995012,0,0
2022-06-25 22:43:07,0,0,0.5012531,0,0,97.49373,1.754386,0.2506266,0
2022-06-25 22:43:06,0,0,0.5,0,0,97.75,1.5,0.25,0
2022-06-25 22:43:05,0,0,0,0,0,99.00249,0.7481297,0.2493766,0
2022-06-25 22:43:04,0,0,1,0,0,96.75,2.25,0,0
2022-06-25 22:43:03,0,0,1.0025063,0.2506266,0,96.74185,1.754386,0.2506266,0
2022-06-25 22:43:02,0,0,0.2506266,0,0,97.99499,1.5037594,0.2506266,0
2022-06-25 22:43:01,0,0,0.7462687,0,0,97.26368,1.741294,0.2487562,0
2022-06-25 22:43:00,0,0,0.7537688,0.2512563,0,96.73367,2.01005,0.2512563,0
2022-06-25 22:42:59,0,0,0.25,0,0,98,1.5,0.25,0
2022-06-25 22:42:58,0,0,0.5,0,0,98,1.25,0.25,0
2022-06-25 22:42:57,0,0,0.7481297,0,0,97.25686,1.745636,0.2493766,0
2022-06-25 22:42:56,0,0,0.9975062,0.4987531,0,94.76309,3.491272,0.2493766,0
2022-06-25 22:42:55,0,0,0.2506266,0,0,97.99499,1.5037594,0.2506266,0
2022-06-25 22:42:54,0,0,0.4987531,0,0,97.25686,1.995012,0,0
2022-06-25 22:42:53,0,0,0.75,0,0,98,1,0.25,0
2022-06-25 22:42:52,0,0,0,0,0,97.74436,2.005013,0.2506266,0
2022-06-25 22:42:51,0,0,0.5012531,0,0,98.24561,1.0025063,0.2506266,0
2022-06-25 22:42:50,0,0,0.75,0,0,96.75,2.25,0.25,0
2022-06-25 22:42:49,0,0,0.9950249,0.2487562,0,95.27363,2.985075,0.4975124,0
2022-06-25 22:42:48,0,0,0.5025126,0.2512563,0,95.9799,3.266332,0,0
2022-06-25 22:42:47,0,0,0.2493766,0.2493766,0,97.50623,1.745636,0.2493766,0
2022-06-25 22:42:46,0,0,0.4987531,0,0,97.00748,2.244389,0.2493766,0
2022-06-25 22:42:45,0,0,0.7518797,0,0,95.73935,3.258145,0.2506266,0
2022-06-25 22:42:44,0,0,1.2437811,0.2487562,0,94.27861,3.9801,0.2487562,0
2022-06-25 22:42:43,0,0,0.5050505,0.2525253,0,95.20202,4.040404,0,0
2022-06-25 22:42:42,0,0,0.9925558,0,0,93.54839,5.210918,0.248139,0
2022-06-25 22:42:41,0,0,1,0,0,91.5,7.25,0.25,0
2022-06-25 22:42:40,0,0,0.7518797,0.5012531,0,94.73684,3.759398,0.2506266,0
2022-06-25 22:42:39,0,0,0.7518797,0.2506266,0,90.72682,8.02005,0.2506266,0
2022-06-25 22:42:38,0,0,0.9975062,0,0,91.27182,7.23192,0.4987531,0
2022-06-25 22:42:37,0,0,0.5,0,0,92.75,6.75,0,0
2022-06-25 22:42:36,0,0,0,0.2493766,0,89.02743,10.473815,0.2493766,0
2022-06-25 22:42:35,0,0,0,0,0,94.73684,5.012531,0.2506266,0
2022-06-25 22:42:34,0,0,0,0,0,95,5,0,0
2022-06-25 22:42:33,0,0,0.2506266,0.5012531,0,94.48622,4.511278,0.2506266,0
2022-06-25 22:42:32,0,0,0,0,0,93.25,6.25,0.25,0
2022-06-25 22:42:31,0,0,0,0,0,96.74185,3.007519,0.2506266,0
2022-06-25 22:42:30,0,0,0,0,0,98.25436,1.4962594,0.2493766,0
2022-06-25 22:42:29,0,0,0,0,0,98.99497,1.0050251,0,0
2022-06-25 22:42:28,0,0,0.2493766,0,0,98.75312,0.7481297,0.2493766,0
2022-06-25 22:42:27,0,0,0.2493766,0,0,97.50623,1.995012,0.2493766,0
2022-06-25 22:42:26,0,0,0.7462687,0.2487562,0,96.26866,2.238806,0.4975124,0
2022-06-25 22:42:25,0,0,0.7556675,0.2518892,0,97.22922,1.763224,0,0
2022-06-25 22:42:24,0,0,0,0,0,99.25187,0.4987531,0.2493766,0
2022-06-25 22:42:23,0,0,0.4975124,0.2487562,0,96.76617,2.238806,0.2487562,0
2022-06-25 22:42:22,0,0,0.7518797,0,0,97.24311,1.754386,0.2506266,0
2022-06-25 22:42:21,0,0,0.25,0.25,0,98,1.25,0.25,0
2022-06-25 22:42:20,0,0,0.7556675,0,0,97.733,1.511335,0,0
2022-06-25 22:42:19,0,0,0.7462687,0.2487562,0,96.26866,2.238806,0.4975124,0
2022-06-25 22:42:18,0,0,0.25,0,0,98.75,1,0,0
2022-06-25 22:42:17,0,0,0.7518797,0,0,97.49373,1.754386,0,0
2022-06-25 22:42:16,0,0,1.2468828,0.2493766,0,95.26185,2.743142,0.4987531,0
2022-06-25 22:42:15,0,0,0.5012531,0.2506266,0,97.49373,1.754386,0,0
2022-06-25 22:42:14,0,0,0,0,0,98.5,1,0.25,0
2022-06-25 22:42:13,0,0,0.7462687,0.2487562,0,96.26866,2.238806,0.4975124,0
2022-06-25 22:42:12,0,0,0.7481297,0,0,97.50623,1.4962594,0.2493766,0
2022-06-25 22:42:11,0,0,0.2512563,0,0,98.24121,1.2562814,0.2512563,0
2022-06-25 22:42:10,0,0,1.2468828,0.2493766,0,94.76309,3.241895,0.4987531,0
2022-06-25 22:42:09,0,0,1,0,0,96,2.75,0.25,0
2022-06-25 22:42:08,0,0,0.2512563,0,0,99.24623,0.5025126,0,0
2022-06-25 22:42:07,0,0,0,0.25,0,99,0.75,0,0
2022-06-25 22:42:06,0,0,0.4975124,0,0,97.76119,1.4925373,0.2487562,0
2022-06-25 22:42:05,0,0,0.5012531,0.2506266,0,98.24561,1.0025063,0,0
2022-06-25 22:42:04,0,0,1.25,0,0,95.5,2.75,0.5,0
2022-06-25 22:42:03,0,0,0.9975062,0.2493766,0,96.25935,2.493766,0,0
2022-06-25 22:42:02,0,0,0.4987531,0,0,97.50623,1.745636,0.2493766,0
2022-06-25 22:42:01,0,0,0.2518892,0,0,97.98489,1.763224,0,0
2022-06-25 22:42:00,0,0,0.2493766,0.2493766,0,99.00249,0.4987531,0,0
2022-06-25 22:41:59,0,0,0.25,0,0,98.75,0.5,0.5,0
2022-06-25 22:41:58,0,0,0.9975062,0.2493766,0,95.01247,3.740648,0,0
2022-06-25 22:41:57,0,0,1.5,0,0,95.5,2.5,0.5,0
2022-06-25 22:41:56,0,0,0.7518797,0,0,97.74436,1.5037594,0,0
2022-06-25 22:41:55,0,0,0.5012531,0,0,96.2406,3.007519,0.2506266,0
2022-06-25 22:41:54,0,0,0,0,0,99,0.75,0.25,0
2022-06-25 22:41:53,0,0,0.2487562,0.2487562,0,99.00498,0.4975124,0,0
2022-06-25 22:41:52,0,0,0.2506266,0,0,96.74185,2.756892,0.2506266,0
2022-06-25 22:41:51,0,0,0.5012531,0.2506266,0,97.24311,1.5037594,0.5012531,0
2022-06-25 22:41:50,0,0,1.25,0.25,0,95.75,2.5,0.25,0
2022-06-25 22:41:49,0,0,0.75,0.25,0,95,3.5,0.5,0
2022-06-25 22:41:48,0,0,0.5,0,0,96.75,2.5,0.25,0
2022-06-25 22:41:47,0,0,0.75,0,0,97.25,2,0,0
2022-06-25 22:41:46,0,0,0,0,0,99,0.75,0.25,0
2022-06-25 22:41:45,0,0,0,0,0,99,1,0,0
2022-06-25 22:41:44,0,0,0.2506266,0,0,97.99499,1.754386,0,0
2022-06-25 22:41:43,0,0,0.75,0,0,96,3,0.25,0
2022-06-25 22:41:42,0,0,1.2437811,0.2487562,0,93.03483,4.975124,0.4975124,0
2022-06-25 22:41:41,0,0,1.75,0,0,91.5,6.5,0.25,0
2022-06-25 22:41:40,0,0,1.4962594,0.4987531,0,92.5187,5.236908,0.2493766,0
2022-06-25 22:41:39,0,0,0.5,0.25,0,91.25,7.75,0.25,0
2022-06-25 22:41:38,0,0,0.7518797,0,0,93.98496,5.012531,0.2506266,0
2022-06-25 22:41:37,0,0,0.2506266,0,0,93.23308,6.265664,0.2506266,0
2022-06-25 22:41:36,0,0,0.2493766,0.2493766,0,95.01247,4.239401,0.2493766,0
2022-06-25 22:41:35,0,0,0.4987531,0,0,93.51621,5.985037,0,0
2022-06-25 22:41:34,0,0,0,0,0,91.72932,7.769424,0.5012531,0
2022-06-25 22:41:33,0,0,0,0,0,89.77556,9.476309,0.4987531,0
2022-06-25 22:41:32,0,0,0.25,0,0,90.5,7.75,0.25,0
2022-06-25 22:41:31,0,0,0,0,0,96.74185,3.007519,0.2506266,0
2022-06-25 22:41:30,0,0,0,0.25,0,96.75,3,0,0
2022-06-25 22:41:29,0,0,0,0,0,96.98492,2.763819,0.2512563,0
2022-06-25 22:41:28,0,0,0.2493766,0.2493766,0,98.75312,0.4987531,0.2493766,0
2022-06-25 22:41:27,0,0,0,0,0,99.75062,0.2493766,0,0
2022-06-25 22:41:26,0,0,0,0,0,98.24121,1.2562814,0.5025126,0
2022-06-25 22:41:25,0,0,0.25,0,0,99.25,0.5,0,0
2022-06-25 22:41:24,0,0,0.5,0.25,0,97.5,1.5,0.25,0
2022-06-25 22:41:23,0,0,0.9925558,0.248139,0,95.5335,2.977667,0.248139,0
2022-06-25 22:41:22,0,0,1.0050251,0,0,96.98492,1.758794,0.2512563,0
2022-06-25 22:41:21,0,0,0.2506266,0.2506266,0,97.49373,2.005013,0,0
2022-06-25 22:41:20,0,0,0.248139,0.248139,0,98.26303,0.9925558,0.248139,0
2022-06-25 22:41:19,0,0,0,0,0,99.49875,0.5012531,0,0
2022-06-25 22:41:18,0,0,0.2493766,0,0,99.00249,0.4987531,0.2493766,0
2022-06-25 22:41:17,0,0,0.5012531,0,0,97.99499,1.2531328,0.2506266,0
2022-06-25 22:41:16,0,0,1.745636,0,0,94.51372,3.491272,0.2493766,0
2022-06-25 22:41:15,0,0,1.0025063,0.5012531,0,94.73684,3.759398,0,0
2022-06-25 22:41:14,0,0,0.5,0,0,98,1.25,0.25,0
2022-06-25 22:41:13,0,0,0,0,0,98.5,1.5,0,0
2022-06-25 22:41:12,0,0,0,0,0,99.24812,0.5012531,0.2506266,0
2022-06-25 22:41:11,0,0,0.4962779,0.248139,0,97.51861,1.4888337,0.248139,0
2022-06-25 22:41:10,0,0,0.5037783,0,0,97.98489,1.511335,0,0
2022-06-25 22:41:09,0,0,1.25,0,0,96,2.5,0.25,0
2022-06-25 22:41:08,0,0,1.4962594,0.2493766,0,95.51122,2.743142,0,0
2022-06-25 22:41:07,0,0,0.5,0.25,0,97.25,1.75,0.25,0
2022-06-25 22:41:06,0,0,0,0,0,99,0.75,0.25,0
2022-06-25 22:41:05,0,0,0,0,0,99.25,0.75,0,0
2022-06-25 22:41:04,0,0,0.25,0,0,98.25,1.25,0.25,0
2022-06-25 22:41:03,0,0,1.0025063,0.2506266,0,96.99248,1.754386,0,0
2022-06-25 22:41:02,0,0,1.0025063,0.2506266,0,95.98997,2.506266,0.2506266,0
2022-06-25 22:41:01,0,0,1.745636,0,0,94.76309,3.241895,0.2493766,0
2022-06-25 22:41:00,0,0,0.4987531,0,0,97.50623,1.995012,0,0
2022-06-25 22:40:59,0,0,0,0,0,100,0,0,0
2022-06-25 22:40:58,0,0,0.2493766,0,0,97.75561,1.4962594,0.4987531,0
2022-06-25 22:40:57,0,0,0.2493766,0.2493766,0,98.00499,1.2468828,0.2493766,0
2022-06-25 22:40:56,0,0,1.2468828,0.2493766,0,96.50873,1.995012,0,0
2022-06-25 22:40:55,0,0,1.2562814,0,0,94.97487,3.517588,0.2512563,0
2022-06-25 22:40:54,0,0,0.9950249,0.4975124,0,95.52239,2.736318,0.2487562,0
2022-06-25 22:40:53,0,0,0.7537688,0,0,96.48241,2.512563,0.2512563,0
2022-06-25 22:40:52,0,0,0,0,0,98.50374,1.2468828,0.2493766,0
2022-06-25 22:40:51,0,0,0,0,0,98.74687,1.0025063,0.2506266,0
2022-06-25 22:40:50,0,0,0.2493766,0,0,99.00249,0.4987531,0.2493766,0
2022-06-25 22:40:49,0,0,0.75,0.25,0,95.75,3,0.25,0
2022-06-25 22:40:48,0,0,1.25,0,0,94.25,4.25,0.25,0
2022-06-25 22:40:47,0,0,0.7518797,0.2506266,0,96.2406,2.756892,0,0
2022-06-25 22:40:46,0,0,0.7481297,0,0,96.25935,2.743142,0.2493766,0
2022-06-25 22:40:45,0,0,0.75,0,0,96.75,2.25,0.25,0
2022-06-25 22:40:44,0,0,0,0,0,99,1,0,0
2022-06-25 22:40:43,0,0,0,0,0,98.75,0.75,0.5,0
2022-06-25 22:40:42,0,0,0.2493766,0,0,99.00249,0.4987531,0.2493766,0
2022-06-25 22:40:41,0,0,0.25,0,0,97.75,1.75,0.25,0
2022-06-25 22:40:40,0,0,0.7518797,0,0,94.23559,4.761905,0.2506266,0
2022-06-25 22:40:39,0,0,1.75,0.25,0,93,4.5,0.5,0
2022-06-25 22:40:38,0,0,1.75,0.5,0,92.5,5,0.25,0
2022-06-25 22:40:37,0,0,1.2531328,0,0,88.7218,9.774436,0.2506266,0
2022-06-25 22:40:36,0,0,0.4987531,0.2493766,0,94.01496,4.738155,0.4987531,0
2022-06-25 22:40:35,0,0,0.75,0.25,0,93.25,5.5,0,0
2022-06-25 22:40:34,0,0,0.2518892,0,0,93.19899,6.297229,0.2518892,0
2022-06-25 22:40:33,0,0,0,0,0,93.25,6.75,0,0
2022-06-25 22:40:32,0,0,0,0.248139,0,93.54839,5.459057,0.4962779,0
2022-06-25 22:40:31,0,0,0,0,0,90.45226,9.296482,0,0
2022-06-25 22:40:30,0,0,0,0,0,81.10831,11.838791,0,0
2022-06-25 22:40:29,0,0,0.2487562,0,0,95.52239,3.731343,0.2487562,0
2022-06-25 22:40:28,0,0,0,0.2506266,0,96.49123,3.258145,0,0
2022-06-25 22:40:27,0,0,0.2506266,0,0,97.24311,2.255639,0.2506266,0
2022-06-25 22:40:26,0,0,0,0,0,98.75312,0.9975062,0.2493766,0
2022-06-25 22:40:25,0,0,0.5,0.25,0,98,1,0.25,0
2022-06-25 22:40:24,0,0,0,0,0,99.25,0.5,0.25,0
2022-06-25 22:40:23,0,0,0,0,0,99.24812,0.7518797,0,0
2022-06-25 22:40:22,0,0,0.2493766,0,0,98.75312,0.7481297,0.2493766,0
2022-06-25 22:40:21,0,0,0.75,0.5,0,96.5,2.25,0,0
2022-06-25 22:40:20,0,0,0.7518797,0,0,96.99248,2.005013,0.2506266,0
2022-06-25 22:40:19,0,0,0.7481297,0.2493766,0,97.00748,1.995012,0,0
2022-06-25 22:40:18,0,0,0.25,0,0,98.25,1.5,0,0
2022-06-25 22:40:17,0,0,0.25,0,0,99,0.5,0.25,0
2022-06-25 22:40:16,0,0,0,0,0,99.5,0.5,0,0
2022-06-25 22:40:15,0,0,0.5,0.25,0,97.25,1.5,0.5,0
2022-06-25 22:40:14,0,0,1.2531328,0.2506266,0,94.73684,3.508772,0.2506266,0
2022-06-25 22:40:13,0,0,1,0.5,0,95.5,2.75,0.25,0
2022-06-25 22:40:12,0,0,0.75,0,0,98,1,0.25,0
2022-06-25 22:40:11,0,0,0.2487562,0.2487562,0,97.01493,2.238806,0.2487562,0
2022-06-25 22:40:10,0,0,0,0,0,99.49875,0.5012531,0,0
2022-06-25 22:40:09,0,0,0,0,0,98.75,1,0.25,0
2022-06-25 22:40:08,0,0,0.5025126,0,0,97.73869,1.5075377,0.2512563,0
2022-06-25 22:40:07,0,0,1.25,0,0,96.25,2.5,0,0
2022-06-25 22:40:06,0,0,1.25,0.25,0,96,2,0.5,0
2022-06-25 22:40:05,0,0,0.7462687,0,0,95.52239,3.482587,0.2487562,0
2022-06-25 22:40:04,0,0,0.2518892,0,0,98.99244,0.7556675,0,0
2022-06-25 22:40:03,0,0,0.2493766,0,0,98.75312,0.7481297,0.2493766,0
2022-06-25 22:40:02,0,0,0,0,0,99.24623,0.7537688,0,0
2022-06-25 22:40:01,0,0,0.7444169,0,0,96.77419,1.985112,0.4962779,0
2022-06-25 22:40:00,0,0,1.2531328,0,0,96.49123,2.005013,0.2506266,0
2022-06-25 22:39:59,0,0,1.2468828,0.2493766,0,94.51372,3.740648,0.2493766,0
2022-06-25 22:39:58,0,0,0.7462687,0.4975124,0,96.0199,2.238806,0.4975124,0
2022-06-25 22:39:57,0,0,0.2512563,0,0,98.24121,1.2562814,0.2512563,0
2022-06-25 22:39:56,0,0,0,0.2493766,0,99.25187,0.2493766,0.2493766,0
2022-06-25 22:39:55,0,0,0.2506266,0,0,98.49624,1.2531328,0,0
2022-06-25 22:39:54,0,0,0.75,0,0,97.5,1.5,0.25,0
2022-06-25 22:39:53,0,0,1.2562814,0.5025126,0,95.47739,2.512563,0.2512563,0
2022-06-25 22:39:52,0,0,1,0.25,0,95,3.75,0,0
2022-06-25 22:39:51,0,0,0.5,0,0,97.75,1.5,0.25,0
2022-06-25 22:39:50,0,0,0.4987531,0,0,98.25436,0.9975062,0.2493766,0
2022-06-25 22:39:49,0,0,0,0,0,98.75312,1.2468828,0,0
2022-06-25 22:39:48,0,0,0.2506266,0,0,98.74687,0.7518797,0.2506266,0
2022-06-25 22:39:47,0,0,0.2487562,0.2487562,0,97.51244,1.741294,0.2487562,0
2022-06-25 22:39:46,0,0,0.5025126,0,0,97.48744,1.758794,0.2512563,0
2022-06-25 22:39:45,0,0,1.2468828,0.2493766,0,95.26185,3.241895,0,0
2022-06-25 22:39:44,0,0,1.2437811,0.2487562,0,95.52239,2.736318,0.2487562,0
2022-06-25 22:39:43,0,0,0.2512563,0,0,97.48744,2.261307,0,0
2022-06-25 22:39:42,0,0,0.5,0.25,0,97,1.75,0.5,0
2022-06-25 22:39:41,0,0,0,0,0,99.5,0.25,0.25,0
2022-06-25 22:39:40,0,0,0,0,0,98.74687,1.2531328,0,0
2022-06-25 22:39:39,0,0,0.25,0,0,98.25,1.5,0,0
2022-06-25 22:39:38,0,0,0.9975062,0.2493766,0,94.26434,4.239401,0.2493766,0
2022-06-25 22:39:37,0,0,0.9975062,0,0,95.51122,3.241895,0.2493766,0
2022-06-25 22:39:36,0,0,1.75,0,0,90,7.75,0.5,0
2022-06-25 22:39:35,0,0,1.2562814,0.5025126,0,91.45729,6.78392,0,0
2022-06-25 22:39:34,0,0,1.5,0.25,0,89.5,8.5,0.25,0
2022-06-25 22:39:33,0,0,0.5,0,0,92.75,6.5,0.25,0
2022-06-25 22:39:32,0,0,0.4975124,0.2487562,0,94.27861,4.726368,0.2487562,0
2022-06-25 22:39:31,0,0,0,0,0,94.25,5.25,0.25,0
2022-06-25 22:39:30,0,0,0.2506266,0,0,93.23308,5.513784,1.0025063,0
2022-06-25 22:39:29,0,0,0,0,0,94,5.5,0.5,0
2022-06-25 22:39:28,0,0,0.2506266,0.2506266,0,87.7193,11.027569,0.5012531,0
2022-06-25 22:39:27,0,0,0,0.25,0,90.25,7.75,0.25,0
2022-06-25 22:39:26,0,0,0.25,0,0,92.5,4.75,0.25,0
2022-06-25 22:39:25,0,0,0.5012531,0.2506266,0,97.24311,1.754386,0.2506266,0
2022-06-25 22:39:24,0,0,0,0,0,98.75,1,0.25,0
2022-06-25 22:39:23,0,0,0,0,0,99.74937,0.2506266,0,0
2022-06-25 22:39:22,0,0,0.2493766,0,0,99.00249,0.4987531,0.2493766,0
2022-06-25 22:39:21,0,0,0,0,0,98.74687,1.2531328,0,0
2022-06-25 22:39:20,0,0,0.25,0,0,99,0.75,0,0
2022-06-25 22:39:19,0,0,0.5,0,0,97.5,1.75,0.25,0
2022-06-25 22:39:18,0,0,0.5,0,0,97.5,2,0,0
2022-06-25 22:39:17,0,0,0.75,0,0,98,1.25,0,0
2022-06-25 22:39:16,0,0,0.7481297,0,0,97.75561,0.9975062,0.4987531,0
2022-06-25 22:39:15,0,0,0.7537688,0,0,96.73367,2.512563,0,0
2022-06-25 22:39:14,0,0,0,0,0,98.75,1,0.25,0
2022-06-25 22:39:13,0,0,0.4987531,0,0,98.50374,0.4987531,0.4987531,0
2022-06-25 22:39:12,0,0,0.75,0.25,0,96.75,2,0.25,0
2022-06-25 22:39:11,0,0,0.75,0.25,0,97.25,1.75,0,0
2022-06-25 22:39:10,0,0,0.9950249,0,0,96.26866,2.238806,0.2487562,0
2022-06-25 22:39:09,0,0,0.7481297,0,0,96.7581,2.244389,0.2493766,0
2022-06-25 22:39:08,0,0,0.2506266,0,0,97.49373,1.5037594,0.7518797,0
2022-06-25 22:39:07,0,0,0,0,0,99,0.75,0.25,0
2022-06-25 22:39:06,0,0,0.5,0,0,98.5,1,0,0
2022-06-25 22:39:05,0,0,0.7537688,0,0,97.23618,2.01005,0,0
2022-06-25 22:39:04,0,0,0.7481297,0.2493766,0,96.7581,1.995012,0.2493766,0
2022-06-25 22:39:03,0,0,1,0,0,96.25,2.75,0,0
2022-06-25 22:39:02,0,0,0.7462687,0.2487562,0,97.01493,1.741294,0.2487562,0
2022-06-25 22:39:01,0,0,0.2506266,0,0,98.24561,1.2531328,0.2506266,0
2022-06-25 22:39:00,0,0,0.2506266,0,0,98.99749,0.7518797,0,0
2022-06-25 22:38:59,0,0,0.5012531,0.2506266,0,97.24311,1.754386,0.2506266,0
2022-06-25 22:38:58,0,0,1.25,0,0,96.75,1.5,0.5,0
2022-06-25 22:38:57,0,0,0.5,0.25,0,97.75,1.5,0,0
2022-06-25 22:38:56,0,0,1,0.25,0,96.25,2.25,0.25,0
2022-06-25 22:38:55,0,0,0.7481297,0,0,97.25686,1.745636,0.2493766,0
2022-06-25 22:38:54,0,0,0.2506266,0,0,98.74687,0.7518797,0.2506266,0
2022-06-25 22:38:53,0,0,0.25,0.25,0,98.25,1,0.25,0
2022-06-25 22:38:52,0,0,0.2506266,0,0,97.49373,2.255639,0,0
2022-06-25 22:38:51,0,0,0.9950249,0,0,96.76617,1.99005,0.2487562,0
2022-06-25 22:38:50,0,0,0.7518797,0,0,96.74185,2.255639,0.2506266,0
2022-06-25 22:38:49,0,0,1.2437811,0.2487562,0,95.52239,2.985075,0,0
2022-06-25 22:38:48,0,0,0.2512563,0,0,98.49246,1.0050251,0.2512563,0
2022-06-25 22:38:47,0,0,0.25,0.25,0,97.5,1.75,0.25,0
2022-06-25 22:38:46,0,0,0.4987531,0.2493766,0,97.75561,1.4962594,0,0
2022-06-25 22:38:45,0,0,0,0,0,99.00249,0.9975062,0,0
2022-06-25 22:38:44,0,0,0.5012531,0,0,96.99248,2.005013,0.5012531,0
2022-06-25 22:38:43,0,0,0.7481297,0,0,97.00748,1.745636,0.4987531,0
2022-06-25 22:38:42,0,0,1.25,0.5,0,94.25,4,0,0
2022-06-25 22:38:41,0,0,0.7518797,0.2506266,0,95.98997,2.756892,0.2506266,0
2022-06-25 22:38:40,0,0,0.5012531,0,0,97.74436,1.754386,0,0
2022-06-25 22:38:39,0,0,0.25,0.25,0,98.75,0.5,0.25,0
2022-06-25 22:38:38,0,0,0,0,0,99.00249,0.7481297,0.2493766,0
2022-06-25 22:38:37,0,0,0.25,0,0,99,0.75,0,0
2022-06-25 22:38:36,0,0,0.2506266,0,0,96.49123,3.007519,0.2506266,0
2022-06-25 22:38:35,0,0,1,0,0,96.25,2.75,0,0
2022-06-25 22:38:34,0,0,1.2406948,0.248139,0,92.30769,5.955335,0.248139,0
2022-06-25 22:38:33,0,0,1.5,1,0,90,7,0.5,0
2022-06-25 22:38:32,0,0,1.0050251,0.2512563,0,93.21608,5.527638,0,0
2022-06-25 22:38:31,0,0,1.2468828,0.2493766,0,90.52369,7.730673,0.2493766,0
2022-06-25 22:38:30,0,0,0.2512563,0.2512563,0,94.72362,4.522613,0.2512563,0
2022-06-25 22:38:29,0,0,0.4975124,0,0,93.28358,5.721393,0.4975124,0
2022-06-25 22:38:28,0,0,0.25,0.25,0,95.5,3.75,0,0
2022-06-25 22:38:27,0,0,0.2512563,0,0,90.45226,9.045226,0.2512563,0
2022-06-25 22:38:26,0,0,0,0,0,94.5,5.5,0,0
2022-06-25 22:38:25,0,0,2.238806,0,0,77.8607,10.696517,0.4975124,0
2022-06-25 22:38:24,0,0,0,0,0,91.5,6.5,0.5,0
2022-06-25 22:38:23,0,0,0.25,0.25,0,96.75,2.75,0,0
2022-06-25 22:38:22,0,0,0,0.25,0,97.75,1.75,0.25,0
2022-06-25 22:38:21,0,0,0.2493766,0,0,98.25436,1.4962594,0,0
2022-06-25 22:38:20,0,0,0,0,0,99.25,0.5,0.25,0
2022-06-25 22:38:19,0,0,0,0,0,99.25373,0.4975124,0.2487562,0
2022-06-25 22:38:18,0,0,0,0,0,99.24623,0.7537688,0,0
2022-06-25 22:38:17,0,0,0.2487562,0,0,97.26368,1.741294,0.7462687,0
2022-06-25 22:38:16,0,0,0.5025126,0,0,98.74372,0.7537688,0,0
2022-06-25 22:38:15,0,0,0.75,0,0,96,3,0.25,0
2022-06-25 22:38:14,0,0,1.25,0.25,0,95.75,2.75,0,0
2022-06-25 22:38:13,0,0,0.2506266,0.2506266,0,98.49624,0.7518797,0.2506266,0
2022-06-25 22:38:12,0,0,0.2493766,0,0,98.00499,1.745636,0,0
2022-06-25 22:38:11,0,0,0,0,0,98.74687,1.0025063,0.2506266,0
2022-06-25 22:38:10,0,0,0.4987531,0,0,97.50623,1.995012,0,0
2022-06-25 22:38:09,0,0,1,0.25,0,96.25,2.25,0.25,0
2022-06-25 22:38:08,0,0,1.5037594,0,0,95.48872,2.756892,0.2506266,0
2022-06-25 22:38:07,0,0,0.7462687,0.2487562,0,96.76617,1.99005,0.2487562,0
2022-06-25 22:38:06,0,0,0.5,0,0,97.75,1.5,0.25,0
2022-06-25 22:38:05,0,0,0,0,0,98.49246,1.2562814,0.2512563,0
2022-06-25 22:38:04,0,0,0.25,0,0,98.75,0.75,0.25,0
2022-06-25 22:38:03,0,0,0.2493766,0.2493766,0,98.00499,1.4962594,0,0
2022-06-25 22:38:02,0,0,0.7518797,0.2506266,0,96.49123,2.255639,0.2506266,0
2022-06-25 22:38:01,0,0,2,0.25,0,94.25,3.5,0,0
2022-06-25 22:38:00,0,0,0.7481297,0,0,97.75561,1.4962594,0,0
2022-06-25 22:37:59,0,0,0.4987531,0.2493766,0,97.00748,1.995012,0.2493766,0
2022-06-25 22:37:58,0,0,0,0,0,99.24623,0.5025126,0.2512563,0
2022-06-25 22:37:57,0,0,0,0,0,99.74937,0.2506266,0,0
2022-06-25 22:37:56,0,0,0.2493766,0,0,98.50374,0.9975062,0.2493766,0
2022-06-25 22:37:55,0,0,1.4925373,0.2487562,0,95.27363,2.736318,0.2487562,0
2022-06-25 22:37:54,0,0,1.5075377,0.5025126,0,93.96985,4.020101,0,0
2022-06-25 22:37:53,0,0,0.4987531,0,0,97.50623,1.995012,0,0
2022-06-25 22:37:52,0,0,0.5,0.25,0,97.5,1.25,0.5,0
2022-06-25 22:37:51,0,0,0,0.2506266,0,98.99749,0.7518797,0,0
2022-06-25 22:37:50,0,0,0.2493766,0,0,98.50374,0.9975062,0.2493766,0
2022-06-25 22:37:49,0,0,0.25,0,0,99.5,0.25,0,0
2022-06-25 22:37:48,0,0,1.0025063,0,0,96.2406,2.506266,0.2506266,0
2022-06-25 22:37:47,0,0,1.5037594,0.2506266,0,94.48622,3.508772,0.2506266,0
2022-06-25 22:37:46,0,0,0.4987531,0.4987531,0,97.50623,1.2468828,0.2493766,0
2022-06-25 22:37:45,0,0,0.2506266,0,0,97.74436,2.005013,0,0
2022-06-25 22:37:44,0,0,0.2493766,0,0,98.50374,0.9975062,0.2493766,0
2022-06-25 22:37:43,0,0,0,0,0,99.5,0.25,0.25,0
2022-06-25 22:37:42,0,0,0,0,0,99.25187,0.4987531,0.2493766,0
2022-06-25 22:37:41,0,0,0.7481297,0,0,95.01247,3.740648,0.4987531,0
2022-06-25 22:37:40,0,0,1.2562814,0,0,94.47236,4.020101,0.2512563,0
2022-06-25 22:37:39,0,0,1.5,0.25,0,94,4.25,0,0
2022-06-25 22:37:38,0,0,0.5025126,0,0,96.73367,2.763819,0,0
2022-06-25 22:37:37,0,0,0.2475248,0,0,97.52475,1.732673,0.4950495,0
2022-06-25 22:37:36,0,0,0.2512563,0,0,99.24623,0.2512563,0.2512563,0
2022-06-25 22:37:35,0,0,0,0,0,99.25187,0.4987531,0.2493766,0
2022-06-25 22:37:34,0,0,0,0,0,98.5,1.5,0,0
2022-06-25 22:37:33,0,0,0.25,0.25,0,98,1.5,0,0
2022-06-25 22:37:32,0,0,1.5,0.25,0,94,4,0,0
2022-06-25 22:37:31,0,0,1.745636,0.2493766,0,91.27182,6.234414,0.4987531,0
2022-06-25 22:37:30,0,0,1.745636,0.2493766,0,90.52369,7.23192,0.2493766,0
2022-06-25 22:37:29,0,0,0.7537688,0,0,90.45226,8.291457,0.5025126,0
2022-06-25 22:37:28,0,0,1.0025063,0,0,91.72932,7.017544,0.2506266,0
2022-06-25 22:37:27,0,0,0,0,0,95,4.75,0.25,0
2022-06-25 22:37:26,0,0,0,0,0,93.78109,5.970149,0.2487562,0
2022-06-25 22:37:25,0,0,0.2512563,0,0,94.47236,5.025126,0.2512563,0
2022-06-25 22:37:24,0,0,0.2487562,0,0,93.53234,5.970149,0.2487562,0
2022-06-25 22:37:23,0,0,0,0,0,89.5,9.5,0.5,0
2022-06-25 22:37:22,0,0,0,0,0,84.84848,10.606061,0.2525253,0
2022-06-25 22:37:21,0,0,0,0.5,0,95,4.25,0.25,0
2022-06-25 22:37:20,0,0,0.2506266,0,0,97.99499,1.754386,0,0
2022-06-25 22:37:19,0,0,0,0,0,98.74687,1.0025063,0.2506266,0
2022-06-25 22:37:18,0,0,0.2493766,0,0,98.75312,0.7481297,0.2493766,0
2022-06-25 22:37:17,0,0,0,0,0,99.24812,0.5012531,0.2506266,0
2022-06-25 22:37:16,0,0,0,0,0,99.25,0.5,0.25,0
2022-06-25 22:37:15,0,0,0,0,0,98.75,1.25,0,0
2022-06-25 22:37:14,0,0,0.5012531,0,0,97.99499,1.5037594,0,0
2022-06-25 22:37:13,0,0,0.7481297,0,0,96.7581,1.995012,0.4987531,0
2022-06-25 22:37:12,0,0,0.5,0.25,0,97,2,0.25,0
2022-06-25 22:37:11,0,0,0.7518797,0,0,97.49373,1.754386,0,0
2022-06-25 22:37:10,0,0,0.2493766,0,0,99.00249,0.4987531,0.2493766,0
2022-06-25 22:37:09,0,0,0,0,0,99,0.75,0.25,0
2022-06-25 22:37:08,0,0,0.2493766,0,0,99.00249,0.4987531,0.2493766,0
2022-06-25 22:37:07,0,0,1.0025063,0,0,97.24311,1.754386,0,0
2022-06-25 22:37:06,0,0,0.9950249,0.2487562,0,95.27363,3.482587,0,0
2022-06-25 22:37:05,0,0,1.0050251,0,0,96.23116,2.512563,0.2512563,0
2022-06-25 22:37:04,0,0,0.5,0,0,98.25,1.25,0,0
2022-06-25 22:37:03,0,0,0.4962779,0,0,97.76675,1.2406948,0.248139,0
2022-06-25 22:37:02,0,0,0,0,0,99.49622,0.2518892,0.2518892,0
2022-06-25 22:37:01,0,0,0.7481297,0.2493766,0,97.25686,1.745636,0,0
2022-06-25 22:37:00,0,0,0.4975124,0.2487562,0,96.51741,2.487562,0.2487562,0
2022-06-25 22:36:59,0,0,1.2626263,0,0,97.22222,1.2626263,0.2525253,0
2022-06-25 22:36:58,0,0,0.9950249,0,0,97.01493,1.741294,0.2487562,0
2022-06-25 22:36:57,0,0,0.2493766,0.2493766,0,97.25686,1.995012,0.2493766,0
2022-06-25 22:36:56,0,0,0.4987531,0,0,98.25436,0.9975062,0.2493766,0
2022-06-25 22:36:55,0,0,0.4987531,0.2493766,0,98.00499,0.9975062,0.2493766,0
2022-06-25 22:36:54,0,0,0,0,0,98.99244,1.0075567,0,0
2022-06-25 22:36:53,0,0,0.7481297,0.2493766,0,97.00748,1.745636,0.2493766,0
2022-06-25 22:36:52,0,0,1.2468828,0.2493766,0,96.00998,2.493766,0,0
2022-06-25 22:36:51,0,0,0.7518797,0,0,96.2406,3.007519,0,0
2022-06-25 22:36:50,0,0,0.7481297,0.4987531,0,96.50873,1.995012,0.2493766,0
2022-06-25 22:36:49,0,0,0.2512563,0.2512563,0,97.73869,1.758794,0,0
2022-06-25 22:36:48,0,0,0.5012531,0.2506266,0,97.99499,1.2531328,0,0
2022-06-25 22:36:47,0,0,0.2493766,0,0,98.25436,1.2468828,0.2493766,0
2022-06-25 22:36:46,0,0,0.5,0,0,98.25,1,0.25,0
2022-06-25 22:36:45,0,0,1.0025063,0.2506266,0,96.74185,1.754386,0.2506266,0
2022-06-25 22:36:44,0,0,1,0,0,97.25,1.75,0,0
2022-06-25 22:36:43,0,0,0.7481297,0.2493766,0,97.00748,1.745636,0.2493766,0
2022-06-25 22:36:42,0,0,0.2493766,0,0,98.00499,1.4962594,0.2493766,0
2022-06-25 22:36:41,0,0,0.2506266,0,0,97.49373,2.255639,0,0
2022-06-25 22:36:40,0,0,0.5,0,0,97.75,1.5,0.25,0
2022-06-25 22:36:39,0,0,0.2493766,0,0,98.00499,1.2468828,0.4987531,0
2022-06-25 22:36:38,0,0,0.9975062,0.2493766,0,93.76559,4.738155,0.2493766,0
2022-06-25 22:36:37,0,0,0.7556675,0,0,96.47355,2.770781,0,0
2022-06-25 22:36:36,0,0,0.7481297,0.4987531,0,95.01247,3.491272,0.2493766,0
2022-06-25 22:36:35,0,0,0.7481297,0,0,96.25935,2.743142,0.2493766,0
2022-06-25 22:36:34,0,0,0,0.25,0,98.25,1.25,0.25,0
2022-06-25 22:36:33,0,0,0.2506266,0.2506266,0,97.74436,1.5037594,0.2506266,0
2022-06-25 22:36:32,0,0,0.5,0,0,97.75,1.5,0.25,0
2022-06-25 22:36:31,0,0,0.5,0.25,0,96.75,2.25,0.25,0
2022-06-25 22:36:30,0,0,0.9975062,0.2493766,0,92.01995,6.733167,0,0
2022-06-25 22:36:29,0,0,1.758794,0,0,93.96985,4.271357,0,0
2022-06-25 22:36:28,0,0,1.2468828,0,0,93.76559,4.488778,0.4987531,0
2022-06-25 22:36:27,0,0,1.2468828,0.2493766,0,88.52868,9.975062,0,0
2022-06-25 22:36:26,0,0,1.0025063,0.5012531,0,92.73183,5.513784,0.2506266,0
2022-06-25 22:36:25,0,0,1.2468828,0.2493766,0,91.5212,6.483791,0.2493766,0.2493766
2022-06-25 22:36:24,0,0,0,0.2512563,0,91.45729,8.040201,0.2512563,0
2022-06-25 22:36:23,0,0,0.2493766,0,0,93.01746,6.733167,0,0
2022-06-25 22:36:22,0,0,0,0,0,94,5.5,0.25,0
2022-06-25 22:36:21,0,0,0,0,0,93.46734,6.281407,0,0
2022-06-25 22:36:20,0,0,0,0,0,89.25,7.25,0.25,0
2022-06-25 22:36:19,0,0,0.2506266,0.2506266,0,87.96992,7.26817,0.2506266,0
2022-06-25 22:36:18,0,0,0,0,0,97.24311,2.506266,0.2506266,0
2022-06-25 22:36:17,0,0,0.25,0,0,99.5,0.25,0,0
2022-06-25 22:36:16,0,0,0,0,0,97.99499,2.005013,0,0
2022-06-25 22:36:15,0,0,0.2493766,0,0,98.50374,0.9975062,0.2493766,0
2022-06-25 22:36:14,0,0,0.2512563,0,0,98.49246,1.2562814,0,0
2022-06-25 22:36:13,0,0,0.2493766,0,0,98.00499,1.2468828,0.4987531,0
2022-06-25 22:36:12,0,0,0,0,0,99.24812,0.7518797,0,0
2022-06-25 22:36:11,0,0,0,0,0,99.25,0.75,0,0
2022-06-25 22:36:10,0,0,0.9925558,0.248139,0,95.28536,3.225806,0.248139,0
2022-06-25 22:36:09,0,0,1.2531328,0.2506266,0,95.98997,2.255639,0.2506266,0
2022-06-25 22:36:08,0,0,0,0,0,99.49875,0.5012531,0,0
2022-06-25 22:36:07,0,0,0.5,0,0,98,1.25,0.25,0
2022-06-25 22:36:06,0,0,0.2493766,0,0,98.00499,1.745636,0,0
2022-06-25 22:36:05,0,0,0,0,0,99.74874,0.2512563,0,0
2022-06-25 22:36:04,0,0,0.7481297,0,0,97.00748,1.745636,0.4987531,0
2022-06-25 22:36:03,0,0,1.5037594,0.2506266,0,94.73684,3.508772,0,0
2022-06-25 22:36:02,0,0,0.7481297,0.2493766,0,96.7581,1.995012,0.2493766,0
2022-06-25 22:36:01,0,0,0,0,0,98.99749,0.7518797,0.2506266,0
2022-06-25 22:36:00,0,0,0.25,0,0,98.5,1.25,0,0
2022-06-25 22:35:59,0,0,0.5,0.5,0,97.75,1,0.25,0
2022-06-25 22:35:58,0,0,0.4987531,0,0,97.75561,1.4962594,0.2493766,0
2022-06-25 22:35:57,0,0,1.2406948,0.248139,0,96.02978,2.233251,0.248139,0
2022-06-25 22:35:56,0,0,1.2562814,0,0,96.23116,2.261307,0.2512563,0
2022-06-25 22:35:55,0,0,0.5,0,0,98.5,0.75,0.25,0
2022-06-25 22:35:54,0,0,0,0,0,98.74687,1.2531328,0,0
2022-06-25 22:35:53,0,0,0.5,0.25,0,98,1,0.25,0
2022-06-25 22:35:52,0,0,0.4975124,0.2487562,0,98.00995,0.9950249,0.2487562,0
2022-06-25 22:35:51,0,0,0.2506266,0,0,98.99749,0.7518797,0,0
2022-06-25 22:35:50,0,0,1.0025063,0,0,96.2406,2.255639,0.5012531,0
2022-06-25 22:35:49,0,0,1.2468828,0,0,96.50873,2.244389,0,0
2022-06-25 22:35:48,0,0,0.7537688,0.2512563,0,96.48241,2.261307,0.2512563,0
2022-06-25 22:35:47,0,0,0.2487562,0.2487562,0,99.00498,0.2487562,0.2487562,0
2022-06-25 22:35:46,0,0,0,0,0,98.99749,0.7518797,0.2506266,0
2022-06-25 22:35:45,0,0,0.5,0,0,97.75,1.5,0.25,0
2022-06-25 22:35:44,0,0,0.4987531,0.2493766,0,97.50623,1.2468828,0.4987531,0
2022-06-25 22:35:43,0,0,1.2468828,0.4987531,0,94.76309,2.992519,0.4987531,0
2022-06-25 22:35:42,0,0,1.2531328,0.2506266,0,95.98997,2.255639,0.2506266,0
2022-06-25 22:35:41,0,0,0.5012531,0,0,97.24311,2.005013,0.2506266,0
2022-06-25 22:35:40,0,0,0.2493766,0,0,97.75561,1.745636,0.2493766,0
2022-06-25 22:35:39,0,0,0,0,0,99.49749,0.5025126,0,0
2022-06-25 22:35:38,0,0,0.2487562,0.2487562,0,97.01493,2.238806,0.2487562,0
2022-06-25 22:35:37,0,0,0.5025126,0,0,97.23618,2.261307,0,0
2022-06-25 22:35:36,0,0,0.7462687,0.4975124,0,96.0199,2.487562,0.2487562,0
2022-06-25 22:35:35,0,0,1.2531328,0.5012531,0,93.73434,4.511278,0,0
2022-06-25 22:35:34,0,0,1,0,0,95.5,3.25,0.25,0
2022-06-25 22:35:33,0,0,0.5012531,0,0,98.24561,1.0025063,0.2506266,0
2022-06-25 22:35:32,0,0,0.2493766,0,0,98.25436,1.2468828,0.2493766,0
2022-06-25 22:35:31,0,0,0,0,0,99,0.75,0.25,0
2022-06-25 22:35:30,0,0,0.2493766,0,0,98.50374,0.9975062,0.2493766,0
2022-06-25 22:35:29,0,0,0.2512563,0,0,97.73869,2.01005,0,0
2022-06-25 22:35:28,0,0,0.7481297,0,0,96.25935,2.743142,0.2493766,0
2022-06-25 22:35:27,0,0,1.25,0.25,0,93.25,5.25,0,0
2022-06-25 22:35:26,0,0,1.25,0.25,0,92.75,5.5,0.25,0
2022-06-25 22:35:25,0,0,1.99005,0.7462687,0,87.06468,9.950249,0.2487562,0
2022-06-25 22:35:24,0,0,1.2562814,0.2512563,0,91.70854,6.532663,0.2512563,0
2022-06-25 22:35:23,0,0,0.9975062,0.2493766,0,92.26933,6.234414,0.2493766,0
2022-06-25 22:35:22,0,0,0.2493766,0.2493766,0,92.76808,6.483791,0.2493766,0
2022-06-25 22:35:21,0,0,0.2506266,0,0,93.98496,5.513784,0.2506266,0
2022-06-25 22:35:20,0,0,0,0.2493766,0,94.26434,5.236908,0.2493766,0
2022-06-25 22:35:19,0,0,0,0,0,93.70277,5.793451,0.2518892,0
2022-06-25 22:35:18,0,0,0,0,0,93.53234,5.970149,0.4975124,0
2022-06-25 22:35:17,0,0,0.25,0,0,91.25,7.75,0.25,0
2022-06-25 22:35:16,0,0,0,0,0,94.96222,4.785894,0.2518892,0
2022-06-25 22:35:15,0,0,0,0,0,98.24561,1.5037594,0.2506266,0
2022-06-25 22:35:14,0,0,0.2487562,0.2487562,0,97.76119,1.2437811,0.2487562,0
2022-06-25 22:35:13,0,0,0,0,0,98.99749,0.7518797,0.2506266,0
2022-06-25 22:35:12,0,0,0,0,0,98.75,1.25,0,0
2022-06-25 22:35:11,0,0,0.25,0,0,99.25,0.25,0.25,0
2022-06-25 22:35:10,0,0,0.5,0,0,98.5,1,0,0
2022-06-25 22:35:09,0,0,0.2493766,0,0,98.75312,0.9975062,0,0
2022-06-25 22:35:08,0,0,0.75,0.25,0,96.75,2,0.25,0
2022-06-25 22:35:07,0,0,0.7481297,0,0,97.00748,2.244389,0,0
2022-06-25 22:35:06,0,0,0.2512563,0,0,98.74372,0.7537688,0.2512563,0
2022-06-25 22:35:05,0,0,0.5,0.25,0,98,1.25,0,0
2022-06-25 22:35:04,0,0,0.5,0,0,96.5,2.5,0.5,0
2022-06-25 22:35:03,0,0,0.2487562,0.2487562,0,98.25871,1.2437811,0,0
2022-06-25 22:35:02,0,0,0.5,0,0,97.25,2,0.25,0
2022-06-25 22:35:01,0,0,1.2468828,0.2493766,0,95.51122,2.743142,0.2493766,0
2022-06-25 22:35:00,0,0,0.5063291,0,0,98.22785,1.2658228,0,0
2022-06-25 22:34:59,0,0,0.4975124,0,0,97.76119,1.4925373,0.2487562,0
2022-06-25 22:34:58,0,0,0.25,0,0,98.75,0.75,0.25,0
2022-06-25 22:34:57,0,0,0.5,0.25,0,98,1.25,0,0
2022-06-25 22:34:56,0,0,0.4987531,0,0,98.75312,0.7481297,0,0
2022-06-25 22:34:55,0,0,0.7537688,0.2512563,0,95.9799,2.512563,0.5025126,0
2022-06-25 22:34:54,0,0,0.4987531,0,0,96.7581,2.743142,0,0
2022-06-25 22:34:53,0,0,0.9950249,0,0,96.51741,1.99005,0.4975124,0
2022-06-25 22:34:52,0,0,0.7537688,0,0,97.23618,2.01005,0,0
2022-06-25 22:34:51,0,0,0,0,0,98.50374,1.2468828,0.2493766,0
2022-06-25 22:34:50,0,0,0.4987531,0.2493766,0,98.00499,0.9975062,0.2493766,0
2022-06-25 22:34:49,0,0,0.7537688,0,0,97.23618,1.758794,0.2512563,0
2022-06-25 22:34:48,0,0,0.7462687,0.2487562,0,96.26866,2.487562,0.2487562,0
2022-06-25 22:34:47,0,0,1,0,0,96.75,2,0.25,0
2022-06-25 22:34:46,0,0,0.7556675,0.2518892,0,96.97733,2.015113,0,0
2022-06-25 22:34:45,0,0,0.7481297,0,0,96.7581,2.244389,0.2493766,0
2022-06-25 22:34:44,0,0,0,0,0,99,0.75,0.25,0
2022-06-25 22:34:43,0,0,0.4975124,0.2487562,0,97.01493,1.99005,0.2487562,0
2022-06-25 22:34:42,0,0,0.4987531,0.2493766,0,97.25686,1.745636,0.2493766,0
2022-06-25 22:34:41,0,0,0.7575758,0,0,96.9697,2.020202,0.2525253,0
2022-06-25 22:34:40,0,0,0.9950249,0,0,97.01493,1.741294,0.2487562,0
2022-06-25 22:34:39,0,0,0.5012531,0.2506266,0,96.74185,2.255639,0.2506266,0
2022-06-25 22:34:38,0,0,0.7481297,0,0,96.7581,2.244389,0.2493766,0
2022-06-25 22:34:37,0,0,0,0,0,98.99749,0.7518797,0.2506266,0
2022-06-25 22:34:36,0,0,0.5012531,0,0,97.74436,1.5037594,0.2506266,0
2022-06-25 22:34:35,0,0,0.4975124,0,0,97.76119,1.2437811,0.4975124,0
2022-06-25 22:34:34,0,0,0.2493766,0,0,97.25686,1.995012,0.4987531,0
2022-06-25 22:34:33,0,0,1.0050251,0.2512563,0,94.72362,3.768844,0.2512563,0
2022-06-25 22:34:32,0,0,0.7481297,0.2493766,0,97.50623,1.2468828,0.2493766,0
2022-06-25 22:34:31,0,0,0.75,0.25,0,96.5,2.25,0.25,0
2022-06-25 22:34:30,0,0,0.5,0,0,96.75,2.5,0.25,0
2022-06-25 22:34:29,0,0,0,0,0,98.24561,1.754386,0,0
2022-06-25 22:34:28,0,0,0.2493766,0,0,97.25686,2.244389,0.2493766,0
2022-06-25 22:34:27,0,0,0.7481297,0.2493766,0,96.50873,2.493766,0,0
2022-06-25 22:34:26,0,0,1.0050251,0,0,95.22613,3.768844,0,0
2022-06-25 22:34:25,0,0,1,0,0,95.75,3.25,0,0
2022-06-25 22:34:24,0,0,1,0,0,94.5,4.25,0.25,0
2022-06-25 22:34:23,0,0,0.9975062,0.2493766,0,91.02244,7.481297,0.2493766,0
2022-06-25 22:34:22,0,0,1.0025063,0.2506266,0,93.23308,5.263158,0.2506266,0
2022-06-25 22:34:21,0,0,0.75,0,0,91.25,7.75,0.25,0
2022-06-25 22:34:20,0,0,0.7481297,0,0,89.77556,8.977556,0.4987531,0
2022-06-25 22:34:19,0,0,0.2512563,0,0,93.71859,6.030151,0,0
2022-06-25 22:34:18,0,0,0,0.2506266,0,94.73684,4.761905,0.2506266,0
2022-06-25 22:34:17,0,0,0,0,0,93.53234,6.218905,0.2487562,0
2022-06-25 22:34:16,0,0,0.2512563,0,0,90.95477,8.291457,0,0
2022-06-25 22:34:15,0,0,0.25,0,0,92.25,6.5,0.25,0
2022-06-25 22:34:14,0,0,0,0.2512563,0,92.96482,4.271357,0.2512563,0
2022-06-25 22:34:13,0,0,0.2493766,0,0,97.75561,1.745636,0.2493766,0
2022-06-25 22:34:12,0,0,0,0,0,97.98995,2.01005,0,0
2022-06-25 22:34:11,0,0,0.2493766,0,0,98.00499,1.4962594,0.2493766,0
2022-06-25 22:34:10,0,0,0,0,0,99.25187,0.4987531,0.2493766,0
2022-06-25 22:34:09,0,0,0.25,0,0,98,1.5,0.25,0
2022-06-25 22:34:08,0,0,0.25,0.25,0,98,1,0.5,0
2022-06-25 22:34:07,0,0,0.4987531,0,0,98.00499,1.4962594,0,0
2022-06-25 22:34:06,0,0,0.5037783,0.2518892,0,97.48111,1.763224,0,0
2022-06-25 22:34:05,0,0,0.7462687,0,0,96.26866,2.736318,0.2487562,0
2022-06-25 22:34:04,0,0,0.5,0.25,0,97.5,1.5,0.25,0
2022-06-25 22:34:03,0,0,0.5025126,0,0,97.98995,1.2562814,0.2512563,0
2022-06-25 22:34:02,0,0,0.4987531,0.2493766,0,97.25686,1.745636,0.2493766,0
2022-06-25 22:34:01,0,0,0.7518797,0,0,97.99499,1.2531328,0,0
2022-06-25 22:34:00,0,0,0.7462687,0.2487562,0,96.51741,1.99005,0.4975124,0
2022-06-25 22:33:59,0,0,1.0025063,0.2506266,0,96.49123,2.005013,0.2506266,0
2022-06-25 22:33:58,0,0,0.5,0.25,0,97.75,1.25,0.25,0
2022-06-25 22:33:57,0,0,0.75,0,0,97.25,1.5,0.5,0
2022-06-25 22:33:56,0,0,0.5,0.25,0,97.75,1.5,0,0
2022-06-25 22:33:55,0,0,0.2506266,0,0,97.99499,1.5037594,0.2506266,0
2022-06-25 22:33:54,0,0,1,0.25,0,96.75,1.5,0.5,0
2022-06-25 22:33:53,0,0,0.7481297,0.2493766,0,96.25935,1.995012,0.7481297,0
2022-06-25 22:33:52,0,0,0.75,0.25,0,97,1.75,0.25,0
2022-06-25 22:33:51,0,0,0.5012531,0,0,97.24311,1.754386,0.5012531,0
2022-06-25 22:33:50,0,0,0.9950249,0,0,97.01493,1.741294,0.2487562,0
2022-06-25 22:33:49,0,0,0.2506266,0,0,97.99499,1.5037594,0.2506266,0
2022-06-25 22:33:48,0,0,0,0,0,99.25187,0.2493766,0.4987531,0
2022-06-25 22:33:47,0,0,1.0050251,0,0,96.48241,2.261307,0.2512563,0
2022-06-25 22:33:46,0,0,1.2437811,0.4975124,0,95.02488,2.985075,0.2487562,0
2022-06-25 22:33:45,0,0,0.75,0,0,96.75,2.5,0,0
2022-06-25 22:33:44,0,0,1,0,0,96.25,2.25,0.5,0
2022-06-25 22:33:43,0,0,0.5012531,0.2506266,0,96.99248,2.255639,0,0
2022-06-25 22:33:42,0,0,0,0,0,99.00249,0.7481297,0.2493766,0
2022-06-25 22:33:41,0,0,0.2493766,0.2493766,0,98.00499,1.2468828,0.2493766,0
2022-06-25 22:33:40,0,0,0.5012531,0,0,97.24311,1.754386,0.5012531,0
2022-06-25 22:33:39,0,0,1.0025063,0,0,96.99248,2.005013,0,0
2022-06-25 22:33:38,0,0,1.0025063,0,0,95.73935,2.756892,0.5012531,0
2022-06-25 22:33:37,0,0,1,0.25,0,96.75,1.75,0.25,0
2022-06-25 22:33:36,0,0,0.25,0,0,97.75,1.75,0.25,0
2022-06-25 22:33:35,0,0,0.25,0,0,99,0.75,0,0
2022-06-25 22:33:34,0,0,0,0,0,98.50746,0.9950249,0.4975124,0
2022-06-25 22:33:33,0,0,0.5,0.25,0,95.75,3,0.5,0
2022-06-25 22:33:32,0,0,1.0050251,0.2512563,0,95.9799,2.512563,0.2512563,0
2022-06-25 22:33:31,0,0,1,0,0,95.5,3,0.5,0
2022-06-25 22:33:30,0,0,0.7462687,0.2487562,0,96.51741,2.238806,0.2487562,0
2022-06-25 22:33:29,0,0,0.5,0,0,98,1,0.5,0
2022-06-25 22:33:28,0,0,0.2512563,0.2512563,0,97.98995,1.2562814,0.2512563,0
2022-06-25 22:33:27,0,0,0,0,0,98.75622,0.9950249,0.2487562,0
2022-06-25 22:33:26,0,0,0.2506266,0,0,98.49624,1.0025063,0.2506266,0
2022-06-25 22:33:25,0,0,0.75,0,0,97.25,1.75,0.25,0
2022-06-25 22:33:24,0,0,0.9975062,0.4987531,0,94.01496,4.488778,0,0
2022-06-25 22:33:23,0,0,1.2562814,0.5025126,0,93.71859,4.020101,0.5025126,0
2022-06-25 22:33:22,0,0,1.5,0.5,0,90.25,7.5,0.25,0
2022-06-25 22:33:21,0,0,0.9950249,0,0,91.29353,7.21393,0.4975124,0
2022-06-25 22:33:20,0,0,0.7537688,0.2512563,0,94.47236,4.522613,0,0
2022-06-25 22:33:19,0,0,0.5,0,0,91.75,7.5,0.25,0
2022-06-25 22:33:18,0,0,0.4962779,0.248139,0,92.55583,6.451613,0.248139,0
2022-06-25 22:33:17,0,0,0.2518892,0,0,91.43577,8.060453,0.2518892,0
2022-06-25 22:33:16,0,0,0,0,0,94.5,5.25,0.25,0
2022-06-25 22:33:15,0,0,0,0,0,89.94975,9.296482,0.2512563,0
2022-06-25 22:33:14,0,0,0,0.2518892,0,90.6801,6.549118,0.2518892,0
2022-06-25 22:33:13,0,0,0.2518892,0,0,90.6801,6.04534,0.5037783,0
2022-06-25 22:33:12,0,0,0,0.25,0,97.75,2,0,0
2022-06-25 22:33:11,0,0,0,0.2506266,0,97.24311,2.255639,0.2506266,0
2022-06-25 22:33:10,0,0,0.2493766,0,0,98.25436,1.2468828,0.2493766,0
2022-06-25 22:33:09,0,0,0,0,0,98.74372,1.2562814,0,0
2022-06-25 22:33:08,0,0,0.2493766,0,0,98.25436,1.2468828,0.2493766,0
2022-06-25 22:33:07,0,0,0,0,0,98.75312,0.9975062,0.2493766,0
2022-06-25 22:33:06,0,0,0.5012531,0,0,97.99499,1.5037594,0,0
2022-06-25 22:33:05,0,0,0.2493766,0.2493766,0,97.75561,1.2468828,0.4987531,0
2022-06-25 22:33:04,0,0,0.5012531,0.2506266,0,97.74436,1.5037594,0,0
2022-06-25 22:33:03,0,0,1,0.25,0,95.75,2.5,0.5,0
2022-06-25 22:33:02,0,0,0.4975124,0.2487562,0,97.51244,1.741294,0,0
2022-06-25 22:33:01,0,0,0.2512563,0,0,98.24121,1.5075377,0,0
2022-06-25 22:33:00,0,0,0.4987531,0.2493766,0,97.25686,1.745636,0.2493766,0
2022-06-25 22:32:59,0,0,0.25,0,0,97.75,2,0,0
2022-06-25 22:32:58,0,0,0.7518797,0,0,97.99499,1.0025063,0.2506266,0
2022-06-25 22:32:57,0,0,0.9950249,0,0,96.26866,2.487562,0.2487562,0
2022-06-25 22:32:56,0,0,1.25,0,0,96,2.5,0.25,0
2022-06-25 22:32:55,0,0,0,0.2506266,0,98.74687,0.7518797,0.2506266,0
2022-06-25 22:32:54,0,0,0.2506266,0,0,97.99499,1.5037594,0.2506266,0
2022-06-25 22:32:53,0,0,0.5,0.25,0,97.75,1,0.5,0
2022-06-25 22:32:52,0,0,0.4987531,0,0,97.75561,1.4962594,0.2493766,0
2022-06-25 22:32:51,0,0,1,0,0,96.75,2,0.25,0
2022-06-25 22:32:50,0,0,1.0025063,0,0,96.74185,2.255639,0,0
2022-06-25 22:32:49,0,0,0.7481297,0.4987531,0,95.7606,2.743142,0.2493766,0
2022-06-25 22:32:48,0,0,0.5,0,0,98,1.25,0.25,0
2022-06-25 22:32:47,0,0,0.25,0,0,98,1.5,0.25,0
2022-06-25 22:32:46,0,0,0.2506266,0,0,98.49624,1.0025063,0.2506266,0
2022-06-25 22:32:45,0,0,0.4987531,0,0,97.50623,1.4962594,0.4987531,0
2022-06-25 22:32:44,0,0,1.5037594,0.2506266,0,95.73935,2.506266,0,0
2022-06-25 22:32:43,0,0,0.4975124,0.2487562,0,96.0199,2.736318,0.4975124,0
2022-06-25 22:32:42,0,0,0.7518797,0,0,96.49123,2.506266,0.2506266,0
2022-06-25 22:32:41,0,0,0.2506266,0,0,98.49624,1.2531328,0,0
2022-06-25 22:32:40,0,0,0,0,0,98.50374,1.2468828,0.2493766,0
2022-06-25 22:32:39,0,0,0.5,0,0,98.25,1.25,0,0
2022-06-25 22:32:38,0,0,0.7518797,0,0,97.74436,1.5037594,0,0
2022-06-25 22:32:37,0,0,1,0,0,96.75,2,0.25,0
2022-06-25 22:32:36,0,0,0.9975062,0.2493766,0,95.7606,2.743142,0.2493766,0
2022-06-25 22:32:35,0,0,0.9950249,0,0,97.51244,1.2437811,0.2487562,0
2022-06-25 22:32:34,0,0,0.2518892,0,0,98.48866,1.2594458,0,0
2022-06-25 22:32:33,0,0,0,0,0,98.75,0.75,0.5,0
2022-06-25 22:32:32,0,0,0.5,0,0,98,1.25,0.25,0
2022-06-25 22:32:31,0,0,0.4975124,0,0,96.26866,2.985075,0.2487562,0
2022-06-25 22:32:30,0,0,0.75,0.25,0,97.25,1.75,0,0
2022-06-25 22:32:29,0,0,1.2562814,0,0,96.48241,2.261307,0,0
2022-06-25 22:32:28,0,0,0.7481297,0.2493766,0,97.00748,1.4962594,0.2493766,0
2022-06-25 22:32:27,0,0,0.5012531,0.2506266,0,96.74185,2.506266,0,0
2022-06-25 22:32:26,0,0,0.2487562,0,0,98.50746,0.9950249,0.2487562,0
2022-06-25 22:32:25,0,0,1.25,0.25,0,97.5,1,0,0
2022-06-25 22:32:24,0,0,0,0,0,98.49246,1.2562814,0.2512563,0
2022-06-25 22:32:23,0,0,0.4975124,0,0,97.76119,1.4925373,0.2487562,0
2022-06-25 22:32:22,0,0,1.758794,0.2512563,0,94.47236,3.266332,0.2512563,0
2022-06-25 22:32:21,0,0,1.4925373,0.2487562,0,92.78607,5.223881,0.2487562,0
2022-06-25 22:32:20,0,0,1.5,0.25,0,90,8,0.25,0
2022-06-25 22:32:19,0,0,1.2531328,0,0,91.4787,7.017544,0.2506266,0
2022-06-25 22:32:18,0,0,1.0025063,0,0,92.73183,6.015038,0.2506266,0
2022-06-25 22:32:17,0,0,0.4975124,0,0,92.53731,6.716418,0.2487562,0
2022-06-25 22:32:16,0,0,0.2512563,0.2512563,0,94.72362,4.522613,0.2512563,0
2022-06-25 22:32:15,0,0,0,0,0,93.53234,6.467662,0,0
2022-06-25 22:32:14,0,0,0,0,0,91.5,8,0.5,0
2022-06-25 22:32:13,0,0,0,0.2518892,0,90.42821,8.816121,0,0
2022-06-25 22:32:12,0,0,0.25,0,0,90.5,8.25,0.25,0
2022-06-25 22:32:11,0,0,0,0,0,94.23559,5.263158,0.2506266,0
2022-06-25 22:32:10,0,0,0,0,0,97.75,2.25,0,0
2022-06-25 22:32:09,0,0,0.2487562,0.2487562,0,96.76617,2.487562,0.2487562,0
2022-06-25 22:32:08,0,0,0,0,0,97.99499,1.754386,0.2506266,0
2022-06-25 22:32:07,0,0,0.2487562,0,0,99.00498,0.7462687,0,0
2022-06-25 22:32:06,0,0,0,0,0,98.74372,0.7537688,0.5025126,0
2022-06-25 22:32:05,0,0,0,0,0,99.00249,0.7481297,0.2493766,0
2022-06-25 22:32:04,0,0,0.2506266,0,0,98.24561,1.5037594,0,0
2022-06-25 22:32:03,0,0,0.25,0,0,99,0.5,0.25,0
2022-06-25 22:32:02,0,0,1.2531328,0.2506266,0,95.98997,2.255639,0.2506266,0
2022-06-25 22:32:01,0,0,0.4987531,0.2493766,0,97.50623,1.745636,0,0
2022-06-25 22:32:00,0,0,0,0,0,98.74687,1.0025063,0.2506266,0
2022-06-25 22:31:59,0,0,0.25,0.25,0,98.5,1,0,0
2022-06-25 22:31:58,0,0,0.4975124,0,0,98.50746,0.4975124,0.4975124,0
2022-06-25 22:31:57,0,0,0.7518797,0,0,97.74436,1.2531328,0.2506266,0
2022-06-25 22:31:56,0,0,0.7518797,0.2506266,0,96.74185,2.005013,0.2506266,0
2022-06-25 22:31:55,0,0,1.2437811,0,0,96.76617,1.741294,0.2487562,0
2022-06-25 22:31:54,0,0,0.2512563,0.2512563,0,98.24121,1.0050251,0.2512563,0
2022-06-25 22:31:53,0,0,0.5,0.25,0,97.75,1.5,0,0
2022-06-25 22:31:52,0,0,0.2506266,0,0,98.24561,1.2531328,0.2506266,0
2022-06-25 22:31:51,0,0,0.4987531,0.2493766,0,98.00499,0.9975062,0.2493766,0
2022-06-25 22:31:50,0,0,0.4987531,0.2493766,0,98.25436,0.9975062,0,0
2022-06-25 22:31:49,0,0,1,0.25,0,96.25,2.5,0,0
2022-06-25 22:31:48,0,0,1.2468828,0.2493766,0,96.50873,1.4962594,0.4987531,0
2022-06-25 22:31:47,0,0,0,0,0,98.49246,1.0050251,0.5025126,0
2022-06-25 22:31:46,0,0,0.4975124,0.2487562,0,97.26368,1.4925373,0.4975124,0
2022-06-25 22:31:45,0,0,0.5025126,0,0,98.99497,0.5025126,0,0
2022-06-25 22:31:44,0,0,0.25,0,0,98.75,1,0,0
2022-06-25 22:31:43,0,0,0.9975062,0.2493766,0,95.7606,2.743142,0.2493766,0
2022-06-25 22:31:42,0,0,1,0.25,0,96.5,2.25,0,0
2022-06-25 22:31:41,0,0,0.4987531,0,0,98.00499,0.9975062,0.4987531,0
2022-06-25 22:31:40,0,0,0.2512563,0,0,98.24121,1.5075377,0,0
2022-06-25 22:31:39,0,0,0.5,0,0,98.75,0.75,0,0
2022-06-25 22:31:38,0,0,0.5,0.25,0,98.25,0.75,0.25,0
2022-06-25 22:31:37,0,0,0.7481297,0,0,97.25686,1.745636,0.2493766,0
2022-06-25 22:31:36,0,0,0.7481297,0,0,97.50623,1.4962594,0.2493766,0
2022-06-25 22:31:35,0,0,0.7556675,0,0,97.48111,1.511335,0.2518892,0
2022-06-25 22:31:34,0,0,0.4987531,0.2493766,0,96.50873,2.244389,0.4987531,0
2022-06-25 22:31:33,0,0,0.4975124,0.2487562,0,98.00995,0.9950249,0.2487562,0
2022-06-25 22:31:32,0,0,0.7518797,0,0,97.74436,1.2531328,0.2506266,0
2022-06-25 22:31:31,0,0,0.2506266,0,0,97.49373,2.255639,0,0
2022-06-25 22:31:30,0,0,0.5012531,0,0,97.99499,1.5037594,0,0
2022-06-25 22:31:29,0,0,0.4975124,0,0,97.51244,1.4925373,0.2487562,0
2022-06-25 22:31:28,0,0,0.9950249,0.2487562,0,95.52239,2.985075,0.2487562,0
2022-06-25 22:31:27,0,0,0.7556675,0.2518892,0,96.97733,2.015113,0,0
2022-06-25 22:31:26,0,0,0.25,0,0,98.25,1.25,0.25,0
2022-06-25 22:31:25,0,0,1.2468828,0,0,96.50873,1.995012,0.2493766,0
2022-06-25 22:31:24,0,0,0.2493766,0.4987531,0,97.00748,1.995012,0.2493766,0
2022-06-25 22:31:23,0,0,0.5012531,0,0,98.24561,1.2531328,0,0
2022-06-25 22:31:22,0,0,0.5,0.25,0,97.25,1.75,0.25,0
2022-06-25 22:31:21,0,0,0.7518797,0.2506266,0,95.48872,3.258145,0.2506266,0
2022-06-25 22:31:20,0,0,1.2468828,0.4987531,0,95.26185,2.743142,0.2493766,0
2022-06-25 22:31:19,0,0,1.5,0.25,0,91.5,6.75,0,0
2022-06-25 22:31:18,0,0,1.0025063,0.2506266,0,92.23058,6.516291,0,0
2022-06-25 22:31:17,0,0,0.75,0.25,0,92,6.75,0.25,0
2022-06-25 22:31:16,0,0,0.4975124,0,0,94.77612,4.477612,0.2487562,0
2022-06-25 22:31:15,0,0,0.5025126,0.2512563,0,93.46734,5.527638,0.2512563,0
2022-06-25 22:31:14,0,0,0.75,0,0,91.75,7.25,0.25,0
2022-06-25 22:31:13,0,0,0.5,0.25,0,91.75,7,0.25,0
2022-06-25 22:31:12,0,0,0.2506266,0,0,90.72682,8.77193,0.2506266,0
2022-06-25 22:31:11,0,0,0.2493766,0,0,94.26434,5.486284,0,0
2022-06-25 22:31:10,0,0,0,0.25,0,91.5,7.5,0.25,0
2022-06-25 22:31:09,0,0,0,0,0,94.51372,5.236908,0.2493766,0
2022-06-25 22:31:08,0,0,0.2506266,0.2506266,0,94.23559,4.761905,0.5012531,0
2022-06-25 22:31:07,0,0,0.2506266,0.2506266,0,96.99248,2.506266,0,0
2022-06-25 22:31:06,0,0,0,0.25,0,97.5,2,0.25,0
2022-06-25 22:31:05,0,0,0,0,0,98.99749,1.0025063,0,0
2022-06-25 22:31:04,0,0,0.2487562,0,0,99.25373,0.2487562,0.2487562,0
2022-06-25 22:31:03,0,0,0.2493766,0,0,98.75312,0.7481297,0.2493766,0
2022-06-25 22:31:02,0,0,0.2512563,0.2512563,0,97.98995,1.5075377,0,0
2022-06-25 22:31:01,0,0,0.5,0,0,97.5,1.75,0.25,0
2022-06-25 22:31:00,0,0,0.4975124,0.2487562,0,97.76119,1.4925373,0,0
2022-06-25 22:30:59,0,0,0.5012531,0,0,97.74436,1.5037594,0.2506266,0
2022-06-25 22:30:58,0,0,0.2493766,0,0,98.50374,0.9975062,0.2493766,0
2022-06-25 22:30:57,0,0,0.5025126,0,0,98.24121,1.0050251,0.2512563,0
2022-06-25 22:30:56,0,0,0.5,0,0,98,1.25,0.25,0
2022-06-25 22:30:55,0,0,0.4987531,0.2493766,0,97.50623,1.2468828,0.4987531,0
2022-06-25 22:30:54,0,0,0.5,0.25,0,97.75,1.5,0,0
2022-06-25 22:30:53,0,0,1,0,0,96.5,2,0.5,0
2022-06-25 22:30:52,0,0,0.75,0.25,0,97.75,1,0.25,0
2022-06-25 22:30:51,0,0,0.7518797,0,0,97.99499,1.2531328,0,0
2022-06-25 22:30:50,0,0,0,0,0,98.75622,0.9950249,0.2487562,0
2022-06-25 22:30:49,0,0,0.2506266,0,0,98.24561,1.0025063,0.5012531,0
2022-06-25 22:30:48,0,0,0.7481297,0,0,97.75561,1.2468828,0.2493766,0
2022-06-25 22:30:47,0,0,0.7481297,0.2493766,0,96.25935,2.244389,0.2493766,0
2022-06-25 22:30:46,0,0,1.0075567,0,0,97.22922,1.763224,0,0
2022-06-25 22:30:45,0,0,0.9975062,0,0,97.25686,1.2468828,0.4987531,0
2022-06-25 22:30:44,0,0,0.5012531,0.2506266,0,97.74436,1.2531328,0.2506266,0
2022-06-25 22:30:43,0,0,0,0,0,98.25436,1.4962594,0.2493766,0
2022-06-25 22:30:42,0,0,0.2487562,0,0,99.00498,0.2487562,0.4975124,0
2022-06-25 22:30:41,0,0,0.7518797,0,0,97.49373,1.5037594,0.2506266,0
2022-06-25 22:30:40,0,0,1.0050251,0.2512563,0,97.48744,1.2562814,0,0
2022-06-25 22:30:39,0,0,1.25,0,0,97,1.5,0.25,0
2022-06-25 22:30:38,0,0,0.9975062,0,0,96.50873,2.244389,0.2493766,0
2022-06-25 22:30:37,0,0,0.2506266,0,0,99.24812,0.5012531,0,0
2022-06-25 22:30:36,0,0,0,0,0,99.25187,0.4987531,0.2493766,0
2022-06-25 22:30:35,0,0,0,0,0,99.50125,0.2493766,0.2493766,0
2022-06-25 22:30:34,0,0,0.2506266,0,0,98.24561,1.5037594,0,0
2022-06-25 22:30:33,0,0,0.9975062,0.2493766,0,96.50873,1.745636,0.4987531,0
2022-06-25 22:30:32,0,0,1.5075377,0,0,96.73367,1.758794,0,0
2022-06-25 22:30:31,0,0,0.7481297,0.2493766,0,96.7581,2.244389,0,0
2022-06-25 22:30:30,0,0,0.2506266,0.2506266,0,97.99499,1.2531328,0.2506266,0
2022-06-25 22:30:29,0,0,0.2493766,0.2493766,0,99.00249,0.2493766,0.2493766,0
2022-06-25 22:30:28,0,0,0,0,0,99.00249,0.7481297,0.2493766,0
2022-06-25 22:30:27,0,0,0,0,0,98.74687,1.2531328,0,0
2022-06-25 22:30:26,0,0,0.5,0.25,0,97,2.25,0,0
2022-06-25 22:30:25,0,0,1.75,0,0,94.25,4,0,0
2022-06-25 22:30:24,0,0,1.2437811,0.2487562,0,95.52239,2.736318,0.2487562,0
2022-06-25 22:30:23,0,0,0.5,0.25,0,96.75,2.25,0.25,0
2022-06-25 22:30:22,0,0,0.5025126,0,0,97.48744,2.01005,0,0
2022-06-25 22:30:21,0,0,0,0,0,98.75312,0.9975062,0.2493766,0
2022-06-25 22:30:20,0,0,0,0,0,99.74937,0.2506266,0,0
2022-06-25 22:30:19,0,0,0,0,0,98.75,1,0.25,0
2022-06-25 22:30:18,0,0,1.0025063,0,0,95.2381,3.508772,0.2506266,0
2022-06-25 22:30:17,0,0,0.9950249,0.2487562,0,96.0199,2.487562,0.2487562,0
2022-06-25 22:30:16,0,0,1.2468828,0.4987531,0,93.26683,4.738155,0.2493766,0
2022-06-25 22:30:15,0,0,1.75,0.25,0,88.75,9.25,0,0
2022-06-25 22:30:14,0,0,1.0025063,0.2506266,0,88.47118,9.774436,0.5012531,0
2022-06-25 22:30:13,0,0,0.7518797,0.2506266,0,93.98496,4.761905,0.2506266,0
2022-06-25 22:30:12,0,0,0.2512563,0,0,91.70854,7.788945,0.2512563,0
2022-06-25 22:30:11,0,0,0,0.25,0,92.75,6.75,0.25,0
2022-06-25 22:30:10,0,0,0.248139,0,0,94.78908,4.71464,0.248139,0
2022-06-25 22:30:09,0,0,0,0,0,91.97995,7.769424,0,0
2022-06-25 22:30:08,0,0,0,0,0,89.75,9.25,0.5,0
2022-06-25 22:30:07,0,0,0,0,0,89.22306,8.270677,0.2506266,0
2022-06-25 22:30:06,0,0,0.25,0,0,95.5,3.25,0.25,0
2022-06-25 22:30:05,0,0,0,0.2506266,0,97.24311,2.005013,0.5012531,0
2022-06-25 22:30:04,0,0,0,0,0,99.24812,0.7518797,0,0
2022-06-25 22:30:03,0,0,0.2493766,0.2493766,0,98.50374,0.7481297,0.2493766,0
2022-06-25 22:30:02,0,0,0,0,0,98,1.5,0.5,0
2022-06-25 22:30:01,0,0,0,0,0,99.5,0.25,0.25,0
2022-06-25 22:30:00,0,0,0,0,0,99.5,0.5,0,0
2022-06-25 22:29:59,0,0,0.2506266,0,0,98.24561,1.2531328,0.2506266,0
2022-06-25 22:29:58,0,0,0.9975062,0.2493766,0,96.50873,1.995012,0.2493766,0
2022-06-25 22:29:57,0,0,0.7537688,0,0,97.23618,2.01005,0,0
2022-06-25 22:29:56,0,0,0.7481297,0.2493766,0,96.50873,2.244389,0.2493766,0
2022-06-25 22:29:55,0,0,0.25,0,0,99,0.5,0.25,0
2022-06-25 22:29:54,0,0,0,0,0,99.5,0.5,0,0
2022-06-25 22:29:53,0,0,0.2493766,0.2493766,0,98.25436,0.9975062,0.2493766,0
2022-06-25 22:29:52,0,0,0.5025126,0,0,97.98995,1.5075377,0,0
2022-06-25 22:29:51,0,0,1.2437811,0.2487562,0,96.26866,2.238806,0,0
2022-06-25 22:29:50,0,0,1.5037594,0,0,94.48622,3.508772,0.5012531,0
2022-06-25 22:29:49,0,0,0.75,0,0,97.25,2,0,0
2022-06-25 22:29:48,0,0,0,0,0,99.5,0.25,0.25,0
2022-06-25 22:29:47,0,0,0,0.25,0,98.5,1,0.25,0
2022-06-25 22:29:46,0,0,0,0,0,99.25,0.5,0.25,0
2022-06-25 22:29:45,0,0,1.0025063,0,0,97.74436,1.2531328,0,0
2022-06-25 22:29:44,0,0,1.4888337,0.248139,0,95.03722,2.977667,0.248139,0
2022-06-25 22:29:43,0,0,1.0025063,0.5012531,0,95.98997,2.005013,0.5012531,0
2022-06-25 22:29:42,0,0,0.5012531,0,0,97.99499,1.2531328,0.2506266,0
2022-06-25 22:29:41,0,0,0.2487562,0,0,98.50746,0.9950249,0.2487562,0
2022-06-25 22:29:40,0,0,0.2512563,0,0,99.49749,0.2512563,0,0
2022-06-25 22:29:39,0,0,0.2487562,0,0,98.50746,0.9950249,0.2487562,0
2022-06-25 22:29:38,0,0,0.7518797,0,0,97.24311,1.754386,0.2506266,0
2022-06-25 22:29:37,0,0,1.0050251,0.2512563,0,96.48241,2.01005,0.2512563,0
2022-06-25 22:29:36,0,0,1,0.25,0,96.75,2,0,0
2022-06-25 22:29:35,0,0,0.9975062,0,0,97.00748,1.745636,0.2493766,0
2022-06-25 22:29:34,0,0,0,0,0,99.25187,0.7481297,0,0
2022-06-25 22:29:33,0,0,0,0,0,98.99749,0.7518797,0.2506266,0
2022-06-25 22:29:32,0,0,0.2506266,0,0,98.99749,0.7518797,0,0
2022-06-25 22:29:31,0,0,0.7481297,0.2493766,0,96.25935,2.493766,0.2493766,0
2022-06-25 22:29:30,0,0,1.2468828,0,0,95.7606,2.743142,0.2493766,0
2022-06-25 22:29:29,0,0,1.0025063,0.2506266,0,97.24311,1.5037594,0,0
2022-06-25 22:29:28,0,0,0.7518797,0,0,97.49373,1.754386,0,0
2022-06-25 22:29:27,0,0,0.2493766,0.2493766,0,98.25436,0.7481297,0.4987531,0
2022-06-25 22:29:26,0,0,0,0,0,99.25,0.5,0.25,0
2022-06-25 22:29:25,0,0,0.5012531,0.5012531,0,97.49373,1.2531328,0.2506266,0
2022-06-25 22:29:24,0,0,0.7462687,0,0,96.76617,1.99005,0.4975124,0
2022-06-25 22:29:23,0,0,1,0.25,0,96,2.25,0.5,0
2022-06-25 22:29:22,0,0,1.0025063,0,0,95.48872,3.508772,0,0
2022-06-25 22:29:21,0,0,0.75,0.25,0,95.5,3.25,0.25,0
2022-06-25 22:29:20,0,0,0.4987531,0,0,97.00748,2.493766,0,0
2022-06-25 22:29:19,0,0,0.25,0.25,0,98,1.25,0.25,0
2022-06-25 22:29:18,0,0,0,0,0,99.25,0.5,0.25,0
2022-06-25 22:29:17,0,0,0.2512563,0,0,98.49246,1.2562814,0,0
2022-06-25 22:29:16,0,0,0.75,0.25,0,95.25,3.5,0.25,0
2022-06-25 22:29:15,0,0,1,0,0,96,2.75,0.25,0
2022-06-25 22:29:14,0,0,1.4888337,0.248139,0,92.55583,5.459057,0.248139,0
2022-06-25 22:29:13,0,0,1.0050251,0.2512563,0,93.21608,5.276382,0.2512563,0
2022-06-25 22:29:12,0,0,1.25,0.25,0,91.5,6.75,0.25,0
2022-06-25 22:29:11,0,0,0.9975062,0.2493766,0,90.77307,7.481297,0.2493766,0
2022-06-25 22:29:10,0,0,0.4975124,0.2487562,0,92.28856,6.716418,0.2487562,0
2022-06-25 22:29:09,0,0,0.2525253,0,0,94.44444,5.30303,0,0
2022-06-25 22:29:08,0,0,0.2487562,0.2487562,0,92.0398,7.462687,0,0
2022-06-25 22:29:07,0,0,0,0,0,94.01496,5.735661,0.2493766,0
2022-06-25 22:29:06,0,0,0.2506266,0,0,89.97494,9.52381,0.2506266,0
2022-06-25 22:29:05,0,0,0,0,0,93.26683,6.234414,0.2493766,0
2022-06-25 22:29:04,0,0,0,0,0,92.17172,6.818182,0,0
2022-06-25 22:29:03,0,0,0,0,0,97,2.25,0.5,0
2022-06-25 22:29:02,0,0,0.2487562,0,0,97.26368,2.238806,0.2487562,0
2022-06-25 22:29:01,0,0,0,0.2506266,0,99.24812,0.5012531,0,0
2022-06-25 22:29:00,0,0,0,0,0,98.50374,1.2468828,0.2493766,0
2022-06-25 22:28:59,0,0,0,0.2506266,0,98.99749,0.7518797,0,0
2022-06-25 22:28:58,0,0,0,0,0,99.50125,0.2493766,0.2493766,0
2022-06-25 22:28:57,0,0,1,0,0,97.75,1.25,0,0
2022-06-25 22:28:56,0,0,0.2506266,0.2506266,0,98.24561,1.0025063,0.2506266,0
2022-06-25 22:28:55,0,0,0.7481297,0,0,97.75561,1.2468828,0.2493766,0
2022-06-25 22:28:54,0,0,0.5012531,0,0,97.49373,2.005013,0,0
2022-06-25 22:28:53,0,0,0.2487562,0.2487562,0,97.76119,1.4925373,0.2487562,0
2022-06-25 22:28:52,0,0,0.5025126,0,0,98.49246,0.7537688,0.2512563,0
2022-06-25 22:28:51,0,0,0.25,0,0,98.25,1.25,0.25,0
2022-06-25 22:28:50,0,0,0.9975062,0,0,97.25686,1.4962594,0.2493766,0
2022-06-25 22:28:49,0,0,1.0025063,0.2506266,0,97.49373,1.2531328,0,0
2022-06-25 22:28:48,0,0,0.7481297,0.2493766,0,97.00748,1.745636,0.2493766,0
2022-06-25 22:28:47,0,0,0.2506266,0,0,98.24561,1.5037594,0,0
2022-06-25 22:28:46,0,0,0.5,0.25,0,98.25,0.75,0.25,0
2022-06-25 22:28:45,0,0,0.5,0.25,0,98.25,1,0,0
2022-06-25 22:28:44,0,0,0.5,0,0,98,1.5,0,0
2022-06-25 22:28:43,0,0,0.4987531,0,0,97.75561,1.4962594,0.2493766,0
2022-06-25 22:28:42,0,0,1.2468828,0.4987531,0,94.76309,3.241895,0.2493766,0
2022-06-25 22:28:41,0,0,1.0025063,0,0,96.49123,2.005013,0.5012531,0
2022-06-25 22:28:40,0,0,0,0,0,99.49875,0.5012531,0,0
2022-06-25 22:28:39,0,0,0.4987531,0.2493766,0,97.50623,1.4962594,0.2493766,0
2022-06-25 22:28:38,0,0,0.7518797,0,0,97.74436,1.5037594,0,0
2022-06-25 22:28:37,0,0,0.7462687,0.2487562,0,97.76119,0.7462687,0.4975124,0
2022-06-25 22:28:36,0,0,0.5012531,0.2506266,0,97.74436,1.2531328,0.2506266,0
2022-06-25 22:28:35,0,0,0.5012531,0,0,96.74185,2.506266,0.2506266,0
2022-06-25 22:28:34,0,0,1.2531328,0.2506266,0,96.74185,1.754386,0,0
2022-06-25 22:28:33,0,0,0.2493766,0.4987531,0,98.25436,0.7481297,0.2493766,0
2022-06-25 22:28:32,0,0,0.4975124,0,0,98.00995,1.2437811,0.2487562,0
2022-06-25 22:28:31,0,0,0.2512563,0,0,98.74372,1.0050251,0,0
2022-06-25 22:28:30,0,0,0.75,0,0,97.25,1.5,0.5,0
2022-06-25 22:28:29,0,0,0.7481297,0.2493766,0,96.25935,2.743142,0,0
2022-06-25 22:28:28,0,0,0.9975062,0,0,95.51122,2.992519,0.4987531,0
2022-06-25 22:28:27,0,0,1.0075567,0.2518892,0,96.97733,1.763224,0,0
2022-06-25 22:28:26,0,0,0.4975124,0,0,97.76119,1.2437811,0.4975124,0
2022-06-25 22:28:25,0,0,0.5012531,0,0,98.49624,1.0025063,0,0
2022-06-25 22:28:24,0,0,0.5,0.25,0,98.25,0.75,0.25,0
2022-06-25 22:28:23,0,0,0.9925558,0.248139,0,95.5335,2.729529,0.4962779,0
2022-06-25 22:28:22,0,0,0.5025126,0,0,97.23618,2.01005,0.2512563,0
2022-06-25 22:28:21,0,0,1.2531328,0,0,95.98997,2.506266,0.2506266,0
2022-06-25 22:28:20,0,0,0.7481297,0.4987531,0,97.25686,1.4962594,0,0
2022-06-25 22:28:19,0,0,0.5,0.25,0,96.5,2.5,0.25,0
2022-06-25 22:28:18,0,0,0.5,0,0,97.75,1.75,0,0
2022-06-25 22:28:17,0,0,0,0,0,98.75312,0.9975062,0.2493766,0
2022-06-25 22:28:16,0,0,0.5012531,0,0,97.74436,1.754386,0,0
2022-06-25 22:28:15,0,0,0.7537688,0,0,97.23618,2.01005,0,0
2022-06-25 22:28:14,0,0,0.9975062,0,0,96.25935,2.493766,0.2493766,0
2022-06-25 22:28:13,0,0,0.7481297,0.2493766,0,93.51621,5.236908,0.2493766,0
2022-06-25 22:28:12,0,0,1.5037594,0.5012531,0,91.22807,6.766917,0,0
2022-06-25 22:28:11,0,0,0.9950249,0,0,93.28358,5.472637,0.2487562,0
2022-06-25 22:28:10,0,0,0.7537688,0,0,91.70854,7.537688,0,0
2022-06-25 22:28:09,0,0,0.4987531,0,0,93.76559,5.236908,0.2493766,0
2022-06-25 22:28:08,0,0,0.5,0.25,0,92,7,0.25,0
2022-06-25 22:28:07,0,0,0.25,0,0,93.5,6.25,0,0
2022-06-25 22:28:06,0,0,0.2506266,0.2506266,0,93.48371,5.764411,0.2506266,0
2022-06-25 22:28:05,0,0,0.7481297,0,0,89.02743,9.725686,0,0
2022-06-25 22:28:04,0,0,0,0,0,91.97995,6.766917,0.7518797,0
2022-06-25 22:28:03,0,0,0,0.2512563,0,94.47236,5.025126,0.2512563,0
2022-06-25 22:28:02,0,0,0.2493766,0,0,95.7606,3.740648,0.2493766,0
2022-06-25 22:28:01,0,0,0,0,0,96,3.75,0.25,0
2022-06-25 22:28:00,0,0,0,0,0,96.2406,3.508772,0.2506266,0
2022-06-25 22:27:59,0,0,0,0,0,99,1,0,0
2022-06-25 22:27:58,0,0,0,0,0,99,0.75,0.25,0
2022-06-25 22:27:57,0,0,0.4987531,0,0,98.25436,0.9975062,0.2493766,0
2022-06-25 22:27:56,0,0,0.25,0,0,98.75,1,0,0
2022-06-25 22:27:55,0,0,0.2487562,0,0,98.25871,0.7462687,0.4975124,0
2022-06-25 22:27:54,0,0,0.2506266,0.2506266,0,97.24311,2.255639,0,0
2022-06-25 22:27:53,0,0,1,0.5,0,96.75,1.5,0.25,0
2022-06-25 22:27:52,0,0,0.2493766,0,0,98.75312,0.9975062,0,0
2022-06-25 22:27:51,0,0,0.5025126,0,0,97.23618,1.758794,0.5025126,0
2022-06-25 22:27:50,0,0,0.5,0,0,98.25,1.25,0,0
2022-06-25 22:27:49,0,0,0.4987531,0.2493766,0,98.00499,0.9975062,0.2493766,0
2022-06-25 22:27:48,0,0,0.25,0,0,98.75,0.75,0.25,0
2022-06-25 22:27:47,0,0,0.9975062,0.2493766,0,97.00748,1.745636,0,0
2022-06-25 22:27:46,0,0,1.0050251,0,0,97.23618,1.5075377,0.2512563,0
2022-06-25 22:27:45,0,0,0.4987531,0,0,97.75561,1.4962594,0.2493766,0
2022-06-25 22:27:44,0,0,0.4987531,0,0,98.25436,0.9975062,0.2493766,0
2022-06-25 22:27:43,0,0,0.5012531,0.2506266,0,97.99499,1.0025063,0.2506266,0
2022-06-25 22:27:42,0,0,0.7518797,0,0,97.99499,1.2531328,0,0
2022-06-25 22:27:41,0,0,0.5,0.25,0,97.25,1.75,0.25,0
2022-06-25 22:27:40,0,0,0.7462687,0.2487562,0,96.76617,2.238806,0,0
2022-06-25 22:27:39,0,0,0.75,0,0,97.25,1.75,0.25,0
2022-06-25 22:27:38,0,0,0.7518797,0.2506266,0,96.99248,1.754386,0.2506266,0
2022-06-25 22:27:37,0,0,0.5012531,0,0,98.24561,1.0025063,0.2506266,0
2022-06-25 22:27:36,0,0,0.2493766,0,0,97.25686,2.244389,0.2493766,0
2022-06-25 22:27:35,0,0,0.7518797,0,0,97.99499,1.0025063,0.2506266,0
2022-06-25 22:27:34,0,0,0.5,0,0,98,1.25,0.25,0
2022-06-25 22:27:33,0,0,0.75,0.25,0,97,1.75,0.25,0
2022-06-25 22:27:32,0,0,0.75,0,0,96.75,2.25,0.25,0
2022-06-25 22:27:31,0,0,0.7462687,0.2487562,0,97.26368,1.4925373,0.2487562,0
2022-06-25 22:27:30,0,0,0.2512563,0,0,98.49246,1.2562814,0,0
2022-06-25 22:27:29,0,0,0.2506266,0,0,98.49624,1.2531328,0,0
2022-06-25 22:27:28,0,0,0.7481297,0,0,97.00748,1.995012,0.2493766,0
2022-06-25 22:27:27,0,0,1,0.5,0,96.25,2,0.25,0
2022-06-25 22:27:26,0,0,0.5,0,0,97.5,2,0,0
2022-06-25 22:27:25,0,0,1.2531328,0,0,97.49373,1.0025063,0.2506266,0
2022-06-25 22:27:24,0,0,1.25,0,0,95.5,3,0.25,0
2022-06-25 22:27:23,0,0,0.5,0,0,97.5,1.75,0.25,0
2022-06-25 22:27:22,0,0,0,0,0,99.00249,0.7481297,0.2493766,0
2022-06-25 22:27:21,0,0,0.4975124,0.2487562,0,96.76617,2.238806,0.2487562,0
2022-06-25 22:27:20,0,0,1.0050251,0.2512563,0,95.72864,2.763819,0.2512563,0
2022-06-25 22:27:19,0,0,0.5,0.25,0,96.5,2.5,0.25,0
2022-06-25 22:27:18,0,0,0.7462687,0.2487562,0,97.01493,1.741294,0.2487562,0
2022-06-25 22:27:17,0,0,1.0050251,0,0,95.47739,3.266332,0.2512563,0
2022-06-25 22:27:16,0,0,0.4987531,0.2493766,0,98.25436,0.7481297,0.2493766,0
2022-06-25 22:27:15,0,0,0,0,0,99.49749,0.5025126,0,0
2022-06-25 22:27:14,0,0,0,0,0,99.25,0.5,0.25,0
2022-06-25 22:27:13,0,0,0.5,0,0,97,2.25,0.25,0
2022-06-25 22:27:12,0,0,0.7462687,0.2487562,0,96.0199,2.736318,0.2487562,0
2022-06-25 22:27:11,0,0,1.2531328,0.2506266,0,93.73434,4.511278,0.2506266,0
2022-06-25 22:27:10,0,0,1,0,0,95,3.5,0.5,0
2022-06-25 22:27:09,0,0,1.2468828,0.2493766,0,91.77057,6.483791,0.2493766,0
2022-06-25 22:27:08,0,0,1.5,0.25,0,91,7,0.25,0
2022-06-25 22:27:07,0,0,0.9975062,0.2493766,0,90.77307,7.730673,0.2493766,0
2022-06-25 22:27:06,0,0,0.75,0,0,91.75,7,0.5,0
2022-06-25 22:27:05,0,0,0,0,0,92.75,7,0,0
2022-06-25 22:27:04,0,0,0,0.25,0,91.5,8,0.25,0
2022-06-25 22:27:03,0,0,0.25,0.25,0,93.25,6,0.25,0
2022-06-25 22:27:02,0,0,0,0,0,91.72932,7.769424,0.2506266,0
2022-06-25 22:27:01,0,0,0.2493766,0,0,91.27182,8.478803,0,0
2022-06-25 22:27:00,0,0,0,0,0,92.19144,7.052897,0.2518892,0
2022-06-25 22:26:59,0,0,0.4975124,0,0,96.26866,2.985075,0.2487562,0
2022-06-25 22:26:58,0,0,0,0,0,98.99497,0.7537688,0.2512563,0
2022-06-25 22:26:57,0,0,0.25,0,0,99,0.75,0,0
2022-06-25 22:26:56,0,0,0,0.25,0,99,0.5,0.25,0
2022-06-25 22:26:55,0,0,0,0,0,98.75312,0.9975062,0.2493766,0
2022-06-25 22:26:54,0,0,0.5012531,0,0,98.24561,1.2531328,0,0
2022-06-25 22:26:53,0,0,0.5,0,0,97.25,1.5,0.75,0
2022-06-25 22:26:52,0,0,0.5,0.25,0,98,1.25,0,0
2022-06-25 22:26:51,0,0,0.9975062,0,0,97.00748,1.745636,0.2493766,0
2022-06-25 22:26:50,0,0,0.7518797,0,0,96.74185,2.255639,0.2506266,0
2022-06-25 22:26:49,0,0,0.25,0.5,0,98.5,0.75,0,0
2022-06-25 22:26:48,0,0,0.25,0,0,98.25,1.25,0.25,0
2022-06-25 22:26:47,0,0,0.5,0,0,97.75,1.5,0.25,0
2022-06-25 22:26:46,0,0,0.2487562,0,0,98.25871,1.2437811,0.2487562,0
2022-06-25 22:26:45,0,0,0.5,0.5,0,96.75,2,0.25,0
2022-06-25 22:26:44,0,0,1.2531328,0,0,96.49123,2.255639,0,0
2022-06-25 22:26:43,0,0,0.7518797,0.5012531,0,97.24311,1.2531328,0.2506266,0
2022-06-25 22:26:42,0,0,0.4987531,0,0,98.25436,0.9975062,0.2493766,0
2022-06-25 22:26:41,0,0,0.25,0,0,98.25,1.25,0.25,0
2022-06-25 22:26:40,0,0,0.7518797,0,0,97.49373,1.2531328,0.5012531,0
2022-06-25 22:26:39,0,0,0,0,0,99,0.75,0.25,0
2022-06-25 22:26:38,0,0,0.9950249,0.2487562,0,96.76617,1.99005,0,0
2022-06-25 22:26:37,0,0,1.5,0.25,0,95,2.75,0.5,0
2022-06-25 22:26:36,0,0,0.5037783,0,0,97.22922,2.267003,0,0
2022-06-25 22:26:35,0,0,0.4987531,0,0,98.00499,1.2468828,0.2493766,0
2022-06-25 22:26:34,0,0,0.2493766,0,0,99.00249,0.4987531,0.2493766,0
2022-06-25 22:26:33,0,0,0.5012531,0,0,97.49373,1.754386,0.2506266,0
2022-06-25 22:26:32,0,0,0.2487562,0.2487562,0,98.00995,0.9950249,0.4975124,0
2022-06-25 22:26:31,0,0,1,0.5,0,97.25,1,0.25,0
2022-06-25 22:26:30,0,0,1.2562814,0,0,95.47739,3.015075,0.2512563,0
2022-06-25 22:26:29,0,0,0.5,0.25,0,97.75,1.5,0,0
2022-06-25 22:26:28,0,0,0.5,0,0,98,1.25,0.25,0
2022-06-25 22:26:27,0,0,0.2506266,0,0,98.74687,0.7518797,0.2506266,0
2022-06-25 22:26:26,0,0,0.4975124,0,0,97.76119,1.4925373,0.2487562,0
2022-06-25 22:26:25,0,0,0.75,0.25,0,98,0.75,0.25,0
2022-06-25 22:26:24,0,0,1,0,0,96.5,2,0.25,0
2022-06-25 22:26:23,0,0,1,0,0,97,1.75,0.25,0
2022-06-25 22:26:22,0,0,0.5012531,0,0,98.24561,1.0025063,0.2506266,0
2022-06-25 22:26:21,0,0,0.25,0,0,98.5,1,0.25,0
2022-06-25 22:26:20,0,0,0.5025126,0.2512563,0,97.73869,1.5075377,0,0
2022-06-25 22:26:19,0,0,0.2493766,0,0,98.50374,1.2468828,0,0
2022-06-25 22:26:18,0,0,0.7481297,0.2493766,0,96.7581,1.745636,0.4987531,0
2022-06-25 22:26:17,0,0,0.7462687,0,0,96.0199,2.736318,0.4975124,0
2022-06-25 22:26:16,0,0,1.0050251,0,0,96.73367,2.261307,0,0
2022-06-25 22:26:15,0,0,0.75,0.25,0,96.5,2.25,0.25,0
2022-06-25 22:26:14,0,0,0,0,0,98.24561,1.5037594,0.2506266,0
2022-06-25 22:26:13,0,0,0.248139,0,0,98.26303,0.9925558,0.4962779,0
2022-06-25 22:26:12,0,0,0.5025126,0,0,97.98995,1.5075377,0,0
2022-06-25 22:26:11,0,0,0.5,0.25,0,97.25,2,0,0
2022-06-25 22:26:10,0,0,0.5,0,0,95.5,3.5,0.5,0
2022-06-25 22:26:09,0,0,1.0025063,0.2506266,0,96.49123,2.255639,0,0
2022-06-25 22:26:08,0,0,0.7481297,0,0,91.5212,7.23192,0.4987531,0
2022-06-25 22:26:07,0,0,1.745636,0,0,94.51372,3.491272,0.2493766,0
2022-06-25 22:26:06,0,0,1.0025063,0.2506266,0,90.22556,8.270677,0.2506266,0
2022-06-25 22:26:05,0,0,0.75,0.25,0,90,8.5,0.5,0
2022-06-25 22:26:04,0,0,0,0,0,95.48872,4.260652,0.2506266,0
2022-06-25 22:26:03,0,0,0.25,0,0,94.5,5,0.25,0
2022-06-25 22:26:02,0,0,0.2493766,0.2493766,0,92.76808,6.234414,0.4987531,0
2022-06-25 22:26:01,0,0,0.2506266,0,0,93.23308,6.015038,0.2506266,0
2022-06-25 22:26:00,0,0,0.75,0,0,91.25,7.25,0.5,0
2022-06-25 22:25:59,0,0,0.25,0.5,0,88.25,8,0.5,0
2022-06-25 22:25:58,0,0,0.2525253,0,0,92.42424,6.060606,0,0
2022-06-25 22:25:57,0,0,0,0.25,0,97.25,2.5,0,0
2022-06-25 22:25:56,0,0,0,0,0,97.25,2.25,0.5,0
2022-06-25 22:25:55,0,0,0,0,0,97,2.5,0.25,0
2022-06-25 22:25:54,0,0,0.25,0,0,98.25,1.5,0,0
2022-06-25 22:25:53,0,0,0.25,0,0,98.75,0.75,0.25,0
2022-06-25 22:25:52,0,0,0.2493766,0.2493766,0,96.7581,2.244389,0.4987531,0
2022-06-25 22:25:51,0,0,0.2512563,0,0,98.99497,0.7537688,0,0
2022-06-25 22:25:50,0,0,0.4962779,0.248139,0,97.76675,1.2406948,0.248139,0
2022-06-25 22:25:49,0,0,0.5012531,0,0,97.24311,2.005013,0.2506266,0
2022-06-25 22:25:48,0,0,0.7481297,0.2493766,0,97.25686,1.4962594,0.2493766,0
2022-06-25 22:25:47,0,0,0.2506266,0,0,98.24561,1.0025063,0.5012531,0
2022-06-25 22:25:46,0,0,0.2487562,0.2487562,0,97.76119,1.741294,0,0
2022-06-25 22:25:45,0,0,0.7556675,0,0,96.97733,2.015113,0.2518892,0
2022-06-25 22:25:44,0,0,0.5,0,0,98.5,1,0,0
2022-06-25 22:25:43,0,0,0.75,0.25,0,96.75,1.75,0.5,0
2022-06-25 22:25:42,0,0,1.2468828,0,0,96.00998,2.493766,0.2493766,0
2022-06-25 22:25:41,0,0,0.75,0,0,97,2,0.25,0
2022-06-25 22:25:40,0,0,0,0,0,99.49875,0.5012531,0,0
2022-06-25 22:25:39,0,0,0.4987531,0.2493766,0,97.25686,1.745636,0.2493766,0
2022-06-25 22:25:38,0,0,0.9975062,0,0,96.7581,1.995012,0.2493766,0
2022-06-25 22:25:37,0,0,0.2512563,0,0,99.24623,0.5025126,0,0
2022-06-25 22:25:36,0,0,0.75,0,0,96.75,2,0.5,0
2022-06-25 22:25:35,0,0,1.5,0.25,0,95.25,2.75,0.25,0
2022-06-25 22:25:34,0,0,0.4975124,0.4975124,0,97.76119,0.9950249,0.2487562,0
2022-06-25 22:25:33,0,0,0,0,0,98.74687,1.0025063,0.2506266,0
2022-06-25 22:25:32,0,0,0.5,0.25,0,98,1.25,0,0
2022-06-25 22:25:31,0,0,0.75,0,0,98.5,0.75,0,0
2022-06-25 22:25:30,0,0,0.25,0,0,98.75,0.75,0.25,0
2022-06-25 22:25:29,0,0,0.7537688,0,0,96.48241,2.763819,0,0
2022-06-25 22:25:28,0,0,1.4962594,0.4987531,0,96.25935,1.4962594,0.2493766,0
2022-06-25 22:25:27,0,0,0.4987531,0.2493766,0,97.25686,1.4962594,0.4987531,0
2022-06-25 22:25:26,0,0,0.2506266,0,0,98.49624,1.0025063,0.2506266,0
2022-06-25 22:25:25,0,0,0.5,0,0,98.25,1.25,0,0
2022-06-25 22:25:24,0,0,0.7444169,0.248139,0,97.27047,1.4888337,0.248139,0
2022-06-25 22:25:23,0,0,0.7518797,0,0,97.49373,1.5037594,0.2506266,0
2022-06-25 22:25:22,0,0,0.7537688,0,0,98.24121,1.0050251,0,0
2022-06-25 22:25:21,0,0,1,0,0,96.5,2.25,0.25,0
2022-06-25 22:25:20,0,0,0.7518797,0,0,97.24311,1.754386,0.2506266,0
2022-06-25 22:25:19,0,0,0.2493766,0,0,98.25436,1.2468828,0.2493766,0
2022-06-25 22:25:18,0,0,0.5,0.25,0,98.75,0.5,0,0
2022-06-25 22:25:17,0,0,0,0,0,98.25,1.75,0,0
2022-06-25 22:25:16,0,0,0.7481297,0.2493766,0,96.7581,1.995012,0.2493766,0
2022-06-25 22:25:15,0,0,0.7518797,0,0,96.49123,2.756892,0,0
2022-06-25 22:25:14,0,0,0.7462687,0,0,96.26866,2.736318,0.2487562,0
2022-06-25 22:25:13,0,0,1.0050251,0,0,95.9799,2.763819,0.2512563,0
2022-06-25 22:25:12,0,0,0.25,0,0,98,1.5,0.25,0
2022-06-25 22:25:11,0,0,0.25,0.25,0,98,1.5,0,0
2022-06-25 22:25:10,0,0,0.25,0,0,97.75,1.75,0.25,0
2022-06-25 22:25:09,0,0,0.2493766,0,0,98.50374,0.7481297,0.4987531,0
2022-06-25 22:25:08,0,0,0.4987531,0,0,96.50873,2.743142,0.2493766,0
2022-06-25 22:25:07,0,0,1.25,0.25,0,96,2.25,0.25,0
2022-06-25 22:25:06,0,0,1,0.25,0,93.75,4.5,0.5,0
2022-06-25 22:25:05,0,0,1.75,0.25,0,91,6.5,0.5,0
2022-06-25 22:25:04,0,0,1,0,0,93.5,5.5,0,0
2022-06-25 22:25:03,0,0,0.75,0.25,0,90.25,8,0.75,0
2022-06-25 22:25:02,0,0,0.5,0,0,94,5.5,0,0
2022-06-25 22:25:01,0,0,0.25,0,0,94.75,4.75,0.25,0
2022-06-25 22:25:00,0,0,0.7481297,0.2493766,0,92.26933,6.234414,0.4987531,0
2022-06-25 22:24:59,0,0,0.2512563,0,0,90.95477,8.291457,0.5025126,0
2022-06-25 22:24:58,0,0,0.2506266,0,0,90.47619,8.77193,0.2506266,0
2022-06-25 22:24:57,0,0,0,0,0,94.5,5.25,0.25,0
2022-06-25 22:24:56,0,0,0,0.2506266,0,92.4812,6.015038,0.2506266,0
2022-06-25 22:24:55,0,0,0.2493766,0,0,95.01247,4.239401,0.4987531,0
2022-06-25 22:24:54,0,0,0,0.25,0,97.25,2.25,0.25,0
2022-06-25 22:24:53,0,0,0,0,0,97.75,2,0.25,0
2022-06-25 22:24:52,0,0,0,0,0,98,1.5,0.5,0
2022-06-25 22:24:51,0,0,0.25,0,0,99.5,0.25,0,0
2022-06-25 22:24:50,0,0,0,0,0,98.50374,0.9975062,0.4987531,0
2022-06-25 22:24:49,0,0,0,0,0,99,1,0,0
2022-06-25 22:24:48,0,0,0.5025126,0.2512563,0,97.98995,1.2562814,0,0
2022-06-25 22:24:47,0,0,0.75,0.25,0,97.5,1.25,0.25,0
2022-06-25 22:24:46,0,0,1,0.25,0,96,2.5,0.25,0
2022-06-25 22:24:45,0,0,0.2493766,0,0,98.75312,0.7481297,0.2493766,0
2022-06-25 22:24:44,0,0,0.5,0.25,0,98,1,0.25,0
2022-06-25 22:24:43,0,0,0,0,0,98.75312,0.9975062,0.2493766,0
2022-06-25 22:24:42,0,0,0.25,0,0,98.75,1,0,0
2022-06-25 22:24:41,0,0,1.0050251,0,0,97.23618,1.5075377,0.2512563,0
2022-06-25 22:24:40,0,0,0.9950249,0.2487562,0,96.51741,1.99005,0.2487562,0
2022-06-25 22:24:39,0,0,1.0050251,0,0,96.98492,1.5075377,0.5025126,0
2022-06-25 22:24:38,0,0,0.2493766,0,0,98.25436,1.2468828,0.2493766,0
2022-06-25 22:24:37,0,0,0.5012531,0,0,98.24561,1.0025063,0.2506266,0
2022-06-25 22:24:36,0,0,0,0.2493766,0,98.50374,0.9975062,0.2493766,0
2022-06-25 22:24:35,0,0,0.5012531,0,0,98.24561,1.0025063,0.2506266,0
2022-06-25 22:24:34,0,0,0.9975062,0.2493766,0,97.00748,1.745636,0,0
2022-06-25 22:24:33,0,0,1.2468828,0.2493766,0,96.25935,2.244389,0,0
2022-06-25 22:24:32,0,0,0.7537688,0,0,98.24121,0.7537688,0.2512563,0
2022-06-25 22:24:31,0,0,0.2487562,0,0,98.75622,0.7462687,0.2487562,0
2022-06-25 22:24:30,0,0,0.5012531,0,0,97.99499,1.2531328,0.2506266,0
2022-06-25 22:24:29,0,0,0,0.25,0,99.25,0.5,0,0
2022-06-25 22:24:28,0,0,0.5012531,0.2506266,0,97.74436,1.2531328,0.2506266,0
2022-06-25 22:24:27,0,0,0.9950249,0,0,95.52239,3.233831,0.2487562,0
2022-06-25 22:24:26,0,0,1.25,0.5,0,95.5,2.5,0.25,0
2022-06-25 22:24:25,0,0,0.5012531,0,0,97.99499,1.0025063,0.5012531,0
2022-06-25 22:24:24,0,0,1,0,0,97.5,1.5,0,0
2022-06-25 22:24:23,0,0,0,0.2506266,0,98.99749,0.5012531,0.2506266,0
2022-06-25 22:24:22,0,0,0.2493766,0,0,99.00249,0.4987531,0.2493766,0
2022-06-25 22:24:21,0,0,0.25,0.25,0,98.25,1.25,0,0
2022-06-25 22:24:20,0,0,0.7518797,0,0,97.99499,1.2531328,0,0
2022-06-25 22:24:19,0,0,2,0.75,0,94,2.5,0.75,0
2022-06-25 22:24:18,0,0,1.0025063,0.5012531,0,95.2381,3.258145,0,0
2022-06-25 22:24:17,0,0,0.4987531,0,0,97.50623,1.4962594,0.4987531,0
2022-06-25 22:24:16,0,0,0.2493766,0,0,98.25436,1.2468828,0.2493766,0
2022-06-25 22:24:15,0,0,0.2512563,0,0,98.24121,1.2562814,0.2512563,0
2022-06-25 22:24:14,0,0,0.2506266,0,0,98.74687,1.0025063,0,0
2022-06-25 22:24:13,0,0,0.4962779,0.4962779,0,96.77419,1.736973,0.4962779,0
2022-06-25 22:24:12,0,0,0.7518797,0,0,95.73935,3.508772,0,0
2022-06-25 22:24:11,0,0,1.25,0.25,0,94.25,4,0.25,0
2022-06-25 22:24:10,0,0,1.4962594,0.2493766,0,94.76309,2.992519,0.4987531,0
2022-06-25 22:24:09,0,0,0.5012531,0,0,97.74436,1.5037594,0.2506266,0
2022-06-25 22:24:08,0,0,0,0,0,99.24812,0.7518797,0,0
2022-06-25 22:24:07,0,0,0,0,0,98.5,1.25,0.25,0
2022-06-25 22:24:06,0,0,0.4987531,0.2493766,0,97.25686,1.745636,0.2493766,0
2022-06-25 22:24:05,0,0,0.4975124,0.2487562,0,96.51741,2.487562,0.2487562,0
2022-06-25 22:24:04,0,0,0.7556675,0,0,95.46599,3.526448,0.2518892,0
2022-06-25 22:24:03,0,0,1.2406948,0.248139,0,94.04467,3.970223,0.248139,0
2022-06-25 22:24:02,0,0,1.25,0.5,0,93,5,0.25,0
2022-06-25 22:24:01,0,0,1.754386,0.2506266,0,89.97494,7.769424,0.2506266,0
2022-06-25 22:24:00,0,0,0.7462687,0.2487562,0,91.29353,7.711443,0,0
2022-06-25 22:23:59,0,0,0.5012531,0.2506266,0,91.97995,7.26817,0,0
2022-06-25 22:23:58,0,0,0.25,0,0,92,7.25,0.5,0
2022-06-25 22:23:57,0,0,0,0,0,93.46734,6.030151,0.5025126,0
2022-06-25 22:23:56,0,0,0,0,0,95.51122,4.239401,0.2493766,0
2022-06-25 22:23:55,0,0,0.2512563,0,0,90.95477,7.788945,0.5025126,0
2022-06-25 22:23:54,0,0,0,0,0,91,7,0.25,0
2022-06-25 22:23:53,0,0,0,0.2518892,0,84.88665,8.060453,0.2518892,0
2022-06-25 22:23:52,0,0,0,0,0,98.25436,1.4962594,0.2493766,0
2022-06-25 22:23:51,0,0,0.25,0.25,0,98.75,0.75,0,0
2022-06-25 22:23:50,0,0,0,0,0,98.75,1.25,0,0
2022-06-25 22:23:49,0,0,0,0,0,98.74687,1.0025063,0.2506266,0
2022-06-25 22:23:48,0,0,0.2493766,0,0,99.00249,0.4987531,0.2493766,0
2022-06-25 22:23:47,0,0,0.2512563,0,0,98.99497,0.7537688,0,0
2022-06-25 22:23:46,0,0,0.2475248,0,0,98.51485,0.7425743,0.4950495,0
2022-06-25 22:23:45,0,0,0,0,0,99.49622,0.5037783,0,0
2022-06-25 22:23:44,0,0,0.9975062,0,0,97.00748,1.4962594,0.4987531,0
2022-06-25 22:23:43,0,0,1,0.5,0,96,2.25,0.25,0
2022-06-25 22:23:42,0,0,0.2506266,0,0,98.24561,1.5037594,0,0
2022-06-25 22:23:41,0,0,0.2493766,0.2493766,0,98.50374,0.7481297,0.2493766,0
2022-06-25 22:23:40,0,0,0.2506266,0.2506266,0,98.49624,1.0025063,0,0
2022-06-25 22:23:39,0,0,0.2487562,0,0,99.00498,0.7462687,0,0
2022-06-25 22:23:38,0,0,0.7518797,0,0,97.24311,1.5037594,0.5012531,0
2022-06-25 22:23:37,0,0,1.5,0,0,96.25,2.25,0,0
2022-06-25 22:23:36,0,0,1,0,0,96.75,1.75,0.5,0
2022-06-25 22:23:35,0,0,0,0,0,99.24623,0.5025126,0.2512563,0
2022-06-25 22:23:34,0,0,0.2475248,0.2475248,0,98.26733,0.990099,0.2475248,0
2022-06-25 22:23:33,0,0,0.5037783,0.2518892,0,97.48111,1.511335,0.2518892,0
2022-06-25 22:23:32,0,0,0.2493766,0,0,98.25436,1.2468828,0.2493766,0
2022-06-25 22:23:31,0,0,1,0.25,0,96,2.75,0,0
2022-06-25 22:23:30,0,0,1.0025063,0.2506266,0,96.49123,2.255639,0,0
2022-06-25 22:23:29,0,0,0.9975062,0.2493766,0,96.50873,1.4962594,0.7481297,0
2022-06-25 22:23:28,0,0,0.2506266,0,0,98.99749,0.5012531,0.2506266,0
2022-06-25 22:23:27,0,0,0,0,0,98.5,1.25,0.25,0
2022-06-25 22:23:26,0,0,0.5,0,0,97.75,1.5,0.25,0
2022-06-25 22:23:25,0,0,0.2506266,0,0,98.74687,0.7518797,0.2506266,0
2022-06-25 22:23:24,0,0,1.745636,0.4987531,0,95.51122,1.995012,0.2493766,0
2022-06-25 22:23:23,0,0,1.25,0,0,96.75,1.5,0.5,0
2022-06-25 22:23:22,0,0,0.5012531,0,0,97.74436,1.5037594,0.2506266,0
2022-06-25 22:23:21,0,0,0.4962779,0.248139,0,97.51861,1.4888337,0.248139,0
2022-06-25 22:23:20,0,0,0.2506266,0,0,98.99749,0.5012531,0.2506266,0
2022-06-25 22:23:19,0,0,0.4987531,0,0,98.00499,1.2468828,0.2493766,0
2022-06-25 22:23:18,0,0,0.5025126,0,0,96.73367,2.763819,0,0
2022-06-25 22:23:17,0,0,0.75,0,0,97.75,1.25,0.25,0
2022-06-25 22:23:16,0,0,0.9975062,0.2493766,0,95.51122,2.992519,0.2493766,0
2022-06-25 22:23:15,0,0,0.75,0.25,0,96.75,2,0.25,0
2022-06-25 22:23:14,0,0,0.25,0,0,98.75,0.75,0.25,0
2022-06-25 22:23:13,0,0,0,0,0,99.49875,0.5012531,0,0
2022-06-25 22:23:12,0,0,0.25,0,0,98.25,1.25,0.25,0
2022-06-25 22:23:11,0,0,0.7462687,0.2487562,0,96.26866,1.99005,0.7462687,0
2022-06-25 22:23:10,0,0,0.7537688,0,0,97.23618,2.01005,0,0
2022-06-25 22:23:09,0,0,1,0.25,0,95.5,3,0.25,0
2022-06-25 22:23:08,0,0,0.7481297,0.2493766,0,97.50623,1.2468828,0.2493766,0
2022-06-25 22:23:07,0,0,0.7481297,0,0,97.25686,1.745636,0.2493766,0
2022-06-25 22:23:06,0,0,0,0,0,98.99497,0.7537688,0.2512563,0
2022-06-25 22:23:05,0,0,0.2493766,0,0,98.75312,0.7481297,0.2493766,0
2022-06-25 22:23:04,0,0,0,0,0,98.5,1.25,0.25,0
2022-06-25 22:23:03,0,0,0.75,0,0,97.5,1.5,0.25,0
2022-06-25 22:23:02,0,0,0.9975062,0,0,94.26434,4.239401,0.4987531,0
2022-06-25 22:23:01,0,0,1.0025063,0.2506266,0,93.23308,5.513784,0,0
2022-06-25 22:23:00,0,0,1.4962594,0.7481297,0,90.27431,6.982544,0.4987531,0
2022-06-25 22:22:59,0,0,1.25,0,0,91.75,6.75,0.25,0
2022-06-25 22:22:58,0,0,1,0.25,0,92.75,5.5,0.5,0
2022-06-25 22:22:57,0,0,1.0025063,0.2506266,0,93.23308,5.263158,0.2506266,0
2022-06-25 22:22:56,0,0,0.2493766,0.2493766,0,91.5212,7.481297,0.4987531,0
2022-06-25 22:22:55,0,0,0,0.2512563,0,92.21106,7.286432,0.2512563,0
2022-06-25 22:22:54,0,0,0.248139,0.248139,0,93.30025,5.955335,0.248139,0
2022-06-25 22:22:53,0,0,0,0.2506266,0,94.23559,5.513784,0,0
2022-06-25 22:22:52,0,0,0,0,0,92.46231,7.035176,0.2512563,0
2022-06-25 22:22:51,0,0,0.2493766,0,0,92.76808,6.483791,0.4987531,0
2022-06-25 22:22:50,0,0,0.2512563,0,0,93.71859,5.025126,0.2512563,0
2022-06-25 22:22:49,0,0,0.2506266,0,0,96.99248,2.506266,0.2506266,0
2022-06-25 22:22:48,0,0,0.2493766,0,0,98.25436,1.2468828,0.2493766,0
2022-06-25 22:22:47,0,0,0,0,0,98.74687,1.0025063,0.2506266,0
2022-06-25 22:22:46,0,0,0.2487562,0,0,98.75622,0.9950249,0,0
2022-06-25 22:22:45,0,0,0,0,0,98.50374,0.9975062,0.4987531,0
2022-06-25 22:22:44,0,0,0.2512563,0,0,98.24121,1.5075377,0,0
2022-06-25 22:22:43,0,0,0.7481297,0,0,97.50623,1.4962594,0.2493766,0
2022-06-25 22:22:42,0,0,0.7518797,0.2506266,0,96.99248,1.754386,0.2506266,0
2022-06-25 22:22:41,0,0,0.25,0,0,98.75,0.75,0.25,0
2022-06-25 22:22:40,0,0,0.5,0,0,97.5,1.75,0.25,0
2022-06-25 22:22:39,0,0,0.2506266,0.2506266,0,98.49624,1.0025063,0,0
2022-06-25 22:22:38,0,0,0.2493766,0,0,98.25436,1.2468828,0.2493766,0
2022-06-25 22:22:37,0,0,0.75,0,0,97,2,0.25,0
2022-06-25 22:22:36,0,0,0.75,0,0,97.75,1.5,0,0
2022-06-25 22:22:35,0,0,0.75,0.25,0,97.75,1.25,0,0
2022-06-25 22:22:34,0,0,0.7481297,0,0,97.25686,1.745636,0.2493766,0
2022-06-25 22:22:33,0,0,0.5,0.25,0,97.25,1.75,0.25,0
2022-06-25 22:22:32,0,0,0.25,0,0,99,0.5,0.25,0
2022-06-25 22:22:31,0,0,0.5,0,0,98.5,1,0,0
2022-06-25 22:22:30,0,0,0.5012531,0,0,98.24561,1.0025063,0.2506266,0
2022-06-25 22:22:29,0,0,0.7481297,0.2493766,0,97.25686,1.745636,0,0
2022-06-25 22:22:28,0,0,0.7518797,0.2506266,0,96.74185,2.005013,0.2506266,0
2022-06-25 22:22:27,0,0,1.0050251,0.2512563,0,97.48744,1.0050251,0.2512563,0
2022-06-25 22:22:26,0,0,0.7425743,0.2475248,0,98.0198,0.4950495,0.4950495,0
2022-06-25 22:22:25,0,0,0.5037783,0,0,97.98489,1.511335,0,0
2022-06-25 22:22:24,0,0,0.25,0,0,98.75,1,0,0
2022-06-25 22:22:23,0,0,0.75,0.25,0,97.75,1,0.25,0
2022-06-25 22:22:22,0,0,0.7481297,0.2493766,0,96.7581,1.995012,0.2493766,0
2022-06-25 22:22:21,0,0,0.75,0,0,98,1,0.25,0
2022-06-25 22:22:20,0,0,0.7481297,0.2493766,0,96.25935,2.493766,0.2493766,0
2022-06-25 22:22:19,0,0,0.7537688,0,0,97.98995,1.2562814,0,0
2022-06-25 22:22:18,0,0,0.2506266,0,0,98.24561,1.2531328,0.2506266,0
2022-06-25 22:22:17,0,0,0.2487562,0,0,99.00498,0.7462687,0,0
2022-06-25 22:22:16,0,0,0.4987531,0.2493766,0,97.25686,1.4962594,0.4987531,0
2022-06-25 22:22:15,0,0,0.9975062,0,0,97.00748,1.745636,0.2493766,0
2022-06-25 22:22:14,0,0,0.7518797,0,0,97.24311,1.754386,0.2506266,0
2022-06-25 22:22:13,0,0,1,0.25,0,96.5,2,0.25,0
2022-06-25 22:22:12,0,0,0.5025126,0.2512563,0,97.73869,1.2562814,0.2512563,0
2022-06-25 22:22:11,0,0,0.25,0,0,99,0.75,0,0
2022-06-25 22:22:10,0,0,0,0,0,99.24812,0.7518797,0,0
2022-06-25 22:22:09,0,0,0.2493766,0,0,98.25436,0.9975062,0.4987531,0
2022-06-25 22:22:08,0,0,0.75,0,0,97.5,1.75,0,0
2022-06-25 22:22:07,0,0,0.9950249,0.4975124,0,95.27363,2.985075,0.2487562,0
2022-06-25 22:22:06,0,0,0.5050505,0,0,96.46465,2.777778,0.2525253,0
2022-06-25 22:22:05,0,0,0.990099,0.2475248,0,95.79208,2.227723,0.7425743,0
2022-06-25 22:22:04,0,0,0.5037783,0,0,98.23678,1.0075567,0.2518892,0
2022-06-25 22:22:03,0,0,0,0.2493766,0,98.50374,0.9975062,0.2493766,0
2022-06-25 22:22:02,0,0,0,0,0,99.49875,0.5012531,0,0
2022-06-25 22:22:01,0,0,0.248139,0,0,98.26303,0.9925558,0.4962779,0
2022-06-25 22:22:00,0,0,0.5025126,0.2512563,0,94.72362,4.522613,0,0
2022-06-25 22:21:59,0,0,1.4925373,0,0,94.52736,3.731343,0.2487562,0
2022-06-25 22:21:58,0,0,0.7537688,0.2512563,0,91.70854,6.78392,0.2512563,0
2022-06-25 22:21:57,0,0,1.75,0,0,91.5,6.5,0.25,0
2022-06-25 22:21:56,0,0,1.2437811,0.2487562,0,91.54229,6.467662,0.4975124,0
2022-06-25 22:21:55,0,0,1.2562814,0,0,90.70352,8.040201,0,0
2022-06-25 22:21:54,0,0,0.248139,0,0,92.30769,6.699752,0.248139,0
2022-06-25 22:21:53,0,0,0,0.25,0,92.5,7,0.25,0
2022-06-25 22:21:52,0,0,0.2506266,0,0,93.23308,6.015038,0.2506266,0
2022-06-25 22:21:51,0,0,0,0.25,0,91.25,8.25,0.25,0
2022-06-25 22:21:50,0,0,0,0,0,91.43577,8.060453,0.5037783,0
2022-06-25 22:21:49,0,0,0,0,0,92.25,7.25,0.25,0
2022-06-25 22:21:48,0,0,0.25,0,0,93.25,5,0.25,0
2022-06-25 22:21:47,0,0,0,0,0,96.23116,3.517588,0,0
2022-06-25 22:21:46,0,0,0.2487562,0,0,98.75622,0.7462687,0.2487562,0
2022-06-25 22:21:45,0,0,0,0.2506266,0,98.99749,0.5012531,0.2506266,0
2022-06-25 22:21:44,0,0,0,0,0,99,1,0,0
2022-06-25 22:21:43,0,0,0.2493766,0,0,98.75312,0.4987531,0.4987531,0
2022-06-25 22:21:42,0,0,0,0.2506266,0,98.24561,1.2531328,0.2506266,0
2022-06-25 22:21:41,0,0,0.9950249,0.2487562,0,96.76617,1.99005,0,0
2022-06-25 22:21:40,0,0,0.5,0.25,0,98,1,0.25,0
2022-06-25 22:21:39,0,0,0.2506266,0,0,98.74687,0.7518797,0.2506266,0
2022-06-25 22:21:38,0,0,0.75,0.25,0,95.75,3.25,0,0
2022-06-25 22:21:37,0,0,0.2493766,0,0,98.75312,0.7481297,0.2493766,0
2022-06-25 22:21:36,0,0,0.2506266,0,0,98.24561,1.5037594,0,0
2022-06-25 22:21:35,0,0,0.7481297,0.2493766,0,97.00748,1.4962594,0.4987531,0
2022-06-25 22:21:34,0,0,0.7518797,0.2506266,0,96.49123,2.255639,0.2506266,0
2022-06-25 22:21:33,0,0,0.5012531,0,0,97.99499,1.2531328,0.2506266,0
2022-06-25 22:21:32,0,0,0.7481297,0.2493766,0,96.50873,1.995012,0.4987531,0
2022-06-25 22:21:31,0,0,1.2531328,0.2506266,0,96.2406,2.005013,0.2506266,0
2022-06-25 22:21:30,0,0,0.2506266,0,0,98.24561,1.0025063,0.5012531,0
2022-06-25 22:21:29,0,0,0.2493766,0.2493766,0,98.50374,0.7481297,0.2493766,0
2022-06-25 22:21:28,0,0,0.75,0,0,96.25,2.5,0.5,0
2022-06-25 22:21:27,0,0,0.7462687,0.2487562,0,97.51244,1.4925373,0,0
2022-06-25 22:21:26,0,0,0.5037783,0.2518892,0,97.48111,1.763224,0,0
2022-06-25 22:21:25,0,0,1.4925373,0.2487562,0,94.27861,3.482587,0.4975124,0
2022-06-25 22:21:24,0,0,1.0025063,0.2506266,0,96.99248,1.754386,0,0
2022-06-25 22:21:23,0,0,0.2493766,0,0,98.75312,0.7481297,0.2493766,0
2022-06-25 22:21:22,0,0,0.25,0,0,98,1.5,0.25,0
2022-06-25 22:21:21,0,0,0.5,0,0,98,1.25,0.25,0
2022-06-25 22:21:20,0,0,0.7518797,0,0,98.24561,1.0025063,0,0
2022-06-25 22:21:19,0,0,0.4987531,0.4987531,0,97.00748,1.4962594,0.4987531,0
2022-06-25 22:21:18,0,0,1.2531328,0.2506266,0,96.2406,1.754386,0.5012531,0
2022-06-25 22:21:17,0,0,0.4975124,0,0,97.26368,1.741294,0.4975124,0
2022-06-25 22:21:16,0,0,0.5025126,0,0,97.98995,1.2562814,0.2512563,0
2022-06-25 22:21:15,0,0,0,0.2487562,0,99.50249,0,0.2487562,0
2022-06-25 22:21:14,0,0,0.2506266,0,0,98.24561,1.2531328,0.2506266,0
2022-06-25 22:21:13,0,0,0.75,0,0,97.5,1.5,0.25,0
2022-06-25 22:21:12,0,0,0.75,0.25,0,96.25,2.25,0.5,0
2022-06-25 22:21:11,0,0,1,0,0,96.5,2,0.5,0
2022-06-25 22:21:10,0,0,1.4925373,0.2487562,0,95.52239,2.487562,0.2487562,0
2022-06-25 22:21:09,0,0,0,0,0,98.99497,0.7537688,0.2512563,0
2022-06-25 22:21:08,0,0,0.25,0,0,98.25,1,0.5,0
2022-06-25 22:21:07,0,0,0,0,0,99.00249,0.7481297,0.2493766,0
2022-06-25 22:21:06,0,0,0.5012531,0,0,96.74185,2.506266,0.2506266,0
2022-06-25 22:21:05,0,0,0.7518797,0,0,96.99248,2.005013,0.2506266,0
2022-06-25 22:21:04,0,0,0.7518797,0,0,96.74185,2.255639,0.2506266,0
2022-06-25 22:21:03,0,0,0.9925558,0.248139,0,94.78908,3.473945,0.4962779,0
2022-06-25 22:21:02,0,0,0.7518797,0,0,96.74185,2.255639,0.2506266,0
2022-06-25 22:21:01,0,0,0.2493766,0,0,98.25436,1.4962594,0,0
2022-06-25 22:21:00,0,0,0,0,0,98.99749,0.7518797,0.2506266,0
2022-06-25 22:20:59,0,0,0,0,0,99.24812,0.5012531,0.2506266,0
2022-06-25 22:20:58,0,0,0.2493766,0.2493766,0,97.25686,1.995012,0.2493766,0
2022-06-25 22:20:57,0,0,1,0,0,95,3.5,0.5,0
2022-06-25 22:20:56,0,0,1.25,0.5,0,95.25,2.75,0.25,0
2022-06-25 22:20:55,0,0,1.2468828,0,0,92.76808,5.735661,0.2493766,0
2022-06-25 22:20:54,0,0,1.5,0.25,0,89.5,8.25,0.5,0
2022-06-25 22:20:53,0,0,1,0.25,0,93.75,4.75,0.25,0
2022-06-25 22:20:52,0,0,0.5012531,0,0,91.97995,7.017544,0.5012531,0
2022-06-25 22:20:51,0,0,0.7462687,0.4975124,0,91.29353,7.21393,0.2487562,0
2022-06-25 22:20:50,0,0,0,0,0,94.45844,5.289673,0.2518892,0
2022-06-25 22:20:49,0,0,0,0,0,94.52736,5.223881,0.2487562,0
2022-06-25 22:20:48,0,0,0.2506266,0,0,89.72431,9.022556,0.5012531,0
2022-06-25 22:20:47,0,0,0,0,0,87.65743,10.579345,0.2518892,0
2022-06-25 22:20:46,0,0,0,0,0,88.5,10.5,0.25,0
2022-06-25 22:20:45,0,0,0.2525253,0,0,96.21212,2.272727,0.2525253,0
2022-06-25 22:20:44,0,0,0,0,0,97.74436,2.255639,0,0
2022-06-25 22:20:43,0,0,0,0,0,99.00744,0.7444169,0.248139,0
2022-06-25 22:20:42,0,0,0,0.2512563,0,99.49749,0.2512563,0,0
2022-06-25 22:20:41,0,0,0.2493766,0,0,98.50374,0.7481297,0.4987531,0
2022-06-25 22:20:40,0,0,0,0,0,99.25,0.5,0.25,0
2022-06-25 22:20:39,0,0,0,0,0,100,0,0,0
2022-06-25 22:20:38,0,0,0.4987531,0,0,97.50623,1.995012,0,0
2022-06-25 22:20:37,0,0,0.9975062,0.2493766,0,96.25935,1.995012,0.4987531,0
2022-06-25 22:20:36,0,0,0.7537688,0,0,97.73869,1.2562814,0.2512563,0
2022-06-25 22:20:35,0,0,0.4987531,0,0,97.75561,1.2468828,0.4987531,0
2022-06-25 22:20:34,0,0,0,0,0,99.25,0.75,0,0
2022-06-25 22:20:33,0,0,0.25,0.25,0,98.5,0.75,0.25,0
2022-06-25 22:20:32,0,0,0.2487562,0,0,97.76119,1.741294,0.2487562,0
2022-06-25 22:20:31,0,0,1.0050251,0.2512563,0,97.48744,1.2562814,0,0
2022-06-25 22:20:30,0,0,1.25,0.25,0,96.25,2,0.25,0
2022-06-25 22:20:29,0,0,0.9975062,0.2493766,0,96.50873,2.244389,0,0
2022-06-25 22:20:28,0,0,0.2512563,0,0,98.49246,0.7537688,0.5025126,0
2022-06-25 22:20:27,0,0,0.2487562,0,0,99.00498,0.4975124,0.2487562,0
2022-06-25 22:20:26,0,0,0,0,0,98.5,1.25,0.25,0
2022-06-25 22:20:25,0,0,0.7462687,0.2487562,0,98.25871,0.7462687,0,0
2022-06-25 22:20:24,0,0,1.5,0.5,0,95.75,1.75,0.5,0
2022-06-25 22:20:23,0,0,1.0050251,0,0,96.48241,2.261307,0.2512563,0
2022-06-25 22:20:22,0,0,1.0025063,0.2506266,0,97.24311,1.5037594,0,0
2022-06-25 22:20:21,0,0,0.2493766,0,0,98.50374,0.7481297,0.2493766,0
2022-06-25 22:20:20,0,0,0.25,0,0,99,0.5,0.25,0
2022-06-25 22:20:19,0,0,0,0,0,99.25,0.75,0,0
2022-06-25 22:20:18,0,0,0.4987531,0,0,98.75312,0.4987531,0.2493766,0
2022-06-25 22:20:17,0,0,1.25,0.5,0,95.25,2.75,0.25,0
2022-06-25 22:20:16,0,0,0.7518797,0,0,96.49123,2.506266,0.2506266,0
2022-06-25 22:20:15,0,0,1.0025063,0,0,98.24561,0.5012531,0.2506266,0
2022-06-25 22:20:14,0,0,0.2506266,0,0,98.49624,1.2531328,0,0
2022-06-25 22:20:13,0,0,0.2487562,0.4975124,0,98.25871,0.7462687,0.2487562,0
2022-06-25 22:20:12,0,0,0,0,0,99.25,0.5,0.25,0
2022-06-25 22:20:11,0,0,0.5,0.25,0,97.75,1.5,0,0
2022-06-25 22:20:10,0,0,1.4962594,0,0,95.7606,2.493766,0.2493766,0
2022-06-25 22:20:09,0,0,1.5037594,0.2506266,0,95.73935,2.255639,0.2506266,0
2022-06-25 22:20:08,0,0,0.75,0,0,97,2.25,0,0
2022-06-25 22:20:07,0,0,0.5012531,0.5012531,0,97.24311,1.754386,0,0
2022-06-25 22:20:06,0,0,0.2493766,0.2493766,0,97.75561,1.4962594,0.2493766,0
2022-06-25 22:20:05,0,0,0,0,0,99,0.75,0.25,0
2022-06-25 22:20:04,0,0,0.2506266,0,0,97.99499,1.754386,0,0
2022-06-25 22:20:03,0,0,0.7444169,0.248139,0,96.52605,1.985112,0.4962779,0
2022-06-25 22:20:02,0,0,1.0050251,0.2512563,0,95.9799,2.512563,0.2512563,0
2022-06-25 22:20:01,0,0,1.0050251,0,0,94.97487,3.768844,0.2512563,0
2022-06-25 22:20:00,0,0,1.2468828,0,0,96.50873,1.995012,0.2493766,0
2022-06-25 22:19:59,0,0,0.4975124,0.2487562,0,97.51244,1.741294,0,0
2022-06-25 22:19:58,0,0,0,0,0,98.74687,1.0025063,0.2506266,0
2022-06-25 22:19:57,0,0,0,0,0,98.5,1,0.5,0
2022-06-25 22:19:56,0,0,0,0,0,99.49749,0.5025126,0,0
2022-06-25 22:19:55,0,0,0.4975124,0,0,97.76119,1.4925373,0.2487562,0
2022-06-25 22:19:54,0,0,0.9975062,0.2493766,0,95.01247,3.491272,0.2493766,0
2022-06-25 22:19:53,0,0,1.2562814,0.2512563,0,92.71357,5.276382,0.5025126,0
2022-06-25 22:19:52,0,0,1.995012,0.2493766,0,87.53117,9.975062,0.2493766,0
2022-06-25 22:19:51,0,0,1.4925373,0.4975124,0,91.79104,5.472637,0.4975124,0
2022-06-25 22:19:50,0,0,0.5037783,0,0,92.44332,7.052897,0,0
2022-06-25 22:19:49,0,0,0.4987531,0,0,93.26683,5.985037,0.2493766,0
2022-06-25 22:19:48,0,0,0.4987531,0,0,91.77057,7.730673,0,0
2022-06-25 22:19:47,0,0,0,0,0,93.73434,6.015038,0.2506266,0
2022-06-25 22:19:46,0,0,0,0,0,92.5,7,0.5,0
2022-06-25 22:19:45,0,0,0,0,0,92.46231,7.286432,0,0
2022-06-25 22:19:44,0,0,0.25,0.25,0,86.25,9.75,0.5,0
2022-06-25 22:19:43,0,0,0.7575758,0,0,87.87879,6.565657,0.5050505,0
2022-06-25 22:19:42,0,0,0,0,0,97.26368,2.487562,0.2487562,0
2022-06-25 22:19:41,0,0,0.2506266,0,0,97.99499,1.754386,0,0
2022-06-25 22:19:40,0,0,0,0,0,98.24561,1.5037594,0.2506266,0
2022-06-25 22:19:39,0,0,0.2493766,0,0,98.50374,0.9975062,0.2493766,0
2022-06-25 22:19:38,0,0,0,0,0,99.5,0.5,0,0
2022-06-25 22:19:37,0,0,0,0,0,99.49875,0.2506266,0.2506266,0
2022-06-25 22:19:36,0,0,0.2493766,0.2493766,0,97.75561,1.2468828,0.4987531,0
2022-06-25 22:19:35,0,0,0.25,0,0,97.75,1.5,0.5,0
2022-06-25 22:19:34,0,0,1,0.25,0,96.75,1.75,0.25,0
2022-06-25 22:19:33,0,0,1.0025063,0,0,97.24311,1.5037594,0.2506266,0
2022-06-25 22:19:32,0,0,0.25,0,0,98.25,1.25,0.25,0
2022-06-25 22:19:31,0,0,0,0,0,99.50249,0.2487562,0.2487562,0
2022-06-25 22:19:30,0,0,0.2506266,0,0,98.99749,0.5012531,0.2506266,0
2022-06-25 22:19:29,0,0,0.5012531,0.2506266,0,97.49373,1.5037594,0.2506266,0
2022-06-25 22:19:28,0,0,0.7444169,0.248139,0,97.76675,0.9925558,0.248139,0
2022-06-25 22:19:27,0,0,1.0050251,0,0,96.48241,2.01005,0.2512563,0
2022-06-25 22:19:26,0,0,1,0,0,97,2,0,0
2022-06-25 22:19:25,0,0,1.25,0,0,97.25,1.25,0.25,0
2022-06-25 22:19:24,0,0,0.75,0,0,98.5,0.5,0.25,0
2022-06-25 22:19:23,0,0,0.2506266,0,0,98.24561,1.5037594,0,0
2022-06-25 22:19:22,0,0,0.4987531,0.2493766,0,98.00499,0.9975062,0.2493766,0
2022-06-25 22:19:21,0,0,0.7481297,0,0,97.00748,1.995012,0.2493766,0
2022-06-25 22:19:20,0,0,1.5037594,0.2506266,0,95.2381,2.756892,0.2506266,0
2022-06-25 22:19:19,0,0,1.0025063,0.2506266,0,96.99248,1.754386,0,0
2022-06-25 22:19:18,0,0,0.4987531,0.2493766,0,98.00499,0.9975062,0.2493766,0
2022-06-25 22:19:17,0,0,0,0,0,98.49624,1.5037594,0,0
2022-06-25 22:19:16,0,0,0.2493766,0,0,98.75312,0.7481297,0.2493766,0
2022-06-25 22:19:15,0,0,0.2487562,0,0,98.75622,0.7462687,0.2487562,0
2022-06-25 22:19:14,0,0,1.2531328,0.2506266,0,95.48872,3.007519,0,0
2022-06-25 22:19:13,0,0,1.0025063,0,0,96.74185,2.255639,0,0
2022-06-25 22:19:12,0,0,1.2531328,0.5012531,0,95.98997,2.005013,0.2506266,0
2022-06-25 22:19:11,0,0,0,0,0,97.74436,2.005013,0.2506266,0
2022-06-25 22:19:10,0,0,0,0,0,99.25187,0.4987531,0.2493766,0
2022-06-25 22:19:09,0,0,0,0,0,99.74937,0,0.2506266,0
2022-06-25 22:19:08,0,0,0.7444169,0.248139,0,98.26303,0.4962779,0.248139,0
2022-06-25 22:19:07,0,0,0.7537688,0.2512563,0,96.73367,2.261307,0,0
2022-06-25 22:19:06,0,0,2,0.5,0,94,3.25,0.25,0
2022-06-25 22:19:05,0,0,0.75,0,0,96.75,2.5,0,0
2022-06-25 22:19:04,0,0,0.25,0.25,0,97.5,1.75,0.25,0
2022-06-25 22:19:03,0,0,0,0,0,99.50125,0.2493766,0.2493766,0
2022-06-25 22:19:02,0,0,0,0,0,99.49749,0.2512563,0.2512563,0
2022-06-25 22:19:01,0,0,0.2493766,0,0,98.75312,0.9975062,0,0
2022-06-25 22:19:00,0,0,0.5,0.25,0,98,1,0.25,0
2022-06-25 22:18:59,0,0,1.25,0,0,93.5,5,0.25,0
2022-06-25 22:18:58,0,0,1.741294,0.2487562,0,93.53234,3.9801,0.4975124,0
2022-06-25 22:18:57,0,0,1.0050251,0,0,97.23618,1.5075377,0.2512563,0
2022-06-25 22:18:56,0,0,0.5,0.25,0,97.5,1.75,0,0
2022-06-25 22:18:55,0,0,0,0,0,98.99749,1.0025063,0,0
2022-06-25 22:18:54,0,0,0.4987531,0,0,98.75312,0.4987531,0.2493766,0
2022-06-25 22:18:53,0,0,0,0,0,99.00498,0.4975124,0.4975124,0
2022-06-25 22:18:52,0,0,0.2512563,0,0,97.48744,2.261307,0,0
2022-06-25 22:18:51,0,0,0.7462687,0.2487562,0,93.78109,4.975124,0.2487562,0
2022-06-25 22:18:50,0,0,1.5,0,0,92.75,5.25,0.25,0
2022-06-25 22:18:49,0,0,5.721393,0.9950249,0,83.08458,9.701493,0.2487562,0.2487562
2022-06-25 22:18:48,0,0,2.25,0.25,0,89,8.25,0.25,0
2022-06-25 22:18:47,0,0,1.0025063,0,0,89.47368,9.273183,0.2506266,0
2022-06-25 22:18:46,0,0,0.25,0.25,0,94.5,4.75,0.25,0
2022-06-25 22:18:45,0,0,0,0,0,95.7606,3.990025,0.2493766,0
2022-06-25 22:18:44,0,0,0,0,0,95.71788,3.778338,0,0
2022-06-25 22:18:43,0,0,0.25,0,0,92.5,6.5,0.5,0
2022-06-25 22:18:42,0,0,0,0,0,93.03483,6.716418,0.2487562,0
2022-06-25 22:18:41,0,0,0,0,0,90.40404,8.838384,0.2525253,0
2022-06-25 22:18:40,0,0,0.2518892,0.5037783,0,38.53904,6.297229,0.2518892,0
2022-06-25 22:18:39,0,0,0.2544529,0.2544529,0,45.80153,3.307888,0.2544529,0
2022-06-25 22:18:38,0,0,0.7537688,0.7537688,0,71.60804,4.522613,0,0.5025126
2022-06-25 22:18:37,0,0,0,0,0,49.25743,2.970297,0.4950495,0.990099
2022-06-25 22:18:36,0,0,0.2493766,1.2468828,0,49.62594,2.992519,0,1.2468828
2022-06-25 22:18:35,0,0,0,0.990099,0,32.17822,2.722772,0,0.2475248
2022-06-25 22:18:34,0,0,0.2512563,0.5025126,0,32.91457,3.517588,0.2512563,1.758794
2022-06-25 22:18:33,0,0,0.5025126,0,0,8.040201,2.512563,0.2512563,2.763819
2022-06-25 22:18:32,0,0,0.7462687,0.4975124,0,2.487562,2.736318,0,0.4975124
2022-06-25 22:18:31,0,0,0,0,0,0,0.2512563,0,0
2022-06-25 22:18:30,0,0,0,0,0,0,0.2506266,0.2506266,0
2022-06-25 22:18:29,0,0,0,0,0,0,0.5012531,0.2506266,0
2022-06-25 22:18:28,0,0,0,0,0,0,0.5012531,0,0
2022-06-25 22:18:27,0,0,0,0,0,0,0.2506266,0.2506266,0
