time,free,used,cached,buffers
2022-06-14 22:01:50,27574.61,4125.648,388.1992,23.77344
2022-06-14 22:01:49,27575.02,4125.703,387.7344,23.77344
2022-06-14 22:01:48,27585.13,4122.832,380.7422,23.52734
2022-06-14 22:01:47,27236.67,4470.902,381.4023,23.25781
2022-06-14 22:01:46,27236.66,4470.926,381.4023,23.25
2022-06-14 22:01:45,27237.2,4470.402,381.3945,23.24219
2022-06-14 22:01:44,27236.9,4470.695,381.3945,23.24219
2022-06-14 22:01:43,27236.89,4470.711,381.3945,23.24219
2022-06-14 22:01:42,27237.15,4470.449,381.3945,23.24219
2022-06-14 22:01:41,27237.2,4470.41,381.3945,23.23438
2022-06-14 22:01:40,27236.9,4470.711,381.3945,23.22656
2022-06-14 22:01:39,27236.92,4470.695,381.3945,23.22656
2022-06-14 22:01:38,27236.9,4470.711,381.3945,23.22656
2022-06-14 22:01:37,27237.13,4470.488,381.3867,23.22656
2022-06-14 22:01:36,27237.12,4470.504,381.3867,23.22656
2022-06-14 22:01:35,27236.86,4470.766,381.3867,23.22656
2022-06-14 22:01:34,27237.15,4470.48,381.3867,23.21875
2022-06-14 22:01:33,27237.16,4470.465,381.3867,23.21875
2022-06-14 22:01:32,27236.87,4470.758,381.3867,23.21875
2022-06-14 22:01:31,27237.13,4470.496,381.3867,23.21875
2022-06-14 22:01:30,27236.93,4470.695,381.3867,23.21875
2022-06-14 22:01:29,27237.1,4470.543,381.3711,23.21875
2022-06-14 22:01:28,27237.18,4470.465,381.3867,23.20312
2022-06-14 22:01:27,27236.89,4470.75,381.3945,23.20312
2022-06-14 22:01:26,27237.18,4470.457,381.3945,23.20312
2022-06-14 22:01:25,27236.95,4470.688,381.3945,23.20312
2022-06-14 22:01:24,27236.91,4470.727,381.3945,23.20312
2022-06-14 22:01:23,27237.2,4470.449,381.3945,23.19531
2022-06-14 22:01:22,27236.97,4470.672,381.3945,23.19531
2022-06-14 22:01:21,27236.89,4470.758,381.3945,23.19531
2022-06-14 22:01:20,27236.88,4470.766,381.3945,23.19531
2022-06-14 22:01:19,27236.7,4470.945,381.3906,23.19531
2022-06-14 22:01:18,27236.73,4470.922,381.3906,23.19531
2022-06-14 22:01:17,27236.67,4470.992,381.3828,23.1875
2022-06-14 22:01:16,27236.66,4471,381.3906,23.17969
2022-06-14 22:01:15,27237.13,4470.539,381.3828,23.17969
2022-06-14 22:01:14,27237.16,4470.516,381.3828,23.17969
2022-06-14 22:01:13,27237.18,4470.492,381.3828,23.17969
2022-06-14 22:01:12,27237.16,4470.527,381.3789,23.17188
2022-06-14 22:01:11,27236.9,4470.789,381.3789,23.16406
2022-06-14 22:01:10,27237.12,4470.566,381.3789,23.16406
2022-06-14 22:01:09,27236.96,4470.734,381.3789,23.16406
2022-06-14 22:01:08,27236.94,4470.75,381.3789,23.16406
2022-06-14 22:01:07,27236.96,4470.734,381.3789,23.16406
2022-06-14 22:01:06,27236.7,4470.996,381.3867,23.15625
2022-06-14 22:01:05,27236.96,4470.734,381.3867,23.15625
2022-06-14 22:01:04,27236.88,4470.812,381.3867,23.15625
2022-06-14 22:01:03,27236.64,4471.059,381.3867,23.14844
2022-06-14 22:01:02,27236.93,4470.773,381.3867,23.14844
2022-06-14 22:01:01,27236.71,4471.059,381.3242,23.14062
2022-06-14 22:01:00,27236.69,4471.082,381.3242,23.14062
2022-06-14 22:00:59,27237.14,4470.629,381.3242,23.14062
2022-06-14 22:00:58,27236.9,4470.867,381.3242,23.14062
2022-06-14 22:00:57,27236.71,4471.062,381.3203,23.14062
2022-06-14 22:00:56,27236.66,4471.117,381.3203,23.14062
2022-06-14 22:00:55,27236.43,4471.34,381.3203,23.14062
2022-06-14 22:00:54,27236.66,4471.125,381.3125,23.14062
2022-06-14 22:00:53,27236.96,4470.832,381.3125,23.13281
2022-06-14 22:00:52,27236.72,4471.078,381.3125,23.125
2022-06-14 22:00:51,27236.7,4471.102,381.3125,23.125
2022-06-14 22:00:50,27236.71,4471.086,381.3125,23.125
2022-06-14 22:00:49,27236.45,4471.348,381.3125,23.125
2022-06-14 22:00:48,27236.89,4470.91,381.3047,23.125
2022-06-14 22:00:47,27236.66,4471.141,381.3047,23.125
2022-06-14 22:00:46,27236.65,4471.164,381.3047,23.11719
2022-06-14 22:00:45,27236.91,4470.906,381.3086,23.10938
2022-06-14 22:00:44,27236.66,4471.16,381.3086,23.10938
2022-06-14 22:00:43,27236.69,4471.129,381.3086,23.10938
2022-06-14 22:00:42,27236.9,4470.914,381.3086,23.10938
2022-06-14 22:00:41,27236.69,4471.141,381.3047,23.10156
2022-06-14 22:00:40,27236.89,4470.953,381.3008,23.09375
2022-06-14 22:00:39,27236.69,4471.156,381.2969,23.09375
2022-06-14 22:00:38,27236.98,4470.863,381.2969,23.09375
2022-06-14 22:00:37,27236.96,4470.883,381.293,23.09375
2022-06-14 22:00:36,27236.89,4470.961,381.293,23.09375
2022-06-14 22:00:35,27236.9,4470.945,381.293,23.09375
2022-06-14 22:00:34,27236.7,4471.16,381.293,23.07812
2022-06-14 22:00:33,27237.18,4470.691,381.2852,23.07812
2022-06-14 22:00:32,27236.92,4470.953,381.2852,23.07812
2022-06-14 22:00:31,27236.66,4471.219,381.2812,23.07812
2022-06-14 22:00:30,27236.92,4470.957,381.2812,23.07812
2022-06-14 22:00:29,27236.9,4470.988,381.2812,23.0625
2022-06-14 22:00:28,27236.92,4470.973,381.2812,23.0625
2022-06-14 22:00:27,27236.9,4470.988,381.2812,23.0625
2022-06-14 22:00:26,27236.67,4471.219,381.2812,23.0625
2022-06-14 22:00:25,27236.9,4470.988,381.2812,23.0625
2022-06-14 22:00:24,27236.95,4470.941,381.2812,23.0625
2022-06-14 22:00:23,27236.88,4471.012,381.2891,23.05469
2022-06-14 22:00:22,27236.92,4470.973,381.2891,23.05469
2022-06-14 22:00:21,27236.7,4471.203,381.2891,23.04688
2022-06-14 22:00:20,27236.92,4470.98,381.2891,23.04688
2022-06-14 22:00:19,27236.63,4471.27,381.2852,23.04688
2022-06-14 22:00:18,27236.98,4470.922,381.2852,23.04688
2022-06-14 22:00:17,27236.7,4471.215,381.2852,23.03906
2022-06-14 22:00:16,27236.67,4471.246,381.2852,23.03125
2022-06-14 22:00:15,27236.94,4470.977,381.2852,23.03125
2022-06-14 22:00:14,27236.92,4471,381.2852,23.03125
2022-06-14 22:00:13,27236.91,4471.008,381.2852,23.03125
2022-06-14 22:00:12,27236.64,4471.277,381.2852,23.03125
2022-06-14 22:00:11,27237.19,4470.746,381.2773,23.02344
2022-06-14 22:00:10,27236.95,4470.988,381.2734,23.02344
2022-06-14 22:00:09,27236.66,4471.273,381.2734,23.02344
2022-06-14 22:00:08,27236.64,4471.305,381.2734,23.01562
2022-06-14 22:00:07,27236.6,4471.344,381.2734,23.01562
2022-06-14 22:00:06,27236.92,4471.035,381.2734,23.00781
2022-06-14 22:00:05,27237.19,4470.77,381.2695,23.00781
2022-06-14 22:00:04,27236.89,4471.07,381.2695,23.00781
2022-06-14 22:00:03,27237.12,4470.84,381.2617,23.00781
2022-06-14 22:00:02,27237.23,4470.742,381.2656,23
2022-06-14 22:00:01,27236.88,4471.082,381.2734,23
2022-06-14 22:00:00,27237.16,4470.809,381.2695,22.99219
2022-06-14 21:59:59,27236.91,4471.066,381.2656,22.99219
2022-06-14 21:59:58,27236.95,4471.027,381.2656,22.99219
2022-06-14 21:59:57,27237.12,4470.852,381.2656,22.99219
2022-06-14 21:59:56,27237.1,4470.883,381.2656,22.98438
2022-06-14 21:59:55,27237.16,4470.84,381.2617,22.97656
2022-06-14 21:59:54,27236.64,4471.355,381.2617,22.97656
2022-06-14 21:59:53,27236.7,4471.301,381.2617,22.97656
2022-06-14 21:59:52,27236.98,4471.016,381.2617,22.97656
2022-06-14 21:59:51,27236.66,4471.332,381.2617,22.97656
2022-06-14 21:59:50,27236.39,4471.613,381.2539,22.97266
2022-06-14 21:59:49,27236.66,4471.352,381.2461,22.97266
2022-06-14 21:59:48,27236.89,4471.141,381.2422,22.96484
2022-06-14 21:59:47,27236.88,4471.152,381.2383,22.96484
2022-06-14 21:59:46,27236.92,4471.117,381.2344,22.96484
2022-06-14 21:59:45,27236.63,4471.41,381.2344,22.95703
2022-06-14 21:59:44,27236.86,4471.188,381.2344,22.95703
2022-06-14 21:59:43,27236.6,4471.449,381.2344,22.94922
2022-06-14 21:59:42,27236.89,4471.164,381.2344,22.94922
2022-06-14 21:59:41,27237.12,4470.918,381.2422,22.94922
2022-06-14 21:59:40,27236.89,4471.156,381.2422,22.94922
2022-06-14 21:59:39,27236.91,4471.141,381.2422,22.94141
2022-06-14 21:59:38,27236.86,4471.195,381.2422,22.94141
2022-06-14 21:59:37,27237.22,4470.84,381.2422,22.93359
2022-06-14 21:59:36,27236.92,4471.141,381.2422,22.93359
2022-06-14 21:59:35,27236.7,4471.367,381.2383,22.93359
2022-06-14 21:59:34,27236.95,4471.113,381.2383,22.93359
2022-06-14 21:59:33,27236.63,4471.43,381.2383,22.93359
2022-06-14 21:59:32,27236.92,4471.16,381.2383,22.91797
2022-06-14 21:59:31,27236.91,4471.172,381.2344,22.91797
2022-06-14 21:59:30,27236.95,4471.145,381.2227,22.91797
2022-06-14 21:59:29,27236.88,4471.219,381.2188,22.91797
2022-06-14 21:59:28,27236.92,4471.18,381.2188,22.91797
2022-06-14 21:59:27,27236.91,4471.195,381.2188,22.91016
2022-06-14 21:59:26,27237.1,4471.004,381.2188,22.91016
2022-06-14 21:59:25,27236.94,4471.172,381.2188,22.90234
2022-06-14 21:59:24,27236.88,4471.234,381.2188,22.90234
2022-06-14 21:59:23,27237.16,4470.961,381.2148,22.90234
2022-06-14 21:59:22,27236.88,4471.246,381.2148,22.89453
2022-06-14 21:59:21,27237.17,4470.953,381.2148,22.89453
2022-06-14 21:59:20,27236.91,4471.223,381.2148,22.88672
2022-06-14 21:59:19,27237.17,4470.953,381.2227,22.88672
2022-06-14 21:59:18,27237.12,4471,381.2227,22.88672
2022-06-14 21:59:17,27236.96,4471.168,381.2227,22.88672
2022-06-14 21:59:16,27237.19,4470.949,381.2188,22.87891
2022-06-14 21:59:15,27236.93,4471.219,381.2188,22.87109
2022-06-14 21:59:14,27237.12,4471.02,381.2188,22.87109
2022-06-14 21:59:13,27237.14,4471.004,381.2188,22.87109
2022-06-14 21:59:12,27237.16,4470.988,381.2188,22.87109
2022-06-14 21:59:11,27237.2,4470.949,381.2188,22.86328
2022-06-14 21:59:10,27237.4,4470.758,381.2109,22.86328
2022-06-14 21:59:09,27237.14,4471.02,381.2188,22.85547
2022-06-14 21:59:08,27237.12,4471.035,381.2188,22.85547
2022-06-14 21:59:07,27236.93,4471.246,381.207,22.85547
2022-06-14 21:59:06,27236.91,4471.262,381.207,22.85547
2022-06-14 21:59:05,27237.23,4470.957,381.1953,22.84766
2022-06-14 21:59:04,27237.16,4471.035,381.1953,22.84766
2022-06-14 21:59:03,27237.39,4470.805,381.1953,22.84766
2022-06-14 21:59:02,27237.16,4471.043,381.1953,22.83984
2022-06-14 21:59:01,27236.93,4471.281,381.1953,22.83203
2022-06-14 21:59:00,27237.4,4470.805,381.1953,22.83203
2022-06-14 21:58:59,27237.17,4471.039,381.1914,22.83203
2022-06-14 21:58:58,27236.88,4471.324,381.1992,22.83203
2022-06-14 21:58:57,27237.2,4471.008,381.1914,22.83203
2022-06-14 21:58:56,27236.91,4471.309,381.1914,22.82422
2022-06-14 21:58:55,27237.42,4470.801,381.1992,22.81641
2022-06-14 21:58:54,27237.43,4470.785,381.1992,22.81641
2022-06-14 21:58:53,27236.86,4471.355,381.1992,22.81641
2022-06-14 21:58:52,27237.12,4471.094,381.1992,22.81641
2022-06-14 21:58:51,27237.42,4470.801,381.1992,22.81641
2022-06-14 21:58:50,27237.37,4470.871,381.1914,22.80078
2022-06-14 21:58:49,27237.37,4470.871,381.1914,22.80078
2022-06-14 21:58:48,27237.16,4471.086,381.1914,22.80078
2022-06-14 21:58:47,27237.65,4470.602,381.1836,22.80078
2022-06-14 21:58:46,27237.59,4470.668,381.1797,22.80078
2022-06-14 21:58:45,27237.4,4470.867,381.1797,22.78516
2022-06-14 21:58:44,27237.59,4470.684,381.1797,22.78516
2022-06-14 21:58:43,27237.62,4470.656,381.1758,22.78516
2022-06-14 21:58:42,27237.43,4470.84,381.1758,22.78516
2022-06-14 21:58:41,27237.19,4471.09,381.1719,22.78516
2022-06-14 21:58:40,27237.09,4471.191,381.1719,22.77734
2022-06-14 21:58:39,27237.65,4470.645,381.1719,22.76953
2022-06-14 21:58:38,27237.37,4470.922,381.1719,22.76953
2022-06-14 21:58:37,27237.34,4470.949,381.1758,22.76953
2022-06-14 21:58:36,27237.4,4470.887,381.1758,22.76953
2022-06-14 21:58:35,27237.4,4470.895,381.168,22.76953
2022-06-14 21:58:34,27237.4,4470.895,381.1758,22.76172
2022-06-14 21:58:33,27237.12,4471.176,381.1719,22.76172
2022-06-14 21:58:32,27237.12,4471.176,381.1719,22.76172
2022-06-14 21:58:31,27237.37,4470.93,381.1719,22.76172
2022-06-14 21:58:30,27237.37,4470.938,381.1719,22.75391
2022-06-14 21:58:29,27237.4,4470.914,381.1719,22.74609
2022-06-14 21:58:28,27237.43,4470.883,381.1719,22.74609
2022-06-14 21:58:27,27237.68,4470.641,381.168,22.74609
2022-06-14 21:58:26,27237.36,4470.957,381.168,22.74609
2022-06-14 21:58:25,27237.2,4471.137,381.1641,22.73828
2022-06-14 21:58:24,27237.15,4471.207,381.1484,22.73047
2022-06-14 21:58:23,27237.62,4470.73,381.1484,22.73047
2022-06-14 21:58:22,27237.13,4471.227,381.1445,22.73047
2022-06-14 21:58:21,27237.16,4471.199,381.1406,22.73047
2022-06-14 21:58:20,27237.36,4471.008,381.1406,22.72266
2022-06-14 21:58:19,27237.66,4470.723,381.1406,22.71484
2022-06-14 21:58:18,27237.63,4470.75,381.1367,22.71484
2022-06-14 21:58:17,27237.66,4470.727,381.1367,22.71484
2022-06-14 21:58:16,27237.35,4471.035,381.1367,22.71484
2022-06-14 21:58:15,27237.87,4470.512,381.1367,22.71484
2022-06-14 21:58:14,27237.69,4470.695,381.1367,22.71484
2022-06-14 21:58:13,27237.66,4470.727,381.1445,22.70703
2022-06-14 21:58:12,27237.72,4470.672,381.1445,22.69922
2022-06-14 21:58:11,27237.72,4470.672,381.1445,22.69922
2022-06-14 21:58:10,27237.67,4470.719,381.1445,22.69922
2022-06-14 21:58:09,27237.44,4470.949,381.1445,22.69922
2022-06-14 21:58:08,27237.39,4471.016,381.1328,22.69922
2022-06-14 21:58:07,27237.62,4470.777,381.1406,22.69141
2022-06-14 21:58:06,27237.64,4470.762,381.1406,22.69141
2022-06-14 21:58:05,27237.66,4470.746,381.1406,22.69141
2022-06-14 21:58:04,27237.61,4470.793,381.1406,22.69141
2022-06-14 21:58:03,27237.72,4470.699,381.1328,22.68359
2022-06-14 21:58:02,27237.67,4470.746,381.1328,22.68359
2022-06-14 21:58:01,27237.38,4471.047,381.1328,22.67578
2022-06-14 21:58:00,27237.6,4470.824,381.1328,22.67578
2022-06-14 21:57:59,27237.93,4470.5,381.1328,22.67578
2022-06-14 21:57:58,27237.65,4470.785,381.1328,22.66797
2022-06-14 21:57:57,27237.89,4470.539,381.1328,22.66797
2022-06-14 21:57:56,27237.33,4471.094,381.1406,22.66797
2022-06-14 21:57:55,27237.59,4470.84,381.1406,22.66797
2022-06-14 21:57:54,27237.62,4470.809,381.1406,22.66797
2022-06-14 21:57:53,27237.34,4471.098,381.1367,22.66016
2022-06-14 21:57:52,27237.89,4470.551,381.1367,22.65234
2022-06-14 21:57:51,27237.62,4470.828,381.1367,22.65234
2022-06-14 21:57:50,27237.4,4471.043,381.1367,22.65234
2022-06-14 21:57:49,27237.65,4470.797,381.1367,22.65234
2022-06-14 21:57:48,27237.65,4470.805,381.1367,22.64453
2022-06-14 21:57:47,27237.89,4470.559,381.1367,22.64453
2022-06-14 21:57:46,27237.65,4470.812,381.1367,22.63672
2022-06-14 21:57:45,27238.11,4470.352,381.1367,22.63672
2022-06-14 21:57:44,27237.89,4470.566,381.1367,22.63672
2022-06-14 21:57:43,27237.65,4470.828,381.1289,22.62891
2022-06-14 21:57:42,27238.14,4470.34,381.125,22.62891
2022-06-14 21:57:41,27238.14,4470.344,381.1211,22.62891
2022-06-14 21:57:40,27237.93,4470.562,381.1172,22.62891
2022-06-14 21:57:39,27237.89,4470.594,381.1172,22.62891
2022-06-14 21:57:38,27238.08,4470.426,381.1172,22.61328
2022-06-14 21:57:37,27237.89,4470.609,381.1172,22.61328
2022-06-14 21:57:36,27238.14,4470.363,381.1172,22.61328
2022-06-14 21:57:35,27237.93,4470.578,381.1172,22.61328
2022-06-14 21:57:34,27238.17,4470.324,381.125,22.61328
2022-06-14 21:57:33,27238.17,4470.328,381.1211,22.61328
2022-06-14 21:57:32,27237.89,4470.605,381.1211,22.61328
2022-06-14 21:57:31,27237.89,4470.613,381.1211,22.60547
2022-06-14 21:57:30,27238.14,4470.379,381.1172,22.59766
2022-06-14 21:57:29,27238.08,4470.441,381.1172,22.59766
2022-06-14 21:57:28,27237.86,4470.656,381.1172,22.59766
2022-06-14 21:57:27,27237.93,4470.598,381.1133,22.59766
2022-06-14 21:57:26,27238.11,4470.422,381.1055,22.59766
2022-06-14 21:57:25,27238.17,4470.367,381.1055,22.58984
2022-06-14 21:57:24,27237.86,4470.676,381.1055,22.58984
2022-06-14 21:57:23,27237.86,4470.684,381.1055,22.58203
2022-06-14 21:57:22,27238.11,4470.441,381.1016,22.58203
2022-06-14 21:57:21,27238.08,4470.48,381.0938,22.58203
2022-06-14 21:57:20,27238.14,4470.418,381.0938,22.58203
2022-06-14 21:57:19,27237.83,4470.734,381.0938,22.57422
2022-06-14 21:57:18,27238.17,4470.402,381.0938,22.56641
2022-06-14 21:57:17,27237.93,4470.648,381.0938,22.56641
2022-06-14 21:57:16,27238.14,4470.434,381.0938,22.56641
2022-06-14 21:57:15,27237.99,4470.59,381.0898,22.56641
2022-06-14 21:57:14,27238.17,4470.406,381.0898,22.56641
2022-06-14 21:57:13,27238.14,4470.445,381.0898,22.55859
2022-06-14 21:57:12,27237.86,4470.73,381.0859,22.55469
2022-06-14 21:57:11,27237.86,4470.727,381.0898,22.55469
2022-06-14 21:57:10,27238.17,4470.418,381.0898,22.55469
2022-06-14 21:57:09,27238.13,4470.457,381.0898,22.55469
2022-06-14 21:57:08,27238.15,4470.453,381.0859,22.54688
2022-06-14 21:57:07,27237.86,4470.754,381.0859,22.53906
2022-06-14 21:57:06,27238.18,4470.434,381.082,22.53906
2022-06-14 21:57:05,27238.13,4470.48,381.082,22.53906
2022-06-14 21:57:04,27238.18,4470.438,381.0781,22.53906
2022-06-14 21:57:03,27238.1,4470.52,381.0742,22.53906
2022-06-14 21:57:02,27238.15,4470.473,381.0742,22.53906
2022-06-14 21:57:01,27238.07,4470.551,381.0742,22.53906
2022-06-14 21:57:00,27238.09,4470.535,381.0742,22.53906
2022-06-14 21:56:59,27238.2,4470.434,381.0664,22.53906
2022-06-14 21:56:58,27238.15,4470.48,381.0664,22.53906
2022-06-14 21:56:57,27238.13,4470.496,381.0664,22.53906
2022-06-14 21:56:56,27237.9,4470.734,381.0664,22.53125
2022-06-14 21:56:55,27238.13,4470.504,381.0664,22.53125
2022-06-14 21:56:54,27238.14,4470.496,381.0664,22.53125
2022-06-14 21:56:53,27238.14,4470.504,381.0664,22.52344
2022-06-14 21:56:52,27237.93,4470.719,381.0664,22.52344
2022-06-14 21:56:51,27238.12,4470.535,381.0742,22.50781
2022-06-14 21:56:50,27238.12,4470.535,381.0742,22.50781
2022-06-14 21:56:49,27238.67,4469.98,381.0742,22.50781
2022-06-14 21:56:48,27238.36,4470.297,381.0742,22.5
2022-06-14 21:56:47,27238.15,4470.52,381.0742,22.49219
2022-06-14 21:56:46,27238.15,4470.52,381.0742,22.49219
2022-06-14 21:56:45,27238.12,4470.551,381.0742,22.49219
2022-06-14 21:56:44,27238.09,4470.586,381.0703,22.49219
2022-06-14 21:56:43,27237.96,4470.711,381.0664,22.49219
2022-06-14 21:56:42,27237.66,4471.035,381.0664,22.47656
2022-06-14 21:56:41,27237.93,4470.758,381.0664,22.47656
2022-06-14 21:56:40,27237.87,4470.82,381.0664,22.47656
2022-06-14 21:56:39,27237.62,4471.074,381.0586,22.47656
2022-06-14 21:56:38,27237.62,4471.074,381.0586,22.47656
2022-06-14 21:56:37,27237.87,4470.828,381.0586,22.47656
2022-06-14 21:56:36,27238.15,4470.562,381.0547,22.46875
2022-06-14 21:56:35,27237.93,4470.777,381.0547,22.46875
2022-06-14 21:56:34,27237.72,4470.992,381.0547,22.46875
2022-06-14 21:56:33,27238.18,4470.531,381.0547,22.46875
2022-06-14 21:56:32,27237.9,4470.816,381.0547,22.46094
2022-06-14 21:56:31,27237.9,4470.824,381.0547,22.45312
2022-06-14 21:56:30,27237.9,4470.824,381.0547,22.45312
2022-06-14 21:56:29,27237.84,4470.879,381.0625,22.45312
2022-06-14 21:56:28,27238.15,4470.57,381.0625,22.45312
2022-06-14 21:56:27,27237.93,4470.785,381.0625,22.45312
2022-06-14 21:56:26,27237.87,4470.863,381.0547,22.44531
2022-06-14 21:56:25,27238.15,4470.586,381.0625,22.4375
2022-06-14 21:56:24,27237.84,4470.895,381.0625,22.4375
2022-06-14 21:56:23,27237.9,4470.832,381.0625,22.4375
2022-06-14 21:56:22,27237.93,4470.805,381.0586,22.4375
2022-06-14 21:56:21,27237.89,4470.852,381.0586,22.42969
2022-06-14 21:56:20,27238.17,4470.582,381.0586,22.42188
2022-06-14 21:56:19,27238.11,4470.645,381.0586,22.42188
2022-06-14 21:56:18,27237.86,4470.898,381.0508,22.42188
2022-06-14 21:56:17,27238.17,4470.59,381.0508,22.42188
2022-06-14 21:56:16,27237.86,4470.898,381.0508,22.42188
2022-06-14 21:56:15,27238.14,4470.621,381.0508,22.42188
2022-06-14 21:56:14,27237.89,4470.867,381.0508,22.42188
2022-06-14 21:56:13,27237.86,4470.906,381.0508,22.41406
2022-06-14 21:56:12,27237.89,4470.883,381.0508,22.40625
2022-06-14 21:56:11,27237.86,4470.914,381.0508,22.40625
2022-06-14 21:56:10,27237.65,4471.137,381.043,22.40625
2022-06-14 21:56:09,27237.93,4470.863,381.0391,22.40625
2022-06-14 21:56:08,27237.93,4470.859,381.043,22.40625
2022-06-14 21:56:07,27237.89,4470.91,381.0391,22.39844
2022-06-14 21:56:06,27238.18,4470.621,381.0352,22.39844
2022-06-14 21:56:05,27238.13,4470.684,381.0273,22.39062
2022-06-14 21:56:04,27238.18,4470.641,381.0234,22.39062
2022-06-14 21:56:03,27238.16,4470.656,381.0234,22.39062
2022-06-14 21:56:02,27238.15,4470.672,381.0234,22.39062
2022-06-14 21:56:01,27238.1,4470.719,381.0234,22.39062
2022-06-14 21:56:00,27237.87,4470.949,381.0234,22.39062
2022-06-14 21:55:59,27237.86,4470.965,381.0234,22.39062
2022-06-14 21:55:58,27238.18,4470.641,381.0234,22.39062
2022-06-14 21:55:57,27238.16,4470.664,381.0156,22.39062
2022-06-14 21:55:56,27238.18,4470.664,381.0156,22.375
2022-06-14 21:55:55,27238.13,4470.711,381.0156,22.375
2022-06-14 21:55:54,27238.18,4470.664,381.0156,22.375
2022-06-14 21:55:53,27238.16,4470.68,381.0156,22.375
2022-06-14 21:55:52,27237.9,4470.941,381.0156,22.375
2022-06-14 21:55:51,27238.1,4470.75,381.0156,22.36719
2022-06-14 21:55:50,27238.12,4470.738,381.0117,22.36719
2022-06-14 21:55:49,27237.86,4471,381.0117,22.36719
2022-06-14 21:55:48,27238.15,4470.699,381.0195,22.36719
2022-06-14 21:55:47,27237.86,4471.008,381.0039,22.36719
2022-06-14 21:55:46,27237.66,4471.215,381.0039,22.35938
2022-06-14 21:55:45,27237.92,4470.961,381.0039,22.35156
2022-06-14 21:55:44,27237.62,4471.262,380.9961,22.35156
2022-06-14 21:55:43,27237.92,4470.969,380.9961,22.35156
2022-06-14 21:55:42,27237.9,4470.984,380.9961,22.35156
2022-06-14 21:55:41,27237.67,4471.215,380.9961,22.35156
2022-06-14 21:55:40,27237.84,4471.062,380.9961,22.33594
2022-06-14 21:55:39,27237.92,4470.984,380.9961,22.33594
2022-06-14 21:55:38,27237.96,4470.938,380.9961,22.33594
2022-06-14 21:55:37,27238.16,4470.738,380.9961,22.33594
2022-06-14 21:55:36,27238.18,4470.723,380.9961,22.33594
2022-06-14 21:55:35,27252.25,4457.238,380.4609,22.28125
2022-06-14 21:55:34,27251.71,4457.777,380.4609,22.28125
2022-06-14 21:55:33,27251.95,4457.555,380.4609,22.27344
2022-06-14 21:55:32,27251.96,4457.539,380.4609,22.27344
2022-06-14 21:55:31,27251.67,4457.836,380.4609,22.26953
2022-06-14 21:55:30,27251.93,4457.574,380.4609,22.26953
2022-06-14 21:55:29,27251.64,4457.867,380.4609,22.26953
2022-06-14 21:55:28,27251.65,4457.852,380.4609,22.26953
2022-06-14 21:55:27,27251.67,4457.844,380.4609,22.26172
2022-06-14 21:55:26,27251.68,4457.82,380.4688,22.26172
2022-06-14 21:55:25,27251.98,4457.527,380.4688,22.26172
2022-06-14 21:55:24,27251.68,4457.82,380.4688,22.26172
2022-06-14 21:55:23,27251.67,4457.836,380.4688,22.26172
2022-06-14 21:55:22,27251.65,4457.852,380.4688,22.26172
2022-06-14 21:55:21,27252.19,4457.312,380.4688,22.26172
2022-06-14 21:55:20,27252.14,4457.359,380.4688,22.26172
2022-06-14 21:55:19,27252.13,4457.375,380.4688,22.26172
2022-06-14 21:55:18,27252.18,4457.328,380.4688,22.26172
2022-06-14 21:55:17,27252.19,4457.328,380.4688,22.24609
2022-06-14 21:55:16,27252.42,4457.098,380.4688,22.24609
2022-06-14 21:55:15,27252.16,4457.359,380.4688,22.24609
2022-06-14 21:55:14,27252.42,4457.098,380.4688,22.24609
2022-06-14 21:55:13,27252.22,4457.305,380.4609,22.24609
2022-06-14 21:55:12,27251.93,4457.598,380.4609,22.24609
2022-06-14 21:55:11,27252.22,4457.305,380.4609,22.24609
2022-06-14 21:55:10,27252.42,4457.113,380.4609,22.23828
2022-06-14 21:55:09,27252.44,4457.098,380.4609,22.23828
2022-06-14 21:55:08,27252.45,4457.082,380.4609,22.23828
2022-06-14 21:55:07,27252.16,4457.375,380.4609,22.23828
2022-06-14 21:55:06,27252.18,4457.371,380.457,22.23047
2022-06-14 21:55:05,27252.44,4457.125,380.457,22.21484
2022-06-14 21:55:04,27252.18,4457.387,380.457,22.21484
2022-06-14 21:55:03,27252.16,4457.395,380.4648,22.21484
2022-06-14 21:55:02,27252.17,4457.387,380.4648,22.21484
2022-06-14 21:55:01,27251.98,4457.578,380.4648,22.21484
2022-06-14 21:55:00,27252.22,4457.352,380.4609,22.19922
2022-06-14 21:54:59,27252.2,4457.375,380.4609,22.19922
2022-06-14 21:54:58,27252.16,4457.414,380.4609,22.19922
2022-06-14 21:54:57,27251.95,4457.621,380.4609,22.19922
2022-06-14 21:54:56,27251.95,4457.633,380.457,22.19922
2022-06-14 21:54:55,27251.98,4457.613,380.4531,22.18359
2022-06-14 21:54:54,27251.64,4457.965,380.4492,22.18359
2022-06-14 21:54:53,27251.74,4457.863,380.4492,22.18359
2022-06-14 21:54:52,27251.42,4458.195,380.4336,22.18359
2022-06-14 21:54:51,27251.48,4458.137,380.4297,22.18359
2022-06-14 21:54:50,27251.36,4458.277,380.4219,22.17578
2022-06-14 21:54:49,27251.41,4458.238,380.4141,22.17578
2022-06-14 21:54:48,27251.2,4458.453,380.4062,22.17578
2022-06-14 21:54:47,27251.68,4457.969,380.4062,22.17578
2022-06-14 21:54:46,27251.38,4458.277,380.4062,22.16797
2022-06-14 21:54:45,27251.41,4458.246,380.4141,22.16797
2022-06-14 21:54:44,27251.66,4457.992,380.4141,22.16797
2022-06-14 21:54:43,27251.68,4457.969,380.4141,22.16797
2022-06-14 21:54:42,27251.6,4458.055,380.4141,22.16797
2022-06-14 21:54:41,27251.87,4457.785,380.4141,22.16797
2022-06-14 21:54:40,27251.66,4458.008,380.4141,22.15234
2022-06-14 21:54:39,27251.98,4457.684,380.4141,22.15234
2022-06-14 21:54:38,27251.91,4457.762,380.4141,22.15234
2022-06-14 21:54:37,27251.93,4457.738,380.4141,22.15234
2022-06-14 21:54:36,27252.15,4457.516,380.4141,22.15234
2022-06-14 21:54:35,27251.41,4458.277,380.3984,22.14453
2022-06-14 21:54:34,27251.94,4457.75,380.4102,22.13672
2022-06-14 21:54:33,27251.96,4457.727,380.4102,22.13672
2022-06-14 21:54:32,27251.63,4458.059,380.4102,22.13672
2022-06-14 21:54:31,27251.71,4457.98,380.4023,22.13672
2022-06-14 21:54:30,27251.91,4457.797,380.4023,22.12891
2022-06-14 21:54:29,27251.68,4458.023,380.3984,22.12891
2022-06-14 21:54:28,27251.97,4457.742,380.3945,22.12891
2022-06-14 21:54:27,27251.96,4457.754,380.3906,22.12891
2022-06-14 21:54:26,27251.95,4457.77,380.3906,22.12891
2022-06-14 21:54:25,27252.18,4457.543,380.3867,22.12891
2022-06-14 21:54:24,27251.95,4457.781,380.3867,22.12109
2022-06-14 21:54:23,27252.18,4457.543,380.3945,22.12109
2022-06-14 21:54:22,27251.91,4457.805,380.3945,22.12109
2022-06-14 21:54:21,27251.93,4457.789,380.3945,22.12109
2022-06-14 21:54:20,27252.1,4457.621,380.3945,22.12109
2022-06-14 21:54:19,27251.9,4457.82,380.3945,22.12109
2022-06-14 21:54:18,27252.38,4457.344,380.3945,22.12109
2022-06-14 21:54:17,27252.21,4457.52,380.3945,22.11328
2022-06-14 21:54:16,27251.95,4457.789,380.3945,22.10547
2022-06-14 21:54:15,27252.39,4457.344,380.3945,22.10547
2022-06-14 21:54:14,27252.16,4457.574,380.3945,22.10547
2022-06-14 21:54:13,27252.21,4457.527,380.3945,22.10547
2022-06-14 21:54:12,27252.41,4457.328,380.3945,22.10547
2022-06-14 21:54:11,27252.39,4457.359,380.3789,22.10547
2022-06-14 21:54:10,27252.65,4457.105,380.3789,22.09766
2022-06-14 21:54:09,27252.39,4457.367,380.3867,22.08984
2022-06-14 21:54:08,27252.44,4457.32,380.3867,22.08984
2022-06-14 21:54:07,27252.42,4457.336,380.3867,22.08984
2022-06-14 21:54:06,27252.47,4457.289,380.3867,22.08984
2022-06-14 21:54:05,27252.42,4457.336,380.3867,22.08984
2022-06-14 21:54:04,27252.43,4457.336,380.3867,22.08203
2022-06-14 21:54:03,27252.18,4457.59,380.3867,22.08203
2022-06-14 21:54:02,27252.61,4457.152,380.3867,22.08203
2022-06-14 21:54:01,27252.45,4457.32,380.3789,22.08203
2022-06-14 21:54:00,27251.88,4457.891,380.3945,22.07422
2022-06-14 21:53:59,27251.9,4457.875,380.3945,22.06641
2022-06-14 21:53:58,27251.91,4457.867,380.3945,22.06641
2022-06-14 21:53:57,27252.18,4457.598,380.3945,22.06641
2022-06-14 21:53:56,27252.09,4457.684,380.3945,22.06641
2022-06-14 21:53:55,27252.18,4457.598,380.3945,22.06641
2022-06-14 21:53:54,27251.88,4457.906,380.3945,22.05859
2022-06-14 21:53:53,27252.42,4457.367,380.3945,22.05078
2022-06-14 21:53:52,27252.4,4457.395,380.3906,22.05078
2022-06-14 21:53:51,27252.64,4457.16,380.3867,22.05078
2022-06-14 21:53:50,27252.61,4457.195,380.375,22.05078
2022-06-14 21:53:49,27252.7,4457.121,380.3633,22.05078
2022-06-14 21:53:48,27252.64,4457.18,380.3672,22.04297
2022-06-14 21:53:47,27252.61,4457.219,380.3672,22.04297
2022-06-14 21:53:46,27253.14,4456.688,380.3672,22.04297
2022-06-14 21:53:45,27252.95,4456.887,380.3594,22.04297
2022-06-14 21:53:44,27252.89,4456.941,380.3672,22.03516
2022-06-14 21:53:43,27252.67,4457.176,380.3633,22.02734
2022-06-14 21:53:42,27252.43,4457.414,380.3633,22.02734
2022-06-14 21:53:41,27252.95,4456.898,380.3633,22.02734
2022-06-14 21:53:40,27252.9,4456.938,380.3711,22.02734
2022-06-14 21:53:39,27252.61,4457.23,380.3711,22.02734
2022-06-14 21:53:38,27252.62,4457.23,380.3711,22.01172
2022-06-14 21:53:37,27252.88,4456.969,380.3711,22.01172
2022-06-14 21:53:36,27252.9,4456.953,380.3711,22.01172
2022-06-14 21:53:35,27252.88,4456.969,380.3711,22.01172
2022-06-14 21:53:34,27252.87,4456.988,380.3672,22.01172
2022-06-14 21:53:33,27252.91,4456.953,380.3633,22.00391
2022-06-14 21:53:32,27252.8,4457.066,380.3594,22.00391
2022-06-14 21:53:31,27252.91,4456.965,380.3594,21.99609
2022-06-14 21:53:30,27252.9,4456.984,380.3555,21.99609
2022-06-14 21:53:29,27252.95,4456.953,380.3398,21.99609
2022-06-14 21:53:28,27253.18,4456.727,380.3359,21.99609
2022-06-14 21:53:27,27252.88,4457.02,380.3359,21.99609
2022-06-14 21:53:26,27253.24,4456.672,380.3359,21.98828
2022-06-14 21:53:25,27252.91,4456.996,380.3359,21.98828
2022-06-14 21:53:24,27252.65,4457.258,380.3359,21.98828
2022-06-14 21:53:23,27253.11,4456.805,380.3359,21.98828
2022-06-14 21:53:22,27252.87,4457.051,380.3359,21.98047
2022-06-14 21:53:21,27252.92,4456.996,380.3359,21.98047
2022-06-14 21:53:20,27252.9,4457.02,380.3359,21.98047
2022-06-14 21:53:19,27252.92,4456.988,380.3438,21.98047
2022-06-14 21:53:18,27252.93,4456.98,380.3438,21.98047
2022-06-14 21:53:17,27252.92,4456.988,380.3438,21.98047
2022-06-14 21:53:16,27252.87,4457.043,380.3438,21.98047
2022-06-14 21:53:15,27253.07,4456.836,380.3438,21.98047
2022-06-14 21:53:14,27253.14,4456.781,380.3438,21.96484
2022-06-14 21:53:13,27253.35,4456.574,380.3438,21.96484
2022-06-14 21:53:12,27253.42,4456.504,380.3438,21.96484
2022-06-14 21:53:11,27253.14,4456.789,380.3438,21.96484
2022-06-14 21:53:10,27253.42,4456.504,380.3438,21.96484
2022-06-14 21:53:09,27253.17,4456.758,380.3438,21.96484
2022-06-14 21:53:08,27253.14,4456.805,380.3359,21.94922
2022-06-14 21:53:07,27253.2,4456.758,380.3281,21.94922
2022-06-14 21:53:06,27253.14,4456.812,380.3281,21.94922
2022-06-14 21:53:05,27253.38,4456.578,380.3242,21.94922
2022-06-14 21:53:04,27253.39,4456.57,380.3242,21.94922
2022-06-14 21:53:03,27253.17,4456.793,380.3242,21.94922
2022-06-14 21:53:02,27253.18,4456.793,380.3242,21.94141
2022-06-14 21:53:01,27253.17,4456.809,380.3242,21.93359
2022-06-14 21:53:00,27253.39,4456.586,380.3242,21.93359
2022-06-14 21:52:59,27253.36,4456.609,380.332,21.93359
2022-06-14 21:52:58,27253.37,4456.605,380.3281,21.93359
2022-06-14 21:52:57,27253.18,4456.805,380.3203,21.93359
2022-06-14 21:52:56,27253.18,4456.797,380.3281,21.92578
2022-06-14 21:52:55,27252.9,4457.082,380.3281,21.92578
2022-06-14 21:52:54,27253.09,4456.895,380.3242,21.92578
2022-06-14 21:52:53,27252.9,4457.086,380.3242,21.92578
2022-06-14 21:52:52,27252.88,4457.109,380.3242,21.92578
2022-06-14 21:52:51,27252.71,4457.289,380.3203,21.91797
2022-06-14 21:52:50,27252.45,4457.559,380.3203,21.91016
2022-06-14 21:52:49,27252.7,4457.305,380.3203,21.91016
2022-06-14 21:52:48,27252.38,4457.629,380.3125,21.91016
2022-06-14 21:52:47,27252.43,4457.582,380.3125,21.91016
2022-06-14 21:52:46,27252.2,4457.82,380.3125,21.90234
2022-06-14 21:52:45,27246.52,4463.496,380.3125,21.90234
2022-06-14 21:52:44,27246.51,4463.52,380.3047,21.90234
2022-06-14 21:52:43,27246.31,4463.719,380.3125,21.89453
2022-06-14 21:52:42,27246.26,4463.766,380.3125,21.89453
2022-06-14 21:52:41,27246.52,4463.504,380.3125,21.89453
2022-06-14 21:52:40,27246.48,4463.559,380.3125,21.88672
2022-06-14 21:52:39,27246.77,4463.273,380.3047,21.88672
2022-06-14 21:52:38,27246.45,4463.602,380.3008,21.88672
2022-06-14 21:52:37,27246.49,4463.555,380.3086,21.87891
2022-06-14 21:52:36,27246.82,4463.23,380.3086,21.87891
2022-06-14 21:52:35,27246.55,4463.492,380.3086,21.87891
2022-06-14 21:52:34,27246.72,4463.332,380.3086,21.87109
2022-06-14 21:52:33,27246.55,4463.5,380.3086,21.87109
2022-06-14 21:52:32,27246.79,4463.27,380.3086,21.87109
2022-06-14 21:52:31,27246.77,4463.285,380.3086,21.87109
2022-06-14 21:52:30,27246.48,4463.578,380.3086,21.87109
2022-06-14 21:52:29,27246.71,4463.348,380.3086,21.87109
2022-06-14 21:52:28,27246.72,4463.332,380.3086,21.87109
2022-06-14 21:52:27,27246.49,4463.57,380.3086,21.86328
2022-06-14 21:52:26,27246.79,4463.293,380.3008,21.85547
2022-06-14 21:52:25,27246.53,4463.547,380.3008,21.85547
2022-06-14 21:52:24,27246.75,4463.324,380.3008,21.85547
2022-06-14 21:52:23,27246.81,4463.27,380.3008,21.85547
2022-06-14 21:52:22,27246.51,4463.578,380.3008,21.84766
2022-06-14 21:52:21,27246.32,4463.773,380.2969,21.83984
2022-06-14 21:52:20,27246.76,4463.336,380.2969,21.83984
2022-06-14 21:52:19,27246.51,4463.59,380.2969,21.83984
2022-06-14 21:52:18,27246.48,4463.613,380.2969,21.83984
2022-06-14 21:52:17,27246.54,4463.562,380.293,21.83984
2022-06-14 21:52:16,27246.55,4463.555,380.293,21.83984
2022-06-14 21:52:15,27246.55,4463.562,380.2852,21.83203
2022-06-14 21:52:14,27246.5,4463.625,380.2773,21.83203
2022-06-14 21:52:13,27246.52,4463.602,380.2773,21.83203
2022-06-14 21:52:12,27246.81,4463.32,380.2734,21.83203
2022-06-14 21:52:11,27246.83,4463.309,380.2695,21.82422
2022-06-14 21:52:10,27246.56,4463.59,380.2656,21.81641
2022-06-14 21:52:09,27247.08,4463.078,380.2617,21.81641
2022-06-14 21:52:08,27246.81,4463.348,380.2617,21.81641
2022-06-14 21:52:07,27246.83,4463.324,380.2617,21.81641
2022-06-14 21:52:06,27246.99,4463.164,380.2617,21.81641
2022-06-14 21:52:05,27246.78,4463.387,380.2617,21.80859
2022-06-14 21:52:04,27246.98,4463.188,380.2539,21.80859
2022-06-14 21:52:03,27246.81,4463.363,380.2539,21.80859
2022-06-14 21:52:02,27247.05,4463.133,380.2461,21.80859
2022-06-14 21:52:01,27247.05,4463.125,380.2539,21.80078
2022-06-14 21:52:00,27246.83,4463.348,380.2539,21.80078
2022-06-14 21:51:59,27247.09,4463.102,380.2539,21.79297
2022-06-14 21:51:58,27246.77,4463.422,380.25,21.79297
2022-06-14 21:51:57,27247.09,4463.109,380.2461,21.79297
2022-06-14 21:51:56,27247.05,4463.148,380.2461,21.79297
2022-06-14 21:51:55,27246.81,4463.398,380.2422,21.78516
2022-06-14 21:51:54,27246.74,4463.469,380.25,21.77734
2022-06-14 21:51:53,27247.05,4463.152,380.25,21.77734
2022-06-14 21:51:52,27247.04,4463.168,380.25,21.77734
2022-06-14 21:51:51,27247.05,4463.152,380.25,21.77734
2022-06-14 21:51:50,27247.81,4462.414,380.2422,21.76953
2022-06-14 21:51:49,27248.07,4462.156,380.2383,21.76953
2022-06-14 21:51:48,27247.78,4462.449,380.2383,21.76953
2022-06-14 21:51:47,27247.52,4462.711,380.2383,21.76953
2022-06-14 21:51:46,27247.25,4462.977,380.2344,21.76953
2022-06-14 21:51:45,27247.33,4462.898,380.2344,21.76953
2022-06-14 21:51:44,27247.04,4463.191,380.2344,21.76953
2022-06-14 21:51:43,27247.03,4463.215,380.2266,21.76172
2022-06-14 21:51:42,27247.03,4463.215,380.2266,21.76172
2022-06-14 21:51:41,27247.03,4463.215,380.2266,21.76172
2022-06-14 21:51:40,27246.72,4463.531,380.2266,21.75391
2022-06-14 21:51:39,27246.82,4463.438,380.2266,21.75391
2022-06-14 21:51:38,27246.54,4463.715,380.2266,21.75391
2022-06-14 21:51:37,27246.79,4463.477,380.2266,21.74609
2022-06-14 21:51:36,27246.75,4463.508,380.2266,21.74609
2022-06-14 21:51:35,27246.55,4463.715,380.2266,21.74609
2022-06-14 21:51:34,27246.57,4463.699,380.2266,21.73828
2022-06-14 21:51:33,27246.33,4463.93,380.2344,21.73828
2022-06-14 21:51:32,27246.79,4463.488,380.2305,21.73047
2022-06-14 21:51:31,27246.52,4463.758,380.2305,21.73047
2022-06-14 21:51:30,27246.29,4463.984,380.2266,21.73047
2022-06-14 21:51:29,27246.33,4463.953,380.2188,21.73047
2022-06-14 21:51:28,27246.32,4463.961,380.2188,21.73047
2022-06-14 21:51:27,27246.58,4463.707,380.2188,21.73047
2022-06-14 21:51:26,27246.29,4464,380.2188,21.72266
2022-06-14 21:51:25,27246.36,4463.93,380.2188,21.72266
2022-06-14 21:51:24,27246.26,4464.031,380.2188,21.72266
2022-06-14 21:51:23,27246.36,4463.93,380.2188,21.72266
2022-06-14 21:51:22,27246.51,4463.785,380.2188,21.72266
2022-06-14 21:51:21,27246.89,4463.422,380.2109,21.71484
2022-06-14 21:51:20,27246.57,4463.738,380.2109,21.71484
2022-06-14 21:51:19,27246.79,4463.516,380.2109,21.71484
2022-06-14 21:51:18,27246.57,4463.738,380.2109,21.71484
2022-06-14 21:51:17,27246.86,4463.453,380.2109,21.71484
2022-06-14 21:51:16,27246.75,4463.555,380.2109,21.71484
2022-06-14 21:51:15,27246.79,4463.516,380.2109,21.71484
2022-06-14 21:51:14,27246.72,4463.602,380.2109,21.69922
2022-06-14 21:51:13,27246.86,4463.461,380.2188,21.69922
2022-06-14 21:51:12,27246.57,4463.746,380.2188,21.69922
2022-06-14 21:51:11,27247.1,4463.215,380.2188,21.69922
2022-06-14 21:51:10,27246.51,4463.809,380.2188,21.69922
2022-06-14 21:51:09,27246.55,4463.777,380.2188,21.69141
2022-06-14 21:51:08,27246.79,4463.539,380.2188,21.69141
2022-06-14 21:51:07,27247.04,4463.289,380.2148,21.69141
2022-06-14 21:51:06,27247.31,4463.02,380.2148,21.69141
2022-06-14 21:51:05,27247.1,4463.227,380.2148,21.69141
2022-06-14 21:51:04,27247,4463.344,380.2148,21.67578
2022-06-14 21:51:03,27247.29,4463.059,380.2148,21.67578
2022-06-14 21:51:02,27247.28,4463.066,380.2148,21.67578
2022-06-14 21:51:01,27247.53,4462.824,380.2031,21.67578
2022-06-14 21:51:00,27247.55,4462.805,380.1992,21.67578
2022-06-14 21:50:59,27247.29,4463.086,380.1953,21.66797
2022-06-14 21:50:58,27247.52,4462.855,380.1953,21.66016
2022-06-14 21:50:57,27247.32,4463.066,380.1914,21.66016
2022-06-14 21:50:56,27247.55,4462.836,380.1836,21.66016
2022-06-14 21:50:55,27247.56,4462.828,380.1836,21.66016
2022-06-14 21:50:54,27247.55,4462.844,380.1758,21.66016
2022-06-14 21:50:53,27247.59,4462.812,380.1836,21.64453
2022-06-14 21:50:52,27247.25,4463.164,380.1797,21.64453
2022-06-14 21:50:51,27247.35,4463.055,380.1875,21.64453
2022-06-14 21:50:50,27247.59,4462.824,380.1797,21.64453
2022-06-14 21:50:49,27247.56,4462.848,380.1797,21.64453
2022-06-14 21:50:48,27247.49,4462.93,380.1758,21.63672
2022-06-14 21:50:47,27247.25,4463.176,380.1758,21.63672
2022-06-14 21:50:46,27247.5,4462.922,380.1758,21.63672
2022-06-14 21:50:45,27247.28,4463.145,380.1758,21.63672
2022-06-14 21:50:44,27247.32,4463.113,380.1758,21.62891
2022-06-14 21:50:43,27247.35,4463.09,380.1758,21.62109
2022-06-14 21:50:42,27247.35,4463.09,380.1758,21.62109
2022-06-14 21:50:41,27247.12,4463.312,380.1758,21.62109
2022-06-14 21:50:40,27247.04,4463.406,380.168,21.62109
2022-06-14 21:50:39,27246.82,4463.629,380.168,21.62109
2022-06-14 21:50:38,27246.79,4463.652,380.168,21.62109
2022-06-14 21:50:37,27246.82,4463.629,380.168,21.62109
2022-06-14 21:50:36,27246.79,4463.66,380.168,21.61328
2022-06-14 21:50:35,27247.06,4463.391,380.168,21.61328
2022-06-14 21:50:34,27246.79,4463.668,380.168,21.60547
2022-06-14 21:50:33,27246.88,4463.582,380.168,21.60547
2022-06-14 21:50:32,27247.04,4463.426,380.1641,21.60547
2022-06-14 21:50:31,27246.82,4463.66,380.1602,21.59766
2022-06-14 21:50:30,27247.04,4463.438,380.1602,21.59766
2022-06-14 21:50:29,27247.03,4463.445,380.168,21.58984
2022-06-14 21:50:28,27247.25,4463.227,380.1641,21.58984
2022-06-14 21:50:27,27247.09,4463.387,380.1641,21.58984
2022-06-14 21:50:26,27247.07,4463.41,380.1641,21.58984
2022-06-14 21:50:25,27247.03,4463.457,380.1641,21.58203
2022-06-14 21:50:24,27246.79,4463.695,380.1641,21.58203
2022-06-14 21:50:23,27247.05,4463.449,380.1641,21.57422
2022-06-14 21:50:22,27247.31,4463.195,380.1562,21.57422
2022-06-14 21:50:21,27247.09,4463.422,380.1523,21.57422
2022-06-14 21:50:20,27247.03,4463.477,380.1523,21.57422
2022-06-14 21:50:19,27246.81,4463.699,380.1523,21.57422
2022-06-14 21:50:18,27247.06,4463.453,380.1445,21.57422
2022-06-14 21:50:17,27247.3,4463.223,380.1445,21.56641
2022-06-14 21:50:16,27247.03,4463.492,380.1445,21.56641
2022-06-14 21:50:15,27246.78,4463.746,380.1445,21.56641
2022-06-14 21:50:14,27246.51,4464.016,380.1445,21.56641
2022-06-14 21:50:13,27246.29,4464.238,380.1445,21.56641
2022-06-14 21:50:12,27246.29,4464.23,380.1445,21.56641
2022-06-14 21:50:11,27246.27,4464.262,380.1367,21.56641
2022-06-14 21:50:10,27246.05,4464.484,380.1445,21.55859
2022-06-14 21:50:09,27246.59,4463.945,380.1445,21.55078
2022-06-14 21:50:08,27246.56,4463.969,380.1523,21.55078
2022-06-14 21:50:07,27246.6,4463.93,380.1523,21.55078
2022-06-14 21:50:06,27246.54,4463.992,380.1523,21.55078
2022-06-14 21:50:05,27247.03,4463.516,380.1523,21.53516
2022-06-14 21:50:04,27246.49,4464.062,380.1445,21.53516
2022-06-14 21:50:03,27246.86,4463.699,380.1445,21.52734
2022-06-14 21:50:02,27246.82,4463.742,380.1484,21.51953
2022-06-14 21:50:01,27246.29,4464.289,380.1406,21.51953
2022-06-14 21:50:00,27246.51,4464.066,380.1406,21.51953
2022-06-14 21:49:59,27246.19,4464.383,380.1406,21.51953
2022-06-14 21:49:58,27246.29,4464.289,380.1406,21.51953
2022-06-14 21:49:57,27246.52,4464.066,380.1328,21.51172
2022-06-14 21:49:56,27246.99,4463.598,380.1328,21.51172
2022-06-14 21:49:55,27246.99,4463.598,380.1328,21.51172
2022-06-14 21:49:54,27246.75,4463.836,380.1328,21.51172
2022-06-14 21:49:53,27246.5,4464.09,380.1328,21.51172
2022-06-14 21:49:52,27247.06,4463.527,380.1328,21.51172
2022-06-14 21:49:51,27246.38,4464.207,380.1328,21.51172
2022-06-14 21:49:50,27246.61,4463.984,380.1328,21.51172
2022-06-14 21:49:49,27246.66,4463.945,380.1328,21.49609
2022-06-14 21:49:48,27246.36,4464.246,380.1328,21.49609
2022-06-14 21:49:47,27246.35,4464.246,380.1406,21.49609
2022-06-14 21:49:46,27246.38,4464.215,380.1406,21.49609
2022-06-14 21:49:45,27246.35,4464.246,380.1406,21.49609
2022-06-14 21:49:44,27246.42,4464.184,380.1406,21.48828
2022-06-14 21:49:43,27246.41,4464.195,380.1367,21.48828
2022-06-14 21:49:42,27246.14,4464.465,380.1367,21.48828
2022-06-14 21:49:41,27246.35,4464.258,380.1367,21.48828
2022-06-14 21:49:40,27246.57,4464.043,380.1367,21.48047
2022-06-14 21:49:39,27246.41,4464.203,380.1367,21.48047
2022-06-14 21:49:38,27246.39,4464.227,380.1367,21.48047
2022-06-14 21:49:37,27246.14,4464.488,380.1289,21.48047
2022-06-14 21:49:36,27246.18,4464.461,380.1172,21.48047
2022-06-14 21:49:35,27246.85,4463.785,380.1172,21.48047
2022-06-14 21:49:34,27246.61,4464.023,380.1172,21.48047
2022-06-14 21:49:33,27246.64,4464,380.1172,21.48047
2022-06-14 21:49:32,27246.68,4463.969,380.1172,21.47266
2022-06-14 21:49:31,27246.66,4463.988,380.1133,21.47266
2022-06-14 21:49:30,27246.68,4463.98,380.1055,21.47266
2022-06-14 21:49:29,27246.68,4463.98,380.1055,21.47266
2022-06-14 21:49:28,27246.4,4464.258,380.1055,21.47266
2022-06-14 21:49:27,27246.86,4463.809,380.1055,21.46094
2022-06-14 21:49:26,27246.58,4464.086,380.1055,21.46094
2022-06-14 21:49:25,27246.62,4464.039,380.1133,21.46094
2022-06-14 21:49:24,27246.43,4464.23,380.1133,21.46094
2022-06-14 21:49:23,27246.89,4463.77,380.1133,21.46094
2022-06-14 21:49:22,27246.92,4463.746,380.1133,21.45312
2022-06-14 21:49:21,27246.68,4463.984,380.1133,21.45312
2022-06-14 21:49:20,27246.64,4464.023,380.1133,21.45312
2022-06-14 21:49:19,27247.18,4463.492,380.1133,21.45312
2022-06-14 21:49:18,27247.07,4463.605,380.1094,21.44531
2022-06-14 21:49:17,27246.86,4463.82,380.1094,21.44531
2022-06-14 21:49:16,27247.11,4463.574,380.1094,21.44531
2022-06-14 21:49:15,27247.14,4463.551,380.1016,21.44531
2022-06-14 21:49:14,27247.17,4463.527,380.1016,21.4375
2022-06-14 21:49:13,27247.11,4463.602,380.0898,21.42969
2022-06-14 21:49:12,27247.17,4463.547,380.0898,21.42969
2022-06-14 21:49:11,27247.39,4463.332,380.082,21.42969
2022-06-14 21:49:10,27247.17,4463.559,380.0781,21.42969
2022-06-14 21:49:09,27247.14,4463.586,380.0742,21.42969
2022-06-14 21:49:08,27247.14,4463.605,380.0625,21.42969
2022-06-14 21:49:07,27247.35,4463.398,380.0703,21.41406
2022-06-14 21:49:06,27247.38,4463.375,380.0703,21.41406
2022-06-14 21:49:05,27247.61,4463.148,380.0664,21.41406
2022-06-14 21:49:04,27247.6,4463.156,380.0664,21.41406
2022-06-14 21:49:03,27247.57,4463.184,380.0625,21.41406
2022-06-14 21:49:02,27247.59,4463.16,380.0703,21.41406
2022-06-14 21:49:01,27247.41,4463.344,380.0625,21.41406
2022-06-14 21:49:00,27247.91,4462.844,380.0703,21.40625
2022-06-14 21:48:59,27247.65,4463.105,380.0703,21.40625
2022-06-14 21:48:58,27247.16,4463.598,380.0703,21.40625
2022-06-14 21:48:57,27247.13,4463.629,380.0703,21.40625
2022-06-14 21:48:56,27247.13,4463.637,380.0703,21.39844
2022-06-14 21:48:55,27247.39,4463.375,380.0703,21.39844
2022-06-14 21:48:54,27247.34,4463.422,380.0703,21.39844
2022-06-14 21:48:53,27247.11,4463.652,380.0703,21.39844
2022-06-14 21:48:52,27247.14,4463.637,380.0625,21.39844
2022-06-14 21:48:51,27247.38,4463.391,380.0625,21.39844
2022-06-14 21:48:50,27247.17,4463.605,380.0625,21.39844
2022-06-14 21:48:49,27247.18,4463.605,380.0547,21.39844
2022-06-14 21:48:48,27247.07,4463.723,380.0625,21.38281
2022-06-14 21:48:47,27247.34,4463.445,380.0625,21.38281
2022-06-14 21:48:46,27247.41,4463.383,380.0625,21.38281
2022-06-14 21:48:45,27246.88,4463.906,380.0625,21.38281
2022-06-14 21:48:44,27246.88,4463.906,380.0625,21.38281
2022-06-14 21:48:43,27246.45,4464.328,380.0703,21.38281
2022-06-14 21:48:42,27246.45,4464.328,380.0703,21.38281
2022-06-14 21:48:41,27246.14,4464.637,380.0703,21.38281
2022-06-14 21:48:40,27246.18,4464.598,380.0703,21.38281
2022-06-14 21:48:39,27246.18,4464.605,380.0703,21.38281
2022-06-14 21:48:38,27245.9,4464.891,380.0625,21.38281
2022-06-14 21:48:37,27245.71,4465.082,380.0703,21.375
2022-06-14 21:48:36,27245.94,4464.859,380.0703,21.36719
2022-06-14 21:48:35,27245.93,4464.867,380.0703,21.36719
2022-06-14 21:48:34,27245.69,4465.105,380.0703,21.36719
2022-06-14 21:48:33,27245.71,4465.082,380.0703,21.36719
2022-06-14 21:48:32,27246.16,4464.645,380.0625,21.36719
2022-06-14 21:48:31,27246.17,4464.645,380.0625,21.35938
2022-06-14 21:48:30,27246.37,4464.445,380.0625,21.35938
2022-06-14 21:48:29,27246.39,4464.422,380.0625,21.35938
2022-06-14 21:48:28,27246.12,4464.691,380.0625,21.35938
2022-06-14 21:48:27,27246.14,4464.668,380.0625,21.35938
2022-06-14 21:48:26,27246.68,4464.145,380.0625,21.35156
2022-06-14 21:48:25,27246.45,4464.375,380.0625,21.34375
2022-06-14 21:48:24,27246.58,4464.246,380.0625,21.34375
2022-06-14 21:48:23,27246.36,4464.469,380.0625,21.34375
2022-06-14 21:48:22,27246.4,4464.434,380.0586,21.34375
2022-06-14 21:48:21,27246.67,4464.172,380.0586,21.33594
2022-06-14 21:48:20,27246.61,4464.234,380.0586,21.32812
2022-06-14 21:48:19,27246.18,4464.668,380.0625,21.32812
2022-06-14 21:48:18,27246.43,4464.418,380.0586,21.32812
2022-06-14 21:48:17,27246.52,4464.324,380.0586,21.32812
2022-06-14 21:48:16,27246.46,4464.391,380.0547,21.32812
2022-06-14 21:48:15,27246.39,4464.461,380.0547,21.32812
2022-06-14 21:48:14,27246.43,4464.43,380.0547,21.32031
2022-06-14 21:48:13,27246.41,4464.453,380.0547,21.32031
2022-06-14 21:48:12,27246.35,4464.516,380.0547,21.3125
2022-06-14 21:48:11,27246.41,4464.453,380.0547,21.3125
2022-06-14 21:48:10,27246.88,4463.988,380.0508,21.3125
2022-06-14 21:48:09,27246.88,4464,380.0469,21.3125
2022-06-14 21:48:08,27246.88,4464.012,380.0352,21.30469
2022-06-14 21:48:07,27246.86,4464.039,380.0312,21.30469
2022-06-14 21:48:06,27246.91,4463.996,380.0273,21.30469
2022-06-14 21:48:05,27246.43,4464.492,380.0234,21.28906
2022-06-14 21:48:04,27246.41,4464.52,380.0195,21.28906
2022-06-14 21:48:03,27246.4,4464.527,380.0195,21.28906
2022-06-14 21:48:02,27246.68,4464.25,380.0117,21.28906
2022-06-14 21:48:01,27246.88,4464.059,380.0117,21.28906
2022-06-14 21:48:00,27246.65,4464.281,380.0117,21.28906
2022-06-14 21:47:59,27246.91,4464.027,380.0195,21.28125
2022-06-14 21:47:58,27246.66,4464.273,380.0195,21.28125
2022-06-14 21:47:57,27246.72,4464.211,380.0195,21.28125
2022-06-14 21:47:56,27246.93,4464.008,380.0156,21.28125
2022-06-14 21:47:55,27246.41,4464.531,380.0195,21.27734
2022-06-14 21:47:54,27246.41,4464.531,380.0195,21.27734
2022-06-14 21:47:53,27246.32,4464.625,380.0195,21.26953
2022-06-14 21:47:52,27246.69,4464.27,380.0039,21.26953
2022-06-14 21:47:51,27246.34,4464.621,380,21.26953
2022-06-14 21:47:50,27246.62,4464.352,380,21.26172
2022-06-14 21:47:49,27246.55,4464.43,379.9922,21.26172
2022-06-14 21:47:48,27246.88,4464.105,379.9922,21.26172
2022-06-14 21:47:47,27247.14,4463.844,379.9922,21.26172
2022-06-14 21:47:46,27247.12,4463.859,379.9922,21.26172
2022-06-14 21:47:45,27247.14,4463.844,379.9922,21.26172
2022-06-14 21:47:44,27247.4,4463.617,379.9648,21.25391
2022-06-14 21:47:43,27247.17,4463.848,379.9883,21.23047
2022-06-14 21:47:42,27247.12,4464.117,379.7891,21.20703
2022-06-14 21:47:41,27247.41,4463.832,379.7891,21.19922
2022-06-14 21:47:40,27247.4,4463.848,379.7891,21.19922
2022-06-14 21:47:39,27247.13,4464.117,379.7969,21.19141
2022-06-14 21:47:38,27247.63,4463.617,379.7969,21.19141
2022-06-14 21:47:37,27247.73,4463.516,379.7969,21.19141
2022-06-14 21:47:36,27247.42,4463.824,379.7969,21.19141
2022-06-14 21:47:35,27247.69,4463.555,379.7969,21.19141
2022-06-14 21:47:34,27247.43,4463.816,379.7969,21.19141
2022-06-14 21:47:33,27247.62,4463.625,379.7969,21.19141
2022-06-14 21:47:32,27247.84,4463.41,379.7969,21.19141
2022-06-14 21:47:31,27247.59,4463.656,379.7969,21.19141
2022-06-14 21:47:30,27247.42,4463.824,379.7969,21.19141
2022-06-14 21:47:29,27247.66,4463.598,379.793,21.18359
2022-06-14 21:47:28,27248.14,4463.121,379.793,21.17578
2022-06-14 21:47:27,27247.89,4463.383,379.7852,21.17578
2022-06-14 21:47:26,27247.86,4463.414,379.7852,21.17578
2022-06-14 21:47:25,27247.89,4463.383,379.7852,21.17578
2022-06-14 21:47:24,27247.86,4463.422,379.7773,21.17578
2022-06-14 21:47:23,27247.86,4463.422,379.7852,21.16797
2022-06-14 21:47:22,27247.86,4463.422,379.7852,21.16797
2022-06-14 21:47:21,27247.91,4463.367,379.7852,21.16797
2022-06-14 21:47:20,27247.92,4463.359,379.7852,21.16797
2022-06-14 21:47:19,27247.88,4463.398,379.7852,21.16797
2022-06-14 21:47:18,27247.86,4463.422,379.7852,21.16797
2022-06-14 21:47:17,27247.62,4463.664,379.7891,21.16016
2022-06-14 21:47:16,27247.64,4463.645,379.793,21.15234
2022-06-14 21:47:15,27247.88,4463.414,379.793,21.15234
2022-06-14 21:47:14,27247.88,4463.414,379.793,21.15234
2022-06-14 21:47:13,27247.88,4463.414,379.793,21.15234
2022-06-14 21:47:12,27248.44,4462.859,379.793,21.14453
2022-06-14 21:47:11,27248.18,4463.113,379.793,21.14453
2022-06-14 21:47:10,27248.11,4463.199,379.793,21.13672
2022-06-14 21:47:09,27248,4463.309,379.7891,21.13672
2022-06-14 21:47:08,27247.45,4463.859,379.7852,21.13672
2022-06-14 21:47:07,27247.91,4463.414,379.7773,21.13672
2022-06-14 21:47:06,27247.88,4463.441,379.7812,21.12891
2022-06-14 21:47:05,27247.88,4463.457,379.7734,21.12891
2022-06-14 21:47:04,27248.18,4463.156,379.7734,21.12109
2022-06-14 21:47:03,27248.15,4463.188,379.7734,21.12109
2022-06-14 21:47:02,27247.96,4463.387,379.7656,21.12109
2022-06-14 21:47:01,27248.46,4462.887,379.7734,21.11328
2022-06-14 21:47:00,27248.68,4462.688,379.7578,21.11328
2022-06-14 21:46:59,27248.68,4462.688,379.7656,21.10547
2022-06-14 21:46:58,27248.38,4462.984,379.7617,21.10547
2022-06-14 21:46:57,27248.4,4462.973,379.7578,21.10547
2022-06-14 21:46:56,27248.62,4462.75,379.7578,21.10547
2022-06-14 21:46:55,27248.64,4462.727,379.7578,21.10547
2022-06-14 21:46:54,27248.66,4462.719,379.75,21.10547
2022-06-14 21:46:53,27248.66,4462.719,379.7578,21.09766
2022-06-14 21:46:52,27248.38,4463,379.7539,21.09766
2022-06-14 21:46:51,27248.64,4462.738,379.7539,21.09766
2022-06-14 21:46:50,27248.44,4462.961,379.7383,21.09766
2022-06-14 21:46:49,27248.18,4463.215,379.7461,21.08984
2022-06-14 21:46:48,27248.14,4463.273,379.7422,21.08203
2022-06-14 21:46:47,27248.15,4463.258,379.7422,21.08203
2022-06-14 21:46:46,27248.11,4463.305,379.7422,21.08203
2022-06-14 21:46:45,27248.15,4463.258,379.7422,21.08203
2022-06-14 21:46:44,27248.32,4463.105,379.7344,21.07422
2022-06-14 21:46:43,27248.43,4462.996,379.7344,21.07422
2022-06-14 21:46:42,27248.17,4463.258,379.7344,21.07422
2022-06-14 21:46:41,27248.12,4463.312,379.7266,21.07422
2022-06-14 21:46:40,27248.35,4463.082,379.7344,21.06641
2022-06-14 21:46:39,27248.3,4463.129,379.7344,21.06641
2022-06-14 21:46:38,27248.14,4463.297,379.7344,21.06641
2022-06-14 21:46:37,27248.15,4463.281,379.7344,21.06641
2022-06-14 21:46:36,27248.17,4463.27,379.7305,21.06641
2022-06-14 21:46:35,27248.15,4463.293,379.7305,21.05859
2022-06-14 21:46:34,27248.38,4463.055,379.7383,21.05859
2022-06-14 21:46:33,27248.43,4463.012,379.7344,21.05859
2022-06-14 21:46:32,27248.45,4463,379.7305,21.05859
2022-06-14 21:46:31,27248.12,4463.328,379.7266,21.05859
2022-06-14 21:46:30,27248.17,4463.293,379.7227,21.05078
2022-06-14 21:46:29,27247.88,4463.594,379.7148,21.05078
2022-06-14 21:46:28,27248.38,4463.086,379.7227,21.04297
2022-06-14 21:46:27,27248.15,4463.316,379.7227,21.04297
2022-06-14 21:46:26,27248.14,4463.332,379.7227,21.04297
2022-06-14 21:46:25,27248.21,4463.254,379.7227,21.04297
2022-06-14 21:46:24,27248.14,4463.348,379.7148,21.03516
2022-06-14 21:46:23,27248.4,4463.086,379.7148,21.03516
2022-06-14 21:46:22,27248.11,4463.379,379.7148,21.03516
2022-06-14 21:46:21,27247.88,4463.609,379.7148,21.03516
2022-06-14 21:46:20,27247.95,4463.539,379.7148,21.03516
2022-06-14 21:46:19,27248.21,4463.277,379.7148,21.02734
2022-06-14 21:46:18,27248.17,4463.332,379.7148,21.01953
2022-06-14 21:46:17,27248.12,4463.379,379.7148,21.01953
2022-06-14 21:46:16,27248.11,4463.395,379.7148,21.01953
2022-06-14 21:46:15,27248.18,4463.309,379.7227,21.01953
2022-06-14 21:46:14,27248.14,4463.355,379.7227,21.01953
2022-06-14 21:46:13,27248.12,4463.379,379.7227,21.01172
2022-06-14 21:46:12,27248.41,4463.094,379.7227,21.00391
2022-06-14 21:46:11,27248.46,4463.047,379.7227,21.00391
2022-06-14 21:46:10,27248.63,4462.883,379.7188,21.00391
2022-06-14 21:46:09,27248.68,4462.84,379.7148,21.00391
2022-06-14 21:46:08,27248.45,4463.07,379.7148,21.00391
2022-06-14 21:46:07,27248.46,4463.066,379.7109,20.99609
2022-06-14 21:46:06,27248.11,4463.422,379.7109,20.99609
2022-06-14 21:46:05,27248.12,4463.406,379.7109,20.99609
2022-06-14 21:46:04,27248.17,4463.359,379.7109,20.99609
2022-06-14 21:46:03,27248.13,4463.406,379.7109,20.98828
2022-06-14 21:46:02,27247.82,4463.723,379.7031,20.98828
2022-06-14 21:46:01,27248.15,4463.391,379.7031,20.98828
2022-06-14 21:46:00,27247.9,4463.652,379.6953,20.98828
2022-06-14 21:45:59,27247.84,4463.707,379.7031,20.98047
2022-06-14 21:45:58,27247.65,4463.898,379.7031,20.98047
2022-06-14 21:45:57,27247.66,4463.891,379.7031,20.98047
2022-06-14 21:45:56,27247.62,4463.93,379.7031,20.98047
2022-06-14 21:45:55,27247.69,4463.867,379.7031,20.97266
2022-06-14 21:45:54,27247.4,4464.16,379.7031,20.97266
2022-06-14 21:45:53,27247.94,4463.621,379.7031,20.97266
2022-06-14 21:45:52,27247.94,4463.621,379.7109,20.96484
2022-06-14 21:45:51,27247.69,4463.871,379.707,20.96484
2022-06-14 21:45:50,27248.17,4463.402,379.6992,20.96484
2022-06-14 21:45:49,27248.17,4463.402,379.707,20.95703
2022-06-14 21:45:48,27247.63,4463.945,379.7031,20.95703
2022-06-14 21:45:47,27247.91,4463.66,379.7031,20.95703
2022-06-14 21:45:46,27247.64,4463.938,379.7031,20.95703
2022-06-14 21:45:45,27247.59,4463.996,379.6914,20.95703
2022-06-14 21:45:44,27248.09,4463.496,379.6992,20.94922
2022-06-14 21:45:43,27248.26,4463.332,379.6992,20.94141
2022-06-14 21:45:42,27247.97,4463.633,379.6914,20.94141
2022-06-14 21:45:41,27247.91,4463.695,379.6836,20.94141
2022-06-14 21:45:40,27247.66,4463.953,379.6797,20.94141
2022-06-14 21:45:39,27248.19,4463.422,379.6797,20.94141
2022-06-14 21:45:38,27247.91,4463.723,379.6719,20.93359
2022-06-14 21:45:37,27247.85,4463.777,379.6797,20.92578
2022-06-14 21:45:36,27247.64,4463.984,379.6875,20.92578
2022-06-14 21:45:35,27248.22,4463.398,379.6875,20.92578
2022-06-14 21:45:34,27248.15,4463.477,379.6797,20.92578
2022-06-14 21:45:33,27247.72,4463.91,379.6836,20.91797
2022-06-14 21:45:32,27248.17,4463.473,379.6836,20.91016
2022-06-14 21:45:31,27247.91,4463.727,379.6836,20.91016
2022-06-14 21:45:30,27248.18,4463.461,379.6797,20.91016
2022-06-14 21:45:29,27248.38,4463.27,379.6797,20.91016
2022-06-14 21:45:28,27248.13,4463.527,379.668,20.91016
2022-06-14 21:45:27,27248.13,4463.527,379.6758,20.90234
2022-06-14 21:45:26,27248.09,4463.57,379.6719,20.90234
2022-06-14 21:45:25,27248.16,4463.508,379.6719,20.89453
2022-06-14 21:45:24,27248.18,4463.484,379.6719,20.89453
2022-06-14 21:45:23,27248.18,4463.484,379.6719,20.89453
2022-06-14 21:45:22,27248.15,4463.648,379.5469,20.88672
2022-06-14 21:45:21,27248.38,4463.426,379.5469,20.87891
2022-06-14 21:45:20,27248.43,4463.395,379.5391,20.87109
2022-06-14 21:45:19,27248.41,4463.41,379.5391,20.87109
2022-06-14 21:45:18,27248.43,4463.395,379.5391,20.87109
2022-06-14 21:45:17,27248.11,4463.719,379.5391,20.87109
2022-06-14 21:45:16,27248.64,4463.191,379.5352,20.86328
2022-06-14 21:45:15,27248.45,4463.391,379.5352,20.86328
2022-06-14 21:45:14,27248.15,4463.699,379.5273,20.85547
2022-06-14 21:45:13,27248.38,4463.469,379.5273,20.85547
2022-06-14 21:45:12,27248.4,4463.453,379.5273,20.85547
2022-06-14 21:45:11,27248.41,4463.457,379.5156,20.84766
2022-06-14 21:45:10,27248.37,4463.5,379.5195,20.84766
2022-06-14 21:45:09,27248.38,4463.484,379.5195,20.84766
2022-06-14 21:45:08,27248.12,4463.754,379.5195,20.83984
2022-06-14 21:45:07,27248.11,4463.77,379.5195,20.83984
2022-06-14 21:45:06,27247.88,4464,379.5195,20.83984
2022-06-14 21:45:05,27247.87,4464.008,379.5195,20.83984
2022-06-14 21:45:04,27247.97,4463.906,379.5195,20.83984
2022-06-14 21:45:03,27247.67,4464.207,379.5195,20.83984
2022-06-14 21:45:02,27247.66,4464.215,379.5195,20.83984
2022-06-14 21:45:01,27247.65,4464.23,379.5195,20.83203
2022-06-14 21:45:00,27247.69,4464.191,379.5195,20.83203
2022-06-14 21:44:59,27247.43,4464.461,379.5117,20.83203
2022-06-14 21:44:58,27247.66,4464.23,379.5117,20.83203
2022-06-14 21:44:57,27247.61,4464.289,379.5,20.83203
2022-06-14 21:44:56,27247.62,4464.281,379.5078,20.82422
2022-06-14 21:44:55,27247.89,4464.012,379.5078,20.82422
2022-06-14 21:44:54,27247.66,4464.242,379.5078,20.82422
2022-06-14 21:44:53,27247.61,4464.297,379.5078,20.81641
2022-06-14 21:44:52,27247.66,4464.25,379.5078,20.81641
2022-06-14 21:44:51,27247.64,4464.258,379.5156,20.81641
2022-06-14 21:44:50,27247.94,4463.965,379.5156,20.81641
2022-06-14 21:44:49,27247.64,4464.258,379.5156,20.81641
2022-06-14 21:44:48,27247.63,4464.289,379.5156,20.80078
2022-06-14 21:44:47,27247.4,4464.52,379.5156,20.80078
2022-06-14 21:44:46,27247.6,4464.32,379.5156,20.80078
2022-06-14 21:44:45,27247.89,4464.027,379.5156,20.80078
2022-06-14 21:44:44,27247.66,4464.258,379.5156,20.80078
2022-06-14 21:44:43,27247.86,4464.059,379.5156,20.80078
2022-06-14 21:44:42,27248.12,4463.797,379.5156,20.80078
2022-06-14 21:44:41,27248.17,4463.758,379.5156,20.79297
2022-06-14 21:44:40,27248.15,4463.777,379.5117,20.79297
2022-06-14 21:44:39,27247.89,4464.051,379.5078,20.78516
2022-06-14 21:44:38,27248.15,4463.801,379.4961,20.78516
2022-06-14 21:44:37,27248.38,4463.574,379.4922,20.78516
2022-06-14 21:44:36,27248.21,4463.75,379.4922,20.77734
2022-06-14 21:44:35,27248.14,4463.828,379.4922,20.77734
2022-06-14 21:44:34,27247.93,4464.035,379.4922,20.77734
2022-06-14 21:44:33,27248.14,4463.828,379.4922,20.77734
2022-06-14 21:44:32,27248.09,4463.883,379.4922,20.76953
2022-06-14 21:44:31,27248.23,4463.742,379.4922,20.76953
2022-06-14 21:44:30,27248.15,4463.82,379.4922,20.76953
2022-06-14 21:44:29,27247.89,4464.082,379.4922,20.76953
2022-06-14 21:44:28,27247.94,4464.035,379.5,20.76172
2022-06-14 21:44:27,27247.89,4464.082,379.5,20.76172
2022-06-14 21:44:26,27247.88,4464.098,379.5,20.76172
2022-06-14 21:44:25,27247.86,4464.117,379.4961,20.76172
2022-06-14 21:44:24,27247.66,4464.324,379.4961,20.75391
2022-06-14 21:44:23,27247.95,4464.043,379.4922,20.74609
2022-06-14 21:44:22,27248.18,4463.82,379.4922,20.74609
2022-06-14 21:44:21,27247.84,4464.16,379.4922,20.74609
2022-06-14 21:44:20,27248.08,4463.914,379.4922,20.74609
2022-06-14 21:44:19,27248.14,4463.863,379.4883,20.73828
2022-06-14 21:44:18,27248.42,4463.602,379.4805,20.73047
2022-06-14 21:44:17,27248.42,4463.602,379.4805,20.73047
2022-06-14 21:44:16,27248.45,4463.574,379.4766,20.73047
2022-06-14 21:44:15,27248.39,4463.637,379.4766,20.73047
2022-06-14 21:44:14,27248.89,4463.141,379.4727,20.73047
2022-06-14 21:44:13,27248.88,4463.156,379.4727,20.72266
2022-06-14 21:44:12,27248.91,4463.129,379.4688,20.72266
2022-06-14 21:44:11,27248.67,4463.387,379.4648,20.71484
2022-06-14 21:44:10,27248.64,4463.414,379.4609,20.71484
2022-06-14 21:44:09,27248.61,4463.453,379.4609,20.71484
2022-06-14 21:44:08,27248.4,4463.664,379.457,20.71484
2022-06-14 21:44:07,27248.39,4463.676,379.4609,20.70703
2022-06-14 21:44:06,27248.71,4463.367,379.4609,20.69922
2022-06-14 21:44:05,27248.39,4463.684,379.4609,20.69922
2022-06-14 21:44:04,27248.64,4463.43,379.4609,20.69922
2022-06-14 21:44:03,27248.35,4463.73,379.4531,20.69922
2022-06-14 21:44:02,27248.11,4463.969,379.4609,20.69141
2022-06-14 21:44:01,27248.34,4463.762,379.4453,20.69141
2022-06-14 21:44:00,27248.34,4463.762,379.4531,20.68359
2022-06-14 21:43:59,27248.91,4463.184,379.4531,20.68359
2022-06-14 21:43:58,27248.7,4463.398,379.4531,20.68359
2022-06-14 21:43:57,27248.91,4463.191,379.4453,20.68359
2022-06-14 21:43:56,27248.63,4463.484,379.4375,20.68359
2022-06-14 21:43:55,27248.69,4463.434,379.4414,20.66797
2022-06-14 21:43:54,27248.85,4463.273,379.4414,20.66797
2022-06-14 21:43:53,27249.17,4462.957,379.4414,20.66797
2022-06-14 21:43:52,27248.89,4463.234,379.4414,20.66797
2022-06-14 21:43:51,27248.91,4463.223,379.4375,20.66797
2022-06-14 21:43:50,27248.4,4463.73,379.4375,20.66797
2022-06-14 21:43:49,27248.36,4463.777,379.4297,20.66797
2022-06-14 21:43:48,27248.43,4463.707,379.4375,20.66016
2022-06-14 21:43:47,27248.67,4463.469,379.4375,20.66016
2022-06-14 21:43:46,27248.64,4463.492,379.4375,20.66016
2022-06-14 21:43:45,27248.14,4463.992,379.4453,20.65234
2022-06-14 21:43:44,27248.2,4463.938,379.4453,20.65234
2022-06-14 21:43:43,27248.69,4463.445,379.4453,20.65234
2022-06-14 21:43:42,27248.64,4463.492,379.4453,20.65234
2022-06-14 21:43:41,27248.45,4463.691,379.4375,20.65234
2022-06-14 21:43:40,27248.64,4463.508,379.4453,20.63672
2022-06-14 21:43:39,27248.42,4463.73,379.4453,20.63672
2022-06-14 21:43:38,27248.89,4463.262,379.4453,20.63672
2022-06-14 21:43:37,27248.67,4463.484,379.4453,20.63672
2022-06-14 21:43:36,27248.68,4463.477,379.4453,20.63672
2022-06-14 21:43:35,27248.67,4463.492,379.4375,20.63672
2022-06-14 21:43:34,27248.58,4463.578,379.4375,20.63672
2022-06-14 21:43:33,27248.7,4463.477,379.4375,20.62109
2022-06-14 21:43:32,27248.4,4463.777,379.4375,20.62109
2022-06-14 21:43:31,27248.18,4464.004,379.4336,20.62109
2022-06-14 21:43:30,27248.68,4463.508,379.4297,20.62109
2022-06-14 21:43:29,27248.64,4463.547,379.4297,20.62109
2022-06-14 21:43:28,27248.68,4463.504,379.4336,20.62109
2022-06-14 21:43:27,27248.67,4463.512,379.4336,20.62109
2022-06-14 21:43:26,27248.64,4463.543,379.4336,20.61328
2022-06-14 21:43:25,27249.16,4463.035,379.4336,20.60547
2022-06-14 21:43:24,27248.83,4463.367,379.4336,20.60547
2022-06-14 21:43:23,27248.73,4463.465,379.4336,20.60547
2022-06-14 21:43:22,27248.68,4463.52,379.4336,20.60547
2022-06-14 21:43:21,27248.39,4463.812,379.4336,20.59766
2022-06-14 21:43:20,27248.58,4463.621,379.4336,20.59766
2022-06-14 21:43:19,27248.7,4463.512,379.4258,20.59766
2022-06-14 21:43:18,27248.64,4463.566,379.4336,20.58984
2022-06-14 21:43:17,27248.91,4463.297,379.4336,20.58984
2022-06-14 21:43:16,27248.89,4463.324,379.4297,20.58984
2022-06-14 21:43:15,27248.69,4463.535,379.4258,20.58203
2022-06-14 21:43:14,27248.82,4463.414,379.418,20.58203
2022-06-14 21:43:13,27248.92,4463.324,379.4141,20.57422
2022-06-14 21:43:12,27248.88,4463.363,379.4141,20.57422
2022-06-14 21:43:11,27248.91,4463.34,379.4062,20.57422
2022-06-14 21:43:10,27248.91,4463.34,379.4062,20.57422
2022-06-14 21:43:09,27249.14,4463.117,379.4141,20.56641
2022-06-14 21:43:08,27249.16,4463.121,379.4102,20.54297
2022-06-14 21:43:07,27248.87,4463.414,379.4102,20.54297
2022-06-14 21:43:06,27248.98,4463.301,379.4062,20.54297
2022-06-14 21:43:05,27249.18,4463.105,379.4102,20.54297
2022-06-14 21:43:04,27248.97,4463.312,379.4102,20.54297
2022-06-14 21:43:03,27249.17,4463.125,379.3984,20.54297
2022-06-14 21:43:02,27248.88,4463.426,379.4062,20.52734
2022-06-14 21:43:01,27249.1,4463.203,379.4062,20.52734
2022-06-14 21:43:00,27249.12,4463.18,379.4062,20.52734
2022-06-14 21:42:59,27248.89,4463.41,379.4062,20.52734
2022-06-14 21:42:58,27248.92,4463.387,379.3984,20.52734
2022-06-14 21:42:57,27248.89,4463.418,379.4062,20.51953
2022-06-14 21:42:56,27249.07,4463.242,379.4062,20.51172
2022-06-14 21:42:55,27249.14,4463.18,379.4062,20.51172
2022-06-14 21:42:54,27249.1,4463.223,379.4023,20.51172
2022-06-14 21:42:53,27248.93,4463.398,379.3945,20.51172
2022-06-14 21:42:52,27249.19,4463.145,379.3945,20.50391
2022-06-14 21:42:51,27248.84,4463.5,379.3945,20.49609
2022-06-14 21:42:50,27248.38,4463.973,379.3906,20.49609
2022-06-14 21:42:49,27248.64,4463.703,379.3906,20.49609
2022-06-14 21:42:48,27248.86,4463.492,379.3867,20.49609
2022-06-14 21:42:47,27248.65,4463.699,379.3867,20.49609
2022-06-14 21:42:46,27248.41,4463.953,379.3867,20.48828
2022-06-14 21:42:45,27248.41,4463.945,379.3867,20.48828
2022-06-14 21:42:44,27248.17,4464.195,379.3828,20.48828
2022-06-14 21:42:43,27248.47,4463.895,379.3828,20.48828
2022-06-14 21:42:42,27248.37,4463.996,379.3828,20.48828
2022-06-14 21:42:41,27248.16,4464.211,379.3828,20.48047
2022-06-14 21:42:40,27248.16,4464.219,379.3828,20.47266
2022-06-14 21:42:39,27247.88,4464.496,379.3828,20.47266
2022-06-14 21:42:38,27248.19,4464.188,379.3828,20.47266
2022-06-14 21:42:37,27248.38,4463.996,379.3828,20.47266
2022-06-14 21:42:36,27248.12,4464.27,379.3711,20.47266
2022-06-14 21:42:35,27247.91,4464.477,379.3789,20.46484
2022-06-14 21:42:34,27247.87,4464.535,379.375,20.45703
2022-06-14 21:42:33,27247.93,4464.473,379.375,20.45703
2022-06-14 21:42:32,27248.41,4463.996,379.3672,20.45703
2022-06-14 21:42:31,27248.17,4464.242,379.3672,20.45703
2022-06-14 21:42:30,27248.13,4464.281,379.3672,20.45703
2022-06-14 21:42:29,27247.77,4464.648,379.3672,20.44922
2022-06-14 21:42:28,27248.22,4464.195,379.3672,20.44922
2022-06-14 21:42:27,27247.96,4464.457,379.3672,20.44922
2022-06-14 21:42:26,27247.89,4464.535,379.3594,20.44922
2022-06-14 21:42:25,27248.18,4464.25,379.3672,20.44141
2022-06-14 21:42:24,27248.1,4464.328,379.3672,20.44141
2022-06-14 21:42:23,27248.7,4463.738,379.3633,20.43359
2022-06-14 21:42:22,27248.41,4464.031,379.3633,20.43359
2022-06-14 21:42:21,27248.45,4463.977,379.3711,20.43359
2022-06-14 21:42:20,27248.38,4464.059,379.3672,20.43359
2022-06-14 21:42:19,27248.71,4463.738,379.3633,20.42578
2022-06-14 21:42:18,27248.65,4463.797,379.3594,20.42578
2022-06-14 21:42:17,27248.38,4464.066,379.3594,20.42578
2022-06-14 21:42:16,27248.41,4464.047,379.3555,20.42578
2022-06-14 21:42:15,27248.45,4464.012,379.3516,20.42578
2022-06-14 21:42:14,27248.41,4464.051,379.3516,20.42578
2022-06-14 21:42:13,27248.66,4463.809,379.3477,20.41797
2022-06-14 21:42:12,27248.91,4463.562,379.3398,20.41797
2022-06-14 21:42:11,27248.63,4463.848,379.3398,20.41797
2022-06-14 21:42:10,27248.92,4463.555,379.3398,20.41797
2022-06-14 21:42:09,27248.85,4463.625,379.3398,20.41797
2022-06-14 21:42:08,27248.42,4464.055,379.3398,20.41797
2022-06-14 21:42:07,27248.68,4463.793,379.3398,20.41797
2022-06-14 21:42:06,27248.94,4463.539,379.3398,20.41797
2022-06-14 21:42:05,27248.94,4463.539,379.3398,20.41797
2022-06-14 21:42:04,27248.9,4463.578,379.3398,20.41797
2022-06-14 21:42:03,27248.95,4463.531,379.3398,20.41797
2022-06-14 21:42:02,27248.64,4463.84,379.332,20.41797
2022-06-14 21:42:01,27248.91,4463.578,379.3398,20.41016
2022-06-14 21:42:00,27248.88,4463.609,379.3477,20.40234
2022-06-14 21:41:59,27248.41,4464.07,379.3477,20.40234
2022-06-14 21:41:58,27248.34,4464.141,379.3477,20.40234
2022-06-14 21:41:57,27248.7,4463.785,379.3477,20.40234
2022-06-14 21:41:56,27248.14,4464.355,379.332,20.40234
2022-06-14 21:41:55,27248.17,4464.332,379.3398,20.39453
2022-06-14 21:41:54,27248.37,4464.133,379.3477,20.38672
2022-06-14 21:41:53,27248.39,4464.109,379.3477,20.38672
2022-06-14 21:41:52,27248.08,4464.43,379.3359,20.38672
2022-06-14 21:41:51,27248.13,4464.383,379.3359,20.38672
2022-06-14 21:41:50,27248.19,4464.32,379.3359,20.38672
2022-06-14 21:41:49,27248.41,4464.098,379.3359,20.38672
2022-06-14 21:41:48,27248.42,4464.105,379.3281,20.37891
2022-06-14 21:41:47,27248.42,4464.105,379.3281,20.37891
2022-06-14 21:41:46,27248.19,4464.336,379.3281,20.37891
2022-06-14 21:41:45,27248.45,4464.082,379.3281,20.37891
2022-06-14 21:41:44,27248.44,4464.09,379.3281,20.37891
2022-06-14 21:41:43,27248.41,4464.113,379.3281,20.37891
2022-06-14 21:41:42,27248.47,4464.066,379.3281,20.37109
2022-06-14 21:41:41,27248.41,4464.121,379.3281,20.37109
2022-06-14 21:41:40,27248.71,4463.82,379.3359,20.36328
2022-06-14 21:41:39,27248.72,4463.812,379.3359,20.36328
2022-06-14 21:41:38,27248.41,4464.129,379.3359,20.36328
2022-06-14 21:41:37,27248.43,4464.117,379.3242,20.36328
2022-06-14 21:41:36,27248.71,4463.84,379.332,20.35547
2022-06-14 21:41:35,27248.71,4463.832,379.332,20.35547
2022-06-14 21:41:34,27248.58,4463.973,379.3242,20.35547
2022-06-14 21:41:33,27248.55,4464.004,379.3242,20.35547
2022-06-14 21:41:32,27248.64,4463.91,379.332,20.34766
2022-06-14 21:41:31,27248.89,4463.664,379.332,20.34766
2022-06-14 21:41:30,27248.78,4463.785,379.3203,20.34766
2022-06-14 21:41:29,27248.79,4463.777,379.3203,20.34766
2022-06-14 21:41:28,27248.88,4463.699,379.3203,20.33984
2022-06-14 21:41:27,27248.85,4463.734,379.3164,20.33203
2022-06-14 21:41:26,27248.87,4463.723,379.3125,20.33203
2022-06-14 21:41:25,27248.91,4463.684,379.3125,20.33203
2022-06-14 21:41:24,27248.65,4463.938,379.3125,20.33203
2022-06-14 21:41:23,27248.63,4463.973,379.3086,20.32422
2022-06-14 21:41:22,27248.89,4463.711,379.3086,20.32422
2022-06-14 21:41:21,27248.63,4463.98,379.3086,20.31641
2022-06-14 21:41:20,27248.89,4463.711,379.3164,20.31641
2022-06-14 21:41:19,27248.6,4464.012,379.3086,20.31641
2022-06-14 21:41:18,27248.89,4463.723,379.3047,20.31641
2022-06-14 21:41:17,27249.09,4463.523,379.3047,20.31641
2022-06-14 21:41:16,27248.86,4463.762,379.3047,20.30859
2022-06-14 21:41:15,27248.88,4463.75,379.3008,20.30859
2022-06-14 21:41:14,27249.14,4463.5,379.2969,20.30078
2022-06-14 21:41:13,27248.81,4463.824,379.2969,20.30078
2022-06-14 21:41:12,27249.14,4463.504,379.293,20.30078
2022-06-14 21:41:11,27249.15,4463.5,379.2891,20.29297
2022-06-14 21:41:10,27248.89,4463.766,379.2852,20.29297
2022-06-14 21:41:09,27249.12,4463.543,379.2773,20.29297
2022-06-14 21:41:08,27249.11,4463.559,379.2773,20.29297
2022-06-14 21:41:07,27249.11,4463.551,379.2773,20.29297
2022-06-14 21:41:06,27249.44,4463.234,379.2773,20.28516
2022-06-14 21:41:05,27249.12,4463.551,379.2773,20.28516
2022-06-14 21:41:04,27249.11,4463.566,379.2773,20.28516
2022-06-14 21:41:03,27249.33,4463.344,379.2773,20.28516
2022-06-14 21:41:02,27249.13,4463.543,379.2773,20.28516
2022-06-14 21:41:01,27249.33,4463.344,379.2773,20.28516
2022-06-14 21:41:00,27249.14,4463.527,379.2852,20.28516
2022-06-14 21:40:59,27249.15,4463.512,379.2852,20.28516
2022-06-14 21:40:58,27249.38,4463.289,379.2852,20.28516
2022-06-14 21:40:57,27249.15,4463.512,379.2852,20.28516
2022-06-14 21:40:56,27249.41,4463.25,379.2852,20.28516
2022-06-14 21:40:55,27249.13,4463.535,379.2852,20.28516
2022-06-14 21:40:54,27249.11,4463.559,379.2852,20.28516
2022-06-14 21:40:53,27249.4,4463.266,379.2852,20.28516
2022-06-14 21:40:52,27249.13,4463.535,379.2852,20.28516
2022-06-14 21:40:51,27249.37,4463.305,379.2773,20.28516
2022-06-14 21:40:50,27249.14,4463.535,379.2852,20.27734
2022-06-14 21:40:49,27249.19,4463.488,379.2773,20.27734
2022-06-14 21:40:48,27249.38,4463.305,379.2773,20.27734
2022-06-14 21:40:47,27249.18,4463.496,379.2773,20.27734
2022-06-14 21:40:46,27248.89,4463.805,379.2773,20.26172
2022-06-14 21:40:45,27249.13,4463.566,379.2773,20.26172
2022-06-14 21:40:44,27249.1,4463.605,379.2773,20.25391
2022-06-14 21:40:43,27248.85,4463.852,379.2773,20.25391
2022-06-14 21:40:42,27248.95,4463.762,379.2734,20.24609
2022-06-14 21:40:41,27248.7,4464.016,379.2734,20.24609
2022-06-14 21:40:40,27248.89,4463.824,379.2734,20.24609
2022-06-14 21:40:39,27248.91,4463.801,379.2812,20.24609
2022-06-14 21:40:38,27248.61,4464.094,379.2812,20.24609
2022-06-14 21:40:37,27248.91,4463.801,379.2812,20.24609
2022-06-14 21:40:36,27248.61,4464.117,379.2734,20.23828
2022-06-14 21:40:35,27248.89,4463.836,379.2773,20.23047
2022-06-14 21:40:34,27248.67,4464.059,379.2773,20.23047
2022-06-14 21:40:33,27248.91,4463.812,379.2773,20.23047
2022-06-14 21:40:32,27248.88,4463.844,379.2773,20.23047
2022-06-14 21:40:31,27248.64,4464.09,379.2773,20.23047
2022-06-14 21:40:30,27248.67,4464.078,379.2656,20.22266
2022-06-14 21:40:29,27249.19,4463.555,379.2734,20.21484
2022-06-14 21:40:28,27248.64,4464.113,379.2695,20.21484
2022-06-14 21:40:27,27248.86,4463.898,379.2617,20.21484
2022-06-14 21:40:26,27248.86,4463.898,379.2617,20.21484
2022-06-14 21:40:25,27248.72,4464.047,379.2578,20.20703
2022-06-14 21:40:24,27249.16,4463.609,379.2578,20.20703
2022-06-14 21:40:23,27249.45,4463.328,379.2539,20.20703
2022-06-14 21:40:22,27249.2,4463.574,379.2539,20.20703
2022-06-14 21:40:21,27249.44,4463.336,379.2539,20.20703
2022-06-14 21:40:20,27249.14,4463.66,379.2461,20.19141
2022-06-14 21:40:19,27249.38,4463.422,379.2461,20.19141
2022-06-14 21:40:18,27249.45,4463.352,379.2461,20.19141
2022-06-14 21:40:17,27249.13,4463.668,379.2461,20.19141
2022-06-14 21:40:16,27249.17,4463.621,379.2539,20.19141
2022-06-14 21:40:15,27249.19,4463.598,379.2539,20.19141
2022-06-14 21:40:14,27249.11,4463.684,379.2539,20.19141
2022-06-14 21:40:13,27249.16,4463.629,379.2539,20.19141
2022-06-14 21:40:12,27248.89,4463.906,379.2539,20.18359
2022-06-14 21:40:11,27248.95,4463.852,379.2539,20.18359
2022-06-14 21:40:10,27249.17,4463.637,379.2539,20.17578
2022-06-14 21:40:09,27248.91,4463.891,379.2539,20.17578
2022-06-14 21:40:08,27248.94,4463.867,379.2539,20.17578
2022-06-14 21:40:07,27248.88,4463.934,379.25,20.16797
2022-06-14 21:40:06,27249.37,4463.461,379.2383,20.16797
2022-06-14 21:40:05,27249.13,4463.703,379.2344,20.16797
2022-06-14 21:40:04,27249.15,4463.691,379.2305,20.16016
2022-06-14 21:40:03,27249.19,4463.652,379.2305,20.16016
2022-06-14 21:40:02,27248.91,4463.941,379.2266,20.16016
2022-06-14 21:40:01,27248.91,4463.938,379.2227,20.16016
2022-06-14 21:40:00,27249.21,4463.648,379.2188,20.15234
2022-06-14 21:39:59,27249.41,4463.473,379.2109,20.14453
2022-06-14 21:39:58,27249.44,4463.441,379.2109,20.14453
2022-06-14 21:39:57,27249.69,4463.188,379.2109,20.14453
2022-06-14 21:39:56,27249.34,4463.527,379.2188,20.14453
2022-06-14 21:39:55,27249.38,4463.488,379.2188,20.14453
2022-06-14 21:39:54,27249.41,4463.469,379.2148,20.14453
2022-06-14 21:39:53,27249.45,4463.434,379.2109,20.14453
2022-06-14 21:39:52,27249.13,4463.758,379.2109,20.13672
2022-06-14 21:39:51,27249.63,4463.258,379.2109,20.13672
2022-06-14 21:39:50,27249.65,4463.234,379.2109,20.13672
2022-06-14 21:39:49,27249.6,4463.297,379.2109,20.12891
2022-06-14 21:39:48,27249.65,4463.242,379.2109,20.12891
2022-06-14 21:39:47,27249.41,4463.48,379.2109,20.12891
2022-06-14 21:39:46,27249.22,4463.672,379.2109,20.12891
2022-06-14 21:39:45,27249.66,4463.242,379.2031,20.12891
2022-06-14 21:39:44,27249.41,4463.496,379.2031,20.12891
2022-06-14 21:39:43,27249.48,4463.434,379.2031,20.12109
2022-06-14 21:39:42,27249.41,4463.504,379.2031,20.12109
2022-06-14 21:39:41,27249.69,4463.219,379.2031,20.12109
2022-06-14 21:39:40,27249.68,4463.234,379.2031,20.11328
2022-06-14 21:39:39,27249.6,4463.32,379.2031,20.11328
2022-06-14 21:39:38,27249.38,4463.551,379.2031,20.10547
2022-06-14 21:39:37,27249.41,4463.512,379.2031,20.10547
2022-06-14 21:39:36,27249.65,4463.273,379.2031,20.10547
2022-06-14 21:39:35,27249.91,4463.012,379.2109,20.10547
2022-06-14 21:39:34,27249.62,4463.297,379.2109,20.10547
2022-06-14 21:39:33,27249.63,4463.289,379.2109,20.10547
2022-06-14 21:39:32,27249.65,4463.273,379.2109,20.09766
2022-06-14 21:39:31,27249.88,4463.051,379.2109,20.09766
2022-06-14 21:39:30,27249.65,4463.273,379.2109,20.09766
2022-06-14 21:39:29,27249.66,4463.266,379.2109,20.09766
2022-06-14 21:39:28,27249.62,4463.312,379.2109,20.08984
2022-06-14 21:39:27,27249.88,4463.059,379.2109,20.08984
2022-06-14 21:39:26,27249.68,4463.25,379.2109,20.08984
2022-06-14 21:39:25,27249.66,4463.281,379.2031,20.08984
2022-06-14 21:39:24,27249.65,4463.297,379.2031,20.08203
2022-06-14 21:39:23,27249.9,4463.055,379.1992,20.08203
2022-06-14 21:39:22,27249.65,4463.305,379.1953,20.08203
2022-06-14 21:39:21,27249.6,4463.371,379.1914,20.07422
2022-06-14 21:39:20,27249.84,4463.133,379.1914,20.07422
2022-06-14 21:39:19,27249.65,4463.316,379.1914,20.07422
2022-06-14 21:39:18,27249.87,4463.102,379.1914,20.07422
2022-06-14 21:39:17,27249.84,4463.141,379.1914,20.06641
2022-06-14 21:39:16,27249.87,4463.117,379.1914,20.05859
2022-06-14 21:39:15,27249.88,4463.113,379.1875,20.05859
2022-06-14 21:39:14,27249.9,4463.082,379.1953,20.05859
2022-06-14 21:39:13,27249.94,4463.043,379.1953,20.05859
2022-06-14 21:39:12,27249.9,4463.086,379.1914,20.05859
2022-06-14 21:39:11,27249.66,4463.328,379.1875,20.05859
2022-06-14 21:39:10,27249.87,4463.129,379.1875,20.05078
2022-06-14 21:39:09,27249.63,4463.367,379.1875,20.05078
2022-06-14 21:39:08,27249.93,4463.066,379.1875,20.05078
2022-06-14 21:39:07,27249.94,4463.066,379.1875,20.04297
2022-06-14 21:39:06,27249.65,4463.352,379.1875,20.04297
2022-06-14 21:39:05,27249.91,4463.102,379.1836,20.04297
2022-06-14 21:39:04,27249.62,4463.395,379.1758,20.04297
2022-06-14 21:39:03,27249.63,4463.387,379.1758,20.04297
2022-06-14 21:39:02,27249.68,4463.332,379.1758,20.04297
2022-06-14 21:39:01,27250.18,4462.832,379.1758,20.04297
2022-06-14 21:39:00,27249.93,4463.094,379.1758,20.03516
2022-06-14 21:38:59,27249.66,4463.363,379.1758,20.03516
2022-06-14 21:38:58,27249.84,4463.195,379.1758,20.02734
2022-06-14 21:38:57,27249.66,4463.371,379.1758,20.02734
2022-06-14 21:38:56,27249.62,4463.41,379.1758,20.02734
2022-06-14 21:38:55,27249.63,4463.41,379.1758,20.01953
2022-06-14 21:38:54,27249.68,4463.355,379.1758,20.01953
2022-06-14 21:38:53,27249.41,4463.617,379.1836,20.01953
2022-06-14 21:38:52,27249.19,4463.852,379.1797,20.01172
2022-06-14 21:38:51,27249.38,4463.66,379.1797,20.01172
2022-06-14 21:38:50,27249.44,4463.609,379.1758,20.01172
2022-06-14 21:38:49,27249.45,4463.605,379.1719,20.01172
2022-06-14 21:38:48,27249.44,4463.621,379.1719,20.00391
2022-06-14 21:38:47,27249.17,4463.902,379.168,19.99609
2022-06-14 21:38:46,27249.13,4463.945,379.1641,19.99609
2022-06-14 21:38:45,27249.41,4463.664,379.1602,19.99609
2022-06-14 21:38:44,27249.41,4463.676,379.1562,19.99609
2022-06-14 21:38:43,27249.41,4463.676,379.1562,19.98828
2022-06-14 21:38:42,27249.41,4463.703,379.1367,19.98828
2022-06-14 21:38:41,27249.41,4463.695,379.1445,19.98047
2022-06-14 21:38:40,27249.62,4463.488,379.1445,19.98047
2022-06-14 21:38:39,27249.65,4463.457,379.1445,19.98047
2022-06-14 21:38:38,27249.44,4463.672,379.1445,19.98047
2022-06-14 21:38:37,27249.44,4463.672,379.1445,19.98047
2022-06-14 21:38:36,27249.4,4463.73,379.1406,19.96484
2022-06-14 21:38:35,27249.71,4463.414,379.1406,19.96484
2022-06-14 21:38:34,27249.44,4463.695,379.1367,19.96484
2022-06-14 21:38:33,27249.19,4463.934,379.1445,19.96484
2022-06-14 21:38:32,27249.47,4463.656,379.1445,19.96484
2022-06-14 21:38:31,27249.44,4463.703,379.1445,19.94922
2022-06-14 21:38:30,27249.13,4464.012,379.1445,19.94922
2022-06-14 21:38:29,27249.38,4463.766,379.1445,19.94922
2022-06-14 21:38:28,27249.22,4463.918,379.1445,19.94922
2022-06-14 21:38:27,27249.38,4463.766,379.1445,19.94922
2022-06-14 21:38:26,27249.38,4463.777,379.1406,19.94141
2022-06-14 21:38:25,27249.38,4463.777,379.1406,19.94141
2022-06-14 21:38:24,27249.16,4463.992,379.1406,19.94141
2022-06-14 21:38:23,27249.13,4464.027,379.1367,19.94141
2022-06-14 21:38:22,27249.41,4463.75,379.1367,19.94141
2022-06-14 21:38:21,27249.66,4463.504,379.1289,19.94141
2022-06-14 21:38:20,27249.71,4463.469,379.125,19.93359
2022-06-14 21:38:19,27249.67,4463.508,379.125,19.93359
2022-06-14 21:38:18,27249.38,4463.801,379.125,19.93359
2022-06-14 21:38:17,27249.85,4463.324,379.125,19.93359
2022-06-14 21:38:16,27249.13,4464.059,379.1211,19.92578
2022-06-14 21:38:15,27249.89,4463.305,379.1211,19.91797
2022-06-14 21:38:14,27249.62,4463.574,379.1211,19.91797
2022-06-14 21:38:13,27249.7,4463.496,379.1211,19.91797
2022-06-14 21:38:12,27249.62,4463.574,379.1211,19.91797
2022-06-14 21:38:11,27249.45,4463.734,379.1289,19.91797
2022-06-14 21:38:10,27249.22,4463.965,379.1289,19.91797
2022-06-14 21:38:09,27249.41,4463.781,379.1289,19.91797
2022-06-14 21:38:08,27249.41,4463.781,379.1289,19.91797
2022-06-14 21:38:07,27249.42,4463.773,379.1289,19.91016
2022-06-14 21:38:06,27249.44,4463.758,379.1289,19.91016
2022-06-14 21:38:05,27249.18,4464.02,379.1289,19.91016
2022-06-14 21:38:04,27249.38,4463.828,379.1289,19.90234
2022-06-14 21:38:03,27249.36,4463.844,379.1289,19.90234
2022-06-14 21:38:02,27249.38,4463.836,379.1289,19.89453
2022-06-14 21:38:01,27249.14,4464.066,379.1289,19.89453
2022-06-14 21:38:00,27249.71,4463.504,379.1211,19.89453
2022-06-14 21:37:59,27249.7,4463.52,379.1211,19.89453
2022-06-14 21:37:58,27249.64,4463.574,379.1211,19.89453
2022-06-14 21:37:57,27249.63,4463.605,379.1211,19.87891
2022-06-14 21:37:56,27249.62,4463.613,379.1211,19.87891
2022-06-14 21:37:55,27249.45,4463.789,379.1211,19.87891
2022-06-14 21:37:54,27249.41,4463.828,379.1211,19.87891
2022-06-14 21:37:53,27249.6,4463.641,379.1172,19.87891
2022-06-14 21:37:52,27249.38,4463.883,379.1133,19.86328
2022-06-14 21:37:51,27249.35,4463.906,379.1133,19.86328
2022-06-14 21:37:50,27249.38,4463.887,379.1094,19.86328
2022-06-14 21:37:49,27249.14,4464.117,379.1172,19.86328
2022-06-14 21:37:48,27249.38,4463.879,379.1172,19.86328
2022-06-14 21:37:47,27249.45,4463.809,379.1172,19.86328
2022-06-14 21:37:46,27249.19,4464.078,379.1172,19.84766
2022-06-14 21:37:45,27249.14,4464.133,379.1172,19.84766
2022-06-14 21:37:44,27249.47,4463.801,379.1172,19.84766
2022-06-14 21:37:43,27249.14,4464.133,379.1172,19.84766
2022-06-14 21:37:42,27249.41,4463.863,379.1172,19.84766
2022-06-14 21:37:41,27249.17,4464.109,379.1172,19.83984
2022-06-14 21:37:40,27248.95,4464.332,379.1172,19.83984
2022-06-14 21:37:39,27249.38,4463.918,379.1016,19.83984
2022-06-14 21:37:38,27249.38,4463.918,379.1016,19.83984
2022-06-14 21:37:37,27249.65,4463.641,379.1094,19.83203
2022-06-14 21:37:36,27249.41,4463.887,379.1094,19.83203
2022-06-14 21:37:35,27249.38,4463.93,379.0977,19.83203
2022-06-14 21:37:34,27249.62,4463.684,379.1055,19.82422
2022-06-14 21:37:33,27249.34,4463.965,379.1016,19.82422
2022-06-14 21:37:32,27249.44,4463.871,379.1016,19.82422
2022-06-14 21:37:31,27249.13,4464.184,379.1055,19.81641
2022-06-14 21:37:30,27249.44,4463.875,379.1055,19.81641
2022-06-14 21:37:29,27249.64,4463.688,379.0938,19.81641
2022-06-14 21:37:28,27249.44,4463.887,379.1016,19.80859
2022-06-14 21:37:27,27249.35,4463.977,379.0977,19.80859
2022-06-14 21:37:26,27249.65,4463.691,379.0898,19.80078
2022-06-14 21:37:25,27249.6,4463.75,379.0859,19.80078
2022-06-14 21:37:24,27249.67,4463.688,379.0781,19.80078
2022-06-14 21:37:23,27249.6,4463.758,379.0781,19.80078
2022-06-14 21:37:22,27249.42,4463.934,379.0781,19.80078
2022-06-14 21:37:21,27249.84,4463.52,379.0703,19.80078
2022-06-14 21:37:20,27249.64,4463.73,379.0742,19.79297
2022-06-14 21:37:19,27249.35,4464.016,379.0742,19.79297
2022-06-14 21:37:18,27249.88,4463.484,379.0742,19.79297
2022-06-14 21:37:17,27249.63,4463.742,379.0703,19.79297
2022-06-14 21:37:16,27249.88,4463.496,379.0625,19.79297
2022-06-14 21:37:15,27249.66,4463.734,379.0547,19.78516
2022-06-14 21:37:14,27249.7,4463.695,379.0547,19.78516
2022-06-14 21:37:13,27249.91,4463.488,379.0547,19.78516
2022-06-14 21:37:12,27249.63,4463.766,379.0547,19.78516
2022-06-14 21:37:11,27249.63,4463.766,379.0547,19.78516
2022-06-14 21:37:10,27249.91,4463.488,379.0547,19.78516
2022-06-14 21:37:09,27249.57,4463.828,379.0547,19.78516
2022-06-14 21:37:08,27249.6,4463.789,379.0625,19.78516
2022-06-14 21:37:07,27249.63,4463.758,379.0625,19.78516
2022-06-14 21:37:06,27249.91,4463.48,379.0625,19.78516
2022-06-14 21:37:05,27249.88,4463.52,379.0547,19.78516
2022-06-14 21:37:04,27249.63,4463.766,379.0625,19.77734
2022-06-14 21:37:03,27249.63,4463.766,379.0625,19.77734
2022-06-14 21:37:02,27249.84,4463.551,379.0625,19.77734
2022-06-14 21:37:01,27249.88,4463.52,379.0625,19.77734
2022-06-14 21:37:00,27249.63,4463.766,379.0625,19.77734
2022-06-14 21:36:59,27249.6,4463.797,379.0625,19.77734
2022-06-14 21:36:58,27249.81,4463.582,379.0625,19.77734
2022-06-14 21:36:57,27249.91,4463.488,379.0625,19.77734
2022-06-14 21:36:56,27249.93,4463.465,379.0625,19.77734
2022-06-14 21:36:55,27249.66,4463.75,379.0469,19.77734
2022-06-14 21:36:54,27249.88,4463.535,379.0547,19.76953
2022-06-14 21:36:53,27249.88,4463.535,379.0547,19.76953
2022-06-14 21:36:52,27249.6,4463.812,379.0547,19.76953
2022-06-14 21:36:51,27249.6,4463.812,379.0547,19.76953
2022-06-14 21:36:50,27249.85,4463.566,379.0547,19.76172
2022-06-14 21:36:49,27249.84,4463.574,379.0547,19.76172
2022-06-14 21:36:48,27249.82,4463.605,379.0547,19.75391
2022-06-14 21:36:47,27249.66,4463.766,379.0547,19.75391
2022-06-14 21:36:46,27249.88,4463.543,379.0547,19.75391
2022-06-14 21:36:45,27249.81,4463.613,379.0547,19.75391
2022-06-14 21:36:44,27249.61,4463.82,379.0625,19.74609
2022-06-14 21:36:43,27249.91,4463.523,379.0664,19.73828
2022-06-14 21:36:42,27249.88,4463.547,379.0664,19.73828
2022-06-14 21:36:41,27249.6,4463.832,379.0664,19.73828
2022-06-14 21:36:40,27249.94,4463.492,379.0664,19.73828
2022-06-14 21:36:39,27249.64,4463.801,379.0664,19.73047
2022-06-14 21:36:38,27249.6,4463.84,379.0664,19.73047
2022-06-14 21:36:37,27249.85,4463.594,379.0664,19.72266
2022-06-14 21:36:36,27249.63,4463.816,379.0664,19.72266
2022-06-14 21:36:35,27249.64,4463.809,379.0664,19.72266
2022-06-14 21:36:34,27249.84,4463.617,379.0586,19.71484
2022-06-14 21:36:33,27249.57,4463.891,379.0547,19.71484
2022-06-14 21:36:32,27249.88,4463.594,379.0508,19.71484
2022-06-14 21:36:31,27249.61,4463.867,379.0469,19.71484
2022-06-14 21:36:30,27249.84,4463.629,379.0469,19.71484
2022-06-14 21:36:29,27249.85,4463.629,379.0469,19.70703
2022-06-14 21:36:28,27249.66,4463.824,379.043,19.70703
2022-06-14 21:36:27,27249.67,4463.828,379.0391,19.69922
2022-06-14 21:36:26,27249.91,4463.594,379.0352,19.69922
2022-06-14 21:36:25,27249.85,4463.652,379.0312,19.69922
2022-06-14 21:36:24,27250.12,4463.387,379.0352,19.69141
2022-06-14 21:36:23,27249.85,4463.656,379.0352,19.69141
2022-06-14 21:36:22,27249.91,4463.605,379.0312,19.69141
2022-06-14 21:36:21,27250.1,4463.414,379.0312,19.69141
2022-06-14 21:36:20,27249.81,4463.707,379.0312,19.68359
2022-06-14 21:36:19,27249.85,4463.668,379.0312,19.68359
2022-06-14 21:36:18,27250.15,4463.367,379.0312,19.68359
2022-06-14 21:36:17,27249.88,4463.645,379.0312,19.68359
2022-06-14 21:36:16,27249.84,4463.676,379.0312,19.68359
2022-06-14 21:36:15,27249.84,4463.684,379.0312,19.67578
2022-06-14 21:36:14,27249.88,4463.66,379.0234,19.67578
2022-06-14 21:36:13,27250.12,4463.414,379.0234,19.67578
2022-06-14 21:36:12,27249.88,4463.668,379.0234,19.66797
2022-06-14 21:36:11,27249.66,4463.883,379.0234,19.66797
2022-06-14 21:36:10,27250.12,4463.426,379.0195,19.66797
2022-06-14 21:36:09,27249.91,4463.645,379.0156,19.66797
2022-06-14 21:36:08,27250.06,4463.5,379.0156,19.66016
2022-06-14 21:36:07,27249.84,4463.715,379.0156,19.66016
2022-06-14 21:36:06,27250.15,4463.41,379.0117,19.66016
2022-06-14 21:36:05,27250.12,4463.449,379.0117,19.65234
2022-06-14 21:36:04,27250.09,4463.477,379.0156,19.65234
2022-06-14 21:36:03,27249.84,4463.723,379.0156,19.65234
2022-06-14 21:36:02,27250.3,4463.262,379.0156,19.65234
2022-06-14 21:36:01,27250.12,4463.445,379.0156,19.65234
2022-06-14 21:36:00,27250.15,4463.422,379.0156,19.64453
2022-06-14 21:35:59,27250.34,4463.25,379.0117,19.63672
2022-06-14 21:35:58,27250.15,4463.438,379.0078,19.63672
2022-06-14 21:35:57,27250.15,4463.438,379.0078,19.63672
2022-06-14 21:35:56,27250.33,4463.266,379.0039,19.63672
2022-06-14 21:35:55,27250.17,4463.426,379.0039,19.63672
2022-06-14 21:35:54,27250.14,4463.457,379.0039,19.62891
2022-06-14 21:35:53,27250.17,4463.434,379.0039,19.62891
2022-06-14 21:35:52,27250.08,4463.527,378.9961,19.62891
2022-06-14 21:35:51,27250.38,4463.234,378.9961,19.62109
2022-06-14 21:35:50,27250.11,4463.504,378.9961,19.62109
2022-06-14 21:35:49,27250.38,4463.234,378.9961,19.62109
2022-06-14 21:35:48,27250.39,4463.227,378.9961,19.62109
2022-06-14 21:35:47,27250.38,4463.234,378.9961,19.62109
2022-06-14 21:35:46,27250.39,4463.238,379.0039,19.60547
2022-06-14 21:35:45,27250.23,4463.398,379.0039,19.60547
2022-06-14 21:35:44,27250.23,4463.395,379.0039,19.60156
2022-06-14 21:35:43,27250.41,4463.211,379.0117,19.60156
2022-06-14 21:35:42,27249.89,4463.727,379.0117,19.60156
2022-06-14 21:35:41,27249.95,4463.672,379.0117,19.60156
2022-06-14 21:35:40,27250.2,4463.418,379.0117,19.60156
2022-06-14 21:35:39,27249.95,4463.672,379.0117,19.60156
2022-06-14 21:35:38,27250.2,4463.434,379.0117,19.58594
2022-06-14 21:35:37,27249.91,4463.727,379.0117,19.58594
2022-06-14 21:35:36,27250.14,4463.496,379.0117,19.58594
2022-06-14 21:35:35,27249.95,4463.688,379.0117,19.58594
2022-06-14 21:35:34,27249.93,4463.711,379.0117,19.58594
2022-06-14 21:35:33,27250.43,4463.227,379.0039,19.57812
2022-06-14 21:35:32,27250.17,4463.48,379.0117,19.57031
2022-06-14 21:35:31,27250,4463.656,379.0117,19.57031
2022-06-14 21:35:30,27250.14,4463.523,379,19.57031
2022-06-14 21:35:29,27250.18,4463.488,378.9961,19.57031
2022-06-14 21:35:28,27250.14,4463.527,378.9961,19.57031
2022-06-14 21:35:27,27250.22,4463.449,378.9961,19.57031
2022-06-14 21:35:26,27249.96,4463.727,378.9961,19.55469
2022-06-14 21:35:25,27250.43,4463.262,378.9922,19.55469
2022-06-14 21:35:24,27250.17,4463.516,378.9922,19.55469
2022-06-14 21:35:23,27250.18,4463.508,378.9922,19.55469
2022-06-14 21:35:22,27250.14,4463.547,378.9922,19.55469
2022-06-14 21:35:21,27250.25,4463.438,378.9922,19.55469
2022-06-14 21:35:20,27250.39,4463.293,379,19.55469
2022-06-14 21:35:19,27250.16,4463.523,379,19.55469
2022-06-14 21:35:18,27249.96,4463.73,379,19.54688
2022-06-14 21:35:17,27250.43,4463.27,379,19.53906
2022-06-14 21:35:16,27250.23,4463.465,378.9961,19.53906
2022-06-14 21:35:15,27250.18,4463.527,378.9883,19.53906
2022-06-14 21:35:14,27250.14,4463.566,378.9883,19.53906
2022-06-14 21:35:13,27250.22,4463.5,378.9844,19.53125
2022-06-14 21:35:12,27250.42,4463.305,378.9805,19.53125
2022-06-14 21:35:11,27250.22,4463.508,378.9766,19.53125
2022-06-14 21:35:10,27250.17,4463.555,378.9766,19.53125
2022-06-14 21:35:09,27250.43,4463.309,378.9688,19.53125
2022-06-14 21:35:08,27250.14,4463.594,378.9688,19.53125
2022-06-14 21:35:07,27249.96,4463.785,378.9688,19.52344
2022-06-14 21:35:06,27250.16,4463.578,378.9688,19.52344
2022-06-14 21:35:05,27250.4,4463.348,378.9688,19.51562
2022-06-14 21:35:04,27250.14,4463.617,378.9609,19.51562
2022-06-14 21:35:03,27250.14,4463.617,378.9609,19.51562
2022-06-14 21:35:02,27250.14,4463.617,378.9688,19.50781
2022-06-14 21:35:01,27250.12,4463.633,378.9688,19.50781
2022-06-14 21:35:00,27250.2,4463.555,378.9688,19.50781
2022-06-14 21:34:59,27250.27,4463.492,378.9688,19.5
2022-06-14 21:34:58,27250.23,4463.523,378.9766,19.5
2022-06-14 21:34:57,27250.2,4463.562,378.9766,19.5
2022-06-14 21:34:56,27250.13,4463.625,378.9766,19.5
2022-06-14 21:34:55,27250.18,4463.586,378.9688,19.5
2022-06-14 21:34:54,27250.17,4463.594,378.9688,19.5
2022-06-14 21:34:53,27250.38,4463.391,378.9727,19.49219
2022-06-14 21:34:52,27250.36,4463.414,378.9727,19.49219
2022-06-14 21:34:51,27250.64,4463.141,378.9688,19.48438
2022-06-14 21:34:50,27250.45,4463.332,378.9688,19.48438
2022-06-14 21:34:49,27250.46,4463.316,378.9688,19.48438
2022-06-14 21:34:48,27250.39,4463.402,378.9609,19.48438
2022-06-14 21:34:47,27250.2,4463.598,378.957,19.47656
2022-06-14 21:34:46,27250.16,4463.645,378.957,19.46875
2022-06-14 21:34:45,27250.15,4463.668,378.9492,19.46875
2022-06-14 21:34:44,27249.89,4463.93,378.9492,19.46875
2022-06-14 21:34:43,27250.15,4463.668,378.9492,19.46875
2022-06-14 21:34:42,27250.17,4463.645,378.9492,19.46875
2022-06-14 21:34:41,27249.94,4463.883,378.9492,19.46094
2022-06-14 21:34:40,27249.65,4464.188,378.9453,19.45312
2022-06-14 21:34:39,27249.78,4464.062,378.9414,19.45312
2022-06-14 21:34:38,27249.52,4464.316,378.9414,19.45312
2022-06-14 21:34:37,27249.18,4464.652,378.9453,19.45312
2022-06-14 21:34:36,27249.25,4464.59,378.9453,19.45312
2022-06-14 21:34:35,27249.52,4464.328,378.9375,19.44531
2022-06-14 21:34:34,27249.46,4464.391,378.9375,19.44531
2022-06-14 21:34:33,27249.48,4464.375,378.9375,19.4375
2022-06-14 21:34:32,27249.49,4464.367,378.9375,19.4375
2022-06-14 21:34:31,27249.29,4464.566,378.9375,19.4375
2022-06-14 21:34:30,27248.97,4464.902,378.9336,19.42969
2022-06-14 21:34:29,27248.8,4465.078,378.9258,19.42969
2022-06-14 21:34:28,27248.75,4465.129,378.9297,19.42188
2022-06-14 21:34:27,27248.99,4464.898,378.9219,19.42188
2022-06-14 21:34:26,27249.05,4464.836,378.9219,19.42188
2022-06-14 21:34:25,27248.99,4464.898,378.9219,19.42188
2022-06-14 21:34:24,27249.02,4464.875,378.9219,19.41406
2022-06-14 21:34:23,27249.05,4464.844,378.9219,19.41406
2022-06-14 21:34:22,27249.05,4464.844,378.9219,19.41406
2022-06-14 21:34:21,27248.99,4464.914,378.9141,19.41406
2022-06-14 21:34:20,27248.78,4465.129,378.9219,19.40625
2022-06-14 21:34:19,27248.96,4464.945,378.9219,19.40625
2022-06-14 21:34:18,27249.02,4464.883,378.9219,19.40625
2022-06-14 21:34:17,27249.05,4464.844,378.9297,19.40625
2022-06-14 21:34:16,27249.09,4464.812,378.9297,19.40625
2022-06-14 21:34:15,27249.27,4464.629,378.9297,19.40625
2022-06-14 21:34:14,27249.33,4464.582,378.9297,19.39062
2022-06-14 21:34:13,27249.3,4464.613,378.9297,19.39062
2022-06-14 21:34:12,27249.3,4464.613,378.9297,19.39062
2022-06-14 21:34:11,27249.02,4464.898,378.9297,19.39062
2022-06-14 21:34:10,27249.3,4464.613,378.9297,19.39062
2022-06-14 21:34:09,27249.27,4464.648,378.9258,19.39062
2022-06-14 21:34:08,27249.02,4464.918,378.9258,19.36719
2022-06-14 21:34:07,27249.05,4464.895,378.9258,19.35938
2022-06-14 21:34:06,27249.55,4464.41,378.918,19.35938
2022-06-14 21:34:05,27249.26,4464.695,378.918,19.35938
2022-06-14 21:34:04,27249.52,4464.441,378.918,19.35938
2022-06-14 21:34:03,27249.3,4464.668,378.9141,19.35156
2022-06-14 21:34:02,27249.05,4464.914,378.9141,19.35156
2022-06-14 21:34:01,27249.27,4464.711,378.9102,19.34375
2022-06-14 21:34:00,27249.27,4464.711,378.9102,19.34375
2022-06-14 21:33:59,27249.54,4464.441,378.9102,19.34375
2022-06-14 21:33:58,27249.55,4464.434,378.9102,19.34375
2022-06-14 21:33:57,27249.29,4464.699,378.8984,19.34375
2022-06-14 21:33:56,27249.32,4464.668,378.9062,19.33594
2022-06-14 21:33:55,27249.02,4464.969,378.9141,19.33594
2022-06-14 21:33:54,27249.27,4464.719,378.9102,19.33594
2022-06-14 21:33:53,27249.48,4464.508,378.9062,19.33594
2022-06-14 21:33:52,27249.48,4464.508,378.9062,19.33594
2022-06-14 21:33:51,27249.49,4464.539,378.875,19.32812
2022-06-14 21:33:50,27249.27,4464.762,378.8828,19.32031
2022-06-14 21:33:49,27249.24,4464.793,378.8828,19.32031
2022-06-14 21:33:48,27249.52,4464.508,378.8828,19.32031
2022-06-14 21:33:47,27249.29,4464.746,378.8828,19.3125
2022-06-14 21:33:46,27249.33,4464.707,378.8828,19.3125
2022-06-14 21:33:45,27249.28,4464.762,378.8828,19.3125
2022-06-14 21:33:44,27249.3,4464.746,378.875,19.3125
2022-06-14 21:33:43,27249.05,4465,378.875,19.3125
2022-06-14 21:33:42,27249.55,4464.5,378.875,19.3125
2022-06-14 21:33:41,27249.55,4464.5,378.8672,19.3125
2022-06-14 21:33:40,27249.52,4464.539,378.875,19.30469
2022-06-14 21:33:39,27249.32,4464.73,378.875,19.30469
2022-06-14 21:33:38,27249.61,4464.453,378.875,19.29688
2022-06-14 21:33:37,27249.59,4464.477,378.875,19.29688
2022-06-14 21:33:36,27249.29,4464.77,378.875,19.29688
2022-06-14 21:33:35,27249.03,4465.023,378.8828,19.29688
2022-06-14 21:33:34,27249.54,4464.523,378.8828,19.28906
2022-06-14 21:33:33,27249.02,4465.047,378.8828,19.28906
2022-06-14 21:33:32,27249.27,4464.801,378.8828,19.28125
2022-06-14 21:33:31,27249.28,4464.793,378.8828,19.28125
2022-06-14 21:33:30,27248.98,4465.113,378.8633,19.28125
2022-06-14 21:33:29,27249.45,4464.645,378.8711,19.27344
2022-06-14 21:33:28,27249.52,4464.578,378.8672,19.27344
2022-06-14 21:33:27,27249.79,4464.309,378.8672,19.27344
2022-06-14 21:33:26,27249.55,4464.547,378.8672,19.27344
2022-06-14 21:33:25,27249.45,4464.66,378.8633,19.26562
2022-06-14 21:33:24,27249.52,4464.602,378.8594,19.25781
2022-06-14 21:33:23,27249.45,4464.68,378.8516,19.25781
2022-06-14 21:33:22,27249.3,4464.824,378.8516,19.25781
2022-06-14 21:33:21,27249.2,4464.93,378.8477,19.25781
2022-06-14 21:33:20,27249.58,4464.551,378.8477,19.25781
2022-06-14 21:33:19,27249.66,4464.469,378.8477,19.25781
2022-06-14 21:33:18,27249.76,4464.371,378.8438,19.25781
2022-06-14 21:33:17,27249.48,4464.672,378.8438,19.24219
2022-06-14 21:33:16,27249.52,4464.633,378.8438,19.24219
2022-06-14 21:33:15,27249.69,4464.449,378.8516,19.24219
2022-06-14 21:33:14,27249.36,4464.781,378.8477,19.24219
2022-06-14 21:33:13,27249.23,4464.914,378.8477,19.24219
2022-06-14 21:33:12,27249.02,4465.129,378.8477,19.24219
2022-06-14 21:33:11,27249.46,4464.688,378.8438,19.24219
2022-06-14 21:33:10,27249.49,4464.656,378.8438,19.24219
2022-06-14 21:33:09,27249.51,4464.641,378.8477,19.23828
2022-06-14 21:33:08,27249.64,4464.508,378.8477,19.23828
2022-06-14 21:33:07,27249.54,4464.609,378.8477,19.23828
2022-06-14 21:33:06,27249.58,4464.578,378.8477,19.23047
2022-06-14 21:33:05,27249.48,4464.68,378.8477,19.23047
2022-06-14 21:33:04,27249.27,4464.895,378.8477,19.22266
2022-06-14 21:33:03,27249.23,4464.934,378.8477,19.22266
2022-06-14 21:33:02,27249.57,4464.602,378.8398,19.22266
2022-06-14 21:33:01,27249.51,4464.672,378.8398,19.21484
2022-06-14 21:33:00,27249.82,4464.363,378.8398,19.21484
2022-06-14 21:32:59,27249.69,4464.488,378.8398,19.21484
2022-06-14 21:32:58,27249.97,4464.215,378.8359,19.21484
2022-06-14 21:32:57,27250.21,4463.969,378.8359,19.21484
2022-06-14 21:32:56,27250.03,4464.16,378.8359,19.20703
2022-06-14 21:32:55,27250.21,4463.977,378.8359,19.20703
2022-06-14 21:32:54,27250.09,4464.098,378.8359,19.20703
2022-06-14 21:32:53,27249.98,4464.219,378.832,19.20703
2022-06-14 21:32:52,27250.02,4464.168,378.8359,19.20703
2022-06-14 21:32:51,27249.98,4464.211,378.832,19.20703
2022-06-14 21:32:50,27250,4464.203,378.8242,19.20703
2022-06-14 21:32:49,27250.04,4464.164,378.832,19.19922
2022-06-14 21:32:48,27250.02,4464.18,378.832,19.19922
2022-06-14 21:32:47,27250.28,4463.926,378.832,19.19922
2022-06-14 21:32:46,27250,4464.203,378.832,19.19922
2022-06-14 21:32:45,27249.9,4464.305,378.832,19.19922
2022-06-14 21:32:44,27250.22,4463.98,378.832,19.19922
2022-06-14 21:32:43,27250.21,4463.996,378.832,19.19141
2022-06-14 21:32:42,27250.59,4463.617,378.832,19.19141
2022-06-14 21:32:41,27250.21,4463.996,378.832,19.19141
2022-06-14 21:32:40,27250.25,4463.965,378.8242,19.19141
2022-06-14 21:32:39,27250.46,4463.766,378.8164,19.19141
2022-06-14 21:32:38,27250.31,4463.918,378.8242,19.18359
2022-06-14 21:32:37,27250.43,4463.805,378.8242,19.17578
2022-06-14 21:32:36,27250.25,4463.988,378.8242,19.17578
2022-06-14 21:32:35,27250.21,4464.02,378.8242,19.17578
2022-06-14 21:32:34,27250.53,4463.707,378.8203,19.17578
2022-06-14 21:32:33,27250.47,4463.781,378.8164,19.16797
2022-06-14 21:32:32,27250.73,4463.523,378.8125,19.16797
2022-06-14 21:32:31,27250.44,4463.809,378.8203,19.16797
2022-06-14 21:32:30,27250.74,4463.512,378.8164,19.16797
2022-06-14 21:32:29,27250.71,4463.547,378.8125,19.16797
2022-06-14 21:32:28,27250.78,4463.48,378.8086,19.16797
2022-06-14 21:32:27,27250.64,4463.613,378.8086,19.16797
2022-06-14 21:32:26,27250.77,4463.496,378.8008,19.16797
2022-06-14 21:32:25,27250.74,4463.527,378.8086,19.16016
2022-06-14 21:32:24,27250.77,4463.496,378.8086,19.16016
2022-06-14 21:32:23,27250.75,4463.52,378.8086,19.16016
2022-06-14 21:32:22,27250.73,4463.535,378.8086,19.16016
2022-06-14 21:32:21,27250.78,4463.488,378.8086,19.16016
2022-06-14 21:32:20,27250.52,4463.758,378.8008,19.16016
2022-06-14 21:32:19,27250.75,4463.527,378.8008,19.16016
2022-06-14 21:32:18,27250.76,4463.512,378.8008,19.16016
2022-06-14 21:32:17,27250.72,4463.551,378.8008,19.16016
2022-06-14 21:32:16,27250.75,4463.535,378.793,19.15234
2022-06-14 21:32:15,27250.45,4463.836,378.8008,19.14453
2022-06-14 21:32:14,27250.75,4463.543,378.8008,19.14453
2022-06-14 21:32:13,27250.46,4463.828,378.8008,19.14453
2022-06-14 21:32:12,27250.68,4463.613,378.8008,19.14453
2022-06-14 21:32:11,27250.98,4463.297,378.8086,19.14453
2022-06-14 21:32:10,27250.77,4463.527,378.8008,19.13672
2022-06-14 21:32:09,27250.77,4463.527,378.8086,19.12891
2022-06-14 21:32:08,27250.69,4463.605,378.8086,19.12891
2022-06-14 21:32:07,27250.46,4463.836,378.8086,19.12891
2022-06-14 21:32:06,27250.75,4463.555,378.8047,19.12891
2022-06-14 21:32:05,27250.48,4463.816,378.8047,19.12891
2022-06-14 21:32:04,27250.49,4463.816,378.8047,19.12109
2022-06-14 21:32:03,27250.98,4463.34,378.7969,19.11328
2022-06-14 21:32:02,27250.68,4463.648,378.7969,19.11328
2022-06-14 21:32:01,27250.95,4463.379,378.7891,19.11328
2022-06-14 21:32:00,27251.19,4463.141,378.7891,19.11328
2022-06-14 21:31:59,27251.26,4463.078,378.7812,19.11328
2022-06-14 21:31:58,27251.22,4463.133,378.7734,19.10547
2022-06-14 21:31:57,27250.95,4463.406,378.7773,19.09766
2022-06-14 21:31:56,27251.2,4463.16,378.7773,19.09766
2022-06-14 21:31:55,27250.98,4463.383,378.7773,19.09766
2022-06-14 21:31:54,27251.02,4463.344,378.7773,19.09766
2022-06-14 21:31:53,27251.21,4463.156,378.7734,19.08984
2022-06-14 21:31:52,27251.18,4463.199,378.7695,19.08984
2022-06-14 21:31:51,27251.46,4462.922,378.7695,19.08203
2022-06-14 21:31:50,27251.27,4463.113,378.7695,19.08203
2022-06-14 21:31:49,27250.94,4463.445,378.7695,19.08203
2022-06-14 21:31:48,27250.71,4463.66,378.7773,19.08203
2022-06-14 21:31:47,27251,4463.383,378.7773,19.07422
2022-06-14 21:31:46,27251.23,4463.16,378.7773,19.06641
2022-06-14 21:31:45,27250.7,4463.691,378.7773,19.06641
2022-06-14 21:31:44,27250.49,4463.898,378.7773,19.06641
2022-06-14 21:31:43,27250.75,4463.641,378.7734,19.06641
2022-06-14 21:31:42,27250.72,4463.688,378.7656,19.05859
2022-06-14 21:31:41,27250.73,4463.68,378.7656,19.05859
2022-06-14 21:31:40,27250.47,4463.941,378.7656,19.05859
2022-06-14 21:31:39,27250.52,4463.895,378.7656,19.05078
2022-06-14 21:31:38,27250.25,4464.172,378.7656,19.05078
2022-06-14 21:31:37,27250.95,4463.488,378.7578,19.04297
2022-06-14 21:31:36,27250.98,4463.449,378.7578,19.04297
2022-06-14 21:31:35,27251.02,4463.41,378.7578,19.04297
2022-06-14 21:31:34,27251.29,4463.141,378.7578,19.04297
2022-06-14 21:31:33,27251.27,4463.18,378.75,19.03516
2022-06-14 21:31:32,27250.97,4463.48,378.7578,19.02734
2022-06-14 21:31:31,27250.97,4463.48,378.7578,19.02734
2022-06-14 21:31:30,27251.23,4463.227,378.75,19.02734
2022-06-14 21:31:29,27251.28,4463.184,378.7461,19.02734
2022-06-14 21:31:28,27251.26,4463.199,378.7461,19.02734
2022-06-14 21:31:27,27251.45,4463.016,378.7539,19.01172
2022-06-14 21:31:26,27251.53,4462.938,378.7539,19.01172
2022-06-14 21:31:25,27251.73,4462.738,378.7539,19.01172
2022-06-14 21:31:24,27251.45,4463.023,378.7539,19.01172
2022-06-14 21:31:23,27251.25,4463.223,378.7539,19.01172
2022-06-14 21:31:22,27251.26,4463.207,378.7539,19.01172
2022-06-14 21:31:21,27250.96,4463.508,378.7539,19.01172
2022-06-14 21:31:20,27251.45,4463.016,378.7539,19.01172
2022-06-14 21:31:19,27251.71,4462.762,378.7539,19.01172
2022-06-14 21:31:18,27251.73,4462.738,378.7539,19.01172
2022-06-14 21:31:17,27251.8,4462.684,378.7539,18.99609
2022-06-14 21:31:16,27252,4462.488,378.75,18.99609
2022-06-14 21:31:15,27252.02,4462.48,378.7422,18.99609
2022-06-14 21:31:14,27251.69,4462.805,378.7422,18.99609
2022-06-14 21:31:13,27252.02,4462.484,378.7305,18.99609
2022-06-14 21:31:12,27251.73,4462.777,378.7305,18.99609
2022-06-14 21:31:11,27252.02,4462.496,378.7305,18.99219
2022-06-14 21:31:10,27251.73,4462.781,378.7305,18.99219
2022-06-14 21:31:09,27251.48,4463.027,378.7305,18.99219
2022-06-14 21:31:08,27251.46,4463.051,378.7383,18.98438
2022-06-14 21:31:07,27251.21,4463.297,378.7383,18.98438
2022-06-14 21:31:06,27251.02,4463.496,378.7383,18.98438
2022-06-14 21:31:05,27251.04,4463.473,378.7383,18.98438
2022-06-14 21:31:04,27251.28,4463.234,378.7383,18.98438
2022-06-14 21:31:03,27250.95,4463.559,378.7383,18.98438
2022-06-14 21:31:02,27250.95,4463.559,378.7383,18.98438
2022-06-14 21:31:01,27250.98,4463.535,378.7383,18.97656
2022-06-14 21:31:00,27250.96,4463.559,378.7383,18.97656
2022-06-14 21:30:59,27250.75,4463.781,378.7383,18.96875
2022-06-14 21:30:58,27250.55,4463.98,378.7383,18.96875
2022-06-14 21:30:57,27250.71,4463.812,378.7383,18.96875
2022-06-14 21:30:56,27251.31,4463.227,378.7305,18.96875
2022-06-14 21:30:55,27251,4463.535,378.7305,18.96875
2022-06-14 21:30:54,27250.79,4463.742,378.7305,18.96875
2022-06-14 21:30:53,27250.77,4463.773,378.7305,18.96094
2022-06-14 21:30:52,27250.98,4463.566,378.7305,18.95312
2022-06-14 21:30:51,27250.77,4463.781,378.7305,18.95312
2022-06-14 21:30:50,27251.06,4463.488,378.7305,18.95312
2022-06-14 21:30:49,27250.71,4463.844,378.7305,18.95312
2022-06-14 21:30:48,27250.76,4463.789,378.7305,18.95312
2022-06-14 21:30:47,27251.01,4463.559,378.7305,18.9375
2022-06-14 21:30:46,27250.52,4464.055,378.7266,18.9375
2022-06-14 21:30:45,27250.27,4464.301,378.7266,18.9375
2022-06-14 21:30:44,27250.52,4464.055,378.7266,18.9375
2022-06-14 21:30:43,27250.52,4464.055,378.7266,18.9375
2022-06-14 21:30:42,27250.52,4464.066,378.7148,18.9375
2022-06-14 21:30:41,27250.76,4463.82,378.7227,18.92969
2022-06-14 21:30:40,27250.52,4464.078,378.7188,18.92188
2022-06-14 21:30:39,27250.79,4463.801,378.7188,18.92188
2022-06-14 21:30:38,27250.72,4463.871,378.7188,18.92188
2022-06-14 21:30:37,27250.73,4463.863,378.7188,18.92188
2022-06-14 21:30:36,27250.71,4463.887,378.7188,18.91406
2022-06-14 21:30:35,27250.8,4463.812,378.7148,18.90625
2022-06-14 21:30:34,27250.72,4463.891,378.7148,18.90625
2022-06-14 21:30:33,27250.8,4463.828,378.6992,18.90625
2022-06-14 21:30:32,27250.79,4463.848,378.6953,18.90625
2022-06-14 21:30:31,27250.86,4463.793,378.6875,18.89844
2022-06-14 21:30:30,27250.51,4464.152,378.6836,18.89062
2022-06-14 21:30:29,27250.82,4463.852,378.6758,18.89062
2022-06-14 21:30:28,27250.75,4463.922,378.6758,18.89062
2022-06-14 21:30:27,27250.79,4463.895,378.6641,18.89062
2022-06-14 21:30:26,27250.73,4463.949,378.6641,18.89062
2022-06-14 21:30:25,27250.55,4464.117,378.6797,18.88281
2022-06-14 21:30:24,27250.76,4463.91,378.6797,18.88281
2022-06-14 21:30:23,27250.85,4463.824,378.6797,18.88281
2022-06-14 21:30:22,27250.52,4464.156,378.6797,18.88281
2022-06-14 21:30:21,27250.36,4464.309,378.6797,18.88281
2022-06-14 21:30:20,27250.54,4464.133,378.6797,18.88281
2022-06-14 21:30:19,27250.82,4463.855,378.6797,18.88281
2022-06-14 21:30:18,27250.48,4464.188,378.6797,18.88281
2022-06-14 21:30:17,27250.3,4464.379,378.6797,18.875
2022-06-14 21:30:16,27250.54,4464.141,378.6797,18.875
2022-06-14 21:30:15,27251.07,4463.609,378.6797,18.875
2022-06-14 21:30:14,27250.98,4463.695,378.6797,18.875
2022-06-14 21:30:13,27251.02,4463.664,378.6719,18.875
2022-06-14 21:30:12,27250.79,4463.895,378.6719,18.875
2022-06-14 21:30:11,27251.05,4463.633,378.6719,18.875
2022-06-14 21:30:10,27251.01,4463.68,378.6719,18.875
2022-06-14 21:30:09,27251.05,4463.633,378.6719,18.875
2022-06-14 21:30:08,27251.01,4463.68,378.6719,18.875
2022-06-14 21:30:07,27250.82,4463.871,378.6719,18.875
2022-06-14 21:30:06,27250.79,4463.895,378.6719,18.875
2022-06-14 21:30:05,27250.8,4463.902,378.6719,18.85938
2022-06-14 21:30:04,27250.71,4463.996,378.6719,18.85938
2022-06-14 21:30:03,27250.79,4463.918,378.6719,18.85938
2022-06-14 21:30:02,27250.69,4464.012,378.6719,18.85938
2022-06-14 21:30:01,27250.82,4463.879,378.6797,18.85938
2022-06-14 21:30:00,27250.73,4463.973,378.6797,18.85156
2022-06-14 21:29:59,27250.79,4463.926,378.6797,18.84375
2022-06-14 21:29:58,27250.98,4463.727,378.6797,18.84375
2022-06-14 21:29:57,27250.78,4463.934,378.6797,18.84375
2022-06-14 21:29:56,27250.79,4463.926,378.6719,18.84375
2022-06-14 21:29:55,27250.78,4463.941,378.6797,18.83594
2022-06-14 21:29:54,27251.05,4463.68,378.6797,18.82812
2022-06-14 21:29:53,27250.71,4464.02,378.6719,18.82812
2022-06-14 21:29:52,27250.55,4464.184,378.668,18.82812
2022-06-14 21:29:51,27250.81,4463.938,378.6602,18.82812
2022-06-14 21:29:50,27250.8,4463.945,378.6602,18.82812
2022-06-14 21:29:49,27250.78,4463.969,378.6602,18.82812
2022-06-14 21:29:48,27250.52,4464.227,378.6562,18.82812
2022-06-14 21:29:47,27250.56,4464.188,378.6562,18.82812
2022-06-14 21:29:46,27250.98,4463.766,378.6562,18.82812
2022-06-14 21:29:45,27250.75,4464.004,378.6562,18.82812
2022-06-14 21:29:44,27250.8,4463.957,378.6562,18.82031
2022-06-14 21:29:43,27250.81,4463.949,378.6562,18.82031
2022-06-14 21:29:42,27250.77,4463.988,378.6562,18.82031
2022-06-14 21:29:41,27250.78,4463.973,378.6641,18.82031
2022-06-14 21:29:40,27250.8,4463.957,378.6641,18.8125
2022-06-14 21:29:39,27250.74,4464.027,378.6562,18.8125
2022-06-14 21:29:38,27250.74,4464.027,378.6562,18.8125
2022-06-14 21:29:37,27250.5,4464.266,378.6641,18.80469
2022-06-14 21:29:36,27250.77,4463.996,378.6641,18.80469
2022-06-14 21:29:35,27251,4463.777,378.6602,18.79688
2022-06-14 21:29:34,27250.98,4463.793,378.6602,18.79688
2022-06-14 21:29:33,27250.84,4463.938,378.6602,18.79688
2022-06-14 21:29:32,27250.74,4464.039,378.6602,18.79688
2022-06-14 21:29:31,27250.78,4464.012,378.6562,18.78906
2022-06-14 21:29:30,27250.8,4463.992,378.6523,18.78906
2022-06-14 21:29:29,27250.78,4464.023,378.6445,18.78906
2022-06-14 21:29:28,27250.52,4464.293,378.6445,18.78125
2022-06-14 21:29:27,27250.78,4464.031,378.6445,18.78125
2022-06-14 21:29:26,27250.8,4464.012,378.6406,18.78125
2022-06-14 21:29:25,27250.99,4463.82,378.6406,18.78125
2022-06-14 21:29:24,27250.77,4464.047,378.6367,18.78125
2022-06-14 21:29:23,27250.71,4464.121,378.625,18.77344
2022-06-14 21:29:22,27250.71,4464.129,378.6328,18.76562
2022-06-14 21:29:21,27250.99,4463.848,378.6289,18.76562
2022-06-14 21:29:20,27250.98,4463.859,378.625,18.76562
2022-06-14 21:29:19,27250.78,4464.07,378.6211,18.76562
2022-06-14 21:29:18,27251.05,4463.797,378.625,18.76562
2022-06-14 21:29:17,27250.78,4464.066,378.625,18.76562
2022-06-14 21:29:16,27250.77,4464.074,378.625,18.76562
2022-06-14 21:29:15,27250.74,4464.105,378.625,18.76562
2022-06-14 21:29:14,27250.74,4464.105,378.625,18.76562
2022-06-14 21:29:13,27250.75,4464.105,378.625,18.75781
2022-06-14 21:29:12,27250.74,4464.113,378.625,18.75781
2022-06-14 21:29:11,27250.81,4464.051,378.6172,18.75781
2022-06-14 21:29:10,27250.8,4464.059,378.625,18.75
2022-06-14 21:29:09,27250.78,4464.082,378.625,18.75
2022-06-14 21:29:08,27250.97,4463.934,378.5977,18.73438
2022-06-14 21:29:07,27250.76,4464.141,378.5977,18.73438
2022-06-14 21:29:06,27250.75,4464.148,378.5977,18.73438
2022-06-14 21:29:05,27251.01,4463.902,378.5898,18.73438
2022-06-14 21:29:04,27251.06,4463.863,378.582,18.72656
2022-06-14 21:29:03,27251.01,4463.922,378.5859,18.71875
2022-06-14 21:29:02,27250.82,4464.113,378.5859,18.71875
2022-06-14 21:29:01,27250.58,4464.352,378.5859,18.71875
2022-06-14 21:29:00,27250.75,4464.176,378.5859,18.71875
2022-06-14 21:28:59,27250.76,4464.168,378.5859,18.71875
2022-06-14 21:28:58,27250.79,4464.145,378.5938,18.71094
2022-06-14 21:28:57,27250.59,4464.336,378.5938,18.71094
2022-06-14 21:28:56,27250.59,4464.336,378.5938,18.71094
2022-06-14 21:28:55,27250.83,4464.098,378.5938,18.71094
2022-06-14 21:28:54,27250.7,4464.23,378.5938,18.71094
2022-06-14 21:28:53,27250.77,4464.168,378.5938,18.70312
2022-06-14 21:28:52,27250.77,4464.168,378.5938,18.70312
2022-06-14 21:28:51,27250.71,4464.23,378.5938,18.70312
2022-06-14 21:28:50,27250.95,4463.984,378.5938,18.70312
2022-06-14 21:28:49,27250.8,4464.137,378.5938,18.70312
2022-06-14 21:28:48,27250.8,4464.145,378.5938,18.69531
2022-06-14 21:28:47,27250.77,4464.184,378.5938,18.6875
2022-06-14 21:28:46,27250.76,4464.191,378.5938,18.6875
2022-06-14 21:28:45,27250.98,4463.984,378.5859,18.6875
2022-06-14 21:28:44,27250.48,4464.484,378.5859,18.6875
2022-06-14 21:28:43,27250.55,4464.414,378.5859,18.6875
2022-06-14 21:28:42,27250.79,4464.168,378.5859,18.6875
2022-06-14 21:28:41,27250.76,4464.207,378.5859,18.67969
2022-06-14 21:28:40,27251,4463.977,378.5859,18.67188
2022-06-14 21:28:39,27251.22,4463.754,378.5859,18.67188
2022-06-14 21:28:38,27251.5,4463.477,378.5859,18.67188
2022-06-14 21:28:37,27251.79,4463.191,378.5859,18.67188
2022-06-14 21:28:36,27251.46,4463.516,378.5859,18.67188
2022-06-14 21:28:35,27251.46,4463.523,378.5938,18.65625
2022-06-14 21:28:34,27251.71,4463.285,378.5859,18.65625
2022-06-14 21:28:33,27251.55,4463.457,378.5742,18.65625
2022-06-14 21:28:32,27251.74,4463.266,378.5742,18.65625
2022-06-14 21:28:31,27251.99,4463.012,378.5742,18.65625
2022-06-14 21:28:30,27251.77,4463.238,378.5703,18.65625
2022-06-14 21:28:29,27251.8,4463.215,378.5625,18.65625
2022-06-14 21:28:28,27251.8,4463.215,378.5703,18.64844
2022-06-14 21:28:27,27251.78,4463.246,378.5703,18.64062
2022-06-14 21:28:26,27252.05,4462.977,378.5703,18.64062
2022-06-14 21:28:25,27251.99,4463.031,378.5703,18.64062
2022-06-14 21:28:24,27252,4463.039,378.5547,18.64062
2022-06-14 21:28:23,27252.02,4463.016,378.5547,18.64062
2022-06-14 21:28:22,27252.02,4463.02,378.5586,18.63281
2022-06-14 21:28:21,27252.02,4463.027,378.5508,18.63281
2022-06-14 21:28:20,27252.31,4462.742,378.5586,18.625
2022-06-14 21:28:19,27252.05,4462.996,378.5586,18.625
2022-06-14 21:28:18,27251.81,4463.242,378.5586,18.625
2022-06-14 21:28:17,27252.02,4463.027,378.5586,18.625
2022-06-14 21:28:16,27251.8,4463.258,378.5586,18.61719
2022-06-14 21:28:15,27251.98,4463.074,378.5586,18.61719
2022-06-14 21:28:14,27252.07,4462.988,378.5664,18.60938
2022-06-14 21:28:13,27251.72,4463.336,378.5664,18.60938
2022-06-14 21:28:12,27252.1,4462.957,378.5664,18.60938
2022-06-14 21:28:11,27251.79,4463.27,378.5625,18.60938
2022-06-14 21:28:10,27252,4463.07,378.5547,18.60938
2022-06-14 21:28:09,27251.76,4463.309,378.5625,18.60156
2022-06-14 21:28:08,27251.82,4463.246,378.5625,18.60156
2022-06-14 21:28:07,27251.82,4463.246,378.5625,18.60156
2022-06-14 21:28:06,27251.71,4463.359,378.5586,18.60156
2022-06-14 21:28:05,27252.03,4463.051,378.5508,18.60156
2022-06-14 21:28:04,27252.52,4462.566,378.5508,18.59375
2022-06-14 21:28:03,27254.45,4460.641,378.5469,18.59375
2022-06-14 21:28:02,27254.48,4460.617,378.5391,18.59375
2022-06-14 21:28:01,27254.45,4460.652,378.5352,18.59375
2022-06-14 21:28:00,27254.21,4460.898,378.5352,18.59375
2022-06-14 21:27:59,27254.42,4460.691,378.5352,18.58594
2022-06-14 21:27:58,27254.42,4460.691,378.5352,18.58594
2022-06-14 21:27:57,27254.67,4460.453,378.5352,18.57812
2022-06-14 21:27:56,27254.73,4460.395,378.5312,18.57812
2022-06-14 21:27:55,27254.42,4460.703,378.5312,18.57812
2022-06-14 21:27:54,27254.76,4460.371,378.5312,18.57031
2022-06-14 21:27:53,27254.7,4460.434,378.5312,18.57031
2022-06-14 21:27:52,27254.52,4460.617,378.5391,18.5625
2022-06-14 21:27:51,27254.45,4460.68,378.5391,18.5625
2022-06-14 21:27:50,27254.42,4460.711,378.5391,18.5625
2022-06-14 21:27:49,27254.48,4460.656,378.5391,18.55469
2022-06-14 21:27:48,27254.48,4460.656,378.5391,18.55469
2022-06-14 21:27:47,27254.45,4460.688,378.5391,18.55469
2022-06-14 21:27:46,27254.7,4460.441,378.5391,18.55469
2022-06-14 21:27:45,27254.45,4460.688,378.5391,18.55469
2022-06-14 21:27:44,27254.73,4460.41,378.5391,18.55469
2022-06-14 21:27:43,27254.7,4460.449,378.5391,18.54688
2022-06-14 21:27:42,27254.18,4460.98,378.5391,18.53906
2022-06-14 21:27:41,27254.42,4460.742,378.5312,18.53906
2022-06-14 21:27:40,27254.67,4460.5,378.5273,18.53906
2022-06-14 21:27:39,27254.42,4460.75,378.5234,18.53906
2022-06-14 21:27:38,27254.79,4460.383,378.5195,18.53906
2022-06-14 21:27:37,27254.45,4460.723,378.5195,18.53906
2022-06-14 21:27:36,27254.45,4460.738,378.5195,18.52344
2022-06-14 21:27:35,27254.98,4460.215,378.5195,18.52344
2022-06-14 21:27:34,27254.95,4460.25,378.5156,18.52344
2022-06-14 21:27:33,27255.25,4459.945,378.5117,18.52344
2022-06-14 21:27:32,27255.19,4460.004,378.5156,18.52344
2022-06-14 21:27:31,27255.44,4459.766,378.5078,18.52344
2022-06-14 21:27:30,27255.71,4459.488,378.5156,18.51562
2022-06-14 21:27:29,27255.44,4459.766,378.5156,18.51562
2022-06-14 21:27:28,27255.71,4459.488,378.5156,18.51562
2022-06-14 21:27:27,27255.47,4459.734,378.5156,18.51562
2022-06-14 21:27:26,27255.68,4459.527,378.5156,18.50781
2022-06-14 21:27:25,27255.68,4459.535,378.5156,18.5
2022-06-14 21:27:24,27255.71,4459.504,378.5156,18.5
2022-06-14 21:27:23,27255.71,4459.504,378.5156,18.5
2022-06-14 21:27:22,27255.71,4459.504,378.5156,18.5
2022-06-14 21:27:21,27255.65,4459.578,378.5117,18.49219
2022-06-14 21:27:20,27255.96,4459.277,378.5039,18.49219
2022-06-14 21:27:19,27255.9,4459.34,378.5039,18.49219
2022-06-14 21:27:18,27255.66,4459.578,378.5039,18.49219
2022-06-14 21:27:17,27255.9,4459.34,378.5039,18.49219
2022-06-14 21:27:16,27255.94,4459.32,378.4922,18.48438
2022-06-14 21:27:15,27255.87,4459.391,378.5,18.47656
2022-06-14 21:27:14,27255.97,4459.293,378.4961,18.47656
2022-06-14 21:27:13,27255.98,4459.277,378.4961,18.47656
2022-06-14 21:27:12,27256.03,4459.23,378.4961,18.47656
2022-06-14 21:27:11,27255.96,4459.305,378.4922,18.47656
2022-06-14 21:27:10,27255.98,4459.297,378.4922,18.46875
2022-06-14 21:27:09,27255.9,4459.375,378.4922,18.46875
2022-06-14 21:27:08,27255.97,4459.305,378.5,18.46094
2022-06-14 21:27:07,27255.99,4459.281,378.5,18.46094
2022-06-14 21:27:06,27255.69,4459.582,378.5,18.46094
2022-06-14 21:27:05,27255.96,4459.32,378.5,18.45312
2022-06-14 21:27:04,27256.15,4459.129,378.5,18.45312
2022-06-14 21:27:03,27255.99,4459.297,378.5,18.44531
2022-06-14 21:27:02,27256.21,4459.074,378.5,18.44531
2022-06-14 21:27:01,27256.05,4459.234,378.5,18.44531
2022-06-14 21:27:00,27256.21,4459.074,378.5,18.44531
2022-06-14 21:26:59,27255.99,4459.312,378.4844,18.44531
2022-06-14 21:26:58,27255.97,4459.336,378.4922,18.4375
2022-06-14 21:26:57,27256.21,4459.105,378.4844,18.4375
2022-06-14 21:26:56,27255.95,4459.363,378.4883,18.42969
2022-06-14 21:26:55,27255.97,4459.348,378.4883,18.42969
2022-06-14 21:26:54,27255.98,4459.34,378.4883,18.42969
2022-06-14 21:26:53,27256,4459.324,378.4883,18.42188
2022-06-14 21:26:52,27256.22,4459.105,378.4844,18.42188
2022-06-14 21:26:51,27255.88,4459.461,378.4844,18.41406
2022-06-14 21:26:50,27255.74,4459.602,378.4805,18.41406
2022-06-14 21:26:49,27255.72,4459.617,378.4805,18.41406
2022-06-14 21:26:48,27256.48,4458.867,378.4766,18.40625
2022-06-14 21:26:47,27256.19,4459.16,378.4766,18.40625
2022-06-14 21:26:46,27256.19,4459.16,378.4766,18.40625
2022-06-14 21:26:45,27255.99,4459.367,378.4766,18.39844
2022-06-14 21:26:44,27256.22,4459.141,378.4727,18.39844
2022-06-14 21:26:43,27255.96,4459.414,378.4688,18.39062
2022-06-14 21:26:42,27255.95,4459.43,378.4688,18.39062
2022-06-14 21:26:41,27256.17,4459.207,378.4688,18.39062
2022-06-14 21:26:40,27256.19,4459.195,378.4648,18.38281
2022-06-14 21:26:39,27256.27,4459.117,378.4648,18.38281
2022-06-14 21:26:38,27256.2,4459.195,378.4648,18.375
2022-06-14 21:26:37,27255.71,4459.688,378.4648,18.375
2022-06-14 21:26:36,27256.44,4458.965,378.457,18.375
2022-06-14 21:26:35,27256.23,4459.172,378.457,18.375
2022-06-14 21:26:34,27256.48,4458.934,378.4414,18.375
2022-06-14 21:26:33,27256.23,4459.188,378.4414,18.375
2022-06-14 21:26:32,27256.24,4459.188,378.4492,18.35938
2022-06-14 21:26:31,27256.26,4459.164,378.4492,18.35938
2022-06-14 21:26:30,27256.24,4459.191,378.4453,18.35938
2022-06-14 21:26:29,27256.45,4458.977,378.4453,18.35938
2022-06-14 21:26:28,27256.32,4459.105,378.4453,18.35938
2022-06-14 21:26:27,27256.27,4459.16,378.4453,18.35938
2022-06-14 21:26:26,27256.24,4459.191,378.4453,18.35938
2022-06-14 21:26:25,27256.48,4458.945,378.4531,18.35156
2022-06-14 21:26:24,27256.23,4459.199,378.4531,18.35156
2022-06-14 21:26:23,27256.25,4459.176,378.4531,18.35156
2022-06-14 21:26:22,27255.98,4459.445,378.4531,18.35156
2022-06-14 21:26:21,27256.04,4459.398,378.4453,18.35156
2022-06-14 21:26:20,27255.68,4459.762,378.4531,18.34375
2022-06-14 21:26:19,27255.98,4459.461,378.4531,18.34375
2022-06-14 21:26:18,27255.7,4459.738,378.4531,18.34375
2022-06-14 21:26:17,27255.72,4459.715,378.4531,18.34375
2022-06-14 21:26:16,27255.2,4460.254,378.4375,18.34375
2022-06-14 21:26:15,27255.5,4459.953,378.4453,18.33594
2022-06-14 21:26:14,27255.49,4459.98,378.4336,18.32812
2022-06-14 21:26:13,27255.25,4460.219,378.4336,18.32812
2022-06-14 21:26:12,27254.93,4460.543,378.4336,18.32812
2022-06-14 21:26:11,27255.44,4460.035,378.4336,18.32812
2022-06-14 21:26:10,27255.15,4460.32,378.4336,18.32812
2022-06-14 21:26:09,27254.75,4460.727,378.4336,18.32812
2022-06-14 21:26:08,27255,4460.473,378.4336,18.32812
2022-06-14 21:26:07,27255.01,4460.465,378.4336,18.32812
2022-06-14 21:26:06,27255.45,4460.012,378.4414,18.32812
2022-06-14 21:26:05,27255.26,4460.211,378.4414,18.32031
2022-06-14 21:26:04,27255.26,4460.211,378.4414,18.32031
2022-06-14 21:26:03,27255.5,4459.973,378.4414,18.32031
2022-06-14 21:26:02,27255.4,4460.074,378.4414,18.32031
2022-06-14 21:26:01,27255.29,4460.188,378.4414,18.32031
2022-06-14 21:26:00,27255.48,4459.996,378.4414,18.3125
2022-06-14 21:25:59,27255.67,4459.82,378.4414,18.30469
2022-06-14 21:25:58,27255.72,4459.766,378.4414,18.30469
2022-06-14 21:25:57,27255.51,4459.98,378.4414,18.30469
2022-06-14 21:25:56,27255.45,4460.047,378.4375,18.30469
2022-06-14 21:25:55,27255.98,4459.516,378.4375,18.30469
2022-06-14 21:25:54,27255.7,4459.812,378.418,18.30469
2022-06-14 21:25:53,27255.51,4460.004,378.4258,18.29688
2022-06-14 21:25:52,27255.7,4459.816,378.4219,18.29688
2022-06-14 21:25:51,27255.69,4459.824,378.4219,18.29688
2022-06-14 21:25:50,27256.16,4459.355,378.4219,18.29688
2022-06-14 21:25:49,27256,4459.52,378.4219,18.29297
2022-06-14 21:25:48,27255.73,4459.793,378.418,18.29297
2022-06-14 21:25:47,27255.94,4459.586,378.418,18.29297
2022-06-14 21:25:46,27255.88,4459.648,378.418,18.28516
2022-06-14 21:25:45,27255.72,4459.809,378.418,18.28516
2022-06-14 21:25:44,27255.48,4460.039,378.4258,18.28516
2022-06-14 21:25:43,27255.26,4460.27,378.4258,18.27734
2022-06-14 21:25:42,27255.42,4460.109,378.4258,18.27734
2022-06-14 21:25:41,27255.72,4459.812,378.4219,18.27734
2022-06-14 21:25:40,27255.45,4460.09,378.4219,18.26953
2022-06-14 21:25:39,27255.48,4460.066,378.4219,18.26953
2022-06-14 21:25:38,27255.21,4460.336,378.4141,18.26953
2022-06-14 21:25:37,27255.47,4460.082,378.4219,18.26172
2022-06-14 21:25:36,27255.48,4460.07,378.418,18.26172
2022-06-14 21:25:35,27255.79,4459.777,378.4102,18.26172
2022-06-14 21:25:34,27255.67,4459.902,378.4102,18.25391
2022-06-14 21:25:33,27255.94,4459.645,378.3984,18.25391
2022-06-14 21:25:32,27256.05,4459.531,378.3945,18.25391
2022-06-14 21:25:31,27256.05,4459.531,378.3945,18.25391
2022-06-14 21:25:30,27255.88,4459.707,378.3906,18.25391
2022-06-14 21:25:29,27255.99,4459.598,378.3906,18.25391
2022-06-14 21:25:28,27256.22,4459.367,378.3906,18.25391
2022-06-14 21:25:27,27255.99,4459.598,378.3906,18.25391
2022-06-14 21:25:26,27255.95,4459.645,378.3906,18.25391
2022-06-14 21:25:25,27256.02,4459.566,378.3906,18.25391
2022-06-14 21:25:24,27255.95,4459.645,378.3984,18.24609
2022-06-14 21:25:23,27255.65,4459.945,378.3906,18.24609
2022-06-14 21:25:22,27255.91,4459.691,378.3984,18.23828
2022-06-14 21:25:21,27255.94,4459.66,378.3984,18.23828
2022-06-14 21:25:20,27256.41,4459.188,378.3945,18.23828
2022-06-14 21:25:19,27256.43,4459.172,378.3945,18.23828
2022-06-14 21:25:18,27256.19,4459.434,378.3789,18.23047
2022-06-14 21:25:17,27256.21,4459.41,378.3867,18.22266
2022-06-14 21:25:16,27255.95,4459.68,378.3867,18.22266
2022-06-14 21:25:15,27255.95,4459.68,378.3867,18.22266
2022-06-14 21:25:14,27256.16,4459.465,378.3867,18.22266
2022-06-14 21:25:13,27256.18,4459.457,378.3711,18.22266
2022-06-14 21:25:12,27255.98,4459.656,378.3867,18.21484
2022-06-14 21:25:11,27256,4459.633,378.3867,18.21484
2022-06-14 21:25:10,27256.19,4459.441,378.3867,18.21484
2022-06-14 21:25:09,27256.28,4459.363,378.3867,18.20703
2022-06-14 21:25:08,27256.19,4459.449,378.3867,18.20703
2022-06-14 21:25:07,27255.94,4459.703,378.3867,18.20703
2022-06-14 21:25:06,27256.21,4459.426,378.3867,18.20703
2022-06-14 21:25:05,27256.21,4459.426,378.3867,18.20703
2022-06-14 21:25:04,27256.19,4459.465,378.3789,18.19922
2022-06-14 21:25:03,27256.25,4459.41,378.3867,18.19141
2022-06-14 21:25:02,27256.25,4459.41,378.3867,18.19141
2022-06-14 21:25:01,27256.46,4459.195,378.3867,18.19141
2022-06-14 21:25:00,27256.47,4459.188,378.3867,18.19141
2022-06-14 21:24:59,27256.21,4459.441,378.3867,18.19141
2022-06-14 21:24:58,27256.47,4459.188,378.3867,18.19141
2022-06-14 21:24:57,27256.28,4459.387,378.3867,18.18359
2022-06-14 21:24:56,27256.38,4459.281,378.3867,18.18359
2022-06-14 21:24:55,27256.46,4459.203,378.3867,18.18359
2022-06-14 21:24:54,27256.46,4459.211,378.3789,18.18359
2022-06-14 21:24:53,27256.46,4459.211,378.3867,18.17578
2022-06-14 21:24:52,27256.52,4459.156,378.3789,18.17578
2022-06-14 21:24:51,27256.52,4459.156,378.3789,18.17578
2022-06-14 21:24:50,27256.65,4459.039,378.375,18.16797
2022-06-14 21:24:49,27256.52,4459.168,378.375,18.16797
2022-06-14 21:24:48,27256.19,4459.504,378.3711,18.16797
2022-06-14 21:24:47,27256.74,4458.961,378.3672,18.16797
2022-06-14 21:24:46,27256.38,4459.328,378.3633,18.16797
2022-06-14 21:24:45,27256.45,4459.25,378.3633,18.16797
2022-06-14 21:24:44,27256.44,4459.273,378.3633,18.16016
2022-06-14 21:24:43,27256.71,4459.012,378.3633,18.15234
2022-06-14 21:24:42,27256.68,4459.027,378.3711,18.15234
2022-06-14 21:24:41,27256.55,4459.164,378.3711,18.15234
2022-06-14 21:24:40,27256.4,4459.312,378.3711,18.15234
2022-06-14 21:24:39,27257.02,4458.703,378.3711,18.14453
2022-06-14 21:24:38,27256.68,4459.051,378.3711,18.13672
2022-06-14 21:24:37,27256.95,4458.773,378.3711,18.13672
2022-06-14 21:24:36,27256.93,4458.805,378.3711,18.12891
2022-06-14 21:24:35,27256.98,4458.75,378.3711,18.12891
2022-06-14 21:24:34,27256.99,4458.742,378.3711,18.12891
2022-06-14 21:24:33,27257.26,4458.48,378.3711,18.12109
2022-06-14 21:24:32,27256.93,4458.816,378.3672,18.12109
2022-06-14 21:24:31,27257.2,4458.555,378.3672,18.11328
2022-06-14 21:24:30,27256.9,4458.871,378.3516,18.11328
2022-06-14 21:24:29,27256.89,4458.879,378.3516,18.11328
2022-06-14 21:24:28,27257.18,4458.602,378.3438,18.11328
2022-06-14 21:24:27,27256.95,4458.836,378.3398,18.10547
2022-06-14 21:24:26,27256.65,4459.141,378.3359,18.10547
2022-06-14 21:24:25,27256.95,4458.84,378.3359,18.10547
2022-06-14 21:24:24,27256.93,4458.863,378.3359,18.10547
2022-06-14 21:24:23,27257.2,4458.602,378.3359,18.09766
2022-06-14 21:24:22,27257.36,4458.453,378.332,18.08984
2022-06-14 21:24:21,27257.26,4458.555,378.3281,18.08984
2022-06-14 21:24:20,27257.2,4458.617,378.3281,18.08984
2022-06-14 21:24:19,27257.19,4458.617,378.3359,18.08984
2022-06-14 21:24:18,27257.14,4458.672,378.3359,18.08984
2022-06-14 21:24:17,27257.44,4458.383,378.332,18.08203
2022-06-14 21:24:16,27257.14,4458.676,378.332,18.08203
2022-06-14 21:24:15,27257.5,4458.328,378.3242,18.08203
2022-06-14 21:24:14,27257.44,4458.391,378.332,18.07422
2022-06-14 21:24:13,27257.45,4458.383,378.332,18.07422
2022-06-14 21:24:12,27257.44,4458.398,378.332,18.06641
2022-06-14 21:24:11,27257.24,4458.598,378.332,18.06641
2022-06-14 21:24:10,27257.38,4458.461,378.332,18.06641
2022-06-14 21:24:09,27257.27,4458.566,378.332,18.06641
2022-06-14 21:24:08,27257.45,4458.398,378.3242,18.06641
2022-06-14 21:24:07,27257.45,4458.398,378.3242,18.05859
2022-06-14 21:24:06,27257.11,4458.746,378.3242,18.05859
2022-06-14 21:24:05,27257.21,4458.652,378.3242,18.05078
2022-06-14 21:24:04,27257.63,4458.23,378.3242,18.05078
2022-06-14 21:24:03,27257.52,4458.344,378.3242,18.05078
2022-06-14 21:24:02,27257.63,4458.238,378.3242,18.04297
2022-06-14 21:24:01,27257.52,4458.352,378.3242,18.04297
2022-06-14 21:24:00,27257.66,4458.219,378.3203,18.03516
2022-06-14 21:23:59,27257.7,4458.18,378.3203,18.03516
2022-06-14 21:23:58,27257.41,4458.457,378.3281,18.03516
2022-06-14 21:23:57,27257.75,4458.129,378.3164,18.03516
2022-06-14 21:23:56,27257.42,4458.465,378.3203,18.02734
2022-06-14 21:23:55,27257.69,4458.195,378.3203,18.02734
2022-06-14 21:23:54,27257.91,4457.98,378.3203,18.02734
2022-06-14 21:23:53,27257.69,4458.195,378.3203,18.02734
2022-06-14 21:23:52,27257.62,4458.273,378.3203,18.01953
2022-06-14 21:23:51,27257.75,4458.141,378.3203,18.01953
2022-06-14 21:23:50,27257.38,4458.512,378.3203,18.01953
2022-06-14 21:23:49,27257.96,4457.934,378.3203,18.01953
2022-06-14 21:23:48,27257.64,4458.258,378.3203,18.01953
2022-06-14 21:23:47,27257.75,4458.148,378.3203,18.01953
2022-06-14 21:23:46,27257.91,4458.004,378.3125,18.00391
2022-06-14 21:23:45,27257.68,4458.234,378.3125,18.00391
2022-06-14 21:23:44,27257.91,4458.004,378.3125,18.00391
2022-06-14 21:23:43,27257.93,4457.988,378.3125,18.00391
2022-06-14 21:23:42,27257.49,4458.426,378.3125,18.00391
2022-06-14 21:23:41,27257.75,4458.164,378.3125,18.00391
2022-06-14 21:23:40,27257.45,4458.465,378.3125,18.00391
2022-06-14 21:23:39,27257.96,4457.957,378.3125,18.00391
2022-06-14 21:23:38,27257.84,4458.09,378.3203,17.98828
2022-06-14 21:23:37,27257.92,4458.004,378.3203,17.98828
2022-06-14 21:23:36,27257.97,4457.957,378.3203,17.98828
2022-06-14 21:23:35,27257.94,4457.988,378.3203,17.98828
2022-06-14 21:23:34,27257.88,4458.043,378.3203,17.98828
2022-06-14 21:23:33,27258.21,4457.719,378.3203,17.98828
2022-06-14 21:23:32,27258.16,4457.77,378.3164,17.98828
2022-06-14 21:23:31,27258.45,4457.477,378.3164,17.98828
2022-06-14 21:23:30,27258.19,4457.738,378.3164,17.98828
2022-06-14 21:23:29,27257.99,4457.945,378.3164,17.98047
2022-06-14 21:23:28,27257.91,4458.023,378.3164,17.98047
2022-06-14 21:23:27,27257.99,4457.949,378.3125,17.98047
2022-06-14 21:23:26,27258.22,4457.73,378.3008,17.98047
2022-06-14 21:23:25,27258.24,4457.719,378.2969,17.98047
2022-06-14 21:23:24,27257.85,4458.113,378.2969,17.97266
2022-06-14 21:23:23,27258.38,4457.586,378.293,17.97266
2022-06-14 21:23:22,27258.16,4457.809,378.293,17.97266
2022-06-14 21:23:21,27258.11,4457.867,378.2891,17.97266
2022-06-14 21:23:20,27257.89,4458.082,378.2891,17.97266
2022-06-14 21:23:19,27257.95,4458.02,378.2891,17.97266
2022-06-14 21:23:18,27257.84,4458.129,378.2891,17.97266
2022-06-14 21:23:17,27258.11,4457.879,378.2852,17.95703
2022-06-14 21:23:16,27258.15,4457.832,378.293,17.95703
2022-06-14 21:23:15,27258.08,4457.902,378.293,17.95703
2022-06-14 21:23:14,27257.88,4458.109,378.293,17.95703
2022-06-14 21:23:13,27257.9,4458.086,378.293,17.95703
2022-06-14 21:23:12,27258.43,4457.566,378.2891,17.94922
2022-06-14 21:23:11,27258.22,4457.781,378.2891,17.94141
2022-06-14 21:23:10,27258.21,4457.789,378.2891,17.94141
2022-06-14 21:23:09,27258.25,4457.762,378.2852,17.94141
2022-06-14 21:23:08,27257.94,4458.07,378.2852,17.94141
2022-06-14 21:23:07,27258.42,4457.594,378.2852,17.93359
2022-06-14 21:23:06,27258.12,4457.895,378.2852,17.93359
2022-06-14 21:23:05,27258.42,4457.598,378.2812,17.93359
2022-06-14 21:23:04,27258.46,4457.57,378.2695,17.93359
2022-06-14 21:23:03,27258.18,4457.863,378.2617,17.93359
2022-06-14 21:23:02,27258.4,4457.641,378.2617,17.93359
2022-06-14 21:23:01,27258.4,4457.641,378.2617,17.93359
2022-06-14 21:23:00,27258.4,4457.641,378.2617,17.93359
2022-06-14 21:22:59,27258.4,4457.641,378.2617,17.93359
2022-06-14 21:22:58,27258.11,4457.926,378.2617,17.93359
2022-06-14 21:22:57,27258.18,4457.863,378.2617,17.93359
2022-06-14 21:22:56,27257.87,4458.18,378.2539,17.93359
2022-06-14 21:22:55,27257.95,4458.102,378.2617,17.92578
2022-06-14 21:22:54,27257.44,4458.602,378.2695,17.92578
2022-06-14 21:22:53,27257.7,4458.348,378.2617,17.92578
2022-06-14 21:22:52,27257.45,4458.602,378.2695,17.91797
2022-06-14 21:22:51,27257.65,4458.395,378.2695,17.91797
2022-06-14 21:22:50,27257.49,4458.562,378.2617,17.91797
2022-06-14 21:22:49,27257.44,4458.617,378.2617,17.91797
2022-06-14 21:22:48,27257.13,4458.926,378.2695,17.91016
2022-06-14 21:22:47,27257.16,4458.895,378.2695,17.91016
2022-06-14 21:22:46,27256.91,4459.148,378.2695,17.90234
2022-06-14 21:22:45,27256.69,4459.371,378.2695,17.90234
2022-06-14 21:22:44,27256.68,4459.387,378.2695,17.90234
2022-06-14 21:22:43,27257.44,4458.633,378.2617,17.90234
2022-06-14 21:22:42,27257.14,4458.934,378.2617,17.90234
2022-06-14 21:22:41,27257.16,4458.926,378.2461,17.90234
2022-06-14 21:22:40,27257.17,4458.918,378.2617,17.88672
2022-06-14 21:22:39,27257.22,4458.867,378.2578,17.88672
2022-06-14 21:22:38,27257.47,4458.621,378.2578,17.88672
2022-06-14 21:22:37,27257.44,4458.652,378.2578,17.88672
2022-06-14 21:22:36,27257.38,4458.707,378.2578,17.88672
2022-06-14 21:22:35,27257.16,4458.938,378.25,17.88672
2022-06-14 21:22:34,27257.66,4458.438,378.2578,17.87891
2022-06-14 21:22:33,27257.68,4458.406,378.2656,17.87891
2022-06-14 21:22:32,27257.38,4458.715,378.2656,17.87109
2022-06-14 21:22:31,27257.44,4458.664,378.2617,17.87109
2022-06-14 21:22:30,27257.45,4458.66,378.2578,17.87109
2022-06-14 21:22:29,27257.19,4458.918,378.2539,17.87109
2022-06-14 21:22:28,27257.38,4458.734,378.2461,17.87109
2022-06-14 21:22:27,27257.45,4458.68,378.2539,17.85547
2022-06-14 21:22:26,27257.45,4458.68,378.2539,17.85547
2022-06-14 21:22:25,27257.96,4458.168,378.25,17.85547
2022-06-14 21:22:24,27257.6,4458.531,378.25,17.85547
2022-06-14 21:22:23,27257.68,4458.449,378.2461,17.85547
2022-06-14 21:22:22,27257.66,4458.473,378.2461,17.85547
2022-06-14 21:22:21,27257.96,4458.195,378.2383,17.83984
2022-06-14 21:22:20,27257.71,4458.441,378.2383,17.83984
2022-06-14 21:22:19,27257.43,4458.727,378.2383,17.83984
2022-06-14 21:22:18,27257.41,4458.742,378.2383,17.83984
2022-06-14 21:22:17,27257.44,4458.719,378.2383,17.83984
2022-06-14 21:22:16,27257.14,4459.02,378.2383,17.83203
2022-06-14 21:22:15,27257.41,4458.766,378.2305,17.82422
2022-06-14 21:22:14,27257.39,4458.789,378.2383,17.81641
2022-06-14 21:22:13,27257.24,4458.934,378.2461,17.81641
2022-06-14 21:22:12,27257.2,4458.973,378.2461,17.81641
2022-06-14 21:22:11,27257.17,4459.004,378.2461,17.81641
2022-06-14 21:22:10,27256.88,4459.297,378.2383,17.81641
2022-06-14 21:22:09,27257.17,4459.012,378.2461,17.80859
2022-06-14 21:22:08,27257.17,4459.012,378.2461,17.80859
2022-06-14 21:22:07,27257.75,4458.438,378.2422,17.80078
2022-06-14 21:22:06,27257.59,4458.609,378.2344,17.80078
2022-06-14 21:22:05,27257.68,4458.516,378.2344,17.80078
2022-06-14 21:22:04,27258.16,4458.039,378.2344,17.80078
2022-06-14 21:22:03,27257.94,4458.27,378.2344,17.79297
2022-06-14 21:22:02,27257.7,4458.512,378.2305,17.79297
2022-06-14 21:22:01,27257.64,4458.574,378.2227,17.79297
2022-06-14 21:22:00,27257.63,4458.59,378.2227,17.79297
2022-06-14 21:21:59,27257.66,4458.559,378.2227,17.79297
2022-06-14 21:21:58,27257.88,4458.348,378.2188,17.78516
2022-06-14 21:21:57,27257.49,4458.742,378.2148,17.78516
2022-06-14 21:21:56,27257.66,4458.578,378.2109,17.78516
2022-06-14 21:21:55,27257.71,4458.527,378.207,17.78516
2022-06-14 21:21:54,27257.66,4458.582,378.207,17.78516
2022-06-14 21:21:53,27257.88,4458.375,378.207,17.77734
2022-06-14 21:21:52,27257.98,4458.277,378.2031,17.77734
2022-06-14 21:21:51,27257.93,4458.324,378.2031,17.77734
2022-06-14 21:21:50,27257.91,4458.34,378.2109,17.76953
2022-06-14 21:21:49,27257.97,4458.285,378.2109,17.76953
2022-06-14 21:21:48,27257.91,4458.34,378.2109,17.76953
2022-06-14 21:21:47,27257.69,4458.562,378.2109,17.76953
2022-06-14 21:21:46,27257.67,4458.594,378.2031,17.76953
2022-06-14 21:21:45,27257.9,4458.363,378.2109,17.76172
2022-06-14 21:21:44,27257.91,4458.348,378.2109,17.76172
2022-06-14 21:21:43,27257.66,4458.609,378.2109,17.75391
2022-06-14 21:21:42,27257.61,4458.664,378.2109,17.75391
2022-06-14 21:21:41,27257.94,4458.332,378.2109,17.75391
2022-06-14 21:21:40,27258.16,4458.129,378.1992,17.74609
2022-06-14 21:21:39,27258.14,4458.152,378.1914,17.74609
2022-06-14 21:21:38,27258.22,4458.074,378.1992,17.73828
2022-06-14 21:21:37,27258.45,4457.848,378.1953,17.73828
2022-06-14 21:21:36,27258.16,4458.145,378.1914,17.73828
2022-06-14 21:21:35,27257.7,4458.605,378.1914,17.73828
2022-06-14 21:21:34,27257.7,4458.605,378.1914,17.73828
2022-06-14 21:21:33,27257.91,4458.406,378.1836,17.73828
2022-06-14 21:21:32,27257.69,4458.613,378.1992,17.73047
2022-06-14 21:21:31,27257.72,4458.582,378.1992,17.73047
2022-06-14 21:21:30,27257.91,4458.406,378.1992,17.72266
2022-06-14 21:21:29,27258.18,4458.129,378.1992,17.72266
2022-06-14 21:21:28,27257.91,4458.398,378.1992,17.72266
2022-06-14 21:21:27,27257.97,4458.344,378.1992,17.72266
2022-06-14 21:21:26,27257.95,4458.367,378.1992,17.72266
2022-06-14 21:21:25,27257.97,4458.344,378.1992,17.72266
2022-06-14 21:21:24,27257.85,4458.465,378.1953,17.72266
2022-06-14 21:21:23,27258.18,4458.141,378.1953,17.71484
2022-06-14 21:21:22,27257.93,4458.398,378.1914,17.71484
2022-06-14 21:21:21,27258.21,4458.113,378.1914,17.71484
2022-06-14 21:21:20,27257.91,4458.422,378.1914,17.70703
2022-06-14 21:21:19,27257.94,4458.398,378.1914,17.70703
2022-06-14 21:21:18,27257.88,4458.477,378.1836,17.69922
2022-06-14 21:21:17,27258.18,4458.172,378.1797,17.69922
2022-06-14 21:21:16,27258.13,4458.227,378.1797,17.69922
2022-06-14 21:21:15,27257.62,4458.742,378.1719,17.69922
2022-06-14 21:21:14,27257.67,4458.695,378.1797,17.69141
2022-06-14 21:21:13,27257.94,4458.418,378.1875,17.69141
2022-06-14 21:21:12,27257.95,4458.418,378.1875,17.68359
2022-06-14 21:21:11,27257.69,4458.672,378.1875,17.68359
2022-06-14 21:21:10,27257.7,4458.664,378.1875,17.68359
2022-06-14 21:21:09,27257.66,4458.703,378.1875,17.68359
2022-06-14 21:21:08,27257.14,4459.23,378.1836,17.67578
2022-06-14 21:21:07,27257.19,4459.191,378.1836,17.66797
2022-06-14 21:21:06,27257.23,4459.156,378.1797,17.66797
2022-06-14 21:21:05,27256.92,4459.469,378.1758,17.66797
2022-06-14 21:21:04,27257.18,4459.215,378.1758,17.66797
2022-06-14 21:21:03,27256.7,4459.699,378.168,17.66797
2022-06-14 21:21:02,27257.24,4459.16,378.1758,17.66016
2022-06-14 21:21:01,27257.21,4459.195,378.1719,17.66016
2022-06-14 21:21:00,27256.96,4459.441,378.1719,17.66016
2022-06-14 21:20:59,27257.23,4459.172,378.1719,17.66016
2022-06-14 21:20:58,27256.98,4459.426,378.1641,17.66016
2022-06-14 21:20:57,27257.16,4459.262,378.1523,17.66016
2022-06-14 21:20:56,27257.18,4459.246,378.1602,17.65234
2022-06-14 21:20:55,27256.7,4459.73,378.1523,17.65234
2022-06-14 21:20:54,27257.21,4459.223,378.1602,17.64453
2022-06-14 21:20:53,27257.17,4459.262,378.1602,17.64453
2022-06-14 21:20:52,27256.96,4459.469,378.1602,17.64453
2022-06-14 21:20:51,27256.91,4459.516,378.1602,17.64453
2022-06-14 21:20:50,27257.18,4459.254,378.1602,17.64453
2022-06-14 21:20:49,27256.92,4459.508,378.1602,17.64453
2022-06-14 21:20:48,27257.21,4459.23,378.168,17.62891
2022-06-14 21:20:47,27256.98,4459.461,378.168,17.62891
2022-06-14 21:20:46,27257.48,4458.953,378.168,17.62891
2022-06-14 21:20:45,27257.23,4459.211,378.1641,17.62891
2022-06-14 21:20:44,27256.96,4459.48,378.1641,17.62891
2022-06-14 21:20:43,27257.17,4459.273,378.1641,17.62891
2022-06-14 21:20:42,27256.96,4459.512,378.1484,17.61328
2022-06-14 21:20:41,27256.99,4459.48,378.1562,17.60547
2022-06-14 21:20:40,27256.99,4459.48,378.1562,17.60547
2022-06-14 21:20:39,27256.68,4459.797,378.1562,17.60547
2022-06-14 21:20:38,27256.65,4459.828,378.1484,17.60547
2022-06-14 21:20:37,27256.89,4459.598,378.1484,17.59766
2022-06-14 21:20:36,27257.05,4459.449,378.1484,17.58984
2022-06-14 21:20:35,27257.27,4459.227,378.1484,17.58984
2022-06-14 21:20:34,27257.21,4459.293,378.1445,17.58984
2022-06-14 21:20:33,27257.21,4459.293,378.1367,17.58984
2022-06-14 21:20:32,27256.96,4459.551,378.1406,17.58203
2022-06-14 21:20:31,27256.95,4459.559,378.1406,17.58203
2022-06-14 21:20:30,27256.78,4459.738,378.1367,17.58203
2022-06-14 21:20:29,27256.98,4459.531,378.1367,17.58203
2022-06-14 21:20:28,27256.75,4459.77,378.1367,17.58203
2022-06-14 21:20:27,27256.64,4459.871,378.1445,17.57422
2022-06-14 21:20:26,27256.99,4459.523,378.1445,17.57422
2022-06-14 21:20:25,27256.74,4459.785,378.1367,17.57422
2022-06-14 21:20:24,27256.74,4459.785,378.1445,17.56641
2022-06-14 21:20:23,27256.7,4459.824,378.1445,17.56641
2022-06-14 21:20:22,27256.93,4459.594,378.1445,17.56641
2022-06-14 21:20:21,27256.95,4459.574,378.1406,17.56641
2022-06-14 21:20:20,27256.71,4459.82,378.1328,17.56641
2022-06-14 21:20:19,27256.71,4459.828,378.1406,17.55859
2022-06-14 21:20:18,27256.68,4459.855,378.1367,17.55859
2022-06-14 21:20:17,27256.42,4460.117,378.1367,17.55859
2022-06-14 21:20:16,27256.78,4459.766,378.1328,17.55859
2022-06-14 21:20:15,27256.67,4459.926,378.082,17.55859
2022-06-14 21:20:14,27257.23,4459.363,378.0898,17.55078
2022-06-14 21:20:13,27257.48,4459.117,378.0898,17.55078
2022-06-14 21:20:12,27257.42,4459.176,378.0859,17.55078
2022-06-14 21:20:11,27257.45,4459.156,378.082,17.55078
2022-06-14 21:20:10,27257.7,4458.902,378.082,17.55078
2022-06-14 21:20:09,27257.66,4458.957,378.082,17.53516
2022-06-14 21:20:08,27257.45,4459.164,378.082,17.53516
2022-06-14 21:20:07,27257.41,4459.203,378.082,17.53516
2022-06-14 21:20:06,27257.75,4458.871,378.082,17.53516
2022-06-14 21:20:05,27257.68,4458.934,378.0898,17.53516
2022-06-14 21:20:04,27257.5,4459.109,378.0898,17.53516
2022-06-14 21:20:03,27257.71,4458.902,378.0898,17.53516
2022-06-14 21:20:02,27257.75,4458.863,378.0898,17.53516
2022-06-14 21:20:01,27257.73,4458.879,378.0898,17.53516
2022-06-14 21:20:00,27257.68,4458.926,378.0898,17.53516
2022-06-14 21:19:59,27257.52,4459.086,378.0898,17.53516
2022-06-14 21:19:58,27257.71,4458.902,378.0898,17.52734
2022-06-14 21:19:57,27257.67,4458.949,378.0898,17.52734
2022-06-14 21:19:56,27257.46,4459.156,378.0898,17.52734
2022-06-14 21:19:55,27258.17,4458.457,378.082,17.52734
2022-06-14 21:19:54,27258.2,4458.426,378.082,17.52734
2022-06-14 21:19:53,27258.18,4458.457,378.0664,17.52734
2022-06-14 21:19:52,27257.92,4458.719,378.082,17.51172
2022-06-14 21:19:51,27258.19,4458.449,378.082,17.51172
2022-06-14 21:19:50,27258.02,4458.625,378.082,17.51172
2022-06-14 21:19:49,27257.95,4458.688,378.082,17.51172
2022-06-14 21:19:48,27258.24,4458.402,378.082,17.51172
2022-06-14 21:19:47,27258.18,4458.469,378.0781,17.51172
2022-06-14 21:19:46,27258.24,4458.406,378.0781,17.51172
2022-06-14 21:19:45,27258.26,4458.383,378.0859,17.50391
2022-06-14 21:19:44,27258.43,4458.215,378.0859,17.50391
2022-06-14 21:19:43,27258.18,4458.469,378.0859,17.50391
2022-06-14 21:19:42,27258.18,4458.473,378.082,17.50391
2022-06-14 21:19:41,27258.21,4458.445,378.0781,17.50391
2022-06-14 21:19:40,27258.07,4458.594,378.0781,17.49609
2022-06-14 21:19:39,27258.16,4458.504,378.0742,17.49609
2022-06-14 21:19:38,27257.96,4458.711,378.0742,17.48828
2022-06-14 21:19:37,27258.19,4458.48,378.0742,17.48828
2022-06-14 21:19:36,27258.18,4458.488,378.0742,17.48828
2022-06-14 21:19:35,27258.18,4458.488,378.0742,17.48828
2022-06-14 21:19:34,27258.15,4458.52,378.0742,17.48828
2022-06-14 21:19:33,27258.19,4458.488,378.0664,17.48828
2022-06-14 21:19:32,27258.45,4458.234,378.0664,17.48828
2022-06-14 21:19:31,27258.19,4458.488,378.0664,17.48828
2022-06-14 21:19:30,27258.43,4458.262,378.0625,17.48047
2022-06-14 21:19:29,27258.5,4458.191,378.0664,17.47656
2022-06-14 21:19:28,27258.21,4458.48,378.0625,17.47656
2022-06-14 21:19:27,27258.22,4458.473,378.0625,17.47656
2022-06-14 21:19:26,27258.18,4458.516,378.0586,17.47656
2022-06-14 21:19:25,27258.19,4458.52,378.0469,17.47656
2022-06-14 21:19:24,27258.25,4458.465,378.0547,17.46875
2022-06-14 21:19:23,27258.45,4458.273,378.0547,17.46094
2022-06-14 21:19:22,27258.21,4458.496,378.0625,17.46094
2022-06-14 21:19:21,27257.95,4458.766,378.0625,17.46094
2022-06-14 21:19:20,27258.18,4458.527,378.0625,17.46094
2022-06-14 21:19:19,27258.48,4458.234,378.0625,17.46094
2022-06-14 21:19:18,27258.4,4458.312,378.0625,17.46094
2022-06-14 21:19:17,27257.92,4458.797,378.0625,17.45312
2022-06-14 21:19:16,27258.18,4458.539,378.0586,17.45312
2022-06-14 21:19:15,27258.23,4458.492,378.0586,17.45312
2022-06-14 21:19:14,27257.94,4458.789,378.0547,17.45312
2022-06-14 21:19:13,27258.14,4458.59,378.0547,17.45312
2022-06-14 21:19:12,27258.21,4458.52,378.0547,17.44531
2022-06-14 21:19:11,27258.23,4458.508,378.0508,17.44531
2022-06-14 21:19:10,27258.43,4458.316,378.043,17.44531
2022-06-14 21:19:09,27258.45,4458.301,378.043,17.44531
2022-06-14 21:19:08,27258.49,4458.266,378.0312,17.44531
2022-06-14 21:19:07,27258.38,4458.387,378.0273,17.4375
2022-06-14 21:19:06,27258.49,4458.281,378.0312,17.42969
2022-06-14 21:19:05,27258.69,4458.082,378.0312,17.42969
2022-06-14 21:19:04,27258.43,4458.344,378.0312,17.42969
2022-06-14 21:19:03,27258.38,4458.391,378.0312,17.42969
2022-06-14 21:19:02,27258.43,4458.344,378.0312,17.42969
2022-06-14 21:19:01,27258.41,4458.367,378.0312,17.42188
2022-06-14 21:19:00,27258.21,4458.559,378.0391,17.42188
2022-06-14 21:18:59,27258.45,4458.328,378.0391,17.42188
2022-06-14 21:18:58,27258.43,4458.344,378.0391,17.42188
2022-06-14 21:18:57,27258.45,4458.328,378.0391,17.42188
2022-06-14 21:18:56,27258.18,4458.598,378.0312,17.42188
2022-06-14 21:18:55,27258.45,4458.336,378.0391,17.41406
2022-06-14 21:18:54,27258.21,4458.566,378.0391,17.41406
2022-06-14 21:18:53,27258.23,4458.559,378.0391,17.40625
2022-06-14 21:18:52,27257.94,4458.852,378.0391,17.40625
2022-06-14 21:18:51,27257.64,4459.164,378.0273,17.40625
2022-06-14 21:18:50,27257.71,4459.086,378.0352,17.39844
2022-06-14 21:18:49,27257.46,4459.344,378.0312,17.39844
2022-06-14 21:18:48,27257.48,4459.34,378.0195,17.39844
2022-06-14 21:18:47,27257.45,4459.375,378.0156,17.39844
2022-06-14 21:18:46,27257.45,4459.375,378.0156,17.39844
2022-06-14 21:18:45,27257.71,4459.121,378.0078,17.39844
2022-06-14 21:18:44,27257.75,4459.082,378.0156,17.38281
2022-06-14 21:18:43,27257.71,4459.129,378.0156,17.38281
2022-06-14 21:18:42,27257.91,4458.93,378.0156,17.38281
2022-06-14 21:18:41,27257.92,4458.914,378.0156,17.38281
2022-06-14 21:18:40,27257.72,4459.113,378.0156,17.38281
2022-06-14 21:18:39,27257.92,4458.914,378.0234,17.375
2022-06-14 21:18:38,27257.66,4459.176,378.0234,17.375
2022-06-14 21:18:37,27257.95,4458.891,378.0234,17.36719
2022-06-14 21:18:36,27257.95,4458.898,378.0234,17.36719
2022-06-14 21:18:35,27257.63,4459.215,378.0234,17.36719
2022-06-14 21:18:34,27257.94,4458.906,378.0234,17.36719
2022-06-14 21:18:33,27257.67,4459.176,378.0234,17.36719
2022-06-14 21:18:32,27257.69,4459.16,378.0234,17.35938
2022-06-14 21:18:31,27257.79,4459.066,378.0234,17.35938
2022-06-14 21:18:30,27257.79,4459.066,378.0234,17.35938
2022-06-14 21:18:29,27257.96,4458.898,378.0156,17.35938
2022-06-14 21:18:28,27257.94,4458.93,378.0156,17.35156
2022-06-14 21:18:27,27257.71,4459.16,378.0156,17.35156
2022-06-14 21:18:26,27258.18,4458.684,378.0156,17.35156
2022-06-14 21:18:25,27258.01,4458.867,378.0156,17.34375
2022-06-14 21:18:24,27257.98,4458.898,378.0156,17.34375
2022-06-14 21:18:23,27257.94,4458.938,378.0156,17.34375
2022-06-14 21:18:22,27257.95,4458.938,378.0156,17.33594
2022-06-14 21:18:21,27258.15,4458.73,378.0156,17.33594
2022-06-14 21:18:20,27257.99,4458.902,378.0117,17.32812
2022-06-14 21:18:19,27257.98,4458.918,378.0117,17.32812
2022-06-14 21:18:18,27257.96,4458.934,378.0117,17.32812
2022-06-14 21:18:17,27257.98,4458.91,378.0195,17.32812
2022-06-14 21:18:16,27257.96,4458.941,378.0117,17.32031
2022-06-14 21:18:15,27258.01,4458.895,378.0117,17.32031
2022-06-14 21:18:14,27257.96,4458.945,378.0078,17.32031
2022-06-14 21:18:13,27258.19,4458.715,378.0078,17.32031
2022-06-14 21:18:12,27257.99,4458.918,378.0039,17.32031
2022-06-14 21:18:11,27257.73,4459.191,378,17.3125
2022-06-14 21:18:10,27257.99,4458.934,377.9961,17.3125
2022-06-14 21:18:09,27257.7,4459.23,377.9922,17.3125
2022-06-14 21:18:08,27257.99,4458.938,377.9922,17.3125
2022-06-14 21:18:07,27258.34,4458.602,377.9844,17.30469
2022-06-14 21:18:06,27258.24,4458.711,377.9805,17.30469
2022-06-14 21:18:05,27258.16,4458.797,377.9805,17.29688
2022-06-14 21:18:04,27258.21,4458.75,377.9805,17.29688
2022-06-14 21:18:03,27258.26,4458.695,377.9805,17.29688
2022-06-14 21:18:02,27258.52,4458.441,377.9805,17.29688
2022-06-14 21:18:01,27257.88,4459.07,377.9844,17.29688
2022-06-14 21:18:00,27258.21,4458.758,377.9805,17.28906
2022-06-14 21:17:59,27258.13,4458.836,377.9805,17.28906
2022-06-14 21:17:58,27258.14,4458.82,377.9805,17.28906
2022-06-14 21:17:57,27258.21,4458.758,377.9805,17.28906
2022-06-14 21:17:56,27258.48,4458.473,377.9883,17.28906
2022-06-14 21:17:55,27258.52,4458.449,377.9805,17.28906
2022-06-14 21:17:54,27258.48,4458.48,377.9883,17.28125
2022-06-14 21:17:53,27258.68,4458.281,377.9883,17.28125
2022-06-14 21:17:52,27258.64,4458.328,377.9883,17.28125
2022-06-14 21:17:51,27258.67,4458.297,377.9883,17.28125
2022-06-14 21:17:50,27258.2,4458.766,377.9883,17.28125
2022-06-14 21:17:49,27258.2,4458.773,377.9883,17.27344
2022-06-14 21:17:48,27258.7,4458.281,377.9883,17.26562
2022-06-14 21:17:47,27258.45,4458.535,377.9883,17.26562
2022-06-14 21:17:46,27258.48,4458.504,377.9805,17.26562
2022-06-14 21:17:45,27258.45,4458.535,377.9805,17.26562
2022-06-14 21:17:44,27258.48,4458.516,377.9766,17.26562
2022-06-14 21:17:43,27258.73,4458.262,377.9766,17.26562
2022-06-14 21:17:42,27258.51,4458.508,377.9688,17.25
2022-06-14 21:17:41,27258.7,4458.316,377.9688,17.25
2022-06-14 21:17:40,27258.98,4458.039,377.9688,17.25
2022-06-14 21:17:39,27258.7,4458.316,377.9688,17.25
2022-06-14 21:17:38,27258.67,4458.348,377.9688,17.25
2022-06-14 21:17:37,27258.74,4458.293,377.9688,17.23438
2022-06-14 21:17:36,27258.52,4458.508,377.9766,17.23438
2022-06-14 21:17:35,27258.76,4458.262,377.9766,17.23438
2022-06-14 21:17:34,27258.45,4458.57,377.9766,17.23438
2022-06-14 21:17:33,27258.17,4458.855,377.9766,17.23438
2022-06-14 21:17:32,27258.24,4458.785,377.9766,17.23438
2022-06-14 21:17:31,27258.18,4458.848,377.9766,17.23438
2022-06-14 21:17:30,27257.97,4459.062,377.9766,17.22656
2022-06-14 21:17:29,27257.71,4459.324,377.9766,17.22656
2022-06-14 21:17:28,27258.21,4458.824,377.9766,17.22656
2022-06-14 21:17:27,27258.24,4458.809,377.9688,17.21875
2022-06-14 21:17:26,27258.48,4458.562,377.9688,17.21875
2022-06-14 21:17:25,27257.99,4459.066,377.957,17.21875
2022-06-14 21:17:24,27258.02,4459.043,377.957,17.21094
2022-06-14 21:17:23,27257.91,4459.168,377.9492,17.21094
2022-06-14 21:17:22,27257.95,4459.129,377.957,17.20312
2022-06-14 21:17:21,27257.92,4459.152,377.957,17.20312
2022-06-14 21:17:20,27257.72,4459.355,377.9531,17.20312
2022-06-14 21:17:19,27257.45,4459.625,377.9531,17.20312
2022-06-14 21:17:18,27257.96,4459.117,377.9531,17.20312
2022-06-14 21:17:17,27257.7,4459.387,377.9531,17.19531
2022-06-14 21:17:16,27257.97,4459.117,377.9531,17.19531
2022-06-14 21:17:15,27257.7,4459.387,377.9531,17.19531
2022-06-14 21:17:14,27257.69,4459.387,377.9609,17.19531
2022-06-14 21:17:13,27257.98,4459.102,377.9609,17.19531
2022-06-14 21:17:12,27257.91,4459.172,377.9531,17.19531
2022-06-14 21:17:11,27257.98,4459.109,377.9609,17.1875
2022-06-14 21:17:10,27257.75,4459.332,377.9609,17.1875
2022-06-14 21:17:09,27257.7,4459.398,377.957,17.17969
2022-06-14 21:17:08,27257.97,4459.129,377.957,17.17969
2022-06-14 21:17:07,27257.75,4459.355,377.9531,17.17969
2022-06-14 21:17:06,27257.72,4459.383,377.9492,17.17969
2022-06-14 21:17:05,27258.18,4458.93,377.9492,17.17969
2022-06-14 21:17:04,27258.18,4458.922,377.9492,17.17969
2022-06-14 21:17:03,27257.94,4459.184,377.9414,17.17188
2022-06-14 21:17:02,27258.22,4458.898,377.9414,17.17188
2022-06-14 21:17:01,27257.98,4459.137,377.9414,17.17188
2022-06-14 21:17:00,27258.52,4458.605,377.9414,17.17188
2022-06-14 21:16:59,27257.95,4459.168,377.9414,17.17188
2022-06-14 21:16:58,27258.24,4458.902,377.9219,17.17188
2022-06-14 21:16:57,27257.93,4459.211,377.9375,17.15625
2022-06-14 21:16:56,27258,4459.145,377.9336,17.15625
2022-06-14 21:16:55,27257.78,4459.371,377.9297,17.15625
2022-06-14 21:16:54,27257.98,4459.164,377.9297,17.15625
2022-06-14 21:16:53,27257.71,4459.438,377.9336,17.15625
2022-06-14 21:16:52,27258.02,4459.121,377.9336,17.15625
2022-06-14 21:16:51,27257.75,4459.406,377.9258,17.15625
2022-06-14 21:16:50,27257.77,4459.383,377.9336,17.14844
2022-06-14 21:16:49,27257.99,4459.16,377.9336,17.14844
2022-06-14 21:16:48,27257.74,4459.414,377.9336,17.14844
2022-06-14 21:16:47,27257.93,4459.227,377.9297,17.14844
2022-06-14 21:16:46,27258.41,4458.758,377.9219,17.14062
2022-06-14 21:16:45,27258.21,4458.965,377.9219,17.14062
2022-06-14 21:16:44,27258.29,4458.879,377.9219,17.14062
2022-06-14 21:16:43,27258.24,4458.934,377.9219,17.14062
2022-06-14 21:16:42,27258.69,4458.496,377.9141,17.13281
2022-06-14 21:16:41,27258.7,4458.496,377.9141,17.125
2022-06-14 21:16:40,27258.41,4458.781,377.9141,17.125
2022-06-14 21:16:39,27258.21,4458.988,377.9141,17.125
2022-06-14 21:16:38,27258.75,4458.441,377.9141,17.125
2022-06-14 21:16:37,27258.73,4458.465,377.9141,17.125
2022-06-14 21:16:36,27258.69,4458.52,377.9062,17.11719
2022-06-14 21:16:35,27258.42,4458.789,377.9141,17.10938
2022-06-14 21:16:34,27258.48,4458.734,377.9141,17.10938
2022-06-14 21:16:33,27258.67,4458.543,377.9141,17.10938
2022-06-14 21:16:32,27258.72,4458.488,377.9141,17.10938
2022-06-14 21:16:31,27258.45,4458.75,377.9219,17.10938
2022-06-14 21:16:30,27258.75,4458.457,377.9141,17.10938
2022-06-14 21:16:29,27258.7,4458.512,377.9219,17.10156
2022-06-14 21:16:28,27258.51,4458.703,377.9219,17.10156
2022-06-14 21:16:27,27258.7,4458.52,377.9219,17.09375
2022-06-14 21:16:26,27258.41,4458.805,377.9219,17.09375
2022-06-14 21:16:25,27258.21,4459.012,377.9219,17.09375
2022-06-14 21:16:24,27258.69,4458.531,377.918,17.09375
2022-06-14 21:16:23,27258.67,4458.555,377.918,17.09375
2022-06-14 21:16:22,27258.45,4458.793,377.918,17.07812
2022-06-14 21:16:21,27258.45,4458.785,377.918,17.07812
2022-06-14 21:16:20,27258.72,4458.523,377.9102,17.07812
2022-06-14 21:16:19,27258.7,4458.547,377.9102,17.07812
2022-06-14 21:16:18,27258.41,4458.844,377.9062,17.07812
2022-06-14 21:16:17,27258.45,4458.801,377.9023,17.07812
2022-06-14 21:16:16,27258.22,4459.039,377.8945,17.07812
2022-06-14 21:16:15,27258.26,4459.004,377.8984,17.07031
2022-06-14 21:16:14,27258.26,4459.012,377.8984,17.0625
2022-06-14 21:16:13,27258.48,4458.797,377.8984,17.0625
2022-06-14 21:16:12,27258.18,4459.098,377.8984,17.0625
2022-06-14 21:16:11,27258.17,4459.105,377.8984,17.0625
2022-06-14 21:16:10,27258.45,4458.828,377.8984,17.0625
2022-06-14 21:16:09,27258.45,4458.828,377.8984,17.0625
2022-06-14 21:16:08,27258.71,4458.566,377.9062,17.04688
2022-06-14 21:16:07,27258.7,4458.586,377.9023,17.04688
2022-06-14 21:16:06,27258.72,4458.562,377.9023,17.04688
2022-06-14 21:16:05,27258.67,4458.617,377.9023,17.04688
2022-06-14 21:16:04,27259.18,4458.105,377.8984,17.04688
2022-06-14 21:16:03,27259.22,4458.078,377.8945,17.03906
2022-06-14 21:16:02,27259.21,4458.105,377.8906,17.03125
2022-06-14 21:16:01,27258.98,4458.336,377.8906,17.03125
2022-06-14 21:16:00,27258.94,4458.375,377.8906,17.03125
2022-06-14 21:15:59,27258.7,4458.617,377.8867,17.03125
2022-06-14 21:15:58,27258.71,4458.613,377.875,17.03125
2022-06-14 21:15:57,27258.64,4458.691,377.875,17.03125
2022-06-14 21:15:56,27258.71,4458.621,377.875,17.02344
2022-06-14 21:15:55,27258.69,4458.645,377.875,17.02344
2022-06-14 21:15:54,27258.94,4458.398,377.875,17.02344
2022-06-14 21:15:53,27258.75,4458.598,377.875,17.01562
2022-06-14 21:15:52,27258.99,4458.352,377.875,17.01562
2022-06-14 21:15:51,27258.66,4458.684,377.875,17.01562
2022-06-14 21:15:50,27258.72,4458.621,377.875,17.01562
2022-06-14 21:15:49,27258.94,4458.398,377.8828,17.01562
2022-06-14 21:15:48,27258.65,4458.691,377.875,17.01562
2022-06-14 21:15:47,27258.94,4458.406,377.8828,17.00781
2022-06-14 21:15:46,27258.94,4458.406,377.8828,17.00781
2022-06-14 21:15:45,27258.69,4458.652,377.8828,17.00781
2022-06-14 21:15:44,27258.44,4458.906,377.8828,17.00781
2022-06-14 21:15:43,27258.4,4458.949,377.8789,17.00781
2022-06-14 21:15:42,27258.97,4458.395,377.8789,16.99219
2022-06-14 21:15:41,27258.72,4458.648,377.8711,16.99219
2022-06-14 21:15:40,27259,4458.371,377.8789,16.98438
2022-06-14 21:15:39,27258.65,4458.738,377.8672,16.97656
2022-06-14 21:15:38,27258.97,4458.422,377.8672,16.97656
2022-06-14 21:15:37,27259.21,4458.176,377.8672,16.97656
2022-06-14 21:15:36,27259.11,4458.289,377.8555,16.97656
2022-06-14 21:15:35,27259.44,4457.965,377.8555,16.97656
2022-06-14 21:15:34,27259.44,4457.965,377.8633,16.96875
2022-06-14 21:15:33,27259.16,4458.242,377.8633,16.96875
2022-06-14 21:15:32,27259.43,4457.973,377.8633,16.96875
2022-06-14 21:15:31,27259.19,4458.219,377.8633,16.96094
2022-06-14 21:15:30,27259.01,4458.402,377.8633,16.96094
2022-06-14 21:15:29,27259.15,4458.262,377.8672,16.95312
2022-06-14 21:15:28,27258.98,4458.438,377.8672,16.95312
2022-06-14 21:15:27,27259.19,4458.223,377.8672,16.95312
2022-06-14 21:15:26,27259.19,4458.223,377.8672,16.95312
2022-06-14 21:15:25,27258.88,4458.535,377.8633,16.95312
2022-06-14 21:15:24,27259.04,4458.383,377.8594,16.95312
2022-06-14 21:15:23,27259.23,4458.199,377.8516,16.95312
2022-06-14 21:15:22,27259.25,4458.176,377.8594,16.94531
2022-06-14 21:15:21,27259.2,4458.238,377.8594,16.9375
2022-06-14 21:15:20,27259.22,4458.215,377.8594,16.9375
2022-06-14 21:15:19,27259.17,4458.27,377.8594,16.9375
2022-06-14 21:15:18,27259.25,4458.191,377.8516,16.9375
2022-06-14 21:15:17,27259.45,4458.008,377.8516,16.92969
2022-06-14 21:15:16,27259.22,4458.23,377.8516,16.92969
2022-06-14 21:15:15,27259.17,4458.285,377.8516,16.92969
2022-06-14 21:15:14,27259.41,4458.047,377.8516,16.92969
2022-06-14 21:15:13,27259.17,4458.293,377.8516,16.92188
2022-06-14 21:15:12,27259.01,4458.453,377.8516,16.92188
2022-06-14 21:15:11,27259.48,4457.988,377.8477,16.92188
2022-06-14 21:15:10,27259.19,4458.273,377.8477,16.92188
2022-06-14 21:15:09,27259.51,4457.965,377.8477,16.91406
2022-06-14 21:15:08,27259.25,4458.219,377.8477,16.91406
2022-06-14 21:15:07,27258.98,4458.488,377.8477,16.91406
2022-06-14 21:15:06,27259.22,4458.242,377.8555,16.91406
2022-06-14 21:15:05,27258.89,4458.574,377.8555,16.91406
2022-06-14 21:15:04,27258.91,4458.566,377.8555,16.90625
2022-06-14 21:15:03,27259.23,4458.246,377.8516,16.90625
2022-06-14 21:15:02,27259.01,4458.473,377.8477,16.90625
2022-06-14 21:15:01,27258.95,4458.527,377.8477,16.90625
2022-06-14 21:15:00,27259.19,4458.289,377.8477,16.90625
2022-06-14 21:14:59,27258.92,4458.559,377.8477,16.90625
2022-06-14 21:14:58,27258.98,4458.512,377.8477,16.89844
2022-06-14 21:14:57,27259.2,4458.289,377.8477,16.89844
2022-06-14 21:14:56,27259.16,4458.336,377.8477,16.89062
2022-06-14 21:14:55,27259.17,4458.336,377.8398,16.89062
2022-06-14 21:14:54,27259.5,4458.008,377.8359,16.89062
2022-06-14 21:14:53,27259.41,4458.094,377.8359,16.89062
2022-06-14 21:14:52,27259.44,4458.07,377.8359,16.89062
2022-06-14 21:14:51,27259.72,4457.789,377.832,16.89062
2022-06-14 21:14:50,27259.91,4457.617,377.8281,16.88281
2022-06-14 21:14:49,27259.91,4457.617,377.8281,16.88281
2022-06-14 21:14:48,27260.02,4457.508,377.8281,16.875
2022-06-14 21:14:47,27260.18,4457.352,377.8242,16.875
2022-06-14 21:14:46,27259.93,4457.598,377.832,16.875
2022-06-14 21:14:45,27260.18,4457.344,377.832,16.875
2022-06-14 21:14:44,27260.18,4457.359,377.832,16.86719
2022-06-14 21:14:43,27260.18,4457.375,377.8242,16.85156
2022-06-14 21:14:42,27260.52,4457.055,377.8203,16.84375
2022-06-14 21:14:41,27260.18,4457.387,377.8203,16.84375
2022-06-14 21:14:40,27260.45,4457.117,377.8203,16.84375
2022-06-14 21:14:39,27260.4,4457.172,377.8203,16.84375
2022-06-14 21:14:38,27260.42,4457.156,377.8203,16.83594
2022-06-14 21:14:37,27260.46,4457.125,377.8203,16.82812
2022-06-14 21:14:36,27260.67,4456.922,377.8164,16.82812
2022-06-14 21:14:35,27260.86,4456.73,377.8164,16.82812
2022-06-14 21:14:34,27260.98,4456.617,377.8125,16.82812
2022-06-14 21:14:33,27261.2,4456.402,377.8047,16.82812
2022-06-14 21:14:32,27264.64,4452.965,377.8047,16.82812
2022-06-14 21:14:31,27264.92,4452.699,377.8008,16.8125
2022-06-14 21:14:30,27264.64,4452.984,377.8008,16.8125
2022-06-14 21:14:29,27264.83,4452.797,377.7969,16.8125
2022-06-14 21:14:28,27264.67,4452.957,377.7969,16.8125
2022-06-14 21:14:27,27264.3,4453.32,377.7969,16.8125
2022-06-14 21:14:26,27264.57,4453.059,377.7969,16.80469
2022-06-14 21:14:25,27264.86,4452.777,377.8008,16.79688
2022-06-14 21:14:24,27264.88,4452.754,377.8008,16.79688
2022-06-14 21:14:23,27264.58,4453.055,377.8008,16.79688
2022-06-14 21:14:22,27264.54,4453.098,377.7969,16.79688
2022-06-14 21:14:21,27264.61,4453.027,377.7969,16.79688
2022-06-14 21:14:20,27264.62,4453.02,377.7969,16.79688
2022-06-14 21:14:19,27264.61,4453.035,377.7969,16.79688
2022-06-14 21:14:18,27264.9,4452.742,377.7969,16.79688
2022-06-14 21:14:17,27264.64,4452.996,377.7969,16.79688
2022-06-14 21:14:16,27264.36,4453.289,377.7969,16.78906
2022-06-14 21:14:15,27264.86,4452.789,377.7969,16.78906
2022-06-14 21:14:14,27264.67,4452.988,377.7969,16.78125
2022-06-14 21:14:13,27264.55,4453.113,377.7891,16.78125
2022-06-14 21:14:12,27264.64,4453.027,377.7891,16.78125
2022-06-14 21:14:11,27264.64,4453.02,377.7891,16.78125
2022-06-14 21:14:10,27264.64,4453.035,377.7891,16.773438
2022-06-14 21:14:09,27264.81,4452.859,377.7891,16.773438
2022-06-14 21:14:08,27264.61,4453.059,377.7891,16.773438
2022-06-14 21:14:07,27264.84,4452.848,377.7852,16.765625
2022-06-14 21:14:06,27264.61,4453.07,377.7852,16.765625
2022-06-14 21:14:05,27264.93,4452.746,377.793,16.765625
2022-06-14 21:14:04,27264.89,4452.785,377.793,16.765625
2022-06-14 21:14:03,27264.9,4452.785,377.793,16.757812
2022-06-14 21:14:02,27264.64,4453.047,377.793,16.75
2022-06-14 21:14:01,27264.84,4452.859,377.7891,16.75
2022-06-14 21:14:00,27264.95,4452.742,377.7891,16.75
2022-06-14 21:13:59,27265.11,4452.59,377.7812,16.75
2022-06-14 21:13:58,27265.62,4452.086,377.7773,16.75
2022-06-14 21:13:57,27265.91,4451.812,377.7734,16.734375
2022-06-14 21:13:56,27265.65,4452.074,377.7734,16.734375
2022-06-14 21:13:55,27265.64,4452.09,377.7734,16.734375
2022-06-14 21:13:54,27265.84,4451.891,377.7734,16.734375
2022-06-14 21:13:53,27265.77,4451.953,377.7734,16.734375
2022-06-14 21:13:52,27265.8,4451.93,377.7656,16.734375
2022-06-14 21:13:51,27266.06,4451.676,377.7656,16.734375
2022-06-14 21:13:50,27266.09,4451.645,377.7656,16.734375
2022-06-14 21:13:49,27265.84,4451.891,377.7656,16.734375
2022-06-14 21:13:48,27265.77,4451.973,377.7539,16.734375
2022-06-14 21:13:47,27265.61,4452.133,377.7656,16.722656
2022-06-14 21:13:46,27266.11,4451.633,377.7656,16.722656
2022-06-14 21:13:45,27265.84,4451.902,377.7656,16.722656
2022-06-14 21:13:44,27265.57,4452.172,377.7734,16.722656
2022-06-14 21:13:43,27265.57,4452.172,377.7734,16.722656
2022-06-14 21:13:42,27265.63,4452.117,377.7656,16.722656
2022-06-14 21:13:41,27265.63,4452.117,377.7734,16.714844
2022-06-14 21:13:40,27265.59,4452.156,377.7734,16.714844
2022-06-14 21:13:39,27265.7,4452.047,377.7734,16.714844
2022-06-14 21:13:38,27265.37,4452.379,377.7734,16.714844
2022-06-14 21:13:37,27266.12,4451.625,377.7734,16.714844
2022-06-14 21:13:36,27265.86,4451.887,377.7734,16.714844
2022-06-14 21:13:35,27266.33,4451.426,377.7656,16.714844
2022-06-14 21:13:34,27266.3,4451.457,377.7734,16.707031
2022-06-14 21:13:33,27266.33,4451.434,377.7656,16.707031
2022-06-14 21:13:32,27266.33,4451.441,377.7656,16.699219
2022-06-14 21:13:31,27266.55,4451.219,377.7656,16.699219
2022-06-14 21:13:30,27266.54,4451.23,377.7617,16.699219
2022-06-14 21:13:29,27266.57,4451.207,377.7617,16.699219
2022-06-14 21:13:28,27266.64,4451.141,377.7617,16.691406
2022-06-14 21:13:27,27266.62,4451.172,377.7617,16.683594
2022-06-14 21:13:26,27266.86,4450.934,377.7617,16.675781
2022-06-14 21:13:25,27266.89,4450.91,377.7539,16.675781
2022-06-14 21:13:24,27266.88,4450.926,377.7539,16.675781
2022-06-14 21:13:23,27266.89,4450.91,377.7539,16.675781
2022-06-14 21:13:22,27266.93,4450.875,377.7578,16.675781
2022-06-14 21:13:21,27266.89,4450.914,377.7578,16.667969
2022-06-14 21:13:20,27266.89,4450.914,377.7578,16.667969
2022-06-14 21:13:19,27267.17,4450.637,377.7578,16.667969
2022-06-14 21:13:18,27266.93,4450.883,377.7578,16.667969
2022-06-14 21:13:17,27266.68,4451.129,377.7578,16.667969
2022-06-14 21:13:16,27266.93,4450.891,377.7578,16.660156
2022-06-14 21:13:15,27266.86,4450.953,377.7578,16.660156
2022-06-14 21:13:14,27266.89,4450.922,377.7578,16.660156
2022-06-14 21:13:13,27267.17,4450.645,377.7578,16.660156
2022-06-14 21:13:12,27266.89,4450.926,377.7539,16.660156
2022-06-14 21:13:11,27266.89,4450.957,377.7383,16.644531
2022-06-14 21:13:10,27267.14,4450.719,377.7305,16.644531
2022-06-14 21:13:09,27267.14,4450.723,377.7266,16.644531
2022-06-14 21:13:08,27266.89,4450.969,377.7266,16.644531
2022-06-14 21:13:07,27266.93,4450.938,377.7266,16.644531
2022-06-14 21:13:06,27266.93,4450.945,377.7266,16.636719
2022-06-14 21:13:05,27266.93,4450.945,377.7266,16.636719
2022-06-14 21:13:04,27267.08,4450.793,377.7266,16.636719
2022-06-14 21:13:03,27266.83,4451.039,377.7266,16.636719
2022-06-14 21:13:02,27266.86,4451.012,377.7227,16.636719
2022-06-14 21:13:01,27267.14,4450.734,377.7305,16.628906
2022-06-14 21:13:00,27267.16,4450.727,377.7305,16.621094
2022-06-14 21:12:59,27267.08,4450.805,377.7305,16.621094
2022-06-14 21:12:58,27267.32,4450.559,377.7305,16.621094
2022-06-14 21:12:57,27266.91,4450.977,377.7266,16.621094
2022-06-14 21:12:56,27267.36,4450.535,377.7227,16.621094
2022-06-14 21:12:55,27267.1,4450.789,377.7227,16.621094
2022-06-14 21:12:54,27267.39,4450.504,377.7227,16.621094
2022-06-14 21:12:53,27266.85,4451.043,377.7227,16.621094
2022-06-14 21:12:52,27266.89,4451.004,377.7227,16.613281
2022-06-14 21:12:51,27267.08,4450.82,377.7227,16.613281
2022-06-14 21:12:50,27267.14,4450.766,377.7148,16.613281
2022-06-14 21:12:49,27267.11,4450.797,377.7148,16.613281
2022-06-14 21:12:48,27267.14,4450.766,377.7148,16.613281
2022-06-14 21:12:47,27267.2,4450.703,377.7148,16.613281
2022-06-14 21:12:46,27267.36,4450.559,377.7148,16.605469
2022-06-14 21:12:45,27267.36,4450.551,377.7148,16.605469
2022-06-14 21:12:44,27267.66,4450.258,377.7148,16.605469
2022-06-14 21:12:43,27267.62,4450.297,377.707,16.605469
2022-06-14 21:12:42,27267.87,4450.051,377.707,16.605469
2022-06-14 21:12:41,27267.82,4450.105,377.7227,16.589844
2022-06-14 21:12:40,27267.85,4450.074,377.7227,16.589844
2022-06-14 21:12:39,27267.88,4450.043,377.7227,16.589844
2022-06-14 21:12:38,27267.55,4450.375,377.7227,16.589844
2022-06-14 21:12:37,27267.66,4450.258,377.7227,16.589844
2022-06-14 21:12:36,27268.12,4449.809,377.7188,16.589844
2022-06-14 21:12:35,27267.79,4450.141,377.7188,16.582031
2022-06-14 21:12:34,27268.21,4449.73,377.7109,16.582031
2022-06-14 21:12:33,27267.91,4450.031,377.7188,16.574219
2022-06-14 21:12:32,27267.84,4450.105,377.7148,16.574219
2022-06-14 21:12:31,27268.13,4449.812,377.7148,16.574219
2022-06-14 21:12:30,27267.83,4450.133,377.7031,16.566406
2022-06-14 21:12:29,27267.89,4450.078,377.7031,16.566406
2022-06-14 21:12:28,27267.62,4450.34,377.7031,16.566406
2022-06-14 21:12:27,27267.85,4450.121,377.6992,16.566406
2022-06-14 21:12:26,27267.87,4450.098,377.6992,16.566406
2022-06-14 21:12:25,27268.09,4449.883,377.6992,16.566406
2022-06-14 21:12:24,27268.05,4449.914,377.6992,16.566406
2022-06-14 21:12:23,27268.02,4449.945,377.6992,16.566406
2022-06-14 21:12:22,27268.39,4449.574,377.6992,16.566406
2022-06-14 21:12:21,27268.36,4449.605,377.6992,16.566406
2022-06-14 21:12:20,27267.84,4450.129,377.707,16.558594
2022-06-14 21:12:19,27267.87,4450.105,377.707,16.550781
2022-06-14 21:12:18,27268.12,4449.859,377.707,16.550781
2022-06-14 21:12:17,27268.09,4449.891,377.707,16.550781
2022-06-14 21:12:16,27268.15,4449.828,377.707,16.550781
2022-06-14 21:12:15,27268.05,4449.93,377.707,16.542969
2022-06-14 21:12:14,27268.18,4449.805,377.707,16.542969
2022-06-14 21:12:13,27268.12,4449.867,377.707,16.542969
2022-06-14 21:12:12,27268.12,4449.871,377.707,16.539062
2022-06-14 21:12:11,27268.09,4449.902,377.707,16.539062
2022-06-14 21:12:10,27268.3,4449.695,377.6992,16.539062
2022-06-14 21:12:09,27268.52,4449.48,377.6992,16.539062
2022-06-14 21:12:08,27268.33,4449.672,377.6992,16.53125
2022-06-14 21:12:07,27268.79,4449.223,377.6953,16.523438
2022-06-14 21:12:06,27268.76,4449.254,377.6953,16.523438
2022-06-14 21:12:05,27269.03,4448.984,377.6953,16.523438
2022-06-14 21:12:04,27269.1,4448.918,377.6914,16.523438
2022-06-14 21:12:03,27268.82,4449.195,377.6914,16.523438
2022-06-14 21:12:02,27269.1,4448.93,377.6875,16.515625
2022-06-14 21:12:01,27268.82,4449.215,377.6875,16.507812
2022-06-14 21:12:00,27268.67,4449.371,377.6836,16.507812
2022-06-14 21:11:59,27269.04,4449,377.6875,16.507812
2022-06-14 21:11:58,27268.86,4449.188,377.6836,16.507812
2022-06-14 21:11:57,27268.76,4449.293,377.6797,16.5
2022-06-14 21:11:56,27268.36,4449.715,377.6719,16.492188
2022-06-14 21:11:55,27268.83,4449.238,377.6719,16.492188
2022-06-14 21:11:54,27268.86,4449.207,377.6719,16.492188
2022-06-14 21:11:53,27268.83,4449.242,377.668,16.492188
2022-06-14 21:11:52,27269.07,4449.016,377.6641,16.484375
2022-06-14 21:11:51,27269.02,4449.078,377.6641,16.476562
2022-06-14 21:11:50,27269.07,4449.023,377.6641,16.476562
2022-06-14 21:11:49,27268.83,4449.27,377.6562,16.476562
2022-06-14 21:11:48,27268.9,4449.199,377.6562,16.476562
2022-06-14 21:11:47,27268.86,4449.25,377.6523,16.476562
2022-06-14 21:11:46,27268.83,4449.285,377.6484,16.46875
2022-06-14 21:11:45,27268.79,4449.34,377.6484,16.460938
2022-06-14 21:11:44,27268.83,4449.293,377.6484,16.460938
2022-06-14 21:11:43,27268.66,4449.465,377.6445,16.460938
2022-06-14 21:11:42,27268.62,4449.512,377.6445,16.460938
2022-06-14 21:11:41,27268.59,4449.535,377.6445,16.460938
2022-06-14 21:11:40,27268.62,4449.512,377.6445,16.453125
2022-06-14 21:11:39,27268.56,4449.574,377.6445,16.453125
2022-06-14 21:11:38,27269.05,4449.082,377.6523,16.445312
2022-06-14 21:11:37,27268.81,4449.328,377.6523,16.445312
2022-06-14 21:11:36,27268.84,4449.297,377.6523,16.445312
2022-06-14 21:11:35,27268.85,4449.297,377.6523,16.4375
2022-06-14 21:11:34,27268.35,4449.797,377.6523,16.4375
2022-06-14 21:11:33,27268.59,4449.551,377.6523,16.4375
2022-06-14 21:11:32,27268.84,4449.305,377.6523,16.4375
2022-06-14 21:11:31,27268.6,4449.543,377.6523,16.4375
2022-06-14 21:11:30,27268.78,4449.367,377.6523,16.4375
2022-06-14 21:11:29,27268.59,4449.559,377.6523,16.429688
2022-06-14 21:11:28,27268.81,4449.352,377.6445,16.429688
2022-06-14 21:11:27,27268.81,4449.359,377.6445,16.421875
2022-06-14 21:11:26,27268.59,4449.582,377.6445,16.421875
2022-06-14 21:11:25,27268.82,4449.352,377.6445,16.421875
2022-06-14 21:11:24,27268.84,4449.336,377.6445,16.414062
2022-06-14 21:11:23,27268.6,4449.574,377.6445,16.414062
2022-06-14 21:11:22,27268.9,4449.273,377.6445,16.414062
2022-06-14 21:11:21,27268.85,4449.328,377.6445,16.414062
2022-06-14 21:11:20,27268.81,4449.367,377.6445,16.414062
2022-06-14 21:11:19,27269.37,4448.812,377.6445,16.40625
2022-06-14 21:11:18,27268.8,4449.375,377.6523,16.40625
2022-06-14 21:11:17,27269.34,4448.836,377.6523,16.40625
2022-06-14 21:11:16,27269.02,4449.152,377.6523,16.40625
2022-06-14 21:11:15,27269.12,4449.059,377.6523,16.398438
2022-06-14 21:11:14,27269.31,4448.883,377.6523,16.390625
2022-06-14 21:11:13,27269.38,4448.812,377.6523,16.390625
2022-06-14 21:11:12,27269.31,4448.883,377.6523,16.390625
2022-06-14 21:11:11,27269.04,4449.152,377.6523,16.390625
2022-06-14 21:11:10,27268.84,4449.355,377.6484,16.390625
2022-06-14 21:11:09,27269.87,4448.332,377.6484,16.382812
2022-06-14 21:11:08,27270.12,4448.102,377.6406,16.375
2022-06-14 21:11:07,27270.09,4448.133,377.6406,16.375
2022-06-14 21:11:06,27270.05,4448.18,377.6328,16.375
2022-06-14 21:11:05,27270.3,4447.926,377.6328,16.375
2022-06-14 21:11:04,27270.08,4448.152,377.6289,16.375
2022-06-14 21:11:03,27270.3,4447.93,377.6289,16.375
2022-06-14 21:11:02,27270.36,4447.883,377.6289,16.367188
2022-06-14 21:11:01,27270.09,4448.164,377.625,16.359375
2022-06-14 21:11:00,27269.86,4448.387,377.625,16.359375
2022-06-14 21:10:59,27270.12,4448.133,377.625,16.359375
2022-06-14 21:10:58,27269.83,4448.418,377.625,16.359375
2022-06-14 21:10:57,27270.02,4448.227,377.625,16.359375
2022-06-14 21:10:56,27269.83,4448.418,377.625,16.359375
2022-06-14 21:10:55,27270.15,4448.102,377.6328,16.351562
2022-06-14 21:10:54,27270.11,4448.145,377.6289,16.351562
2022-06-14 21:10:53,27269.81,4448.445,377.6289,16.351562
2022-06-14 21:10:52,27270.08,4448.176,377.6289,16.351562
2022-06-14 21:10:51,27269.9,4448.355,377.625,16.351562
2022-06-14 21:10:50,27270.11,4448.148,377.625,16.351562
2022-06-14 21:10:49,27270.09,4448.184,377.6211,16.34375
2022-06-14 21:10:48,27270.05,4448.223,377.6211,16.34375
2022-06-14 21:10:47,27270.11,4448.168,377.6211,16.335938
2022-06-14 21:10:46,27270.36,4447.922,377.6211,16.335938
2022-06-14 21:10:45,27270.11,4448.168,377.6211,16.335938
2022-06-14 21:10:44,27270.11,4448.176,377.6133,16.335938
2022-06-14 21:10:43,27270.12,4448.18,377.6094,16.328125
2022-06-14 21:10:42,27270.05,4448.254,377.6055,16.328125
2022-06-14 21:10:41,27270.3,4448,377.6055,16.328125
2022-06-14 21:10:40,27270.05,4448.266,377.6016,16.320312
2022-06-14 21:10:39,27270.32,4447.988,377.6016,16.320312
2022-06-14 21:10:38,27270.32,4447.996,377.6016,16.3125
2022-06-14 21:10:37,27270.67,4447.648,377.6016,16.3125
2022-06-14 21:10:36,27270.32,4447.996,377.6016,16.3125
2022-06-14 21:10:35,27270.09,4448.238,377.5977,16.3125
2022-06-14 21:10:34,27270.57,4447.758,377.5938,16.3125
2022-06-14 21:10:33,27270.3,4448.031,377.5977,16.304688
2022-06-14 21:10:32,27270.59,4447.754,377.5977,16.296875
2022-06-14 21:10:31,27270.3,4448.039,377.5977,16.296875
2022-06-14 21:10:30,27270.29,4448.055,377.5977,16.296875
2022-06-14 21:10:29,27270.61,4447.73,377.5977,16.296875
2022-06-14 21:10:28,27270.6,4447.746,377.5977,16.289062
2022-06-14 21:10:27,27270.27,4448.078,377.5977,16.289062
2022-06-14 21:10:26,27270.26,4448.094,377.5977,16.28125
2022-06-14 21:10:25,27270.48,4447.871,377.5977,16.28125
2022-06-14 21:10:24,27270.54,4447.816,377.5977,16.28125
2022-06-14 21:10:23,27270.41,4447.957,377.5859,16.28125
2022-06-14 21:10:22,27270.35,4448.023,377.582,16.28125
2022-06-14 21:10:21,27270.64,4447.746,377.582,16.265625
2022-06-14 21:10:20,27270.6,4447.785,377.582,16.265625
2022-06-14 21:10:19,27270.58,4447.812,377.5781,16.265625
2022-06-14 21:10:18,27270.29,4448.098,377.5781,16.265625
2022-06-14 21:10:17,27270.57,4447.82,377.5781,16.265625
2022-06-14 21:10:16,27270.57,4447.82,377.5781,16.265625
2022-06-14 21:10:15,27270.55,4447.848,377.5742,16.265625
2022-06-14 21:10:14,27270.75,4447.641,377.582,16.257812
2022-06-14 21:10:13,27270.82,4447.57,377.582,16.257812
2022-06-14 21:10:12,27270.82,4447.578,377.582,16.257812
2022-06-14 21:10:11,27271.29,4447.117,377.582,16.25
2022-06-14 21:10:10,27271.52,4446.879,377.582,16.25
2022-06-14 21:10:09,27271.28,4447.125,377.582,16.25
2022-06-14 21:10:08,27271.59,4446.816,377.582,16.25
2022-06-14 21:10:07,27272.02,4446.387,377.5742,16.25
2022-06-14 21:10:06,27272.05,4446.363,377.582,16.242188
2022-06-14 21:10:05,27272.05,4446.355,377.582,16.242188
2022-06-14 21:10:04,27272.51,4445.902,377.582,16.242188
2022-06-14 21:10:03,27272.33,4446.086,377.5742,16.242188
2022-06-14 21:10:02,27272.32,4446.102,377.5742,16.234375
2022-06-14 21:10:01,27272.3,4446.125,377.5742,16.234375
2022-06-14 21:10:00,27272.55,4445.879,377.5742,16.234375
2022-06-14 21:09:59,27272.81,4445.617,377.5742,16.234375
2022-06-14 21:09:58,27272.8,4445.633,377.5742,16.226562
2022-06-14 21:09:57,27272.8,4445.641,377.5742,16.21875
2022-06-14 21:09:56,27273.08,4445.363,377.5742,16.21875
2022-06-14 21:09:55,27272.75,4445.695,377.5742,16.21875
2022-06-14 21:09:54,27272.83,4445.609,377.5742,16.21875
2022-06-14 21:09:53,27272.78,4445.648,377.5898,16.21875
2022-06-14 21:09:52,27273.05,4445.387,377.5898,16.210938
2022-06-14 21:09:51,27273.09,4445.348,377.5898,16.210938
2022-06-14 21:09:50,27273.05,4445.395,377.5898,16.203125
2022-06-14 21:09:49,27272.78,4445.668,377.5859,16.203125
2022-06-14 21:09:48,27273.32,4445.125,377.582,16.203125
2022-06-14 21:09:47,27273.27,4445.18,377.582,16.203125
2022-06-14 21:09:46,27273.39,4445.074,377.5781,16.195312
2022-06-14 21:09:45,27273.02,4445.438,377.5781,16.195312
2022-06-14 21:09:44,27273.02,4445.445,377.5781,16.195312
2022-06-14 21:09:43,27273.36,4445.102,377.582,16.1875
2022-06-14 21:09:42,27273.29,4445.18,377.582,16.1875
2022-06-14 21:09:41,27273.1,4445.363,377.582,16.1875
2022-06-14 21:09:40,27273.07,4445.395,377.582,16.1875
2022-06-14 21:09:39,27272.82,4445.641,377.582,16.1875
2022-06-14 21:09:38,27272.79,4445.684,377.5781,16.179688
2022-06-14 21:09:37,27273.03,4445.449,377.5742,16.179688
2022-06-14 21:09:36,27272.76,4445.727,377.5742,16.171875
2022-06-14 21:09:35,27273.25,4445.238,377.5703,16.171875
2022-06-14 21:09:34,27273.07,4445.422,377.5703,16.171875
2022-06-14 21:09:33,27273.54,4444.961,377.5703,16.164062
2022-06-14 21:09:32,27273.53,4444.969,377.5703,16.164062
2022-06-14 21:09:31,27273.61,4444.902,377.5664,16.15625
2022-06-14 21:09:30,27273.5,4445.012,377.5664,16.15625
2022-06-14 21:09:29,27273.61,4444.902,377.5664,16.15625
2022-06-14 21:09:28,27273.78,4444.738,377.5625,16.15625
2022-06-14 21:09:27,27273.6,4444.93,377.5547,16.148438
2022-06-14 21:09:26,27273.79,4444.746,377.5547,16.140625
2022-06-14 21:09:25,27273.54,4445,377.5547,16.140625
2022-06-14 21:09:24,27273.5,4445.039,377.5547,16.140625
2022-06-14 21:09:23,27273.51,4445.031,377.5547,16.140625
2022-06-14 21:09:22,27273.59,4444.945,377.5547,16.140625
2022-06-14 21:09:21,27273.57,4444.969,377.5547,16.140625
2022-06-14 21:09:20,27273.81,4444.734,377.5508,16.140625
2022-06-14 21:09:19,27273.54,4445.004,377.5508,16.140625
2022-06-14 21:09:18,27273.75,4444.797,377.5508,16.132812
2022-06-14 21:09:17,27273.5,4445.051,377.5508,16.132812
2022-06-14 21:09:16,27273.5,4445.051,377.5508,16.132812
2022-06-14 21:09:15,27274.05,4444.504,377.5508,16.125
2022-06-14 21:09:14,27273.83,4444.727,377.5508,16.125
2022-06-14 21:09:13,27273.8,4444.766,377.5508,16.117188
2022-06-14 21:09:12,27273.71,4444.852,377.5508,16.117188
2022-06-14 21:09:11,27273.82,4444.754,377.5469,16.117188
2022-06-14 21:09:10,27273.99,4444.559,377.5664,16.117188
2022-06-14 21:09:09,27273.82,4444.762,377.5391,16.117188
2022-06-14 21:09:08,27273.53,4445.055,377.5391,16.109375
2022-06-14 21:09:07,27273.8,4444.785,377.5391,16.109375
2022-06-14 21:09:06,27273.47,4445.117,377.5391,16.109375
2022-06-14 21:09:05,27273.59,4445.008,377.5391,16.101562
2022-06-14 21:09:04,27273.77,4444.824,377.5391,16.101562
2022-06-14 21:09:03,27273.8,4444.793,377.5391,16.101562
2022-06-14 21:09:02,27274.04,4444.562,377.5312,16.101562
2022-06-14 21:09:01,27274.08,4444.523,377.5391,16.09375
2022-06-14 21:09:00,27274,4444.602,377.5391,16.09375
2022-06-14 21:08:59,27274.09,4444.527,377.5273,16.09375
2022-06-14 21:08:58,27274.02,4444.598,377.5352,16.085938
2022-06-14 21:08:57,27274.09,4444.52,377.5352,16.085938
2022-06-14 21:08:56,27274.29,4444.332,377.5312,16.078125
2022-06-14 21:08:55,27274.16,4444.473,377.5273,16.078125
2022-06-14 21:08:54,27273.86,4444.77,377.5234,16.078125
2022-06-14 21:08:53,27274.06,4444.57,377.5234,16.078125
2022-06-14 21:08:52,27274.02,4444.625,377.5234,16.070312
2022-06-14 21:08:51,27274.37,4444.27,377.5234,16.070312
2022-06-14 21:08:50,27273.82,4444.816,377.5234,16.070312
2022-06-14 21:08:49,27274.44,4444.199,377.5234,16.070312
2022-06-14 21:08:48,27274.35,4444.301,377.5234,16.0625
2022-06-14 21:08:47,27275.32,4443.348,377.5156,16.046875
2022-06-14 21:08:46,27275.29,4443.391,377.5117,16.046875
2022-06-14 21:08:45,27275.29,4443.383,377.5117,16.046875
2022-06-14 21:08:44,27275.5,4443.176,377.5117,16.046875
2022-06-14 21:08:43,27275.6,4443.086,377.5078,16.039062
2022-06-14 21:08:42,27275.29,4443.402,377.5078,16.039062
2022-06-14 21:08:41,27275.54,4443.156,377.5,16.039062
2022-06-14 21:08:40,27275.84,4442.855,377.5078,16.03125
2022-06-14 21:08:39,27275.57,4443.125,377.5078,16.03125
2022-06-14 21:08:38,27275.53,4443.164,377.5078,16.03125
2022-06-14 21:08:37,27275.54,4443.145,377.5195,16.03125
2022-06-14 21:08:36,27275.75,4442.938,377.5195,16.03125
2022-06-14 21:08:35,27275.79,4442.898,377.5195,16.03125
2022-06-14 21:08:34,27275.5,4443.184,377.5195,16.03125
2022-06-14 21:08:33,27275.36,4443.328,377.5195,16.03125
2022-06-14 21:08:32,27275.53,4443.152,377.5195,16.03125
2022-06-14 21:08:31,27275.29,4443.406,377.5195,16.015625
2022-06-14 21:08:30,27275.29,4443.414,377.5195,16.015625
2022-06-14 21:08:29,27275.29,4443.406,377.5195,16.015625
2022-06-14 21:08:28,27274.75,4443.953,377.5195,16.015625
2022-06-14 21:08:27,27274.82,4443.875,377.5195,16.015625
2022-06-14 21:08:26,27274.89,4443.832,377.5,16.015625
2022-06-14 21:08:25,27274.86,4443.855,377.5,16.015625
2022-06-14 21:08:24,27274.65,4444.078,377.5078,16
2022-06-14 21:08:23,27274.62,4444.109,377.5078,16
2022-06-14 21:08:22,27274.61,4444.117,377.5078,16
2022-06-14 21:08:21,27274.34,4444.387,377.5078,16
2022-06-14 21:08:20,27274.82,4443.902,377.5078,16
2022-06-14 21:08:19,27274.8,4443.945,377.5039,15.984375
2022-06-14 21:08:18,27274.61,4444.137,377.5039,15.984375
2022-06-14 21:08:17,27274.31,4444.438,377.5039,15.984375
2022-06-14 21:08:16,27274.82,4443.934,377.5,15.984375
2022-06-14 21:08:15,27274.63,4444.109,377.5078,15.984375
2022-06-14 21:08:14,27274.59,4444.16,377.5039,15.976562
2022-06-14 21:08:13,27274.6,4444.152,377.5039,15.976562
2022-06-14 21:08:12,27274.79,4443.969,377.5039,15.976562
2022-06-14 21:08:11,27274.88,4443.879,377.5,15.976562
2022-06-14 21:08:10,27274.75,4444.004,377.5,15.976562
2022-06-14 21:08:09,27274.57,4444.191,377.4961,15.976562
2022-06-14 21:08:08,27274.97,4443.793,377.4961,15.976562
2022-06-14 21:08:07,27275.1,4443.668,377.4961,15.96875
2022-06-14 21:08:06,27274.78,4443.992,377.4961,15.96875
2022-06-14 21:08:05,27274.82,4443.953,377.4961,15.96875
2022-06-14 21:08:04,27274.51,4444.273,377.4844,15.96875
2022-06-14 21:08:03,27275.37,4443.41,377.4844,15.96875
2022-06-14 21:08:02,27275.06,4443.727,377.4844,15.960938
2022-06-14 21:08:01,27275.34,4443.449,377.4844,15.960938
2022-06-14 21:08:00,27275.28,4443.512,377.4844,15.960938
2022-06-14 21:07:59,27275.28,4443.52,377.4844,15.953125
2022-06-14 21:07:58,27275.31,4443.488,377.4844,15.953125
2022-06-14 21:07:57,27275.02,4443.773,377.4844,15.953125
2022-06-14 21:07:56,27275.5,4443.297,377.4844,15.953125
2022-06-14 21:07:55,27275.31,4443.488,377.4844,15.953125
2022-06-14 21:07:54,27275.25,4443.547,377.4961,15.945312
2022-06-14 21:07:53,27275.3,4443.492,377.4961,15.945312
2022-06-14 21:07:52,27275.31,4443.492,377.4961,15.9375
2022-06-14 21:07:51,27275.59,4443.215,377.4961,15.9375
2022-06-14 21:07:50,27275.59,4443.219,377.4922,15.9375
2022-06-14 21:07:49,27275.69,4443.117,377.4922,15.9375
2022-06-14 21:07:48,27275.49,4443.312,377.4922,15.9375
2022-06-14 21:07:47,27275.62,4443.199,377.4805,15.9375
2022-06-14 21:07:46,27275.76,4443.055,377.4883,15.929688
2022-06-14 21:07:45,27275.79,4443.031,377.4883,15.929688
2022-06-14 21:07:44,27275.58,4443.262,377.4648,15.929688
2022-06-14 21:07:43,27275.79,4443.062,377.4648,15.921875
2022-06-14 21:07:42,27275.79,4443.059,377.4609,15.921875
2022-06-14 21:07:41,27275.57,4443.281,377.4609,15.921875
2022-06-14 21:07:40,27276.22,4442.637,377.4609,15.914062
2022-06-14 21:07:39,27276.24,4442.621,377.4609,15.914062
2022-06-14 21:07:38,27276.29,4442.566,377.4609,15.914062
2022-06-14 21:07:37,27276.02,4442.836,377.4609,15.914062
2022-06-14 21:07:36,27276.25,4442.605,377.4609,15.914062
2022-06-14 21:07:35,27276.27,4442.59,377.4609,15.914062
2022-06-14 21:07:34,27276.01,4442.859,377.4531,15.914062
2022-06-14 21:07:33,27276.21,4442.652,377.4688,15.90625
2022-06-14 21:07:32,27276.25,4442.605,377.4688,15.90625
2022-06-14 21:07:31,27276.56,4442.305,377.4609,15.90625
2022-06-14 21:07:30,27276.44,4442.43,377.4609,15.90625
2022-06-14 21:07:29,27276.3,4442.574,377.4531,15.90625
2022-06-14 21:07:28,27276.75,4442.133,377.457,15.898438
2022-06-14 21:07:27,27276.5,4442.379,377.457,15.898438
2022-06-14 21:07:26,27276.71,4442.164,377.457,15.898438
2022-06-14 21:07:25,27276.7,4442.18,377.457,15.898438
2022-06-14 21:07:24,27277.02,4441.863,377.457,15.890625
2022-06-14 21:07:23,27277.25,4441.633,377.457,15.890625
2022-06-14 21:07:22,27276.96,4441.938,377.4453,15.890625
2022-06-14 21:07:21,27276.98,4441.922,377.4453,15.890625
2022-06-14 21:07:20,27277.27,4441.629,377.4453,15.890625
2022-06-14 21:07:19,27277.04,4441.859,377.4453,15.890625
2022-06-14 21:07:18,27277.21,4441.703,377.4414,15.882812
2022-06-14 21:07:17,27277.25,4441.656,377.4414,15.882812
2022-06-14 21:07:16,27277.24,4441.672,377.4414,15.882812
2022-06-14 21:07:15,27277.5,4441.41,377.4414,15.882812
2022-06-14 21:07:14,27277.21,4441.703,377.4414,15.882812
2022-06-14 21:07:13,27277.22,4441.703,377.4336,15.875
2022-06-14 21:07:12,27277.45,4441.473,377.4414,15.867188
2022-06-14 21:07:11,27277.92,4440.992,377.4531,15.867188
2022-06-14 21:07:10,27277.69,4441.223,377.4531,15.867188
2022-06-14 21:07:09,27277.99,4440.922,377.4531,15.867188
2022-06-14 21:07:08,27278.01,4440.91,377.4492,15.867188
2022-06-14 21:07:07,27278.23,4440.688,377.4531,15.863281
2022-06-14 21:07:06,27278.22,4440.703,377.4531,15.855469
2022-06-14 21:07:05,27278,4440.926,377.4531,15.855469
2022-06-14 21:07:04,27278.25,4440.672,377.4531,15.855469
2022-06-14 21:07:03,27278.45,4440.484,377.4492,15.855469
2022-06-14 21:07:02,27278.16,4440.77,377.4492,15.855469
2022-06-14 21:07:01,27278.29,4440.648,377.4453,15.847656
2022-06-14 21:07:00,27278.19,4440.766,377.4297,15.847656
2022-06-14 21:06:59,27278.48,4440.48,377.4297,15.847656
2022-06-14 21:06:58,27278.71,4440.242,377.4297,15.847656
2022-06-14 21:06:57,27278.46,4440.496,377.4297,15.847656
2022-06-14 21:06:56,27278.25,4440.719,377.4297,15.832031
2022-06-14 21:06:55,27278.71,4440.266,377.4297,15.832031
2022-06-14 21:06:54,27278.44,4440.535,377.4297,15.832031
2022-06-14 21:06:53,27278.64,4440.328,377.4297,15.832031
2022-06-14 21:06:52,27278.65,4440.32,377.4297,15.832031
2022-06-14 21:06:51,27278.43,4440.555,377.4258,15.824219
2022-06-14 21:06:50,27278.71,4440.266,377.4375,15.816406
2022-06-14 21:06:49,27278.74,4440.242,377.4375,15.816406
2022-06-14 21:06:48,27278.71,4440.277,377.4336,15.816406
2022-06-14 21:06:47,27278.71,4440.277,377.4336,15.816406
2022-06-14 21:06:46,27278.93,4440.066,377.4297,15.808594
2022-06-14 21:06:45,27278.92,4440.074,377.4297,15.808594
2022-06-14 21:06:44,27278.68,4440.316,377.4258,15.808594
2022-06-14 21:06:43,27278.71,4440.293,377.4258,15.808594
2022-06-14 21:06:42,27278.96,4440.039,377.4258,15.808594
2022-06-14 21:06:41,27278.68,4440.328,377.4219,15.808594
2022-06-14 21:06:40,27278.71,4440.309,377.418,15.792969
2022-06-14 21:06:39,27278.68,4440.359,377.4062,15.792969
2022-06-14 21:06:38,27279.18,4439.859,377.4062,15.792969
2022-06-14 21:06:37,27278.98,4440.051,377.4062,15.792969
2022-06-14 21:06:36,27278.93,4440.105,377.4062,15.792969
2022-06-14 21:06:35,27279.71,4439.703,377.0391,15.785156
2022-06-14 21:06:34,27279.91,4439.496,377.0391,15.785156
2022-06-14 21:06:33,27279.64,4439.766,377.0391,15.785156
2022-06-14 21:06:32,27280.1,4439.312,377.0391,15.785156
2022-06-14 21:06:31,27279.92,4439.488,377.0391,15.785156
2022-06-14 21:06:30,27280.16,4439.258,377.0391,15.777344
2022-06-14 21:06:29,27280.17,4439.238,377.0508,15.777344
2022-06-14 21:06:28,27279.91,4439.5,377.0508,15.769531
2022-06-14 21:06:27,27280.17,4439.246,377.0508,15.769531
2022-06-14 21:06:26,27279.95,4439.461,377.0508,15.769531
2022-06-14 21:06:25,27279.98,4439.43,377.0508,15.769531
2022-06-14 21:06:24,27280.13,4439.285,377.0508,15.769531
2022-06-14 21:06:23,27280.41,4439.02,377.0469,15.753906
2022-06-14 21:06:22,27280.41,4439.027,377.0469,15.753906
2022-06-14 21:06:21,27280.16,4439.273,377.0469,15.753906
2022-06-14 21:06:20,27280.13,4439.305,377.0469,15.753906
2022-06-14 21:06:19,27280.51,4438.926,377.0469,15.753906
2022-06-14 21:06:18,27280.19,4439.266,377.0234,15.753906
2022-06-14 21:06:17,27280.69,4438.777,377.0273,15.738281
2022-06-14 21:06:16,27280.37,4439.102,377.0273,15.738281
2022-06-14 21:06:15,27280.16,4439.312,377.0234,15.738281
2022-06-14 21:06:14,27280.22,4439.25,377.0234,15.738281
2022-06-14 21:06:13,27280.37,4439.105,377.0234,15.738281
2022-06-14 21:06:12,27280.62,4438.859,377.0234,15.730469
2022-06-14 21:06:11,27280.09,4439.391,377.0234,15.730469
2022-06-14 21:06:10,27280.12,4439.363,377.0195,15.730469
2022-06-14 21:06:09,27280.61,4438.871,377.0195,15.730469
2022-06-14 21:06:08,27280.48,4438.996,377.0312,15.730469
2022-06-14 21:06:07,27280.14,4439.336,377.0234,15.730469
2022-06-14 21:06:06,27280.12,4439.359,377.0234,15.730469
2022-06-14 21:06:05,27280.4,4439.09,377.0234,15.722656
2022-06-14 21:06:04,27280.59,4438.898,377.0234,15.722656
2022-06-14 21:06:03,27280.87,4438.629,377.0234,15.714844
2022-06-14 21:06:02,27280.59,4438.906,377.0234,15.714844
2022-06-14 21:06:01,27280.58,4438.914,377.0234,15.714844
2022-06-14 21:06:00,27280.75,4438.742,377.0234,15.714844
2022-06-14 21:05:59,27280.14,4439.352,377.0234,15.714844
2022-06-14 21:05:58,27280.17,4439.328,377.0234,15.714844
2022-06-14 21:05:57,27280.21,4439.281,377.0234,15.714844
2022-06-14 21:05:56,27280.16,4439.363,377.0039,15.707031
2022-06-14 21:05:55,27280.12,4439.402,377.0117,15.699219
2022-06-14 21:05:54,27280.19,4439.332,377.0117,15.699219
2022-06-14 21:05:53,27280.16,4439.363,377.0117,15.699219
2022-06-14 21:05:52,27280.16,4439.367,377.0078,15.699219
2022-06-14 21:05:51,27280.11,4439.438,377,15.691406
2022-06-14 21:05:50,27280.11,4439.438,377.0078,15.683594
2022-06-14 21:05:49,27280.41,4439.129,377.0078,15.683594
2022-06-14 21:05:48,27280.45,4439.078,377.0195,15.683594
2022-06-14 21:05:47,27280.2,4439.336,377.0156,15.683594
2022-06-14 21:05:46,27280.19,4439.344,377.0156,15.683594
2022-06-14 21:05:45,27279.89,4439.652,377.0156,15.675781
2022-06-14 21:05:44,27280.18,4439.379,377.0117,15.667969
2022-06-14 21:05:43,27279.92,4439.633,377.0117,15.667969
2022-06-14 21:05:42,27279.66,4439.895,377.0117,15.667969
2022-06-14 21:05:41,27279.71,4439.84,377.0117,15.667969
2022-06-14 21:05:40,27279.68,4439.871,377.0117,15.667969
2022-06-14 21:05:39,27280.18,4439.391,377.0078,15.660156
2022-06-14 21:05:38,27279.67,4439.906,377,15.660156
2022-06-14 21:05:37,27279.63,4439.945,377,15.660156
2022-06-14 21:05:36,27280.41,4439.18,376.9805,15.660156
2022-06-14 21:05:35,27280.65,4438.941,376.9883,15.652344
2022-06-14 21:05:34,27280.4,4439.195,376.9883,15.652344
2022-06-14 21:05:33,27280.38,4439.219,376.9883,15.652344
2022-06-14 21:05:32,27280.46,4439.133,376.9883,15.652344
2022-06-14 21:05:31,27280.41,4439.195,376.9883,15.644531
2022-06-14 21:05:30,27280.46,4439.141,376.9883,15.644531
2022-06-14 21:05:29,27280.43,4439.172,376.9883,15.644531
2022-06-14 21:05:28,27280.39,4439.211,376.9883,15.644531
2022-06-14 21:05:27,27280.35,4439.25,376.9883,15.644531
2022-06-14 21:05:26,27280.14,4439.453,376.9922,15.644531
2022-06-14 21:05:25,27280.2,4439.402,376.9961,15.636719
2022-06-14 21:05:24,27280.21,4439.406,376.9922,15.628906
2022-06-14 21:05:23,27280.74,4438.875,376.9922,15.628906
2022-06-14 21:05:22,27280.42,4439.191,376.9922,15.628906
2022-06-14 21:05:21,27280.21,4439.402,376.9883,15.628906
2022-06-14 21:05:20,27280.48,4439.141,376.9883,15.621094
2022-06-14 21:05:19,27280.77,4438.855,376.9883,15.621094
2022-06-14 21:05:18,27280.67,4438.957,376.9883,15.621094
2022-06-14 21:05:17,27280.4,4439.227,376.9883,15.621094
2022-06-14 21:05:16,27280.39,4439.242,376.9805,15.621094
2022-06-14 21:05:15,27280.46,4439.172,376.9883,15.613281
2022-06-14 21:05:14,27280.64,4439.008,376.9766,15.613281
2022-06-14 21:05:13,27280.67,4438.977,376.9766,15.613281
2022-06-14 21:05:12,27280.48,4439.16,376.9766,15.613281
2022-06-14 21:05:11,27280.75,4438.906,376.9688,15.613281
2022-06-14 21:05:10,27280.45,4439.199,376.9766,15.605469
2022-06-14 21:05:09,27280.71,4438.953,376.9766,15.597656
2022-06-14 21:05:08,27280.95,4438.707,376.9766,15.597656
2022-06-14 21:05:07,27280.85,4438.809,376.9766,15.597656
2022-06-14 21:05:06,27280.85,4438.809,376.9766,15.597656
2022-06-14 21:05:05,27280.93,4438.73,376.9766,15.597656
2022-06-14 21:05:04,27280.61,4439.043,376.9883,15.597656
2022-06-14 21:05:03,27280.93,4438.719,376.9883,15.597656
2022-06-14 21:05:02,27280.64,4439.012,376.9883,15.597656
2022-06-14 21:05:01,27280.71,4438.941,376.9883,15.589844
2022-06-14 21:05:00,27280.61,4439.051,376.9883,15.589844
2022-06-14 21:04:59,27280.88,4438.781,376.9883,15.589844
2022-06-14 21:04:58,27280.64,4439.027,376.9883,15.582031
2022-06-14 21:04:57,27280.39,4439.273,376.9883,15.582031
2022-06-14 21:04:56,27280.45,4439.223,376.9766,15.582031
2022-06-14 21:04:55,27280.97,4438.707,376.9844,15.574219
2022-06-14 21:04:54,27280.64,4439.051,376.9727,15.574219
2022-06-14 21:04:53,27280.96,4438.734,376.9648,15.574219
2022-06-14 21:04:52,27280.95,4438.75,376.9648,15.574219
2022-06-14 21:04:51,27280.91,4438.781,376.9648,15.574219
2022-06-14 21:04:50,27280.91,4438.797,376.957,15.566406
2022-06-14 21:04:49,27281.14,4438.566,376.957,15.566406
2022-06-14 21:04:48,27280.91,4438.797,376.957,15.566406
2022-06-14 21:04:47,27281.2,4438.52,376.9492,15.566406
2022-06-14 21:04:46,27280.91,4438.805,376.957,15.558594
2022-06-14 21:04:45,27281.18,4438.547,376.9531,15.558594
2022-06-14 21:04:44,27281.18,4438.547,376.9531,15.558594
2022-06-14 21:04:43,27280.87,4438.852,376.9648,15.550781
2022-06-14 21:04:42,27280.88,4438.836,376.9648,15.550781
2022-06-14 21:04:41,27280.9,4438.828,376.9648,15.542969
2022-06-14 21:04:40,27280.95,4438.785,376.9609,15.542969
2022-06-14 21:04:39,27281.17,4438.562,376.9609,15.542969
2022-06-14 21:04:38,27281.18,4438.562,376.9531,15.542969
2022-06-14 21:04:37,27281.23,4438.508,376.9531,15.542969
2022-06-14 21:04:36,27280.88,4438.887,376.9453,15.527344
2022-06-14 21:04:35,27280.92,4438.84,376.9453,15.527344
2022-06-14 21:04:34,27280.89,4438.871,376.9453,15.527344
2022-06-14 21:04:33,27280.95,4438.816,376.9375,15.527344
2022-06-14 21:04:32,27280.91,4438.871,376.9219,15.527344
2022-06-14 21:04:31,27281.17,4438.617,376.9219,15.527344
2022-06-14 21:04:30,27281.65,4438.141,376.9219,15.519531
2022-06-14 21:04:29,27281.21,4438.578,376.9219,15.519531
2022-06-14 21:04:28,27281.18,4438.617,376.9219,15.519531
2022-06-14 21:04:27,27281.45,4438.34,376.9219,15.519531
2022-06-14 21:04:26,27281.14,4438.648,376.9219,15.519531
2022-06-14 21:04:25,27281.45,4438.34,376.9219,15.519531
2022-06-14 21:04:24,27281.37,4438.434,376.9219,15.511719
2022-06-14 21:04:23,27281.45,4438.344,376.9336,15.511719
2022-06-14 21:04:22,27281.64,4438.145,376.9336,15.511719
2022-06-14 21:04:21,27281.45,4438.344,376.9336,15.511719
2022-06-14 21:04:20,27281.65,4438.137,376.9336,15.511719
2022-06-14 21:04:19,27281.75,4438.035,376.9336,15.511719
2022-06-14 21:04:18,27281.41,4438.375,376.9336,15.511719
2022-06-14 21:04:17,27281.41,4438.391,376.9336,15.503906
2022-06-14 21:04:16,27281.66,4438.145,376.9336,15.496094
2022-06-14 21:04:15,27281.93,4437.875,376.9336,15.496094
2022-06-14 21:04:14,27281.88,4437.93,376.9336,15.496094
2022-06-14 21:04:13,27281.9,4437.906,376.9336,15.496094
2022-06-14 21:04:12,27281.98,4437.828,376.9336,15.496094
2022-06-14 21:04:11,27281.71,4438.102,376.9219,15.496094
2022-06-14 21:04:10,27281.59,4438.246,376.918,15.480469
2022-06-14 21:04:09,27282.14,4437.699,376.918,15.480469
2022-06-14 21:04:08,27282.4,4437.445,376.918,15.472656
2022-06-14 21:04:07,27282.44,4437.406,376.918,15.472656
2022-06-14 21:04:06,27282.41,4437.434,376.9141,15.472656
2022-06-14 21:04:05,27282.18,4437.664,376.9141,15.472656
2022-06-14 21:04:04,27282.63,4437.219,376.9141,15.472656
2022-06-14 21:04:03,27282.58,4437.266,376.9141,15.472656
2022-06-14 21:04:02,27282.7,4437.145,376.9258,15.464844
2022-06-14 21:04:01,27282.43,4437.418,376.9219,15.464844
2022-06-14 21:04:00,27282.38,4437.465,376.9219,15.464844
2022-06-14 21:03:59,27282.75,4437.109,376.9219,15.457031
2022-06-14 21:03:58,27282.64,4437.215,376.918,15.457031
2022-06-14 21:03:57,27282.76,4437.098,376.918,15.457031
2022-06-14 21:03:56,27282.61,4437.254,376.918,15.457031
2022-06-14 21:03:55,27282.88,4436.977,376.918,15.457031
2022-06-14 21:03:54,27282.88,4436.992,376.918,15.449219
2022-06-14 21:03:53,27282.91,4436.953,376.918,15.449219
2022-06-14 21:03:52,27282.93,4436.938,376.918,15.449219
2022-06-14 21:03:51,27282.95,4436.926,376.9062,15.449219
2022-06-14 21:03:50,27283.17,4436.711,376.9062,15.449219
2022-06-14 21:03:49,27283.44,4436.445,376.9023,15.449219
2022-06-14 21:03:48,27283.43,4436.461,376.9023,15.441406
2022-06-14 21:03:47,27282.88,4437.016,376.9023,15.433594
2022-06-14 21:03:46,27283.38,4436.516,376.9023,15.433594
2022-06-14 21:03:45,27283.69,4436.207,376.9023,15.433594
2022-06-14 21:03:44,27283.39,4436.508,376.9023,15.433594
2022-06-14 21:03:43,27283.11,4436.785,376.9023,15.433594
2022-06-14 21:03:42,27283.65,4436.246,376.9023,15.433594
2022-06-14 21:03:41,27283.43,4436.473,376.9141,15.417969
2022-06-14 21:03:40,27283.23,4436.672,376.9141,15.417969
2022-06-14 21:03:39,27283.39,4436.512,376.9141,15.417969
2022-06-14 21:03:38,27283.18,4436.719,376.9141,15.417969
2022-06-14 21:03:37,27282.92,4436.98,376.9141,15.417969
2022-06-14 21:03:36,27283.45,4436.449,376.9141,15.417969
2022-06-14 21:03:35,27283.88,4436.031,376.9102,15.410156
2022-06-14 21:03:34,27283.91,4436,376.9102,15.410156
2022-06-14 21:03:33,27283.62,4436.297,376.9062,15.410156
2022-06-14 21:03:32,27283.98,4435.941,376.9062,15.410156
2022-06-14 21:03:31,27283.86,4436.062,376.9023,15.410156
2022-06-14 21:03:30,27283.72,4436.207,376.9023,15.402344
2022-06-14 21:03:29,27284.18,4435.773,376.8906,15.394531
2022-06-14 21:03:28,27283.94,4436.016,376.8867,15.394531
2022-06-14 21:03:27,27283.86,4436.098,376.8828,15.394531
2022-06-14 21:03:26,27284.17,4435.793,376.8789,15.394531
2022-06-14 21:03:25,27283.88,4436.086,376.8789,15.386719
2022-06-14 21:03:24,27284.47,4435.508,376.8789,15.378906
2022-06-14 21:03:23,27284.43,4435.551,376.875,15.378906
2022-06-14 21:03:22,27284.21,4435.766,376.875,15.378906
2022-06-14 21:03:21,27284.18,4435.801,376.8711,15.378906
2022-06-14 21:03:20,27284.18,4435.801,376.8711,15.378906
2022-06-14 21:03:19,27284.35,4435.629,376.8828,15.371094
2022-06-14 21:03:18,27284.41,4435.586,376.8789,15.363281
2022-06-14 21:03:17,27284.25,4435.742,376.875,15.363281
2022-06-14 21:03:16,27284.47,4435.527,376.875,15.363281
2022-06-14 21:03:15,27284.57,4435.438,376.8672,15.363281
2022-06-14 21:03:14,27284.75,4435.262,376.8555,15.363281
2022-06-14 21:03:13,27284.41,4435.609,376.8633,15.347656
2022-06-14 21:03:12,27284.12,4435.902,376.8633,15.347656
2022-06-14 21:03:11,27284.38,4435.648,376.8633,15.347656
2022-06-14 21:03:10,27284.47,4435.555,376.8633,15.347656
2022-06-14 21:03:09,27284.38,4435.648,376.8633,15.347656
2022-06-14 21:03:08,27284.39,4435.633,376.8633,15.347656
2022-06-14 21:03:07,27284.66,4435.375,376.8516,15.347656
2022-06-14 21:03:06,27284.61,4435.422,376.8516,15.347656
2022-06-14 21:03:05,27284.34,4435.691,376.8516,15.347656
2022-06-14 21:03:04,27284.43,4435.605,376.8516,15.347656
2022-06-14 21:03:03,27284.89,4435.145,376.8516,15.347656
2022-06-14 21:03:02,27284.68,4435.375,376.8438,15.339844
2022-06-14 21:03:01,27284.68,4435.375,376.8516,15.332031
2022-06-14 21:03:00,27284.63,4435.422,376.8516,15.332031
2022-06-14 21:02:59,27284.64,4435.395,376.8633,15.332031
2022-06-14 21:02:58,27284.64,4435.395,376.8633,15.332031
2022-06-14 21:02:57,27284.68,4435.363,376.8633,15.332031
2022-06-14 21:02:56,27284.64,4435.395,376.8633,15.332031
2022-06-14 21:02:55,27284.4,4435.641,376.8633,15.332031
2022-06-14 21:02:54,27284.6,4435.457,376.8555,15.324219
2022-06-14 21:02:53,27284.88,4435.18,376.8633,15.316406
2022-06-14 21:02:52,27284.88,4435.18,376.8633,15.316406
2022-06-14 21:02:51,27284.94,4435.117,376.8633,15.316406
2022-06-14 21:02:50,27284.65,4435.402,376.8633,15.316406
2022-06-14 21:02:49,27284.93,4435.125,376.8633,15.316406
2022-06-14 21:02:48,27284.58,4435.48,376.8633,15.308594
2022-06-14 21:02:47,27284.64,4435.418,376.8633,15.308594
2022-06-14 21:02:46,27285.14,4434.938,376.8516,15.300781
2022-06-14 21:02:45,27284.93,4435.152,376.8516,15.300781
2022-06-14 21:02:44,27284.86,4435.223,376.8516,15.300781
2022-06-14 21:02:43,27284.71,4435.367,376.8516,15.300781
2022-06-14 21:02:42,27284.64,4435.445,376.8516,15.300781
2022-06-14 21:02:41,27284.96,4435.129,376.8516,15.292969
2022-06-14 21:02:40,27284.61,4435.484,376.8516,15.292969
2022-06-14 21:02:39,27284.93,4435.168,376.8516,15.285156
2022-06-14 21:02:38,27284.78,4435.316,376.8516,15.285156
2022-06-14 21:02:37,27285.17,4434.922,376.8594,15.285156
2022-06-14 21:02:36,27284.98,4435.105,376.8594,15.285156
2022-06-14 21:02:35,27284.71,4435.387,376.8477,15.285156
2022-06-14 21:02:34,27284.65,4435.449,376.8477,15.285156
2022-06-14 21:02:33,27285.14,4434.965,376.8555,15.269531
2022-06-14 21:02:32,27284.87,4435.246,376.8516,15.269531
2022-06-14 21:02:31,27284.71,4435.41,376.8477,15.269531
2022-06-14 21:02:30,27284.91,4435.207,376.8438,15.269531
2022-06-14 21:02:29,27284.9,4435.223,376.8438,15.269531
2022-06-14 21:02:28,27284.84,4435.297,376.8398,15.261719
2022-06-14 21:02:27,27284.68,4435.457,376.8398,15.261719
2022-06-14 21:02:26,27285.14,4435.008,376.8281,15.253906
2022-06-14 21:02:25,27285.36,4434.793,376.8281,15.253906
2022-06-14 21:02:24,27285.34,4434.816,376.8281,15.253906
2022-06-14 21:02:23,27285.39,4434.766,376.8242,15.253906
2022-06-14 21:02:22,27285.43,4434.734,376.8164,15.253906
2022-06-14 21:02:21,27285.18,4434.988,376.8242,15.246094
2022-06-14 21:02:20,27285.63,4434.535,376.8242,15.246094
2022-06-14 21:02:19,27285.71,4434.457,376.8242,15.246094
2022-06-14 21:02:18,27285.64,4434.523,376.8359,15.238281
2022-06-14 21:02:17,27285.64,4434.523,376.8359,15.238281
2022-06-14 21:02:16,27285.38,4434.777,376.8359,15.238281
2022-06-14 21:02:15,27285.56,4434.602,376.8359,15.238281
2022-06-14 21:02:14,27285.31,4434.848,376.8359,15.238281
2022-06-14 21:02:13,27285.52,4434.641,376.8359,15.238281
2022-06-14 21:02:12,27285.61,4434.547,376.8359,15.238281
2022-06-14 21:02:11,27285.54,4434.625,376.8359,15.230469
2022-06-14 21:02:10,27285.55,4434.617,376.8359,15.230469
2022-06-14 21:02:09,27285.27,4434.906,376.8242,15.230469
2022-06-14 21:02:08,27285.53,4434.652,376.832,15.222656
2022-06-14 21:02:07,27285.6,4434.582,376.832,15.222656
2022-06-14 21:02:06,27285.53,4434.68,376.8125,15.214844
2022-06-14 21:02:05,27285.57,4434.641,376.8125,15.214844
2022-06-14 21:02:04,27285.71,4434.5,376.8086,15.214844
2022-06-14 21:02:03,27285.81,4434.402,376.8047,15.214844
2022-06-14 21:02:02,27285.77,4434.445,376.8008,15.214844
2022-06-14 21:02:01,27285.54,4434.695,376.8008,15.203125
2022-06-14 21:02:00,27285.84,4434.398,376.7969,15.203125
2022-06-14 21:01:59,27285.6,4434.637,376.7969,15.203125
2022-06-14 21:01:58,27285.53,4434.707,376.7969,15.203125
2022-06-14 21:01:57,27285.57,4434.668,376.7969,15.203125
2022-06-14 21:01:56,27285.59,4434.66,376.793,15.191406
2022-06-14 21:01:55,27285.81,4434.43,376.8047,15.1875
2022-06-14 21:01:54,27285.59,4434.652,376.8047,15.1875
2022-06-14 21:01:53,27285.6,4434.645,376.8047,15.1875
2022-06-14 21:01:52,27285.56,4434.684,376.8047,15.1875
2022-06-14 21:01:51,27286.02,4434.23,376.7969,15.1875
2022-06-14 21:01:50,27286.05,4434.211,376.793,15.179688
2022-06-14 21:01:49,27286.3,4433.965,376.793,15.179688
2022-06-14 21:01:48,27286.02,4434.246,376.7891,15.179688
2022-06-14 21:01:47,27286.27,4434,376.7891,15.179688
2022-06-14 21:01:46,27286.27,4434,376.7891,15.179688
2022-06-14 21:01:45,27286.08,4434.191,376.7891,15.171875
2022-06-14 21:01:44,27286.3,4433.996,376.7695,15.171875
2022-06-14 21:01:43,27286.51,4433.781,376.7773,15.164062
2022-06-14 21:01:42,27286.39,4433.902,376.7773,15.164062
2022-06-14 21:01:41,27286.3,4433.996,376.7773,15.164062
2022-06-14 21:01:40,27286.05,4434.266,376.7695,15.148438
2022-06-14 21:01:39,27286.27,4434.059,376.7695,15.140625
2022-06-14 21:01:38,27286.48,4433.844,376.7773,15.132812
2022-06-14 21:01:37,27286.54,4433.781,376.7773,15.132812
2022-06-14 21:01:36,27286.3,4434.027,376.7773,15.132812
2022-06-14 21:01:35,27286.3,4434.027,376.7773,15.132812
2022-06-14 21:01:34,27286.57,4433.746,376.7812,15.132812
2022-06-14 21:01:33,27286.05,4434.27,376.7891,15.125
2022-06-14 21:01:32,27286.04,4434.289,376.7773,15.125
2022-06-14 21:01:31,27285.8,4434.535,376.7852,15.117188
2022-06-14 21:01:30,27286.02,4434.316,376.7812,15.117188
2022-06-14 21:01:29,27286.04,4434.293,376.7812,15.117188
2022-06-14 21:01:28,27286.08,4434.254,376.7812,15.117188
2022-06-14 21:01:27,27286.34,4434,376.7812,15.117188
2022-06-14 21:01:26,27286.08,4434.254,376.7812,15.117188
2022-06-14 21:01:25,27286.08,4434.254,376.7812,15.117188
2022-06-14 21:01:24,27286.05,4434.285,376.7812,15.117188
2022-06-14 21:01:23,27286.06,4434.289,376.7695,15.117188
2022-06-14 21:01:22,27286.3,4434.051,376.7695,15.117188
2022-06-14 21:01:21,27286.34,4434.012,376.7695,15.117188
2022-06-14 21:01:20,27286.54,4433.812,376.7695,15.109375
2022-06-14 21:01:19,27286.04,4434.328,376.7695,15.101562
2022-06-14 21:01:18,27286.54,4433.828,376.7695,15.101562
2022-06-14 21:01:17,27286.54,4433.82,376.7695,15.101562
2022-06-14 21:01:16,27286.33,4434.035,376.7695,15.101562
2022-06-14 21:01:15,27286.54,4433.828,376.7617,15.101562
2022-06-14 21:01:14,27286.57,4433.797,376.7695,15.09375
2022-06-14 21:01:13,27286.51,4433.848,376.7812,15.09375
2022-06-14 21:01:12,27286.54,4433.816,376.7812,15.09375
2022-06-14 21:01:11,27286.54,4433.816,376.7812,15.09375
2022-06-14 21:01:10,27286.79,4433.57,376.7812,15.09375
2022-06-14 21:01:09,27286.82,4433.547,376.7734,15.09375
2022-06-14 21:01:08,27286.82,4433.547,376.7734,15.09375
2022-06-14 21:01:07,27287.07,4433.312,376.7695,15.085938
2022-06-14 21:01:06,27287.04,4433.344,376.7695,15.085938
2022-06-14 21:01:05,27286.5,4433.875,376.7695,15.085938
2022-06-14 21:01:04,27286.75,4433.637,376.7617,15.085938
2022-06-14 21:01:03,27287,4433.383,376.7695,15.078125
2022-06-14 21:01:02,27286.82,4433.59,376.7461,15.078125
2022-06-14 21:01:01,27287.07,4433.336,376.7539,15.070312
2022-06-14 21:01:00,27286.78,4433.629,376.7539,15.070312
2022-06-14 21:00:59,27287.28,4433.129,376.7539,15.070312
2022-06-14 21:00:58,27287.25,4433.16,376.7539,15.070312
2022-06-14 21:00:57,27287.03,4433.387,376.75,15.070312
2022-06-14 21:00:56,27287.53,4432.887,376.75,15.070312
2022-06-14 21:00:55,27287.28,4433.133,376.75,15.070312
2022-06-14 21:00:54,27287.3,4433.113,376.7617,15.054688
2022-06-14 21:00:53,27287.55,4432.867,376.7617,15.054688
2022-06-14 21:00:52,27287.81,4432.605,376.7617,15.054688
2022-06-14 21:00:51,27287.24,4433.176,376.7617,15.054688
2022-06-14 21:00:50,27287.46,4432.969,376.7461,15.054688
2022-06-14 21:00:49,27287.31,4433.121,376.7539,15.046875
2022-06-14 21:00:48,27287.53,4432.906,376.7539,15.046875
2022-06-14 21:00:47,27287.5,4432.938,376.7539,15.046875
2022-06-14 21:00:46,27287.56,4432.875,376.7539,15.046875
2022-06-14 21:00:45,27288.05,4432.383,376.7539,15.046875
2022-06-14 21:00:44,27287.77,4432.668,376.7461,15.046875
2022-06-14 21:00:43,27288.03,4432.414,376.7539,15.039062
2022-06-14 21:00:42,27288.02,4432.422,376.7539,15.039062
2022-06-14 21:00:41,27288.08,4432.379,376.7344,15.039062
2022-06-14 21:00:40,27288.34,4432.125,376.7422,15.03125
2022-06-14 21:00:39,27288.02,4432.441,376.7422,15.03125
2022-06-14 21:00:38,27287.76,4432.715,376.7305,15.03125
2022-06-14 21:00:37,27288.33,4432.145,376.7305,15.03125
2022-06-14 21:00:36,27288.17,4432.316,376.7227,15.023438
2022-06-14 21:00:35,27288.02,4432.469,376.7227,15.023438
2022-06-14 21:00:34,27288.02,4432.477,376.7227,15.015625
2022-06-14 21:00:33,27287.52,4432.977,376.7227,15.015625
2022-06-14 21:00:32,27287.77,4432.723,376.7227,15.015625
2022-06-14 21:00:31,27287.99,4432.508,376.7227,15.015625
2022-06-14 21:00:30,27287.99,4432.504,376.7266,15.015625
2022-06-14 21:00:29,27287.96,4432.535,376.7344,15.007812
2022-06-14 21:00:28,27287.74,4432.758,376.7344,15
2022-06-14 21:00:27,27288.02,4432.484,376.7305,15
2022-06-14 21:00:26,27287.84,4432.68,376.7188,15
2022-06-14 21:00:25,27287.8,4432.711,376.7188,15
2022-06-14 21:00:24,27287.73,4432.785,376.7148,15
2022-06-14 21:00:23,27288.02,4432.5,376.7148,15
2022-06-14 21:00:22,27288.02,4432.5,376.7148,15
2022-06-14 21:00:21,27287.74,4432.777,376.7148,15
2022-06-14 21:00:20,27287.8,4432.734,376.7031,15
2022-06-14 21:00:19,27288.05,4432.48,376.7031,15
2022-06-14 21:00:18,27287.8,4432.734,376.7031,14.992188
2022-06-14 21:00:17,27287.74,4432.801,376.6992,14.992188
2022-06-14 21:00:16,27288.02,4432.531,376.6914,14.992188
2022-06-14 21:00:15,27287.74,4432.809,376.6992,14.984375
2022-06-14 21:00:14,27288.02,4432.531,376.6992,14.984375
2022-06-14 21:00:13,27287.8,4432.762,376.6992,14.976562
2022-06-14 21:00:12,27288.3,4432.262,376.6992,14.976562
2022-06-14 21:00:11,27288.27,4432.285,376.6992,14.976562
2022-06-14 21:00:10,27287.99,4432.57,376.6992,14.976562
2022-06-14 21:00:09,27288.33,4432.219,376.7109,14.976562
2022-06-14 21:00:08,27288.3,4432.25,376.7109,14.976562
2022-06-14 21:00:07,27288.55,4431.996,376.7109,14.976562
2022-06-14 21:00:06,27288.27,4432.281,376.7109,14.976562
2022-06-14 21:00:05,27288.76,4431.797,376.7109,14.96875
2022-06-14 21:00:04,27288.73,4431.828,376.7109,14.96875
2022-06-14 21:00:03,27288.48,4432.074,376.7109,14.96875
2022-06-14 21:00:02,27288.76,4431.797,376.7109,14.96875
2022-06-14 21:00:01,27288.73,4431.828,376.7109,14.96875
2022-06-14 21:00:00,27289.25,4431.312,376.7109,14.960938
2022-06-14 20:59:59,27289.07,4431.5,376.6992,14.960938
2022-06-14 20:59:58,27288.79,4431.785,376.6992,14.960938
2022-06-14 20:59:57,27289.25,4431.324,376.6992,14.960938
2022-06-14 20:59:56,27289.25,4431.332,376.6914,14.960938
2022-06-14 20:59:55,27289,4431.578,376.6992,14.953125
2022-06-14 20:59:54,27289.25,4431.34,376.6992,14.945312
2022-06-14 20:59:53,27289.22,4431.371,376.6992,14.945312
2022-06-14 20:59:52,27288.97,4431.617,376.6992,14.945312
2022-06-14 20:59:51,27289.47,4431.117,376.6992,14.945312
2022-06-14 20:59:50,27289.46,4431.125,376.6992,14.945312
2022-06-14 20:59:49,27289.8,4430.793,376.6992,14.9375
2022-06-14 20:59:48,27289.74,4430.844,376.7109,14.9375
2022-06-14 20:59:47,27289.2,4431.383,376.7109,14.9375
2022-06-14 20:59:46,27289.71,4430.875,376.7109,14.9375
2022-06-14 20:59:45,27289.52,4431.07,376.707,14.9375
2022-06-14 20:59:44,27289.99,4430.617,376.6992,14.929688
2022-06-14 20:59:43,27289.99,4430.629,376.7031,14.914062
2022-06-14 20:59:42,27289.99,4430.633,376.6992,14.914062
2022-06-14 20:59:41,27290.48,4430.145,376.6953,14.914062
2022-06-14 20:59:40,27290.48,4430.145,376.6953,14.914062
2022-06-14 20:59:39,27290.42,4430.207,376.6953,14.914062
2022-06-14 20:59:38,27290.27,4430.371,376.6914,14.90625
2022-06-14 20:59:37,27290.27,4430.391,376.6719,14.90625
2022-06-14 20:59:36,27290.48,4430.176,376.6797,14.898438
2022-06-14 20:59:35,27290.73,4429.922,376.6797,14.898438
2022-06-14 20:59:34,27290.48,4430.176,376.6797,14.898438
2022-06-14 20:59:33,27290.46,4430.211,376.6758,14.890625
2022-06-14 20:59:32,27290.23,4430.434,376.6758,14.890625
2022-06-14 20:59:31,27290.49,4430.18,376.6758,14.890625
2022-06-14 20:59:30,27290.23,4430.434,376.6758,14.890625
2022-06-14 20:59:29,27290,4430.688,376.6602,14.890625
2022-06-14 20:59:28,27289.99,4430.695,376.6758,14.875
2022-06-14 20:59:27,27290,4430.68,376.6836,14.875
2022-06-14 20:59:26,27289.74,4430.934,376.6836,14.875
2022-06-14 20:59:25,27289.45,4431.23,376.6797,14.875
2022-06-14 20:59:24,27289.73,4430.945,376.6797,14.875
2022-06-14 20:59:23,27290,4430.688,376.6758,14.875
2022-06-14 20:59:22,27289.96,4430.727,376.6758,14.875
2022-06-14 20:59:21,27289.96,4430.727,376.6758,14.875
2022-06-14 20:59:20,27289.96,4430.727,376.6758,14.875
2022-06-14 20:59:19,27289.98,4430.703,376.6758,14.875
2022-06-14 20:59:18,27290.02,4430.672,376.6758,14.867188
2022-06-14 20:59:17,27289.96,4430.754,376.6562,14.867188
2022-06-14 20:59:16,27289.99,4430.723,376.6641,14.859375
2022-06-14 20:59:15,27290.3,4430.414,376.6641,14.859375
2022-06-14 20:59:14,27290.23,4430.48,376.6602,14.859375
2022-06-14 20:59:13,27290.7,4430.035,376.6602,14.84375
2022-06-14 20:59:12,27290.42,4430.316,376.6562,14.84375
2022-06-14 20:59:11,27290.51,4430.227,376.6523,14.84375
2022-06-14 20:59:10,27290.51,4430.227,376.6523,14.84375
2022-06-14 20:59:09,27290.48,4430.258,376.6523,14.84375
2022-06-14 20:59:08,27290.45,4430.301,376.6484,14.835938
2022-06-14 20:59:07,27290.44,4430.316,376.6484,14.828125
2022-06-14 20:59:06,27290.45,4430.309,376.6484,14.828125
2022-06-14 20:59:05,27290.75,4429.996,376.6602,14.828125
2022-06-14 20:59:04,27290.73,4430.012,376.6602,14.828125
2022-06-14 20:59:03,27290.48,4430.266,376.6602,14.828125
2022-06-14 20:59:02,27290.73,4430.012,376.6602,14.828125
2022-06-14 20:59:01,27290.95,4429.812,376.6523,14.820312
2022-06-14 20:59:00,27290.98,4429.781,376.6523,14.820312
2022-06-14 20:58:59,27290.73,4430.043,376.6523,14.8125
2022-06-14 20:58:58,27290.49,4430.285,376.6484,14.8125
2022-06-14 20:58:57,27290.99,4429.789,376.6445,14.8125
2022-06-14 20:58:56,27290.77,4430.004,376.6445,14.8125
2022-06-14 20:58:55,27290.77,4430.004,376.6445,14.8125
2022-06-14 20:58:54,27290.7,4430.113,376.6055,14.8125
2022-06-14 20:58:53,27291.01,4429.805,376.6055,14.8125
2022-06-14 20:58:52,27291.01,4429.805,376.6055,14.8125
2022-06-14 20:58:51,27290.77,4430.043,376.6055,14.8125
2022-06-14 20:58:50,27290.73,4430.098,376.6055,14.804688
2022-06-14 20:58:49,27290.77,4430.059,376.6055,14.804688
2022-06-14 20:58:48,27291,4429.828,376.6055,14.804688
2022-06-14 20:58:47,27290.99,4429.836,376.6055,14.804688
2022-06-14 20:58:46,27290.7,4430.137,376.6055,14.796875
2022-06-14 20:58:45,27290.56,4430.281,376.6055,14.789062
2022-06-14 20:58:44,27290.49,4430.312,376.6445,14.789062
2022-06-14 20:58:43,27290.27,4430.527,376.6445,14.789062
2022-06-14 20:58:42,27290.7,4430.098,376.6445,14.789062
2022-06-14 20:58:41,27290.5,4430.305,376.6445,14.789062
2022-06-14 20:58:40,27290.23,4430.574,376.6445,14.78125
2022-06-14 20:58:39,27290.77,4430.043,376.6445,14.78125
2022-06-14 20:58:38,27290.7,4430.105,376.6445,14.78125
2022-06-14 20:58:37,27290.71,4430.098,376.6445,14.78125
2022-06-14 20:58:36,27290.5,4430.312,376.6445,14.773438
2022-06-14 20:58:35,27290.53,4430.289,376.6445,14.773438
2022-06-14 20:58:34,27290.73,4430.082,376.6445,14.773438
2022-06-14 20:58:33,27290.67,4430.152,376.6406,14.769531
2022-06-14 20:58:32,27290.73,4430.129,376.6055,14.765625
2022-06-14 20:58:31,27290.74,4430.121,376.6055,14.765625
2022-06-14 20:58:30,27290.24,4430.629,376.6055,14.757812
2022-06-14 20:58:29,27290.53,4430.344,376.6055,14.757812
2022-06-14 20:58:28,27290.49,4430.383,376.6055,14.757812
2022-06-14 20:58:27,27290.8,4430.07,376.6016,14.757812
2022-06-14 20:58:26,27290.43,4430.457,376.6016,14.75
2022-06-14 20:58:25,27290.34,4430.547,376.6016,14.742188
2022-06-14 20:58:24,27290.73,4430.16,376.5977,14.742188
2022-06-14 20:58:23,27290.8,4430.09,376.5977,14.742188
2022-06-14 20:58:22,27290.77,4430.094,376.6328,14.742188
2022-06-14 20:58:21,27290.56,4430.316,376.625,14.734375
2022-06-14 20:58:20,27290.54,4430.34,376.6172,14.734375
2022-06-14 20:58:19,27290.27,4430.609,376.625,14.726562
2022-06-14 20:58:18,27290.21,4430.684,376.6133,14.726562
2022-06-14 20:58:17,27290.25,4430.645,376.6133,14.726562
2022-06-14 20:58:16,27289.73,4431.164,376.6094,14.726562
2022-06-14 20:58:15,27289.81,4431.094,376.6094,14.71875
2022-06-14 20:58:14,27289.69,4431.219,376.6094,14.71875
2022-06-14 20:58:13,27289.55,4431.355,376.6094,14.71875
2022-06-14 20:58:12,27289.5,4431.449,376.5703,14.71875
2022-06-14 20:58:11,27289.8,4431.148,376.5703,14.71875
2022-06-14 20:58:10,27289.47,4431.473,376.5703,14.71875
2022-06-14 20:58:09,27289.58,4431.363,376.5703,14.71875
2022-06-14 20:58:08,27289.26,4431.688,376.5703,14.71875
2022-06-14 20:58:07,27289.47,4431.484,376.5664,14.710938
2022-06-14 20:58:06,27286.43,4434.422,376.6719,14.710938
2022-06-14 20:58:05,27286.71,4434.137,376.6719,14.710938
2022-06-14 20:58:04,27286.71,4434.145,376.6719,14.710938
2022-06-14 20:58:03,27286.76,4434.086,376.6836,14.703125
2022-06-14 20:58:02,27340.65,4429.738,328.1719,13.675781
2022-06-14 20:58:01,27340.93,4429.453,328.1719,13.675781
2022-06-14 20:58:00,27340.65,4429.738,328.1719,13.675781
2022-06-14 20:57:59,27340.93,4429.453,328.1719,13.675781
2022-06-14 20:57:58,27340.89,4429.492,328.1719,13.675781
2022-06-14 20:57:57,27340.66,4429.73,328.1719,13.675781
2022-06-14 20:57:56,27340.55,4429.832,328.1719,13.675781
2022-06-14 20:57:55,27340.87,4429.516,328.1719,13.675781
2022-06-14 20:57:54,27340.96,4429.438,328.1719,13.667969
2022-06-14 20:57:53,27340.72,4429.676,328.1719,13.667969
2022-06-14 20:57:52,27340.64,4429.762,328.1719,13.660156
2022-06-14 20:57:51,27340.89,4429.512,328.168,13.660156
2022-06-14 20:57:50,27341.12,4429.289,328.168,13.660156
2022-06-14 20:57:49,27341.18,4429.227,328.168,13.660156
2022-06-14 20:57:48,27341.43,4428.992,328.1641,13.652344
2022-06-14 20:57:47,27341.12,4429.305,328.1602,13.652344
2022-06-14 20:57:46,27341.67,4428.758,328.1602,13.644531
2022-06-14 20:57:45,27341.67,4428.758,328.1602,13.644531
2022-06-14 20:57:44,27341.92,4428.512,328.1602,13.644531
2022-06-14 20:57:43,27341.89,4428.547,328.1562,13.644531
2022-06-14 20:57:42,27341.7,4428.73,328.1562,13.644531
2022-06-14 20:57:41,27341.67,4428.777,328.1562,13.628906
2022-06-14 20:57:40,27341.89,4428.566,328.1523,13.628906
2022-06-14 20:57:39,27341.7,4428.758,328.1523,13.628906
2022-06-14 20:57:38,27341.67,4428.781,328.1523,13.628906
2022-06-14 20:57:37,27341.7,4428.758,328.1523,13.628906
2022-06-14 20:57:36,27341.58,4428.875,328.1523,13.628906
2022-06-14 20:57:35,27341.59,4428.867,328.1523,13.621094
2022-06-14 20:57:34,27341.61,4428.863,328.1484,13.613281
2022-06-14 20:57:33,27341.68,4428.797,328.1445,13.613281
2022-06-14 20:57:32,27341.61,4428.867,328.1445,13.613281
2022-06-14 20:57:31,27342.07,4428.406,328.1445,13.613281
2022-06-14 20:57:30,27341.82,4428.656,328.1406,13.613281
2022-06-14 20:57:29,27342.08,4428.418,328.1406,13.597656
2022-06-14 20:57:28,27341.89,4428.609,328.1406,13.597656
2022-06-14 20:57:27,27341.89,4428.602,328.1406,13.597656
2022-06-14 20:57:26,27342.1,4428.395,328.1406,13.597656
2022-06-14 20:57:25,27342.36,4428.145,328.1367,13.597656
2022-06-14 20:57:24,27342.32,4428.191,328.1367,13.589844
2022-06-14 20:57:23,27342.14,4428.367,328.1367,13.589844
2022-06-14 20:57:22,27342.07,4428.445,328.1367,13.582031
2022-06-14 20:57:21,27342.63,4427.883,328.1367,13.582031
2022-06-14 20:57:20,27342.66,4427.859,328.1367,13.582031
2022-06-14 20:57:19,27342.88,4427.645,328.1289,13.582031
2022-06-14 20:57:18,27342.81,4427.719,328.125,13.582031
2022-06-14 20:57:17,27342.66,4427.883,328.1211,13.574219
2022-06-14 20:57:16,27342.78,4427.77,328.1211,13.566406
2022-06-14 20:57:15,27342.84,4427.707,328.1211,13.566406
2022-06-14 20:57:14,27342.5,4428.047,328.1211,13.566406
2022-06-14 20:57:13,27342.6,4427.945,328.1211,13.566406
2022-06-14 20:57:12,27342.78,4427.777,328.1211,13.558594
2022-06-14 20:57:11,27342.82,4427.742,328.1172,13.558594
2022-06-14 20:57:10,27342.62,4427.941,328.1172,13.550781
2022-06-14 20:57:09,27342.83,4427.727,328.125,13.550781
2022-06-14 20:57:08,27342.86,4427.707,328.1211,13.550781
2022-06-14 20:57:07,27342.83,4427.73,328.1211,13.550781
2022-06-14 20:57:06,27342.86,4427.711,328.1172,13.550781
2022-06-14 20:57:05,27342.89,4427.688,328.1094,13.542969
2022-06-14 20:57:04,27343.07,4427.512,328.1172,13.535156
2022-06-14 20:57:03,27343.1,4427.48,328.1172,13.535156
2022-06-14 20:57:02,27342.89,4427.695,328.1172,13.535156
2022-06-14 20:57:01,27342.62,4427.965,328.1172,13.535156
2022-06-14 20:57:00,27343.02,4427.566,328.1094,13.535156
2022-06-14 20:56:59,27343.17,4427.43,328.1172,13.519531
2022-06-14 20:56:58,27343.41,4427.199,328.1094,13.519531
2022-06-14 20:56:57,27343.11,4427.492,328.1094,13.519531
2022-06-14 20:56:56,27343.13,4427.484,328.1094,13.511719
2022-06-14 20:56:55,27343.08,4427.531,328.1094,13.511719
2022-06-14 20:56:54,27343.44,4427.18,328.1055,13.511719
2022-06-14 20:56:53,27343.21,4427.418,328.1055,13.503906
2022-06-14 20:56:52,27343.41,4427.223,328.1016,13.503906
2022-06-14 20:56:51,27343.08,4427.551,328.0977,13.503906
2022-06-14 20:56:50,27343.61,4427.027,328.0977,13.496094
2022-06-14 20:56:49,27343.39,4427.25,328.0977,13.496094
2022-06-14 20:56:48,27343.61,4427.027,328.1055,13.496094
2022-06-14 20:56:47,27343.4,4427.234,328.1055,13.496094
2022-06-14 20:56:46,27343.33,4427.305,328.1055,13.496094
2022-06-14 20:56:45,27343.64,4426.988,328.1055,13.496094
2022-06-14 20:56:44,27343.88,4426.75,328.1055,13.496094
2022-06-14 20:56:43,27343.68,4426.965,328.1055,13.488281
2022-06-14 20:56:42,27343.64,4427.004,328.1055,13.488281
2022-06-14 20:56:41,27343.92,4426.719,328.1055,13.488281
2022-06-14 20:56:40,27343.91,4426.727,328.1055,13.488281
2022-06-14 20:56:39,27343.92,4426.719,328.1055,13.488281
2022-06-14 20:56:38,27343.85,4426.797,328.1055,13.480469
2022-06-14 20:56:37,27344.2,4426.449,328.1055,13.480469
2022-06-14 20:56:36,27343.85,4426.805,328.0977,13.480469
2022-06-14 20:56:35,27344.2,4426.457,328.0977,13.480469
2022-06-14 20:56:34,27344.1,4426.559,328.0977,13.480469
2022-06-14 20:56:33,27344.45,4426.211,328.0977,13.480469
2022-06-14 20:56:32,27344.34,4426.312,328.0977,13.480469
2022-06-14 20:56:31,27344.41,4426.242,328.0977,13.480469
2022-06-14 20:56:30,27344.1,4426.559,328.0977,13.480469
2022-06-14 20:56:29,27344.6,4426.066,328.0977,13.472656
2022-06-14 20:56:28,27344.41,4426.262,328.0938,13.472656
2022-06-14 20:56:27,27344.45,4426.23,328.0938,13.464844
2022-06-14 20:56:26,27344.38,4426.293,328.1016,13.464844
2022-06-14 20:56:25,27344.41,4426.258,328.0977,13.464844
2022-06-14 20:56:24,27344.13,4426.551,328.0977,13.457031
2022-06-14 20:56:23,27344.45,4426.234,328.0977,13.457031
2022-06-14 20:56:22,27344.13,4426.555,328.0938,13.457031
2022-06-14 20:56:21,27344.14,4426.555,328.0938,13.449219
2022-06-14 20:56:20,27344.38,4426.316,328.0938,13.449219
2022-06-14 20:56:19,27344.45,4426.25,328.0898,13.449219
2022-06-14 20:56:18,27344.31,4426.391,328.0898,13.441406
2022-06-14 20:56:17,27344.41,4426.289,328.0898,13.441406
2022-06-14 20:56:16,27344.62,4426.09,328.082,13.441406
2022-06-14 20:56:15,27344.35,4426.371,328.0781,13.433594
2022-06-14 20:56:14,27344.65,4426.074,328.0742,13.433594
2022-06-14 20:56:13,27344.38,4426.348,328.0703,13.433594
2022-06-14 20:56:12,27344.62,4426.117,328.0703,13.425781
2022-06-14 20:56:11,27344.63,4426.109,328.0703,13.425781
2022-06-14 20:56:10,27344.31,4426.426,328.0703,13.425781
2022-06-14 20:56:09,27344.66,4426.078,328.0703,13.425781
2022-06-14 20:56:08,27344.62,4426.121,328.0664,13.425781
2022-06-14 20:56:07,27344.88,4425.887,328.0625,13.410156
2022-06-14 20:56:06,27344.59,4426.168,328.0664,13.410156
2022-06-14 20:56:05,27344.88,4425.883,328.0664,13.410156
2022-06-14 20:56:04,27345.11,4425.656,328.0625,13.402344
2022-06-14 20:56:03,27345.15,4425.617,328.0625,13.402344
2022-06-14 20:56:02,27344.84,4425.934,328.0625,13.402344
2022-06-14 20:56:01,27345.15,4425.617,328.0625,13.402344
2022-06-14 20:56:00,27345.18,4425.594,328.0625,13.402344
2022-06-14 20:55:59,27345.15,4425.617,328.0625,13.402344
2022-06-14 20:55:58,27344.9,4425.871,328.0625,13.402344
2022-06-14 20:55:57,27345.15,4425.633,328.0625,13.386719
2022-06-14 20:55:56,27345.33,4425.465,328.0547,13.386719
2022-06-14 20:55:55,27345.36,4425.434,328.0547,13.386719
2022-06-14 20:55:54,27345.08,4425.711,328.0547,13.386719
2022-06-14 20:55:53,27345.38,4425.418,328.0469,13.386719
2022-06-14 20:55:52,27345.08,4425.738,328.0352,13.378906
2022-06-14 20:55:51,27345.38,4425.445,328.043,13.371094
2022-06-14 20:55:50,27345.14,4425.676,328.043,13.371094
2022-06-14 20:55:49,27345.12,4425.699,328.043,13.371094
2022-06-14 20:55:48,27345.08,4425.738,328.043,13.371094
2022-06-14 20:55:47,27345.33,4425.492,328.043,13.371094
2022-06-14 20:55:46,27345.61,4425.207,328.0508,13.371094
2022-06-14 20:55:45,27345.61,4425.207,328.0508,13.363281
2022-06-14 20:55:44,27345.57,4425.246,328.0508,13.363281
2022-06-14 20:55:43,27345.55,4425.27,328.0508,13.363281
2022-06-14 20:55:42,27345.88,4424.945,328.043,13.363281
2022-06-14 20:55:41,27346.11,4424.723,328.0508,13.355469
2022-06-14 20:55:40,27346.07,4424.773,328.0469,13.347656
2022-06-14 20:55:39,27345.89,4424.949,328.0469,13.347656
2022-06-14 20:55:38,27346.13,4424.711,328.0469,13.347656
2022-06-14 20:55:37,27346.14,4424.703,328.0469,13.347656
2022-06-14 20:55:36,27346.13,4424.711,328.0469,13.347656
2022-06-14 20:55:35,27347.37,4426.418,325.1641,13.285156
2022-06-14 20:55:34,27347.34,4426.457,325.1562,13.285156
2022-06-14 20:55:33,27347.82,4425.973,325.1562,13.285156
2022-06-14 20:55:32,27347.86,4425.945,325.1523,13.277344
2022-06-14 20:55:31,27348.13,4425.676,325.1523,13.277344
2022-06-14 20:55:30,27348.07,4425.738,325.1523,13.269531
2022-06-14 20:55:29,27348.56,4425.254,325.1523,13.269531
2022-06-14 20:55:28,27348.63,4425.191,325.1445,13.269531
2022-06-14 20:55:27,27348.28,4425.539,325.1445,13.269531
2022-06-14 20:55:26,27348.63,4425.195,325.1406,13.269531
2022-06-14 20:55:25,27348.84,4424.988,325.1406,13.269531
2022-06-14 20:55:24,27348.84,4424.98,325.1484,13.269531
2022-06-14 20:55:23,27348.56,4425.266,325.1484,13.261719
2022-06-14 20:55:22,27348.8,4425.027,325.1484,13.253906
2022-06-14 20:55:21,27348.53,4425.305,325.1484,13.253906
2022-06-14 20:55:20,27348.62,4425.211,325.1484,13.253906
2022-06-14 20:55:19,27348.59,4425.242,325.1484,13.253906
2022-06-14 20:55:18,27348.84,4424.996,325.1484,13.253906
2022-06-14 20:55:17,27348.77,4425.062,325.1445,13.253906
2022-06-14 20:55:16,27348.77,4425.07,325.1445,13.246094
2022-06-14 20:55:15,27348.8,4425.039,325.1445,13.246094
2022-06-14 20:55:14,27348.77,4425.07,325.1445,13.246094
2022-06-14 20:55:13,27348.62,4425.223,325.1445,13.246094
2022-06-14 20:55:12,27348.59,4425.27,325.1289,13.246094
2022-06-14 20:55:11,27348.65,4425.215,325.1289,13.238281
2022-06-14 20:55:10,27348.62,4425.254,325.1211,13.238281
2022-06-14 20:55:09,27348.56,4425.316,325.1289,13.230469
2022-06-14 20:55:08,27348.56,4425.316,325.1289,13.230469
2022-06-14 20:55:07,27348.84,4425.039,325.1289,13.230469
2022-06-14 20:55:06,27349.08,4424.793,325.1289,13.230469
2022-06-14 20:55:05,27349.08,4424.793,325.1289,13.230469
2022-06-14 20:55:04,27349.11,4424.77,325.1289,13.222656
2022-06-14 20:55:03,27349.16,4424.723,325.1289,13.222656
2022-06-14 20:55:02,27349.13,4424.758,325.125,13.222656
2022-06-14 20:55:01,27349.41,4424.473,325.125,13.222656
2022-06-14 20:55:00,27349.41,4424.484,325.1211,13.214844
2022-06-14 20:54:59,27349.41,4424.492,325.1133,13.214844
2022-06-14 20:54:58,27349.35,4424.559,325.1172,13.207031
2022-06-14 20:54:57,27349.11,4424.805,325.1172,13.207031
2022-06-14 20:54:56,27349.35,4424.559,325.1172,13.207031
2022-06-14 20:54:55,27349.38,4424.531,325.1133,13.207031
2022-06-14 20:54:54,27349.31,4424.609,325.1055,13.207031
2022-06-14 20:54:53,27349.63,4424.293,325.1133,13.199219
2022-06-14 20:54:52,27349.5,4424.418,325.1133,13.199219
2022-06-14 20:54:51,27349.38,4424.547,325.1133,13.199219
2022-06-14 20:54:50,27349.57,4424.363,325.1133,13.191406
2022-06-14 20:54:49,27349.34,4424.586,325.1133,13.191406
2022-06-14 20:54:48,27349.81,4424.125,325.1133,13.183594
2022-06-14 20:54:47,27349.56,4424.379,325.1133,13.183594
2022-06-14 20:54:46,27349.5,4424.434,325.1133,13.183594
2022-06-14 20:54:45,27349.59,4424.348,325.1133,13.183594
2022-06-14 20:54:44,27349.54,4424.406,325.1094,13.183594
2022-06-14 20:54:43,27350.86,4423.102,325.1055,13.167969
2022-06-14 20:54:42,27350.56,4423.406,325.1016,13.167969
2022-06-14 20:54:41,27350.3,4423.645,325.1172,13.167969
2022-06-14 20:54:40,27350.8,4423.152,325.1172,13.160156
2022-06-14 20:54:39,27350.55,4423.406,325.1172,13.160156
2022-06-14 20:54:38,27350.28,4423.68,325.1133,13.160156
2022-06-14 20:54:37,27350.55,4423.414,325.1094,13.160156
2022-06-14 20:54:36,27350.5,4423.469,325.1094,13.160156
2022-06-14 20:54:35,27350.54,4423.422,325.1094,13.160156
2022-06-14 20:54:34,27350.56,4423.406,325.1094,13.160156
2022-06-14 20:54:33,27350.83,4423.137,325.1094,13.160156
2022-06-14 20:54:32,27350.55,4423.422,325.1016,13.160156
2022-06-14 20:54:31,27350.33,4423.645,325.1016,13.160156
2022-06-14 20:54:30,27350.33,4423.676,325.0781,13.152344
2022-06-14 20:54:29,27350.83,4423.176,325.0859,13.144531
2022-06-14 20:54:28,27350.58,4423.422,325.0859,13.144531
2022-06-14 20:54:27,27350.85,4423.152,325.0859,13.144531
2022-06-14 20:54:26,27350.84,4423.16,325.0859,13.144531
2022-06-14 20:54:25,27350.84,4423.16,325.0859,13.144531
2022-06-14 20:54:24,27351.04,4422.961,325.0859,13.144531
2022-06-14 20:54:23,27350.84,4423.168,325.0781,13.144531
2022-06-14 20:54:22,27350.85,4423.16,325.0859,13.136719
2022-06-14 20:54:21,27351,4423.004,325.0977,13.136719
2022-06-14 20:54:20,27351.04,4422.961,325.0977,13.132812
2022-06-14 20:54:19,27350.59,4423.414,325.0977,13.132812
2022-06-14 20:54:18,27350.89,4423.113,325.0977,13.132812
2022-06-14 20:54:17,27350.78,4423.23,325.0977,13.125
2022-06-14 20:54:16,27350.8,4423.215,325.0977,13.125
2022-06-14 20:54:15,27350.5,4423.516,325.0977,13.125
2022-06-14 20:54:14,27350.57,4423.453,325.0898,13.125
2022-06-14 20:54:13,27351.27,4422.746,325.0977,13.117188
2022-06-14 20:54:12,27351,4423.016,325.0977,13.117188
2022-06-14 20:54:11,27351.08,4422.945,325.0977,13.109375
2022-06-14 20:54:10,27351.1,4422.93,325.0977,13.109375
2022-06-14 20:54:09,27351.04,4423.008,325.082,13.109375
2022-06-14 20:54:08,27351.07,4422.988,325.0781,13.101562
2022-06-14 20:54:07,27350.76,4423.297,325.0781,13.101562
2022-06-14 20:54:06,27351.04,4423.027,325.0703,13.101562
2022-06-14 20:54:05,27351.07,4422.996,325.0781,13.09375
2022-06-14 20:54:04,27351.07,4422.996,325.0781,13.09375
2022-06-14 20:54:03,27351.07,4423,325.0742,13.09375
2022-06-14 20:54:02,27351.1,4422.977,325.0742,13.085938
2022-06-14 20:54:01,27351.07,4423.008,325.0742,13.085938
2022-06-14 20:54:00,27351.31,4422.766,325.0703,13.085938
2022-06-14 20:53:59,27351.31,4422.762,325.0742,13.085938
2022-06-14 20:53:58,27351.28,4422.793,325.0742,13.085938
2022-06-14 20:53:57,27351.07,4423.016,325.0742,13.078125
2022-06-14 20:53:56,27351.27,4422.809,325.0742,13.078125
2022-06-14 20:53:55,27351.28,4422.801,325.0742,13.078125
2022-06-14 20:53:54,27351.34,4422.746,325.0742,13.078125
2022-06-14 20:53:53,27351.34,4422.738,325.0742,13.078125
2022-06-14 20:53:52,27351.34,4422.746,325.0742,13.078125
2022-06-14 20:53:51,27351.1,4422.984,325.0742,13.078125
2022-06-14 20:53:50,27351.06,4423.023,325.0742,13.078125
2022-06-14 20:53:49,27351.28,4422.816,325.0664,13.070312
2022-06-14 20:53:48,27351.61,4422.496,325.0625,13.0625
2022-06-14 20:53:47,27351.5,4422.613,325.0625,13.0625
2022-06-14 20:53:46,27351.79,4422.32,325.0625,13.0625
2022-06-14 20:53:45,27351.79,4422.32,325.0625,13.0625
2022-06-14 20:53:44,27351.64,4422.473,325.0625,13.0625
2022-06-14 20:53:43,27351.79,4422.336,325.0547,13.054688
2022-06-14 20:53:42,27351.82,4422.305,325.0625,13.046875
2022-06-14 20:53:41,27351.82,4422.305,325.0625,13.046875
2022-06-14 20:53:40,27352.04,4422.09,325.0625,13.046875
2022-06-14 20:53:39,27352.07,4422.059,325.0625,13.046875
2022-06-14 20:53:38,27351.85,4422.277,325.0586,13.046875
2022-06-14 20:53:37,27352.1,4422.023,325.0664,13.046875
2022-06-14 20:53:36,27352.38,4421.754,325.0664,13.039062
2022-06-14 20:53:35,27352.31,4421.816,325.0664,13.039062
2022-06-14 20:53:34,27352.05,4422.086,325.0586,13.039062
2022-06-14 20:53:33,27352.38,4421.766,325.0586,13.035156
2022-06-14 20:53:32,27352.33,4421.812,325.0586,13.035156
2022-06-14 20:53:31,27352.07,4422.086,325.0547,13.027344
2022-06-14 20:53:30,27352.27,4421.887,325.0547,13.027344
2022-06-14 20:53:29,27352.25,4421.902,325.0547,13.027344
2022-06-14 20:53:28,27352.02,4422.141,325.0547,13.019531
2022-06-14 20:53:27,27352.34,4421.824,325.0469,13.019531
2022-06-14 20:53:26,27352.05,4422.129,325.043,13.011719
2022-06-14 20:53:25,27352.56,4421.621,325.043,13.011719
2022-06-14 20:53:24,27352.54,4421.641,325.0391,13.011719
2022-06-14 20:53:23,27352.27,4421.918,325.0391,13.011719
2022-06-14 20:53:22,27352.27,4421.926,325.0391,13.003906
2022-06-14 20:53:21,27352.3,4421.895,325.0391,13.003906
2022-06-14 20:53:20,27352.51,4421.68,325.0391,13.003906
2022-06-14 20:53:19,27352.54,4421.648,325.0391,13.003906
2022-06-14 20:53:18,27352.51,4421.684,325.0352,13.003906
2022-06-14 20:53:17,27352.54,4421.664,325.0391,12.988281
2022-06-14 20:53:16,27352.48,4421.73,325.0352,12.988281
2022-06-14 20:53:15,27352.51,4421.703,325.0312,12.988281
2022-06-14 20:53:14,27352.51,4421.703,325.0312,12.988281
2022-06-14 20:53:13,27352.33,4421.887,325.0312,12.988281
2022-06-14 20:53:12,27352.77,4421.441,325.0312,12.988281
2022-06-14 20:53:11,27352.54,4421.672,325.0312,12.988281
2022-06-14 20:53:10,27352.8,4421.41,325.0312,12.988281
2022-06-14 20:53:09,27352.54,4421.672,325.0312,12.988281
2022-06-14 20:53:08,27352.31,4421.91,325.0312,12.980469
2022-06-14 20:53:07,27352.51,4421.719,325.0234,12.980469
2022-06-14 20:53:06,27352.59,4421.645,325.0195,12.980469
2022-06-14 20:53:05,27352.76,4421.48,325.0156,12.980469
2022-06-14 20:53:04,27352.5,4421.742,325.0156,12.980469
2022-06-14 20:53:03,27352.51,4421.727,325.0156,12.980469
2022-06-14 20:53:02,27352.83,4421.41,325.0156,12.980469
2022-06-14 20:53:01,27352.81,4421.438,325.0039,12.980469
2022-06-14 20:53:00,27352.83,4421.422,325.0117,12.972656
2022-06-14 20:52:59,27352.57,4421.684,325.0117,12.972656
2022-06-14 20:52:58,27352.55,4421.699,325.0117,12.972656
2022-06-14 20:52:57,27352.74,4421.5,325.0195,12.972656
2022-06-14 20:52:56,27352.83,4421.445,324.9883,12.972656
2022-06-14 20:52:55,27352.88,4421.391,324.9883,12.972656
2022-06-14 20:52:54,27352.82,4421.457,324.9883,12.96875
2022-06-14 20:52:53,27352.63,4421.648,324.9883,12.96875
2022-06-14 20:52:52,27352.85,4421.426,324.9883,12.96875
2022-06-14 20:52:51,27352.57,4421.711,324.9883,12.96875
2022-06-14 20:52:50,27352.85,4421.426,324.9883,12.96875
2022-06-14 20:52:49,27352.84,4421.434,324.9883,12.96875
2022-06-14 20:52:48,27352.51,4421.766,324.9883,12.96875
2022-06-14 20:52:47,27352.84,4421.457,324.9805,12.953125
2022-06-14 20:52:46,27352.79,4421.512,324.9805,12.953125
2022-06-14 20:52:45,27353.12,4421.18,324.9805,12.953125
2022-06-14 20:52:44,27352.82,4421.48,324.9805,12.953125
2022-06-14 20:52:43,27352.6,4421.703,324.9805,12.953125
2022-06-14 20:52:42,27352.57,4421.742,324.9805,12.945312
2022-06-14 20:52:41,27353.06,4421.266,324.9727,12.9375
2022-06-14 20:52:40,27353.07,4421.258,324.9727,12.9375
2022-06-14 20:52:39,27352.81,4421.512,324.9727,12.9375
2022-06-14 20:52:38,27352.54,4421.781,324.9727,12.9375
2022-06-14 20:52:37,27352.81,4421.52,324.9727,12.929688
2022-06-14 20:52:36,27352.82,4421.516,324.9688,12.929688
2022-06-14 20:52:35,27352.81,4421.523,324.9766,12.921875
2022-06-14 20:52:34,27352.54,4421.797,324.9727,12.921875
2022-06-14 20:52:33,27352.32,4422.023,324.9688,12.921875
2022-06-14 20:52:32,27352.82,4421.531,324.9688,12.914062
2022-06-14 20:52:31,27352.84,4421.508,324.9688,12.914062
2022-06-14 20:52:30,27352.76,4421.594,324.9688,12.914062
2022-06-14 20:52:29,27352.81,4421.551,324.9648,12.90625
2022-06-14 20:52:28,27352.54,4421.82,324.9648,12.90625
2022-06-14 20:52:27,27353.12,4421.25,324.9648,12.898438
2022-06-14 20:52:26,27353.1,4421.273,324.9648,12.898438
2022-06-14 20:52:25,27353.12,4421.258,324.957,12.898438
2022-06-14 20:52:24,27352.82,4421.559,324.957,12.898438
2022-06-14 20:52:23,27352.57,4421.812,324.957,12.898438
2022-06-14 20:52:22,27353.1,4421.289,324.957,12.890625
2022-06-14 20:52:21,27353.15,4421.234,324.957,12.890625
2022-06-14 20:52:20,27352.61,4421.781,324.957,12.890625
2022-06-14 20:52:19,27353.12,4421.277,324.9453,12.890625
2022-06-14 20:52:18,27353.1,4421.301,324.9531,12.882812
2022-06-14 20:52:17,27353.34,4421.062,324.9531,12.882812
2022-06-14 20:52:16,27353,4421.402,324.9453,12.882812
2022-06-14 20:52:15,27353.09,4421.316,324.9531,12.875
2022-06-14 20:52:14,27353.34,4421.059,324.957,12.875
2022-06-14 20:52:13,27353.09,4421.32,324.957,12.867188
2022-06-14 20:52:12,27353.28,4421.137,324.9492,12.867188
2022-06-14 20:52:11,27353.09,4421.328,324.9492,12.867188
2022-06-14 20:52:10,27353.04,4421.391,324.9414,12.867188
2022-06-14 20:52:09,27353.06,4421.375,324.9414,12.859375
2022-06-14 20:52:08,27353.1,4421.344,324.9336,12.859375
2022-06-14 20:52:07,27353.3,4421.137,324.9336,12.859375
2022-06-14 20:52:06,27353.34,4421.105,324.9336,12.851562
2022-06-14 20:52:05,27353.12,4421.328,324.9336,12.851562
2022-06-14 20:52:04,27353.07,4421.398,324.9258,12.84375
2022-06-14 20:52:03,27353.09,4421.379,324.9219,12.84375
2022-06-14 20:52:02,27353.34,4421.129,324.918,12.84375
2022-06-14 20:52:01,27353.06,4421.422,324.918,12.835938
2022-06-14 20:52:00,27353.07,4421.414,324.918,12.835938
2022-06-14 20:51:59,27353.09,4421.391,324.918,12.835938
2022-06-14 20:51:58,27353.31,4421.168,324.918,12.835938
2022-06-14 20:51:57,27353.54,4420.938,324.918,12.835938
2022-06-14 20:51:56,27353.25,4421.23,324.918,12.835938
2022-06-14 20:51:55,27353.55,4420.938,324.918,12.828125
2022-06-14 20:51:54,27353.59,4420.898,324.918,12.828125
2022-06-14 20:51:53,27353.61,4420.871,324.9219,12.828125
2022-06-14 20:51:52,27353.74,4420.75,324.9141,12.828125
2022-06-14 20:51:51,27354.07,4420.418,324.9141,12.828125
2022-06-14 20:51:50,27353.77,4420.723,324.9102,12.828125
2022-06-14 20:51:49,27354.29,4420.207,324.9102,12.828125
2022-06-14 20:51:48,27353.59,4420.914,324.9102,12.820312
2022-06-14 20:51:47,27354.04,4420.461,324.9102,12.820312
2022-06-14 20:51:46,27354.02,4420.484,324.9102,12.820312
2022-06-14 20:51:45,27353.86,4420.645,324.9102,12.820312
2022-06-14 20:51:44,27353.8,4420.707,324.9102,12.820312
2022-06-14 20:51:43,27353.83,4420.676,324.9102,12.820312
2022-06-14 20:51:42,27354.08,4420.43,324.9102,12.8125
2022-06-14 20:51:41,27354.04,4420.477,324.9023,12.8125
2022-06-14 20:51:40,27354.23,4420.285,324.9023,12.8125
2022-06-14 20:51:39,27354.26,4420.262,324.9023,12.8125
2022-06-14 20:51:38,27354.36,4420.16,324.9023,12.8125
2022-06-14 20:51:37,27354.35,4420.168,324.9023,12.8125
2022-06-14 20:51:36,27353.77,4420.754,324.9023,12.804688
2022-06-14 20:51:35,27354.31,4420.215,324.9023,12.804688
2022-06-14 20:51:34,27354.5,4420.031,324.9023,12.804688
2022-06-14 20:51:33,27354.28,4420.246,324.9023,12.804688
2022-06-14 20:51:32,27354.25,4420.277,324.9023,12.804688
2022-06-14 20:51:31,27354.04,4420.492,324.9102,12.796875
2022-06-14 20:51:30,27354.25,4420.285,324.9102,12.789062
2022-06-14 20:51:29,27354.28,4420.254,324.9102,12.789062
2022-06-14 20:51:28,27354.35,4420.184,324.9102,12.789062
2022-06-14 20:51:27,27354.34,4420.199,324.9102,12.789062
2022-06-14 20:51:26,27354.31,4420.223,324.9102,12.789062
2022-06-14 20:51:25,27354.23,4420.301,324.9102,12.789062
2022-06-14 20:51:24,27354.31,4420.223,324.9102,12.789062
2022-06-14 20:51:23,27353.97,4420.562,324.9102,12.789062
2022-06-14 20:51:22,27354.34,4420.199,324.9102,12.78125
2022-06-14 20:51:21,27354.4,4420.152,324.9023,12.78125
2022-06-14 20:51:20,27354.14,4420.422,324.9023,12.773438
2022-06-14 20:51:19,27354.36,4420.199,324.9023,12.773438
2022-06-14 20:51:18,27354.35,4420.207,324.9023,12.773438
2022-06-14 20:51:17,27354.33,4420.23,324.9023,12.773438
2022-06-14 20:51:16,27354.2,4420.359,324.9023,12.773438
2022-06-14 20:51:15,27354.64,4419.922,324.9023,12.773438
2022-06-14 20:51:14,27354.38,4420.176,324.9023,12.773438
2022-06-14 20:51:13,27354.64,4419.93,324.8945,12.773438
2022-06-14 20:51:12,27354.61,4419.961,324.9023,12.765625
2022-06-14 20:51:11,27354.57,4419.992,324.9023,12.765625
2022-06-14 20:51:10,27354.53,4420.039,324.9102,12.757812
2022-06-14 20:51:09,27354.53,4420.043,324.9062,12.757812
2022-06-14 20:51:08,27354.3,4420.27,324.9023,12.757812
2022-06-14 20:51:07,27354.59,4420,324.8945,12.75
2022-06-14 20:51:06,27354.54,4420.047,324.8945,12.75
2022-06-14 20:51:05,27354.77,4419.816,324.8945,12.75
2022-06-14 20:51:04,27354.78,4419.816,324.8867,12.75
2022-06-14 20:51:03,27355.02,4419.578,324.8945,12.742188
2022-06-14 20:51:02,27355.08,4419.527,324.8828,12.742188
2022-06-14 20:51:01,27354.77,4419.84,324.8867,12.734375
2022-06-14 20:51:00,27355,4419.629,324.875,12.734375
2022-06-14 20:50:59,27355.05,4419.578,324.8711,12.734375
2022-06-14 20:50:58,27355.06,4419.582,324.8672,12.726562
2022-06-14 20:50:57,27355.05,4419.594,324.8633,12.726562
2022-06-14 20:50:56,27354.78,4419.871,324.8633,12.71875
2022-06-14 20:50:55,27354.8,4419.848,324.8633,12.71875
2022-06-14 20:50:54,27355.12,4419.531,324.8633,12.71875
2022-06-14 20:50:53,27355.3,4419.355,324.8633,12.71875
2022-06-14 20:50:52,27355.3,4419.348,324.8633,12.71875
2022-06-14 20:50:51,27355.3,4419.355,324.8633,12.71875
2022-06-14 20:50:50,27355.3,4419.348,324.8711,12.710938
2022-06-14 20:50:49,27355.57,4419.086,324.8711,12.703125
2022-06-14 20:50:48,27355.27,4419.387,324.8711,12.703125
2022-06-14 20:50:47,27355.48,4419.184,324.8672,12.703125
2022-06-14 20:50:46,27355.37,4419.301,324.8633,12.703125
2022-06-14 20:50:45,27356.29,4418.516,324.7344,12.695312
2022-06-14 20:50:44,27356.05,4418.754,324.7344,12.695312
2022-06-14 20:50:43,27356.07,4418.734,324.7305,12.695312
2022-06-14 20:50:42,27356.3,4418.52,324.7305,12.6875
2022-06-14 20:50:41,27356.29,4418.527,324.7305,12.6875
2022-06-14 20:50:40,27356.27,4418.566,324.7227,12.679688
2022-06-14 20:50:39,27356.29,4418.543,324.7227,12.679688
2022-06-14 20:50:38,27356.3,4418.535,324.7227,12.679688
2022-06-14 20:50:37,27356.26,4418.574,324.7227,12.679688
2022-06-14 20:50:36,27356.02,4418.82,324.7227,12.671875
2022-06-14 20:50:35,27356.01,4418.828,324.7227,12.671875
2022-06-14 20:50:34,27355.99,4418.859,324.7227,12.664062
2022-06-14 20:50:33,27356.47,4418.375,324.7227,12.664062
2022-06-14 20:50:32,27356.3,4418.551,324.7227,12.664062
2022-06-14 20:50:31,27356.01,4418.836,324.7227,12.664062
2022-06-14 20:50:30,27356.3,4418.543,324.7305,12.664062
2022-06-14 20:50:29,27356.36,4418.488,324.7305,12.65625
2022-06-14 20:50:28,27356.33,4418.523,324.7266,12.65625
2022-06-14 20:50:27,27356.3,4418.559,324.7227,12.65625
2022-06-14 20:50:26,27356.01,4418.844,324.7227,12.65625
2022-06-14 20:50:25,27356.3,4418.559,324.7227,12.65625
2022-06-14 20:50:24,27356.57,4418.285,324.7188,12.65625
2022-06-14 20:50:23,27356.54,4418.316,324.7188,12.65625
2022-06-14 20:50:22,27356.48,4418.379,324.7188,12.65625
2022-06-14 20:50:21,27356.54,4418.316,324.7188,12.65625
2022-06-14 20:50:20,27356.76,4418.102,324.7188,12.65625
2022-06-14 20:50:19,27356.82,4418.039,324.7188,12.65625
2022-06-14 20:50:18,27356.57,4418.293,324.7109,12.65625
2022-06-14 20:50:17,27356.57,4418.293,324.7109,12.65625
2022-06-14 20:50:16,27356.57,4418.293,324.7109,12.65625
2022-06-14 20:50:15,27356.76,4418.109,324.7109,12.65625
2022-06-14 20:50:14,27356.51,4418.355,324.7109,12.65625
2022-06-14 20:50:13,27356.76,4418.109,324.7109,12.65625
2022-06-14 20:50:12,27356.79,4418.078,324.7109,12.65625
2022-06-14 20:50:11,27357.07,4417.801,324.7109,12.65625
2022-06-14 20:50:10,27356.79,4418.078,324.7109,12.65625
2022-06-14 20:50:09,27357.04,4417.832,324.7109,12.65625
2022-06-14 20:50:08,27357.1,4417.762,324.7188,12.65625
2022-06-14 20:50:07,27357.07,4417.793,324.7188,12.65625
2022-06-14 20:50:06,27357.04,4417.824,324.7188,12.65625
2022-06-14 20:50:05,27357.07,4417.801,324.7188,12.648438
2022-06-14 20:50:04,27357.25,4417.625,324.7188,12.640625
2022-06-14 20:50:03,27357.25,4417.625,324.7188,12.640625
2022-06-14 20:50:02,27357.53,4417.348,324.7188,12.640625
2022-06-14 20:50:01,27357.28,4417.594,324.7188,12.640625
2022-06-14 20:50:00,27357.28,4417.594,324.7188,12.640625
2022-06-14 20:49:59,27357.5,4417.398,324.707,12.632812
2022-06-14 20:49:58,27357.56,4417.34,324.7109,12.625
2022-06-14 20:49:57,27357.31,4417.586,324.7109,12.625
2022-06-14 20:49:56,27357.53,4417.379,324.7031,12.625
2022-06-14 20:49:55,27357.71,4417.199,324.6992,12.625
2022-06-14 20:49:54,27357.46,4417.457,324.6953,12.617188
2022-06-14 20:49:53,27357.53,4417.395,324.6953,12.617188
2022-06-14 20:49:52,27357.5,4417.434,324.6953,12.609375
2022-06-14 20:49:51,27357.71,4417.219,324.6953,12.609375
2022-06-14 20:49:50,27358.02,4416.91,324.6953,12.609375
2022-06-14 20:49:49,27358.02,4416.91,324.6953,12.609375
2022-06-14 20:49:48,27358.05,4416.887,324.6875,12.609375
2022-06-14 20:49:47,27357.99,4416.949,324.6953,12.601562
2022-06-14 20:49:46,27358.02,4416.91,324.7031,12.601562
2022-06-14 20:49:45,27358.02,4416.922,324.6992,12.59375
2022-06-14 20:49:44,27358.02,4416.93,324.6914,12.59375
2022-06-14 20:49:43,27358.02,4416.934,324.6875,12.59375
2022-06-14 20:49:42,27357.8,4417.16,324.6836,12.585938
2022-06-14 20:49:41,27358.01,4416.957,324.6797,12.585938
2022-06-14 20:49:40,27357.99,4416.988,324.6797,12.578125
2022-06-14 20:49:39,27357.98,4416.996,324.6797,12.578125
2022-06-14 20:49:38,27357.95,4417.027,324.6797,12.578125
2022-06-14 20:49:37,27357.93,4417.051,324.6797,12.578125
2022-06-14 20:49:36,27358.23,4416.758,324.6719,12.578125
2022-06-14 20:49:35,27358.48,4416.504,324.6719,12.578125
2022-06-14 20:49:34,27358.33,4416.664,324.6719,12.570312
2022-06-14 20:49:33,27358.27,4416.734,324.6719,12.5625
2022-06-14 20:49:32,27358.3,4416.703,324.6719,12.5625
2022-06-14 20:49:31,27358.05,4416.949,324.6719,12.5625
2022-06-14 20:49:30,27357.71,4417.289,324.6719,12.5625
2022-06-14 20:49:29,27357.73,4417.266,324.6719,12.5625
2022-06-14 20:49:28,27357.99,4417.023,324.6602,12.5625
2022-06-14 20:49:27,27357.73,4417.277,324.668,12.554688
2022-06-14 20:49:26,27357.53,4417.484,324.668,12.554688
2022-06-14 20:49:25,27357.77,4417.246,324.668,12.546875
2022-06-14 20:49:24,27358.05,4416.961,324.6758,12.546875
2022-06-14 20:49:23,27357.99,4417.027,324.6719,12.546875
2022-06-14 20:49:22,27357.99,4417.027,324.6719,12.546875
2022-06-14 20:49:21,27357.77,4417.242,324.6719,12.546875
2022-06-14 20:49:20,27357.53,4417.492,324.668,12.546875
2022-06-14 20:49:19,27358.23,4416.793,324.668,12.539062
2022-06-14 20:49:18,27358.27,4416.766,324.6641,12.539062
2022-06-14 20:49:17,27358.02,4417.02,324.6562,12.539062
2022-06-14 20:49:16,27358.27,4416.773,324.6641,12.53125
2022-06-14 20:49:15,27358.3,4416.742,324.6641,12.53125
2022-06-14 20:49:14,27358.27,4416.781,324.6562,12.53125
2022-06-14 20:49:13,27358.3,4416.75,324.6562,12.53125
2022-06-14 20:49:12,27358.51,4416.535,324.6562,12.53125
2022-06-14 20:49:11,27358.27,4416.781,324.6562,12.53125
2022-06-14 20:49:10,27358.3,4416.75,324.6562,12.53125
2022-06-14 20:49:09,27358.76,4416.289,324.6562,12.53125
2022-06-14 20:49:08,27358.47,4416.582,324.6562,12.523438
2022-06-14 20:49:07,27358.47,4416.582,324.6562,12.523438
2022-06-14 20:49:06,27358.76,4416.305,324.6562,12.515625
2022-06-14 20:49:05,27358.78,4416.281,324.6562,12.515625
2022-06-14 20:49:04,27358.73,4416.34,324.6523,12.515625
2022-06-14 20:49:03,27358.79,4416.277,324.6523,12.515625
2022-06-14 20:49:02,27359,4416.066,324.6562,12.507812
2022-06-14 20:49:01,27359.25,4415.832,324.6523,12.5
2022-06-14 20:49:00,27358.94,4416.141,324.6523,12.5
2022-06-14 20:48:59,27358.97,4416.109,324.6523,12.5
2022-06-14 20:48:58,27359.22,4415.863,324.6523,12.5
2022-06-14 20:48:57,27359.25,4415.832,324.6523,12.5
2022-06-14 20:48:56,27359.43,4415.656,324.6523,12.492188
2022-06-14 20:48:55,27359.25,4415.844,324.6484,12.492188
2022-06-14 20:48:54,27359.53,4415.566,324.6484,12.492188
2022-06-14 20:48:53,27359.28,4415.82,324.6484,12.484375
2022-06-14 20:48:52,27359.22,4415.891,324.6406,12.484375
2022-06-14 20:48:51,27359.22,4415.898,324.6328,12.484375
2022-06-14 20:48:50,27359.22,4415.898,324.6328,12.484375
2022-06-14 20:48:49,27359.5,4415.621,324.6328,12.484375
2022-06-14 20:48:48,27359.28,4415.844,324.6328,12.476562
2022-06-14 20:48:47,27359.28,4415.844,324.6328,12.476562
2022-06-14 20:48:46,27359.22,4415.906,324.6328,12.476562
2022-06-14 20:48:45,27359.19,4415.945,324.6328,12.46875
2022-06-14 20:48:44,27359.22,4415.914,324.6328,12.46875
2022-06-14 20:48:43,27359.46,4416.082,324.2188,12.46875
2022-06-14 20:48:42,27359.43,4416.113,324.2188,12.46875
2022-06-14 20:48:41,27359.74,4415.805,324.2188,12.46875
2022-06-14 20:48:40,27359.74,4415.797,324.2266,12.46875
2022-06-14 20:48:39,27359.46,4416.074,324.2266,12.46875
2022-06-14 20:48:38,27359.74,4415.797,324.2266,12.46875
2022-06-14 20:48:37,27359.77,4415.773,324.2266,12.460938
2022-06-14 20:48:36,27360.02,4415.539,324.2227,12.453125
2022-06-14 20:48:35,27359.96,4415.602,324.2227,12.453125
2022-06-14 20:48:34,27359.74,4415.816,324.2227,12.453125
2022-06-14 20:48:33,27359.71,4415.848,324.2227,12.453125
2022-06-14 20:48:32,27359.93,4415.633,324.2227,12.453125
2022-06-14 20:48:31,27359.84,4415.734,324.2188,12.445312
2022-06-14 20:48:30,27359.74,4415.836,324.2109,12.445312
2022-06-14 20:48:29,27359.77,4415.812,324.2109,12.4375
2022-06-14 20:48:28,27359.46,4416.121,324.2109,12.4375
2022-06-14 20:48:27,27359.46,4416.129,324.2031,12.4375
2022-06-14 20:48:26,27359.8,4415.805,324.2031,12.421875
2022-06-14 20:48:25,27359.77,4415.836,324.2031,12.421875
2022-06-14 20:48:24,27359.46,4416.145,324.2031,12.421875
2022-06-14 20:48:23,27359.77,4415.84,324.1992,12.421875
2022-06-14 20:48:22,27359.71,4415.91,324.1992,12.414062
2022-06-14 20:48:21,27359.77,4415.855,324.1992,12.40625
2022-06-14 20:48:20,27359.74,4415.887,324.1992,12.40625
2022-06-14 20:48:19,27359.74,4415.879,324.207,12.40625
2022-06-14 20:48:18,27359.96,4415.668,324.2031,12.40625
2022-06-14 20:48:17,27359.74,4415.891,324.2031,12.398438
2022-06-14 20:48:16,27359.46,4416.176,324.1992,12.394531
2022-06-14 20:48:15,27359.71,4415.938,324.1992,12.386719
2022-06-14 20:48:14,27359.52,4416.129,324.1992,12.386719
2022-06-14 20:48:13,27359.53,4416.121,324.1992,12.386719
2022-06-14 20:48:12,27359.43,4416.223,324.1914,12.386719
2022-06-14 20:48:11,27359.74,4415.914,324.1992,12.378906
2022-06-14 20:48:10,27359.98,4415.688,324.1875,12.378906
2022-06-14 20:48:09,27359.96,4415.711,324.1875,12.378906
2022-06-14 20:48:08,27360.2,4415.473,324.1875,12.378906
2022-06-14 20:48:07,27360.2,4415.473,324.1875,12.378906
2022-06-14 20:48:06,27360.23,4415.453,324.1758,12.371094
2022-06-14 20:48:05,27360.54,4415.152,324.1836,12.363281
2022-06-14 20:48:04,27360.02,4415.668,324.1836,12.363281
2022-06-14 20:48:03,27360.16,4415.523,324.1836,12.363281
2022-06-14 20:48:02,27360.45,4415.238,324.1836,12.363281
2022-06-14 20:48:01,27360.2,4415.484,324.1836,12.363281
2022-06-14 20:48:00,27360.54,4415.121,324.2148,12.355469
2022-06-14 20:47:59,27360.27,4415.434,324.1875,12.347656
2022-06-14 20:47:58,27360.23,4415.473,324.1875,12.347656
2022-06-14 20:47:57,27360.51,4415.191,324.1836,12.347656
2022-06-14 20:47:56,27360.2,4415.5,324.1836,12.347656
2022-06-14 20:47:55,27360.27,4415.438,324.1836,12.347656
2022-06-14 20:47:54,27360.48,4415.242,324.1797,12.332031
2022-06-14 20:47:53,27360.45,4415.277,324.1758,12.332031
2022-06-14 20:47:52,27360.7,4415.031,324.1758,12.332031
2022-06-14 20:47:51,27360.79,4414.938,324.1758,12.332031
2022-06-14 20:47:50,27360.97,4414.73,324.1992,12.332031
2022-06-14 20:47:49,27360.73,4415.016,324.168,12.324219
2022-06-14 20:47:48,27360.97,4414.781,324.1641,12.316406
2022-06-14 20:47:47,27361.25,4414.504,324.1641,12.316406
2022-06-14 20:47:46,27360.94,4414.816,324.1602,12.316406
2022-06-14 20:47:45,27360.76,4415,324.1602,12.316406
2022-06-14 20:47:44,27360.7,4415.113,324.1172,12.308594
2022-06-14 20:47:43,27360.97,4414.922,324.0547,12.285156
2022-06-14 20:47:42,27360.76,4415.348,323.875,12.253906
2022-06-14 20:47:41,27361.22,4415.195,323.5664,12.253906
2022-06-14 20:47:40,27360.97,4415.441,323.5664,12.253906
2022-06-14 20:47:39,27361.19,4415.227,323.5742,12.246094
2022-06-14 20:47:38,27361.19,4415.227,323.5742,12.246094
2022-06-14 20:47:37,27361.56,4414.859,323.5703,12.246094
2022-06-14 20:47:36,27361.74,4414.676,323.5703,12.246094
2022-06-14 20:47:35,27361.77,4414.656,323.5664,12.246094
2022-06-14 20:47:34,27361.74,4414.68,323.5664,12.246094
2022-06-14 20:47:33,27361.43,4414.988,323.5664,12.246094
2022-06-14 20:47:32,27361.46,4414.957,323.5664,12.246094
2022-06-14 20:47:31,27361.71,4414.711,323.5664,12.246094
2022-06-14 20:47:30,27361.5,4414.934,323.5664,12.238281
2022-06-14 20:47:29,27361.56,4414.879,323.5586,12.238281
2022-06-14 20:47:28,27361.5,4414.941,323.5586,12.238281
2022-06-14 20:47:27,27361.74,4414.703,323.5586,12.230469
2022-06-14 20:47:26,27361.5,4414.949,323.5586,12.230469
2022-06-14 20:47:25,27361.43,4415.027,323.5586,12.222656
2022-06-14 20:47:24,27361.71,4414.742,323.5586,12.222656
2022-06-14 20:47:23,27361.71,4414.742,323.5586,12.222656
2022-06-14 20:47:22,27361.71,4414.742,323.5586,12.222656
2022-06-14 20:47:21,27361.96,4414.496,323.5586,12.222656
2022-06-14 20:47:20,27361.99,4414.465,323.5586,12.222656
2022-06-14 20:47:19,27362.02,4414.434,323.5586,12.222656
2022-06-14 20:47:18,27362.05,4414.402,323.5664,12.214844
2022-06-14 20:47:17,27361.73,4414.723,323.5625,12.214844
2022-06-14 20:47:16,27361.99,4414.469,323.5625,12.214844
2022-06-14 20:47:15,27361.99,4414.469,323.5625,12.214844
2022-06-14 20:47:14,27362.2,4414.262,323.5547,12.214844
2022-06-14 20:47:13,27362.27,4414.199,323.5547,12.214844
2022-06-14 20:47:12,27362.2,4414.262,323.5547,12.214844
2022-06-14 20:47:11,27362.17,4414.297,323.5547,12.210938
2022-06-14 20:47:10,27362.48,4413.988,323.5547,12.210938
2022-06-14 20:47:09,27362.48,4413.988,323.5547,12.210938
2022-06-14 20:47:08,27362.17,4414.305,323.5547,12.203125
2022-06-14 20:47:07,27362.2,4414.281,323.5469,12.203125
2022-06-14 20:47:06,27362.45,4414.035,323.5469,12.203125
2022-06-14 20:47:05,27362.51,4413.98,323.5391,12.203125
2022-06-14 20:47:04,27362.5,4413.988,323.5469,12.195312
2022-06-14 20:47:03,27362.48,4414.012,323.5469,12.195312
2022-06-14 20:47:02,27362.7,4413.797,323.5469,12.195312
2022-06-14 20:47:01,27362.73,4413.773,323.5469,12.1875
2022-06-14 20:47:00,27362.7,4413.805,323.5469,12.1875
2022-06-14 20:46:59,27362.73,4413.773,323.5469,12.1875
2022-06-14 20:46:58,27362.76,4413.75,323.5391,12.1875
2022-06-14 20:46:57,27362.7,4413.781,323.5781,12.179688
2022-06-14 20:46:56,27362.7,4413.805,323.5547,12.179688
2022-06-14 20:46:55,27362.7,4413.816,323.5508,12.171875
2022-06-14 20:46:54,27362.51,4414,323.5508,12.171875
2022-06-14 20:46:53,27363.19,4413.328,323.5469,12.171875
2022-06-14 20:46:52,27363.43,4413.094,323.543,12.164062
2022-06-14 20:46:51,27363.43,4413.098,323.5391,12.164062
2022-06-14 20:46:50,27363.43,4413.098,323.5391,12.164062
2022-06-14 20:46:49,27363.5,4413.055,323.5273,12.15625
2022-06-14 20:46:48,27363.65,4412.906,323.5312,12.148438
2022-06-14 20:46:47,27363.46,4413.09,323.5312,12.148438
2022-06-14 20:46:46,27363.19,4413.379,323.5195,12.148438
2022-06-14 20:46:45,27363.65,4412.918,323.5195,12.148438
2022-06-14 20:46:44,27363.46,4413.105,323.5156,12.148438
2022-06-14 20:46:43,27363.43,4413.137,323.5156,12.148438
2022-06-14 20:46:42,27363.74,4412.836,323.5156,12.140625
2022-06-14 20:46:41,27363.93,4412.66,323.5156,12.132812
2022-06-14 20:46:40,27363.96,4412.629,323.5156,12.132812
2022-06-14 20:46:39,27363.96,4412.629,323.5156,12.132812
2022-06-14 20:46:38,27363.74,4412.844,323.5156,12.132812
2022-06-14 20:46:37,27363.71,4412.875,323.5156,12.132812
2022-06-14 20:46:36,27364.02,4412.543,323.5469,12.125
2022-06-14 20:46:35,27364.23,4412.352,323.5234,12.125
2022-06-14 20:46:34,27364.2,4412.391,323.5234,12.117188
2022-06-14 20:46:33,27363.93,4412.668,323.5234,12.117188
2022-06-14 20:46:32,27364.48,4412.117,323.5195,12.117188
2022-06-14 20:46:31,27364.2,4412.395,323.5195,12.117188
2022-06-14 20:46:30,27364.7,4411.914,323.5156,12.109375
2022-06-14 20:46:29,27364.48,4412.137,323.5156,12.101562
2022-06-14 20:46:28,27364.42,4412.203,323.5117,12.101562
2022-06-14 20:46:27,27364.73,4411.895,323.5117,12.101562
2022-06-14 20:46:26,27364.45,4412.172,323.5117,12.101562
2022-06-14 20:46:25,27364.45,4412.18,323.5039,12.101562
2022-06-14 20:46:24,27364.73,4411.902,323.5039,12.101562
2022-06-14 20:46:23,27364.42,4412.211,323.5039,12.101562
2022-06-14 20:46:22,27364.63,4411.996,323.5039,12.101562
2022-06-14 20:46:21,27364.42,4412.211,323.5039,12.101562
2022-06-14 20:46:20,27364.66,4411.965,323.5039,12.101562
2022-06-14 20:46:19,27364.7,4411.949,323.5039,12.085938
2022-06-14 20:46:18,27364.42,4412.227,323.5039,12.085938
2022-06-14 20:46:17,27364.48,4412.168,323.5,12.085938
2022-06-14 20:46:16,27364.51,4412.137,323.5,12.085938
2022-06-14 20:46:15,27364.7,4411.953,323.5,12.085938
2022-06-14 20:46:14,27364.66,4411.977,323.5078,12.085938
2022-06-14 20:46:13,27364.42,4412.242,323.5039,12.070312
2022-06-14 20:46:12,27364.6,4412.059,323.5039,12.070312
2022-06-14 20:46:11,27364.91,4411.754,323.5,12.070312
2022-06-14 20:46:10,27364.94,4411.723,323.5,12.070312
2022-06-14 20:46:09,27364.94,4411.723,323.5,12.070312
2022-06-14 20:46:08,27364.7,4411.977,323.4922,12.070312
2022-06-14 20:46:07,27365.16,4411.516,323.4922,12.070312
2022-06-14 20:46:06,27365.4,4411.277,323.4844,12.070312
2022-06-14 20:46:05,27365.16,4411.523,323.4922,12.0625
2022-06-14 20:46:04,27365.12,4411.57,323.4766,12.0625
2022-06-14 20:46:03,27365.25,4411.445,323.4844,12.054688
2022-06-14 20:46:02,27365.22,4411.48,323.4805,12.054688
2022-06-14 20:46:01,27365.22,4411.484,323.4766,12.054688
2022-06-14 20:46:00,27365.93,4410.777,323.4844,12.046875
2022-06-14 20:45:59,27365.68,4411.023,323.4844,12.046875
2022-06-14 20:45:58,27365.89,4410.828,323.4805,12.03125
2022-06-14 20:45:57,27365.96,4410.77,323.4766,12.03125
2022-06-14 20:45:56,27365.93,4410.801,323.4766,12.03125
2022-06-14 20:45:55,27365.89,4410.832,323.4766,12.03125
2022-06-14 20:45:54,27365.65,4411.078,323.4766,12.03125
2022-06-14 20:45:53,27366.2,4410.516,323.4844,12.03125
2022-06-14 20:45:52,27366.17,4410.555,323.4844,12.023438
2022-06-14 20:45:51,27366.42,4410.316,323.4844,12.015625
2022-06-14 20:45:50,27366.17,4410.562,323.4844,12.015625
2022-06-14 20:45:49,27366.17,4410.562,323.4844,12.015625
2022-06-14 20:45:48,27366.42,4410.316,323.4844,12.015625
2022-06-14 20:45:47,27366.13,4410.602,323.4844,12.015625
2022-06-14 20:45:46,27366.2,4410.539,323.4844,12.007812
2022-06-14 20:45:45,27366.62,4410.129,323.4805,12.007812
2022-06-14 20:45:44,27366.68,4410.066,323.4805,12.007812
2022-06-14 20:45:43,27366.7,4410.062,323.4609,12.007812
2022-06-14 20:45:42,27366.64,4410.125,323.4688,12
2022-06-14 20:45:41,27366.95,4409.816,323.4688,12
2022-06-14 20:45:40,27367.16,4409.617,323.4688,11.992188
2022-06-14 20:45:39,27367.39,4409.379,323.4688,11.992188
2022-06-14 20:45:38,27367.4,4409.371,323.4688,11.992188
2022-06-14 20:45:37,27367.92,4408.855,323.4688,11.992188
2022-06-14 20:45:36,27368.21,4408.57,323.4688,11.984375
2022-06-14 20:45:35,27369.89,4406.895,323.4688,11.984375
2022-06-14 20:45:34,27369.87,4406.918,323.4609,11.984375
2022-06-14 20:45:33,27369.84,4406.949,323.4609,11.984375
2022-06-14 20:45:32,27370.11,4406.68,323.4688,11.976562
2022-06-14 20:45:31,27370.08,4406.711,323.4688,11.976562
2022-06-14 20:45:30,27370.39,4406.406,323.4648,11.96875
2022-06-14 20:45:29,27370.11,4406.691,323.4648,11.96875
2022-06-14 20:45:28,27370.14,4406.664,323.4609,11.96875
2022-06-14 20:45:27,27370.26,4406.555,323.457,11.960938
2022-06-14 20:45:26,27370.41,4406.406,323.457,11.960938
2022-06-14 20:45:25,27370.16,4406.66,323.457,11.960938
2022-06-14 20:45:24,27370.62,4406.199,323.457,11.960938
2022-06-14 20:45:23,27370.36,4406.457,323.4531,11.960938
2022-06-14 20:45:22,27370.42,4406.41,323.4531,11.953125
2022-06-14 20:45:21,27370.61,4406.219,323.4531,11.953125
2022-06-14 20:45:20,27370.86,4405.965,323.4531,11.953125
2022-06-14 20:45:19,27370.61,4406.219,323.4531,11.953125
2022-06-14 20:45:18,27370.63,4406.203,323.4531,11.945312
2022-06-14 20:45:17,27370.38,4406.465,323.4453,11.945312
2022-06-14 20:45:16,27370.88,4405.965,323.4531,11.9375
2022-06-14 20:45:15,27370.85,4405.996,323.4531,11.9375
2022-06-14 20:45:14,27370.91,4405.934,323.4531,11.9375
2022-06-14 20:45:13,27370.82,4406.02,323.4531,11.9375
2022-06-14 20:45:12,27370.38,4406.465,323.4531,11.9375
2022-06-14 20:45:11,27370.57,4406.273,323.4531,11.9375
2022-06-14 20:45:10,27370.6,4406.242,323.4531,11.9375
2022-06-14 20:45:09,27370.57,4406.289,323.4375,11.9375
2022-06-14 20:45:08,27370.82,4406.035,323.4531,11.921875
2022-06-14 20:45:07,27370.57,4406.289,323.4531,11.921875
2022-06-14 20:45:06,27370.12,4406.734,323.4531,11.921875
2022-06-14 20:45:05,27370.43,4406.43,323.4492,11.921875
2022-06-14 20:45:04,27370.33,4406.539,323.4414,11.921875
2022-06-14 20:45:03,27370.36,4406.508,323.4414,11.921875
2022-06-14 20:45:02,27370.38,4406.492,323.4414,11.921875
2022-06-14 20:45:01,27370.12,4406.746,323.4414,11.921875
2022-06-14 20:45:00,27370.34,4406.539,323.4336,11.921875
2022-06-14 20:44:59,27370.34,4406.539,323.4414,11.914062
2022-06-14 20:44:58,27370.37,4406.508,323.4414,11.914062
2022-06-14 20:44:57,27370.37,4406.516,323.4414,11.90625
2022-06-14 20:44:56,27370.31,4406.578,323.4414,11.90625
2022-06-14 20:44:55,27370.62,4406.27,323.4414,11.90625
2022-06-14 20:44:54,27370.62,4406.273,323.4375,11.90625
2022-06-14 20:44:53,27370.34,4406.551,323.4375,11.90625
2022-06-14 20:44:52,27370.86,4406.043,323.4375,11.898438
2022-06-14 20:44:51,27370.71,4406.195,323.4375,11.890625
2022-06-14 20:44:50,27370.42,4406.492,323.4336,11.890625
2022-06-14 20:44:49,27370.64,4406.27,323.4336,11.890625
2022-06-14 20:44:48,27370.62,4406.297,323.4297,11.890625
2022-06-14 20:44:47,27370.51,4406.426,323.418,11.882812
2022-06-14 20:44:46,27370.82,4406.109,323.418,11.882812
2022-06-14 20:44:45,27370.68,4406.258,323.4141,11.882812
2022-06-14 20:44:44,27371.1,4405.84,323.4102,11.882812
2022-06-14 20:44:43,27370.89,4406.062,323.4023,11.875
2022-06-14 20:44:42,27370.61,4406.348,323.4102,11.867188
2022-06-14 20:44:41,27370.89,4406.074,323.4062,11.867188
2022-06-14 20:44:40,27370.62,4406.344,323.4062,11.867188
2022-06-14 20:44:39,27370.64,4406.32,323.4062,11.867188
2022-06-14 20:44:38,27370.37,4406.59,323.4062,11.867188
2022-06-14 20:44:37,27371.08,4405.887,323.4023,11.867188
2022-06-14 20:44:36,27370.86,4406.109,323.4023,11.859375
2022-06-14 20:44:35,27370.86,4406.109,323.4023,11.859375
2022-06-14 20:44:34,27370.86,4406.109,323.4023,11.859375
2022-06-14 20:44:33,27371.08,4405.895,323.4023,11.859375
2022-06-14 20:44:32,27371.08,4405.895,323.4023,11.859375
2022-06-14 20:44:31,27371.11,4405.863,323.4023,11.859375
2022-06-14 20:44:30,27370.93,4406.047,323.4023,11.859375
2022-06-14 20:44:29,27371.16,4405.809,323.4023,11.859375
2022-06-14 20:44:28,27370.89,4406.086,323.4023,11.859375
2022-06-14 20:44:27,27371.11,4405.871,323.3945,11.859375
2022-06-14 20:44:26,27370.84,4406.141,323.4023,11.851562
2022-06-14 20:44:25,27371.4,4405.578,323.4023,11.851562
2022-06-14 20:44:24,27371.43,4405.547,323.4023,11.851562
2022-06-14 20:44:23,27371.43,4405.547,323.4023,11.851562
2022-06-14 20:44:22,27371.86,4405.133,323.3945,11.84375
2022-06-14 20:44:21,27371.89,4405.102,323.4023,11.835938
2022-06-14 20:44:20,27371.65,4405.348,323.4023,11.835938
2022-06-14 20:44:19,27371.36,4405.641,323.4023,11.835938
2022-06-14 20:44:18,27371.58,4405.418,323.4023,11.835938
2022-06-14 20:44:17,27371.55,4405.449,323.4023,11.835938
2022-06-14 20:44:16,27371.4,4405.598,323.3984,11.835938
2022-06-14 20:44:15,27371.15,4405.852,323.4023,11.832031
2022-06-14 20:44:14,27371.37,4405.637,323.4023,11.824219
2022-06-14 20:44:13,27371.36,4405.645,323.4023,11.824219
2022-06-14 20:44:12,27371.62,4405.391,323.4023,11.824219
2022-06-14 20:44:11,27371.62,4405.391,323.4023,11.824219
2022-06-14 20:44:10,27371.59,4405.422,323.4023,11.824219
2022-06-14 20:44:09,27371.64,4405.375,323.4023,11.816406
2022-06-14 20:44:08,27371.65,4405.375,323.3945,11.816406
2022-06-14 20:44:07,27371.65,4405.375,323.4023,11.808594
2022-06-14 20:44:06,27371.86,4405.16,323.4023,11.808594
2022-06-14 20:44:05,27371.89,4405.137,323.4023,11.808594
2022-06-14 20:44:04,27371.83,4405.195,323.3984,11.808594
2022-06-14 20:44:03,27371.56,4405.465,323.3984,11.808594
2022-06-14 20:44:02,27371.39,4405.66,323.3945,11.792969
2022-06-14 20:44:01,27371.38,4405.668,323.3945,11.792969
2022-06-14 20:44:00,27371.29,4405.758,323.3906,11.792969
2022-06-14 20:43:59,27371.29,4405.766,323.3906,11.792969
2022-06-14 20:43:58,27371.32,4405.727,323.3906,11.792969
2022-06-14 20:43:57,27371.11,4405.949,323.3906,11.785156
2022-06-14 20:43:56,27370.87,4406.188,323.3906,11.785156
2022-06-14 20:43:55,27370.62,4406.457,323.3828,11.777344
2022-06-14 20:43:54,27370.62,4406.449,323.3906,11.769531
2022-06-14 20:43:53,27370.59,4406.488,323.3906,11.769531
2022-06-14 20:43:52,27370.81,4406.266,323.3906,11.769531
2022-06-14 20:43:51,27371.18,4405.895,323.3906,11.769531
2022-06-14 20:43:50,27370.59,4406.496,323.3828,11.769531
2022-06-14 20:43:49,27371.05,4406.035,323.3906,11.753906
2022-06-14 20:43:48,27371.05,4406.035,323.3906,11.753906
2022-06-14 20:43:47,27371.31,4405.785,323.3867,11.753906
2022-06-14 20:43:46,27371.09,4406.008,323.3867,11.753906
2022-06-14 20:43:45,27370.83,4406.262,323.3867,11.753906
2022-06-14 20:43:44,27371.33,4405.77,323.3789,11.753906
2022-06-14 20:43:43,27371.05,4406.047,323.3789,11.753906
2022-06-14 20:43:42,27371.36,4405.738,323.3867,11.746094
2022-06-14 20:43:41,27371.18,4405.926,323.3828,11.746094
2022-06-14 20:43:40,27371.4,4405.707,323.3789,11.746094
2022-06-14 20:43:39,27371.38,4405.742,323.3672,11.746094
2022-06-14 20:43:38,27371.09,4406.027,323.3672,11.746094
2022-06-14 20:43:37,27370.83,4406.297,323.3594,11.746094
2022-06-14 20:43:36,27371.16,4405.973,323.3672,11.738281
2022-06-14 20:43:35,27371.09,4406.043,323.3672,11.738281
2022-06-14 20:43:34,27371.59,4405.547,323.3633,11.738281
2022-06-14 20:43:33,27371.59,4405.555,323.3555,11.738281
2022-06-14 20:43:32,27371.59,4405.555,323.3555,11.738281
2022-06-14 20:43:31,27371.92,4405.223,323.3555,11.738281
2022-06-14 20:43:30,27371.83,4405.316,323.3555,11.730469
2022-06-14 20:43:29,27372.09,4405.059,323.3516,11.730469
2022-06-14 20:43:28,27371.93,4405.227,323.3516,11.730469
2022-06-14 20:43:27,27372.12,4405.027,323.3516,11.730469
2022-06-14 20:43:26,27372.08,4405.074,323.3516,11.730469
2022-06-14 20:43:25,27371.82,4405.344,323.3438,11.730469
2022-06-14 20:43:24,27372.11,4405.059,323.3438,11.722656
2022-06-14 20:43:23,27372.12,4405.047,323.3477,11.714844
2022-06-14 20:43:22,27371.86,4405.309,323.3477,11.714844
2022-06-14 20:43:21,27371.85,4405.328,323.3438,11.714844
2022-06-14 20:43:20,27371.55,4405.633,323.3398,11.714844
2022-06-14 20:43:19,27371.66,4405.531,323.3398,11.707031
2022-06-14 20:43:18,27371.92,4405.27,323.3398,11.707031
2022-06-14 20:43:17,27371.85,4405.348,323.3398,11.699219
2022-06-14 20:43:16,27371.85,4405.348,323.3398,11.699219
2022-06-14 20:43:15,27371.57,4405.625,323.3398,11.699219
2022-06-14 20:43:14,27371.58,4405.617,323.3398,11.699219
2022-06-14 20:43:13,27371.85,4405.348,323.3398,11.699219
2022-06-14 20:43:12,27371.64,4405.555,323.3398,11.699219
2022-06-14 20:43:11,27372.1,4405.094,323.3398,11.699219
2022-06-14 20:43:10,27372.1,4405.094,323.3398,11.699219
2022-06-14 20:43:09,27371.57,4405.629,323.3398,11.695312
2022-06-14 20:43:08,27371.82,4405.375,323.3398,11.695312
2022-06-14 20:43:07,27371.89,4405.305,323.3398,11.695312
2022-06-14 20:43:06,27372.13,4405.066,323.3398,11.695312
2022-06-14 20:43:05,27372.14,4405.059,323.3398,11.695312
2022-06-14 20:43:04,27371.86,4405.344,323.3398,11.695312
2022-06-14 20:43:03,27372.14,4405.059,323.3398,11.695312
2022-06-14 20:43:02,27372.38,4404.828,323.3398,11.6875
2022-06-14 20:43:01,27372.36,4404.852,323.3398,11.6875
2022-06-14 20:43:00,27372.04,4405.168,323.3398,11.6875
2022-06-14 20:42:59,27372.08,4405.129,323.3398,11.6875
2022-06-14 20:42:58,27372.32,4404.891,323.3398,11.6875
2022-06-14 20:42:57,27372.32,4404.883,323.3398,11.6875
2022-06-14 20:42:56,27372.61,4404.602,323.3398,11.683594
2022-06-14 20:42:55,27372.57,4404.648,323.3398,11.675781
2022-06-14 20:42:54,27372.6,4404.617,323.3398,11.675781
2022-06-14 20:42:53,27372.59,4404.633,323.3398,11.675781
2022-06-14 20:42:52,27372.59,4404.625,323.3398,11.675781
2022-06-14 20:42:51,27372.35,4404.871,323.3398,11.675781
2022-06-14 20:42:50,27372.86,4404.367,323.3359,11.667969
2022-06-14 20:42:49,27372.83,4404.398,323.3359,11.667969
2022-06-14 20:42:48,27372.86,4404.375,323.3359,11.660156
2022-06-14 20:42:47,27372.84,4404.398,323.3359,11.660156
2022-06-14 20:42:46,27372.34,4404.898,323.3359,11.660156
2022-06-14 20:42:45,27372.85,4404.398,323.3281,11.660156
2022-06-14 20:42:44,27372.56,4404.684,323.3359,11.652344
2022-06-14 20:42:43,27372.84,4404.418,323.332,11.644531
2022-06-14 20:42:42,27372.59,4404.664,323.332,11.644531
2022-06-14 20:42:41,27373.06,4404.195,323.332,11.644531
2022-06-14 20:42:40,27372.84,4404.418,323.332,11.644531
2022-06-14 20:42:39,27372.86,4404.398,323.3281,11.644531
2022-06-14 20:42:38,27372.87,4404.398,323.3281,11.636719
2022-06-14 20:42:37,27373.09,4404.191,323.3281,11.628906
2022-06-14 20:42:36,27373.06,4404.219,323.3242,11.628906
2022-06-14 20:42:35,27373.25,4404.031,323.3203,11.628906
2022-06-14 20:42:34,27373.34,4403.949,323.3164,11.628906
2022-06-14 20:42:33,27373.35,4403.949,323.3086,11.628906
2022-06-14 20:42:32,27373.31,4403.988,323.3086,11.628906
2022-06-14 20:42:31,27373.04,4404.258,323.3086,11.628906
2022-06-14 20:42:30,27373.03,4404.266,323.3086,11.628906
2022-06-14 20:42:29,27373.59,4403.703,323.3086,11.628906
2022-06-14 20:42:28,27373.62,4403.68,323.3086,11.628906
2022-06-14 20:42:27,27373.29,4404.02,323.3086,11.621094
2022-06-14 20:42:26,27373.31,4404.004,323.3086,11.613281
2022-06-14 20:42:25,27373.53,4403.781,323.3086,11.613281
2022-06-14 20:42:24,27373.52,4403.789,323.3086,11.613281
2022-06-14 20:42:23,27373.53,4403.781,323.3086,11.613281
2022-06-14 20:42:22,27373.52,4403.797,323.3086,11.613281
2022-06-14 20:42:21,27373.35,4403.977,323.3047,11.605469
2022-06-14 20:42:20,27373.83,4403.5,323.2969,11.605469
2022-06-14 20:42:19,27373.81,4403.523,323.2969,11.605469
2022-06-14 20:42:18,27373.52,4403.82,323.293,11.597656
2022-06-14 20:42:17,27373.56,4403.785,323.2891,11.597656
2022-06-14 20:42:16,27373.55,4403.805,323.2773,11.597656
2022-06-14 20:42:15,27373.78,4403.582,323.2852,11.589844
2022-06-14 20:42:14,27373.56,4403.797,323.2852,11.589844
2022-06-14 20:42:13,27373.5,4403.859,323.2852,11.589844
2022-06-14 20:42:12,27373.78,4403.59,323.2852,11.582031
2022-06-14 20:42:11,27373.84,4403.527,323.2852,11.582031
2022-06-14 20:42:10,27373.55,4403.816,323.2812,11.582031
2022-06-14 20:42:09,27373.81,4403.562,323.2812,11.582031
2022-06-14 20:42:08,27373.77,4403.609,323.2812,11.574219
2022-06-14 20:42:07,27373.75,4403.633,323.2812,11.574219
2022-06-14 20:42:06,27373.55,4403.824,323.2812,11.574219
2022-06-14 20:42:05,27373.56,4403.816,323.2812,11.574219
2022-06-14 20:42:04,27374.02,4403.371,323.2812,11.566406
2022-06-14 20:42:03,27373.84,4403.555,323.2812,11.558594
2022-06-14 20:42:02,27373.55,4403.84,323.2812,11.558594
2022-06-14 20:42:01,27373.78,4403.617,323.2812,11.558594
2022-06-14 20:42:00,27373.62,4403.781,323.2773,11.558594
2022-06-14 20:41:59,27374.02,4403.375,323.2773,11.558594
2022-06-14 20:41:58,27373.8,4403.605,323.2773,11.550781
2022-06-14 20:41:57,27374.16,4403.258,323.2773,11.542969
2022-06-14 20:41:56,27373.86,4403.555,323.2734,11.542969
2022-06-14 20:41:55,27373.81,4403.609,323.2734,11.542969
2022-06-14 20:41:54,27374.05,4403.375,323.2695,11.542969
2022-06-14 20:41:53,27374.33,4403.098,323.2695,11.535156
2022-06-14 20:41:52,27374.55,4402.898,323.2695,11.519531
2022-06-14 20:41:51,27374.83,4402.613,323.2695,11.519531
2022-06-14 20:41:50,27374.82,4402.621,323.2695,11.519531
2022-06-14 20:41:49,27374.8,4402.645,323.2695,11.519531
2022-06-14 20:41:48,27374.52,4402.938,323.2695,11.511719
2022-06-14 20:41:47,27374.55,4402.906,323.2695,11.503906
2022-06-14 20:41:46,27374.79,4402.668,323.2695,11.503906
2022-06-14 20:41:45,27374.51,4402.953,323.2695,11.503906
2022-06-14 20:41:44,27374.76,4402.699,323.2695,11.503906
2022-06-14 20:41:43,27374.98,4402.477,323.2695,11.503906
2022-06-14 20:41:42,27374.76,4402.707,323.2695,11.496094
2022-06-14 20:41:41,27374.81,4402.672,323.2656,11.488281
2022-06-14 20:41:40,27375.04,4402.441,323.2656,11.488281
2022-06-14 20:41:39,27375.05,4402.434,323.2656,11.488281
2022-06-14 20:41:38,27375.01,4402.473,323.2656,11.488281
2022-06-14 20:41:37,27375.11,4402.371,323.2656,11.488281
2022-06-14 20:41:36,27375.11,4402.379,323.2656,11.480469
2022-06-14 20:41:35,27375.02,4402.477,323.2617,11.480469
2022-06-14 20:41:34,27375,4402.492,323.2617,11.480469
2022-06-14 20:41:33,27375.24,4402.262,323.2617,11.472656
2022-06-14 20:41:32,27375.01,4402.492,323.2617,11.472656
2022-06-14 20:41:31,27375.07,4402.438,323.2539,11.472656
2022-06-14 20:41:30,27375.59,4401.922,323.2539,11.464844
2022-06-14 20:41:29,27375.32,4402.191,323.2539,11.464844
2022-06-14 20:41:28,27375.56,4401.961,323.2539,11.457031
2022-06-14 20:41:27,27375.29,4402.23,323.2539,11.457031
2022-06-14 20:41:26,27375.5,4402.023,323.2539,11.457031
2022-06-14 20:41:25,27375.52,4402.008,323.2539,11.457031
2022-06-14 20:41:24,27375.25,4402.27,323.2539,11.457031
2022-06-14 20:41:23,27375.29,4402.23,323.2539,11.457031
2022-06-14 20:41:22,27375.75,4401.785,323.2539,11.449219
2022-06-14 20:41:21,27375.51,4402.023,323.2539,11.449219
2022-06-14 20:41:20,27375.5,4402.039,323.2539,11.441406
2022-06-14 20:41:19,27375.57,4401.969,323.2539,11.441406
2022-06-14 20:41:18,27375.53,4402.008,323.2539,11.441406
2022-06-14 20:41:17,27375.75,4401.785,323.2539,11.441406
2022-06-14 20:41:16,27375.5,4402.047,323.2539,11.433594
2022-06-14 20:41:15,27375.32,4402.223,323.2539,11.433594
2022-06-14 20:41:14,27375.5,4402.047,323.2539,11.433594
2022-06-14 20:41:13,27375.6,4401.945,323.2539,11.433594
2022-06-14 20:41:12,27375.81,4401.746,323.2539,11.425781
2022-06-14 20:41:11,27375.54,4402.023,323.2539,11.417969
2022-06-14 20:41:10,27375.78,4401.789,323.25,11.417969
2022-06-14 20:41:09,27376.28,4401.289,323.25,11.417969
2022-06-14 20:41:08,27376.02,4401.551,323.2422,11.417969
2022-06-14 20:41:07,27376,4401.574,323.2422,11.417969
2022-06-14 20:41:06,27375.99,4401.598,323.2344,11.410156
2022-06-14 20:41:05,27376.28,4401.32,323.2344,11.402344
2022-06-14 20:41:04,27376.02,4401.578,323.2305,11.402344
2022-06-14 20:41:03,27376.28,4401.324,323.2305,11.402344
2022-06-14 20:41:02,27376.24,4401.363,323.2305,11.402344
2022-06-14 20:41:01,27376.22,4401.379,323.2305,11.402344
2022-06-14 20:41:00,27376.58,4401.023,323.2305,11.402344
2022-06-14 20:40:59,27376.53,4401.07,323.2305,11.402344
2022-06-14 20:40:58,27376.52,4401.094,323.2305,11.386719
2022-06-14 20:40:57,27376.71,4400.902,323.2305,11.386719
2022-06-14 20:40:56,27376.5,4401.117,323.2305,11.386719
2022-06-14 20:40:55,27376.47,4401.152,323.2266,11.386719
2022-06-14 20:40:54,27376.44,4401.184,323.2266,11.386719
2022-06-14 20:40:53,27376.49,4401.145,323.2109,11.386719
2022-06-14 20:40:52,27376.78,4400.867,323.2109,11.378906
2022-06-14 20:40:51,27376.75,4400.898,323.2188,11.371094
2022-06-14 20:40:50,27376.45,4401.191,323.2188,11.371094
2022-06-14 20:40:49,27376.99,4400.652,323.2188,11.371094
2022-06-14 20:40:48,27376.73,4400.914,323.2188,11.371094
2022-06-14 20:40:47,27376.71,4400.941,323.2148,11.363281
2022-06-14 20:40:46,27376.76,4400.902,323.207,11.363281
2022-06-14 20:40:45,27376.52,4401.141,323.2148,11.355469
2022-06-14 20:40:44,27376.73,4400.934,323.2148,11.355469
2022-06-14 20:40:43,27376.44,4401.227,323.2148,11.355469
2022-06-14 20:40:42,27376.73,4400.934,323.2148,11.355469
2022-06-14 20:40:41,27376.75,4400.926,323.2148,11.347656
2022-06-14 20:40:40,27376.68,4400.996,323.2148,11.339844
2022-06-14 20:40:39,27376.93,4400.754,323.2109,11.339844
2022-06-14 20:40:38,27376.93,4400.754,323.2109,11.339844
2022-06-14 20:40:37,27376.96,4400.723,323.2109,11.339844
2022-06-14 20:40:36,27376.99,4400.699,323.2109,11.332031
2022-06-14 20:40:35,27376.71,4400.98,323.207,11.332031
2022-06-14 20:40:34,27377.18,4400.527,323.207,11.324219
2022-06-14 20:40:33,27376.96,4400.746,323.2031,11.324219
2022-06-14 20:40:32,27376.99,4400.715,323.2031,11.324219
2022-06-14 20:40:31,27377.24,4400.48,323.1992,11.316406
2022-06-14 20:40:30,27376.93,4400.789,323.1992,11.316406
2022-06-14 20:40:29,27377.21,4400.523,323.1953,11.308594
2022-06-14 20:40:28,27376.9,4400.832,323.1953,11.308594
2022-06-14 20:40:27,27376.71,4401.02,323.1914,11.308594
2022-06-14 20:40:26,27376.99,4400.742,323.1914,11.308594
2022-06-14 20:40:25,27376.93,4400.805,323.1914,11.308594
2022-06-14 20:40:24,27377.02,4400.711,323.1914,11.308594
2022-06-14 20:40:23,27377.21,4400.527,323.1914,11.308594
2022-06-14 20:40:22,27377.45,4400.281,323.1914,11.308594
2022-06-14 20:40:21,27377.68,4400.059,323.1914,11.308594
2022-06-14 20:40:20,27377.45,4400.289,323.1914,11.300781
2022-06-14 20:40:19,27377.45,4400.289,323.1914,11.300781
2022-06-14 20:40:18,27377.73,4400.012,323.1914,11.300781
2022-06-14 20:40:17,27377.73,4400.012,323.1914,11.300781
2022-06-14 20:40:16,27377.67,4400.074,323.1914,11.300781
2022-06-14 20:40:15,27377.73,4400.02,323.1914,11.292969
2022-06-14 20:40:14,27377.73,4400.02,323.1914,11.292969
2022-06-14 20:40:13,27377.95,4399.797,323.1914,11.292969
2022-06-14 20:40:12,27378.16,4399.59,323.1914,11.292969
2022-06-14 20:40:11,27377.91,4399.836,323.1914,11.292969
2022-06-14 20:40:10,27377.94,4399.82,323.1914,11.285156
2022-06-14 20:40:09,27377.98,4399.781,323.1914,11.285156
2022-06-14 20:40:08,27378.41,4399.352,323.1914,11.285156
2022-06-14 20:40:07,27378.65,4399.105,323.1914,11.285156
2022-06-14 20:40:06,27378.71,4399.047,323.1914,11.28125
2022-06-14 20:40:05,27378.68,4399.078,323.1914,11.28125
2022-06-14 20:40:04,27378.96,4398.809,323.1914,11.273438
2022-06-14 20:40:03,27378.93,4398.84,323.1914,11.273438
2022-06-14 20:40:02,27378.96,4398.809,323.1914,11.273438
2022-06-14 20:40:01,27378.9,4398.871,323.1914,11.273438
2022-06-14 20:40:00,27379.45,4398.324,323.1914,11.273438
2022-06-14 20:39:59,27379.42,4398.348,323.1914,11.273438
2022-06-14 20:39:58,27379.39,4398.387,323.1914,11.265625
2022-06-14 20:39:57,27379.18,4398.602,323.1914,11.265625
2022-06-14 20:39:56,27379.88,4397.895,323.1914,11.265625
2022-06-14 20:39:55,27380.01,4397.777,323.1914,11.257812
2022-06-14 20:39:54,27379.67,4398.117,323.1914,11.257812
2022-06-14 20:39:53,27379.64,4398.152,323.1875,11.257812
2022-06-14 20:39:52,27379.89,4397.898,323.1875,11.257812
2022-06-14 20:39:51,27379.88,4397.91,323.1836,11.257812
2022-06-14 20:39:50,27380.13,4397.664,323.1836,11.257812
2022-06-14 20:39:49,27380.22,4397.582,323.1797,11.25
2022-06-14 20:39:48,27380.38,4397.43,323.1797,11.25
2022-06-14 20:39:47,27380.16,4397.645,323.1797,11.25
2022-06-14 20:39:46,27380.34,4397.461,323.1797,11.25
2022-06-14 20:39:45,27380.62,4397.188,323.1758,11.25
2022-06-14 20:39:44,27380.9,4396.918,323.1758,11.242188
2022-06-14 20:39:43,27380.87,4396.949,323.1758,11.242188
2022-06-14 20:39:42,27380.87,4396.961,323.1641,11.242188
2022-06-14 20:39:41,27381.67,4396.16,323.1719,11.234375
2022-06-14 20:39:40,27381.88,4395.949,323.168,11.234375
2022-06-14 20:39:39,27381.88,4395.957,323.1602,11.234375
2022-06-14 20:39:38,27383.19,4394.656,323.1602,11.226562
2022-06-14 20:39:37,27383.38,4394.473,323.1602,11.226562
2022-06-14 20:39:36,27383.1,4394.75,323.1602,11.226562
2022-06-14 20:39:35,27383.87,4393.98,323.1602,11.226562
2022-06-14 20:39:34,27383.56,4394.297,323.1602,11.21875
2022-06-14 20:39:33,27383.87,4394,323.1562,11.210938
2022-06-14 20:39:32,27383.59,4394.277,323.1562,11.210938
2022-06-14 20:39:31,27383.65,4394.215,323.1562,11.210938
2022-06-14 20:39:30,27384.61,4393.266,323.1523,11.210938
2022-06-14 20:39:29,27384.85,4393.031,323.1484,11.203125
2022-06-14 20:39:28,27384.86,4393.023,323.1484,11.203125
2022-06-14 20:39:27,27384.99,4392.898,323.1406,11.203125
2022-06-14 20:39:26,27385.14,4392.746,323.1406,11.203125
2022-06-14 20:39:25,27385.41,4392.484,323.1406,11.203125
2022-06-14 20:39:24,27385.11,4392.789,323.1289,11.203125
2022-06-14 20:39:23,27385.59,4392.312,323.1367,11.195312
2022-06-14 20:39:22,27385.57,4392.328,323.1367,11.195312
2022-06-14 20:39:21,27385.55,4392.352,323.1367,11.195312
2022-06-14 20:39:20,27385.8,4392.105,323.1367,11.195312
2022-06-14 20:39:19,27385.83,4392.074,323.1367,11.195312
2022-06-14 20:39:18,27385.88,4392.035,323.1367,11.1875
2022-06-14 20:39:17,27386.38,4391.527,323.1367,11.1875
2022-06-14 20:39:16,27386.38,4391.535,323.1367,11.1875
2022-06-14 20:39:15,27386.31,4391.59,323.1445,11.1875
2022-06-14 20:39:14,27386.34,4391.559,323.1445,11.1875
2022-06-14 20:39:13,27386.88,4391.027,323.1445,11.1875
2022-06-14 20:39:12,27386.8,4391.117,323.1406,11.171875
2022-06-14 20:39:11,27386.78,4391.141,323.1406,11.171875
2022-06-14 20:39:10,27386.62,4391.301,323.1406,11.171875
2022-06-14 20:39:09,27387.09,4390.832,323.1406,11.171875
2022-06-14 20:39:08,27387.04,4390.883,323.1367,11.171875
2022-06-14 20:39:07,27387.31,4390.613,323.1367,11.171875
2022-06-14 20:39:06,27387.32,4390.617,323.1328,11.164062
2022-06-14 20:39:05,27387.37,4390.57,323.1328,11.164062
2022-06-14 20:39:04,27387.04,4390.902,323.125,11.164062
2022-06-14 20:39:03,27387.84,4390.109,323.125,11.164062
2022-06-14 20:39:02,27387.82,4390.125,323.125,11.164062
2022-06-14 20:39:01,27388.01,4389.934,323.125,11.164062
2022-06-14 20:39:00,27387.79,4390.156,323.125,11.164062
2022-06-14 20:38:59,27388.57,4389.379,323.125,11.164062
2022-06-14 20:38:58,27388.59,4389.359,323.125,11.160156
2022-06-14 20:38:57,27388.59,4389.359,323.125,11.160156
2022-06-14 20:38:56,27388.59,4389.359,323.125,11.160156
2022-06-14 20:38:55,27388.81,4389.137,323.125,11.160156
2022-06-14 20:38:54,27389.05,4388.898,323.125,11.160156
2022-06-14 20:38:53,27388.8,4389.145,323.1328,11.152344
2022-06-14 20:38:52,27388.53,4389.422,323.1328,11.152344
2022-06-14 20:38:51,27389.03,4388.922,323.1328,11.152344
2022-06-14 20:38:50,27389.03,4388.922,323.1328,11.152344
2022-06-14 20:38:49,27389.09,4388.859,323.1328,11.152344
2022-06-14 20:38:48,27389.02,4388.93,323.1328,11.152344
2022-06-14 20:38:47,27389.06,4388.898,323.1328,11.144531
2022-06-14 20:38:46,27389.3,4388.66,323.1328,11.144531
2022-06-14 20:38:45,27389.24,4388.723,323.125,11.144531
2022-06-14 20:38:44,27389.27,4388.699,323.1328,11.136719
2022-06-14 20:38:43,27389.3,4388.676,323.125,11.136719
2022-06-14 20:38:42,27389.34,4388.641,323.1211,11.136719
2022-06-14 20:38:41,27389.76,4388.227,323.1211,11.128906
2022-06-14 20:38:40,27389.86,4388.125,323.1211,11.128906
2022-06-14 20:38:39,27390.07,4387.926,323.1211,11.121094
2022-06-14 20:38:38,27390.07,4387.918,323.1211,11.121094
2022-06-14 20:38:37,27390.25,4387.746,323.1172,11.121094
2022-06-14 20:38:36,27390.54,4387.461,323.1172,11.121094
2022-06-14 20:38:35,27390.56,4387.441,323.1133,11.121094
2022-06-14 20:38:34,27391.15,4386.855,323.1133,11.113281
2022-06-14 20:38:33,27391.08,4386.93,323.1094,11.113281
2022-06-14 20:38:32,27391.3,4386.707,323.1172,11.105469
2022-06-14 20:38:31,27391.04,4386.977,323.1172,11.105469
2022-06-14 20:38:30,27391.52,4386.492,323.1172,11.105469
2022-06-14 20:38:29,27392.05,4385.965,323.1133,11.105469
2022-06-14 20:38:28,27392.01,4386.012,323.1133,11.097656
2022-06-14 20:38:27,27391.77,4386.262,323.1094,11.089844
2022-06-14 20:38:26,27391.98,4386.055,323.1094,11.089844
2022-06-14 20:38:25,27392.02,4386.016,323.1094,11.089844
2022-06-14 20:38:24,27392.32,4385.715,323.1094,11.089844
2022-06-14 20:38:23,27392.02,4386.016,323.1094,11.089844
2022-06-14 20:38:22,27392.07,4385.945,323.1328,11.082031
2022-06-14 20:38:21,27392.48,4385.57,323.1016,11.082031
2022-06-14 20:38:20,27392.81,4385.242,323.0977,11.082031
2022-06-14 20:38:19,27392.51,4385.551,323.0977,11.074219
2022-06-14 20:38:18,27392.78,4385.281,323.0977,11.074219
2022-06-14 20:38:17,27392.73,4385.348,323.0938,11.066406
2022-06-14 20:38:16,27392.75,4385.328,323.0898,11.066406
2022-06-14 20:38:15,27392.76,4385.324,323.0859,11.066406
2022-06-14 20:38:14,27393.03,4385.055,323.0859,11.066406
2022-06-14 20:38:13,27393,4385.086,323.0859,11.058594
2022-06-14 20:38:12,27393.3,4384.762,323.1172,11.050781
2022-06-14 20:38:11,27393.22,4384.871,323.0938,11.050781
2022-06-14 20:38:10,27393.3,4384.785,323.0938,11.050781
2022-06-14 20:38:09,27393.53,4384.562,323.0938,11.050781
2022-06-14 20:38:08,27393.8,4384.293,323.0938,11.050781
2022-06-14 20:38:07,27393.99,4384.109,323.0938,11.042969
2022-06-14 20:38:06,27393.98,4384.117,323.0938,11.042969
2022-06-14 20:38:05,27393.99,4384.109,323.0938,11.042969
2022-06-14 20:38:04,27394.29,4383.809,323.0938,11.042969
2022-06-14 20:38:03,27394.48,4383.621,323.0898,11.042969
2022-06-14 20:38:02,27395,4383.113,323.0898,11.035156
2022-06-14 20:38:01,27394.73,4383.383,323.0898,11.035156
2022-06-14 20:38:00,27395.24,4382.887,323.0781,11.027344
2022-06-14 20:37:59,27395.19,4382.945,323.0742,11.027344
2022-06-14 20:37:58,27395.24,4382.891,323.0742,11.027344
2022-06-14 20:37:57,27395.16,4382.977,323.0742,11.027344
2022-06-14 20:37:56,27395.18,4382.953,323.0742,11.027344
2022-06-14 20:37:55,27394.94,4383.191,323.0742,11.027344
2022-06-14 20:37:54,27395.21,4382.922,323.0742,11.027344
2022-06-14 20:37:53,27395.19,4382.945,323.0742,11.027344
2022-06-14 20:37:52,27395.27,4382.859,323.0742,11.027344
2022-06-14 20:37:51,27395.22,4382.922,323.0742,11.019531
2022-06-14 20:37:50,27395.46,4382.676,323.082,11.019531
2022-06-14 20:37:49,27395.74,4382.395,323.0781,11.019531
2022-06-14 20:37:48,27396.01,4382.125,323.0781,11.019531
2022-06-14 20:37:47,27395.74,4382.395,323.0781,11.019531
2022-06-14 20:37:46,27395.77,4382.387,323.0781,11.003906
2022-06-14 20:37:45,27395.99,4382.164,323.0781,11.003906
2022-06-14 20:37:44,27395.95,4382.207,323.0742,11.003906
2022-06-14 20:37:43,27395.99,4382.168,323.0742,11.003906
2022-06-14 20:37:42,27395.92,4382.242,323.0703,11.003906
2022-06-14 20:37:41,27396.42,4381.742,323.0703,11.003906
2022-06-14 20:37:40,27396.48,4381.695,323.0625,10.996094
2022-06-14 20:37:39,27396.26,4381.918,323.0625,10.996094
2022-06-14 20:37:38,27396.27,4381.91,323.0625,10.996094
2022-06-14 20:37:37,27396.5,4381.68,323.0625,10.988281
2022-06-14 20:37:36,27396.76,4381.426,323.0625,10.988281
2022-06-14 20:37:35,27396.23,4381.969,323.0586,10.980469
2022-06-14 20:37:34,27396.23,4381.969,323.0586,10.980469
2022-06-14 20:37:33,27396.57,4381.629,323.0586,10.980469
2022-06-14 20:37:32,27396.46,4381.738,323.0508,10.980469
2022-06-14 20:37:31,27396.47,4381.73,323.0586,10.972656
2022-06-14 20:37:30,27396.96,4381.258,323.0547,10.964844
2022-06-14 20:37:29,27396.96,4381.25,323.0625,10.957031
2022-06-14 20:37:28,27396.96,4381.258,323.0625,10.957031
2022-06-14 20:37:27,27398.23,4379.992,323.0586,10.957031
2022-06-14 20:37:26,27398.17,4380.047,323.0586,10.957031
2022-06-14 20:37:25,27398.23,4379.996,323.0547,10.957031
2022-06-14 20:37:24,27397.99,4380.246,323.0508,10.949219
2022-06-14 20:37:23,27398.23,4380.008,323.0508,10.949219
2022-06-14 20:37:22,27398.23,4380.004,323.0469,10.949219
2022-06-14 20:37:21,27398.23,4380.012,323.0469,10.949219
2022-06-14 20:37:20,27398.2,4380.039,323.043,10.949219
2022-06-14 20:37:19,27398.97,4379.27,323.043,10.949219
2022-06-14 20:37:18,27398.7,4379.547,323.0352,10.949219
2022-06-14 20:37:17,27398.91,4379.34,323.0352,10.949219
2022-06-14 20:37:16,27398.66,4379.594,323.0352,10.941406
2022-06-14 20:37:15,27399.14,4379.117,323.0352,10.941406
2022-06-14 20:37:14,27399.46,4378.793,323.0352,10.941406
2022-06-14 20:37:13,27399.45,4378.809,323.0352,10.941406
2022-06-14 20:37:12,27398.94,4379.316,323.0352,10.941406
2022-06-14 20:37:11,27399.39,4378.879,323.0273,10.941406
2022-06-14 20:37:10,27399.16,4379.109,323.0352,10.933594
2022-06-14 20:37:09,27399.17,4379.094,323.0352,10.933594
2022-06-14 20:37:08,27399.4,4378.863,323.0352,10.933594
2022-06-14 20:37:07,27399.48,4378.777,323.043,10.933594
2022-06-14 20:37:06,27399.47,4378.785,323.043,10.933594
2022-06-14 20:37:05,27399.38,4378.887,323.043,10.925781
2022-06-14 20:37:04,27399.23,4379.039,323.043,10.925781
2022-06-14 20:37:03,27399.38,4378.895,323.043,10.917969
2022-06-14 20:37:02,27399.38,4378.895,323.043,10.917969
2022-06-14 20:37:01,27399.56,4378.711,323.043,10.917969
2022-06-14 20:37:00,27399.69,4378.586,323.043,10.917969
2022-06-14 20:36:59,27399.66,4378.625,323.043,10.910156
2022-06-14 20:36:58,27399.66,4378.625,323.043,10.910156
2022-06-14 20:36:57,27400.15,4378.145,323.0312,10.910156
2022-06-14 20:36:56,27399.96,4378.344,323.0312,10.902344
2022-06-14 20:36:55,27399.87,4378.43,323.0312,10.902344
2022-06-14 20:36:54,27400.38,4377.922,323.0312,10.902344
2022-06-14 20:36:53,27400.23,4378.074,323.0312,10.902344
2022-06-14 20:36:52,27400.2,4378.105,323.0312,10.902344
2022-06-14 20:36:51,27400.41,4377.898,323.0312,10.894531
2022-06-14 20:36:50,27400.44,4377.875,323.0312,10.886719
2022-06-14 20:36:49,27400.62,4377.691,323.0312,10.886719
2022-06-14 20:36:48,27400.62,4377.699,323.0234,10.886719
2022-06-14 20:36:47,27400.38,4377.945,323.0234,10.886719
2022-06-14 20:36:46,27400.93,4377.387,323.0273,10.886719
2022-06-14 20:36:45,27400.84,4377.488,323.0273,10.878906
2022-06-14 20:36:44,27400.85,4377.48,323.0273,10.878906
2022-06-14 20:36:43,27400.86,4377.465,323.0273,10.878906
2022-06-14 20:36:42,27400.94,4377.387,323.0273,10.878906
2022-06-14 20:36:41,27401.08,4377.25,323.0273,10.878906
2022-06-14 20:36:40,27401.16,4377.184,323.0234,10.871094
2022-06-14 20:36:39,27400.65,4377.691,323.0234,10.871094
2022-06-14 20:36:38,27400.91,4377.438,323.0234,10.863281
2022-06-14 20:36:37,27401.11,4377.242,323.0195,10.863281
2022-06-14 20:36:36,27401.19,4377.172,323.0117,10.863281
2022-06-14 20:36:35,27401.16,4377.203,323.0117,10.855469
2022-06-14 20:36:34,27400.88,4377.488,323.0117,10.855469
2022-06-14 20:36:33,27401.42,4376.961,323.0078,10.847656
2022-06-14 20:36:32,27401.64,4376.738,323.0078,10.847656
2022-06-14 20:36:31,27401.62,4376.762,323.0078,10.847656
2022-06-14 20:36:30,27401.64,4376.742,323.0039,10.847656
2022-06-14 20:36:29,27401.89,4376.488,323.0039,10.847656
2022-06-14 20:36:28,27401.64,4376.75,323.0039,10.839844
2022-06-14 20:36:27,27401.62,4376.781,323.0039,10.832031
2022-06-14 20:36:26,27401.61,4376.793,323,10.832031
2022-06-14 20:36:25,27401.93,4376.477,323,10.832031
2022-06-14 20:36:24,27402.16,4376.23,323.0078,10.832031
2022-06-14 20:36:23,27402.13,4376.273,323.0039,10.824219
2022-06-14 20:36:22,27402.35,4376.066,323.0039,10.816406
2022-06-14 20:36:21,27402.06,4376.352,323.0039,10.816406
2022-06-14 20:36:20,27402.6,4375.816,323,10.816406
2022-06-14 20:36:19,27402.4,4376.016,323,10.816406
2022-06-14 20:36:18,27402.39,4376.043,322.9961,10.808594
2022-06-14 20:36:17,27402.34,4376.094,322.9922,10.808594
2022-06-14 20:36:16,27402.61,4375.836,322.9883,10.800781
2022-06-14 20:36:15,27402.89,4375.566,322.9805,10.800781
2022-06-14 20:36:14,27402.61,4375.844,322.9805,10.800781
2022-06-14 20:36:13,27402.61,4375.844,322.9805,10.800781
2022-06-14 20:36:12,27403.13,4375.328,322.9805,10.792969
2022-06-14 20:36:11,27402.64,4375.82,322.9805,10.792969
2022-06-14 20:36:10,27402.89,4375.578,322.9766,10.792969
2022-06-14 20:36:09,27403.1,4375.363,322.9766,10.792969
2022-06-14 20:36:08,27403.1,4375.363,322.9766,10.792969
2022-06-14 20:36:07,27402.86,4375.613,322.9727,10.792969
2022-06-14 20:36:06,27402.89,4375.59,322.9727,10.785156
2022-06-14 20:36:05,27403.13,4375.344,322.9727,10.785156
2022-06-14 20:36:04,27403.38,4375.094,322.9766,10.785156
2022-06-14 20:36:03,27403.07,4375.41,322.9766,10.777344
2022-06-14 20:36:02,27403.07,4375.41,322.9766,10.777344
2022-06-14 20:36:01,27403.57,4374.91,322.9766,10.777344
2022-06-14 20:36:00,27403.66,4374.816,322.9766,10.777344
2022-06-14 20:35:59,27403.88,4374.602,322.9766,10.777344
2022-06-14 20:35:58,27403.7,4374.785,322.9766,10.777344
2022-06-14 20:35:57,27403.6,4374.879,322.9766,10.777344
2022-06-14 20:35:56,27404.59,4373.902,322.9766,10.769531
2022-06-14 20:35:55,27404.55,4373.934,322.9766,10.769531
2022-06-14 20:35:54,27404.65,4373.84,322.9766,10.769531
2022-06-14 20:35:53,27404.34,4374.164,322.9688,10.761719
2022-06-14 20:35:52,27406.29,4372.219,322.9688,10.761719
2022-06-14 20:35:51,27406.53,4371.973,322.9688,10.761719
2022-06-14 20:35:50,27406.32,4372.195,322.9688,10.753906
2022-06-14 20:35:49,27406.32,4372.195,322.9688,10.753906
2022-06-14 20:35:48,27406.56,4371.949,322.9688,10.753906
2022-06-14 20:35:47,27406.56,4371.949,322.9688,10.753906
2022-06-14 20:35:46,27406.87,4371.648,322.9609,10.753906
2022-06-14 20:35:45,27406.81,4371.711,322.9688,10.746094
2022-06-14 20:35:44,27406.84,4371.68,322.9688,10.746094
2022-06-14 20:35:43,27407.02,4371.496,322.9688,10.746094
2022-06-14 20:35:42,27407.06,4371.449,322.9766,10.746094
2022-06-14 20:35:41,27407.29,4371.227,322.9766,10.738281
2022-06-14 20:35:40,27407.09,4371.426,322.9766,10.738281
2022-06-14 20:35:39,27407.11,4371.418,322.9766,10.730469
2022-06-14 20:35:38,27406.95,4371.594,322.9609,10.730469
2022-06-14 20:35:37,27406.89,4371.656,322.9609,10.730469
2022-06-14 20:35:36,27407.35,4371.195,322.9766,10.714844
2022-06-14 20:35:35,27407.07,4371.473,322.9766,10.714844
2022-06-14 20:35:34,27407.07,4371.473,322.9766,10.714844
2022-06-14 20:35:33,27407.3,4371.258,322.9688,10.707031
2022-06-14 20:35:32,27407.4,4371.141,322.9922,10.699219
2022-06-14 20:35:31,27407.32,4371.219,322.9922,10.699219
2022-06-14 20:35:30,27407.32,4371.227,322.9922,10.699219
2022-06-14 20:35:29,27407.61,4370.934,322.9922,10.699219
2022-06-14 20:35:28,27407.53,4371.02,322.9922,10.691406
2022-06-14 20:35:27,27407.61,4370.941,322.9922,10.691406
2022-06-14 20:35:26,27407.38,4371.18,322.9922,10.683594
2022-06-14 20:35:25,27408.07,4370.492,322.9883,10.683594
2022-06-14 20:35:24,27407.81,4370.754,322.9883,10.683594
2022-06-14 20:35:23,27408.1,4370.465,322.9844,10.683594
2022-06-14 20:35:22,27408.02,4370.578,322.9648,10.675781
2022-06-14 20:35:21,27408.01,4370.586,322.9648,10.675781
2022-06-14 20:35:20,27408.09,4370.512,322.9609,10.675781
2022-06-14 20:35:19,27408.07,4370.535,322.9531,10.675781
2022-06-14 20:35:18,27408.33,4370.273,322.9531,10.675781
2022-06-14 20:35:17,27408.81,4369.816,322.9492,10.660156
2022-06-14 20:35:16,27408.58,4370.047,322.9492,10.660156
2022-06-14 20:35:15,27408.56,4370.062,322.9492,10.660156
2022-06-14 20:35:14,27408.58,4370.047,322.9492,10.660156
2022-06-14 20:35:13,27408.83,4369.797,322.9453,10.660156
2022-06-14 20:35:12,27409.05,4369.582,322.9375,10.660156
2022-06-14 20:35:11,27409.05,4369.582,322.9453,10.652344
2022-06-14 20:35:10,27409.59,4369.043,322.9453,10.652344
2022-06-14 20:35:09,27409.52,4369.105,322.9609,10.652344
2022-06-14 20:35:08,27409.55,4369.07,322.957,10.652344
2022-06-14 20:35:07,27409.51,4369.125,322.957,10.644531
2022-06-14 20:35:06,27410.05,4368.594,322.957,10.636719
2022-06-14 20:35:05,27410,4368.641,322.957,10.636719
2022-06-14 20:35:04,27409.83,4368.809,322.957,10.636719
2022-06-14 20:35:03,27409.79,4368.855,322.957,10.636719
2022-06-14 20:35:02,27410.05,4368.594,322.957,10.636719
2022-06-14 20:35:01,27410.48,4368.176,322.9531,10.621094
2022-06-14 20:35:00,27410.41,4368.25,322.9531,10.621094
2022-06-14 20:34:59,27410.34,4368.336,322.9375,10.621094
2022-06-14 20:34:58,27410.17,4368.516,322.9258,10.621094
2022-06-14 20:34:57,27410.62,4368.07,322.9258,10.621094
2022-06-14 20:34:56,27410.71,4367.977,322.9336,10.613281
2022-06-14 20:34:55,27410.37,4368.324,322.9336,10.605469
2022-06-14 20:34:54,27410.37,4368.332,322.9258,10.605469
2022-06-14 20:34:53,27410.31,4368.402,322.918,10.605469
2022-06-14 20:34:52,27410.09,4368.625,322.918,10.605469
2022-06-14 20:34:51,27410.56,4368.148,322.918,10.605469
2022-06-14 20:34:50,27410.55,4368.168,322.9141,10.597656
2022-06-14 20:34:49,27410.59,4368.137,322.9141,10.597656
2022-06-14 20:34:48,27410.66,4368.051,322.9297,10.597656
2022-06-14 20:34:47,27410.42,4368.289,322.9297,10.597656
2022-06-14 20:34:46,27410.62,4368.082,322.9297,10.597656
2022-06-14 20:34:45,27410.6,4368.105,322.9297,10.597656
2022-06-14 20:34:44,27410.44,4368.266,322.9297,10.597656
2022-06-14 20:34:43,27410.63,4368.082,322.9297,10.589844
2022-06-14 20:34:42,27410.87,4367.852,322.9297,10.582031
2022-06-14 20:34:41,27410.6,4368.121,322.9297,10.582031
2022-06-14 20:34:40,27410.62,4368.098,322.9297,10.582031
2022-06-14 20:34:39,27410.58,4368.16,322.9141,10.582031
2022-06-14 20:34:38,27410.59,4368.145,322.9141,10.582031
2022-06-14 20:34:37,27410.86,4367.898,322.9141,10.566406
2022-06-14 20:34:36,27410.84,4367.914,322.9141,10.566406
2022-06-14 20:34:35,27410.86,4367.898,322.9141,10.566406
2022-06-14 20:34:34,27411.18,4367.574,322.9141,10.566406
2022-06-14 20:34:33,27411.1,4367.652,322.9141,10.566406
2022-06-14 20:34:32,27411.12,4367.645,322.9141,10.558594
2022-06-14 20:34:31,27410.86,4367.906,322.9141,10.558594
2022-06-14 20:34:30,27411.15,4367.613,322.9141,10.558594
2022-06-14 20:34:29,27411.1,4367.66,322.9141,10.558594
2022-06-14 20:34:28,27411.12,4367.637,322.9297,10.550781
2022-06-14 20:34:27,27411.07,4367.684,322.9297,10.550781
2022-06-14 20:34:26,27410.84,4367.922,322.9297,10.542969
2022-06-14 20:34:25,27411.38,4367.383,322.9297,10.542969
2022-06-14 20:34:24,27411.12,4367.645,322.9297,10.542969
2022-06-14 20:34:23,27410.86,4367.906,322.9297,10.542969
2022-06-14 20:34:22,27411.12,4367.652,322.9219,10.542969
2022-06-14 20:34:21,27411.16,4367.613,322.9219,10.535156
2022-06-14 20:34:20,27411.15,4367.629,322.9297,10.527344
2022-06-14 20:34:19,27411.12,4367.672,322.9102,10.527344
2022-06-14 20:34:18,27411.03,4367.766,322.9102,10.527344
2022-06-14 20:34:17,27411.28,4367.523,322.9062,10.527344
2022-06-14 20:34:16,27411.31,4367.496,322.9023,10.527344
2022-06-14 20:34:15,27411.09,4367.711,322.9023,10.527344
2022-06-14 20:34:14,27411.03,4367.773,322.9023,10.527344
2022-06-14 20:34:13,27411.37,4367.441,322.9023,10.519531
2022-06-14 20:34:12,27411.26,4367.551,322.9023,10.519531
2022-06-14 20:34:11,27411.28,4367.535,322.9023,10.519531
2022-06-14 20:34:10,27411.02,4367.797,322.9023,10.519531
2022-06-14 20:34:09,27411.09,4367.719,322.9102,10.519531
2022-06-14 20:34:08,27411.3,4367.512,322.9102,10.511719
2022-06-14 20:34:07,27411.02,4367.789,322.918,10.503906
2022-06-14 20:34:06,27411.36,4367.457,322.918,10.503906
2022-06-14 20:34:05,27411.05,4367.758,322.918,10.503906
2022-06-14 20:34:04,27411.07,4367.742,322.918,10.503906
2022-06-14 20:34:03,27411.24,4367.582,322.918,10.496094
2022-06-14 20:34:02,27411.09,4367.734,322.918,10.488281
2022-06-14 20:34:01,27411.3,4367.527,322.918,10.488281
2022-06-14 20:34:00,27411.3,4367.527,322.918,10.488281
2022-06-14 20:33:59,27411.32,4367.504,322.918,10.488281
2022-06-14 20:33:58,27411.26,4367.59,322.8945,10.488281
2022-06-14 20:33:57,27411.58,4367.285,322.8984,10.472656
2022-06-14 20:33:56,27411.72,4367.141,322.8984,10.472656
2022-06-14 20:33:55,27411.58,4367.285,322.8984,10.472656
2022-06-14 20:33:54,27411.54,4367.328,322.8945,10.472656
2022-06-14 20:33:53,27412.06,4366.809,322.8906,10.472656
2022-06-14 20:33:52,27412,4366.871,322.8906,10.472656
2022-06-14 20:33:51,27411.99,4366.891,322.8867,10.464844
2022-06-14 20:33:50,27412.28,4366.605,322.8867,10.464844
2022-06-14 20:33:49,27412.6,4366.285,322.8828,10.464844
2022-06-14 20:33:48,27412.52,4366.371,322.875,10.464844
2022-06-14 20:33:47,27412.56,4366.332,322.875,10.464844
2022-06-14 20:33:46,27412.25,4366.633,322.8906,10.464844
2022-06-14 20:33:45,27412.82,4366.07,322.8906,10.457031
2022-06-14 20:33:44,27412.77,4366.125,322.8828,10.457031
2022-06-14 20:33:43,27412.78,4366.117,322.8906,10.449219
2022-06-14 20:33:42,27412.81,4366.086,322.8906,10.449219
2022-06-14 20:33:41,27413.09,4365.812,322.8867,10.449219
2022-06-14 20:33:40,27412.83,4366.074,322.8867,10.441406
2022-06-14 20:33:39,27412.74,4366.168,322.8867,10.441406
2022-06-14 20:33:38,27412.83,4366.078,322.8828,10.441406
2022-06-14 20:33:37,27412.98,4365.938,322.8789,10.441406
2022-06-14 20:33:36,27413.05,4365.852,322.8945,10.441406
2022-06-14 20:33:35,27412.99,4365.953,322.8555,10.433594
2022-06-14 20:33:34,27413.02,4365.93,322.8633,10.425781
2022-06-14 20:33:33,27412.78,4366.168,322.8633,10.425781
2022-06-14 20:33:32,27413.11,4365.836,322.8633,10.425781
2022-06-14 20:33:31,27413.05,4365.891,322.8633,10.425781
2022-06-14 20:33:30,27413.02,4365.934,322.8594,10.425781
2022-06-14 20:33:29,27412.79,4366.176,322.8477,10.417969
2022-06-14 20:33:28,27413.1,4365.867,322.8555,10.410156
2022-06-14 20:33:27,27413.29,4365.684,322.8555,10.410156
2022-06-14 20:33:26,27413.29,4365.676,322.8555,10.410156
2022-06-14 20:33:25,27413.08,4365.879,322.8672,10.410156
2022-06-14 20:33:24,27413.36,4365.609,322.8672,10.402344
2022-06-14 20:33:23,27413.29,4365.68,322.8594,10.402344
2022-06-14 20:33:22,27413.26,4365.711,322.8672,10.394531
2022-06-14 20:33:21,27413.02,4365.957,322.8672,10.394531
2022-06-14 20:33:20,27413.52,4365.465,322.8672,10.386719
2022-06-14 20:33:19,27413.24,4365.742,322.8672,10.386719
2022-06-14 20:33:18,27413.02,4365.969,322.8633,10.386719
2022-06-14 20:33:17,27413.01,4365.977,322.8633,10.386719
2022-06-14 20:33:16,27413.32,4365.645,322.8789,10.386719
2022-06-14 20:33:15,27413.04,4365.973,322.8398,10.382812
2022-06-14 20:33:14,27413.32,4365.703,322.8398,10.375
2022-06-14 20:33:13,27413.71,4365.305,322.8398,10.375
2022-06-14 20:33:12,27413.71,4365.312,322.8398,10.375
2022-06-14 20:33:11,27413.72,4365.301,322.8359,10.375
2022-06-14 20:33:10,27413.71,4365.328,322.832,10.359375
2022-06-14 20:33:09,27413.71,4365.336,322.832,10.359375
2022-06-14 20:33:08,27413.99,4365.051,322.832,10.359375
2022-06-14 20:33:07,27413.71,4365.32,322.8477,10.359375
2022-06-14 20:33:06,27414.02,4365.004,322.8477,10.359375
2022-06-14 20:33:05,27413.71,4365.32,322.8477,10.351562
2022-06-14 20:33:04,27413.75,4365.289,322.8477,10.351562
2022-06-14 20:33:03,27413.93,4365.105,322.8477,10.351562
2022-06-14 20:33:02,27413.78,4365.258,322.8477,10.351562
2022-06-14 20:33:01,27413.99,4365.051,322.8398,10.351562
2022-06-14 20:33:00,27414.27,4364.773,322.8398,10.351562
2022-06-14 20:32:59,27413.98,4365.059,322.8477,10.34375
2022-06-14 20:32:58,27414.24,4364.805,322.8477,10.34375
2022-06-14 20:32:57,27413.96,4365.082,322.8477,10.34375
2022-06-14 20:32:56,27413.75,4365.289,322.8477,10.34375
2022-06-14 20:32:55,27414.17,4364.875,322.8477,10.34375
2022-06-14 20:32:54,27414.24,4364.82,322.832,10.34375
2022-06-14 20:32:53,27414.22,4364.836,322.832,10.34375
2022-06-14 20:32:52,27414.26,4364.797,322.832,10.34375
2022-06-14 20:32:51,27413.98,4365.09,322.832,10.335938
2022-06-14 20:32:50,27414.25,4364.812,322.832,10.335938
2022-06-14 20:32:49,27414.47,4364.598,322.832,10.335938
2022-06-14 20:32:48,27414.18,4364.891,322.832,10.335938
2022-06-14 20:32:47,27414.5,4364.566,322.832,10.335938
2022-06-14 20:32:46,27414.42,4364.645,322.832,10.335938
2022-06-14 20:32:45,27414.19,4364.875,322.832,10.335938
2022-06-14 20:32:44,27413.9,4365.16,322.8398,10.335938
2022-06-14 20:32:43,27413.98,4365.082,322.8477,10.328125
2022-06-14 20:32:42,27414.18,4364.883,322.8477,10.328125
2022-06-14 20:32:41,27414.19,4364.867,322.8477,10.328125
2022-06-14 20:32:40,27413.9,4365.16,322.8477,10.328125
2022-06-14 20:32:39,27413.7,4365.367,322.8477,10.320312
2022-06-14 20:32:38,27414.21,4364.859,322.8477,10.320312
2022-06-14 20:32:37,27414.16,4364.91,322.8438,10.320312
2022-06-14 20:32:36,27414.18,4364.902,322.8438,10.3125
2022-06-14 20:32:35,27414.22,4364.855,322.8438,10.3125
2022-06-14 20:32:34,27414.45,4364.648,322.8203,10.3125
2022-06-14 20:32:33,27414.5,4364.602,322.8281,10.304688
2022-06-14 20:32:32,27414.14,4364.957,322.8281,10.304688
2022-06-14 20:32:31,27414.5,4364.602,322.8281,10.304688
2022-06-14 20:32:30,27414.39,4364.723,322.8242,10.296875
2022-06-14 20:32:29,27414.47,4364.645,322.8242,10.296875
2022-06-14 20:32:28,27414.39,4364.73,322.8164,10.296875
2022-06-14 20:32:27,27414.25,4364.879,322.8125,10.289062
2022-06-14 20:32:26,27414.18,4364.961,322.8086,10.289062
2022-06-14 20:32:25,27414.47,4364.672,322.8047,10.289062
2022-06-14 20:32:24,27414.14,4364.984,322.8164,10.289062
2022-06-14 20:32:23,27414.45,4364.688,322.8125,10.289062
2022-06-14 20:32:22,27414.33,4364.809,322.8086,10.289062
2022-06-14 20:32:21,27414.48,4364.668,322.8086,10.28125
2022-06-14 20:32:20,27414.73,4364.414,322.8086,10.28125
2022-06-14 20:32:19,27414.48,4364.668,322.8086,10.28125
2022-06-14 20:32:18,27414.14,4365,322.8086,10.28125
2022-06-14 20:32:17,27414.79,4364.359,322.8086,10.28125
2022-06-14 20:32:16,27414.42,4364.723,322.8086,10.28125
2022-06-14 20:32:15,27414.48,4364.676,322.8086,10.273438
2022-06-14 20:32:14,27414.42,4364.738,322.8086,10.265625
2022-06-14 20:32:13,27414.48,4364.688,322.8047,10.265625
2022-06-14 20:32:12,27414.67,4364.496,322.8047,10.265625
2022-06-14 20:32:11,27414.72,4364.441,322.8047,10.265625
2022-06-14 20:32:10,27414.21,4364.961,322.8008,10.265625
2022-06-14 20:32:09,27414.72,4364.453,322.793,10.265625
2022-06-14 20:32:08,27414.64,4364.547,322.793,10.257812
2022-06-14 20:32:07,27414.95,4364.246,322.793,10.25
2022-06-14 20:32:06,27414.67,4364.523,322.793,10.25
2022-06-14 20:32:05,27414.95,4364.25,322.7891,10.25
2022-06-14 20:32:04,27414.95,4364.258,322.7812,10.25
2022-06-14 20:32:03,27414.7,4364.508,322.7852,10.242188
2022-06-14 20:32:02,27414.39,4364.816,322.7852,10.242188
2022-06-14 20:32:01,27414.73,4364.48,322.7812,10.242188
2022-06-14 20:32:00,27414.67,4364.551,322.7812,10.234375
2022-06-14 20:31:59,27414.7,4364.52,322.7812,10.234375
2022-06-14 20:31:58,27414.91,4364.305,322.7812,10.234375
2022-06-14 20:31:57,27414.76,4364.457,322.7812,10.234375
2022-06-14 20:31:56,27414.67,4364.551,322.7812,10.234375
2022-06-14 20:31:55,27414.7,4364.52,322.7812,10.234375
2022-06-14 20:31:54,27415.1,4364.121,322.7812,10.234375
2022-06-14 20:31:53,27415.22,4363.996,322.7812,10.234375
2022-06-14 20:31:52,27415.13,4364.07,322.8008,10.234375
2022-06-14 20:31:51,27415.25,4363.965,322.7812,10.234375
2022-06-14 20:31:50,27415.19,4364.027,322.7812,10.234375
2022-06-14 20:31:49,27415.47,4363.75,322.7812,10.234375
2022-06-14 20:31:48,27415.19,4364.035,322.7812,10.226562
2022-06-14 20:31:47,27415.19,4364.035,322.7812,10.226562
2022-06-14 20:31:46,27415.13,4364.098,322.7812,10.226562
2022-06-14 20:31:45,27415.16,4364.066,322.7812,10.226562
2022-06-14 20:31:44,27414.88,4364.344,322.7812,10.226562
2022-06-14 20:31:43,27414.91,4364.312,322.7812,10.226562
2022-06-14 20:31:42,27414.64,4364.59,322.7812,10.226562
2022-06-14 20:31:41,27414.45,4364.754,322.8008,10.226562
2022-06-14 20:31:40,27414.39,4364.836,322.7812,10.226562
2022-06-14 20:31:39,27414.42,4364.812,322.7812,10.21875
2022-06-14 20:31:38,27414.67,4364.574,322.7812,10.210938
2022-06-14 20:31:37,27414.48,4364.758,322.7812,10.210938
2022-06-14 20:31:36,27414.42,4364.82,322.7812,10.210938
2022-06-14 20:31:35,27414.18,4365.066,322.7812,10.210938
2022-06-14 20:31:34,27414.42,4364.82,322.7812,10.210938
2022-06-14 20:31:33,27414.48,4364.773,322.7812,10.203125
2022-06-14 20:31:32,27414.39,4364.859,322.7812,10.203125
2022-06-14 20:31:31,27414.19,4365.066,322.7734,10.203125
2022-06-14 20:31:30,27414.17,4365.09,322.7812,10.195312
2022-06-14 20:31:29,27414.38,4364.883,322.7812,10.195312
2022-06-14 20:31:28,27414.16,4365.098,322.7812,10.195312
2022-06-14 20:31:27,27414.44,4364.82,322.7812,10.195312
2022-06-14 20:31:26,27414.65,4364.605,322.7812,10.195312
2022-06-14 20:31:25,27414.44,4364.82,322.7812,10.195312
2022-06-14 20:31:24,27414.65,4364.605,322.7812,10.195312
2022-06-14 20:31:23,27414.42,4364.852,322.7812,10.179688
2022-06-14 20:31:22,27414.68,4364.59,322.7812,10.179688
2022-06-14 20:31:21,27414.95,4364.328,322.7734,10.179688
2022-06-14 20:31:20,27414.87,4364.414,322.7734,10.179688
2022-06-14 20:31:19,27414.71,4364.574,322.7734,10.179688
2022-06-14 20:31:18,27414.59,4364.691,322.7734,10.179688
2022-06-14 20:31:17,27415.2,4364.09,322.7734,10.171875
2022-06-14 20:31:16,27415.14,4364.152,322.7734,10.164062
2022-06-14 20:31:15,27415.2,4364.102,322.7695,10.164062
2022-06-14 20:31:14,27414.93,4364.371,322.7695,10.164062
2022-06-14 20:31:13,27415.17,4364.137,322.7656,10.164062
2022-06-14 20:31:12,27415.11,4364.199,322.7656,10.15625
2022-06-14 20:31:11,27414.92,4364.395,322.7617,10.15625
2022-06-14 20:31:10,27414.87,4364.453,322.7578,10.15625
2022-06-14 20:31:09,27415.17,4364.156,322.7617,10.148438
2022-06-14 20:31:08,27415.11,4364.215,322.7578,10.148438
2022-06-14 20:31:07,27415.2,4364.137,322.7578,10.140625
2022-06-14 20:31:06,27415.21,4364.125,322.7539,10.140625
2022-06-14 20:31:05,27415.51,4363.832,322.7539,10.140625
2022-06-14 20:31:04,27415.21,4364.125,322.7539,10.140625
2022-06-14 20:31:03,27415.2,4364.141,322.7539,10.140625
2022-06-14 20:31:02,27414.91,4364.453,322.75,10.125
2022-06-14 20:31:01,27415.02,4364.352,322.7422,10.125
2022-06-14 20:31:00,27415.21,4364.16,322.7344,10.125
2022-06-14 20:30:59,27415.26,4364.121,322.7266,10.125
2022-06-14 20:30:58,27415.18,4364.203,322.7227,10.125
2022-06-14 20:30:57,27414.92,4364.465,322.7227,10.125
2022-06-14 20:30:56,27415.18,4364.203,322.7227,10.125
2022-06-14 20:30:55,27415.2,4364.188,322.7227,10.125
2022-06-14 20:30:54,27415.18,4364.203,322.7227,10.125
2022-06-14 20:30:53,27415.29,4364.094,322.7227,10.125
2022-06-14 20:30:52,27415.4,4363.988,322.7227,10.125
2022-06-14 20:30:51,27415.54,4363.855,322.7227,10.117188
2022-06-14 20:30:50,27415.18,4364.227,322.7227,10.109375
2022-06-14 20:30:49,27415.28,4364.117,322.7305,10.109375
2022-06-14 20:30:48,27415.43,4363.965,322.7305,10.109375
2022-06-14 20:30:47,27415.45,4363.941,322.7305,10.109375
2022-06-14 20:30:46,27415.12,4364.273,322.7305,10.109375
2022-06-14 20:30:45,27414.93,4364.473,322.7305,10.101562
2022-06-14 20:30:44,27414.81,4364.598,322.7227,10.101562
2022-06-14 20:30:43,27415.61,4363.805,322.7305,10.09375
2022-06-14 20:30:42,27415.36,4364.051,322.7305,10.09375
2022-06-14 20:30:41,27415.91,4363.504,322.7305,10.085938
2022-06-14 20:30:40,27415.67,4363.762,322.7266,10.078125
2022-06-14 20:30:39,27415.62,4363.812,322.7227,10.078125
2022-06-14 20:30:38,27415.73,4363.715,322.7109,10.078125
2022-06-14 20:30:37,27415.71,4363.73,322.7109,10.078125
2022-06-14 20:30:36,27415.95,4363.508,322.7109,10.070312
2022-06-14 20:30:35,27415.9,4363.555,322.7109,10.070312
2022-06-14 20:30:34,27416.22,4363.23,322.7109,10.070312
2022-06-14 20:30:33,27416.21,4363.246,322.7109,10.070312
2022-06-14 20:30:32,27415.91,4363.539,322.7109,10.070312
2022-06-14 20:30:31,27415.65,4363.812,322.707,10.0625
2022-06-14 20:30:30,27415.42,4364.051,322.707,10.054688
2022-06-14 20:30:29,27415.71,4363.758,322.707,10.054688
2022-06-14 20:30:28,27415.39,4364.082,322.707,10.054688
2022-06-14 20:30:27,27415.47,4363.977,322.7344,10.054688
2022-06-14 20:30:26,27415.21,4364.258,322.7148,10.054688
2022-06-14 20:30:25,27415.19,4364.273,322.7148,10.054688
2022-06-14 20:30:24,27415.18,4364.289,322.7148,10.054688
2022-06-14 20:30:23,27415.44,4364.027,322.7148,10.054688
2022-06-14 20:30:22,27415.18,4364.289,322.7148,10.054688
2022-06-14 20:30:21,27415.41,4364.059,322.7148,10.054688
2022-06-14 20:30:20,27415.18,4364.289,322.7148,10.054688
2022-06-14 20:30:19,27415.41,4364.07,322.7109,10.046875
2022-06-14 20:30:18,27415.39,4364.086,322.7109,10.046875
2022-06-14 20:30:17,27415.14,4364.332,322.7109,10.046875
2022-06-14 20:30:16,27415.45,4364.031,322.7031,10.046875
2022-06-14 20:30:15,27415.42,4364.062,322.7031,10.046875
2022-06-14 20:30:14,27415.42,4364.062,322.7031,10.046875
2022-06-14 20:30:13,27415.42,4364.07,322.7031,10.039062
2022-06-14 20:30:12,27415.67,4363.824,322.7031,10.039062
2022-06-14 20:30:11,27415.61,4363.887,322.7031,10.039062
2022-06-14 20:30:10,27415.64,4363.855,322.7031,10.039062
2022-06-14 20:30:09,27415.91,4363.586,322.7031,10.03125
2022-06-14 20:30:08,27415.91,4363.59,322.6992,10.03125
2022-06-14 20:30:07,27415.7,4363.805,322.6992,10.03125
2022-06-14 20:30:06,27415.64,4363.867,322.6992,10.03125
2022-06-14 20:30:05,27415.91,4363.59,322.6992,10.03125
2022-06-14 20:30:04,27415.91,4363.598,322.6992,10.023438
2022-06-14 20:30:03,27415.91,4363.598,322.6992,10.023438
2022-06-14 20:30:02,27415.64,4363.883,322.6992,10.015625
2022-06-14 20:30:01,27415.91,4363.605,322.6992,10.015625
2022-06-14 20:30:00,27415.91,4363.605,322.6992,10.015625
2022-06-14 20:29:59,27416.13,4363.395,322.6953,10.015625
2022-06-14 20:29:58,27415.88,4363.641,322.6953,10.015625
2022-06-14 20:29:57,27416.16,4363.371,322.6953,10.007812
2022-06-14 20:29:56,27416.38,4363.168,322.6914,10
2022-06-14 20:29:55,27416.39,4363.137,322.707,10
2022-06-14 20:29:54,27416.41,4363.148,322.6797,10
2022-06-14 20:29:53,27416.11,4363.441,322.6797,10
2022-06-14 20:29:52,27416.41,4363.148,322.6797,10
2022-06-14 20:29:51,27416.45,4363.113,322.6758,9.992188
2022-06-14 20:29:50,27416.16,4363.406,322.6758,9.992188
2022-06-14 20:29:49,27416.14,4363.43,322.6758,9.984375
2022-06-14 20:29:48,27416.44,4363.137,322.6758,9.984375
2022-06-14 20:29:47,27416.21,4363.367,322.6758,9.984375
2022-06-14 20:29:46,27416.16,4363.414,322.6758,9.984375
2022-06-14 20:29:45,27416.14,4363.422,322.6836,9.984375
2022-06-14 20:29:44,27416.47,4363.105,322.6836,9.976562
2022-06-14 20:29:43,27416.18,4363.398,322.6836,9.976562
2022-06-14 20:29:42,27416.13,4363.445,322.6836,9.976562
2022-06-14 20:29:41,27416.45,4363.121,322.6836,9.976562
2022-06-14 20:29:40,27416.19,4363.391,322.6836,9.96875
2022-06-14 20:29:39,27416.18,4363.41,322.6797,9.96875
2022-06-14 20:29:38,27416.1,4363.488,322.6797,9.96875
2022-06-14 20:29:37,27416.39,4363.203,322.6797,9.960938
2022-06-14 20:29:36,27416.68,4362.918,322.6719,9.960938
2022-06-14 20:29:35,27416.36,4363.258,322.6641,9.953125
2022-06-14 20:29:34,27416.68,4362.938,322.6602,9.953125
2022-06-14 20:29:33,27416.65,4362.977,322.6523,9.953125
2022-06-14 20:29:32,27416.44,4363.199,322.6523,9.945312
2022-06-14 20:29:31,27416.44,4363.199,322.6523,9.945312
2022-06-14 20:29:30,27416.65,4362.992,322.6523,9.9375
2022-06-14 20:29:29,27416.38,4363.27,322.6523,9.9375
2022-06-14 20:29:28,27416.34,4363.301,322.6523,9.9375
2022-06-14 20:29:27,27416.5,4363.145,322.6523,9.9375
2022-06-14 20:29:26,27416.68,4362.961,322.6523,9.9375
2022-06-14 20:29:25,27416.65,4363,322.6523,9.929688
2022-06-14 20:29:24,27416.41,4363.246,322.6523,9.929688
2022-06-14 20:29:23,27416.65,4362.992,322.6602,9.929688
2022-06-14 20:29:22,27416.65,4362.992,322.6602,9.929688
2022-06-14 20:29:21,27416.65,4362.992,322.6602,9.929688
2022-06-14 20:29:20,27416.41,4363.246,322.6602,9.921875
2022-06-14 20:29:19,27416.38,4363.277,322.6602,9.921875
2022-06-14 20:29:18,27416.62,4363.031,322.6602,9.921875
2022-06-14 20:29:17,27416.68,4362.977,322.6602,9.914062
2022-06-14 20:29:16,27416.65,4363.008,322.6602,9.914062
2022-06-14 20:29:15,27416.71,4362.949,322.6562,9.914062
2022-06-14 20:29:14,27416.65,4363.027,322.6484,9.90625
2022-06-14 20:29:13,27416.65,4363.035,322.6406,9.90625
2022-06-14 20:29:12,27416.59,4363.098,322.6406,9.90625
2022-06-14 20:29:11,27416.88,4362.816,322.6367,9.898438
2022-06-14 20:29:10,27416.62,4363.078,322.6367,9.898438
2022-06-14 20:29:09,27416.39,4363.309,322.6367,9.898438
2022-06-14 20:29:08,27416.87,4362.84,322.6367,9.890625
2022-06-14 20:29:07,27416.91,4362.793,322.6367,9.890625
2022-06-14 20:29:06,27416.96,4362.746,322.6367,9.890625
2022-06-14 20:29:05,27416.64,4363.078,322.6367,9.882812
2022-06-14 20:29:04,27416.71,4363,322.6367,9.882812
2022-06-14 20:29:03,27416.91,4362.805,322.6328,9.882812
2022-06-14 20:29:02,27416.65,4363.07,322.6289,9.882812
2022-06-14 20:29:01,27416.38,4363.332,322.6367,9.882812
2022-06-14 20:29:00,27416.94,4362.777,322.6367,9.882812
2022-06-14 20:28:59,27416.91,4362.816,322.6367,9.875
2022-06-14 20:28:58,27416.88,4362.848,322.6367,9.875
2022-06-14 20:28:57,27416.91,4362.816,322.6367,9.875
2022-06-14 20:28:56,27416.63,4363.094,322.6367,9.875
2022-06-14 20:28:55,27416.63,4363.094,322.6367,9.875
2022-06-14 20:28:54,27416.66,4363.062,322.6367,9.875
2022-06-14 20:28:53,27417.15,4362.578,322.6367,9.867188
2022-06-14 20:28:52,27416.84,4362.887,322.6367,9.867188
2022-06-14 20:28:51,27416.87,4362.871,322.6289,9.867188
2022-06-14 20:28:50,27417.15,4362.586,322.6289,9.867188
2022-06-14 20:28:49,27417.15,4362.586,322.6289,9.867188
2022-06-14 20:28:48,27417.18,4362.555,322.6289,9.867188
2022-06-14 20:28:47,27417.12,4362.621,322.625,9.867188
2022-06-14 20:28:46,27416.88,4362.867,322.625,9.867188
2022-06-14 20:28:45,27417.12,4362.629,322.625,9.859375
2022-06-14 20:28:44,27417.13,4362.633,322.6211,9.851562
2022-06-14 20:28:43,27417.18,4362.59,322.6172,9.851562
2022-06-14 20:28:42,27417.34,4362.422,322.6172,9.851562
2022-06-14 20:28:41,27417.45,4362.312,322.6172,9.851562
2022-06-14 20:28:40,27417.19,4362.566,322.625,9.851562
2022-06-14 20:28:39,27416.96,4362.812,322.6172,9.84375
2022-06-14 20:28:38,27416.88,4362.891,322.625,9.835938
2022-06-14 20:28:37,27417.42,4362.352,322.625,9.835938
2022-06-14 20:28:36,27417.16,4362.613,322.625,9.835938
2022-06-14 20:28:35,27417.39,4362.383,322.625,9.835938
2022-06-14 20:28:34,27417.19,4362.582,322.625,9.835938
2022-06-14 20:28:33,27417.42,4362.359,322.625,9.828125
2022-06-14 20:28:32,27417.62,4362.16,322.625,9.828125
2022-06-14 20:28:31,27417.39,4362.391,322.625,9.828125
2022-06-14 20:28:30,27417.38,4362.406,322.625,9.828125
2022-06-14 20:28:29,27417.64,4362.16,322.6172,9.820312
2022-06-14 20:28:28,27417.44,4362.359,322.6172,9.820312
2022-06-14 20:28:27,27417.45,4362.348,322.6133,9.820312
2022-06-14 20:28:26,27417.16,4362.641,322.6133,9.820312
2022-06-14 20:28:25,27417.45,4362.348,322.6133,9.820312
2022-06-14 20:28:24,27417.59,4362.242,322.6055,9.796875
2022-06-14 20:28:23,27417.91,4361.926,322.6055,9.789062
2022-06-14 20:28:22,27417.93,4361.91,322.6055,9.789062
2022-06-14 20:28:21,27417.64,4362.203,322.6055,9.789062
2022-06-14 20:28:20,27417.87,4361.973,322.6055,9.789062
2022-06-14 20:28:19,27417.7,4362.148,322.6055,9.78125
2022-06-14 20:28:18,27417.44,4362.406,322.6094,9.78125
2022-06-14 20:28:17,27417.67,4362.184,322.6094,9.773438
2022-06-14 20:28:16,27417.38,4362.477,322.6094,9.773438
2022-06-14 20:28:15,27417.88,4361.969,322.6094,9.773438
2022-06-14 20:28:14,27417.68,4362.168,322.6094,9.773438
2022-06-14 20:28:13,27417.7,4362.152,322.6094,9.773438
2022-06-14 20:28:12,27417.62,4362.25,322.6055,9.757812
2022-06-14 20:28:11,27417.67,4362.203,322.6055,9.757812
2022-06-14 20:28:10,27417.62,4362.25,322.6055,9.757812
2022-06-14 20:28:09,27417.42,4362.453,322.6016,9.757812
2022-06-14 20:28:08,27417.41,4362.453,322.6172,9.757812
2022-06-14 20:28:07,27417.39,4362.5,322.5859,9.757812
2022-06-14 20:28:06,27417.62,4362.281,322.582,9.75
2022-06-14 20:28:05,27417.67,4362.238,322.5781,9.75
2022-06-14 20:28:04,27417.65,4362.262,322.5781,9.742188
2022-06-14 20:28:03,27417.67,4362.246,322.5781,9.742188
2022-06-14 20:28:02,27417.62,4362.297,322.5742,9.742188
2022-06-14 20:28:01,27417.85,4362.074,322.5742,9.734375
2022-06-14 20:28:00,27417.59,4362.34,322.5703,9.734375
2022-06-14 20:27:59,27417.98,4361.953,322.5703,9.726562
2022-06-14 20:27:58,27417.65,4362.285,322.5703,9.726562
2022-06-14 20:27:57,27417.68,4362.254,322.5781,9.726562
2022-06-14 20:27:56,27417.41,4362.523,322.5781,9.726562
2022-06-14 20:27:55,27417.64,4362.285,322.5781,9.726562
2022-06-14 20:27:54,27417.68,4362.246,322.5781,9.726562
2022-06-14 20:27:53,27417.74,4362.199,322.5781,9.71875
2022-06-14 20:27:52,27417.68,4362.266,322.5742,9.710938
2022-06-14 20:27:51,27417.74,4362.211,322.5742,9.710938
2022-06-14 20:27:50,27417.65,4362.301,322.5703,9.710938
2022-06-14 20:27:49,27417.71,4362.246,322.5703,9.710938
2022-06-14 20:27:48,27417.44,4362.508,322.5859,9.703125
2022-06-14 20:27:47,27417.43,4362.516,322.5859,9.703125
2022-06-14 20:27:46,27417.59,4362.383,322.5586,9.703125
2022-06-14 20:27:45,27417.43,4362.551,322.5586,9.695312
2022-06-14 20:27:44,27417.65,4362.328,322.5586,9.695312
2022-06-14 20:27:43,27417.95,4362.027,322.5586,9.695312
2022-06-14 20:27:42,27417.68,4362.301,322.5547,9.695312
2022-06-14 20:27:41,27417.71,4362.277,322.5547,9.695312
2022-06-14 20:27:40,27417.41,4362.578,322.5547,9.695312
2022-06-14 20:27:39,27417.64,4362.348,322.5547,9.6875
2022-06-14 20:27:38,27417.32,4362.68,322.5547,9.679688
2022-06-14 20:27:37,27417.35,4362.648,322.5547,9.679688
2022-06-14 20:27:36,27417.41,4362.559,322.582,9.679688
2022-06-14 20:27:35,27417.38,4362.609,322.5625,9.679688
2022-06-14 20:27:34,27417.39,4362.602,322.5625,9.679688
2022-06-14 20:27:33,27417.35,4362.641,322.5625,9.679688
2022-06-14 20:27:32,27417.09,4362.914,322.5586,9.671875
2022-06-14 20:27:31,27417.38,4362.621,322.5586,9.671875
2022-06-14 20:27:30,27417.34,4362.668,322.5586,9.671875
2022-06-14 20:27:29,27417.11,4362.902,322.5547,9.671875
2022-06-14 20:27:28,27417.4,4362.609,322.5547,9.671875
2022-06-14 20:27:27,27417.45,4362.57,322.5547,9.664062
2022-06-14 20:27:26,27417.68,4362.34,322.5469,9.664062
2022-06-14 20:27:25,27417.45,4362.57,322.5469,9.664062
2022-06-14 20:27:24,27417.12,4362.906,322.543,9.664062
2022-06-14 20:27:23,27417.6,4362.43,322.543,9.664062
2022-06-14 20:27:22,27417.61,4362.422,322.543,9.664062
2022-06-14 20:27:21,27417.45,4362.582,322.543,9.664062
2022-06-14 20:27:20,27417.36,4362.668,322.543,9.664062
2022-06-14 20:27:19,27417.38,4362.645,322.543,9.664062
2022-06-14 20:27:18,27417.57,4362.453,322.543,9.664062
2022-06-14 20:27:17,27417.66,4362.367,322.543,9.664062
2022-06-14 20:27:16,27417.33,4362.699,322.543,9.664062
2022-06-14 20:27:15,27417.91,4362.113,322.5508,9.664062
2022-06-14 20:27:14,27417.61,4362.414,322.5508,9.664062
2022-06-14 20:27:13,27417.35,4362.668,322.5508,9.664062
2022-06-14 20:27:12,27417.33,4362.699,322.5508,9.65625
2022-06-14 20:27:11,27417.45,4362.582,322.5508,9.65625
2022-06-14 20:27:10,27417.61,4362.422,322.5508,9.65625
2022-06-14 20:27:09,27417.41,4362.613,322.5508,9.65625
2022-06-14 20:27:08,27417.18,4362.852,322.5508,9.65625
2022-06-14 20:27:07,27417.69,4362.344,322.5508,9.648438
2022-06-14 20:27:06,27417.36,4362.676,322.5508,9.648438
2022-06-14 20:27:05,27417.63,4362.406,322.5508,9.648438
2022-06-14 20:27:04,27417.57,4362.469,322.543,9.648438
2022-06-14 20:27:03,27417.41,4362.637,322.543,9.640625
2022-06-14 20:27:02,27417.61,4362.445,322.543,9.640625
2022-06-14 20:27:01,27417.69,4362.359,322.543,9.640625
2022-06-14 20:27:00,27417.57,4362.48,322.5391,9.640625
2022-06-14 20:26:59,27417.63,4362.426,322.5391,9.640625
2022-06-14 20:26:58,27417.61,4362.465,322.5312,9.632812
2022-06-14 20:26:57,27417.6,4362.484,322.5273,9.625
2022-06-14 20:26:56,27417.64,4362.445,322.5273,9.625
2022-06-14 20:26:55,27417.41,4362.668,322.5273,9.625
2022-06-14 20:26:54,27417.64,4362.449,322.5234,9.625
2022-06-14 20:26:53,27417.38,4362.703,322.5234,9.625
2022-06-14 20:26:52,27417.85,4362.234,322.5312,9.617188
2022-06-14 20:26:51,27417.91,4362.18,322.5312,9.617188
2022-06-14 20:26:50,27418.13,4361.961,322.5273,9.617188
2022-06-14 20:26:49,27417.91,4362.184,322.5273,9.617188
2022-06-14 20:26:48,27417.82,4362.27,322.5273,9.617188
2022-06-14 20:26:47,27418.12,4361.984,322.5273,9.601562
2022-06-14 20:26:46,27418.13,4361.977,322.5273,9.601562
2022-06-14 20:26:45,27418.06,4362.059,322.5234,9.59375
2022-06-14 20:26:44,27418.1,4362.02,322.5234,9.59375
2022-06-14 20:26:43,27417.88,4362.254,322.5117,9.59375
2022-06-14 20:26:42,27418.07,4362.07,322.5039,9.59375
2022-06-14 20:26:41,27418.15,4361.984,322.5039,9.59375
2022-06-14 20:26:40,27418.31,4361.832,322.5039,9.585938
2022-06-14 20:26:39,27418.12,4362.031,322.5039,9.578125
2022-06-14 20:26:38,27418.16,4361.992,322.5039,9.578125
2022-06-14 20:26:37,27418.18,4361.969,322.5039,9.578125
2022-06-14 20:26:36,27418.07,4362.086,322.5039,9.578125
2022-06-14 20:26:35,27418.4,4361.754,322.5039,9.578125
2022-06-14 20:26:34,27418.07,4362.094,322.5039,9.570312
2022-06-14 20:26:33,27418.43,4361.73,322.5039,9.570312
2022-06-14 20:26:32,27418.38,4361.785,322.5039,9.570312
2022-06-14 20:26:31,27418.12,4362.031,322.5117,9.570312
2022-06-14 20:26:30,27417.85,4362.301,322.5117,9.570312
2022-06-14 20:26:29,27418.37,4361.785,322.5117,9.570312
2022-06-14 20:26:28,27418.1,4362.062,322.5117,9.5625
2022-06-14 20:26:27,27418.43,4361.742,322.5078,9.554688
2022-06-14 20:26:26,27418.34,4361.828,322.5078,9.554688
2022-06-14 20:26:25,27418.4,4361.781,322.5,9.554688
2022-06-14 20:26:24,27418.56,4361.621,322.5,9.554688
2022-06-14 20:26:23,27418.61,4361.574,322.5,9.546875
2022-06-14 20:26:22,27418.31,4361.879,322.4961,9.546875
2022-06-14 20:26:21,27418.58,4361.598,322.5156,9.539062
2022-06-14 20:26:20,27418.8,4361.402,322.4883,9.539062
2022-06-14 20:26:19,27419.07,4361.133,322.4883,9.539062
2022-06-14 20:26:18,27418.87,4361.34,322.4883,9.539062
2022-06-14 20:26:17,27418.92,4361.289,322.4844,9.539062
2022-06-14 20:26:16,27419.11,4361.113,322.4844,9.523438
2022-06-14 20:26:15,27419.11,4361.125,322.4805,9.523438
2022-06-14 20:26:14,27419.3,4360.934,322.4805,9.523438
2022-06-14 20:26:13,27419.11,4361.129,322.4766,9.523438
2022-06-14 20:26:12,27419.33,4360.906,322.4766,9.523438
2022-06-14 20:26:11,27419.64,4360.578,322.5039,9.507812
2022-06-14 20:26:10,27419.56,4360.684,322.4844,9.507812
2022-06-14 20:26:09,27419.89,4360.352,322.4844,9.507812
2022-06-14 20:26:08,27419.77,4360.469,322.4844,9.507812
2022-06-14 20:26:07,27420.17,4360.074,322.4844,9.507812
2022-06-14 20:26:06,27420.11,4360.137,322.4844,9.5
2022-06-14 20:26:05,27420.14,4360.113,322.4844,9.5
2022-06-14 20:26:04,27419.8,4360.445,322.4844,9.5
2022-06-14 20:26:03,27420.38,4359.867,322.4844,9.5
2022-06-14 20:26:02,27420.36,4359.871,322.5039,9.5
2022-06-14 20:26:01,27420.2,4360.031,322.5039,9.5
2022-06-14 20:26:00,27420.3,4359.977,322.4688,9.492188
2022-06-14 20:25:59,27420.38,4359.891,322.4766,9.484375
2022-06-14 20:25:58,27420.57,4359.699,322.4766,9.484375
2022-06-14 20:25:57,27420.63,4359.648,322.4727,9.484375
2022-06-14 20:25:56,27420.54,4359.734,322.4727,9.484375
2022-06-14 20:25:55,27420.81,4359.477,322.4688,9.476562
2022-06-14 20:25:54,27420.64,4359.652,322.4688,9.476562
2022-06-14 20:25:53,27420.88,4359.414,322.4688,9.476562
2022-06-14 20:25:52,27420.85,4359.441,322.4648,9.476562
2022-06-14 20:25:51,27420.66,4359.641,322.4648,9.46875
2022-06-14 20:25:50,27420.57,4359.719,322.4727,9.46875
2022-06-14 20:25:49,27420.35,4359.949,322.4648,9.46875
2022-06-14 20:25:48,27420.36,4359.941,322.4727,9.460938
2022-06-14 20:25:47,27420.17,4360.133,322.4727,9.460938
2022-06-14 20:25:46,27420.51,4359.789,322.4727,9.460938
2022-06-14 20:25:45,27420.63,4359.672,322.4727,9.460938
2022-06-14 20:25:44,27420.39,4359.918,322.4727,9.453125
2022-06-14 20:25:43,27420.63,4359.68,322.4727,9.453125
2022-06-14 20:25:42,27420.33,4359.98,322.4727,9.453125
2022-06-14 20:25:41,27420.84,4359.473,322.4727,9.445312
2022-06-14 20:25:40,27420.54,4359.754,322.4922,9.445312
2022-06-14 20:25:39,27420.38,4359.949,322.4648,9.4375
2022-06-14 20:25:38,27420.36,4359.973,322.4648,9.4375
2022-06-14 20:25:37,27420.63,4359.703,322.4648,9.4375
2022-06-14 20:25:36,27420.54,4359.789,322.4648,9.4375
2022-06-14 20:25:35,27420.35,4359.988,322.4648,9.429688
2022-06-14 20:25:34,27420.11,4360.227,322.4648,9.429688
2022-06-14 20:25:33,27420.38,4359.957,322.4648,9.429688
2022-06-14 20:25:32,27420.05,4360.289,322.4648,9.429688
2022-06-14 20:25:31,27420.35,4359.996,322.4648,9.421875
2022-06-14 20:25:30,27420.11,4360.219,322.4883,9.414062
2022-06-14 20:25:29,27420.38,4359.949,322.4883,9.414062
2022-06-14 20:25:28,27420.33,4360.023,322.4688,9.414062
2022-06-14 20:25:27,27420.32,4360.031,322.4688,9.414062
2022-06-14 20:25:26,27420.27,4360.094,322.4688,9.40625
2022-06-14 20:25:25,27420.41,4359.949,322.4648,9.40625
2022-06-14 20:25:24,27420.08,4360.289,322.4648,9.398438
2022-06-14 20:25:23,27420.17,4360.203,322.4648,9.398438
2022-06-14 20:25:22,27420.36,4360.012,322.4648,9.398438
2022-06-14 20:25:21,27420.07,4360.301,322.4609,9.398438
2022-06-14 20:25:20,27420.3,4360.078,322.4609,9.398438
2022-06-14 20:25:19,27420.07,4360.293,322.4766,9.390625
2022-06-14 20:25:18,27420.11,4360.293,322.4375,9.390625
2022-06-14 20:25:17,27419.89,4360.52,322.4414,9.382812
2022-06-14 20:25:16,27419.8,4360.605,322.4414,9.382812
2022-06-14 20:25:15,27419.92,4360.488,322.4414,9.382812
2022-06-14 20:25:14,27419.84,4360.578,322.4375,9.382812
2022-06-14 20:25:13,27420.38,4360.031,322.4375,9.382812
2022-06-14 20:25:12,27420.11,4360.301,322.4375,9.382812
2022-06-14 20:25:11,27420.35,4360.07,322.4375,9.375
2022-06-14 20:25:10,27420.33,4360.094,322.4375,9.375
2022-06-14 20:25:09,27420.35,4360.051,322.4648,9.367188
2022-06-14 20:25:08,27420.33,4360.094,322.4453,9.367188
2022-06-14 20:25:07,27420.11,4360.316,322.4453,9.367188
2022-06-14 20:25:06,27420.11,4360.309,322.4453,9.367188
2022-06-14 20:25:05,27420.32,4360.102,322.4453,9.367188
2022-06-14 20:25:04,27420.11,4360.32,322.4414,9.359375
2022-06-14 20:25:03,27420.41,4360.027,322.4414,9.351562
2022-06-14 20:25:02,27420.36,4360.086,322.4375,9.351562
2022-06-14 20:25:01,27420.14,4360.312,322.4336,9.351562
2022-06-14 20:25:00,27420.33,4360.125,322.4297,9.351562
2022-06-14 20:24:59,27420.14,4360.328,322.4258,9.34375
2022-06-14 20:24:58,27420.3,4360.18,322.4219,9.335938
2022-06-14 20:24:57,27420.45,4360.039,322.4141,9.335938
2022-06-14 20:24:56,27420.36,4360.125,322.4141,9.335938
2022-06-14 20:24:55,27420.35,4360.133,322.4141,9.335938
2022-06-14 20:24:54,27420.61,4359.883,322.4102,9.335938
2022-06-14 20:24:53,27420.63,4359.863,322.4062,9.335938
2022-06-14 20:24:52,27420.85,4359.656,322.4062,9.320312
2022-06-14 20:24:51,27420.63,4359.879,322.4062,9.320312
2022-06-14 20:24:50,27420.61,4359.906,322.4023,9.320312
2022-06-14 20:24:49,27420.84,4359.668,322.4023,9.320312
2022-06-14 20:24:48,27420.79,4359.695,322.4297,9.320312
2022-06-14 20:24:47,27420.84,4359.66,322.4102,9.320312
2022-06-14 20:24:46,27420.54,4359.961,322.4102,9.320312
2022-06-14 20:24:45,27420.88,4359.629,322.4102,9.320312
2022-06-14 20:24:44,27420.79,4359.715,322.4102,9.320312
2022-06-14 20:24:43,27421.12,4359.383,322.4102,9.320312
2022-06-14 20:24:42,27420.82,4359.684,322.4102,9.320312
2022-06-14 20:24:41,27421.09,4359.414,322.4102,9.320312
2022-06-14 20:24:40,27421.04,4359.469,322.4102,9.320312
2022-06-14 20:24:39,27421.37,4359.148,322.4062,9.3125
2022-06-14 20:24:38,27421.38,4359.148,322.3906,9.3125
2022-06-14 20:24:37,27421.4,4359.133,322.3984,9.304688
2022-06-14 20:24:36,27421.57,4358.965,322.3984,9.304688
2022-06-14 20:24:35,27421.37,4359.164,322.3984,9.304688
2022-06-14 20:24:34,27421.53,4359.012,322.3984,9.296875
2022-06-14 20:24:33,27421.83,4358.711,322.3984,9.296875
2022-06-14 20:24:32,27421.56,4358.98,322.3984,9.296875
2022-06-14 20:24:31,27421.87,4358.672,322.3984,9.296875
2022-06-14 20:24:30,27421.77,4358.773,322.3984,9.296875
2022-06-14 20:24:29,27422.32,4358.219,322.3984,9.296875
2022-06-14 20:24:28,27422.08,4358.465,322.3984,9.289062
2022-06-14 20:24:27,27422.11,4358.414,322.4258,9.289062
2022-06-14 20:24:26,27422.05,4358.488,322.4062,9.289062
2022-06-14 20:24:25,27421.61,4358.926,322.4062,9.289062
2022-06-14 20:24:24,27421.77,4358.773,322.3984,9.289062
2022-06-14 20:24:23,27422.07,4358.473,322.3984,9.289062
2022-06-14 20:24:22,27422.08,4358.465,322.4062,9.28125
2022-06-14 20:24:21,27422.11,4358.441,322.4062,9.28125
2022-06-14 20:24:20,27422.05,4358.496,322.4062,9.28125
2022-06-14 20:24:19,27422.32,4358.227,322.4062,9.28125
2022-06-14 20:24:18,27422.02,4358.535,322.4062,9.273438
2022-06-14 20:24:17,27422.11,4358.449,322.4062,9.273438
2022-06-14 20:24:16,27422.3,4358.238,322.4258,9.273438
2022-06-14 20:24:15,27422.11,4358.465,322.3984,9.265625
2022-06-14 20:24:14,27422.33,4358.242,322.3984,9.265625
2022-06-14 20:24:13,27422.11,4358.465,322.3984,9.265625
2022-06-14 20:24:12,27422.33,4358.242,322.3984,9.265625
2022-06-14 20:24:11,27422.57,4358.004,322.3984,9.265625
2022-06-14 20:24:10,27422.27,4358.305,322.3984,9.265625
2022-06-14 20:24:09,27422.6,4357.98,322.3984,9.257812
2022-06-14 20:24:08,27422.51,4358.074,322.3984,9.25
2022-06-14 20:24:07,27422.78,4357.809,322.3945,9.25
2022-06-14 20:24:06,27422.82,4357.742,322.4219,9.25
2022-06-14 20:24:05,27422.84,4357.738,322.4023,9.25
2022-06-14 20:24:04,27422.79,4357.793,322.4023,9.25
2022-06-14 20:24:03,27422.88,4357.707,322.4023,9.25
2022-06-14 20:24:02,27423.31,4357.285,322.3945,9.242188
2022-06-14 20:24:01,27423.09,4357.512,322.3984,9.234375
2022-06-14 20:24:00,27422.76,4357.844,322.3984,9.234375
2022-06-14 20:23:59,27423.3,4357.297,322.3984,9.234375
2022-06-14 20:23:58,27423,4357.605,322.3906,9.234375
2022-06-14 20:23:57,27423.59,4357.027,322.3906,9.226562
2022-06-14 20:23:56,27423.84,4356.773,322.3906,9.226562
2022-06-14 20:23:55,27423.59,4357.043,322.3828,9.21875
2022-06-14 20:23:54,27423.78,4356.859,322.375,9.21875
2022-06-14 20:23:53,27423.86,4356.797,322.3672,9.210938
2022-06-14 20:23:52,27424.27,4356.383,322.3672,9.210938
2022-06-14 20:23:51,27424.08,4356.574,322.3672,9.210938
2022-06-14 20:23:50,27424.06,4356.602,322.3633,9.210938
2022-06-14 20:23:49,27424.3,4356.375,322.3516,9.210938
2022-06-14 20:23:48,27424.24,4356.441,322.3555,9.195312
2022-06-14 20:23:47,27424.61,4356.086,322.3477,9.195312
2022-06-14 20:23:46,27424.55,4356.141,322.3477,9.195312
2022-06-14 20:23:45,27424.36,4356.332,322.3477,9.195312
2022-06-14 20:23:44,27424.53,4356.16,322.3516,9.195312
2022-06-14 20:23:43,27424.3,4356.391,322.3516,9.195312
2022-06-14 20:23:42,27423.99,4356.699,322.3516,9.195312
2022-06-14 20:23:41,27424.55,4356.152,322.3438,9.1875
2022-06-14 20:23:40,27424.3,4356.398,322.3438,9.1875
2022-06-14 20:23:39,27424.57,4356.137,322.3516,9.179688
2022-06-14 20:23:38,27424.52,4356.184,322.3516,9.179688
2022-06-14 20:23:37,27424.58,4356.121,322.3516,9.179688
2022-06-14 20:23:36,27424.77,4355.938,322.3438,9.179688
2022-06-14 20:23:35,27424.57,4356.137,322.3438,9.179688
2022-06-14 20:23:34,27424.46,4356.262,322.3359,9.179688
2022-06-14 20:23:33,27424.3,4356.422,322.3359,9.171875
2022-06-14 20:23:32,27424.27,4356.453,322.3359,9.171875
2022-06-14 20:23:31,27424.31,4356.418,322.332,9.171875
2022-06-14 20:23:30,27424.27,4356.465,322.332,9.171875
2022-06-14 20:23:29,27424.52,4356.211,322.332,9.171875
2022-06-14 20:23:28,27424.46,4356.273,322.332,9.171875
2022-06-14 20:23:27,27424.57,4356.156,322.332,9.171875
2022-06-14 20:23:26,27424.53,4356.211,322.332,9.164062
2022-06-14 20:23:25,27424.36,4356.379,322.332,9.164062
2022-06-14 20:23:24,27424.3,4356.434,322.332,9.164062
2022-06-14 20:23:23,27424.36,4356.371,322.3398,9.164062
2022-06-14 20:23:22,27424.27,4356.465,322.3398,9.15625
2022-06-14 20:23:21,27424.11,4356.633,322.3398,9.148438
2022-06-14 20:23:20,27424,4356.75,322.3398,9.148438
2022-06-14 20:23:19,27424.3,4356.449,322.3398,9.148438
2022-06-14 20:23:18,27424.24,4356.504,322.3398,9.148438
2022-06-14 20:23:17,27424.33,4356.426,322.332,9.148438
2022-06-14 20:23:16,27424.59,4356.164,322.3398,9.140625
2022-06-14 20:23:15,27424.57,4356.18,322.3398,9.140625
2022-06-14 20:23:14,27424.49,4356.246,322.3594,9.140625
2022-06-14 20:23:13,27424.33,4356.434,322.332,9.140625
2022-06-14 20:23:12,27424.3,4356.457,322.332,9.140625
2022-06-14 20:23:11,27424.82,4355.941,322.332,9.140625
2022-06-14 20:23:10,27424.52,4356.25,322.3242,9.140625
2022-06-14 20:23:09,27424.54,4356.234,322.332,9.125
2022-06-14 20:23:08,27424.24,4356.535,322.332,9.125
2022-06-14 20:23:07,27424.27,4356.512,322.332,9.125
2022-06-14 20:23:06,27424.52,4356.258,322.332,9.125
2022-06-14 20:23:05,27424.61,4356.172,322.332,9.125
2022-06-14 20:23:04,27424.24,4356.535,322.332,9.125
2022-06-14 20:23:03,27424.37,4356.41,322.332,9.125
2022-06-14 20:23:02,27424.8,4355.98,322.3398,9.109375
2022-06-14 20:23:01,27424.77,4356.02,322.3398,9.109375
2022-06-14 20:23:00,27424.5,4356.289,322.3398,9.109375
2022-06-14 20:22:59,27424.55,4356.234,322.3398,9.109375
2022-06-14 20:22:58,27424.74,4356.043,322.3398,9.109375
2022-06-14 20:22:57,27424.8,4355.988,322.3398,9.109375
2022-06-14 20:22:56,27424.38,4356.418,322.3398,9.101562
2022-06-14 20:22:55,27424.87,4355.934,322.3398,9.09375
2022-06-14 20:22:54,27424.8,4355.996,322.3398,9.09375
2022-06-14 20:22:53,27424.86,4355.941,322.3398,9.09375
2022-06-14 20:22:52,27424.83,4355.973,322.3398,9.09375
2022-06-14 20:22:51,27424.63,4356.172,322.3398,9.09375
2022-06-14 20:22:50,27424.77,4356.047,322.3359,9.085938
2022-06-14 20:22:49,27424.66,4356.152,322.3359,9.085938
2022-06-14 20:22:48,27424.86,4355.961,322.3359,9.078125
2022-06-14 20:22:47,27425.41,4355.426,322.3242,9.078125
2022-06-14 20:22:46,27425.35,4355.48,322.3242,9.078125
2022-06-14 20:22:45,27425.86,4354.973,322.3242,9.078125
2022-06-14 20:22:44,27426,4354.828,322.3242,9.078125
2022-06-14 20:22:43,27426.08,4354.758,322.3242,9.070312
2022-06-14 20:22:42,27426.01,4354.836,322.3242,9.0625
2022-06-14 20:22:41,27426.31,4354.539,322.3203,9.0625
2022-06-14 20:22:40,27425.8,4355.055,322.3203,9.0625
2022-06-14 20:22:39,27426.03,4354.824,322.3203,9.0625
2022-06-14 20:22:38,27425.77,4355.09,322.3164,9.054688
2022-06-14 20:22:37,27426.5,4354.363,322.3125,9.054688
2022-06-14 20:22:36,27426.3,4354.562,322.3125,9.054688
2022-06-14 20:22:35,27425.99,4354.887,322.3047,9.054688
2022-06-14 20:22:34,27426.04,4354.84,322.3047,9.046875
2022-06-14 20:22:33,27426.31,4354.574,322.3008,9.046875
2022-06-14 20:22:32,27426.03,4354.871,322.2969,9.039062
2022-06-14 20:22:31,27426.29,4354.609,322.2969,9.039062
2022-06-14 20:22:30,27426.57,4354.336,322.293,9.039062
2022-06-14 20:22:29,27426.78,4354.125,322.2891,9.039062
2022-06-14 20:22:28,27426.75,4354.168,322.2852,9.03125
2022-06-14 20:22:27,27426.57,4354.355,322.2812,9.03125
2022-06-14 20:22:26,27426.75,4354.172,322.2812,9.03125
2022-06-14 20:22:25,27426.75,4354.18,322.2812,9.023438
2022-06-14 20:22:24,27426.77,4354.156,322.2812,9.023438
2022-06-14 20:22:23,27426.71,4354.227,322.2734,9.023438
2022-06-14 20:22:22,27426.7,4354.234,322.2812,9.015625
2022-06-14 20:22:21,27426.99,4353.957,322.2734,9.015625
2022-06-14 20:22:20,27427,4353.941,322.2812,9.007812
2022-06-14 20:22:19,27426.81,4354.133,322.2812,9.007812
2022-06-14 20:22:18,27427.09,4353.855,322.2812,9.007812
2022-06-14 20:22:17,27427.09,4353.855,322.2812,9.007812
2022-06-14 20:22:16,27427.25,4353.703,322.2812,9
2022-06-14 20:22:15,27427.09,4353.871,322.2734,9
2022-06-14 20:22:14,27427,4353.957,322.2812,8.992188
2022-06-14 20:22:13,27427.34,4353.625,322.2812,8.992188
2022-06-14 20:22:12,27427,4353.969,322.2773,8.992188
2022-06-14 20:22:11,27427.27,4353.699,322.2773,8.984375
2022-06-14 20:22:10,27426.94,4354.031,322.2773,8.984375
2022-06-14 20:22:09,27427.06,4353.93,322.2695,8.976562
2022-06-14 20:22:08,27427.03,4353.965,322.2656,8.976562
2022-06-14 20:22:07,27427.34,4353.656,322.2656,8.976562
2022-06-14 20:22:06,27427.28,4353.711,322.2656,8.976562
2022-06-14 20:22:05,27427.06,4353.934,322.2656,8.976562
2022-06-14 20:22:04,27426.71,4354.285,322.2617,8.976562
2022-06-14 20:22:03,27427.03,4353.969,322.2617,8.976562
2022-06-14 20:22:02,27426.97,4354.039,322.2539,8.96875
2022-06-14 20:22:01,27427.34,4353.676,322.2617,8.960938
2022-06-14 20:22:00,27427.04,4353.977,322.2617,8.960938
2022-06-14 20:21:59,27426.75,4354.262,322.2617,8.960938
2022-06-14 20:21:58,27427.52,4353.492,322.2617,8.960938
2022-06-14 20:21:57,27427.38,4353.637,322.2617,8.960938
2022-06-14 20:21:56,27427.03,4353.992,322.2617,8.953125
2022-06-14 20:21:55,27427.05,4353.969,322.2617,8.953125
2022-06-14 20:21:54,27427.55,4353.477,322.2539,8.953125
2022-06-14 20:21:53,27427.31,4353.715,322.2539,8.953125
2022-06-14 20:21:52,27426.82,4354.207,322.2617,8.945312
2022-06-14 20:21:51,27427.01,4354.016,322.2617,8.945312
2022-06-14 20:21:50,27427.08,4353.945,322.2617,8.945312
2022-06-14 20:21:49,27427.6,4353.438,322.2617,8.9375
2022-06-14 20:21:48,27427.34,4353.699,322.2617,8.9375
2022-06-14 20:21:47,27427.61,4353.445,322.2617,8.921875
2022-06-14 20:21:46,27428.05,4353.004,322.2578,8.921875
2022-06-14 20:21:45,27427.79,4353.266,322.2578,8.921875
2022-06-14 20:21:44,27427.56,4353.5,322.2539,8.921875
2022-06-14 20:21:43,27428.04,4353.023,322.2539,8.921875
2022-06-14 20:21:42,27428.27,4352.809,322.2539,8.90625
2022-06-14 20:21:41,27428.11,4352.961,322.2539,8.90625
2022-06-14 20:21:40,27428.06,4353.016,322.2539,8.90625
2022-06-14 20:21:39,27427.88,4353.199,322.2539,8.90625
2022-06-14 20:21:38,27428.31,4352.762,322.2539,8.90625
2022-06-14 20:21:37,27428.33,4352.754,322.2461,8.90625
2022-06-14 20:21:36,27428.1,4352.984,322.2539,8.898438
2022-06-14 20:21:35,27428.22,4352.863,322.2539,8.898438
2022-06-14 20:21:34,27428.22,4352.863,322.2539,8.898438
2022-06-14 20:21:33,27428.14,4352.945,322.2539,8.898438
2022-06-14 20:21:32,27428.35,4352.738,322.2539,8.890625
2022-06-14 20:21:31,27428.38,4352.707,322.2539,8.890625
2022-06-14 20:21:30,27428.53,4352.562,322.2539,8.890625
2022-06-14 20:21:29,27428.54,4352.555,322.2539,8.890625
2022-06-14 20:21:28,27428.33,4352.762,322.2539,8.890625
2022-06-14 20:21:27,27428.37,4352.73,322.2539,8.882812
2022-06-14 20:21:26,27428.34,4352.77,322.2539,8.875
2022-06-14 20:21:25,27428.11,4353,322.2539,8.875
2022-06-14 20:21:24,27428.36,4352.746,322.2539,8.875
2022-06-14 20:21:23,27428.03,4353.078,322.2539,8.875
2022-06-14 20:21:22,27428.33,4352.789,322.25,8.867188
2022-06-14 20:21:21,27428.27,4352.848,322.2461,8.867188
2022-06-14 20:21:20,27428.3,4352.824,322.2461,8.867188
2022-06-14 20:21:19,27428.37,4352.766,322.2422,8.859375
2022-06-14 20:21:18,27428.35,4352.781,322.2422,8.859375
2022-06-14 20:21:17,27428.28,4352.863,322.2383,8.851562
2022-06-14 20:21:16,27428.35,4352.793,322.2383,8.851562
2022-06-14 20:21:15,27428.26,4352.891,322.2344,8.851562
2022-06-14 20:21:14,27428.04,4353.121,322.2344,8.84375
2022-06-14 20:21:13,27428.5,4352.66,322.2344,8.84375
2022-06-14 20:21:12,27428.57,4352.59,322.2344,8.84375
2022-06-14 20:21:11,27428.53,4352.629,322.2344,8.84375
2022-06-14 20:21:10,27428.88,4352.289,322.2344,8.835938
2022-06-14 20:21:09,27429.08,4352.082,322.2344,8.835938
2022-06-14 20:21:08,27429.15,4352.012,322.2344,8.835938
2022-06-14 20:21:07,27428.8,4352.375,322.2266,8.835938
2022-06-14 20:21:06,27428.79,4352.383,322.2266,8.835938
2022-06-14 20:21:05,27429.06,4352.117,322.2227,8.835938
2022-06-14 20:21:04,27429.04,4352.152,322.2188,8.828125
2022-06-14 20:21:03,27429.06,4352.137,322.2188,8.820312
2022-06-14 20:21:02,27428.82,4352.375,322.2188,8.820312
2022-06-14 20:21:01,27429.03,4352.168,322.2188,8.820312
2022-06-14 20:21:00,27429.07,4352.133,322.2148,8.820312
2022-06-14 20:20:59,27428.8,4352.395,322.2148,8.820312
2022-06-14 20:20:58,27428.81,4352.387,322.2148,8.820312
2022-06-14 20:20:57,27429.01,4352.195,322.207,8.820312
2022-06-14 20:20:56,27429.08,4352.125,322.2148,8.8125
2022-06-14 20:20:55,27429.04,4352.164,322.2148,8.8125
2022-06-14 20:20:54,27429.08,4352.125,322.2148,8.8125
2022-06-14 20:20:53,27428.98,4352.227,322.2148,8.8125
2022-06-14 20:20:52,27429.08,4352.125,322.2148,8.8125
2022-06-14 20:20:51,27428.78,4352.441,322.207,8.804688
2022-06-14 20:20:50,27429.33,4351.895,322.2148,8.796875
2022-06-14 20:20:49,27429.04,4352.188,322.2148,8.796875
2022-06-14 20:20:48,27429.24,4351.984,322.2109,8.796875
2022-06-14 20:20:47,27429.21,4352.02,322.207,8.796875
2022-06-14 20:20:46,27429.3,4351.945,322.2031,8.789062
2022-06-14 20:20:45,27429.55,4351.691,322.2031,8.789062
2022-06-14 20:20:44,27429.51,4351.742,322.1992,8.78125
2022-06-14 20:20:43,27429.43,4351.828,322.1992,8.78125
2022-06-14 20:20:42,27429.57,4351.684,322.1953,8.78125
2022-06-14 20:20:41,27429.77,4351.496,322.1914,8.78125
2022-06-14 20:20:40,27429.52,4351.75,322.1836,8.78125
2022-06-14 20:20:39,27429.52,4351.75,322.1914,8.773438
2022-06-14 20:20:38,27429.54,4351.727,322.1914,8.773438
2022-06-14 20:20:37,27429.49,4351.789,322.1836,8.773438
2022-06-14 20:20:36,27429.82,4351.457,322.1914,8.765625
2022-06-14 20:20:35,27429.49,4351.789,322.1914,8.765625
2022-06-14 20:20:34,27429.77,4351.52,322.1836,8.765625
2022-06-14 20:20:33,27429.54,4351.742,322.1914,8.757812
2022-06-14 20:20:32,27429.84,4351.449,322.1914,8.757812
2022-06-14 20:20:31,27429.51,4351.777,322.1875,8.757812
2022-06-14 20:20:30,27430.06,4351.23,322.1875,8.757812
2022-06-14 20:20:29,27429.73,4351.555,322.1875,8.757812
2022-06-14 20:20:28,27430.05,4351.246,322.1797,8.757812
2022-06-14 20:20:27,27430.05,4351.246,322.1875,8.75
2022-06-14 20:20:26,27429.8,4351.492,322.1875,8.75
2022-06-14 20:20:25,27430.11,4351.184,322.1875,8.75
2022-06-14 20:20:24,27430.02,4351.277,322.1875,8.75
2022-06-14 20:20:23,27430.05,4351.246,322.1875,8.75
2022-06-14 20:20:22,27429.8,4351.492,322.1875,8.75
2022-06-14 20:20:21,27430.27,4351.039,322.1875,8.742188
2022-06-14 20:20:20,27430.02,4351.293,322.1875,8.734375
2022-06-14 20:20:19,27430.02,4351.293,322.1875,8.734375
2022-06-14 20:20:18,27429.8,4351.508,322.1875,8.734375
2022-06-14 20:20:17,27430.3,4351.023,322.1875,8.726562
2022-06-14 20:20:16,27430.33,4350.992,322.1875,8.726562
2022-06-14 20:20:15,27430.57,4350.746,322.1875,8.726562
2022-06-14 20:20:14,27430.82,4350.5,322.1875,8.726562
2022-06-14 20:20:13,27430.54,4350.777,322.1875,8.726562
2022-06-14 20:20:12,27430.76,4350.562,322.1875,8.726562
2022-06-14 20:20:11,27431.07,4350.262,322.1875,8.71875
2022-06-14 20:20:10,27430.82,4350.516,322.1875,8.710938
2022-06-14 20:20:09,27430.79,4350.551,322.1836,8.710938
2022-06-14 20:20:08,27431.28,4350.059,322.1836,8.710938
2022-06-14 20:20:07,27431.07,4350.273,322.1836,8.710938
2022-06-14 20:20:06,27430.76,4350.582,322.1836,8.710938
2022-06-14 20:20:05,27430.79,4350.555,322.1797,8.710938
2022-06-14 20:20:04,27431.5,4349.852,322.1758,8.703125
2022-06-14 20:20:03,27431.29,4350.074,322.1758,8.695312
2022-06-14 20:20:02,27430.98,4350.383,322.1758,8.695312
2022-06-14 20:20:01,27430.8,4350.57,322.1719,8.695312
2022-06-14 20:20:00,27431.23,4350.141,322.1719,8.695312
2022-06-14 20:19:59,27431.01,4350.355,322.1719,8.695312
2022-06-14 20:19:58,27431.02,4350.348,322.1719,8.695312
2022-06-14 20:19:57,27431.28,4350.102,322.1641,8.6875
2022-06-14 20:19:56,27431.54,4349.84,322.1719,8.679688
2022-06-14 20:19:55,27431.73,4349.648,322.1719,8.679688
2022-06-14 20:19:54,27431.73,4349.648,322.1719,8.679688
2022-06-14 20:19:53,27431.77,4349.617,322.1719,8.679688
2022-06-14 20:19:52,27431.92,4349.465,322.1719,8.679688
2022-06-14 20:19:51,27432.01,4349.387,322.1719,8.664062
2022-06-14 20:19:50,27431.7,4349.699,322.168,8.664062
2022-06-14 20:19:49,27431.73,4349.668,322.168,8.664062
2022-06-14 20:19:48,27431.7,4349.699,322.168,8.664062
2022-06-14 20:19:47,27431.58,4349.82,322.168,8.664062
2022-06-14 20:19:46,27431.7,4349.703,322.1641,8.664062
2022-06-14 20:19:45,27431.52,4349.902,322.1562,8.65625
2022-06-14 20:19:44,27432.12,4349.301,322.1602,8.648438
2022-06-14 20:19:43,27432.01,4349.414,322.1602,8.648438
2022-06-14 20:19:42,27431.73,4349.695,322.1562,8.648438
2022-06-14 20:19:41,27431.98,4349.453,322.1523,8.648438
2022-06-14 20:19:40,27432.66,4348.781,322.1484,8.640625
2022-06-14 20:19:39,27432.7,4348.758,322.1406,8.640625
2022-06-14 20:19:38,27432.94,4348.512,322.1406,8.640625
2022-06-14 20:19:37,27432.76,4348.695,322.1406,8.640625
2022-06-14 20:19:36,27433.16,4348.297,322.1406,8.640625
2022-06-14 20:19:35,27432.97,4348.496,322.1406,8.625
2022-06-14 20:19:34,27433.12,4348.348,322.1367,8.625
2022-06-14 20:19:33,27432.96,4348.508,322.1367,8.625
2022-06-14 20:19:32,27432.92,4348.555,322.1367,8.625
2022-06-14 20:19:31,27432.93,4348.547,322.1367,8.625
2022-06-14 20:19:30,27432.96,4348.516,322.1367,8.625
2022-06-14 20:19:29,27432.99,4348.484,322.1367,8.625
2022-06-14 20:19:28,27433.17,4348.301,322.1367,8.625
2022-06-14 20:19:27,27433.48,4348.008,322.1367,8.609375
2022-06-14 20:19:26,27433.45,4348.039,322.1367,8.609375
2022-06-14 20:19:25,27433.23,4348.254,322.1367,8.609375
2022-06-14 20:19:24,27432.99,4348.504,322.1328,8.609375
2022-06-14 20:19:23,27433.47,4348.02,322.1328,8.609375
2022-06-14 20:19:22,27433.2,4348.289,322.1328,8.609375
2022-06-14 20:19:21,27433.47,4348.023,322.1289,8.609375
2022-06-14 20:19:20,27433.2,4348.301,322.1289,8.601562
2022-06-14 20:19:19,27433.23,4348.277,322.1289,8.601562
2022-06-14 20:19:18,27433.42,4348.09,322.125,8.601562
2022-06-14 20:19:17,27433.23,4348.281,322.125,8.601562
2022-06-14 20:19:16,27433.2,4348.305,322.125,8.601562
2022-06-14 20:19:15,27433.69,4347.828,322.125,8.59375
2022-06-14 20:19:14,27433.39,4348.141,322.1133,8.59375
2022-06-14 20:19:13,27433.5,4348.023,322.1211,8.585938
2022-06-14 20:19:12,27433.5,4348.031,322.1211,8.585938
2022-06-14 20:19:11,27433.48,4348.047,322.1211,8.585938
2022-06-14 20:19:10,27433.46,4348.062,322.1211,8.585938
2022-06-14 20:19:09,27433.47,4348.062,322.1211,8.578125
2022-06-14 20:19:08,27433.22,4348.316,322.1211,8.578125
2022-06-14 20:19:07,27433.5,4348.047,322.1211,8.570312
2022-06-14 20:19:06,27433.46,4348.078,322.1211,8.570312
2022-06-14 20:19:05,27433.77,4347.777,322.1211,8.570312
2022-06-14 20:19:04,27433.96,4347.594,322.1133,8.570312
2022-06-14 20:19:03,27433.66,4347.887,322.1211,8.5625
2022-06-14 20:19:02,27433.93,4347.617,322.1211,8.5625
2022-06-14 20:19:01,27433.73,4347.832,322.1211,8.554688
2022-06-14 20:19:00,27433.75,4347.809,322.1211,8.554688
2022-06-14 20:18:59,27433.7,4347.855,322.1211,8.554688
2022-06-14 20:18:58,27433.76,4347.801,322.1211,8.554688
2022-06-14 20:18:57,27433.67,4347.887,322.1211,8.554688
2022-06-14 20:18:56,27433.7,4347.871,322.1211,8.546875
2022-06-14 20:18:55,27433.61,4347.965,322.1211,8.539062
2022-06-14 20:18:54,27434.07,4347.508,322.1211,8.539062
2022-06-14 20:18:53,27433.67,4347.902,322.1211,8.539062
2022-06-14 20:18:52,27434.07,4347.512,322.1172,8.539062
2022-06-14 20:18:51,27433.95,4347.629,322.1172,8.539062
2022-06-14 20:18:50,27434.04,4347.547,322.1133,8.53125
2022-06-14 20:18:49,27433.96,4347.625,322.1133,8.53125
2022-06-14 20:18:48,27433.72,4347.875,322.1094,8.53125
2022-06-14 20:18:47,27433.48,4348.121,322.1094,8.523438
2022-06-14 20:18:46,27433.54,4348.066,322.1094,8.523438
2022-06-14 20:18:45,27433.51,4348.09,322.1094,8.523438
2022-06-14 20:18:44,27433.5,4348.105,322.1094,8.515625
2022-06-14 20:18:43,27433.45,4348.16,322.1094,8.515625
2022-06-14 20:18:42,27433.26,4348.359,322.1094,8.507812
2022-06-14 20:18:41,27433.19,4348.43,322.1094,8.507812
2022-06-14 20:18:40,27433.24,4348.375,322.1094,8.507812
2022-06-14 20:18:39,27433.07,4348.551,322.1094,8.507812
2022-06-14 20:18:38,27433.55,4348.078,322.1055,8.5
2022-06-14 20:18:37,27433.56,4348.07,322.1055,8.5
2022-06-14 20:18:36,27434.04,4347.598,322.1016,8.5
2022-06-14 20:18:35,27434.02,4347.621,322.1016,8.492188
2022-06-14 20:18:34,27434,4347.648,322.0977,8.492188
2022-06-14 20:18:33,27433.71,4347.934,322.0977,8.492188
2022-06-14 20:18:32,27433.74,4347.902,322.0977,8.492188
2022-06-14 20:18:31,27433.98,4347.664,322.0977,8.492188
2022-06-14 20:18:30,27433.77,4347.887,322.0977,8.484375
2022-06-14 20:18:29,27433.73,4347.926,322.0977,8.476562
2022-06-14 20:18:28,27434.04,4347.617,322.0977,8.476562
2022-06-14 20:18:27,27433.7,4347.957,322.0977,8.476562
2022-06-14 20:18:26,27434.01,4347.648,322.0977,8.476562
2022-06-14 20:18:25,27433.98,4347.691,322.0938,8.46875
2022-06-14 20:18:24,27433.76,4347.914,322.0938,8.46875
2022-06-14 20:18:23,27434.23,4347.445,322.0938,8.46875
2022-06-14 20:18:22,27433.96,4347.711,322.0898,8.46875
2022-06-14 20:18:21,27433.92,4347.762,322.0859,8.46875
2022-06-14 20:18:20,27434.02,4347.66,322.0859,8.46875
2022-06-14 20:18:19,27434,4347.684,322.0859,8.460938
2022-06-14 20:18:18,27434.05,4347.637,322.0859,8.460938
2022-06-14 20:18:17,27434,4347.684,322.0859,8.460938
2022-06-14 20:18:16,27433.74,4347.945,322.0859,8.460938
2022-06-14 20:18:15,27434,4347.695,322.082,8.460938
2022-06-14 20:18:14,27433.96,4347.746,322.0781,8.453125
2022-06-14 20:18:13,27433.96,4347.75,322.0742,8.453125
2022-06-14 20:18:12,27433.96,4347.754,322.0703,8.453125
2022-06-14 20:18:11,27434.26,4347.453,322.0703,8.453125
2022-06-14 20:18:10,27433.98,4347.738,322.0625,8.453125
2022-06-14 20:18:09,27433.94,4347.785,322.0703,8.4375
2022-06-14 20:18:08,27434.03,4347.699,322.0703,8.4375
2022-06-14 20:18:07,27434.28,4347.445,322.0703,8.4375
2022-06-14 20:18:06,27434.24,4347.484,322.0703,8.4375
2022-06-14 20:18:05,27434.4,4347.324,322.0703,8.4375
2022-06-14 20:18:04,27434.27,4347.453,322.0703,8.4375
2022-06-14 20:18:03,27434.71,4347.016,322.0703,8.4375
2022-06-14 20:18:02,27434.77,4346.961,322.0703,8.4375
2022-06-14 20:18:01,27434.46,4347.262,322.0703,8.4375
2022-06-14 20:18:00,27434.52,4347.207,322.0703,8.4375
2022-06-14 20:17:59,27434.46,4347.27,322.0703,8.429688
2022-06-14 20:17:58,27434.52,4347.215,322.0703,8.429688
2022-06-14 20:17:57,27434.46,4347.27,322.0703,8.429688
2022-06-14 20:17:56,27434.55,4347.184,322.0703,8.429688
2022-06-14 20:17:55,27434.5,4347.246,322.0625,8.429688
2022-06-14 20:17:54,27434.48,4347.266,322.0586,8.429688
2022-06-14 20:17:53,27434.46,4347.285,322.0586,8.425781
2022-06-14 20:17:52,27434.32,4347.43,322.0586,8.425781
2022-06-14 20:17:51,27434.71,4347.039,322.0586,8.425781
2022-06-14 20:17:50,27434.5,4347.254,322.0586,8.425781
2022-06-14 20:17:49,27434.4,4347.348,322.0586,8.425781
2022-06-14 20:17:48,27434.49,4347.262,322.0586,8.425781
2022-06-14 20:17:47,27434.19,4347.578,322.0508,8.417969
2022-06-14 20:17:46,27434.49,4347.277,322.0586,8.410156
2022-06-14 20:17:45,27434.5,4347.27,322.0586,8.410156
2022-06-14 20:17:44,27434.48,4347.285,322.0586,8.410156
2022-06-14 20:17:43,27434.4,4347.363,322.0586,8.410156
2022-06-14 20:17:42,27434.75,4347.016,322.0586,8.410156
2022-06-14 20:17:41,27434.5,4347.277,322.0586,8.402344
2022-06-14 20:17:40,27434.77,4347.008,322.0586,8.394531
2022-06-14 20:17:39,27434.71,4347.07,322.0586,8.394531
2022-06-14 20:17:38,27434.7,4347.082,322.0547,8.394531
2022-06-14 20:17:37,27434.71,4347.078,322.0508,8.394531
2022-06-14 20:17:36,27434.49,4347.305,322.0469,8.394531
2022-06-14 20:17:35,27434.53,4347.277,322.043,8.386719
2022-06-14 20:17:34,27434.55,4347.258,322.0391,8.386719
2022-06-14 20:17:33,27434.43,4347.383,322.0391,8.378906
2022-06-14 20:17:32,27434.46,4347.359,322.0391,8.378906
2022-06-14 20:17:31,27434.46,4347.352,322.0391,8.378906
2022-06-14 20:17:30,27434.83,4346.992,322.0352,8.378906
2022-06-14 20:17:29,27434.74,4347.086,322.0273,8.378906
2022-06-14 20:17:28,27434.77,4347.062,322.0352,8.371094
2022-06-14 20:17:27,27434.71,4347.117,322.0352,8.371094
2022-06-14 20:17:26,27434.52,4347.309,322.0352,8.371094
2022-06-14 20:17:25,27434.46,4347.371,322.0352,8.363281
2022-06-14 20:17:24,27434.52,4347.316,322.0352,8.363281
2022-06-14 20:17:23,27435.27,4346.57,322.0352,8.355469
2022-06-14 20:17:22,27434.99,4346.855,322.0352,8.355469
2022-06-14 20:17:21,27435.43,4346.41,322.0352,8.355469
2022-06-14 20:17:20,27434.95,4346.895,322.0352,8.355469
2022-06-14 20:17:19,27435.4,4346.457,322.0352,8.339844
2022-06-14 20:17:18,27435.57,4346.285,322.0352,8.339844
2022-06-14 20:17:17,27435.49,4346.371,322.0352,8.339844
2022-06-14 20:17:16,27435.49,4346.371,322.0352,8.339844
2022-06-14 20:17:15,27435.26,4346.602,322.0352,8.339844
2022-06-14 20:17:14,27435.49,4346.371,322.0352,8.339844
2022-06-14 20:17:13,27435.41,4346.449,322.0352,8.339844
2022-06-14 20:17:12,27435.17,4346.688,322.0352,8.339844
2022-06-14 20:17:11,27435.2,4346.664,322.0352,8.339844
2022-06-14 20:17:10,27435.01,4346.863,322.0352,8.324219
2022-06-14 20:17:09,27435.01,4346.863,322.0352,8.324219
2022-06-14 20:17:08,27435.26,4346.617,322.0352,8.324219
2022-06-14 20:17:07,27434.9,4346.973,322.0352,8.324219
2022-06-14 20:17:06,27434.93,4346.941,322.0352,8.324219
2022-06-14 20:17:05,27434.93,4346.953,322.0312,8.316406
2022-06-14 20:17:04,27434.94,4346.953,322.0234,8.316406
2022-06-14 20:17:03,27434.74,4347.152,322.0312,8.308594
2022-06-14 20:17:02,27434.69,4347.207,322.0312,8.308594
2022-06-14 20:17:01,27435.74,4346.445,321.7422,8.304688
2022-06-14 20:17:00,27435.46,4346.723,321.7422,8.304688
2022-06-14 20:16:59,27435.53,4346.68,321.7227,8.304688
2022-06-14 20:16:58,27435.5,4346.711,321.7383,8.289062
2022-06-14 20:16:57,27435.77,4346.441,321.7305,8.289062
2022-06-14 20:16:56,27435.5,4346.719,321.7305,8.289062
2022-06-14 20:16:55,27436.04,4346.172,321.7305,8.289062
2022-06-14 20:16:54,27435.71,4346.504,321.7305,8.289062
2022-06-14 20:16:53,27436.04,4346.184,321.7266,8.28125
2022-06-14 20:16:52,27436.02,4346.207,321.7266,8.28125
2022-06-14 20:16:51,27436.07,4346.168,321.7266,8.273438
2022-06-14 20:16:50,27436.24,4346,321.7188,8.273438
2022-06-14 20:16:49,27435.96,4346.277,321.7188,8.273438
2022-06-14 20:16:48,27435.71,4346.531,321.7188,8.273438
2022-06-14 20:16:47,27435.96,4346.297,321.7148,8.265625
2022-06-14 20:16:46,27436.08,4346.172,321.7148,8.265625
2022-06-14 20:16:45,27435.83,4346.434,321.7148,8.257812
2022-06-14 20:16:44,27436.2,4346.059,321.7148,8.257812
2022-06-14 20:16:43,27436.07,4346.188,321.7148,8.257812
2022-06-14 20:16:42,27436.27,4346.004,321.7148,8.25
2022-06-14 20:16:41,27436.29,4345.98,321.7148,8.25
2022-06-14 20:16:40,27436.49,4345.789,321.7148,8.242188
2022-06-14 20:16:39,27436.29,4345.988,321.7148,8.242188
2022-06-14 20:16:38,27436.21,4346.066,321.7148,8.242188
2022-06-14 20:16:37,27436.26,4346.02,321.7148,8.242188
2022-06-14 20:16:36,27436.48,4345.797,321.7148,8.242188
2022-06-14 20:16:35,27436.54,4345.75,321.7148,8.234375
2022-06-14 20:16:34,27436.7,4345.59,321.7148,8.234375
2022-06-14 20:16:33,27436.75,4345.535,321.7148,8.234375
2022-06-14 20:16:32,27436.76,4345.531,321.7109,8.234375
2022-06-14 20:16:31,27437.03,4345.281,321.6992,8.226562
2022-06-14 20:16:30,27436.73,4345.586,321.6953,8.226562
2022-06-14 20:16:29,27436.5,4345.82,321.6914,8.21875
2022-06-14 20:16:28,27437,4345.324,321.6875,8.21875
2022-06-14 20:16:27,27436.75,4345.578,321.6875,8.21875
2022-06-14 20:16:26,27436.94,4345.395,321.6875,8.210938
2022-06-14 20:16:25,27436.75,4345.594,321.6797,8.210938
2022-06-14 20:16:24,27436.45,4345.898,321.6836,8.203125
2022-06-14 20:16:23,27436.78,4345.566,321.6836,8.203125
2022-06-14 20:16:22,27436.46,4345.887,321.6797,8.203125
2022-06-14 20:16:21,27436.8,4345.559,321.6758,8.203125
2022-06-14 20:16:20,27436.5,4345.859,321.6758,8.203125
2022-06-14 20:16:19,27436.45,4345.914,321.6758,8.195312
2022-06-14 20:16:18,27436.5,4345.867,321.6758,8.195312
2022-06-14 20:16:17,27436.26,4346.113,321.6758,8.1875
2022-06-14 20:16:16,27436.31,4346.059,321.6758,8.1875
2022-06-14 20:16:15,27436.77,4345.598,321.6758,8.1875
2022-06-14 20:16:14,27436.73,4345.645,321.6758,8.179688
2022-06-14 20:16:13,27436.73,4345.645,321.6758,8.179688
2022-06-14 20:16:12,27436.99,4345.391,321.6758,8.179688
2022-06-14 20:16:11,27437.2,4345.184,321.6758,8.179688
2022-06-14 20:16:10,27437.27,4345.113,321.6758,8.179688
2022-06-14 20:16:09,27437.01,4345.367,321.6758,8.179688
2022-06-14 20:16:08,27437.02,4345.359,321.6758,8.179688
2022-06-14 20:16:07,27436.77,4345.621,321.6758,8.171875
2022-06-14 20:16:06,27437.23,4345.16,321.6758,8.171875
2022-06-14 20:16:05,27436.98,4345.406,321.6758,8.171875
2022-06-14 20:16:04,27436.97,4345.414,321.6758,8.171875
2022-06-14 20:16:03,27437.23,4345.16,321.6758,8.171875
2022-06-14 20:16:02,27437.46,4344.93,321.6758,8.171875
2022-06-14 20:16:01,27437.46,4344.93,321.6758,8.164062
2022-06-14 20:16:00,27437.52,4344.875,321.6758,8.164062
2022-06-14 20:15:59,27437.28,4345.113,321.6758,8.164062
2022-06-14 20:15:58,27437.73,4344.66,321.6758,8.164062
2022-06-14 20:15:57,27437.46,4344.93,321.6758,8.164062
2022-06-14 20:15:56,27437.7,4344.691,321.6758,8.164062
2022-06-14 20:15:55,27437.49,4344.906,321.6758,8.164062
2022-06-14 20:15:54,27437.49,4344.906,321.6758,8.164062
2022-06-14 20:15:53,27437.97,4344.43,321.668,8.164062
2022-06-14 20:15:52,27437.7,4344.703,321.6719,8.15625
2022-06-14 20:15:51,27437.47,4344.934,321.6758,8.152344
2022-06-14 20:15:50,27437.5,4344.91,321.6758,8.152344
2022-06-14 20:15:49,27437.47,4344.934,321.6758,8.152344
2022-06-14 20:15:48,27437.25,4345.156,321.6758,8.152344
2022-06-14 20:15:47,27437.5,4344.91,321.6758,8.144531
2022-06-14 20:15:46,27437.31,4345.102,321.6758,8.144531
2022-06-14 20:15:45,27437.2,4345.227,321.6758,8.136719
2022-06-14 20:15:44,27437,4345.418,321.6758,8.136719
2022-06-14 20:15:43,27436.95,4345.473,321.6758,8.136719
2022-06-14 20:15:42,27437.24,4345.188,321.6758,8.128906
2022-06-14 20:15:41,27437.52,4344.91,321.6758,8.128906
2022-06-14 20:15:40,27437.23,4345.195,321.6758,8.128906
2022-06-14 20:15:39,27437.23,4345.203,321.6758,8.128906
2022-06-14 20:15:38,27437.45,4344.98,321.6758,8.128906
2022-06-14 20:15:37,27437.5,4344.934,321.6758,8.121094
2022-06-14 20:15:36,27437.23,4345.223,321.6719,8.113281
2022-06-14 20:15:35,27437.5,4344.945,321.6719,8.113281
2022-06-14 20:15:34,27437.5,4344.953,321.6719,8.113281
2022-06-14 20:15:33,27437.53,4344.926,321.668,8.113281
2022-06-14 20:15:32,27436.99,4345.473,321.668,8.105469
2022-06-14 20:15:31,27437.8,4344.68,321.6602,8.097656
2022-06-14 20:15:30,27437.75,4344.73,321.6562,8.097656
2022-06-14 20:15:29,27437.54,4344.941,321.6523,8.097656
2022-06-14 20:15:28,27437.5,4344.992,321.6484,8.097656
2022-06-14 20:15:27,27437.72,4344.781,321.6367,8.097656
2022-06-14 20:15:26,27437.75,4344.75,321.6445,8.089844
2022-06-14 20:15:25,27437.48,4345.027,321.6367,8.089844
2022-06-14 20:15:24,27437.72,4344.789,321.6367,8.089844
2022-06-14 20:15:23,27437.76,4344.75,321.6367,8.089844
2022-06-14 20:15:22,27437.66,4344.855,321.625,8.089844
2022-06-14 20:15:21,27437.95,4344.59,321.6211,8.074219
2022-06-14 20:15:20,27438.3,4344.234,321.6289,8.066406
2022-06-14 20:15:19,27438.05,4344.488,321.6289,8.066406
2022-06-14 20:15:18,27438.2,4344.344,321.6289,8.066406
2022-06-14 20:15:17,27437.91,4344.629,321.6289,8.066406
2022-06-14 20:15:16,27437.97,4344.566,321.6289,8.066406
2022-06-14 20:15:15,27438.16,4344.383,321.6289,8.058594
2022-06-14 20:15:14,27438.16,4344.383,321.6289,8.058594
2022-06-14 20:15:13,27438.42,4344.137,321.6289,8.050781
2022-06-14 20:15:12,27438.43,4344.121,321.6289,8.050781
2022-06-14 20:15:11,27438.4,4344.152,321.6289,8.050781
2022-06-14 20:15:10,27438.43,4344.133,321.6172,8.050781
2022-06-14 20:15:09,27438.41,4344.156,321.625,8.042969
2022-06-14 20:15:08,27438.16,4344.418,321.6172,8.042969
2022-06-14 20:15:07,27438.5,4344.07,321.6172,8.042969
2022-06-14 20:15:06,27438.43,4344.152,321.6133,8.035156
2022-06-14 20:15:05,27438.2,4344.391,321.6133,8.035156
2022-06-14 20:15:04,27438.49,4344.113,321.6055,8.027344
2022-06-14 20:15:03,27438.44,4344.16,321.6055,8.027344
2022-06-14 20:15:02,27438.47,4344.137,321.5977,8.027344
2022-06-14 20:15:01,27438.47,4344.137,321.6055,8.019531
2022-06-14 20:15:00,27438.21,4344.398,321.6055,8.019531
2022-06-14 20:14:59,27438.7,4343.914,321.6055,8.019531
2022-06-14 20:14:58,27438.43,4344.184,321.6055,8.019531
2022-06-14 20:14:57,27438.44,4344.168,321.6055,8.019531
2022-06-14 20:14:56,27438.46,4344.152,321.6055,8.019531
2022-06-14 20:14:55,27438.41,4344.207,321.6055,8.011719
2022-06-14 20:14:54,27438.45,4344.168,321.6055,8.011719
2022-06-14 20:14:53,27438.43,4344.191,321.6055,8.011719
2022-06-14 20:14:52,27438.17,4344.445,321.6055,8.011719
2022-06-14 20:14:51,27438.26,4344.367,321.5977,8.011719
2022-06-14 20:14:50,27438.45,4344.176,321.6055,8.003906
2022-06-14 20:14:49,27438.16,4344.461,321.6055,8.003906
2022-06-14 20:14:48,27438.48,4344.145,321.6055,8.003906
2022-06-14 20:14:47,27438.26,4344.367,321.6055,8.003906
2022-06-14 20:14:46,27438.48,4344.145,321.6055,8.003906
2022-06-14 20:14:45,27438.23,4344.398,321.6055,8.003906
2022-06-14 20:14:44,27438.66,4344.133,321.4414,8.003906
2022-06-14 20:14:43,27438.86,4343.992,321.3906,7.988281
2022-06-14 20:14:42,27439.39,4344.312,320.5469,7.980469
2022-06-14 20:14:41,27439.19,4344.52,320.5469,7.980469
2022-06-14 20:14:40,27439.18,4344.527,320.5469,7.980469
2022-06-14 20:14:39,27439.43,4344.289,320.5469,7.972656
2022-06-14 20:14:38,27439.43,4344.289,320.5469,7.972656
2022-06-14 20:14:37,27439.24,4344.473,320.5469,7.972656
2022-06-14 20:14:36,27439.39,4344.328,320.5469,7.964844
2022-06-14 20:14:35,27439.15,4344.574,320.5469,7.964844
2022-06-14 20:14:34,27439.24,4344.48,320.5469,7.964844
2022-06-14 20:14:33,27439.45,4344.273,320.5469,7.964844
2022-06-14 20:14:32,27439.17,4344.551,320.5469,7.964844
2022-06-14 20:14:31,27439.43,4344.297,320.5391,7.964844
2022-06-14 20:14:30,27439.17,4344.559,320.5391,7.964844
2022-06-14 20:14:29,27439.14,4344.59,320.5469,7.957031
2022-06-14 20:14:28,27439.39,4344.344,320.5469,7.957031
2022-06-14 20:14:27,27439.18,4344.562,320.5352,7.957031
2022-06-14 20:14:26,27439.14,4344.602,320.5352,7.957031
2022-06-14 20:14:25,27439.43,4344.316,320.5352,7.957031
2022-06-14 20:14:24,27439.23,4344.508,320.5352,7.957031
2022-06-14 20:14:23,27439.2,4344.547,320.5352,7.949219
2022-06-14 20:14:22,27439.2,4344.547,320.5352,7.949219
2022-06-14 20:14:21,27439.43,4344.324,320.5352,7.949219
2022-06-14 20:14:20,27439.2,4344.555,320.5352,7.949219
2022-06-14 20:14:19,27439.15,4344.602,320.5352,7.949219
2022-06-14 20:14:18,27439.44,4344.316,320.5352,7.941406
2022-06-14 20:14:17,27439.21,4344.547,320.5352,7.941406
2022-06-14 20:14:16,27439.2,4344.578,320.5195,7.941406
2022-06-14 20:14:15,27439.15,4344.625,320.5273,7.933594
2022-06-14 20:14:14,27439.2,4344.578,320.5352,7.925781
2022-06-14 20:14:13,27439.18,4344.594,320.5352,7.925781
2022-06-14 20:14:12,27439.42,4344.355,320.5352,7.925781
2022-06-14 20:14:11,27439.14,4344.633,320.5352,7.925781
2022-06-14 20:14:10,27439.45,4344.324,320.5352,7.925781
2022-06-14 20:14:09,27439.39,4344.402,320.5273,7.917969
2022-06-14 20:14:08,27439.97,4343.816,320.5273,7.917969
2022-06-14 20:14:07,27440.18,4343.633,320.5039,7.917969
2022-06-14 20:14:06,27440.18,4343.633,320.5039,7.917969
2022-06-14 20:14:05,27440.59,4343.23,320.5,7.917969
2022-06-14 20:14:04,27440.51,4343.312,320.5,7.910156
2022-06-14 20:14:03,27440.2,4343.637,320.5,7.902344
2022-06-14 20:14:02,27440.45,4343.383,320.5,7.902344
2022-06-14 20:14:01,27440.22,4343.621,320.4922,7.902344
2022-06-14 20:14:00,27440.22,4343.621,320.4922,7.902344
2022-06-14 20:13:59,27440.54,4343.316,320.4805,7.902344
2022-06-14 20:13:58,27440.26,4343.598,320.4844,7.894531
2022-06-14 20:13:57,27440.46,4343.391,320.4844,7.894531
2022-06-14 20:13:56,27440.41,4343.445,320.4844,7.894531
2022-06-14 20:13:55,27440.53,4343.344,320.4688,7.894531
2022-06-14 20:13:54,27440.69,4343.184,320.4766,7.886719
2022-06-14 20:13:53,27440.65,4343.223,320.4766,7.886719
2022-06-14 20:13:52,27440.73,4343.137,320.4766,7.886719
2022-06-14 20:13:51,27440.46,4343.406,320.4766,7.886719
2022-06-14 20:13:50,27440.49,4343.383,320.4766,7.886719
2022-06-14 20:13:49,27440.4,4343.477,320.4766,7.878906
2022-06-14 20:13:48,27440.23,4343.652,320.4766,7.871094
2022-06-14 20:13:47,27440.49,4343.398,320.4766,7.871094
2022-06-14 20:13:46,27440.2,4343.684,320.4766,7.871094
2022-06-14 20:13:45,27440.46,4343.441,320.4648,7.871094
2022-06-14 20:13:44,27440.2,4343.715,320.4609,7.863281
2022-06-14 20:13:43,27440.45,4343.461,320.4609,7.863281
2022-06-14 20:13:42,27440.27,4343.645,320.4688,7.855469
2022-06-14 20:13:41,27440.23,4343.688,320.4648,7.855469
2022-06-14 20:13:40,27440.21,4343.703,320.4648,7.855469
2022-06-14 20:13:39,27439.94,4343.98,320.457,7.855469
2022-06-14 20:13:38,27440.2,4343.734,320.457,7.847656
2022-06-14 20:13:37,27440.23,4343.703,320.457,7.839844
2022-06-14 20:13:36,27440.19,4343.75,320.457,7.839844
2022-06-14 20:13:35,27440.16,4343.781,320.457,7.839844
2022-06-14 20:13:34,27440.15,4343.789,320.457,7.839844
2022-06-14 20:13:33,27440.16,4343.781,320.457,7.832031
2022-06-14 20:13:32,27440.2,4343.75,320.457,7.832031
2022-06-14 20:13:31,27440.16,4343.781,320.457,7.832031
2022-06-14 20:13:30,27440.43,4343.52,320.457,7.832031
2022-06-14 20:13:29,27440.46,4343.488,320.4492,7.832031
2022-06-14 20:13:28,27440.46,4343.488,320.457,7.824219
2022-06-14 20:13:27,27440.41,4343.543,320.457,7.824219
2022-06-14 20:13:26,27440.68,4343.285,320.4531,7.816406
2022-06-14 20:13:25,27440.38,4343.586,320.4531,7.816406
2022-06-14 20:13:24,27440.39,4343.57,320.4531,7.816406
2022-06-14 20:13:23,27440.16,4343.812,320.4492,7.816406
2022-06-14 20:13:22,27441.16,4342.945,320.3164,7.808594
2022-06-14 20:13:21,27441.21,4342.898,320.3242,7.800781
2022-06-14 20:13:20,27440.95,4343.168,320.3242,7.792969
2022-06-14 20:13:19,27441.18,4342.938,320.3242,7.792969
2022-06-14 20:13:18,27440.89,4343.23,320.3242,7.792969
2022-06-14 20:13:17,27441.18,4342.938,320.3242,7.792969
2022-06-14 20:13:16,27441.13,4342.992,320.3164,7.792969
2022-06-14 20:13:15,27440.9,4343.223,320.3242,7.785156
2022-06-14 20:13:14,27440.89,4343.238,320.3242,7.785156
2022-06-14 20:13:13,27441.23,4342.906,320.3164,7.785156
2022-06-14 20:13:12,27441.18,4342.953,320.3242,7.777344
2022-06-14 20:13:11,27440.95,4343.184,320.3242,7.777344
2022-06-14 20:13:10,27440.96,4343.168,320.3242,7.777344
2022-06-14 20:13:09,27441.2,4342.945,320.3242,7.769531
2022-06-14 20:13:08,27440.92,4343.23,320.3164,7.769531
2022-06-14 20:13:07,27440.89,4343.262,320.3242,7.761719
2022-06-14 20:13:06,27440.7,4343.453,320.3242,7.761719
2022-06-14 20:13:05,27440.89,4343.262,320.3242,7.761719
2022-06-14 20:13:04,27440.94,4343.207,320.3242,7.761719
2022-06-14 20:13:03,27440.77,4343.383,320.3242,7.761719
2022-06-14 20:13:02,27441.23,4342.914,320.3242,7.761719
2022-06-14 20:13:01,27440.92,4343.23,320.3242,7.761719
2022-06-14 20:13:00,27440.8,4343.344,320.3242,7.761719
2022-06-14 20:12:59,27440.95,4343.207,320.3242,7.753906
2022-06-14 20:12:58,27440.99,4343.176,320.3242,7.746094
2022-06-14 20:12:57,27440.92,4343.246,320.3242,7.746094
2022-06-14 20:12:56,27440.92,4343.246,320.3242,7.746094
2022-06-14 20:12:55,27440.92,4343.246,320.3242,7.746094
2022-06-14 20:12:54,27441.02,4343.152,320.3242,7.738281
2022-06-14 20:12:53,27440.94,4343.23,320.3242,7.738281
2022-06-14 20:12:52,27440.77,4343.414,320.3242,7.730469
2022-06-14 20:12:51,27440.93,4343.246,320.3242,7.730469
2022-06-14 20:12:50,27441.04,4343.137,320.3242,7.730469
2022-06-14 20:12:49,27440.96,4343.215,320.3242,7.730469
2022-06-14 20:12:48,27440.94,4343.238,320.3242,7.730469
2022-06-14 20:12:47,27440.9,4343.285,320.3242,7.722656
2022-06-14 20:12:46,27440.96,4343.227,320.3203,7.722656
2022-06-14 20:12:45,27440.72,4343.484,320.3164,7.714844
2022-06-14 20:12:44,27441.2,4343.004,320.3125,7.714844
2022-06-14 20:12:43,27441,4343.215,320.3086,7.714844
2022-06-14 20:12:42,27440.95,4343.273,320.3047,7.707031
2022-06-14 20:12:41,27441.2,4343.027,320.2969,7.707031
2022-06-14 20:12:40,27440.95,4343.289,320.2969,7.699219
2022-06-14 20:12:39,27441.27,4342.973,320.2969,7.699219
2022-06-14 20:12:38,27441.23,4343.012,320.2969,7.699219
2022-06-14 20:12:37,27440.99,4343.25,320.2969,7.699219
2022-06-14 20:12:36,27440.95,4343.293,320.293,7.699219
2022-06-14 20:12:35,27441.2,4343.047,320.293,7.691406
2022-06-14 20:12:34,27441.44,4342.816,320.293,7.683594
2022-06-14 20:12:33,27441.3,4342.965,320.2891,7.683594
2022-06-14 20:12:32,27441.2,4343.07,320.2852,7.683594
2022-06-14 20:12:31,27441,4343.277,320.2695,7.683594
2022-06-14 20:12:30,27440.43,4343.855,320.2695,7.683594
2022-06-14 20:12:29,27440.51,4343.777,320.2695,7.675781
2022-06-14 20:12:28,27440.46,4343.832,320.2695,7.675781
2022-06-14 20:12:27,27440.79,4343.5,320.2695,7.675781
2022-06-14 20:12:26,27440.95,4343.34,320.2695,7.675781
2022-06-14 20:12:25,27440.82,4343.469,320.2695,7.675781
2022-06-14 20:12:24,27440.7,4343.602,320.2695,7.660156
2022-06-14 20:12:23,27440.7,4343.605,320.2656,7.660156
2022-06-14 20:12:22,27440.73,4343.574,320.2656,7.660156
2022-06-14 20:12:21,27440.78,4343.527,320.2656,7.660156
2022-06-14 20:12:20,27440.45,4343.863,320.2617,7.660156
2022-06-14 20:12:19,27440.76,4343.57,320.2539,7.652344
2022-06-14 20:12:18,27440.75,4343.578,320.2539,7.652344
2022-06-14 20:12:17,27440.73,4343.605,320.25,7.652344
2022-06-14 20:12:16,27440.97,4343.359,320.25,7.652344
2022-06-14 20:12:15,27440.97,4343.367,320.2422,7.652344
2022-06-14 20:12:14,27440.45,4343.895,320.2383,7.652344
2022-06-14 20:12:13,27440.76,4343.586,320.2383,7.652344
2022-06-14 20:12:12,27440.5,4343.855,320.2305,7.652344
2022-06-14 20:12:11,27441,4343.363,320.2383,7.636719
2022-06-14 20:12:10,27440.73,4343.625,320.2383,7.636719
2022-06-14 20:12:09,27440.5,4343.855,320.2383,7.636719
2022-06-14 20:12:08,27440.77,4343.594,320.2383,7.636719
2022-06-14 20:12:07,27440.77,4343.586,320.2383,7.636719
2022-06-14 20:12:06,27440.98,4343.379,320.2383,7.636719
2022-06-14 20:12:05,27440.45,4343.918,320.2383,7.628906
2022-06-14 20:12:04,27440.46,4343.91,320.2383,7.628906
2022-06-14 20:12:03,27441,4343.363,320.2383,7.628906
2022-06-14 20:12:02,27440.98,4343.395,320.2383,7.621094
2022-06-14 20:12:01,27440.96,4343.41,320.2383,7.621094
2022-06-14 20:12:00,27440.97,4343.402,320.2383,7.621094
2022-06-14 20:11:59,27441.21,4343.164,320.2383,7.621094
2022-06-14 20:11:58,27441.43,4342.941,320.2383,7.621094
2022-06-14 20:11:57,27441.03,4343.348,320.2383,7.621094
2022-06-14 20:11:56,27441,4343.379,320.2383,7.613281
2022-06-14 20:11:55,27441.23,4343.156,320.2383,7.605469
2022-06-14 20:11:54,27441,4343.387,320.2383,7.605469
2022-06-14 20:11:53,27441.26,4343.133,320.2383,7.605469
2022-06-14 20:11:52,27441,4343.387,320.2383,7.605469
2022-06-14 20:11:51,27440.94,4343.449,320.2383,7.605469
2022-06-14 20:11:50,27440.94,4343.449,320.2383,7.605469
2022-06-14 20:11:49,27440.98,4343.41,320.2383,7.605469
2022-06-14 20:11:48,27440.91,4343.48,320.2383,7.605469
2022-06-14 20:11:47,27440.95,4343.441,320.2383,7.605469
2022-06-14 20:11:46,27441,4343.387,320.2383,7.605469
2022-06-14 20:11:45,27441.01,4343.379,320.2383,7.605469
2022-06-14 20:11:44,27440.97,4343.418,320.2383,7.605469
2022-06-14 20:11:43,27441.47,4342.918,320.2383,7.605469
2022-06-14 20:11:42,27441.43,4342.957,320.2383,7.605469
2022-06-14 20:11:41,27441.16,4343.227,320.2383,7.605469
2022-06-14 20:11:40,27441.5,4342.91,320.2383,7.589844
2022-06-14 20:11:39,27441.41,4342.996,320.2383,7.589844
2022-06-14 20:11:38,27441.49,4342.918,320.2383,7.589844
2022-06-14 20:11:37,27441.2,4343.211,320.2383,7.589844
2022-06-14 20:11:36,27441.49,4342.918,320.2383,7.589844
2022-06-14 20:11:35,27441.77,4342.633,320.2383,7.589844
2022-06-14 20:11:34,27441.67,4342.742,320.2305,7.589844
2022-06-14 20:11:33,27441.53,4342.887,320.2383,7.582031
2022-06-14 20:11:32,27442.04,4342.379,320.2383,7.574219
2022-06-14 20:11:31,27441.71,4342.711,320.2383,7.574219
2022-06-14 20:11:30,27441.46,4342.969,320.2344,7.574219
2022-06-14 20:11:29,27441.74,4342.684,320.2344,7.574219
2022-06-14 20:11:28,27441.49,4342.953,320.2266,7.566406
2022-06-14 20:11:27,27442.39,4342.316,320.2188,7.304688
2022-06-14 20:11:26,27442.73,4341.977,320.2188,7.304688
2022-06-14 20:11:25,27442.67,4342.043,320.2148,7.304688
2022-06-14 20:11:24,27442.93,4341.801,320.2109,7.296875
2022-06-14 20:11:23,27442.96,4341.77,320.2109,7.296875
2022-06-14 20:11:22,27442.73,4342,320.2109,7.289062
2022-06-14 20:11:21,27442.99,4341.746,320.2109,7.289062
2022-06-14 20:11:20,27442.67,4342.066,320.207,7.289062
2022-06-14 20:11:19,27442.74,4342.008,320.2031,7.28125
2022-06-14 20:11:18,27442.92,4341.832,320.2031,7.28125
2022-06-14 20:11:17,27442.72,4342.035,320.1992,7.28125
2022-06-14 20:11:16,27443.01,4341.746,320.1953,7.28125
2022-06-14 20:11:15,27442.92,4341.852,320.1836,7.28125
2022-06-14 20:11:14,27442.74,4342.035,320.1914,7.265625
2022-06-14 20:11:13,27442.96,4341.82,320.1914,7.265625
2022-06-14 20:11:12,27442.71,4342.07,320.1875,7.265625
2022-06-14 20:11:11,27443.2,4341.578,320.1875,7.265625
2022-06-14 20:11:10,27443.2,4341.578,320.1875,7.265625
2022-06-14 20:11:09,27442.92,4341.875,320.1836,7.257812
2022-06-14 20:11:08,27443.2,4341.59,320.1836,7.257812
2022-06-14 20:11:07,27443.17,4341.629,320.1836,7.25
2022-06-14 20:11:06,27443,4341.797,320.1836,7.25
2022-06-14 20:11:05,27443.23,4341.566,320.1836,7.25
2022-06-14 20:11:04,27442.98,4341.828,320.1836,7.242188
2022-06-14 20:11:03,27443.42,4341.395,320.1797,7.242188
2022-06-14 20:11:02,27443.17,4341.645,320.1758,7.242188
2022-06-14 20:11:01,27442.99,4341.836,320.1758,7.234375
2022-06-14 20:11:00,27443.17,4341.652,320.1758,7.234375
2022-06-14 20:10:59,27443.23,4341.59,320.1758,7.234375
2022-06-14 20:10:58,27442.96,4341.867,320.1758,7.234375
2022-06-14 20:10:57,27443.23,4341.598,320.1758,7.234375
2022-06-14 20:10:56,27442.99,4341.836,320.1758,7.234375
2022-06-14 20:10:55,27443.2,4341.629,320.1758,7.226562
2022-06-14 20:10:54,27442.95,4341.891,320.168,7.226562
2022-06-14 20:10:53,27442.68,4342.16,320.1758,7.21875
2022-06-14 20:10:52,27443.14,4341.703,320.1719,7.21875
2022-06-14 20:10:51,27443.19,4341.66,320.168,7.21875
2022-06-14 20:10:50,27443.1,4341.762,320.1523,7.21875
2022-06-14 20:10:49,27443.17,4341.691,320.1523,7.21875
2022-06-14 20:10:48,27442.66,4342.207,320.1523,7.210938
2022-06-14 20:10:47,27443.16,4341.707,320.1602,7.203125
2022-06-14 20:10:46,27443.2,4341.668,320.1602,7.203125
2022-06-14 20:10:45,27442.73,4342.145,320.1602,7.203125
2022-06-14 20:10:44,27442.99,4341.883,320.1602,7.203125
2022-06-14 20:10:43,27443.23,4341.645,320.1602,7.203125
2022-06-14 20:10:42,27442.98,4341.891,320.1602,7.203125
2022-06-14 20:10:41,27443.43,4341.445,320.1602,7.195312
2022-06-14 20:10:40,27443.22,4341.66,320.1602,7.195312
2022-06-14 20:10:39,27442.95,4341.938,320.1523,7.195312
2022-06-14 20:10:38,27443.18,4341.707,320.1602,7.1875
2022-06-14 20:10:37,27443.05,4341.836,320.1602,7.1875
2022-06-14 20:10:36,27443,4341.891,320.1602,7.1875
2022-06-14 20:10:35,27442.91,4341.977,320.1602,7.1875
2022-06-14 20:10:34,27443.42,4341.469,320.1602,7.1875
2022-06-14 20:10:33,27442.94,4341.953,320.1602,7.179688
2022-06-14 20:10:32,27442.95,4341.945,320.1602,7.179688
2022-06-14 20:10:31,27442.91,4341.984,320.1602,7.179688
2022-06-14 20:10:30,27442.95,4341.945,320.1602,7.179688
2022-06-14 20:10:29,27442.88,4342.016,320.1602,7.179688
2022-06-14 20:10:28,27443.17,4341.723,320.1602,7.179688
2022-06-14 20:10:27,27442.94,4341.969,320.1523,7.171875
2022-06-14 20:10:26,27443.2,4341.707,320.1602,7.164062
2022-06-14 20:10:25,27442.92,4341.992,320.1602,7.164062
2022-06-14 20:10:24,27442.96,4341.953,320.1602,7.164062
2022-06-14 20:10:23,27443.22,4341.691,320.1602,7.164062
2022-06-14 20:10:22,27443.48,4341.43,320.1602,7.164062
2022-06-14 20:10:21,27443.43,4341.492,320.1445,7.164062
2022-06-14 20:10:20,27443.66,4341.262,320.1523,7.15625
2022-06-14 20:10:19,27443.88,4341.047,320.1602,7.148438
2022-06-14 20:10:18,27443.95,4340.977,320.1602,7.148438
2022-06-14 20:10:17,27443.92,4341.012,320.1562,7.148438
2022-06-14 20:10:16,27443.67,4341.262,320.1523,7.148438
2022-06-14 20:10:15,27444.16,4340.793,320.1445,7.140625
2022-06-14 20:10:14,27443.95,4341,320.1523,7.132812
2022-06-14 20:10:13,27443.67,4341.277,320.1523,7.132812
2022-06-14 20:10:12,27444.16,4340.797,320.1484,7.132812
2022-06-14 20:10:11,27444,4340.957,320.1484,7.132812
2022-06-14 20:10:10,27443.94,4341.016,320.1445,7.132812
2022-06-14 20:10:09,27443.73,4341.25,320.1406,7.117188
2022-06-14 20:10:08,27443.87,4341.109,320.1367,7.117188
2022-06-14 20:10:07,27443.94,4341.039,320.1367,7.117188
2022-06-14 20:10:06,27443.94,4341.039,320.1367,7.117188
2022-06-14 20:10:05,27443.67,4341.309,320.1367,7.117188
2022-06-14 20:10:04,27444.13,4340.855,320.1367,7.109375
2022-06-14 20:10:03,27444.19,4340.809,320.1367,7.101562
2022-06-14 20:10:02,27444.17,4340.824,320.1367,7.101562
2022-06-14 20:10:01,27443.88,4341.117,320.1367,7.101562
2022-06-14 20:10:00,27444.2,4340.793,320.1367,7.101562
2022-06-14 20:09:59,27444.22,4340.777,320.1367,7.101562
2022-06-14 20:09:58,27443.93,4341.062,320.1367,7.101562
2022-06-14 20:09:57,27443.97,4341.035,320.1328,7.09375
2022-06-14 20:09:56,27444.15,4340.867,320.1328,7.085938
2022-06-14 20:09:55,27444.25,4340.77,320.1289,7.085938
2022-06-14 20:09:54,27444.15,4340.871,320.1289,7.085938
2022-06-14 20:09:53,27444.19,4340.832,320.1289,7.085938
2022-06-14 20:09:52,27444.18,4340.848,320.1289,7.078125
2022-06-14 20:09:51,27444.4,4340.629,320.125,7.078125
2022-06-14 20:09:50,27444.39,4340.637,320.125,7.078125
2022-06-14 20:09:49,27444.68,4340.352,320.125,7.078125
2022-06-14 20:09:48,27444.61,4340.434,320.1133,7.078125
2022-06-14 20:09:47,27444.43,4340.609,320.1211,7.070312
2022-06-14 20:09:46,27444.64,4340.402,320.1211,7.070312
2022-06-14 20:09:45,27444.4,4340.641,320.1211,7.070312
2022-06-14 20:09:44,27444.67,4340.371,320.1211,7.070312
2022-06-14 20:09:43,27444.89,4340.148,320.1211,7.070312
2022-06-14 20:09:42,27444.67,4340.371,320.1211,7.070312
2022-06-14 20:09:41,27444.65,4340.395,320.1211,7.070312
2022-06-14 20:09:40,27444.67,4340.371,320.1211,7.070312
2022-06-14 20:09:39,27444.71,4340.34,320.1211,7.0625
2022-06-14 20:09:38,27444.64,4340.418,320.1211,7.054688
2022-06-14 20:09:37,27445.14,4339.918,320.1211,7.054688
2022-06-14 20:09:36,27445.17,4339.891,320.1172,7.054688
2022-06-14 20:09:35,27445.17,4339.891,320.1172,7.054688
2022-06-14 20:09:34,27444.93,4340.141,320.1133,7.054688
2022-06-14 20:09:33,27445.43,4339.648,320.1133,7.046875
2022-06-14 20:09:32,27445.2,4339.879,320.1133,7.039062
2022-06-14 20:09:31,27445.18,4339.902,320.1133,7.039062
2022-06-14 20:09:30,27445.17,4339.914,320.1094,7.039062
2022-06-14 20:09:29,27445.39,4339.691,320.1094,7.039062
2022-06-14 20:09:28,27445.36,4339.738,320.1094,7.03125
2022-06-14 20:09:27,27445.43,4339.672,320.1055,7.03125
2022-06-14 20:09:26,27445.14,4339.969,320.0938,7.03125
2022-06-14 20:09:25,27445.46,4339.652,320.1016,7.023438
2022-06-14 20:09:24,27445.14,4339.973,320.0977,7.023438
2022-06-14 20:09:23,27445.18,4339.934,320.0977,7.023438
2022-06-14 20:09:22,27445.17,4339.941,320.0977,7.023438
2022-06-14 20:09:21,27445.43,4339.695,320.0977,7.015625
2022-06-14 20:09:20,27445.36,4339.766,320.0977,7.015625
2022-06-14 20:09:19,27445.2,4339.918,320.0977,7.015625
2022-06-14 20:09:18,27444.93,4340.195,320.0977,7.015625
2022-06-14 20:09:17,27444.64,4340.48,320.0977,7.015625
2022-06-14 20:09:16,27444.71,4340.41,320.0977,7.015625
2022-06-14 20:09:15,27444.92,4340.223,320.0938,7
2022-06-14 20:09:14,27444.68,4340.461,320.0938,7
2022-06-14 20:09:13,27444.65,4340.5,320.0938,6.992188
2022-06-14 20:09:12,27444.43,4340.723,320.0938,6.984375
2022-06-14 20:09:11,27444.41,4340.746,320.0938,6.984375
2022-06-14 20:09:10,27444.43,4340.723,320.0938,6.984375
2022-06-14 20:09:09,27444.44,4340.715,320.0938,6.984375
2022-06-14 20:09:08,27444.68,4340.477,320.0938,6.984375
2022-06-14 20:09:07,27444.93,4340.234,320.0898,6.976562
2022-06-14 20:09:06,27444.93,4340.25,320.0898,6.96875
2022-06-14 20:09:05,27444.66,4340.523,320.0859,6.96875
2022-06-14 20:09:04,27444.99,4340.191,320.0859,6.96875
2022-06-14 20:09:03,27444.93,4340.25,320.082,6.96875
2022-06-14 20:09:02,27444.68,4340.508,320.0781,6.96875
2022-06-14 20:09:01,27444.72,4340.48,320.0742,6.960938
2022-06-14 20:09:00,27444.72,4340.48,320.0742,6.960938
2022-06-14 20:08:59,27444.96,4340.246,320.0703,6.960938
2022-06-14 20:08:58,27444.9,4340.301,320.0703,6.960938
2022-06-14 20:08:57,27444.68,4340.523,320.0703,6.960938
2022-06-14 20:08:56,27444.9,4340.309,320.0703,6.953125
2022-06-14 20:08:55,27445.14,4340.07,320.0703,6.953125
2022-06-14 20:08:54,27445.21,4340,320.0703,6.953125
2022-06-14 20:08:53,27445.45,4339.762,320.0703,6.953125
2022-06-14 20:08:52,27445.42,4339.793,320.0703,6.953125
2022-06-14 20:08:51,27445.43,4339.785,320.0703,6.953125
2022-06-14 20:08:50,27445.64,4339.57,320.0703,6.953125
2022-06-14 20:08:49,27445.4,4339.809,320.0703,6.953125
2022-06-14 20:08:48,27445.4,4339.809,320.0703,6.953125
2022-06-14 20:08:47,27445.43,4339.785,320.0703,6.945312
2022-06-14 20:08:46,27445.65,4339.57,320.0703,6.945312
2022-06-14 20:08:45,27445.67,4339.547,320.0703,6.945312
2022-06-14 20:08:44,27445.46,4339.754,320.0703,6.945312
2022-06-14 20:08:43,27445.42,4339.801,320.0703,6.945312
2022-06-14 20:08:42,27445.4,4339.816,320.0703,6.945312
2022-06-14 20:08:41,27445.66,4339.562,320.0703,6.945312
2022-06-14 20:08:40,27445.65,4339.57,320.0703,6.945312
2022-06-14 20:08:39,27445.38,4339.824,320.0938,6.9375
2022-06-14 20:08:38,27445.7,4339.539,320.0625,6.929688
2022-06-14 20:08:37,27445.41,4339.832,320.0625,6.929688
2022-06-14 20:08:36,27445.67,4339.57,320.0625,6.929688
2022-06-14 20:08:35,27445.35,4339.895,320.0625,6.929688
2022-06-14 20:08:34,27445.24,4340,320.0625,6.929688
2022-06-14 20:08:33,27445.2,4340.062,320.0625,6.914062
2022-06-14 20:08:32,27445.25,4340.012,320.0586,6.914062
2022-06-14 20:08:31,27445.2,4340.066,320.0586,6.914062
2022-06-14 20:08:30,27445.19,4340.074,320.0586,6.914062
2022-06-14 20:08:29,27445.2,4340.066,320.0586,6.914062
2022-06-14 20:08:28,27445.22,4340.055,320.0547,6.90625
2022-06-14 20:08:27,27445.16,4340.105,320.0586,6.90625
2022-06-14 20:08:26,27445.5,4339.773,320.0586,6.90625
2022-06-14 20:08:25,27445.16,4340.105,320.0586,6.90625
2022-06-14 20:08:24,27445.25,4340.02,320.0586,6.90625
2022-06-14 20:08:23,27444.95,4340.32,320.0586,6.90625
2022-06-14 20:08:22,27445.21,4340.059,320.0586,6.90625
2022-06-14 20:08:21,27444.95,4340.328,320.0586,6.898438
2022-06-14 20:08:20,27445.12,4340.16,320.0586,6.890625
2022-06-14 20:08:19,27445.16,4340.121,320.0586,6.890625
2022-06-14 20:08:18,27444.97,4340.312,320.0586,6.890625
2022-06-14 20:08:17,27444.97,4340.316,320.0547,6.890625
2022-06-14 20:08:16,27445.12,4340.18,320.0469,6.882812
2022-06-14 20:08:15,27445.16,4340.148,320.0469,6.882812
2022-06-14 20:08:14,27445.16,4340.148,320.0469,6.882812
2022-06-14 20:08:13,27445.16,4340.148,320.0469,6.882812
2022-06-14 20:08:12,27445.39,4339.91,320.0469,6.882812
2022-06-14 20:08:11,27445.46,4339.848,320.0469,6.875
2022-06-14 20:08:10,27445.43,4339.879,320.0469,6.875
2022-06-14 20:08:09,27445.43,4339.891,320.043,6.867188
2022-06-14 20:08:08,27445.43,4339.898,320.043,6.867188
2022-06-14 20:08:07,27445.43,4339.895,320.0391,6.867188
2022-06-14 20:08:06,27445.43,4339.895,320.0469,6.859375
2022-06-14 20:08:05,27445.44,4339.887,320.0469,6.859375
2022-06-14 20:08:04,27445.71,4339.621,320.043,6.859375
2022-06-14 20:08:03,27445.72,4339.621,320.0352,6.859375
2022-06-14 20:08:02,27445.4,4339.941,320.0391,6.851562
2022-06-14 20:08:01,27445.44,4339.902,320.0391,6.851562
2022-06-14 20:08:00,27445.16,4340.195,320.0312,6.851562
2022-06-14 20:07:59,27445.16,4340.199,320.0273,6.84375
2022-06-14 20:07:58,27445.46,4339.902,320.0234,6.84375
2022-06-14 20:07:57,27445.66,4339.715,320.0195,6.84375
2022-06-14 20:07:56,27445.4,4339.984,320.0117,6.835938
2022-06-14 20:07:55,27445.37,4340.016,320.0117,6.835938
2022-06-14 20:07:54,27445.5,4339.898,320.0117,6.828125
2022-06-14 20:07:53,27445.46,4339.93,320.0117,6.828125
2022-06-14 20:07:52,27445.19,4340.207,320.0117,6.828125
2022-06-14 20:07:51,27445.16,4340.246,320.0039,6.828125
2022-06-14 20:07:50,27444.91,4340.492,320.0039,6.828125
2022-06-14 20:07:49,27444.91,4340.504,320,6.820312
2022-06-14 20:07:48,27444.66,4340.758,320,6.8125
2022-06-14 20:07:47,27444.73,4340.695,320,6.8125
2022-06-14 20:07:46,27444.49,4340.926,320.0078,6.8125
2022-06-14 20:07:45,27444.48,4340.938,320.0039,6.8125
2022-06-14 20:07:44,27444.49,4340.938,320.0039,6.804688
2022-06-14 20:07:43,27444.73,4340.707,320.0039,6.796875
2022-06-14 20:07:42,27444.95,4340.484,320.0039,6.796875
2022-06-14 20:07:41,27444.94,4340.492,320.0039,6.796875
2022-06-14 20:07:40,27444.67,4340.762,320.0039,6.796875
2022-06-14 20:07:39,27444.38,4341.055,320.0039,6.796875
2022-06-14 20:07:38,27444.73,4340.699,320.0039,6.796875
2022-06-14 20:07:37,27444.7,4340.75,320,6.789062
2022-06-14 20:07:36,27444.46,4340.988,320,6.789062
2022-06-14 20:07:35,27444.73,4340.719,320,6.789062
2022-06-14 20:07:34,27444.42,4341.035,319.9922,6.789062
2022-06-14 20:07:33,27444.44,4341.02,319.9922,6.78125
2022-06-14 20:07:32,27444.18,4341.297,319.9922,6.765625
2022-06-14 20:07:31,27444.42,4341.059,319.9922,6.765625
2022-06-14 20:07:30,27444.39,4341.082,319.9922,6.765625
2022-06-14 20:07:29,27444.17,4341.312,319.9922,6.757812
2022-06-14 20:07:28,27444.67,4340.812,319.9922,6.757812
2022-06-14 20:07:27,27444.45,4341.035,319.9922,6.757812
2022-06-14 20:07:26,27444.23,4341.258,319.9922,6.75
2022-06-14 20:07:25,27444.45,4341.035,320,6.75
2022-06-14 20:07:24,27444.52,4340.969,320,6.746094
2022-06-14 20:07:23,27444.52,4340.969,320,6.746094
2022-06-14 20:07:22,27444.49,4341,320,6.746094
2022-06-14 20:07:21,27444.23,4341.262,320,6.738281
2022-06-14 20:07:20,27444.52,4340.977,320,6.738281
2022-06-14 20:07:19,27444.45,4341.047,320,6.738281
2022-06-14 20:07:18,27444.43,4341.07,320,6.738281
2022-06-14 20:07:17,27444.42,4341.078,320,6.738281
2022-06-14 20:07:16,27444.43,4341.07,320,6.738281
2022-06-14 20:07:15,27444.45,4341.047,320,6.738281
2022-06-14 20:07:14,27444.27,4341.238,320,6.730469
2022-06-14 20:07:13,27444.44,4341.078,319.9922,6.722656
2022-06-14 20:07:12,27444.45,4341.07,319.9922,6.722656
2022-06-14 20:07:11,27444.19,4341.336,319.9883,6.722656
2022-06-14 20:07:10,27444.2,4341.32,319.9883,6.722656
2022-06-14 20:07:09,27444.66,4340.867,319.9883,6.722656
2022-06-14 20:07:08,27444.44,4341.102,319.9766,6.714844
2022-06-14 20:07:07,27444.67,4340.918,319.9375,6.707031
2022-06-14 20:07:06,27444.99,4340.602,319.9375,6.707031
2022-06-14 20:07:05,27444.95,4340.641,319.9375,6.707031
2022-06-14 20:07:04,27444.67,4340.922,319.9336,6.707031
2022-06-14 20:07:03,27444.77,4340.82,319.9414,6.699219
2022-06-14 20:07:02,27445,4340.598,319.9414,6.699219
2022-06-14 20:07:01,27444.99,4340.613,319.9414,6.691406
2022-06-14 20:07:00,27444.7,4340.898,319.9414,6.691406
2022-06-14 20:06:59,27445,4340.609,319.9375,6.691406
2022-06-14 20:06:58,27445.22,4340.398,319.9258,6.691406
2022-06-14 20:06:57,27444.93,4340.691,319.9336,6.683594
2022-06-14 20:06:56,27444.94,4340.676,319.9336,6.683594
2022-06-14 20:06:55,27445,4340.621,319.9336,6.683594
2022-06-14 20:06:54,27444.99,4340.652,319.918,6.675781
2022-06-14 20:06:53,27445.12,4340.523,319.918,6.675781
2022-06-14 20:06:52,27445.18,4340.469,319.918,6.667969
2022-06-14 20:06:51,27444.96,4340.691,319.918,6.667969
2022-06-14 20:06:50,27445.46,4340.191,319.918,6.667969
2022-06-14 20:06:49,27445.12,4340.535,319.9141,6.660156
2022-06-14 20:06:48,27445.18,4340.48,319.9141,6.660156
2022-06-14 20:06:47,27445.16,4340.512,319.9141,6.652344
2022-06-14 20:06:46,27445.19,4340.48,319.9141,6.652344
2022-06-14 20:06:45,27445.12,4340.543,319.9141,6.652344
2022-06-14 20:06:44,27444.87,4340.797,319.9141,6.652344
2022-06-14 20:06:43,27444.91,4340.766,319.9141,6.644531
2022-06-14 20:06:42,27445.17,4340.512,319.9141,6.636719
2022-06-14 20:06:41,27444.88,4340.805,319.9141,6.636719
2022-06-14 20:06:40,27444.62,4341.066,319.9141,6.636719
2022-06-14 20:06:39,27444.93,4340.754,319.9102,6.636719
2022-06-14 20:06:38,27445.24,4340.457,319.9062,6.628906
2022-06-14 20:06:37,27445.39,4340.305,319.9062,6.628906
2022-06-14 20:06:36,27444.9,4340.816,319.8945,6.621094
2022-06-14 20:06:35,27445.39,4340.328,319.8906,6.621094
2022-06-14 20:06:34,27445.15,4340.578,319.8867,6.621094
2022-06-14 20:06:33,27445.16,4340.57,319.8867,6.621094
2022-06-14 20:06:32,27445.18,4340.562,319.8789,6.613281
2022-06-14 20:06:31,27445.12,4340.625,319.8789,6.605469
2022-06-14 20:06:30,27445.24,4340.508,319.8789,6.605469
2022-06-14 20:06:29,27445.16,4340.594,319.8789,6.605469
2022-06-14 20:06:28,27444.93,4340.816,319.8789,6.605469
2022-06-14 20:06:27,27445.12,4340.633,319.8789,6.597656
2022-06-14 20:06:26,27445.23,4340.531,319.8789,6.589844
2022-06-14 20:06:25,27445.18,4340.586,319.8789,6.589844
2022-06-14 20:06:24,27445.2,4340.562,319.8789,6.589844
2022-06-14 20:06:23,27445.15,4340.617,319.8789,6.589844
2022-06-14 20:06:22,27444.93,4340.84,319.8789,6.582031
2022-06-14 20:06:21,27445.16,4340.617,319.8789,6.582031
2022-06-14 20:06:20,27444.96,4340.824,319.8789,6.574219
2022-06-14 20:06:19,27444.88,4340.902,319.8789,6.574219
2022-06-14 20:06:18,27444.95,4340.832,319.8789,6.574219
2022-06-14 20:06:17,27444.93,4340.848,319.8789,6.574219
2022-06-14 20:06:16,27444.99,4340.793,319.8789,6.574219
2022-06-14 20:06:15,27444.89,4340.895,319.8789,6.574219
2022-06-14 20:06:14,27444.43,4341.355,319.8789,6.574219
2022-06-14 20:06:13,27444.66,4341.117,319.8789,6.574219
2022-06-14 20:06:12,27444.71,4341.07,319.8789,6.574219
2022-06-14 20:06:11,27445.16,4340.633,319.8789,6.566406
2022-06-14 20:06:10,27445.17,4340.617,319.8789,6.566406
2022-06-14 20:06:09,27445.2,4340.586,319.8789,6.566406
2022-06-14 20:06:08,27445.2,4340.586,319.8789,6.566406
2022-06-14 20:06:07,27445.43,4340.363,319.8789,6.566406
2022-06-14 20:06:06,27445.48,4340.309,319.8789,6.566406
2022-06-14 20:06:05,27445.4,4340.387,319.8789,6.566406
2022-06-14 20:06:04,27445.37,4340.418,319.8789,6.566406
2022-06-14 20:06:03,27445.46,4340.34,319.8711,6.566406
2022-06-14 20:06:02,27445.48,4340.316,319.8789,6.558594
2022-06-14 20:06:01,27445.16,4340.648,319.8711,6.558594
2022-06-14 20:06:00,27445.2,4340.602,319.8789,6.550781
2022-06-14 20:05:59,27445.12,4340.68,319.8789,6.550781
2022-06-14 20:05:58,27445.42,4340.387,319.8789,6.550781
2022-06-14 20:05:57,27445.19,4340.625,319.8789,6.542969
2022-06-14 20:05:56,27445.2,4340.609,319.8789,6.542969
2022-06-14 20:05:55,27445.4,4340.41,319.8789,6.542969
2022-06-14 20:05:54,27445.17,4340.641,319.8789,6.542969
2022-06-14 20:05:53,27445.39,4340.426,319.8789,6.535156
2022-06-14 20:05:52,27445.2,4340.625,319.8789,6.527344
2022-06-14 20:05:51,27445.48,4340.348,319.8789,6.527344
2022-06-14 20:05:50,27445.5,4340.332,319.8789,6.527344
2022-06-14 20:05:49,27445.43,4340.398,319.875,6.527344
2022-06-14 20:05:48,27445.8,4340.027,319.875,6.527344
2022-06-14 20:05:47,27445.74,4340.105,319.8672,6.519531
2022-06-14 20:05:46,27445.5,4340.359,319.8672,6.511719
2022-06-14 20:05:45,27445,4340.855,319.8633,6.511719
2022-06-14 20:05:44,27445,4340.855,319.8633,6.511719
2022-06-14 20:05:43,27445.22,4340.645,319.8594,6.511719
2022-06-14 20:05:42,27445.5,4340.379,319.8555,6.503906
2022-06-14 20:05:41,27445.16,4340.719,319.8555,6.503906
2022-06-14 20:05:40,27445.04,4340.84,319.8555,6.503906
2022-06-14 20:05:39,27445.67,4340.203,319.8555,6.503906
2022-06-14 20:05:38,27445.49,4340.387,319.8555,6.503906
2022-06-14 20:05:37,27445.46,4340.43,319.8516,6.496094
2022-06-14 20:05:36,27445.21,4340.676,319.8516,6.496094
2022-06-14 20:05:35,27445.39,4340.492,319.8516,6.496094
2022-06-14 20:05:34,27445.67,4340.219,319.8477,6.496094
2022-06-14 20:05:33,27445.46,4340.434,319.8477,6.496094
2022-06-14 20:05:32,27445.49,4340.402,319.8477,6.496094
2022-06-14 20:05:31,27445.43,4340.473,319.8477,6.488281
2022-06-14 20:05:30,27445.46,4340.441,319.8477,6.488281
2022-06-14 20:05:29,27445.67,4340.227,319.8477,6.488281
2022-06-14 20:05:28,27445.67,4340.238,319.8359,6.488281
2022-06-14 20:05:27,27445.67,4340.238,319.8359,6.488281
2022-06-14 20:05:26,27445.92,4340,319.8359,6.480469
2022-06-14 20:05:25,27445.64,4340.277,319.8359,6.480469
2022-06-14 20:05:24,27445.46,4340.461,319.8359,6.480469
2022-06-14 20:05:23,27445.93,4339.992,319.8359,6.480469
2022-06-14 20:05:22,27446,4339.918,319.832,6.480469
2022-06-14 20:05:21,27445.94,4340,319.8281,6.464844
2022-06-14 20:05:20,27445.73,4340.215,319.8281,6.464844
2022-06-14 20:05:19,27445.63,4340.312,319.8242,6.464844
2022-06-14 20:05:18,27445.94,4340.004,319.8242,6.464844
2022-06-14 20:05:17,27445.6,4340.332,319.8359,6.464844
2022-06-14 20:05:16,27445.48,4340.461,319.8359,6.457031
2022-06-14 20:05:15,27445.66,4340.285,319.8359,6.449219
2022-06-14 20:05:14,27445.45,4340.5,319.8359,6.449219
2022-06-14 20:05:13,27445.14,4340.812,319.832,6.449219
2022-06-14 20:05:12,27445.17,4340.781,319.832,6.449219
2022-06-14 20:05:11,27445.44,4340.512,319.832,6.449219
2022-06-14 20:05:10,27445.45,4340.516,319.8281,6.441406
2022-06-14 20:05:09,27445.1,4340.867,319.8242,6.441406
2022-06-14 20:05:08,27445.02,4340.957,319.8164,6.441406
2022-06-14 20:05:07,27445.38,4340.598,319.8164,6.441406
2022-06-14 20:05:06,27445.17,4340.82,319.8008,6.441406
2022-06-14 20:05:05,27445.23,4340.766,319.8008,6.433594
2022-06-14 20:05:04,27445.48,4340.523,319.7969,6.433594
2022-06-14 20:05:03,27445.44,4340.562,319.7969,6.433594
2022-06-14 20:05:02,27445.45,4340.555,319.7969,6.433594
2022-06-14 20:05:01,27445.44,4340.562,319.7969,6.433594
2022-06-14 20:05:00,27445.2,4340.801,319.7969,6.433594
2022-06-14 20:04:59,27445.6,4340.41,319.7969,6.425781
2022-06-14 20:04:58,27445.42,4340.594,319.7969,6.425781
2022-06-14 20:04:57,27445.67,4340.34,319.7969,6.425781
2022-06-14 20:04:56,27445.73,4340.285,319.7969,6.425781
2022-06-14 20:04:55,27445.7,4340.305,319.8086,6.417969
2022-06-14 20:04:54,27445.9,4340.105,319.8086,6.417969
2022-06-14 20:04:53,27445.89,4340.121,319.8086,6.417969
2022-06-14 20:04:52,27445.88,4340.129,319.8086,6.417969
2022-06-14 20:04:51,27445.91,4340.098,319.8086,6.417969
2022-06-14 20:04:50,27445.88,4340.129,319.8086,6.417969
2022-06-14 20:04:49,27446.25,4339.766,319.8086,6.410156
2022-06-14 20:04:48,27446.16,4339.859,319.8086,6.410156
2022-06-14 20:04:47,27445.91,4340.105,319.8086,6.410156
2022-06-14 20:04:46,27445.88,4340.137,319.8086,6.410156
2022-06-14 20:04:45,27445.66,4340.359,319.8086,6.402344
2022-06-14 20:04:44,27445.66,4340.371,319.7969,6.402344
2022-06-14 20:04:43,27445.88,4340.156,319.7969,6.402344
2022-06-14 20:04:42,27445.88,4340.156,319.7969,6.402344
2022-06-14 20:04:41,27445.86,4340.176,319.793,6.402344
2022-06-14 20:04:40,27446.12,4339.926,319.7812,6.402344
2022-06-14 20:04:39,27446.17,4339.879,319.7891,6.394531
2022-06-14 20:04:38,27446.37,4339.68,319.7891,6.394531
2022-06-14 20:04:37,27446.39,4339.664,319.7891,6.394531
2022-06-14 20:04:36,27446.37,4339.68,319.7891,6.394531
2022-06-14 20:04:35,27446.17,4339.887,319.7891,6.386719
2022-06-14 20:04:34,27445.97,4340.086,319.7891,6.386719
2022-06-14 20:04:33,27446.42,4339.629,319.8008,6.386719
2022-06-14 20:04:32,27446.12,4339.922,319.8008,6.386719
2022-06-14 20:04:31,27446.45,4339.605,319.8008,6.378906
2022-06-14 20:04:30,27446.46,4339.59,319.8008,6.378906
2022-06-14 20:04:29,27446.73,4339.328,319.8008,6.378906
2022-06-14 20:04:28,27446.93,4339.129,319.8008,6.371094
2022-06-14 20:04:27,27446.63,4339.43,319.8008,6.371094
2022-06-14 20:04:26,27446.42,4339.645,319.8008,6.371094
2022-06-14 20:04:25,27446.7,4339.367,319.8008,6.371094
2022-06-14 20:04:24,27446.42,4339.652,319.8008,6.363281
2022-06-14 20:04:23,27446.42,4339.641,319.8125,6.363281
2022-06-14 20:04:22,27446.2,4339.891,319.7852,6.355469
2022-06-14 20:04:21,27446.45,4339.645,319.7852,6.355469
2022-06-14 20:04:20,27446.63,4339.461,319.7852,6.355469
2022-06-14 20:04:19,27446.42,4339.684,319.7852,6.347656
2022-06-14 20:04:18,27446.17,4339.93,319.7852,6.347656
2022-06-14 20:04:17,27446.63,4339.473,319.7812,6.347656
2022-06-14 20:04:16,27446.39,4339.723,319.7773,6.347656
2022-06-14 20:04:15,27446.45,4339.66,319.7773,6.347656
2022-06-14 20:04:14,27446.63,4339.477,319.7773,6.347656
2022-06-14 20:04:13,27446.66,4339.453,319.7773,6.339844
2022-06-14 20:04:12,27446.32,4339.766,319.8047,6.339844
2022-06-14 20:04:11,27446.14,4339.969,319.7852,6.339844
2022-06-14 20:04:10,27446.18,4339.93,319.7852,6.339844
2022-06-14 20:04:09,27445.89,4340.223,319.7773,6.339844
2022-06-14 20:04:08,27445.89,4340.223,319.7773,6.339844
2022-06-14 20:04:07,27445.71,4340.418,319.7734,6.332031
2022-06-14 20:04:06,27445.69,4340.441,319.7734,6.332031
2022-06-14 20:04:05,27445.46,4340.664,319.7734,6.332031
2022-06-14 20:04:04,27445.63,4340.496,319.7734,6.332031
2022-06-14 20:04:03,27445.68,4340.449,319.7734,6.332031
2022-06-14 20:04:02,27445.36,4340.785,319.7617,6.332031
2022-06-14 20:04:01,27445.93,4340.223,319.7617,6.324219
2022-06-14 20:04:00,27445.76,4340.398,319.7617,6.316406
2022-06-14 20:03:59,27445.74,4340.414,319.7617,6.316406
2022-06-14 20:03:58,27445.45,4340.707,319.7617,6.316406
2022-06-14 20:03:57,27445.68,4340.477,319.7617,6.316406
2022-06-14 20:03:56,27445.66,4340.492,319.7617,6.316406
2022-06-14 20:03:55,27445.65,4340.508,319.7617,6.316406
2022-06-14 20:03:54,27445.39,4340.777,319.7539,6.316406
2022-06-14 20:03:53,27445.65,4340.516,319.7617,6.308594
2022-06-14 20:03:52,27445.39,4340.77,319.7617,6.308594
2022-06-14 20:03:51,27445.47,4340.68,319.7734,6.308594
2022-06-14 20:03:50,27445.43,4340.727,319.7734,6.308594
2022-06-14 20:03:49,27445.41,4340.75,319.7734,6.300781
2022-06-14 20:03:48,27445.67,4340.496,319.7734,6.292969
2022-06-14 20:03:47,27445.43,4340.738,319.7695,6.292969
2022-06-14 20:03:46,27445.66,4340.508,319.7695,6.292969
2022-06-14 20:03:45,27445.69,4340.488,319.7656,6.292969
2022-06-14 20:03:44,27445.42,4340.762,319.7617,6.292969
2022-06-14 20:03:43,27445.23,4340.961,319.7617,6.285156
2022-06-14 20:03:42,27445.69,4340.508,319.7617,6.277344
2022-06-14 20:03:41,27445.71,4340.496,319.75,6.277344
2022-06-14 20:03:40,27445.45,4340.762,319.7461,6.277344
2022-06-14 20:03:39,27445.19,4341.023,319.7461,6.277344
2022-06-14 20:03:38,27445.76,4340.465,319.7344,6.277344
2022-06-14 20:03:37,27446.02,4340.215,319.7305,6.269531
2022-06-14 20:03:36,27445.94,4340.293,319.7305,6.269531
2022-06-14 20:03:35,27445.91,4340.332,319.7227,6.269531
2022-06-14 20:03:34,27446,4340.242,319.7188,6.269531
2022-06-14 20:03:33,27446.16,4340.09,319.7188,6.269531
2022-06-14 20:03:32,27446.22,4340.031,319.7148,6.269531
2022-06-14 20:03:31,27445.89,4340.352,319.7266,6.269531
2022-06-14 20:03:30,27445.93,4340.312,319.7266,6.269531
2022-06-14 20:03:29,27445.88,4340.359,319.7266,6.269531
2022-06-14 20:03:28,27445.86,4340.383,319.7266,6.261719
2022-06-14 20:03:27,27446.18,4340.066,319.7266,6.261719
2022-06-14 20:03:26,27446.2,4340.043,319.7266,6.261719
2022-06-14 20:03:25,27446.18,4340.066,319.7266,6.261719
2022-06-14 20:03:24,27446.17,4340.074,319.7266,6.261719
2022-06-14 20:03:23,27445.9,4340.352,319.7266,6.253906
2022-06-14 20:03:22,27445.99,4340.273,319.7266,6.246094
2022-06-14 20:03:21,27446.11,4340.152,319.7266,6.246094
2022-06-14 20:03:20,27446.2,4340.078,319.7148,6.246094
2022-06-14 20:03:19,27446.38,4339.895,319.7148,6.246094
2022-06-14 20:03:18,27446.13,4340.141,319.7148,6.246094
2022-06-14 20:03:17,27446.39,4339.895,319.7148,6.238281
2022-06-14 20:03:16,27446.38,4339.902,319.7148,6.238281
2022-06-14 20:03:15,27446.17,4340.109,319.7148,6.238281
2022-06-14 20:03:14,27446.38,4339.902,319.7148,6.238281
2022-06-14 20:03:13,27446.39,4339.895,319.7148,6.238281
2022-06-14 20:03:12,27446.43,4339.848,319.7148,6.238281
2022-06-14 20:03:11,27446.59,4339.688,319.7148,6.238281
2022-06-14 20:03:10,27446.4,4339.879,319.7148,6.238281
2022-06-14 20:03:09,27446.16,4340.113,319.7266,6.238281
2022-06-14 20:03:08,27446.34,4339.938,319.7266,6.230469
2022-06-14 20:03:07,27446.11,4340.176,319.7266,6.222656
2022-06-14 20:03:06,27446.15,4340.137,319.7266,6.222656
2022-06-14 20:03:05,27446.35,4339.938,319.7266,6.222656
2022-06-14 20:03:04,27446.36,4339.922,319.7266,6.222656
2022-06-14 20:03:03,27446.35,4339.938,319.7266,6.222656
2022-06-14 20:03:02,27446.18,4340.113,319.7266,6.214844
2022-06-14 20:03:01,27446.37,4339.922,319.7266,6.214844
2022-06-14 20:03:00,27446.44,4339.852,319.7266,6.214844
2022-06-14 20:02:59,27446.41,4339.883,319.7266,6.214844
2022-06-14 20:02:58,27446.4,4339.902,319.7148,6.214844
2022-06-14 20:02:57,27446.89,4339.414,319.7109,6.214844
2022-06-14 20:02:56,27446.67,4339.648,319.707,6.207031
2022-06-14 20:02:55,27446.89,4339.441,319.6992,6.207031
2022-06-14 20:02:54,27446.86,4339.469,319.6953,6.207031
2022-06-14 20:02:53,27447.13,4339.199,319.6953,6.207031
2022-06-14 20:02:52,27447.17,4339.164,319.6914,6.207031
2022-06-14 20:02:51,27447.1,4339.234,319.6914,6.207031
2022-06-14 20:02:50,27446.98,4339.355,319.6914,6.207031
2022-06-14 20:02:49,27447.37,4338.965,319.6914,6.207031
2022-06-14 20:02:48,27447.14,4339.203,319.6914,6.199219
2022-06-14 20:02:47,27447.37,4338.961,319.7031,6.199219
2022-06-14 20:02:46,27447.15,4339.184,319.7031,6.199219
2022-06-14 20:02:45,27447.36,4338.969,319.7031,6.199219
2022-06-14 20:02:44,27447.36,4338.969,319.7031,6.199219
2022-06-14 20:02:43,27447.09,4339.238,319.7031,6.199219
2022-06-14 20:02:42,27447.37,4338.961,319.7031,6.199219
2022-06-14 20:02:41,27447.29,4339.047,319.6953,6.199219
2022-06-14 20:02:40,27447.15,4339.191,319.7031,6.191406
2022-06-14 20:02:39,27447.08,4339.262,319.7031,6.191406
2022-06-14 20:02:38,27447.43,4338.914,319.7031,6.191406
2022-06-14 20:02:37,27447.39,4338.961,319.7031,6.183594
2022-06-14 20:02:36,27447.66,4338.684,319.7031,6.183594
2022-06-14 20:02:35,27447.59,4338.781,319.6914,6.175781
2022-06-14 20:02:34,27447.57,4338.797,319.6914,6.175781
2022-06-14 20:02:33,27447.58,4338.789,319.6914,6.175781
2022-06-14 20:02:32,27447.62,4338.773,319.6836,6.160156
2022-06-14 20:02:31,27447.55,4338.836,319.6914,6.152344
2022-06-14 20:02:30,27447.74,4338.652,319.6875,6.152344
2022-06-14 20:02:29,27447.39,4339,319.6875,6.152344
2022-06-14 20:02:28,27447.96,4338.441,319.6836,6.152344
2022-06-14 20:02:27,27447.58,4338.824,319.6797,6.152344
2022-06-14 20:02:26,27447.39,4339.008,319.6797,6.152344
2022-06-14 20:02:25,27447.37,4339.027,319.6914,6.144531
2022-06-14 20:02:24,27447.43,4338.973,319.6914,6.144531
2022-06-14 20:02:23,27447.16,4339.246,319.6875,6.144531
2022-06-14 20:02:22,27447.43,4338.977,319.6875,6.144531
2022-06-14 20:02:21,27447.09,4339.309,319.6875,6.144531
2022-06-14 20:02:20,27447.64,4338.773,319.6836,6.136719
2022-06-14 20:02:19,27447.62,4338.797,319.6836,6.136719
2022-06-14 20:02:18,27447.39,4339.031,319.6797,6.136719
2022-06-14 20:02:17,27447.39,4339.031,319.6797,6.136719
2022-06-14 20:02:16,27447.63,4338.785,319.6797,6.136719
2022-06-14 20:02:15,27447.37,4339.059,319.668,6.136719
2022-06-14 20:02:14,27447.36,4339.074,319.668,6.128906
2022-06-14 20:02:13,27447.61,4338.828,319.668,6.128906
2022-06-14 20:02:12,27447.81,4338.629,319.668,6.128906
2022-06-14 20:02:11,27447.68,4338.758,319.668,6.128906
2022-06-14 20:02:10,27447.62,4338.812,319.668,6.128906
2022-06-14 20:02:09,27447.69,4338.754,319.6641,6.128906
2022-06-14 20:02:08,27447.86,4338.586,319.6641,6.121094
2022-06-14 20:02:07,27447.68,4338.773,319.6602,6.121094
2022-06-14 20:02:06,27447.66,4338.801,319.6562,6.121094
2022-06-14 20:02:05,27447.67,4338.773,319.668,6.121094
2022-06-14 20:02:04,27447.87,4338.578,319.6641,6.121094
2022-06-14 20:02:03,27447.92,4338.531,319.6641,6.121094
2022-06-14 20:02:02,27447.69,4338.762,319.6641,6.121094
2022-06-14 20:02:01,27448.13,4338.316,319.6641,6.121094
2022-06-14 20:02:00,27447.89,4338.562,319.6562,6.121094
2022-06-14 20:01:59,27447.88,4338.578,319.6641,6.113281
2022-06-14 20:01:58,27447.59,4338.871,319.6641,6.113281
2022-06-14 20:01:57,27447.65,4338.809,319.6641,6.113281
2022-06-14 20:01:56,27447.42,4339.039,319.6641,6.113281
2022-06-14 20:01:55,27447.32,4339.133,319.6641,6.113281
2022-06-14 20:01:54,27447.12,4339.344,319.6523,6.113281
2022-06-14 20:01:53,27446.85,4339.629,319.6523,6.105469
2022-06-14 20:01:52,27446.92,4339.559,319.6523,6.105469
2022-06-14 20:01:51,27446.69,4339.789,319.6523,6.105469
2022-06-14 20:01:50,27446.66,4339.812,319.6523,6.105469
2022-06-14 20:01:49,27446.61,4339.875,319.6445,6.105469
2022-06-14 20:01:48,27446.66,4339.828,319.6445,6.097656
2022-06-14 20:01:47,27446.82,4339.676,319.6523,6.089844
2022-06-14 20:01:46,27446.89,4339.605,319.6523,6.089844
2022-06-14 20:01:45,27446.9,4339.59,319.6523,6.089844
2022-06-14 20:01:44,27445.71,4340.77,319.6641,6.089844
2022-06-14 20:01:43,27446.17,4340.309,319.6641,6.089844
2022-06-14 20:01:42,27446.2,4340.293,319.6641,6.082031
2022-06-14 20:01:41,27446.43,4340.07,319.6641,6.074219
2022-06-14 20:01:40,27446.37,4340.125,319.6641,6.074219
2022-06-14 20:01:39,27446.52,4339.977,319.6641,6.074219
2022-06-14 20:01:38,27446.39,4340.105,319.6602,6.074219
2022-06-14 20:01:37,27446.39,4340.125,319.6562,6.066406
2022-06-14 20:01:36,27446.13,4340.391,319.6523,6.058594
2022-06-14 20:01:35,27446.43,4340.102,319.6484,6.058594
2022-06-14 20:01:34,27446.68,4339.848,319.6484,6.058594
2022-06-14 20:01:33,27446.86,4339.688,319.6328,6.058594
2022-06-14 20:01:32,27446.69,4339.863,319.6328,6.050781
2022-06-14 20:01:31,27446.39,4340.176,319.6289,6.042969
2022-06-14 20:01:30,27446.91,4339.652,319.6289,6.042969
2022-06-14 20:01:29,27446.62,4339.941,319.625,6.042969
2022-06-14 20:01:28,27446.89,4339.68,319.625,6.042969
2022-06-14 20:01:27,27446.84,4339.727,319.625,6.042969
2022-06-14 20:01:26,27446.91,4339.656,319.625,6.042969
2022-06-14 20:01:25,27446.85,4339.727,319.625,6.035156
2022-06-14 20:01:24,27446.7,4339.883,319.6211,6.035156
2022-06-14 20:01:23,27446.64,4339.938,319.6211,6.035156
2022-06-14 20:01:22,27446.93,4339.652,319.6211,6.027344
2022-06-14 20:01:21,27446.91,4339.68,319.6172,6.027344
2022-06-14 20:01:20,27446.64,4339.957,319.6172,6.019531
2022-06-14 20:01:19,27446.62,4339.98,319.6172,6.019531
2022-06-14 20:01:18,27446.9,4339.695,319.6172,6.019531
2022-06-14 20:01:17,27446.83,4339.766,319.6172,6.019531
2022-06-14 20:01:16,27446.65,4339.957,319.6172,6.011719
2022-06-14 20:01:15,27446.72,4339.887,319.6172,6.011719
2022-06-14 20:01:14,27446.93,4339.672,319.6172,6.011719
2022-06-14 20:01:13,27446.66,4339.941,319.6172,6.011719
2022-06-14 20:01:12,27446.64,4339.965,319.6172,6.011719
2022-06-14 20:01:11,27446.67,4339.941,319.6172,6.003906
2022-06-14 20:01:10,27446.89,4339.727,319.6172,5.996094
2022-06-14 20:01:09,27446.93,4339.695,319.6172,5.996094
2022-06-14 20:01:08,27446.65,4339.973,319.6172,5.996094
2022-06-14 20:01:07,27446.71,4339.91,319.6172,5.996094
2022-06-14 20:01:06,27446.89,4339.727,319.6172,5.996094
2022-06-14 20:01:05,27446.89,4339.727,319.6172,5.996094
2022-06-14 20:01:04,27446.62,4340.012,319.6172,5.988281
2022-06-14 20:01:03,27446.71,4339.918,319.6172,5.988281
2022-06-14 20:01:02,27446.89,4339.734,319.6172,5.988281
2022-06-14 20:01:01,27446.68,4339.957,319.6172,5.980469
2022-06-14 20:01:00,27446.93,4339.711,319.6172,5.980469
2022-06-14 20:00:59,27446.68,4339.961,319.6211,5.972656
2022-06-14 20:00:58,27446.93,4339.715,319.6211,5.972656
2022-06-14 20:00:57,27446.89,4339.75,319.6172,5.972656
2022-06-14 20:00:56,27446.68,4339.973,319.6094,5.972656
2022-06-14 20:00:55,27446.65,4340.004,319.6094,5.972656
2022-06-14 20:00:54,27446.89,4339.758,319.6094,5.972656
2022-06-14 20:00:53,27446.65,4340.012,319.6094,5.964844
2022-06-14 20:00:52,27446.86,4339.797,319.6094,5.964844
2022-06-14 20:00:51,27446.71,4339.957,319.6094,5.957031
2022-06-14 20:00:50,27446.89,4339.773,319.6094,5.957031
2022-06-14 20:00:49,27446.95,4339.727,319.6016,5.957031
2022-06-14 20:00:48,27446.86,4339.812,319.6016,5.957031
2022-06-14 20:00:47,27446.86,4339.82,319.6016,5.949219
2022-06-14 20:00:46,27447.2,4339.48,319.6016,5.949219
2022-06-14 20:00:45,27446.93,4339.766,319.6016,5.941406
2022-06-14 20:00:44,27446.96,4339.734,319.6016,5.941406
2022-06-14 20:00:43,27446.93,4339.766,319.6016,5.941406
2022-06-14 20:00:42,27446.89,4339.805,319.6016,5.933594
2022-06-14 20:00:41,27447.39,4339.312,319.6016,5.933594
2022-06-14 20:00:40,27447.14,4339.566,319.6016,5.925781
2022-06-14 20:00:39,27446.93,4339.777,319.6055,5.925781
2022-06-14 20:00:38,27447.36,4339.348,319.6055,5.925781
2022-06-14 20:00:37,27447.14,4339.566,319.6016,5.925781
2022-06-14 20:00:36,27447.08,4339.629,319.6016,5.925781
2022-06-14 20:00:35,27447.2,4339.516,319.5977,5.917969
2022-06-14 20:00:34,27447.42,4339.312,319.5898,5.914062
2022-06-14 20:00:33,27447.42,4339.312,319.5977,5.90625
2022-06-14 20:00:32,27447.14,4339.59,319.5977,5.90625
2022-06-14 20:00:31,27447.42,4339.312,319.5977,5.90625
2022-06-14 20:00:30,27447.36,4339.383,319.5977,5.898438
2022-06-14 20:00:29,27447.63,4339.113,319.5898,5.898438
2022-06-14 20:00:28,27447.42,4339.332,319.5859,5.898438
2022-06-14 20:00:27,27447.2,4339.555,319.5859,5.890625
2022-06-14 20:00:26,27447.7,4339.062,319.5859,5.890625
2022-06-14 20:00:25,27447.41,4339.348,319.5859,5.890625
2022-06-14 20:00:24,27447.43,4339.328,319.582,5.890625
2022-06-14 20:00:23,27447.41,4339.352,319.582,5.890625
2022-06-14 20:00:22,27447.43,4339.344,319.582,5.875
2022-06-14 20:00:21,27447.38,4339.398,319.582,5.875
2022-06-14 20:00:20,27447.43,4339.348,319.5781,5.875
2022-06-14 20:00:19,27447.41,4339.375,319.5742,5.875
2022-06-14 20:00:18,27447.39,4339.395,319.5781,5.875
2022-06-14 20:00:17,27447.07,4339.719,319.5781,5.867188
2022-06-14 20:00:16,27447.42,4339.375,319.5742,5.867188
2022-06-14 20:00:15,27447.13,4339.66,319.5742,5.867188
2022-06-14 20:00:14,27447.39,4339.406,319.5742,5.867188
2022-06-14 20:00:13,27447.41,4339.383,319.5742,5.867188
2022-06-14 20:00:12,27447.14,4339.652,319.5742,5.867188
2022-06-14 20:00:11,27447.35,4339.457,319.5703,5.859375
2022-06-14 20:00:10,27447.42,4339.391,319.5664,5.859375
2022-06-14 20:00:09,27447.13,4339.676,319.5664,5.859375
2022-06-14 20:00:08,27447.45,4339.359,319.5664,5.859375
2022-06-14 20:00:07,27447.13,4339.676,319.5664,5.859375
2022-06-14 20:00:06,27447.42,4339.41,319.5547,5.851562
2022-06-14 20:00:05,27447.13,4339.695,319.5547,5.851562
2022-06-14 20:00:04,27447.14,4339.688,319.5547,5.851562
2022-06-14 20:00:03,27447.38,4339.449,319.5547,5.851562
2022-06-14 20:00:02,27447.2,4339.625,319.5547,5.851562
2022-06-14 20:00:01,27447.38,4339.461,319.5508,5.84375
2022-06-14 20:00:00,27447.63,4339.207,319.5508,5.84375
2022-06-14 19:59:59,27447.35,4339.492,319.5508,5.84375
2022-06-14 19:59:58,27447.6,4339.238,319.5508,5.84375
2022-06-14 19:59:57,27447.62,4339.215,319.5508,5.84375
2022-06-14 19:59:56,27447.42,4339.414,319.5586,5.84375
2022-06-14 19:59:55,27447.41,4339.422,319.5586,5.84375
2022-06-14 19:59:54,27447.66,4339.176,319.5586,5.835938
2022-06-14 19:59:53,27447.44,4339.398,319.5586,5.835938
2022-06-14 19:59:52,27447.69,4339.152,319.5586,5.835938
2022-06-14 19:59:51,27447.44,4339.406,319.5586,5.828125
2022-06-14 19:59:50,27447.59,4339.262,319.5586,5.828125
2022-06-14 19:59:49,27447.62,4339.223,319.5586,5.828125
2022-06-14 19:59:48,27447.36,4339.492,319.5586,5.820312
2022-06-14 19:59:47,27447.41,4339.445,319.5586,5.820312
2022-06-14 19:59:46,27447.42,4339.438,319.5586,5.820312
2022-06-14 19:59:45,27447.41,4339.422,319.582,5.820312
2022-06-14 19:59:44,27447.66,4339.199,319.5508,5.820312
2022-06-14 19:59:43,27447.35,4339.516,319.5508,5.820312
2022-06-14 19:59:42,27447.69,4339.176,319.5508,5.820312
2022-06-14 19:59:41,27447.69,4339.176,319.5508,5.820312
2022-06-14 19:59:40,27447.62,4339.262,319.5508,5.804688
2022-06-14 19:59:39,27447.59,4339.285,319.5508,5.804688
2022-06-14 19:59:38,27447.39,4339.484,319.5508,5.804688
2022-06-14 19:59:37,27447.62,4339.258,319.5469,5.804688
2022-06-14 19:59:36,27447.6,4339.281,319.5469,5.804688
2022-06-14 19:59:35,27447.84,4339.02,319.5781,5.796875
2022-06-14 19:59:34,27447.73,4339.164,319.5547,5.789062
2022-06-14 19:59:33,27447.41,4339.48,319.5547,5.789062
2022-06-14 19:59:32,27447.87,4339.023,319.5508,5.789062
2022-06-14 19:59:31,27447.69,4339.211,319.5469,5.789062
2022-06-14 19:59:30,27447.68,4339.223,319.543,5.789062
2022-06-14 19:59:29,27447.62,4339.285,319.543,5.78125
2022-06-14 19:59:28,27447.73,4339.176,319.543,5.78125
2022-06-14 19:59:27,27447.72,4339.191,319.543,5.78125
2022-06-14 19:59:26,27447.63,4339.277,319.543,5.78125
2022-06-14 19:59:25,27447.62,4339.293,319.5352,5.78125
2022-06-14 19:59:24,27447.7,4339.223,319.5352,5.78125
2022-06-14 19:59:23,27447.88,4339.055,319.5273,5.773438
2022-06-14 19:59:22,27447.88,4339.055,319.5352,5.765625
2022-06-14 19:59:21,27447.62,4339.309,319.5352,5.765625
2022-06-14 19:59:20,27447.97,4338.961,319.5352,5.765625
2022-06-14 19:59:19,27447.93,4339,319.5352,5.765625
2022-06-14 19:59:18,27447.73,4339.215,319.5352,5.757812
2022-06-14 19:59:17,27447.66,4339.285,319.5352,5.757812
2022-06-14 19:59:16,27447.91,4339.043,319.5234,5.757812
2022-06-14 19:59:15,27447.66,4339.297,319.5312,5.75
2022-06-14 19:59:14,27447.7,4339.25,319.5391,5.75
2022-06-14 19:59:13,27447.66,4339.293,319.5352,5.75
2022-06-14 19:59:12,27447.91,4339.043,319.5312,5.75
2022-06-14 19:59:11,27447.62,4339.328,319.5312,5.75
2022-06-14 19:59:10,27447.63,4339.332,319.5273,5.742188
2022-06-14 19:59:09,27447.56,4339.402,319.5273,5.742188
2022-06-14 19:59:08,27447.91,4339.062,319.5195,5.742188
2022-06-14 19:59:07,27447.84,4339.137,319.5156,5.742188
2022-06-14 19:59:06,27447.39,4339.594,319.5117,5.742188
2022-06-14 19:59:05,27447.44,4339.543,319.5078,5.742188
2022-06-14 19:59:04,27447.66,4339.32,319.5078,5.742188
2022-06-14 19:59:03,27447.44,4339.551,319.5,5.742188
2022-06-14 19:59:02,27447.66,4339.328,319.5,5.742188
2022-06-14 19:59:01,27447.66,4339.336,319.5,5.742188
2022-06-14 19:59:00,27447.38,4339.613,319.5,5.742188
2022-06-14 19:58:59,27447.62,4339.367,319.5,5.742188
2022-06-14 19:58:58,27447.34,4339.652,319.5,5.742188
2022-06-14 19:58:57,27447.38,4339.613,319.5,5.742188
2022-06-14 19:58:56,27447.67,4339.32,319.5,5.742188
2022-06-14 19:58:55,27447.44,4339.551,319.5,5.742188
2022-06-14 19:58:54,27447.6,4339.391,319.5,5.742188
2022-06-14 19:58:53,27447.62,4339.367,319.5,5.742188
2022-06-14 19:58:52,27447.43,4339.566,319.5078,5.726562
2022-06-14 19:58:51,27447.53,4339.469,319.5078,5.726562
2022-06-14 19:58:50,27447.34,4339.66,319.5078,5.726562
2022-06-14 19:58:49,27447.56,4339.438,319.5078,5.726562
2022-06-14 19:58:48,27447.71,4339.289,319.5078,5.726562
2022-06-14 19:58:47,27447.59,4339.406,319.5078,5.726562
2022-06-14 19:58:46,27447.68,4339.32,319.5078,5.726562
2022-06-14 19:58:45,27447.56,4339.445,319.5078,5.71875
2022-06-14 19:58:44,27447.65,4339.359,319.5078,5.71875
2022-06-14 19:58:43,27447.32,4339.691,319.5078,5.71875
2022-06-14 19:58:42,27447.4,4339.617,319.4961,5.71875
2022-06-14 19:58:41,27447.62,4339.395,319.4961,5.71875
2022-06-14 19:58:40,27447.62,4339.406,319.4922,5.71875
2022-06-14 19:58:39,27447.35,4339.684,319.4922,5.710938
2022-06-14 19:58:38,27447.43,4339.598,319.4922,5.710938
2022-06-14 19:58:37,27447.62,4339.41,319.4883,5.710938
2022-06-14 19:58:36,27447.62,4339.418,319.4883,5.710938
2022-06-14 19:58:35,27447.29,4339.75,319.4883,5.710938
2022-06-14 19:58:34,27447.12,4339.91,319.4883,5.710938
2022-06-14 19:58:33,27447.59,4339.445,319.4844,5.710938
2022-06-14 19:58:32,27447.68,4339.328,319.5156,5.710938
2022-06-14 19:58:31,27447.38,4339.652,319.4922,5.710938
2022-06-14 19:58:30,27447.62,4339.414,319.4922,5.710938
2022-06-14 19:58:29,27447.56,4339.469,319.4922,5.710938
2022-06-14 19:58:28,27447.56,4339.477,319.4922,5.703125
2022-06-14 19:58:27,27447.56,4339.477,319.4922,5.703125
2022-06-14 19:58:26,27447.4,4339.637,319.4922,5.703125
2022-06-14 19:58:25,27447.81,4339.23,319.4922,5.703125
2022-06-14 19:58:24,27447.86,4339.184,319.4844,5.703125
2022-06-14 19:58:23,27447.62,4339.43,319.4922,5.695312
2022-06-14 19:58:22,27447.89,4339.16,319.4844,5.695312
2022-06-14 19:58:21,27447.31,4339.754,319.4844,5.6875
2022-06-14 19:58:20,27447.62,4339.438,319.4844,5.6875
2022-06-14 19:58:19,27447.56,4339.512,319.4727,5.6875
2022-06-14 19:58:18,27447.65,4339.426,319.4805,5.679688
2022-06-14 19:58:17,27447.56,4339.512,319.4805,5.679688
2022-06-14 19:58:16,27447.68,4339.402,319.4805,5.671875
2022-06-14 19:58:15,27447.63,4339.449,319.4805,5.671875
2022-06-14 19:58:14,27447.46,4339.625,319.4805,5.671875
2022-06-14 19:58:13,27447.87,4339.211,319.4805,5.671875
2022-06-14 19:58:12,27447.89,4339.188,319.4805,5.671875
2022-06-14 19:58:11,27447.34,4339.746,319.4844,5.664062
2022-06-14 19:58:10,27447.09,4340,319.4844,5.664062
2022-06-14 19:58:09,27447.6,4339.488,319.4805,5.664062
2022-06-14 19:58:08,27447.4,4339.695,319.4727,5.664062
2022-06-14 19:58:07,27447.32,4339.785,319.4688,5.664062
2022-06-14 19:58:06,27447.19,4339.918,319.4648,5.664062
2022-06-14 19:58:05,27447.32,4339.789,319.4648,5.664062
2022-06-14 19:58:04,27447.43,4339.68,319.4648,5.65625
2022-06-14 19:58:03,27447.1,4340.012,319.4648,5.65625
2022-06-14 19:58:02,27447.43,4339.68,319.4648,5.65625
2022-06-14 19:58:01,27447.31,4339.805,319.4648,5.65625
2022-06-14 19:58:00,27447.62,4339.504,319.457,5.65625
2022-06-14 19:57:59,27447.32,4339.805,319.457,5.65625
2022-06-14 19:57:58,27447.65,4339.484,319.4531,5.648438
2022-06-14 19:57:57,27447.56,4339.57,319.4531,5.648438
2022-06-14 19:57:56,27447.37,4339.762,319.4531,5.648438
2022-06-14 19:57:55,27447.29,4339.852,319.4492,5.648438
2022-06-14 19:57:54,27447.89,4339.242,319.4492,5.648438
2022-06-14 19:57:53,27447.56,4339.586,319.4375,5.648438
2022-06-14 19:57:52,27447.68,4339.469,319.4453,5.640625
2022-06-14 19:57:51,27447.32,4339.832,319.4453,5.640625
2022-06-14 19:57:50,27447.64,4339.5,319.4531,5.640625
2022-06-14 19:57:49,27447.59,4339.555,319.4531,5.640625
2022-06-14 19:57:48,27447.43,4339.723,319.4531,5.632812
2022-06-14 19:57:47,27447.43,4339.715,319.4531,5.632812
2022-06-14 19:57:46,27447.73,4339.414,319.4531,5.632812
2022-06-14 19:57:45,27447.37,4339.777,319.4531,5.632812
2022-06-14 19:57:44,27447.19,4339.961,319.4531,5.632812
2022-06-14 19:57:43,27447.44,4339.707,319.4531,5.632812
2022-06-14 19:57:42,27447.22,4339.938,319.4531,5.625
2022-06-14 19:57:41,27447.13,4340.027,319.4492,5.625
2022-06-14 19:57:40,27447.19,4339.969,319.4531,5.625
2022-06-14 19:57:39,27447.41,4339.75,319.4492,5.625
2022-06-14 19:57:38,27447.46,4339.695,319.4492,5.625
2022-06-14 19:57:37,27446.94,4340.219,319.4492,5.625
2022-06-14 19:57:36,27447.2,4339.973,319.4492,5.617188
2022-06-14 19:57:35,27447.13,4340.035,319.4492,5.617188
2022-06-14 19:57:34,27447.39,4339.781,319.4492,5.617188
2022-06-14 19:57:33,27447.34,4339.828,319.4492,5.617188
2022-06-14 19:57:32,27447.12,4340.051,319.4492,5.617188
2022-06-14 19:57:31,27446.58,4340.609,319.4297,5.617188
2022-06-14 19:57:30,27447.93,4339.246,319.4531,5.601562
2022-06-14 19:57:29,27447.92,4339.27,319.4453,5.601562
2022-06-14 19:57:28,27447.66,4339.531,319.4453,5.601562
2022-06-14 19:57:27,27447.39,4339.793,319.4453,5.601562
2022-06-14 19:57:26,27447.84,4339.355,319.4453,5.59375
2022-06-14 19:57:25,27447.93,4339.262,319.4453,5.59375
2022-06-14 19:57:24,27447.89,4339.301,319.4453,5.59375
2022-06-14 19:57:23,27447.68,4339.516,319.4453,5.59375
2022-06-14 19:57:22,27447.89,4339.301,319.4453,5.59375
2022-06-14 19:57:21,27447.6,4339.594,319.4453,5.59375
2022-06-14 19:57:20,27447.89,4339.301,319.4531,5.59375
2022-06-14 19:57:19,27447.62,4339.562,319.4531,5.59375
2022-06-14 19:57:18,27447.62,4339.57,319.4531,5.585938
2022-06-14 19:57:17,27447.94,4339.254,319.4531,5.585938
2022-06-14 19:57:16,27447.57,4339.633,319.4531,5.578125
2022-06-14 19:57:15,27447.43,4339.77,319.4531,5.578125
2022-06-14 19:57:14,27447.86,4339.348,319.4531,5.578125
2022-06-14 19:57:13,27447.66,4339.547,319.4531,5.578125
2022-06-14 19:57:12,27447.42,4339.789,319.4492,5.578125
2022-06-14 19:57:11,27447.44,4339.773,319.4414,5.578125
2022-06-14 19:57:10,27447.66,4339.559,319.4492,5.5625
2022-06-14 19:57:09,27447.96,4339.262,319.4453,5.5625
2022-06-14 19:57:08,27447.66,4339.578,319.4375,5.5625
2022-06-14 19:57:07,27447.42,4339.82,319.4336,5.5625
2022-06-14 19:57:06,27447.69,4339.559,319.4258,5.5625
2022-06-14 19:57:05,27447.57,4339.684,319.4258,5.554688
2022-06-14 19:57:04,27447.69,4339.566,319.4258,5.554688
2022-06-14 19:57:03,27447.6,4339.656,319.4219,5.554688
2022-06-14 19:57:02,27447.46,4339.793,319.4219,5.554688
2022-06-14 19:57:01,27447.57,4339.688,319.4219,5.554688
2022-06-14 19:57:00,27447.44,4339.828,319.418,5.546875
2022-06-14 19:56:59,27447.6,4339.668,319.418,5.546875
2022-06-14 19:56:58,27447.7,4339.574,319.4258,5.539062
2022-06-14 19:56:57,27447.67,4339.598,319.4258,5.539062
2022-06-14 19:56:56,27447.68,4339.59,319.4258,5.539062
2022-06-14 19:56:55,27447.95,4339.32,319.4258,5.539062
2022-06-14 19:56:54,27447.93,4339.344,319.4258,5.539062
2022-06-14 19:56:53,27447.92,4339.352,319.4258,5.539062
2022-06-14 19:56:52,27447.62,4339.652,319.4258,5.539062
2022-06-14 19:56:51,27448.16,4339.113,319.418,5.539062
2022-06-14 19:56:50,27448.14,4339.137,319.4258,5.53125
2022-06-14 19:56:49,27447.89,4339.391,319.4258,5.53125
2022-06-14 19:56:48,27448.14,4339.137,319.4258,5.53125
2022-06-14 19:56:47,27448.23,4339.051,319.4258,5.53125
2022-06-14 19:56:46,27448.13,4339.168,319.4023,5.53125
2022-06-14 19:56:45,27447.82,4339.484,319.4102,5.523438
2022-06-14 19:56:44,27447.86,4339.445,319.4102,5.523438
2022-06-14 19:56:43,27448.12,4339.18,319.4062,5.523438
2022-06-14 19:56:42,27447.89,4339.426,319.3984,5.523438
2022-06-14 19:56:41,27447.94,4339.371,319.3984,5.523438
2022-06-14 19:56:40,27447.94,4339.379,319.3984,5.515625
2022-06-14 19:56:39,27447.88,4339.445,319.3945,5.515625
2022-06-14 19:56:38,27447.85,4339.477,319.3945,5.515625
2022-06-14 19:56:37,27447.6,4339.723,319.3945,5.515625
2022-06-14 19:56:36,27447.57,4339.754,319.3945,5.515625
2022-06-14 19:56:35,27447.91,4339.406,319.4023,5.515625
2022-06-14 19:56:34,27447.63,4339.684,319.4023,5.515625
2022-06-14 19:56:33,27447.86,4339.461,319.4023,5.507812
2022-06-14 19:56:32,27447.69,4339.637,319.4023,5.507812
2022-06-14 19:56:31,27447.65,4339.676,319.4023,5.507812
2022-06-14 19:56:30,27447.85,4339.477,319.4023,5.507812
2022-06-14 19:56:29,27447.68,4339.645,319.4023,5.507812
2022-06-14 19:56:28,27447.6,4339.723,319.4023,5.507812
2022-06-14 19:56:27,27447.93,4339.398,319.4023,5.507812
2022-06-14 19:56:26,27447.87,4339.441,319.4141,5.507812
2022-06-14 19:56:25,27448.13,4339.18,319.4141,5.507812
2022-06-14 19:56:24,27447.84,4339.473,319.4141,5.507812
2022-06-14 19:56:23,27448.13,4339.195,319.4141,5.492188
2022-06-14 19:56:22,27448.39,4338.934,319.4141,5.492188
2022-06-14 19:56:21,27448.1,4339.227,319.4141,5.492188
2022-06-14 19:56:20,27448.15,4339.18,319.4141,5.492188
2022-06-14 19:56:19,27448.13,4339.195,319.4141,5.492188
2022-06-14 19:56:18,27448.09,4339.254,319.4102,5.484375
2022-06-14 19:56:17,27448.16,4339.176,319.4102,5.484375
2022-06-14 19:56:16,27447.89,4339.457,319.3984,5.484375
2022-06-14 19:56:15,27448.17,4339.18,319.3984,5.484375
2022-06-14 19:56:14,27448.17,4339.188,319.3984,5.476562
2022-06-14 19:56:13,27447.96,4339.41,319.3984,5.46875
2022-06-14 19:56:12,27447.83,4339.535,319.3984,5.46875
2022-06-14 19:56:11,27448.2,4339.168,319.3945,5.46875
2022-06-14 19:56:10,27447.86,4339.52,319.3906,5.46875
2022-06-14 19:56:09,27448.2,4339.176,319.3867,5.46875
2022-06-14 19:56:08,27447.89,4339.492,319.3867,5.460938
2022-06-14 19:56:07,27448.17,4339.223,319.3867,5.453125
2022-06-14 19:56:06,27447.83,4339.562,319.3867,5.453125
2022-06-14 19:56:05,27447.98,4339.402,319.3984,5.453125
2022-06-14 19:56:04,27448.12,4339.266,319.3984,5.453125
2022-06-14 19:56:03,27448.13,4339.25,319.3984,5.453125
2022-06-14 19:56:02,27448.15,4339.234,319.3984,5.453125
2022-06-14 19:56:01,27447.89,4339.508,319.3945,5.445312
2022-06-14 19:56:00,27447.84,4339.555,319.3945,5.445312
2022-06-14 19:55:59,27448.35,4339.047,319.3945,5.445312
2022-06-14 19:55:58,27448.33,4339.062,319.3945,5.445312
2022-06-14 19:55:57,27448.44,4338.957,319.3906,5.445312
2022-06-14 19:55:56,27448.86,4338.543,319.3906,5.445312
2022-06-14 19:55:55,27448.9,4338.496,319.3906,5.445312
2022-06-14 19:55:54,27448.82,4338.586,319.3789,5.445312
2022-06-14 19:55:53,27448.59,4338.824,319.3789,5.445312
2022-06-14 19:55:52,27448.79,4338.625,319.3789,5.4375
2022-06-14 19:55:51,27448.99,4338.43,319.3789,5.4375
2022-06-14 19:55:50,27448.64,4338.785,319.3789,5.429688
2022-06-14 19:55:49,27448.93,4338.5,319.3789,5.429688
2022-06-14 19:55:48,27449.06,4338.363,319.3789,5.429688
2022-06-14 19:55:47,27448.84,4338.586,319.3789,5.429688
2022-06-14 19:55:46,27449.06,4338.371,319.3711,5.429688
2022-06-14 19:55:45,27449.12,4338.316,319.3789,5.421875
2022-06-14 19:55:44,27449.59,4337.836,319.3906,5.421875
2022-06-14 19:55:43,27449.58,4337.844,319.3906,5.421875
2022-06-14 19:55:42,27449.92,4337.504,319.3906,5.421875
2022-06-14 19:55:41,27450.16,4337.262,319.3867,5.421875
2022-06-14 19:55:40,27450.11,4337.332,319.3867,5.40625
2022-06-14 19:55:39,27450.35,4337.094,319.3867,5.40625
2022-06-14 19:55:38,27450.53,4336.91,319.3867,5.40625
2022-06-14 19:55:37,27450.62,4336.82,319.3828,5.40625
2022-06-14 19:55:36,27450.84,4336.609,319.3789,5.40625
2022-06-14 19:55:35,27493.2,4296.965,316.8789,5.191406
2022-06-14 19:55:34,27627.32,4188.797,291.1484,4.96875
2022-06-14 19:55:33,27627.82,4188.316,291.1367,4.960938
2022-06-14 19:55:32,27627.31,4188.824,291.1367,4.960938
2022-06-14 19:55:31,27627.57,4188.562,291.1367,4.960938
2022-06-14 19:55:30,27627.6,4188.543,291.1328,4.960938
2022-06-14 19:55:29,27627.63,4188.516,291.1289,4.960938
2022-06-14 19:55:28,27627.78,4188.371,291.1289,4.953125
2022-06-14 19:55:27,27627.57,4188.586,291.1289,4.953125
2022-06-14 19:55:26,27627.31,4188.844,291.125,4.953125
2022-06-14 19:55:25,27627.31,4188.844,291.125,4.953125
2022-06-14 19:55:24,27627.14,4189.008,291.1367,4.953125
2022-06-14 19:55:23,27627.11,4189.039,291.1367,4.953125
2022-06-14 19:55:22,27627.32,4188.832,291.1367,4.945312
2022-06-14 19:55:21,27627.31,4188.848,291.1289,4.945312
2022-06-14 19:55:20,27627.57,4188.594,291.1289,4.945312
2022-06-14 19:55:19,27627.32,4188.844,291.125,4.945312
2022-06-14 19:55:18,27626.81,4189.352,291.125,4.945312
2022-06-14 19:55:17,27627.38,4188.781,291.125,4.945312
2022-06-14 19:55:16,27627.28,4188.891,291.125,4.9375
2022-06-14 19:55:15,27627.29,4188.887,291.1211,4.9375
2022-06-14 19:55:14,27627.27,4188.902,291.1211,4.9375
2022-06-14 19:55:13,27627.29,4188.895,291.1133,4.9375
2022-06-14 19:55:12,27627.51,4188.672,291.1133,4.9375
2022-06-14 19:55:11,27627.3,4188.906,291.1094,4.921875
2022-06-14 19:55:10,27627.3,4188.906,291.1094,4.921875
2022-06-14 19:55:09,27627.54,4188.66,291.1094,4.921875
2022-06-14 19:55:08,27627.57,4188.637,291.1094,4.921875
2022-06-14 19:55:07,27627.57,4188.637,291.1094,4.921875
2022-06-14 19:55:06,27627.5,4188.699,291.1094,4.921875
2022-06-14 19:55:05,27627.59,4188.613,291.1094,4.921875
2022-06-14 19:55:04,27627.47,4188.738,291.1016,4.921875
2022-06-14 19:55:03,27627.4,4188.812,291.1094,4.914062
2022-06-14 19:55:02,27627.54,4188.684,291.1094,4.90625
2022-06-14 19:55:01,27627.57,4188.613,291.1406,4.90625
2022-06-14 19:55:00,27627.33,4188.879,291.1211,4.90625
2022-06-14 19:54:59,27627.54,4188.664,291.1211,4.90625
2022-06-14 19:54:58,27627.27,4188.941,291.1211,4.90625
2022-06-14 19:54:57,27627.57,4188.641,291.1211,4.898438
2022-06-14 19:54:56,27627.54,4188.672,291.1211,4.898438
2022-06-14 19:54:55,27627.3,4188.93,291.1172,4.890625
2022-06-14 19:54:54,27627.27,4188.961,291.1172,4.890625
2022-06-14 19:54:53,27627.61,4188.625,291.1133,4.890625
2022-06-14 19:54:52,27627.54,4188.688,291.1133,4.890625
2022-06-14 19:54:51,27627.27,4188.945,291.1328,4.890625
2022-06-14 19:54:50,27627.33,4188.891,291.1328,4.882812
2022-06-14 19:54:49,27627.61,4188.645,291.1016,4.882812
2022-06-14 19:54:48,27627.3,4188.953,291.1016,4.882812
2022-06-14 19:54:47,27627.14,4189.109,291.0977,4.882812
2022-06-14 19:54:46,27627.18,4189.078,291.0977,4.882812
2022-06-14 19:54:45,27627.11,4189.152,291.0938,4.875
2022-06-14 19:54:44,27627.33,4188.941,291.0898,4.875
2022-06-14 19:54:43,27627.08,4189.188,291.0898,4.875
2022-06-14 19:54:42,27626.8,4189.465,291.0898,4.875
2022-06-14 19:54:41,27627.36,4188.91,291.0898,4.875
2022-06-14 19:54:40,27627.11,4189.16,291.0859,4.875
2022-06-14 19:54:39,27627.36,4188.891,291.1172,4.867188
2022-06-14 19:54:38,27627.3,4188.973,291.0977,4.867188
2022-06-14 19:54:37,27627.61,4188.664,291.0977,4.867188
2022-06-14 19:54:36,27627.54,4188.727,291.0977,4.867188
2022-06-14 19:54:35,27627.27,4189.004,291.0977,4.867188
2022-06-14 19:54:34,27627.3,4188.973,291.0977,4.867188
2022-06-14 19:54:33,27627.3,4188.973,291.0977,4.867188
2022-06-14 19:54:32,27627.33,4188.941,291.0977,4.867188
2022-06-14 19:54:31,27627.33,4188.949,291.0898,4.867188
2022-06-14 19:54:30,27627.08,4189.195,291.0977,4.859375
2022-06-14 19:54:29,27627.3,4188.98,291.0977,4.859375
2022-06-14 19:54:28,27627.33,4188.93,291.1172,4.859375
2022-06-14 19:54:27,27627.08,4189.207,291.0859,4.859375
2022-06-14 19:54:26,27627.36,4188.93,291.0859,4.859375
2022-06-14 19:54:25,27627.33,4188.961,291.0859,4.859375
2022-06-14 19:54:24,27627.36,4188.93,291.0859,4.859375
2022-06-14 19:54:23,27627.27,4189.023,291.0859,4.859375
2022-06-14 19:54:22,27627.3,4189,291.0781,4.859375
2022-06-14 19:54:21,27627.88,4188.414,291.0859,4.851562
2022-06-14 19:54:20,27627.61,4188.699,291.0781,4.851562
2022-06-14 19:54:19,27627.57,4188.719,291.0977,4.84375
2022-06-14 19:54:18,27627.57,4188.723,291.0938,4.84375
2022-06-14 19:54:17,27627.84,4188.457,291.0898,4.84375
2022-06-14 19:54:16,27628.07,4188.234,291.0898,4.84375
2022-06-14 19:54:15,27627.82,4188.488,291.0898,4.835938
2022-06-14 19:54:14,27627.79,4188.52,291.0898,4.835938
2022-06-14 19:54:13,27628.07,4188.242,291.0898,4.835938
2022-06-14 19:54:12,27627.76,4188.555,291.0859,4.835938
2022-06-14 19:54:11,27627.57,4188.738,291.0859,4.835938
2022-06-14 19:54:10,27628.13,4188.199,291.0859,4.820312
2022-06-14 19:54:09,27627.82,4188.512,291.082,4.820312
2022-06-14 19:54:08,27628.1,4188.234,291.082,4.820312
2022-06-14 19:54:07,27627.82,4188.492,291.1016,4.820312
2022-06-14 19:54:06,27628.1,4188.246,291.0703,4.820312
2022-06-14 19:54:05,27628.04,4188.32,291.0664,4.8125
2022-06-14 19:54:04,27627.85,4188.508,291.0625,4.8125
2022-06-14 19:54:03,27627.82,4188.539,291.0625,4.8125
2022-06-14 19:54:02,27627.79,4188.57,291.0625,4.8125
2022-06-14 19:54:01,27627.79,4188.57,291.0625,4.8125
2022-06-14 19:54:00,27627.85,4188.523,291.0547,4.804688
2022-06-14 19:53:59,27627.82,4188.555,291.0625,4.796875
2022-06-14 19:53:58,27628.04,4188.34,291.0625,4.796875
2022-06-14 19:53:57,27627.82,4188.551,291.0664,4.796875
2022-06-14 19:53:56,27627.82,4188.555,291.0625,4.796875
2022-06-14 19:53:55,27627.82,4188.559,291.0586,4.796875
2022-06-14 19:53:54,27627.88,4188.516,291.0547,4.78125
2022-06-14 19:53:53,27627.82,4188.586,291.0547,4.773438
2022-06-14 19:53:52,27627.79,4188.617,291.0547,4.773438
2022-06-14 19:53:51,27627.79,4188.617,291.0547,4.773438
2022-06-14 19:53:50,27628,4188.406,291.0508,4.773438
2022-06-14 19:53:49,27627.85,4188.559,291.0508,4.773438
2022-06-14 19:53:48,27627.85,4188.562,291.0469,4.773438
2022-06-14 19:53:47,27627.85,4188.562,291.0469,4.773438
2022-06-14 19:53:46,27628.04,4188.379,291.0469,4.773438
2022-06-14 19:53:45,27628.04,4188.391,291.0352,4.773438
2022-06-14 19:53:44,27628.07,4188.367,291.0352,4.765625
2022-06-14 19:53:43,27628.04,4188.398,291.0352,4.765625
2022-06-14 19:53:42,27628.25,4188.184,291.0352,4.765625
2022-06-14 19:53:41,27628.04,4188.398,291.0352,4.765625
2022-06-14 19:53:40,27628.25,4188.184,291.0352,4.765625
2022-06-14 19:53:39,27628.1,4188.344,291.0352,4.757812
2022-06-14 19:53:38,27628.1,4188.344,291.0352,4.757812
2022-06-14 19:53:37,27628.03,4188.414,291.0352,4.757812
2022-06-14 19:53:36,27628.04,4188.367,291.0664,4.757812
2022-06-14 19:53:35,27628.05,4188.379,291.0469,4.757812
2022-06-14 19:53:34,27628.14,4188.285,291.0469,4.757812
2022-06-14 19:53:33,27628.03,4188.418,291.0469,4.742188
2022-06-14 19:53:32,27628.08,4188.363,291.0469,4.742188
2022-06-14 19:53:31,27628,4188.449,291.0469,4.742188
2022-06-14 19:53:30,27627.83,4188.617,291.0469,4.742188
2022-06-14 19:53:29,27627.78,4188.664,291.0469,4.742188
2022-06-14 19:53:28,27627.76,4188.688,291.0469,4.742188
2022-06-14 19:53:27,27628.1,4188.375,291.043,4.71875
2022-06-14 19:53:26,27627.8,4188.68,291.0312,4.71875
2022-06-14 19:53:25,27627.79,4188.695,291.0312,4.71875
2022-06-14 19:53:24,27628.02,4188.465,291.0312,4.71875
2022-06-14 19:53:23,27627.85,4188.633,291.0312,4.71875
2022-06-14 19:53:22,27627.59,4189.023,291.0312,4.589844
2022-06-14 19:53:21,27628,4188.609,291.0312,4.589844
2022-06-14 19:53:20,27627.8,4188.816,291.0312,4.582031
2022-06-14 19:53:19,27628.04,4188.586,291.0312,4.582031
2022-06-14 19:53:18,27627.77,4188.852,291.0273,4.582031
2022-06-14 19:53:17,27628.04,4188.59,291.0273,4.582031
2022-06-14 19:53:16,27628.02,4188.598,291.0352,4.582031
2022-06-14 19:53:15,27627.79,4188.832,291.0312,4.582031
2022-06-14 19:53:14,27628.27,4188.359,291.0273,4.582031
2022-06-14 19:53:13,27628,4188.621,291.0273,4.582031
2022-06-14 19:53:12,27628.05,4188.582,291.0273,4.574219
2022-06-14 19:53:11,27628.07,4188.566,291.0273,4.574219
2022-06-14 19:53:10,27628.05,4188.582,291.0273,4.574219
2022-06-14 19:53:09,27628.32,4188.312,291.0273,4.574219
2022-06-14 19:53:08,27627.77,4188.859,291.0273,4.574219
2022-06-14 19:53:07,27627.77,4188.859,291.0273,4.574219
2022-06-14 19:53:06,27628.08,4188.559,291.0273,4.566406
2022-06-14 19:53:05,27627.8,4188.82,291.043,4.566406
2022-06-14 19:53:04,27627.53,4189.133,291.0078,4.566406
2022-06-14 19:53:03,27628.05,4188.609,291.0078,4.566406
2022-06-14 19:53:02,27627.8,4188.855,291.0078,4.566406
2022-06-14 19:53:01,27627.84,4188.828,291.0039,4.566406
2022-06-14 19:53:00,27627.8,4188.867,291.0039,4.566406
2022-06-14 19:52:59,27627.8,4188.875,291.0039,4.558594
2022-06-14 19:52:58,27628.05,4188.621,291.0039,4.558594
2022-06-14 19:52:57,27627.8,4188.875,291.0039,4.558594
2022-06-14 19:52:56,27628.27,4188.406,291.0039,4.558594
2022-06-14 19:52:55,27612.76,4203.879,291.0352,4.558594
2022-06-14 19:52:54,27612.48,4204.184,291.0156,4.558594
2022-06-14 19:52:53,27612.79,4203.875,291.0156,4.550781
2022-06-14 19:52:52,27612.79,4203.883,291.0156,4.542969
2022-06-14 19:52:51,27612.76,4203.914,291.0156,4.542969
2022-06-14 19:52:50,27601.96,4214.711,291.0156,4.542969
2022-06-14 19:52:49,27625.34,4191.332,291.0156,4.542969
2022-06-14 19:52:48,27625.38,4191.312,291.0117,4.535156
2022-06-14 19:52:47,27625.07,4191.629,291.0117,4.527344
2022-06-14 19:52:46,27625.61,4191.082,291.0117,4.527344
2022-06-14 19:52:45,27625.61,4191.082,291.0117,4.527344
2022-06-14 19:52:44,27625.4,4191.309,291,4.527344
2022-06-14 19:52:43,27625.61,4191.098,290.9961,4.527344
2022-06-14 19:52:42,27625.59,4191.125,290.9922,4.527344
2022-06-14 19:52:41,27625.58,4191.133,290.9922,4.527344
2022-06-14 19:52:40,27625.31,4191.41,290.9922,4.519531
2022-06-14 19:52:39,27625.58,4191.141,290.9922,4.519531
2022-06-14 19:52:38,27625.64,4191.078,290.9922,4.519531
2022-06-14 19:52:37,27625.33,4191.398,290.9883,4.519531
2022-06-14 19:52:36,27625.62,4191.105,290.9883,4.519531
2022-06-14 19:52:35,27625.55,4191.188,290.9844,4.511719
2022-06-14 19:52:34,27625.34,4191.367,291.0117,4.511719
2022-06-14 19:52:33,27625.09,4191.645,290.9883,4.511719
2022-06-14 19:52:32,27625.31,4191.43,290.9805,4.511719
2022-06-14 19:52:31,27625.12,4191.621,290.9805,4.511719
2022-06-14 19:52:30,27625.07,4191.676,290.9805,4.511719
2022-06-14 19:52:29,27625.34,4191.41,290.9766,4.511719
2022-06-14 19:52:28,27625.31,4191.434,290.9766,4.511719
2022-06-14 19:52:27,27625.15,4191.594,290.9766,4.511719
2022-06-14 19:52:26,27624.88,4191.879,290.9766,4.503906
2022-06-14 19:52:25,27625.37,4191.387,290.9766,4.503906
2022-06-14 19:52:24,27625.31,4191.441,290.9766,4.503906
2022-06-14 19:52:23,27625.3,4191.43,290.9961,4.503906
2022-06-14 19:52:22,27625.32,4191.445,290.9648,4.503906
2022-06-14 19:52:21,27625.12,4191.645,290.9648,4.503906
2022-06-14 19:52:20,27625.33,4191.438,290.9648,4.503906
2022-06-14 19:52:19,27625.07,4191.691,290.9648,4.503906
2022-06-14 19:52:18,27625.06,4191.707,290.9648,4.503906
2022-06-14 19:52:17,27625.07,4191.699,290.9648,4.503906
2022-06-14 19:52:16,27625.07,4191.691,290.9648,4.503906
2022-06-14 19:52:15,27625.57,4191.199,290.9648,4.503906
2022-06-14 19:52:14,27625.38,4191.391,290.957,4.503906
2022-06-14 19:52:13,27625.38,4191.391,290.957,4.503906
2022-06-14 19:52:12,27625.34,4191.418,290.9766,4.496094
2022-06-14 19:52:11,27625.41,4191.355,290.9766,4.496094
2022-06-14 19:52:10,27625.41,4191.355,290.9766,4.496094
2022-06-14 19:52:09,27625.61,4191.148,290.9766,4.496094
2022-06-14 19:52:08,27625.59,4191.172,290.9766,4.496094
2022-06-14 19:52:07,27625.83,4190.941,290.9766,4.488281
2022-06-14 19:52:06,27625.84,4190.926,290.9766,4.488281
2022-06-14 19:52:05,27625.8,4190.973,290.9766,4.488281
2022-06-14 19:52:04,27626.13,4190.641,290.9766,4.488281
2022-06-14 19:52:03,27626.1,4190.672,290.9766,4.488281
2022-06-14 19:52:02,27625.87,4190.914,290.9648,4.488281
2022-06-14 19:52:01,27626.06,4190.73,290.957,4.488281
2022-06-14 19:52:00,27625.88,4190.914,290.9648,4.480469
2022-06-14 19:51:59,27625.88,4190.918,290.9609,4.480469
2022-06-14 19:51:58,27625.84,4190.949,290.9609,4.480469
2022-06-14 19:51:57,27625.82,4190.98,290.9609,4.472656
2022-06-14 19:51:56,27625.88,4190.926,290.9609,4.472656
2022-06-14 19:51:55,27625.57,4191.242,290.9609,4.464844
2022-06-14 19:51:54,27626.18,4190.637,290.957,4.464844
2022-06-14 19:51:53,27625.57,4191.258,290.9453,4.464844
2022-06-14 19:51:52,27625.63,4191.195,290.9531,4.457031
2022-06-14 19:51:51,27625.8,4191.016,290.957,4.457031
2022-06-14 19:51:50,27626.06,4190.762,290.9648,4.449219
2022-06-14 19:51:49,27626.03,4190.797,290.9609,4.449219
2022-06-14 19:51:48,27626.12,4190.711,290.9531,4.449219
2022-06-14 19:51:47,27626.28,4190.562,290.9492,4.441406
2022-06-14 19:51:46,27626.6,4190.262,290.9336,4.441406
2022-06-14 19:51:45,27626.32,4190.539,290.9336,4.441406
2022-06-14 19:51:44,27626.84,4190.023,290.9336,4.441406
2022-06-14 19:51:43,27627.1,4189.77,290.9258,4.441406
2022-06-14 19:51:42,27626.57,4190.301,290.9258,4.441406
2022-06-14 19:51:41,27626.81,4190.062,290.9258,4.433594
2022-06-14 19:51:40,27626.84,4190.043,290.9141,4.433594
2022-06-14 19:51:39,27626.81,4190.074,290.9141,4.433594
2022-06-14 19:51:38,27627.12,4189.773,290.9062,4.433594
2022-06-14 19:51:37,27627.12,4189.773,290.9062,4.433594
2022-06-14 19:51:36,27626.81,4190.09,290.9062,4.425781
2022-06-14 19:51:35,27626.78,4190.121,290.9062,4.425781
2022-06-14 19:51:34,27627.05,4189.852,290.9062,4.425781
2022-06-14 19:51:33,27627.35,4189.551,290.9062,4.425781
2022-06-14 19:51:32,27627.18,4189.719,290.9062,4.425781
2022-06-14 19:51:31,27627.11,4189.789,290.9062,4.425781
2022-06-14 19:51:30,27627.55,4189.34,290.918,4.425781
2022-06-14 19:51:29,27627.34,4189.555,290.918,4.425781
2022-06-14 19:51:28,27627.12,4189.77,290.918,4.425781
2022-06-14 19:51:27,27627.54,4189.348,290.918,4.425781
2022-06-14 19:51:26,27627.58,4189.309,290.918,4.425781
2022-06-14 19:51:25,27627.54,4189.355,290.918,4.417969
2022-06-14 19:51:24,27627.61,4189.293,290.918,4.417969
2022-06-14 19:51:23,27627.57,4189.332,290.918,4.417969
2022-06-14 19:51:22,27627.86,4189.047,290.918,4.410156
2022-06-14 19:51:21,27627.51,4189.395,290.918,4.410156
2022-06-14 19:51:20,27627.83,4189.059,290.9375,4.410156
2022-06-14 19:51:19,27627.82,4189.066,290.9375,4.410156
2022-06-14 19:51:18,27627.83,4189.09,290.9062,4.410156
2022-06-14 19:51:17,27627.79,4189.129,290.9062,4.410156
2022-06-14 19:51:16,27628.28,4188.652,290.9062,4.394531
2022-06-14 19:51:15,27625.85,4191.082,290.9062,4.394531
2022-06-14 19:51:14,27625.88,4191.051,290.9062,4.394531
2022-06-14 19:51:13,27626.12,4190.812,290.9062,4.394531
2022-06-14 19:51:12,27625.83,4191.109,290.9023,4.394531
2022-06-14 19:51:11,27626.07,4190.883,290.8984,4.386719
2022-06-14 19:51:10,27625.86,4191.09,290.8984,4.386719
2022-06-14 19:51:09,27625.88,4191.07,290.8945,4.386719
2022-06-14 19:51:08,27626.1,4190.859,290.8906,4.386719
2022-06-14 19:51:07,27625.82,4191.133,290.8945,4.386719
2022-06-14 19:51:06,27625.85,4191.121,290.8828,4.378906
2022-06-14 19:51:05,27626,4190.969,290.8906,4.371094
2022-06-14 19:51:04,27625.76,4191.215,290.8906,4.371094
2022-06-14 19:51:03,27625.6,4191.375,290.8906,4.371094
2022-06-14 19:51:02,27625.61,4191.359,290.8906,4.371094
2022-06-14 19:51:01,27625.69,4191.352,290.8359,4.355469
2022-06-14 19:51:00,27625.65,4191.398,290.8359,4.347656
2022-06-14 19:50:59,27625.65,4191.398,290.8359,4.347656
2022-06-14 19:50:58,27625.38,4191.68,290.8242,4.347656
2022-06-14 19:50:57,27625.84,4191.227,290.8242,4.347656
2022-06-14 19:50:56,27625.63,4191.441,290.8164,4.347656
2022-06-14 19:50:55,27625.65,4191.418,290.8242,4.339844
2022-06-14 19:50:54,27625.88,4191.195,290.8242,4.339844
2022-06-14 19:50:53,27625.62,4191.457,290.8242,4.332031
2022-06-14 19:50:52,27625.6,4191.48,290.8242,4.332031
2022-06-14 19:50:51,27625.59,4191.488,290.8242,4.332031
2022-06-14 19:50:50,27625.88,4191.203,290.8242,4.332031
2022-06-14 19:50:49,27625.91,4191.18,290.8164,4.332031
2022-06-14 19:50:48,27625.6,4191.457,290.8555,4.324219
2022-06-14 19:50:47,27625.91,4191.168,290.8359,4.324219
2022-06-14 19:50:46,27625.6,4191.484,290.8359,4.316406
2022-06-14 19:50:45,27625.63,4191.453,290.8359,4.316406
2022-06-14 19:50:44,27625.63,4191.453,290.8359,4.316406
2022-06-14 19:50:43,27625.38,4191.707,290.8359,4.316406
2022-06-14 19:50:42,27625.65,4191.43,290.8359,4.316406
2022-06-14 19:50:41,27625.38,4191.707,290.8359,4.308594
2022-06-14 19:50:40,27625.34,4191.754,290.8359,4.300781
2022-06-14 19:50:39,27625.38,4191.727,290.832,4.300781
2022-06-14 19:50:38,27625.37,4191.75,290.8164,4.300781
2022-06-14 19:50:37,27625.38,4191.738,290.8125,4.300781
2022-06-14 19:50:36,27625.56,4191.562,290.8125,4.300781
2022-06-14 19:50:35,27625.63,4191.504,290.8086,4.292969
2022-06-14 19:50:34,27625.9,4191.242,290.8086,4.285156
2022-06-14 19:50:33,27625.84,4191.305,290.8086,4.285156
2022-06-14 19:50:32,27625.86,4191.281,290.8086,4.285156
2022-06-14 19:50:31,27626.07,4191.07,290.8047,4.285156
2022-06-14 19:50:30,27625.89,4191.258,290.8008,4.285156
2022-06-14 19:50:29,27626.36,4190.789,290.8008,4.285156
2022-06-14 19:50:28,27626.15,4190.996,290.8008,4.285156
2022-06-14 19:50:27,27626.08,4191.062,290.8047,4.285156
2022-06-14 19:50:26,27626.64,4190.5,290.8125,4.277344
2022-06-14 19:50:25,27626.33,4190.824,290.8125,4.269531
2022-06-14 19:50:24,27626.18,4190.969,290.8125,4.269531
2022-06-14 19:50:23,27626.39,4190.766,290.8086,4.269531
2022-06-14 19:50:22,27626.39,4190.766,290.8086,4.269531
2022-06-14 19:50:21,27626.35,4190.812,290.8086,4.261719
2022-06-14 19:50:20,27626.4,4190.773,290.8008,4.261719
2022-06-14 19:50:19,27626.35,4190.824,290.7969,4.261719
2022-06-14 19:50:18,27626.3,4190.879,290.7969,4.253906
2022-06-14 19:50:17,27626.35,4190.844,290.7852,4.253906
2022-06-14 19:50:16,27626.34,4190.859,290.7852,4.253906
2022-06-14 19:50:15,27626.35,4190.844,290.7852,4.253906
2022-06-14 19:50:14,27626.34,4190.859,290.7852,4.253906
2022-06-14 19:50:13,27626.57,4190.629,290.7852,4.253906
2022-06-14 19:50:12,27626.64,4190.559,290.7852,4.253906
2022-06-14 19:50:11,27626.62,4190.582,290.7852,4.246094
2022-06-14 19:50:10,27626.36,4190.852,290.7852,4.238281
2022-06-14 19:50:09,27626.1,4191.113,290.7852,4.238281
2022-06-14 19:50:08,27626.64,4190.574,290.7852,4.238281
2022-06-14 19:50:07,27626.31,4190.898,290.7852,4.238281
2022-06-14 19:50:06,27626.08,4191.098,290.8164,4.238281
2022-06-14 19:50:05,27626.41,4190.793,290.7969,4.238281
2022-06-14 19:50:04,27626.37,4190.84,290.7969,4.230469
2022-06-14 19:50:03,27626.38,4190.832,290.7969,4.230469
2022-06-14 19:50:02,27626.12,4191.086,290.7969,4.230469
2022-06-14 19:50:01,27626.05,4191.156,290.7969,4.230469
2022-06-14 19:50:00,27626.09,4191.117,290.7969,4.230469
2022-06-14 19:49:59,27626.07,4191.148,290.7969,4.222656
2022-06-14 19:49:58,27626.34,4190.879,290.7969,4.222656
2022-06-14 19:49:57,27626.07,4191.148,290.7969,4.222656
2022-06-14 19:49:56,27626.09,4191.105,290.8164,4.222656
2022-06-14 19:49:55,27626.34,4190.883,290.7852,4.222656
2022-06-14 19:49:54,27626.43,4190.797,290.7852,4.222656
2022-06-14 19:49:53,27626.34,4190.891,290.7852,4.222656
2022-06-14 19:49:52,27626.33,4190.898,290.7852,4.222656
2022-06-14 19:49:51,27626.58,4190.652,290.7773,4.222656
2022-06-14 19:49:50,27626.58,4190.652,290.7852,4.214844
2022-06-14 19:49:49,27626.34,4190.898,290.7852,4.214844
2022-06-14 19:49:48,27626.4,4190.836,290.7852,4.214844
2022-06-14 19:49:47,27626.68,4190.559,290.7773,4.214844
2022-06-14 19:49:46,27626.64,4190.602,290.7734,4.214844
2022-06-14 19:49:45,27626.88,4190.352,290.8008,4.207031
2022-06-14 19:49:44,27626.58,4190.664,290.7812,4.207031
2022-06-14 19:49:43,27626.57,4190.684,290.7773,4.207031
2022-06-14 19:49:42,27626.61,4190.641,290.7734,4.207031
2022-06-14 19:49:41,27626.35,4190.906,290.7695,4.207031
2022-06-14 19:49:40,27626.34,4190.922,290.7695,4.207031
2022-06-14 19:49:39,27626.35,4190.906,290.7695,4.207031
2022-06-14 19:49:38,27626.12,4191.145,290.7695,4.199219
2022-06-14 19:49:37,27626.11,4191.152,290.7695,4.199219
2022-06-14 19:49:36,27625.84,4191.422,290.7695,4.199219
2022-06-14 19:49:35,27626.09,4191.156,290.7891,4.199219
2022-06-14 19:49:34,27626.12,4191.164,290.7578,4.191406
2022-06-14 19:49:33,27625.88,4191.41,290.7578,4.191406
2022-06-14 19:49:32,27626.15,4191.141,290.7578,4.183594
2022-06-14 19:49:31,27625.88,4191.418,290.7578,4.183594
2022-06-14 19:49:30,27625.84,4191.449,290.7578,4.183594
2022-06-14 19:49:29,27625.64,4191.664,290.7578,4.175781
2022-06-14 19:49:28,27625.88,4191.43,290.7539,4.175781
2022-06-14 19:49:27,27626.19,4191.113,290.7539,4.175781
2022-06-14 19:49:26,27625.9,4191.406,290.7539,4.175781
2022-06-14 19:49:25,27625.85,4191.445,290.7617,4.175781
2022-06-14 19:49:24,27626.12,4191.176,290.7617,4.175781
2022-06-14 19:49:23,27626.38,4190.945,290.7461,4.167969
2022-06-14 19:49:22,27626.4,4190.922,290.7539,4.160156
2022-06-14 19:49:21,27626.16,4191.164,290.75,4.160156
2022-06-14 19:49:20,27626.61,4190.715,290.7461,4.160156
2022-06-14 19:49:19,27626.38,4190.953,290.7461,4.160156
2022-06-14 19:49:18,27626.06,4191.277,290.7461,4.152344
2022-06-14 19:49:17,27626.31,4191.023,290.7461,4.152344
2022-06-14 19:49:16,27626.27,4191.062,290.7461,4.152344
2022-06-14 19:49:15,27626.59,4190.758,290.7344,4.152344
2022-06-14 19:49:14,27626.34,4191.012,290.7344,4.152344
2022-06-14 19:49:13,27626.34,4191.004,290.7344,4.152344
2022-06-14 19:49:12,27626.68,4190.68,290.7344,4.144531
2022-06-14 19:49:11,27626.38,4190.98,290.7344,4.144531
2022-06-14 19:49:10,27626.37,4190.988,290.7344,4.144531
2022-06-14 19:49:09,27626.38,4190.98,290.7344,4.144531
2022-06-14 19:49:08,27626.58,4190.785,290.7305,4.136719
2022-06-14 19:49:07,27626.34,4191.031,290.7305,4.128906
2022-06-14 19:49:06,27626.3,4191.07,290.7305,4.128906
2022-06-14 19:49:05,27626.38,4191,290.7305,4.128906
2022-06-14 19:49:04,27626.64,4190.73,290.7305,4.128906
2022-06-14 19:49:03,27626.59,4190.773,290.7422,4.128906
2022-06-14 19:49:02,27626.37,4191.004,290.7344,4.128906
2022-06-14 19:49:01,27626.13,4191.246,290.7383,4.121094
2022-06-14 19:49:00,27626.37,4191.016,290.7305,4.121094
2022-06-14 19:48:59,27626.34,4191.047,290.7383,4.113281
2022-06-14 19:48:58,27626.12,4191.262,290.7383,4.113281
2022-06-14 19:48:57,27626.11,4191.27,290.7383,4.113281
2022-06-14 19:48:56,27626.1,4191.293,290.7383,4.105469
2022-06-14 19:48:55,27626.05,4191.34,290.7383,4.105469
2022-06-14 19:48:54,27626.07,4191.344,290.7344,4.089844
2022-06-14 19:48:53,27626.14,4191.266,290.7344,4.089844
2022-06-14 19:48:52,27626.13,4191.305,290.7188,4.082031
2022-06-14 19:48:51,27626.14,4191.289,290.7188,4.082031
2022-06-14 19:48:50,27626.16,4191.277,290.7148,4.082031
2022-06-14 19:48:49,27626.11,4191.324,290.7148,4.082031
2022-06-14 19:48:48,27626.13,4191.312,290.7109,4.082031
2022-06-14 19:48:47,27626.33,4191.129,290.7109,4.066406
2022-06-14 19:48:46,27626.07,4191.391,290.7109,4.066406
2022-06-14 19:48:45,27626.08,4191.379,290.707,4.066406
2022-06-14 19:48:44,27626.09,4191.371,290.707,4.066406
2022-06-14 19:48:43,27626.07,4191.387,290.707,4.066406
2022-06-14 19:48:42,27626.12,4191.352,290.7031,4.058594
2022-06-14 19:48:41,27626.07,4191.395,290.7148,4.058594
2022-06-14 19:48:40,27626.36,4191.102,290.7148,4.058594
2022-06-14 19:48:39,27626.41,4191.055,290.7148,4.058594
2022-06-14 19:48:38,27626.18,4191.285,290.7148,4.058594
2022-06-14 19:48:37,27626.35,4191.117,290.7148,4.050781
2022-06-14 19:48:36,27626.18,4191.301,290.7148,4.042969
2022-06-14 19:48:35,27626.4,4191.078,290.7148,4.042969
2022-06-14 19:48:34,27626.64,4190.832,290.7148,4.042969
2022-06-14 19:48:33,27626.58,4190.895,290.7148,4.042969
2022-06-14 19:48:32,27627.21,4190.27,290.7148,4.042969
2022-06-14 19:48:31,27626.86,4190.637,290.7031,4.035156
2022-06-14 19:48:30,27626.65,4190.844,290.7031,4.035156
2022-06-14 19:48:29,27626.61,4190.891,290.7031,4.027344
2022-06-14 19:48:28,27626.65,4190.852,290.7031,4.027344
2022-06-14 19:48:27,27626.37,4191.137,290.7031,4.027344
2022-06-14 19:48:26,27626.6,4190.906,290.7031,4.027344
2022-06-14 19:48:25,27626.63,4190.883,290.7031,4.019531
2022-06-14 19:48:24,27626.57,4190.953,290.7031,4.011719
2022-06-14 19:48:23,27626.6,4190.926,290.6992,4.011719
2022-06-14 19:48:22,27626.66,4190.863,290.6992,4.011719
2022-06-14 19:48:21,27626.6,4190.918,290.707,4.011719
2022-06-14 19:48:20,27626.88,4190.664,290.6914,4.003906
2022-06-14 19:48:19,27626.63,4190.926,290.6836,3.996094
2022-06-14 19:48:18,27626.63,4190.926,290.6836,3.996094
2022-06-14 19:48:17,27626.57,4190.992,290.6797,3.996094
2022-06-14 19:48:16,27626.69,4190.871,290.6758,3.996094
2022-06-14 19:48:15,27626.66,4190.902,290.6758,3.996094
2022-06-14 19:48:14,27626.63,4190.945,290.6719,3.988281
2022-06-14 19:48:13,27626.36,4191.215,290.6719,3.988281
2022-06-14 19:48:12,27626.81,4190.77,290.6719,3.980469
2022-06-14 19:48:11,27626.6,4190.996,290.6602,3.980469
2022-06-14 19:48:10,27626.94,4190.66,290.6562,3.980469
2022-06-14 19:48:09,27626.66,4190.938,290.6562,3.980469
2022-06-14 19:48:08,27626.91,4190.691,290.6562,3.980469
2022-06-14 19:48:07,27626.92,4190.688,290.6523,3.972656
2022-06-14 19:48:06,27626.85,4190.766,290.6523,3.964844
2022-06-14 19:48:05,27627.14,4190.484,290.6484,3.964844
2022-06-14 19:48:04,27627.16,4190.461,290.6484,3.964844
2022-06-14 19:48:03,27627.11,4190.516,290.6484,3.964844
2022-06-14 19:48:02,27627.34,4190.277,290.6484,3.964844
2022-06-14 19:48:01,27627.63,4189.996,290.6602,3.949219
2022-06-14 19:48:00,27627.63,4189.996,290.6602,3.949219
2022-06-14 19:47:59,27627.38,4190.25,290.6602,3.949219
2022-06-14 19:47:58,27627.63,4189.996,290.6602,3.949219
2022-06-14 19:47:57,27627.6,4190.027,290.6602,3.949219
2022-06-14 19:47:56,27627.33,4190.297,290.6602,3.949219
2022-06-14 19:47:55,27627.31,4190.312,290.6602,3.949219
2022-06-14 19:47:54,27627.45,4190.188,290.6523,3.949219
2022-06-14 19:47:53,27627.14,4190.496,290.6602,3.941406
2022-06-14 19:47:52,27627.07,4190.566,290.6602,3.941406
2022-06-14 19:47:51,27627.11,4190.535,290.6602,3.933594
2022-06-14 19:47:50,27627.06,4190.582,290.6602,3.933594
2022-06-14 19:47:49,27626.81,4190.828,290.6602,3.933594
2022-06-14 19:47:48,27627.38,4190.266,290.6602,3.933594
2022-06-14 19:47:47,27627.35,4190.297,290.6602,3.925781
2022-06-14 19:47:46,27627.59,4190.059,290.6602,3.925781
2022-06-14 19:47:45,27627.35,4190.297,290.6602,3.925781
2022-06-14 19:47:44,27627.07,4190.582,290.6602,3.925781
2022-06-14 19:47:43,27627.6,4190.969,289.7812,3.886719
2022-06-14 19:47:42,27637.88,4191.504,278.9727,3.878906
2022-06-14 19:47:41,27637.89,4191.512,278.9648,3.871094
2022-06-14 19:47:40,27637.98,4191.418,278.9727,3.863281
2022-06-14 19:47:39,27637.93,4191.465,278.9727,3.863281
2022-06-14 19:47:38,27638.39,4191.004,278.9727,3.863281
2022-06-14 19:47:37,27638.2,4191.195,278.9727,3.863281
2022-06-14 19:47:36,27637.93,4191.469,278.9688,3.863281
2022-06-14 19:47:35,27638.23,4191.184,278.9688,3.855469
2022-06-14 19:47:34,27640.61,4188.801,278.9688,3.855469
2022-06-14 19:47:33,27640.68,4188.73,278.9688,3.855469
2022-06-14 19:47:32,27640.59,4188.84,278.9609,3.847656
2022-06-14 19:47:31,27640.86,4188.562,278.9688,3.839844
2022-06-14 19:47:30,27641.35,4188.078,278.9688,3.839844
2022-06-14 19:47:29,27641.12,4188.301,278.9688,3.839844
2022-06-14 19:47:28,27640.89,4188.531,278.9688,3.839844
2022-06-14 19:47:27,27641.12,4188.309,278.9688,3.832031
2022-06-14 19:47:26,27641.05,4188.395,278.9609,3.832031
2022-06-14 19:47:25,27640.85,4188.594,278.9688,3.824219
2022-06-14 19:47:24,27640.83,4188.609,278.9688,3.824219
2022-06-14 19:47:23,27641.19,4188.254,278.9688,3.824219
2022-06-14 19:47:22,27641.14,4188.305,278.9648,3.824219
2022-06-14 19:47:21,27641.19,4188.266,278.9648,3.816406
2022-06-14 19:47:20,27640.8,4188.664,278.9609,3.808594
2022-06-14 19:47:19,27641.19,4188.27,278.9688,3.808594
2022-06-14 19:47:18,27641.11,4188.383,278.9336,3.808594
2022-06-14 19:47:17,27640.88,4188.613,278.9336,3.808594
2022-06-14 19:47:16,27640.93,4188.57,278.9297,3.808594
2022-06-14 19:47:15,27641.22,4188.297,278.9258,3.792969
2022-06-14 19:47:14,27641.39,4188.129,278.9258,3.792969
2022-06-14 19:47:13,27641.16,4188.359,278.9258,3.792969
2022-06-14 19:47:12,27640.83,4188.688,278.9219,3.792969
2022-06-14 19:47:11,27640.88,4188.641,278.9219,3.792969
2022-06-14 19:47:10,27640.62,4188.906,278.918,3.792969
2022-06-14 19:47:09,27640.7,4188.828,278.918,3.792969
2022-06-14 19:47:08,27640.59,4188.938,278.918,3.792969
2022-06-14 19:47:07,27640.63,4188.875,278.9414,3.785156
2022-06-14 19:47:06,27640.89,4188.621,278.9414,3.777344
2022-06-14 19:47:05,27640.73,4188.789,278.9414,3.777344
2022-06-14 19:47:04,27640.62,4188.898,278.9414,3.777344
2022-06-14 19:47:03,27641.16,4188.359,278.9414,3.777344
2022-06-14 19:47:02,27640.86,4188.652,278.9414,3.777344
2022-06-14 19:47:01,27640.94,4188.578,278.9375,3.777344
2022-06-14 19:47:00,27641.14,4188.379,278.9375,3.777344
2022-06-14 19:46:59,27641.4,4188.125,278.9375,3.769531
2022-06-14 19:46:58,27641.57,4187.961,278.9336,3.769531
2022-06-14 19:46:57,27641.65,4187.887,278.9297,3.769531
2022-06-14 19:46:56,27641.32,4188.246,278.9023,3.761719
2022-06-14 19:46:55,27641.65,4187.922,278.9023,3.761719
2022-06-14 19:46:54,27641.36,4188.234,278.8906,3.753906
2022-06-14 19:46:53,27641.65,4187.949,278.8828,3.753906
2022-06-14 19:46:52,27641.36,4188.242,278.8828,3.753906
2022-06-14 19:46:51,27641.37,4188.23,278.8789,3.753906
2022-06-14 19:46:50,27641.63,4187.973,278.875,3.753906
2022-06-14 19:46:49,27641.37,4188.234,278.875,3.753906
2022-06-14 19:46:48,27641.32,4188.246,278.9102,3.753906
2022-06-14 19:46:47,27641.64,4187.93,278.9102,3.753906
2022-06-14 19:46:46,27641.32,4188.262,278.9023,3.746094
2022-06-14 19:46:45,27641.7,4187.891,278.9023,3.746094
2022-06-14 19:46:44,27641.42,4188.168,278.9023,3.746094
2022-06-14 19:46:43,27641.67,4187.914,278.9023,3.746094
2022-06-14 19:46:42,27641.39,4188.207,278.8945,3.746094
2022-06-14 19:46:41,27641.63,4187.977,278.8984,3.726562
2022-06-14 19:46:40,27641.66,4187.953,278.8984,3.726562
2022-06-14 19:46:39,27641.39,4188.215,278.8984,3.726562
2022-06-14 19:46:38,27641.66,4187.953,278.8984,3.726562
2022-06-14 19:46:37,27641.67,4187.938,278.8984,3.726562
2022-06-14 19:46:36,27641.44,4188.16,278.9062,3.726562
2022-06-14 19:46:35,27641.36,4188.281,278.8711,3.71875
2022-06-14 19:46:34,27641.66,4187.988,278.8711,3.71875
2022-06-14 19:46:33,27641.43,4188.219,278.8711,3.71875
2022-06-14 19:46:32,27641.66,4187.988,278.8711,3.71875
2022-06-14 19:46:31,27641.46,4188.188,278.8711,3.71875
2022-06-14 19:46:30,27641.69,4187.957,278.8711,3.71875
2022-06-14 19:46:29,27641.73,4187.918,278.8711,3.710938
2022-06-14 19:46:28,27641.41,4188.242,278.8711,3.710938
2022-06-14 19:46:27,27641.64,4188.012,278.8711,3.710938
2022-06-14 19:46:26,27641.59,4188.023,278.9062,3.710938
2022-06-14 19:46:25,27641.3,4188.324,278.8984,3.710938
2022-06-14 19:46:24,27641.41,4188.215,278.8984,3.710938
2022-06-14 19:46:23,27641.33,4188.293,278.8984,3.710938
2022-06-14 19:46:22,27641.59,4188.031,278.8984,3.710938
2022-06-14 19:46:21,27641.36,4188.262,278.8984,3.710938
2022-06-14 19:46:20,27641.48,4188.145,278.8984,3.710938
2022-06-14 19:46:19,27641.36,4188.262,278.8984,3.710938
2022-06-14 19:46:18,27641.7,4187.93,278.8984,3.710938
2022-06-14 19:46:17,27641.39,4188.23,278.8984,3.710938
2022-06-14 19:46:16,27641.36,4188.285,278.8984,3.695312
2022-06-14 19:46:15,27641.39,4188.246,278.9062,3.695312
2022-06-14 19:46:14,27641.63,4188.035,278.8711,3.695312
2022-06-14 19:46:13,27641.17,4188.496,278.8711,3.695312
2022-06-14 19:46:12,27641.14,4188.527,278.8711,3.695312
2022-06-14 19:46:11,27641.36,4188.312,278.8711,3.695312
2022-06-14 19:46:10,27641.23,4188.441,278.8711,3.6875
2022-06-14 19:46:09,27641.39,4188.293,278.8672,3.6875
2022-06-14 19:46:08,27641.11,4188.57,278.8672,3.6875
2022-06-14 19:46:07,27641.39,4188.297,278.8633,3.6875
2022-06-14 19:46:06,27641.39,4188.309,278.8594,3.679688
2022-06-14 19:46:05,27641.39,4188.309,278.8594,3.679688
2022-06-14 19:46:04,27641.42,4188.25,278.8945,3.671875
2022-06-14 19:46:03,27641.63,4188.043,278.8867,3.671875
2022-06-14 19:46:02,27641.6,4188.074,278.8867,3.671875
2022-06-14 19:46:01,27641.66,4188.012,278.8867,3.671875
2022-06-14 19:46:00,27641.63,4188.043,278.8867,3.671875
2022-06-14 19:45:59,27641.66,4188.02,278.8867,3.664062
2022-06-14 19:45:58,27641.6,4188.082,278.8867,3.664062
2022-06-14 19:45:57,27641.6,4188.082,278.8867,3.664062
2022-06-14 19:45:56,27641.57,4188.113,278.8867,3.664062
2022-06-14 19:45:55,27641.63,4188.051,278.8867,3.664062
2022-06-14 19:45:54,27641.39,4188.305,278.8867,3.65625
2022-06-14 19:45:53,27641.63,4188.086,278.8594,3.65625
2022-06-14 19:45:52,27641.66,4188.055,278.8594,3.65625
2022-06-14 19:45:51,27641.36,4188.363,278.8594,3.65625
2022-06-14 19:45:50,27641.94,4187.785,278.8516,3.65625
2022-06-14 19:45:49,27641.6,4188.129,278.8477,3.65625
2022-06-14 19:45:48,27641.82,4187.914,278.8477,3.65625
2022-06-14 19:45:47,27641.66,4188.066,278.8477,3.65625
2022-06-14 19:45:46,27641.41,4188.32,278.8477,3.65625
2022-06-14 19:45:45,27641.63,4188.098,278.8477,3.65625
2022-06-14 19:45:44,27641.59,4188.145,278.8477,3.648438
2022-06-14 19:45:43,27641.56,4188.148,278.875,3.648438
2022-06-14 19:45:42,27641.63,4188.078,278.875,3.648438
2022-06-14 19:45:41,27641.91,4187.801,278.875,3.648438
2022-06-14 19:45:40,27641.85,4187.871,278.875,3.640625
2022-06-14 19:45:39,27641.66,4188.062,278.875,3.632812
2022-06-14 19:45:38,27641.39,4188.34,278.875,3.632812
2022-06-14 19:45:37,27641.85,4187.879,278.875,3.632812
2022-06-14 19:45:36,27641.6,4188.125,278.875,3.632812
2022-06-14 19:45:35,27641.82,4187.91,278.875,3.632812
2022-06-14 19:45:34,27642.12,4187.605,278.8711,3.632812
2022-06-14 19:45:33,27642.06,4187.676,278.8711,3.625
2022-06-14 19:45:32,27642.16,4187.609,278.8438,3.625
2022-06-14 19:45:31,27642.16,4187.617,278.8359,3.625
2022-06-14 19:45:30,27641.91,4187.879,278.8281,3.617188
2022-06-14 19:45:29,27642.12,4187.668,278.8242,3.617188
2022-06-14 19:45:28,27641.88,4187.926,278.8203,3.609375
2022-06-14 19:45:27,27642.4,4187.41,278.8125,3.609375
2022-06-14 19:45:26,27642.16,4187.66,278.8086,3.609375
2022-06-14 19:45:25,27641.85,4187.969,278.8086,3.609375
2022-06-14 19:45:24,27642.34,4187.484,278.8008,3.609375
2022-06-14 19:45:23,27642.4,4187.395,278.8281,3.609375
2022-06-14 19:45:22,27642.4,4187.395,278.8281,3.609375
2022-06-14 19:45:21,27642.16,4187.641,278.8281,3.609375
2022-06-14 19:45:20,27642.12,4187.68,278.8281,3.601562
2022-06-14 19:45:19,27642.37,4187.441,278.8281,3.59375
2022-06-14 19:45:18,27642.34,4187.473,278.8281,3.59375
2022-06-14 19:45:17,27642.33,4187.48,278.8281,3.59375
2022-06-14 19:45:16,27642.34,4187.473,278.8281,3.59375
2022-06-14 19:45:15,27642.15,4187.664,278.8281,3.59375
2022-06-14 19:45:14,27642.09,4187.727,278.8281,3.59375
2022-06-14 19:45:13,27642.12,4187.73,278.8008,3.585938
2022-06-14 19:45:12,27642.36,4187.484,278.8008,3.585938
2022-06-14 19:45:11,27642.34,4187.508,278.8008,3.585938
2022-06-14 19:45:10,27642.34,4187.508,278.8008,3.585938
2022-06-14 19:45:09,27642.4,4187.453,278.793,3.585938
2022-06-14 19:45:08,27642.15,4187.707,278.8008,3.578125
2022-06-14 19:45:07,27642.16,4187.699,278.8008,3.578125
2022-06-14 19:45:06,27642.14,4187.715,278.8008,3.578125
2022-06-14 19:45:05,27642.15,4187.707,278.8008,3.578125
2022-06-14 19:45:04,27642.4,4187.453,278.8008,3.578125
2022-06-14 19:45:03,27642.36,4187.473,278.8203,3.578125
2022-06-14 19:45:02,27642.37,4187.469,278.8242,3.570312
2022-06-14 19:45:01,27642.4,4187.441,278.8203,3.570312
2022-06-14 19:45:00,27642.34,4187.504,278.8203,3.570312
2022-06-14 19:44:59,27642.34,4187.504,278.8203,3.570312
2022-06-14 19:44:58,27642.08,4187.766,278.8203,3.570312
2022-06-14 19:44:57,27642.09,4187.758,278.8203,3.570312
2022-06-14 19:44:56,27642.59,4187.266,278.8125,3.5625
2022-06-14 19:44:55,27642.4,4187.457,278.8203,3.554688
2022-06-14 19:44:54,27642.09,4187.766,278.8203,3.554688
2022-06-14 19:44:53,27642.37,4187.488,278.8203,3.554688
2022-06-14 19:44:52,27642.62,4187.234,278.8203,3.554688
2022-06-14 19:44:51,27642.37,4187.48,278.8281,3.554688
2022-06-14 19:44:50,27642.15,4187.738,278.793,3.554688
2022-06-14 19:44:49,27642.4,4187.5,278.7773,3.554688
2022-06-14 19:44:48,27642.34,4187.562,278.793,3.539062
2022-06-14 19:44:47,27642.34,4187.562,278.793,3.539062
2022-06-14 19:44:46,27642.37,4187.531,278.793,3.539062
2022-06-14 19:44:45,27642.59,4187.316,278.793,3.539062
2022-06-14 19:44:44,27642.12,4187.777,278.793,3.539062
2022-06-14 19:44:43,27642.12,4187.777,278.793,3.539062
2022-06-14 19:44:42,27642.07,4187.855,278.7812,3.527344
2022-06-14 19:44:41,27642.27,4187.832,278.7695,3.363281
2022-06-14 19:44:40,27642.31,4187.77,278.793,3.363281
2022-06-14 19:44:39,27642.31,4187.77,278.7969,3.359375
2022-06-14 19:44:38,27642.26,4187.824,278.7891,3.359375
2022-06-14 19:44:37,27642.36,4187.73,278.7969,3.34375
2022-06-14 19:44:36,27642.08,4188.016,278.7969,3.34375
2022-06-14 19:44:35,27642.33,4187.762,278.7969,3.34375
2022-06-14 19:44:34,27642.62,4187.477,278.7969,3.34375
2022-06-14 19:44:33,27642.62,4187.477,278.7969,3.34375
2022-06-14 19:44:32,27642.55,4187.539,278.7969,3.34375
2022-06-14 19:44:31,27642.37,4187.73,278.7969,3.335938
2022-06-14 19:44:30,27642.31,4187.801,278.7969,3.328125
2022-06-14 19:44:29,27642.09,4188.043,278.7695,3.328125
2022-06-14 19:44:28,27642.43,4187.703,278.7695,3.328125
2022-06-14 19:44:27,27642.4,4187.738,278.7656,3.328125
2022-06-14 19:44:26,27642.06,4188.078,278.7656,3.328125
2022-06-14 19:44:25,27642.34,4187.805,278.7617,3.328125
2022-06-14 19:44:24,27642.34,4187.82,278.7539,3.320312
2022-06-14 19:44:23,27642.34,4187.82,278.7617,3.3125
2022-06-14 19:44:22,27642.09,4188.066,278.7617,3.3125
2022-06-14 19:44:21,27642.31,4187.859,278.7539,3.3125
2022-06-14 19:44:20,27642.28,4187.895,278.75,3.3125
2022-06-14 19:44:19,27642.34,4187.832,278.75,3.3125
2022-06-14 19:44:18,27642.59,4187.559,278.7773,3.3125
2022-06-14 19:44:17,27642.36,4187.781,278.7773,3.3125
2022-06-14 19:44:16,27642.37,4187.781,278.7773,3.304688
2022-06-14 19:44:15,27642.37,4187.781,278.7773,3.304688
2022-06-14 19:44:14,27642.31,4187.844,278.7773,3.304688
2022-06-14 19:44:13,27642.59,4187.566,278.7773,3.304688
2022-06-14 19:44:12,27642.37,4187.789,278.7695,3.304688
2022-06-14 19:44:11,27642.34,4187.82,278.7773,3.296875
2022-06-14 19:44:10,27642.55,4187.605,278.7773,3.296875
2022-06-14 19:44:09,27642.31,4187.855,278.7734,3.296875
2022-06-14 19:44:08,27642.37,4187.797,278.7773,3.289062
2022-06-14 19:44:07,27642.59,4187.617,278.7422,3.289062
2022-06-14 19:44:06,27642.31,4187.906,278.7383,3.28125
2022-06-14 19:44:05,27642.34,4187.883,278.7305,3.28125
2022-06-14 19:44:04,27642.3,4187.941,278.7109,3.28125
2022-06-14 19:44:03,27642.37,4187.871,278.7109,3.28125
2022-06-14 19:44:02,27642.62,4187.641,278.6953,3.28125
2022-06-14 19:44:01,27642.37,4187.887,278.7109,3.265625
2022-06-14 19:44:00,27642.34,4187.926,278.7031,3.265625
2022-06-14 19:43:59,27642.68,4187.559,278.7305,3.265625
2022-06-14 19:43:58,27642.43,4187.805,278.7305,3.265625
2022-06-14 19:43:57,27642.58,4187.66,278.7305,3.265625
2022-06-14 19:43:56,27642.31,4187.941,278.7266,3.257812
2022-06-14 19:43:55,27642.37,4187.879,278.7266,3.257812
2022-06-14 19:43:54,27642.34,4187.914,278.7227,3.257812
2022-06-14 19:43:53,27642.34,4187.914,278.7227,3.257812
2022-06-14 19:43:52,27642.55,4187.715,278.7148,3.257812
2022-06-14 19:43:51,27642.3,4187.961,278.7148,3.257812
2022-06-14 19:43:50,27643.04,4187.223,278.7227,3.25
2022-06-14 19:43:49,27642.82,4187.438,278.7227,3.25
2022-06-14 19:43:48,27643.08,4187.184,278.7227,3.25
2022-06-14 19:43:47,27642.54,4187.75,278.6953,3.25
2022-06-14 19:43:46,27642.55,4187.742,278.6953,3.25
2022-06-14 19:43:45,27643.02,4187.281,278.6953,3.242188
2022-06-14 19:43:44,27642.83,4187.465,278.6953,3.242188
2022-06-14 19:43:43,27642.65,4187.648,278.6953,3.242188
2022-06-14 19:43:42,27642.61,4187.688,278.6953,3.242188
2022-06-14 19:43:41,27643.11,4187.188,278.6953,3.242188
2022-06-14 19:43:40,27642.86,4187.457,278.6797,3.242188
2022-06-14 19:43:39,27643.11,4187.203,278.6797,3.242188
2022-06-14 19:43:38,27643.04,4187.273,278.6953,3.226562
2022-06-14 19:43:37,27643.04,4187.273,278.6953,3.226562
2022-06-14 19:43:36,27642.8,4187.484,278.7227,3.226562
2022-06-14 19:43:35,27642.8,4187.484,278.7227,3.226562
2022-06-14 19:43:34,27643.05,4187.238,278.7227,3.226562
2022-06-14 19:43:33,27643.11,4187.184,278.7227,3.21875
2022-06-14 19:43:32,27642.86,4187.43,278.7227,3.21875
2022-06-14 19:43:31,27643.29,4187.008,278.7148,3.21875
2022-06-14 19:43:30,27643.26,4187.039,278.7227,3.210938
2022-06-14 19:43:29,27643.29,4187.008,278.7227,3.210938
2022-06-14 19:43:28,27643.57,4186.734,278.7188,3.210938
2022-06-14 19:43:27,27643.54,4186.766,278.7188,3.210938
2022-06-14 19:43:26,27643.54,4186.793,278.6914,3.210938
2022-06-14 19:43:25,27643.26,4187.078,278.6914,3.203125
2022-06-14 19:43:24,27643.29,4187.047,278.6914,3.203125
2022-06-14 19:43:23,27643.82,4186.527,278.6953,3.195312
2022-06-14 19:43:22,27643.6,4186.742,278.6953,3.195312
2022-06-14 19:43:21,27643.82,4186.527,278.6953,3.195312
2022-06-14 19:43:20,27644.06,4186.281,278.6953,3.195312
2022-06-14 19:43:19,27643.82,4186.527,278.6953,3.195312
2022-06-14 19:43:18,27643.82,4186.527,278.6953,3.195312
2022-06-14 19:43:17,27643.82,4186.527,278.6953,3.195312
2022-06-14 19:43:16,27643.79,4186.527,278.7266,3.195312
2022-06-14 19:43:15,27643.82,4186.512,278.7188,3.1875
2022-06-14 19:43:14,27643.79,4186.543,278.7188,3.1875
2022-06-14 19:43:13,27644.06,4186.266,278.7188,3.1875
2022-06-14 19:43:12,27643.85,4186.48,278.7188,3.1875
2022-06-14 19:43:11,27643.85,4186.488,278.7188,3.179688
2022-06-14 19:43:10,27643.75,4186.59,278.7109,3.179688
2022-06-14 19:43:09,27643.82,4186.527,278.7188,3.171875
2022-06-14 19:43:08,27643.6,4186.742,278.7188,3.171875
2022-06-14 19:43:07,27643.57,4186.773,278.7188,3.171875
2022-06-14 19:43:06,27643.85,4186.496,278.7188,3.171875
2022-06-14 19:43:05,27643.6,4186.734,278.7266,3.171875
2022-06-14 19:43:04,27643.51,4186.902,278.6758,3.148438
2022-06-14 19:43:03,27643.51,4186.918,278.6758,3.132812
2022-06-14 19:43:02,27643.82,4186.672,278.6367,3.109375
2022-06-14 19:43:01,27643.75,4186.734,278.6367,3.109375
2022-06-14 19:43:00,27643.85,4186.648,278.6367,3.101562
2022-06-14 19:42:59,27644.31,4186.188,278.6367,3.101562
2022-06-14 19:42:58,27644.31,4186.195,278.6289,3.101562
2022-06-14 19:42:57,27644.29,4186.219,278.6367,3.09375
2022-06-14 19:42:56,27644.32,4186.188,278.6367,3.09375
2022-06-14 19:42:55,27644.1,4186.41,278.6367,3.085938
2022-06-14 19:42:54,27644.25,4186.262,278.6328,3.085938
2022-06-14 19:42:53,27644.25,4186.238,278.6562,3.085938
2022-06-14 19:42:52,27644.06,4186.438,278.6484,3.085938
2022-06-14 19:42:51,27644.04,4186.473,278.6445,3.078125
2022-06-14 19:42:50,27644.03,4186.492,278.6406,3.070312
2022-06-14 19:42:49,27644.04,4186.488,278.6367,3.070312
2022-06-14 19:42:48,27643.88,4186.648,278.6367,3.070312
2022-06-14 19:42:47,27644.32,4186.211,278.6367,3.070312
2022-06-14 19:42:46,27644.06,4186.477,278.6328,3.0625
2022-06-14 19:42:45,27643.79,4186.754,278.6328,3.054688
2022-06-14 19:42:44,27644.1,4186.449,278.6289,3.054688
2022-06-14 19:42:43,27643.79,4186.75,278.6367,3.054688
2022-06-14 19:42:42,27644.07,4186.512,278.5977,3.054688
2022-06-14 19:42:41,27644.07,4186.516,278.5938,3.054688
2022-06-14 19:42:40,27643.79,4186.793,278.5938,3.054688
2022-06-14 19:42:39,27643.86,4186.738,278.5938,3.046875
2022-06-14 19:42:38,27644.07,4186.531,278.5859,3.046875
2022-06-14 19:42:37,27643.82,4186.781,278.582,3.046875
2022-06-14 19:42:36,27644.01,4186.602,278.5781,3.046875
2022-06-14 19:42:35,27644.04,4186.574,278.5742,3.046875
2022-06-14 19:42:34,27644.09,4186.668,278.4414,3.03125
2022-06-14 19:42:33,27644.34,4186.574,278.4375,2.882812
2022-06-14 19:42:32,27644.59,4187.332,277.7344,2.582031
2022-06-14 19:42:31,27644.55,4187.367,277.7383,2.574219
2022-06-14 19:42:30,27644.62,4187.305,277.7383,2.574219
2022-06-14 19:42:29,27644.34,4187.582,277.7383,2.574219
2022-06-14 19:42:28,27644.87,4187.062,277.7344,2.566406
2022-06-14 19:42:27,27644.62,4187.324,277.7344,2.558594
2022-06-14 19:42:26,27644.34,4187.602,277.7344,2.558594
2022-06-14 19:42:25,27644.78,4187.172,277.7266,2.558594
2022-06-14 19:42:24,27644.52,4187.426,277.7266,2.558594
2022-06-14 19:42:23,27644.8,4187.145,277.7383,2.550781
2022-06-14 19:42:22,27644.83,4187.168,277.6914,2.542969
2022-06-14 19:42:21,27644.55,4187.445,277.6914,2.542969
2022-06-14 19:42:20,27645.08,4186.922,277.6914,2.542969
2022-06-14 19:42:19,27644.81,4187.199,277.6836,2.542969
2022-06-14 19:42:18,27644.55,4187.453,277.6914,2.535156
2022-06-14 19:42:17,27644.8,4187.207,277.6914,2.535156
2022-06-14 19:42:16,27644.83,4187.176,277.6914,2.535156
2022-06-14 19:42:15,27644.83,4187.184,277.6914,2.527344
2022-06-14 19:42:14,27644.8,4187.215,277.6914,2.527344
2022-06-14 19:42:13,27644.52,4187.445,277.7383,2.527344
2022-06-14 19:42:12,27644.83,4187.141,277.7344,2.527344
2022-06-14 19:42:11,27644.8,4187.172,277.7344,2.527344
2022-06-14 19:42:10,27644.52,4187.449,277.7344,2.527344
2022-06-14 19:42:09,27644.86,4187.109,277.7344,2.527344
2022-06-14 19:42:08,27644.84,4187.133,277.7344,2.527344
2022-06-14 19:42:07,27644.83,4187.141,277.7344,2.527344
2022-06-14 19:42:06,27644.83,4187.141,277.7344,2.527344
2022-06-14 19:42:05,27644.84,4187.141,277.7266,2.527344
2022-06-14 19:42:04,27644.83,4187.148,277.7344,2.519531
2022-06-14 19:42:03,27644.8,4187.188,277.7344,2.511719
2022-06-14 19:42:02,27644.81,4187.223,277.6914,2.511719
2022-06-14 19:42:01,27644.83,4187.199,277.6914,2.511719
2022-06-14 19:42:00,27644.74,4187.293,277.6914,2.511719
2022-06-14 19:41:59,27644.55,4187.484,277.6914,2.511719
2022-06-14 19:41:58,27644.77,4187.273,277.6875,2.503906
2022-06-14 19:41:57,27644.62,4187.434,277.6875,2.496094
2022-06-14 19:41:56,27645.11,4186.941,277.6875,2.496094
2022-06-14 19:41:55,27644.89,4187.156,277.6875,2.496094
2022-06-14 19:41:54,27644.62,4187.434,277.6875,2.496094
2022-06-14 19:41:53,27645.05,4187.004,277.6875,2.496094
2022-06-14 19:41:52,27644.86,4187.203,277.6797,2.496094
2022-06-14 19:41:51,27645.08,4186.945,277.7305,2.480469
2022-06-14 19:41:50,27645.08,4186.945,277.7305,2.480469
2022-06-14 19:41:49,27644.97,4187.055,277.7305,2.480469
2022-06-14 19:41:48,27645.55,4186.477,277.7305,2.480469
2022-06-14 19:41:47,27645.29,4186.738,277.7305,2.480469
2022-06-14 19:41:46,27645.36,4186.676,277.7305,2.472656
2022-06-14 19:41:45,27645.33,4186.703,277.7266,2.472656
2022-06-14 19:41:44,27645.29,4186.746,277.7227,2.472656
2022-06-14 19:41:43,27645.54,4186.5,277.7227,2.472656
2022-06-14 19:41:42,27645.51,4186.539,277.7227,2.464844
2022-06-14 19:41:41,27645.32,4186.727,277.7188,2.464844
2022-06-14 19:41:40,27644.85,4187.246,277.6758,2.464844
2022-06-14 19:41:39,27645.1,4186.992,277.6758,2.464844
2022-06-14 19:41:38,27645.12,4186.992,277.6602,2.464844
2022-06-14 19:41:37,27644.86,4187.246,277.668,2.457031
2022-06-14 19:41:36,27644.55,4187.555,277.6758,2.449219
2022-06-14 19:41:35,27644.89,4187.215,277.6758,2.449219
2022-06-14 19:41:34,27644.59,4187.523,277.6758,2.449219
2022-06-14 19:41:33,27644.28,4187.832,277.6758,2.449219
2022-06-14 19:41:32,27644.31,4187.801,277.6758,2.449219
2022-06-14 19:41:31,27644.65,4187.469,277.6758,2.441406
2022-06-14 19:41:30,27644.8,4187.32,277.6719,2.441406
2022-06-14 19:41:29,27644.55,4187.523,277.7148,2.441406
2022-06-14 19:41:28,27644.59,4187.492,277.7148,2.441406
2022-06-14 19:41:27,27644.31,4187.777,277.7148,2.433594
2022-06-14 19:41:26,27644.59,4187.508,277.7148,2.425781
2022-06-14 19:41:25,27644.52,4187.57,277.7148,2.425781
2022-06-14 19:41:24,27644.37,4187.723,277.7148,2.425781
2022-06-14 19:41:23,27644.34,4187.762,277.707,2.425781
2022-06-14 19:41:22,27644.4,4187.711,277.7031,2.417969
2022-06-14 19:41:21,27644.59,4187.527,277.7031,2.417969
2022-06-14 19:41:20,27644.29,4187.867,277.6562,2.417969
2022-06-14 19:41:19,27644.27,4187.891,277.6562,2.417969
2022-06-14 19:41:18,27644.87,4187.297,277.6484,2.417969
2022-06-14 19:41:17,27644.59,4187.59,277.6562,2.402344
2022-06-14 19:41:16,27644.59,4187.594,277.6523,2.402344
2022-06-14 19:41:15,27644.77,4187.434,277.6289,2.402344
2022-06-14 19:41:14,27644.77,4187.434,277.6289,2.402344
2022-06-14 19:41:13,27645.08,4187.125,277.6289,2.402344
2022-06-14 19:41:12,27645.04,4187.184,277.6172,2.394531
2022-06-14 19:41:11,27645.04,4187.184,277.6172,2.394531
2022-06-14 19:41:10,27645.26,4186.961,277.6172,2.394531
2022-06-14 19:41:09,27645.11,4187.07,277.6602,2.394531
2022-06-14 19:41:08,27645.36,4186.828,277.6562,2.394531
2022-06-14 19:41:07,27645.05,4187.145,277.6562,2.386719
2022-06-14 19:41:06,27645.05,4187.145,277.6562,2.386719
2022-06-14 19:41:05,27645.05,4187.145,277.6562,2.386719
2022-06-14 19:41:04,27645.08,4187.121,277.6562,2.378906
2022-06-14 19:41:03,27645.07,4187.129,277.6562,2.378906
2022-06-14 19:41:02,27645.26,4186.938,277.6562,2.378906
2022-06-14 19:41:01,27645.02,4187.184,277.6562,2.378906
2022-06-14 19:41:00,27645.36,4186.844,277.6562,2.378906
2022-06-14 19:40:59,27645.29,4186.906,277.6562,2.378906
2022-06-14 19:40:58,27645.08,4187.121,277.6641,2.371094
2022-06-14 19:40:57,27645.05,4187.199,277.6172,2.371094
2022-06-14 19:40:56,27645.08,4187.176,277.6172,2.363281
2022-06-14 19:40:55,27645.08,4187.176,277.6172,2.363281
2022-06-14 19:40:54,27645.32,4186.93,277.6172,2.363281
2022-06-14 19:40:53,27645.29,4186.961,277.6172,2.363281
2022-06-14 19:40:52,27645.33,4186.93,277.6172,2.355469
2022-06-14 19:40:51,27645.08,4187.184,277.6172,2.355469
2022-06-14 19:40:50,27645.29,4186.969,277.6172,2.355469
2022-06-14 19:40:49,27645.01,4187.262,277.6172,2.347656
2022-06-14 19:40:48,27645.09,4187.184,277.6172,2.347656
2022-06-14 19:40:47,27645.14,4187.129,277.6172,2.347656
2022-06-14 19:40:46,27645.87,4186.371,277.6484,2.347656
2022-06-14 19:40:45,27645.61,4186.637,277.6562,2.332031
2022-06-14 19:40:44,27645.1,4187.145,277.6562,2.332031
2022-06-14 19:40:43,27645.05,4187.199,277.6562,2.332031
2022-06-14 19:40:42,27645.35,4186.898,277.6562,2.332031
2022-06-14 19:40:41,27645.82,4186.43,277.6562,2.332031
2022-06-14 19:40:40,27645.59,4186.66,277.6484,2.332031
2022-06-14 19:40:39,27645.6,4186.656,277.6523,2.324219
2022-06-14 19:40:38,27645.79,4186.465,277.6523,2.324219
2022-06-14 19:40:37,27645.78,4186.52,277.6133,2.324219
2022-06-14 19:40:36,27646.06,4186.234,277.6133,2.324219
2022-06-14 19:40:35,27645.85,4186.453,277.6094,2.324219
2022-06-14 19:40:34,27645.59,4186.715,277.6016,2.324219
2022-06-14 19:40:33,27646.07,4186.238,277.6094,2.316406
2022-06-14 19:40:32,27645.82,4186.492,277.6094,2.316406
2022-06-14 19:40:31,27645.89,4186.422,277.6094,2.316406
2022-06-14 19:40:30,27645.6,4186.707,277.6094,2.316406
2022-06-14 19:40:29,27645.6,4186.707,277.6094,2.316406
2022-06-14 19:40:28,27645.82,4186.492,277.6094,2.316406
2022-06-14 19:40:27,27645.85,4186.461,277.6094,2.316406
2022-06-14 19:40:26,27645.82,4186.492,277.6094,2.316406
2022-06-14 19:40:25,27645.85,4186.43,277.6406,2.316406
2022-06-14 19:40:24,27645.56,4186.715,277.6484,2.308594
2022-06-14 19:40:23,27646.06,4186.215,277.6484,2.308594
2022-06-14 19:40:22,27645.82,4186.461,277.6484,2.308594
2022-06-14 19:40:21,27645.47,4186.812,277.6445,2.308594
2022-06-14 19:40:20,27645.59,4186.688,277.6445,2.308594
2022-06-14 19:40:19,27647.29,4187.051,275.625,2.273438
2022-06-14 19:40:18,27647.29,4187.051,275.625,2.273438
2022-06-14 19:40:17,27647.75,4186.59,275.6172,2.273438
2022-06-14 19:40:16,27647.51,4186.836,275.6172,2.273438
2022-06-14 19:40:15,27647.29,4187.09,275.5859,2.265625
2022-06-14 19:40:14,27647.79,4186.59,275.5859,2.265625
2022-06-14 19:40:13,27647.57,4186.812,275.5859,2.265625
2022-06-14 19:40:12,27647.52,4186.867,275.5859,2.265625
2022-06-14 19:40:11,27647.29,4187.09,275.5859,2.265625
2022-06-14 19:40:10,27647.01,4187.375,275.5859,2.265625
2022-06-14 19:40:09,27647.29,4187.09,275.5859,2.265625
2022-06-14 19:40:08,27647.26,4187.121,275.5859,2.265625
2022-06-14 19:40:07,27647.36,4187.027,275.5859,2.265625
2022-06-14 19:40:06,27647.51,4186.883,275.5781,2.265625
2022-06-14 19:40:05,27647.23,4187.164,275.5859,2.253906
2022-06-14 19:40:04,27647.54,4186.855,275.5859,2.253906
2022-06-14 19:40:03,27647.78,4186.578,275.625,2.253906
2022-06-14 19:40:02,27647.79,4186.57,275.625,2.253906
2022-06-14 19:40:01,27647.79,4186.57,275.625,2.253906
2022-06-14 19:40:00,27647.79,4186.586,275.625,2.238281
2022-06-14 19:39:59,27647.5,4186.871,275.625,2.238281
2022-06-14 19:39:58,27647.78,4186.598,275.6211,2.238281
2022-06-14 19:39:57,27647.5,4186.875,275.6211,2.238281
2022-06-14 19:39:56,27647.79,4186.59,275.6211,2.238281
2022-06-14 19:39:55,27647.85,4186.539,275.6172,2.230469
2022-06-14 19:39:54,27647.82,4186.613,275.5742,2.230469
2022-06-14 19:39:53,27648.06,4186.371,275.5703,2.230469
2022-06-14 19:39:52,27648.03,4186.406,275.5664,2.230469
2022-06-14 19:39:51,27648.06,4186.387,275.5547,2.230469
2022-06-14 19:39:50,27648.31,4186.164,275.5391,2.222656
2022-06-14 19:39:49,27648,4186.488,275.5312,2.214844
2022-06-14 19:39:48,27648.28,4186.215,275.5273,2.214844
2022-06-14 19:39:47,27648.21,4186.277,275.5273,2.214844
2022-06-14 19:39:46,27648.25,4186.246,275.5273,2.214844
2022-06-14 19:39:45,27648.21,4186.277,275.5273,2.214844
2022-06-14 19:39:44,27648.27,4186.191,275.5664,2.207031
2022-06-14 19:39:43,27648.28,4186.184,275.5664,2.207031
2022-06-14 19:39:42,27648.28,4186.184,275.5664,2.207031
2022-06-14 19:39:41,27648.09,4186.367,275.5664,2.207031
2022-06-14 19:39:40,27648.28,4186.184,275.5664,2.207031
2022-06-14 19:39:39,27648.28,4186.191,275.5664,2.199219
2022-06-14 19:39:38,27648.03,4186.445,275.5664,2.191406
2022-06-14 19:39:37,27648.28,4186.199,275.5664,2.191406
2022-06-14 19:39:36,27648.25,4186.23,275.5664,2.191406
2022-06-14 19:39:35,27647.97,4186.547,275.5273,2.191406
2022-06-14 19:39:34,27648.31,4186.207,275.5273,2.191406
2022-06-14 19:39:33,27648.28,4186.238,275.5273,2.191406
2022-06-14 19:39:32,27648.31,4186.227,275.5234,2.175781
2022-06-14 19:39:31,27648,4186.543,275.5156,2.175781
2022-06-14 19:39:30,27648.49,4186.051,275.5156,2.175781
2022-06-14 19:39:29,27647.99,4186.551,275.5156,2.175781
2022-06-14 19:39:28,27648.03,4186.512,275.5156,2.175781
2022-06-14 19:39:27,27648.05,4186.551,275.4531,2.175781
2022-06-14 19:39:26,27648.06,4186.543,275.4531,2.175781
2022-06-14 19:39:25,27648,4186.613,275.4453,2.175781
2022-06-14 19:39:24,27648.21,4186.398,275.4531,2.167969
2022-06-14 19:39:23,27648.03,4186.582,275.4531,2.167969
2022-06-14 19:39:22,27648.28,4186.297,275.4922,2.167969
2022-06-14 19:39:21,27648.27,4186.305,275.4922,2.167969
2022-06-14 19:39:20,27648.21,4186.359,275.4922,2.167969
2022-06-14 19:39:19,27647.99,4186.59,275.4922,2.160156
2022-06-14 19:39:18,27648,4186.582,275.4922,2.160156
2022-06-14 19:39:17,27647.99,4186.59,275.4922,2.160156
2022-06-14 19:39:16,27648.27,4186.312,275.4922,2.160156
2022-06-14 19:39:15,27648.25,4186.336,275.4922,2.160156
2022-06-14 19:39:14,27648,4186.582,275.4922,2.160156
2022-06-14 19:39:13,27647.78,4186.805,275.4922,2.160156
2022-06-14 19:39:12,27647.75,4186.867,275.4531,2.160156
2022-06-14 19:39:11,27647.99,4186.629,275.4531,2.160156
2022-06-14 19:39:10,27648,4186.621,275.4531,2.160156
2022-06-14 19:39:09,27647.5,4187.121,275.4531,2.160156
2022-06-14 19:39:08,27647.69,4186.93,275.4531,2.160156
2022-06-14 19:39:07,27648,4186.621,275.4531,2.160156
2022-06-14 19:39:06,27647.79,4186.844,275.4453,2.160156
2022-06-14 19:39:05,27647.79,4186.844,275.4453,2.160156
2022-06-14 19:39:04,27647.75,4186.875,275.4531,2.152344
2022-06-14 19:39:03,27647.75,4186.875,275.4531,2.152344
2022-06-14 19:39:02,27647.79,4186.844,275.4531,2.152344
2022-06-14 19:39:01,27647.54,4187.051,275.4922,2.152344
2022-06-14 19:39:00,27647.69,4186.898,275.4922,2.152344
2022-06-14 19:38:59,27647.45,4187.145,275.4922,2.152344
2022-06-14 19:38:58,27647.72,4186.867,275.4922,2.152344
2022-06-14 19:38:57,27647.75,4186.836,275.4922,2.152344
2022-06-14 19:38:56,27647.75,4186.836,275.4922,2.152344
2022-06-14 19:38:55,27647.75,4186.844,275.4922,2.144531
2022-06-14 19:38:54,27647.72,4186.875,275.4922,2.144531
2022-06-14 19:38:53,27647.94,4186.66,275.4922,2.144531
2022-06-14 19:38:52,27647.69,4186.906,275.4922,2.144531
2022-06-14 19:38:51,27647.51,4187.09,275.4922,2.144531
2022-06-14 19:38:50,27647.75,4186.844,275.4922,2.144531
2022-06-14 19:38:49,27647.72,4186.926,275.4414,2.144531
2022-06-14 19:38:48,27647.79,4186.895,275.4375,2.117188
2022-06-14 19:38:47,27647.75,4186.934,275.4375,2.117188
2022-06-14 19:38:46,27647.72,4186.957,275.4375,2.117188
2022-06-14 19:38:45,27647.78,4186.902,275.4375,2.117188
2022-06-14 19:38:44,27647.97,4186.711,275.4375,2.117188
2022-06-14 19:38:43,27647.79,4186.895,275.4375,2.117188
2022-06-14 19:38:42,27647.79,4186.902,275.4375,2.109375
2022-06-14 19:38:41,27647.79,4186.902,275.4375,2.109375
2022-06-14 19:38:40,27648.03,4186.609,275.4844,2.109375
2022-06-14 19:38:39,27647.72,4186.934,275.4688,2.109375
2022-06-14 19:38:38,27647.69,4186.973,275.4688,2.101562
2022-06-14 19:38:37,27647.72,4186.941,275.4766,2.09375
2022-06-14 19:38:36,27647.69,4186.973,275.4766,2.09375
2022-06-14 19:38:35,27647.94,4186.727,275.4766,2.09375
2022-06-14 19:38:34,27647.75,4186.91,275.4766,2.09375
2022-06-14 19:38:33,27647.29,4187.379,275.4766,2.09375
2022-06-14 19:38:32,27647.23,4187.434,275.4766,2.09375
2022-06-14 19:38:31,27647.26,4187.402,275.4766,2.09375
2022-06-14 19:38:30,27647.23,4187.434,275.4766,2.09375
2022-06-14 19:38:29,27646.97,4187.695,275.4766,2.09375
2022-06-14 19:38:28,27646.55,4188.164,275.4375,2.085938
2022-06-14 19:38:27,27646.63,4188.086,275.4375,2.078125
2022-06-14 19:38:26,27646.6,4188.125,275.4297,2.078125
2022-06-14 19:38:25,27646.86,4187.863,275.4297,2.078125
2022-06-14 19:38:24,27643.62,4191.664,275.1367,1.808594
2022-06-14 19:38:23,27643.64,4191.68,275.1133,1.800781
2022-06-14 19:38:22,27643.41,4191.91,275.1133,1.800781
2022-06-14 19:38:21,27643.66,4191.672,275.1055,1.800781
2022-06-14 19:38:20,27643.69,4191.641,275.1133,1.792969
2022-06-14 19:38:19,27643.36,4191.977,275.1016,1.792969
2022-06-14 19:38:18,27643.33,4192.008,275.1094,1.785156
2022-06-14 19:38:17,27642.54,4192.75,275.1562,1.785156
2022-06-14 19:38:16,27676.46,4164.418,269.5703,1.785156
2022-06-14 19:38:15,27727.28,4118.324,265.1094,1.5195312
2022-06-14 19:38:14,27868.62,3989.992,252.0977,1.5195312
2022-06-14 19:38:13,27823.04,3933.156,355.1328,0.90625
2022-06-14 19:38:12,27499.65,3923.223,676.5977,12.765625
