time,guest_nice,guest,steal,softirq,irq,user,system,nice,iowait
2022-07-15 18:39:13,0,0,0.2487562,0.2487562,0,0.9950249,5.970149,0.4975124,0.7462687
2022-07-15 18:39:12,0,0,0,0.9756098,0,34.63415,1.95122,0.4878049,0
2022-07-15 18:39:11,0,0,0,1.5,0,60,2.5,0.25,0
2022-07-15 18:39:10,0,0,0,0.5025126,0,88.69347,2.763819,0.2512563,0
2022-07-15 18:39:09,0,0,0.5050505,0.2525253,0,92.92929,2.525253,0.2525253,0
2022-07-15 18:39:08,0,0,1.0025063,0.7518797,0,90.97744,5.263158,0.5012531,0.5012531
2022-07-15 18:39:07,0,0,6.188119,0.4950495,0,83.66337,7.178218,0.2475248,1.4851485
2022-07-15 18:39:06,0,0,6.419753,0.7407407,0,77.53086,7.160494,0.4938272,7.407407
2022-07-15 18:39:05,0,0,2.970297,1.980198,0,57.67327,5.19802,0.2475248,31.18812
2022-07-15 18:39:04,0,0,6.188119,3.217822,0,61.88119,7.425743,0.2475248,20.0495
2022-07-15 18:39:03,0,0,5.378973,2.444988,0,46.94377,6.601467,0.7334963,35.45232
2022-07-15 18:39:02,0,0,9.535452,1.2224939,0,69.92665,7.090465,0.2444988,10.268949
2022-07-15 18:39:01,0,0,6.862745,0.9803922,0,60.53922,5.637255,0.245098,24.01961
2022-07-15 18:39:00,0,0,5.91133,3.20197,0,57.88177,10.591133,0.4926108,19.70443
2022-07-15 18:38:59,0,0,3.526448,0.2518892,0,87.65743,4.785894,0,3.526448
2022-07-15 18:38:58,0,0,6.930693,1.2376238,0,85.39604,4.455446,0.2475248,1.4851485
2022-07-15 18:38:57,0,0,9.950249,0.9950249,0,75.12438,7.21393,0.2487562,5.223881
2022-07-15 18:38:56,0,0,6.372549,1.2254902,0,73.03922,6.617647,0.245098,11.519608
2022-07-15 18:38:55,0,0,1.980198,1.732673,0,55.19802,6.435644,0.4950495,29.70297
2022-07-15 18:38:54,0,0,4.962779,3.225806,0,59.80149,7.19603,0,23.07692
2022-07-15 18:38:53,0,0,7.560976,1.2195122,0,72.43902,5.365854,0.2439024,12.439024
2022-07-15 18:38:52,0,0,6.666667,1.975309,0,56.2963,6.91358,0.2469136,25.92593
2022-07-15 18:38:51,0,0,6.157635,0.9852217,0,63.30049,6.896552,0,20.93596
2022-07-15 18:38:50,0,0,5.569007,1.4527845,0,60.77482,8.958838,0.7263923,21.06538
2022-07-15 18:38:49,0,0,4.70297,2.722772,0,67.07921,7.425743,0.2475248,16.336634
2022-07-15 18:38:48,0,0,3.759398,0.5012531,0,89.72431,5.263158,0.5012531,0
2022-07-15 18:38:47,0,0,9.82801,0.4914005,0,77.64128,6.142506,0.2457002,5.159705
2022-07-15 18:38:46,0,0,9.42928,0.248139,0,76.92308,7.444169,0.248139,4.71464
2022-07-15 18:38:45,0,0,4.962779,1.2406948,0,64.76427,8.188586,0,20.34739
2022-07-15 18:38:44,0,0,8.706468,2.238806,0,77.8607,6.965174,0.2487562,3.731343
2022-07-15 18:38:43,0,0,6.097561,3.170732,0,65.60976,5.853659,0.4878049,17.31707
2022-07-15 18:38:42,0,0,8.395062,1.4814815,0,71.35802,9.62963,0.2469136,7.654321
2022-07-15 18:38:41,0,0,7.281553,0.4854369,0,65.7767,5.825243,0.2427184,17.23301
2022-07-15 18:38:40,0,0,8.515815,0.729927,0,69.34307,5.839416,0.243309,13.138686
2022-07-15 18:38:39,0,0,5.159705,2.702703,0,58.96806,8.353808,0.2457002,22.60442
2022-07-15 18:38:38,0,0,6.419753,1.975309,0,79.01235,6.419753,0.2469136,4.691358
2022-07-15 18:38:37,0,0,3.768844,0.5025126,0,90.45226,3.768844,0.2512563,0.7537688
2022-07-15 18:38:36,0,0,5,2,0,82,6.5,0,1
2022-07-15 18:38:35,0,0,7.125307,0.7371007,0,72.97297,7.862408,0.2457002,10.07371
2022-07-15 18:38:34,0,0,2.238806,0.9950249,0,62.18905,3.9801,0.2487562,29.85075
2022-07-15 18:38:33,0,0,5.172414,1.724138,0,64.77833,6.403941,0.2463054,20.68966
2022-07-15 18:38:32,0,0,6.862745,1.960784,0,66.66667,7.598039,0.245098,14.95098
2022-07-15 18:38:31,0,0,8.088235,1.960784,0,64.70588,9.803922,0.4901961,13.480392
2022-07-15 18:38:30,0,0,8.395062,0.9876543,0,64.19753,5.679012,0.2469136,18.02469
2022-07-15 18:38:29,0,0,7.073171,1.2195122,0,63.65854,6.097561,0.2439024,17.07317
2022-07-15 18:38:28,0,0,2.955665,3.448276,0,55.41872,7.142857,0.2463054,29.80296
2022-07-15 18:38:27,0,0,5.721393,1.741294,0,77.8607,8.457711,0.2487562,4.228856
2022-07-15 18:38:26,0,0,7.960199,0.2487562,0,84.32836,5.721393,0.4975124,0.7462687
2022-07-15 18:38:25,0,0,7.788945,0.5025126,0,76.63317,8.291457,0,0.5025126
2022-07-15 18:38:24,0,0,5.459057,1.4888337,0,65.75682,6.203474,0.4962779,18.11414
2022-07-15 18:38:23,0,0,4.218362,0.9925558,0,62.53102,8.933002,0.4962779,21.33995
2022-07-15 18:38:22,0,0,1.4742015,1.965602,0,55.52826,4.914005,0.4914005,35.13514
2022-07-15 18:38:21,0,0,6.666667,3.703704,0,60,8.888889,0.2469136,18.02469
2022-07-15 18:38:20,0,0,8.232446,0.4842615,0,69.00726,6.053269,0.7263923,14.527845
2022-07-15 18:38:19,0,0,7.407407,1.975309,0,65.18519,5.679012,0,18.76543
2022-07-15 18:38:18,0,0,3.431373,1.2254902,0,60.78431,5.392157,0.4901961,27.45098
2022-07-15 18:38:17,0,0,5.432099,3.209877,0,62.46914,7.901235,0.2469136,18.02469
2022-07-15 18:38:16,0,0,5,0.5,0,87.25,5.75,0.25,1
2022-07-15 18:38:15,0,0,11.720698,1.4962594,0,79.8005,6.234414,0.2493766,0
2022-07-15 18:38:14,0,0,6.78392,0.7537688,0,78.39196,7.788945,0,2.512563
2022-07-15 18:38:13,0,0,2.716049,1.4814815,0,56.04938,5.925926,0.4938272,30.8642
2022-07-15 18:38:12,0,0,4.239401,0.9975062,0,63.8404,4.488778,0.2493766,25.68579
2022-07-15 18:38:11,0,0,5.91133,2.463054,0,59.60591,7.635468,0.2463054,22.9064
2022-07-15 18:38:10,0,0,8.353808,2.211302,0,74.20147,6.633907,0.4914005,7.371007
2022-07-15 18:38:09,0,0,6.53753,0.7263923,0,67.31235,5.811138,0.4842615,17.43341
2022-07-15 18:38:08,0,0,6.896552,0.4926108,0,69.45813,6.157635,0,15.517241
2022-07-15 18:38:07,0,0,3.731343,0.9950249,0,60.199,4.975124,0.4975124,24.62687
2022-07-15 18:38:06,0,0,6.388206,3.931204,0,69.04177,7.862408,0,9.82801
2022-07-15 18:38:05,0,0,14.786967,1.754386,0,75.18797,7.769424,0.2506266,0.2506266
2022-07-15 18:38:04,0,0,8.436725,1.2406948,0,80.14888,6.203474,0.248139,0.4962779
2022-07-15 18:38:03,0,0,8.910891,0.7425743,0,74.75248,6.188119,0.4950495,7.425743
2022-07-15 18:38:02,0,0,1.699029,3.15534,0,51.45631,6.796117,0,36.40777
2022-07-15 18:38:01,0,0,2.475248,1.732673,0,58.91089,5.693069,0.2475248,30.44554
2022-07-15 18:38:00,0,0,1.970443,1.724138,0,60.09852,6.157635,0.4926108,29.06404
2022-07-15 18:37:59,0,0,3.902439,3.658537,0,34.14634,6.341463,0.2439024,46.82927
2022-07-15 18:37:58,0,0,7.25,1.75,0,54.5,8.25,0.25,24.5
2022-07-15 18:37:57,0,0,7.073171,1.2195122,0,63.41463,5.365854,0.2439024,21.21951
2022-07-15 18:37:56,0,0,8.72818,2.992519,0,69.32668,6.982544,0.2493766,8.977556
2022-07-15 18:37:55,0,0,8.564232,0.5037783,0,82.61965,5.541562,0,1.763224
2022-07-15 18:37:54,0,0,8.72818,0.9975062,0,83.79052,4.987531,0.4987531,0.2493766
2022-07-15 18:37:53,0,0,6.965174,0.7462687,0,80.84577,5.223881,0.2487562,1.2437811
2022-07-15 18:37:52,0,0,4.511278,1.754386,0,86.96742,5.012531,0.2506266,1.0025063
2022-07-15 18:37:51,0,0,3.990025,0.4987531,0,89.77556,4.987531,0.2493766,0.2493766
2022-07-15 18:37:50,0,0,6.403941,1.2315271,0,70.19704,7.142857,0.2463054,14.039409
2022-07-15 18:37:49,0,0,3.225806,1.4888337,0,60.54591,8.188586,0,25.06203
2022-07-15 18:37:48,0,0,1.937046,2.905569,0,23.97094,4.842615,0.4842615,61.01695
2022-07-15 18:37:47,0,0,6.965174,3.233831,0,41.04478,7.711443,0.4975124,32.58706
2022-07-15 18:37:46,0,0,6.097561,1.95122,0,53.90244,5.853659,0.2439024,28.29268
2022-07-15 18:37:45,0,0,4.950495,2.722772,0,60.39604,6.188119,0.7425743,22.52475
2022-07-15 18:37:44,0,0,5.955335,0.248139,0,84.61538,4.466501,0,3.473945
2022-07-15 18:37:43,0,0,5.472637,0.7462687,0,88.30846,3.731343,0.2487562,0.7462687
2022-07-15 18:37:42,0,0,3.768844,0.2512563,0,84.67337,5.276382,0,1.2562814
2022-07-15 18:37:41,0,0,5.025126,0.7537688,0,83.41709,6.532663,0.2512563,2.261307
2022-07-15 18:37:40,0,0,6.015038,0.7518797,0,87.46867,5.513784,0.2506266,0
2022-07-15 18:37:39,0,0,7.711443,0.7462687,0,83.83085,6.218905,0,1.2437811
2022-07-15 18:37:38,0,0,4.116223,1.694915,0,55.44794,8.716707,0.2421308,28.57143
2022-07-15 18:37:37,0,0,4.400978,1.95599,0,54.03423,7.090465,0.4889976,30.31785
2022-07-15 18:37:36,0,0,2.163462,2.163462,0,23.55769,4.807692,0.4807692,57.69231
2022-07-15 18:37:35,0,0,3.855422,3.614458,0,25.3012,10.120482,0.2409639,43.61446
2022-07-15 18:37:34,0,0,6.818182,3.535354,0,69.19192,8.080808,0.2525253,8.080808
2022-07-15 18:37:33,0,0,6.015038,0.5012531,0,82.70677,4.761905,0.2506266,3.258145
2022-07-15 18:37:32,0,0,5.75,0.25,0,86,3.25,0.25,2.25
2022-07-15 18:37:31,0,0,4.25,0.25,0,88.75,3,0,2.25
2022-07-15 18:37:30,0,0,8.816121,0.7556675,0,81.61209,5.541562,0.2518892,2.267003
2022-07-15 18:37:29,0,0,9.319899,0.5037783,0,79.0932,8.816121,0.2518892,1.511335
2022-07-15 18:37:28,0,0,6.467662,0.4975124,0,86.06965,6.218905,0.4975124,0.2487562
2022-07-15 18:37:27,0,0,7.25,1,0,83.5,5.75,0,1.5
2022-07-15 18:37:26,0,0,4.477612,1.2437811,0,84.32836,6.965174,0.4975124,1.4925373
2022-07-15 18:37:25,0,0,4.400978,2.933985,0,56.23472,5.378973,0,29.33985
2022-07-15 18:37:24,0,0,3.051643,5.399061,0,22.06573,4.460094,0.4694836,58.4507
2022-07-15 18:37:23,0,0,5.048077,3.846154,0,37.25962,7.692308,0.2403846,39.18269
2022-07-15 18:37:22,0,0,7.263923,3.389831,0,33.41404,7.748184,0.4842615,42.85714
2022-07-15 18:37:21,0,0,6.532663,5.778894,0,54.0201,12.562814,0.2512563,15.577889
2022-07-15 18:37:20,0,0,7.881773,3.940887,0,60.59113,11.330049,0.4926108,12.315271
2022-07-15 18:37:19,0,0,6.157635,2.70936,0,49.75369,11.82266,0.4926108,14.778325
2022-07-15 18:37:18,0,0,2.55102,0.7653061,0,57.14286,3.826531,0.255102,6.122449
2022-07-15 18:37:17,0,0,0.25,0,0,4.25,1,0,2.25
2022-07-15 18:37:16,0,0,0,0,0,0.25,0.25,0.25,0
2022-07-15 18:37:15,0,0,0,0,0,0,0.2506266,0.5012531,0
2022-07-15 18:37:14,0,0,0,0,0,0.4962779,0.4962779,0.7444169,0
2022-07-15 18:37:13,0,0,0.2506266,0,0,0,0.2506266,0,0
2022-07-15 18:37:12,0,0,0,0,0,0.2487562,0.2487562,0.4975124,0
2022-07-15 18:37:11,0,0,0,0.2493766,0,0.2493766,0.4987531,0,0
2022-07-15 18:37:10,0,0,0,0,0,0,0.25,0.5,0
2022-07-15 18:37:09,0,0,0,0.4962779,0,37.22084,0.7444169,0.4962779,0.248139
2022-07-15 18:37:08,0,0,0,1.4814815,0,49.38272,1.2345679,0.2469136,0
2022-07-15 18:37:07,0,0,0.7425743,0.7425743,0,49.75248,0.7425743,0.2475248,0
2022-07-15 18:37:06,0,0,0,1.4742015,0,49.38575,0.982801,0.4914005,0
2022-07-15 18:37:05,0,0,0.2475248,0.7425743,0,50,0.990099,0,0
2022-07-15 18:37:04,0,0,0,1.736973,0,66.74938,0.7444169,0.4962779,0
2022-07-15 18:37:03,0,0,0.2487562,0.4975124,0,73.8806,0.9950249,0.4975124,0
2022-07-15 18:37:02,0,0,0.2506266,0.5012531,0,74.93734,0.5012531,0.2506266,0
2022-07-15 18:37:01,0,0,0.5,0.75,0,84.5,0.5,0.25,0
2022-07-15 18:37:00,0,0,0.75,0.25,0,98.5,0.25,0,0
2022-07-15 18:36:59,0,0,0.75,0.25,0,97.75,0.5,0.25,0
2022-07-15 18:36:58,0,0,0.7462687,0.4975124,0,97.01493,1.2437811,0,0
2022-07-15 18:36:57,0,0,0.7556675,0.5037783,0,97.733,0.7556675,0,0
2022-07-15 18:36:56,0,0,0.4987531,0,0,98.50374,0.4987531,0.2493766,0
2022-07-15 18:36:55,0,0,0.75,0.5,0,97.5,1,0,0
2022-07-15 18:36:54,0,0,0.7518797,0.2506266,0,97.74436,0.7518797,0.2506266,0
2022-07-15 18:36:53,0,0,0.75,0.25,0,97.5,0.75,0,0
2022-07-15 18:36:52,0,0,0.5,0.5,0,97.5,1,0.25,0
2022-07-15 18:36:51,0,0,0.7462687,0.4975124,0,97.51244,0.7462687,0.2487562,0
2022-07-15 18:36:50,0,0,0.5025126,0.2512563,0,96.73367,1.0050251,0,0
2022-07-15 18:36:49,0,0,0.7462687,0.7462687,0,97.26368,0.7462687,0,0
2022-07-15 18:36:48,0,0,0.5,0.5,0,97.75,0.5,0.25,0
2022-07-15 18:36:47,0,0,0.7481297,0.2493766,0,97.75561,0.7481297,0.2493766,0
2022-07-15 18:36:46,0,0,0.5012531,0.2506266,0,98.24561,0.7518797,0,0
2022-07-15 18:36:45,0,0,0.7518797,0.5012531,0,97.99499,0.5012531,0,0
2022-07-15 18:36:44,0,0,0.5012531,0.5012531,0,97.49373,1.0025063,0.2506266,0
2022-07-15 18:36:43,0,0,0.7518797,0.5012531,0,97.24311,0.7518797,0.2506266,0
2022-07-15 18:36:42,0,0,2.005013,0.2506266,0,91.97995,4.761905,0,0
2022-07-15 18:36:41,0,0,1.0025063,0.2506266,0,95.73935,1.2531328,0.5012531,0
2022-07-15 18:36:40,0,0,2.015113,0.7556675,0,95.71788,1.0075567,0,0
2022-07-15 18:36:39,0,0,3.787879,1.010101,0,90.65657,2.020202,0.2525253,1.5151515
2022-07-15 18:36:38,0,0,3.75,0.5,0,94,1,0.25,0.25
2022-07-15 18:36:37,0,0,6.030151,0.2512563,0,90.95477,1.758794,0,0.7537688
2022-07-15 18:36:36,0,0,9.823678,1.2594458,0,85.89421,2.518892,0.2518892,0
2022-07-15 18:36:35,0,0,15.920398,0.4975124,0,79.35323,3.233831,0.2487562,0.4975124
2022-07-15 18:36:34,0,0,3.731343,0.7462687,0,89.30348,1.741294,0.2487562,4.228856
2022-07-15 18:36:33,0,0,8.706468,0.9950249,0,84.57711,2.985075,0.2487562,2.238806
2022-07-15 18:36:32,0,0,5.764411,0.2506266,0,91.22807,1.2531328,0.2506266,1.0025063
2022-07-15 18:36:31,0,0,7.98005,0.4987531,0,88.2793,2.493766,0,0.4987531
2022-07-15 18:36:30,0,0,14.861461,0.2518892,0,80.35264,3.778338,0.2518892,0.5037783
2022-07-15 18:36:29,0,0,6.25,0.75,0,88.75,2.25,0,1.75
2022-07-15 18:36:28,0,0,3.9801,0.2487562,0,90.29851,1.4925373,0.2487562,3.233831
2022-07-15 18:36:27,0,0,5.012531,0.2506266,0,91.4787,2.255639,0.2506266,0.5012531
2022-07-15 18:36:26,0,0,14.925373,0.4975124,0,80.34826,3.482587,0,0.4975124
2022-07-15 18:36:25,0,0,11.5,1.5,0,82,3.75,0.25,1
2022-07-15 18:36:24,0,0,11.414392,0.4962779,0,80.14888,5.210918,0,2.48139
2022-07-15 18:36:23,0,0,7.323232,0.5050505,0,81.56566,2.777778,0,7.323232
2022-07-15 18:36:22,0,0,10.421836,0.4962779,0,82.134,3.473945,0.248139,3.225806
2022-07-15 18:36:21,0,0,13.715711,0.9975062,0,78.80299,3.990025,0.2493766,1.995012
2022-07-15 18:36:20,0,0,11.662531,0.7444169,0,81.38958,3.473945,0.248139,2.233251
2022-07-15 18:36:19,0,0,11.442786,0.7462687,0,81.09453,3.482587,0.2487562,2.736318
2022-07-15 18:36:18,0,0,9.226933,1.2468828,0,77.55611,3.241895,0.2493766,8.478803
2022-07-15 18:36:17,0,0,12.530713,1.4742015,0,70.51597,3.685504,0.2457002,10.07371
2022-07-15 18:36:16,0,0,8.888889,1.2345679,0,78.02469,2.962963,0.2469136,7.407407
2022-07-15 18:36:15,0,0,13.715711,0.7481297,0,77.80549,3.740648,0.2493766,3.740648
2022-07-15 18:36:14,0,0,11.414392,0.9925558,0,78.66005,3.225806,0,5.459057
2022-07-15 18:36:13,0,0,10.723192,0.4987531,0,81.54613,3.990025,0.2493766,2.992519
2022-07-15 18:36:12,0,0,11.358025,0.4938272,0,80,2.716049,0.2469136,5.185185
2022-07-15 18:36:11,0,0,20.09926,0.9925558,0,73.20099,4.218362,0.248139,1.2406948
2022-07-15 18:36:10,0,0,10.37037,1.4814815,0,74.07407,3.703704,0.4938272,9.62963
2022-07-15 18:36:09,0,0,7.142857,1.2315271,0,77.58621,1.970443,0,11.576355
2022-07-15 18:36:08,0,0,10.37037,0.7407407,0,72.34568,4.197531,0.2469136,11.358025
2022-07-15 18:36:07,0,0,11.779449,0.7518797,0,76.94236,3.508772,0.2506266,6.516291
2022-07-15 18:36:06,0,0,7.21393,0.9950249,0,80.34826,2.736318,0.2487562,7.462687
2022-07-15 18:36:05,0,0,17.82178,0.7425743,0,75.24752,3.712871,0.2475248,1.732673
2022-07-15 18:36:04,0,0,7.19603,1.4888337,0,70.22333,3.225806,0,16.87345
2022-07-15 18:36:03,0,0,9.42928,0.7444169,0,79.90074,2.48139,0.248139,6.451613
2022-07-15 18:36:02,0,0,10.39604,0.990099,0,77.47525,2.970297,0.2475248,6.930693
2022-07-15 18:36:01,0,0,13.366337,0.7425743,0,72.77228,4.455446,0.2475248,8.415842
2022-07-15 18:36:00,0,0,7.960199,0.7462687,0,84.57711,2.736318,0.2487562,3.731343
2022-07-15 18:35:59,0,0,16.502463,0.9852217,0,71.18227,4.926108,0.2463054,5.418719
2022-07-15 18:35:58,0,0,9.090909,1.010101,0,79.54545,3.030303,0.2525253,7.070707
2022-07-15 18:35:57,0,0,9.336609,0.982801,0,78.62408,3.931204,0.2457002,6.633907
2022-07-15 18:35:56,0,0,12.592593,1.728395,0,73.08642,3.950617,0.2469136,7.901235
2022-07-15 18:35:55,0,0,8.395062,0.9876543,0,78.02469,3.209877,0.4938272,8.395062
2022-07-15 18:35:54,0,0,11.633663,0.4950495,0,78.46535,3.217822,0.4950495,5.445545
2022-07-15 18:35:53,0,0,11.720698,1.2468828,0,73.56608,4.987531,0.2493766,7.730673
2022-07-15 18:35:52,0,0,11.027569,1.0025063,0,76.4411,3.508772,0,8.02005
2022-07-15 18:35:51,0,0,8.955224,0.7462687,0,78.35821,3.233831,0.2487562,8.457711
2022-07-15 18:35:50,0,0,16.541353,1.0025063,0,73.68421,5.012531,0.2506266,3.508772
2022-07-15 18:35:49,0,0,12.158809,1.2406948,0,75.1861,3.722084,0.248139,7.444169
2022-07-15 18:35:48,0,0,8.457711,0.9950249,0,80.84577,2.736318,0.2487562,6.716418
2022-07-15 18:35:47,0,0,13.613861,0.2475248,0,78.9604,3.712871,0,3.217822
2022-07-15 18:35:46,0,0,14.676617,0.7462687,0,75.87065,4.477612,0.2487562,3.9801
2022-07-15 18:35:45,0,0,9.677419,1.4888337,0,73.69727,3.970223,0,10.421836
2022-07-15 18:35:44,0,0,9.925558,1.2406948,0,75.1861,3.722084,0.4962779,8.933002
2022-07-15 18:35:43,0,0,12.531328,0.7518797,0,82.70677,3.508772,0.2506266,0.2506266
2022-07-15 18:35:42,0,0,12.592593,0.4938272,0,74.32099,3.950617,0.2469136,7.901235
2022-07-15 18:35:41,0,0,13.08642,0.9876543,0,77.03704,3.209877,0.2469136,5.432099
2022-07-15 18:35:40,0,0,11.82266,0.2463054,0,75.61576,4.926108,0.2463054,6.896552
2022-07-15 18:35:39,0,0,10.123457,0.2469136,0,80.49383,3.703704,0.7407407,4.197531
2022-07-15 18:35:38,0,0,11.970075,0.9975062,0,80.29925,3.241895,0.4987531,2.992519
2022-07-15 18:35:37,0,0,11.19403,0.2487562,0,81.34328,3.482587,0,3.482587
2022-07-15 18:35:36,0,0,11.528822,1.0025063,0,79.69925,4.010025,0.2506266,3.508772
2022-07-15 18:35:35,0,0,14.5,1,0,79.25,4,0,1
2022-07-15 18:35:34,0,0,10.224439,1.2468828,0,71.07232,3.491272,0.4987531,13.466334
2022-07-15 18:35:33,0,0,15.288221,0.7518797,0,78.94737,4.260652,0,0.7518797
2022-07-15 18:35:32,0,0,7.711443,0.4975124,0,89.55224,1.741294,0,0.4975124
2022-07-15 18:35:31,0,0,8.101266,0.2531646,0,88.10127,2.025316,0.2531646,1.2658228
2022-07-15 18:35:30,0,0,22.27723,1.2376238,0,70.0495,4.950495,0.2475248,0.990099
2022-07-15 18:35:29,0,0,15.037594,0.5012531,0,79.19799,4.511278,0.2506266,0.5012531
2022-07-15 18:35:28,0,0,21.33995,0.9925558,0,72.95285,4.218362,0,0.4962779
2022-07-15 18:35:27,0,0,14.179104,0.4975124,0,79.85075,3.9801,0,1.2437811
2022-07-15 18:35:26,0,0,15.384615,0.7444169,0,78.41191,3.473945,0.248139,1.2406948
2022-07-15 18:35:25,0,0,12.009804,0.9803922,0,73.28431,5.147059,0.245098,8.333333
2022-07-15 18:35:24,0,0,9.52381,0.5012531,0,79.19799,2.756892,0.2506266,7.26817
2022-07-15 18:35:23,0,0,12.406948,0.9925558,0,79.65261,3.225806,0,3.473945
2022-07-15 18:35:22,0,0,13.118812,0.7425743,0,78.21782,3.465347,0.2475248,3.960396
2022-07-15 18:35:21,0,0,11.138614,0.990099,0,75,3.960396,0.2475248,8.663366
2022-07-15 18:35:20,0,0,13.333333,0.7407407,0,77.77778,3.950617,0.2469136,3.703704
2022-07-15 18:35:19,0,0,12.189055,0.4975124,0,80.0995,3.233831,0,3.731343
2022-07-15 18:35:18,0,0,16.5,0.75,0,77.75,4.5,0.25,0.25
2022-07-15 18:35:17,0,0,13.08642,0.7407407,0,76.04938,2.962963,0,6.91358
2022-07-15 18:35:16,0,0,10.123457,0.7407407,0,76.54321,3.950617,0.2469136,7.901235
2022-07-15 18:35:15,0,0,14.390244,0.4878049,0,70.73171,3.902439,0.4878049,9.756098
2022-07-15 18:35:14,0,0,6.78392,0.7537688,0,87.68844,2.261307,0.2512563,1.758794
2022-07-15 18:35:13,0,0,20.24691,0.7407407,0,72.59259,5.432099,0.2469136,0.2469136
2022-07-15 18:35:12,0,0,12.219451,0.4987531,0,77.30673,3.740648,0,5.985037
2022-07-15 18:35:11,0,0,7.920792,0.990099,0,77.47525,2.475248,0.2475248,10.643564
2022-07-15 18:35:10,0,0,10.447761,0.9950249,0,81.8408,2.736318,0,3.731343
2022-07-15 18:35:09,0,0,10.617284,0.4938272,0,80.74074,3.45679,0.4938272,3.703704
2022-07-15 18:35:08,0,0,16.129032,0.4962779,0,77.41935,4.466501,0.248139,0.9925558
2022-07-15 18:35:07,0,0,15.11335,0.2518892,0,76.57431,4.282116,0,3.778338
2022-07-15 18:35:06,0,0,12.592593,0.7407407,0,75.55556,3.703704,0.4938272,6.419753
2022-07-15 18:35:05,0,0,16.91542,0.2487562,0,76.61692,3.482587,0,2.487562
2022-07-15 18:35:04,0,0,12.098765,1.2345679,0,79.75309,2.962963,0.2469136,3.703704
2022-07-15 18:35:03,0,0,12.594458,0.5037783,0,82.11587,3.02267,0.2518892,1.511335
2022-07-15 18:35:02,0,0,12.437811,0.7462687,0,81.34328,2.736318,0.2487562,2.487562
2022-07-15 18:35:01,0,0,14.60396,0.4950495,0,80.19802,3.465347,0.2475248,0.990099
2022-07-15 18:35:00,0,0,19.65174,0.9950249,0,70.64677,4.975124,0.2487562,3.482587
2022-07-15 18:34:59,0,0,14.567901,0.4938272,0,77.53086,3.703704,0.2469136,2.962963
2022-07-15 18:34:58,0,0,8.641975,1.2345679,0,73.58025,3.209877,0,12.592593
2022-07-15 18:34:57,0,0,11.586902,0.5037783,0,83.12343,3.274559,0,1.2594458
2022-07-15 18:34:56,0,0,12.967581,1.745636,0,77.55611,3.491272,0.2493766,3.990025
2022-07-15 18:34:55,0,0,10.25,0.75,0,83,3.25,0.5,1.5
2022-07-15 18:34:54,0,0,12.345679,1.2345679,0,73.58025,3.703704,0.2469136,8.395062
2022-07-15 18:34:53,0,0,10.75,1.25,0,77.75,3.25,0.25,6.5
2022-07-15 18:34:52,0,0,16,1.25,0,76.5,3.5,0,2.25
2022-07-15 18:34:51,0,0,13.151365,0.9925558,0,75.68238,3.970223,0.248139,5.955335
2022-07-15 18:34:50,0,0,9.653465,0.4950495,0,82.92079,2.722772,0.4950495,3.217822
2022-07-15 18:34:49,0,0,14.179104,0.9950249,0,76.61692,4.477612,0,3.731343
2022-07-15 18:34:48,0,0,10.696517,0.7462687,0,77.11443,3.9801,0.4975124,6.716418
2022-07-15 18:34:47,0,0,11.002445,0.9779951,0,76.52812,2.689487,0.2444988,7.823961
2022-07-15 18:34:46,0,0,11.881188,1.2376238,0,73.51485,3.960396,0.2475248,8.910891
2022-07-15 18:34:45,0,0,9.677419,0.7444169,0,83.87097,3.225806,0,2.48139
2022-07-15 18:34:44,0,0,14.108911,0.990099,0,75.74257,3.712871,0.2475248,4.70297
2022-07-15 18:34:43,0,0,9.876543,0.9876543,0,77.53086,2.716049,0,8.641975
2022-07-15 18:34:42,0,0,12.903226,0.7444169,0,79.40447,3.722084,0.248139,2.977667
2022-07-15 18:34:41,0,0,8.578431,1.715686,0,72.54902,3.186275,0.4901961,12.990196
2022-07-15 18:34:40,0,0,11.330049,1.2315271,0,77.83251,3.940887,0,5.418719
2022-07-15 18:34:39,0,0,15.632754,1.2406948,0,75.68238,4.218362,0.248139,2.977667
2022-07-15 18:34:38,0,0,11,1,0,80.5,3,0,4.5
2022-07-15 18:34:37,0,0,13.08642,0.7407407,0,79.01235,3.45679,0.2469136,3.45679
2022-07-15 18:34:36,0,0,13.399504,1.4888337,0,75.43424,4.218362,0.248139,4.962779
2022-07-15 18:34:35,0,0,10.098522,1.2315271,0,80.78818,3.20197,0,3.448276
2022-07-15 18:34:34,0,0,10.025063,1.0025063,0,78.19549,3.007519,0.2506266,7.518797
2022-07-15 18:34:33,0,0,13,0.75,0,80.75,3.25,0,2.25
2022-07-15 18:34:32,0,0,14.742015,0.4914005,0,79.85258,3.439803,0.2457002,0.982801
2022-07-15 18:34:31,0,0,15.5,0.75,0,77.75,3.5,0.25,2.25
2022-07-15 18:34:30,0,0,13.759214,0.7371007,0,76.90418,3.931204,0.7371007,3.685504
2022-07-15 18:34:29,0,0,10.487805,1.2195122,0,75.85366,3.902439,0.2439024,7.560976
2022-07-15 18:34:28,0,0,14.572864,0.7537688,0,78.1407,3.266332,0,3.266332
2022-07-15 18:34:27,0,0,9.852217,0.7389163,0,76.60099,3.20197,0.2463054,8.866995
2022-07-15 18:34:26,0,0,11.881188,0.4950495,0,79.9505,3.712871,0,3.712871
2022-07-15 18:34:25,0,0,12.030075,0.7518797,0,73.93484,4.010025,0.5012531,8.02005
2022-07-15 18:34:24,0,0,11.386139,1.2376238,0,80.69307,2.970297,0,2.970297
2022-07-15 18:34:23,0,0,11,0.75,0,77.5,3.75,0,6.75
2022-07-15 18:34:22,0,0,11.91067,0.9925558,0,68.48635,3.722084,0.248139,13.895782
2022-07-15 18:34:21,0,0,10.224439,0.2493766,0,83.54115,3.241895,0.2493766,2.493766
2022-07-15 18:34:20,0,0,15.763547,0.9852217,0,74.63054,3.448276,0.4926108,3.940887
2022-07-15 18:34:19,0,0,7.352941,1.4705882,0,74.26471,2.696078,0,13.970588
2022-07-15 18:34:18,0,0,8.684864,1.4888337,0,75.68238,3.225806,0.4962779,9.181141
2022-07-15 18:34:17,0,0,11.306533,0.7537688,0,76.38191,4.522613,0.5025126,6.030151
2022-07-15 18:34:16,0,0,13.054187,0.7389163,0,75.36946,3.940887,0,6.650246
2022-07-15 18:34:15,0,0,8.684864,0.248139,0,82.87841,3.225806,0.248139,4.71464
2022-07-15 18:34:14,0,0,18.81188,0.7425743,0,73.26733,5.445545,0.2475248,0.990099
2022-07-15 18:34:13,0,0,11.055276,0.7537688,0,81.15578,4.020101,0,3.015075
2022-07-15 18:34:12,0,0,10.37037,1.4814815,0,78.2716,3.209877,0,6.419753
2022-07-15 18:34:11,0,0,12.437811,0.4975124,0,80.34826,3.233831,0.2487562,2.985075
2022-07-15 18:34:10,0,0,11.083744,0.9852217,0,71.42857,4.926108,0,10.837438
2022-07-15 18:34:09,0,0,9.158416,0.990099,0,72.77228,3.712871,0.2475248,12.376238
2022-07-15 18:34:08,0,0,13.930348,0.4975124,0,78.10945,2.985075,0.2487562,3.9801
2022-07-15 18:34:07,0,0,6.585366,1.4634146,0,70.4878,3.414634,0.2439024,16.585366
2022-07-15 18:34:06,0,0,11.5,0.75,0,76.75,4.25,0.5,6
2022-07-15 18:34:05,0,0,11.471322,0.4987531,0,82.29426,3.491272,0,2.244389
2022-07-15 18:34:04,0,0,18.45387,0.9975062,0,71.82045,5.236908,0,3.491272
2022-07-15 18:34:03,0,0,12.839506,0.7407407,0,74.07407,4.444444,0.4938272,6.419753
2022-07-15 18:34:02,0,0,9.677419,1.4888337,0,72.95285,3.722084,0.248139,11.166253
2022-07-15 18:34:01,0,0,12.718204,0.4987531,0,77.05736,3.491272,0.2493766,5.735661
2022-07-15 18:34:00,0,0,9.701493,0.7462687,0,78.60697,3.482587,0.2487562,7.21393
2022-07-15 18:33:59,0,0,11.27451,1.960784,0,76.22549,4.166667,0.245098,6.127451
2022-07-15 18:33:58,0,0,11.19403,1.2437811,0,77.11443,3.731343,0.2487562,6.467662
2022-07-15 18:33:57,0,0,14.888337,0.7444169,0,76.17866,4.71464,0,3.473945
2022-07-15 18:33:56,0,0,12.468828,0.4987531,0,81.79551,2.992519,0.2493766,1.4962594
2022-07-15 18:33:55,0,0,11.793612,0.7371007,0,73.46437,4.914005,0.2457002,8.353808
2022-07-15 18:33:54,0,0,12.158809,0.4962779,0,82.134,3.473945,0.248139,1.4888337
2022-07-15 18:33:53,0,0,13.118812,0.4950495,0,74.25743,5.693069,0.2475248,5.940594
2022-07-15 18:33:52,0,0,14.888337,0.7444169,0,75.1861,3.722084,0.248139,4.962779
2022-07-15 18:33:51,0,0,7.711443,0.7462687,0,81.09453,2.487562,0.2487562,7.462687
2022-07-15 18:33:50,0,0,11.5,1,0,77.5,3,0.25,6.75
2022-07-15 18:33:49,0,0,9.90099,1.2376238,0,79.45545,3.712871,0.2475248,4.70297
2022-07-15 18:33:48,0,0,10.723192,0.4987531,0,85.28678,2.992519,0.2493766,0.2493766
2022-07-15 18:33:47,0,0,12.128713,1.2376238,0,76.48515,3.712871,0.2475248,6.188119
2022-07-15 18:33:46,0,0,8,0.25,0,87.5,1.75,0.5,1.75
2022-07-15 18:33:45,0,0,20.24691,0.7407407,0,70.8642,4.938272,0,2.962963
2022-07-15 18:33:44,0,0,21.44638,0.9975062,0,71.57107,4.987531,0.4987531,0.4987531
2022-07-15 18:33:43,0,0,19.202,0.7481297,0,73.56608,5.236908,0,0.9975062
2022-07-15 18:33:42,0,0,9.5,0.25,0,82.25,2.75,0.25,5
2022-07-15 18:33:41,0,0,14.536341,0.5012531,0,81.95489,2.255639,0.2506266,0.5012531
2022-07-15 18:33:40,0,0,15.461347,0.4987531,0,75.31172,3.990025,0.4987531,3.740648
2022-07-15 18:33:39,0,0,13.022113,0.7371007,0,71.74447,3.685504,0.4914005,10.07371
2022-07-15 18:33:38,0,0,11.306533,0.7537688,0,76.88442,3.266332,0,7.788945
2022-07-15 18:33:37,0,0,8.866995,0.9852217,0,76.84729,3.20197,0.7389163,8.128079
2022-07-15 18:33:36,0,0,13.784461,1.0025063,0,76.94236,4.511278,0,3.258145
2022-07-15 18:33:35,0,0,11.111111,0.4938272,0,80.24691,2.962963,0.2469136,4.938272
2022-07-15 18:33:34,0,0,15.880893,0.4962779,0,77.41935,4.218362,0.248139,1.4888337
2022-07-15 18:33:33,0,0,10.473815,0.7481297,0,78.30424,3.740648,0.2493766,6.234414
2022-07-15 18:33:32,0,0,14.214464,1.2468828,0,75.31172,3.241895,0.2493766,4.987531
2022-07-15 18:33:31,0,0,6.947891,0.4962779,0,77.91563,3.473945,0.248139,10.421836
2022-07-15 18:33:30,0,0,12.655087,0.248139,0,79.40447,4.218362,0.248139,2.977667
2022-07-15 18:33:29,0,0,12,1,0,73,3.75,0.25,9.25
2022-07-15 18:33:28,0,0,13.18408,0.4975124,0,80.0995,3.482587,0.2487562,2.487562
2022-07-15 18:33:27,0,0,9.42928,0.9925558,0,78.16377,3.225806,0.248139,7.444169
2022-07-15 18:33:26,0,0,13.930348,0.9950249,0,75.12438,4.228856,0.4975124,4.975124
2022-07-15 18:33:25,0,0,13.580247,1.975309,0,75.06173,3.703704,0,5.432099
2022-07-15 18:33:24,0,0,10.918114,0,0,79.65261,3.473945,0.4962779,4.71464
2022-07-15 18:33:23,0,0,11.166253,0.7444169,0,74.93797,3.970223,0.4962779,8.436725
2022-07-15 18:33:22,0,0,12.935323,0.7462687,0,78.85572,2.985075,0.2487562,3.9801
2022-07-15 18:33:21,0,0,8.5,0.75,0,80.75,2.75,0.25,6.75
2022-07-15 18:33:20,0,0,7.21393,1.2437811,0,83.08458,2.487562,0.2487562,5.472637
2022-07-15 18:33:19,0,0,6.435644,0.2475248,0,90.34653,2.227723,0,0.7425743
2022-07-15 18:33:18,0,0,8.478803,0.2493766,0,88.52868,1.995012,0.2493766,0.4987531
2022-07-15 18:33:17,0,0,21.8593,0.2512563,0,71.8593,5.527638,0,0.5025126
2022-07-15 18:33:16,0,0,22.25,0.75,0,70,5,0.5,1.25
2022-07-15 18:33:15,0,0,20.54455,0.2475248,0,73.51485,4.70297,0.2475248,0.4950495
2022-07-15 18:33:14,0,0,8.25,1.25,0,79,3,0.25,8
2022-07-15 18:33:13,0,0,14.75,1,0,75.75,4.5,0.25,3.75
2022-07-15 18:33:12,0,0,9.975669,1.459854,0,71.77616,3.649635,0.243309,11.922141
2022-07-15 18:33:11,0,0,5.985037,0.4987531,0,88.52868,1.745636,0.2493766,2.992519
2022-07-15 18:33:10,0,0,7.462687,0.7462687,0,89.30348,1.741294,0.2487562,0.4975124
2022-07-15 18:33:09,0,0,15.288221,1.0025063,0,79.94987,3.258145,0.2506266,0.2506266
2022-07-15 18:33:08,0,0,25.31328,0.5012531,0,68.42105,5.263158,0.2506266,0.2506266
2022-07-15 18:33:07,0,0,23.76238,0.990099,0,68.31683,6.188119,0.2475248,0.4950495
2022-07-15 18:33:06,0,0,13.25,0.75,0,75.75,3.75,0.25,5.5
2022-07-15 18:33:05,0,0,10.617284,1.2345679,0,77.53086,3.45679,0.4938272,6.666667
2022-07-15 18:33:04,0,0,10.643564,1.2376238,0,72.0297,4.455446,0.4950495,10.39604
2022-07-15 18:33:03,0,0,12.25,0.25,0,79.5,3.25,0.25,4.25
2022-07-15 18:33:02,0,0,8.353808,1.4742015,0,72.72727,2.702703,0.2457002,12.776413
2022-07-15 18:33:01,0,0,10.776942,0.5012531,0,81.70426,3.007519,0.2506266,3.759398
2022-07-15 18:33:00,0,0,14.851485,0.7425743,0,78.46535,3.712871,0.2475248,1.732673
2022-07-15 18:32:59,0,0,12.285012,0.982801,0,74.93857,3.931204,0.2457002,7.616708
2022-07-15 18:32:58,0,0,13.25,1,0,77,4,0.25,4.25
2022-07-15 18:32:57,0,0,10.5,1,0,78,3.5,0,7
2022-07-15 18:32:56,0,0,11.358025,0.7407407,0,77.77778,3.45679,0.2469136,6.419753
2022-07-15 18:32:55,0,0,11.166253,0.7444169,0,76.4268,3.970223,0.248139,7.444169
2022-07-15 18:32:54,0,0,9.42928,0.9925558,0,79.90074,3.722084,0,5.955335
2022-07-15 18:32:53,0,0,12.967581,0.2493766,0,80.04988,4.488778,0.2493766,1.745636
2022-07-15 18:32:52,0,0,8.415842,0.2475248,0,79.70297,4.207921,0,7.425743
2022-07-15 18:32:51,0,0,18.81188,0.990099,0,74.50495,4.207921,0.2475248,1.2376238
2022-07-15 18:32:50,0,0,7.142857,1.4778325,0,74.13793,2.70936,0.4926108,14.039409
2022-07-15 18:32:49,0,0,10.098522,0.4926108,0,76.84729,3.448276,0.4926108,8.62069
2022-07-15 18:32:48,0,0,13.658537,0.9756098,0,72.68293,4.390244,0.4878049,7.804878
2022-07-15 18:32:47,0,0,13.118812,0.4950495,0,77.22772,3.960396,0,4.950495
2022-07-15 18:32:46,0,0,8.5,0.75,0,79.25,3.75,0.5,6.5
2022-07-15 18:32:45,0,0,10.473815,0.4987531,0,78.80299,3.491272,0,6.234414
2022-07-15 18:32:44,0,0,16.049383,0.9876543,0,74.81481,3.950617,0.2469136,3.950617
2022-07-15 18:32:43,0,0,5.19802,0.7425743,0,78.9604,1.732673,0.2475248,12.128713
2022-07-15 18:32:42,0,0,15.920398,0.4975124,0,75.87065,5.223881,0.2487562,2.238806
2022-07-15 18:32:41,0,0,15.288221,0.5012531,0,76.4411,4.511278,0.2506266,3.007519
2022-07-15 18:32:40,0,0,10.37037,0.4938272,0,77.03704,3.45679,0.4938272,8.148148
2022-07-15 18:32:39,0,0,10.945274,0.7462687,0,79.60199,3.731343,0.2487562,4.726368
2022-07-15 18:32:38,0,0,12.935323,0.4975124,0,74.87562,4.726368,0.7462687,5.970149
2022-07-15 18:32:37,0,0,13.466334,0.4987531,0,78.55362,3.990025,0.2493766,2.743142
2022-07-15 18:32:36,0,0,10.123457,0.7407407,0,79.01235,3.45679,0.2469136,6.419753
2022-07-15 18:32:35,0,0,8.977556,0.7481297,0,80.54863,3.241895,0.2493766,6.234414
2022-07-15 18:32:34,0,0,14.074074,0.9876543,0,76.2963,3.950617,0.2469136,4.444444
2022-07-15 18:32:33,0,0,9.20398,1.2437811,0,75.37313,2.736318,0.2487562,10.696517
2022-07-15 18:32:32,0,0,9.52381,0.5012531,0,82.70677,3.508772,0,3.759398
2022-07-15 18:32:31,0,0,16.169154,0.7462687,0,76.86567,3.731343,0.2487562,2.238806
2022-07-15 18:32:30,0,0,15.25,0.75,0,77.5,4.25,0.25,1.25
2022-07-15 18:32:29,0,0,9.876543,0.9876543,0,75.06173,3.703704,0.4938272,9.62963
2022-07-15 18:32:28,0,0,11.91067,0.9925558,0,77.66749,2.977667,0.248139,5.955335
2022-07-15 18:32:27,0,0,11.029412,0.4901961,0,72.54902,5.147059,0.4901961,9.558824
2022-07-15 18:32:26,0,0,10,0.5,0,82.5,3.5,0.25,3.25
2022-07-15 18:32:25,0,0,10.39604,0.7425743,0,74.0099,3.217822,0.2475248,10.39604
2022-07-15 18:32:24,0,0,11.111111,0.7407407,0,80.98765,4.197531,0.2469136,2.716049
2022-07-15 18:32:23,0,0,11.851852,0.2469136,0,73.08642,4.444444,0.2469136,9.382716
2022-07-15 18:32:22,0,0,10.696517,0.7462687,0,83.08458,3.482587,0.2487562,1.4925373
2022-07-15 18:32:21,0,0,12.81407,1.2562814,0,79.64824,3.015075,0,2.512563
2022-07-15 18:32:20,0,0,11.922141,1.216545,0,65.93674,4.379562,0.486618,15.328467
2022-07-15 18:32:19,0,0,9.605911,0.9852217,0,76.35468,3.694581,0.2463054,8.62069
2022-07-15 18:32:18,0,0,14.888337,0.9925558,0,74.93797,4.71464,0,4.218362
2022-07-15 18:32:17,0,0,7.960199,1.2437811,0,80.59701,2.985075,0,6.716418
2022-07-15 18:32:16,0,0,12.128713,0.7425743,0,79.45545,3.217822,0.2475248,3.960396
2022-07-15 18:32:15,0,0,16.458853,0.9975062,0,77.80549,3.491272,0,0.9975062
2022-07-15 18:32:14,0,0,16.62531,0.7444169,0,76.4268,3.225806,0.4962779,2.233251
2022-07-15 18:32:13,0,0,12.5,0.25,0,80.5,3.5,0,3
2022-07-15 18:32:12,0,0,12.406948,0.248139,0,76.67494,3.473945,0.248139,6.699752
2022-07-15 18:32:11,0,0,10,0.75,0,80.75,3,0.5,4.75
2022-07-15 18:32:10,0,0,11.221945,0.2493766,0,73.06733,3.990025,0.2493766,10.473815
2022-07-15 18:32:09,0,0,6.188119,0.7425743,0,75.49505,4.455446,0,12.871287
2022-07-15 18:32:08,0,0,10.891089,0.4950495,0,81.93069,3.712871,0.2475248,2.722772
2022-07-15 18:32:07,0,0,11.881188,0.4950495,0,76.23762,3.960396,0.2475248,7.178218
2022-07-15 18:32:06,0,0,10.39604,1.2376238,0,71.28713,3.960396,0.4950495,12.376238
2022-07-15 18:32:05,0,0,10.123457,0.2469136,0,80.98765,2.469136,0,5.925926
2022-07-15 18:32:04,0,0,16.458853,0.4987531,0,77.30673,3.990025,0.2493766,1.2468828
2022-07-15 18:32:03,0,0,8.72818,0.4987531,0,80.04988,3.740648,0,6.733167
2022-07-15 18:32:02,0,0,10.173697,0.7444169,0,77.91563,3.722084,0.4962779,6.699752
2022-07-15 18:32:01,0,0,13.895782,1.2406948,0,76.4268,4.218362,0,4.218362
2022-07-15 18:32:00,0,0,10.37037,0.4938272,0,71.60494,4.197531,0.4938272,11.851852
2022-07-15 18:31:59,0,0,10.123457,1.4814815,0,73.08642,4.197531,0.2469136,10.617284
2022-07-15 18:31:58,0,0,13.18408,0.7462687,0,74.87562,4.477612,0,6.467662
2022-07-15 18:31:57,0,0,10.891089,0.990099,0,75.49505,3.217822,0.4950495,8.663366
2022-07-15 18:31:56,0,0,10.344828,0.9852217,0,77.58621,3.20197,0.4926108,6.403941
2022-07-15 18:31:55,0,0,11.138614,0.7425743,0,76.73267,4.207921,0.4950495,6.435644
2022-07-15 18:31:54,0,0,6.127451,1.2254902,0,74.5098,3.186275,0,14.215686
2022-07-15 18:31:53,0,0,14.567901,0.9876543,0,73.82716,4.444444,0.4938272,5.679012
2022-07-15 18:31:52,0,0,10.327456,0.5037783,0,79.34509,3.526448,0.2518892,5.541562
2022-07-15 18:31:51,0,0,7,0,0,88.25,2.25,0.25,2.25
2022-07-15 18:31:50,0,0,22.52475,0.990099,0,70.79208,4.70297,0.2475248,0.4950495
2022-07-15 18:31:49,0,0,13.930348,0.7462687,0,75.12438,4.726368,0.2487562,4.477612
2022-07-15 18:31:48,0,0,8.72818,0.7481297,0,74.31421,3.990025,0,11.471322
2022-07-15 18:31:47,0,0,8.521303,0.5012531,0,84.96241,3.007519,0.2506266,2.756892
2022-07-15 18:31:46,0,0,15.710723,0.7481297,0,77.55611,3.990025,0.2493766,1.4962594
2022-07-15 18:31:45,0,0,5.276382,0.2512563,0,92.21106,1.5075377,0.2512563,0.5025126
2022-07-15 18:31:44,0,0,19.5,1,0,74.5,4.25,0.25,0.5
2022-07-15 18:31:43,0,0,19.35484,0.9925558,0,72.95285,4.466501,0.248139,1.985112
2022-07-15 18:31:42,0,0,8.208955,0.4975124,0,86.31841,2.487562,0.2487562,1.741294
2022-07-15 18:31:41,0,0,16.75,0.75,0,76.25,4.75,0.25,0.75
2022-07-15 18:31:40,0,0,8.910891,1.2376238,0,71.28713,3.712871,0.2475248,13.861386
2022-07-15 18:31:39,0,0,6.896552,1.2315271,0,73.15271,4.187192,0.2463054,14.285714
2022-07-15 18:31:38,0,0,8.72818,0.4987531,0,83.04239,3.740648,0,3.740648
2022-07-15 18:31:37,0,0,15.136476,0.9925558,0,74.93797,4.962779,0.248139,3.225806
2022-07-15 18:31:36,0,0,13.366337,0.990099,0,73.26733,4.455446,0,7.425743
2022-07-15 18:31:35,0,0,11.166253,0.7444169,0,78.90819,2.977667,0.4962779,5.459057
2022-07-15 18:31:34,0,0,13.930348,0.9950249,0,78.10945,3.731343,0.4975124,2.736318
2022-07-15 18:31:33,0,0,12.530713,1.2285012,0,73.71007,3.439803,0.4914005,8.353808
2022-07-15 18:31:32,0,0,9.653465,0.990099,0,79.20792,3.465347,0.2475248,6.188119
2022-07-15 18:31:31,0,0,11.27451,0.9803922,0,72.79412,3.676471,0.245098,9.068627
2022-07-15 18:31:30,0,0,12.781955,0.5012531,0,78.94737,4.010025,0.2506266,3.508772
2022-07-15 18:31:29,0,0,6.435644,1.732673,0,77.9703,2.722772,0.2475248,10.643564
2022-07-15 18:31:28,0,0,12.437811,0.4975124,0,77.61194,3.233831,0.2487562,5.721393
2022-07-15 18:31:27,0,0,12.376238,1.2376238,0,78.46535,3.465347,0.2475248,3.960396
2022-07-15 18:31:26,0,0,12.311558,0.5025126,0,80.15075,4.773869,0.2512563,2.01005
2022-07-15 18:31:25,0,0,12.561576,0.9852217,0,75.86207,3.448276,0.2463054,6.896552
2022-07-15 18:31:24,0,0,11.302211,0.982801,0,77.64128,3.931204,0,5.405405
2022-07-15 18:31:23,0,0,9.876543,0.9876543,0,76.2963,2.962963,0.2469136,7.901235
2022-07-15 18:31:22,0,0,6.716418,1.4925373,0,74.37811,2.487562,0.2487562,14.427861
2022-07-15 18:31:21,0,0,11.138614,0.990099,0,74.0099,3.465347,0.4950495,9.405941
2022-07-15 18:31:20,0,0,11.91067,0.9925558,0,77.66749,4.218362,0.248139,4.962779
2022-07-15 18:31:19,0,0,7.769424,0.5012531,0,83.45865,3.258145,0.2506266,4.761905
2022-07-15 18:31:18,0,0,17.61787,0.9925558,0,73.20099,5.210918,0,2.729529
2022-07-15 18:31:17,0,0,8.641975,0.9876543,0,79.75309,2.962963,0.2469136,7.160494
2022-07-15 18:31:16,0,0,15.710723,1.2468828,0,76.30923,4.239401,0.4987531,1.745636
2022-07-15 18:31:15,0,0,10.04902,1.4705882,0,65.19608,3.921569,0.245098,18.87255
2022-07-15 18:31:14,0,0,6.930693,0.7425743,0,81.18812,2.722772,0.4950495,7.425743
2022-07-15 18:31:13,0,0,14.25,0.75,0,80.75,3.5,0,0.5
2022-07-15 18:31:12,0,0,13.647643,0.9925558,0,81.14144,3.473945,0,0.4962779
2022-07-15 18:31:11,0,0,12.686567,0.4975124,0,80.59701,3.482587,0.2487562,2.238806
2022-07-15 18:31:10,0,0,14.214464,0.4987531,0,77.05736,2.493766,0.2493766,5.236908
2022-07-15 18:31:09,0,0,12.345679,0.7407407,0,79.01235,3.45679,0.2469136,4.197531
2022-07-15 18:31:08,0,0,14.53202,0.9852217,0,76.84729,3.20197,0.2463054,3.448276
2022-07-15 18:31:07,0,0,11,0.75,0,80.5,3.75,0,4
2022-07-15 18:31:06,0,0,18.76543,0.7407407,0,67.90123,4.691358,0.2469136,6.419753
2022-07-15 18:31:05,0,0,7.178218,1.2376238,0,76.73267,2.722772,0.2475248,10.891089
2022-07-15 18:31:04,0,0,11.083744,0.9852217,0,77.3399,4.679803,0.2463054,4.926108
2022-07-15 18:31:03,0,0,12.376238,0.990099,0,73.51485,3.960396,0,8.663366
2022-07-15 18:31:02,0,0,13.216958,1.4962594,0,79.8005,2.992519,0.2493766,1.995012
2022-07-15 18:31:01,0,0,11.75,0.75,0,77,3.25,0.25,6.75
2022-07-15 18:31:00,0,0,12.935323,0.7462687,0,78.10945,3.9801,0.2487562,2.736318
2022-07-15 18:30:59,0,0,6.716418,1.2437811,0,72.88557,2.985075,0.2487562,15.422886
2022-07-15 18:30:58,0,0,7.730673,0.9975062,0,80.29925,3.241895,0,7.23192
2022-07-15 18:30:57,0,0,15.763547,0.9852217,0,75.12315,4.187192,0.4926108,2.216749
2022-07-15 18:30:56,0,0,10.864198,1.2345679,0,74.07407,3.45679,0.2469136,10.123457
2022-07-15 18:30:55,0,0,9.798995,0.7537688,0,83.66834,3.517588,0.2512563,1.758794
2022-07-15 18:30:54,0,0,9.405941,1.980198,0,77.22772,3.217822,0.2475248,7.178218
2022-07-15 18:30:53,0,0,13.08642,1.2345679,0,74.32099,3.703704,0.2469136,6.91358
2022-07-15 18:30:52,0,0,17.00508,0.5076142,0,75.38071,4.060914,0.2538071,2.791878
2022-07-15 18:30:51,0,0,8.845209,1.2285012,0,73.21867,2.702703,0.4914005,13.267813
2022-07-15 18:30:50,0,0,9.852217,1.4778325,0,78.81773,2.955665,0.2463054,6.403941
2022-07-15 18:30:49,0,0,9.90099,0.7425743,0,75.49505,4.70297,0.4950495,8.168317
2022-07-15 18:30:48,0,0,10.972569,0.4987531,0,78.30424,2.743142,0.2493766,6.483791
2022-07-15 18:30:47,0,0,11.633663,0.4950495,0,80.94059,3.712871,0,2.970297
2022-07-15 18:30:46,0,0,11.5,0.5,0,78.75,2.75,0.25,6.25
2022-07-15 18:30:45,0,0,13.647643,1.2406948,0,77.17122,3.970223,0.248139,3.473945
2022-07-15 18:30:44,0,0,11.083744,1.970443,0,73.64532,3.448276,0.2463054,9.605911
2022-07-15 18:30:43,0,0,11.75,0.75,0,81,3.25,0,3
2022-07-15 18:30:42,0,0,13.82716,0.9876543,0,76.04938,4.691358,0.2469136,4.197531
2022-07-15 18:30:41,0,0,12.376238,0.990099,0,75.49505,5.19802,0.2475248,5.19802
2022-07-15 18:30:40,0,0,10.37037,0.4938272,0,75.80247,3.950617,0.2469136,8.888889
2022-07-15 18:30:39,0,0,7.23192,0.4987531,0,86.78304,2.493766,0.2493766,2.743142
2022-07-15 18:30:38,0,0,18.29574,0.7518797,0,74.93734,4.010025,0.2506266,1.754386
2022-07-15 18:30:37,0,0,12.935323,0.7462687,0,78.35821,3.731343,0.2487562,3.731343
2022-07-15 18:30:36,0,0,12.718204,0.7481297,0,81.04738,3.740648,0.2493766,1.2468828
2022-07-15 18:30:35,0,0,11.720698,0.2493766,0,82.54364,2.992519,0,2.493766
2022-07-15 18:30:34,0,0,17.70574,0.4987531,0,76.05985,4.987531,0.4987531,0.2493766
2022-07-15 18:30:33,0,0,9.950249,1.2437811,0,74.37811,4.228856,0.2487562,9.20398
2022-07-15 18:30:32,0,0,10.39604,0.7425743,0,76.73267,3.465347,0.4950495,7.673267
2022-07-15 18:30:31,0,0,11.851852,0.9876543,0,77.77778,4.197531,0.2469136,4.938272
2022-07-15 18:30:30,0,0,9.58231,1.2285012,0,69.28747,3.931204,0.2457002,15.233415
2022-07-15 18:30:29,0,0,5.764411,0.7518797,0,80.95238,3.007519,0,9.52381
2022-07-15 18:30:28,0,0,16.372796,0.2518892,0,79.0932,3.778338,0,0.5037783
2022-07-15 18:30:27,0,0,15.869018,0.7556675,0,75.06297,3.778338,0.2518892,4.282116
2022-07-15 18:30:26,0,0,10.199005,0.2487562,0,81.8408,2.985075,0.2487562,4.228856
2022-07-15 18:30:25,0,0,7.5,0.75,0,89,1.75,0.25,0.5
2022-07-15 18:30:24,0,0,15.841584,0.7425743,0,72.0297,4.455446,0,6.683168
2022-07-15 18:30:23,0,0,16.209476,0.4987531,0,71.3217,4.239401,0.2493766,6.483791
2022-07-15 18:30:22,0,0,9.653465,0.4950495,0,76.48515,3.217822,0.4950495,9.653465
2022-07-15 18:30:21,0,0,11.720698,0.2493766,0,82.54364,3.491272,0,1.4962594
2022-07-15 18:30:20,0,0,11.940299,0.7462687,0,74.37811,3.731343,0.2487562,8.457711
2022-07-15 18:30:19,0,0,9.925558,0.7444169,0,78.66005,3.225806,0.248139,6.699752
2022-07-15 18:30:18,0,0,16.41791,0.9950249,0,73.8806,4.726368,0.2487562,3.731343
2022-07-15 18:30:17,0,0,9.382716,2.222222,0,75.06173,2.716049,0.2469136,9.876543
2022-07-15 18:30:16,0,0,13.118812,0.7425743,0,78.21782,2.970297,0.4950495,4.207921
2022-07-15 18:30:15,0,0,9.677419,0.248139,0,82.38213,2.48139,0.4962779,4.71464
2022-07-15 18:30:14,0,0,10.344828,0.7389163,0,78.07882,3.448276,0.2463054,6.896552
2022-07-15 18:30:13,0,0,9.181141,0.9925558,0,79.90074,2.977667,0.4962779,6.203474
2022-07-15 18:30:12,0,0,11.82266,0.4926108,0,77.58621,3.20197,0.2463054,5.91133
2022-07-15 18:30:11,0,0,14.105793,0.5037783,0,81.61209,3.02267,0,0.7556675
2022-07-15 18:30:10,0,0,16.458853,1.2468828,0,74.06484,4.239401,0.2493766,2.992519
2022-07-15 18:30:09,0,0,10.972569,1.2468828,0,77.05736,2.992519,0.2493766,7.23192
2022-07-15 18:30:08,0,0,7.940447,0.9925558,0,80.8933,2.48139,0.248139,6.947891
2022-07-15 18:30:07,0,0,15.136476,0.4962779,0,77.66749,3.970223,0,2.729529
2022-07-15 18:30:06,0,0,10.731707,1.2195122,0,70.4878,3.414634,0.2439024,13.902439
2022-07-15 18:30:05,0,0,10.148515,0.2475248,0,81.43564,4.455446,0.2475248,3.465347
2022-07-15 18:30:04,0,0,10.123457,0.4938272,0,81.23457,3.950617,0,3.703704
2022-07-15 18:30:03,0,0,9.20398,0.9950249,0,79.10448,2.985075,0.4975124,6.965174
2022-07-15 18:30:02,0,0,13.08642,0.4938272,0,82.22222,2.716049,0.2469136,1.2345679
2022-07-15 18:30:01,0,0,18.59296,1.0050251,0,73.11558,5.778894,0,1.5075377
2022-07-15 18:30:00,0,0,8.088235,0.9803922,0,78.67647,3.676471,0.245098,8.333333
2022-07-15 18:29:59,0,0,13.72549,0.9803922,0,72.54902,4.166667,0.245098,6.617647
2022-07-15 18:29:58,0,0,10.275689,1.0025063,0,79.94987,2.756892,0.2506266,5.513784
2022-07-15 18:29:57,0,0,11.547912,0.982801,0,76.16708,2.702703,0.2457002,7.616708
2022-07-15 18:29:56,0,0,10.173697,0.9925558,0,73.69727,6.203474,0,8.436725
2022-07-15 18:29:55,0,0,11.386139,0.4950495,0,73.51485,4.950495,0.2475248,8.663366
2022-07-15 18:29:54,0,0,14.143921,0.7444169,0,77.66749,3.225806,0,3.473945
2022-07-15 18:29:53,0,0,10.696517,0.9950249,0,77.11443,3.233831,0.2487562,7.711443
2022-07-15 18:29:52,0,0,12.592593,0.9876543,0,76.79012,2.716049,0.2469136,6.419753
2022-07-15 18:29:51,0,0,12.686567,0.9950249,0,74.62687,3.731343,0.4975124,6.965174
2022-07-15 18:29:50,0,0,10.972569,0.7481297,0,81.04738,2.992519,0,4.239401
2022-07-15 18:29:49,0,0,9.1133,1.2315271,0,77.83251,2.70936,0.4926108,8.128079
2022-07-15 18:29:48,0,0,12.25,1,0,79.5,3,0.25,4
2022-07-15 18:29:47,0,0,8.168317,0.990099,0,85.14851,2.475248,0.2475248,2.722772
2022-07-15 18:29:46,0,0,11.330049,0.9852217,0,75.86207,3.20197,0.2463054,7.881773
2022-07-15 18:29:45,0,0,12.25,0.25,0,80,2.5,0.25,4.75
2022-07-15 18:29:44,0,0,6.699752,0.248139,0,88.83375,2.48139,0,1.4888337
2022-07-15 18:29:43,0,0,16.666667,0.7462687,0,77.61194,3.9801,0.2487562,0.7462687
2022-07-15 18:29:42,0,0,20.15113,0.5037783,0,72.0403,4.282116,0.2518892,2.770781
2022-07-15 18:29:41,0,0,12.5,0.25,0,82,3.25,0,2
2022-07-15 18:29:40,0,0,18.81188,0.2475248,0,74.0099,3.960396,0.4950495,2.227723
2022-07-15 18:29:39,0,0,6.982544,0.4987531,0,83.04239,2.493766,0.2493766,6.483791
2022-07-15 18:29:38,0,0,16.666667,0.9950249,0,75.87065,3.233831,0,2.985075
2022-07-15 18:29:37,0,0,11.851852,1.728395,0,71.35802,10.864198,0.2469136,3.45679
2022-07-15 18:29:36,0,0,11.557789,0.2512563,0,77.38693,4.020101,0.2512563,6.281407
2022-07-15 18:29:35,0,0,8.72818,0.2493766,0,83.29177,2.743142,0.2493766,4.239401
2022-07-15 18:29:34,0,0,11.19403,0.2487562,0,79.60199,2.487562,0.2487562,5.721393
2022-07-15 18:29:33,0,0,16.25,1,0,80,2.25,0,0.5
2022-07-15 18:29:32,0,0,19.25926,0.4938272,0,72.59259,4.691358,0.2469136,2.716049
2022-07-15 18:29:31,0,0,10.447761,0.9950249,0,80.34826,2.985075,0.2487562,4.975124
2022-07-15 18:29:30,0,0,17.20698,0.7481297,0,75.5611,3.740648,0.2493766,2.493766
2022-07-15 18:29:29,0,0,8.910891,1.4851485,0,70.0495,3.712871,0.2475248,14.108911
2022-07-15 18:29:28,0,0,10.327456,0.2518892,0,82.87154,2.015113,0,4.534005
2022-07-15 18:29:27,0,0,15.21197,0.4987531,0,78.30424,2.743142,0.2493766,2.992519
2022-07-15 18:29:26,0,0,9.547739,0.7537688,0,78.39196,3.266332,0.5025126,7.286432
2022-07-15 18:29:25,0,0,12.437811,0.9950249,0,70.39801,14.179104,0,1.4925373
2022-07-15 18:29:24,0,0,15.384615,0.7444169,0,78.41191,3.473945,0.248139,1.4888337
2022-07-15 18:29:23,0,0,12.655087,0.4962779,0,75.1861,3.722084,0,6.947891
2022-07-15 18:29:22,0,0,11.442786,1.4925373,0,77.11443,3.233831,0.2487562,6.467662
2022-07-15 18:29:21,0,0,10.864198,0.7407407,0,77.28395,2.469136,0,7.654321
2022-07-15 18:29:20,0,0,9.476309,0.9975062,0,76.80798,3.740648,0.4987531,8.478803
2022-07-15 18:29:19,0,0,10.945274,0.4975124,0,72.63682,14.676617,0.2487562,0.9950249
2022-07-15 18:29:18,0,0,14.427861,0.9950249,0,74.12935,4.228856,0,5.970149
2022-07-15 18:29:17,0,0,10.864198,1.4814815,0,74.5679,3.45679,0.2469136,9.135802
2022-07-15 18:29:16,0,0,12.623762,0.7425743,0,77.9703,3.217822,0.2475248,4.950495
2022-07-15 18:29:15,0,0,9.653465,0.990099,0,78.46535,2.722772,0,8.168317
2022-07-15 18:29:14,0,0,13.466334,0.9975062,0,73.06733,6.733167,0.2493766,5.486284
2022-07-15 18:29:13,0,0,13.759214,0.982801,0,74.20147,6.879607,0.2457002,3.685504
2022-07-15 18:29:12,0,0,9.382716,0.7407407,0,73.58025,4.197531,0.2469136,11.604938
2022-07-15 18:29:11,0,0,11.5,0.75,0,81.25,3.25,0.25,3
2022-07-15 18:29:10,0,0,8.374384,1.4778325,0,72.9064,3.20197,0.2463054,13.054187
2022-07-15 18:29:09,0,0,10.669975,0.4962779,0,85.3598,2.233251,0.248139,0.9925558
2022-07-15 18:29:08,0,0,12.376238,1.2376238,0,72.0297,7.920792,0.2475248,6.188119
2022-07-15 18:29:07,0,0,14.536341,0.5012531,0,78.19549,3.508772,0.5012531,2.756892
2022-07-15 18:29:06,0,0,18.54637,0.7518797,0,72.18045,5.764411,0.2506266,2.506266
2022-07-15 18:29:05,0,0,8.955224,0.7462687,0,81.34328,2.736318,0,5.721393
2022-07-15 18:29:04,0,0,13.965087,0.2493766,0,77.30673,3.740648,0.2493766,4.488778
2022-07-15 18:29:03,0,0,11.166253,0.9925558,0,82.134,2.977667,0,2.48139
2022-07-15 18:29:02,0,0,17.866,0.9925558,0,76.67494,2.729529,0.4962779,1.2406948
2022-07-15 18:29:01,0,0,12.315271,0.7389163,0,75.61576,3.694581,0.2463054,7.142857
2022-07-15 18:29:00,0,0,7.711443,0.4975124,0,80.34826,3.233831,0,7.21393
2022-07-15 18:28:59,0,0,7.881773,0.7389163,0,76.35468,3.694581,0.7389163,10.098522
2022-07-15 18:28:58,0,0,7.125307,1.4742015,0,73.95577,3.439803,0.4914005,12.039312
2022-07-15 18:28:57,0,0,9.476309,0.4987531,0,81.04738,3.491272,0.2493766,5.236908
2022-07-15 18:28:56,0,0,10.37037,0.2469136,0,80,3.703704,0.4938272,5.185185
2022-07-15 18:28:55,0,0,11.471322,0.9975062,0,73.81546,3.491272,0,9.975062
2022-07-15 18:28:54,0,0,8.395062,0.7407407,0,80.49383,2.962963,0.4938272,6.91358
2022-07-15 18:28:53,0,0,12.098765,0.9876543,0,76.79012,3.950617,0.2469136,5.679012
2022-07-15 18:28:52,0,0,12.5,0.5,0,79,3.5,0.25,4.25
2022-07-15 18:28:51,0,0,10.891089,0.7425743,0,78.71287,4.70297,0.2475248,4.70297
2022-07-15 18:28:50,0,0,10.447761,0.7462687,0,78.10945,4.726368,0.2487562,5.721393
2022-07-15 18:28:49,0,0,16.584158,0.7425743,0,70.0495,5.19802,0.2475248,5.445545
2022-07-15 18:28:48,0,0,18.95262,0.7481297,0,74.06484,5.486284,0.2493766,0.2493766
2022-07-15 18:28:47,0,0,11.056511,1.2285012,0,74.69287,4.422604,0.2457002,7.862408
2022-07-15 18:28:46,0,0,10.473815,1.2468828,0,77.30673,2.992519,0.2493766,7.23192
2022-07-15 18:28:45,0,0,14.814815,0.4938272,0,77.03704,3.950617,0.4938272,2.962963
2022-07-15 18:28:44,0,0,12.128713,0.7425743,0,75.9901,4.70297,0.2475248,6.188119
2022-07-15 18:28:43,0,0,11.363636,1.010101,0,81.31313,3.282828,0.2525253,2.777778
2022-07-15 18:28:42,0,0,17.77778,0.9876543,0,73.08642,5.185185,0.2469136,2.469136
2022-07-15 18:28:41,0,0,12.903226,0.7444169,0,76.67494,3.473945,0.248139,5.707196
2022-07-15 18:28:40,0,0,9.42928,0.7444169,0,78.16377,3.722084,0.248139,7.692308
2022-07-15 18:28:39,0,0,9.75,0.75,0,79.75,4,0.25,5.5
2022-07-15 18:28:38,0,0,18.40796,0.9950249,0,74.37811,5.223881,0,0.7462687
2022-07-15 18:28:37,0,0,13.861386,0.990099,0,76.9802,3.217822,0.4950495,4.455446
2022-07-15 18:28:36,0,0,10.025063,0.7518797,0,82.20551,3.007519,0,4.010025
2022-07-15 18:28:35,0,0,12.468828,0.4987531,0,80.04988,2.992519,0.2493766,3.491272
2022-07-15 18:28:34,0,0,12.592593,0.4938272,0,74.07407,5.185185,0.2469136,7.160494
2022-07-15 18:28:33,0,0,8.128079,0.9852217,0,78.32512,2.70936,0.2463054,9.1133
2022-07-15 18:28:32,0,0,9.876543,0.9876543,0,76.54321,3.45679,0,8.641975
2022-07-15 18:28:31,0,0,11.662531,1.4888337,0,73.94541,3.970223,0.248139,8.684864
2022-07-15 18:28:30,0,0,8.977556,0.9975062,0,84.0399,2.743142,0,2.493766
2022-07-15 18:28:29,0,0,14.320988,0.9876543,0,76.54321,3.950617,0.2469136,3.703704
2022-07-15 18:28:28,0,0,10.447761,1.2437811,0,76.61692,3.482587,0.2487562,7.711443
2022-07-15 18:28:27,0,0,10.224439,0.2493766,0,82.54364,2.992519,0.2493766,3.491272
2022-07-15 18:28:26,0,0,19.65174,0.9950249,0,73.63184,4.975124,0.2487562,0.4975124
2022-07-15 18:28:25,0,0,10.379747,0.7594937,0,69.87342,4.303797,0.2531646,14.177215
2022-07-15 18:28:24,0,0,15.174129,0.9950249,0,73.8806,4.975124,0.2487562,4.228856
2022-07-15 18:28:23,0,0,12.468828,0.4987531,0,75.81047,3.740648,0.2493766,6.982544
2022-07-15 18:28:22,0,0,9.90099,0.7425743,0,76.48515,3.960396,0.2475248,7.673267
2022-07-15 18:28:21,0,0,13.613861,0.7425743,0,78.9604,3.712871,0.2475248,2.227723
2022-07-15 18:28:20,0,0,11.720698,0.7481297,0,79.8005,2.992519,0.2493766,4.239401
2022-07-15 18:28:19,0,0,8.188586,0.4962779,0,78.41191,2.977667,0.248139,9.677419
2022-07-15 18:28:18,0,0,12.060302,0.5025126,0,80.40201,3.015075,0,4.020101
2022-07-15 18:28:17,0,0,13.895782,0.4962779,0,75.43424,3.970223,0.4962779,4.962779
2022-07-15 18:28:16,0,0,10.526316,0.7518797,0,79.44862,3.508772,0.2506266,5.513784
2022-07-15 18:28:15,0,0,13.533835,0.7518797,0,77.94486,4.260652,0.2506266,2.756892
2022-07-15 18:28:14,0,0,9.20398,0.4975124,0,77.36318,3.233831,0.2487562,9.20398
2022-07-15 18:28:13,0,0,8.599509,1.719902,0,70.51597,3.439803,0.2457002,14.987715
2022-07-15 18:28:12,0,0,12.935323,0.4975124,0,81.59204,2.985075,0.4975124,1.2437811
2022-07-15 18:28:11,0,0,11.809045,0.5025126,0,84.42211,2.763819,0,0.5025126
2022-07-15 18:28:10,0,0,17.04261,1.0025063,0,77.44361,3.508772,0,0.7518797
2022-07-15 18:28:09,0,0,12.219451,0.7481297,0,83.54115,2.743142,0.2493766,0.2493766
2022-07-15 18:28:08,0,0,20.25,0.75,0,73.75,3.75,0.25,1
2022-07-15 18:28:07,0,0,10.199005,0.7462687,0,72.88557,3.9801,0.2487562,11.442786
2022-07-15 18:28:06,0,0,13.216958,1.2468828,0,73.56608,4.239401,0.2493766,6.733167
2022-07-15 18:28:05,0,0,8.229426,0.7481297,0,78.80299,3.740648,0.2493766,7.98005
2022-07-15 18:28:04,0,0,16.049383,0.7407407,0,76.04938,3.703704,0.2469136,3.209877
2022-07-15 18:28:03,0,0,10.344828,1.2315271,0,75.12315,3.20197,0.4926108,8.62069
2022-07-15 18:28:02,0,0,11.735941,0.4889976,0,77.26161,3.422983,0.2444988,6.845966
2022-07-15 18:28:01,0,0,10.539216,0.9803922,0,74.5098,4.166667,0,9.558824
2022-07-15 18:28:00,0,0,10.447761,0.7462687,0,80.84577,4.228856,0,3.731343
2022-07-15 18:27:59,0,0,15.671642,0.4975124,0,76.1194,3.482587,0.2487562,3.482587
2022-07-15 18:27:58,0,0,11.166253,0.9925558,0,78.16377,2.729529,0.248139,6.451613
2022-07-15 18:27:57,0,0,16.458853,0.7481297,0,75.06234,4.987531,0.2493766,2.493766
2022-07-15 18:27:56,0,0,11.166253,0.7444169,0,80.39702,2.977667,0,3.970223
2022-07-15 18:27:55,0,0,8.823529,1.2254902,0,74.7549,3.431373,0.245098,10.294118
2022-07-15 18:27:54,0,0,10.723192,0.7481297,0,76.05985,2.743142,0.2493766,9.226933
2022-07-15 18:27:53,0,0,6.633907,0.7371007,0,76.65848,2.948403,0.2457002,10.31941
2022-07-15 18:27:52,0,0,7.673267,1.2376238,0,69.80198,3.217822,0,16.584158
2022-07-15 18:27:51,0,0,9.558824,1.2254902,0,73.77451,3.431373,0.245098,11.27451
2022-07-15 18:27:50,0,0,14.60396,0.990099,0,76.48515,4.455446,0.2475248,2.970297
2022-07-15 18:27:49,0,0,12.376238,0.4950495,0,76.9802,3.217822,0.2475248,6.435644
2022-07-15 18:27:48,0,0,14.713217,0.7481297,0,78.30424,3.491272,0.2493766,2.493766
2022-07-15 18:27:47,0,0,15.061728,0.4938272,0,76.04938,3.703704,0.2469136,3.950617
2022-07-15 18:27:46,0,0,9.677419,1.736973,0,73.94541,2.977667,0.248139,11.166253
2022-07-15 18:27:45,0,0,10.447761,1.2437811,0,75.87065,3.9801,0.4975124,7.960199
2022-07-15 18:27:44,0,0,8.933002,0.4962779,0,79.90074,3.225806,0.248139,6.451613
2022-07-15 18:27:43,0,0,10,1.707317,0,69.5122,3.658537,0.2439024,13.170732
2022-07-15 18:27:42,0,0,9.319899,1.0075567,0,81.10831,2.770781,0.5037783,5.289673
2022-07-15 18:27:41,0,0,12.406948,0.9925558,0,77.41935,3.225806,0,5.955335
2022-07-15 18:27:40,0,0,8.188586,0.7444169,0,75.68238,2.729529,0.248139,12.158809
2022-07-15 18:27:39,0,0,13.08642,0.9876543,0,76.04938,3.703704,0.4938272,4.691358
2022-07-15 18:27:38,0,0,13.118812,0.7425743,0,79.45545,3.217822,0.2475248,2.970297
2022-07-15 18:27:37,0,0,9.653465,0.990099,0,77.47525,2.970297,0.2475248,7.920792
2022-07-15 18:27:36,0,0,16.75,1,0,76.25,3.5,0.25,2.25
2022-07-15 18:27:35,0,0,7.407407,1.2345679,0,76.04938,3.45679,0,11.358025
2022-07-15 18:27:34,0,0,11.970075,1.2468828,0,79.05237,2.992519,0.2493766,3.990025
2022-07-15 18:27:33,0,0,10.098522,1.2315271,0,75.12315,2.955665,0.2463054,10.098522
2022-07-15 18:27:32,0,0,10,0.75,0,80.25,3,0.25,5.5
2022-07-15 18:27:31,0,0,9.756098,1.707317,0,75.12195,2.926829,0.4878049,9.756098
2022-07-15 18:27:30,0,0,14.53202,1.724138,0,68.71921,4.433498,0.4926108,8.62069
2022-07-15 18:27:29,0,0,10.421836,0.248139,0,79.90074,3.225806,0,5.707196
2022-07-15 18:27:28,0,0,10.526316,1.0025063,0,81.20301,3.508772,0.5012531,3.258145
2022-07-15 18:27:27,0,0,13.793103,1.2315271,0,79.06404,3.20197,0,2.463054
2022-07-15 18:27:26,0,0,11.166253,0.7444169,0,78.66005,2.977667,0.4962779,5.707196
2022-07-15 18:27:25,0,0,12.713936,0.9779951,0,73.34963,4.400978,0.2444988,7.579462
2022-07-15 18:27:24,0,0,12.718204,0.9975062,0,78.55362,2.743142,0.2493766,4.738155
2022-07-15 18:27:23,0,0,6.716418,0.4975124,0,89.30348,2.487562,0.4975124,0.4975124
2022-07-15 18:27:22,0,0,12.967581,0.9975062,0,82.79302,2.493766,0,0.4987531
2022-07-15 18:27:21,0,0,13.316583,0.7537688,0,81.90955,3.015075,0.2512563,0.7537688
2022-07-15 18:27:20,0,0,14.676617,1.741294,0,77.11443,5.721393,0.2487562,0.2487562
2022-07-15 18:27:19,0,0,15.9601,1.995012,0,78.55362,2.992519,0.2493766,0
2022-07-15 18:27:18,0,0,15.326633,1.2562814,0,80.15075,2.763819,0,0.2512563
2022-07-15 18:27:17,0,0,11.442786,1.2437811,0,84.0796,2.487562,0.4975124,0
2022-07-15 18:27:16,0,0,11.027569,1.0025063,0,84.96241,2.506266,0.2506266,0
2022-07-15 18:27:15,0,0,9,0.75,0,86.75,2.75,0.25,0
2022-07-15 18:27:14,0,0,7.788945,0.5025126,0,86.43216,4.522613,0.2512563,0
2022-07-15 18:27:13,0,0,7.730673,0.9975062,0,89.02743,1.4962594,0,0
2022-07-15 18:27:12,0,0,8.25,0.25,0,88,2.75,0.25,0.25
2022-07-15 18:27:11,0,0,4.975124,0.2487562,0,93.03483,0.9950249,0.2487562,0
2022-07-15 18:27:10,0,0,5.012531,0.2506266,0,92.73183,1.754386,0.2506266,0
2022-07-15 18:27:09,0,0,4.987531,0.2493766,0,92.76808,0.9975062,0.4987531,0
2022-07-15 18:27:08,0,0,5.276382,0.5025126,0,90.45226,1.5075377,0,1.2562814
2022-07-15 18:27:07,0,0,4.030227,0.2518892,0,93.45088,1.511335,0.2518892,0
2022-07-15 18:27:06,0,0,5.210918,0.248139,0,92.30769,1.4888337,0.4962779,0
2022-07-15 18:27:05,0,0,5.513784,0,0,92.98246,1.0025063,0.2506266,0
2022-07-15 18:27:04,0,0,5.025126,0,0,93.21608,1.2562814,0,0
2022-07-15 18:27:03,0,0,4.75,0.25,0,93,1.75,0,0
2022-07-15 18:27:02,0,0,5.236908,0.4987531,0,91.5212,1.995012,0.2493766,0
2022-07-15 18:27:01,0,0,4.773869,0.2512563,0,92.21106,2.01005,0,0
2022-07-15 18:27:00,0,0,5.012531,0.5012531,0,92.73183,1.0025063,0.2506266,0
2022-07-15 18:26:59,0,0,5,0,0,92.5,2,0,0
2022-07-15 18:26:58,0,0,6.766917,0.2506266,0,88.22055,2.255639,0,1.754386
2022-07-15 18:26:57,0,0,3.241895,0.2493766,0,91.77057,0.9975062,0.2493766,1.2468828
2022-07-15 18:26:56,0,0,3.759398,0.2506266,0,94.23559,1.754386,0,0
2022-07-15 18:26:55,0,0,5.223881,0,0,92.53731,1.741294,0.2487562,0
2022-07-15 18:26:54,0,0,5.012531,0.2506266,0,92.98246,1.5037594,0,0
2022-07-15 18:26:53,0,0,5,0,0,92.25,2,0.5,0
2022-07-15 18:26:52,0,0,5.25,0,0,92,2,0.25,0
2022-07-15 18:26:51,0,0,5.012531,0.5012531,0,91.97995,1.5037594,0.2506266,0
2022-07-15 18:26:50,0,0,5.5,0,0,93,1,0.25,0
2022-07-15 18:26:49,0,0,5.012531,0.5012531,0,92.23058,1.754386,0,0
2022-07-15 18:26:48,0,0,4.962779,0.4962779,0,92.05955,2.233251,0,0
2022-07-15 18:26:47,0,0,4.773869,0.2512563,0,91.9598,2.261307,0.2512563,0
2022-07-15 18:26:46,0,0,5.236908,0,0,92.5187,1.995012,0,0
2022-07-15 18:26:45,0,0,4.71464,0.248139,0,92.55583,1.985112,0.248139,0
2022-07-15 18:26:44,0,0,5,0.5,0,92.25,1.5,0.25,0
2022-07-15 18:26:43,0,0,5.025126,0,0,93.21608,1.5075377,0,0
2022-07-15 18:26:42,0,0,4.987531,0.2493766,0,92.01995,1.4962594,0.2493766,0
2022-07-15 18:26:41,0,0,4.522613,0,0,93.46734,1.2562814,0,0
2022-07-15 18:26:40,0,0,5.5,0.25,0,92.75,1.25,0.25,0
2022-07-15 18:26:39,0,0,5,0.25,0,92.75,1.25,0.25,0
2022-07-15 18:26:38,0,0,5.037783,0.2518892,0,92.19144,2.015113,0.2518892,0
2022-07-15 18:26:37,0,0,4.773869,0.2512563,0,92.96482,1.758794,0,0
2022-07-15 18:26:36,0,0,5.025126,0.2512563,0,91.45729,2.261307,0.2512563,0
2022-07-15 18:26:35,0,0,5.236908,0.2493766,0,93.26683,0.9975062,0,0
2022-07-15 18:26:34,0,0,5.012531,0.2506266,0,92.98246,1.5037594,0,0
2022-07-15 18:26:33,0,0,6.25,0,0,91.25,1.25,0.5,0.25
2022-07-15 18:26:32,0,0,5.012531,0.2506266,0,90.97744,1.754386,0,0.2506266
2022-07-15 18:26:31,0,0,2.756892,0.2506266,0,94.98747,1.2531328,0.2506266,0
2022-07-15 18:26:30,0,0,5.263158,0.5012531,0,92.23058,1.754386,0,0
2022-07-15 18:26:29,0,0,5.012531,0,0,92.98246,1.5037594,0.2506266,0
2022-07-15 18:26:28,0,0,5.223881,0.2487562,0,92.53731,1.2437811,0,0.2487562
2022-07-15 18:26:27,0,0,4.785894,0,0,92.44332,1.763224,0.2518892,0
2022-07-15 18:26:26,0,0,5,0.25,0,92.5,1.5,0,0
2022-07-15 18:26:25,0,0,5.025126,0,0,93.21608,1.2562814,0.2512563,0
2022-07-15 18:26:24,0,0,4.726368,0.2487562,0,92.28856,1.99005,0.2487562,0
2022-07-15 18:26:23,0,0,5.75,0.25,0,92.5,1,0.25,0
2022-07-15 18:26:22,0,0,4.75,0,0,93,1.75,0,0
2022-07-15 18:26:21,0,0,5.486284,0.2493766,0,92.01995,1.745636,0.2493766,0
2022-07-15 18:26:20,0,0,4.773869,0,0,93.21608,1.5075377,0.2512563,0
2022-07-15 18:26:19,0,0,5.5,0.25,0,91.75,1.75,0,0
2022-07-15 18:26:18,0,0,5,0.25,0,92.25,2,0.25,0
2022-07-15 18:26:17,0,0,6.265664,0,0,90.72682,1.5037594,0,0.2506266
2022-07-15 18:26:16,0,0,3.768844,0,0,94.47236,1.5075377,0,0
2022-07-15 18:26:15,0,0,3.970223,0.248139,0,93.30025,1.4888337,0.248139,0.248139
2022-07-15 18:26:14,0,0,4.282116,0.5037783,0,93.45088,1.0075567,0.2518892,0
2022-07-15 18:26:13,0,0,4,0,0,94.25,1.5,0,0
2022-07-15 18:26:12,0,0,4.010025,0,0,94.23559,1.2531328,0,0.2506266
2022-07-15 18:26:11,0,0,4.010025,0,0,93.23308,1.754386,0.2506266,0
2022-07-15 18:26:10,0,0,4,0.25,0,93.75,1.25,0,0
2022-07-15 18:26:09,0,0,4.5,0,0,93.75,1.25,0,0
2022-07-15 18:26:08,0,0,4.522613,0,0,91.9598,2.512563,0.5025126,0
2022-07-15 18:26:07,0,0,5.985037,0.7481297,0,87.03242,2.493766,0,2.493766
2022-07-15 18:26:06,0,0,0.5012531,0,0,97.99499,1.0025063,0,0
2022-07-15 18:26:05,0,0,1.2437811,0,0,96.76617,1.2437811,0.4975124,0
2022-07-15 18:26:04,0,0,0.7575758,0,0,97.9798,1.010101,0,0
2022-07-15 18:26:03,0,0,1.2437811,0,0,96.26866,1.4925373,0.2487562,0.2487562
2022-07-15 18:26:02,0,0,0.75,0.25,0,97.5,0.75,0.25,0
2022-07-15 18:26:01,0,0,0.75,0.25,0,96,2,0.25,0
2022-07-15 18:26:00,0,0,0.7462687,0.4975124,0,97.01493,1.2437811,0,0
2022-07-15 18:25:59,0,0,0.7537688,0,0,97.23618,2.01005,0,0
2022-07-15 18:25:58,0,0,0.9975062,0.2493766,0,96.25935,1.4962594,0.2493766,0
2022-07-15 18:25:57,0,0,1.2594458,0.2518892,0,95.96977,2.015113,0.2518892,0
2022-07-15 18:25:56,0,0,0.75,0,0,97.25,1.25,0.25,0
2022-07-15 18:25:55,0,0,0.75,0.25,0,97,1.75,0,0
2022-07-15 18:25:54,0,0,0.7518797,0.2506266,0,97.24311,1.5037594,0,0
2022-07-15 18:25:53,0,0,0.7462687,0,0,97.01493,1.4925373,0.2487562,0
2022-07-15 18:25:52,0,0,1,0.25,0,95.75,1.5,0.25,0
2022-07-15 18:25:51,0,0,1.0050251,0.2512563,0,95.72864,2.261307,0.2512563,0
2022-07-15 18:25:50,0,0,0.7537688,0,0,97.73869,1.0050251,0.2512563,0
2022-07-15 18:25:49,0,0,0.7444169,0.248139,0,96.27792,1.736973,0.248139,0
2022-07-15 18:25:48,0,0,0.75,0,0,97.25,1.75,0,0
2022-07-15 18:25:47,0,0,1.4962594,0.4987531,0,93.76559,3.241895,0.4987531,0.2493766
2022-07-15 18:25:46,0,0,1,0.25,0,97.25,1.25,0,0
2022-07-15 18:25:45,0,0,1.0075567,0.2518892,0,96.97733,1.511335,0,0
2022-07-15 18:25:44,0,0,0.4987531,0,0,97.25686,1.2468828,0.2493766,0
2022-07-15 18:25:43,0,0,1.2468828,0.2493766,0,95.7606,1.745636,0.2493766,0
2022-07-15 18:25:42,0,0,0.75,0,0,96.25,1.25,0,0.25
2022-07-15 18:25:41,0,0,0.9975062,0.2493766,0,97.00748,0.9975062,0.2493766,0
2022-07-15 18:25:40,0,0,0.5025126,0,0,96.98492,2.261307,0,0
2022-07-15 18:25:39,0,0,1,0.25,0,96.25,1.75,0.25,0
2022-07-15 18:25:38,0,0,0.4975124,0.2487562,0,97.01493,1.741294,0.2487562,0
2022-07-15 18:25:37,0,0,1,0.25,0,96.5,1.5,0,0
2022-07-15 18:25:36,0,0,0.5,0,0,97.75,1.25,0,0
2022-07-15 18:25:35,0,0,1.0025063,0,0,96.49123,2.005013,0.2506266,0
2022-07-15 18:25:34,0,0,0.75,0,0,97.75,1.25,0,0
2022-07-15 18:25:33,0,0,0.9975062,0.2493766,0,96.50873,1.2468828,0.2493766,0
2022-07-15 18:25:32,0,0,0.7518797,0.2506266,0,96.49123,2.005013,0.2506266,0
2022-07-15 18:25:31,0,0,1.0025063,0.2506266,0,96.2406,1.5037594,0.2506266,0
2022-07-15 18:25:30,0,0,0.5,0,0,97.75,1.25,0.25,0
2022-07-15 18:25:29,0,0,1.2594458,0.5037783,0,94.96222,2.267003,0.2518892,0
2022-07-15 18:25:28,0,0,0.5025126,0.2512563,0,96.98492,1.2562814,0.2512563,0
2022-07-15 18:25:27,0,0,0.9975062,0,0,97.00748,1.745636,0,0
2022-07-15 18:25:26,0,0,0.5,0.25,0,97,1.75,0.25,0
2022-07-15 18:25:25,0,0,1.0025063,0.2506266,0,96.99248,1.2531328,0,0
2022-07-15 18:25:24,0,0,0.5,0.25,0,96.5,2.25,0,0
2022-07-15 18:25:23,0,0,1,0.25,0,96.5,1.75,0.25,0
2022-07-15 18:25:22,0,0,0.5025126,0,0,96.98492,1.758794,0.2512563,0
2022-07-15 18:25:21,0,0,0.9975062,0.4987531,0,96.7581,1.4962594,0,0
2022-07-15 18:25:20,0,0,0.5,0,0,97.25,1.75,0.25,0
2022-07-15 18:25:19,0,0,0.7537688,0.2512563,0,94.22111,1.758794,0.2512563,2.261307
2022-07-15 18:25:18,0,0,0.4975124,0.4975124,0,95.02488,1.2437811,0.2487562,0
2022-07-15 18:25:17,0,0,1.985112,0.248139,0,95.28536,1.736973,0.248139,0
2022-07-15 18:25:16,0,0,1.75,0.5,0,96,1.5,0.25,0
2022-07-15 18:25:15,0,0,1.995012,0.2493766,0,95.26185,1.4962594,0,0.2493766
2022-07-15 18:25:14,0,0,1.5075377,0.2512563,0,96.23116,1.5075377,0.2512563,0
2022-07-15 18:25:13,0,0,2.255639,0.2506266,0,95.98997,1.0025063,0.2506266,0
2022-07-15 18:25:12,0,0,1.732673,0,0,96.53465,1.2376238,0.2475248,0
2022-07-15 18:25:11,0,0,2.01005,0,0,95.22613,2.01005,0,0
2022-07-15 18:25:10,0,0,1.75,0.5,0,95.5,1.5,0.25,0
2022-07-15 18:25:09,0,0,1.995012,0,0,95.51122,1.995012,0.2493766,0
2022-07-15 18:25:08,0,0,1.763224,0.2518892,0,96.22166,1.2594458,0.2518892,0
2022-07-15 18:25:07,0,0,2,0,0,96.25,1,0.25,0
2022-07-15 18:25:06,0,0,1.75,0.25,0,96.5,1.25,0,0
2022-07-15 18:25:05,0,0,2.5,0,0,94,2.5,0.5,0
2022-07-15 18:25:04,0,0,1.5037594,0.2506266,0,96.49123,1.2531328,0,0
2022-07-15 18:25:03,0,0,2.25,0,0,95.75,1.25,0.25,0
2022-07-15 18:25:02,0,0,2.743142,0.2493766,0,95.51122,0.9975062,0,0
2022-07-15 18:25:01,0,0,3.030303,0,0,95.20202,1.2626263,0,0
2022-07-15 18:25:00,0,0,2.736318,0.2487562,0,95.52239,0.9950249,0.2487562,0
2022-07-15 18:24:59,0,0,2.985075,0.4975124,0,94.52736,1.4925373,0.2487562,0
2022-07-15 18:24:58,0,0,3.015075,0,0,94.72362,1.758794,0,0
2022-07-15 18:24:57,0,0,2.75,0.5,0,94.25,1.75,0.25,0
2022-07-15 18:24:56,0,0,3.9801,0.2487562,0,93.53234,1.741294,0.2487562,0
2022-07-15 18:24:55,0,0,3.241895,0.2493766,0,93.26683,2.244389,0,0
2022-07-15 18:24:54,0,0,3.266332,0.2512563,0,93.71859,1.2562814,0.2512563,0.2512563
2022-07-15 18:24:53,0,0,2.512563,0,0,95.22613,0.7537688,0.2512563,0
2022-07-15 18:24:52,0,0,5.012531,0.2506266,0,92.73183,1.754386,0,0
2022-07-15 18:24:51,0,0,5.050505,0,0,92.42424,1.767677,0.2525253,0
2022-07-15 18:24:50,0,0,4.987531,0,0,93.51621,1.2468828,0,0
2022-07-15 18:24:49,0,0,5.25,0.5,0,92.25,1,0.25,0
2022-07-15 18:24:48,0,0,4.726368,0.2487562,0,92.78607,1.741294,0.2487562,0
2022-07-15 18:24:47,0,0,5.289673,0,0,92.9471,1.0075567,0.2518892,0
2022-07-15 18:24:46,0,0,4.962779,0,0,93.54839,0.9925558,0.248139,0
2022-07-15 18:24:45,0,0,5.276382,0.2512563,0,92.96482,1.2562814,0,0
2022-07-15 18:24:44,0,0,4.488778,0.2493766,0,94.01496,0.9975062,0,0
2022-07-15 18:24:43,0,0,5.985037,0.2493766,0,92.26933,0.9975062,0.2493766,0
2022-07-15 18:24:42,0,0,4.260652,0.5012531,0,93.98496,1.0025063,0,0
2022-07-15 18:24:41,0,0,5.486284,0.2493766,0,92.01995,1.2468828,0.2493766,0
2022-07-15 18:24:40,0,0,4.534005,0.2518892,0,92.44332,1.763224,0.2518892,0
2022-07-15 18:24:39,0,0,6.015038,0.2506266,0,91.97995,1.5037594,0,0
2022-07-15 18:24:38,0,0,4.239401,0.2493766,0,93.26683,0.9975062,0,0
2022-07-15 18:24:37,0,0,5.25,0.25,0,92.5,1.5,0,0
2022-07-15 18:24:36,0,0,4.522613,0,0,92.96482,2.01005,0.2512563,0
2022-07-15 18:24:35,0,0,5.735661,0.2493766,0,92.26933,0.9975062,0.2493766,0
2022-07-15 18:24:34,0,0,4.511278,0.2506266,0,93.73434,1.2531328,0,0
2022-07-15 18:24:33,0,0,5.735661,0.2493766,0,91.5212,1.995012,0.2493766,0
2022-07-15 18:24:32,0,0,4.5,0.25,0,93.75,1.25,0,0
2022-07-15 18:24:31,0,0,5.316456,0,0,92.40506,1.5189873,0.2531646,0
2022-07-15 18:24:30,0,0,5.025126,0,0,93.46734,1.2562814,0,0
2022-07-15 18:24:29,0,0,6.25,0,0,90.75,2,0.25,0
2022-07-15 18:24:28,0,0,4.455446,0,0,91.33663,1.4851485,0.2475248,0.7425743
2022-07-15 18:24:27,0,0,3.508772,0.2506266,0,95.2381,0.7518797,0,0
2022-07-15 18:24:26,0,0,4.962779,0.248139,0,92.55583,1.4888337,0.248139,0
2022-07-15 18:24:25,0,0,4.987531,0,0,93.26683,0.9975062,0.2493766,0
2022-07-15 18:24:24,0,0,5,0.25,0,93.25,1.25,0,0
2022-07-15 18:24:23,0,0,5.037783,0.2518892,0,92.69521,1.511335,0.2518892,0
2022-07-15 18:24:22,0,0,5.459057,0.248139,0,92.80397,0.9925558,0.248139,0
2022-07-15 18:24:21,0,0,5.025126,0,0,92.71357,1.2562814,0.2512563,0
2022-07-15 18:24:20,0,0,5.472637,0.4975124,0,92.28856,1.4925373,0,0
2022-07-15 18:24:19,0,0,4.75,0.5,0,93,1.25,0.25,0
2022-07-15 18:24:18,0,0,5.025126,0.5025126,0,92.71357,1.2562814,0.2512563,0
2022-07-15 18:24:17,0,0,5.236908,0.2493766,0,92.76808,0.7481297,0.2493766,0.2493766
2022-07-15 18:24:16,0,0,5.778894,0.2512563,0,91.9598,1.0050251,0.2512563,0
2022-07-15 18:24:15,0,0,4.975124,0.2487562,0,92.53731,1.741294,0,0
2022-07-15 18:24:14,0,0,5.025126,0,0,92.96482,1.2562814,0.2512563,0
2022-07-15 18:24:13,0,0,6,0.25,0,91.25,1.75,0.25,0
2022-07-15 18:24:12,0,0,4.010025,0.5012531,0,94.23559,1.0025063,0,0
2022-07-15 18:24:11,0,0,5.276382,0,0,92.71357,1.5075377,0,0
2022-07-15 18:24:10,0,0,4.987531,0.4987531,0,92.5187,1.4962594,0.2493766,0
2022-07-15 18:24:09,0,0,5,0.25,0,93.25,1.25,0,0
2022-07-15 18:24:08,0,0,5.236908,0,0,92.76808,0.9975062,0.2493766,0.2493766
2022-07-15 18:24:07,0,0,5.25,0.25,0,91.75,2.5,0,0
2022-07-15 18:24:06,0,0,4.938272,0,0,93.58025,0.9876543,0.2469136,0
2022-07-15 18:24:05,0,0,5.513784,0,0,91.97995,1.754386,0,0
2022-07-15 18:24:04,0,0,6.265664,0.2506266,0,90.97744,1.754386,0,0
2022-07-15 18:24:03,0,0,3.759398,0.2506266,0,94.23559,1.0025063,0,0
2022-07-15 18:24:02,0,0,4.70297,0,0,90.59406,1.2376238,0.4950495,0.7425743
2022-07-15 18:24:01,0,0,4.292929,0.2525253,0,92.67677,1.5151515,0.5050505,0
2022-07-15 18:24:00,0,0,4.987531,0.2493766,0,92.26933,1.745636,0,0
2022-07-15 18:23:59,0,0,5.527638,0.2512563,0,92.21106,1.5075377,0,0
2022-07-15 18:23:58,0,0,4.785894,0,0,92.69521,2.015113,0,0
2022-07-15 18:23:57,0,0,5.25,0.25,0,92.5,1.25,0.25,0
2022-07-15 18:23:56,0,0,5,0.25,0,93.25,1,0.25,0
2022-07-15 18:23:55,0,0,5.25,0.25,0,92.5,1,0.25,0
2022-07-15 18:23:54,0,0,4.5,0,0,93.5,1.5,0.25,0
2022-07-15 18:23:53,0,0,5.263158,0.2506266,0,92.23058,1.754386,0,0
2022-07-15 18:23:52,0,0,4.488778,0,0,93.51621,1.745636,0.2493766,0
2022-07-15 18:23:51,0,0,5.472637,0.2487562,0,92.0398,1.2437811,0,0
2022-07-15 18:23:50,0,0,4.556962,0.2531646,0,92.91139,1.772152,0.2531646,0
2022-07-15 18:23:49,0,0,5.263158,0,0,92.73183,1.5037594,0,0
2022-07-15 18:23:48,0,0,5.486284,0.2493766,0,92.5187,1.4962594,0.2493766,0
2022-07-15 18:23:47,0,0,4.228856,0.2487562,0,92.28856,1.99005,0,0.2487562
2022-07-15 18:23:46,0,0,5,0.25,0,93,1.5,0,0
2022-07-15 18:23:45,0,0,4.75,0.25,0,93.25,1,0.25,0
2022-07-15 18:23:44,0,0,5.5,0,0,92.5,1.75,0.25,0
2022-07-15 18:23:43,0,0,5,0,0,92,1.75,0.5,0
2022-07-15 18:23:42,0,0,5.236908,0.2493766,0,92.26933,1.4962594,0.2493766,0
2022-07-15 18:23:41,0,0,4.75,0.25,0,93,1.25,0,0
2022-07-15 18:23:40,0,0,5.276382,0.2512563,0,92.71357,1.2562814,0.2512563,0
2022-07-15 18:23:39,0,0,6.25,0,0,91,1.75,0.25,0
2022-07-15 18:23:38,0,0,4.260652,0.2506266,0,93.23308,0.7518797,0.2506266,0
2022-07-15 18:23:37,0,0,4.75,0.25,0,92.75,1.75,0.25,0
2022-07-15 18:23:36,0,0,3.508772,0,0,94.73684,1.0025063,0,0
2022-07-15 18:23:35,0,0,4.488778,0,0,93.26683,1.4962594,0.2493766,0
2022-07-15 18:23:34,0,0,5.764411,0,0,92.23058,1.5037594,0,0
2022-07-15 18:23:33,0,0,4.71464,0.248139,0,93.30025,1.2406948,0.248139,0
2022-07-15 18:23:32,0,0,5.289673,0,0,92.9471,1.2594458,0,0
2022-07-15 18:23:31,0,0,4.488778,0.2493766,0,92.5187,1.745636,0.2493766,0
2022-07-15 18:23:30,0,0,5.5,0.25,0,92.75,1,0,0
2022-07-15 18:23:29,0,0,4.511278,0,0,93.98496,1.0025063,0.2506266,0
2022-07-15 18:23:28,0,0,5.486284,0,0,92.76808,0.9975062,0.2493766,0
2022-07-15 18:23:27,0,0,4.5,0.25,0,93,1.75,0,0
2022-07-15 18:23:26,0,0,5.527638,0,0,92.96482,1.0050251,0.2512563,0
2022-07-15 18:23:25,0,0,4.239401,0.4987531,0,93.26683,1.2468828,0,0.2493766
2022-07-15 18:23:24,0,0,5.5,0,0,93.25,1,0,0
2022-07-15 18:23:23,0,0,5,0,0,93.25,1.25,0.25,0
2022-07-15 18:23:22,0,0,5.793451,0,0,92.19144,1.511335,0,0
2022-07-15 18:23:21,0,0,4.010025,0.2506266,0,94.73684,0.5012531,0.2506266,0
2022-07-15 18:23:20,0,0,5.185185,0.2469136,0,92.09877,1.728395,0.2469136,0
2022-07-15 18:23:19,0,0,5.037783,0,0,93.70277,1.0075567,0,0
2022-07-15 18:23:18,0,0,5.210918,0.248139,0,93.05211,0.9925558,0.248139,0
2022-07-15 18:23:17,0,0,4.785894,0.5037783,0,92.44332,1.763224,0.2518892,0
2022-07-15 18:23:16,0,0,5.707196,0,0,91.81141,1.4888337,0.248139,0.248139
2022-07-15 18:23:15,0,0,5,0.25,0,93.5,0.75,0.25,0
2022-07-15 18:23:14,0,0,5.025126,0,0,92.71357,1.758794,0.2512563,0
2022-07-15 18:23:13,0,0,5.955335,0.4962779,0,90.81886,1.4888337,0,0.248139
2022-07-15 18:23:12,0,0,3.9801,0,0,94.52736,1.2437811,0,0
2022-07-15 18:23:11,0,0,6.015038,0,0,88.97243,1.5037594,0.2506266,2.506266
2022-07-15 18:23:10,0,0,3.266332,0.2512563,0,92.46231,2.01005,0.2512563,0.2512563
2022-07-15 18:23:09,0,0,6.030151,0.2512563,0,91.20603,2.01005,0,0
2022-07-15 18:23:08,0,0,6.699752,0.248139,0,91.067,1.2406948,0.248139,0.248139
2022-07-15 18:23:07,0,0,3.553299,0,0,94.41624,1.2690355,0,0.7614213
2022-07-15 18:23:06,0,0,3.75,0.25,0,94,1,0.25,0.25
2022-07-15 18:23:05,0,0,5.513784,0.2506266,0,92.4812,1.2531328,0,0
2022-07-15 18:23:04,0,0,5.236908,0.2493766,0,92.5187,1.4962594,0.2493766,0
2022-07-15 18:23:03,0,0,4.785894,0,0,93.19899,1.2594458,0.2518892,0
2022-07-15 18:23:02,0,0,5.210918,0.248139,0,92.30769,1.4888337,0,0.248139
2022-07-15 18:23:01,0,0,5.276382,0.2512563,0,92.46231,1.2562814,0.2512563,0
2022-07-15 18:23:00,0,0,5.012531,0.2506266,0,92.23058,1.754386,0,0
2022-07-15 18:22:59,0,0,5,0,0,93,1.75,0.25,0
2022-07-15 18:22:58,0,0,5.236908,0.2493766,0,92.26933,1.4962594,0.2493766,0
2022-07-15 18:22:57,0,0,5.486284,0.2493766,0,92.01995,1.745636,0,0
2022-07-15 18:22:56,0,0,4.511278,0.5012531,0,91.72932,2.255639,0.2506266,0
2022-07-15 18:22:55,0,0,4.522613,0.2512563,0,93.46734,1.5075377,0,0
2022-07-15 18:22:54,0,0,5.223881,0,0,92.78607,1.4925373,0,0
2022-07-15 18:22:53,0,0,5.025126,0,0,92.71357,1.5075377,0.5025126,0
2022-07-15 18:22:52,0,0,5.025126,0,0,92.96482,1.758794,0,0
2022-07-15 18:22:51,0,0,4.761905,0,0,92.73183,1.2531328,0.2506266,0
2022-07-15 18:22:50,0,0,5.5,0,0,92.5,1.5,0,0
2022-07-15 18:22:49,0,0,4.75,0.25,0,93,1.25,0.25,0
2022-07-15 18:22:48,0,0,5.513784,0,0,91.97995,1.754386,0,0.2506266
2022-07-15 18:22:47,0,0,4.010025,0,0,93.73434,1.754386,0,0
2022-07-15 18:22:46,0,0,5.735661,0.4987531,0,90.77307,1.745636,0.2493766,0.2493766
2022-07-15 18:22:45,0,0,4.511278,0.2506266,0,92.98246,0.7518797,0.2506266,0
2022-07-15 18:22:44,0,0,4.271357,0.2512563,0,94.22111,0.7537688,0.2512563,0
2022-07-15 18:22:43,0,0,4.761905,0.2506266,0,92.73183,1.754386,0,0
2022-07-15 18:22:42,0,0,5.25,0.25,0,92.5,1.25,0.25,0
2022-07-15 18:22:41,0,0,5.30303,0.2525253,0,92.92929,0.7575758,0,0
2022-07-15 18:22:40,0,0,4.962779,0.4962779,0,91.81141,1.736973,0.4962779,0
2022-07-15 18:22:39,0,0,5.025126,0.5025126,0,92.96482,1.0050251,0.2512563,0
2022-07-15 18:22:38,0,0,5.25,0,0,92.75,1.75,0,0
2022-07-15 18:22:37,0,0,5.012531,0.2506266,0,91.97995,1.5037594,0.5012531,0
2022-07-15 18:22:36,0,0,5.025126,0,0,93.96985,1.0050251,0,0
2022-07-15 18:22:35,0,0,4.987531,0.2493766,0,92.5187,1.2468828,0.2493766,0
2022-07-15 18:22:34,0,0,5.012531,0.2506266,0,92.4812,1.5037594,0.5012531,0
2022-07-15 18:22:33,0,0,5.289673,0.2518892,0,92.44332,1.2594458,0.2518892,0
2022-07-15 18:22:32,0,0,4.987531,0.2493766,0,93.01746,0.9975062,0.2493766,0
2022-07-15 18:22:31,0,0,5.764411,0.2506266,0,90.47619,2.005013,0,0
2022-07-15 18:22:30,0,0,4.260652,0,0,93.73434,1.754386,0,0
2022-07-15 18:22:29,0,0,5.25,0.25,0,92,1.75,0.25,0
2022-07-15 18:22:28,0,0,4.962779,0.248139,0,92.30769,1.736973,0.4962779,0
2022-07-15 18:22:27,0,0,5.263158,0.2506266,0,92.23058,1.5037594,0.2506266,0
2022-07-15 18:22:26,0,0,4.75,0,0,93.5,1.25,0.25,0
2022-07-15 18:22:25,0,0,5.223881,0.4975124,0,92.28856,1.741294,0,0
2022-07-15 18:22:24,0,0,5.037783,0.2518892,0,93.19899,1.2594458,0,0
2022-07-15 18:22:23,0,0,5.486284,0,0,92.76808,0.9975062,0.2493766,0.2493766
2022-07-15 18:22:22,0,0,4.488778,0.2493766,0,93.76559,0.9975062,0,0
2022-07-15 18:22:21,0,0,5.236908,0.2493766,0,92.5187,1.2468828,0,0
2022-07-15 18:22:20,0,0,5.459057,0.248139,0,90.81886,1.4888337,0.248139,0.248139
2022-07-15 18:22:19,0,0,4.260652,0.2506266,0,93.98496,1.0025063,0,0
2022-07-15 18:22:18,0,0,4.987531,0.2493766,0,92.76808,1.4962594,0.2493766,0
2022-07-15 18:22:17,0,0,4.75,0,0,93.25,1.5,0.25,0
2022-07-15 18:22:16,0,0,5.25,0.25,0,93,1,0.25,0
2022-07-15 18:22:15,0,0,4.761905,0,0,92.73183,1.5037594,0.2506266,0
2022-07-15 18:22:14,0,0,5.263158,0,0,91.72932,2.005013,0.2506266,0
2022-07-15 18:22:13,0,0,4.71464,0.248139,0,92.05955,1.985112,0.4962779,0
2022-07-15 18:22:12,0,0,5.25,0,0,92.5,1.75,0,0
2022-07-15 18:22:11,0,0,5.012531,0.2506266,0,92.73183,1.0025063,0.5012531,0
2022-07-15 18:22:10,0,0,5.527638,0.7537688,0,91.9598,1.2562814,0,0
2022-07-15 18:22:09,0,0,5.012531,0,0,92.4812,2.005013,0.2506266,0
2022-07-15 18:22:08,0,0,5.25,0.5,0,92.25,1.25,0,0
2022-07-15 18:22:07,0,0,4.761905,0.2506266,0,92.98246,1.5037594,0.2506266,0
2022-07-15 18:22:06,0,0,6.218905,0,0,91.29353,1.741294,0.2487562,0
2022-07-15 18:22:05,0,0,4.25,0.25,0,94.25,1,0,0
2022-07-15 18:22:04,0,0,5.223881,0.2487562,0,92.53731,0.9950249,0.4975124,0
2022-07-15 18:22:03,0,0,5.025126,0.5025126,0,92.71357,1.758794,0,0
2022-07-15 18:22:02,0,0,5.012531,0,0,92.73183,1.5037594,0.2506266,0
2022-07-15 18:22:01,0,0,4.987531,0,0,92.76808,1.2468828,0.4987531,0
2022-07-15 18:22:00,0,0,5.25,0.25,0,92.75,1.25,0.25,0
2022-07-15 18:21:59,0,0,5.25,0.25,0,92,2,0.25,0
2022-07-15 18:21:58,0,0,5.236908,0.2493766,0,91.77057,1.995012,0.7481297,0
2022-07-15 18:21:57,0,0,5.012531,0,0,91.97995,1.0025063,0.2506266,0.2506266
2022-07-15 18:21:56,0,0,4.726368,0.2487562,0,92.28856,2.238806,0.2487562,0
2022-07-15 18:21:55,0,0,5.513784,0,0,90.72682,1.5037594,0.2506266,0.2506266
2022-07-15 18:21:54,0,0,4.477612,0.4975124,0,90.29851,1.741294,0.4975124,0.2487562
2022-07-15 18:21:53,0,0,4,0,0,93.75,1.75,0,0
2022-07-15 18:21:52,0,0,5,0.5,0,92.5,1.5,0.25,0
2022-07-15 18:21:51,0,0,5.735661,0.2493766,0,91.5212,1.4962594,0.2493766,0.2493766
2022-07-15 18:21:50,0,0,4.522613,0.5025126,0,92.96482,1.0050251,0.2512563,0
2022-07-15 18:21:49,0,0,5.25,0.25,0,92,2,0.25,0
2022-07-15 18:21:48,0,0,4.773869,0.5025126,0,93.71859,0.7537688,0,0
2022-07-15 18:21:47,0,0,5.445545,0.2475248,0,92.32673,1.4851485,0.2475248,0
2022-07-15 18:21:46,0,0,5.025126,0,0,92.21106,2.01005,0.2512563,0
2022-07-15 18:21:45,0,0,5.289673,0.2518892,0,92.44332,1.763224,0,0
2022-07-15 18:21:44,0,0,4.761905,0,0,93.23308,1.2531328,0.2506266,0
2022-07-15 18:21:43,0,0,5.263158,0.2506266,0,92.73183,1.2531328,0,0
2022-07-15 18:21:42,0,0,4.975124,0.4975124,0,92.0398,1.741294,0.2487562,0
2022-07-15 18:21:41,0,0,5.735661,0.2493766,0,92.01995,1.4962594,0,0.2493766
2022-07-15 18:21:40,0,0,4.303797,0.2531646,0,92.65823,1.2658228,0.2531646,0
2022-07-15 18:21:39,0,0,5,0,0,93.5,1.25,0,0
2022-07-15 18:21:38,0,0,4.987531,0,0,92.26933,2.244389,0.2493766,0
2022-07-15 18:21:37,0,0,4.975124,0.2487562,0,93.03483,1.4925373,0,0
2022-07-15 18:21:36,0,0,5.263158,0.2506266,0,92.4812,1.5037594,0.2506266,0
2022-07-15 18:21:35,0,0,4.773869,0.2512563,0,92.71357,1.758794,0,0
2022-07-15 18:21:34,0,0,5.19802,0,0,92.32673,1.2376238,0,0
2022-07-15 18:21:33,0,0,5.25,0.5,0,92.5,1.5,0,0
2022-07-15 18:21:32,0,0,5.707196,0.248139,0,92.05955,0.9925558,0.248139,0.248139
2022-07-15 18:21:31,0,0,4,0.25,0,92.75,2,0.5,0
2022-07-15 18:21:30,0,0,5.025126,0,0,92.46231,1.758794,0,0
2022-07-15 18:21:29,0,0,5.459057,0.4962779,0,91.56328,1.736973,0.248139,0
2022-07-15 18:21:28,0,0,4.303797,0.2531646,0,92.40506,1.5189873,0,0
2022-07-15 18:21:27,0,0,4.522613,0.7537688,0,92.71357,1.0050251,0.2512563,0
2022-07-15 18:21:26,0,0,5.25,0,0,92.75,1.25,0.25,0
2022-07-15 18:21:25,0,0,4.75,0,0,93,1.5,0,0
2022-07-15 18:21:24,0,0,5.513784,0.5012531,0,91.4787,1.754386,0.2506266,0
2022-07-15 18:21:23,0,0,4.5,0.25,0,92.5,2.25,0.25,0
2022-07-15 18:21:22,0,0,5.75,0,0,92.5,1.25,0,0
2022-07-15 18:21:21,0,0,4.488778,0.2493766,0,93.26683,1.2468828,0.2493766,0
2022-07-15 18:21:20,0,0,5.5,0.75,0,91,2.25,0.25,0
2022-07-15 18:21:19,0,0,4.477612,0.2487562,0,94.02985,0.9950249,0,0
2022-07-15 18:21:18,0,0,5.527638,0,0,92.71357,1.5075377,0,0
2022-07-15 18:21:17,0,0,4.773869,0,0,93.21608,1.2562814,0.2512563,0
2022-07-15 18:21:16,0,0,5,0.25,0,93.5,0.75,0,0
2022-07-15 18:21:15,0,0,5.527638,0,0,91.70854,2.261307,0,0
2022-07-15 18:21:14,0,0,4.466501,0.248139,0,92.30769,2.233251,0.4962779,0
2022-07-15 18:21:13,0,0,5.236908,0.2493766,0,92.26933,1.4962594,0,0.2493766
2022-07-15 18:21:12,0,0,5.541562,0,0,93.19899,1.0075567,0.2518892,0
2022-07-15 18:21:11,0,0,4.75,0.25,0,92.75,1.5,0,0
2022-07-15 18:21:10,0,0,5.486284,0.4987531,0,91.5212,1.4962594,0.7481297,0
2022-07-15 18:21:09,0,0,4.785894,0,0,93.95466,1.0075567,0,0
2022-07-15 18:21:08,0,0,5.25,0.25,0,93.5,0.5,0.25,0
2022-07-15 18:21:07,0,0,5.025126,0,0,92.46231,2.261307,0,0
2022-07-15 18:21:06,0,0,4.987531,0.4987531,0,91.5212,1.745636,0.2493766,0
2022-07-15 18:21:05,0,0,5.223881,0.2487562,0,92.28856,1.4925373,0,0
2022-07-15 18:21:04,0,0,5.513784,0,0,91.97995,2.005013,0.2506266,0
2022-07-15 18:21:03,0,0,5.236908,0,0,88.02993,1.4962594,0.4987531,1.995012
2022-07-15 18:21:02,0,0,3.508772,0.2506266,0,94.73684,1.2531328,0,0
2022-07-15 18:21:01,0,0,5.236908,0.2493766,0,92.5187,0.9975062,0.4987531,0
2022-07-15 18:21:00,0,0,4.75,0.5,0,92.5,1.75,0,0
2022-07-15 18:20:59,0,0,5.012531,0,0,93.23308,1.5037594,0,0
2022-07-15 18:20:58,0,0,4.975124,0.2487562,0,93.03483,0.9950249,0.2487562,0
2022-07-15 18:20:57,0,0,5.25,0,0,93.25,1.25,0,0
2022-07-15 18:20:56,0,0,4.987531,0.4987531,0,92.76808,0.9975062,0.2493766,0
2022-07-15 18:20:55,0,0,4.761905,0,0,93.23308,1.5037594,0.2506266,0
2022-07-15 18:20:54,0,0,5.012531,0.2506266,0,92.98246,1.2531328,0.2506266,0
2022-07-15 18:20:53,0,0,4.785894,0,0,93.70277,1.2594458,0,0
2022-07-15 18:20:52,0,0,5.185185,0.2469136,0,92.34568,1.728395,0.2469136,0
2022-07-15 18:20:51,0,0,4.810127,0.2531646,0,93.67089,0.7594937,0,0
2022-07-15 18:20:50,0,0,6.030151,0,0,91.20603,1.758794,0.2512563,0
2022-07-15 18:20:49,0,0,3.9801,0.2487562,0,93.78109,1.4925373,0,0
2022-07-15 18:20:48,0,0,5.236908,0.2493766,0,92.26933,1.2468828,0.2493766,0
2022-07-15 18:20:47,0,0,4.761905,0.2506266,0,93.48371,1.0025063,0,0
2022-07-15 18:20:46,0,0,4.987531,0,0,92.76808,1.745636,0.2493766,0
2022-07-15 18:20:45,0,0,5.012531,0.2506266,0,92.98246,1.2531328,0,0
2022-07-15 18:20:44,0,0,5.236908,0.2493766,0,92.5187,1.2468828,0.4987531,0
2022-07-15 18:20:43,0,0,4.75,0,0,93.25,1.75,0,0
2022-07-15 18:20:42,0,0,5.012531,0.2506266,0,92.73183,1.5037594,0,0
2022-07-15 18:20:41,0,0,5.25,0.25,0,91.75,1.5,0.25,0.25
2022-07-15 18:20:40,0,0,4.761905,0.2506266,0,93.23308,1.2531328,0.2506266,0
2022-07-15 18:20:39,0,0,4.761905,0.2506266,0,92.98246,1.5037594,0,0
2022-07-15 18:20:38,0,0,5.721393,0.2487562,0,91.29353,1.4925373,0.2487562,0.2487562
2022-07-15 18:20:37,0,0,4.488778,0.2493766,0,91.02244,1.2468828,0.2493766,1.995012
2022-07-15 18:20:36,0,0,4.020101,0.2512563,0,93.46734,1.5075377,0.2512563,0
2022-07-15 18:20:35,0,0,5.289673,0.2518892,0,92.9471,1.2594458,0,0
2022-07-15 18:20:34,0,0,4.738155,0.2493766,0,93.01746,1.4962594,0.2493766,0
2022-07-15 18:20:33,0,0,5.263158,0,0,92.98246,1.2531328,0.2506266,0
2022-07-15 18:20:32,0,0,4.975124,0.2487562,0,92.28856,1.741294,0.2487562,0.2487562
2022-07-15 18:20:31,0,0,5.037783,0,0,92.9471,1.511335,0,0
2022-07-15 18:20:30,0,0,4.987531,0.2493766,0,91.5212,2.244389,0.2493766,0
2022-07-15 18:20:29,0,0,5.025126,0.2512563,0,92.21106,1.758794,0.2512563,0
2022-07-15 18:20:28,0,0,4.987531,0.2493766,0,92.5187,1.4962594,0.4987531,0
2022-07-15 18:20:27,0,0,5.25,0,0,91.5,2.25,0.25,0
2022-07-15 18:20:26,0,0,4.761905,0,0,92.98246,1.5037594,0.2506266,0.2506266
2022-07-15 18:20:25,0,0,5.793451,0.2518892,0,91.93955,1.763224,0,0
2022-07-15 18:20:24,0,0,4.282116,0.2518892,0,93.45088,1.2594458,0.2518892,0
2022-07-15 18:20:23,0,0,4.975124,0.2487562,0,92.53731,1.4925373,0.2487562,0
2022-07-15 18:20:22,0,0,5.012531,0.5012531,0,92.23058,2.005013,0,0
2022-07-15 18:20:21,0,0,4.75,0.25,0,92.75,1.5,0.25,0
2022-07-15 18:20:20,0,0,5.012531,0,0,93.48371,1.0025063,0.2506266,0
2022-07-15 18:20:19,0,0,4.75,0.5,0,93,1.25,0.25,0
2022-07-15 18:20:18,0,0,5.276382,0,0,92.46231,1.758794,0,0
2022-07-15 18:20:17,0,0,5.012531,0.5012531,0,91.97995,1.754386,0.2506266,0
2022-07-15 18:20:16,0,0,5.5,0,0,91.5,2,0.25,0
2022-07-15 18:20:15,0,0,4.5,0.5,0,93.75,1,0,0
2022-07-15 18:20:14,0,0,5.012531,0,0,93.23308,1.5037594,0,0
2022-07-15 18:20:13,0,0,4.975124,0.4975124,0,92.0398,1.2437811,0.4975124,0
2022-07-15 18:20:12,0,0,5.25,0.25,0,90.5,1.75,0.25,1.25
2022-07-15 18:20:11,0,0,4.522613,0.2512563,0,91.20603,2.261307,0,1.0050251
2022-07-15 18:20:10,0,0,4.477612,0,0,93.28358,1.4925373,0.2487562,0.2487562
2022-07-15 18:20:09,0,0,5.764411,0,0,92.73183,1.0025063,0,0
2022-07-15 18:20:08,0,0,5.025126,0,0,92.71357,1.5075377,0.2512563,0
2022-07-15 18:20:07,0,0,4.962779,0.248139,0,92.55583,1.4888337,0.248139,0
2022-07-15 18:20:06,0,0,5.012531,0.2506266,0,93.23308,1.2531328,0,0
2022-07-15 18:20:05,0,0,5.75,0.25,0,91.75,1.25,0.25,0
2022-07-15 18:20:04,0,0,5.025126,0,0,93.46734,1.0050251,0,0
2022-07-15 18:20:03,0,0,5.025126,0.2512563,0,91.9598,1.758794,0.5025126,0
2022-07-15 18:20:02,0,0,4.987531,0,0,92.76808,1.4962594,0.2493766,0
2022-07-15 18:20:01,0,0,5.276382,0.2512563,0,92.46231,1.0050251,0,0
2022-07-15 18:20:00,0,0,5.025126,0.2512563,0,92.96482,1.0050251,0.2512563,0
2022-07-15 18:19:59,0,0,5.236908,0.2493766,0,91.02244,1.4962594,0.2493766,0.9975062
2022-07-15 18:19:58,0,0,4.25,0.25,0,93.25,2,0,0
2022-07-15 18:19:57,0,0,4.761905,0.2506266,0,92.4812,1.754386,0.2506266,0
2022-07-15 18:19:56,0,0,5,0.5,0,93.25,1,0.25,0
2022-07-15 18:19:55,0,0,5.472637,0,0,92.53731,1.2437811,0.2487562,0.2487562
2022-07-15 18:19:54,0,0,4.773869,0.2512563,0,93.21608,1.2562814,0.2512563,0
2022-07-15 18:19:53,0,0,5.25,0.75,0,92,1.5,0,0
2022-07-15 18:19:52,0,0,4.962779,0,0,92.55583,1.2406948,0.4962779,0
2022-07-15 18:19:51,0,0,5.025126,0,0,91.9598,2.01005,0,0
2022-07-15 18:19:50,0,0,5.223881,0.2487562,0,91.54229,1.99005,0.2487562,0.2487562
2022-07-15 18:19:49,0,0,4.511278,0.2506266,0,93.23308,1.5037594,0,0
2022-07-15 18:19:48,0,0,4.987531,0.4987531,0,92.26933,1.745636,0.2493766,0
2022-07-15 18:19:47,0,0,5.25,0,0,90.5,1.25,0.5,1.5
2022-07-15 18:19:46,0,0,5.527638,0.2512563,0,91.70854,1.758794,0,0
2022-07-15 18:19:45,0,0,3.491272,0.2493766,0,94.51372,1.2468828,0.2493766,0
2022-07-15 18:19:44,0,0,4.726368,0.2487562,0,93.03483,1.4925373,0,0
2022-07-15 18:19:43,0,0,4.5,0,0,93.5,1.5,0.25,0
2022-07-15 18:19:42,0,0,5.236908,0.2493766,0,92.01995,1.995012,0,0
2022-07-15 18:19:41,0,0,4.522613,0,0,93.71859,0.7537688,0.5025126,0
2022-07-15 18:19:40,0,0,5.486284,0.2493766,0,92.26933,1.4962594,0,0
2022-07-15 18:19:39,0,0,4.522613,0.5025126,0,92.96482,1.5075377,0.2512563,0
2022-07-15 18:19:38,0,0,5.5,0.25,0,92,1.75,0,0
2022-07-15 18:19:37,0,0,4.738155,0.2493766,0,92.76808,0.9975062,0.7481297,0
2022-07-15 18:19:36,0,0,5,0.25,0,93.25,1.25,0,0
2022-07-15 18:19:35,0,0,5.223881,0.4975124,0,91.79104,1.99005,0.2487562,0
2022-07-15 18:19:34,0,0,5.778894,0,0,92.21106,1.5075377,0,0
2022-07-15 18:19:33,0,0,4,0.25,0,93,1.25,0.5,0.25
2022-07-15 18:19:32,0,0,4.987531,0.2493766,0,92.01995,1.995012,0.2493766,0
2022-07-15 18:19:31,0,0,4.761905,0.2506266,0,92.73183,1.2531328,0.2506266,0
2022-07-15 18:19:30,0,0,5.063291,0,0,93.16456,1.2658228,0.2531646,0
2022-07-15 18:19:29,0,0,4.975124,0.2487562,0,92.0398,1.99005,0.2487562,0.2487562
2022-07-15 18:19:28,0,0,5.25,0.75,0,91.5,1.75,0.25,0
2022-07-15 18:19:27,0,0,4.761905,0,0,92.98246,1.5037594,0.5012531,0
2022-07-15 18:19:26,0,0,5.276382,0.2512563,0,92.21106,1.758794,0,0
2022-07-15 18:19:25,0,0,4.5,0.5,0,91.5,1.5,0.25,1
2022-07-15 18:19:24,0,0,5,0.25,0,92.25,1.75,0,0
2022-07-15 18:19:23,0,0,5,0.25,0,93,1.25,0.25,0
2022-07-15 18:19:22,0,0,5.5,0.25,0,92,1.5,0.25,0
2022-07-15 18:19:21,0,0,4.545455,0.2525253,0,91.66667,1.5151515,0,1.010101
2022-07-15 18:19:20,0,0,5.223881,0.4975124,0,90.29851,2.238806,0.2487562,0.2487562
2022-07-15 18:19:19,0,0,3.778338,0.2518892,0,94.71033,1.0075567,0,0
2022-07-15 18:19:18,0,0,4.75,0,0,93.75,1,0.25,0
2022-07-15 18:19:17,0,0,5,0.25,0,93,0.75,0.75,0
2022-07-15 18:19:16,0,0,5,0.25,0,93.25,1.25,0,0
2022-07-15 18:19:15,0,0,5,0,0,93,1.25,0.25,0
2022-07-15 18:19:14,0,0,5.025126,0.2512563,0,92.96482,1.5075377,0,0
2022-07-15 18:19:13,0,0,4.975124,0.4975124,0,92.28856,1.741294,0.2487562,0
2022-07-15 18:19:12,0,0,5.012531,0.2506266,0,93.23308,1.0025063,0,0
2022-07-15 18:19:11,0,0,5.025126,0.2512563,0,92.71357,1.2562814,0,0
2022-07-15 18:19:10,0,0,5,0.25,0,93,1.25,0.25,0
2022-07-15 18:19:09,0,0,4.975124,0.2487562,0,92.78607,1.741294,0,0
2022-07-15 18:19:08,0,0,5.513784,0.2506266,0,91.22807,2.005013,0.2506266,0.2506266
2022-07-15 18:19:07,0,0,4.218362,0.248139,0,93.79653,0.4962779,0.4962779,0
2022-07-15 18:19:06,0,0,5,0,0,93.5,1.5,0,0
2022-07-15 18:19:05,0,0,5.735661,0.2493766,0,91.77057,1.745636,0,0
2022-07-15 18:19:04,0,0,4.773869,0.2512563,0,93.46734,1.2562814,0,0
2022-07-15 18:19:03,0,0,5.25,0,0,93,1.25,0.25,0
2022-07-15 18:19:02,0,0,4.962779,0.248139,0,93.05211,1.2406948,0,0
2022-07-15 18:19:01,0,0,5.30303,0,0,92.92929,1.5151515,0,0
2022-07-15 18:19:00,0,0,5.19802,0,0,90.34653,1.4851485,0.2475248,0.990099
2022-07-15 18:18:59,0,0,4,0.5,0,93.5,1,0.25,0
2022-07-15 18:18:58,0,0,5,0,0,93,1.75,0,0
2022-07-15 18:18:57,0,0,4.761905,0.5012531,0,93.23308,1.0025063,0,0
2022-07-15 18:18:56,0,0,5.223881,0.4975124,0,90.04975,1.99005,0.2487562,0.9950249
2022-07-15 18:18:55,0,0,5.955335,0.248139,0,90.32258,1.736973,0,1.4888337
2022-07-15 18:18:54,0,0,3.508772,0.2506266,0,93.23308,1.5037594,0,0.5012531
2022-07-15 18:18:53,0,0,5.223881,0.4975124,0,91.79104,1.2437811,0.2487562,0
2022-07-15 18:18:52,0,0,4.761905,0,0,93.73434,1.0025063,0,0.2506266
2022-07-15 18:18:51,0,0,5.223881,0.2487562,0,92.0398,1.4925373,0,0
2022-07-15 18:18:50,0,0,4.522613,0.2512563,0,93.71859,1.2562814,0,0
2022-07-15 18:18:49,0,0,5.75,0.25,0,92,1.5,0,0
2022-07-15 18:18:48,0,0,5,0,0,91.5,2.5,0.25,0
2022-07-15 18:18:47,0,0,5.486284,0.2493766,0,92.01995,1.4962594,0.2493766,0
2022-07-15 18:18:46,0,0,4.773869,0.2512563,0,93.21608,1.2562814,0,0
2022-07-15 18:18:45,0,0,5.263158,0.2506266,0,92.73183,1.2531328,0.2506266,0
2022-07-15 18:18:44,0,0,4.987531,0.2493766,0,93.26683,0.9975062,0.2493766,0
2022-07-15 18:18:43,0,0,5.236908,0,0,91.5212,1.995012,0.2493766,0
2022-07-15 18:18:42,0,0,4.271357,0.2512563,0,93.71859,1.5075377,0,0
2022-07-15 18:18:41,0,0,5,0,0,92.75,1.75,0,0
2022-07-15 18:18:40,0,0,5.263158,0.2506266,0,91.72932,2.005013,0,0.2506266
2022-07-15 18:18:39,0,0,4.761905,0,0,93.23308,1.2531328,0.2506266,0
2022-07-15 18:18:38,0,0,5.25,0.25,0,91.75,2,0,0
2022-07-15 18:18:37,0,0,4.761905,0,0,93.48371,1.0025063,0.2506266,0
2022-07-15 18:18:36,0,0,4.987531,0.2493766,0,92.5187,1.745636,0,0
2022-07-15 18:18:35,0,0,5.735661,0.2493766,0,91.27182,1.4962594,0.2493766,0.9975062
2022-07-15 18:18:34,0,0,3.787879,0.2525253,0,93.68687,1.010101,0,0.5050505
2022-07-15 18:18:33,0,0,4.75,0.25,0,92.25,2,0.25,0
2022-07-15 18:18:32,0,0,5.289673,0.2518892,0,92.44332,1.2594458,0.2518892,0
2022-07-15 18:18:31,0,0,5.513784,0,0,91.72932,1.5037594,0,0.5012531
2022-07-15 18:18:30,0,0,4.5,0,0,92.75,2,0.25,0
2022-07-15 18:18:29,0,0,5.25,0.25,0,92,1,0.25,0
2022-07-15 18:18:28,0,0,5.223881,0.2487562,0,92.53731,1.741294,0,0
2022-07-15 18:18:27,0,0,4.488778,0,0,92.76808,1.995012,0,0
2022-07-15 18:18:26,0,0,5.263158,0,0,93.48371,1.0025063,0.2506266,0
2022-07-15 18:18:25,0,0,4.522613,0.5025126,0,92.21106,1.758794,0.2512563,0
2022-07-15 18:18:24,0,0,5.486284,0,0,92.5187,1.4962594,0,0
2022-07-15 18:18:23,0,0,4.477612,0.2487562,0,92.78607,1.2437811,0.2487562,0.2487562
2022-07-15 18:18:22,0,0,5.486284,0.2493766,0,91.5212,1.745636,0.7481297,0
2022-07-15 18:18:21,0,0,4.522613,0.5025126,0,92.21106,2.261307,0,0
2022-07-15 18:18:20,0,0,5.223881,0.2487562,0,92.53731,1.2437811,0.2487562,0
2022-07-15 18:18:19,0,0,4.773869,0.5025126,0,92.96482,1.2562814,0,0
2022-07-15 18:18:18,0,0,5.735661,0.2493766,0,91.5212,1.995012,0.2493766,0
2022-07-15 18:18:17,0,0,4.477612,0.2487562,0,92.0398,1.4925373,0.2487562,0
2022-07-15 18:18:16,0,0,4.75,0,0,92.75,2,0.25,0
2022-07-15 18:18:15,0,0,5.025126,0.2512563,0,92.96482,1.5075377,0,0
2022-07-15 18:18:14,0,0,4.975124,0.2487562,0,93.03483,0.9950249,0.4975124,0
2022-07-15 18:18:13,0,0,5.025126,0.2512563,0,92.21106,1.758794,0.5025126,0
2022-07-15 18:18:12,0,0,5.012531,0,0,92.98246,1.2531328,0.2506266,0
2022-07-15 18:18:11,0,0,5.25,0.5,0,91.75,1.75,0.25,0
2022-07-15 18:18:10,0,0,4.975124,0.2487562,0,92.53731,1.2437811,0.4975124,0
2022-07-15 18:18:09,0,0,5,0.25,0,92,1.5,0,0.5
2022-07-15 18:18:08,0,0,4.773869,0,0,93.71859,1.2562814,0,0
2022-07-15 18:18:07,0,0,4.987531,0.2493766,0,92.01995,1.995012,0.2493766,0
2022-07-15 18:18:06,0,0,5.223881,0,0,93.03483,1.4925373,0,0
2022-07-15 18:18:05,0,0,5.25,0.25,0,90.5,2,0.25,0.25
2022-07-15 18:18:04,0,0,5.236908,0.2493766,0,92.26933,1.2468828,0,0
2022-07-15 18:18:03,0,0,4,0.5,0,91.5,2,0,0.5
2022-07-15 18:18:02,0,0,5.25,0.25,0,92.75,1.25,0,0
2022-07-15 18:18:01,0,0,4.761905,0,0,93.23308,1.5037594,0,0
2022-07-15 18:18:00,0,0,5.012531,0.2506266,0,92.4812,1.5037594,0.2506266,0
2022-07-15 18:17:59,0,0,5.5,0.25,0,92.5,1.25,0.25,0
2022-07-15 18:17:58,0,0,5.025126,0.2512563,0,92.46231,1.758794,0.2512563,0
2022-07-15 18:17:57,0,0,5.236908,0.4987531,0,91.77057,1.745636,0.2493766,0
2022-07-15 18:17:56,0,0,5.75,0.25,0,92,1.75,0,0
2022-07-15 18:17:55,0,0,5.037783,0,0,93.45088,1.2594458,0,0
2022-07-15 18:17:54,0,0,4.75,0,0,93,1.75,0.25,0
2022-07-15 18:17:53,0,0,5.289673,0.5037783,0,92.69521,1.2594458,0,0
2022-07-15 18:17:52,0,0,5.223881,0,0,91.29353,1.4925373,0.2487562,0.4975124
2022-07-15 18:17:51,0,0,4.738155,0,0,93.26683,1.4962594,0,0
2022-07-15 18:17:50,0,0,4.75,0.25,0,93.75,1,0.25,0
2022-07-15 18:17:49,0,0,5.236908,0.2493766,0,92.76808,0.9975062,0.2493766,0
2022-07-15 18:17:48,0,0,4.761905,0.5012531,0,93.23308,1.0025063,0.2506266,0.2506266
2022-07-15 18:17:47,0,0,5.236908,0,0,92.5187,1.4962594,0.2493766,0
2022-07-15 18:17:46,0,0,4.522613,0,0,93.96985,1.5075377,0,0
2022-07-15 18:17:45,0,0,5.721393,0.4975124,0,91.79104,0.9950249,0.2487562,0
2022-07-15 18:17:44,0,0,5.037783,0.5037783,0,91.93955,2.015113,0,0
2022-07-15 18:17:43,0,0,5.012531,0.2506266,0,92.98246,1.0025063,0.2506266,0
2022-07-15 18:17:42,0,0,4.738155,0.2493766,0,93.01746,1.745636,0,0
2022-07-15 18:17:41,0,0,5.5,0.5,0,91.75,1,0.25,0.25
2022-07-15 18:17:40,0,0,5.037783,0.2518892,0,91.93955,1.763224,0.2518892,0
2022-07-15 18:17:39,0,0,4.488778,0,0,93.76559,1.2468828,0.2493766,0
2022-07-15 18:17:38,0,0,4.950495,0.4950495,0,90.34653,1.980198,0.2475248,0.2475248
2022-07-15 18:17:37,0,0,5,0.25,0,92.75,1.25,0.25,0
2022-07-15 18:17:36,0,0,4.761905,0,0,92.73183,2.005013,0.2506266,0
2022-07-15 18:17:35,0,0,5.486284,0.4987531,0,91.5212,1.745636,0,0.2493766
2022-07-15 18:17:34,0,0,4.534005,0.2518892,0,93.45088,1.2594458,0.2518892,0
2022-07-15 18:17:33,0,0,5.5,0,0,92.25,1.25,0.25,0
2022-07-15 18:17:32,0,0,4.773869,0,0,92.71357,1.758794,0.5025126,0
2022-07-15 18:17:31,0,0,5.276382,0.2512563,0,92.21106,1.758794,0,0
2022-07-15 18:17:30,0,0,4.738155,0,0,93.26683,1.4962594,0.2493766,0
2022-07-15 18:17:29,0,0,5.25,0.25,0,92,1.5,0.25,0
2022-07-15 18:17:28,0,0,4.511278,0,0,93.73434,1.2531328,0,0
2022-07-15 18:17:27,0,0,6.234414,0.2493766,0,91.02244,1.745636,0.2493766,0
2022-07-15 18:17:26,0,0,4.75,0.25,0,92.75,1.75,0.25,0
2022-07-15 18:17:25,0,0,4.488778,0.2493766,0,93.26683,0.9975062,0.2493766,0
2022-07-15 18:17:24,0,0,4.511278,0,0,92.73183,2.005013,0.2506266,0
2022-07-15 18:17:23,0,0,5.25,0.25,0,91.5,2.25,0.25,0
2022-07-15 18:17:22,0,0,4.75,0,0,93.5,1.25,0,0
2022-07-15 18:17:21,0,0,5.486284,0.2493766,0,90.52369,1.745636,0.4987531,0.2493766
2022-07-15 18:17:20,0,0,4.726368,0.2487562,0,93.53234,0.7462687,0.2487562,0
2022-07-15 18:17:19,0,0,5.778894,0.5025126,0,90.95477,2.01005,0,0
2022-07-15 18:17:18,0,0,4.260652,0,0,92.23058,1.754386,0,1.2531328
2022-07-15 18:17:17,0,0,4.738155,0.2493766,0,92.76808,1.4962594,0.4987531,0
2022-07-15 18:17:16,0,0,5,0,0,92.75,1.25,0.25,0
2022-07-15 18:17:15,0,0,6.015038,0.2506266,0,90.97744,2.005013,0,0.2506266
2022-07-15 18:17:14,0,0,3.740648,0,0,94.26434,0.9975062,0.2493766,0
2022-07-15 18:17:13,0,0,6,0.5,0,89.75,1.75,0.25,0.5
2022-07-15 18:17:12,0,0,4.511278,0.2506266,0,93.48371,1.2531328,0.2506266,0
2022-07-15 18:17:11,0,0,5.513784,0.2506266,0,91.97995,1.5037594,0,0.2506266
2022-07-15 18:17:10,0,0,4.987531,0,0,92.26933,1.4962594,0.2493766,0.4987531
2022-07-15 18:17:09,0,0,5.764411,0.2506266,0,92.98246,0.7518797,0.2506266,0
2022-07-15 18:17:08,0,0,3.007519,0.2506266,0,95.48872,0.7518797,0,0.2506266
2022-07-15 18:17:07,0,0,4.75,0.25,0,92.5,1.25,0.5,0.75
2022-07-15 18:17:06,0,0,4,0,0,93,1.5,0,1
2022-07-15 18:17:05,0,0,5.721393,0,0,91.54229,1.741294,0.4975124,0
2022-07-15 18:17:04,0,0,5.025126,0,0,93.21608,1.5075377,0,0
2022-07-15 18:17:03,0,0,4.987531,0.2493766,0,92.26933,1.4962594,0.2493766,0
2022-07-15 18:17:02,0,0,5.25,0,0,93,1.5,0.25,0
2022-07-15 18:17:01,0,0,4.761905,0,0,91.72932,1.2531328,0,1.5037594
2022-07-15 18:17:00,0,0,4.738155,0,0,93.26683,1.2468828,0.2493766,0.2493766
2022-07-15 18:16:59,0,0,5,0.5,0,91,3,0,0
2022-07-15 18:16:58,0,0,4.761905,0.2506266,0,92.23058,2.255639,0.2506266,0
2022-07-15 18:16:57,0,0,5.25,0.25,0,92.5,1.5,0,0
2022-07-15 18:16:56,0,0,4.975124,0.2487562,0,92.53731,1.4925373,0,0
2022-07-15 18:16:55,0,0,4.773869,0,0,92.96482,1.5075377,0,0
2022-07-15 18:16:54,0,0,4.75,0,0,93,1.75,0.25,0
2022-07-15 18:16:53,0,0,5.75,0.25,0,90.25,1.75,0.25,1
2022-07-15 18:16:52,0,0,3.473945,0.248139,0,93.54839,1.985112,0,0
2022-07-15 18:16:51,0,0,5.541562,0.2518892,0,92.44332,1.511335,0,0
2022-07-15 18:16:50,0,0,4.75,0,0,93.25,1.25,0.25,0
2022-07-15 18:16:49,0,0,5.75,0.25,0,91.25,1.5,0.25,0.5
2022-07-15 18:16:48,0,0,3.768844,0.5025126,0,93.96985,1.5075377,0,0
2022-07-15 18:16:47,0,0,5.541562,0.2518892,0,90.93199,1.511335,0.2518892,0.7556675
2022-07-15 18:16:46,0,0,4.218362,0.248139,0,93.30025,1.4888337,0,0.248139
2022-07-15 18:16:45,0,0,5.25,0,0,92,1.75,0.25,0
2022-07-15 18:16:44,0,0,4.75,0.25,0,93.25,1.5,0.25,0
2022-07-15 18:16:43,0,0,5.5,0,0,92,1.75,0.25,0
2022-07-15 18:16:42,0,0,4.522613,0.2512563,0,93.96985,1.0050251,0,0
2022-07-15 18:16:41,0,0,5.472637,0.2487562,0,91.79104,1.741294,0.2487562,0
2022-07-15 18:16:40,0,0,4.511278,0.2506266,0,94.23559,0.7518797,0,0
2022-07-15 18:16:39,0,0,5.25,0,0,93,1.5,0.25,0
2022-07-15 18:16:38,0,0,5,0.25,0,92.75,1.5,0,0
2022-07-15 18:16:37,0,0,5.012531,0,0,92.73183,2.005013,0,0
2022-07-15 18:16:36,0,0,5.472637,0,0,91.29353,1.741294,0.2487562,0
2022-07-15 18:16:35,0,0,4.5,0.5,0,93.25,1.5,0,0
2022-07-15 18:16:34,0,0,5.012531,0.2506266,0,92.73183,1.2531328,0.2506266,0
2022-07-15 18:16:33,0,0,4.785894,0.2518892,0,92.69521,1.511335,0,0
2022-07-15 18:16:32,0,0,5,0.5,0,92.75,1.25,0.25,0
2022-07-15 18:16:31,0,0,5.223881,0.4975124,0,92.0398,1.4925373,0.2487562,0
2022-07-15 18:16:30,0,0,4.773869,0,0,93.21608,1.2562814,0.2512563,0
2022-07-15 18:16:29,0,0,5.025126,0.5025126,0,92.46231,1.758794,0,0
2022-07-15 18:16:28,0,0,5.472637,0.2487562,0,92.53731,1.2437811,0,0
2022-07-15 18:16:27,0,0,4.477612,0.2487562,0,91.79104,0.9950249,0.2487562,1.741294
2022-07-15 18:16:26,0,0,5,0,0,93,1.5,0.25,0
2022-07-15 18:16:25,0,0,4.785894,0,0,93.95466,1.0075567,0,0
2022-07-15 18:16:24,0,0,5.970149,0.2487562,0,89.801,2.238806,0,0.2487562
2022-07-15 18:16:23,0,0,3.740648,0,0,94.26434,1.2468828,0.2493766,0
2022-07-15 18:16:22,0,0,5.5,0.5,0,92.25,1,0.25,0.25
2022-07-15 18:16:21,0,0,3.731343,0.4975124,0,92.78607,1.99005,0.4975124,0
2022-07-15 18:16:20,0,0,5.037783,0,0,92.9471,1.511335,0.2518892,0
2022-07-15 18:16:19,0,0,4.511278,0,0,93.73434,1.5037594,0,0
2022-07-15 18:16:18,0,0,5.19802,0.2475248,0,92.32673,1.4851485,0.2475248,0
2022-07-15 18:16:17,0,0,4.260652,0,0,94.23559,1.2531328,0,0
2022-07-15 18:16:16,0,0,5.527638,0.2512563,0,91.9598,1.5075377,0.2512563,0
2022-07-15 18:16:15,0,0,4.511278,0.2506266,0,93.48371,1.5037594,0,0
2022-07-15 18:16:14,0,0,5.513784,0.2506266,0,91.97995,1.5037594,0,0
2022-07-15 18:16:13,0,0,4.5,0.25,0,93,1.5,0.25,0
2022-07-15 18:16:12,0,0,4.987531,0.2493766,0,91.77057,2.244389,0.2493766,0
2022-07-15 18:16:11,0,0,4.511278,0,0,92.4812,2.005013,0.2506266,0
2022-07-15 18:16:10,0,0,4.987531,0.4987531,0,91.02244,0.9975062,0.4987531,1.4962594
2022-07-15 18:16:09,0,0,4.010025,0.5012531,0,93.48371,1.754386,0,0
2022-07-15 18:16:08,0,0,4.71464,0,0,93.30025,1.2406948,0.4962779,0
2022-07-15 18:16:07,0,0,5.037783,0.2518892,0,92.19144,2.015113,0.2518892,0
2022-07-15 18:16:06,0,0,4.773869,0.2512563,0,93.21608,1.2562814,0,0
2022-07-15 18:16:05,0,0,5.223881,0.2487562,0,92.28856,1.4925373,0.2487562,0
2022-07-15 18:16:04,0,0,5,0.25,0,92.5,1.5,0.25,0.25
2022-07-15 18:16:03,0,0,4.773869,0,0,93.96985,1.2562814,0,0
2022-07-15 18:16:02,0,0,5.012531,0.2506266,0,90.97744,1.754386,0,1.0025063
2022-07-15 18:16:01,0,0,4.25,0,0,94,1.25,0.25,0
2022-07-15 18:16:00,0,0,4.726368,0.2487562,0,92.78607,1.2437811,0.2487562,0
2022-07-15 18:15:59,0,0,5.276382,0.2512563,0,92.96482,1.0050251,0.2512563,0
2022-07-15 18:15:58,0,0,4.71464,0.4962779,0,90.81886,1.736973,0.248139,0.7444169
2022-07-15 18:15:57,0,0,5.25,0,0,92.5,1.75,0.25,0
2022-07-15 18:15:56,0,0,4,0.25,0,92,1.25,0.25,1.5
2022-07-15 18:15:55,0,0,4.785894,0.5037783,0,92.9471,1.2594458,0.2518892,0
2022-07-15 18:15:54,0,0,4.726368,0.2487562,0,93.03483,1.2437811,0.2487562,0
2022-07-15 18:15:53,0,0,5.025126,0.2512563,0,92.71357,1.2562814,0,0
2022-07-15 18:15:52,0,0,4.75,0.25,0,92.75,1.25,0.75,0
2022-07-15 18:15:51,0,0,5.276382,0.5025126,0,91.9598,1.5075377,0.2512563,0
2022-07-15 18:15:50,0,0,4.738155,0.2493766,0,93.01746,1.4962594,0,0
2022-07-15 18:15:49,0,0,4.761905,0,0,93.23308,1.5037594,0.2506266,0
2022-07-15 18:15:48,0,0,4.761905,0.2506266,0,92.73183,1.5037594,0.2506266,0
2022-07-15 18:15:47,0,0,4.975124,0.2487562,0,92.53731,1.741294,0,0
2022-07-15 18:15:46,0,0,4.738155,0,0,93.51621,1.2468828,0.2493766,0
2022-07-15 18:15:45,0,0,5.527638,0.2512563,0,91.70854,2.01005,0.2512563,0
2022-07-15 18:15:44,0,0,3.482587,0.2487562,0,93.03483,0.9950249,0,1.741294
2022-07-15 18:15:43,0,0,4.773869,0,0,93.21608,1.2562814,0.2512563,0
2022-07-15 18:15:42,0,0,5.263158,0.2506266,0,93.23308,1.0025063,0,0
2022-07-15 18:15:41,0,0,4.75,0.25,0,93,1.5,0.25,0
2022-07-15 18:15:40,0,0,4.738155,0.2493766,0,93.01746,1.2468828,0,0
2022-07-15 18:15:39,0,0,4.75,0.25,0,93,1.25,0.5,0
2022-07-15 18:15:38,0,0,5.289673,0.2518892,0,92.9471,0.7556675,0,0
2022-07-15 18:15:37,0,0,5.707196,0.248139,0,90.81886,1.4888337,0.4962779,0.9925558
2022-07-15 18:15:36,0,0,3.526448,0,0,93.70277,1.2594458,0.2518892,0.5037783
2022-07-15 18:15:35,0,0,5,0.25,0,91.75,2.5,0.25,0
2022-07-15 18:15:34,0,0,4.761905,0.2506266,0,93.23308,1.2531328,0.2506266,0
2022-07-15 18:15:33,0,0,5.5,0.25,0,91,1.5,0,0.75
2022-07-15 18:15:32,0,0,4.260652,0,0,93.48371,1.754386,0.2506266,0
2022-07-15 18:15:31,0,0,5.236908,0.2493766,0,91.5212,1.4962594,0,0
2022-07-15 18:15:30,0,0,4.271357,0,0,94.22111,1.0050251,0.2512563,0
2022-07-15 18:15:29,0,0,4.75,0.25,0,92.75,1.75,0,0
2022-07-15 18:15:28,0,0,4.738155,0,0,93.26683,1.2468828,0.2493766,0.2493766
2022-07-15 18:15:27,0,0,4.987531,0,0,93.26683,1.2468828,0,0
2022-07-15 18:15:26,0,0,4.511278,0.2506266,0,93.23308,1.2531328,0.2506266,0
2022-07-15 18:15:25,0,0,5,0.25,0,93,1.5,0,0
2022-07-15 18:15:24,0,0,5,0,0,92.5,1.75,0.5,0
2022-07-15 18:15:23,0,0,4.5,0.25,0,93,1.5,0,0
2022-07-15 18:15:22,0,0,5.025126,0.2512563,0,92.96482,1.5075377,0,0
2022-07-15 18:15:21,0,0,4.271357,0.2512563,0,93.96985,1.0050251,0.2512563,0
2022-07-15 18:15:20,0,0,4.975124,0.4975124,0,91.29353,2.487562,0.2487562,0
2022-07-15 18:15:19,0,0,4.477612,0.2487562,0,92.53731,1.2437811,0,0.9950249
2022-07-15 18:15:18,0,0,4.785894,0.2518892,0,93.19899,1.511335,0,0
2022-07-15 18:15:17,0,0,4.738155,0.2493766,0,92.76808,1.2468828,0.2493766,0
2022-07-15 18:15:16,0,0,4.987531,0.4987531,0,92.5187,1.745636,0,0
2022-07-15 18:15:15,0,0,4.488778,0.2493766,0,92.26933,2.244389,0,0
2022-07-15 18:15:14,0,0,5,0.25,0,92.75,1.5,0.25,0
2022-07-15 18:15:13,0,0,4.511278,0,0,93.73434,1.0025063,0.2506266,0
2022-07-15 18:15:12,0,0,5.486284,0.4987531,0,92.26933,1.2468828,0,0
2022-07-15 18:15:11,0,0,4.761905,0.2506266,0,90.97744,3.007519,0,0
2022-07-15 18:15:10,0,0,4.761905,0.2506266,0,93.23308,1.0025063,0.2506266,0
2022-07-15 18:15:09,0,0,4.511278,0.2506266,0,93.73434,1.0025063,0,0
2022-07-15 18:15:08,0,0,5.289673,0.2518892,0,91.68766,1.763224,0.2518892,0.2518892
2022-07-15 18:15:07,0,0,4.477612,0.2487562,0,93.03483,1.2437811,0.2487562,0
2022-07-15 18:15:06,0,0,5,0.25,0,92.75,1.5,0.25,0
2022-07-15 18:15:05,0,0,4.773869,0.2512563,0,91.70854,1.2562814,0,1.0050251
2022-07-15 18:15:04,0,0,5.210918,0.4962779,0,91.81141,1.736973,0.248139,0
2022-07-15 18:15:03,0,0,4.271357,0,0,93.96985,1.2562814,0.2512563,0
2022-07-15 18:15:02,0,0,5,0.25,0,93,1,0.25,0
2022-07-15 18:15:01,0,0,4.761905,0,0,93.23308,1.5037594,0,0
2022-07-15 18:15:00,0,0,4.75,0.25,0,93.25,1.5,0,0
2022-07-15 18:14:59,0,0,4.761905,0,0,92.98246,1.5037594,0.2506266,0
2022-07-15 18:14:58,0,0,4.773869,0.5025126,0,93.21608,0.7537688,0,0
2022-07-15 18:14:57,0,0,5.012531,0,0,92.98246,1.754386,0.2506266,0
2022-07-15 18:14:56,0,0,4.962779,0.248139,0,91.56328,1.985112,0.4962779,0
2022-07-15 18:14:55,0,0,4.761905,0.2506266,0,93.73434,1.0025063,0,0
2022-07-15 18:14:54,0,0,5,0.5,0,90.25,1.75,0.25,0.75
2022-07-15 18:14:53,0,0,4.5,0,0,93.25,1.75,0.25,0
2022-07-15 18:14:52,0,0,4.75,0.25,0,93,1.5,0.25,0
2022-07-15 18:14:51,0,0,5,0,0,92.5,1.25,0.25,0.25
2022-07-15 18:14:50,0,0,4.534005,0.2518892,0,92.9471,1.763224,0.2518892,0
2022-07-15 18:14:49,0,0,4.987531,0.2493766,0,92.01995,1.995012,0.2493766,0
2022-07-15 18:14:48,0,0,4.738155,0.2493766,0,93.01746,1.745636,0,0
2022-07-15 18:14:47,0,0,5.012531,0,0,93.48371,1.2531328,0,0
2022-07-15 18:14:46,0,0,5.513784,0,0,91.97995,1.2531328,0.2506266,0.2506266
2022-07-15 18:14:45,0,0,3.75,0,0,94.5,1.25,0,0
2022-07-15 18:14:44,0,0,4.75,0.5,0,93,1.5,0,0
2022-07-15 18:14:43,0,0,4.761905,0,0,93.48371,1.2531328,0.2506266,0
2022-07-15 18:14:42,0,0,5.012531,0.2506266,0,91.4787,1.0025063,0,0.5012531
2022-07-15 18:14:41,0,0,4.228856,0,0,93.53234,1.2437811,0.4975124,0
2022-07-15 18:14:40,0,0,5,0.5,0,90.25,1.75,0.25,0.75
2022-07-15 18:14:39,0,0,4.010025,0.2506266,0,93.48371,1.754386,0.2506266,0
2022-07-15 18:14:38,0,0,4.773869,0.2512563,0,92.46231,1.758794,0.2512563,0
2022-07-15 18:14:37,0,0,4.738155,0.2493766,0,93.51621,0.9975062,0.2493766,0
2022-07-15 18:14:36,0,0,4.75,0,0,92.5,1.75,0.25,0
2022-07-15 18:14:35,0,0,4.726368,0.2487562,0,92.78607,1.741294,0,0
2022-07-15 18:14:34,0,0,5.012531,0.2506266,0,92.98246,1.5037594,0,0
2022-07-15 18:14:33,0,0,4.738155,0,0,92.5187,1.745636,0.2493766,0
2022-07-15 18:14:32,0,0,4.987531,0.2493766,0,92.26933,1.745636,0.2493766,0
2022-07-15 18:14:31,0,0,4.773869,0.2512563,0,93.21608,1.2562814,0.2512563,0
2022-07-15 18:14:30,0,0,5,0.5,0,92.5,1.5,0.25,0
2022-07-15 18:14:29,0,0,5.19802,0,0,91.58416,1.4851485,0.2475248,0.2475248
2022-07-15 18:14:28,0,0,4.522613,0,0,94.47236,0.5025126,0,0
2022-07-15 18:14:27,0,0,4.522613,0,0,93.46734,1.758794,0,0
2022-07-15 18:14:26,0,0,4.738155,0.2493766,0,93.01746,1.4962594,0,0
2022-07-15 18:14:25,0,0,4.75,0.5,0,92,2,0.25,0
2022-07-15 18:14:24,0,0,4.738155,0.2493766,0,93.01746,1.4962594,0.2493766,0
2022-07-15 18:14:23,0,0,4.738155,0.2493766,0,93.51621,0.9975062,0.2493766,0
2022-07-15 18:14:22,0,0,5,0,0,92,2,0,0
2022-07-15 18:14:21,0,0,4.260652,0.2506266,0,92.98246,1.754386,0.2506266,0
2022-07-15 18:14:20,0,0,5.459057,0.248139,0,91.067,1.4888337,0.248139,0.7444169
2022-07-15 18:14:19,0,0,3.75,0,0,94,1.5,0,0
2022-07-15 18:14:18,0,0,5.472637,0.2487562,0,92.0398,1.741294,0.2487562,0
2022-07-15 18:14:17,0,0,5.025126,0.2512563,0,93.21608,1.2562814,0,0
2022-07-15 18:14:16,0,0,4,0.25,0,92.75,1.75,0.25,0.25
2022-07-15 18:14:15,0,0,5.012531,0,0,93.73434,1.0025063,0,0
2022-07-15 18:14:14,0,0,5,0.25,0,92.25,1.5,0,0
2022-07-15 18:14:13,0,0,4.761905,0.2506266,0,92.98246,1.5037594,0,0
2022-07-15 18:14:12,0,0,4.738155,0,0,93.26683,1.2468828,0.4987531,0
2022-07-15 18:14:11,0,0,5.513784,0.2506266,0,92.4812,1.5037594,0,0
2022-07-15 18:14:10,0,0,4.466501,0.248139,0,93.05211,1.736973,0.248139,0
2022-07-15 18:14:09,0,0,5.263158,0.2506266,0,92.4812,1.5037594,0,0.2506266
2022-07-15 18:14:08,0,0,5.012531,0.2506266,0,92.73183,1.5037594,0.2506266,0
2022-07-15 18:14:07,0,0,5.236908,0.2493766,0,92.26933,1.745636,0.2493766,0
2022-07-15 18:14:06,0,0,5.276382,0.2512563,0,92.21106,1.758794,0,0
2022-07-15 18:14:05,0,0,5.486284,0.2493766,0,91.5212,1.995012,0.4987531,0
2022-07-15 18:14:04,0,0,5.735661,0,0,91.5212,1.4962594,0.2493766,0
2022-07-15 18:14:03,0,0,4.25,0.25,0,92.25,1.25,0.25,0.5
2022-07-15 18:14:02,0,0,4.534005,0,0,94.45844,0.7556675,0,0
2022-07-15 18:14:01,0,0,5.236908,0.2493766,0,91.77057,1.745636,0.2493766,0
2022-07-15 18:14:00,0,0,4.79798,0.2525253,0,92.92929,1.5151515,0,0
2022-07-15 18:13:59,0,0,5.25,0.25,0,92,1.75,0.25,0
2022-07-15 18:13:58,0,0,4.738155,0.2493766,0,92.76808,1.2468828,0.4987531,0
2022-07-15 18:13:57,0,0,5.30303,0.2525253,0,92.92929,1.010101,0.2525253,0
2022-07-15 18:13:56,0,0,4.239401,0.4987531,0,92.76808,1.4962594,0.2493766,0
2022-07-15 18:13:55,0,0,6.015038,0,0,91.72932,1.754386,0,0
2022-07-15 18:13:54,0,0,3.740648,0.4987531,0,94.01496,1.2468828,0.2493766,0
2022-07-15 18:13:53,0,0,5.486284,0.2493766,0,92.5187,1.2468828,0.2493766,0
2022-07-15 18:13:52,0,0,4.488778,0,0,93.76559,1.4962594,0,0
2022-07-15 18:13:51,0,0,5.793451,0.2518892,0,89.67254,2.015113,0.2518892,1.0075567
2022-07-15 18:13:50,0,0,3.990025,0.2493766,0,93.76559,1.2468828,0.2493766,0
2022-07-15 18:13:49,0,0,5.955335,0.248139,0,87.59305,2.977667,0.248139,1.736973
2022-07-15 18:13:48,0,0,4.020101,0.2512563,0,93.71859,1.5075377,0.2512563,0
2022-07-15 18:13:47,0,0,5.276382,0.5025126,0,92.71357,1.2562814,0,0
2022-07-15 18:13:46,0,0,5.263158,0,0,92.4812,1.5037594,0.2506266,0
2022-07-15 18:13:45,0,0,5.012531,0.2506266,0,92.98246,1.0025063,0.2506266,0
2022-07-15 18:13:44,0,0,4.738155,0.4987531,0,92.76808,1.4962594,0,0
2022-07-15 18:13:43,0,0,5.764411,0,0,92.98246,1.0025063,0,0
2022-07-15 18:13:42,0,0,4.5,0,0,93.75,1.25,0.25,0
2022-07-15 18:13:41,0,0,5.223881,0,0,92.78607,1.2437811,0.2487562,0
2022-07-15 18:13:40,0,0,5.012531,0.2506266,0,92.73183,1.5037594,0.2506266,0
2022-07-15 18:13:39,0,0,5.513784,0.2506266,0,91.4787,1.754386,0,0.2506266
2022-07-15 18:13:38,0,0,4.975124,0.2487562,0,90.54726,1.4925373,0.2487562,0.4975124
2022-07-15 18:13:37,0,0,4.010025,0,0,94.23559,1.2531328,0.2506266,0
2022-07-15 18:13:36,0,0,4.25,0.25,0,93.25,1.5,0.25,0
2022-07-15 18:13:35,0,0,5.5,0.25,0,92.25,1.25,0.25,0
2022-07-15 18:13:34,0,0,4.511278,0.2506266,0,92.73183,2.005013,0,0.2506266
2022-07-15 18:13:33,0,0,5.276382,0.2512563,0,92.71357,1.2562814,0.2512563,0
2022-07-15 18:13:32,0,0,4.773869,0.2512563,0,92.46231,1.758794,0,0
2022-07-15 18:13:31,0,0,5.276382,0.2512563,0,92.46231,1.2562814,0,0
2022-07-15 18:13:30,0,0,5.735661,0,0,90.77307,1.2468828,0.4987531,0.9975062
2022-07-15 18:13:29,0,0,4.260652,0.5012531,0,92.4812,1.754386,0,0
2022-07-15 18:13:28,0,0,4.5,0.25,0,93,1.75,0.25,0
2022-07-15 18:13:27,0,0,5.541562,0.5037783,0,91.68766,1.763224,0.2518892,0
2022-07-15 18:13:26,0,0,5.459057,0.248139,0,90.32258,2.233251,0.248139,0.7444169
2022-07-15 18:13:25,0,0,4.3257,0.2544529,0,93.63868,1.2722646,0,0
2022-07-15 18:13:24,0,0,5.236908,0.4987531,0,91.5212,1.745636,0.2493766,0.2493766
2022-07-15 18:13:23,0,0,4.773869,0,0,90.45226,1.758794,0,1.758794
2022-07-15 18:13:22,0,0,4.75,0.5,0,93,1.5,0,0
2022-07-15 18:13:21,0,0,5.263158,0.2506266,0,92.98246,1.0025063,0,0
2022-07-15 18:13:20,0,0,5.037783,0.2518892,0,92.69521,1.511335,0.2518892,0
2022-07-15 18:13:19,0,0,5,0.25,0,93.25,1,0,0
2022-07-15 18:13:18,0,0,5,0.25,0,92.75,1.25,0.5,0
2022-07-15 18:13:17,0,0,5.012531,0,0,92.73183,1.754386,0,0.2506266
2022-07-15 18:13:16,0,0,4.738155,0.2493766,0,93.76559,0.9975062,0,0
2022-07-15 18:13:15,0,0,5,0.25,0,92.75,1.25,0.25,0
2022-07-15 18:13:14,0,0,5.236908,0.2493766,0,92.26933,1.745636,0,0
2022-07-15 18:13:13,0,0,6.265664,0,0,91.22807,1.754386,0.2506266,0
2022-07-15 18:13:12,0,0,4,0.25,0,91.25,1.75,0,1.25
2022-07-15 18:13:11,0,0,4.010025,0,0,94.23559,1.2531328,0,0
2022-07-15 18:13:10,0,0,5.25,0,0,92,1.75,0.25,0
2022-07-15 18:13:09,0,0,5,0,0,91.75,2.5,0,0
2022-07-15 18:13:08,0,0,5.486284,0.2493766,0,92.01995,1.745636,0,0.2493766
2022-07-15 18:13:07,0,0,4.987531,0.2493766,0,92.76808,1.4962594,0.2493766,0
2022-07-15 18:13:06,0,0,5.5,0,0,92.25,1.75,0.25,0
2022-07-15 18:13:05,0,0,5.793451,0.2518892,0,90.93199,2.267003,0.2518892,0.2518892
2022-07-15 18:13:04,0,0,5,0,0,91.75,1.75,0.25,0
2022-07-15 18:13:03,0,0,4.761905,0.2506266,0,93.23308,1.2531328,0,0
2022-07-15 18:13:02,0,0,5.236908,0,0,92.01995,1.995012,0.2493766,0
2022-07-15 18:13:01,0,0,4.75,0.5,0,91,2,0.25,0.25
2022-07-15 18:13:00,0,0,5.513784,0.2506266,0,90.47619,2.005013,0.2506266,0.5012531
2022-07-15 18:12:59,0,0,4.239401,0.2493766,0,93.26683,1.995012,0,0
2022-07-15 18:12:58,0,0,5.808081,0.2525253,0,88.38384,3.030303,0,0.5050505
2022-07-15 18:12:57,0,0,3.990025,0,0,93.51621,1.4962594,0.4987531,0
2022-07-15 18:12:56,0,0,5.5,0.25,0,92.75,1.25,0,0
2022-07-15 18:12:55,0,0,4.260652,0.2506266,0,93.98496,1.2531328,0,0
2022-07-15 18:12:54,0,0,5.486284,0.2493766,0,92.01995,1.4962594,0.2493766,0
2022-07-15 18:12:53,0,0,4.79798,0,0,92.92929,1.5151515,0,0
2022-07-15 18:12:52,0,0,4.987531,0.2493766,0,92.26933,1.995012,0.2493766,0
2022-07-15 18:12:51,0,0,5.037783,0.2518892,0,92.19144,1.2594458,0.2518892,0
2022-07-15 18:12:50,0,0,4.987531,0.4987531,0,92.5187,1.2468828,0.2493766,0
2022-07-15 18:12:49,0,0,5.985037,0,0,92.01995,1.4962594,0,0
2022-07-15 18:12:48,0,0,5.037783,0,0,92.19144,2.015113,0,0
2022-07-15 18:12:47,0,0,5.764411,0,0,90.72682,2.005013,0.2506266,0.2506266
2022-07-15 18:12:46,0,0,4.228856,0.2487562,0,93.03483,1.741294,0.2487562,0
2022-07-15 18:12:45,0,0,4.761905,0.2506266,0,93.23308,1.5037594,0,0
2022-07-15 18:12:44,0,0,5.037783,0.2518892,0,92.44332,1.763224,0,0
2022-07-15 18:12:43,0,0,5,0.25,0,92.5,1.75,0.25,0
2022-07-15 18:12:42,0,0,4.75,0,0,94,0.75,0.25,0
2022-07-15 18:12:41,0,0,5.263158,0.2506266,0,92.4812,1.2531328,0,0
2022-07-15 18:12:40,0,0,4.511278,0.2506266,0,92.73183,1.754386,0.2506266,0.2506266
2022-07-15 18:12:39,0,0,5.721393,0.4975124,0,90.54726,1.2437811,0.2487562,0
2022-07-15 18:12:38,0,0,3.990025,0,0,94.51372,0.9975062,0,0.2493766
2022-07-15 18:12:37,0,0,4.773869,0.2512563,0,92.71357,1.5075377,0,0
2022-07-15 18:12:36,0,0,5,0,0,92.5,2,0,0
2022-07-15 18:12:35,0,0,5.75,0.25,0,91.5,1.75,0,0.25
2022-07-15 18:12:34,0,0,3.970223,0,0,94.04467,1.2406948,0.4962779,0
2022-07-15 18:12:33,0,0,5.316456,0.2531646,0,92.91139,1.2658228,0,0
2022-07-15 18:12:32,0,0,4.738155,0,0,92.26933,1.745636,0.2493766,0
2022-07-15 18:12:31,0,0,4.010025,0.2506266,0,93.73434,1.0025063,0,0.2506266
2022-07-15 18:12:30,0,0,5,0,0,93.75,0.75,0.25,0
2022-07-15 18:12:29,0,0,4.761905,0,0,93.48371,1.2531328,0.2506266,0
2022-07-15 18:12:28,0,0,5.263158,0.2506266,0,92.4812,1.754386,0,0
2022-07-15 18:12:27,0,0,4.738155,0.2493766,0,93.01746,1.2468828,0.2493766,0
2022-07-15 18:12:26,0,0,5.5,0.25,0,92.5,1,0.25,0
2022-07-15 18:12:25,0,0,5,0,0,93.25,1.5,0,0
2022-07-15 18:12:24,0,0,5.263158,0.2506266,0,93.23308,0.7518797,0.2506266,0
2022-07-15 18:12:23,0,0,4.75,0,0,93,1.5,0.25,0
2022-07-15 18:12:22,0,0,6.483791,0,0,91.27182,1.4962594,0,0
2022-07-15 18:12:21,0,0,4.020101,0,0,93.46734,1.758794,0.2512563,0
2022-07-15 18:12:20,0,0,4.522613,0.2512563,0,94.22111,0.7537688,0,0
2022-07-15 18:12:19,0,0,4.761905,0.2506266,0,92.23058,1.754386,0.2506266,0
2022-07-15 18:12:18,0,0,5,0,0,93,1.5,0,0
2022-07-15 18:12:17,0,0,5.037783,0.2518892,0,93.70277,0.7556675,0,0
2022-07-15 18:12:16,0,0,4.975124,0,0,92.53731,1.4925373,0.2487562,0.2487562
2022-07-15 18:12:15,0,0,5.276382,0.5025126,0,92.71357,1.0050251,0,0
2022-07-15 18:12:14,0,0,4.71464,0,0,92.80397,1.736973,0.248139,0
2022-07-15 18:12:13,0,0,4.773869,0.2512563,0,90.95477,1.2562814,0,2.01005
2022-07-15 18:12:12,0,0,5.012531,0,0,93.23308,1.2531328,0.2506266,0
2022-07-15 18:12:11,0,0,4.761905,0,0,92.98246,1.754386,0,0
2022-07-15 18:12:10,0,0,6.25,0.25,0,91.75,1.25,0,0
2022-07-15 18:12:09,0,0,4.488778,0.2493766,0,91.02244,1.2468828,0,2.244389
2022-07-15 18:12:08,0,0,6.766917,0,0,89.22306,2.506266,0.2506266,1.0025063
2022-07-15 18:12:07,0,0,3.5,0.5,0,92,1.5,0.25,1
2022-07-15 18:12:06,0,0,2.736318,0,0,95.27363,0.9950249,0.2487562,0.4975124
2022-07-15 18:12:05,0,0,5.276382,0.2512563,0,92.71357,1.2562814,0,0
2022-07-15 18:12:04,0,0,5.25,0.25,0,92.5,1.5,0,0
2022-07-15 18:12:03,0,0,4.75,0.25,0,93.5,1,0.5,0
2022-07-15 18:12:02,0,0,4.761905,0,0,92.98246,1.2531328,0.2506266,0
2022-07-15 18:12:01,0,0,5.012531,0,0,93.98496,0.7518797,0,0
2022-07-15 18:12:00,0,0,4.987531,0.4987531,0,92.5187,1.4962594,0.2493766,0
2022-07-15 18:11:59,0,0,4.761905,0.2506266,0,91.97995,2.005013,0.2506266,0
2022-07-15 18:11:58,0,0,5.985037,0.4987531,0,92.01995,1.2468828,0,0
2022-07-15 18:11:57,0,0,5.263158,0.2506266,0,91.72932,2.005013,0,0
2022-07-15 18:11:56,0,0,4.455446,0.2475248,0,90.59406,1.732673,0.2475248,2.227723
2022-07-15 18:11:55,0,0,4.511278,0,0,93.73434,1.2531328,0.2506266,0
2022-07-15 18:11:54,0,0,5.25,0.25,0,92,2,0.25,0
2022-07-15 18:11:53,0,0,4.5,0,0,93.25,1.5,0.25,0
2022-07-15 18:11:52,0,0,5.25,0,0,92.5,1.75,0,0
2022-07-15 18:11:51,0,0,4.726368,0,0,93.03483,1.2437811,0.2487562,0.2487562
2022-07-15 18:11:50,0,0,5.289673,0,0,92.44332,1.511335,0.2518892,0
2022-07-15 18:11:49,0,0,4.738155,0.4987531,0,92.26933,1.995012,0,0
2022-07-15 18:11:48,0,0,5.778894,0,0,91.20603,1.758794,0,0.2512563
2022-07-15 18:11:47,0,0,4.030227,0.2518892,0,93.70277,1.511335,0.2518892,0
2022-07-15 18:11:46,0,0,4.962779,0.4962779,0,92.80397,1.4888337,0,0
2022-07-15 18:11:45,0,0,5.025126,0,0,92.71357,1.5075377,0.2512563,0
2022-07-15 18:11:44,0,0,6,0.25,0,89.75,1.5,0.5,1
2022-07-15 18:11:43,0,0,3.990025,0.2493766,0,94.51372,0.7481297,0.2493766,0
2022-07-15 18:11:42,0,0,5.012531,0,0,92.98246,1.754386,0,0
2022-07-15 18:11:41,0,0,5,0.25,0,91,1.75,0,0
2022-07-15 18:11:40,0,0,4.488778,0.7481297,0,92.5187,1.4962594,0.2493766,0
2022-07-15 18:11:39,0,0,4.761905,0,0,93.73434,1.0025063,0.2506266,0
2022-07-15 18:11:38,0,0,5.236908,0.2493766,0,92.76808,1.4962594,0,0
2022-07-15 18:11:37,0,0,4.975124,0.4975124,0,92.0398,1.2437811,0.7462687,0
2022-07-15 18:11:36,0,0,5.541562,0,0,93.45088,0.7556675,0,0
2022-07-15 18:11:35,0,0,4.511278,0.2506266,0,92.73183,1.754386,0.2506266,0
2022-07-15 18:11:34,0,0,5.276382,0.2512563,0,92.46231,1.758794,0,0
2022-07-15 18:11:33,0,0,5.012531,0.2506266,0,92.98246,1.2531328,0.2506266,0
2022-07-15 18:11:32,0,0,5.236908,0,0,92.5187,1.745636,0.2493766,0
2022-07-15 18:11:31,0,0,5,0.25,0,92,1.75,0.25,0.25
2022-07-15 18:11:30,0,0,4.239401,0.2493766,0,94.01496,0.9975062,0,0
2022-07-15 18:11:29,0,0,5.25,0,0,92.5,1.75,0.25,0
2022-07-15 18:11:28,0,0,4.975124,0.2487562,0,92.78607,1.4925373,0.2487562,0
2022-07-15 18:11:27,0,0,5.025126,0,0,93.71859,1.0050251,0,0
2022-07-15 18:11:26,0,0,4.975124,0.2487562,0,92.78607,1.2437811,0.2487562,0
2022-07-15 18:11:25,0,0,5.012531,0,0,92.98246,1.5037594,0.2506266,0
2022-07-15 18:11:24,0,0,4.761905,0.2506266,0,92.73183,1.754386,0,0
2022-07-15 18:11:23,0,0,5.236908,0.2493766,0,92.76808,1.2468828,0.2493766,0
2022-07-15 18:11:22,0,0,4.773869,0,0,92.71357,1.2562814,0.2512563,0.2512563
2022-07-15 18:11:21,0,0,4.738155,0,0,93.26683,1.4962594,0,0.2493766
2022-07-15 18:11:20,0,0,5,0.25,0,92.75,1,0.25,0
2022-07-15 18:11:19,0,0,5.050505,0,0,93.68687,1.2626263,0,0
2022-07-15 18:11:18,0,0,4.962779,0.4962779,0,89.57816,1.985112,0.248139,1.736973
2022-07-15 18:11:17,0,0,4.239401,0,0,93.51621,1.4962594,0.2493766,0
2022-07-15 18:11:16,0,0,5.985037,0,0,90.27431,1.4962594,0.2493766,1.4962594
2022-07-15 18:11:15,0,0,3.768844,0.2512563,0,94.22111,1.0050251,0,0.2512563
2022-07-15 18:11:14,0,0,4.975124,0.2487562,0,92.78607,1.4925373,0,0
2022-07-15 18:11:13,0,0,5.527638,0,0,92.71357,1.5075377,0,0
2022-07-15 18:11:12,0,0,5.263158,0.2506266,0,92.73183,1.0025063,0,0
2022-07-15 18:11:11,0,0,5.037783,0.2518892,0,92.69521,1.763224,0,0
2022-07-15 18:11:10,0,0,4.975124,0.2487562,0,92.78607,1.2437811,0.2487562,0
2022-07-15 18:11:09,0,0,4.962779,0.4962779,0,92.55583,1.4888337,0.248139,0
2022-07-15 18:11:08,0,0,4.822335,0,0,92.63959,1.5228426,0,0.2538071
2022-07-15 18:11:07,0,0,5.5,0.25,0,92.75,1,0.25,0
2022-07-15 18:11:06,0,0,5.940594,0,0,91.33663,1.980198,0.2475248,0
2022-07-15 18:11:05,0,0,4.271357,0.2512563,0,90.45226,1.5075377,0.2512563,3.015075
2022-07-15 18:11:04,0,0,5.012531,0.2506266,0,93.23308,1.2531328,0,0
2022-07-15 18:11:03,0,0,5.012531,0.7518797,0,92.23058,1.2531328,0.2506266,0
2022-07-15 18:11:02,0,0,4.738155,0.2493766,0,93.01746,1.2468828,0.2493766,0
2022-07-15 18:11:01,0,0,5.25,0.25,0,92.25,1.75,0.25,0
2022-07-15 18:11:00,0,0,5.236908,0.2493766,0,92.76808,0.9975062,0,0
2022-07-15 18:10:59,0,0,5,0.25,0,92.5,1.75,0.25,0
2022-07-15 18:10:58,0,0,5.541562,0.5037783,0,91.68766,1.763224,0,0
2022-07-15 18:10:57,0,0,5,0.25,0,91.5,0.75,0.25,1.5
2022-07-15 18:10:56,0,0,4.228856,0.4975124,0,93.53234,1.2437811,0.2487562,0
2022-07-15 18:10:55,0,0,5,0,0,93.25,1.25,0,0
2022-07-15 18:10:54,0,0,5.012531,0.2506266,0,92.4812,1.754386,0,0
2022-07-15 18:10:53,0,0,6.030151,0,0,90.45226,1.2562814,0.2512563,1.0050251
2022-07-15 18:10:52,0,0,3.778338,0.2518892,0,93.45088,1.2594458,0.2518892,0.2518892
2022-07-15 18:10:51,0,0,4.785894,0,0,93.19899,1.0075567,0.2518892,0
2022-07-15 18:10:50,0,0,5.25,0.25,0,91.5,1.5,0.25,0.5
2022-07-15 18:10:49,0,0,4.466501,0.248139,0,93.05211,1.4888337,0.248139,0
2022-07-15 18:10:48,0,0,5,0.25,0,92.5,1.75,0.25,0
2022-07-15 18:10:47,0,0,5.037783,0.2518892,0,91.93955,1.763224,0.5037783,0
2022-07-15 18:10:46,0,0,5.263158,0.2506266,0,92.73183,1.2531328,0.2506266,0
2022-07-15 18:10:45,0,0,4.975124,0.2487562,0,92.78607,1.741294,0,0
2022-07-15 18:10:44,0,0,5,0,0,93.5,1.25,0,0
2022-07-15 18:10:43,0,0,5,0.25,0,93,1,0.5,0
2022-07-15 18:10:42,0,0,5.30303,0,0,93.18182,1.010101,0,0
2022-07-15 18:10:41,0,0,4.738155,0.2493766,0,92.26933,1.995012,0,0
2022-07-15 18:10:40,0,0,5.276382,0,0,90.45226,1.5075377,0.2512563,1.758794
2022-07-15 18:10:39,0,0,4.25,0,0,94,1,0,0
2022-07-15 18:10:38,0,0,5,0,0,92.75,1.5,0.25,0
2022-07-15 18:10:37,0,0,4.726368,0.2487562,0,92.78607,1.4925373,0,0.2487562
2022-07-15 18:10:36,0,0,5.037783,0.2518892,0,92.19144,1.511335,0.2518892,0
2022-07-15 18:10:35,0,0,4.987531,0,0,93.26683,1.2468828,0.2493766,0
2022-07-15 18:10:34,0,0,5.012531,0.5012531,0,92.98246,1.2531328,0,0
2022-07-15 18:10:33,0,0,4.75,0,0,93.25,1.25,0.25,0
2022-07-15 18:10:32,0,0,5.75,0,0,92.25,2,0,0
2022-07-15 18:10:31,0,0,4.228856,0.4975124,0,90.29851,1.4925373,0.2487562,1.2437811
2022-07-15 18:10:30,0,0,5.012531,0,0,93.23308,1.5037594,0,0
2022-07-15 18:10:29,0,0,4.773869,0,0,92.96482,1.5075377,0.2512563,0
2022-07-15 18:10:28,0,0,5.472637,0.2487562,0,91.79104,1.4925373,0.4975124,0.2487562
2022-07-15 18:10:27,0,0,5.263158,0,0,92.73183,1.5037594,0,0
2022-07-15 18:10:26,0,0,4.5,0,0,93.5,1,0.25,0
2022-07-15 18:10:25,0,0,5.970149,0.2487562,0,90.79602,1.741294,0.2487562,0.2487562
2022-07-15 18:10:24,0,0,4.25,0,0,91.5,2,0.25,0.25
2022-07-15 18:10:23,0,0,4.785894,0,0,93.70277,1.2594458,0,0
2022-07-15 18:10:22,0,0,5,0.25,0,91.75,2,0.25,0
2022-07-15 18:10:21,0,0,5.012531,0.5012531,0,92.4812,1.5037594,0.2506266,0
2022-07-15 18:10:20,0,0,4.987531,0.2493766,0,92.5187,1.4962594,0.2493766,0
2022-07-15 18:10:19,0,0,5.25,0,0,93,1,0.25,0
2022-07-15 18:10:18,0,0,5,0.25,0,93.25,1.25,0.25,0
2022-07-15 18:10:17,0,0,5.263158,0.5012531,0,91.22807,1.754386,0.2506266,0
2022-07-15 18:10:16,0,0,4.987531,0.2493766,0,93.51621,1.2468828,0,0
2022-07-15 18:10:15,0,0,6.030151,0,0,91.45729,1.5075377,0.2512563,0
2022-07-15 18:10:14,0,0,3.517588,0.2512563,0,93.46734,1.0050251,0.2512563,0.2512563
2022-07-15 18:10:13,0,0,5.236908,0.2493766,0,92.76808,1.745636,0,0
2022-07-15 18:10:12,0,0,4.773869,0,0,92.96482,1.5075377,0,0
2022-07-15 18:10:11,0,0,5.25,0,0,92.5,1.5,0.25,0
2022-07-15 18:10:10,0,0,4.75,0.25,0,93,1.5,0,0
2022-07-15 18:10:09,0,0,5,0.25,0,92.25,1.75,0.25,0
2022-07-15 18:10:08,0,0,4.987531,0.4987531,0,92.01995,1.745636,0.2493766,0
2022-07-15 18:10:07,0,0,5.30303,0,0,92.67677,1.010101,0.5050505,0
2022-07-15 18:10:06,0,0,4.488778,0.2493766,0,89.27681,1.995012,0,3.491272
2022-07-15 18:10:05,0,0,5.5,0.25,0,92.5,1.25,0.25,0
2022-07-15 18:10:04,0,0,4.987531,0.2493766,0,93.01746,0.9975062,0.2493766,0
2022-07-15 18:10:03,0,0,5.025126,0.2512563,0,92.71357,1.5075377,0,0
2022-07-15 18:10:02,0,0,5.764411,0.2506266,0,91.22807,2.005013,0,0.2506266
2022-07-15 18:10:01,0,0,4,0.25,0,93.5,1.5,0.25,0
2022-07-15 18:10:00,0,0,4.987531,0.2493766,0,92.76808,1.2468828,0,0
2022-07-15 18:09:59,0,0,5.527638,0.5025126,0,91.70854,1.0050251,0.2512563,0
2022-07-15 18:09:58,0,0,4.010025,0,0,94.23559,1.5037594,0,0
2022-07-15 18:09:57,0,0,5.236908,0,0,92.5187,1.995012,0,0
2022-07-15 18:09:56,0,0,5.25,0.25,0,92.75,1.25,0.25,0
2022-07-15 18:09:55,0,0,4.761905,0.2506266,0,93.73434,1.0025063,0,0
2022-07-15 18:09:54,0,0,4.987531,0.2493766,0,92.5187,0.9975062,0.2493766,0
2022-07-15 18:09:53,0,0,5.236908,0,0,92.76808,1.2468828,0,0
2022-07-15 18:09:52,0,0,4.75,0.25,0,92.25,1.75,0,0
2022-07-15 18:09:51,0,0,4.987531,0.2493766,0,93.01746,1.2468828,0,0
2022-07-15 18:09:50,0,0,4.726368,0.2487562,0,92.53731,1.4925373,0.2487562,0.2487562
2022-07-15 18:09:49,0,0,5.276382,0.2512563,0,92.96482,0.7537688,0,0
2022-07-15 18:09:48,0,0,3.990025,0.2493766,0,93.01746,1.995012,0.2493766,0
2022-07-15 18:09:47,0,0,4.773869,0.2512563,0,92.96482,1.5075377,0.2512563,0
2022-07-15 18:09:46,0,0,4.987531,0.2493766,0,92.76808,1.4962594,0,0
2022-07-15 18:09:45,0,0,4.773869,0,0,93.21608,1.0050251,0.5025126,0
2022-07-15 18:09:44,0,0,4.761905,0.2506266,0,93.73434,1.0025063,0,0
2022-07-15 18:09:43,0,0,4.726368,0.4975124,0,92.78607,1.4925373,0.2487562,0
2022-07-15 18:09:42,0,0,4.761905,0,0,93.23308,1.2531328,0.2506266,0
2022-07-15 18:09:41,0,0,5.764411,0.2506266,0,91.22807,2.005013,0.2506266,0
2022-07-15 18:09:40,0,0,3.233831,0.2487562,0,93.28358,1.4925373,0,1.2437811
2022-07-15 18:09:39,0,0,4.511278,0.2506266,0,92.98246,1.5037594,0.2506266,0
2022-07-15 18:09:38,0,0,4.773869,0,0,92.96482,1.5075377,0,0
2022-07-15 18:09:37,0,0,4.70297,0.2475248,0,93.56436,0.990099,0.2475248,0
2022-07-15 18:09:36,0,0,5.025126,0,0,91.20603,1.5075377,0.2512563,1.0050251
2022-07-15 18:09:35,0,0,4.239401,0,0,93.51621,1.4962594,0.2493766,0
2022-07-15 18:09:34,0,0,5.735661,0.4987531,0,91.5212,1.2468828,0.2493766,0
2022-07-15 18:09:33,0,0,3.768844,0,0,93.71859,1.758794,0.2512563,0
2022-07-15 18:09:32,0,0,4.545455,0.2525253,0,93.43434,1.2626263,0,0
2022-07-15 18:09:31,0,0,4.987531,0,0,92.76808,1.4962594,0.2493766,0
2022-07-15 18:09:30,0,0,4.726368,0,0,93.53234,1.2437811,0,0
2022-07-15 18:09:29,0,0,4.761905,0.5012531,0,92.73183,1.5037594,0.2506266,0
2022-07-15 18:09:28,0,0,5,0,0,93.25,1.5,0,0
2022-07-15 18:09:27,0,0,4.5,0.25,0,93,1.75,0.25,0
2022-07-15 18:09:26,0,0,5.236908,0.2493766,0,92.26933,1.745636,0,0.2493766
2022-07-15 18:09:25,0,0,5.276382,0,0,92.21106,1.758794,0.2512563,0
2022-07-15 18:09:24,0,0,5.472637,0.2487562,0,92.0398,1.741294,0,0
2022-07-15 18:09:23,0,0,4.030227,0.2518892,0,91.68766,1.0075567,0.2518892,1.763224
2022-07-15 18:09:22,0,0,4.75,0.5,0,93,1.25,0.25,0
2022-07-15 18:09:21,0,0,5.037783,0.2518892,0,92.69521,1.511335,0.2518892,0
2022-07-15 18:09:20,0,0,4.987531,0.2493766,0,93.01746,1.4962594,0,0
2022-07-15 18:09:19,0,0,4.738155,0,0,93.26683,1.2468828,0.4987531,0
2022-07-15 18:09:18,0,0,4.785894,0.2518892,0,92.9471,1.511335,0.2518892,0
2022-07-15 18:09:17,0,0,5,0.25,0,92.25,1.75,0,0
2022-07-15 18:09:16,0,0,5.025126,0.2512563,0,92.96482,1.758794,0,0
2022-07-15 18:09:15,0,0,5.25,0.25,0,89,2,0.25,0.5
2022-07-15 18:09:14,0,0,3.778338,0.2518892,0,94.20655,1.0075567,0.2518892,0
2022-07-15 18:09:13,0,0,4.5,0,0,94.25,1,0,0
2022-07-15 18:09:12,0,0,4.738155,0.2493766,0,93.01746,1.4962594,0.2493766,0
2022-07-15 18:09:11,0,0,5.037783,0.5037783,0,89.42065,2.015113,0.2518892,1.763224
2022-07-15 18:09:10,0,0,3.491272,0,0,94.01496,1.995012,0,0
2022-07-15 18:09:09,0,0,4.271357,0,0,93.71859,1.0050251,0.5025126,0
2022-07-15 18:09:08,0,0,6.218905,0.2487562,0,84.32836,1.741294,0.4975124,5.970149
2022-07-15 18:09:07,0,0,4.511278,0.2506266,0,93.23308,1.0025063,0.2506266,0.5012531
2022-07-15 18:09:06,0,0,3.007519,0.2506266,0,95.48872,0.7518797,0,0.2506266
2022-07-15 18:09:05,0,0,5.721393,0,0,92.28856,1.2437811,0.2487562,0
2022-07-15 18:09:04,0,0,5.223881,0.2487562,0,93.03483,1.2437811,0,0
2022-07-15 18:09:03,0,0,4.761905,0,0,93.48371,1.5037594,0,0
2022-07-15 18:09:02,0,0,5.263158,0.2506266,0,93.48371,0.7518797,0,0
2022-07-15 18:09:01,0,0,4.71464,0.248139,0,91.81141,1.736973,0.7444169,0
2022-07-15 18:09:00,0,0,4.75,0.25,0,93.75,1.25,0,0
2022-07-15 18:08:59,0,0,5.289673,0,0,92.69521,1.763224,0,0
2022-07-15 18:08:58,0,0,4.228856,0.7462687,0,91.29353,1.741294,0,1.4925373
2022-07-15 18:08:57,0,0,4.71464,0,0,93.05211,1.4888337,0.4962779,0
2022-07-15 18:08:56,0,0,4.5,0.25,0,93,1.75,0,0
2022-07-15 18:08:55,0,0,5.236908,0,0,92.76808,1.2468828,0.2493766,0
2022-07-15 18:08:54,0,0,4.773869,0.2512563,0,93.46734,1.2562814,0,0
2022-07-15 18:08:53,0,0,5,0.25,0,92.25,1.75,0.25,0
2022-07-15 18:08:52,0,0,4.738155,0.4987531,0,93.26683,1.2468828,0.2493766,0
2022-07-15 18:08:51,0,0,5.025126,0,0,92.46231,1.758794,0,0
2022-07-15 18:08:50,0,0,5.721393,0.2487562,0,89.05473,2.238806,0.4975124,0.7462687
2022-07-15 18:08:49,0,0,3.75,0,0,94.25,1.5,0.25,0
2022-07-15 18:08:48,0,0,4.511278,0.2506266,0,93.23308,1.5037594,0,0
2022-07-15 18:08:47,0,0,5,0,0,92.5,1.5,0.25,0.25
2022-07-15 18:08:46,0,0,4.726368,0.2487562,0,93.03483,1.4925373,0,0
2022-07-15 18:08:45,0,0,4.987531,0,0,91.5212,1.995012,0.2493766,0.9975062
2022-07-15 18:08:44,0,0,4.5,0.25,0,93.25,1.25,0,0
2022-07-15 18:08:43,0,0,6.483791,0.4987531,0,89.52618,2.493766,0.2493766,0.2493766
2022-07-15 18:08:42,0,0,3.778338,0,0,93.19899,1.2594458,0,0.7556675
2022-07-15 18:08:41,0,0,4.773869,0.2512563,0,93.21608,1.5075377,0,0
2022-07-15 18:08:40,0,0,4.5,0.25,0,93.75,1,0.25,0
2022-07-15 18:08:39,0,0,4.987531,0.2493766,0,93.01746,0.9975062,0.2493766,0
2022-07-15 18:08:38,0,0,4.987531,0,0,93.01746,1.2468828,0.2493766,0
2022-07-15 18:08:37,0,0,4.5,0.25,0,93.25,1.5,0.25,0
2022-07-15 18:08:36,0,0,4.987531,0.2493766,0,93.01746,1.2468828,0,0
2022-07-15 18:08:35,0,0,4.260652,0.2506266,0,93.73434,1.5037594,0,0
2022-07-15 18:08:34,0,0,5.25,0.25,0,92,1.75,0.25,0
2022-07-15 18:08:33,0,0,4.5,0.5,0,91.25,1.75,0,0
2022-07-15 18:08:32,0,0,4.5,0.25,0,92.75,1.75,0.25,0
2022-07-15 18:08:31,0,0,4.5,0,0,93,1.5,0.25,0
2022-07-15 18:08:30,0,0,5.25,0.25,0,91.75,2,0.25,0
2022-07-15 18:08:29,0,0,4.75,0.5,0,92.5,1.75,0.25,0
2022-07-15 18:08:28,0,0,4.761905,0,0,93.23308,1.5037594,0,0
2022-07-15 18:08:27,0,0,4.987531,0.2493766,0,93.26683,1.2468828,0,0
2022-07-15 18:08:26,0,0,4.761905,0.2506266,0,93.23308,1.0025063,0.5012531,0
2022-07-15 18:08:25,0,0,4.761905,0.2506266,0,92.4812,2.005013,0,0
2022-07-15 18:08:24,0,0,4.975124,0,0,91.04478,1.741294,0.2487562,1.2437811
2022-07-15 18:08:23,0,0,4.25,0.25,0,93.5,1.5,0,0
2022-07-15 18:08:22,0,0,5,0.25,0,92.75,1.5,0.25,0
2022-07-15 18:08:21,0,0,4.545455,0,0,93.18182,1.5151515,0.2525253,0
2022-07-15 18:08:20,0,0,5.486284,0,0,91.27182,0.9975062,0.2493766,0.2493766
2022-07-15 18:08:19,0,0,3.731343,0.2487562,0,94.02985,1.4925373,0.2487562,0
2022-07-15 18:08:18,0,0,4.785894,0,0,93.70277,0.7556675,0.2518892,0
2022-07-15 18:08:17,0,0,4.987531,0,0,93.26683,0.7481297,0,0.2493766
2022-07-15 18:08:16,0,0,4.5,0.25,0,93,1.5,0.25,0
2022-07-15 18:08:15,0,0,4.75,0,0,93.75,1,0.25,0
2022-07-15 18:08:14,0,0,4.75,0,0,93,1,0.25,0
2022-07-15 18:08:13,0,0,5,0.25,0,92.5,2,0,0
2022-07-15 18:08:12,0,0,4.5,0,0,92.75,1.5,0.25,0.25
2022-07-15 18:08:11,0,0,4.987531,0.2493766,0,92.26933,1.2468828,0.2493766,0
2022-07-15 18:08:10,0,0,4.522613,0.2512563,0,92.96482,1.5075377,0.2512563,0
2022-07-15 18:08:09,0,0,5.236908,0.2493766,0,92.76808,0.9975062,0.4987531,0
2022-07-15 18:08:08,0,0,5,0.5,0,92.25,1.5,0.25,0
2022-07-15 18:08:07,0,0,4,0.5,0,90.75,2,0,1.75
2022-07-15 18:08:06,0,0,4.738155,0,0,93.51621,0.9975062,0.2493766,0
2022-07-15 18:08:05,0,0,5.289673,0,0,92.69521,1.763224,0,0
2022-07-15 18:08:04,0,0,5.012531,0.2506266,0,92.73183,1.0025063,0.2506266,0.2506266
2022-07-15 18:08:03,0,0,4.70297,0,0,93.81188,1.2376238,0,0
2022-07-15 18:08:02,0,0,4.785894,0.2518892,0,92.44332,2.015113,0.2518892,0
2022-07-15 18:08:01,0,0,5.025126,0,0,93.21608,1.5075377,0,0
2022-07-15 18:08:00,0,0,5,0.25,0,92.75,1.25,0.25,0
2022-07-15 18:07:59,0,0,4.75,0,0,92.25,2,0,0
2022-07-15 18:07:58,0,0,4.738155,0,0,92.26933,1.995012,0,0
2022-07-15 18:07:57,0,0,4.5,0.5,0,92.75,1.5,0.25,0
2022-07-15 18:07:56,0,0,5.25,0.25,0,92.75,1.25,0.25,0
2022-07-15 18:07:55,0,0,5.735661,0,0,91.27182,1.745636,0.2493766,0.2493766
2022-07-15 18:07:54,0,0,3.759398,0,0,93.48371,2.255639,0,0
2022-07-15 18:07:53,0,0,4.5,0.5,0,92.5,1.75,0.25,0
2022-07-15 18:07:52,0,0,5.236908,0.2493766,0,92.76808,1.2468828,0.2493766,0
2022-07-15 18:07:51,0,0,3.9801,0.2487562,0,92.78607,1.99005,0,0.2487562
2022-07-15 18:07:50,0,0,4.477612,0.2487562,0,93.53234,0.9950249,0.2487562,0
2022-07-15 18:07:49,0,0,5.263158,0.2506266,0,92.23058,1.2531328,0.2506266,0
2022-07-15 18:07:48,0,0,4.761905,0.2506266,0,92.73183,1.5037594,0.2506266,0
2022-07-15 18:07:47,0,0,5.012531,0,0,92.73183,1.5037594,0,0
2022-07-15 18:07:46,0,0,4.761905,0.5012531,0,92.4812,1.5037594,0.2506266,0
2022-07-15 18:07:45,0,0,5,0.25,0,92.25,2,0.25,0
2022-07-15 18:07:44,0,0,5.223881,0.2487562,0,91.04478,2.487562,0.4975124,0
2022-07-15 18:07:43,0,0,4.773869,0,0,93.46734,1.2562814,0.2512563,0
2022-07-15 18:07:42,0,0,5.955335,0,0,89.8263,2.729529,0,0.9925558
2022-07-15 18:07:41,0,0,3.778338,0,0,93.45088,2.267003,0,0
2022-07-15 18:07:40,0,0,5.223881,0,0,93.03483,1.2437811,0.2487562,0
2022-07-15 18:07:39,0,0,4.75,0.5,0,92.5,1.5,0.25,0
2022-07-15 18:07:38,0,0,5.5,0.25,0,92.75,1.25,0,0
2022-07-15 18:07:37,0,0,4.511278,0,0,93.23308,1.754386,0.2506266,0
2022-07-15 18:07:36,0,0,5.263158,0,0,92.98246,1.0025063,0.2506266,0
2022-07-15 18:07:35,0,0,4.75,0.25,0,93.25,1.25,0,0
2022-07-15 18:07:34,0,0,6.483791,0.2493766,0,90.77307,1.745636,0,0.2493766
2022-07-15 18:07:33,0,0,3.75,0.25,0,94.25,1.25,0.25,0
2022-07-15 18:07:32,0,0,5.236908,0.2493766,0,92.5187,1.2468828,0.2493766,0
2022-07-15 18:07:31,0,0,4.738155,0.2493766,0,93.51621,0.7481297,0,0
2022-07-15 18:07:30,0,0,5.5,0,0,92.75,1.5,0,0
2022-07-15 18:07:29,0,0,4.761905,0.2506266,0,91.97995,1.754386,0.2506266,0.2506266
2022-07-15 18:07:28,0,0,5.037783,0.2518892,0,92.19144,2.015113,0,0
2022-07-15 18:07:27,0,0,4.71464,0.248139,0,93.05211,1.2406948,0.248139,0
2022-07-15 18:07:26,0,0,5.764411,0.5012531,0,91.4787,1.0025063,0,0.5012531
2022-07-15 18:07:25,0,0,4.25,0.25,0,93.75,1.25,0.25,0
2022-07-15 18:07:24,0,0,4.987531,0,0,93.51621,0.9975062,0,0
2022-07-15 18:07:23,0,0,5.25,0.25,0,92.25,1,0.25,0
2022-07-15 18:07:22,0,0,5.050505,0,0,92.92929,1.5151515,0.2525253,0
2022-07-15 18:07:21,0,0,4.975124,0.2487562,0,91.54229,1.99005,0.4975124,0
2022-07-15 18:07:20,0,0,5.210918,0.248139,0,92.05955,1.2406948,0.4962779,0
2022-07-15 18:07:19,0,0,5.025126,0,0,93.21608,1.2562814,0,0
2022-07-15 18:07:18,0,0,5.012531,0,0,92.4812,2.005013,0.2506266,0
2022-07-15 18:07:17,0,0,5.236908,0.2493766,0,92.26933,1.745636,0.2493766,0
2022-07-15 18:07:16,0,0,4.534005,0,0,92.69521,1.511335,0,0.2518892
2022-07-15 18:07:15,0,0,4.975124,0.2487562,0,92.28856,1.741294,0.2487562,0
2022-07-15 18:07:14,0,0,5.037783,0.2518892,0,93.19899,1.2594458,0,0
2022-07-15 18:07:13,0,0,5.263158,0.5012531,0,91.72932,1.754386,0.2506266,0
2022-07-15 18:07:12,0,0,4.726368,0.2487562,0,93.03483,0.9950249,0.2487562,0.2487562
2022-07-15 18:07:11,0,0,5.527638,0,0,91.9598,1.5075377,0.2512563,0
2022-07-15 18:07:10,0,0,4.75,0,0,93.75,1,0.25,0
2022-07-15 18:07:09,0,0,5.25,0.25,0,92,1.75,0.25,0
2022-07-15 18:07:08,0,0,4.773869,0.2512563,0,91.70854,1.2562814,0.2512563,1.0050251
2022-07-15 18:07:07,0,0,5,0.5,0,93,1.25,0,0
2022-07-15 18:07:06,0,0,4.522613,0.2512563,0,92.96482,1.2562814,0.2512563,0.5025126
2022-07-15 18:07:05,0,0,5.527638,0,0,92.46231,1.2562814,0.2512563,0
2022-07-15 18:07:04,0,0,5.472637,0.2487562,0,91.29353,1.4925373,0.4975124,0
2022-07-15 18:07:03,0,0,4.75,0.25,0,93.5,1,0.25,0
2022-07-15 18:07:02,0,0,5.276382,0.2512563,0,91.9598,1.5075377,0,0
2022-07-15 18:07:01,0,0,4.987531,0.2493766,0,92.01995,1.745636,0.2493766,0
2022-07-15 18:07:00,0,0,4.75,0.25,0,91.25,1.75,0,1
2022-07-15 18:06:59,0,0,5,0.25,0,92.25,1.75,0.25,0
2022-07-15 18:06:58,0,0,5.276382,0,0,93.21608,1.0050251,0.2512563,0
2022-07-15 18:06:57,0,0,4.987531,0.2493766,0,92.26933,1.4962594,0.2493766,0
2022-07-15 18:06:56,0,0,4.975124,0.4975124,0,92.0398,1.741294,0.2487562,0
2022-07-15 18:06:55,0,0,5.223881,0.2487562,0,92.53731,1.2437811,0.2487562,0
2022-07-15 18:06:54,0,0,4.785894,0.2518892,0,92.9471,1.511335,0,0
2022-07-15 18:06:53,0,0,5.527638,0.2512563,0,91.45729,2.261307,0.2512563,0
2022-07-15 18:06:52,0,0,4.738155,0.2493766,0,92.76808,1.4962594,0.2493766,0
2022-07-15 18:06:51,0,0,5.735661,0.2493766,0,91.5212,0.9975062,0.2493766,0.2493766
2022-07-15 18:06:50,0,0,4.25,0.25,0,93.25,1.75,0,0
2022-07-15 18:06:49,0,0,5.289673,0,0,92.69521,1.511335,0.2518892,0
2022-07-15 18:06:48,0,0,4.773869,0.2512563,0,93.21608,1.2562814,0,0
2022-07-15 18:06:47,0,0,4.975124,0.2487562,0,92.53731,1.741294,0.2487562,0
2022-07-15 18:06:46,0,0,4.75,0.5,0,92.25,1.75,0.25,0
2022-07-15 18:06:45,0,0,4.987531,0,0,93.01746,1.4962594,0.2493766,0
2022-07-15 18:06:44,0,0,5.037783,0.2518892,0,92.69521,1.2594458,0.2518892,0
2022-07-15 18:06:43,0,0,5.486284,0,0,92.5187,1.2468828,0,0
2022-07-15 18:06:42,0,0,4.228856,0.4975124,0,93.28358,0.9950249,0.2487562,0
2022-07-15 18:06:41,0,0,4.75,0,0,93.25,1.75,0,0
2022-07-15 18:06:40,0,0,5.25,0.25,0,92,2,0,0
2022-07-15 18:06:39,0,0,4.761905,0.2506266,0,92.98246,1.754386,0,0
2022-07-15 18:06:38,0,0,5.223881,0.2487562,0,88.0597,4.477612,0.7462687,0.2487562
2022-07-15 18:06:37,0,0,4.761905,0.2506266,0,92.98246,1.754386,0.2506266,0
2022-07-15 18:06:36,0,0,4.761905,0,0,92.73183,1.754386,0,0
2022-07-15 18:06:35,0,0,6,0,0,91.5,1.25,0.25,0
2022-07-15 18:06:34,0,0,3.9801,0.2487562,0,93.78109,0.9950249,0.4975124,0
2022-07-15 18:06:33,0,0,4.987531,0.4987531,0,91.77057,1.995012,0.2493766,0
2022-07-15 18:06:32,0,0,5.025126,0,0,93.96985,0.5025126,0.2512563,0
2022-07-15 18:06:31,0,0,4.987531,0.4987531,0,92.01995,1.4962594,0,0
2022-07-15 18:06:30,0,0,5.012531,0,0,92.73183,2.005013,0,0
2022-07-15 18:06:29,0,0,5.263158,0.2506266,0,91.97995,2.255639,0,0
2022-07-15 18:06:28,0,0,4.726368,0.2487562,0,92.53731,1.4925373,0.2487562,0
2022-07-15 18:06:27,0,0,5.263158,0,0,93.23308,1.0025063,0,0
2022-07-15 18:06:26,0,0,5.527638,0,0,91.70854,2.01005,0.2512563,0
2022-07-15 18:06:25,0,0,4.477612,0.2487562,0,90.79602,1.99005,0.2487562,1.2437811
2022-07-15 18:06:24,0,0,4.477612,0.2487562,0,93.03483,1.4925373,0.2487562,0
2022-07-15 18:06:23,0,0,5.263158,0.2506266,0,92.23058,1.2531328,0.5012531,0
2022-07-15 18:06:22,0,0,4.488778,0,0,93.51621,0.9975062,0.4987531,0
2022-07-15 18:06:21,0,0,5.263158,0.5012531,0,91.72932,2.005013,0,0
2022-07-15 18:06:20,0,0,4.738155,0.4987531,0,92.5187,1.2468828,0.2493766,0
2022-07-15 18:06:19,0,0,5.472637,0.2487562,0,92.78607,1.2437811,0.2487562,0
2022-07-15 18:06:18,0,0,5.025126,0.2512563,0,92.21106,1.2562814,0,1.0050251
2022-07-15 18:06:17,0,0,4.271357,0.2512563,0,92.21106,1.2562814,0.2512563,0.5025126
2022-07-15 18:06:16,0,0,5.223881,0.2487562,0,92.78607,1.4925373,0,0
2022-07-15 18:06:15,0,0,5.263158,0,0,92.73183,1.754386,0,0
2022-07-15 18:06:14,0,0,4.75,0,0,93.5,1.25,0,0
2022-07-15 18:06:13,0,0,6.030151,0,0,90.70352,2.261307,0.2512563,0
2022-07-15 18:06:12,0,0,4,0.5,0,93.25,2,0,0
2022-07-15 18:06:11,0,0,5.276382,0.2512563,0,92.46231,1.0050251,0.2512563,0
2022-07-15 18:06:10,0,0,4.726368,0.4975124,0,92.53731,1.741294,0,0
2022-07-15 18:06:09,0,0,5.263158,0,0,90.97744,2.506266,0.2506266,0
2022-07-15 18:06:08,0,0,4.75,0.25,0,92.75,1.5,0.25,0
2022-07-15 18:06:07,0,0,7.178218,0.2475248,0,89.60396,1.980198,0.4950495,0.2475248
2022-07-15 18:06:06,0,0,3.274559,0.2518892,0,95.21411,1.2594458,0,0
2022-07-15 18:06:05,0,0,5.25,0,0,91.5,1.5,0.75,0.25
2022-07-15 18:06:04,0,0,4.975124,0,0,92.0398,2.238806,0.2487562,0
2022-07-15 18:06:03,0,0,5.276382,0.2512563,0,92.71357,1.758794,0,0
2022-07-15 18:06:02,0,0,5.236908,0,0,92.5187,1.4962594,0.2493766,0
2022-07-15 18:06:01,0,0,5.236908,0.2493766,0,91.5212,1.745636,0.4987531,0
2022-07-15 18:06:00,0,0,5.25,0.25,0,90.25,2.25,0,1.5
2022-07-15 18:05:59,0,0,4.5,0,0,94,1.25,0,0
2022-07-15 18:05:58,0,0,5,0.25,0,92.25,1.75,0,0
2022-07-15 18:05:57,0,0,4.773869,0,0,93.21608,1.2562814,0.2512563,0
2022-07-15 18:05:56,0,0,4.975124,0,0,92.78607,1.4925373,0.2487562,0
2022-07-15 18:05:55,0,0,4.950495,0.4950495,0,91.58416,1.4851485,0.4950495,0
2022-07-15 18:05:54,0,0,5.050505,0,0,93.68687,0.7575758,0,0
2022-07-15 18:05:53,0,0,4.987531,0.2493766,0,93.26683,1.2468828,0,0
2022-07-15 18:05:52,0,0,5.5,0,0,91.25,0.75,0.25,1
2022-07-15 18:05:51,0,0,4.260652,0,0,93.73434,1.2531328,0.2506266,0
2022-07-15 18:05:50,0,0,4.950495,0.2475248,0,92.82178,1.2376238,0.2475248,0
2022-07-15 18:05:49,0,0,5.289673,0.2518892,0,93.19899,1.0075567,0,0
2022-07-15 18:05:48,0,0,5.025126,0.2512563,0,92.46231,1.758794,0,0
2022-07-15 18:05:47,0,0,5.527638,0.2512563,0,91.45729,1.758794,0,0
2022-07-15 18:05:46,0,0,4.239401,0,0,93.51621,1.4962594,0.2493766,0
2022-07-15 18:05:45,0,0,5.263158,0.2506266,0,91.72932,2.005013,0.2506266,0
2022-07-15 18:05:44,0,0,5.513784,0,0,92.23058,1.754386,0.2506266,0
2022-07-15 18:05:43,0,0,4.271357,0,0,92.46231,1.2562814,0.2512563,0.2512563
2022-07-15 18:05:42,0,0,4.761905,0.2506266,0,92.98246,1.5037594,0,0
2022-07-15 18:05:41,0,0,5.25,0.25,0,92,1.75,0,0
2022-07-15 18:05:40,0,0,4.761905,0.2506266,0,92.73183,1.754386,0,0
2022-07-15 18:05:39,0,0,5.735661,0.2493766,0,90.77307,1.745636,0.2493766,0
2022-07-15 18:05:38,0,0,4.738155,0.2493766,0,93.01746,1.4962594,0,0
2022-07-15 18:05:37,0,0,4.987531,0,0,93.26683,1.2468828,0,0
2022-07-15 18:05:36,0,0,4.738155,0,0,92.76808,1.745636,0,0
2022-07-15 18:05:35,0,0,5.707196,0.4962779,0,89.08189,1.736973,0.4962779,0.248139
2022-07-15 18:05:34,0,0,4,0.25,0,93.75,1.5,0,0
2022-07-15 18:05:33,0,0,4.773869,0,0,92.96482,2.01005,0,0
2022-07-15 18:05:32,0,0,4.975124,0.4975124,0,92.78607,0.9950249,0.2487562,0
2022-07-15 18:05:31,0,0,5.025126,0,0,92.21106,2.01005,0.2512563,0
2022-07-15 18:05:30,0,0,4.773869,0.2512563,0,92.96482,1.5075377,0,0
2022-07-15 18:05:29,0,0,4.975124,0,0,92.78607,1.741294,0.2487562,0
2022-07-15 18:05:28,0,0,4.5,0,0,93.5,1.25,0.25,0
2022-07-15 18:05:27,0,0,5.541562,0,0,91.93955,2.267003,0,0
2022-07-15 18:05:26,0,0,4.511278,0,0,93.23308,1.2531328,0,0
2022-07-15 18:05:25,0,0,4.975124,0.7462687,0,92.78607,1.2437811,0,0
2022-07-15 18:05:24,0,0,4.738155,0,0,93.01746,1.4962594,0,0.2493766
2022-07-15 18:05:23,0,0,4.534005,0.2518892,0,93.19899,1.2594458,0.2518892,0
2022-07-15 18:05:22,0,0,5.793451,0.7556675,0,90.93199,1.511335,0,0.2518892
2022-07-15 18:05:21,0,0,3.508772,0,0,95.48872,0.7518797,0,0
2022-07-15 18:05:20,0,0,5.223881,0.4975124,0,92.28856,1.2437811,0.2487562,0
2022-07-15 18:05:19,0,0,4.534005,0.5037783,0,92.9471,1.2594458,0.5037783,0
2022-07-15 18:05:18,0,0,5.25,0,0,91.75,2,0,0.25
2022-07-15 18:05:17,0,0,3.9801,0.2487562,0,94.27861,0.9950249,0,0
2022-07-15 18:05:16,0,0,4.75,0,0,93,1.5,0.25,0
2022-07-15 18:05:15,0,0,4.738155,0.2493766,0,93.01746,1.4962594,0.2493766,0
2022-07-15 18:05:14,0,0,5,0.5,0,92.5,1.75,0.25,0
2022-07-15 18:05:13,0,0,4.522613,0.5025126,0,93.21608,1.0050251,0.2512563,0
2022-07-15 18:05:12,0,0,4.75,0.25,0,92.25,2,0,0.25
2022-07-15 18:05:11,0,0,5,0,0,93.5,1,0.25,0
2022-07-15 18:05:10,0,0,5.693069,0.2475248,0,91.58416,1.732673,0.2475248,0
2022-07-15 18:05:09,0,0,3.526448,0,0,93.95466,0.7556675,0.2518892,0.7556675
2022-07-15 18:05:08,0,0,5,0.25,0,92,2,0.25,0
2022-07-15 18:05:07,0,0,4.773869,0.2512563,0,92.96482,1.5075377,0,0
2022-07-15 18:05:06,0,0,4.761905,0,0,93.23308,1.0025063,0.5012531,0
2022-07-15 18:05:05,0,0,5.223881,0.2487562,0,92.53731,1.741294,0,0
2022-07-15 18:05:04,0,0,5.263158,0.2506266,0,92.73183,1.5037594,0,0
2022-07-15 18:05:03,0,0,4.75,0.25,0,92.25,1.25,0.5,0
2022-07-15 18:05:02,0,0,5.263158,0.5012531,0,91.97995,1.5037594,0.2506266,0.2506266
2022-07-15 18:05:01,0,0,5.5,0.25,0,91.25,2,0,0
2022-07-15 18:05:00,0,0,4.020101,0.2512563,0,94.72362,0.7537688,0,0
2022-07-15 18:04:59,0,0,4.738155,0.2493766,0,93.26683,1.4962594,0,0
2022-07-15 18:04:58,0,0,4.726368,0,0,92.78607,1.741294,0.4975124,0
2022-07-15 18:04:57,0,0,5.513784,0.2506266,0,92.23058,1.5037594,0,0
2022-07-15 18:04:56,0,0,4.010025,0,0,93.48371,1.754386,0,0.2506266
2022-07-15 18:04:55,0,0,4.962779,0.248139,0,92.30769,1.2406948,0.7444169,0
2022-07-15 18:04:54,0,0,4.522613,0.2512563,0,93.46734,1.2562814,0,0
2022-07-15 18:04:53,0,0,5.75,0,0,90.5,2,0.25,0.25
2022-07-15 18:04:52,0,0,3.482587,0.2487562,0,94.27861,1.4925373,0.2487562,0
2022-07-15 18:04:51,0,0,4.534005,0.2518892,0,93.45088,1.0075567,0.2518892,0
2022-07-15 18:04:50,0,0,5,0.25,0,93.5,1.25,0,0
2022-07-15 18:04:49,0,0,4.726368,0.2487562,0,92.28856,1.741294,0.2487562,0
2022-07-15 18:04:48,0,0,4.785894,0,0,92.44332,1.763224,0.5037783,0
2022-07-15 18:04:47,0,0,4.761905,0.2506266,0,93.73434,1.2531328,0,0
2022-07-15 18:04:46,0,0,4.950495,0.2475248,0,91.33663,1.732673,0.4950495,0.2475248
2022-07-15 18:04:45,0,0,4.773869,0.2512563,0,92.71357,1.758794,0,0.2512563
2022-07-15 18:04:44,0,0,5.223881,0.4975124,0,91.29353,1.741294,0.4975124,0
2022-07-15 18:04:43,0,0,3.778338,0,0,93.70277,1.763224,0.5037783,0
2022-07-15 18:04:42,0,0,5.223881,0,0,93.03483,1.4925373,0,0
2022-07-15 18:04:41,0,0,4.5,0,0,93.5,1.5,0,0
2022-07-15 18:04:40,0,0,5.25,0.25,0,91.5,1.75,0.5,0
2022-07-15 18:04:39,0,0,4.79798,0.2525253,0,92.67677,1.767677,0,0
2022-07-15 18:04:38,0,0,5.289673,0,0,93.45088,1.0075567,0,0
2022-07-15 18:04:37,0,0,4.761905,0,0,92.73183,2.005013,0.2506266,0
2022-07-15 18:04:36,0,0,5.025126,0.2512563,0,92.46231,1.2562814,0.2512563,0
2022-07-15 18:04:35,0,0,4.71464,0.4962779,0,91.067,1.4888337,0,0.4962779
2022-07-15 18:04:34,0,0,4.534005,0.2518892,0,92.9471,1.763224,0,0
2022-07-15 18:04:33,0,0,4.738155,0.2493766,0,93.76559,0.7481297,0.2493766,0
2022-07-15 18:04:32,0,0,4.75,0.25,0,92.75,1,0.25,0.25
2022-07-15 18:04:31,0,0,4.738155,0.2493766,0,91.77057,2.244389,0.2493766,0
2022-07-15 18:04:30,0,0,4.726368,0.2487562,0,92.78607,1.4925373,0.2487562,0
2022-07-15 18:04:29,0,0,4.25,0,0,94,1.5,0,0
2022-07-15 18:04:28,0,0,4.987531,0.4987531,0,92.76808,1.2468828,0,0
2022-07-15 18:04:27,0,0,4.761905,0.2506266,0,90.97744,2.005013,0.2506266,1.0025063
2022-07-15 18:04:26,0,0,4.271357,0.5025126,0,93.71859,1.2562814,0,0
2022-07-15 18:04:25,0,0,5.25,0.25,0,92,1.75,0.25,0.25
2022-07-15 18:04:24,0,0,4.260652,0.2506266,0,93.48371,1.0025063,0.2506266,0
2022-07-15 18:04:23,0,0,5.263158,0,0,92.23058,1.754386,0,0
2022-07-15 18:04:22,0,0,4.260652,0.2506266,0,93.23308,1.754386,0.2506266,0
2022-07-15 18:04:21,0,0,5.012531,0,0,92.98246,1.5037594,0.2506266,0
2022-07-15 18:04:20,0,0,4.477612,0,0,93.03483,1.99005,0,0
2022-07-15 18:04:19,0,0,5.527638,0,0,89.94975,2.01005,0.5025126,1.0050251
2022-07-15 18:04:18,0,0,3.75,0.25,0,94.5,1,0.25,0
2022-07-15 18:04:17,0,0,5.236908,0.2493766,0,91.77057,1.4962594,0.4987531,0
2022-07-15 18:04:16,0,0,5.012531,0,0,92.98246,1.5037594,0.2506266,0
2022-07-15 18:04:15,0,0,4.79798,0,0,92.67677,1.767677,0.2525253,0
2022-07-15 18:04:14,0,0,4.975124,0.2487562,0,92.78607,1.4925373,0,0
2022-07-15 18:04:13,0,0,4.75,0.25,0,92.25,2,0.25,0
2022-07-15 18:04:12,0,0,4.761905,0,0,93.23308,1.5037594,0,0
2022-07-15 18:04:11,0,0,5.263158,0,0,92.73183,1.2531328,0.5012531,0
2022-07-15 18:04:10,0,0,5.721393,0.4975124,0,89.55224,2.238806,0.2487562,0.2487562
2022-07-15 18:04:09,0,0,4,0,0,94,1.5,0,0.25
2022-07-15 18:04:08,0,0,4.488778,0.2493766,0,94.01496,0.7481297,0.2493766,0
2022-07-15 18:04:07,0,0,5.25,0.25,0,91.5,2.25,0.25,0
2022-07-15 18:04:06,0,0,6.030151,0,0,90.95477,1.2562814,0.2512563,0.7537688
2022-07-15 18:04:05,0,0,4.726368,0,0,93.03483,1.4925373,0.4975124,0
2022-07-15 18:04:04,0,0,5.012531,0.2506266,0,92.73183,1.5037594,0,0
2022-07-15 18:04:03,0,0,4.75,0.25,0,93.25,1,0.25,0
2022-07-15 18:04:02,0,0,5.721393,0.4975124,0,91.04478,1.4925373,0,0.2487562
2022-07-15 18:04:01,0,0,3.5,0,0,94.5,1,0.5,0
2022-07-15 18:04:00,0,0,5.012531,0.2506266,0,92.73183,1.5037594,0.2506266,0
2022-07-15 18:03:59,0,0,4.75,0.25,0,92.5,2,0,0
2022-07-15 18:03:58,0,0,4.962779,0.248139,0,92.55583,1.2406948,0.248139,0.248139
2022-07-15 18:03:57,0,0,4.511278,0.2506266,0,92.98246,2.005013,0,0
2022-07-15 18:03:56,0,0,5.263158,0.2506266,0,92.73183,1.0025063,0,0
2022-07-15 18:03:55,0,0,4.282116,0.2518892,0,93.19899,1.511335,0.2518892,0
2022-07-15 18:03:54,0,0,5.459057,0,0,92.55583,1.4888337,0.248139,0
2022-07-15 18:03:53,0,0,4.303797,0,0,93.92405,1.0126582,0,0
2022-07-15 18:03:52,0,0,4.75,0.75,0,92,1.5,0.5,0
2022-07-15 18:03:51,0,0,4.785894,0,0,93.19899,1.0075567,0.2518892,0
2022-07-15 18:03:50,0,0,4.679803,0.2463054,0,92.36453,2.216749,0.2463054,0
2022-07-15 18:03:49,0,0,4.987531,0,0,92.26933,1.2468828,0.2493766,0.2493766
2022-07-15 18:03:48,0,0,4.738155,0.4987531,0,92.5187,0.9975062,0.4987531,0
2022-07-15 18:03:47,0,0,5.276382,0,0,92.46231,1.758794,0,0
2022-07-15 18:03:46,0,0,4.761905,0.5012531,0,92.73183,1.2531328,0.2506266,0
2022-07-15 18:03:45,0,0,5.472637,0.2487562,0,92.78607,0.9950249,0.2487562,0
2022-07-15 18:03:44,0,0,3.990025,0.4987531,0,91.77057,0.9975062,0.2493766,1.4962594
2022-07-15 18:03:43,0,0,5.012531,0.2506266,0,92.4812,1.754386,0,0
2022-07-15 18:03:42,0,0,4.738155,0,0,93.51621,0.9975062,0.4987531,0
2022-07-15 18:03:41,0,0,5.037783,0.2518892,0,92.69521,1.0075567,0.2518892,0
2022-07-15 18:03:40,0,0,4.738155,0.2493766,0,92.76808,1.4962594,0,0
2022-07-15 18:03:39,0,0,4.511278,0,0,93.73434,1.2531328,0,0.2506266
2022-07-15 18:03:38,0,0,4.75,0,0,92.25,2,0.5,0
2022-07-15 18:03:37,0,0,4.75,0,0,92.25,2,0.25,0
2022-07-15 18:03:36,0,0,4.534005,0.5037783,0,90.6801,1.2594458,0,2.015113
2022-07-15 18:03:35,0,0,4.228856,0,0,92.53731,1.99005,0.2487562,0
2022-07-15 18:03:34,0,0,4.488778,0,0,92.76808,1.745636,0.2493766,0
2022-07-15 18:03:33,0,0,5.276382,0.2512563,0,92.21106,1.5075377,0.2512563,0
2022-07-15 18:03:32,0,0,4.511278,0.2506266,0,92.98246,1.5037594,0.2506266,0
2022-07-15 18:03:31,0,0,5.289673,0,0,92.9471,1.511335,0,0
2022-07-15 18:03:30,0,0,4.75,0,0,92.75,1.75,0,0
2022-07-15 18:03:29,0,0,5,0.25,0,92.25,2,0.25,0
2022-07-15 18:03:28,0,0,4.738155,0.4987531,0,92.76808,0.9975062,0,0
2022-07-15 18:03:27,0,0,4.773869,0.2512563,0,93.21608,1.2562814,0.2512563,0
2022-07-15 18:03:26,0,0,4.488778,0,0,93.01746,1.4962594,0.2493766,0
2022-07-15 18:03:25,0,0,5.025126,0.2512563,0,93.96985,0.5025126,0,0
2022-07-15 18:03:24,0,0,4.726368,0.2487562,0,93.03483,1.4925373,0,0
2022-07-15 18:03:23,0,0,5.012531,0.2506266,0,91.97995,2.005013,0.2506266,0
2022-07-15 18:03:22,0,0,4.987531,0.7481297,0,93.01746,0.7481297,0.2493766,0
2022-07-15 18:03:21,0,0,4.5,0.25,0,92.75,1.5,0.25,0
2022-07-15 18:03:20,0,0,5.012531,0.2506266,0,92.73183,1.5037594,0,0
2022-07-15 18:03:19,0,0,4.987531,0,0,91.27182,1.4962594,0.2493766,1.2468828
2022-07-15 18:03:18,0,0,4.25,0.25,0,93.5,1.25,0.5,0
2022-07-15 18:03:17,0,0,4.738155,0.2493766,0,93.51621,0.9975062,0,0
2022-07-15 18:03:16,0,0,5.5,0,0,91.5,2,0.25,0
2022-07-15 18:03:15,0,0,5,0.25,0,92,1.75,0,0
2022-07-15 18:03:14,0,0,4.25,0,0,94.5,1,0.25,0
2022-07-15 18:03:13,0,0,4.726368,0,0,93.78109,0.7462687,0.2487562,0
2022-07-15 18:03:12,0,0,4.822335,0.2538071,0,93.14721,1.5228426,0,0
2022-07-15 18:03:11,0,0,5.5,0.25,0,91.75,1.25,0.5,0.25
2022-07-15 18:03:10,0,0,3.75,0,0,93.5,1.75,0.25,0
2022-07-15 18:03:09,0,0,4.738155,0.2493766,0,93.01746,1.2468828,0,0.2493766
2022-07-15 18:03:08,0,0,5,0.25,0,92.25,1.75,0.25,0
2022-07-15 18:03:07,0,0,4.773869,0.2512563,0,92.96482,1.2562814,0.2512563,0
2022-07-15 18:03:06,0,0,4.726368,0,0,93.03483,1.4925373,0.2487562,0
2022-07-15 18:03:05,0,0,5.316456,0,0,92.91139,1.5189873,0,0
2022-07-15 18:03:04,0,0,4.962779,0.4962779,0,92.05955,1.736973,0.248139,0
2022-07-15 18:03:03,0,0,5.236908,0.2493766,0,90.02494,2.493766,0.2493766,0.7481297
2022-07-15 18:03:02,0,0,4.260652,0,0,93.98496,1.2531328,0.2506266,0
2022-07-15 18:03:01,0,0,4.5,0.25,0,92.75,1.5,0,0
2022-07-15 18:03:00,0,0,5.263158,0.2506266,0,91.72932,2.255639,0,0
2022-07-15 18:02:59,0,0,4.488778,0.2493766,0,93.26683,1.2468828,0.2493766,0
2022-07-15 18:02:58,0,0,5.012531,0,0,92.73183,1.754386,0.2506266,0
2022-07-15 18:02:57,0,0,4.773869,0.5025126,0,92.46231,1.5075377,0.2512563,0
2022-07-15 18:02:56,0,0,4.5,0,0,93.75,1.25,0.25,0
2022-07-15 18:02:55,0,0,5,0.25,0,92.25,1.75,0,0
2022-07-15 18:02:54,0,0,5.276382,0.2512563,0,92.21106,1.758794,0.2512563,0
2022-07-15 18:02:53,0,0,4.488778,0.2493766,0,91.5212,1.995012,0,0
2022-07-15 18:02:52,0,0,4.738155,0.2493766,0,93.01746,1.4962594,0.2493766,0
2022-07-15 18:02:51,0,0,5.037783,0.5037783,0,92.19144,1.511335,0.2518892,0
2022-07-15 18:02:50,0,0,5.75,0,0,92.25,1.75,0,0
2022-07-15 18:02:49,0,0,4.020101,0.2512563,0,92.46231,1.2562814,0.5025126,0.2512563
2022-07-15 18:02:48,0,0,4.25,0,0,94.25,0.75,0,0
2022-07-15 18:02:47,0,0,5.25,0.25,0,92.25,1.5,0.25,0
2022-07-15 18:02:46,0,0,4.738155,0,0,93.76559,1.2468828,0,0
2022-07-15 18:02:45,0,0,5.289673,0.2518892,0,91.43577,1.763224,0.2518892,0.2518892
2022-07-15 18:02:44,0,0,4.010025,0.2506266,0,93.23308,1.754386,0,0
2022-07-15 18:02:43,0,0,4.987531,0,0,93.26683,0.9975062,0.2493766,0
2022-07-15 18:02:42,0,0,4.738155,0.2493766,0,93.26683,1.2468828,0.2493766,0
2022-07-15 18:02:41,0,0,4.79798,0.2525253,0,91.91919,2.020202,0.2525253,0
2022-07-15 18:02:40,0,0,4.761905,0.2506266,0,92.4812,1.754386,0.2506266,0
2022-07-15 18:02:39,0,0,4.987531,0.2493766,0,92.76808,1.745636,0,0
2022-07-15 18:02:38,0,0,4.975124,0.2487562,0,92.78607,1.2437811,0.4975124,0
2022-07-15 18:02:37,0,0,4.761905,0.2506266,0,91.97995,1.754386,0.2506266,0.2506266
2022-07-15 18:02:36,0,0,4.511278,0.5012531,0,92.4812,1.5037594,0.2506266,0.2506266
2022-07-15 18:02:35,0,0,4.511278,0.2506266,0,93.23308,1.5037594,0,0
2022-07-15 18:02:34,0,0,5.223881,0,0,92.53731,1.741294,0,0
2022-07-15 18:02:33,0,0,4.260652,0.2506266,0,93.98496,1.0025063,0.2506266,0
2022-07-15 18:02:32,0,0,5.236908,0.2493766,0,92.5187,1.4962594,0.2493766,0
2022-07-15 18:02:31,0,0,4.282116,0.2518892,0,93.70277,1.0075567,0.2518892,0
2022-07-15 18:02:30,0,0,5.25,0,0,93,1.25,0.25,0
2022-07-15 18:02:29,0,0,4.738155,0.2493766,0,93.01746,1.4962594,0.2493766,0
2022-07-15 18:02:28,0,0,4.761905,0.2506266,0,91.72932,1.754386,0.2506266,0
2022-07-15 18:02:27,0,0,4.5,0.25,0,92.75,1.75,0.25,0
2022-07-15 18:02:26,0,0,4.761905,0.2506266,0,92.4812,2.005013,0.2506266,0
2022-07-15 18:02:25,0,0,4.773869,0,0,93.46734,1.0050251,0.2512563,0
2022-07-15 18:02:24,0,0,5,0.25,0,93,1.25,0,0
2022-07-15 18:02:23,0,0,4.228856,0.4975124,0,93.28358,1.4925373,0.2487562,0
2022-07-15 18:02:22,0,0,4.987531,0,0,93.26683,1.2468828,0.2493766,0
2022-07-15 18:02:21,0,0,4.488778,0.4987531,0,92.26933,2.244389,0,0
2022-07-15 18:02:20,0,0,5.513784,0,0,89.47368,2.005013,0.2506266,1.0025063
2022-07-15 18:02:19,0,0,4.010025,0,0,93.23308,2.005013,0.2506266,0
2022-07-15 18:02:18,0,0,4.75,0.25,0,93.25,1.5,0,0
2022-07-15 18:02:17,0,0,4.987531,0,0,93.76559,0.9975062,0,0
2022-07-15 18:02:16,0,0,4.534005,0,0,93.19899,1.511335,0,0
2022-07-15 18:02:15,0,0,4.726368,0.2487562,0,92.78607,1.4925373,0.2487562,0
2022-07-15 18:02:14,0,0,4.773869,0,0,93.21608,1.5075377,0.2512563,0
2022-07-15 18:02:13,0,0,4.761905,0.5012531,0,93.23308,1.2531328,0.2506266,0
2022-07-15 18:02:12,0,0,4.987531,0.2493766,0,91.27182,1.995012,0.2493766,0.2493766
2022-07-15 18:02:11,0,0,4.271357,0.2512563,0,93.46734,1.2562814,0,0
2022-07-15 18:02:10,0,0,5.012531,0.2506266,0,92.73183,1.2531328,0.2506266,0
2022-07-15 18:02:09,0,0,4.987531,0,0,93.51621,1.2468828,0,0
2022-07-15 18:02:08,0,0,4.511278,0.2506266,0,93.23308,1.5037594,0.2506266,0
2022-07-15 18:02:07,0,0,5.223881,0.2487562,0,91.79104,1.741294,0.2487562,0
2022-07-15 18:02:06,0,0,4.5,0,0,94,1,0.25,0
2022-07-15 18:02:05,0,0,5.472637,0,0,92.28856,1.4925373,0.4975124,0
2022-07-15 18:02:04,0,0,4.773869,0,0,93.71859,1.2562814,0,0
2022-07-15 18:02:03,0,0,5.459057,0.248139,0,91.31514,1.2406948,0.248139,0.4962779
2022-07-15 18:02:02,0,0,3.768844,0.5025126,0,93.96985,1.0050251,0.2512563,0
2022-07-15 18:02:01,0,0,4.030227,0,0,93.70277,1.511335,0.2518892,0
2022-07-15 18:02:00,0,0,5.012531,0.2506266,0,92.98246,1.2531328,0,0
2022-07-15 18:01:59,0,0,4.987531,0,0,92.01995,1.4962594,0.4987531,0
2022-07-15 18:01:58,0,0,4.987531,0,0,93.26683,1.2468828,0.2493766,0
2022-07-15 18:01:57,0,0,4.020101,0,0,93.46734,1.5075377,0.2512563,0
2022-07-15 18:01:56,0,0,5.486284,0.2493766,0,92.76808,0.4987531,0.4987531,0
2022-07-15 18:01:55,0,0,4.260652,0.2506266,0,93.73434,1.2531328,0,0
2022-07-15 18:01:54,0,0,5.5,0,0,91.5,1.75,0.25,0
2022-07-15 18:01:53,0,0,3.75,0,0,93.25,1.5,0.5,0
2022-07-15 18:01:52,0,0,5.25,0.25,0,92.5,1.5,0.25,0
2022-07-15 18:01:51,0,0,4.522613,0.2512563,0,92.96482,1.2562814,0.2512563,0
2022-07-15 18:01:50,0,0,5.012531,0.5012531,0,92.4812,1.754386,0,0
2022-07-15 18:01:49,0,0,4.726368,0.2487562,0,93.78109,0.7462687,0,0
2022-07-15 18:01:48,0,0,4.534005,0,0,93.45088,1.511335,0.2518892,0
2022-07-15 18:01:47,0,0,6,0.25,0,91,1.75,0.25,0.25
2022-07-15 18:01:46,0,0,3.25,0.25,0,94.25,1.5,0,0.25
2022-07-15 18:01:45,0,0,5.25,0,0,92.5,1.5,0.25,0
2022-07-15 18:01:44,0,0,5.012531,0.2506266,0,93.23308,1.2531328,0,0
2022-07-15 18:01:43,0,0,4.738155,0.4987531,0,91.77057,1.995012,0.2493766,0
2022-07-15 18:01:42,0,0,5.012531,0.2506266,0,92.73183,1.5037594,0,0
2022-07-15 18:01:41,0,0,4.5,0,0,93.75,1.25,0.25,0
2022-07-15 18:01:40,0,0,4.738155,0.2493766,0,92.76808,1.2468828,0.2493766,0.2493766
2022-07-15 18:01:39,0,0,4.75,0.25,0,93.25,1.5,0,0
2022-07-15 18:01:38,0,0,6.483791,0,0,90.02494,2.244389,0.2493766,0
2022-07-15 18:01:37,0,0,3.526448,0,0,94.96222,1.0075567,0,0
2022-07-15 18:01:36,0,0,4.25,0.5,0,93.25,1.75,0,0
2022-07-15 18:01:35,0,0,4.477612,0.4975124,0,92.53731,1.741294,0.2487562,0
2022-07-15 18:01:34,0,0,6.203474,0.248139,0,90.81886,1.2406948,0.248139,0.248139
2022-07-15 18:01:33,0,0,3.25,0,0,95,1,0,0
2022-07-15 18:01:32,0,0,5.012531,0,0,93.23308,1.2531328,0.2506266,0
2022-07-15 18:01:31,0,0,4.75,0,0,93,1.75,0.25,0
2022-07-15 18:01:30,0,0,4.785894,0.2518892,0,93.19899,1.0075567,0.2518892,0
2022-07-15 18:01:29,0,0,5.721393,0.2487562,0,90.54726,2.736318,0.4975124,0
2022-07-15 18:01:28,0,0,3.759398,0,0,94.23559,1.5037594,0,0
2022-07-15 18:01:27,0,0,4.71464,0.4962779,0,93.05211,1.2406948,0.248139,0
2022-07-15 18:01:26,0,0,4.75,0.25,0,92.75,1.5,0.25,0.25
2022-07-15 18:01:25,0,0,4.773869,0,0,93.71859,1.0050251,0,0
2022-07-15 18:01:24,0,0,5.236908,0.4987531,0,92.5187,1.4962594,0,0
2022-07-15 18:01:23,0,0,4.477612,0.2487562,0,93.53234,1.2437811,0.2487562,0
2022-07-15 18:01:22,0,0,5.513784,0.2506266,0,92.4812,1.5037594,0,0
2022-07-15 18:01:21,0,0,5.012531,0.2506266,0,91.72932,1.5037594,0.2506266,0.2506266
2022-07-15 18:01:20,0,0,4.260652,0,0,92.98246,2.005013,0.2506266,0
2022-07-15 18:01:19,0,0,4.726368,0,0,92.78607,1.99005,0,0
2022-07-15 18:01:18,0,0,4.773869,0.2512563,0,92.96482,1.5075377,0,0
2022-07-15 18:01:17,0,0,4.75,0.25,0,93.25,1,0.25,0
2022-07-15 18:01:16,0,0,5.236908,0,0,92.5187,1.745636,0,0
2022-07-15 18:01:15,0,0,4.477612,0.2487562,0,92.78607,1.4925373,0.2487562,0.2487562
2022-07-15 18:01:14,0,0,5.012531,0,0,92.4812,2.005013,0,0
2022-07-15 18:01:13,0,0,6.234414,0,0,91.5212,1.4962594,0.2493766,0
2022-07-15 18:01:12,0,0,3.990025,0.2493766,0,93.01746,1.745636,0,0.2493766
2022-07-15 18:01:11,0,0,3.482587,0.2487562,0,94.27861,0.9950249,0.2487562,0
2022-07-15 18:01:10,0,0,5.025126,0.2512563,0,92.96482,1.2562814,0.2512563,0
2022-07-15 18:01:09,0,0,4.511278,0.2506266,0,92.98246,1.2531328,0.2506266,0
2022-07-15 18:01:08,0,0,5.223881,0.2487562,0,91.79104,1.2437811,0,0.7462687
2022-07-15 18:01:07,0,0,4.477612,0.2487562,0,92.78607,1.741294,0.4975124,0
2022-07-15 18:01:06,0,0,4.761905,0.2506266,0,92.73183,1.5037594,0.2506266,0
2022-07-15 18:01:05,0,0,5.25,0,0,92.75,1.75,0,0
2022-07-15 18:01:04,0,0,4.738155,0.2493766,0,92.76808,0.9975062,0.2493766,0
2022-07-15 18:01:03,0,0,4.773869,0,0,92.96482,1.5075377,0,0
2022-07-15 18:01:02,0,0,5.486284,0,0,92.5187,1.2468828,0.4987531,0
2022-07-15 18:01:01,0,0,4.785894,0,0,93.19899,1.763224,0,0
2022-07-15 18:01:00,0,0,4.987531,0,0,92.26933,1.4962594,0.4987531,0
2022-07-15 18:00:59,0,0,4.726368,0.2487562,0,93.53234,0.9950249,0,0
2022-07-15 18:00:58,0,0,5.012531,0,0,93.48371,1.0025063,0.5012531,0
2022-07-15 18:00:57,0,0,4.75,0,0,93,1.5,0.25,0
2022-07-15 18:00:56,0,0,6,0.5,0,90.75,2,0,0
2022-07-15 18:00:55,0,0,3.266332,0,0,95.47739,0.7537688,0.2512563,0
2022-07-15 18:00:54,0,0,5,0.25,0,93.25,1,0,0
2022-07-15 18:00:53,0,0,4.761905,0,0,92.4812,2.255639,0.2506266,0
2022-07-15 18:00:52,0,0,4.75,0.25,0,93,1.5,0.25,0
2022-07-15 18:00:51,0,0,4.522613,0.2512563,0,93.21608,1.5075377,0,0
2022-07-15 18:00:50,0,0,4.761905,0.2506266,0,91.97995,1.754386,0.2506266,0
2022-07-15 18:00:49,0,0,5.012531,0.2506266,0,92.98246,1.5037594,0,0
2022-07-15 18:00:48,0,0,5.037783,0,0,92.69521,2.015113,0,0
2022-07-15 18:00:47,0,0,6.218905,0.2487562,0,90.29851,1.741294,0.2487562,0.4975124
2022-07-15 18:00:46,0,0,4.010025,0,0,94.73684,0.7518797,0,0
2022-07-15 18:00:45,0,0,4.738155,0.2493766,0,92.76808,1.4962594,0.2493766,0
2022-07-15 18:00:44,0,0,4.522613,0.2512563,0,93.46734,1.5075377,0,0
2022-07-15 18:00:43,0,0,5.764411,0,0,89.47368,2.005013,0,1.5037594
2022-07-15 18:00:42,0,0,4.25,0.25,0,93.5,0.75,0.5,0.25
2022-07-15 18:00:41,0,0,4.761905,0.5012531,0,92.23058,1.754386,0,0
2022-07-15 18:00:40,0,0,4.75,0.25,0,93,1.25,0.25,0
2022-07-15 18:00:39,0,0,4.738155,0.2493766,0,92.76808,1.745636,0,0
2022-07-15 18:00:38,0,0,5.527638,0.2512563,0,92.46231,1.2562814,0.2512563,0
2022-07-15 18:00:37,0,0,3.75,0.25,0,93.75,1.25,0.5,0
2022-07-15 18:00:36,0,0,4.228856,0,0,94.02985,0.9950249,0.2487562,0
2022-07-15 18:00:35,0,0,4.761905,0,0,93.23308,1.754386,0,0
2022-07-15 18:00:34,0,0,4.962779,0.248139,0,92.80397,1.2406948,0.248139,0
2022-07-15 18:00:33,0,0,4.975124,0.2487562,0,93.03483,1.2437811,0,0
2022-07-15 18:00:32,0,0,4.75,0,0,94,0.75,0.25,0
2022-07-15 18:00:31,0,0,4.511278,0,0,93.48371,1.2531328,0.2506266,0
2022-07-15 18:00:30,0,0,5.459057,0.248139,0,91.31514,1.4888337,0,0.248139
2022-07-15 18:00:29,0,0,4.239401,0,0,93.76559,1.745636,0,0
2022-07-15 18:00:28,0,0,4.773869,0,0,92.96482,1.2562814,0.5025126,0
2022-07-15 18:00:27,0,0,5.012531,0.2506266,0,92.98246,1.5037594,0,0
2022-07-15 18:00:26,0,0,4.785894,0,0,93.45088,1.0075567,0.2518892,0.2518892
2022-07-15 18:00:25,0,0,5.210918,0.248139,0,92.05955,1.4888337,0.4962779,0
2022-07-15 18:00:24,0,0,4.522613,0,0,93.21608,1.758794,0,0
2022-07-15 18:00:23,0,0,5,0,0,93,1.25,0.25,0
2022-07-15 18:00:22,0,0,6.25,0.25,0,91.25,1.5,0,0
2022-07-15 18:00:21,0,0,3.508772,0,0,93.98496,1.754386,0.2506266,0
2022-07-15 18:00:20,0,0,4.477612,0.2487562,0,93.03483,1.741294,0,0
2022-07-15 18:00:19,0,0,4.511278,0.2506266,0,93.23308,1.5037594,0.2506266,0
2022-07-15 18:00:18,0,0,5.19802,0.2475248,0,92.57426,0.7425743,0.2475248,0.2475248
2022-07-15 18:00:17,0,0,5.025126,0,0,90.70352,2.01005,0,1.5075377
2022-07-15 18:00:16,0,0,3.731343,0.2487562,0,94.02985,0.9950249,0.2487562,0.4975124
2022-07-15 18:00:15,0,0,5,0.25,0,92.75,1.5,0.25,0
2022-07-15 18:00:14,0,0,4.271357,0,0,93.71859,1.2562814,0.2512563,0
2022-07-15 18:00:13,0,0,6.030151,0.5025126,0,90.95477,2.261307,0,0
2022-07-15 18:00:12,0,0,4.466501,0.248139,0,92.55583,1.736973,0.248139,0
2022-07-15 18:00:11,0,0,4.020101,0,0,94.47236,1.0050251,0.2512563,0
2022-07-15 18:00:10,0,0,4.738155,0.4987531,0,93.01746,1.2468828,0,0
2022-07-15 18:00:09,0,0,4.987531,0,0,93.01746,0.9975062,0.4987531,0
2022-07-15 18:00:08,0,0,4.738155,0.2493766,0,93.01746,0.9975062,0.2493766,0
2022-07-15 18:00:07,0,0,4.761905,0,0,93.48371,1.2531328,0,0
2022-07-15 18:00:06,0,0,4.738155,0,0,93.26683,1.2468828,0.4987531,0
2022-07-15 18:00:05,0,0,5.735661,0,0,91.5212,1.2468828,0.2493766,0.2493766
2022-07-15 18:00:04,0,0,4.239401,0,0,94.01496,1.2468828,0.2493766,0
2022-07-15 18:00:03,0,0,4.5,0,0,93.5,1.5,0.25,0
2022-07-15 18:00:02,0,0,4.975124,0.2487562,0,92.78607,1.2437811,0.2487562,0
2022-07-15 18:00:01,0,0,5.289673,0,0,92.44332,1.511335,0.5037783,0
2022-07-15 18:00:00,0,0,4.975124,0.2487562,0,92.0398,1.99005,0.2487562,0
2022-07-15 17:59:59,0,0,4.79798,0,0,94.19192,0.7575758,0,0
2022-07-15 17:59:58,0,0,4.962779,0.248139,0,92.30769,1.4888337,0.248139,0
2022-07-15 17:59:57,0,0,6.5,0.25,0,90.25,1.75,0.25,0.75
2022-07-15 17:59:56,0,0,3.526448,0,0,94.71033,0.7556675,0,0.5037783
2022-07-15 17:59:55,0,0,3.9801,0.2487562,0,93.78109,1.4925373,0.2487562,0
2022-07-15 17:59:54,0,0,4.75,0,0,93.25,1,0.25,0
2022-07-15 17:59:53,0,0,5,0,0,93.25,1.25,0.25,0
2022-07-15 17:59:52,0,0,6.766917,0.2506266,0,89.97494,2.005013,0.2506266,0
2022-07-15 17:59:51,0,0,3.5,0.25,0,94,1.5,0,0
2022-07-15 17:59:50,0,0,4.271357,0,0,94.22111,0.7537688,0.2512563,0.2512563
2022-07-15 17:59:49,0,0,4.987531,0,0,93.26683,1.2468828,0.2493766,0
2022-07-15 17:59:48,0,0,4.522613,0.2512563,0,92.96482,1.5075377,0.2512563,0
2022-07-15 17:59:47,0,0,6.435644,0,0,89.60396,1.980198,0.4950495,0.2475248
2022-07-15 17:59:46,0,0,3.291139,0,0,95.44304,0.5063291,0,0
2022-07-15 17:59:45,0,0,4.738155,0.7481297,0,93.26683,0.7481297,0.2493766,0
2022-07-15 17:59:44,0,0,4.79798,0,0,94.19192,0.7575758,0,0
2022-07-15 17:59:43,0,0,5.236908,0.2493766,0,92.76808,0.7481297,0.2493766,0
2022-07-15 17:59:42,0,0,4.75,0,0,94,0.75,0.25,0
2022-07-15 17:59:41,0,0,4.785894,0,0,93.45088,1.2594458,0,0
2022-07-15 17:59:40,0,0,4.738155,0.2493766,0,92.5187,1.995012,0,0
2022-07-15 17:59:39,0,0,4.987531,0,0,93.26683,0.9975062,0.2493766,0
2022-07-15 17:59:38,0,0,4.511278,0.2506266,0,92.73183,1.754386,0.2506266,0
2022-07-15 17:59:37,0,0,5.012531,0.2506266,0,92.4812,1.2531328,0.5012531,0
2022-07-15 17:59:36,0,0,5.012531,0,0,93.48371,1.0025063,0,0
2022-07-15 17:59:35,0,0,4.75,0,0,93.25,1.25,0.25,0
2022-07-15 17:59:34,0,0,4.761905,0.2506266,0,93.23308,1.5037594,0.2506266,0
2022-07-15 17:59:33,0,0,4.761905,0,0,92.98246,1.5037594,0.5012531,0
2022-07-15 17:59:32,0,0,5.486284,0,0,93.26683,0.9975062,0,0
2022-07-15 17:59:31,0,0,5,0.25,0,91.5,1,0.5,0.25
2022-07-15 17:59:30,0,0,3.5,0.25,0,94.25,1.5,0,0
2022-07-15 17:59:29,0,0,5,0,0,93,1,0.5,0.25
2022-07-15 17:59:28,0,0,4.488778,0,0,93.01746,1.745636,0.2493766,0
2022-07-15 17:59:27,0,0,5.5,0.25,0,92,1.25,0.25,0.25
2022-07-15 17:59:26,0,0,4.466501,0,0,92.80397,1.4888337,0.248139,0
2022-07-15 17:59:25,0,0,4.25,0,0,94,1,0.5,0
2022-07-15 17:59:24,0,0,4.785894,0.2518892,0,92.9471,1.511335,0,0
2022-07-15 17:59:23,0,0,4.488778,0.2493766,0,93.51621,0.9975062,0.2493766,0
2022-07-15 17:59:22,0,0,6.467662,0.2487562,0,91.54229,1.4925373,0,0
2022-07-15 17:59:21,0,0,3.517588,0.2512563,0,92.21106,1.5075377,0.2512563,1.2562814
2022-07-15 17:59:20,0,0,3.759398,0,0,93.48371,2.005013,0.2506266,0
2022-07-15 17:59:19,0,0,5,0.25,0,92.75,1,0.25,0
2022-07-15 17:59:18,0,0,4.271357,0,0,93.71859,1.5075377,0.2512563,0
2022-07-15 17:59:17,0,0,5.5,0.25,0,92.5,1.25,0,0
2022-07-15 17:59:16,0,0,4.25,0,0,93.75,1.5,0.25,0
2022-07-15 17:59:15,0,0,5.472637,0.2487562,0,91.54229,1.2437811,0.2487562,0
2022-07-15 17:59:14,0,0,4.761905,0,0,93.73434,1.0025063,0,0
2022-07-15 17:59:13,0,0,3.759398,0,0,94.48622,1.0025063,0.2506266,0
2022-07-15 17:59:12,0,0,4.511278,0,0,93.73434,1.5037594,0,0
2022-07-15 17:59:11,0,0,5.012531,0,0,93.23308,0.5012531,0.2506266,0.2506266
2022-07-15 17:59:10,0,0,4.75,0,0,92.25,2.25,0.25,0
2022-07-15 17:59:09,0,0,4.75,0,0,93.5,1.25,0,0
2022-07-15 17:59:08,0,0,4.488778,0.2493766,0,93.01746,1.2468828,0.2493766,0
2022-07-15 17:59:07,0,0,6.549118,0.2518892,0,91.18388,1.763224,0,0.2518892
2022-07-15 17:59:06,0,0,4.5,0.25,0,92.5,1.75,0.25,0.5
2022-07-15 17:59:05,0,0,4.726368,0,0,93.53234,0.7462687,0.2487562,0.2487562
2022-07-15 17:59:04,0,0,4.271357,0.2512563,0,93.96985,1.0050251,0.2512563,0
2022-07-15 17:59:03,0,0,5.025126,0.2512563,0,92.46231,1.758794,0,0
2022-07-15 17:59:02,0,0,5.472637,0,0,92.53731,1.4925373,0.2487562,0
2022-07-15 17:59:01,0,0,5.289673,0.2518892,0,91.68766,1.511335,0,0.2518892
2022-07-15 17:59:00,0,0,3.75,0,0,94.25,1.5,0.25,0
2022-07-15 17:58:59,0,0,4.25,0,0,93.5,1.25,0.25,0.25
2022-07-15 17:58:58,0,0,4.738155,0.2493766,0,93.01746,1.4962594,0,0
2022-07-15 17:58:57,0,0,4.761905,0,0,93.23308,1.754386,0,0
2022-07-15 17:58:56,0,0,5.985037,0.2493766,0,90.27431,1.4962594,0.2493766,0.7481297
2022-07-15 17:58:55,0,0,3.731343,0.2487562,0,94.27861,0.9950249,0.2487562,0
2022-07-15 17:58:54,0,0,4.556962,0,0,93.16456,1.5189873,0.2531646,0
2022-07-15 17:58:53,0,0,4.987531,0,0,92.5187,1.745636,0.2493766,0
2022-07-15 17:58:52,0,0,4.511278,0.2506266,0,93.48371,1.2531328,0,0
2022-07-15 17:58:51,0,0,4.75,0.25,0,92.25,1.5,0.25,0
2022-07-15 17:58:50,0,0,6.25,0.25,0,91.25,1.5,0,0.25
2022-07-15 17:58:49,0,0,8.72818,0,0,87.53117,1.745636,0.4987531,1.2468828
2022-07-15 17:58:48,0,0,1.763224,0,0,96.72544,1.0075567,0,0.2518892
2022-07-15 17:58:47,0,0,2.743142,0,0,95.01247,1.2468828,0.2493766,0.4987531
2022-07-15 17:58:46,0,0,5.721393,0,0,92.0398,1.2437811,0.2487562,0.4975124
2022-07-15 17:58:45,0,0,6.5,0.5,0,89.25,1.75,0,1.75
2022-07-15 17:58:44,0,0,3.266332,0,0,93.71859,1.2562814,0,1.0050251
2022-07-15 17:58:43,0,0,4.411765,0.7352941,0,84.31373,2.45098,0.4901961,6.372549
2022-07-15 17:58:42,0,0,1.5151515,0,0,97.47475,1.010101,0,0
2022-07-15 17:58:41,0,0,4.987531,0.7481297,0,92.5187,0.9975062,0,0.2493766
2022-07-15 17:58:40,0,0,3.740648,0.2493766,0,93.51621,1.2468828,0.2493766,0
2022-07-15 17:58:39,0,0,5,0.25,0,92.5,1.75,0,0
2022-07-15 17:58:38,0,0,4.773869,0,0,92.71357,1.758794,0.2512563,0
2022-07-15 17:58:37,0,0,4.75,0.25,0,93,1.5,0,0
2022-07-15 17:58:36,0,0,5.025126,0.2512563,0,92.46231,1.5075377,0,0
2022-07-15 17:58:35,0,0,4.25,0.25,0,93,1.75,0.25,0
2022-07-15 17:58:34,0,0,4.975124,0,0,93.03483,1.4925373,0.2487562,0
2022-07-15 17:58:33,0,0,4.511278,0.2506266,0,92.73183,2.005013,0,0
2022-07-15 17:58:32,0,0,4.962779,0.248139,0,92.80397,1.4888337,0,0
2022-07-15 17:58:31,0,0,5.5,0.25,0,91.5,2,0.25,0.25
2022-07-15 17:58:30,0,0,4.030227,0.2518892,0,93.45088,1.511335,0,0
2022-07-15 17:58:29,0,0,4.987531,0.2493766,0,92.5187,1.4962594,0.2493766,0
2022-07-15 17:58:28,0,0,5.263158,0.2506266,0,92.98246,1.2531328,0,0
2022-07-15 17:58:27,0,0,4.25,0,0,93.5,1.5,0.25,0
2022-07-15 17:58:26,0,0,5.263158,0.5012531,0,92.73183,1.0025063,0,0
2022-07-15 17:58:25,0,0,4.488778,0,0,93.26683,1.745636,0.2493766,0
2022-07-15 17:58:24,0,0,5,0.25,0,93.25,1.25,0,0
2022-07-15 17:58:23,0,0,5.012531,0,0,90.47619,2.005013,0,1.5037594
2022-07-15 17:58:22,0,0,4.228856,0.2487562,0,92.78607,1.99005,0.2487562,0
2022-07-15 17:58:21,0,0,4.79798,0.2525253,0,92.17172,1.767677,0.2525253,0
2022-07-15 17:58:20,0,0,4.761905,0,0,93.73434,1.2531328,0,0
2022-07-15 17:58:19,0,0,4.738155,0.4987531,0,92.01995,1.995012,0.2493766,0
2022-07-15 17:58:18,0,0,4.75,0.25,0,93,1.5,0,0
2022-07-15 17:58:17,0,0,5,0,0,93.5,1,0.25,0
2022-07-15 17:58:16,0,0,5.808081,0,0,91.41414,1.767677,0.5050505,0
2022-07-15 17:58:15,0,0,3.740648,0.2493766,0,94.26434,1.4962594,0,0
2022-07-15 17:58:14,0,0,4.785894,0,0,93.45088,1.0075567,0,0
2022-07-15 17:58:13,0,0,4.987531,0.2493766,0,93.01746,0.7481297,0.2493766,0
2022-07-15 17:58:12,0,0,4.5,0.5,0,93.25,1.25,0.25,0.25
2022-07-15 17:58:11,0,0,5.527638,0.5025126,0,91.45729,1.2562814,0,0
2022-07-15 17:58:10,0,0,3.9801,0.2487562,0,94.02985,1.2437811,0.2487562,0
2022-07-15 17:58:09,0,0,4.738155,0.2493766,0,92.26933,1.745636,0.4987531,0
2022-07-15 17:58:08,0,0,4.761905,0.2506266,0,93.48371,1.0025063,0.2506266,0
2022-07-15 17:58:07,0,0,5.263158,0,0,93.23308,1.0025063,0.2506266,0
2022-07-15 17:58:06,0,0,4.773869,0.2512563,0,92.21106,2.01005,0.2512563,0
2022-07-15 17:58:05,0,0,5.472637,0.2487562,0,91.54229,1.99005,0,0.2487562
2022-07-15 17:58:04,0,0,4.511278,0.2506266,0,93.73434,1.0025063,0.2506266,0
2022-07-15 17:58:03,0,0,4.511278,0.2506266,0,92.73183,1.754386,0.2506266,0
2022-07-15 17:58:02,0,0,5.276382,0.2512563,0,91.70854,1.758794,0.2512563,0
2022-07-15 17:58:01,0,0,4.726368,0.7462687,0,92.53731,1.4925373,0,0
2022-07-15 17:58:00,0,0,4.75,0.5,0,92.5,1.75,0,0
2022-07-15 17:57:59,0,0,4.773869,0.2512563,0,93.71859,1.0050251,0,0
2022-07-15 17:57:58,0,0,5.955335,0.248139,0,91.31514,1.736973,0.248139,0
2022-07-15 17:57:57,0,0,4.010025,0.2506266,0,93.98496,1.0025063,0,0
2022-07-15 17:57:56,0,0,4.75,0.25,0,93,1.75,0,0
2022-07-15 17:57:55,0,0,4.785894,0.2518892,0,93.19899,1.511335,0,0
2022-07-15 17:57:54,0,0,4.477612,0.2487562,0,93.53234,1.2437811,0.2487562,0
2022-07-15 17:57:53,0,0,5.472637,0.7462687,0,90.79602,1.741294,0,0
2022-07-15 17:57:52,0,0,4.511278,0.5012531,0,93.48371,1.2531328,0,0
2022-07-15 17:57:51,0,0,5.25,0,0,92.5,1.5,0.25,0
2022-07-15 17:57:50,0,0,4.260652,0.2506266,0,92.23058,1.5037594,0.2506266,0.7518797
2022-07-15 17:57:49,0,0,4.738155,0,0,93.01746,1.4962594,0,0
2022-07-15 17:57:48,0,0,4.75,0.25,0,92.75,1.75,0.25,0
2022-07-15 17:57:47,0,0,5,0.25,0,92.5,1.25,0.25,0
2022-07-15 17:57:46,0,0,4.511278,0.2506266,0,93.73434,0.7518797,0.7518797,0
2022-07-15 17:57:45,0,0,4.738155,0.4987531,0,91.02244,1.4962594,0.4987531,0.7481297
2022-07-15 17:57:44,0,0,4.260652,0,0,93.98496,1.0025063,0.2506266,0
2022-07-15 17:57:43,0,0,5.223881,0.2487562,0,92.28856,1.4925373,0.2487562,0
2022-07-15 17:57:42,0,0,4.726368,0,0,93.53234,1.4925373,0.2487562,0
2022-07-15 17:57:41,0,0,4.534005,0.2518892,0,93.19899,1.511335,0,0
2022-07-15 17:57:40,0,0,5.513784,0.5012531,0,91.97995,1.2531328,0,0
2022-07-15 17:57:39,0,0,3.759398,0,0,95.2381,0.7518797,0.2506266,0
2022-07-15 17:57:38,0,0,4.761905,0,0,92.23058,2.255639,0.2506266,0
2022-07-15 17:57:37,0,0,4.761905,0.2506266,0,92.98246,1.2531328,0.2506266,0
2022-07-15 17:57:36,0,0,4.75,0,0,93.25,1.25,0.5,0
2022-07-15 17:57:35,0,0,4.773869,0,0,93.46734,1.2562814,0,0
2022-07-15 17:57:34,0,0,4.726368,0.2487562,0,93.03483,1.2437811,0,0
2022-07-15 17:57:33,0,0,4.522613,0,0,93.96985,1.2562814,0,0
2022-07-15 17:57:32,0,0,5.223881,0.2487562,0,91.54229,1.4925373,0.4975124,0.2487562
2022-07-15 17:57:31,0,0,3.787879,0,0,93.68687,1.5151515,0.2525253,0
2022-07-15 17:57:30,0,0,5.223881,0.2487562,0,92.53731,1.2437811,0.2487562,0
2022-07-15 17:57:29,0,0,4.511278,0,0,93.73434,1.2531328,0,0
2022-07-15 17:57:28,0,0,4.987531,0.4987531,0,92.5187,1.4962594,0.2493766,0
2022-07-15 17:57:27,0,0,4.773869,0.7537688,0,92.46231,1.5075377,0,0
2022-07-15 17:57:26,0,0,5.263158,0,0,92.4812,1.754386,0.2506266,0
2022-07-15 17:57:25,0,0,4.738155,0.4987531,0,92.5187,1.4962594,0,0
2022-07-15 17:57:24,0,0,4.71464,0.4962779,0,92.30769,0.9925558,0.7444169,0
2022-07-15 17:57:23,0,0,4.785894,0,0,93.95466,1.0075567,0,0
2022-07-15 17:57:22,0,0,5.263158,0.5012531,0,92.4812,1.5037594,0,0
2022-07-15 17:57:21,0,0,4.488778,0,0,93.26683,1.2468828,0.2493766,0
2022-07-15 17:57:20,0,0,5.263158,0.2506266,0,90.22556,1.754386,0.2506266,0.2506266
2022-07-15 17:57:19,0,0,3.9801,0.4975124,0,93.03483,1.741294,0.2487562,0
2022-07-15 17:57:18,0,0,4.738155,0.2493766,0,92.01995,1.995012,0.2493766,0
2022-07-15 17:57:17,0,0,4.545455,0,0,94.19192,1.010101,0,0
2022-07-15 17:57:16,0,0,4.761905,0.2506266,0,92.4812,1.5037594,0.2506266,0
2022-07-15 17:57:15,0,0,4.938272,0.2469136,0,92.59259,1.4814815,0.2469136,0
2022-07-15 17:57:14,0,0,4.545455,0,0,92.42424,1.5151515,0,1.010101
2022-07-15 17:57:13,0,0,4.466501,0.248139,0,92.55583,1.736973,0.4962779,0
2022-07-15 17:57:12,0,0,4.75,0.25,0,93,1.25,0.25,0
2022-07-15 17:57:11,0,0,4.773869,0,0,92.21106,2.261307,0,0
2022-07-15 17:57:10,0,0,4.962779,0.248139,0,91.81141,1.736973,0.4962779,0
2022-07-15 17:57:09,0,0,4.773869,0,0,92.96482,1.5075377,0.2512563,0
2022-07-15 17:57:08,0,0,4.773869,0.5025126,0,92.71357,1.5075377,0.2512563,0
2022-07-15 17:57:07,0,0,5.025126,0.2512563,0,91.9598,1.5075377,0,0
2022-07-15 17:57:06,0,0,4.239401,0.2493766,0,93.26683,1.4962594,0.2493766,0
2022-07-15 17:57:05,0,0,5.236908,0.2493766,0,92.26933,1.4962594,0.2493766,0.2493766
2022-07-15 17:57:04,0,0,5,0.25,0,92.75,1.25,0.25,0
2022-07-15 17:57:03,0,0,4.488778,0.2493766,0,93.01746,1.745636,0.2493766,0
2022-07-15 17:57:02,0,0,5.263158,0.2506266,0,92.23058,1.754386,0,0
2022-07-15 17:57:01,0,0,4.260652,0.2506266,0,92.98246,1.2531328,0.2506266,0
2022-07-15 17:57:00,0,0,6.265664,0.2506266,0,90.72682,1.5037594,0.2506266,0
2022-07-15 17:56:59,0,0,3.990025,0,0,94.26434,1.2468828,0.2493766,0
2022-07-15 17:56:58,0,0,5.236908,0.2493766,0,92.26933,1.745636,0,0
2022-07-15 17:56:57,0,0,4.5,0.25,0,92.25,2,0.25,0
2022-07-15 17:56:56,0,0,5.5,0,0,92,1.75,0.25,0
2022-07-15 17:56:55,0,0,5.289673,0.2518892,0,91.93955,2.267003,0,0
2022-07-15 17:56:54,0,0,4.71464,0,0,92.30769,1.2406948,0.248139,0.248139
2022-07-15 17:56:53,0,0,4.488778,0.2493766,0,93.01746,1.745636,0,0
2022-07-15 17:56:52,0,0,5.236908,0.2493766,0,91.77057,2.244389,0.2493766,0
2022-07-15 17:56:51,0,0,5.025126,0.2512563,0,92.46231,1.5075377,0,0
2022-07-15 17:56:50,0,0,5,0,0,93.75,0.75,0.25,0
2022-07-15 17:56:49,0,0,5.527638,0.2512563,0,91.20603,1.5075377,0.2512563,0
2022-07-15 17:56:48,0,0,4.239401,0.2493766,0,94.01496,1.2468828,0,0
2022-07-15 17:56:47,0,0,4.987531,0.2493766,0,92.5187,1.745636,0.2493766,0
2022-07-15 17:56:46,0,0,4.987531,0,0,92.26933,1.745636,0.4987531,0
2022-07-15 17:56:45,0,0,5.263158,0.2506266,0,92.4812,1.5037594,0.2506266,0
2022-07-15 17:56:44,0,0,4.773869,0.2512563,0,93.21608,1.5075377,0,0
2022-07-15 17:56:43,0,0,4.773869,0.2512563,0,93.21608,1.2562814,0,0
2022-07-15 17:56:42,0,0,4.738155,0,0,93.51621,1.2468828,0.2493766,0
2022-07-15 17:56:41,0,0,4.511278,0,0,92.4812,2.005013,0,0.5012531
2022-07-15 17:56:40,0,0,4.738155,0.2493766,0,93.01746,1.4962594,0.2493766,0
2022-07-15 17:56:39,0,0,5.316456,0,0,89.87342,4.303797,0.2531646,0
2022-07-15 17:56:38,0,0,4.987531,0.2493766,0,92.76808,1.2468828,0,0
2022-07-15 17:56:37,0,0,4.773869,0.2512563,0,92.71357,1.5075377,0.5025126,0
2022-07-15 17:56:36,0,0,5.236908,0.2493766,0,92.5187,1.745636,0,0
2022-07-15 17:56:35,0,0,4.511278,0.2506266,0,92.98246,1.2531328,0.5012531,0
2022-07-15 17:56:34,0,0,5.721393,0.2487562,0,91.79104,0.9950249,0.2487562,0.2487562
2022-07-15 17:56:33,0,0,4.260652,0.2506266,0,93.23308,1.754386,0,0
2022-07-15 17:56:32,0,0,4.987531,0,0,93.01746,1.4962594,0.2493766,0
2022-07-15 17:56:31,0,0,4.761905,0.2506266,0,92.98246,1.2531328,0.2506266,0
2022-07-15 17:56:30,0,0,5,0,0,93,1.25,0.25,0
2022-07-15 17:56:29,0,0,5.236908,0.4987531,0,91.5212,1.745636,0.2493766,0
2022-07-15 17:56:28,0,0,4.25,0.25,0,93.25,1.5,0,0
2022-07-15 17:56:27,0,0,4.5,0.25,0,94,0.75,0.25,0
2022-07-15 17:56:26,0,0,5.223881,0.4975124,0,91.04478,1.99005,0.2487562,0.2487562
2022-07-15 17:56:25,0,0,4.511278,0,0,93.98496,1.0025063,0.2506266,0
2022-07-15 17:56:24,0,0,5.025126,0.5025126,0,91.70854,2.01005,0.2512563,0
2022-07-15 17:56:23,0,0,3.990025,0,0,94.51372,0.9975062,0.2493766,0
2022-07-15 17:56:22,0,0,4.522613,0.2512563,0,92.96482,1.2562814,0,0
2022-07-15 17:56:21,0,0,4.761905,0.5012531,0,92.73183,1.2531328,0.5012531,0
2022-07-15 17:56:20,0,0,4.975124,0,0,92.78607,1.2437811,0.2487562,0
2022-07-15 17:56:19,0,0,4.522613,0.2512563,0,93.46734,1.2562814,0,0
2022-07-15 17:56:18,0,0,5,0,0,93.5,1,0,0
2022-07-15 17:56:17,0,0,4.975124,0.4975124,0,92.78607,1.4925373,0,0
2022-07-15 17:56:16,0,0,5.276382,0.2512563,0,91.70854,2.01005,0.2512563,0
2022-07-15 17:56:15,0,0,4.987531,0.2493766,0,92.26933,1.745636,0,0
2022-07-15 17:56:14,0,0,4.522613,0,0,93.96985,1.0050251,0,0
2022-07-15 17:56:13,0,0,4.522613,0.2512563,0,93.46734,1.2562814,0.2512563,0
2022-07-15 17:56:12,0,0,4.987531,0.4987531,0,92.5187,1.2468828,0.2493766,0
2022-07-15 17:56:11,0,0,5.012531,0,0,92.73183,1.5037594,0,0.2506266
2022-07-15 17:56:10,0,0,5.012531,0,0,93.23308,1.2531328,0.2506266,0
2022-07-15 17:56:09,0,0,5.025126,0,0,92.46231,1.5075377,0.2512563,0
2022-07-15 17:56:08,0,0,5.486284,0,0,91.02244,1.995012,0.2493766,0.4987531
2022-07-15 17:56:07,0,0,4.030227,0.2518892,0,93.95466,1.2594458,0,0
2022-07-15 17:56:06,0,0,4.477612,0.2487562,0,93.03483,1.4925373,0.2487562,0
2022-07-15 17:56:05,0,0,5.486284,0.2493766,0,92.76808,0.9975062,0.2493766,0
2022-07-15 17:56:04,0,0,5,0.25,0,92.5,1.75,0.25,0
2022-07-15 17:56:03,0,0,5.25,0,0,92,1.5,0.25,0.25
2022-07-15 17:56:02,0,0,4.773869,0.2512563,0,92.96482,1.2562814,0.2512563,0
2022-07-15 17:56:01,0,0,4.271357,0.5025126,0,93.46734,1.0050251,0.2512563,0
2022-07-15 17:56:00,0,0,5.223881,0.4975124,0,92.28856,1.2437811,0,0
2022-07-15 17:55:59,0,0,4.785894,0,0,93.95466,1.0075567,0,0
2022-07-15 17:55:58,0,0,5,0.5,0,92,1.5,0.5,0
2022-07-15 17:55:57,0,0,5.012531,0,0,93.23308,1.2531328,0.2506266,0
2022-07-15 17:55:56,0,0,5,0.5,0,91.75,1.5,0.25,0.25
2022-07-15 17:55:55,0,0,4.534005,0.2518892,0,94.20655,0.7556675,0,0
2022-07-15 17:55:54,0,0,4.987531,0,0,93.26683,1.2468828,0.2493766,0
2022-07-15 17:55:53,0,0,4.785894,0,0,93.45088,1.2594458,0,0
2022-07-15 17:55:52,0,0,4.987531,0.2493766,0,92.01995,1.745636,0.2493766,0
2022-07-15 17:55:51,0,0,4.75,0.25,0,93,1.25,0,0
2022-07-15 17:55:50,0,0,5,0,0,92.75,1.5,0.25,0
2022-07-15 17:55:49,0,0,5.555556,0,0,91.41414,1.767677,0.2525253,0.2525253
2022-07-15 17:55:48,0,0,3.491272,0,0,94.76309,0.9975062,0.2493766,0
2022-07-15 17:55:47,0,0,5.012531,0.5012531,0,92.73183,1.0025063,0.2506266,0
2022-07-15 17:55:46,0,0,4.75,0.25,0,92.75,1.5,0.25,0
2022-07-15 17:55:45,0,0,4.75,0.25,0,92.75,1.5,0.25,0
2022-07-15 17:55:44,0,0,5.25,0.25,0,92.75,0.75,0.25,0
2022-07-15 17:55:43,0,0,4.761905,0.2506266,0,92.73183,1.5037594,0.2506266,0
2022-07-15 17:55:42,0,0,5.764411,0,0,92.23058,1.5037594,0,0
2022-07-15 17:55:41,0,0,3.517588,0,0,92.71357,1.5075377,0.2512563,1.2562814
2022-07-15 17:55:40,0,0,4.271357,0.2512563,0,93.96985,0.7537688,0.2512563,0
2022-07-15 17:55:39,0,0,4.5,0.25,0,93.75,1,0.25,0
2022-07-15 17:55:38,0,0,5,0.25,0,93.5,0.75,0.25,0
2022-07-15 17:55:37,0,0,4.738155,0.2493766,0,92.5187,1.745636,0.2493766,0
2022-07-15 17:55:36,0,0,5.025126,0.2512563,0,92.21106,1.5075377,0,0
2022-07-15 17:55:35,0,0,4.271357,0,0,94.47236,0.7537688,0,0
2022-07-15 17:55:34,0,0,5.223881,0.2487562,0,91.79104,1.741294,0.4975124,0.2487562
2022-07-15 17:55:33,0,0,4.5,0.25,0,93.75,1.25,0,0
2022-07-15 17:55:32,0,0,5.210918,0.248139,0,92.05955,1.4888337,0.248139,0
2022-07-15 17:55:31,0,0,4.761905,0.2506266,0,92.98246,1.2531328,0.2506266,0
2022-07-15 17:55:30,0,0,5.289673,0.2518892,0,91.68766,1.511335,0.2518892,0.2518892
2022-07-15 17:55:29,0,0,3.9801,0.4975124,0,93.53234,1.2437811,0.2487562,0
2022-07-15 17:55:28,0,0,5.25,0.25,0,92.5,1.5,0,0
2022-07-15 17:55:27,0,0,4.75,0.25,0,93,1.25,0.25,0
2022-07-15 17:55:26,0,0,5.012531,0,0,93.48371,1.2531328,0,0
2022-07-15 17:55:25,0,0,4.987531,0.2493766,0,92.5187,1.4962594,0.2493766,0
2022-07-15 17:55:24,0,0,4.975124,0.2487562,0,92.78607,1.2437811,0.4975124,0
2022-07-15 17:55:23,0,0,4.511278,0,0,93.48371,1.5037594,0.2506266,0
2022-07-15 17:55:22,0,0,4.987531,0.2493766,0,91.02244,1.2468828,0,1.745636
2022-07-15 17:55:21,0,0,4.260652,0.2506266,0,93.23308,1.2531328,0.2506266,0
2022-07-15 17:55:20,0,0,5,0.25,0,92.75,1.75,0,0
2022-07-15 17:55:19,0,0,4.987531,0.2493766,0,92.5187,1.4962594,0.2493766,0
2022-07-15 17:55:18,0,0,5,0.25,0,92.5,1.5,0,0
2022-07-15 17:55:17,0,0,4.79798,0,0,93.43434,1.5151515,0,0
2022-07-15 17:55:16,0,0,6.483791,0.2493766,0,90.52369,1.745636,0.2493766,0.2493766
2022-07-15 17:55:15,0,0,4,0.25,0,93.5,1.25,0.25,0
2022-07-15 17:55:14,0,0,3.740648,0.4987531,0,94.01496,1.2468828,0,0
2022-07-15 17:55:13,0,0,5,0,0,92.75,1.25,0.5,0
2022-07-15 17:55:12,0,0,4.511278,0,0,92.98246,1.754386,0.2506266,0
2022-07-15 17:55:11,0,0,5.527638,0.2512563,0,92.46231,1.2562814,0,0
2022-07-15 17:55:10,0,0,5.263158,0,0,92.73183,1.5037594,0,0
2022-07-15 17:55:09,0,0,4.228856,0.2487562,0,93.53234,0.9950249,0.4975124,0
2022-07-15 17:55:08,0,0,4.761905,0,0,93.23308,1.754386,0,0
2022-07-15 17:55:07,0,0,4.738155,0,0,93.26683,1.2468828,0,0
2022-07-15 17:55:06,0,0,5.012531,0.2506266,0,92.73183,1.2531328,0.2506266,0
2022-07-15 17:55:05,0,0,5.486284,0.2493766,0,92.76808,1.2468828,0,0
2022-07-15 17:55:04,0,0,5.735661,0.2493766,0,91.5212,0.7481297,0.4987531,0.9975062
2022-07-15 17:55:03,0,0,3.517588,0.2512563,0,93.46734,1.5075377,0,0
2022-07-15 17:55:02,0,0,5.012531,0.2506266,0,92.73183,1.2531328,0.2506266,0
2022-07-15 17:55:01,0,0,4.761905,0.2506266,0,92.73183,1.2531328,0.2506266,0
2022-07-15 17:55:00,0,0,5.486284,0,0,92.26933,1.745636,0.2493766,0
2022-07-15 17:54:59,0,0,5.025126,0,0,92.96482,1.2562814,0.2512563,0
2022-07-15 17:54:58,0,0,4.773869,0.2512563,0,93.21608,1.2562814,0.2512563,0
2022-07-15 17:54:57,0,0,5.25,0.5,0,92,1.5,0.25,0
2022-07-15 17:54:56,0,0,5.236908,0,0,92.76808,0.9975062,0.2493766,0
2022-07-15 17:54:55,0,0,4.511278,0.2506266,0,93.48371,1.2531328,0,0.2506266
2022-07-15 17:54:54,0,0,4.511278,0.2506266,0,93.23308,1.2531328,0.2506266,0
2022-07-15 17:54:53,0,0,4.488778,0.2493766,0,92.76808,1.745636,0.2493766,0
2022-07-15 17:54:52,0,0,4.773869,0.2512563,0,93.46734,1.2562814,0,0
2022-07-15 17:54:51,0,0,4.522613,0,0,93.21608,1.5075377,0.2512563,0
2022-07-15 17:54:50,0,0,6,0.25,0,90.5,1.5,0,0.25
2022-07-15 17:54:49,0,0,3.75,0.25,0,92.75,1.75,0.25,0.5
2022-07-15 17:54:48,0,0,3.768844,0,0,94.47236,1.2562814,0.2512563,0
2022-07-15 17:54:47,0,0,4.738155,0.2493766,0,93.01746,1.2468828,0,0
2022-07-15 17:54:46,0,0,4.761905,0.2506266,0,93.73434,0.7518797,0.2506266,0
2022-07-15 17:54:45,0,0,4.511278,0,0,93.48371,1.2531328,0.2506266,0
2022-07-15 17:54:44,0,0,5.527638,0.2512563,0,91.45729,2.01005,0.2512563,0
2022-07-15 17:54:43,0,0,3.491272,0.2493766,0,94.51372,1.2468828,0,0
2022-07-15 17:54:42,0,0,4.761905,0,0,93.23308,1.754386,0,0
2022-07-15 17:54:41,0,0,4.488778,0.4987531,0,92.76808,1.2468828,0.4987531,0
2022-07-15 17:54:40,0,0,5.012531,0.2506266,0,92.4812,1.2531328,0.2506266,0
2022-07-15 17:54:39,0,0,4.271357,0.2512563,0,92.96482,1.758794,0.2512563,0
2022-07-15 17:54:38,0,0,5.5,0,0,92.75,1.25,0.25,0
2022-07-15 17:54:37,0,0,4.260652,0.5012531,0,91.4787,1.754386,0,0
2022-07-15 17:54:36,0,0,4.477612,0.2487562,0,92.0398,2.238806,0.4975124,0
2022-07-15 17:54:35,0,0,4.522613,0,0,93.21608,1.5075377,0,0.2512563
2022-07-15 17:54:34,0,0,4.75,0.25,0,93.5,1.25,0,0
2022-07-15 17:54:33,0,0,4.5,0,0,93.75,1,0.25,0
2022-07-15 17:54:32,0,0,4.5,0.25,0,92.75,2.25,0,0
2022-07-15 17:54:31,0,0,4.75,0.25,0,92.25,1.5,0.25,0
2022-07-15 17:54:30,0,0,5.012531,0,0,92.4812,1.2531328,0.2506266,0
2022-07-15 17:54:29,0,0,4.239401,0.2493766,0,94.26434,0.7481297,0.2493766,0
2022-07-15 17:54:28,0,0,4.511278,0,0,94.23559,1.0025063,0,0
2022-07-15 17:54:27,0,0,4.975124,0,0,92.53731,1.4925373,0.2487562,0.2487562
2022-07-15 17:54:26,0,0,4.522613,0,0,93.46734,1.5075377,0,0
2022-07-15 17:54:25,0,0,5.25,0.5,0,92.25,1.5,0.25,0
2022-07-15 17:54:24,0,0,5.985037,0.4987531,0,91.77057,1.2468828,0.2493766,0
2022-07-15 17:54:23,0,0,3.75,0.25,0,93.75,1.5,0.25,0
2022-07-15 17:54:22,0,0,4.010025,0,0,94.48622,1.2531328,0,0
2022-07-15 17:54:21,0,0,5,0,0,92,2,0.5,0
2022-07-15 17:54:20,0,0,4.239401,0,0,93.51621,1.2468828,0.2493766,0.2493766
2022-07-15 17:54:19,0,0,5.012531,0.2506266,0,92.73183,1.754386,0,0
2022-07-15 17:54:18,0,0,5.223881,0.2487562,0,93.53234,0.7462687,0,0
2022-07-15 17:54:17,0,0,3.517588,0.2512563,0,92.46231,1.2562814,0.2512563,1.2562814
2022-07-15 17:54:16,0,0,4.5,0.25,0,93.25,1.25,0.25,0
2022-07-15 17:54:15,0,0,4.488778,0.2493766,0,93.76559,0.9975062,0.2493766,0
2022-07-15 17:54:14,0,0,5.012531,0,0,91.97995,1.5037594,0.2506266,0
2022-07-15 17:54:13,0,0,4.218362,0.248139,0,93.79653,1.2406948,0.248139,0
2022-07-15 17:54:12,0,0,4.75,0,0,93.75,0.75,0.25,0
2022-07-15 17:54:11,0,0,5.289673,0,0,92.19144,1.763224,0,0
2022-07-15 17:54:10,0,0,3.491272,0.2493766,0,93.51621,1.2468828,0.2493766,0.2493766
2022-07-15 17:54:09,0,0,4.987531,0.2493766,0,93.01746,1.2468828,0.2493766,0
2022-07-15 17:54:08,0,0,6.25,0.25,0,92,1.25,0.25,0
2022-07-15 17:54:07,0,0,3.517588,0.2512563,0,92.71357,1.0050251,0,1.5075377
2022-07-15 17:54:06,0,0,3.75,0.25,0,94,1.25,0.5,0
2022-07-15 17:54:05,0,0,5.25,0,0,92.5,1.5,0.25,0
2022-07-15 17:54:04,0,0,5,0.25,0,92.75,1.25,0,0
2022-07-15 17:54:03,0,0,4,0.25,0,94,1,0,0
2022-07-15 17:54:02,0,0,4.5,0,0,93.5,1,0.25,0.25
2022-07-15 17:54:01,0,0,4.785894,0,0,93.19899,1.511335,0,0
2022-07-15 17:54:00,0,0,4.511278,0,0,93.23308,1.754386,0.2506266,0
2022-07-15 17:53:59,0,0,4.738155,0,0,92.5187,1.995012,0.2493766,0
2022-07-15 17:53:58,0,0,5.263158,0.2506266,0,92.73183,1.2531328,0.2506266,0
2022-07-15 17:53:57,0,0,3.759398,0.5012531,0,92.73183,2.005013,0,0
2022-07-15 17:53:56,0,0,4.75,0,0,92.25,2.25,0,0
2022-07-15 17:53:55,0,0,5.236908,0,0,92.5187,1.4962594,0.2493766,0
2022-07-15 17:53:54,0,0,4.738155,0.2493766,0,92.26933,1.995012,0,0
2022-07-15 17:53:53,0,0,4.534005,0.2518892,0,93.19899,2.015113,0,0
2022-07-15 17:53:52,0,0,5,0.25,0,93.5,0.75,0,0
2022-07-15 17:53:51,0,0,4.239401,0.2493766,0,91.77057,0.9975062,0,1.745636
2022-07-15 17:53:50,0,0,4.477612,0.4975124,0,91.79104,2.487562,0.4975124,0
2022-07-15 17:53:49,0,0,4.761905,0.5012531,0,93.48371,0.7518797,0,0
2022-07-15 17:53:48,0,0,4.511278,0.2506266,0,92.98246,1.5037594,0.2506266,0
2022-07-15 17:53:47,0,0,4.477612,0,0,92.53731,2.238806,0.2487562,0
2022-07-15 17:53:46,0,0,4.785894,0,0,93.45088,1.0075567,0.5037783,0
2022-07-15 17:53:45,0,0,5.025126,0.5025126,0,92.46231,1.2562814,0,0
2022-07-15 17:53:44,0,0,4.010025,0.2506266,0,94.48622,1.0025063,0,0
2022-07-15 17:53:43,0,0,4.466501,0,0,93.30025,1.2406948,0.248139,0
2022-07-15 17:53:42,0,0,4.761905,0.2506266,0,93.23308,1.5037594,0,0
2022-07-15 17:53:41,0,0,4.761905,0,0,92.98246,1.5037594,0,0
2022-07-15 17:53:40,0,0,4.455446,0,0,93.31683,1.2376238,0.2475248,0.2475248
2022-07-15 17:53:39,0,0,5.076142,0.2538071,0,92.38579,1.5228426,0,0
2022-07-15 17:53:38,0,0,4.962779,0.248139,0,92.55583,1.736973,0,0
2022-07-15 17:53:37,0,0,4.239401,0,0,93.01746,1.745636,0.4987531,0
2022-07-15 17:53:36,0,0,4.010025,0.2506266,0,93.98496,1.5037594,0,0
2022-07-15 17:53:35,0,0,4.987531,0.2493766,0,91.77057,1.995012,0.2493766,0.2493766
2022-07-15 17:53:34,0,0,4.271357,0,0,93.96985,1.2562814,0,0
2022-07-15 17:53:33,0,0,5,0.25,0,92.75,1.5,0.25,0
2022-07-15 17:53:32,0,0,5.486284,0.2493766,0,93.01746,0.7481297,0.2493766,0
2022-07-15 17:53:31,0,0,3.778338,0,0,92.19144,1.511335,0.2518892,1.0075567
2022-07-15 17:53:30,0,0,4.488778,0.2493766,0,93.76559,1.2468828,0,0
2022-07-15 17:53:29,0,0,4.511278,0,0,94.23559,1.0025063,0,0
2022-07-15 17:53:28,0,0,4.75,0.25,0,93,1.5,0,0
2022-07-15 17:53:27,0,0,4.511278,0,0,93.23308,1.754386,0,0
2022-07-15 17:53:26,0,0,4.773869,0.5025126,0,93.21608,1.5075377,0,0
2022-07-15 17:53:25,0,0,5,0,0,92.75,1.25,0.25,0.25
2022-07-15 17:53:24,0,0,3.970223,0.4962779,0,94.2928,0.7444169,0,0
2022-07-15 17:53:23,0,0,4.534005,0,0,93.45088,1.2594458,0,0
2022-07-15 17:53:22,0,0,4.5,0.25,0,93,1.75,0.25,0
2022-07-15 17:53:21,0,0,4.75,0,0,92.75,1.75,0,0
2022-07-15 17:53:20,0,0,4.534005,0,0,93.95466,1.2594458,0,0
2022-07-15 17:53:19,0,0,5.472637,0.2487562,0,90.54726,1.2437811,0.2487562,1.4925373
2022-07-15 17:53:18,0,0,3.75,0,0,95,1.25,0,0
2022-07-15 17:53:17,0,0,5.223881,0,0,93.03483,0.7462687,0.2487562,0
2022-07-15 17:53:16,0,0,4.010025,0.2506266,0,93.48371,1.5037594,0.2506266,0
2022-07-15 17:53:15,0,0,5.210918,0.248139,0,92.30769,1.4888337,0.248139,0
2022-07-15 17:53:14,0,0,4.511278,0,0,93.23308,1.5037594,0.2506266,0
2022-07-15 17:53:13,0,0,4.785894,0,0,93.19899,1.511335,0,0
2022-07-15 17:53:12,0,0,5.236908,0.2493766,0,92.5187,1.4962594,0.2493766,0
2022-07-15 17:53:11,0,0,4.020101,0.2512563,0,91.9598,2.01005,0.2512563,0.2512563
2022-07-15 17:53:10,0,0,4.5,0,0,93.5,1.5,0,0
2022-07-15 17:53:09,0,0,4.477612,0.2487562,0,93.28358,1.2437811,0,0.2487562
2022-07-15 17:53:08,0,0,4.975124,0,0,92.53731,1.741294,0.2487562,0
2022-07-15 17:53:07,0,0,4.75,0.5,0,93.25,1,0.25,0
2022-07-15 17:53:06,0,0,4.25,0.25,0,93.25,1.25,0.25,0.25
2022-07-15 17:53:05,0,0,4.239401,0,0,90.02494,1.4962594,0.2493766,2.743142
2022-07-15 17:53:04,0,0,4.010025,0.5012531,0,93.73434,1.0025063,0.2506266,0
2022-07-15 17:53:03,0,0,4.761905,0,0,93.73434,1.0025063,0,0
2022-07-15 17:53:02,0,0,4.726368,0.4975124,0,91.79104,1.99005,0.4975124,0.2487562
2022-07-15 17:53:01,0,0,4.785894,0,0,92.19144,2.015113,0,0
2022-07-15 17:53:00,0,0,5.012531,0.5012531,0,92.4812,1.5037594,0.2506266,0
2022-07-15 17:52:59,0,0,5,0,0,92.25,2,0,0
2022-07-15 17:52:58,0,0,3.508772,0.2506266,0,93.23308,1.754386,0.2506266,0
2022-07-15 17:52:57,0,0,4.477612,0,0,92.78607,1.741294,0.4975124,0.2487562
2022-07-15 17:52:56,0,0,4.522613,0.2512563,0,93.21608,1.2562814,0.5025126,0
2022-07-15 17:52:55,0,0,4.71464,0.4962779,0,92.55583,1.4888337,0,0
2022-07-15 17:52:54,0,0,4.75,0,0,93.5,1.5,0,0
2022-07-15 17:52:53,0,0,5.063291,0.2531646,0,92.1519,1.5189873,0,0
2022-07-15 17:52:52,0,0,3.9801,0.2487562,0,94.27861,1.2437811,0,0
2022-07-15 17:52:51,0,0,4.511278,0,0,93.48371,1.2531328,0.5012531,0
2022-07-15 17:52:50,0,0,4.987531,0.4987531,0,91.77057,2.244389,0,0
2022-07-15 17:52:49,0,0,4.020101,0,0,93.71859,1.5075377,0.5025126,0
2022-07-15 17:52:48,0,0,5.025126,0.2512563,0,92.71357,1.2562814,0,0
2022-07-15 17:52:47,0,0,4.477612,0.2487562,0,92.78607,1.741294,0.4975124,0
2022-07-15 17:52:46,0,0,5.025126,0.5025126,0,92.46231,1.758794,0,0
2022-07-15 17:52:45,0,0,4.522613,0,0,92.96482,1.0050251,0.2512563,0
2022-07-15 17:52:44,0,0,4.260652,0.2506266,0,94.23559,0.5012531,0.2506266,0
2022-07-15 17:52:43,0,0,4.726368,0.2487562,0,92.53731,2.238806,0,0
2022-07-15 17:52:42,0,0,4.511278,0.2506266,0,93.98496,1.0025063,0,0
2022-07-15 17:52:41,0,0,5.012531,0,0,91.4787,2.255639,0.2506266,0
2022-07-15 17:52:40,0,0,4.239401,0.4987531,0,93.26683,1.745636,0,0
2022-07-15 17:52:39,0,0,5.025126,0.2512563,0,91.20603,1.5075377,0.2512563,0.7537688
2022-07-15 17:52:38,0,0,3.759398,0.2506266,0,94.48622,0.7518797,0.2506266,0
2022-07-15 17:52:37,0,0,5.050505,0,0,93.43434,1.010101,0,0
2022-07-15 17:52:36,0,0,4.239401,0.2493766,0,93.01746,1.995012,0.2493766,0
2022-07-15 17:52:35,0,0,4.962779,0,0,92.55583,1.736973,0.4962779,0
2022-07-15 17:52:34,0,0,4.773869,0,0,92.96482,1.5075377,0,0.2512563
2022-07-15 17:52:33,0,0,5.707196,0.248139,0,91.31514,1.736973,0.248139,0
2022-07-15 17:52:32,0,0,3.526448,0,0,94.71033,1.0075567,0.2518892,0
2022-07-15 17:52:31,0,0,4.466501,0,0,93.05211,1.4888337,0,0
2022-07-15 17:52:30,0,0,4.271357,0.2512563,0,94.47236,0.7537688,0,0
2022-07-15 17:52:29,0,0,4.987531,0.2493766,0,93.01746,0.9975062,0.2493766,0
2022-07-15 17:52:28,0,0,4.5,0.25,0,93,2,0,0
2022-07-15 17:52:27,0,0,5.472637,0.2487562,0,92.53731,1.2437811,0.2487562,0
2022-07-15 17:52:26,0,0,3.778338,0.2518892,0,93.95466,1.0075567,0.2518892,0.2518892
2022-07-15 17:52:25,0,0,4.271357,0,0,92.96482,2.261307,0,0
2022-07-15 17:52:24,0,0,4.726368,0.2487562,0,93.03483,1.2437811,0.2487562,0
2022-07-15 17:52:23,0,0,4.534005,0.2518892,0,92.44332,2.015113,0.2518892,0
2022-07-15 17:52:22,0,0,4.75,0,0,94,1.25,0,0
2022-07-15 17:52:21,0,0,4.738155,0.2493766,0,92.76808,0.7481297,0.4987531,0
2022-07-15 17:52:20,0,0,4.488778,0.4987531,0,92.76808,1.2468828,0.2493766,0.2493766
2022-07-15 17:52:19,0,0,4.260652,0.2506266,0,92.98246,1.2531328,0.2506266,0
2022-07-15 17:52:18,0,0,4.987531,0.2493766,0,92.5187,1.995012,0,0
2022-07-15 17:52:17,0,0,4.511278,0,0,94.23559,1.0025063,0,0
2022-07-15 17:52:16,0,0,4.75,0.25,0,93.25,1,0.25,0
2022-07-15 17:52:15,0,0,4.71464,0.248139,0,93.30025,0.7444169,0.248139,0
2022-07-15 17:52:14,0,0,4.5,0,0,93.75,1.25,0.25,0
2022-07-15 17:52:13,0,0,5.276382,0.2512563,0,92.21106,1.5075377,0,0
2022-07-15 17:52:12,0,0,3.768844,0,0,94.72362,1.0050251,0.2512563,0
2022-07-15 17:52:11,0,0,5.012531,0,0,93.48371,0.7518797,0,0.2506266
2022-07-15 17:52:10,0,0,4.488778,0,0,93.51621,1.2468828,0.2493766,0
2022-07-15 17:52:09,0,0,4.75,0.25,0,92.5,1.75,0,0
2022-07-15 17:52:08,0,0,4.511278,0.2506266,0,93.23308,1.2531328,0.2506266,0
2022-07-15 17:52:07,0,0,6.5,0.25,0,90.25,2.5,0.25,0
2022-07-15 17:52:06,0,0,3.731343,0.2487562,0,92.78607,0.9950249,0,1.4925373
2022-07-15 17:52:05,0,0,5,0.25,0,92.75,1.5,0.25,0
2022-07-15 17:52:04,0,0,4.511278,0.2506266,0,92.73183,1.754386,0.2506266,0
2022-07-15 17:52:03,0,0,5,0.5,0,93.25,1,0,0
2022-07-15 17:52:02,0,0,4.511278,0,0,93.48371,1.754386,0,0
2022-07-15 17:52:01,0,0,5.5,0.25,0,92.25,1.5,0.25,0
2022-07-15 17:52:00,0,0,4.761905,0.2506266,0,91.72932,1.2531328,0.2506266,0.2506266
2022-07-15 17:51:59,0,0,3.990025,0.2493766,0,92.76808,2.493766,0,0
2022-07-15 17:51:58,0,0,4.260652,0.2506266,0,93.73434,1.2531328,0.2506266,0
2022-07-15 17:51:57,0,0,4.773869,0,0,93.21608,1.5075377,0.2512563,0
2022-07-15 17:51:56,0,0,4.477612,0.2487562,0,93.03483,0.7462687,0.7462687,0
2022-07-15 17:51:55,0,0,4.738155,0.2493766,0,92.76808,1.745636,0,0
2022-07-15 17:51:54,0,0,5.210918,0.248139,0,91.81141,1.4888337,0,0.248139
2022-07-15 17:51:53,0,0,4.010025,0.2506266,0,91.72932,2.005013,0.2506266,1.0025063
2022-07-15 17:51:52,0,0,4.511278,0,0,93.23308,1.5037594,0,0
2022-07-15 17:51:51,0,0,5.025126,0.2512563,0,92.46231,1.2562814,0.2512563,0
2022-07-15 17:51:50,0,0,4.511278,0,0,93.73434,1.2531328,0,0
2022-07-15 17:51:49,0,0,4.75,0.5,0,92.75,1.25,0,0
2022-07-15 17:51:48,0,0,4.511278,0.2506266,0,92.98246,1.5037594,0.2506266,0
2022-07-15 17:51:47,0,0,5.236908,0.2493766,0,92.5187,0.9975062,0.2493766,0
2022-07-15 17:51:46,0,0,3.990025,0,0,94.26434,1.2468828,0.2493766,0
2022-07-15 17:51:45,0,0,4.534005,0.2518892,0,93.19899,1.2594458,0.2518892,0
2022-07-15 17:51:44,0,0,4.761905,0.2506266,0,93.73434,0.7518797,0.2506266,0
2022-07-15 17:51:43,0,0,4.522613,0,0,93.46734,1.5075377,0,0
2022-07-15 17:51:42,0,0,4.70297,0,0,92.57426,1.980198,0.2475248,0
2022-07-15 17:51:41,0,0,5.764411,0.5012531,0,91.4787,1.2531328,0.2506266,0.2506266
2022-07-15 17:51:40,0,0,4.260652,0,0,93.48371,1.0025063,0.2506266,0
2022-07-15 17:51:39,0,0,3.9801,0,0,92.78607,1.4925373,0.9950249,0.2487562
2022-07-15 17:51:38,0,0,4.522613,0.2512563,0,94.22111,0.7537688,0,0
2022-07-15 17:51:37,0,0,4.773869,0.2512563,0,93.21608,1.2562814,0,0
2022-07-15 17:51:36,0,0,4.239401,0,0,93.76559,1.2468828,0.2493766,0
2022-07-15 17:51:35,0,0,5.025126,0.2512563,0,92.21106,1.5075377,0.2512563,0
2022-07-15 17:51:34,0,0,5.472637,0,0,91.54229,1.741294,0.2487562,0
2022-07-15 17:51:33,0,0,3.75,0,0,95.25,0.5,0,0
2022-07-15 17:51:32,0,0,4,0.25,0,92.75,2,0.25,0
2022-07-15 17:51:31,0,0,4.511278,0.2506266,0,92.98246,1.754386,0.2506266,0
2022-07-15 17:51:30,0,0,4.738155,0.2493766,0,92.76808,1.4962594,0.2493766,0
2022-07-15 17:51:29,0,0,4.761905,0,0,92.98246,1.5037594,0,0
2022-07-15 17:51:28,0,0,4.466501,0.248139,0,92.55583,1.736973,0.4962779,0.248139
2022-07-15 17:51:27,0,0,4.773869,0.5025126,0,92.71357,1.2562814,0,0.2512563
2022-07-15 17:51:26,0,0,4.477612,0.2487562,0,93.03483,1.2437811,0.2487562,0.2487562
2022-07-15 17:51:25,0,0,4.534005,0,0,93.45088,1.763224,0,0
2022-07-15 17:51:24,0,0,4.962779,0.248139,0,91.81141,1.985112,0.248139,0
2022-07-15 17:51:23,0,0,4.260652,0,0,93.98496,1.5037594,0,0
2022-07-15 17:51:22,0,0,5.25,0.5,0,91.75,2,0,0
2022-07-15 17:51:21,0,0,4.5,0.5,0,92.25,2,0,0.25
2022-07-15 17:51:20,0,0,4.020101,0,0,94.47236,1.5075377,0,0
2022-07-15 17:51:19,0,0,4.25,0,0,93.75,1.5,0,0
2022-07-15 17:51:18,0,0,5.012531,0,0,92.4812,1.5037594,0.2506266,0
2022-07-15 17:51:17,0,0,4.511278,0,0,93.73434,1.5037594,0,0
2022-07-15 17:51:16,0,0,4.738155,0.2493766,0,92.76808,1.2468828,0.2493766,0.2493766
2022-07-15 17:51:15,0,0,5.764411,0.2506266,0,92.4812,1.2531328,0,0
2022-07-15 17:51:14,0,0,4.239401,0,0,93.76559,0.9975062,0.2493766,0
2022-07-15 17:51:13,0,0,3.75,0,0,94.25,1.75,0,0
2022-07-15 17:51:12,0,0,4.488778,0,0,93.51621,1.4962594,0.2493766,0
2022-07-15 17:51:11,0,0,5.037783,0,0,92.44332,1.763224,0,0.2518892
2022-07-15 17:51:10,0,0,4.25,0.5,0,92.75,2,0,0
2022-07-15 17:51:09,0,0,4.761905,0.2506266,0,92.4812,1.754386,0.2506266,0
2022-07-15 17:51:08,0,0,6.203474,0.4962779,0,90.32258,1.985112,0.248139,0
2022-07-15 17:51:07,0,0,3.508772,0.2506266,0,94.73684,1.2531328,0,0
2022-07-15 17:51:06,0,0,4.260652,0,0,93.73434,1.5037594,0,0
2022-07-15 17:51:05,0,0,4.773869,0,0,92.71357,1.5075377,0.5025126,0
2022-07-15 17:51:04,0,0,5.025126,0.2512563,0,93.21608,1.2562814,0,0
2022-07-15 17:51:03,0,0,4.25,0.25,0,93,1.75,0,0
2022-07-15 17:51:02,0,0,5.223881,0.2487562,0,92.28856,1.4925373,0.2487562,0
2022-07-15 17:51:01,0,0,4.810127,0.2531646,0,90.37975,1.5189873,0.2531646,1.5189873
2022-07-15 17:51:00,0,0,4,0.25,0,93.75,1.25,0.25,0
2022-07-15 17:50:59,0,0,4.738155,0,0,92.76808,1.745636,0.4987531,0
2022-07-15 17:50:58,0,0,6.234414,0.2493766,0,91.77057,1.2468828,0,0.2493766
2022-07-15 17:50:57,0,0,6.982544,0.2493766,0,88.2793,1.995012,0.2493766,1.745636
2022-07-15 17:50:56,0,0,1.75,0.25,0,96.5,1,0.25,0
2022-07-15 17:50:55,0,0,4.010025,0.2506266,0,93.73434,1.2531328,0,0.2506266
2022-07-15 17:50:54,0,0,3.9801,0,0,93.78109,1.741294,0.2487562,0
2022-07-15 17:50:53,0,0,4.75,0,0,93.5,1,0.25,0
2022-07-15 17:50:52,0,0,4.271357,0,0,93.71859,1.2562814,0.2512563,0
2022-07-15 17:50:51,0,0,4.773869,0.2512563,0,92.96482,1.2562814,0.2512563,0
2022-07-15 17:50:50,0,0,4.5,0.25,0,93.5,1.25,0,0
2022-07-15 17:50:49,0,0,5.263158,0,0,91.97995,1.754386,0.2506266,0
2022-07-15 17:50:48,0,0,4.477612,0.2487562,0,92.28856,1.4925373,0.4975124,0.2487562
2022-07-15 17:50:47,0,0,4.488778,0.2493766,0,93.51621,1.2468828,0,0
2022-07-15 17:50:46,0,0,4.75,0.25,0,93.25,1.5,0,0
2022-07-15 17:50:45,0,0,4.75,0.25,0,93.25,1,0.25,0
2022-07-15 17:50:44,0,0,4.5,0.25,0,93.25,1.25,0,0
2022-07-15 17:50:43,0,0,4.726368,0,0,93.03483,1.741294,0.2487562,0
2022-07-15 17:50:42,0,0,6.015038,0.5012531,0,91.22807,1.5037594,0,0
2022-07-15 17:50:41,0,0,3.778338,0.2518892,0,93.95466,1.2594458,0.2518892,0
2022-07-15 17:50:40,0,0,4.010025,0.2506266,0,94.23559,1.0025063,0,0
2022-07-15 17:50:39,0,0,4.5,0,0,93,1.25,0.25,0
2022-07-15 17:50:38,0,0,4.75,0,0,93.25,1.5,0.25,0
2022-07-15 17:50:37,0,0,4.71464,0.4962779,0,93.54839,0.9925558,0,0
2022-07-15 17:50:36,0,0,4.761905,0.2506266,0,93.23308,1.0025063,0.2506266,0
2022-07-15 17:50:35,0,0,4.75,0,0,90.75,1.75,0,2
2022-07-15 17:50:34,0,0,4.260652,0.2506266,0,93.48371,1.5037594,0,0
2022-07-15 17:50:33,0,0,4.5,0,0,93.25,1.25,0.25,0
2022-07-15 17:50:32,0,0,5.012531,0.2506266,0,92.73183,1.5037594,0,0
2022-07-15 17:50:31,0,0,5.025126,0.2512563,0,92.71357,1.2562814,0.2512563,0
2022-07-15 17:50:30,0,0,5,0,0,93.5,1.25,0,0
2022-07-15 17:50:29,0,0,5.527638,0,0,90.95477,2.01005,0.2512563,0.2512563
2022-07-15 17:50:28,0,0,3.990025,0.2493766,0,94.26434,0.7481297,0.2493766,0
2022-07-15 17:50:27,0,0,5.263158,0,0,92.4812,2.005013,0,0
2022-07-15 17:50:26,0,0,4.761905,0.2506266,0,93.23308,1.5037594,0,0
2022-07-15 17:50:25,0,0,4.75,0.25,0,93.5,1,0.25,0
2022-07-15 17:50:24,0,0,5,0,0,93.25,1,0,0
2022-07-15 17:50:23,0,0,4.773869,0,0,93.71859,1.2562814,0,0
2022-07-15 17:50:22,0,0,5.236908,0.2493766,0,91.77057,1.2468828,0.2493766,0.4987531
2022-07-15 17:50:21,0,0,4.282116,0.2518892,0,92.9471,1.763224,0.2518892,0
2022-07-15 17:50:20,0,0,4.987531,0.2493766,0,92.5187,1.2468828,0,0.2493766
2022-07-15 17:50:19,0,0,4.488778,0.4987531,0,93.01746,1.2468828,0.2493766,0
2022-07-15 17:50:18,0,0,5.037783,0.2518892,0,93.19899,1.0075567,0,0
2022-07-15 17:50:17,0,0,4.75,0,0,92.25,1.75,0.25,0
2022-07-15 17:50:16,0,0,6.532663,0.2512563,0,90.20101,2.01005,0.2512563,0
2022-07-15 17:50:15,0,0,3.75,0,0,94.75,1,0.25,0
2022-07-15 17:50:14,0,0,4.239401,0,0,94.51372,0.9975062,0,0
2022-07-15 17:50:13,0,0,4.738155,0,0,93.51621,0.7481297,0.2493766,0
2022-07-15 17:50:12,0,0,5.25,0.5,0,91.75,2,0.25,0
2022-07-15 17:50:11,0,0,4.75,0.25,0,93.25,0.75,0,0
2022-07-15 17:50:10,0,0,5,0.25,0,92.5,1.75,0.25,0
2022-07-15 17:50:09,0,0,5.25,0.25,0,92,1.75,0,0
2022-07-15 17:50:08,0,0,4.239401,0.2493766,0,94.51372,0.7481297,0,0
2022-07-15 17:50:07,0,0,5.263158,0.2506266,0,92.73183,1.0025063,0,0.2506266
2022-07-15 17:50:06,0,0,4.271357,0,0,93.96985,1.5075377,0.2512563,0
2022-07-15 17:50:05,0,0,5.721393,0,0,92.0398,1.2437811,0.2487562,0
2022-07-15 17:50:04,0,0,4.534005,0.2518892,0,93.19899,1.2594458,0.2518892,0
2022-07-15 17:50:03,0,0,5.75,0.25,0,91.75,1.5,0.25,0
2022-07-15 17:50:02,0,0,4.25,0,0,93.75,1.25,0,0
2022-07-15 17:50:01,0,0,4.75,0,0,93.25,1.25,0.25,0
2022-07-15 17:50:00,0,0,4.761905,0,0,92.98246,1.2531328,0.2506266,0
2022-07-15 17:49:59,0,0,4.975124,0.2487562,0,93.03483,1.2437811,0.2487562,0
2022-07-15 17:49:58,0,0,5.037783,0,0,93.19899,1.511335,0,0
2022-07-15 17:49:57,0,0,4.5,0,0,94.25,0.5,0,0.25
2022-07-15 17:49:56,0,0,6,0.5,0,91,1.5,0.25,0
2022-07-15 17:49:55,0,0,3.5,0,0,95,1,0.25,0
2022-07-15 17:49:54,0,0,5.263158,0.2506266,0,92.4812,1.2531328,0,0
2022-07-15 17:49:53,0,0,4.477612,0.2487562,0,93.28358,0.9950249,0.4975124,0
2022-07-15 17:49:52,0,0,5.012531,0,0,92.73183,1.754386,0,0
2022-07-15 17:49:51,0,0,5,0,0,92.75,1.5,0,0.25
2022-07-15 17:49:50,0,0,6.25,0.25,0,91,1.5,0.5,0
2022-07-15 17:49:49,0,0,4,0.25,0,94,1.25,0,0
2022-07-15 17:49:48,0,0,3.768844,0,0,94.22111,1.0050251,0.5025126,0
2022-07-15 17:49:47,0,0,5.513784,0,0,92.23058,1.754386,0.2506266,0
2022-07-15 17:49:46,0,0,4.239401,0.2493766,0,93.01746,1.995012,0.2493766,0
2022-07-15 17:49:45,0,0,5.263158,0,0,92.73183,1.5037594,0,0
2022-07-15 17:49:44,0,0,4.761905,0,0,93.73434,1.0025063,0.2506266,0
2022-07-15 17:49:43,0,0,5.735661,0.2493766,0,91.5212,1.4962594,0.2493766,0
2022-07-15 17:49:42,0,0,3.731343,0.2487562,0,93.78109,1.2437811,0.2487562,0
2022-07-15 17:49:41,0,0,4.060914,0,0,94.41624,1.0152284,0,0
2022-07-15 17:49:40,0,0,5.223881,0.2487562,0,91.79104,2.238806,0,0.2487562
2022-07-15 17:49:39,0,0,4.5,0.25,0,93.25,1.25,0.5,0
2022-07-15 17:49:38,0,0,5.486284,0.2493766,0,93.01746,0.9975062,0,0
2022-07-15 17:49:37,0,0,4.239401,0.2493766,0,94.26434,0.9975062,0,0
2022-07-15 17:49:36,0,0,5.486284,0,0,92.01995,0.9975062,0.2493766,0
2022-07-15 17:49:35,0,0,4.25,0,0,94,1.5,0,0
2022-07-15 17:49:34,0,0,4.975124,0.4975124,0,92.0398,1.741294,0.2487562,0
2022-07-15 17:49:33,0,0,4.761905,0,0,93.23308,1.5037594,0.2506266,0
2022-07-15 17:49:32,0,0,4.987531,0.2493766,0,92.76808,1.2468828,0.2493766,0
2022-07-15 17:49:31,0,0,5.012531,0.2506266,0,92.4812,1.754386,0,0
2022-07-15 17:49:30,0,0,5.778894,0.2512563,0,91.70854,1.5075377,0,0.2512563
2022-07-15 17:49:29,0,0,4.228856,0.4975124,0,93.28358,1.4925373,0,0
2022-07-15 17:49:28,0,0,4.260652,0,0,93.23308,1.754386,0.2506266,0
2022-07-15 17:49:27,0,0,5.472637,0.2487562,0,91.79104,1.741294,0,0.2487562
2022-07-15 17:49:26,0,0,4.511278,0,0,93.98496,1.0025063,0,0
2022-07-15 17:49:25,0,0,4.773869,0,0,94.22111,0.7537688,0,0
2022-07-15 17:49:24,0,0,6.451613,0.248139,0,90.57072,1.985112,0.4962779,0
2022-07-15 17:49:23,0,0,3.797468,0.2531646,0,92.40506,1.0126582,0,1.5189873
2022-07-15 17:49:22,0,0,4.975124,0.2487562,0,92.28856,1.2437811,0.2487562,0.2487562
2022-07-15 17:49:21,0,0,4.010025,0.2506266,0,94.23559,1.0025063,0,0
2022-07-15 17:49:20,0,0,5.472637,0,0,92.53731,1.4925373,0.2487562,0
2022-07-15 17:49:19,0,0,4.488778,0.2493766,0,93.76559,1.2468828,0,0
2022-07-15 17:49:18,0,0,5.025126,0.2512563,0,92.21106,1.5075377,0.2512563,0
2022-07-15 17:49:17,0,0,6.483791,0,0,91.02244,1.2468828,0.2493766,0.2493766
2022-07-15 17:49:16,0,0,3.517588,0,0,94.22111,1.5075377,0,0
2022-07-15 17:49:15,0,0,4.239401,0.2493766,0,94.26434,0.4987531,0.4987531,0
2022-07-15 17:49:14,0,0,4.773869,0.2512563,0,92.96482,1.5075377,0,0
2022-07-15 17:49:13,0,0,4.726368,0,0,93.28358,1.4925373,0,0
2022-07-15 17:49:12,0,0,4.761905,0.2506266,0,93.48371,1.2531328,0,0
2022-07-15 17:49:11,0,0,5,0,0,92.5,1.25,0,0
2022-07-15 17:49:10,0,0,6.483791,0.4987531,0,90.02494,1.995012,0.2493766,0
2022-07-15 17:49:09,0,0,3.75,0,0,94.75,1,0,0
2022-07-15 17:49:08,0,0,5.25,0,0,92.75,1.25,0.25,0
2022-07-15 17:49:07,0,0,4.260652,0.2506266,0,93.73434,1.5037594,0,0
2022-07-15 17:49:06,0,0,5.764411,0,0,92.23058,1.5037594,0.2506266,0
2022-07-15 17:49:05,0,0,4.488778,0.4987531,0,92.01995,1.995012,0.2493766,0
2022-07-15 17:49:04,0,0,6.015038,0.2506266,0,91.4787,1.5037594,0.2506266,0
2022-07-15 17:49:03,0,0,4.010025,0.2506266,0,93.23308,1.0025063,0.2506266,0.5012531
2022-07-15 17:49:02,0,0,5.236908,0,0,93.01746,1.2468828,0.2493766,0
2022-07-15 17:49:01,0,0,4.522613,0,0,92.96482,1.758794,0,0
2022-07-15 17:49:00,0,0,5.25,0.25,0,92.75,1.5,0,0
2022-07-15 17:48:59,0,0,4.738155,0,0,93.51621,0.9975062,0.2493766,0
2022-07-15 17:48:58,0,0,5.025126,0,0,93.96985,0.7537688,0,0
2022-07-15 17:48:57,0,0,5.75,0.25,0,91,1.75,0.25,0.25
2022-07-15 17:48:56,0,0,4.010025,0.2506266,0,94.23559,1.0025063,0,0
2022-07-15 17:48:55,0,0,4.726368,0.2487562,0,93.28358,1.2437811,0.2487562,0
2022-07-15 17:48:54,0,0,4.75,0,0,92.75,1.75,0.25,0
2022-07-15 17:48:53,0,0,5.012531,0,0,92.73183,1.2531328,0,0.2506266
2022-07-15 17:48:52,0,0,4.950495,0.2475248,0,92.32673,1.2376238,0.2475248,0
2022-07-15 17:48:51,0,0,5.808081,0,0,91.66667,1.5151515,0.5050505,0
2022-07-15 17:48:50,0,0,4.5,0.5,0,93,1.25,0.25,0
2022-07-15 17:48:49,0,0,4,0,0,94.5,1.25,0,0
2022-07-15 17:48:48,0,0,5.236908,0.2493766,0,92.76808,0.9975062,0,0
2022-07-15 17:48:47,0,0,4.282116,0.2518892,0,93.70277,1.511335,0,0
2022-07-15 17:48:46,0,0,5.445545,0,0,92.32673,1.2376238,0.2475248,0.2475248
2022-07-15 17:48:45,0,0,4.260652,0.2506266,0,93.98496,1.0025063,0,0
2022-07-15 17:48:44,0,0,5.735661,0,0,91.77057,1.4962594,0.2493766,0
2022-07-15 17:48:43,0,0,3.768844,0.2512563,0,94.72362,1.0050251,0,0
2022-07-15 17:48:42,0,0,5.025126,0,0,92.46231,1.5075377,0.2512563,0
2022-07-15 17:48:41,0,0,4.761905,0.2506266,0,92.73183,1.5037594,0,0
2022-07-15 17:48:40,0,0,4.738155,0.4987531,0,92.5187,1.4962594,0.2493766,0
2022-07-15 17:48:39,0,0,5.236908,0,0,92.5187,1.745636,0,0.2493766
2022-07-15 17:48:38,0,0,4.75,0.25,0,93.75,0.75,0,0
2022-07-15 17:48:37,0,0,5.025126,0.2512563,0,92.71357,1.2562814,0,0.2512563
2022-07-15 17:48:36,0,0,4.260652,0,0,93.98496,1.2531328,0.2506266,0
2022-07-15 17:48:35,0,0,5.210918,0.248139,0,93.30025,0.7444169,0,0
2022-07-15 17:48:34,0,0,4.534005,0.2518892,0,93.19899,1.0075567,0.2518892,0
2022-07-15 17:48:33,0,0,4.511278,0,0,93.73434,1.5037594,0,0
2022-07-15 17:48:32,0,0,5.25,0.25,0,92.5,1.5,0,0
2022-07-15 17:48:31,0,0,5.75,0.25,0,91.5,1.25,0.25,0.25
2022-07-15 17:48:30,0,0,4.271357,0,0,93.96985,1.0050251,0.2512563,0
2022-07-15 17:48:29,0,0,4.239401,0,0,93.51621,1.745636,0,0
2022-07-15 17:48:28,0,0,5.012531,0.5012531,0,92.23058,1.5037594,0.2506266,0
2022-07-15 17:48:27,0,0,4.761905,0.2506266,0,92.73183,1.754386,0,0
2022-07-15 17:48:26,0,0,4.773869,0.2512563,0,92.96482,1.5075377,0,0
2022-07-15 17:48:25,0,0,5.25,0.5,0,92,1.5,0.25,0
2022-07-15 17:48:24,0,0,4.773869,0,0,93.46734,1.0050251,0,0
2022-07-15 17:48:23,0,0,3.759398,0,0,94.73684,0.7518797,0.2506266,0
2022-07-15 17:48:22,0,0,4.5,0.25,0,93,1.5,0.25,0
2022-07-15 17:48:21,0,0,4.738155,0,0,93.51621,1.4962594,0.2493766,0
2022-07-15 17:48:20,0,0,4.773869,0.2512563,0,93.21608,1.2562814,0,0
2022-07-15 17:48:19,0,0,4.773869,0,0,92.96482,1.5075377,0,0
2022-07-15 17:48:18,0,0,5,0.25,0,93.25,0.75,0.25,0.25
2022-07-15 17:48:17,0,0,4,0,0,94.25,1,0.5,0
2022-07-15 17:48:16,0,0,4.271357,0.2512563,0,93.96985,1.0050251,0,0
2022-07-15 17:48:15,0,0,4.5,0.25,0,94,1,0,0
2022-07-15 17:48:14,0,0,4.70297,0.2475248,0,92.82178,1.4851485,0.2475248,0
2022-07-15 17:48:13,0,0,4.773869,0,0,92.46231,1.758794,0.2512563,0.2512563
2022-07-15 17:48:12,0,0,4.477612,0.2487562,0,93.53234,0.9950249,0.2487562,0
2022-07-15 17:48:11,0,0,7.5,0.5,0,88.75,2,0.25,0.25
2022-07-15 17:48:10,0,0,4.5,0,0,91.25,1.75,0.25,2
2022-07-15 17:48:09,0,0,3.75,0,0,95,0.75,0.25,0
2022-07-15 17:48:08,0,0,4.010025,0,0,94.23559,1.0025063,0.2506266,0.2506266
2022-07-15 17:48:07,0,0,4.239401,0.4987531,0,92.76808,1.745636,0.2493766,0.2493766
2022-07-15 17:48:06,0,0,3.508772,0.2506266,0,94.48622,1.2531328,0,0.2506266
2022-07-15 17:48:05,0,0,6.281407,0,0,91.20603,1.5075377,0.2512563,0
2022-07-15 17:48:04,0,0,3.9801,0,0,95.27363,0.4975124,0,0
2022-07-15 17:48:03,0,0,4.511278,0.2506266,0,92.98246,1.5037594,0.2506266,0
2022-07-15 17:48:02,0,0,4.738155,0.2493766,0,92.01995,1.995012,0,0
2022-07-15 17:48:01,0,0,4.260652,0,0,92.98246,1.754386,0,0
2022-07-15 17:48:00,0,0,5.037783,0.5037783,0,92.69521,1.0075567,0.2518892,0
2022-07-15 17:47:59,0,0,5.985037,0,0,91.27182,2.244389,0,0.2493766
2022-07-15 17:47:58,0,0,3.759398,0,0,94.73684,0.5012531,0,0
2022-07-15 17:47:57,0,0,3.731343,0.2487562,0,94.27861,0.9950249,0.2487562,0
2022-07-15 17:47:56,0,0,4.738155,0,0,93.76559,0.9975062,0.2493766,0
2022-07-15 17:47:55,0,0,4.534005,0.2518892,0,93.19899,1.2594458,0.2518892,0
2022-07-15 17:47:54,0,0,4.488778,0,0,94.01496,0.9975062,0,0
2022-07-15 17:47:53,0,0,4.773869,0.2512563,0,92.96482,1.5075377,0,0
2022-07-15 17:47:52,0,0,4.975124,0.4975124,0,92.0398,1.2437811,0,0.2487562
2022-07-15 17:47:51,0,0,4.292929,0,0,94.19192,1.010101,0.2525253,0
2022-07-15 17:47:50,0,0,4.020101,0.2512563,0,94.47236,1.0050251,0,0
2022-07-15 17:47:49,0,0,5.236908,0,0,92.76808,1.4962594,0,0
2022-07-15 17:47:48,0,0,4.020101,0,0,93.96985,1.5075377,0,0
2022-07-15 17:47:47,0,0,5.210918,0.4962779,0,93.30025,0.7444169,0,0
2022-07-15 17:47:46,0,0,4.522613,0,0,93.71859,1.2562814,0,0
2022-07-15 17:47:45,0,0,4.773869,0.7537688,0,89.94975,1.5075377,0.2512563,1.758794
2022-07-15 17:47:44,0,0,4.010025,0,0,94.23559,1.2531328,0,0
2022-07-15 17:47:43,0,0,4.488778,0.2493766,0,92.26933,2.493766,0.2493766,0
2022-07-15 17:47:42,0,0,4.511278,0.2506266,0,93.23308,1.5037594,0,0
2022-07-15 17:47:41,0,0,4.785894,0,0,93.19899,1.0075567,0.2518892,0
2022-07-15 17:47:40,0,0,4.488778,0.2493766,0,93.01746,1.4962594,0.2493766,0
2022-07-15 17:47:39,0,0,5.5,0.25,0,90.75,2.5,0.25,0.25
2022-07-15 17:47:38,0,0,3.731343,0.2487562,0,93.28358,1.2437811,0,0
2022-07-15 17:47:37,0,0,5.012531,0,0,93.48371,1.0025063,0,0.2506266
2022-07-15 17:47:36,0,0,4.534005,0,0,92.69521,2.267003,0,0
2022-07-15 17:47:35,0,0,4.5,0.25,0,93,1.75,0,0
2022-07-15 17:47:34,0,0,4.738155,0.2493766,0,92.76808,1.745636,0.2493766,0
2022-07-15 17:47:33,0,0,5.985037,0.2493766,0,91.5212,1.4962594,0.2493766,0
2022-07-15 17:47:32,0,0,3.768844,0.2512563,0,93.46734,1.2562814,0.2512563,0
2022-07-15 17:47:31,0,0,4.020101,0,0,93.71859,1.5075377,0,0
2022-07-15 17:47:30,0,0,4.488778,0,0,93.26683,1.4962594,0.2493766,0
2022-07-15 17:47:29,0,0,4.738155,0.2493766,0,92.76808,1.745636,0,0
2022-07-15 17:47:28,0,0,4.271357,0.2512563,0,94.97487,0.5025126,0,0
2022-07-15 17:47:27,0,0,5.236908,0,0,90.52369,1.995012,0.4987531,0.2493766
2022-07-15 17:47:26,0,0,4.987531,0,0,92.26933,1.745636,0.2493766,0
2022-07-15 17:47:25,0,0,3.990025,0.2493766,0,93.01746,1.745636,0,0
2022-07-15 17:47:24,0,0,4.534005,0,0,93.45088,1.2594458,0.2518892,0
2022-07-15 17:47:23,0,0,4.488778,0.4987531,0,93.01746,1.4962594,0.2493766,0
2022-07-15 17:47:22,0,0,5.012531,0.2506266,0,92.73183,1.2531328,0.2506266,0
2022-07-15 17:47:21,0,0,4.207921,0.4950495,0,92.82178,1.2376238,0.2475248,0.2475248
2022-07-15 17:47:20,0,0,4.79798,0.5050505,0,92.92929,1.5151515,0,0
2022-07-15 17:47:19,0,0,5.25,0.25,0,92,1.5,0,0
2022-07-15 17:47:18,0,0,3.768844,0,0,94.22111,1.5075377,0.2512563,0
2022-07-15 17:47:17,0,0,4.75,0,0,93.25,1.5,0.25,0
2022-07-15 17:47:16,0,0,4.738155,0,0,92.5187,2.244389,0,0
2022-07-15 17:47:15,0,0,4.488778,0.2493766,0,93.51621,1.2468828,0.2493766,0
2022-07-15 17:47:14,0,0,4.511278,0.2506266,0,92.4812,2.005013,0,0
2022-07-15 17:47:13,0,0,5,0.25,0,92.5,1.5,0.25,0.25
2022-07-15 17:47:12,0,0,4.260652,0,0,92.73183,1.5037594,0.2506266,0
2022-07-15 17:47:11,0,0,4.25,0.25,0,93,1.25,0.5,0
2022-07-15 17:47:10,0,0,4.75,0.25,0,92.5,1.75,0,0
2022-07-15 17:47:09,0,0,4.75,0,0,93.25,1.5,0.25,0
2022-07-15 17:47:08,0,0,4.511278,0,0,93.98496,1.2531328,0,0
2022-07-15 17:47:07,0,0,5.75,0,0,92.5,1,0.25,0
2022-07-15 17:47:06,0,0,4.5,0.25,0,92.75,1.75,0,0
2022-07-15 17:47:05,0,0,4.511278,0.2506266,0,93.23308,1.2531328,0,0
2022-07-15 17:47:04,0,0,4.738155,0.2493766,0,93.26683,1.4962594,0,0
2022-07-15 17:47:03,0,0,4.5,0,0,92.75,2.25,0.25,0
2022-07-15 17:47:02,0,0,4.738155,0,0,93.26683,1.2468828,0.2493766,0
2022-07-15 17:47:01,0,0,4.25,0.25,0,92.5,2,0.25,0
2022-07-15 17:47:00,0,0,4.785894,0.2518892,0,92.9471,1.2594458,0,0
2022-07-15 17:46:59,0,0,4.488778,0.2493766,0,92.5187,1.4962594,0.4987531,0.2493766
2022-07-15 17:46:58,0,0,4.738155,0,0,93.51621,0.9975062,0,0
2022-07-15 17:46:57,0,0,4.5,0.25,0,92.75,1.75,0.25,0
2022-07-15 17:46:56,0,0,4.260652,0,0,93.73434,1.5037594,0,0
2022-07-15 17:46:55,0,0,5.012531,0.2506266,0,92.98246,1.2531328,0,0
2022-07-15 17:46:54,0,0,4.239401,0.2493766,0,92.76808,1.995012,0.2493766,0.2493766
2022-07-15 17:46:53,0,0,5.793451,0.2518892,0,91.68766,1.2594458,0,0
2022-07-15 17:46:52,0,0,3.508772,0,0,94.98747,1.0025063,0.2506266,0
2022-07-15 17:46:51,0,0,5.25,0,0,92.25,1.5,0.25,0
2022-07-15 17:46:50,0,0,4.260652,0.2506266,0,94.23559,0.7518797,0,0
2022-07-15 17:46:49,0,0,4.987531,0,0,92.5187,1.745636,0.2493766,0
2022-07-15 17:46:48,0,0,4.534005,0.5037783,0,92.44332,1.763224,0.2518892,0
2022-07-15 17:46:47,0,0,4.477612,0.2487562,0,93.03483,1.99005,0,0
2022-07-15 17:46:46,0,0,5.25,0.25,0,91.25,2,0.25,0.25
2022-07-15 17:46:45,0,0,3.759398,0,0,94.73684,1.0025063,0,0
2022-07-15 17:46:44,0,0,5.472637,0,0,92.0398,1.741294,0.2487562,0
2022-07-15 17:46:43,0,0,4.030227,0.2518892,0,94.45844,0.7556675,0.2518892,0
2022-07-15 17:46:42,0,0,5,0,0,92.75,1.75,0.25,0
2022-07-15 17:46:41,0,0,5.25,0.25,0,92.25,1.25,0,0
2022-07-15 17:46:40,0,0,4.75,0.75,0,92,1.75,0.25,0
2022-07-15 17:46:39,0,0,3.5,0.25,0,94.25,1.25,0,0
2022-07-15 17:46:38,0,0,4.511278,0.2506266,0,92.98246,1.5037594,0.2506266,0
2022-07-15 17:46:37,0,0,4.71464,0.248139,0,92.80397,1.4888337,0.4962779,0
2022-07-15 17:46:36,0,0,4.511278,0,0,92.4812,2.255639,0.2506266,0
2022-07-15 17:46:35,0,0,4.75,0.25,0,92,2,0.5,0
2022-07-15 17:46:34,0,0,4.271357,0.2512563,0,93.46734,1.0050251,0.2512563,0.2512563
2022-07-15 17:46:33,0,0,4.987531,0.2493766,0,88.77805,4.738155,0.2493766,0.4987531
2022-07-15 17:46:32,0,0,3.970223,0.248139,0,93.79653,0.7444169,0,0
2022-07-15 17:46:31,0,0,4.785894,0,0,93.70277,1.0075567,0.2518892,0
2022-07-15 17:46:30,0,0,4.477612,0.2487562,0,94.02985,0.4975124,0.2487562,0
2022-07-15 17:46:29,0,0,4.75,0,0,92.75,1.5,0.25,0
2022-07-15 17:46:28,0,0,4.5,0,0,93.25,1.75,0,0
2022-07-15 17:46:27,0,0,5,0.5,0,92.25,0.75,0.25,0.25
2022-07-15 17:46:26,0,0,4,0.25,0,93,1.25,0.5,0
2022-07-15 17:46:25,0,0,4.534005,0,0,93.45088,1.511335,0.2518892,0
2022-07-15 17:46:24,0,0,4.773869,0.2512563,0,92.71357,1.5075377,0.2512563,0
2022-07-15 17:46:23,0,0,4.71464,0.248139,0,92.80397,1.736973,0,0
2022-07-15 17:46:22,0,0,4.5,0,0,93.25,1,0.5,0
2022-07-15 17:46:21,0,0,4.534005,0.5037783,0,93.45088,1.0075567,0,0
2022-07-15 17:46:20,0,0,5.025126,0,0,92.46231,1.758794,0,0
2022-07-15 17:46:19,0,0,4.010025,0.2506266,0,94.48622,0.5012531,0.2506266,0
2022-07-15 17:46:18,0,0,4.726368,0.2487562,0,92.0398,2.238806,0,0.2487562
2022-07-15 17:46:17,0,0,4.522613,0,0,93.21608,1.758794,0,0
2022-07-15 17:46:16,0,0,4.726368,0,0,93.03483,1.741294,0.2487562,0
2022-07-15 17:46:15,0,0,5,0.25,0,92,1.75,0.25,0
2022-07-15 17:46:14,0,0,6.297229,0.2518892,0,90.42821,1.0075567,0,0
2022-07-15 17:46:13,0,0,3.5,0,0,94,1.75,0.25,0
2022-07-15 17:46:12,0,0,4.534005,0,0,94.45844,0.7556675,0,0
2022-07-15 17:46:11,0,0,4.25,0.25,0,93.5,1,0,0.25
2022-07-15 17:46:10,0,0,4.75,0.25,0,92.75,1.5,0.25,0
2022-07-15 17:46:09,0,0,4.522613,0,0,94.22111,1.0050251,0,0
2022-07-15 17:46:08,0,0,4.726368,0.4975124,0,93.03483,1.2437811,0.2487562,0
2022-07-15 17:46:07,0,0,4.75,0.25,0,92.25,1.75,0.25,0.25
2022-07-15 17:46:06,0,0,4.522613,0,0,93.96985,1.0050251,0,0
2022-07-15 17:46:05,0,0,4.773869,0.2512563,0,93.46734,1.2562814,0,0
2022-07-15 17:46:04,0,0,5.012531,0.5012531,0,92.73183,1.0025063,0.2506266,0
2022-07-15 17:46:03,0,0,4.488778,0.2493766,0,93.01746,1.745636,0.2493766,0
2022-07-15 17:46:02,0,0,4.987531,0,0,92.26933,1.995012,0.2493766,0
2022-07-15 17:46:01,0,0,5.276382,0.5025126,0,91.45729,2.01005,0.2512563,0
2022-07-15 17:46:00,0,0,3.526448,0,0,93.45088,2.015113,0,0
2022-07-15 17:45:59,0,0,5.025126,0.2512563,0,92.46231,1.5075377,0.5025126,0
2022-07-15 17:45:58,0,0,4.25,0,0,94.5,0.75,0,0
2022-07-15 17:45:57,0,0,4.761905,0,0,93.23308,1.2531328,0.2506266,0
2022-07-15 17:45:56,0,0,4.726368,0.2487562,0,93.28358,1.2437811,0.2487562,0
2022-07-15 17:45:55,0,0,4.75,0.25,0,93.25,1.5,0,0
2022-07-15 17:45:54,0,0,5.25,0,0,91.5,1.75,0.25,0.25
2022-07-15 17:45:53,0,0,4,0.25,0,94,0.75,0.5,0
2022-07-15 17:45:52,0,0,4.761905,0,0,92.23058,1.5037594,0.2506266,0
2022-07-15 17:45:51,0,0,4.25,0.25,0,93.5,1,0.25,0
2022-07-15 17:45:50,0,0,5.012531,0,0,93.48371,1.2531328,0,0
2022-07-15 17:45:49,0,0,4.761905,0.2506266,0,93.48371,1.0025063,0,0
2022-07-15 17:45:48,0,0,5.472637,0.2487562,0,91.29353,1.4925373,0.7462687,0
2022-07-15 17:45:47,0,0,3.258145,0,0,94.48622,1.2531328,0,0.2506266
2022-07-15 17:45:46,0,0,4.987531,0,0,93.01746,1.2468828,0.4987531,0
2022-07-15 17:45:45,0,0,4.25,0,0,93.5,2,0,0
2022-07-15 17:45:44,0,0,4.738155,0.2493766,0,93.26683,1.2468828,0.2493766,0
2022-07-15 17:45:43,0,0,4.761905,0.2506266,0,93.23308,1.0025063,0.2506266,0
2022-07-15 17:45:42,0,0,4.738155,0,0,92.26933,1.995012,0.2493766,0.2493766
2022-07-15 17:45:41,0,0,4.534005,0,0,91.18388,1.763224,0.2518892,0.5037783
2022-07-15 17:45:40,0,0,4.477612,0,0,92.53731,1.4925373,0.7462687,0
2022-07-15 17:45:39,0,0,4.271357,0.2512563,0,93.96985,1.0050251,0,0
2022-07-15 17:45:38,0,0,5.25,0.25,0,92.75,1.5,0,0
2022-07-15 17:45:37,0,0,4.511278,0.2506266,0,93.23308,1.2531328,0.2506266,0
2022-07-15 17:45:36,0,0,4.738155,0,0,93.26683,1.2468828,0.2493766,0
2022-07-15 17:45:35,0,0,5.75,0.25,0,92.25,1,0.25,0.25
2022-07-15 17:45:34,0,0,3.508772,0,0,94.23559,1.2531328,0,0
2022-07-15 17:45:33,0,0,4.950495,0.2475248,0,91.33663,1.980198,0.4950495,0
2022-07-15 17:45:32,0,0,4.040404,0,0,93.93939,1.2626263,0.2525253,0
2022-07-15 17:45:31,0,0,5.037783,0.2518892,0,93.19899,0.7556675,0.2518892,0
2022-07-15 17:45:30,0,0,4.75,0.25,0,89.25,5,0,0.5
2022-07-15 17:45:29,0,0,4.785894,0,0,87.40554,7.052897,0.2518892,0
2022-07-15 17:45:28,0,0,5.513784,0,0,92.23058,1.5037594,0.2506266,0
2022-07-15 17:45:27,0,0,3.740648,0.4987531,0,93.51621,1.2468828,0,0
2022-07-15 17:45:26,0,0,4.773869,0,0,93.21608,1.2562814,0.2512563,0
2022-07-15 17:45:25,0,0,4.228856,0,0,94.02985,1.2437811,0.2487562,0
2022-07-15 17:45:24,0,0,4.761905,0.2506266,0,93.23308,1.2531328,0.2506266,0
2022-07-15 17:45:23,0,0,4.534005,0,0,94.45844,0.7556675,0,0
2022-07-15 17:45:22,0,0,6.188119,0.2475248,0,90.09901,1.732673,0.2475248,0.2475248
2022-07-15 17:45:21,0,0,3.266332,0.2512563,0,93.71859,1.758794,0.5025126,0
2022-07-15 17:45:20,0,0,4.466501,0,0,93.54839,0.9925558,0.248139,0
2022-07-15 17:45:19,0,0,4.761905,0.2506266,0,93.48371,1.2531328,0,0
2022-07-15 17:45:18,0,0,4.292929,0,0,92.92929,2.272727,0.2525253,0
2022-07-15 17:45:17,0,0,5.025126,0,0,92.71357,1.758794,0.2512563,0
2022-07-15 17:45:16,0,0,4.25,0.25,0,93.25,1.5,0.25,0
2022-07-15 17:45:15,0,0,5.541562,0,0,91.93955,1.511335,0,0.5037783
2022-07-15 17:45:14,0,0,3.491272,0.4987531,0,94.51372,0.7481297,0.2493766,0
2022-07-15 17:45:13,0,0,4.975124,0,0,92.78607,1.4925373,0.2487562,0
2022-07-15 17:45:12,0,0,4.522613,0,0,93.96985,1.2562814,0,0
2022-07-15 17:45:11,0,0,5.012531,0.2506266,0,91.97995,2.005013,0.2506266,0
2022-07-15 17:45:10,0,0,4.738155,0.2493766,0,92.5187,1.745636,0.2493766,0
2022-07-15 17:45:09,0,0,4.726368,0.2487562,0,93.03483,0.9950249,0.4975124,0.2487562
2022-07-15 17:45:08,0,0,4.556962,0.2531646,0,92.91139,1.2658228,0,0
2022-07-15 17:45:07,0,0,4.466501,0.248139,0,93.54839,0.7444169,0.4962779,0
2022-07-15 17:45:06,0,0,4.522613,0.2512563,0,92.71357,2.01005,0.2512563,0
2022-07-15 17:45:05,0,0,4.726368,0.2487562,0,93.03483,0.9950249,0,0
2022-07-15 17:45:04,0,0,4.75,0,0,92.75,1.75,0.25,0
2022-07-15 17:45:03,0,0,4.488778,0.2493766,0,93.76559,1.2468828,0,0
2022-07-15 17:45:02,0,0,4.987531,0.2493766,0,92.76808,1.4962594,0.2493766,0
2022-07-15 17:45:01,0,0,4.785894,0.2518892,0,92.44332,1.2594458,0.2518892,0
2022-07-15 17:45:00,0,0,4.260652,0,0,93.23308,1.754386,0.5012531,0
2022-07-15 17:44:59,0,0,4.773869,0,0,93.21608,1.2562814,0.2512563,0
2022-07-15 17:44:58,0,0,4.260652,0.2506266,0,93.73434,1.0025063,0.2506266,0
2022-07-15 17:44:57,0,0,4.975124,0.2487562,0,93.78109,0.7462687,0,0
2022-07-15 17:44:56,0,0,5.75,0.25,0,91.5,1.25,0.25,0
2022-07-15 17:44:55,0,0,3.75,0,0,94.5,1.25,0.25,0
2022-07-15 17:44:54,0,0,4.010025,0.5012531,0,94.23559,0.7518797,0,0
2022-07-15 17:44:53,0,0,4.738155,0,0,92.5187,1.745636,0.2493766,0.2493766
2022-07-15 17:44:52,0,0,4.75,0.5,0,92.25,1.5,0.25,0
2022-07-15 17:44:51,0,0,4.292929,0.2525253,0,93.43434,1.010101,0,0
2022-07-15 17:44:50,0,0,4.75,0.5,0,92.75,1.5,0.25,0
2022-07-15 17:44:49,0,0,5,0.5,0,91.75,1.5,0.25,0
2022-07-15 17:44:48,0,0,4.050633,0.2531646,0,93.41772,1.5189873,0.2531646,0
2022-07-15 17:44:47,0,0,4.488778,0.2493766,0,92.76808,1.4962594,0.2493766,0
2022-07-15 17:44:46,0,0,5.025126,0.2512563,0,93.21608,1.2562814,0,0
2022-07-15 17:44:45,0,0,4.239401,0,0,93.26683,1.995012,0,0
2022-07-15 17:44:44,0,0,5.037783,0.2518892,0,93.19899,0.7556675,0.2518892,0
2022-07-15 17:44:43,0,0,4.488778,0.2493766,0,93.26683,1.2468828,0.2493766,0
2022-07-15 17:44:42,0,0,5.25,0,0,91.75,1.75,0,0.5
2022-07-15 17:44:41,0,0,4.239401,0.2493766,0,94.01496,0.7481297,0.2493766,0
2022-07-15 17:44:40,0,0,4.271357,0,0,93.96985,1.2562814,0.2512563,0
2022-07-15 17:44:39,0,0,5.25,0.25,0,92.25,2,0,0
2022-07-15 17:44:38,0,0,4.488778,0.2493766,0,93.26683,1.2468828,0.2493766,0
2022-07-15 17:44:37,0,0,4.75,0.25,0,94,0.75,0,0
2022-07-15 17:44:36,0,0,4.511278,0,0,92.98246,1.5037594,0.5012531,0
2022-07-15 17:44:35,0,0,5.289673,0.2518892,0,91.93955,1.763224,0,0
2022-07-15 17:44:34,0,0,4.228856,0,0,94.02985,1.2437811,0.2487562,0
2022-07-15 17:44:33,0,0,4.785894,0,0,93.19899,1.2594458,0.2518892,0
2022-07-15 17:44:32,0,0,4.455446,0,0,92.32673,2.722772,0.2475248,0
2022-07-15 17:44:31,0,0,4.79798,0,0,92.92929,1.5151515,0.2525253,0
2022-07-15 17:44:30,0,0,5.778894,0.2512563,0,90.95477,1.5075377,0,0.2512563
2022-07-15 17:44:29,0,0,3.482587,0.2487562,0,93.28358,2.238806,0.2487562,0
2022-07-15 17:44:28,0,0,4.260652,0.5012531,0,93.48371,1.0025063,0.2506266,0
2022-07-15 17:44:27,0,0,4.488778,0,0,93.26683,1.4962594,0.2493766,0
2022-07-15 17:44:26,0,0,4.477612,0.2487562,0,93.53234,0.9950249,0.2487562,0
2022-07-15 17:44:25,0,0,4.75,0,0,93.5,1.25,0,0
2022-07-15 17:44:24,0,0,4.5,0,0,93.25,1,0.25,0
2022-07-15 17:44:23,0,0,5.527638,0.2512563,0,92.46231,1.2562814,0,0
2022-07-15 17:44:22,0,0,3.5,0,0,95.25,0.75,0.25,0
2022-07-15 17:44:21,0,0,5.012531,0.2506266,0,92.4812,1.5037594,0,0
2022-07-15 17:44:20,0,0,4.522613,0.2512563,0,92.96482,1.2562814,0.5025126,0
2022-07-15 17:44:19,0,0,4.773869,0,0,93.46734,1.0050251,0,0
2022-07-15 17:44:18,0,0,4.738155,0.2493766,0,93.51621,0.9975062,0.2493766,0
2022-07-15 17:44:17,0,0,4.5,0.5,0,93.75,1,0,0
2022-07-15 17:44:16,0,0,5.472637,0.2487562,0,91.54229,1.4925373,0,0.2487562
2022-07-15 17:44:15,0,0,3.5,0,0,94.5,1.25,0.25,0
2022-07-15 17:44:14,0,0,4.271357,0.2512563,0,94.22111,1.0050251,0,0
2022-07-15 17:44:13,0,0,4.738155,0.2493766,0,92.26933,1.995012,0,0
2022-07-15 17:44:12,0,0,4.5,0,0,94,1,0.25,0
2022-07-15 17:44:11,0,0,4.761905,0,0,92.98246,1.2531328,0,0
2022-07-15 17:44:10,0,0,4.534005,0.2518892,0,93.95466,1.0075567,0,0
2022-07-15 17:44:09,0,0,5.012531,0,0,91.72932,2.255639,0,0.2506266
2022-07-15 17:44:08,0,0,4.010025,0,0,93.98496,1.2531328,0,0.2506266
2022-07-15 17:44:07,0,0,4.75,0,0,93.75,1,0.25,0
2022-07-15 17:44:06,0,0,4.477612,0.4975124,0,92.28856,1.741294,0.2487562,0
2022-07-15 17:44:05,0,0,6.265664,0,0,91.72932,1.2531328,0.5012531,0
2022-07-15 17:44:04,0,0,6.532663,0,0,90.20101,2.512563,0.2512563,0
2022-07-15 17:44:03,0,0,3.740648,0.2493766,0,93.26683,1.745636,0.2493766,0.2493766
2022-07-15 17:44:02,0,0,3.75,0.25,0,93.75,1.25,0.25,0
2022-07-15 17:44:01,0,0,4.761905,0,0,93.23308,1.5037594,0,0
2022-07-15 17:44:00,0,0,4.726368,0,0,93.28358,1.2437811,0.2487562,0
2022-07-15 17:43:59,0,0,4.534005,0,0,93.45088,1.511335,0,0
2022-07-15 17:43:58,0,0,4.738155,0.4987531,0,93.51621,0.9975062,0,0
2022-07-15 17:43:57,0,0,5.459057,0.248139,0,91.067,1.4888337,0.248139,0.248139
2022-07-15 17:43:56,0,0,3.491272,0.4987531,0,93.76559,1.2468828,0.2493766,0
2022-07-15 17:43:55,0,0,4.522613,0,0,94.22111,0.7537688,0,0
2022-07-15 17:43:54,0,0,5.012531,0,0,93.48371,0.7518797,0.2506266,0
2022-07-15 17:43:53,0,0,4.726368,0.2487562,0,93.03483,1.2437811,0.2487562,0
2022-07-15 17:43:52,0,0,4.5,0,0,93.5,1.25,0.25,0.25
2022-07-15 17:43:51,0,0,4.773869,0,0,92.96482,1.2562814,0,0
2022-07-15 17:43:50,0,0,5.808081,0,0,90.65657,2.525253,0.2525253,0.2525253
2022-07-15 17:43:49,0,0,3.75,0.25,0,94.25,1.5,0,0
2022-07-15 17:43:48,0,0,4.228856,0,0,93.03483,1.741294,0.2487562,0
2022-07-15 17:43:47,0,0,5.276382,0.2512563,0,92.21106,1.758794,0.2512563,0
2022-07-15 17:43:46,0,0,4.271357,0,0,94.47236,1.0050251,0,0
2022-07-15 17:43:45,0,0,5.210918,0.248139,0,93.05211,0.9925558,0.248139,0
2022-07-15 17:43:44,0,0,4.271357,0.5025126,0,93.71859,0.7537688,0.2512563,0
2022-07-15 17:43:43,0,0,4.738155,0.4987531,0,91.77057,1.2468828,0.2493766,1.2468828
2022-07-15 17:43:42,0,0,3.508772,0,0,94.98747,0.7518797,0.2506266,0
2022-07-15 17:43:41,0,0,4.5,0,0,93,1.5,0,0
2022-07-15 17:43:40,0,0,4.522613,0.5025126,0,92.96482,1.758794,0,0
2022-07-15 17:43:39,0,0,4.71464,0,0,93.79653,0.9925558,0,0
2022-07-15 17:43:38,0,0,5.541562,0.2518892,0,91.93955,1.763224,0,0
2022-07-15 17:43:37,0,0,4.228856,0.2487562,0,92.28856,1.99005,0.2487562,0
2022-07-15 17:43:36,0,0,3.75,0,0,94.25,1,0.25,0.25
2022-07-15 17:43:35,0,0,4.5,0,0,94,1.25,0,0
2022-07-15 17:43:34,0,0,4.71464,0.248139,0,93.30025,0.9925558,0.248139,0
2022-07-15 17:43:33,0,0,4.761905,0,0,93.73434,1.2531328,0,0
2022-07-15 17:43:32,0,0,4.5,0.25,0,93.5,1.25,0,0
2022-07-15 17:43:31,0,0,5.764411,0,0,91.22807,1.754386,0.2506266,0
2022-07-15 17:43:30,0,0,3.491272,0.2493766,0,94.51372,0.9975062,0.2493766,0
2022-07-15 17:43:29,0,0,5.012531,0.2506266,0,93.23308,0.7518797,0.2506266,0
2022-07-15 17:43:28,0,0,4.511278,0,0,92.98246,1.5037594,0.2506266,0
2022-07-15 17:43:27,0,0,4.522613,0,0,93.21608,1.758794,0,0
2022-07-15 17:43:26,0,0,4.75,0,0,93.25,1,0.25,0
2022-07-15 17:43:25,0,0,4.987531,0.2493766,0,92.01995,1.745636,0.2493766,0.2493766
2022-07-15 17:43:24,0,0,5.778894,0.2512563,0,90.95477,1.2562814,0,0.7537688
2022-07-15 17:43:23,0,0,3.759398,0,0,94.98747,1.0025063,0,0
2022-07-15 17:43:22,0,0,3.75,0.5,0,93.75,1.5,0.25,0
2022-07-15 17:43:21,0,0,5.025126,0.5025126,0,91.70854,1.758794,0.2512563,0
2022-07-15 17:43:20,0,0,5.25,0,0,92.75,1.5,0.25,0
2022-07-15 17:43:19,0,0,4.738155,0,0,93.26683,1.2468828,0.2493766,0.2493766
2022-07-15 17:43:18,0,0,4.726368,0,0,93.78109,0.9950249,0,0
2022-07-15 17:43:17,0,0,6.04534,0.2518892,0,92.19144,1.2594458,0,0
2022-07-15 17:43:16,0,0,3.491272,0,0,95.26185,0.4987531,0.2493766,0
2022-07-15 17:43:15,0,0,4.260652,0,0,94.23559,0.7518797,0,0
2022-07-15 17:43:14,0,0,4.738155,0.2493766,0,92.76808,1.4962594,0.2493766,0
2022-07-15 17:43:13,0,0,4.511278,0,0,93.98496,0.7518797,0,0
2022-07-15 17:43:12,0,0,5.5,0.25,0,91.75,1.75,0,0.25
2022-07-15 17:43:11,0,0,4.738155,0.4987531,0,90.52369,1.995012,0.2493766,0.7481297
2022-07-15 17:43:10,0,0,3.970223,0,0,94.54094,0.9925558,0,0
2022-07-15 17:43:09,0,0,4.545455,0.2525253,0,93.68687,1.2626263,0,0
2022-07-15 17:43:08,0,0,4.726368,0.2487562,0,93.03483,1.2437811,0.2487562,0
2022-07-15 17:43:07,0,0,4.761905,0,0,93.98496,1.2531328,0,0
2022-07-15 17:43:06,0,0,4.738155,0,0,92.76808,1.2468828,0.2493766,0
2022-07-15 17:43:05,0,0,5.985037,0.2493766,0,91.77057,1.4962594,0,0
2022-07-15 17:43:04,0,0,3.778338,0,0,94.96222,0.5037783,0,0
2022-07-15 17:43:03,0,0,4.477612,0.2487562,0,93.28358,1.741294,0,0
2022-07-15 17:43:02,0,0,4.773869,0.2512563,0,92.71357,1.0050251,0.2512563,0
2022-07-15 17:43:01,0,0,4.488778,0,0,93.01746,1.745636,0.2493766,0
2022-07-15 17:43:00,0,0,4.511278,0.2506266,0,93.48371,1.0025063,0,0
2022-07-15 17:42:59,0,0,4.975124,0.2487562,0,92.28856,1.741294,0,0
2022-07-15 17:42:58,0,0,6,0.25,0,92.25,0.75,0.25,0.25
2022-07-15 17:42:57,0,0,3.990025,0,0,93.01746,2.244389,0,0
2022-07-15 17:42:56,0,0,3.5,0,0,94.75,1.25,0,0
2022-07-15 17:42:55,0,0,5.012531,0,0,93.48371,1.2531328,0,0
2022-07-15 17:42:54,0,0,4.292929,0,0,93.68687,1.2626263,0,0
2022-07-15 17:42:53,0,0,5.223881,0.2487562,0,92.78607,1.4925373,0,0
2022-07-15 17:42:52,0,0,4.271357,0.2512563,0,93.21608,1.2562814,0,0
2022-07-15 17:42:51,0,0,5.778894,0.2512563,0,91.70854,1.0050251,0.5025126,0
2022-07-15 17:42:50,0,0,3.759398,0,0,94.23559,1.5037594,0.2506266,0
2022-07-15 17:42:49,0,0,4.5,0,0,93.5,1.5,0,0
2022-07-15 17:42:48,0,0,5.025126,0,0,92.71357,1.5075377,0.2512563,0
2022-07-15 17:42:47,0,0,4.522613,0.2512563,0,94.22111,0.7537688,0,0
2022-07-15 17:42:46,0,0,4.975124,0.2487562,0,91.54229,1.99005,0.7462687,0
2022-07-15 17:42:45,0,0,5.472637,0.4975124,0,90.79602,1.741294,0,0.2487562
2022-07-15 17:42:44,0,0,3.768844,0,0,93.96985,1.758794,0.2512563,0
2022-07-15 17:42:43,0,0,4.260652,0,0,93.48371,1.2531328,0.2506266,0
2022-07-15 17:42:42,0,0,4.738155,0,0,93.76559,0.9975062,0.2493766,0
2022-07-15 17:42:41,0,0,4.5,0.25,0,93.25,1.5,0,0
2022-07-15 17:42:40,0,0,5.012531,0.2506266,0,92.98246,1.5037594,0,0
2022-07-15 17:42:39,0,0,5.236908,0.2493766,0,92.01995,1.2468828,0.2493766,0
2022-07-15 17:42:38,0,0,3.778338,0.2518892,0,94.45844,0.7556675,0.2518892,0
2022-07-15 17:42:37,0,0,4,0,0,93.5,2,0,0
2022-07-15 17:42:36,0,0,5.263158,0,0,93.23308,0.7518797,0.5012531,0
2022-07-15 17:42:35,0,0,4.477612,0.2487562,0,93.28358,1.2437811,0.2487562,0
2022-07-15 17:42:34,0,0,4.726368,0,0,93.78109,0.9950249,0.2487562,0.2487562
2022-07-15 17:42:33,0,0,4.785894,0.2518892,0,93.19899,1.2594458,0.2518892,0
2022-07-15 17:42:32,0,0,5.75,0.25,0,92.75,1,0,0
2022-07-15 17:42:31,0,0,3.759398,0.2506266,0,92.73183,1.754386,0,0.5012531
2022-07-15 17:42:30,0,0,3.740648,0.2493766,0,94.01496,1.2468828,0.2493766,0
2022-07-15 17:42:29,0,0,4.773869,0,0,93.71859,1.0050251,0,0
2022-07-15 17:42:28,0,0,4.488778,0,0,93.01746,1.4962594,0.4987531,0
2022-07-15 17:42:27,0,0,4.75,0.25,0,93.5,1.25,0,0
2022-07-15 17:42:26,0,0,4.738155,0,0,92.76808,1.4962594,0.2493766,0
2022-07-15 17:42:25,0,0,5.764411,0,0,91.4787,1.2531328,0.2506266,0.2506266
2022-07-15 17:42:24,0,0,3.75,0.25,0,94.25,0.75,0.25,0
2022-07-15 17:42:23,0,0,4.010025,0.2506266,0,94.48622,1.0025063,0,0
2022-07-15 17:42:22,0,0,4.962779,0.248139,0,91.81141,1.985112,0.248139,0
2022-07-15 17:42:21,0,0,4.534005,0.2518892,0,93.70277,1.2594458,0,0
2022-07-15 17:42:20,0,0,4.534005,0,0,93.70277,0.7556675,0.2518892,0
2022-07-15 17:42:19,0,0,5.721393,0.4975124,0,90.79602,1.99005,0.2487562,0.2487562
2022-07-15 17:42:18,0,0,3.508772,0,0,94.73684,1.2531328,0,0
2022-07-15 17:42:17,0,0,3.740648,0.2493766,0,94.01496,1.745636,0,0
2022-07-15 17:42:16,0,0,3.740648,0,0,94.01496,0.9975062,0.2493766,0
2022-07-15 17:42:15,0,0,4.785894,0,0,93.45088,1.2594458,0.2518892,0
2022-07-15 17:42:14,0,0,3.241895,0.2493766,0,94.01496,1.745636,0.4987531,0
2022-07-15 17:42:13,0,0,4.522613,0.2512563,0,92.71357,1.2562814,0.2512563,0
2022-07-15 17:42:12,0,0,2.238806,0.2487562,0,95.52239,1.2437811,0.2487562,0
2022-07-15 17:42:11,0,0,2.777778,0.2525253,0,95.45455,0.7575758,0.2525253,0
2022-07-15 17:42:10,0,0,2.493766,0,0,95.26185,1.4962594,0,0
2022-07-15 17:42:09,0,0,2.743142,0.2493766,0,94.26434,1.745636,0.2493766,0.2493766
2022-07-15 17:42:08,0,0,2.770781,0,0,94.45844,2.267003,0.2518892,0
2022-07-15 17:42:07,0,0,3,0.5,0,94.75,1.25,0,0
2022-07-15 17:42:06,0,0,4.25,0.25,0,92.75,1.75,0.25,0
2022-07-15 17:42:05,0,0,2.506266,0.2506266,0,95.2381,1.2531328,0.2506266,0
2022-07-15 17:42:04,0,0,1.758794,0,0,95.9799,1.758794,0,0
2022-07-15 17:42:03,0,0,1.5037594,0.5012531,0,95.98997,1.2531328,0.2506266,0
2022-07-15 17:42:02,0,0,1.4962594,0,0,96.25935,1.4962594,0.2493766,0
2022-07-15 17:42:01,0,0,1.75,0.25,0,95.75,1.5,0,0
2022-07-15 17:42:00,0,0,1.75,0,0,95.75,1.75,0.25,0
2022-07-15 17:41:59,0,0,2.25,0.25,0,94.75,1.75,0.25,0
2022-07-15 17:41:58,0,0,0.5012531,0,0,97.99499,1.0025063,0,0
2022-07-15 17:41:57,0,0,0.4987531,0.2493766,0,98.25436,0.7481297,0,0
2022-07-15 17:41:56,0,0,0.5012531,0,0,97.49373,1.5037594,0,0
2022-07-15 17:41:55,0,0,0.4987531,0,0,97.00748,1.745636,0.2493766,0
2022-07-15 17:41:54,0,0,0.75,0.25,0,95.75,2,0.25,0
2022-07-15 17:41:53,0,0,0.5012531,0.2506266,0,97.99499,0.7518797,0.2506266,0
2022-07-15 17:41:52,0,0,0.5012531,0,0,98.24561,1.0025063,0,0
2022-07-15 17:41:51,0,0,0.5,0,0,96.5,2,0,0
2022-07-15 17:41:50,0,0,0.4987531,0.2493766,0,97.75561,0.9975062,0.2493766,0
2022-07-15 17:41:49,0,0,0.7575758,0,0,97.47475,1.010101,0,0
2022-07-15 17:41:48,0,0,0.5,0.25,0,97.25,1.25,0,0
2022-07-15 17:41:47,0,0,0.5012531,0,0,97.99499,0.7518797,0.2506266,0
2022-07-15 17:41:46,0,0,0.75,0.25,0,97.25,1,0.25,0
2022-07-15 17:41:45,0,0,0.2512563,0,0,97.73869,1.2562814,0,0
2022-07-15 17:41:44,0,0,0.7462687,0.2487562,0,96.0199,1.741294,0.2487562,0
2022-07-15 17:41:43,0,0,0.5,0.25,0,97.25,1.5,0.25,0
2022-07-15 17:41:42,0,0,0.5012531,0,0,97.74436,1.5037594,0,0
2022-07-15 17:41:41,0,0,0.7481297,0.2493766,0,96.25935,1.745636,0.2493766,0
2022-07-15 17:41:40,0,0,0.5,0.25,0,97.75,0.5,0.25,0
2022-07-15 17:41:39,0,0,0.4975124,0,0,97.01493,1.4925373,0.4975124,0
2022-07-15 17:41:38,0,0,0.5037783,0.2518892,0,97.98489,1.0075567,0,0
2022-07-15 17:41:37,0,0,0.4962779,0.248139,0,97.76675,1.2406948,0,0
2022-07-15 17:41:36,0,0,0.5,0,0,97,1.5,0.25,0
2022-07-15 17:41:35,0,0,0.7481297,0.2493766,0,96.00998,2.493766,0.2493766,0
2022-07-15 17:41:34,0,0,0.7518797,0.5012531,0,96.2406,1.2531328,0.2506266,0.5012531
2022-07-15 17:41:33,0,0,0.5,0,0,97.5,1.25,0.25,0
2022-07-15 17:41:32,0,0,0.7537688,0,0,96.73367,1.758794,0.2512563,0
2022-07-15 17:41:31,0,0,0.5012531,0.2506266,0,97.49373,1.0025063,0.2506266,0
2022-07-15 17:41:30,0,0,0.5,0,0,97.25,1.5,0.25,0
2022-07-15 17:41:29,0,0,0.7481297,0.2493766,0,96.25935,1.4962594,0.2493766,0
2022-07-15 17:41:28,0,0,0.2493766,0,0,98.25436,0.9975062,0.2493766,0
2022-07-15 17:41:27,0,0,0.5012531,0.5012531,0,96.74185,1.5037594,0.2506266,0
2022-07-15 17:41:26,0,0,0.5,0.25,0,97,2,0,0
2022-07-15 17:41:25,0,0,0.7462687,0.2487562,0,96.76617,1.4925373,0.2487562,0
2022-07-15 17:41:24,0,0,0.7518797,0,0,95.98997,2.255639,0,0
2022-07-15 17:41:23,0,0,0.5012531,0,0,96.99248,1.5037594,0.2506266,0
2022-07-15 17:41:22,0,0,0.75,0.25,0,98.25,0.25,0,0
2022-07-15 17:41:21,0,0,0.5037783,0,0,97.22922,1.511335,0,0
2022-07-15 17:41:20,0,0,0.75,0,0,97.75,1.25,0,0
2022-07-15 17:41:19,0,0,0.4987531,0,0,98.00499,0.9975062,0.2493766,0
2022-07-15 17:41:18,0,0,0.5,0.25,0,96.75,1.75,0.25,0
2022-07-15 17:41:17,0,0,0.5037783,0,0,97.22922,1.763224,0,0
2022-07-15 17:41:16,0,0,0.7481297,0.2493766,0,96.25935,1.4962594,0.2493766,0
2022-07-15 17:41:15,0,0,0.2487562,0,0,97.76119,1.741294,0,0
2022-07-15 17:41:14,0,0,0.5037783,0,0,97.733,1.2594458,0,0
2022-07-15 17:41:13,0,0,0.7462687,0,0,97.51244,0.9950249,0.2487562,0
2022-07-15 17:41:12,0,0,0.25,0.25,0,97.75,0.75,0.25,0
2022-07-15 17:41:11,0,0,0.9975062,0,0,95.7606,2.244389,0.4987531,0
2022-07-15 17:41:10,0,0,1,0,0,96.5,1.5,0.25,0
2022-07-15 17:41:09,0,0,0.2512563,0,0,97.98995,1.2562814,0,0
2022-07-15 17:41:08,0,0,0.4962779,0.4962779,0,96.77419,1.2406948,0.248139,0
2022-07-15 17:41:07,0,0,0.5012531,0,0,97.49373,1.754386,0,0
2022-07-15 17:41:06,0,0,0.5037783,0,0,96.97733,1.511335,0.2518892,0
2022-07-15 17:41:05,0,0,1.0025063,0,0,97.24311,1.5037594,0,0
2022-07-15 17:41:04,0,0,0.7425743,0.2475248,0,96.53465,1.2376238,0.2475248,0
2022-07-15 17:41:03,0,0,0.2525253,0,0,97.9798,1.5151515,0,0
2022-07-15 17:41:02,0,0,0.5,0.25,0,97.25,1.5,0,0
2022-07-15 17:41:01,0,0,0.7444169,0,0,96.27792,1.736973,0,0
2022-07-15 17:41:00,0,0,0.75,0.25,0,97,1,0.5,0
2022-07-15 17:40:59,0,0,0.7518797,0,0,97.24311,1.5037594,0,0
2022-07-15 17:40:58,0,0,0.4987531,0.2493766,0,97.00748,1.2468828,0.2493766,0
2022-07-15 17:40:57,0,0,0.4975124,0.2487562,0,97.01493,1.99005,0,0
2022-07-15 17:40:56,0,0,0.5025126,0,0,97.23618,1.2562814,0.2512563,0
2022-07-15 17:40:55,0,0,0.5025126,0,0,97.98995,1.2562814,0,0
2022-07-15 17:40:54,0,0,0.4987531,0,0,97.25686,1.2468828,0.2493766,0
2022-07-15 17:40:53,0,0,0.5,0.25,0,97.5,1.5,0,0
2022-07-15 17:40:52,0,0,0.5012531,0,0,97.74436,1.2531328,0,0
2022-07-15 17:40:51,0,0,0.7537688,0.5025126,0,96.48241,1.2562814,0,0
2022-07-15 17:40:50,0,0,0.2493766,0,0,98.00499,1.2468828,0.2493766,0
2022-07-15 17:40:49,0,0,2.005013,0,0,95.98997,1.2531328,0,0
2022-07-15 17:40:48,0,0,1.2376238,0.2475248,0,96.0396,1.732673,0.4950495,0
2022-07-15 17:40:47,0,0,1.763224,0.2518892,0,95.96977,1.2594458,0,0
2022-07-15 17:40:46,0,0,1.4962594,0.4987531,0,96.25935,0.9975062,0.2493766,0
2022-07-15 17:40:45,0,0,2.01005,0.5025126,0,95.22613,1.0050251,0.2512563,0
2022-07-15 17:40:44,0,0,1.2437811,0.2487562,0,96.26866,1.4925373,0.2487562,0
2022-07-15 17:40:43,0,0,2.261307,0,0,95.9799,1.5075377,0,0
2022-07-15 17:40:42,0,0,2.487562,0,0,95.27363,1.4925373,0,0
2022-07-15 17:40:41,0,0,3.015075,0.2512563,0,94.72362,1.2562814,0,0
2022-07-15 17:40:40,0,0,2.506266,0,0,95.73935,1.2531328,0,0
2022-07-15 17:40:39,0,0,2.756892,0.5012531,0,93.98496,1.5037594,0,0.2506266
2022-07-15 17:40:38,0,0,2.75,0,0,95.25,1.25,0.25,0
2022-07-15 17:40:37,0,0,3.75,0.5,0,94,1.25,0,0
2022-07-15 17:40:36,0,0,3.5,0.25,0,94.75,1.25,0,0
2022-07-15 17:40:35,0,0,4,0,0,93.5,1.75,0,0
2022-07-15 17:40:34,0,0,3.25,0,0,95.25,1,0.25,0
2022-07-15 17:40:33,0,0,3.990025,0,0,93.76559,1.4962594,0,0
2022-07-15 17:40:32,0,0,3.5,0.25,0,95.25,0.75,0,0
2022-07-15 17:40:31,0,0,4.25,0,0,93.5,1.25,0.25,0
2022-07-15 17:40:30,0,0,4.25,0.25,0,92.5,2,0,0.25
2022-07-15 17:40:29,0,0,5.236908,0,0,92.5187,1.4962594,0.2493766,0
2022-07-15 17:40:28,0,0,4.030227,0.2518892,0,93.45088,1.763224,0,0
2022-07-15 17:40:27,0,0,5.486284,0.2493766,0,91.77057,1.995012,0.2493766,0
2022-07-15 17:40:26,0,0,6,0,0,91.75,1.5,0.25,0.25
2022-07-15 17:40:25,0,0,3.75,0.25,0,94.25,1,0,0
2022-07-15 17:40:24,0,0,4.466501,0,0,93.30025,1.2406948,0.248139,0
2022-07-15 17:40:23,0,0,5,0.25,0,93,1.25,0.25,0
2022-07-15 17:40:22,0,0,4.271357,0.5025126,0,93.71859,1.2562814,0,0
2022-07-15 17:40:21,0,0,4.987531,0,0,92.76808,1.2468828,0.2493766,0
2022-07-15 17:40:20,0,0,4.534005,0.2518892,0,93.95466,0.7556675,0,0
2022-07-15 17:40:19,0,0,5.75,0,0,90.25,2.5,0,0.5
2022-07-15 17:40:18,0,0,3.731343,0.2487562,0,94.27861,1.4925373,0,0
2022-07-15 17:40:17,0,0,4,0,0,94,0.75,0.25,0
2022-07-15 17:40:16,0,0,4.545455,0.2525253,0,92.67677,1.767677,0.2525253,0
2022-07-15 17:40:15,0,0,4.488778,0.2493766,0,94.01496,0.9975062,0,0
2022-07-15 17:40:14,0,0,5.236908,0,0,92.76808,1.4962594,0,0
2022-07-15 17:40:13,0,0,5.025126,0,0,92.21106,1.2562814,0.2512563,0.2512563
2022-07-15 17:40:12,0,0,3.491272,0.2493766,0,94.26434,0.9975062,0.4987531,0
2022-07-15 17:40:11,0,0,6.532663,0,0,91.45729,1.758794,0,0
2022-07-15 17:40:10,0,0,4.773869,0.2512563,0,92.71357,2.01005,0,0.2512563
2022-07-15 17:40:09,0,0,5.25,0,0,91.25,1.75,0.25,0.75
2022-07-15 17:40:08,0,0,3.9801,0.2487562,0,93.53234,1.4925373,0.2487562,0.2487562
2022-07-15 17:40:07,0,0,5.735661,0.2493766,0,89.77556,1.4962594,0.2493766,1.4962594
2022-07-15 17:40:06,0,0,1.754386,0,0,95.98997,1.5037594,0.2506266,0.2506266
2022-07-15 17:40:05,0,0,5.223881,0.4975124,0,91.79104,1.741294,0.2487562,0
2022-07-15 17:40:04,0,0,4.545455,0.2525253,0,92.67677,2.272727,0,0
2022-07-15 17:40:03,0,0,4.738155,0.4987531,0,92.76808,1.2468828,0.2493766,0
2022-07-15 17:40:02,0,0,5,0,0,92.5,2,0,0.25
2022-07-15 17:40:01,0,0,4.5,0.25,0,93.25,1.25,0.5,0
2022-07-15 17:40:00,0,0,5.25,0,0,92.75,1,0.25,0
2022-07-15 17:39:59,0,0,4.239401,0,0,93.26683,1.4962594,0.2493766,0
2022-07-15 17:39:58,0,0,4.488778,0.2493766,0,93.01746,1.4962594,0.2493766,0
2022-07-15 17:39:57,0,0,4.534005,0,0,93.45088,1.763224,0,0
2022-07-15 17:39:56,0,0,4.773869,0.2512563,0,92.46231,1.5075377,0.5025126,0
2022-07-15 17:39:55,0,0,4.466501,0.248139,0,92.80397,1.985112,0,0
2022-07-15 17:39:54,0,0,4.761905,0.2506266,0,92.98246,1.754386,0,0
2022-07-15 17:39:53,0,0,5.472637,0.2487562,0,90.54726,2.736318,0.2487562,0.2487562
2022-07-15 17:39:52,0,0,3.526448,0.2518892,0,94.45844,1.2594458,0,0
2022-07-15 17:39:51,0,0,4.511278,0,0,92.98246,1.5037594,0.2506266,0
2022-07-15 17:39:50,0,0,4.260652,0.2506266,0,93.73434,1.2531328,0.2506266,0
2022-07-15 17:39:49,0,0,5.25,0.25,0,92.75,1.25,0,0
2022-07-15 17:39:48,0,0,5.5,0.25,0,91.75,1.75,0.25,0
2022-07-15 17:39:47,0,0,4.239401,0.2493766,0,93.76559,0.9975062,0,0
2022-07-15 17:39:46,0,0,3.517588,0,0,94.47236,1.2562814,0.2512563,0
2022-07-15 17:39:45,0,0,4.738155,0.4987531,0,92.76808,1.2468828,0.4987531,0
2022-07-15 17:39:44,0,0,4.773869,0.5025126,0,92.96482,1.5075377,0,0
2022-07-15 17:39:43,0,0,4.260652,0.2506266,0,93.23308,1.0025063,0,0
2022-07-15 17:39:42,0,0,4.761905,0,0,93.23308,1.2531328,0.2506266,0
2022-07-15 17:39:41,0,0,4.773869,0.5025126,0,90.45226,1.5075377,0.2512563,1.0050251
2022-07-15 17:39:40,0,0,4.010025,0.2506266,0,93.98496,1.2531328,0,0
2022-07-15 17:39:39,0,0,4.5,0.25,0,93,1.5,0.25,0
2022-07-15 17:39:38,0,0,5.236908,0.2493766,0,92.5187,1.4962594,0,0
2022-07-15 17:39:37,0,0,4.228856,0,0,93.53234,1.2437811,0.4975124,0
2022-07-15 17:39:36,0,0,5.025126,0,0,93.71859,1.0050251,0,0
2022-07-15 17:39:35,0,0,4.239401,0,0,93.51621,0.9975062,0.4987531,0
2022-07-15 17:39:34,0,0,5,0.25,0,92.25,1.75,0,0.25
2022-07-15 17:39:33,0,0,4.260652,0.2506266,0,92.98246,1.5037594,0,0.2506266
2022-07-15 17:39:32,0,0,4.534005,0,0,92.9471,1.2594458,0.2518892,0
2022-07-15 17:39:31,0,0,4.726368,0,0,93.53234,1.2437811,0,0
2022-07-15 17:39:30,0,0,4.488778,0.2493766,0,92.26933,1.745636,0.7481297,0
2022-07-15 17:39:29,0,0,4.773869,0,0,93.21608,1.5075377,0.2512563,0
2022-07-15 17:39:28,0,0,4.522613,0.2512563,0,93.96985,1.0050251,0,0
2022-07-15 17:39:27,0,0,4.975124,0.2487562,0,93.03483,1.2437811,0.2487562,0
2022-07-15 17:39:26,0,0,5,0.25,0,92.25,1.5,0.25,0
2022-07-15 17:39:25,0,0,3.990025,0,0,94.26434,0.9975062,0.2493766,0
2022-07-15 17:39:24,0,0,4.75,0,0,93.25,1.25,0.25,0
2022-07-15 17:39:23,0,0,4.987531,0.4987531,0,92.5187,1.2468828,0.4987531,0
2022-07-15 17:39:22,0,0,6.25,0,0,91,1.75,0.25,0.25
2022-07-15 17:39:21,0,0,3.508772,0.5012531,0,93.73434,1.2531328,0,0
2022-07-15 17:39:20,0,0,3.740648,0.2493766,0,93.76559,1.745636,0,0.2493766
2022-07-15 17:39:19,0,0,4.773869,0,0,93.21608,1.5075377,0.2512563,0
2022-07-15 17:39:18,0,0,4.477612,0.2487562,0,93.03483,1.2437811,0.4975124,0
2022-07-15 17:39:17,0,0,4.738155,0.4987531,0,92.5187,1.4962594,0.2493766,0
2022-07-15 17:39:16,0,0,4.987531,0.2493766,0,92.01995,1.995012,0,0
2022-07-15 17:39:15,0,0,5.486284,0,0,91.02244,1.995012,0.2493766,0.2493766
2022-07-15 17:39:14,0,0,3.75,0.5,0,94,1.25,0,0
2022-07-15 17:39:13,0,0,4.773869,0,0,93.21608,1.5075377,0,0
2022-07-15 17:39:12,0,0,4.950495,0.2475248,0,92.07921,1.4851485,0.4950495,0
2022-07-15 17:39:11,0,0,4.522613,0,0,93.71859,1.2562814,0,0
2022-07-15 17:39:10,0,0,4.987531,0.4987531,0,92.01995,1.4962594,0.2493766,0
2022-07-15 17:39:09,0,0,4.5,0,0,93.5,1.5,0,0
2022-07-15 17:39:08,0,0,4.738155,0.4987531,0,92.76808,1.4962594,0.2493766,0
2022-07-15 17:39:07,0,0,4.75,0,0,90.25,2,0.25,1.5
2022-07-15 17:39:06,0,0,4.25,0.25,0,94.25,0.75,0.25,0
2022-07-15 17:39:05,0,0,5.025126,0,0,92.96482,1.0050251,0.2512563,0.2512563
2022-07-15 17:39:04,0,0,4.5,0.25,0,92.75,1.5,0.25,0
2022-07-15 17:39:03,0,0,4.987531,0,0,92.76808,1.4962594,0.2493766,0
2022-07-15 17:39:02,0,0,4.75,0.25,0,93.5,1.25,0,0
2022-07-15 17:39:01,0,0,4.522613,0.2512563,0,93.21608,1.2562814,0.5025126,0
2022-07-15 17:39:00,0,0,5.025126,0.2512563,0,92.71357,1.0050251,0,0
2022-07-15 17:38:59,0,0,4.466501,0.248139,0,92.55583,1.736973,0.248139,0
2022-07-15 17:38:58,0,0,4.260652,0.2506266,0,93.48371,1.5037594,0.2506266,0
2022-07-15 17:38:57,0,0,5,0.25,0,92.5,1.75,0,0
2022-07-15 17:38:56,0,0,5.25,0.25,0,92.5,1.75,0,0
2022-07-15 17:38:55,0,0,4.726368,0.2487562,0,92.53731,1.4925373,0.2487562,0.2487562
2022-07-15 17:38:54,0,0,3.5,0.25,0,95.25,0.75,0,0
2022-07-15 17:38:53,0,0,4.761905,0.2506266,0,92.73183,1.5037594,0.2506266,0
2022-07-15 17:38:52,0,0,4.987531,0,0,92.26933,1.745636,0.2493766,0
2022-07-15 17:38:51,0,0,4.5,0.25,0,93.25,1,0.5,0
2022-07-15 17:38:50,0,0,4.761905,0.2506266,0,92.98246,1.2531328,0,0
2022-07-15 17:38:49,0,0,5.472637,0,0,92.28856,1.4925373,0.2487562,0
2022-07-15 17:38:48,0,0,4,0.25,0,94.25,1.25,0,0
2022-07-15 17:38:47,0,0,4.761905,0,0,93.23308,1.2531328,0.2506266,0
2022-07-15 17:38:46,0,0,5.012531,0.2506266,0,92.98246,1.2531328,0.2506266,0
2022-07-15 17:38:45,0,0,4.488778,0.2493766,0,93.26683,1.2468828,0,0
2022-07-15 17:38:44,0,0,4.975124,0,0,92.53731,1.741294,0,0
2022-07-15 17:38:43,0,0,4.761905,0.2506266,0,93.48371,0.7518797,0.2506266,0
2022-07-15 17:38:42,0,0,4.5,0.25,0,92.25,2.25,0.25,0
2022-07-15 17:38:41,0,0,5.5,0.25,0,92,1.5,0.25,0
2022-07-15 17:38:40,0,0,4.020101,0.2512563,0,94.22111,1.0050251,0,0
2022-07-15 17:38:39,0,0,4.761905,0,0,93.23308,1.2531328,0.2506266,0
2022-07-15 17:38:38,0,0,4.5,0.25,0,93.75,1.25,0,0
2022-07-15 17:38:37,0,0,4.75,0.25,0,93,1.5,0.25,0
2022-07-15 17:38:36,0,0,4.488778,0.4987531,0,93.26683,0.9975062,0.2493766,0
2022-07-15 17:38:35,0,0,4.75,0.25,0,92.5,1.75,0.25,0
2022-07-15 17:38:34,0,0,4.522613,0,0,91.70854,1.758794,0.5025126,0.2512563
2022-07-15 17:38:33,0,0,4.218362,0.248139,0,93.79653,1.2406948,0,0
2022-07-15 17:38:32,0,0,4.522613,0,0,92.96482,1.2562814,0.5025126,0
2022-07-15 17:38:31,0,0,4.5,0.25,0,92.75,1.25,0.25,0.25
2022-07-15 17:38:30,0,0,5.236908,0.2493766,0,92.5187,1.2468828,0.2493766,0
2022-07-15 17:38:29,0,0,5.25,0.5,0,92,1.25,0,0.25
2022-07-15 17:38:28,0,0,3.75,0.5,0,94,1.25,0.25,0
2022-07-15 17:38:27,0,0,4.228856,0,0,93.53234,1.741294,0,0
2022-07-15 17:38:26,0,0,5.263158,0.2506266,0,92.98246,1.0025063,0,0
2022-07-15 17:38:25,0,0,4.5,0,0,93.25,1.5,0.25,0
2022-07-15 17:38:24,0,0,4.75,0,0,93.5,1,0.25,0
2022-07-15 17:38:23,0,0,5.5,0.25,0,91.5,2.5,0,0
2022-07-15 17:38:22,0,0,3.75,0.25,0,91.75,1.5,0.25,1.25
2022-07-15 17:38:21,0,0,4.75,0.25,0,92.75,1.5,0,0
2022-07-15 17:38:20,0,0,4.488778,0.2493766,0,93.01746,1.995012,0,0
2022-07-15 17:38:19,0,0,5.012531,0,0,93.23308,1.0025063,0.2506266,0.2506266
2022-07-15 17:38:18,0,0,4.455446,0.2475248,0,93.31683,1.4851485,0,0
2022-07-15 17:38:17,0,0,5.037783,0,0,93.19899,1.2594458,0.2518892,0
2022-07-15 17:38:16,0,0,4.738155,0.4987531,0,92.26933,1.745636,0.2493766,0
2022-07-15 17:38:15,0,0,5.236908,0.2493766,0,92.26933,1.2468828,0.2493766,0
2022-07-15 17:38:14,0,0,3.9801,0,0,93.78109,1.4925373,0.2487562,0
2022-07-15 17:38:13,0,0,4.522613,0.5025126,0,93.21608,1.5075377,0,0
2022-07-15 17:38:12,0,0,5,0,0,92.75,1.5,0.25,0
2022-07-15 17:38:11,0,0,4.25,0,0,93.25,1.75,0.25,0
2022-07-15 17:38:10,0,0,5.513784,0.2506266,0,92.23058,1.5037594,0.2506266,0
2022-07-15 17:38:09,0,0,4.25,0.25,0,93.5,1.25,0,0
2022-07-15 17:38:08,0,0,5.486284,0.2493766,0,91.27182,1.4962594,0.2493766,0.2493766
2022-07-15 17:38:07,0,0,4.020101,0.2512563,0,93.71859,1.5075377,0.2512563,0
2022-07-15 17:38:06,0,0,4.511278,0.2506266,0,93.23308,1.754386,0,0
2022-07-15 17:38:05,0,0,5.472637,0,0,92.28856,1.2437811,0.4975124,0
2022-07-15 17:38:04,0,0,4.511278,0,0,93.48371,1.5037594,0,0
2022-07-15 17:38:03,0,0,5.721393,0.4975124,0,91.29353,1.2437811,0.2487562,0
2022-07-15 17:38:02,0,0,3.526448,0,0,94.45844,1.511335,0,0
2022-07-15 17:38:01,0,0,4.545455,0,0,93.18182,1.5151515,0.2525253,0
2022-07-15 17:38:00,0,0,4.466501,0.248139,0,92.80397,1.985112,0.248139,0
2022-07-15 17:37:59,0,0,5,0.25,0,91.75,2.25,0.25,0
2022-07-15 17:37:58,0,0,4.511278,0.2506266,0,92.98246,1.5037594,0.2506266,0
2022-07-15 17:37:57,0,0,4.738155,0.2493766,0,93.51621,0.9975062,0,0
2022-07-15 17:37:56,0,0,4.761905,0.2506266,0,92.4812,1.2531328,0.2506266,0
2022-07-15 17:37:55,0,0,4.25,0.5,0,94,1,0,0
2022-07-15 17:37:54,0,0,5.012531,0.2506266,0,92.73183,1.2531328,0.2506266,0
2022-07-15 17:37:53,0,0,4.488778,0,0,93.01746,1.745636,0.2493766,0
2022-07-15 17:37:52,0,0,4.75,0.25,0,93.75,1,0,0
2022-07-15 17:37:51,0,0,4.773869,0,0,92.96482,1.5075377,0.2512563,0
2022-07-15 17:37:50,0,0,4.522613,0.2512563,0,91.9598,2.01005,0.2512563,0
2022-07-15 17:37:49,0,0,5.236908,0,0,93.01746,1.2468828,0,0
2022-07-15 17:37:48,0,0,3.778338,0,0,93.95466,1.763224,0,0
2022-07-15 17:37:47,0,0,4.71464,0,0,93.79653,0.9925558,0,0
2022-07-15 17:37:46,0,0,4.5,0,0,93.5,1.25,0.25,0
2022-07-15 17:37:45,0,0,4.522613,0,0,94.47236,0.5025126,0.2512563,0
2022-07-15 17:37:44,0,0,4.761905,0.2506266,0,93.48371,1.2531328,0,0
2022-07-15 17:37:43,0,0,4.466501,0,0,93.30025,1.2406948,0.4962779,0
2022-07-15 17:37:42,0,0,5.236908,0.2493766,0,91.27182,1.4962594,0.2493766,0.2493766
2022-07-15 17:37:41,0,0,3.797468,0,0,94.43038,1.2658228,0,0
2022-07-15 17:37:40,0,0,4.70297,0.2475248,0,92.07921,1.980198,0.2475248,0
2022-07-15 17:37:39,0,0,4.511278,0.2506266,0,92.98246,1.5037594,0,0
2022-07-15 17:37:38,0,0,5,0,0,92.5,1.75,0.25,0
2022-07-15 17:37:37,0,0,5.472637,0.2487562,0,90.79602,1.99005,0.2487562,0
2022-07-15 17:37:36,0,0,4.030227,0,0,93.19899,2.267003,0,0
2022-07-15 17:37:35,0,0,4.488778,0.2493766,0,93.01746,1.4962594,0,0
2022-07-15 17:37:34,0,0,5,0.25,0,92.75,1.25,0.25,0
2022-07-15 17:37:33,0,0,4.511278,0,0,93.48371,1.5037594,0,0
2022-07-15 17:37:32,0,0,5.223881,0.2487562,0,92.0398,1.4925373,0.2487562,0
2022-07-15 17:37:31,0,0,4.25,0,0,94.25,1,0.25,0
2022-07-15 17:37:30,0,0,5,0,0,90.75,1.25,0.25,2.25
2022-07-15 17:37:29,0,0,3.75,0.25,0,93.75,1.75,0.25,0
2022-07-15 17:37:28,0,0,5.263158,0,0,92.23058,1.754386,0,0.2506266
2022-07-15 17:37:27,0,0,4.726368,0.4975124,0,91.79104,1.741294,0.2487562,0
2022-07-15 17:37:26,0,0,5.236908,0,0,93.26683,0.9975062,0,0
2022-07-15 17:37:25,0,0,4.785894,0,0,93.19899,1.511335,0,0
2022-07-15 17:37:24,0,0,5.236908,0,0,92.26933,1.4962594,0.2493766,0
2022-07-15 17:37:23,0,0,5.5,0.25,0,92,1.25,0.25,0
2022-07-15 17:37:22,0,0,4.25,0,0,94,1.25,0,0
2022-07-15 17:37:21,0,0,4.738155,0.2493766,0,92.5187,1.2468828,0.4987531,0.2493766
2022-07-15 17:37:20,0,0,5.289673,0.5037783,0,91.43577,1.763224,0.5037783,0
2022-07-15 17:37:19,0,0,4.75,0.25,0,92.5,2,0,0
2022-07-15 17:37:18,0,0,4.75,0,0,93,1.5,0.25,0
2022-07-15 17:37:17,0,0,4.962779,0.248139,0,92.55583,1.4888337,0.248139,0.248139
2022-07-15 17:37:16,0,0,5.527638,0.5025126,0,91.70854,1.2562814,0,0.2512563
2022-07-15 17:37:15,0,0,4.239401,0,0,93.51621,1.2468828,0.2493766,0
2022-07-15 17:37:14,0,0,4.75,0.5,0,92,1.75,0.5,0
2022-07-15 17:37:13,0,0,4.75,0.5,0,92.5,2,0,0
2022-07-15 17:37:12,0,0,4.761905,0.2506266,0,91.97995,2.255639,0,0.2506266
2022-07-15 17:37:11,0,0,6.5,0.25,0,90.25,1,0.25,1
2022-07-15 17:37:10,0,0,3.75,0,0,94,1.25,0.25,0
2022-07-15 17:37:09,0,0,4.282116,0.2518892,0,93.95466,1.2594458,0,0
2022-07-15 17:37:08,0,0,5.037783,0.2518892,0,92.44332,1.763224,0,0
2022-07-15 17:37:07,0,0,4.987531,0.2493766,0,91.77057,2.244389,0.4987531,0
2022-07-15 17:37:06,0,0,5.5,0.5,0,91.5,1.5,0.25,0.5
2022-07-15 17:37:05,0,0,5.263158,0.2506266,0,92.4812,1.5037594,0.2506266,0
2022-07-15 17:37:04,0,0,5.025126,0,0,92.46231,1.5075377,0,0.2512563
2022-07-15 17:37:03,0,0,4.239401,0.2493766,0,93.51621,1.4962594,0.2493766,0
2022-07-15 17:37:02,0,0,4.738155,0.2493766,0,93.26683,1.4962594,0,0
2022-07-15 17:37:01,0,0,4.75,0.25,0,93.5,1,0,0
2022-07-15 17:37:00,0,0,5.276382,0.5025126,0,91.70854,1.758794,0.2512563,0
2022-07-15 17:36:59,0,0,4.75,0.25,0,92.75,1.75,0,0
2022-07-15 17:36:58,0,0,4.987531,0.2493766,0,92.26933,1.745636,0.2493766,0
2022-07-15 17:36:57,0,0,5.263158,0,0,92.73183,1.5037594,0,0
2022-07-15 17:36:56,0,0,4.260652,0.2506266,0,93.48371,1.5037594,0.2506266,0
2022-07-15 17:36:55,0,0,4.726368,0.2487562,0,92.53731,1.4925373,0.2487562,0.2487562
2022-07-15 17:36:54,0,0,4.761905,0.2506266,0,92.98246,1.0025063,0.2506266,0
2022-07-15 17:36:53,0,0,4.975124,0,0,93.53234,0.9950249,0,0
2022-07-15 17:36:52,0,0,4.761905,0,0,93.23308,1.5037594,0,0
2022-07-15 17:36:51,0,0,4.785894,0,0,92.69521,1.763224,0.2518892,0
2022-07-15 17:36:50,0,0,5.735661,0,0,92.26933,1.4962594,0,0
2022-07-15 17:36:49,0,0,4.020101,0.5025126,0,93.96985,0.7537688,0,0
2022-07-15 17:36:48,0,0,4.987531,0.2493766,0,93.26683,0.7481297,0.2493766,0.2493766
2022-07-15 17:36:47,0,0,4.282116,0,0,94.20655,1.0075567,0,0
2022-07-15 17:36:46,0,0,5.472637,0.2487562,0,92.28856,1.2437811,0.2487562,0
2022-07-15 17:36:45,0,0,6.030151,0.2512563,0,91.45729,1.0050251,0,0.5025126
2022-07-15 17:36:44,0,0,4.239401,0,0,93.26683,1.4962594,0.2493766,0
2022-07-15 17:36:43,0,0,3.75,0.25,0,94.25,1.25,0.25,0
2022-07-15 17:36:42,0,0,5.263158,0,0,92.73183,1.0025063,0.2506266,0
2022-07-15 17:36:41,0,0,4.271357,0.5025126,0,93.21608,1.758794,0,0
2022-07-15 17:36:40,0,0,5.210918,0.248139,0,92.30769,1.736973,0,0
2022-07-15 17:36:39,0,0,4.773869,0.5025126,0,92.71357,1.5075377,0.2512563,0
2022-07-15 17:36:38,0,0,5,0.25,0,91.25,1.25,0.25,0.5
2022-07-15 17:36:37,0,0,4.010025,0.2506266,0,93.73434,1.2531328,0.2506266,0
2022-07-15 17:36:36,0,0,5.012531,0.5012531,0,92.4812,1.754386,0,0
2022-07-15 17:36:35,0,0,4.987531,0,0,92.01995,1.2468828,0.4987531,0
2022-07-15 17:36:34,0,0,5.012531,0,0,92.98246,1.2531328,0,0
2022-07-15 17:36:33,0,0,4.239401,0.2493766,0,92.76808,1.745636,0.2493766,0
2022-07-15 17:36:32,0,0,5.263158,0,0,92.73183,1.2531328,0.2506266,0
2022-07-15 17:36:31,0,0,5.289673,0.2518892,0,92.19144,1.511335,0,0
2022-07-15 17:36:30,0,0,4.228856,0.2487562,0,92.28856,0.9950249,0.2487562,0.9950249
2022-07-15 17:36:29,0,0,4.75,0.25,0,92.25,1.75,0.25,0
2022-07-15 17:36:28,0,0,4.726368,0.2487562,0,92.78607,1.4925373,0.2487562,0
2022-07-15 17:36:27,0,0,4.987531,0.2493766,0,92.76808,1.745636,0,0
2022-07-15 17:36:26,0,0,4.761905,0.5012531,0,92.4812,1.5037594,0.2506266,0
2022-07-15 17:36:25,0,0,4.975124,0.2487562,0,93.03483,1.2437811,0.2487562,0
2022-07-15 17:36:24,0,0,5,0.25,0,93.5,1,0,0
2022-07-15 17:36:23,0,0,5.012531,0,0,92.73183,1.5037594,0.2506266,0
2022-07-15 17:36:22,0,0,4.5,0.25,0,93.25,1.25,0.25,0
2022-07-15 17:36:21,0,0,4.75,0.25,0,93.5,1,0,0
2022-07-15 17:36:20,0,0,4.761905,0.2506266,0,93.23308,0.7518797,0.2506266,0
2022-07-15 17:36:19,0,0,6.516291,0.2506266,0,90.47619,2.005013,0.2506266,0.2506266
2022-07-15 17:36:18,0,0,3.491272,0.2493766,0,93.26683,1.745636,0,0
2022-07-15 17:36:17,0,0,4.5,0,0,91,4,0,0
2022-07-15 17:36:16,0,0,4.534005,0,0,93.19899,1.2594458,0.5037783,0
2022-07-15 17:36:15,0,0,5.764411,0.2506266,0,91.97995,1.5037594,0.2506266,0
2022-07-15 17:36:14,0,0,4.75,0.25,0,93,1.25,0.25,0
2022-07-15 17:36:13,0,0,4.975124,0.2487562,0,92.78607,1.2437811,0.2487562,0
2022-07-15 17:36:12,0,0,5.985037,0.4987531,0,90.52369,1.995012,0.2493766,0
2022-07-15 17:36:11,0,0,5.037783,0.2518892,0,89.42065,2.267003,0,1.763224
2022-07-15 17:36:10,0,0,4.25,0.25,0,93.5,1.5,0.25,0
2022-07-15 17:36:09,0,0,3.759398,0,0,94.98747,0.5012531,0.2506266,0.2506266
2022-07-15 17:36:08,0,0,4.5,0.25,0,93,1.25,0.25,0.25
2022-07-15 17:36:07,0,0,4.511278,0.5012531,0,93.23308,1.5037594,0,0.2506266
2022-07-15 17:36:06,0,0,4.228856,0.2487562,0,93.03483,1.4925373,0.2487562,0.2487562
2022-07-15 17:36:05,0,0,5.236908,0,0,92.5187,1.4962594,0.2493766,0
2022-07-15 17:36:04,0,0,4.545455,0.2525253,0,92.92929,1.767677,0,0
2022-07-15 17:36:03,0,0,4.726368,0.2487562,0,92.28856,1.741294,0.2487562,0
2022-07-15 17:36:02,0,0,4.761905,0.2506266,0,92.73183,1.754386,0,0
2022-07-15 17:36:01,0,0,4.761905,0,0,93.48371,1.2531328,0.2506266,0
2022-07-15 17:36:00,0,0,4.75,0.25,0,93.25,1,0,0
2022-07-15 17:35:59,0,0,4.75,0,0,93.25,1.25,0.5,0
2022-07-15 17:35:58,0,0,5.037783,0.2518892,0,92.9471,1.511335,0,0
2022-07-15 17:35:57,0,0,4.738155,0,0,92.5187,1.745636,0,0
2022-07-15 17:35:56,0,0,4.738155,0.2493766,0,92.26933,2.244389,0.2493766,0
2022-07-15 17:35:55,0,0,4.522613,0.2512563,0,92.96482,1.5075377,0,0
2022-07-15 17:35:54,0,0,5,0,0,93,1.25,0,0.25
2022-07-15 17:35:53,0,0,4.75,0.25,0,92,2,0,0
2022-07-15 17:35:52,0,0,4.975124,0.2487562,0,90.79602,1.99005,0.2487562,0.9950249
2022-07-15 17:35:51,0,0,4.303797,0,0,93.67089,1.2658228,0,0
2022-07-15 17:35:50,0,0,4.71464,0.4962779,0,93.30025,1.2406948,0,0
2022-07-15 17:35:49,0,0,5.012531,0,0,92.73183,1.5037594,0.2506266,0
2022-07-15 17:35:48,0,0,4.5,0.25,0,93.25,1.5,0,0
2022-07-15 17:35:47,0,0,4.987531,0,0,93.51621,0.9975062,0,0
2022-07-15 17:35:46,0,0,5.513784,0.2506266,0,89.72431,2.005013,0.2506266,1.0025063
2022-07-15 17:35:45,0,0,4.5,0.25,0,94,0.75,0.25,0
2022-07-15 17:35:44,0,0,4.987531,0.2493766,0,93.51621,0.7481297,0,0
2022-07-15 17:35:43,0,0,4.773869,0.2512563,0,92.46231,1.758794,0.2512563,0
2022-07-15 17:35:42,0,0,4.761905,0,0,93.98496,1.0025063,0,0
2022-07-15 17:35:41,0,0,5,0.25,0,93,1.25,0.25,0
2022-07-15 17:35:40,0,0,4.511278,0,0,93.73434,1.5037594,0,0
2022-07-15 17:35:39,0,0,6.015038,0.2506266,0,91.4787,1.5037594,0.5012531,0
2022-07-15 17:35:38,0,0,3.970223,0.248139,0,91.56328,1.2406948,0.248139,0.7444169
2022-07-15 17:35:37,0,0,5.025126,0,0,91.9598,2.01005,0.2512563,0
2022-07-15 17:35:36,0,0,4.761905,0.2506266,0,93.48371,1.0025063,0.2506266,0
2022-07-15 17:35:35,0,0,5,0,0,93,1.5,0,0
2022-07-15 17:35:34,0,0,4.738155,0,0,92.76808,1.995012,0.2493766,0
2022-07-15 17:35:33,0,0,5,0.25,0,92.5,1.5,0,0
2022-07-15 17:35:32,0,0,4.761905,0.2506266,0,93.23308,1.2531328,0.2506266,0
2022-07-15 17:35:31,0,0,5.037783,0.2518892,0,91.43577,1.763224,0.2518892,0
2022-07-15 17:35:30,0,0,4.260652,0,0,94.23559,1.2531328,0,0
2022-07-15 17:35:29,0,0,4.488778,0.2493766,0,93.26683,1.2468828,0,0
2022-07-15 17:35:28,0,0,5.012531,0.2506266,0,92.98246,1.0025063,0.5012531,0
2022-07-15 17:35:27,0,0,4.75,0,0,93,1.25,0,0.25
2022-07-15 17:35:26,0,0,4.785894,0.5037783,0,92.44332,1.2594458,0.2518892,0
2022-07-15 17:35:25,0,0,3.9801,0.2487562,0,93.53234,1.741294,0,0
2022-07-15 17:35:24,0,0,4.738155,0,0,93.76559,0.9975062,0.2493766,0
2022-07-15 17:35:23,0,0,4.773869,0.2512563,0,92.71357,1.758794,0,0
2022-07-15 17:35:22,0,0,4.511278,0.2506266,0,93.23308,1.5037594,0,0.2506266
2022-07-15 17:35:21,0,0,4.987531,0.4987531,0,91.77057,1.745636,0.2493766,0
2022-07-15 17:35:20,0,0,5.75,0.25,0,91.75,1.5,0,0
2022-07-15 17:35:19,0,0,3.491272,0.2493766,0,94.26434,1.2468828,0.2493766,0
2022-07-15 17:35:18,0,0,5.025126,0,0,92.96482,1.2562814,0,0
2022-07-15 17:35:17,0,0,4.218362,0.4962779,0,93.05211,1.736973,0.248139,0
2022-07-15 17:35:16,0,0,5.050505,0,0,92.67677,1.5151515,0.2525253,0
2022-07-15 17:35:15,0,0,4.218362,0.4962779,0,93.79653,1.2406948,0,0
2022-07-15 17:35:14,0,0,5.025126,0,0,93.21608,1.2562814,0,0
2022-07-15 17:35:13,0,0,4.239401,0,0,94.01496,1.2468828,0.2493766,0
2022-07-15 17:35:12,0,0,5.472637,0.4975124,0,91.04478,1.2437811,0.2487562,0
2022-07-15 17:35:11,0,0,3.759398,0,0,94.73684,1.0025063,0,0
2022-07-15 17:35:10,0,0,4.5,0,0,93.25,1,0.5,0
2022-07-15 17:35:09,0,0,5.289673,0.2518892,0,93.19899,1.0075567,0,0
2022-07-15 17:35:08,0,0,4.25,0.25,0,94,0.75,0.25,0
2022-07-15 17:35:07,0,0,4.975124,0.2487562,0,92.53731,1.741294,0,0
2022-07-15 17:35:06,0,0,4.25,0,0,93.5,1.75,0.25,0
2022-07-15 17:35:05,0,0,6.25,0.25,0,90,2.25,0.25,0.25
2022-07-15 17:35:04,0,0,3.508772,0,0,94.23559,1.754386,0.2506266,0
2022-07-15 17:35:03,0,0,5,0.25,0,92.75,1.5,0.25,0
2022-07-15 17:35:02,0,0,4.488778,0.2493766,0,93.01746,1.2468828,0.4987531,0
2022-07-15 17:35:01,0,0,4.545455,0,0,93.18182,1.5151515,0,0
2022-07-15 17:35:00,0,0,5.5,0.25,0,91.75,1,0,0
2022-07-15 17:34:59,0,0,3.75,0,0,94.25,1.5,0,0
2022-07-15 17:34:58,0,0,4.987531,0.2493766,0,91.77057,1.995012,0.2493766,0
2022-07-15 17:34:57,0,0,4.282116,0,0,94.45844,1.0075567,0,0
2022-07-15 17:34:56,0,0,4.738155,0,0,93.51621,1.4962594,0,0
2022-07-15 17:34:55,0,0,4.488778,0.2493766,0,92.76808,1.995012,0,0
2022-07-15 17:34:54,0,0,5.012531,0.2506266,0,92.23058,1.754386,0.2506266,0
2022-07-15 17:34:53,0,0,4.522613,0,0,92.71357,1.5075377,0.2512563,0
2022-07-15 17:34:52,0,0,4.5,0.25,0,93.75,1.5,0,0
2022-07-15 17:34:51,0,0,4.228856,0.4975124,0,92.0398,1.741294,0.2487562,0.2487562
2022-07-15 17:34:50,0,0,4.987531,0,0,92.5187,1.745636,0.2493766,0
2022-07-15 17:34:49,0,0,4.534005,0,0,94.45844,1.0075567,0,0
2022-07-15 17:34:48,0,0,5.012531,0.5012531,0,92.4812,1.5037594,0.2506266,0
2022-07-15 17:34:47,0,0,4.70297,0.2475248,0,92.57426,1.2376238,0,0
2022-07-15 17:34:46,0,0,4.75,0.75,0,90.5,1.5,0.25,1.25
2022-07-15 17:34:45,0,0,4.010025,0,0,94.23559,1.0025063,0.2506266,0
2022-07-15 17:34:44,0,0,4.511278,0.2506266,0,92.98246,1.2531328,0.2506266,0
2022-07-15 17:34:43,0,0,4.477612,0.2487562,0,93.53234,1.4925373,0.2487562,0
2022-07-15 17:34:42,0,0,5.012531,0.2506266,0,93.23308,0.7518797,0,0
2022-07-15 17:34:41,0,0,4.5,0.25,0,92.5,1.5,0.25,0.25
2022-07-15 17:34:40,0,0,4.534005,0.2518892,0,93.70277,0.7556675,0.2518892,0
2022-07-15 17:34:39,0,0,5.721393,0.2487562,0,91.79104,1.4925373,0.2487562,0
2022-07-15 17:34:38,0,0,3.740648,0.4987531,0,93.76559,0.9975062,0.2493766,0
2022-07-15 17:34:37,0,0,4.511278,0.2506266,0,92.98246,1.5037594,0.2506266,0
2022-07-15 17:34:36,0,0,4.488778,0,0,93.26683,1.745636,0.2493766,0
2022-07-15 17:34:35,0,0,5.289673,0.2518892,0,90.17632,2.518892,0.5037783,0.2518892
2022-07-15 17:34:34,0,0,4.975124,0.2487562,0,92.28856,1.2437811,0.2487562,0
2022-07-15 17:34:33,0,0,3.990025,0,0,94.01496,1.4962594,0.2493766,0
2022-07-15 17:34:32,0,0,4.534005,0,0,93.70277,1.0075567,0,0
2022-07-15 17:34:31,0,0,4.534005,0,0,92.69521,1.511335,0.5037783,0
2022-07-15 17:34:30,0,0,4.75,0.25,0,92.75,1.5,0,0
2022-07-15 17:34:29,0,0,4.488778,0,0,93.01746,1.745636,0.4987531,0
2022-07-15 17:34:28,0,0,5,0,0,92.25,2,0.25,0
2022-07-15 17:34:27,0,0,5.263158,0.2506266,0,91.4787,1.754386,0.2506266,0
2022-07-15 17:34:26,0,0,4.5,0,0,94,1,0.25,0
2022-07-15 17:34:25,0,0,4.511278,0.5012531,0,92.73183,1.754386,0,0
2022-07-15 17:34:24,0,0,4.477612,0,0,93.53234,1.2437811,0.2487562,0
2022-07-15 17:34:23,0,0,4.773869,0,0,92.96482,1.5075377,0.2512563,0
2022-07-15 17:34:22,0,0,4.260652,0,0,93.98496,1.2531328,0.2506266,0
2022-07-15 17:34:21,0,0,4.987531,0.2493766,0,92.01995,1.745636,0.2493766,0
2022-07-15 17:34:20,0,0,4.511278,0,0,91.4787,1.0025063,0.2506266,1.5037594
2022-07-15 17:34:19,0,0,4,0.25,0,94,1.5,0,0
2022-07-15 17:34:18,0,0,4.761905,0.2506266,0,92.23058,1.754386,0.2506266,0
2022-07-15 17:34:17,0,0,4.488778,0,0,93.51621,1.2468828,0.2493766,0
2022-07-15 17:34:16,0,0,4.5,0.5,0,92.25,2.25,0,0
2022-07-15 17:34:15,0,0,4.773869,0.2512563,0,92.96482,1.5075377,0.2512563,0
2022-07-15 17:34:14,0,0,4.511278,0,0,93.23308,1.754386,0,0
2022-07-15 17:34:13,0,0,4.488778,0.2493766,0,93.51621,0.7481297,0.2493766,0
2022-07-15 17:34:12,0,0,5.025126,0.2512563,0,92.46231,1.2562814,0,0.2512563
2022-07-15 17:34:11,0,0,3.9801,0.2487562,0,93.03483,1.741294,0.2487562,0
2022-07-15 17:34:10,0,0,5.037783,0,0,92.9471,1.2594458,0.2518892,0
2022-07-15 17:34:09,0,0,4.239401,0.2493766,0,93.76559,0.9975062,0.2493766,0
2022-07-15 17:34:08,0,0,5.5,0,0,91.5,2,0.25,0
2022-07-15 17:34:07,0,0,3.517588,0.2512563,0,94.97487,1.0050251,0,0
2022-07-15 17:34:06,0,0,4.726368,0,0,93.78109,0.7462687,0.2487562,0
2022-07-15 17:34:05,0,0,5.012531,0,0,91.97995,2.506266,0,0
2022-07-15 17:34:04,0,0,4.488778,0.2493766,0,93.76559,0.7481297,0.2493766,0
2022-07-15 17:34:03,0,0,4.738155,0.2493766,0,92.76808,1.4962594,0.2493766,0
2022-07-15 17:34:02,0,0,4.5,0,0,93.5,1.5,0.25,0
2022-07-15 17:34:01,0,0,4.785894,0,0,92.9471,1.0075567,0.2518892,0.2518892
2022-07-15 17:34:00,0,0,4.271357,0,0,93.21608,1.5075377,0.2512563,0
2022-07-15 17:33:59,0,0,5.037783,0.2518892,0,92.9471,1.2594458,0.2518892,0
2022-07-15 17:33:58,0,0,4.488778,0,0,93.26683,1.2468828,0,0
2022-07-15 17:33:57,0,0,4.5,0.5,0,93,1.5,0.25,0
2022-07-15 17:33:56,0,0,5.012531,0,0,92.4812,2.005013,0,0
2022-07-15 17:33:55,0,0,4.488778,0.4987531,0,92.5187,1.745636,0.2493766,0
2022-07-15 17:33:54,0,0,5.263158,0.2506266,0,90.72682,1.754386,0.2506266,0.7518797
2022-07-15 17:33:53,0,0,3.731343,0,0,94.77612,0.9950249,0,0
2022-07-15 17:33:52,0,0,4.271357,0.2512563,0,92.96482,1.5075377,0.2512563,0
2022-07-15 17:33:51,0,0,4.761905,0.2506266,0,92.4812,1.5037594,0.5012531,0
2022-07-15 17:33:50,0,0,4.726368,0.2487562,0,92.28856,1.99005,0.2487562,0
2022-07-15 17:33:49,0,0,4.75,0.25,0,92.5,1.75,0.25,0
2022-07-15 17:33:48,0,0,4.5,0.25,0,93.25,1.5,0.25,0
2022-07-15 17:33:47,0,0,4.773869,0.2512563,0,93.21608,1.5075377,0,0
2022-07-15 17:33:46,0,0,4.761905,0,0,90.72682,2.506266,0.5012531,0.2506266
2022-07-15 17:33:45,0,0,4.010025,0,0,94.48622,1.0025063,0,0
2022-07-15 17:33:44,0,0,4.75,0.25,0,92.5,1.5,0.25,0
2022-07-15 17:33:43,0,0,4.75,0.25,0,92,2,0.5,0
2022-07-15 17:33:42,0,0,4.761905,0.2506266,0,92.73183,1.5037594,0,0
2022-07-15 17:33:41,0,0,4.522613,0,0,93.46734,1.2562814,0,0
2022-07-15 17:33:40,0,0,4.260652,0.2506266,0,93.23308,1.754386,0.2506266,0
2022-07-15 17:33:39,0,0,5.223881,0.4975124,0,92.28856,1.2437811,0.2487562,0
2022-07-15 17:33:38,0,0,4.25,0.25,0,93.75,0.75,0.25,0.25
2022-07-15 17:33:37,0,0,4.987531,0.4987531,0,92.76808,1.2468828,0.2493766,0
2022-07-15 17:33:36,0,0,4.511278,0.2506266,0,92.23058,2.005013,0.5012531,0
2022-07-15 17:33:35,0,0,4.773869,0,0,93.21608,1.2562814,0,0
2022-07-15 17:33:34,0,0,4.477612,0.2487562,0,93.28358,1.2437811,0.2487562,0
2022-07-15 17:33:33,0,0,4.239401,0.2493766,0,94.01496,0.9975062,0.2493766,0
2022-07-15 17:33:32,0,0,5.236908,0.2493766,0,93.26683,0.9975062,0,0
2022-07-15 17:33:31,0,0,4.030227,0,0,94.20655,1.0075567,0.2518892,0
2022-07-15 17:33:30,0,0,5.486284,0.4987531,0,92.5187,1.2468828,0,0
2022-07-15 17:33:29,0,0,4.020101,0,0,93.46734,2.01005,0.2512563,0
2022-07-15 17:33:28,0,0,6.015038,0.2506266,0,90.22556,2.005013,0,0.2506266
2022-07-15 17:33:27,0,0,3.491272,0.2493766,0,94.01496,1.4962594,0.2493766,0
2022-07-15 17:33:26,0,0,4.761905,0,0,92.73183,2.005013,0.2506266,0
2022-07-15 17:33:25,0,0,4.71464,0,0,93.54839,0.9925558,0.248139,0
2022-07-15 17:33:24,0,0,4.522613,0,0,94.22111,0.7537688,0.2512563,0
2022-07-15 17:33:23,0,0,4.975124,0.2487562,0,92.53731,1.2437811,0.4975124,0
2022-07-15 17:33:22,0,0,4.218362,0.4962779,0,93.79653,0.9925558,0.248139,0
2022-07-15 17:33:21,0,0,5.063291,0,0,92.91139,1.5189873,0,0
2022-07-15 17:33:20,0,0,5,0.25,0,91.75,1.75,0.25,0.25
2022-07-15 17:33:19,0,0,4.25,0.75,0,92.5,1.75,0.25,0
2022-07-15 17:33:18,0,0,4.25,0,0,93,2,0.25,0
2022-07-15 17:33:17,0,0,4.773869,0.5025126,0,92.46231,1.758794,0.2512563,0
2022-07-15 17:33:16,0,0,5.486284,0,0,91.02244,1.745636,0.7481297,0.4987531
2022-07-15 17:33:15,0,0,3.990025,0.2493766,0,92.76808,1.2468828,0.2493766,0.7481297
2022-07-15 17:33:14,0,0,4.522613,0,0,93.46734,1.758794,0,0
2022-07-15 17:33:13,0,0,4.5,0,0,93.75,1,0.25,0
2022-07-15 17:33:12,0,0,4.75,0.25,0,92.75,1.25,0.5,0
2022-07-15 17:33:11,0,0,4.738155,0.2493766,0,93.76559,0.4987531,0.2493766,0
2022-07-15 17:33:10,0,0,4.761905,0.2506266,0,93.73434,1.0025063,0,0
2022-07-15 17:33:09,0,0,4.5,0.25,0,92.25,1.75,0,0.25
2022-07-15 17:33:08,0,0,4.761905,0,0,93.98496,1.0025063,0,0
2022-07-15 17:33:07,0,0,4,0.25,0,93.75,1.25,0.25,0
2022-07-15 17:33:06,0,0,5.012531,0,0,92.73183,1.5037594,0,0
2022-07-15 17:33:05,0,0,4.773869,0.2512563,0,93.71859,1.0050251,0,0
2022-07-15 17:33:04,0,0,5.012531,0.2506266,0,92.73183,1.0025063,0.2506266,0
2022-07-15 17:33:03,0,0,4.455446,0,0,93.31683,1.4851485,0,0
2022-07-15 17:33:02,0,0,5.513784,0,0,92.4812,1.2531328,0.2506266,0
2022-07-15 17:33:01,0,0,3.759398,0.2506266,0,94.23559,1.0025063,0,0
2022-07-15 17:33:00,0,0,4.761905,0.2506266,0,93.23308,1.5037594,0.2506266,0
2022-07-15 17:32:59,0,0,4.761905,0.2506266,0,92.4812,1.5037594,0.2506266,0
2022-07-15 17:32:58,0,0,4.477612,0.4975124,0,93.28358,0.9950249,0,0
2022-07-15 17:32:57,0,0,4.761905,0,0,93.48371,1.5037594,0,0
2022-07-15 17:32:56,0,0,4.477612,0.2487562,0,93.28358,0.9950249,0.2487562,0
2022-07-15 17:32:55,0,0,4.534005,0,0,93.45088,1.511335,0,0
2022-07-15 17:32:54,0,0,5.472637,0.2487562,0,92.0398,1.2437811,0.2487562,0
2022-07-15 17:32:53,0,0,3.75,0,0,94.5,1,0.25,0
2022-07-15 17:32:52,0,0,4.75,0,0,92.5,2.25,0.25,0
2022-07-15 17:32:51,0,0,4.477612,0.2487562,0,93.28358,0.9950249,0,0
2022-07-15 17:32:50,0,0,5.037783,0.2518892,0,92.9471,1.2594458,0,0
2022-07-15 17:32:49,0,0,4.260652,0.2506266,0,92.98246,1.754386,0,0.2506266
2022-07-15 17:32:48,0,0,4.75,0,0,93,1.5,0.25,0
2022-07-15 17:32:47,0,0,4.477612,0.2487562,0,93.28358,1.2437811,0.2487562,0
2022-07-15 17:32:46,0,0,4.761905,0.2506266,0,92.73183,1.5037594,0,0
2022-07-15 17:32:45,0,0,4.738155,0,0,93.01746,1.745636,0,0
2022-07-15 17:32:44,0,0,4.5,0.25,0,93.25,1.5,0.25,0
2022-07-15 17:32:43,0,0,5.5,0.25,0,90.25,2,0.25,0.25
2022-07-15 17:32:42,0,0,3.544304,0,0,94.93671,1.2658228,0,0
2022-07-15 17:32:41,0,0,4.950495,0.4950495,0,91.83168,1.4851485,0.2475248,0
2022-07-15 17:32:40,0,0,4.773869,0.2512563,0,92.96482,1.5075377,0.2512563,0
2022-07-15 17:32:39,0,0,4.5,0.25,0,93.25,1.5,0,0
2022-07-15 17:32:38,0,0,5.012531,0.2506266,0,93.23308,1.2531328,0.2506266,0
2022-07-15 17:32:37,0,0,4.5,0.25,0,92.25,1.75,0.25,0
2022-07-15 17:32:36,0,0,5.513784,0.7518797,0,91.72932,1.5037594,0.2506266,0
2022-07-15 17:32:35,0,0,4.020101,0.2512563,0,93.46734,0.7537688,0,0
2022-07-15 17:32:34,0,0,4.477612,0.2487562,0,92.53731,1.99005,0.2487562,0
2022-07-15 17:32:33,0,0,4.488778,0.2493766,0,93.26683,1.2468828,0,0
2022-07-15 17:32:32,0,0,4.738155,0.2493766,0,92.5187,1.4962594,0.4987531,0
2022-07-15 17:32:31,0,0,4.761905,0,0,92.23058,2.255639,0,0.2506266
2022-07-15 17:32:30,0,0,4.488778,0,0,93.26683,1.4962594,0.2493766,0
2022-07-15 17:32:29,0,0,5,0.25,0,93,1,0.25,0.25
2022-07-15 17:32:28,0,0,5.263158,0.2506266,0,92.4812,1.2531328,0.2506266,0.2506266
2022-07-15 17:32:27,0,0,3.508772,0.2506266,0,92.98246,0.5012531,0,1.5037594
2022-07-15 17:32:26,0,0,4.477612,0,0,93.28358,1.741294,0.2487562,0
2022-07-15 17:32:25,0,0,4.5,0.25,0,92.5,1.75,0.25,0
2022-07-15 17:32:24,0,0,5.527638,0.2512563,0,92.21106,1.5075377,0,0
2022-07-15 17:32:23,0,0,3.5,0,0,95,0.75,0.25,0
2022-07-15 17:32:22,0,0,4.534005,0,0,92.9471,1.763224,0,0
2022-07-15 17:32:21,0,0,5,0.25,0,91.5,1.75,0.25,0
2022-07-15 17:32:20,0,0,4.5,0.25,0,93.75,1.25,0,0
2022-07-15 17:32:19,0,0,4.761905,0,0,93.73434,1.0025063,0,0
2022-07-15 17:32:18,0,0,5.025126,0.2512563,0,93.21608,1.2562814,0,0
2022-07-15 17:32:17,0,0,5.289673,0,0,92.19144,1.763224,0,0
2022-07-15 17:32:16,0,0,3.731343,0.2487562,0,94.52736,1.2437811,0,0
2022-07-15 17:32:15,0,0,4.773869,0.5025126,0,93.21608,1.0050251,0,0
2022-07-15 17:32:14,0,0,4.987531,0.2493766,0,92.76808,1.4962594,0.2493766,0
2022-07-15 17:32:13,0,0,4.488778,0.2493766,0,93.01746,1.4962594,0,0
2022-07-15 17:32:12,0,0,4.761905,0,0,93.73434,1.0025063,0.2506266,0
2022-07-15 17:32:11,0,0,4.271357,0,0,93.46734,1.758794,0,0
2022-07-15 17:32:10,0,0,5.25,0,0,92.75,1.5,0.25,0
2022-07-15 17:32:09,0,0,4.260652,0,0,94.23559,1.0025063,0,0
2022-07-15 17:32:08,0,0,4.71464,0,0,92.55583,1.985112,0.248139,0
2022-07-15 17:32:07,0,0,4.511278,0.2506266,0,93.23308,1.754386,0,0
2022-07-15 17:32:06,0,0,4.726368,0,0,92.78607,1.4925373,0.2487562,0
2022-07-15 17:32:05,0,0,5.5,0.25,0,92.75,1.25,0,0
2022-07-15 17:32:04,0,0,4.5,0,0,93.5,1.25,0.25,0
2022-07-15 17:32:03,0,0,5.012531,0.2506266,0,92.98246,1.5037594,0,0
2022-07-15 17:32:02,0,0,4.522613,0,0,94.22111,0.7537688,0,0
2022-07-15 17:32:01,0,0,4.75,0.25,0,91.25,1.5,0.25,0.75
2022-07-15 17:32:00,0,0,4.228856,0,0,92.78607,1.99005,0.4975124,0
2022-07-15 17:31:59,0,0,4.488778,0.2493766,0,93.51621,1.2468828,0.2493766,0
2022-07-15 17:31:58,0,0,5.236908,0.2493766,0,92.5187,0.9975062,0.2493766,0.2493766
2022-07-15 17:31:57,0,0,3.778338,0.2518892,0,91.93955,1.511335,0.2518892,1.0075567
2022-07-15 17:31:56,0,0,4.477612,0,0,93.53234,1.2437811,0.2487562,0
2022-07-15 17:31:55,0,0,4.773869,0.2512563,0,92.71357,1.2562814,0.2512563,0
2022-07-15 17:31:54,0,0,4.260652,0.5012531,0,93.98496,0.7518797,0.2506266,0
2022-07-15 17:31:53,0,0,4.738155,0,0,93.51621,1.2468828,0,0
2022-07-15 17:31:52,0,0,4.488778,0,0,93.76559,0.9975062,0.2493766,0
2022-07-15 17:31:51,0,0,4.785894,0.2518892,0,90.17632,1.763224,0.2518892,1.511335
2022-07-15 17:31:50,0,0,3.990025,0.2493766,0,93.01746,2.493766,0,0
2022-07-15 17:31:49,0,0,4.761905,0.2506266,0,92.73183,1.5037594,0.2506266,0
2022-07-15 17:31:48,0,0,4.488778,0.2493766,0,93.01746,1.745636,0,0
2022-07-15 17:31:47,0,0,5.223881,0,0,92.0398,2.238806,0.2487562,0
2022-07-15 17:31:46,0,0,4.271357,0.2512563,0,93.71859,0.7537688,0.2512563,0
2022-07-15 17:31:45,0,0,4.534005,0,0,93.70277,1.511335,0,0
2022-07-15 17:31:44,0,0,4.71464,0,0,92.55583,1.2406948,0.248139,0.248139
2022-07-15 17:31:43,0,0,4.5,0.25,0,92.25,1.75,0.25,0
2022-07-15 17:31:42,0,0,4.488778,0,0,94.01496,1.2468828,0,0
2022-07-15 17:31:41,0,0,4.522613,0.2512563,0,92.21106,2.01005,0.2512563,0
2022-07-15 17:31:40,0,0,4.738155,0,0,93.01746,1.745636,0,0
2022-07-15 17:31:39,0,0,4.738155,0.2493766,0,92.26933,1.745636,0.4987531,0.2493766
2022-07-15 17:31:38,0,0,4.511278,0,0,93.48371,1.2531328,0.2506266,0
2022-07-15 17:31:37,0,0,5.025126,0.2512563,0,92.96482,1.2562814,0,0
2022-07-15 17:31:36,0,0,4.010025,0,0,92.98246,2.506266,0,0
2022-07-15 17:31:35,0,0,5.445545,0.2475248,0,92.32673,1.2376238,0.2475248,0
2022-07-15 17:31:34,0,0,3.535354,0,0,94.69697,1.010101,0,0
2022-07-15 17:31:33,0,0,5.223881,0.2487562,0,92.28856,1.741294,0,0
2022-07-15 17:31:32,0,0,4.260652,0,0,93.73434,1.5037594,0.2506266,0
2022-07-15 17:31:31,0,0,5.012531,0.2506266,0,92.4812,1.5037594,0,0
2022-07-15 17:31:30,0,0,4.534005,0,0,93.19899,1.2594458,0.2518892,0
2022-07-15 17:31:29,0,0,4.488778,0.7481297,0,91.77057,1.745636,0.2493766,0
2022-07-15 17:31:28,0,0,5.527638,0.2512563,0,91.9598,1.2562814,0.5025126,0
2022-07-15 17:31:27,0,0,4.477612,0.2487562,0,92.78607,1.99005,0,0
2022-07-15 17:31:26,0,0,4.79798,0,0,93.68687,1.2626263,0,0
2022-07-15 17:31:25,0,0,4.975124,0,0,92.0398,1.741294,0.2487562,0
2022-07-15 17:31:24,0,0,4.010025,0.2506266,0,93.73434,1.5037594,0.2506266,0
2022-07-15 17:31:23,0,0,4.511278,0.2506266,0,93.73434,1.0025063,0.2506266,0
2022-07-15 17:31:22,0,0,4.488778,0.2493766,0,93.26683,1.2468828,0,0
2022-07-15 17:31:21,0,0,4.738155,0,0,93.26683,1.2468828,0.2493766,0
2022-07-15 17:31:20,0,0,4.761905,0.2506266,0,93.48371,1.0025063,0,0
2022-07-15 17:31:19,0,0,4.5,0.25,0,93,1.5,0.25,0
2022-07-15 17:31:18,0,0,5.75,0.25,0,92,1.25,0.25,0
2022-07-15 17:31:17,0,0,3.508772,0.5012531,0,91.72932,1.754386,0.2506266,1.0025063
2022-07-15 17:31:16,0,0,4.75,0.5,0,93,1,0.25,0
2022-07-15 17:31:15,0,0,4.271357,0.2512563,0,93.21608,1.758794,0,0
2022-07-15 17:31:14,0,0,5.012531,0.2506266,0,91.97995,2.005013,0.2506266,0
2022-07-15 17:31:13,0,0,4.738155,0,0,93.76559,1.2468828,0,0
2022-07-15 17:31:12,0,0,4.987531,0.7481297,0,91.77057,1.4962594,0.2493766,0.2493766
2022-07-15 17:31:11,0,0,5.012531,0.2506266,0,92.73183,1.5037594,0,0
2022-07-15 17:31:10,0,0,4.511278,0,0,93.23308,2.005013,0,0
2022-07-15 17:31:09,0,0,6,0,0,90.75,2,0.5,0
2022-07-15 17:31:08,0,0,3.491272,0.4987531,0,94.26434,0.7481297,0.2493766,0
2022-07-15 17:31:07,0,0,5.5,0,0,92.5,1.25,0.25,0
2022-07-15 17:31:06,0,0,4.522613,0.2512563,0,93.46734,1.5075377,0,0
2022-07-15 17:31:05,0,0,5.970149,0.2487562,0,91.79104,1.2437811,0,0.2487562
2022-07-15 17:31:04,0,0,4.25,0,0,93.25,1.5,0.25,0
2022-07-15 17:31:03,0,0,4.522613,0.2512563,0,93.21608,1.5075377,0.2512563,0
2022-07-15 17:31:02,0,0,5.527638,0,0,92.96482,1.0050251,0.2512563,0
2022-07-15 17:31:01,0,0,4.466501,0.4962779,0,93.30025,0.7444169,0.248139,0
2022-07-15 17:31:00,0,0,5.012531,0.2506266,0,92.73183,1.2531328,0.2506266,0
2022-07-15 17:30:59,0,0,5.486284,0,0,91.02244,1.995012,0.2493766,0.2493766
2022-07-15 17:30:58,0,0,3.75,0,0,95.25,0.75,0,0
2022-07-15 17:30:57,0,0,5.012531,0.2506266,0,92.23058,1.2531328,0.5012531,0
2022-07-15 17:30:56,0,0,4.975124,0.2487562,0,92.78607,1.4925373,0.2487562,0
2022-07-15 17:30:55,0,0,4.75,0,0,94.25,0.75,0,0
2022-07-15 17:30:54,0,0,4.75,0.25,0,93,1.25,0.25,0
2022-07-15 17:30:53,0,0,5.025126,0,0,93.96985,0.7537688,0,0
2022-07-15 17:30:52,0,0,4.5,0.5,0,92.75,1.5,0.25,0
2022-07-15 17:30:51,0,0,5.472637,0.2487562,0,91.54229,1.741294,0.2487562,0.2487562
2022-07-15 17:30:50,0,0,3.768844,0,0,94.22111,1.5075377,0,0
2022-07-15 17:30:49,0,0,5.5,0,0,92.5,1.5,0,0
2022-07-15 17:30:48,0,0,4.271357,0,0,92.96482,1.758794,0.2512563,0
2022-07-15 17:30:47,0,0,5.472637,0.2487562,0,92.28856,1.2437811,0.2487562,0
2022-07-15 17:30:46,0,0,4.785894,0,0,93.19899,1.2594458,0.2518892,0
2022-07-15 17:30:45,0,0,4.773869,0,0,92.46231,2.01005,0.2512563,0
2022-07-15 17:30:44,0,0,5.472637,0,0,92.78607,0.9950249,0.2487562,0
2022-07-15 17:30:43,0,0,5.025126,0.2512563,0,91.70854,1.2562814,0,1.2562814
2022-07-15 17:30:42,0,0,3.759398,0.2506266,0,92.4812,1.754386,0.2506266,0.5012531
2022-07-15 17:30:41,0,0,4.511278,0,0,93.23308,1.5037594,0,0
2022-07-15 17:30:40,0,0,5.223881,0.4975124,0,91.79104,1.4925373,0.2487562,0
2022-07-15 17:30:39,0,0,5.541562,0.5037783,0,90.6801,1.763224,0,0.2518892
2022-07-15 17:30:38,0,0,4.239401,0,0,94.01496,1.2468828,0.2493766,0
2022-07-15 17:30:37,0,0,5.025126,0.2512563,0,92.71357,1.5075377,0,0
2022-07-15 17:30:36,0,0,4.477612,0.2487562,0,93.28358,1.4925373,0.2487562,0
2022-07-15 17:30:35,0,0,5,0.25,0,92,1.5,0.25,0
2022-07-15 17:30:34,0,0,4.738155,0,0,93.01746,1.745636,0,0
2022-07-15 17:30:33,0,0,5.764411,0.5012531,0,91.4787,1.5037594,0,0.2506266
2022-07-15 17:30:32,0,0,3.759398,0.2506266,0,93.73434,1.5037594,0.2506266,0.2506266
2022-07-15 17:30:31,0,0,4.79798,0.5050505,0,92.17172,1.767677,0,0
2022-07-15 17:30:30,0,0,5.025126,0,0,92.46231,2.01005,0,0
2022-07-15 17:30:29,0,0,5,0,0,92.25,1.75,0.25,0
2022-07-15 17:30:28,0,0,4.75,0.25,0,92.5,1.5,0.25,0
2022-07-15 17:30:27,0,0,5.037783,0,0,92.69521,2.015113,0,0
2022-07-15 17:30:26,0,0,4.738155,0.2493766,0,93.01746,1.2468828,0.2493766,0
2022-07-15 17:30:25,0,0,5.472637,0,0,91.29353,1.741294,0.2487562,0.2487562
2022-07-15 17:30:24,0,0,4.020101,0,0,93.46734,1.758794,0,0
2022-07-15 17:30:23,0,0,4.761905,0.2506266,0,91.97995,2.255639,0.2506266,0
2022-07-15 17:30:22,0,0,5.25,0.25,0,92,2,0,0
2022-07-15 17:30:21,0,0,5.025126,0,0,92.71357,1.5075377,0.2512563,0
2022-07-15 17:30:20,0,0,4.761905,0.2506266,0,93.73434,1.0025063,0,0
2022-07-15 17:30:19,0,0,5.693069,0.2475248,0,91.83168,1.4851485,0.2475248,0
2022-07-15 17:30:18,0,0,4.5,0.25,0,93,1.5,0,0
2022-07-15 17:30:17,0,0,5.012531,0,0,93.73434,0.7518797,0.2506266,0
2022-07-15 17:30:16,0,0,4.75,0.25,0,92,1.5,0.25,0.25
2022-07-15 17:30:15,0,0,4.488778,0.2493766,0,93.51621,0.9975062,0.2493766,0
2022-07-15 17:30:14,0,0,5.289673,0,0,92.9471,1.2594458,0.2518892,0
2022-07-15 17:30:13,0,0,4.987531,0,0,92.01995,1.995012,0.2493766,0
2022-07-15 17:30:12,0,0,4.511278,0.2506266,0,93.23308,1.5037594,0,0
2022-07-15 17:30:11,0,0,4.020101,0.2512563,0,93.71859,1.5075377,0,0
2022-07-15 17:30:10,0,0,5.5,0,0,92,1.75,0.25,0
2022-07-15 17:30:09,0,0,4.522613,0.2512563,0,92.46231,1.758794,0.5025126,0
2022-07-15 17:30:08,0,0,5.25,0.25,0,91.75,2.25,0,0
2022-07-15 17:30:07,0,0,4.534005,0,0,93.45088,1.511335,0,0
2022-07-15 17:30:06,0,0,5.236908,0.2493766,0,90.52369,2.493766,0.2493766,0.2493766
2022-07-15 17:30:05,0,0,4.726368,0.2487562,0,93.03483,1.4925373,0.2487562,0
2022-07-15 17:30:04,0,0,5.037783,0,0,92.9471,1.763224,0,0
2022-07-15 17:30:03,0,0,4.511278,0.2506266,0,92.73183,1.5037594,0.2506266,0
2022-07-15 17:30:02,0,0,5.527638,0.5025126,0,91.70854,1.5075377,0,0
2022-07-15 17:30:01,0,0,4.5,0.5,0,92.25,2,0.25,0
2022-07-15 17:30:00,0,0,5.25,0.25,0,91.75,1.75,0.25,0
2022-07-15 17:29:59,0,0,5.25,0.25,0,92,2,0,0
2022-07-15 17:29:58,0,0,4.726368,0.2487562,0,92.28856,1.2437811,0.2487562,0.2487562
2022-07-15 17:29:57,0,0,4.5,0.25,0,93.75,1.25,0,0
2022-07-15 17:29:56,0,0,4.975124,0.2487562,0,92.78607,1.2437811,0.2487562,0
2022-07-15 17:29:55,0,0,4.785894,0,0,93.19899,1.2594458,0,0
2022-07-15 17:29:54,0,0,5,0.25,0,92.75,1.75,0,0
2022-07-15 17:29:53,0,0,4.5,0.25,0,93.75,1,0,0
2022-07-15 17:29:52,0,0,4.987531,0.2493766,0,92.5187,1.2468828,0.4987531,0.2493766
2022-07-15 17:29:51,0,0,5.012531,0.2506266,0,92.4812,1.5037594,0,0
2022-07-15 17:29:50,0,0,5.263158,0,0,92.23058,1.5037594,0.2506266,0
2022-07-15 17:29:49,0,0,4.260652,0.2506266,0,93.23308,1.5037594,0.2506266,0
2022-07-15 17:29:48,0,0,5.025126,0,0,93.21608,1.2562814,0,0
2022-07-15 17:29:47,0,0,5.486284,0.4987531,0,90.77307,1.745636,0.2493766,0.2493766
2022-07-15 17:29:46,0,0,3.970223,0.4962779,0,92.80397,1.736973,0.4962779,0.248139
2022-07-15 17:29:45,0,0,4.511278,0,0,93.23308,1.5037594,0.2506266,0
2022-07-15 17:29:44,0,0,5.025126,0,0,92.46231,2.01005,0,0
2022-07-15 17:29:43,0,0,4.522613,0.2512563,0,93.46734,1.2562814,0,0
2022-07-15 17:29:42,0,0,5.236908,0,0,93.26683,0.9975062,0,0
2022-07-15 17:29:41,0,0,4.726368,0,0,92.53731,1.4925373,0.4975124,0
2022-07-15 17:29:40,0,0,5.236908,0.2493766,0,90.52369,1.995012,0.2493766,0.2493766
2022-07-15 17:29:39,0,0,4.260652,0.2506266,0,94.48622,0.7518797,0,0
2022-07-15 17:29:38,0,0,4.761905,0,0,93.23308,1.2531328,0.2506266,0
2022-07-15 17:29:37,0,0,4.726368,0.2487562,0,92.78607,1.741294,0.2487562,0
2022-07-15 17:29:36,0,0,5.037783,0.2518892,0,93.45088,1.0075567,0,0
2022-07-15 17:29:35,0,0,4.511278,0.2506266,0,93.23308,1.2531328,0.2506266,0
2022-07-15 17:29:34,0,0,5,0,0,93,1.5,0,0
2022-07-15 17:29:33,0,0,4.75,0.25,0,93,1.25,0.25,0.25
2022-07-15 17:29:32,0,0,5.223881,0.4975124,0,91.54229,1.741294,0.2487562,0
2022-07-15 17:29:31,0,0,4.271357,0,0,92.71357,1.758794,0.5025126,0
2022-07-15 17:29:30,0,0,4.761905,0,0,92.98246,1.754386,0,0
2022-07-15 17:29:29,0,0,4.761905,0.5012531,0,92.98246,1.0025063,0.2506266,0
2022-07-15 17:29:28,0,0,4.987531,0.4987531,0,93.26683,0.7481297,0,0
2022-07-15 17:29:27,0,0,4.987531,0.2493766,0,91.02244,1.995012,0.2493766,0.2493766
2022-07-15 17:29:26,0,0,5.276382,0,0,92.21106,2.01005,0,0
2022-07-15 17:29:25,0,0,4.5,0,0,93.25,1.25,0.5,0
2022-07-15 17:29:24,0,0,5.75,0.25,0,91.25,1.5,0,0
2022-07-15 17:29:23,0,0,3.491272,0.2493766,0,95.01247,0.7481297,0.2493766,0
2022-07-15 17:29:22,0,0,5.25,0,0,92.75,1.25,0.25,0
2022-07-15 17:29:21,0,0,5.25,0.5,0,92,1.75,0,0
2022-07-15 17:29:20,0,0,4.292929,0.2525253,0,92.42424,1.767677,0.5050505,0
2022-07-15 17:29:19,0,0,4.987531,0,0,92.76808,1.745636,0.2493766,0
2022-07-15 17:29:18,0,0,4.761905,0.2506266,0,92.73183,1.5037594,0,0
2022-07-15 17:29:17,0,0,5,0,0,93,1.5,0,0
2022-07-15 17:29:16,0,0,4.75,0,0,93.5,1,0,0
2022-07-15 17:29:15,0,0,5,0,0,93,1.25,0.25,0
2022-07-15 17:29:14,0,0,5.459057,0.248139,0,91.81141,1.2406948,0.248139,0.248139
2022-07-15 17:29:13,0,0,4,0,0,94,1.25,0.25,0
2022-07-15 17:29:12,0,0,5.037783,0.2518892,0,92.9471,0.7556675,0.5037783,0
2022-07-15 17:29:11,0,0,5.223881,0.2487562,0,93.03483,1.2437811,0,0
2022-07-15 17:29:10,0,0,4.75,0.25,0,92.75,1,0.5,0
2022-07-15 17:29:09,0,0,5.050505,0.2525253,0,92.67677,1.5151515,0,0
2022-07-15 17:29:08,0,0,4.726368,0,0,93.78109,0.9950249,0.2487562,0
2022-07-15 17:29:07,0,0,4.5,0.25,0,93,1.75,0,0
2022-07-15 17:29:06,0,0,5.25,0,0,91,1.25,0,0.75
2022-07-15 17:29:05,0,0,4.511278,0.2506266,0,93.73434,0.7518797,0.2506266,0
2022-07-15 17:29:04,0,0,5.025126,0,0,92.96482,1.758794,0,0
2022-07-15 17:29:03,0,0,4.477612,0,0,93.53234,1.2437811,0.2487562,0
2022-07-15 17:29:02,0,0,4.75,0.5,0,93,1.5,0,0
2022-07-15 17:29:01,0,0,4.545455,0.2525253,0,92.92929,1.2626263,0.2525253,0
2022-07-15 17:29:00,0,0,4.477612,0,0,93.03483,1.741294,0.2487562,0
2022-07-15 17:28:59,0,0,5.25,0.25,0,91.75,2,0.25,0
2022-07-15 17:28:58,0,0,4.773869,0.5025126,0,92.71357,1.2562814,0,0
2022-07-15 17:28:57,0,0,4.25,0.75,0,93,1,0,0.25
2022-07-15 17:28:56,0,0,4.5,0.25,0,93,1.5,0,0
2022-07-15 17:28:55,0,0,4.761905,0.2506266,0,93.48371,1.2531328,0,0
2022-07-15 17:28:54,0,0,4.75,0,0,92.75,1.5,0.25,0
2022-07-15 17:28:53,0,0,4.488778,0,0,93.01746,1.995012,0,0
2022-07-15 17:28:52,0,0,4.5,0,0,93,1.75,0.25,0
2022-07-15 17:28:51,0,0,4.761905,0.2506266,0,93.48371,1.0025063,0.2506266,0
2022-07-15 17:28:50,0,0,4.260652,0.5012531,0,92.23058,2.005013,0.2506266,0
2022-07-15 17:28:49,0,0,5.25,0.25,0,92.25,1.5,0,0
2022-07-15 17:28:48,0,0,5.25,0.5,0,91.5,1,0.25,0.25
2022-07-15 17:28:47,0,0,3.970223,0.4962779,0,93.30025,1.736973,0.248139,0
2022-07-15 17:28:46,0,0,4.5,0.25,0,93.5,1,0.25,0
2022-07-15 17:28:45,0,0,4.75,0.25,0,93.25,1,0.25,0
2022-07-15 17:28:44,0,0,4.738155,0.2493766,0,93.76559,0.4987531,0,0
2022-07-15 17:28:43,0,0,4.5,0,0,93,1.75,0.25,0
2022-07-15 17:28:42,0,0,4.785894,0.2518892,0,92.9471,1.0075567,0.2518892,0
2022-07-15 17:28:41,0,0,4.5,0.25,0,93.75,1,0.25,0
2022-07-15 17:28:40,0,0,5.486284,0,0,91.5212,1.995012,0,0.2493766
2022-07-15 17:28:39,0,0,3.759398,0.2506266,0,94.73684,1.0025063,0,0
2022-07-15 17:28:38,0,0,4.488778,0,0,94.01496,0.9975062,0,0
2022-07-15 17:28:37,0,0,4.761905,0,0,93.48371,1.5037594,0,0
2022-07-15 17:28:36,0,0,4.511278,0,0,93.23308,2.005013,0,0
2022-07-15 17:28:35,0,0,4.5,0.25,0,93.5,1.25,0,0
2022-07-15 17:28:34,0,0,4.726368,0.2487562,0,94.02985,0.4975124,0.2487562,0
2022-07-15 17:28:33,0,0,4.511278,0.2506266,0,93.23308,1.754386,0,0
2022-07-15 17:28:32,0,0,4.761905,0.2506266,0,92.4812,1.754386,0.2506266,0
2022-07-15 17:28:31,0,0,4.761905,0.5012531,0,92.98246,0.7518797,0.2506266,0
2022-07-15 17:28:30,0,0,5.012531,0.5012531,0,92.23058,1.754386,0,0
2022-07-15 17:28:29,0,0,4.511278,0,0,93.98496,1.0025063,0.2506266,0
2022-07-15 17:28:28,0,0,5.486284,0.4987531,0,91.5212,1.4962594,0,0.4987531
2022-07-15 17:28:27,0,0,4.5,0,0,93.75,1.5,0,0
2022-07-15 17:28:26,0,0,4.761905,0.2506266,0,92.98246,1.754386,0,0
2022-07-15 17:28:25,0,0,4.761905,0.2506266,0,93.48371,1.2531328,0,0
2022-07-15 17:28:24,0,0,4.5,0,0,92.75,1.75,0.25,0
2022-07-15 17:28:23,0,0,4.761905,0.2506266,0,92.73183,1.754386,0,0
2022-07-15 17:28:22,0,0,5.289673,0,0,91.68766,1.2594458,0,1.0075567
2022-07-15 17:28:21,0,0,3.990025,0.2493766,0,93.76559,1.2468828,0,0
2022-07-15 17:28:20,0,0,4.25,0,0,94,1.25,0,0
2022-07-15 17:28:19,0,0,5.25,0.25,0,92,1.5,0,0
2022-07-15 17:28:18,0,0,4.239401,0.2493766,0,94.51372,0.4987531,0.2493766,0
2022-07-15 17:28:17,0,0,5,0,0,93.25,1.5,0,0
2022-07-15 17:28:16,0,0,4.738155,0.2493766,0,92.01995,2.244389,0.2493766,0
2022-07-15 17:28:15,0,0,4.534005,0,0,93.70277,1.511335,0,0
2022-07-15 17:28:14,0,0,5.25,0.5,0,92,1,0,0
2022-07-15 17:28:13,0,0,4,0.25,0,94,1.25,0.25,0
2022-07-15 17:28:12,0,0,4.761905,0,0,91.97995,1.754386,0.2506266,0
2022-07-15 17:28:11,0,0,4.239401,0,0,93.26683,1.4962594,0.2493766,0.2493766
2022-07-15 17:28:10,0,0,5.263158,0.2506266,0,92.73183,1.2531328,0.2506266,0
2022-07-15 17:28:09,0,0,4.522613,0,0,94.22111,1.0050251,0,0
2022-07-15 17:28:08,0,0,4.726368,0.2487562,0,92.28856,1.741294,0,0
2022-07-15 17:28:07,0,0,4.5,0,0,93.25,1.5,0.25,0
2022-07-15 17:28:06,0,0,4.75,0.25,0,92.75,1.5,0.25,0
2022-07-15 17:28:05,0,0,5.778894,0.7537688,0,89.19598,1.758794,0,1.0050251
2022-07-15 17:28:04,0,0,3.491272,0.2493766,0,94.51372,1.2468828,0,0
2022-07-15 17:28:03,0,0,4.738155,0,0,94.01496,0.7481297,0.2493766,0
2022-07-15 17:28:02,0,0,4.987531,0.4987531,0,92.26933,0.9975062,0.2493766,0.2493766
2022-07-15 17:28:01,0,0,4.25,0,0,93,1.5,0.5,0
2022-07-15 17:28:00,0,0,4.5,0.25,0,93.5,1,0.25,0
2022-07-15 17:27:59,0,0,4.511278,0.2506266,0,92.98246,1.2531328,0.2506266,0.2506266
2022-07-15 17:27:58,0,0,4.738155,0.2493766,0,92.76808,1.2468828,0.2493766,0
2022-07-15 17:27:57,0,0,4.522613,0,0,93.21608,1.2562814,0.5025126,0
2022-07-15 17:27:56,0,0,5.263158,0.2506266,0,91.72932,1.5037594,0,0
2022-07-15 17:27:55,0,0,3.5,0.25,0,95,0.5,0.25,0
2022-07-15 17:27:54,0,0,3.266332,0.2512563,0,94.72362,1.0050251,0.2512563,0
2022-07-15 17:27:53,0,0,4,0.25,0,93.5,1.5,0.25,0
2022-07-15 17:27:52,0,0,3.266332,0.2512563,0,95.22613,1.0050251,0,0
2022-07-15 17:27:51,0,0,3.75,0,0,93.75,1,0.25,0
2022-07-15 17:27:50,0,0,3.233831,0.2487562,0,94.52736,1.2437811,0.4975124,0
2022-07-15 17:27:49,0,0,4.282116,0.2518892,0,93.45088,1.511335,0,0
2022-07-15 17:27:48,0,0,3.990025,0.4987531,0,92.5187,1.4962594,0.2493766,0
2022-07-15 17:27:47,0,0,2.756892,0,0,94.98747,1.754386,0,0
2022-07-15 17:27:46,0,0,3.266332,0,0,93.96985,1.758794,0.2512563,0
2022-07-15 17:27:45,0,0,3.990025,0,0,94.01496,1.4962594,0.2493766,0
2022-07-15 17:27:44,0,0,3.5,0.25,0,94,1.25,0.25,0
2022-07-15 17:27:43,0,0,2.763819,0.5025126,0,93.96985,2.01005,0,0
2022-07-15 17:27:42,0,0,2.5,0.25,0,96,0.75,0.25,0
2022-07-15 17:27:41,0,0,2.756892,0,0,95.2381,1.2531328,0.2506266,0
2022-07-15 17:27:40,0,0,2.261307,0.2512563,0,95.47739,1.758794,0,0
2022-07-15 17:27:39,0,0,3.482587,0.2487562,0,93.53234,1.741294,0.4975124,0
2022-07-15 17:27:38,0,0,1.2531328,0.2506266,0,96.99248,1.2531328,0,0
2022-07-15 17:27:37,0,0,1.758794,0.2512563,0,95.72864,1.2562814,0.2512563,0
2022-07-15 17:27:36,0,0,1.4962594,0.2493766,0,94.51372,1.745636,0.2493766,0.2493766
2022-07-15 17:27:35,0,0,2.25,0,0,95.75,1.5,0,0
2022-07-15 17:27:34,0,0,2.75,0.25,0,94.75,1.5,0.25,0
2022-07-15 17:27:33,0,0,2.493766,0.2493766,0,95.01247,1.745636,0,0
2022-07-15 17:27:32,0,0,1.745636,0,0,96.00998,1.745636,0,0
2022-07-15 17:27:31,0,0,1.763224,0.5037783,0,94.96222,1.763224,0.2518892,0
2022-07-15 17:27:30,0,0,1.2468828,0,0,96.50873,1.4962594,0.2493766,0
2022-07-15 17:27:29,0,0,2.261307,0.2512563,0,95.22613,1.758794,0,0
2022-07-15 17:27:28,0,0,2.756892,0.2506266,0,94.98747,1.2531328,0.2506266,0
2022-07-15 17:27:27,0,0,2.75,0,0,94.25,2.5,0,0
2022-07-15 17:27:26,0,0,2.238806,0,0,95.77114,1.4925373,0.2487562,0
2022-07-15 17:27:25,0,0,3.241895,0,0,95.01247,1.4962594,0,0
2022-07-15 17:27:24,0,0,2.763819,0.2512563,0,95.47739,1.0050251,0.2512563,0
2022-07-15 17:27:23,0,0,2.992519,0.4987531,0,94.51372,1.2468828,0.2493766,0
2022-07-15 17:27:22,0,0,2.48139,0,0,94.54094,1.736973,0.248139,0
2022-07-15 17:27:21,0,0,3.482587,0.2487562,0,94.27861,0.9950249,0,0
2022-07-15 17:27:20,0,0,3.266332,0,0,94.97487,1.0050251,0,0
2022-07-15 17:27:19,0,0,3.759398,0.2506266,0,93.98496,1.0025063,0.2506266,0
2022-07-15 17:27:18,0,0,3.768844,0,0,94.47236,1.0050251,0,0
2022-07-15 17:27:17,0,0,3.740648,0.2493766,0,94.26434,1.2468828,0,0
2022-07-15 17:27:16,0,0,3.759398,0.2506266,0,94.23559,0.7518797,0,0
2022-07-15 17:27:15,0,0,3.508772,0.2506266,0,92.23058,3.007519,0.2506266,0
2022-07-15 17:27:14,0,0,3.5,0.25,0,94.25,1.5,0.25,0
2022-07-15 17:27:13,0,0,3.482587,0.4975124,0,93.28358,1.741294,0,0
2022-07-15 17:27:12,0,0,4.260652,0.2506266,0,93.23308,1.754386,0,0
2022-07-15 17:27:11,0,0,5.5,0.5,0,90.75,1.5,0.25,1
2022-07-15 17:27:10,0,0,3.517588,0,0,94.47236,1.2562814,0.2512563,0
2022-07-15 17:27:09,0,0,4.511278,0.2506266,0,93.23308,1.2531328,0.5012531,0
2022-07-15 17:27:08,0,0,4.726368,0.2487562,0,92.0398,2.238806,0,0
2022-07-15 17:27:07,0,0,4.545455,0.2525253,0,92.67677,1.767677,0,0
2022-07-15 17:27:06,0,0,4.511278,0.2506266,0,93.23308,1.2531328,0,0
2022-07-15 17:27:05,0,0,5.764411,0,0,92.4812,0.7518797,0.2506266,0
2022-07-15 17:27:04,0,0,4.477612,0.2487562,0,93.03483,1.4925373,0,0
2022-07-15 17:27:03,0,0,4.020101,0,0,94.22111,1.2562814,0,0
2022-07-15 17:27:02,0,0,5.012531,0.2506266,0,92.4812,1.754386,0,0
2022-07-15 17:27:01,0,0,4.522613,0.2512563,0,93.46734,1.0050251,0.2512563,0
2022-07-15 17:27:00,0,0,5,0.25,0,92.5,1.25,0,0.25
2022-07-15 17:26:59,0,0,4.010025,0.2506266,0,92.98246,1.754386,0.2506266,0
2022-07-15 17:26:58,0,0,5.236908,0,0,92.5187,1.745636,0.2493766,0
2022-07-15 17:26:57,0,0,4.271357,0.2512563,0,94.22111,1.0050251,0,0
2022-07-15 17:26:56,0,0,5.236908,0.4987531,0,90.52369,1.745636,0.4987531,0.4987531
2022-07-15 17:26:55,0,0,4.020101,0.2512563,0,94.22111,1.0050251,0,0
2022-07-15 17:26:54,0,0,4.511278,0.2506266,0,93.48371,1.0025063,0,0
2022-07-15 17:26:53,0,0,5.037783,0,0,92.9471,1.511335,0.2518892,0
2022-07-15 17:26:52,0,0,4.488778,0.2493766,0,93.76559,0.9975062,0,0
2022-07-15 17:26:51,0,0,5.263158,0.2506266,0,91.72932,1.5037594,0.2506266,0
2022-07-15 17:26:50,0,0,4.260652,0,0,93.23308,2.005013,0.2506266,0
2022-07-15 17:26:49,0,0,5.236908,0,0,93.01746,1.2468828,0.2493766,0
2022-07-15 17:26:48,0,0,4.5,0.25,0,93.25,1.5,0,0
2022-07-15 17:26:47,0,0,5.472637,0,0,90.04975,1.4925373,0.2487562,1.4925373
2022-07-15 17:26:46,0,0,4,0.25,0,94,1.25,0.25,0
2022-07-15 17:26:45,0,0,4.75,0.5,0,92,1.5,0.25,0.25
2022-07-15 17:26:44,0,0,3.990025,0.2493766,0,93.76559,1.4962594,0.2493766,0
2022-07-15 17:26:43,0,0,4.522613,0,0,94.22111,0.7537688,0,0
2022-07-15 17:26:42,0,0,5.012531,0,0,93.48371,1.0025063,0.2506266,0
2022-07-15 17:26:41,0,0,4.534005,0.2518892,0,92.69521,1.763224,0,0
2022-07-15 17:26:40,0,0,5.486284,0,0,92.01995,1.4962594,0.2493766,0
2022-07-15 17:26:39,0,0,4.477612,0.2487562,0,93.03483,0.9950249,0.4975124,0
2022-07-15 17:26:38,0,0,5.236908,0.2493766,0,91.02244,1.995012,0,0.9975062
2022-07-15 17:26:37,0,0,3.740648,0,0,94.26434,1.4962594,0.2493766,0
2022-07-15 17:26:36,0,0,4.534005,0,0,93.45088,1.511335,0,0
2022-07-15 17:26:35,0,0,4.761905,0.2506266,0,92.4812,1.754386,0.2506266,0
2022-07-15 17:26:34,0,0,5,0.25,0,93.75,1,0,0
2022-07-15 17:26:33,0,0,4.75,0.25,0,92.5,1.25,0.5,0
2022-07-15 17:26:32,0,0,5.25,0.5,0,92.25,1.5,0,0
2022-07-15 17:26:31,0,0,4.545455,0.2525253,0,92.17172,1.5151515,0.2525253,0
2022-07-15 17:26:30,0,0,5.5,0,0,89.5,2,0.25,2
2022-07-15 17:26:29,0,0,3.9801,0.2487562,0,93.78109,1.2437811,0.2487562,0
2022-07-15 17:26:28,0,0,4.545455,0.2525253,0,92.67677,1.5151515,0.2525253,0.2525253
2022-07-15 17:26:27,0,0,4.738155,0.2493766,0,93.01746,1.4962594,0,0
2022-07-15 17:26:26,0,0,5,0,0,93.25,1.5,0,0
2022-07-15 17:26:25,0,0,4.75,0.25,0,92.75,1.75,0,0
2022-07-15 17:26:24,0,0,4.773869,0,0,92.96482,1.5075377,0.2512563,0
2022-07-15 17:26:23,0,0,4.785894,0,0,93.95466,1.0075567,0,0
2022-07-15 17:26:22,0,0,5.025126,0.2512563,0,91.9598,1.758794,0.2512563,0
2022-07-15 17:26:21,0,0,6.015038,0.5012531,0,91.4787,1.5037594,0,0
2022-07-15 17:26:20,0,0,4.239401,0.2493766,0,90.27431,1.745636,0,0.7481297
2022-07-15 17:26:19,0,0,4.260652,0,0,92.98246,1.754386,0,0.7518797
2022-07-15 17:26:18,0,0,3.75,0.5,0,91.25,1.25,0.25,1.75
2022-07-15 17:26:17,0,0,4.761905,0,0,93.48371,1.5037594,0,0
2022-07-15 17:26:16,0,0,4.738155,0,0,93.01746,1.2468828,0,0.2493766
2022-07-15 17:26:15,0,0,4.726368,0.2487562,0,93.28358,0.7462687,0.2487562,0
2022-07-15 17:26:14,0,0,4.975124,0,0,93.28358,1.2437811,0,0
2022-07-15 17:26:13,0,0,5,0.5,0,93.5,0.5,0,0
2022-07-15 17:26:12,0,0,5.721393,0,0,89.55224,2.238806,0.2487562,0.7462687
2022-07-15 17:26:11,0,0,3.5,0.25,0,94.25,1.25,0,0
2022-07-15 17:26:10,0,0,5.037783,0,0,93.45088,1.2594458,0,0
2022-07-15 17:26:09,0,0,4.5,0.5,0,91.75,2.25,0.5,0
2022-07-15 17:26:08,0,0,5.513784,0,0,92.73183,1.5037594,0,0
2022-07-15 17:26:07,0,0,5.955335,0.248139,0,91.56328,1.2406948,0.248139,0.248139
2022-07-15 17:26:06,0,0,4,0,0,94.5,0.75,0.25,0.25
2022-07-15 17:26:05,0,0,5.236908,0.2493766,0,92.76808,0.9975062,0.2493766,0.2493766
2022-07-15 17:26:04,0,0,5.236908,0,0,92.5187,1.2468828,0.2493766,0
2022-07-15 17:26:03,0,0,4.522613,0.2512563,0,92.71357,1.2562814,0.2512563,0.2512563
2022-07-15 17:26:02,0,0,4.260652,0.2506266,0,93.23308,1.5037594,0,0
2022-07-15 17:26:01,0,0,5.012531,0.2506266,0,91.4787,2.005013,0.2506266,0
2022-07-15 17:26:00,0,0,4.522613,0,0,93.21608,1.758794,0,0
2022-07-15 17:25:59,0,0,5.025126,0,0,92.21106,2.01005,0,0
2022-07-15 17:25:58,0,0,5,0.25,0,93.25,1,0,0
2022-07-15 17:25:57,0,0,4.71464,0.248139,0,92.80397,1.4888337,0.248139,0
2022-07-15 17:25:56,0,0,5.037783,0.5037783,0,91.93955,1.763224,0.2518892,0
2022-07-15 17:25:55,0,0,4.25,0.5,0,93.5,1.25,0,0
2022-07-15 17:25:54,0,0,6.234414,0.2493766,0,90.27431,1.995012,0.2493766,0.2493766
2022-07-15 17:25:53,0,0,3.508772,0,0,94.73684,1.5037594,0,0
2022-07-15 17:25:52,0,0,5,0.25,0,92.5,1.25,0,0
2022-07-15 17:25:51,0,0,4.010025,0,0,93.98496,1.5037594,0,0
2022-07-15 17:25:50,0,0,5.263158,0,0,92.4812,2.005013,0,0
2022-07-15 17:25:49,0,0,4.477612,0.2487562,0,93.28358,0.9950249,0.4975124,0
2022-07-15 17:25:48,0,0,5.012531,0.7518797,0,92.23058,1.5037594,0,0
2022-07-15 17:25:47,0,0,4.511278,0,0,92.73183,2.005013,0.2506266,0
2022-07-15 17:25:46,0,0,5.5,0.75,0,91.5,1.75,0,0
2022-07-15 17:25:45,0,0,4,0.25,0,93.25,1.25,0.25,0.25
2022-07-15 17:25:44,0,0,4.75,0.5,0,91.5,2,0.5,0
2022-07-15 17:25:43,0,0,5.276382,0,0,92.71357,1.5075377,0,0
2022-07-15 17:25:42,0,0,4.738155,0.2493766,0,93.01746,1.4962594,0.2493766,0
2022-07-15 17:25:41,0,0,4.987531,0.2493766,0,91.5212,1.745636,0.2493766,0
2022-07-15 17:25:40,0,0,4.522613,0,0,93.71859,1.5075377,0,0
2022-07-15 17:25:39,0,0,5,0,0,93,1.5,0.25,0
2022-07-15 17:25:38,0,0,4.71464,0.248139,0,93.30025,0.9925558,0.248139,0
2022-07-15 17:25:37,0,0,5.25,0.5,0,91.5,1.25,0.25,0
2022-07-15 17:25:36,0,0,4.239401,0,0,93.76559,1.4962594,0,0
2022-07-15 17:25:35,0,0,4.773869,0.2512563,0,92.71357,1.758794,0,0
2022-07-15 17:25:34,0,0,5.5,0,0,92.75,1,0,0.25
2022-07-15 17:25:33,0,0,4.466501,0.248139,0,93.79653,0.9925558,0.248139,0
2022-07-15 17:25:32,0,0,5.037783,0,0,93.19899,1.2594458,0,0
2022-07-15 17:25:31,0,0,4.488778,0.2493766,0,92.76808,1.745636,0,0
2022-07-15 17:25:30,0,0,4.987531,0.2493766,0,91.5212,1.995012,0.4987531,0
2022-07-15 17:25:29,0,0,4.511278,0.2506266,0,93.98496,1.0025063,0.2506266,0
2022-07-15 17:25:28,0,0,6.5,0,0,83.5,2,0.25,1.75
2022-07-15 17:25:27,0,0,3.768844,0.2512563,0,93.71859,1.0050251,0,0
2022-07-15 17:25:26,0,0,5.25,0.25,0,92.25,1.5,0.25,0
2022-07-15 17:25:25,0,0,4.207921,0.2475248,0,93.56436,1.2376238,0,0
2022-07-15 17:25:24,0,0,5.037783,0,0,93.19899,1.2594458,0,0
2022-07-15 17:25:23,0,0,4.738155,0.2493766,0,93.51621,0.7481297,0.2493766,0
2022-07-15 17:25:22,0,0,5,0.25,0,92.25,1.75,0.25,0
2022-07-15 17:25:21,0,0,4.522613,0.2512563,0,93.21608,1.2562814,0.2512563,0
2022-07-15 17:25:20,0,0,5.970149,0,0,91.79104,1.2437811,0.2487562,0.2487562
2022-07-15 17:25:19,0,0,3.75,0.25,0,94.25,1.25,0,0
2022-07-15 17:25:18,0,0,5.263158,0.2506266,0,93.48371,1.0025063,0,0
2022-07-15 17:25:17,0,0,4.25,0,0,90,5,0.25,0
2022-07-15 17:25:16,0,0,5.012531,0.2506266,0,92.4812,1.5037594,0.2506266,0
2022-07-15 17:25:15,0,0,4.726368,0.2487562,0,92.78607,1.741294,0.2487562,0
2022-07-15 17:25:14,0,0,4.79798,0,0,93.93939,1.010101,0,0
2022-07-15 17:25:13,0,0,4.987531,0.2493766,0,92.5187,1.4962594,0.2493766,0
2022-07-15 17:25:12,0,0,4.773869,0,0,93.21608,1.5075377,0,0
2022-07-15 17:25:11,0,0,5.25,0.25,0,91.5,1.5,0.25,0.25
2022-07-15 17:25:10,0,0,4.488778,0,0,92.76808,1.745636,0.4987531,0
2022-07-15 17:25:09,0,0,6.060606,0.2525253,0,92.17172,1.2626263,0,0
2022-07-15 17:25:08,0,0,5.223881,0.2487562,0,91.79104,1.2437811,0.4975124,0.7462687
2022-07-15 17:25:07,0,0,3.25,0.25,0,95.25,0.75,0,0
2022-07-15 17:25:06,0,0,4.228856,0,0,93.28358,1.2437811,0.2487562,0.4975124
2022-07-15 17:25:05,0,0,5.236908,0,0,91.77057,2.244389,0.2493766,0
2022-07-15 17:25:04,0,0,5,0,0,93,1.5,0.25,0
2022-07-15 17:25:03,0,0,4.773869,0.2512563,0,93.46734,1.2562814,0,0
2022-07-15 17:25:02,0,0,4.761905,0.5012531,0,92.98246,1.0025063,0.2506266,0
2022-07-15 17:25:01,0,0,5.25,0.25,0,91.75,2,0.25,0
2022-07-15 17:25:00,0,0,4.5,0.25,0,94,0.75,0,0
2022-07-15 17:24:59,0,0,4.987531,0,0,92.26933,0.9975062,0.4987531,0.2493766
2022-07-15 17:24:58,0,0,4.271357,0,0,94.47236,1.0050251,0,0
2022-07-15 17:24:57,0,0,5.223881,0.2487562,0,92.28856,1.4925373,0.2487562,0
2022-07-15 17:24:56,0,0,4.534005,0.2518892,0,94.45844,0.7556675,0,0
2022-07-15 17:24:55,0,0,4.962779,0,0,93.05211,1.4888337,0.248139,0
2022-07-15 17:24:54,0,0,5.012531,0,0,92.73183,1.5037594,0.2506266,0
2022-07-15 17:24:53,0,0,5.5,0.25,0,90.5,2.5,0.25,0
2022-07-15 17:24:52,0,0,3.75,0.25,0,94,1.5,0.25,0
2022-07-15 17:24:51,0,0,5.050505,0.2525253,0,92.42424,1.5151515,0,0
2022-07-15 17:24:50,0,0,4.738155,0.2493766,0,92.26933,1.995012,0.2493766,0
2022-07-15 17:24:49,0,0,4.75,0.25,0,92.75,1.25,0.25,0
2022-07-15 17:24:48,0,0,4.773869,0.2512563,0,92.71357,2.01005,0,0
2022-07-15 17:24:47,0,0,4.962779,0.248139,0,93.05211,1.2406948,0.248139,0
2022-07-15 17:24:46,0,0,4.511278,0.2506266,0,92.4812,1.5037594,0.7518797,0
2022-07-15 17:24:45,0,0,5.012531,0.2506266,0,92.73183,1.5037594,0,0
2022-07-15 17:24:44,0,0,4.239401,0,0,91.77057,1.745636,0.2493766,1.4962594
2022-07-15 17:24:43,0,0,4.271357,0,0,94.22111,1.2562814,0,0
2022-07-15 17:24:42,0,0,4.738155,0.2493766,0,93.01746,1.4962594,0,0
2022-07-15 17:24:41,0,0,4.030227,0.2518892,0,93.95466,1.0075567,0.2518892,0
2022-07-15 17:24:40,0,0,5.223881,0.2487562,0,93.28358,0.7462687,0.2487562,0
2022-07-15 17:24:39,0,0,4.010025,0,0,93.98496,1.2531328,0,0
2022-07-15 17:24:38,0,0,5,0.25,0,92.75,1.5,0.25,0
2022-07-15 17:24:37,0,0,4.488778,0.2493766,0,93.51621,0.9975062,0.2493766,0
2022-07-15 17:24:36,0,0,4.773869,0.2512563,0,93.46734,1.2562814,0,0
2022-07-15 17:24:35,0,0,5.012531,0.2506266,0,92.73183,1.5037594,0.2506266,0
2022-07-15 17:24:34,0,0,4,0.5,0,92.75,2,0,0
2022-07-15 17:24:33,0,0,4.962779,0.248139,0,92.30769,0.9925558,0.248139,0
2022-07-15 17:24:32,0,0,3.759398,0.2506266,0,94.23559,1.2531328,0.2506266,0
2022-07-15 17:24:31,0,0,5.263158,0.2506266,0,92.73183,1.2531328,0,0
2022-07-15 17:24:30,0,0,4.488778,0.2493766,0,93.26683,1.4962594,0.2493766,0
2022-07-15 17:24:29,0,0,5,0,0,93.5,1.25,0,0
2022-07-15 17:24:28,0,0,4.511278,0,0,93.48371,1.0025063,0.5012531,0
2022-07-15 17:24:27,0,0,5,0,0,92.5,1.25,0.25,0.5
2022-07-15 17:24:26,0,0,3.75,0,0,93,1.5,0.25,1
2022-07-15 17:24:25,0,0,4.455446,0.4950495,0,92.82178,1.4851485,0.2475248,0
2022-07-15 17:24:24,0,0,4.534005,0,0,93.95466,1.2594458,0,0
2022-07-15 17:24:23,0,0,4.5,0,0,92.75,2.25,0,0
2022-07-15 17:24:22,0,0,4.987531,0.2493766,0,93.01746,0.9975062,0.2493766,0
2022-07-15 17:24:21,0,0,4.271357,0,0,94.22111,1.0050251,0.2512563,0
2022-07-15 17:24:20,0,0,5,0,0,93.5,1,0.25,0
2022-07-15 17:24:19,0,0,4.5,0.5,0,92.75,1.75,0,0
2022-07-15 17:24:18,0,0,5.012531,0.2506266,0,91.97995,1.5037594,0.2506266,0
2022-07-15 17:24:17,0,0,3.990025,0.2493766,0,93.51621,1.4962594,0.2493766,0
2022-07-15 17:24:16,0,0,4.25,0,0,93.5,1.75,0.25,0
2022-07-15 17:24:15,0,0,4.987531,0,0,92.01995,1.4962594,0.2493766,0
2022-07-15 17:24:14,0,0,4.260652,0.5012531,0,93.73434,0.7518797,0.5012531,0
2022-07-15 17:24:13,0,0,4.761905,0,0,93.23308,1.2531328,0.2506266,0
2022-07-15 17:24:12,0,0,4.75,0.5,0,92.75,1.5,0,0
2022-07-15 17:24:11,0,0,4.511278,0,0,93.48371,1.2531328,0.2506266,0.2506266
2022-07-15 17:24:10,0,0,4.726368,0.2487562,0,92.53731,1.741294,0.2487562,0
2022-07-15 17:24:09,0,0,5.472637,0.2487562,0,92.53731,0.9950249,0,0
2022-07-15 17:24:08,0,0,3.759398,0,0,93.48371,1.5037594,0.5012531,0.2506266
2022-07-15 17:24:07,0,0,4.761905,0.2506266,0,91.97995,1.754386,0,0
2022-07-15 17:24:06,0,0,4.030227,0.2518892,0,94.20655,1.2594458,0,0
2022-07-15 17:24:05,0,0,5.012531,0,0,93.23308,1.0025063,0.5012531,0
2022-07-15 17:24:04,0,0,4.75,0.5,0,93.25,1.25,0,0
2022-07-15 17:24:03,0,0,4.75,0,0,94,0.75,0.25,0
2022-07-15 17:24:02,0,0,4.511278,0.2506266,0,93.23308,1.5037594,0.2506266,0
2022-07-15 17:24:01,0,0,4.761905,0,0,93.23308,1.2531328,0.2506266,0
2022-07-15 17:24:00,0,0,4.75,0.25,0,93,1.25,0,0
2022-07-15 17:23:59,0,0,4.738155,0.2493766,0,92.76808,1.2468828,0.7481297,0
2022-07-15 17:23:58,0,0,4.773869,0.2512563,0,93.46734,1.2562814,0,0
2022-07-15 17:23:57,0,0,4.761905,0,0,92.98246,1.2531328,0.5012531,0.2506266
2022-07-15 17:23:56,0,0,4.522613,0,0,94.22111,1.0050251,0,0
2022-07-15 17:23:55,0,0,4.228856,0.2487562,0,93.28358,1.4925373,0.2487562,0
2022-07-15 17:23:54,0,0,4.761905,0.2506266,0,93.23308,1.2531328,0.2506266,0
2022-07-15 17:23:53,0,0,4.303797,0.2531646,0,93.67089,1.0126582,0.2531646,0
2022-07-15 17:23:52,0,0,5.527638,0.5025126,0,91.20603,1.758794,0.2512563,0.5025126
2022-07-15 17:23:51,0,0,3.25,0.25,0,93.75,1.75,0,0.25
2022-07-15 17:23:50,0,0,5,0,0,92.5,1.75,0,0.25
2022-07-15 17:23:49,0,0,4.207921,0.4950495,0,92.57426,2.227723,0.2475248,0
2022-07-15 17:23:48,0,0,5.050505,0,0,92.67677,1.5151515,0.2525253,0
2022-07-15 17:23:47,0,0,4.488778,0.2493766,0,92.76808,1.745636,0,0
2022-07-15 17:23:46,0,0,5.012531,0,0,92.73183,1.5037594,0.7518797,0
2022-07-15 17:23:45,0,0,4.477612,0.2487562,0,93.28358,1.2437811,0.2487562,0
2022-07-15 17:23:44,0,0,4.5,0.25,0,93,1.75,0.5,0
2022-07-15 17:23:43,0,0,4.75,0,0,92.75,1.5,0.25,0
2022-07-15 17:23:42,0,0,4.738155,0.2493766,0,92.01995,1.4962594,0.4987531,0
2022-07-15 17:23:41,0,0,4.761905,0.2506266,0,92.23058,1.754386,0.2506266,0
2022-07-15 17:23:40,0,0,4,0,0,93.75,1.5,0,0
2022-07-15 17:23:39,0,0,4.511278,0,0,93.23308,1.5037594,0.2506266,0
2022-07-15 17:23:38,0,0,4.987531,0.2493766,0,93.26683,0.7481297,0.2493766,0
2022-07-15 17:23:37,0,0,4.5,0,0,93.75,1.25,0.25,0
2022-07-15 17:23:36,0,0,4.488778,0.4987531,0,93.51621,0.7481297,0.2493766,0
2022-07-15 17:23:35,0,0,4.511278,0.2506266,0,93.48371,1.2531328,0.2506266,0
2022-07-15 17:23:34,0,0,5,0.25,0,92.5,1.5,0.25,0
2022-07-15 17:23:33,0,0,3.778338,0.2518892,0,94.45844,1.2594458,0,0
2022-07-15 17:23:32,0,0,4.975124,0.4975124,0,91.79104,1.99005,0.2487562,0.2487562
2022-07-15 17:23:31,0,0,4.522613,0.2512563,0,93.71859,1.0050251,0,0
2022-07-15 17:23:30,0,0,4.511278,0.2506266,0,92.98246,1.754386,0.2506266,0
2022-07-15 17:23:29,0,0,4.738155,0,0,93.51621,1.2468828,0.2493766,0
2022-07-15 17:23:28,0,0,4.25,0.25,0,94,0.75,0,0
2022-07-15 17:23:27,0,0,4.975124,0,0,93.78109,1.2437811,0,0
2022-07-15 17:23:26,0,0,4.271357,0,0,93.71859,1.5075377,0.2512563,0
2022-07-15 17:23:25,0,0,5,0,0,92.25,1.75,0.25,0
2022-07-15 17:23:24,0,0,4.25,0,0,93.75,1.75,0,0
2022-07-15 17:23:23,0,0,4.511278,0.2506266,0,93.73434,0.7518797,0,0
2022-07-15 17:23:22,0,0,4.761905,0,0,92.98246,1.754386,0.2506266,0
2022-07-15 17:23:21,0,0,4.260652,0.5012531,0,93.48371,0.7518797,0.5012531,0
2022-07-15 17:23:20,0,0,4.738155,0.2493766,0,92.5187,1.745636,0,0
2022-07-15 17:23:19,0,0,4.761905,0.2506266,0,93.48371,1.2531328,0,0
2022-07-15 17:23:18,0,0,4.5,0.25,0,92.75,1.75,0.25,0
2022-07-15 17:23:17,0,0,4.75,0.25,0,92.5,2,0.25,0
2022-07-15 17:23:16,0,0,5.513784,0,0,92.4812,1.5037594,0,0
2022-07-15 17:23:15,0,0,3.990025,0,0,92.5187,2.244389,0.4987531,0.2493766
2022-07-15 17:23:14,0,0,4.534005,0.5037783,0,91.68766,1.2594458,0.2518892,1.0075567
2022-07-15 17:23:13,0,0,3.970223,0.4962779,0,93.05211,1.736973,0.248139,0.248139
2022-07-15 17:23:12,0,0,5.012531,0,0,92.73183,1.754386,0.2506266,0
2022-07-15 17:23:11,0,0,4.511278,0,0,93.73434,1.0025063,0.2506266,0
2022-07-15 17:23:10,0,0,4.522613,0.2512563,0,92.96482,2.01005,0,0
2022-07-15 17:23:09,0,0,4.962779,0.4962779,0,92.30769,1.4888337,0.4962779,0
2022-07-15 17:23:08,0,0,4.773869,0,0,92.96482,1.2562814,0.2512563,0
2022-07-15 17:23:07,0,0,4.010025,0.2506266,0,93.73434,1.5037594,0.2506266,0
2022-07-15 17:23:06,0,0,4.488778,0.2493766,0,92.76808,1.4962594,0.2493766,0.2493766
2022-07-15 17:23:05,0,0,5.276382,0,0,92.71357,1.5075377,0.2512563,0
2022-07-15 17:23:04,0,0,4.738155,0.2493766,0,92.76808,1.4962594,0.2493766,0
2022-07-15 17:23:03,0,0,4.511278,0,0,93.98496,1.2531328,0,0
2022-07-15 17:23:02,0,0,4.761905,0,0,92.98246,1.754386,0.5012531,0
2022-07-15 17:23:01,0,0,4.271357,0.2512563,0,93.21608,1.758794,0,0
2022-07-15 17:23:00,0,0,4.726368,0,0,93.03483,1.741294,0.2487562,0
2022-07-15 17:22:59,0,0,5.012531,0.2506266,0,91.72932,1.754386,0.2506266,0
2022-07-15 17:22:58,0,0,4.010025,0,0,94.73684,0.7518797,0.2506266,0
2022-07-15 17:22:57,0,0,4.488778,0,0,94.26434,0.9975062,0,0
2022-07-15 17:22:56,0,0,4.75,0.25,0,92.5,1.75,0.25,0
2022-07-15 17:22:55,0,0,4.522613,0,0,93.96985,1.2562814,0,0
2022-07-15 17:22:54,0,0,4.455446,0,0,93.81188,0.990099,0.4950495,0
2022-07-15 17:22:53,0,0,4.75,0,0,92.25,2,0,0
2022-07-15 17:22:52,0,0,4.282116,0.2518892,0,93.95466,1.2594458,0,0
2022-07-15 17:22:51,0,0,5,0.5,0,91.75,1.75,0.5,0
2022-07-15 17:22:50,0,0,4.260652,0.2506266,0,93.73434,1.2531328,0,0
2022-07-15 17:22:49,0,0,5.5,0,0,90.5,2.5,0.5,0.25
2022-07-15 17:22:48,0,0,4.010025,0.2506266,0,92.98246,1.754386,0,0.5012531
2022-07-15 17:22:47,0,0,3.75,0.25,0,94,1.5,0.25,0
2022-07-15 17:22:46,0,0,4.477612,0,0,94.02985,0.9950249,0,0
2022-07-15 17:22:45,0,0,4.761905,0,0,92.98246,2.005013,0.2506266,0
2022-07-15 17:22:44,0,0,4.75,0,0,93.5,1.25,0,0
2022-07-15 17:22:43,0,0,4.488778,0,0,94.01496,0.9975062,0.2493766,0
2022-07-15 17:22:42,0,0,4.738155,0.2493766,0,93.26683,0.9975062,0.4987531,0
2022-07-15 17:22:41,0,0,4.79798,0.2525253,0,92.67677,1.010101,0,0.2525253
2022-07-15 17:22:40,0,0,4.511278,0,0,92.98246,2.005013,0.2506266,0
2022-07-15 17:22:39,0,0,4.738155,0.2493766,0,93.26683,1.2468828,0.2493766,0
2022-07-15 17:22:38,0,0,4.962779,0,0,92.30769,1.985112,0.248139,0
2022-07-15 17:22:37,0,0,4.511278,0,0,94.23559,1.2531328,0,0
2022-07-15 17:22:36,0,0,4.75,0.25,0,92.25,1.75,0.5,0
2022-07-15 17:22:35,0,0,4.282116,0.2518892,0,93.45088,1.763224,0,0
2022-07-15 17:22:34,0,0,4.975124,0.2487562,0,92.78607,0.7462687,0.2487562,0
2022-07-15 17:22:33,0,0,5.223881,0.2487562,0,92.28856,1.99005,0.2487562,0
2022-07-15 17:22:32,0,0,3.526448,0.2518892,0,93.95466,1.0075567,0.2518892,0
2022-07-15 17:22:31,0,0,4.25,0,0,93.5,1.25,0.5,0
2022-07-15 17:22:30,0,0,4.75,0.25,0,93.5,1.25,0,0
2022-07-15 17:22:29,0,0,4.75,0,0,92.5,1.75,0.5,0
2022-07-15 17:22:28,0,0,4.477612,0.2487562,0,93.28358,1.4925373,0.2487562,0
2022-07-15 17:22:27,0,0,4.987531,0,0,93.51621,1.2468828,0,0
2022-07-15 17:22:26,0,0,4.761905,0,0,92.73183,1.754386,0.2506266,0
2022-07-15 17:22:25,0,0,4.488778,0.2493766,0,93.76559,1.2468828,0,0
2022-07-15 17:22:24,0,0,4.488778,0.4987531,0,93.26683,0.9975062,0.2493766,0
2022-07-15 17:22:23,0,0,5.486284,0,0,92.01995,1.745636,0.2493766,0
2022-07-15 17:22:22,0,0,4.260652,0.5012531,0,93.73434,1.2531328,0,0
2022-07-15 17:22:21,0,0,3.759398,0.2506266,0,93.48371,1.5037594,0,0.2506266
2022-07-15 17:22:20,0,0,5.459057,0.4962779,0,91.067,2.48139,0.248139,0
2022-07-15 17:22:19,0,0,4.25,0,0,93.75,1.25,0.25,0
2022-07-15 17:22:18,0,0,4.761905,0,0,93.23308,1.5037594,0.2506266,0
2022-07-15 17:22:17,0,0,4.761905,0.2506266,0,93.73434,0.7518797,0.2506266,0
2022-07-15 17:22:16,0,0,4.726368,0,0,93.28358,1.2437811,0.2487562,0.2487562
2022-07-15 17:22:15,0,0,5.025126,0.2512563,0,92.71357,1.5075377,0.2512563,0
2022-07-15 17:22:14,0,0,3.759398,0,0,93.98496,1.754386,0.2506266,0
2022-07-15 17:22:13,0,0,4.75,0.25,0,92.75,1.5,0.25,0
2022-07-15 17:22:12,0,0,4.726368,0.2487562,0,93.03483,1.2437811,0.2487562,0.2487562
2022-07-15 17:22:11,0,0,6.015038,0.2506266,0,89.97494,2.255639,0.7518797,0
2022-07-15 17:22:10,0,0,4.773869,0.2512563,0,93.46734,1.2562814,0,0
2022-07-15 17:22:09,0,0,4.511278,0.2506266,0,92.98246,1.5037594,0.2506266,0
2022-07-15 17:22:08,0,0,5,0,0,93.25,1.5,0,0
2022-07-15 17:22:07,0,0,4.228856,0,0,93.03483,1.4925373,0.2487562,0
2022-07-15 17:22:06,0,0,5,0.25,0,92,1.75,0,0.25
2022-07-15 17:22:05,0,0,4.511278,0.2506266,0,93.48371,1.2531328,0,0
2022-07-15 17:22:04,0,0,4.773869,0,0,93.96985,0.7537688,0.2512563,0
2022-07-15 17:22:03,0,0,4.738155,0,0,93.76559,1.2468828,0.2493766,0
2022-07-15 17:22:02,0,0,4.25,0,0,94,1.25,0,0
2022-07-15 17:22:01,0,0,5.012531,0,0,92.23058,1.2531328,0.2506266,0
2022-07-15 17:22:00,0,0,4.260652,0,0,94.23559,1.0025063,0.2506266,0
2022-07-15 17:21:59,0,0,4.5,0.5,0,92.5,1.75,0.25,0
2022-07-15 17:21:58,0,0,4.761905,0,0,92.73183,2.005013,0.2506266,0
2022-07-15 17:21:57,0,0,4.488778,0.2493766,0,93.76559,0.9975062,0,0
2022-07-15 17:21:56,0,0,4.773869,0,0,92.71357,1.758794,0.2512563,0
2022-07-15 17:21:55,0,0,4.738155,0.2493766,0,92.26933,1.4962594,0.2493766,0.2493766
2022-07-15 17:21:54,0,0,3.740648,0.2493766,0,93.01746,2.244389,0.4987531,0
2022-07-15 17:21:53,0,0,5.025126,0.2512563,0,92.96482,1.0050251,0.2512563,0
2022-07-15 17:21:52,0,0,4.477612,0.2487562,0,92.78607,1.741294,0.2487562,0
2022-07-15 17:21:51,0,0,4.522613,0,0,93.46734,1.5075377,0,0
2022-07-15 17:21:50,0,0,4.260652,0.2506266,0,93.98496,1.2531328,0.2506266,0
2022-07-15 17:21:49,0,0,5.721393,0,0,91.04478,2.238806,0.2487562,0
2022-07-15 17:21:48,0,0,3.274559,0,0,94.96222,0.7556675,0.2518892,0
2022-07-15 17:21:47,0,0,4.75,0.25,0,92.75,1.5,0,0
2022-07-15 17:21:46,0,0,4.738155,0,0,93.51621,0.9975062,0.2493766,0
2022-07-15 17:21:45,0,0,4,0.25,0,93.75,1.25,0.25,0
2022-07-15 17:21:44,0,0,4.987531,0.2493766,0,92.5187,1.745636,0.2493766,0
2022-07-15 17:21:43,0,0,4.488778,0,0,93.51621,1.2468828,0.2493766,0
2022-07-15 17:21:42,0,0,4.761905,0.2506266,0,92.98246,1.2531328,0.2506266,0.2506266
2022-07-15 17:21:41,0,0,4.738155,0.2493766,0,92.5187,1.2468828,0.2493766,0
2022-07-15 17:21:40,0,0,4.534005,0,0,90.6801,1.511335,0,2.267003
2022-07-15 17:21:39,0,0,3.731343,0.4975124,0,93.78109,1.2437811,0.2487562,0.2487562
2022-07-15 17:21:38,0,0,4.738155,0.2493766,0,93.01746,1.4962594,0.2493766,0
2022-07-15 17:21:37,0,0,4.75,0,0,94,1,0,0
2022-07-15 17:21:36,0,0,4.5,0.25,0,92.75,1.75,0.5,0
2022-07-15 17:21:35,0,0,4.738155,0,0,93.01746,1.745636,0.2493766,0
2022-07-15 17:21:34,0,0,4.761905,0.2506266,0,93.48371,1.0025063,0.2506266,0
2022-07-15 17:21:33,0,0,4.511278,0,0,93.73434,1.2531328,0,0
2022-07-15 17:21:32,0,0,4.761905,0.5012531,0,92.23058,2.005013,0.2506266,0
2022-07-15 17:21:31,0,0,4.75,0.25,0,92,1.75,0.25,0
2022-07-15 17:21:30,0,0,4.987531,0,0,92.26933,1.745636,0.4987531,0
2022-07-15 17:21:29,0,0,4.738155,0.2493766,0,92.76808,0.7481297,0.4987531,0
2022-07-15 17:21:28,0,0,3.508772,0,0,93.98496,1.5037594,0.2506266,0
2022-07-15 17:21:27,0,0,4.522613,0,0,93.71859,1.5075377,0,0
2022-07-15 17:21:26,0,0,4.75,0,0,92.75,2,0.25,0
2022-07-15 17:21:25,0,0,4.5,0.25,0,93,1.75,0,0
2022-07-15 17:21:24,0,0,5,0,0,93,1.25,0.25,0
2022-07-15 17:21:23,0,0,4.75,0.5,0,93.25,1.25,0,0
2022-07-15 17:21:22,0,0,4.271357,0.2512563,0,91.9598,1.758794,0,1.2562814
2022-07-15 17:21:21,0,0,4.5,0,0,93.25,1.5,0.25,0
2022-07-15 17:21:20,0,0,4.975124,0,0,93.53234,0.9950249,0.2487562,0
2022-07-15 17:21:19,0,0,4.75,0.5,0,93,1.25,0,0
2022-07-15 17:21:18,0,0,4.511278,0,0,93.98496,1.2531328,0,0
2022-07-15 17:21:17,0,0,4.75,0,0,93.5,1,0.5,0
2022-07-15 17:21:16,0,0,4.228856,0.2487562,0,93.03483,1.741294,0.2487562,0
2022-07-15 17:21:15,0,0,4.987531,0,0,93.01746,1.4962594,0.2493766,0
2022-07-15 17:21:14,0,0,4.75,0,0,93.5,1.5,0,0
2022-07-15 17:21:13,0,0,4.5,0.25,0,93.75,0.75,0,0
2022-07-15 17:21:12,0,0,4.511278,0.2506266,0,93.48371,1.2531328,0.2506266,0
2022-07-15 17:21:11,0,0,4.726368,0,0,92.53731,1.4925373,0.2487562,0.2487562
2022-07-15 17:21:10,0,0,5.25,0.5,0,92.75,0.5,0.25,0
2022-07-15 17:21:09,0,0,4.488778,0.2493766,0,93.51621,1.2468828,0.2493766,0
2022-07-15 17:21:08,0,0,5.012531,0,0,92.73183,1.2531328,0.5012531,0
2022-07-15 17:21:07,0,0,4.738155,0.2493766,0,93.26683,1.4962594,0,0
2022-07-15 17:21:06,0,0,4.761905,0.2506266,0,93.23308,1.0025063,0.2506266,0
2022-07-15 17:21:05,0,0,5.210918,0.248139,0,92.05955,1.736973,0,0
2022-07-15 17:21:04,0,0,5.276382,0.2512563,0,92.46231,1.2562814,0.2512563,0
2022-07-15 17:21:03,0,0,4.239401,0.2493766,0,93.51621,0.7481297,0.4987531,0
2022-07-15 17:21:02,0,0,4.010025,0,0,93.73434,1.0025063,0.2506266,0.2506266
2022-07-15 17:21:01,0,0,4.5,0,0,94.25,1,0,0
2022-07-15 17:21:00,0,0,4.738155,0.2493766,0,93.51621,0.9975062,0,0
2022-07-15 17:20:59,0,0,4.477612,0.2487562,0,93.53234,0.9950249,0.4975124,0
2022-07-15 17:20:58,0,0,5.037783,0,0,93.45088,1.2594458,0,0
2022-07-15 17:20:57,0,0,4,0.25,0,94,1.25,0.25,0
2022-07-15 17:20:56,0,0,5.75,0.5,0,91,1.25,0.25,0.5
2022-07-15 17:20:55,0,0,3.75,0.25,0,93.25,2,0.25,0
2022-07-15 17:20:54,0,0,4.761905,0.2506266,0,93.48371,1.2531328,0,0
2022-07-15 17:20:53,0,0,4.5,0.25,0,93.25,1.25,0.25,0
2022-07-15 17:20:52,0,0,4.271357,0,0,93.46734,1.758794,0,0
2022-07-15 17:20:51,0,0,5.012531,0.5012531,0,92.4812,1.5037594,0.2506266,0
2022-07-15 17:20:50,0,0,4.5,0,0,93,1.75,0.25,0
2022-07-15 17:20:49,0,0,5.263158,0.2506266,0,91.72932,2.506266,0,0
2022-07-15 17:20:48,0,0,4.75,0,0,93.25,1.5,0,0
2022-07-15 17:20:47,0,0,4.773869,0.2512563,0,92.46231,1.5075377,0.2512563,0
2022-07-15 17:20:46,0,0,4.239401,0.4987531,0,92.76808,1.745636,0.4987531,0
2022-07-15 17:20:45,0,0,3.9801,0,0,94.27861,0.9950249,0.2487562,0
2022-07-15 17:20:44,0,0,4.761905,0.2506266,0,93.48371,1.2531328,0,0
2022-07-15 17:20:43,0,0,4.738155,0.2493766,0,92.5187,1.995012,0,0
2022-07-15 17:20:42,0,0,4.511278,0,0,93.73434,1.5037594,0,0
2022-07-15 17:20:41,0,0,5.037783,0,0,92.69521,1.511335,0.2518892,0
2022-07-15 17:20:40,0,0,4.228856,0.4975124,0,93.78109,1.2437811,0,0
2022-07-15 17:20:39,0,0,5.025126,0,0,93.46734,1.2562814,0,0
2022-07-15 17:20:38,0,0,4,0.25,0,94,1,0.25,0
2022-07-15 17:20:37,0,0,5.012531,0.2506266,0,92.23058,1.754386,0,0
2022-07-15 17:20:36,0,0,4.738155,0.2493766,0,92.26933,1.2468828,0.4987531,0
2022-07-15 17:20:35,0,0,3.508772,0.2506266,0,94.98747,1.0025063,0,0
2022-07-15 17:20:34,0,0,5.012531,0.2506266,0,92.73183,1.754386,0,0
2022-07-15 17:20:33,0,0,3.9801,0.2487562,0,93.28358,1.99005,0,0
2022-07-15 17:20:32,0,0,5.025126,0.2512563,0,92.71357,1.2562814,0.2512563,0.2512563
2022-07-15 17:20:31,0,0,4.5,0,0,93.25,1.75,0,0
2022-07-15 17:20:30,0,0,4.511278,0.2506266,0,93.48371,1.2531328,0,0
2022-07-15 17:20:29,0,0,4.975124,0,0,91.54229,2.238806,0.4975124,0
2022-07-15 17:20:28,0,0,3.990025,0.2493766,0,93.51621,1.745636,0,0
2022-07-15 17:20:27,0,0,4.785894,0.2518892,0,92.9471,1.2594458,0,0
2022-07-15 17:20:26,0,0,4.25,0.25,0,94,1,0.25,0
2022-07-15 17:20:25,0,0,4.75,0,0,92.25,2,0.5,0
2022-07-15 17:20:24,0,0,4.511278,0.2506266,0,92.98246,1.754386,0.2506266,0
2022-07-15 17:20:23,0,0,4.726368,0.2487562,0,93.03483,1.2437811,0.2487562,0
2022-07-15 17:20:22,0,0,4.511278,0,0,93.73434,1.2531328,0,0.2506266
2022-07-15 17:20:21,0,0,4.738155,0.2493766,0,92.5187,1.995012,0.2493766,0
2022-07-15 17:20:20,0,0,4.271357,0,0,94.22111,1.0050251,0,0
2022-07-15 17:20:19,0,0,4.239401,0.2493766,0,93.26683,1.745636,0.2493766,0
2022-07-15 17:20:18,0,0,4.522613,0.5025126,0,92.96482,1.758794,0,0
2022-07-15 17:20:17,0,0,4.738155,0.2493766,0,92.26933,1.995012,0.2493766,0
2022-07-15 17:20:16,0,0,4.511278,0,0,94.48622,0.7518797,0.2506266,0
2022-07-15 17:20:15,0,0,4.71464,0.4962779,0,91.56328,2.48139,0,0
2022-07-15 17:20:14,0,0,4.239401,0.2493766,0,93.76559,1.4962594,0.2493766,0
2022-07-15 17:20:13,0,0,5.025126,0.2512563,0,92.96482,1.5075377,0,0
2022-07-15 17:20:12,0,0,4.239401,0,0,94.26434,0.7481297,0.2493766,0
2022-07-15 17:20:11,0,0,5.541562,0.5037783,0,91.68766,1.511335,0,0
2022-07-15 17:20:10,0,0,3.990025,0.2493766,0,93.76559,1.4962594,0,0
2022-07-15 17:20:09,0,0,4.030227,0,0,93.95466,1.2594458,0.2518892,0
2022-07-15 17:20:08,0,0,4.25,0.5,0,93.25,1.5,0,0
2022-07-15 17:20:07,0,0,4.522613,0.2512563,0,93.21608,1.5075377,0,0
2022-07-15 17:20:06,0,0,4.71464,0.248139,0,93.30025,1.2406948,0.248139,0
2022-07-15 17:20:05,0,0,5.25,0.25,0,93,1,0,0
2022-07-15 17:20:04,0,0,4.488778,0,0,93.26683,1.745636,0.2493766,0
2022-07-15 17:20:03,0,0,4.785894,0.2518892,0,91.18388,1.0075567,0.2518892,0.2518892
2022-07-15 17:20:02,0,0,3.731343,0.2487562,0,94.02985,0.9950249,0.4975124,0
2022-07-15 17:20:01,0,0,4.726368,0.2487562,0,93.03483,1.2437811,0.2487562,0
2022-07-15 17:20:00,0,0,4.522613,0,0,93.96985,1.2562814,0,0
2022-07-15 17:19:59,0,0,4.488778,0.4987531,0,93.26683,1.2468828,0.2493766,0
2022-07-15 17:19:58,0,0,4.726368,0.2487562,0,93.28358,1.741294,0,0
2022-07-15 17:19:57,0,0,4.75,0,0,93,1.25,0.5,0
2022-07-15 17:19:56,0,0,4.488778,0.2493766,0,93.76559,0.9975062,0.2493766,0
2022-07-15 17:19:55,0,0,4.75,0.25,0,92.25,2.25,0,0
2022-07-15 17:19:54,0,0,4.987531,0.2493766,0,92.76808,0.7481297,0,0
2022-07-15 17:19:53,0,0,3.740648,0,0,94.01496,1.4962594,0.2493766,0
2022-07-15 17:19:52,0,0,4.477612,0.7462687,0,93.03483,0.7462687,0.2487562,0.2487562
2022-07-15 17:19:51,0,0,4.534005,0.5037783,0,93.45088,1.2594458,0,0
2022-07-15 17:19:50,0,0,4.71464,0,0,93.30025,1.2406948,0.248139,0
2022-07-15 17:19:49,0,0,4.5,0,0,93.25,1.75,0,0
2022-07-15 17:19:48,0,0,4.271357,0.5025126,0,93.21608,1.5075377,0.2512563,0
2022-07-15 17:19:47,0,0,5,0,0,92.75,1.5,0,0
2022-07-15 17:19:46,0,0,4,0.25,0,93.5,1.75,0.25,0
2022-07-15 17:19:45,0,0,5,0,0,93,1.25,0.25,0
2022-07-15 17:19:44,0,0,4.260652,0.2506266,0,93.23308,1.5037594,0,0
2022-07-15 17:19:43,0,0,5.210918,0.4962779,0,90.57072,1.2406948,0.248139,1.2406948
2022-07-15 17:19:42,0,0,3.25,0.25,0,94.25,1.5,0.25,0
2022-07-15 17:19:41,0,0,4.761905,0,0,92.98246,1.5037594,0.2506266,0
2022-07-15 17:19:40,0,0,4.488778,0.4987531,0,93.26683,1.4962594,0,0
2022-07-15 17:19:39,0,0,4.738155,0,0,93.01746,1.4962594,0.2493766,0
2022-07-15 17:19:38,0,0,4.522613,0,0,93.71859,1.2562814,0.2512563,0
2022-07-15 17:19:37,0,0,5.236908,0.2493766,0,93.01746,1.2468828,0,0
2022-07-15 17:19:36,0,0,3.508772,0.2506266,0,93.48371,1.2531328,0.2506266,0
2022-07-15 17:19:35,0,0,4.5,0,0,93.5,1.5,0.25,0
2022-07-15 17:19:34,0,0,4.761905,0.2506266,0,93.48371,1.2531328,0,0
2022-07-15 17:19:33,0,0,4.975124,0.2487562,0,92.28856,1.99005,0.2487562,0
2022-07-15 17:19:32,0,0,4.25,0,0,94.25,1,0.25,0
2022-07-15 17:19:31,0,0,4.511278,0.2506266,0,92.4812,1.754386,0.2506266,0
2022-07-15 17:19:30,0,0,4.987531,0.2493766,0,92.5187,1.745636,0,0
2022-07-15 17:19:29,0,0,4.271357,0.5025126,0,93.46734,1.2562814,0.2512563,0
2022-07-15 17:19:28,0,0,5.012531,0,0,93.23308,1.0025063,0.2506266,0
2022-07-15 17:19:27,0,0,4.239401,0.4987531,0,93.26683,0.7481297,0.7481297,0
2022-07-15 17:19:26,0,0,4.477612,0.2487562,0,93.03483,1.4925373,0,0.2487562
2022-07-15 17:19:25,0,0,4.761905,0,0,93.73434,1.2531328,0.2506266,0
2022-07-15 17:19:24,0,0,4.511278,0,0,93.23308,1.754386,0,0
2022-07-15 17:19:23,0,0,4.75,0,0,93,1.5,0.25,0
2022-07-15 17:19:22,0,0,4.511278,0.2506266,0,93.23308,1.5037594,0,0
2022-07-15 17:19:21,0,0,4.522613,0,0,92.96482,1.758794,0,0
2022-07-15 17:19:20,0,0,4.75,0.25,0,93.25,1.25,0.25,0
2022-07-15 17:19:19,0,0,4.5,0.25,0,92.5,2.25,0.25,0
2022-07-15 17:19:18,0,0,5.513784,0.2506266,0,91.4787,2.005013,0.2506266,0
2022-07-15 17:19:17,0,0,3.491272,0,0,94.26434,1.4962594,0.4987531,0
2022-07-15 17:19:16,0,0,5.037783,0.2518892,0,91.93955,1.763224,0,0
2022-07-15 17:19:15,0,0,3.731343,0,0,94.77612,0.7462687,0.2487562,0
2022-07-15 17:19:14,0,0,5.037783,0.2518892,0,93.19899,1.0075567,0.2518892,0
2022-07-15 17:19:13,0,0,5.012531,0.2506266,0,93.23308,0.7518797,0.2506266,0
2022-07-15 17:19:12,0,0,4.25,0.25,0,93.75,1.5,0.25,0
2022-07-15 17:19:11,0,0,4.75,0.25,0,92.5,2,0,0
2022-07-15 17:19:10,0,0,5.012531,0,0,92.73183,1.5037594,0,0
2022-07-15 17:19:09,0,0,4.260652,0.2506266,0,93.48371,1.2531328,0.2506266,0.2506266
2022-07-15 17:19:08,0,0,4.5,0.25,0,92.75,1.5,0.25,0
2022-07-15 17:19:07,0,0,4.25,0,0,93.25,2,0.25,0
2022-07-15 17:19:06,0,0,4.975124,0.2487562,0,92.28856,1.741294,0.2487562,0
2022-07-15 17:19:05,0,0,5.012531,0,0,92.73183,1.754386,0.2506266,0
2022-07-15 17:19:04,0,0,5.513784,0.5012531,0,92.23058,1.5037594,0,0
2022-07-15 17:19:03,0,0,4.260652,0,0,93.73434,1.2531328,0.2506266,0
2022-07-15 17:19:02,0,0,4.785894,0.2518892,0,93.19899,1.511335,0,0
2022-07-15 17:19:01,0,0,5.445545,0.4950495,0,90.59406,2.227723,0.2475248,0.2475248
2022-07-15 17:19:00,0,0,3.526448,0,0,95.21411,1.0075567,0.2518892,0
2022-07-15 17:18:59,0,0,5,0.25,0,93,1.25,0,0.25
2022-07-15 17:18:58,0,0,4.260652,0.2506266,0,92.98246,1.754386,0.2506266,0
2022-07-15 17:18:57,0,0,4.75,0,0,93,1.5,0.25,0
2022-07-15 17:18:56,0,0,4.726368,0.2487562,0,93.03483,1.4925373,0.2487562,0
2022-07-15 17:18:55,0,0,4.761905,0.2506266,0,93.23308,1.2531328,0,0
2022-07-15 17:18:54,0,0,4.726368,0.4975124,0,92.78607,1.4925373,0.2487562,0
2022-07-15 17:18:53,0,0,4.271357,0,0,92.96482,1.758794,0.2512563,0
2022-07-15 17:18:52,0,0,4.75,0.5,0,92.5,2,0,0
2022-07-15 17:18:51,0,0,4.785894,0,0,93.19899,1.511335,0,0
2022-07-15 17:18:50,0,0,4.477612,0.4975124,0,93.53234,0.9950249,0.2487562,0
2022-07-15 17:18:49,0,0,3.759398,0,0,94.23559,1.0025063,0,0.2506266
2022-07-15 17:18:48,0,0,4.239401,0.2493766,0,93.51621,1.2468828,0,0
2022-07-15 17:18:47,0,0,4.761905,0,0,93.73434,1.0025063,0.2506266,0
2022-07-15 17:18:46,0,0,4.228856,0.2487562,0,93.53234,1.4925373,0,0
2022-07-15 17:18:45,0,0,4.773869,0,0,93.46734,1.2562814,0.2512563,0
2022-07-15 17:18:44,0,0,5.012531,0,0,93.48371,1.2531328,0,0
2022-07-15 17:18:43,0,0,4.010025,0.5012531,0,92.73183,1.5037594,0.2506266,0
2022-07-15 17:18:42,0,0,4.228856,0,0,94.02985,0.9950249,0.2487562,0.2487562
2022-07-15 17:18:41,0,0,4.5,0.25,0,93.75,1.25,0,0
2022-07-15 17:18:40,0,0,4.785894,0.2518892,0,93.19899,1.2594458,0,0
2022-07-15 17:18:39,0,0,4.239401,0.2493766,0,93.26683,1.4962594,0.2493766,0
2022-07-15 17:18:38,0,0,4.975124,0.4975124,0,92.78607,0.9950249,0.2487562,0
2022-07-15 17:18:37,0,0,4.488778,0,0,93.51621,1.745636,0,0
2022-07-15 17:18:36,0,0,4.5,0.25,0,94,1,0,0
2022-07-15 17:18:35,0,0,5,0.25,0,92.5,1.75,0,0
2022-07-15 17:18:34,0,0,3.491272,0,0,93.01746,0.9975062,0.4987531,1.4962594
2022-07-15 17:18:33,0,0,4.761905,0,0,93.23308,1.5037594,0.2506266,0
2022-07-15 17:18:32,0,0,4.020101,0,0,93.96985,1.2562814,0.2512563,0
2022-07-15 17:18:31,0,0,4.987531,0.2493766,0,93.01746,1.2468828,0,0
2022-07-15 17:18:30,0,0,4.522613,0.2512563,0,92.96482,1.5075377,0.2512563,0
2022-07-15 17:18:29,0,0,4.488778,0,0,94.26434,0.4987531,0.2493766,0.2493766
2022-07-15 17:18:28,0,0,4.75,0,0,93.25,1.25,0,0
2022-07-15 17:18:27,0,0,4.25,0.25,0,93.75,1.25,0.25,0
2022-07-15 17:18:26,0,0,5,0.25,0,93.5,1.25,0,0
2022-07-15 17:18:25,0,0,5.764411,0.2506266,0,90.72682,2.005013,0.2506266,0
2022-07-15 17:18:24,0,0,3.233831,0.2487562,0,94.77612,0.9950249,0.2487562,0
2022-07-15 17:18:23,0,0,4.785894,0,0,93.45088,1.511335,0,0
2022-07-15 17:18:22,0,0,3.712871,0,0,94.55446,0.990099,0.2475248,0
2022-07-15 17:18:21,0,0,4.785894,0.2518892,0,92.19144,2.015113,0.5037783,0
2022-07-15 17:18:20,0,0,4.25,0.25,0,94,0.5,0.25,0
2022-07-15 17:18:19,0,0,4.761905,0,0,93.73434,1.2531328,0,0
2022-07-15 17:18:18,0,0,4.738155,0.2493766,0,93.26683,1.2468828,0.2493766,0
2022-07-15 17:18:17,0,0,5,0.5,0,90,2,0,1.75
2022-07-15 17:18:16,0,0,3.759398,0.5012531,0,94.23559,1.2531328,0.2506266,0
2022-07-15 17:18:15,0,0,4.477612,0.2487562,0,92.78607,1.4925373,0,0
2022-07-15 17:18:14,0,0,5,0.5,0,92.5,1.5,0.25,0
2022-07-15 17:18:13,0,0,4.260652,0.2506266,0,92.98246,1.754386,0.2506266,0
2022-07-15 17:18:12,0,0,5.012531,0.2506266,0,92.73183,1.2531328,0.5012531,0
2022-07-15 17:18:11,0,0,4.25,0.25,0,93.75,1,0,0
2022-07-15 17:18:10,0,0,4.761905,0.2506266,0,92.98246,1.5037594,0.2506266,0
2022-07-15 17:18:09,0,0,4.761905,0,0,93.48371,1.5037594,0,0
2022-07-15 17:18:08,0,0,4.761905,0.5012531,0,91.97995,1.754386,0,0
2022-07-15 17:18:07,0,0,4.020101,0,0,93.96985,1.2562814,0.2512563,0
2022-07-15 17:18:06,0,0,4.987531,0.4987531,0,92.76808,1.4962594,0,0
2022-07-15 17:18:05,0,0,4.987531,0,0,93.01746,0.9975062,0.2493766,0
2022-07-15 17:18:04,0,0,4.511278,0,0,93.23308,2.005013,0,0
2022-07-15 17:18:03,0,0,4.488778,0,0,94.01496,1.2468828,0.2493766,0
2022-07-15 17:18:02,0,0,4.738155,0.2493766,0,93.26683,0.9975062,0.2493766,0
2022-07-15 17:18:01,0,0,4.71464,0,0,91.81141,2.48139,0.248139,0
2022-07-15 17:18:00,0,0,4.303797,0,0,94.68354,0.7594937,0,0
2022-07-15 17:17:59,0,0,4.975124,0.4975124,0,91.79104,2.238806,0.2487562,0
2022-07-15 17:17:58,0,0,5.25,0.5,0,90.5,2,0.25,0.5
2022-07-15 17:17:57,0,0,3.508772,0.2506266,0,94.23559,1.5037594,0.2506266,0
2022-07-15 17:17:56,0,0,4.5,0.5,0,92.25,1.5,0,0.25
2022-07-15 17:17:55,0,0,3.9801,0,0,94.02985,1.2437811,0.2487562,0
2022-07-15 17:17:54,0,0,4.810127,0,0,93.16456,1.772152,0,0
2022-07-15 17:17:53,0,0,3.990025,0.2493766,0,94.01496,0.9975062,0.2493766,0
2022-07-15 17:17:52,0,0,5.012531,0.2506266,0,92.98246,1.2531328,0,0
2022-07-15 17:17:51,0,0,4.282116,0,0,93.95466,1.2594458,0,0
2022-07-15 17:17:50,0,0,4.488778,0.2493766,0,92.76808,1.4962594,0.2493766,0
2022-07-15 17:17:49,0,0,4.260652,0,0,93.98496,1.2531328,0.2506266,0
2022-07-15 17:17:48,0,0,4.477612,0,0,93.53234,1.4925373,0.2487562,0
2022-07-15 17:17:47,0,0,4.534005,0.5037783,0,93.19899,1.2594458,0,0
2022-07-15 17:17:46,0,0,4.738155,0.2493766,0,93.01746,1.4962594,0.2493766,0
2022-07-15 17:17:45,0,0,4.239401,0.2493766,0,92.76808,1.995012,0,0
2022-07-15 17:17:44,0,0,4.488778,0,0,93.01746,1.995012,0.2493766,0
2022-07-15 17:17:43,0,0,4.75,0.5,0,93,1.75,0,0
2022-07-15 17:17:42,0,0,5.778894,0.2512563,0,91.70854,1.2562814,0.2512563,0
2022-07-15 17:17:41,0,0,3.007519,0.2506266,0,94.73684,1.2531328,0.2506266,0
2022-07-15 17:17:40,0,0,4.761905,0.2506266,0,92.98246,1.5037594,0.2506266,0
2022-07-15 17:17:39,0,0,4.239401,0.2493766,0,92.5187,1.995012,0.4987531,0
2022-07-15 17:17:38,0,0,4.987531,0,0,93.26683,1.2468828,0.2493766,0
2022-07-15 17:17:37,0,0,4.522613,0.2512563,0,93.71859,1.0050251,0.2512563,0
2022-07-15 17:17:36,0,0,4.5,0.25,0,93.5,1.5,0,0
2022-07-15 17:17:35,0,0,4.488778,0,0,93.76559,1.2468828,0.2493766,0
2022-07-15 17:17:34,0,0,4.260652,0.2506266,0,93.73434,1.5037594,0,0
2022-07-15 17:17:33,0,0,4.75,0,0,93.5,1.25,0.25,0
2022-07-15 17:17:32,0,0,5.970149,0.2487562,0,90.29851,1.4925373,0.4975124,0.2487562
2022-07-15 17:17:31,0,0,3.517588,0,0,92.96482,2.512563,0.2512563,0.2512563
2022-07-15 17:17:30,0,0,4.466501,0.4962779,0,92.55583,1.2406948,0.248139,0.4962779
2022-07-15 17:17:29,0,0,3.517588,0.5025126,0,94.22111,1.2562814,0.2512563,0
2022-07-15 17:17:28,0,0,4.75,0,0,93.25,1.25,0.5,0
2022-07-15 17:17:27,0,0,4.477612,0,0,93.28358,1.4925373,0,0
2022-07-15 17:17:26,0,0,4.5,0.25,0,92.75,1.75,0.25,0
2022-07-15 17:17:25,0,0,4.522613,0,0,93.96985,1.0050251,0.2512563,0
2022-07-15 17:17:24,0,0,5.5,0.25,0,89.75,2,0,1.5
2022-07-15 17:17:23,0,0,3.75,0.25,0,93.75,1.5,0.25,0
2022-07-15 17:17:22,0,0,4.5,0.25,0,94.75,0.5,0,0
2022-07-15 17:17:21,0,0,4.773869,0.2512563,0,91.9598,2.01005,0.2512563,0
2022-07-15 17:17:20,0,0,4.5,0,0,93.75,1,0.25,0
2022-07-15 17:17:19,0,0,4.773869,0,0,92.96482,1.758794,0.2512563,0
2022-07-15 17:17:18,0,0,4.271357,0,0,93.96985,1.0050251,0.2512563,0
2022-07-15 17:17:17,0,0,4.738155,0.2493766,0,93.76559,0.7481297,0.2493766,0
2022-07-15 17:17:16,0,0,4.25,0,0,93.75,1,0.5,0
2022-07-15 17:17:15,0,0,4.975124,0,0,92.28856,1.4925373,0.2487562,0
2022-07-15 17:17:14,0,0,4.271357,0.5025126,0,92.71357,1.758794,0.2512563,0
2022-07-15 17:17:13,0,0,4.260652,0.2506266,0,93.48371,1.5037594,0.2506266,0
2022-07-15 17:17:12,0,0,4.987531,0.2493766,0,93.26683,1.2468828,0,0
2022-07-15 17:17:11,0,0,4.511278,0,0,93.23308,1.5037594,0,0
2022-07-15 17:17:10,0,0,4.477612,0.2487562,0,93.78109,0.9950249,0,0
2022-07-15 17:17:09,0,0,4.511278,0,0,93.98496,1.2531328,0,0
2022-07-15 17:17:08,0,0,6.733167,0,0,91.02244,1.745636,0,0.2493766
2022-07-15 17:17:07,0,0,4.522613,0,0,93.96985,1.0050251,0.2512563,0.2512563
2022-07-15 17:17:06,0,0,3.517588,0,0,93.71859,1.2562814,0.5025126,0.7537688
2022-07-15 17:17:05,0,0,4.239401,0.2493766,0,93.76559,0.9975062,0,0
2022-07-15 17:17:04,0,0,5.223881,0,0,91.04478,1.741294,0.2487562,0.2487562
2022-07-15 17:17:03,0,0,3.508772,0,0,93.48371,1.754386,0.2506266,0.5012531
2022-07-15 17:17:02,0,0,4.75,0.5,0,92.75,1.75,0,0
2022-07-15 17:17:01,0,0,4.260652,0.2506266,0,93.48371,1.0025063,0.2506266,0
2022-07-15 17:17:00,0,0,4.488778,0,0,93.51621,1.2468828,0.2493766,0
2022-07-15 17:16:59,0,0,4.522613,0.2512563,0,93.96985,1.0050251,0,0
2022-07-15 17:16:58,0,0,4.761905,0.2506266,0,93.48371,1.2531328,0,0
2022-07-15 17:16:57,0,0,4.522613,0.2512563,0,92.21106,1.5075377,0.2512563,0
2022-07-15 17:16:56,0,0,4.271357,0.2512563,0,93.96985,1.0050251,0.2512563,0
2022-07-15 17:16:55,0,0,4.738155,0.2493766,0,92.76808,1.995012,0,0
2022-07-15 17:16:54,0,0,4.477612,0,0,94.02985,0.9950249,0.2487562,0
2022-07-15 17:16:53,0,0,4.79798,0,0,93.93939,1.010101,0,0
2022-07-15 17:16:52,0,0,4.260652,0.2506266,0,93.73434,1.2531328,0,0
2022-07-15 17:16:51,0,0,4.75,0,0,92.5,1.5,0.25,0
2022-07-15 17:16:50,0,0,4.488778,0.2493766,0,93.51621,1.2468828,0.2493766,0
2022-07-15 17:16:49,0,0,5.276382,0.2512563,0,92.21106,1.758794,0,0
2022-07-15 17:16:48,0,0,3.731343,0,0,94.27861,1.2437811,0.4975124,0
2022-07-15 17:16:47,0,0,4.271357,0.2512563,0,93.96985,1.2562814,0,0
2022-07-15 17:16:46,0,0,4.738155,0,0,94.01496,0.9975062,0,0
2022-07-15 17:16:45,0,0,4.271357,0.2512563,0,93.21608,1.5075377,0.2512563,0
2022-07-15 17:16:44,0,0,4.5,0,0,94,0.75,0.25,0
2022-07-15 17:16:43,0,0,4.75,0,0,93.5,1.25,0,0
2022-07-15 17:16:42,0,0,4.260652,0,0,93.73434,1.5037594,0,0
2022-07-15 17:16:41,0,0,5.012531,0.5012531,0,91.97995,1.2531328,0.2506266,0
2022-07-15 17:16:40,0,0,4.239401,0,0,93.76559,1.4962594,0.2493766,0
2022-07-15 17:16:39,0,0,5.527638,0.2512563,0,91.9598,1.5075377,0,0
2022-07-15 17:16:38,0,0,3.482587,0.7462687,0,94.27861,0.9950249,0.2487562,0
2022-07-15 17:16:37,0,0,5.263158,0.2506266,0,91.72932,1.754386,0,0.2506266
2022-07-15 17:16:36,0,0,3.778338,0.2518892,0,94.20655,1.0075567,0,0
2022-07-15 17:16:35,0,0,4.761905,0,0,93.48371,1.2531328,0.2506266,0
2022-07-15 17:16:34,0,0,4.466501,0.248139,0,93.30025,1.2406948,0.248139,0
2022-07-15 17:16:33,0,0,4.534005,0,0,93.70277,1.2594458,0.2518892,0
2022-07-15 17:16:32,0,0,4.5,0.25,0,93,1.75,0.25,0
2022-07-15 17:16:31,0,0,5.289673,0,0,90.6801,1.763224,0,1.2594458
2022-07-15 17:16:30,0,0,3.740648,0.2493766,0,94.26434,1.2468828,0.2493766,0
2022-07-15 17:16:29,0,0,4.511278,0.2506266,0,92.98246,1.754386,0.2506266,0
2022-07-15 17:16:28,0,0,4.71464,0.248139,0,92.80397,1.736973,0,0
2022-07-15 17:16:27,0,0,4.292929,0.2525253,0,93.68687,1.2626263,0.2525253,0
2022-07-15 17:16:26,0,0,4.738155,0,0,93.51621,1.2468828,0.2493766,0
2022-07-15 17:16:25,0,0,4.738155,0.2493766,0,93.51621,1.2468828,0,0
2022-07-15 17:16:24,0,0,4.71464,0.4962779,0,92.80397,1.2406948,0.4962779,0
2022-07-15 17:16:23,0,0,4.5,0.25,0,93.75,1,0.25,0
2022-07-15 17:16:22,0,0,4.511278,0.2506266,0,92.73183,1.5037594,0,0
2022-07-15 17:16:21,0,0,4.040404,0.2525253,0,93.43434,1.2626263,0.2525253,0
2022-07-15 17:16:20,0,0,4.962779,0.248139,0,92.80397,1.2406948,0.4962779,0
2022-07-15 17:16:19,0,0,4.511278,0,0,93.73434,1.2531328,0.2506266,0
2022-07-15 17:16:18,0,0,4.761905,0.2506266,0,93.23308,1.5037594,0,0
2022-07-15 17:16:17,0,0,4.477612,0,0,94.02985,0.9950249,0.2487562,0
2022-07-15 17:16:16,0,0,4.75,0.25,0,93.5,1,0,0
2022-07-15 17:16:15,0,0,4.522613,0,0,93.21608,1.758794,0.2512563,0
2022-07-15 17:16:14,0,0,4.488778,0.4987531,0,92.76808,1.4962594,0.2493766,0
2022-07-15 17:16:13,0,0,5.25,0,0,92,1.75,0.25,0
2022-07-15 17:16:12,0,0,4.010025,0.2506266,0,93.73434,1.5037594,0,0
2022-07-15 17:16:11,0,0,4.71464,0,0,92.55583,1.736973,0.248139,0
2022-07-15 17:16:10,0,0,4.239401,0.4987531,0,92.26933,1.2468828,0.2493766,0.2493766
2022-07-15 17:16:09,0,0,5.276382,0.2512563,0,92.96482,1.2562814,0.2512563,0
2022-07-15 17:16:08,0,0,4.761905,0.2506266,0,92.73183,2.005013,0,0
2022-07-15 17:16:07,0,0,4.761905,0,0,93.23308,1.754386,0,0
2022-07-15 17:16:06,0,0,5.012531,0.5012531,0,92.98246,1.0025063,0,0
2022-07-15 17:16:05,0,0,6.015038,0.2506266,0,90.47619,1.5037594,0.2506266,0.2506266
2022-07-15 17:16:04,0,0,3.75,0,0,95.25,0.75,0,0
2022-07-15 17:16:03,0,0,4.738155,0.2493766,0,93.51621,0.9975062,0.2493766,0
2022-07-15 17:16:02,0,0,5,0.25,0,93.25,1.25,0,0
2022-07-15 17:16:01,0,0,5.012531,0.2506266,0,92.73183,1.5037594,0,0
2022-07-15 17:16:00,0,0,4.5,0.25,0,93.25,1.5,0.25,0
2022-07-15 17:15:59,0,0,5.223881,0.2487562,0,92.28856,1.741294,0,0
2022-07-15 17:15:58,0,0,4.511278,0,0,93.48371,1.754386,0,0
2022-07-15 17:15:57,0,0,4.962779,0.248139,0,92.80397,1.4888337,0.248139,0
2022-07-15 17:15:56,0,0,5.555556,0.5050505,0,91.41414,1.767677,0,0
2022-07-15 17:15:55,0,0,3.517588,0,0,95.22613,0.7537688,0.2512563,0
2022-07-15 17:15:54,0,0,4.962779,0,0,92.80397,1.985112,0,0
2022-07-15 17:15:53,0,0,4.511278,0.2506266,0,93.73434,1.0025063,0,0
2022-07-15 17:15:52,0,0,4.761905,0.2506266,0,93.48371,1.0025063,0.2506266,0
2022-07-15 17:15:51,0,0,5.025126,0.5025126,0,91.9598,1.5075377,0.5025126,0
2022-07-15 17:15:50,0,0,4.488778,0.2493766,0,93.26683,1.2468828,0.2493766,0
2022-07-15 17:15:49,0,0,5.236908,0.2493766,0,92.5187,1.4962594,0.2493766,0
2022-07-15 17:15:48,0,0,4.271357,0.2512563,0,93.21608,1.5075377,0.2512563,0
2022-07-15 17:15:47,0,0,5.25,0.5,0,92.25,1.75,0,0
2022-07-15 17:15:46,0,0,5.012531,0,0,92.4812,1.754386,0,0
2022-07-15 17:15:45,0,0,3.990025,0.2493766,0,93.51621,1.2468828,0,0.2493766
2022-07-15 17:15:44,0,0,5.276382,0.5025126,0,92.21106,1.0050251,0.2512563,0
2022-07-15 17:15:43,0,0,4.020101,0.2512563,0,94.22111,1.2562814,0,0
2022-07-15 17:15:42,0,0,4.987531,0.2493766,0,92.26933,1.745636,0.2493766,0
2022-07-15 17:15:41,0,0,4.534005,0,0,93.19899,1.511335,0.2518892,0
2022-07-15 17:15:40,0,0,5.025126,0.2512563,0,93.21608,1.2562814,0,0
2022-07-15 17:15:39,0,0,4.488778,0.2493766,0,93.51621,1.2468828,0.2493766,0
2022-07-15 17:15:38,0,0,5.263158,0,0,92.73183,1.5037594,0,0
2022-07-15 17:15:37,0,0,4.207921,0.2475248,0,93.56436,1.2376238,0,0.2475248
2022-07-15 17:15:36,0,0,4.761905,0,0,93.73434,1.2531328,0.2506266,0
2022-07-15 17:15:35,0,0,5.276382,0.2512563,0,92.96482,1.0050251,0.2512563,0
2022-07-15 17:15:34,0,0,4.5,0.25,0,94,1,0,0
2022-07-15 17:15:33,0,0,5.223881,0.2487562,0,92.28856,1.4925373,0.4975124,0
2022-07-15 17:15:32,0,0,4.545455,0,0,93.68687,1.2626263,0,0
2022-07-15 17:15:31,0,0,5.223881,0.2487562,0,91.54229,2.238806,0.2487562,0
2022-07-15 17:15:30,0,0,4.75,0.5,0,92.25,2,0.25,0
2022-07-15 17:15:29,0,0,5,0.25,0,92,1.25,0.5,0
2022-07-15 17:15:28,0,0,4.511278,0,0,93.23308,1.754386,0.2506266,0
2022-07-15 17:15:27,0,0,4.488778,0.2493766,0,92.76808,1.745636,0,0.2493766
2022-07-15 17:15:26,0,0,5.223881,0.2487562,0,92.78607,1.2437811,0.2487562,0
2022-07-15 17:15:25,0,0,4.522613,0,0,92.96482,2.01005,0,0
2022-07-15 17:15:24,0,0,4.773869,0,0,92.71357,2.01005,0.2512563,0
2022-07-15 17:15:23,0,0,4.773869,0.2512563,0,93.21608,1.2562814,0,0
2022-07-15 17:15:22,0,0,4.773869,0,0,92.96482,1.2562814,0.2512563,0
2022-07-15 17:15:21,0,0,5.223881,0.2487562,0,92.0398,1.741294,0.2487562,0
2022-07-15 17:15:20,0,0,4.5,0,0,94.25,0.5,0.5,0
2022-07-15 17:15:19,0,0,5.263158,0.2506266,0,91.72932,1.754386,0,0
2022-07-15 17:15:18,0,0,4.020101,0,0,94.22111,1.2562814,0.2512563,0
2022-07-15 17:15:17,0,0,4.761905,1.0025063,0,89.72431,1.2531328,0.2506266,1.5037594
2022-07-15 17:15:16,0,0,4.5,0.25,0,93.5,1.5,0,0
2022-07-15 17:15:15,0,0,4.488778,0.2493766,0,93.76559,0.7481297,0.2493766,0
2022-07-15 17:15:14,0,0,5,0.25,0,93.25,1.25,0,0
2022-07-15 17:15:13,0,0,4.738155,0.2493766,0,93.26683,1.2468828,0,0
2022-07-15 17:15:12,0,0,5.541562,0.2518892,0,91.43577,1.763224,0.2518892,0
2022-07-15 17:15:11,0,0,3.740648,0.2493766,0,94.01496,0.9975062,0.2493766,0
2022-07-15 17:15:10,0,0,4.987531,0.2493766,0,93.51621,0.9975062,0,0
2022-07-15 17:15:09,0,0,4.738155,0.2493766,0,92.76808,1.2468828,0.2493766,0.2493766
2022-07-15 17:15:08,0,0,5.012531,0,0,93.23308,1.5037594,0.2506266,0
2022-07-15 17:15:07,0,0,4.738155,0,0,93.26683,1.4962594,0,0
2022-07-15 17:15:06,0,0,4.785894,0,0,93.19899,1.763224,0,0
2022-07-15 17:15:05,0,0,5.707196,0.248139,0,90.07444,2.977667,0.248139,0
2022-07-15 17:15:04,0,0,4.282116,0.2518892,0,93.19899,1.511335,0.2518892,0
2022-07-15 17:15:03,0,0,5.721393,0.2487562,0,91.04478,1.99005,0,0
2022-07-15 17:15:02,0,0,3.768844,0,0,95.22613,0.7537688,0.2512563,0
2022-07-15 17:15:01,0,0,4.534005,0,0,93.70277,1.0075567,0,0
2022-07-15 17:15:00,0,0,5.236908,0.7481297,0,92.01995,1.4962594,0.2493766,0
2022-07-15 17:14:59,0,0,4,0.25,0,93.25,2,0.25,0
2022-07-15 17:14:58,0,0,5.276382,0,0,89.69849,4.020101,0.2512563,0
2022-07-15 17:14:57,0,0,4.455446,0.2475248,0,92.57426,2.227723,0.2475248,0
2022-07-15 17:14:56,0,0,5.012531,0.2506266,0,92.98246,1.0025063,0.2506266,0
2022-07-15 17:14:55,0,0,5.012531,0.2506266,0,93.48371,0.7518797,0.2506266,0
2022-07-15 17:14:54,0,0,4.25,0.25,0,93,2.25,0,0
2022-07-15 17:14:53,0,0,4.975124,0,0,93.28358,0.9950249,0.2487562,0
2022-07-15 17:14:52,0,0,4.75,0.25,0,92.75,1.5,0.25,0
2022-07-15 17:14:51,0,0,5.276382,0.2512563,0,91.70854,1.758794,0.2512563,0
2022-07-15 17:14:50,0,0,4.260652,0.2506266,0,93.98496,1.2531328,0,0
2022-07-15 17:14:49,0,0,4,0.25,0,93.5,1.5,0.25,0
2022-07-15 17:14:48,0,0,5.19802,0.2475248,0,92.57426,1.4851485,0.2475248,0
2022-07-15 17:14:47,0,0,4.511278,0,0,94.48622,0.7518797,0,0
2022-07-15 17:14:46,0,0,5.263158,0.2506266,0,92.73183,1.0025063,0.2506266,0
2022-07-15 17:14:45,0,0,4.761905,0.2506266,0,92.23058,1.5037594,0,0.5012531
2022-07-15 17:14:44,0,0,4.25,0.25,0,94,1,0,0
2022-07-15 17:14:43,0,0,4.5,0.25,0,93.5,1,0.25,0
2022-07-15 17:14:42,0,0,4.975124,0,0,92.28856,1.741294,0.2487562,0
2022-07-15 17:14:41,0,0,4.511278,0.2506266,0,92.73183,1.754386,0,0.2506266
2022-07-15 17:14:40,0,0,5,0.5,0,92.75,1,0.5,0
2022-07-15 17:14:39,0,0,4.5,0.25,0,93.75,1.25,0,0
2022-07-15 17:14:38,0,0,5.012531,0.5012531,0,91.97995,1.5037594,0.2506266,0
2022-07-15 17:14:37,0,0,4.726368,0.4975124,0,92.53731,1.4925373,0.2487562,0
2022-07-15 17:14:36,0,0,5.289673,0.2518892,0,92.44332,1.2594458,0,0
2022-07-15 17:14:35,0,0,3.768844,0,0,95.22613,0.5025126,0.2512563,0
2022-07-15 17:14:34,0,0,5.513784,0.5012531,0,91.4787,2.005013,0,0
2022-07-15 17:14:33,0,0,4.25,0,0,93.25,1.5,0.25,0
2022-07-15 17:14:32,0,0,5,0,0,93.5,1,0.25,0
2022-07-15 17:14:31,0,0,4.738155,0.2493766,0,93.01746,1.745636,0,0
2022-07-15 17:14:30,0,0,4.773869,0.2512563,0,93.71859,0.7537688,0.2512563,0
2022-07-15 17:14:29,0,0,4.726368,0,0,93.53234,1.2437811,0.2487562,0
2022-07-15 17:14:28,0,0,4.785894,0.2518892,0,92.44332,1.763224,0.2518892,0
2022-07-15 17:14:27,0,0,4.70297,0.2475248,0,92.07921,2.227723,0.2475248,0
2022-07-15 17:14:26,0,0,5.764411,0.5012531,0,91.97995,1.2531328,0,0
2022-07-15 17:14:25,0,0,3.5,0,0,95,1,0.25,0
2022-07-15 17:14:24,0,0,5.236908,0,0,91.77057,1.995012,0.2493766,0
2022-07-15 17:14:23,0,0,4.020101,0.2512563,0,94.22111,1.0050251,0.2512563,0
2022-07-15 17:14:22,0,0,5.25,0.25,0,92,1.75,0.25,0
2022-07-15 17:14:21,0,0,4.228856,0.2487562,0,93.78109,1.2437811,0.2487562,0
2022-07-15 17:14:20,0,0,5.276382,0.2512563,0,93.21608,1.0050251,0,0
2022-07-15 17:14:19,0,0,5.012531,0.2506266,0,92.73183,1.5037594,0.2506266,0
2022-07-15 17:14:18,0,0,4.5,0.25,0,91,2.25,0,1
2022-07-15 17:14:17,0,0,4.25,0.25,0,93.5,1.5,0,0
2022-07-15 17:14:16,0,0,4.511278,0,0,92.98246,2.005013,0.2506266,0
2022-07-15 17:14:15,0,0,5.25,0.25,0,92.75,1.5,0,0
2022-07-15 17:14:14,0,0,4.761905,0,0,93.23308,1.5037594,0,0.2506266
2022-07-15 17:14:13,0,0,4.75,0,0,94.25,0.5,0.25,0
2022-07-15 17:14:12,0,0,4.987531,0.2493766,0,92.26933,1.4962594,0.2493766,0
2022-07-15 17:14:11,0,0,4.260652,0.2506266,0,93.73434,1.0025063,0.2506266,0
2022-07-15 17:14:10,0,0,5.289673,0.5037783,0,92.19144,1.511335,0.2518892,0
2022-07-15 17:14:09,0,0,5.236908,0,0,90.77307,1.4962594,0,0.9975062
2022-07-15 17:14:08,0,0,4.5,0.25,0,93.75,1,0.25,0
2022-07-15 17:14:07,0,0,4.010025,0.2506266,0,94.23559,1.0025063,0,0.5012531
2022-07-15 17:14:06,0,0,4.271357,0,0,93.46734,1.2562814,0.2512563,0.2512563
2022-07-15 17:14:05,0,0,5,0.25,0,93.75,0.75,0,0
2022-07-15 17:14:04,0,0,4.738155,0.2493766,0,93.26683,0.9975062,0.4987531,0
2022-07-15 17:14:03,0,0,5.037783,0.2518892,0,93.19899,1.2594458,0,0
2022-07-15 17:14:02,0,0,4.761905,0,0,93.48371,1.2531328,0.2506266,0
2022-07-15 17:14:01,0,0,4.773869,0.2512563,0,92.21106,1.5075377,0.5025126,0
2022-07-15 17:14:00,0,0,4.975124,0.2487562,0,92.53731,1.741294,0.2487562,0
2022-07-15 17:13:59,0,0,4.761905,0.2506266,0,92.4812,1.2531328,0,0.2506266
2022-07-15 17:13:58,0,0,4.975124,0.2487562,0,91.54229,2.238806,0.2487562,0
2022-07-15 17:13:57,0,0,3.75,0.5,0,93.5,1.5,0.5,0
2022-07-15 17:13:56,0,0,4.785894,0,0,92.9471,1.763224,0,0
2022-07-15 17:13:55,0,0,4.987531,0.2493766,0,92.76808,1.745636,0,0
2022-07-15 17:13:54,0,0,4.975124,0,0,92.78607,1.741294,0.2487562,0
2022-07-15 17:13:53,0,0,4.511278,0,0,93.98496,1.2531328,0,0
2022-07-15 17:13:52,0,0,5.75,0,0,92.5,1.25,0.25,0
2022-07-15 17:13:51,0,0,3.797468,0,0,93.41772,1.5189873,0.2531646,0.2531646
2022-07-15 17:13:50,0,0,4.75,0.25,0,93,1.5,0.25,0
2022-07-15 17:13:49,0,0,4.75,0,0,94,1,0,0
2022-07-15 17:13:48,0,0,5,0.25,0,92.5,1.75,0.25,0
2022-07-15 17:13:47,0,0,4.5,0.25,0,93.5,1.25,0.25,0
2022-07-15 17:13:46,0,0,5.050505,0.2525253,0,92.67677,1.767677,0,0
2022-07-15 17:13:45,0,0,4.534005,0.5037783,0,92.44332,2.015113,0,0
2022-07-15 17:13:44,0,0,5,0.25,0,92.5,1.5,0.25,0
2022-07-15 17:13:43,0,0,5.735661,0.4987531,0,90.27431,1.995012,0.2493766,0.2493766
2022-07-15 17:13:42,0,0,3.990025,0,0,94.51372,1.2468828,0,0
2022-07-15 17:13:41,0,0,4.761905,0,0,92.23058,2.005013,0.2506266,0
2022-07-15 17:13:40,0,0,5.025126,0,0,93.71859,0.7537688,0.2512563,0
2022-07-15 17:13:39,0,0,4.477612,0.2487562,0,92.28856,2.238806,0.2487562,0
2022-07-15 17:13:38,0,0,4.761905,0,0,92.98246,1.2531328,0.2506266,0
2022-07-15 17:13:37,0,0,4.761905,0.2506266,0,92.73183,2.255639,0,0
2022-07-15 17:13:36,0,0,4.975124,0.2487562,0,92.0398,1.99005,0.2487562,0
2022-07-15 17:13:35,0,0,4.773869,0.2512563,0,92.96482,1.5075377,0,0
2022-07-15 17:13:34,0,0,4.987531,0.2493766,0,92.5187,1.4962594,0.2493766,0
2022-07-15 17:13:33,0,0,5.472637,0,0,92.0398,1.741294,0,0.2487562
2022-07-15 17:13:32,0,0,3.768844,0,0,94.47236,1.0050251,0.2512563,0
2022-07-15 17:13:31,0,0,4.522613,0,0,90.70352,2.261307,0,0.2512563
2022-07-15 17:13:30,0,0,4.260652,0.5012531,0,92.73183,1.5037594,0.2506266,0
2022-07-15 17:13:29,0,0,4.75,0.25,0,93.5,1,0.25,0
2022-07-15 17:13:28,0,0,4.738155,0,0,93.51621,1.2468828,0,0
2022-07-15 17:13:27,0,0,4.761905,0,0,93.23308,1.2531328,0.2506266,0
2022-07-15 17:13:26,0,0,4.975124,0.4975124,0,92.53731,1.4925373,0.2487562,0
2022-07-15 17:13:25,0,0,4.785894,0,0,90.17632,1.763224,0.2518892,1.763224
2022-07-15 17:13:24,0,0,4,0.5,0,93.25,2,0,0
2022-07-15 17:13:23,0,0,4.75,0,0,93.75,1.25,0,0
2022-07-15 17:13:22,0,0,5,0.25,0,92.5,1.5,0,0
2022-07-15 17:13:21,0,0,4.511278,0.2506266,0,92.4812,2.255639,0.2506266,0
2022-07-15 17:13:20,0,0,5,0,0,92.5,1.75,0.25,0
2022-07-15 17:13:19,0,0,4.761905,0.5012531,0,92.4812,1.5037594,0.2506266,0
2022-07-15 17:13:18,0,0,5,0,0,93,1.25,0.25,0.25
2022-07-15 17:13:17,0,0,4.785894,0.2518892,0,92.69521,1.511335,0,0
2022-07-15 17:13:16,0,0,5.276382,0,0,91.70854,2.261307,0,0
2022-07-15 17:13:15,0,0,4.228856,0.4975124,0,93.53234,1.2437811,0.2487562,0
2022-07-15 17:13:14,0,0,4.738155,0.2493766,0,93.01746,1.2468828,0.2493766,0
2022-07-15 17:13:13,0,0,4.761905,0.2506266,0,92.98246,1.5037594,0.2506266,0
2022-07-15 17:13:12,0,0,4.987531,0,0,93.26683,0.9975062,0.2493766,0
2022-07-15 17:13:11,0,0,4.522613,0,0,93.46734,1.5075377,0,0.2512563
2022-07-15 17:13:10,0,0,5.236908,0.2493766,0,92.76808,1.4962594,0,0
2022-07-15 17:13:09,0,0,4.726368,0.2487562,0,92.78607,1.4925373,0.2487562,0
2022-07-15 17:13:08,0,0,4.987531,0,0,93.76559,0.7481297,0.2493766,0
2022-07-15 17:13:07,0,0,4.75,0.5,0,93,1.5,0.25,0
2022-07-15 17:13:06,0,0,5.012531,0.2506266,0,91.97995,1.2531328,0,0
2022-07-15 17:13:05,0,0,5.459057,0.248139,0,90.07444,2.48139,0.248139,0.4962779
2022-07-15 17:13:04,0,0,3.740648,0.2493766,0,94.01496,1.4962594,0.2493766,0
2022-07-15 17:13:03,0,0,4.79798,0.2525253,0,93.43434,1.010101,0.2525253,0
2022-07-15 17:13:02,0,0,4.477612,0.4975124,0,93.28358,1.2437811,0.2487562,0
2022-07-15 17:13:01,0,0,5.289673,0,0,93.19899,1.0075567,0,0
2022-07-15 17:13:00,0,0,5.25,0,0,92.25,2,0.25,0
2022-07-15 17:12:59,0,0,5.025126,0,0,92.46231,1.5075377,0.2512563,0
2022-07-15 17:12:58,0,0,4.5,0.25,0,93.25,1.25,0,0
2022-07-15 17:12:57,0,0,4.477612,0.2487562,0,93.28358,1.741294,0.2487562,0
2022-07-15 17:12:56,0,0,4.738155,0.2493766,0,92.76808,1.4962594,0.2493766,0
2022-07-15 17:12:55,0,0,4.75,0.25,0,93.25,1.25,0.25,0
2022-07-15 17:12:54,0,0,4.785894,0,0,93.45088,1.511335,0,0
2022-07-15 17:12:53,0,0,4.75,0,0,93.25,1,0.75,0
2022-07-15 17:12:52,0,0,4.761905,0.2506266,0,93.23308,1.2531328,0,0
2022-07-15 17:12:51,0,0,5.25,0.5,0,92.25,1.5,0,0
2022-07-15 17:12:50,0,0,4.75,0,0,92.75,1,0.25,0
2022-07-15 17:12:49,0,0,4.25,0.25,0,93.5,1.75,0,0
2022-07-15 17:12:48,0,0,4.020101,0.2512563,0,93.96985,1.2562814,0,0
2022-07-15 17:12:47,0,0,5.236908,0,0,93.26683,0.9975062,0.2493766,0
2022-07-15 17:12:46,0,0,4.71464,0.248139,0,93.30025,0.7444169,0.4962779,0
2022-07-15 17:12:45,0,0,4.511278,0.5012531,0,92.98246,1.5037594,0.2506266,0
2022-07-15 17:12:44,0,0,5.25,0,0,92.5,1.75,0.25,0
2022-07-15 17:12:43,0,0,4.534005,0.2518892,0,92.69521,2.015113,0.2518892,0
2022-07-15 17:12:42,0,0,4.761905,0.2506266,0,92.98246,1.2531328,0,0.2506266
2022-07-15 17:12:41,0,0,4.987531,0.2493766,0,91.77057,2.244389,0.2493766,0
2022-07-15 17:12:40,0,0,4.282116,0.2518892,0,93.45088,1.763224,0,0
2022-07-15 17:12:39,0,0,5.5,0,0,91.25,1.75,0.25,0.25
2022-07-15 17:12:38,0,0,4.511278,0,0,92.98246,1.2531328,0,0
2022-07-15 17:12:37,0,0,4.71464,0.248139,0,93.30025,1.2406948,0.248139,0
2022-07-15 17:12:36,0,0,4.282116,0,0,94.45844,1.0075567,0,0
2022-07-15 17:12:35,0,0,5.012531,0,0,93.48371,1.2531328,0,0
2022-07-15 17:12:34,0,0,4.75,0.5,0,92.25,2,0.25,0
2022-07-15 17:12:33,0,0,4.75,0,0,93,1.75,0,0
2022-07-15 17:12:32,0,0,5.527638,0.2512563,0,92.21106,1.0050251,0.2512563,0
2022-07-15 17:12:31,0,0,3.491272,0.2493766,0,94.26434,1.4962594,0.2493766,0
2022-07-15 17:12:30,0,0,4.761905,0,0,93.73434,1.2531328,0,0
2022-07-15 17:12:29,0,0,4.987531,0.4987531,0,91.5212,1.745636,0.7481297,0
2022-07-15 17:12:28,0,0,4.511278,0,0,92.73183,1.754386,0.2506266,0
2022-07-15 17:12:27,0,0,5.236908,0,0,93.01746,1.2468828,0.2493766,0
2022-07-15 17:12:26,0,0,4.228856,0.2487562,0,93.53234,1.4925373,0,0
2022-07-15 17:12:25,0,0,5.012531,0,0,92.73183,1.2531328,0.2506266,0.2506266
2022-07-15 17:12:24,0,0,4.75,0,0,93,2,0,0
2022-07-15 17:12:23,0,0,5.25,0.25,0,92.75,1.25,0,0
2022-07-15 17:12:22,0,0,3.797468,0.2531646,0,94.17722,1.2658228,0.2531646,0
2022-07-15 17:12:21,0,0,4.962779,0.7444169,0,92.30769,0.9925558,0.4962779,0
2022-07-15 17:12:20,0,0,4.785894,0,0,93.70277,0.7556675,0.2518892,0
2022-07-15 17:12:19,0,0,4.987531,0.2493766,0,93.26683,1.2468828,0.2493766,0
2022-07-15 17:12:18,0,0,4.488778,0.2493766,0,93.26683,1.2468828,0.2493766,0
2022-07-15 17:12:17,0,0,5,0,0,92.5,1.75,0.25,0
2022-07-15 17:12:16,0,0,4.522613,0.2512563,0,94.47236,0.7537688,0,0
2022-07-15 17:12:15,0,0,5.012531,0,0,92.98246,1.754386,0,0
2022-07-15 17:12:14,0,0,4.466501,0.248139,0,94.04467,0.4962779,0.4962779,0
2022-07-15 17:12:13,0,0,5.764411,0.2506266,0,91.4787,1.5037594,0,0.2506266
2022-07-15 17:12:12,0,0,4.466501,0.248139,0,93.54839,0.7444169,0.4962779,0
2022-07-15 17:12:11,0,0,4.030227,0.2518892,0,93.45088,1.511335,0,0
2022-07-15 17:12:10,0,0,4.5,0.25,0,93.25,1.5,0,0
2022-07-15 17:12:09,0,0,4.975124,0,0,93.28358,0.9950249,0.2487562,0
2022-07-15 17:12:08,0,0,4.761905,0.2506266,0,91.97995,2.005013,0.2506266,0
2022-07-15 17:12:07,0,0,5.012531,0.7518797,0,92.4812,1.5037594,0,0
2022-07-15 17:12:06,0,0,4.75,0,0,92.75,1.5,0.25,0.25
2022-07-15 17:12:05,0,0,5.75,0.25,0,91.5,1.5,0,0.25
2022-07-15 17:12:04,0,0,4,0,0,94,1.25,0.25,0
2022-07-15 17:12:03,0,0,5,0.25,0,93,1.25,0.25,0
2022-07-15 17:12:02,0,0,4.25,0,0,93.75,1,0.25,0
2022-07-15 17:12:01,0,0,5.5,0,0,92,1.75,0.25,0
2022-07-15 17:12:00,0,0,4.511278,0.5012531,0,92.73183,2.005013,0,0
2022-07-15 17:11:59,0,0,4.75,0,0,93.25,1.5,0.25,0
2022-07-15 17:11:58,0,0,4.726368,0.4975124,0,92.28856,1.741294,0.2487562,0
2022-07-15 17:11:57,0,0,5.025126,0,0,93.21608,1.5075377,0,0
2022-07-15 17:11:56,0,0,4.987531,0.2493766,0,92.26933,1.2468828,0.4987531,0.2493766
2022-07-15 17:11:55,0,0,4.260652,0.5012531,0,93.73434,1.0025063,0.2506266,0
2022-07-15 17:11:54,0,0,4.522613,0.2512563,0,93.71859,1.0050251,0,0
2022-07-15 17:11:53,0,0,5.025126,0,0,93.21608,1.2562814,0.2512563,0
2022-07-15 17:11:52,0,0,4.738155,0.2493766,0,92.76808,1.995012,0,0
2022-07-15 17:11:51,0,0,4.5,0,0,94,0.75,0.25,0
2022-07-15 17:11:50,0,0,4.738155,0.4987531,0,92.76808,1.2468828,0.4987531,0
2022-07-15 17:11:49,0,0,4.5,0.25,0,92.5,1.75,0,0
2022-07-15 17:11:48,0,0,4.522613,0.5025126,0,93.21608,1.5075377,0.2512563,0
2022-07-15 17:11:47,0,0,4.726368,0.2487562,0,92.53731,1.741294,0.2487562,0
2022-07-15 17:11:46,0,0,4.511278,0.2506266,0,92.98246,1.0025063,0.2506266,0
2022-07-15 17:11:45,0,0,4.534005,0,0,92.9471,1.763224,0.2518892,0
2022-07-15 17:11:44,0,0,4.260652,0.2506266,0,93.73434,1.5037594,0,0
2022-07-15 17:11:43,0,0,4.239401,0.2493766,0,93.76559,0.9975062,0.2493766,0.2493766
2022-07-15 17:11:42,0,0,4.71464,0.248139,0,92.55583,1.985112,0,0
2022-07-15 17:11:41,0,0,4.282116,0,0,94.45844,0.7556675,0.2518892,0
2022-07-15 17:11:40,0,0,4.75,0.25,0,93,1.75,0,0
2022-07-15 17:11:39,0,0,5.276382,0,0,93.21608,0.7537688,0.2512563,0
2022-07-15 17:11:38,0,0,3.482587,0.2487562,0,94.27861,0.7462687,0.2487562,0
2022-07-15 17:11:37,0,0,4.761905,0.2506266,0,93.23308,1.5037594,0,0
2022-07-15 17:11:36,0,0,4,0.5,0,93,1.5,0.5,0
2022-07-15 17:11:35,0,0,5,0.25,0,93,1.25,0,0
2022-07-15 17:11:34,0,0,4.488778,0.2493766,0,93.01746,1.745636,0.2493766,0
2022-07-15 17:11:33,0,0,4.75,0,0,93.75,1.25,0,0
2022-07-15 17:11:32,0,0,4.488778,0.2493766,0,93.76559,1.2468828,0,0
2022-07-15 17:11:31,0,0,4.726368,0,0,92.28856,1.741294,0.4975124,0
2022-07-15 17:11:30,0,0,5.513784,0.2506266,0,91.97995,1.754386,0,0
2022-07-15 17:11:29,0,0,3.258145,0.2506266,0,94.73684,1.2531328,0.2506266,0
2022-07-15 17:11:28,0,0,4.738155,0.2493766,0,93.01746,1.4962594,0.2493766,0
2022-07-15 17:11:27,0,0,4.511278,0.2506266,0,92.73183,1.754386,0,0
2022-07-15 17:11:26,0,0,4.773869,0.2512563,0,93.21608,1.2562814,0.2512563,0
2022-07-15 17:11:25,0,0,4.271357,0,0,93.71859,1.758794,0.2512563,0
2022-07-15 17:11:24,0,0,4.987531,0.2493766,0,92.76808,1.4962594,0,0
2022-07-15 17:11:23,0,0,4.5,0.25,0,93.25,1.75,0,0
2022-07-15 17:11:22,0,0,4.738155,0.2493766,0,92.76808,1.4962594,0.4987531,0
2022-07-15 17:11:21,0,0,4.511278,0.2506266,0,93.23308,1.2531328,0,0
2022-07-15 17:11:20,0,0,4.987531,0.2493766,0,91.27182,0.9975062,0.4987531,1.4962594
2022-07-15 17:11:19,0,0,4.466501,0.4962779,0,92.80397,0.9925558,0,0.248139
2022-07-15 17:11:18,0,0,3.508772,0,0,93.73434,2.005013,0.2506266,0
2022-07-15 17:11:17,0,0,4.738155,0,0,93.51621,1.2468828,0.2493766,0
2022-07-15 17:11:16,0,0,4.70297,0.2475248,0,93.31683,0.7425743,0.2475248,0
2022-07-15 17:11:15,0,0,4.785894,0,0,93.19899,1.511335,0.2518892,0
2022-07-15 17:11:14,0,0,4.761905,0,0,94.23559,0.5012531,0.2506266,0
2022-07-15 17:11:13,0,0,4.511278,0,0,93.73434,1.2531328,0.2506266,0
2022-07-15 17:11:12,0,0,5.223881,0,0,92.28856,1.99005,0,0
2022-07-15 17:11:11,0,0,3.768844,0,0,93.96985,1.2562814,0.2512563,0
2022-07-15 17:11:10,0,0,4.522613,0.2512563,0,93.21608,1.2562814,0.5025126,0
2022-07-15 17:11:09,0,0,4.75,0,0,93.25,1.5,0.25,0
2022-07-15 17:11:08,0,0,4.511278,0.2506266,0,92.98246,1.5037594,0.2506266,0
2022-07-15 17:11:07,0,0,4.738155,0,0,93.26683,1.745636,0,0
2022-07-15 17:11:06,0,0,4.5,0.25,0,93.5,1.25,0.25,0
2022-07-15 17:11:05,0,0,5.25,0.25,0,92.75,1,0.25,0
2022-07-15 17:11:04,0,0,4.75,0.25,0,93,1.5,0.25,0
2022-07-15 17:11:03,0,0,4.534005,0.2518892,0,92.69521,1.511335,0,0
2022-07-15 17:11:02,0,0,4.218362,0.4962779,0,93.54839,0.9925558,0.4962779,0
2022-07-15 17:11:01,0,0,4.260652,0.7518797,0,92.4812,1.0025063,0.2506266,0.2506266
2022-07-15 17:11:00,0,0,5.012531,0.2506266,0,93.23308,1.0025063,0.2506266,0
2022-07-15 17:10:59,0,0,4.260652,0.5012531,0,93.48371,1.5037594,0.2506266,0
2022-07-15 17:10:58,0,0,4.511278,0.2506266,0,93.23308,1.5037594,0,0
2022-07-15 17:10:57,0,0,4.761905,0,0,93.23308,1.5037594,0.2506266,0
2022-07-15 17:10:56,0,0,4.25,0,0,94,1,0.25,0
2022-07-15 17:10:55,0,0,4.75,0,0,93.75,0.75,0.25,0
2022-07-15 17:10:54,0,0,4.761905,0.2506266,0,92.4812,2.005013,0,0
2022-07-15 17:10:53,0,0,4.260652,0,0,93.48371,1.0025063,0.2506266,0
2022-07-15 17:10:52,0,0,4.71464,0.248139,0,91.81141,1.4888337,0,0.248139
2022-07-15 17:10:51,0,0,3.778338,0,0,94.20655,1.2594458,0,0
2022-07-15 17:10:50,0,0,4.938272,0.2469136,0,93.08642,0.9876543,0.2469136,0
2022-07-15 17:10:49,0,0,4.522613,0.2512563,0,93.71859,1.0050251,0.2512563,0
2022-07-15 17:10:48,0,0,4.5,0.25,0,92.75,2,0,0
2022-07-15 17:10:47,0,0,5.012531,0,0,92.98246,1.2531328,0.5012531,0
2022-07-15 17:10:46,0,0,4.239401,0.2493766,0,94.01496,1.2468828,0,0
2022-07-15 17:10:45,0,0,4.761905,0.2506266,0,91.72932,1.5037594,0.2506266,0
2022-07-15 17:10:44,0,0,5.263158,0.2506266,0,93.23308,0.7518797,0.2506266,0
2022-07-15 17:10:43,0,0,4.761905,0,0,92.4812,2.005013,0.2506266,0
2022-07-15 17:10:42,0,0,4.25,0,0,93.25,2,0.25,0
2022-07-15 17:10:41,0,0,4.534005,0.2518892,0,92.44332,2.015113,0.2518892,0
2022-07-15 17:10:40,0,0,5.025126,0,0,92.46231,2.01005,0,0
2022-07-15 17:10:39,0,0,4.25,0.25,0,93.75,1.25,0.25,0
2022-07-15 17:10:38,0,0,5,0.25,0,92.75,1.75,0,0
2022-07-15 17:10:37,0,0,4.726368,0.4975124,0,91.79104,1.4925373,0.2487562,0
2022-07-15 17:10:36,0,0,4.282116,0,0,94.71033,0.7556675,0,0
2022-07-15 17:10:35,0,0,4.25,0.25,0,93.25,1.75,0.25,0
2022-07-15 17:10:34,0,0,4.5,0,0,92.75,1.75,0.5,0
2022-07-15 17:10:33,0,0,5,0.25,0,93,1.25,0,0
2022-07-15 17:10:32,0,0,4.282116,0.2518892,0,94.20655,0.7556675,0.2518892,0
2022-07-15 17:10:31,0,0,5.236908,0.2493766,0,92.5187,1.2468828,0,0
2022-07-15 17:10:30,0,0,4.260652,0.2506266,0,93.73434,1.5037594,0,0
2022-07-15 17:10:29,0,0,4.773869,0,0,92.96482,1.5075377,0.2512563,0
2022-07-15 17:10:28,0,0,4.738155,0.2493766,0,94.01496,0.4987531,0.2493766,0
2022-07-15 17:10:27,0,0,5.236908,0,0,91.27182,2.493766,0,0.2493766
2022-07-15 17:10:26,0,0,4.511278,0.5012531,0,92.98246,1.754386,0,0
2022-07-15 17:10:25,0,0,3.482587,0,0,94.27861,1.4925373,0.2487562,0
2022-07-15 17:10:24,0,0,4.773869,0,0,93.46734,1.5075377,0,0
2022-07-15 17:10:23,0,0,4.466501,0.248139,0,93.05211,1.4888337,0.4962779,0
2022-07-15 17:10:22,0,0,4.522613,0.2512563,0,93.71859,1.0050251,0,0
2022-07-15 17:10:21,0,0,4.773869,0.2512563,0,93.21608,1.5075377,0,0
2022-07-15 17:10:20,0,0,4.511278,0,0,93.23308,1.5037594,0.2506266,0
2022-07-15 17:10:19,0,0,4.975124,0.4975124,0,92.28856,1.741294,0,0
2022-07-15 17:10:18,0,0,3.75,0,0,94,1.25,0.25,0.25
2022-07-15 17:10:17,0,0,4.75,0,0,92.75,1.5,0.25,0
2022-07-15 17:10:16,0,0,4.534005,0.5037783,0,92.44332,1.511335,0.2518892,0
2022-07-15 17:10:15,0,0,4.488778,0,0,93.76559,1.2468828,0,0
2022-07-15 17:10:14,0,0,4.738155,0,0,93.51621,0.9975062,0.2493766,0
2022-07-15 17:10:13,0,0,4.228856,0.2487562,0,94.27861,0.9950249,0.2487562,0
2022-07-15 17:10:12,0,0,5,0.25,0,92.5,1.25,0.5,0
2022-07-15 17:10:11,0,0,4.761905,0.2506266,0,93.48371,0.7518797,0.2506266,0
2022-07-15 17:10:10,0,0,4.488778,0,0,92.01995,1.745636,0,0
2022-07-15 17:10:09,0,0,4.25,0.5,0,93.25,1.75,0.25,0
2022-07-15 17:10:08,0,0,4.488778,0.2493766,0,93.01746,1.745636,0,0
2022-07-15 17:10:07,0,0,4.761905,0,0,92.98246,1.2531328,0.2506266,0
2022-07-15 17:10:06,0,0,4.522613,0,0,93.46734,1.5075377,0.5025126,0
2022-07-15 17:10:05,0,0,4.975124,0.2487562,0,92.28856,1.741294,0,0
2022-07-15 17:10:04,0,0,4.545455,0.2525253,0,93.93939,1.010101,0,0
2022-07-15 17:10:03,0,0,4.738155,0,0,92.76808,1.745636,0.2493766,0.2493766
2022-07-15 17:10:02,0,0,4.488778,0.2493766,0,92.01995,2.244389,0.2493766,0
2022-07-15 17:10:01,0,0,4.282116,0.2518892,0,93.45088,1.511335,0.2518892,0
2022-07-15 17:10:00,0,0,5.012531,0,0,91.97995,1.754386,0,0.7518797
2022-07-15 17:09:59,0,0,4.522613,0,0,92.46231,1.0050251,0,1.0050251
2022-07-15 17:09:58,0,0,4.25,0.25,0,93.25,1.75,0.5,0
2022-07-15 17:09:57,0,0,4.25,0.25,0,93.75,1,0,0
2022-07-15 17:09:56,0,0,4.70297,0.2475248,0,92.32673,1.980198,0.2475248,0
2022-07-15 17:09:55,0,0,4.292929,0,0,93.68687,1.2626263,0.2525253,0
2022-07-15 17:09:54,0,0,4.75,0.25,0,93,1.5,0,0
2022-07-15 17:09:53,0,0,4.5,0,0,94,1,0.25,0
2022-07-15 17:09:52,0,0,4.987531,0.2493766,0,91.5212,1.745636,0,0.4987531
2022-07-15 17:09:51,0,0,5.012531,0.2506266,0,92.98246,1.0025063,0.2506266,0
2022-07-15 17:09:50,0,0,4.260652,0,0,93.73434,1.5037594,0.2506266,0
2022-07-15 17:09:49,0,0,5.012531,0.2506266,0,92.73183,1.754386,0,0
2022-07-15 17:09:48,0,0,4.25,0.5,0,93.5,1.25,0.25,0
2022-07-15 17:09:47,0,0,4.975124,0,0,93.53234,0.9950249,0.2487562,0
2022-07-15 17:09:46,0,0,4.260652,0.2506266,0,92.73183,2.255639,0,0
2022-07-15 17:09:45,0,0,5.012531,0,0,92.73183,1.754386,0.2506266,0
2022-07-15 17:09:44,0,0,5.037783,0.2518892,0,90.93199,2.267003,0,0.2518892
2022-07-15 17:09:43,0,0,3.722084,0.248139,0,94.2928,1.2406948,0.248139,0
2022-07-15 17:09:42,0,0,4.5,0.25,0,93.5,1.25,0.25,0
2022-07-15 17:09:41,0,0,4.75,0,0,92.75,1.25,0.25,0.25
2022-07-15 17:09:40,0,0,4.511278,0,0,93.98496,1.0025063,0,0
2022-07-15 17:09:39,0,0,4.511278,0,0,93.48371,1.5037594,0.2506266,0
2022-07-15 17:09:38,0,0,4.773869,0.5025126,0,93.21608,1.0050251,0,0
2022-07-15 17:09:37,0,0,4.5,0,0,93.5,1.5,0.25,0
2022-07-15 17:09:36,0,0,4.545455,0,0,93.18182,1.2626263,0,0
2022-07-15 17:09:35,0,0,4.5,0.5,0,92.75,1.5,0.25,0
2022-07-15 17:09:34,0,0,5.263158,0.2506266,0,92.4812,1.2531328,0,0
2022-07-15 17:09:33,0,0,4.010025,0,0,94.23559,1.2531328,0,0
2022-07-15 17:09:32,0,0,4,0.5,0,93.5,1.5,0,0
2022-07-15 17:09:31,0,0,4.25,0,0,93.75,0.75,0.25,0.25
2022-07-15 17:09:30,0,0,4.987531,0.4987531,0,92.76808,1.4962594,0,0
2022-07-15 17:09:29,0,0,4.260652,0,0,93.98496,1.2531328,0,0
2022-07-15 17:09:28,0,0,4.975124,0.2487562,0,92.78607,1.2437811,0.4975124,0
2022-07-15 17:09:27,0,0,4,0.25,0,93.75,1.5,0,0
2022-07-15 17:09:26,0,0,5.764411,0,0,91.72932,1.754386,0,0
2022-07-15 17:09:25,0,0,3.482587,0.2487562,0,95.02488,0.7462687,0.2487562,0
2022-07-15 17:09:24,0,0,4.5,0.5,0,92.75,1.75,0,0
2022-07-15 17:09:23,0,0,4.726368,0.2487562,0,92.78607,1.741294,0,0
2022-07-15 17:09:22,0,0,4.511278,0,0,93.73434,1.0025063,0.2506266,0
2022-07-15 17:09:21,0,0,4.75,0.25,0,92,2,0.25,0
2022-07-15 17:09:20,0,0,4.25,0.25,0,93.5,1.25,0.5,0
2022-07-15 17:09:19,0,0,5.025126,0,0,93.46734,1.2562814,0,0
2022-07-15 17:09:18,0,0,5.223881,0.2487562,0,93.03483,0.7462687,0.2487562,0
2022-07-15 17:09:17,0,0,3.768844,0.2512563,0,93.46734,1.2562814,0.2512563,0
2022-07-15 17:09:16,0,0,4.738155,0,0,93.26683,1.4962594,0.2493766,0
2022-07-15 17:09:15,0,0,4.511278,0.2506266,0,92.73183,1.754386,0,0.2506266
2022-07-15 17:09:14,0,0,4.545455,0,0,92.92929,2.020202,0.2525253,0
2022-07-15 17:09:13,0,0,4.950495,0.2475248,0,93.06931,0.990099,0.2475248,0
2022-07-15 17:09:12,0,0,4.260652,0.2506266,0,93.23308,1.5037594,0.2506266,0
2022-07-15 17:09:11,0,0,5.012531,0.5012531,0,92.23058,1.754386,0,0
2022-07-15 17:09:10,0,0,3.990025,0.4987531,0,92.76808,1.4962594,0.4987531,0
2022-07-15 17:09:09,0,0,5.037783,0.2518892,0,92.9471,1.763224,0,0
2022-07-15 17:09:08,0,0,4.488778,0.2493766,0,93.01746,1.2468828,0.2493766,0
2022-07-15 17:09:07,0,0,5,0,0,93,1.5,0,0
2022-07-15 17:09:06,0,0,5.012531,0.7518797,0,91.22807,1.754386,0.5012531,0.2506266
2022-07-15 17:09:05,0,0,3.75,0,0,94.5,1.25,0,0
2022-07-15 17:09:04,0,0,5,0.25,0,93.25,1,0.25,0
2022-07-15 17:09:03,0,0,4.511278,0.2506266,0,92.73183,2.005013,0,0
2022-07-15 17:09:02,0,0,4.488778,0.2493766,0,93.51621,1.4962594,0.2493766,0
2022-07-15 17:09:01,0,0,5.012531,0.2506266,0,92.73183,1.5037594,0,0
2022-07-15 17:09:00,0,0,3.990025,0.2493766,0,93.51621,1.2468828,0.4987531,0
2022-07-15 17:08:59,0,0,5.472637,0,0,91.79104,1.4925373,0.2487562,0
2022-07-15 17:08:58,0,0,4.020101,0,0,94.22111,1.5075377,0,0
2022-07-15 17:08:57,0,0,4.773869,0,0,92.96482,1.758794,0.2512563,0
2022-07-15 17:08:56,0,0,4.477612,0.2487562,0,93.28358,1.2437811,0.2487562,0
2022-07-15 17:08:55,0,0,4.5,0.25,0,92.25,1.75,0.5,0
2022-07-15 17:08:54,0,0,4.773869,0,0,94.47236,0.7537688,0,0
2022-07-15 17:08:53,0,0,4.010025,0.2506266,0,93.98496,1.2531328,0,0
2022-07-15 17:08:52,0,0,4.975124,0,0,93.03483,1.2437811,0.4975124,0
2022-07-15 17:08:51,0,0,4.545455,0.2525253,0,90.15152,1.5151515,0,2.272727
2022-07-15 17:08:50,0,0,3.990025,0,0,94.51372,0.9975062,0,0
2022-07-15 17:08:49,0,0,4.773869,0.2512563,0,92.46231,1.758794,0.2512563,0
2022-07-15 17:08:48,0,0,4.260652,0.5012531,0,93.48371,1.5037594,0,0
2022-07-15 17:08:47,0,0,4.75,0.25,0,93.5,1,0.25,0
2022-07-15 17:08:46,0,0,4.488778,0.2493766,0,93.51621,1.4962594,0,0
2022-07-15 17:08:45,0,0,4.488778,0,0,93.26683,1.4962594,0.2493766,0
2022-07-15 17:08:44,0,0,4.761905,0.2506266,0,93.73434,1.0025063,0,0
2022-07-15 17:08:43,0,0,4.228856,0,0,94.02985,0.9950249,0.2487562,0
2022-07-15 17:08:42,0,0,5.050505,0,0,93.43434,1.010101,0.2525253,0
2022-07-15 17:08:41,0,0,4.5,0.25,0,92.75,1.25,0.5,0
2022-07-15 17:08:40,0,0,4.260652,0.2506266,0,93.23308,1.5037594,0,0
2022-07-15 17:08:39,0,0,4.488778,0.2493766,0,92.5187,1.745636,0.2493766,0
2022-07-15 17:08:38,0,0,4.260652,0,0,94.23559,1.2531328,0,0
2022-07-15 17:08:37,0,0,4.511278,0.2506266,0,93.48371,1.2531328,0,0
2022-07-15 17:08:36,0,0,4.761905,0.2506266,0,93.48371,1.0025063,0.2506266,0
2022-07-15 17:08:35,0,0,4.488778,0.2493766,0,93.76559,0.7481297,0.2493766,0
2022-07-15 17:08:34,0,0,4.511278,0.2506266,0,92.98246,1.5037594,0.2506266,0
2022-07-15 17:08:33,0,0,5.236908,0.2493766,0,92.01995,1.4962594,0.2493766,0.2493766
2022-07-15 17:08:32,0,0,3.759398,0,0,94.48622,1.2531328,0,0
2022-07-15 17:08:31,0,0,4.511278,0.2506266,0,92.4812,2.255639,0,0
2022-07-15 17:08:30,0,0,4.738155,0.2493766,0,93.26683,1.2468828,0.2493766,0
2022-07-15 17:08:29,0,0,4.260652,0,0,93.73434,1.2531328,0,0
2022-07-15 17:08:28,0,0,4.71464,0,0,93.54839,1.4888337,0.248139,0
2022-07-15 17:08:27,0,0,4.975124,0.2487562,0,91.79104,1.741294,0.2487562,0
2022-07-15 17:08:26,0,0,4.303797,0,0,93.92405,1.2658228,0.2531646,0
2022-07-15 17:08:25,0,0,5.735661,0.2493766,0,91.5212,1.995012,0,0
2022-07-15 17:08:24,0,0,3.258145,0,0,94.73684,1.2531328,0.2506266,0
2022-07-15 17:08:23,0,0,4.773869,0.2512563,0,93.21608,1.5075377,0,0
2022-07-15 17:08:22,0,0,4.5,0,0,93.5,1.75,0,0
2022-07-15 17:08:21,0,0,4.534005,0,0,93.19899,1.511335,0.2518892,0
2022-07-15 17:08:20,0,0,4.75,0.25,0,93.25,1,0.25,0
2022-07-15 17:08:19,0,0,4.271357,0.7537688,0,93.21608,1.2562814,0,0
2022-07-15 17:08:18,0,0,4.987531,0.4987531,0,92.76808,1.4962594,0,0
2022-07-15 17:08:17,0,0,4.260652,0,0,93.23308,1.5037594,0.5012531,0
2022-07-15 17:08:16,0,0,4.75,0.25,0,93,1.5,0,0.25
2022-07-15 17:08:15,0,0,4.726368,0.4975124,0,92.53731,1.4925373,0.2487562,0
2022-07-15 17:08:14,0,0,4.738155,0.2493766,0,92.26933,1.745636,0,0.4987531
2022-07-15 17:08:13,0,0,4.773869,0.2512563,0,92.96482,1.0050251,0.2512563,0
2022-07-15 17:08:12,0,0,3.759398,0,0,94.23559,1.754386,0,0
2022-07-15 17:08:11,0,0,4.534005,0,0,92.69521,2.015113,0.2518892,0
2022-07-15 17:08:10,0,0,4.726368,0.2487562,0,93.53234,0.9950249,0.2487562,0
2022-07-15 17:08:09,0,0,4.75,0.25,0,93,1.25,0.5,0
2022-07-15 17:08:08,0,0,4.488778,0.2493766,0,93.01746,1.745636,0.2493766,0
2022-07-15 17:08:07,0,0,5.025126,0.2512563,0,92.71357,1.5075377,0.2512563,0
2022-07-15 17:08:06,0,0,4.239401,0.2493766,0,91.77057,1.4962594,0.2493766,1.4962594
2022-07-15 17:08:05,0,0,4.488778,0.2493766,0,93.01746,1.745636,0,0
2022-07-15 17:08:04,0,0,4.534005,0,0,93.19899,1.763224,0.2518892,0
2022-07-15 17:08:03,0,0,4.987531,0.2493766,0,93.01746,1.2468828,0.2493766,0
2022-07-15 17:08:02,0,0,4.271357,0,0,92.96482,2.01005,0.2512563,0
2022-07-15 17:08:01,0,0,4.761905,0.5012531,0,92.98246,1.2531328,0,0
2022-07-15 17:08:00,0,0,4.761905,0.2506266,0,92.23058,1.754386,0.5012531,0.2506266
2022-07-15 17:07:59,0,0,4.271357,0.2512563,0,93.71859,1.5075377,0,0
2022-07-15 17:07:58,0,0,5.527638,0.2512563,0,92.21106,1.0050251,0.2512563,0
2022-07-15 17:07:57,0,0,3.482587,0.2487562,0,93.78109,1.741294,0,0
2022-07-15 17:07:56,0,0,4.511278,0,0,93.73434,1.2531328,0.2506266,0
2022-07-15 17:07:55,0,0,4.488778,0.2493766,0,93.26683,1.745636,0,0
2022-07-15 17:07:54,0,0,4.260652,0.2506266,0,92.98246,1.754386,0.2506266,0
2022-07-15 17:07:53,0,0,4.987531,0.2493766,0,92.01995,2.493766,0,0
2022-07-15 17:07:52,0,0,4.260652,0,0,94.23559,1.0025063,0.2506266,0
2022-07-15 17:07:51,0,0,4.773869,0.2512563,0,92.96482,1.2562814,0.2512563,0
2022-07-15 17:07:50,0,0,4.5,0,0,93.75,1.5,0,0
2022-07-15 17:07:49,0,0,4.488778,0,0,92.76808,1.995012,0.2493766,0
2022-07-15 17:07:48,0,0,5.513784,0.2506266,0,91.4787,1.754386,0.2506266,0.5012531
2022-07-15 17:07:47,0,0,3.482587,0.2487562,0,93.78109,1.2437811,0.2487562,0.2487562
2022-07-15 17:07:46,0,0,4.511278,0.2506266,0,92.73183,1.5037594,0.2506266,0.2506266
2022-07-15 17:07:45,0,0,4.020101,0,0,94.22111,1.2562814,0.2512563,0
2022-07-15 17:07:44,0,0,4.975124,0,0,93.03483,1.2437811,0,0
2022-07-15 17:07:43,0,0,4.511278,0,0,93.23308,1.2531328,0.5012531,0
2022-07-15 17:07:42,0,0,4.477612,0.2487562,0,94.02985,0.7462687,0.2487562,0
2022-07-15 17:07:41,0,0,4.773869,0.2512563,0,92.46231,2.01005,0,0
2022-07-15 17:07:40,0,0,4.761905,0,0,92.73183,1.754386,0,0
2022-07-15 17:07:39,0,0,4.030227,0,0,94.20655,1.0075567,0.2518892,0
2022-07-15 17:07:38,0,0,4.477612,0,0,93.78109,1.2437811,0.2487562,0
2022-07-15 17:07:37,0,0,4.75,0.75,0,92.75,1.25,0.25,0
2022-07-15 17:07:36,0,0,4.738155,0,0,92.5187,2.244389,0.2493766,0
2022-07-15 17:07:35,0,0,4.239401,0.2493766,0,94.51372,0.4987531,0.2493766,0
2022-07-15 17:07:34,0,0,5.012531,0,0,93.23308,1.2531328,0,0
2022-07-15 17:07:33,0,0,4.5,0,0,94,1.25,0,0
2022-07-15 17:07:32,0,0,4.987531,0.2493766,0,92.5187,1.745636,0.2493766,0
2022-07-15 17:07:31,0,0,4.25,0.25,0,92.25,1.75,0.25,0
2022-07-15 17:07:30,0,0,4.260652,0,0,94.23559,1.0025063,0,0.2506266
2022-07-15 17:07:29,0,0,4.761905,0.2506266,0,93.23308,1.2531328,0.2506266,0
2022-07-15 17:07:28,0,0,4.25,0.25,0,94,1,0.25,0
2022-07-15 17:07:27,0,0,4.987531,0,0,93.26683,1.4962594,0,0
2022-07-15 17:07:26,0,0,4.488778,0.4987531,0,93.26683,1.2468828,0,0
2022-07-15 17:07:25,0,0,4.726368,0,0,93.28358,1.2437811,0.4975124,0
2022-07-15 17:07:24,0,0,4.545455,0,0,93.93939,1.010101,0.2525253,0
2022-07-15 17:07:23,0,0,4.477612,0.2487562,0,93.78109,0.9950249,0,0
2022-07-15 17:07:22,0,0,5,0,0,92.75,1.75,0.25,0
2022-07-15 17:07:21,0,0,4.75,0.25,0,91.75,2.25,0.25,0
2022-07-15 17:07:20,0,0,4.773869,0.2512563,0,92.96482,1.2562814,0.2512563,0
2022-07-15 17:07:19,0,0,3.740648,0,0,94.26434,1.745636,0,0
2022-07-15 17:07:18,0,0,4.511278,0.5012531,0,93.48371,1.0025063,0,0
2022-07-15 17:07:17,0,0,4.987531,0.2493766,0,92.76808,1.745636,0,0
2022-07-15 17:07:16,0,0,4.260652,0,0,93.73434,1.2531328,0.2506266,0
2022-07-15 17:07:15,0,0,4.75,0.25,0,93.5,1,0.25,0
2022-07-15 17:07:14,0,0,4.488778,0,0,92.76808,1.995012,0.2493766,0
2022-07-15 17:07:13,0,0,4.511278,0.2506266,0,91.97995,1.5037594,0.2506266,0.5012531
2022-07-15 17:07:12,0,0,4.477612,0.2487562,0,92.53731,1.99005,0.4975124,0
2022-07-15 17:07:11,0,0,4.25,0,0,94,1,0.25,0
2022-07-15 17:07:10,0,0,5.037783,0,0,92.9471,1.2594458,0.2518892,0
2022-07-15 17:07:09,0,0,4.25,0.25,0,93.75,1.5,0,0
2022-07-15 17:07:08,0,0,4.761905,0,0,93.48371,1.2531328,0,0
2022-07-15 17:07:07,0,0,4.488778,0.4987531,0,93.01746,1.2468828,0.4987531,0
2022-07-15 17:07:06,0,0,4.534005,0.2518892,0,93.70277,1.2594458,0,0
2022-07-15 17:07:05,0,0,6.25,0.5,0,90,1.5,0.25,0
2022-07-15 17:07:04,0,0,3.5,0.25,0,95.25,0.75,0,0
2022-07-15 17:07:03,0,0,4.488778,0,0,92.26933,1.995012,0.4987531,0
2022-07-15 17:07:02,0,0,5.037783,0.2518892,0,92.44332,2.015113,0.2518892,0
2022-07-15 17:07:01,0,0,4.25,0.25,0,93.25,1.25,0,0
2022-07-15 17:07:00,0,0,5.012531,0,0,93.48371,1.2531328,0,0
2022-07-15 17:06:59,0,0,4.455446,0.2475248,0,93.31683,1.4851485,0.2475248,0
2022-07-15 17:06:58,0,0,4.785894,0.2518892,0,93.45088,1.2594458,0,0
2022-07-15 17:06:57,0,0,4.5,0.25,0,93,2,0,0
2022-07-15 17:06:56,0,0,4.488778,0.2493766,0,93.26683,1.4962594,0.2493766,0
2022-07-15 17:06:55,0,0,5.025126,0.2512563,0,92.71357,1.5075377,0.2512563,0
2022-07-15 17:06:54,0,0,4.239401,0.7481297,0,90.77307,2.493766,0,0.2493766
2022-07-15 17:06:53,0,0,4.511278,0.2506266,0,92.98246,1.5037594,0,0
2022-07-15 17:06:52,0,0,4.522613,0,0,91.9598,2.763819,0.2512563,0
2022-07-15 17:06:51,0,0,4.488778,0,0,93.26683,0.9975062,0.4987531,0
2022-07-15 17:06:50,0,0,5.037783,0,0,92.69521,1.511335,0.2518892,0
2022-07-15 17:06:49,0,0,4.239401,0.2493766,0,94.01496,1.2468828,0,0
2022-07-15 17:06:48,0,0,4.987531,0.2493766,0,92.76808,1.4962594,0,0.2493766
2022-07-15 17:06:47,0,0,5,0.25,0,91.5,2.5,0,0
2022-07-15 17:06:46,0,0,3.731343,0.2487562,0,92.78607,1.2437811,0.2487562,0.9950249
2022-07-15 17:06:45,0,0,4.511278,0,0,93.23308,1.5037594,0.2506266,0
2022-07-15 17:06:44,0,0,4.522613,0,0,93.46734,2.01005,0,0
2022-07-15 17:06:43,0,0,5.223881,0.2487562,0,92.53731,1.4925373,0.2487562,0
2022-07-15 17:06:42,0,0,4.773869,0,0,92.96482,1.758794,0,0
2022-07-15 17:06:41,0,0,4.5,0.5,0,93.25,1.25,0.25,0
2022-07-15 17:06:40,0,0,4.738155,0.2493766,0,93.01746,1.4962594,0.2493766,0
2022-07-15 17:06:39,0,0,4.522613,0.2512563,0,93.46734,1.2562814,0,0
2022-07-15 17:06:38,0,0,4.488778,0,0,92.01995,1.995012,0.2493766,0.4987531
2022-07-15 17:06:37,0,0,4.488778,0.2493766,0,92.5187,1.995012,0.2493766,0
2022-07-15 17:06:36,0,0,4.761905,0,0,92.98246,2.005013,0,0
2022-07-15 17:06:35,0,0,4.25,0.5,0,91.75,3,0.25,0
2022-07-15 17:06:34,0,0,4.75,0.25,0,93.25,1,0.25,0
2022-07-15 17:06:33,0,0,4.534005,0,0,94.20655,0.7556675,0.2518892,0
2022-07-15 17:06:32,0,0,4.738155,0.2493766,0,92.76808,1.4962594,0.4987531,0
2022-07-15 17:06:31,0,0,4.488778,0.2493766,0,93.26683,1.2468828,0,0
2022-07-15 17:06:30,0,0,4.987531,0.2493766,0,92.26933,1.745636,0.2493766,0
2022-07-15 17:06:29,0,0,4.040404,0.2525253,0,93.93939,1.5151515,0,0
2022-07-15 17:06:28,0,0,5.236908,0.2493766,0,90.27431,1.4962594,0.2493766,1.995012
2022-07-15 17:06:27,0,0,4.010025,0,0,93.98496,1.0025063,0,0.2506266
2022-07-15 17:06:26,0,0,3.9801,0.2487562,0,94.27861,1.2437811,0,0
2022-07-15 17:06:25,0,0,4.785894,0.2518892,0,93.45088,1.511335,0,0
2022-07-15 17:06:24,0,0,4.020101,0.2512563,0,93.71859,1.2562814,0,0
2022-07-15 17:06:23,0,0,4.738155,0,0,92.76808,1.745636,0.2493766,0
2022-07-15 17:06:22,0,0,4.511278,0,0,93.48371,1.5037594,0.2506266,0
2022-07-15 17:06:21,0,0,4.761905,0.2506266,0,92.73183,1.2531328,0.2506266,0
2022-07-15 17:06:20,0,0,5.223881,0.2487562,0,89.801,2.238806,0.2487562,1.4925373
2022-07-15 17:06:19,0,0,3.75,0,0,95,1,0,0
2022-07-15 17:06:18,0,0,4.761905,0.2506266,0,92.98246,1.5037594,0.2506266,0
2022-07-15 17:06:17,0,0,4.5,0,0,93.5,1.5,0.25,0
2022-07-15 17:06:16,0,0,4.534005,0.2518892,0,93.45088,1.2594458,0.2518892,0
2022-07-15 17:06:15,0,0,4.987531,0.2493766,0,92.5187,1.745636,0.2493766,0
2022-07-15 17:06:14,0,0,4.292929,0,0,93.93939,1.5151515,0,0
2022-07-15 17:06:13,0,0,4.975124,0,0,92.53731,1.741294,0.2487562,0
2022-07-15 17:06:12,0,0,4.987531,0.2493766,0,91.5212,1.995012,0,0.2493766
2022-07-15 17:06:11,0,0,3.778338,0,0,93.70277,0.5037783,0.5037783,0
2022-07-15 17:06:10,0,0,4.522613,0.2512563,0,94.22111,1.0050251,0,0
2022-07-15 17:06:09,0,0,4.488778,0.2493766,0,93.26683,1.2468828,0.2493766,0
2022-07-15 17:06:08,0,0,4.987531,0,0,93.51621,0.9975062,0.2493766,0
2022-07-15 17:06:07,0,0,4.271357,0,0,94.22111,1.5075377,0,0
2022-07-15 17:06:06,0,0,5.263158,0,0,92.23058,1.2531328,0.5012531,0
2022-07-15 17:06:05,0,0,5,0,0,93.25,1.5,0,0
2022-07-15 17:06:04,0,0,4.5,0.25,0,93.5,1.25,0.25,0
2022-07-15 17:06:03,0,0,4.71464,0,0,93.54839,0.9925558,0.248139,0
2022-07-15 17:06:02,0,0,4.5,0,0,93.75,1.25,0.25,0
2022-07-15 17:06:01,0,0,4.545455,0.2525253,0,91.66667,1.767677,0.2525253,0
2022-07-15 17:06:00,0,0,4.466501,0.248139,0,93.05211,1.2406948,0.248139,0
2022-07-15 17:05:59,0,0,4.282116,0.2518892,0,93.95466,1.511335,0,0
2022-07-15 17:05:58,0,0,4.726368,0,0,93.28358,1.2437811,0,0
2022-07-15 17:05:57,0,0,4.511278,0.2506266,0,92.98246,1.754386,0.2506266,0
2022-07-15 17:05:56,0,0,4.522613,0,0,92.71357,1.758794,0.2512563,0
2022-07-15 17:05:55,0,0,4.75,0.25,0,92.75,1.75,0.5,0
2022-07-15 17:05:54,0,0,4.726368,0,0,93.78109,0.9950249,0,0
2022-07-15 17:05:53,0,0,4.511278,0.2506266,0,92.4812,1.5037594,0.2506266,0.2506266
2022-07-15 17:05:52,0,0,4.271357,0,0,93.71859,1.2562814,0,0
2022-07-15 17:05:51,0,0,4.738155,0.4987531,0,92.26933,1.745636,0.2493766,0
2022-07-15 17:05:50,0,0,4.511278,0.2506266,0,92.73183,1.5037594,0.2506266,0
2022-07-15 17:05:49,0,0,4.738155,0.2493766,0,92.76808,1.745636,0,0
2022-07-15 17:05:48,0,0,4.477612,0.2487562,0,93.28358,1.4925373,0.2487562,0
2022-07-15 17:05:47,0,0,4.545455,0,0,94.19192,1.010101,0.2525253,0
2022-07-15 17:05:46,0,0,4.950495,0.4950495,0,91.58416,1.980198,0.2475248,0
2022-07-15 17:05:45,0,0,5.025126,0,0,91.20603,1.758794,0.2512563,1.2562814
2022-07-15 17:05:44,0,0,3.75,0.25,0,93.5,2,0.25,0
2022-07-15 17:05:43,0,0,4.738155,0.2493766,0,93.01746,1.2468828,0,0.2493766
2022-07-15 17:05:42,0,0,4.75,0,0,93.75,1.25,0,0
2022-07-15 17:05:41,0,0,4.5,0.25,0,92.75,1.75,0.25,0
2022-07-15 17:05:40,0,0,4.987531,0.2493766,0,92.5187,1.4962594,0,0
2022-07-15 17:05:39,0,0,4.488778,0.2493766,0,93.76559,0.9975062,0.2493766,0
2022-07-15 17:05:38,0,0,4.534005,0.2518892,0,93.70277,1.0075567,0,0
2022-07-15 17:05:37,0,0,4.511278,0.7518797,0,92.4812,1.5037594,0.2506266,0
2022-07-15 17:05:36,0,0,4.511278,0.2506266,0,93.98496,1.0025063,0.2506266,0
2022-07-15 17:05:35,0,0,5.276382,0.2512563,0,91.9598,1.5075377,0.2512563,0
2022-07-15 17:05:34,0,0,4.5,0,0,93.5,1.25,0,0.25
2022-07-15 17:05:33,0,0,3.768844,0.2512563,0,93.71859,1.758794,0,0
2022-07-15 17:05:32,0,0,4.260652,0,0,94.23559,0.7518797,0.2506266,0
2022-07-15 17:05:31,0,0,4.738155,0.4987531,0,92.76808,1.4962594,0.2493766,0
2022-07-15 17:05:30,0,0,4.761905,0,0,93.48371,1.2531328,0,0
2022-07-15 17:05:29,0,0,4.020101,0,0,94.22111,1.5075377,0,0
2022-07-15 17:05:28,0,0,5.012531,0.2506266,0,91.72932,2.255639,0.2506266,0
2022-07-15 17:05:27,0,0,5,0,0,91,2,0.25,0
2022-07-15 17:05:26,0,0,4.239401,0.2493766,0,94.51372,0.7481297,0,0
2022-07-15 17:05:25,0,0,4.5,0.25,0,93.5,1,0.25,0
2022-07-15 17:05:24,0,0,4.25,0.25,0,93.5,1.5,0.25,0
2022-07-15 17:05:23,0,0,5,0.5,0,92.25,1.5,0.25,0
2022-07-15 17:05:22,0,0,4.282116,0,0,93.95466,1.2594458,0.2518892,0
2022-07-15 17:05:21,0,0,4.987531,0.2493766,0,92.01995,1.745636,0.2493766,0
2022-07-15 17:05:20,0,0,4.282116,0.2518892,0,93.95466,1.2594458,0,0
2022-07-15 17:05:19,0,0,4.975124,0.2487562,0,92.53731,1.741294,0.2487562,0
2022-07-15 17:05:18,0,0,4.25,0.5,0,93,1,0.25,0.25
2022-07-15 17:05:17,0,0,4.239401,0.2493766,0,93.76559,1.2468828,0,0
2022-07-15 17:05:16,0,0,4.785894,0,0,93.45088,1.511335,0,0
2022-07-15 17:05:15,0,0,4.466501,0.248139,0,89.8263,4.218362,0.4962779,0
2022-07-15 17:05:14,0,0,4.5,0.25,0,93.5,1,0.25,0
2022-07-15 17:05:13,0,0,4.738155,0,0,93.26683,1.2468828,0.4987531,0
2022-07-15 17:05:12,0,0,4.773869,0,0,93.21608,1.2562814,0,0
2022-07-15 17:05:11,0,0,4.488778,0.2493766,0,93.26683,0.9975062,0.2493766,0
2022-07-15 17:05:10,0,0,4.75,0.25,0,92.5,2,0.25,0
2022-07-15 17:05:09,0,0,4.271357,0.2512563,0,93.71859,1.0050251,0.2512563,0
2022-07-15 17:05:08,0,0,5,0.25,0,90.75,2.5,0,0.75
2022-07-15 17:05:07,0,0,4.522613,0.2512563,0,92.21106,2.01005,0,0
2022-07-15 17:05:06,0,0,3.9801,0.2487562,0,94.02985,1.4925373,0.2487562,0
2022-07-15 17:05:05,0,0,5.236908,0.2493766,0,93.26683,0.9975062,0,0
2022-07-15 17:05:04,0,0,4.271357,0.2512563,0,94.22111,1.0050251,0,0
2022-07-15 17:05:03,0,0,4.738155,0.2493766,0,93.01746,1.4962594,0.2493766,0
2022-07-15 17:05:02,0,0,4.228856,0.2487562,0,92.53731,1.99005,0.4975124,0
2022-07-15 17:05:01,0,0,5.012531,0.2506266,0,92.4812,1.754386,0.2506266,0
2022-07-15 17:05:00,0,0,4.738155,0,0,92.76808,1.4962594,0,0.2493766
2022-07-15 17:04:59,0,0,4.020101,0.2512563,0,93.71859,1.0050251,0.2512563,0
2022-07-15 17:04:58,0,0,4.773869,0,0,93.46734,1.2562814,0.2512563,0
2022-07-15 17:04:57,0,0,4.477612,0.2487562,0,93.28358,1.4925373,0,0
2022-07-15 17:04:56,0,0,4.5,0.25,0,93.25,1.25,0,0
2022-07-15 17:04:55,0,0,4.5,0.25,0,92.75,1.75,0.25,0
2022-07-15 17:04:54,0,0,4.773869,0,0,93.21608,1.5075377,0,0
2022-07-15 17:04:53,0,0,4.239401,0.2493766,0,92.76808,1.995012,0.4987531,0
2022-07-15 17:04:52,0,0,5.25,0.25,0,92.5,1.25,0,0
2022-07-15 17:04:51,0,0,3.787879,0,0,94.19192,1.010101,0.2525253,0.2525253
2022-07-15 17:04:50,0,0,4.477612,0.4975124,0,93.53234,0.9950249,0.2487562,0
2022-07-15 17:04:49,0,0,4.987531,0,0,92.01995,2.244389,0.2493766,0
2022-07-15 17:04:48,0,0,4.271357,0.2512563,0,94.22111,1.2562814,0,0
2022-07-15 17:04:47,0,0,5,0,0,91.75,2.25,0.25,0
2022-07-15 17:04:46,0,0,4.477612,0.2487562,0,93.03483,1.4925373,0.2487562,0.2487562
2022-07-15 17:04:45,0,0,4.975124,0,0,92.53731,1.4925373,0.2487562,0
2022-07-15 17:04:44,0,0,4.511278,0.2506266,0,93.73434,1.0025063,0.2506266,0
2022-07-15 17:04:43,0,0,4.761905,0,0,93.23308,1.5037594,0,0
2022-07-15 17:04:42,0,0,4.962779,0.4962779,0,92.30769,1.736973,0.248139,0
2022-07-15 17:04:41,0,0,5.037783,0,0,90.93199,1.763224,0.2518892,0.5037783
2022-07-15 17:04:40,0,0,2.756892,0.2506266,0,94.98747,1.5037594,0,0
2022-07-15 17:04:39,0,0,4.987531,0.2493766,0,92.76808,1.4962594,0,0
2022-07-15 17:04:38,0,0,4.511278,0.2506266,0,94.23559,0.7518797,0.2506266,0
2022-07-15 17:04:37,0,0,4.738155,0,0,92.5187,2.244389,0.2493766,0
2022-07-15 17:04:36,0,0,4.271357,0.2512563,0,93.46734,1.5075377,0,0
2022-07-15 17:04:35,0,0,4.75,0.25,0,92.75,2,0.25,0
2022-07-15 17:04:34,0,0,5.037783,0,0,92.69521,0.7556675,0.2518892,0.2518892
2022-07-15 17:04:33,0,0,3.75,0,0,94,1.75,0.25,0
2022-07-15 17:04:32,0,0,4.75,0.25,0,93.5,0.75,0,0
2022-07-15 17:04:31,0,0,4.5,0,0,93.25,1.5,0.25,0
2022-07-15 17:04:30,0,0,5.012531,0.2506266,0,93.73434,1.0025063,0,0
2022-07-15 17:04:29,0,0,4.511278,0,0,93.23308,1.754386,0.2506266,0
2022-07-15 17:04:28,0,0,4.25,0.25,0,93.75,1,0.25,0
2022-07-15 17:04:27,0,0,4.987531,0,0,92.76808,1.745636,0.2493766,0
2022-07-15 17:04:26,0,0,5.289673,0.2518892,0,91.43577,1.511335,0,0
2022-07-15 17:04:25,0,0,3.731343,0.2487562,0,94.52736,0.9950249,0.2487562,0
2022-07-15 17:04:24,0,0,4.25,0.25,0,94,1,0.25,0
2022-07-15 17:04:23,0,0,4.987531,0,0,93.76559,0.9975062,0,0
2022-07-15 17:04:22,0,0,4.511278,0,0,94.23559,1.0025063,0,0
2022-07-15 17:04:21,0,0,4.030227,0.2518892,0,93.70277,1.0075567,0.2518892,0
2022-07-15 17:04:20,0,0,5.025126,0,0,93.46734,1.2562814,0.2512563,0
2022-07-15 17:04:19,0,0,4.228856,0,0,93.53234,1.4925373,0.2487562,0
2022-07-15 17:04:18,0,0,5.276382,0.2512563,0,92.46231,1.2562814,0.5025126,0
2022-07-15 17:04:17,0,0,4.260652,0,0,93.48371,1.5037594,0.2506266,0
2022-07-15 17:04:16,0,0,4.522613,0.2512563,0,92.71357,1.758794,0.2512563,0
2022-07-15 17:04:15,0,0,5.486284,0.2493766,0,91.27182,1.995012,0.2493766,0
2022-07-15 17:04:14,0,0,3.75,0,0,94.25,1.25,0,0
2022-07-15 17:04:13,0,0,5,0.25,0,93,1.25,0.25,0
2022-07-15 17:04:12,0,0,4.5,0.5,0,93.5,1.25,0,0
2022-07-15 17:04:11,0,0,4.292929,0.2525253,0,93.18182,1.010101,0.2525253,0
2022-07-15 17:04:10,0,0,5.012531,0,0,93.73434,1.0025063,0,0
2022-07-15 17:04:09,0,0,4.228856,0.2487562,0,94.02985,0.9950249,0.2487562,0
2022-07-15 17:04:08,0,0,5.486284,0.2493766,0,92.26933,1.4962594,0.2493766,0
2022-07-15 17:04:07,0,0,3.508772,0,0,94.48622,1.0025063,0.2506266,0
2022-07-15 17:04:06,0,0,4.761905,0,0,93.73434,0.7518797,0,0.2506266
2022-07-15 17:04:05,0,0,4.75,0,0,93,1.75,0.25,0
2022-07-15 17:04:04,0,0,4.726368,0,0,93.53234,1.2437811,0.2487562,0
2022-07-15 17:04:03,0,0,4.738155,0,0,93.26683,0.9975062,0.2493766,0
2022-07-15 17:04:02,0,0,4.522613,0.2512563,0,94.22111,1.0050251,0,0
2022-07-15 17:04:01,0,0,4.5,0,0,93.5,1.5,0,0
2022-07-15 17:04:00,0,0,4.75,0,0,93.5,1.25,0.25,0
2022-07-15 17:03:59,0,0,5,0.25,0,91.75,2,0,0
2022-07-15 17:03:58,0,0,4.260652,0,0,94.48622,1.0025063,0,0
2022-07-15 17:03:57,0,0,4.511278,0.2506266,0,92.73183,2.005013,0.2506266,0
2022-07-15 17:03:56,0,0,4.726368,0,0,93.03483,1.4925373,0.2487562,0
2022-07-15 17:03:55,0,0,4.260652,0.5012531,0,93.73434,1.2531328,0,0
2022-07-15 17:03:54,0,0,4.975124,0,0,92.78607,1.4925373,0.2487562,0
2022-07-15 17:03:53,0,0,4.5,0.25,0,93.5,1.5,0,0
2022-07-15 17:03:52,0,0,4.488778,0,0,93.01746,1.4962594,0.2493766,0
2022-07-15 17:03:51,0,0,4.79798,0.2525253,0,93.43434,1.2626263,0,0
2022-07-15 17:03:50,0,0,4.260652,0.2506266,0,93.98496,1.0025063,0,0
2022-07-15 17:03:49,0,0,4.726368,0.2487562,0,93.03483,1.2437811,0.2487562,0
2022-07-15 17:03:48,0,0,5.764411,0.5012531,0,90.97744,1.754386,0,0.2506266
2022-07-15 17:03:47,0,0,3.233831,0,0,95.27363,0.9950249,0.2487562,0
2022-07-15 17:03:46,0,0,4.260652,0,0,93.73434,1.754386,0,0
2022-07-15 17:03:45,0,0,4.761905,0.2506266,0,92.73183,1.2531328,0.2506266,0
2022-07-15 17:03:44,0,0,4.726368,0.2487562,0,92.53731,1.4925373,0.4975124,0
2022-07-15 17:03:43,0,0,4.5,0,0,93.75,1.5,0,0
2022-07-15 17:03:42,0,0,4.5,0.25,0,93,1.75,0,0
2022-07-15 17:03:41,0,0,5.276382,0.2512563,0,92.71357,0.5025126,0.5025126,0
2022-07-15 17:03:40,0,0,3.778338,0.2518892,0,94.45844,1.2594458,0,0
2022-07-15 17:03:39,0,0,4.488778,0.4987531,0,92.76808,1.2468828,0.2493766,0.2493766
2022-07-15 17:03:38,0,0,5.472637,0.2487562,0,92.78607,0.7462687,0.2487562,0
2022-07-15 17:03:37,0,0,4.511278,0.5012531,0,93.23308,1.5037594,0,0
2022-07-15 17:03:36,0,0,4.5,0,0,93.75,0.75,0.75,0
2022-07-15 17:03:35,0,0,4.522613,0.5025126,0,92.96482,1.2562814,0.2512563,0
2022-07-15 17:03:34,0,0,4.5,0,0,93.75,1.25,0,0
2022-07-15 17:03:33,0,0,5.236908,0.2493766,0,92.01995,1.4962594,0.4987531,0
2022-07-15 17:03:32,0,0,4.020101,0.2512563,0,93.21608,1.5075377,0.2512563,0.2512563
2022-07-15 17:03:31,0,0,4.271357,0,0,93.21608,1.758794,0.2512563,0
2022-07-15 17:03:30,0,0,4.726368,0.2487562,0,93.53234,0.7462687,0.2487562,0
2022-07-15 17:03:29,0,0,4.25,0,0,93.75,1.75,0,0
2022-07-15 17:03:28,0,0,4.987531,0,0,93.26683,1.2468828,0.2493766,0
2022-07-15 17:03:27,0,0,4.522613,0.5025126,0,93.21608,1.2562814,0.2512563,0
2022-07-15 17:03:26,0,0,4.488778,0.2493766,0,93.51621,1.4962594,0,0
2022-07-15 17:03:25,0,0,4.511278,0,0,93.23308,1.5037594,0.5012531,0
2022-07-15 17:03:24,0,0,4.522613,0,0,93.46734,1.758794,0,0
2022-07-15 17:03:23,0,0,4.488778,0,0,93.51621,1.745636,0,0
2022-07-15 17:03:22,0,0,5.513784,0.2506266,0,90.72682,1.5037594,0.5012531,0.2506266
2022-07-15 17:03:21,0,0,3.787879,0,0,94.44444,0.7575758,0.2525253,0
2022-07-15 17:03:20,0,0,3.225806,0.248139,0,94.78908,0.9925558,0.248139,0
2022-07-15 17:03:19,0,0,4.773869,0.2512563,0,92.96482,2.01005,0,0
2022-07-15 17:03:18,0,0,4.5,0.5,0,93.25,1.5,0,0
2022-07-15 17:03:17,0,0,4.773869,0,0,92.96482,1.5075377,0.2512563,0
2022-07-15 17:03:16,0,0,4.738155,0.2493766,0,92.76808,1.2468828,0.4987531,0
2022-07-15 17:03:15,0,0,4.522613,0.2512563,0,93.46734,1.2562814,0,0
2022-07-15 17:03:14,0,0,4.975124,0.2487562,0,91.54229,2.238806,0,0
2022-07-15 17:03:13,0,0,3.25,0,0,94,2,0,0
2022-07-15 17:03:12,0,0,3.990025,0,0,93.76559,1.745636,0.2493766,0
2022-07-15 17:03:11,0,0,3.5,0,0,94.5,0.75,0.25,0.25
2022-07-15 17:03:10,0,0,3.508772,0.5012531,0,94.23559,1.2531328,0.2506266,0
2022-07-15 17:03:09,0,0,3.768844,0,0,94.47236,1.2562814,0.2512563,0
2022-07-15 17:03:08,0,0,3.759398,0,0,95.48872,0.7518797,0,0
2022-07-15 17:03:07,0,0,3.482587,0.2487562,0,94.27861,1.2437811,0.2487562,0
2022-07-15 17:03:06,0,0,4.010025,0,0,93.98496,1.0025063,0,0
2022-07-15 17:03:05,0,0,2.992519,0,0,94.76309,1.4962594,0.2493766,0
2022-07-15 17:03:04,0,0,2.506266,0,0,95.98997,1.0025063,0,0
2022-07-15 17:03:03,0,0,2.736318,0,0,95.52239,1.2437811,0.2487562,0
2022-07-15 17:03:02,0,0,2.512563,0.2512563,0,95.47739,1.5075377,0,0
2022-07-15 17:03:01,0,0,2.729529,0.248139,0,94.78908,1.2406948,0.4962779,0
2022-07-15 17:03:00,0,0,2.261307,0,0,95.9799,1.2562814,0.2512563,0
2022-07-15 17:02:59,0,0,2.75,0.5,0,94.5,1.75,0.25,0
2022-07-15 17:02:58,0,0,2.518892,0,0,95.96977,1.2594458,0,0
2022-07-15 17:02:57,0,0,2.5,0,0,95.75,0.5,0.75,0
2022-07-15 17:02:56,0,0,3.266332,0.2512563,0,95.22613,1.0050251,0,0
2022-07-15 17:02:55,0,0,3,0.5,0,92,2,0,1.75
2022-07-15 17:02:54,0,0,1.2437811,0.2487562,0,96.0199,1.4925373,0.4975124,0
2022-07-15 17:02:53,0,0,2.244389,0,0,96.50873,0.9975062,0,0
2022-07-15 17:02:52,0,0,2.506266,0.2506266,0,93.98496,2.005013,0.5012531,0
2022-07-15 17:02:51,0,0,2.518892,0.5037783,0,95.46599,1.2594458,0,0
2022-07-15 17:02:50,0,0,2.75,0.25,0,95,1.75,0,0
2022-07-15 17:02:49,0,0,2.5,0.25,0,95,1.5,0.25,0
2022-07-15 17:02:48,0,0,2.5,0,0,95.25,1.5,0,0
2022-07-15 17:02:47,0,0,3.241895,0,0,93.76559,1.745636,0.2493766,0
2022-07-15 17:02:46,0,0,3.508772,0.2506266,0,94.73684,1.5037594,0,0
2022-07-15 17:02:45,0,0,3.517588,0,0,94.47236,1.2562814,0.2512563,0
2022-07-15 17:02:44,0,0,3.5,0.25,0,94.25,1.5,0,0
2022-07-15 17:02:43,0,0,3.740648,0,0,94.51372,0.9975062,0.2493766,0.2493766
2022-07-15 17:02:42,0,0,3.482587,0.4975124,0,93.78109,1.4925373,0.2487562,0
2022-07-15 17:02:41,0,0,3.797468,0,0,94.43038,1.2658228,0.2531646,0
2022-07-15 17:02:40,0,0,3.491272,0.4987531,0,92.5187,1.745636,0.2493766,0
2022-07-15 17:02:39,0,0,4.522613,0.2512563,0,93.71859,1.2562814,0,0
2022-07-15 17:02:38,0,0,4.488778,0.2493766,0,93.76559,0.9975062,0.2493766,0
2022-07-15 17:02:37,0,0,4.522613,0.2512563,0,93.96985,1.0050251,0,0
2022-07-15 17:02:36,0,0,4.987531,0.2493766,0,93.26683,0.9975062,0.2493766,0
2022-07-15 17:02:35,0,0,4.239401,0,0,93.26683,1.4962594,0.2493766,0
2022-07-15 17:02:34,0,0,5,0.25,0,92,2.25,0.25,0
2022-07-15 17:02:33,0,0,4.511278,0,0,93.23308,1.754386,0.2506266,0
2022-07-15 17:02:32,0,0,4.738155,0.2493766,0,93.76559,0.9975062,0,0
2022-07-15 17:02:31,0,0,4.5,0,0,92.5,1.75,0.25,0
2022-07-15 17:02:30,0,0,4.5,0,0,94,0.75,0.25,0
2022-07-15 17:02:29,0,0,6.733167,0.2493766,0,88.52868,1.995012,0.2493766,0.7481297
2022-07-15 17:02:28,0,0,2.506266,0.2506266,0,95.2381,1.2531328,0.2506266,0
2022-07-15 17:02:27,0,0,4,0.25,0,93.75,1.5,0,0
2022-07-15 17:02:26,0,0,4.761905,0,0,93.98496,0.7518797,0.2506266,0
2022-07-15 17:02:25,0,0,4.25,0.5,0,93.25,1.5,0.25,0
2022-07-15 17:02:24,0,0,4.738155,0,0,93.51621,0.9975062,0.2493766,0
2022-07-15 17:02:23,0,0,5,0.5,0,92.5,2,0,0
2022-07-15 17:02:22,0,0,5.263158,0,0,92.23058,1.5037594,0.2506266,0
2022-07-15 17:02:21,0,0,3.768844,0.5025126,0,94.47236,1.0050251,0,0
2022-07-15 17:02:20,0,0,4.738155,0.2493766,0,93.26683,0.7481297,0.2493766,0
2022-07-15 17:02:19,0,0,4.773869,0,0,93.71859,1.0050251,0.2512563,0
2022-07-15 17:02:18,0,0,4.239401,0,0,94.26434,0.9975062,0.2493766,0
2022-07-15 17:02:17,0,0,4.738155,0,0,93.26683,0.9975062,0.2493766,0
2022-07-15 17:02:16,0,0,4.260652,0.2506266,0,94.23559,1.0025063,0.2506266,0
2022-07-15 17:02:15,0,0,4.738155,0.2493766,0,92.76808,1.4962594,0.2493766,0
2022-07-15 17:02:14,0,0,5.263158,0.2506266,0,91.4787,1.5037594,0,0
2022-07-15 17:02:13,0,0,3.5,0,0,94.25,1.75,0.25,0
2022-07-15 17:02:12,0,0,4.726368,0.2487562,0,92.28856,1.4925373,0.4975124,0.2487562
2022-07-15 17:02:11,0,0,4.5,0,0,93.75,1,0.25,0
2022-07-15 17:02:10,0,0,4.785894,0.2518892,0,93.95466,0.7556675,0,0
2022-07-15 17:02:09,0,0,5.25,0,0,92.75,1.25,0.25,0
2022-07-15 17:02:08,0,0,5.289673,0,0,91.18388,1.511335,0.2518892,1.511335
2022-07-15 17:02:07,0,0,4.010025,0.2506266,0,93.98496,1.0025063,0.2506266,0
2022-07-15 17:02:06,0,0,3.491272,0.2493766,0,94.76309,0.7481297,0.2493766,0.2493766
2022-07-15 17:02:05,0,0,5,0.25,0,93.5,1,0,0
2022-07-15 17:02:04,0,0,4.271357,0,0,92.71357,1.5075377,0.5025126,0
2022-07-15 17:02:03,0,0,5.236908,0,0,92.5187,1.995012,0,0
2022-07-15 17:02:02,0,0,4.020101,0.2512563,0,92.71357,1.758794,0,0
2022-07-15 17:02:01,0,0,4.25,0.25,0,92.75,2.25,0,0
2022-07-15 17:02:00,0,0,4.477612,0.2487562,0,93.53234,1.2437811,0.2487562,0
2022-07-15 17:01:59,0,0,4.761905,0,0,93.48371,1.2531328,0,0
2022-07-15 17:01:58,0,0,4.511278,0,0,93.98496,1.2531328,0,0
2022-07-15 17:01:57,0,0,4.5,0.25,0,93.25,1.5,0.25,0
2022-07-15 17:01:56,0,0,4.761905,0,0,93.98496,1.0025063,0,0
2022-07-15 17:01:55,0,0,4.75,0.25,0,92.25,1.75,0.25,0.25
2022-07-15 17:01:54,0,0,4.020101,0.5025126,0,93.21608,1.758794,0.2512563,0
2022-07-15 17:01:53,0,0,4.761905,0.2506266,0,92.98246,1.2531328,0.2506266,0
2022-07-15 17:01:52,0,0,4.511278,0.2506266,0,93.23308,1.5037594,0,0
2022-07-15 17:01:51,0,0,4.5,0.25,0,93,1.5,0.25,0
2022-07-15 17:01:50,0,0,5.025126,0,0,93.46734,1.2562814,0,0
2022-07-15 17:01:49,0,0,4.260652,0,0,93.48371,1.2531328,0.5012531,0
2022-07-15 17:01:48,0,0,5.276382,0.5025126,0,91.70854,2.261307,0,0
2022-07-15 17:01:47,0,0,4.010025,0,0,93.48371,1.2531328,0.2506266,0
2022-07-15 17:01:46,0,0,3.517588,0,0,95.22613,1.0050251,0,0
2022-07-15 17:01:45,0,0,4.75,0.25,0,93.25,1,0.25,0
2022-07-15 17:01:44,0,0,4.522613,0,0,93.21608,1.5075377,0.2512563,0
2022-07-15 17:01:43,0,0,4.761905,0.2506266,0,93.23308,1.5037594,0,0
2022-07-15 17:01:42,0,0,4.239401,0.2493766,0,93.51621,0.9975062,0.2493766,0
2022-07-15 17:01:41,0,0,4.75,0.25,0,92.75,1.75,0.25,0
2022-07-15 17:01:40,0,0,4.71464,0,0,93.05211,1.736973,0.248139,0
2022-07-15 17:01:39,0,0,4.511278,0,0,93.23308,1.5037594,0.2506266,0
2022-07-15 17:01:38,0,0,4.522613,0.2512563,0,93.21608,1.758794,0,0
2022-07-15 17:01:37,0,0,4.738155,0,0,92.5187,1.745636,0.2493766,0.2493766
2022-07-15 17:01:36,0,0,5.30303,0.2525253,0,92.17172,1.5151515,0,0
2022-07-15 17:01:35,0,0,3.241895,0,0,95.01247,0.9975062,0.2493766,0
2022-07-15 17:01:34,0,0,4.488778,0.2493766,0,93.26683,1.745636,0,0
2022-07-15 17:01:33,0,0,4.738155,0.2493766,0,92.76808,1.745636,0.2493766,0
2022-07-15 17:01:32,0,0,4.75,0,0,93.75,1,0.25,0
2022-07-15 17:01:31,0,0,4.773869,0.2512563,0,92.96482,1.2562814,0.2512563,0
2022-07-15 17:01:30,0,0,4.25,0,0,93.75,1.25,0.25,0
2022-07-15 17:01:29,0,0,5.513784,0.2506266,0,90.97744,1.5037594,0.2506266,0.5012531
2022-07-15 17:01:28,0,0,3.990025,0,0,94.26434,1.4962594,0,0
2022-07-15 17:01:27,0,0,4,0.25,0,93.75,1.25,0.25,0
2022-07-15 17:01:26,0,0,5.263158,0,0,93.23308,1.2531328,0.2506266,0
2022-07-15 17:01:25,0,0,4.25,0,0,94,1.5,0,0
2022-07-15 17:01:24,0,0,4.987531,0.2493766,0,93.26683,0.9975062,0,0
2022-07-15 17:01:23,0,0,4.239401,0.2493766,0,93.26683,1.745636,0.2493766,0
2022-07-15 17:01:22,0,0,5.263158,0,0,92.4812,1.5037594,0,0
2022-07-15 17:01:21,0,0,5.486284,0.2493766,0,91.5212,1.2468828,0.2493766,0.2493766
2022-07-15 17:01:20,0,0,2.992519,0.4987531,0,95.26185,0.9975062,0.2493766,0
2022-07-15 17:01:19,0,0,4.5,0.25,0,93,1.75,0,0
2022-07-15 17:01:18,0,0,4.738155,0.2493766,0,93.26683,1.2468828,0.2493766,0
2022-07-15 17:01:17,0,0,4.773869,0,0,93.71859,1.2562814,0,0
2022-07-15 17:01:16,0,0,4.726368,0,0,93.28358,1.4925373,0.2487562,0
2022-07-15 17:01:15,0,0,4.488778,0.2493766,0,93.76559,0.9975062,0.2493766,0
2022-07-15 17:01:14,0,0,4.534005,0,0,94.45844,0.7556675,0,0
2022-07-15 17:01:13,0,0,4.738155,0.4987531,0,93.01746,1.4962594,0,0
2022-07-15 17:01:12,0,0,4.5,0.25,0,93.25,1,0.5,0
2022-07-15 17:01:11,0,0,4.522613,0,0,92.46231,1.758794,0.2512563,0
2022-07-15 17:01:10,0,0,5.735661,0.2493766,0,92.01995,1.4962594,0,0
2022-07-15 17:01:09,0,0,3.258145,0.2506266,0,93.48371,1.2531328,0.2506266,0.2506266
2022-07-15 17:01:08,0,0,4.5,0.25,0,93.75,1.25,0,0
2022-07-15 17:01:07,0,0,5.037783,0,0,92.69521,1.511335,0.2518892,0
2022-07-15 17:01:06,0,0,4.239401,0.2493766,0,94.01496,1.2468828,0,0
2022-07-15 17:01:05,0,0,5.793451,0,0,92.44332,1.2594458,0,0
2022-07-15 17:01:04,0,0,4.228856,0.2487562,0,94.02985,1.2437811,0,0
2022-07-15 17:01:03,0,0,5.012531,0,0,92.98246,1.5037594,0,0
2022-07-15 17:01:02,0,0,4.75,0.25,0,93.75,0.5,0,0
2022-07-15 17:01:01,0,0,4.738155,0,0,92.76808,1.745636,0.2493766,0
2022-07-15 17:01:00,0,0,4.488778,0.2493766,0,92.76808,1.745636,0.2493766,0
2022-07-15 17:00:59,0,0,4.522613,0.2512563,0,93.46734,1.2562814,0,0
2022-07-15 17:00:58,0,0,5.263158,0,0,92.98246,1.5037594,0,0
2022-07-15 17:00:57,0,0,4.75,0.25,0,93.5,1,0,0
2022-07-15 17:00:56,0,0,5,0,0,93,1.5,0.25,0
2022-07-15 17:00:55,0,0,6.265664,0.2506266,0,91.72932,1.5037594,0,0
2022-07-15 17:00:54,0,0,3.9801,0.7462687,0,91.29353,1.741294,0.2487562,0
2022-07-15 17:00:53,0,0,4.228856,0,0,94.27861,1.2437811,0,0
2022-07-15 17:00:52,0,0,4.030227,0,0,93.95466,1.511335,0,0
2022-07-15 17:00:51,0,0,5.513784,0.2506266,0,91.72932,1.5037594,0,0.2506266
2022-07-15 17:00:50,0,0,4.25,0.25,0,93.25,2,0,0
2022-07-15 17:00:49,0,0,4.962779,0,0,93.05211,1.2406948,0.248139,0
2022-07-15 17:00:48,0,0,4.773869,0.2512563,0,92.71357,1.5075377,0.2512563,0
2022-07-15 17:00:47,0,0,4.511278,0.2506266,0,93.48371,1.2531328,0,0
2022-07-15 17:00:46,0,0,5.025126,0.2512563,0,92.46231,1.758794,0,0
2022-07-15 17:00:45,0,0,5.025126,0,0,92.96482,1.5075377,0.2512563,0
2022-07-15 17:00:44,0,0,4.738155,0.2493766,0,93.51621,0.9975062,0,0
2022-07-15 17:00:43,0,0,5.472637,0.2487562,0,91.54229,1.4925373,0.2487562,0.2487562
2022-07-15 17:00:42,0,0,3.508772,0.2506266,0,95.2381,1.0025063,0,0
2022-07-15 17:00:41,0,0,5,0,0,92.5,1.5,0.25,0
2022-07-15 17:00:40,0,0,4.522613,0,0,93.96985,1.2562814,0,0
2022-07-15 17:00:39,0,0,4.987531,0.2493766,0,92.26933,1.995012,0.2493766,0
2022-07-15 17:00:38,0,0,4.75,0,0,93.75,0.75,0.25,0.25
2022-07-15 17:00:37,0,0,4.975124,0.2487562,0,92.78607,1.2437811,0.2487562,0
2022-07-15 17:00:36,0,0,5.472637,0,0,91.04478,2.238806,0,0.2487562
2022-07-15 17:00:35,0,0,3.5,0,0,95,1,0.25,0
2022-07-15 17:00:34,0,0,5.25,0,0,92.75,1.5,0,0
2022-07-15 17:00:33,0,0,4.726368,0.4975124,0,93.53234,0.9950249,0.2487562,0
2022-07-15 17:00:32,0,0,5.527638,0.2512563,0,92.46231,1.2562814,0,0
2022-07-15 17:00:31,0,0,5.236908,0,0,92.26933,1.4962594,0.2493766,0
2022-07-15 17:00:30,0,0,4.239401,0.2493766,0,94.26434,0.7481297,0.2493766,0
2022-07-15 17:00:29,0,0,5.5,0,0,92.5,1.75,0.25,0
2022-07-15 17:00:28,0,0,5.75,0.5,0,90.75,1.5,0,0.25
2022-07-15 17:00:27,0,0,3.990025,0,0,92.76808,2.244389,0.4987531,0
2022-07-15 17:00:26,0,0,4.282116,0,0,93.45088,1.763224,0.2518892,0
2022-07-15 17:00:25,0,0,4.738155,0.2493766,0,93.51621,0.9975062,0,0
2022-07-15 17:00:24,0,0,5.263158,0,0,93.23308,1.5037594,0,0
2022-07-15 17:00:23,0,0,4.511278,0.2506266,0,93.48371,1.2531328,0.2506266,0
2022-07-15 17:00:22,0,0,4.75,0.25,0,93.5,1.25,0,0
2022-07-15 17:00:21,0,0,4.726368,0.2487562,0,92.53731,1.2437811,0.2487562,0
2022-07-15 17:00:20,0,0,5.037783,0,0,93.95466,0.7556675,0,0
2022-07-15 17:00:19,0,0,4.987531,0.2493766,0,92.5187,1.745636,0.2493766,0
2022-07-15 17:00:18,0,0,4.477612,0,0,93.53234,0.9950249,0.4975124,0
2022-07-15 17:00:17,0,0,4.975124,0.2487562,0,87.81095,2.238806,0,3.9801
2022-07-15 17:00:16,0,0,3.508772,0,0,93.98496,1.2531328,0.2506266,0.5012531
2022-07-15 17:00:15,0,0,3.768844,0,0,94.22111,1.5075377,0.2512563,0
2022-07-15 17:00:14,0,0,4.75,0,0,93,1.5,0.5,0
2022-07-15 17:00:13,0,0,4.726368,0.2487562,0,92.78607,1.4925373,0.2487562,0
2022-07-15 17:00:12,0,0,4.545455,0,0,93.93939,1.2626263,0,0
2022-07-15 17:00:11,0,0,5,0,0,93.5,1,0,0
2022-07-15 17:00:10,0,0,4.773869,0.2512563,0,93.21608,1.2562814,0.2512563,0
2022-07-15 17:00:09,0,0,4.773869,0,0,93.21608,1.0050251,0,0.2512563
2022-07-15 17:00:08,0,0,4.71464,0,0,93.30025,1.2406948,0.248139,0
2022-07-15 17:00:07,0,0,4.773869,0,0,93.21608,1.2562814,0.2512563,0
2022-07-15 17:00:06,0,0,5.223881,0.2487562,0,92.78607,1.2437811,0.2487562,0
2022-07-15 17:00:05,0,0,4.987531,0.2493766,0,92.76808,1.2468828,0.2493766,0
2022-07-15 17:00:04,0,0,5.012531,0,0,92.4812,2.005013,0.2506266,0
2022-07-15 17:00:03,0,0,7.23192,0.2493766,0,90.52369,0.9975062,0.4987531,0.2493766
2022-07-15 17:00:02,0,0,3.517588,0,0,93.21608,1.0050251,0,2.01005
2022-07-15 17:00:01,0,0,4.010025,0.2506266,0,93.48371,1.2531328,0,0.2506266
2022-07-15 17:00:00,0,0,4.466501,0.248139,0,93.79653,0.9925558,0.248139,0
2022-07-15 16:59:59,0,0,4.987531,0,0,93.26683,0.9975062,0,0
2022-07-15 16:59:58,0,0,4.773869,0.2512563,0,93.21608,1.2562814,0.2512563,0
2022-07-15 16:59:57,0,0,4.761905,0,0,93.48371,1.0025063,0.2506266,0
2022-07-15 16:59:56,0,0,5.037783,0.2518892,0,93.45088,0.7556675,0.2518892,0
2022-07-15 16:59:55,0,0,4.75,0,0,93.25,1.25,0.25,0
2022-07-15 16:59:54,0,0,4.5,0.25,0,93.25,1.5,0.25,0
2022-07-15 16:59:53,0,0,5.025126,0.2512563,0,92.71357,1.5075377,0.2512563,0
2022-07-15 16:59:52,0,0,4.5,0.25,0,92.75,1.75,0,0
2022-07-15 16:59:51,0,0,4.761905,0,0,92.4812,2.005013,0,0
2022-07-15 16:59:50,0,0,6.699752,0.248139,0,88.33747,1.985112,0.4962779,1.2406948
2022-07-15 16:59:49,0,0,2.506266,0,0,96.2406,0.7518797,0.2506266,0
2022-07-15 16:59:48,0,0,4,0.25,0,94.25,1,0,0
2022-07-15 16:59:47,0,0,4.477612,0.2487562,0,93.78109,1.2437811,0,0
2022-07-15 16:59:46,0,0,4.785894,0.2518892,0,92.44332,2.267003,0,0
2022-07-15 16:59:45,0,0,4.260652,0,0,93.48371,1.5037594,0.2506266,0
2022-07-15 16:59:44,0,0,5.012531,0,0,93.23308,1.2531328,0.2506266,0
2022-07-15 16:59:43,0,0,4.962779,0.4962779,0,90.81886,0.9925558,0.248139,1.985112
2022-07-15 16:59:42,0,0,3.990025,0,0,93.76559,1.2468828,0.4987531,0
2022-07-15 16:59:41,0,0,4.785894,0.2518892,0,93.70277,1.0075567,0,0
2022-07-15 16:59:40,0,0,4.761905,0,0,93.23308,1.5037594,0,0
2022-07-15 16:59:39,0,0,4.455446,0.2475248,0,92.82178,1.4851485,0.2475248,0.2475248
2022-07-15 16:59:38,0,0,5.263158,0,0,92.73183,1.5037594,0.2506266,0
2022-07-15 16:59:37,0,0,4.25,0,0,93.75,1.25,0.25,0
2022-07-15 16:59:36,0,0,4.975124,0.2487562,0,92.28856,1.2437811,0.7462687,0
2022-07-15 16:59:35,0,0,5.037783,0.2518892,0,90.93199,1.763224,0,0.2518892
2022-07-15 16:59:34,0,0,4,0.25,0,93.75,1.25,0.25,0
2022-07-15 16:59:33,0,0,4.5,0,0,93.75,1.25,0,0
2022-07-15 16:59:32,0,0,5.25,0,0,93,1.25,0.25,0
2022-07-15 16:59:31,0,0,4.5,0.25,0,93.25,1,0,0.25
2022-07-15 16:59:30,0,0,4.75,0,0,93.25,1.5,0.25,0
2022-07-15 16:59:29,0,0,5.012531,0.2506266,0,92.98246,1.5037594,0,0
2022-07-15 16:59:28,0,0,5.012531,0.2506266,0,92.23058,2.005013,0.2506266,0
2022-07-15 16:59:27,0,0,4.5,0,0,93.25,1.75,0.25,0
2022-07-15 16:59:26,0,0,5,0.25,0,93,1.25,0.25,0
2022-07-15 16:59:25,0,0,6.516291,0,0,91.4787,1.754386,0,0
2022-07-15 16:59:24,0,0,5.5,0,0,90,1.75,0,2
2022-07-15 16:59:23,0,0,2.992519,0.4987531,0,92.26933,1.745636,0.4987531,0.9975062
2022-07-15 16:59:22,0,0,3.25,0,0,95.25,1.25,0,0
2022-07-15 16:59:21,0,0,4.260652,0,0,92.98246,1.754386,0.2506266,0.2506266
2022-07-15 16:59:20,0,0,4.773869,0.2512563,0,93.21608,1.2562814,0.2512563,0
2022-07-15 16:59:19,0,0,4.738155,0.4987531,0,92.5187,1.4962594,0.2493766,0
2022-07-15 16:59:18,0,0,4.987531,0,0,93.51621,0.9975062,0.2493766,0
2022-07-15 16:59:17,0,0,4.726368,0,0,93.28358,1.4925373,0.2487562,0
2022-07-15 16:59:16,0,0,5.025126,0.2512563,0,93.21608,0.7537688,0,0
2022-07-15 16:59:15,0,0,3.990025,0.2493766,0,94.01496,1.2468828,0,0
2022-07-15 16:59:14,0,0,5.236908,0,0,93.01746,1.2468828,0.2493766,0
2022-07-15 16:59:13,0,0,4.534005,0,0,94.45844,0.7556675,0,0
2022-07-15 16:59:12,0,0,4.738155,0.4987531,0,91.77057,2.244389,0.2493766,0
2022-07-15 16:59:11,0,0,4.534005,0,0,93.95466,1.0075567,0,0
2022-07-15 16:59:10,0,0,4.975124,0.2487562,0,92.53731,1.741294,0,0.2487562
2022-07-15 16:59:09,0,0,7.481297,0.2493766,0,90.02494,1.745636,0.2493766,0
2022-07-15 16:59:08,0,0,5.236908,0.4987531,0,92.01995,1.2468828,0,0.4987531
2022-07-15 16:59:07,0,0,3.25,0.25,0,95.25,0.75,0,0.25
2022-07-15 16:59:06,0,0,4.010025,0,0,94.23559,1.2531328,0.2506266,0.2506266
2022-07-15 16:59:05,0,0,5.223881,0,0,92.78607,1.4925373,0,0
2022-07-15 16:59:04,0,0,4.75,0.5,0,93,1,0.25,0
2022-07-15 16:59:03,0,0,4.785894,0.2518892,0,92.19144,2.518892,0,0
2022-07-15 16:59:02,0,0,5,0.25,0,92.5,1.75,0,0
2022-07-15 16:59:01,0,0,4.75,0.25,0,93.25,1.25,0,0
2022-07-15 16:59:00,0,0,4.738155,0,0,92.26933,1.2468828,0.4987531,0
2022-07-15 16:58:59,0,0,4.522613,0.2512563,0,93.46734,1.758794,0,0
2022-07-15 16:58:58,0,0,4.987531,0.2493766,0,92.76808,0.9975062,0.4987531,0
2022-07-15 16:58:57,0,0,6.281407,0.5025126,0,90.20101,1.5075377,0,0.2512563
2022-07-15 16:58:56,0,0,2.729529,0.248139,0,95.78164,0.7444169,0.4962779,0
2022-07-15 16:58:55,0,0,5.050505,0,0,92.67677,1.5151515,0,0
2022-07-15 16:58:54,0,0,4.75,0.25,0,94,1,0,0
2022-07-15 16:58:53,0,0,5,0,0,93.25,1.5,0,0
2022-07-15 16:58:52,0,0,4.726368,0.4975124,0,91.54229,2.238806,0.2487562,0
2022-07-15 16:58:51,0,0,4.522613,0,0,93.46734,1.5075377,0,0
2022-07-15 16:58:50,0,0,4.975124,0.2487562,0,92.78607,1.2437811,0.2487562,0
2022-07-15 16:58:49,0,0,4.477612,0.2487562,0,91.29353,1.741294,0,0.7462687
2022-07-15 16:58:48,0,0,4.534005,0,0,93.70277,1.2594458,0.2518892,0
2022-07-15 16:58:47,0,0,4.738155,0.2493766,0,92.5187,1.4962594,0.2493766,0
2022-07-15 16:58:46,0,0,5.012531,0,0,93.48371,1.2531328,0.2506266,0
2022-07-15 16:58:45,0,0,4.5,0,0,93,1.75,0,0
2022-07-15 16:58:44,0,0,5.012531,0.2506266,0,93.23308,1.2531328,0,0
2022-07-15 16:58:43,0,0,4.511278,0,0,93.23308,1.2531328,0.5012531,0
2022-07-15 16:58:42,0,0,5.75,0.25,0,92,1.75,0,0
2022-07-15 16:58:41,0,0,4.239401,0.2493766,0,92.26933,1.745636,0,0.2493766
2022-07-15 16:58:40,0,0,4.228856,0.4975124,0,92.78607,1.99005,0.2487562,0
2022-07-15 16:58:39,0,0,5.276382,0,0,92.96482,1.2562814,0.2512563,0
2022-07-15 16:58:38,0,0,4.477612,0.2487562,0,93.03483,1.4925373,0.2487562,0
2022-07-15 16:58:37,0,0,4.79798,0.2525253,0,93.43434,1.2626263,0,0
2022-07-15 16:58:36,0,0,4.726368,0,0,93.53234,0.9950249,0.4975124,0
2022-07-15 16:58:35,0,0,5,0.25,0,93,1.25,0.25,0
2022-07-15 16:58:34,0,0,5.025126,0.2512563,0,92.96482,1.2562814,0,0
2022-07-15 16:58:33,0,0,4.511278,0.2506266,0,93.48371,1.2531328,0.2506266,0
2022-07-15 16:58:32,0,0,5.236908,0,0,92.5187,1.4962594,0.2493766,0
2022-07-15 16:58:31,0,0,5.513784,0.2506266,0,91.4787,2.005013,0.2506266,0.2506266
2022-07-15 16:58:30,0,0,4.522613,0.2512563,0,93.21608,1.0050251,0,0
2022-07-15 16:58:29,0,0,4,0,0,94,1.25,0.25,0
2022-07-15 16:58:28,0,0,4.987531,0.4987531,0,92.5187,1.2468828,0.2493766,0
2022-07-15 16:58:27,0,0,4.726368,0,0,93.03483,1.4925373,0.2487562,0
2022-07-15 16:58:26,0,0,4.773869,0,0,93.71859,1.0050251,0,0
2022-07-15 16:58:25,0,0,4.75,0.25,0,92.5,1.5,0.5,0
2022-07-15 16:58:24,0,0,4.962779,0,0,93.30025,1.4888337,0,0
2022-07-15 16:58:23,0,0,5.527638,0,0,92.46231,1.0050251,0,0.2512563
2022-07-15 16:58:22,0,0,3.9801,0.2487562,0,94.27861,0.9950249,0.2487562,0
2022-07-15 16:58:21,0,0,4.79798,0.2525253,0,93.18182,1.010101,0.2525253,0
2022-07-15 16:58:20,0,0,4.987531,0,0,92.76808,1.995012,0,0
2022-07-15 16:58:19,0,0,5,0,0,92,2.75,0.25,0
2022-07-15 16:58:18,0,0,4.726368,0.2487562,0,92.28856,2.238806,0,0
2022-07-15 16:58:17,0,0,4.975124,0.2487562,0,93.28358,0.9950249,0.2487562,0
2022-07-15 16:58:16,0,0,4.522613,0.2512563,0,92.71357,1.5075377,0.2512563,0
2022-07-15 16:58:15,0,0,5.541562,0,0,90.93199,2.015113,0.2518892,0.2518892
2022-07-15 16:58:14,0,0,4,0.25,0,94,1.5,0,0
2022-07-15 16:58:13,0,0,4.987531,0.2493766,0,92.5187,1.4962594,0.2493766,0
2022-07-15 16:58:12,0,0,4.773869,0,0,93.21608,1.2562814,0.2512563,0
2022-07-15 16:58:11,0,0,4.738155,0.2493766,0,92.5187,1.2468828,0.2493766,0
2022-07-15 16:58:10,0,0,4.79798,0,0,92.92929,1.767677,0,0
2022-07-15 16:58:09,0,0,5.263158,0,0,92.4812,1.2531328,0.2506266,0
2022-07-15 16:58:08,0,0,4.5,0.25,0,93.5,1,0.25,0
2022-07-15 16:58:07,0,0,5.210918,0.248139,0,92.30769,1.736973,0.248139,0
2022-07-15 16:58:06,0,0,4.75,0,0,92.75,2,0.25,0
2022-07-15 16:58:05,0,0,5.541562,0.5037783,0,92.69521,1.0075567,0,0
2022-07-15 16:58:04,0,0,5.75,0.25,0,91.5,1.75,0,0.25
2022-07-15 16:58:03,0,0,3.759398,0.2506266,0,93.48371,1.2531328,0.2506266,0
2022-07-15 16:58:02,0,0,4.522613,0.2512563,0,93.46734,1.5075377,0,0
2022-07-15 16:58:01,0,0,5.263158,0,0,92.4812,1.754386,0,0
2022-07-15 16:58:00,0,0,4.477612,0,0,93.03483,1.99005,0.2487562,0
2022-07-15 16:57:59,0,0,5.037783,0.2518892,0,92.9471,1.2594458,0,0
2022-07-15 16:57:58,0,0,4.738155,0.2493766,0,93.26683,1.2468828,0.2493766,0
2022-07-15 16:57:57,0,0,4.75,0.25,0,92.75,1.75,0,0
2022-07-15 16:57:56,0,0,5.513784,0,0,92.4812,1.2531328,0,0
2022-07-15 16:57:55,0,0,3.759398,0,0,95.2381,0.7518797,0,0
2022-07-15 16:57:54,0,0,5.210918,0.248139,0,93.05211,0.9925558,0.248139,0
2022-07-15 16:57:53,0,0,4.511278,0,0,92.98246,2.255639,0,0
2022-07-15 16:57:52,0,0,4.962779,0.248139,0,92.30769,1.4888337,0.248139,0
2022-07-15 16:57:51,0,0,4.987531,0,0,92.5187,1.4962594,0.4987531,0
2022-07-15 16:57:50,0,0,4.545455,0.2525253,0,93.43434,1.5151515,0,0
2022-07-15 16:57:49,0,0,5.289673,0.2518892,0,91.43577,2.015113,0.5037783,0
2022-07-15 16:57:48,0,0,4.488778,0,0,91.77057,1.4962594,0.2493766,0.2493766
2022-07-15 16:57:47,0,0,4.488778,0,0,93.51621,1.4962594,0.2493766,0
2022-07-15 16:57:46,0,0,4.738155,0.2493766,0,93.26683,1.2468828,0.2493766,0
2022-07-15 16:57:45,0,0,4.987531,0.2493766,0,93.01746,1.2468828,0,0
2022-07-15 16:57:44,0,0,4.773869,0.2512563,0,92.46231,2.01005,0.2512563,0
2022-07-15 16:57:43,0,0,4.726368,0,0,93.28358,1.4925373,0,0
2022-07-15 16:57:42,0,0,4.75,0.25,0,93,1.5,0.25,0
2022-07-15 16:57:41,0,0,5.025126,0.2512563,0,92.71357,1.2562814,0.2512563,0
2022-07-15 16:57:40,0,0,4.975124,0.2487562,0,93.03483,1.2437811,0.2487562,0
2022-07-15 16:57:39,0,0,5.025126,0,0,93.21608,1.5075377,0,0
2022-07-15 16:57:38,0,0,4.511278,0.2506266,0,93.23308,1.5037594,0.2506266,0
2022-07-15 16:57:37,0,0,5.985037,0.2493766,0,90.27431,1.745636,0.2493766,0.2493766
2022-07-15 16:57:36,0,0,2.992519,0.2493766,0,95.7606,0.7481297,0,0
2022-07-15 16:57:35,0,0,5.012531,0.2506266,0,92.4812,1.754386,0.2506266,0
2022-07-15 16:57:34,0,0,4.5,0.5,0,93,1.5,0,0
2022-07-15 16:57:33,0,0,5.25,0,0,93.25,1,0.25,0
2022-07-15 16:57:32,0,0,4.488778,0.2493766,0,93.51621,1.4962594,0.2493766,0
2022-07-15 16:57:31,0,0,4.79798,0,0,93.18182,1.010101,0.5050505,0
2022-07-15 16:57:30,0,0,4.962779,0.248139,0,92.80397,1.736973,0,0
2022-07-15 16:57:29,0,0,4.987531,0,0,92.01995,1.2468828,0.2493766,0.2493766
2022-07-15 16:57:28,0,0,4.030227,0.2518892,0,94.45844,1.0075567,0,0
2022-07-15 16:57:27,0,0,5.486284,0,0,92.01995,1.745636,0.2493766,0
2022-07-15 16:57:26,0,0,4.522613,0,0,93.96985,1.0050251,0.2512563,0
2022-07-15 16:57:25,0,0,6.234414,0.2493766,0,91.77057,1.4962594,0,0
2022-07-15 16:57:24,0,0,6.549118,0.2518892,0,91.93955,0.7556675,0.2518892,0
2022-07-15 16:57:23,0,0,5.721393,0.4975124,0,91.04478,1.741294,0.2487562,0.2487562
2022-07-15 16:57:22,0,0,5.764411,0.2506266,0,91.4787,1.754386,0,0
2022-07-15 16:57:21,0,0,4.5,0.25,0,93.25,1.5,0.25,0
2022-07-15 16:57:20,0,0,7.017544,0,0,90.22556,1.5037594,0.2506266,0
2022-07-15 16:57:19,0,0,7.5,0.25,0,89.5,2.25,0.25,0
2022-07-15 16:57:18,0,0,5.25,0,0,92.75,1.5,0.25,0
2022-07-15 16:57:17,0,0,5.263158,0.5012531,0,92.23058,1.2531328,0.2506266,0
2022-07-15 16:57:16,0,0,4.522613,0,0,93.46734,1.758794,0.2512563,0
2022-07-15 16:57:15,0,0,4.987531,0.2493766,0,92.76808,1.2468828,0.2493766,0
2022-07-15 16:57:14,0,0,4.987531,0.2493766,0,93.26683,0.9975062,0,0
2022-07-15 16:57:13,0,0,5,0,0,92.75,1.75,0.25,0
2022-07-15 16:57:12,0,0,4.5,0,0,93.75,1.25,0.25,0
2022-07-15 16:57:11,0,0,5.985037,0.2493766,0,90.77307,0.9975062,0.7481297,0.2493766
2022-07-15 16:57:10,0,0,4.282116,0.2518892,0,93.95466,1.2594458,0,0
2022-07-15 16:57:09,0,0,4.239401,0.2493766,0,93.01746,0.9975062,0.2493766,0
2022-07-15 16:57:08,0,0,4.761905,0,0,93.48371,1.2531328,0.2506266,0
2022-07-15 16:57:07,0,0,4.71464,0.248139,0,92.80397,1.736973,0,0
2022-07-15 16:57:06,0,0,4.785894,0,0,93.70277,1.2594458,0,0
2022-07-15 16:57:05,0,0,6.25,0.25,0,91,1.75,0.5,0
2022-07-15 16:57:04,0,0,4.239401,0.2493766,0,93.51621,1.2468828,0.2493766,0
2022-07-15 16:57:03,0,0,6,0,0,92.25,1,0.25,0
2022-07-15 16:57:02,0,0,3.75,0,0,94.25,1,0.25,0.25
2022-07-15 16:57:01,0,0,5,0.25,0,92.75,1.25,0.5,0
2022-07-15 16:57:00,0,0,5.025126,0.2512563,0,92.21106,2.261307,0,0
2022-07-15 16:56:59,0,0,4.773869,0.2512563,0,93.21608,1.0050251,0.2512563,0
2022-07-15 16:56:58,0,0,5.210918,0.4962779,0,92.30769,1.4888337,0.248139,0
2022-07-15 16:56:57,0,0,4.545455,0,0,93.68687,1.010101,0.2525253,0
2022-07-15 16:56:56,0,0,4.950495,0.2475248,0,93.06931,0.990099,0.2475248,0
2022-07-15 16:56:55,0,0,5.541562,0.2518892,0,90.93199,2.015113,0.2518892,0
2022-07-15 16:56:54,0,0,3.768844,0,0,94.47236,1.2562814,0.2512563,0
2022-07-15 16:56:53,0,0,5.210918,0.248139,0,91.81141,1.985112,0.248139,0
2022-07-15 16:56:52,0,0,4.75,0.25,0,93,1.5,0.25,0
2022-07-15 16:56:51,0,0,5,0.25,0,92.5,1.5,0.25,0
2022-07-15 16:56:50,0,0,5.025126,0,0,92.96482,1.758794,0,0
2022-07-15 16:56:49,0,0,4.488778,0.2493766,0,93.76559,0.9975062,0.2493766,0
2022-07-15 16:56:48,0,0,5.5,0,0,92.25,1.5,0.25,0
2022-07-15 16:56:47,0,0,4.218362,0.4962779,0,92.80397,1.736973,0.4962779,0
2022-07-15 16:56:46,0,0,4.785894,0,0,93.95466,1.0075567,0,0
2022-07-15 16:56:45,0,0,4.738155,0,0,93.01746,1.745636,0.2493766,0
2022-07-15 16:56:44,0,0,4.511278,0,0,94.23559,0.7518797,0,0
2022-07-15 16:56:43,0,0,5.472637,0,0,91.54229,1.2437811,0.2487562,0.2487562
2022-07-15 16:56:42,0,0,2.985075,0.2487562,0,93.78109,2.487562,0.2487562,0
2022-07-15 16:56:41,0,0,4.25,0.5,0,93.25,1.5,0,0
2022-07-15 16:56:40,0,0,3.258145,0.2506266,0,95.2381,1.0025063,0.2506266,0
2022-07-15 16:56:39,0,0,3.75,0,0,94.5,1.5,0,0
2022-07-15 16:56:38,0,0,3.740648,0.2493766,0,94.01496,0.9975062,0.2493766,0
2022-07-15 16:56:37,0,0,3.740648,0,0,94.26434,1.4962594,0.2493766,0
2022-07-15 16:56:36,0,0,3.759398,0.2506266,0,92.73183,2.005013,0.5012531,0
2022-07-15 16:56:35,0,0,2.244389,0,0,96.50873,0.7481297,0.2493766,0
2022-07-15 16:56:34,0,0,2.985075,0.4975124,0,93.28358,1.99005,0.4975124,0
2022-07-15 16:56:33,0,0,2.25,0,0,96,1.5,0,0
2022-07-15 16:56:32,0,0,2.985075,0.2487562,0,94.77612,0.9950249,0.4975124,0
2022-07-15 16:56:31,0,0,2.015113,0,0,96.22166,1.2594458,0,0
2022-07-15 16:56:30,0,0,3.007519,0.5012531,0,94.48622,1.5037594,0.2506266,0
2022-07-15 16:56:29,0,0,3.473945,0.4962779,0,92.30769,1.736973,0.248139,0.4962779
2022-07-15 16:56:28,0,0,1.5,0.25,0,95.25,1.5,0.25,0
2022-07-15 16:56:27,0,0,1.5,0.25,0,95.75,1.75,0.25,0
2022-07-15 16:56:26,0,0,1.5075377,0,0,95.47739,2.512563,0,0
2022-07-15 16:56:25,0,0,1.5075377,0,0,97.23618,0.7537688,0,0
2022-07-15 16:56:24,0,0,1.5037594,0,0,96.74185,1.5037594,0.2506266,0
2022-07-15 16:56:23,0,0,1.4925373,0.2487562,0,96.76617,0.4975124,0.4975124,0
2022-07-15 16:56:22,0,0,1.758794,0.2512563,0,95.72864,1.5075377,0.2512563,0
2022-07-15 16:56:21,0,0,1.5037594,0,0,96.2406,1.5037594,0.2506266,0
2022-07-15 16:56:20,0,0,1.511335,0.2518892,0,96.97733,1.0075567,0.2518892,0
2022-07-15 16:56:19,0,0,1.4925373,0,0,96.51741,1.2437811,0.2487562,0
2022-07-15 16:56:18,0,0,1.995012,0.4987531,0,94.76309,1.745636,0.2493766,0
2022-07-15 16:56:17,0,0,0.5037783,0,0,97.48111,1.2594458,0.2518892,0
2022-07-15 16:56:16,0,0,0.4975124,0.2487562,0,98.00995,0.9950249,0,0
2022-07-15 16:56:15,0,0,0.2493766,0,0,97.25686,1.745636,0,0
2022-07-15 16:56:14,0,0,0.75,0,0,98,1,0.25,0
2022-07-15 16:56:13,0,0,0.5012531,0,0,97.74436,1.2531328,0.2506266,0
2022-07-15 16:56:12,0,0,0.5012531,0.2506266,0,97.74436,1.2531328,0,0
2022-07-15 16:56:11,0,0,0.4987531,0.2493766,0,96.50873,1.745636,0,0
2022-07-15 16:56:10,0,0,0.5025126,0.2512563,0,96.98492,1.758794,0.2512563,0
2022-07-15 16:56:09,0,0,0.5012531,0,0,97.74436,1.5037594,0,0
2022-07-15 16:56:08,0,0,0.4975124,0.2487562,0,97.26368,1.2437811,0.2487562,0
2022-07-15 16:56:07,0,0,0.5,0.25,0,97.75,1.25,0,0
2022-07-15 16:56:06,0,0,0.5012531,0.2506266,0,97.24311,1.2531328,0.2506266,0
2022-07-15 16:56:05,0,0,1.5037594,0.2506266,0,95.73935,2.005013,0,0
2022-07-15 16:56:04,0,0,0.5012531,0.2506266,0,97.24311,1.5037594,0,0
2022-07-15 16:56:03,0,0,0.5012531,0,0,96.49123,2.005013,0,0
2022-07-15 16:56:02,0,0,0.4987531,0.2493766,0,97.25686,1.2468828,0.2493766,0
2022-07-15 16:56:01,0,0,0.7518797,0,0,96.49123,2.005013,0,0
2022-07-15 16:56:00,0,0,0.5025126,0.2512563,0,97.23618,1.5075377,0,0
2022-07-15 16:55:59,0,0,0.4987531,0.2493766,0,97.75561,1.2468828,0,0
2022-07-15 16:55:58,0,0,0.4987531,0,0,97.50623,1.4962594,0.2493766,0
2022-07-15 16:55:57,0,0,0.5050505,0.2525253,0,97.72727,1.2626263,0,0
2022-07-15 16:55:56,0,0,0.5,0,0,97.25,1.75,0,0
2022-07-15 16:55:55,0,0,0.5012531,0.2506266,0,97.49373,1.2531328,0.2506266,0
2022-07-15 16:55:54,0,0,0.4987531,0,0,96.7581,1.995012,0.2493766,0
2022-07-15 16:55:53,0,0,0.5025126,0,0,97.73869,0.7537688,0.2512563,0
2022-07-15 16:55:52,0,0,0.5,0.25,0,96.75,2,0,0
2022-07-15 16:55:51,0,0,0.5037783,0.2518892,0,97.48111,1.2594458,0.2518892,0
2022-07-15 16:55:50,0,0,0.5012531,0.5012531,0,96.74185,1.754386,0.2506266,0
2022-07-15 16:55:49,0,0,0.5012531,0,0,97.49373,1.2531328,0,0
2022-07-15 16:55:48,0,0,0.75,0.25,0,96.5,2,0.25,0
2022-07-15 16:55:47,0,0,0.5,0,0,96.75,2.25,0.25,0
2022-07-15 16:55:46,0,0,0.5,0.5,0,96.5,1.25,0.25,0
2022-07-15 16:55:45,0,0,0.5,0.25,0,97,1.5,0.25,0
2022-07-15 16:55:44,0,0,0.4938272,0.2469136,0,96.79012,1.4814815,0.4938272,0
2022-07-15 16:55:43,0,0,0.5063291,0,0,97.72152,1.5189873,0,0
2022-07-15 16:55:42,0,0,0.4987531,0.2493766,0,96.7581,1.4962594,0.2493766,0
2022-07-15 16:55:41,0,0,0.5,0,0,97.5,1.75,0,0
2022-07-15 16:55:40,0,0,0.5012531,0.2506266,0,97.74436,0.7518797,0.2506266,0
2022-07-15 16:55:39,0,0,0.5,0.25,0,97.75,1.25,0,0
2022-07-15 16:55:38,0,0,0.4987531,0.2493766,0,96.25935,1.2468828,0.2493766,0.2493766
2022-07-15 16:55:37,0,0,0.5,0.25,0,97.75,1,0.25,0
2022-07-15 16:55:36,0,0,0.4975124,0,0,97.01493,1.99005,0,0
2022-07-15 16:55:35,0,0,0.5050505,0,0,98.23232,1.010101,0,0
2022-07-15 16:55:34,0,0,0.4987531,0.2493766,0,97.75561,0.9975062,0.2493766,0
2022-07-15 16:55:33,0,0,0.5012531,0,0,97.99499,1.2531328,0,0
2022-07-15 16:55:32,0,0,0.7481297,0.2493766,0,96.50873,1.745636,0.2493766,0
2022-07-15 16:55:31,0,0,0.2493766,0.2493766,0,97.50623,1.2468828,0.2493766,0
2022-07-15 16:55:30,0,0,0.5025126,0,0,96.48241,2.261307,0.2512563,0
2022-07-15 16:55:29,0,0,0.4987531,0.2493766,0,97.50623,0.9975062,0.2493766,0
2022-07-15 16:55:28,0,0,0.7462687,0.4975124,0,96.76617,1.2437811,0.2487562,0
2022-07-15 16:55:27,0,0,0.5037783,0.2518892,0,96.47355,1.511335,0.2518892,0
2022-07-15 16:55:26,0,0,0.25,0.25,0,97.75,1.25,0,0
2022-07-15 16:55:25,0,0,0.4975124,0.2487562,0,97.51244,0.9950249,0.2487562,0
2022-07-15 16:55:24,0,0,0.5025126,0.2512563,0,96.98492,1.758794,0.2512563,0
2022-07-15 16:55:23,0,0,0.5,0,0,98,1.25,0,0
2022-07-15 16:55:22,0,0,0.4975124,0.2487562,0,97.76119,0.9950249,0,0
2022-07-15 16:55:21,0,0,0.5037783,0,0,97.22922,1.0075567,0.2518892,0
2022-07-15 16:55:20,0,0,0.5012531,0.2506266,0,96.74185,1.754386,0,0
2022-07-15 16:55:19,0,0,0.5,0.25,0,95.75,3,0.25,0
2022-07-15 16:55:18,0,0,0.5,0,0,96.5,2.5,0,0
2022-07-15 16:55:17,0,0,0.75,0,0,97.25,1.5,0.25,0
2022-07-15 16:55:16,0,0,0.4962779,0.4962779,0,97.02233,1.2406948,0.248139,0
2022-07-15 16:55:15,0,0,0.5,0.25,0,97.75,1.25,0,0
2022-07-15 16:55:14,0,0,0.2525253,0,0,97.9798,1.5151515,0,0
2022-07-15 16:55:13,0,0,0.7481297,0.2493766,0,95.51122,2.244389,0.2493766,0
2022-07-15 16:55:12,0,0,0.5012531,0.5012531,0,97.49373,1.0025063,0.2506266,0
2022-07-15 16:55:11,0,0,0.5012531,0,0,97.74436,1.0025063,0,0
2022-07-15 16:55:10,0,0,0.4987531,0.2493766,0,96.7581,1.4962594,0.4987531,0
2022-07-15 16:55:09,0,0,0.5,0.25,0,97.25,1.75,0,0
2022-07-15 16:55:08,0,0,0.5,0.25,0,97.25,1.5,0.25,0
2022-07-15 16:55:07,0,0,0.2506266,0,0,96.49123,2.255639,0.2506266,0
2022-07-15 16:55:06,0,0,0.7481297,0.2493766,0,97.25686,1.4962594,0,0
2022-07-15 16:55:05,0,0,1,0.25,0,96.5,1.5,0.25,0
2022-07-15 16:55:04,0,0,0.4987531,0.2493766,0,97.25686,1.745636,0,0
2022-07-15 16:55:03,0,0,0.5,0.25,0,97.25,1.25,0.25,0
2022-07-15 16:55:02,0,0,0.75,0,0,97,0.75,0.25,0.75
2022-07-15 16:55:01,0,0,0.5025126,0.2512563,0,96.23116,1.5075377,0,0
2022-07-15 16:55:00,0,0,0.4987531,0.2493766,0,96.25935,2.743142,0.2493766,0
2022-07-15 16:54:59,0,0,0.5037783,0.2518892,0,97.22922,1.511335,0,0
2022-07-15 16:54:58,0,0,0.5,0,0,97.75,1.25,0.25,0
2022-07-15 16:54:57,0,0,0.5,0.5,0,96.25,2,0.25,0
2022-07-15 16:54:56,0,0,0.75,0,0,96.75,1.75,0.25,0
2022-07-15 16:54:55,0,0,0.4962779,0.4962779,0,95.78164,1.985112,0.4962779,0
2022-07-15 16:54:54,0,0,0.5037783,0.2518892,0,97.48111,1.511335,0,0
2022-07-15 16:54:53,0,0,0.5,0,0,97,1.5,0.25,0
2022-07-15 16:54:52,0,0,0.5037783,0,0,98.23678,0.7556675,0.2518892,0
2022-07-15 16:54:51,0,0,0.5012531,0.2506266,0,97.24311,1.5037594,0,0
2022-07-15 16:54:50,0,0,0.4975124,0.2487562,0,97.51244,0.9950249,0.4975124,0
2022-07-15 16:54:49,0,0,0.5025126,0,0,98.24121,1.0050251,0,0
2022-07-15 16:54:48,0,0,0.9925558,0.4962779,0,95.28536,1.985112,0,0.4962779
2022-07-15 16:54:47,0,0,0.2506266,0.2506266,0,96.49123,2.005013,0.2506266,0
2022-07-15 16:54:46,0,0,1.5151515,0,0,96.71717,1.2626263,0.2525253,0
2022-07-15 16:54:45,0,0,1.75,0.25,0,96,1.25,0.25,0
2022-07-15 16:54:44,0,0,1.4962594,0,0,96.50873,1.4962594,0.2493766,0
2022-07-15 16:54:43,0,0,1.5,0,0,96.75,1.5,0,0
2022-07-15 16:54:42,0,0,1.511335,0.2518892,0,96.72544,1.2594458,0,0
2022-07-15 16:54:41,0,0,1.5037594,0,0,96.49123,1.2531328,0.2506266,0
2022-07-15 16:54:40,0,0,1.5037594,0.5012531,0,96.2406,1.2531328,0.2506266,0
2022-07-15 16:54:39,0,0,1.4962594,0.2493766,0,96.25935,1.4962594,0.2493766,0
2022-07-15 16:54:38,0,0,1.5037594,0.5012531,0,95.48872,2.005013,0,0
2022-07-15 16:54:37,0,0,1.741294,0.2487562,0,95.27363,0.9950249,0.4975124,0
2022-07-15 16:54:36,0,0,2.01005,0,0,95.9799,1.2562814,0,0
2022-07-15 16:54:35,0,0,2.518892,0,0,95.96977,1.0075567,0.2518892,0
2022-07-15 16:54:34,0,0,3.465347,0.4950495,0,93.56436,1.732673,0.2475248,0
2022-07-15 16:54:33,0,0,3.535354,0,0,95.20202,1.010101,0,0
2022-07-15 16:54:32,0,0,3.722084,0.248139,0,94.54094,0.9925558,0,0
2022-07-15 16:54:31,0,0,3.508772,0.2506266,0,94.48622,1.0025063,0.2506266,0
2022-07-15 16:54:30,0,0,3.482587,0.2487562,0,94.02985,1.4925373,0.2487562,0
2022-07-15 16:54:29,0,0,3.740648,0,0,94.01496,1.745636,0.2493766,0
2022-07-15 16:54:28,0,0,4.271357,0.5025126,0,93.96985,1.0050251,0,0
2022-07-15 16:54:27,0,0,5.025126,0.5025126,0,92.96482,0.7537688,0.2512563,0
2022-07-15 16:54:26,0,0,4.25,0,0,93.75,1.25,0.25,0
2022-07-15 16:54:25,0,0,4.79798,0,0,93.93939,1.010101,0,0
2022-07-15 16:54:24,0,0,4.488778,0.2493766,0,93.76559,0.9975062,0.2493766,0
2022-07-15 16:54:23,0,0,4.477612,0,0,94.02985,0.9950249,0,0
2022-07-15 16:54:22,0,0,5.735661,0.7481297,0,91.02244,1.2468828,0.4987531,0
2022-07-15 16:54:21,0,0,3.266332,0,0,94.72362,1.2562814,0.2512563,0
2022-07-15 16:54:20,0,0,4.773869,0.2512563,0,92.71357,1.758794,0.2512563,0
2022-07-15 16:54:19,0,0,4.738155,0,0,93.01746,1.745636,0.2493766,0
2022-07-15 16:54:18,0,0,4.75,0.5,0,92.25,1.75,0.25,0
2022-07-15 16:54:17,0,0,4.5,0,0,93.25,1.5,0.25,0
2022-07-15 16:54:16,0,0,4.761905,0.2506266,0,92.98246,1.754386,0,0
2022-07-15 16:54:15,0,0,4.726368,0.2487562,0,92.78607,1.741294,0.2487562,0
2022-07-15 16:54:14,0,0,4.511278,0,0,94.23559,1.0025063,0,0
2022-07-15 16:54:13,0,0,4.511278,0,0,93.23308,1.754386,0.2506266,0
2022-07-15 16:54:12,0,0,4.738155,0.2493766,0,93.01746,0.9975062,0.2493766,0
2022-07-15 16:54:11,0,0,6.015038,0.2506266,0,91.22807,2.255639,0,0
2022-07-15 16:54:10,0,0,4.75,0.25,0,92.5,1.5,0.25,0.25
2022-07-15 16:54:09,0,0,3.508772,0.2506266,0,94.48622,1.0025063,0,0
2022-07-15 16:54:08,0,0,4.488778,0,0,93.51621,1.4962594,0,0
2022-07-15 16:54:07,0,0,4.761905,0.2506266,0,92.98246,1.2531328,0.2506266,0
2022-07-15 16:54:06,0,0,4.511278,0.2506266,0,93.48371,1.2531328,0.2506266,0
2022-07-15 16:54:05,0,0,4.975124,0.4975124,0,92.0398,1.99005,0,0
2022-07-15 16:54:04,0,0,4.75,0.25,0,92.25,1.5,0.5,0.25
2022-07-15 16:54:03,0,0,4.975124,0.2487562,0,91.54229,2.487562,0,0
2022-07-15 16:54:02,0,0,4.010025,0,0,94.23559,1.0025063,0.2506266,0
2022-07-15 16:54:01,0,0,5.050505,0,0,93.18182,1.5151515,0,0
2022-07-15 16:54:00,0,0,3.960396,0.2475248,0,93.81188,0.990099,0.4950495,0
2022-07-15 16:53:59,0,0,5.050505,0,0,93.43434,1.2626263,0,0
2022-07-15 16:53:58,0,0,5.459057,0.248139,0,91.81141,1.736973,0.248139,0
2022-07-15 16:53:57,0,0,4.5,0,0,93.75,1.5,0,0
2022-07-15 16:53:56,0,0,4.726368,0,0,93.03483,1.741294,0.2487562,0
2022-07-15 16:53:55,0,0,5,0.5,0,90.5,2,0,0.25
2022-07-15 16:53:54,0,0,3.970223,0.248139,0,93.54839,1.2406948,0.248139,0
2022-07-15 16:53:53,0,0,4.511278,0,0,93.73434,1.5037594,0,0
2022-07-15 16:53:52,0,0,4.488778,0.4987531,0,93.51621,0.9975062,0.2493766,0
2022-07-15 16:53:51,0,0,4.761905,0,0,92.98246,2.005013,0,0
2022-07-15 16:53:50,0,0,4.522613,0.2512563,0,93.96985,1.0050251,0.2512563,0
2022-07-15 16:53:49,0,0,4.773869,0,0,93.21608,1.2562814,0.2512563,0
2022-07-15 16:53:48,0,0,4.488778,0.2493766,0,94.01496,0.9975062,0,0
2022-07-15 16:53:47,0,0,4.71464,0.248139,0,92.55583,1.4888337,0.4962779,0
2022-07-15 16:53:46,0,0,4.511278,0.2506266,0,93.48371,1.2531328,0.2506266,0
2022-07-15 16:53:45,0,0,4.488778,0,0,93.26683,1.745636,0.2493766,0
2022-07-15 16:53:44,0,0,5.263158,0,0,90.97744,2.005013,0.5012531,0.2506266
2022-07-15 16:53:43,0,0,4.282116,0,0,92.19144,1.511335,0,0.5037783
2022-07-15 16:53:42,0,0,3.491272,0.4987531,0,93.51621,1.745636,0.2493766,0
2022-07-15 16:53:41,0,0,4.761905,0,0,92.73183,1.754386,0,0
2022-07-15 16:53:40,0,0,4.522613,0.2512563,0,93.71859,1.0050251,0.2512563,0
2022-07-15 16:53:39,0,0,4.761905,0.2506266,0,92.98246,1.754386,0,0
2022-07-15 16:53:38,0,0,4.466501,0.248139,0,92.30769,2.233251,0.248139,0
2022-07-15 16:53:37,0,0,5.012531,0,0,92.4812,1.754386,0,0
2022-07-15 16:53:36,0,0,4.030227,0.2518892,0,94.20655,1.2594458,0,0
2022-07-15 16:53:35,0,0,4.455446,0.2475248,0,93.56436,1.4851485,0,0
2022-07-15 16:53:34,0,0,4.522613,0.2512563,0,93.71859,0.7537688,0.2512563,0
2022-07-15 16:53:33,0,0,4.987531,0,0,93.26683,1.4962594,0,0
2022-07-15 16:53:32,0,0,4.271357,0.2512563,0,93.71859,1.0050251,0.2512563,0
2022-07-15 16:53:31,0,0,4.773869,0,0,93.46734,1.0050251,0.2512563,0
2022-07-15 16:53:30,0,0,4.239401,0.2493766,0,94.01496,1.2468828,0,0
2022-07-15 16:53:29,0,0,4.785894,0.2518892,0,93.19899,1.511335,0,0
2022-07-15 16:53:28,0,0,4.488778,0,0,92.01995,1.745636,0.2493766,0.2493766
2022-07-15 16:53:27,0,0,4,0.25,0,94,1.5,0,0
2022-07-15 16:53:26,0,0,4.785894,0.2518892,0,93.19899,1.511335,0,0
2022-07-15 16:53:25,0,0,4.260652,0.2506266,0,93.48371,1.2531328,0.2506266,0
2022-07-15 16:53:24,0,0,4.726368,0.4975124,0,91.54229,2.487562,0.2487562,0
2022-07-15 16:53:23,0,0,4.738155,0.2493766,0,94.01496,0.7481297,0,0
2022-07-15 16:53:22,0,0,4.5,0,0,94,1,0.25,0
2022-07-15 16:53:21,0,0,4.79798,0,0,93.68687,1.010101,0.2525253,0
2022-07-15 16:53:20,0,0,4.477612,0.4975124,0,92.78607,1.741294,0.2487562,0
2022-07-15 16:53:19,0,0,4.534005,0,0,93.70277,1.2594458,0.2518892,0
2022-07-15 16:53:18,0,0,5.735661,0.2493766,0,91.77057,1.745636,0,0
2022-07-15 16:53:17,0,0,3.759398,0.2506266,0,92.73183,2.005013,0.2506266,0.2506266
2022-07-15 16:53:16,0,0,4.25,0.25,0,93.5,0.75,0.25,0
2022-07-15 16:53:15,0,0,4.25,0.25,0,93.5,1.25,0.25,0
2022-07-15 16:53:14,0,0,4.75,0,0,92.75,1.75,0.25,0
2022-07-15 16:53:13,0,0,4.522613,0,0,93.46734,1.0050251,0.2512563,0
2022-07-15 16:53:12,0,0,4.726368,0.2487562,0,93.53234,0.9950249,0.2487562,0
2022-07-15 16:53:11,0,0,4.810127,0,0,92.40506,1.5189873,0.2531646,0
2022-07-15 16:53:10,0,0,3.990025,0.2493766,0,93.76559,0.9975062,0,0.2493766
2022-07-15 16:53:09,0,0,4.761905,0.2506266,0,94.48622,0.5012531,0,0
2022-07-15 16:53:08,0,0,4.25,0.25,0,93.5,1,0.25,0
2022-07-15 16:53:07,0,0,5,0.25,0,93,1.25,0.25,0.25
2022-07-15 16:53:06,0,0,4.75,0,0,92.5,2,0.25,0
2022-07-15 16:53:05,0,0,4.260652,0.2506266,0,93.23308,1.5037594,0.2506266,0
2022-07-15 16:53:04,0,0,5.223881,0.4975124,0,91.79104,1.99005,0,0
2022-07-15 16:53:03,0,0,4.271357,0,0,93.21608,1.758794,0.2512563,0
2022-07-15 16:53:02,0,0,5.263158,0.7518797,0,91.4787,1.754386,0,0
2022-07-15 16:53:01,0,0,3.759398,0,0,93.73434,1.2531328,0.2506266,0.2506266
2022-07-15 16:53:00,0,0,4.228856,0,0,94.02985,0.9950249,0.4975124,0
2022-07-15 16:52:59,0,0,5,0,0,92.5,2,0.25,0
2022-07-15 16:52:58,0,0,4.260652,0.2506266,0,94.23559,1.0025063,0,0
2022-07-15 16:52:57,0,0,4.75,0.25,0,93.5,1,0.25,0
2022-07-15 16:52:56,0,0,4.314721,0,0,93.40102,1.77665,0,0
2022-07-15 16:52:55,0,0,4.726368,0.2487562,0,92.78607,1.2437811,0.4975124,0
2022-07-15 16:52:54,0,0,4.522613,0,0,93.46734,1.2562814,0.2512563,0
2022-07-15 16:52:53,0,0,4.511278,0,0,93.73434,1.2531328,0.2506266,0
2022-07-15 16:52:52,0,0,4.773869,0,0,93.46734,1.5075377,0,0
2022-07-15 16:52:51,0,0,5.263158,0.5012531,0,91.4787,1.2531328,0.2506266,0.2506266
2022-07-15 16:52:50,0,0,4.260652,0.2506266,0,91.4787,1.2531328,0.2506266,0.5012531
2022-07-15 16:52:49,0,0,3.9801,0.2487562,0,94.52736,0.9950249,0,0
2022-07-15 16:52:48,0,0,4.239401,0.2493766,0,93.26683,1.4962594,0.2493766,0
2022-07-15 16:52:47,0,0,5,0,0,93,1.5,0.25,0
2022-07-15 16:52:46,0,0,4.488778,0.4987531,0,93.01746,0.9975062,0.4987531,0
2022-07-15 16:52:45,0,0,4.488778,0,0,92.76808,2.244389,0.2493766,0
2022-07-15 16:52:44,0,0,5.289673,0.2518892,0,93.19899,1.0075567,0,0
2022-07-15 16:52:43,0,0,3.25,0.25,0,95,0.75,0.25,0
2022-07-15 16:52:42,0,0,4.488778,0.2493766,0,94.01496,0.9975062,0,0
2022-07-15 16:52:41,0,0,4.260652,0.2506266,0,92.73183,1.5037594,0.5012531,0
2022-07-15 16:52:40,0,0,4.738155,0.2493766,0,93.26683,1.2468828,0.2493766,0
2022-07-15 16:52:39,0,0,4.773869,0,0,92.21106,2.512563,0,0
2022-07-15 16:52:38,0,0,4.260652,0.2506266,0,93.73434,1.2531328,0,0
2022-07-15 16:52:37,0,0,4.738155,0.4987531,0,92.76808,1.4962594,0.2493766,0
2022-07-15 16:52:36,0,0,4.488778,0,0,94.26434,0.7481297,0.2493766,0
2022-07-15 16:52:35,0,0,4.761905,0,0,92.23058,1.5037594,0,0.2506266
2022-07-15 16:52:34,0,0,3.9801,0.2487562,0,94.02985,1.2437811,0.2487562,0
2022-07-15 16:52:33,0,0,4.75,0,0,94,0.5,0.25,0
2022-07-15 16:52:32,0,0,4.75,0,0,93.25,1.25,0.5,0
2022-07-15 16:52:31,0,0,4.292929,0,0,93.93939,1.2626263,0.2525253,0
2022-07-15 16:52:30,0,0,4.726368,0.4975124,0,92.78607,0.9950249,0,0
2022-07-15 16:52:29,0,0,4.534005,0,0,93.95466,1.2594458,0,0
2022-07-15 16:52:28,0,0,4.738155,0.2493766,0,92.5187,1.4962594,0.4987531,0
2022-07-15 16:52:27,0,0,5.012531,0.2506266,0,93.48371,1.0025063,0,0
2022-07-15 16:52:26,0,0,4.522613,0,0,93.71859,1.5075377,0,0
2022-07-15 16:52:25,0,0,5.236908,0.2493766,0,92.26933,1.745636,0.2493766,0
2022-07-15 16:52:24,0,0,4.260652,0,0,91.22807,1.754386,0,0.5012531
2022-07-15 16:52:23,0,0,4.726368,0,0,91.79104,1.2437811,0,1.2437811
2022-07-15 16:52:22,0,0,4.218362,0.248139,0,94.04467,0.9925558,0.248139,0
2022-07-15 16:52:21,0,0,4.773869,0,0,93.71859,0.7537688,0.2512563,0
2022-07-15 16:52:20,0,0,4.75,0.25,0,93.25,1.5,0,0
2022-07-15 16:52:19,0,0,5,0,0,92.5,2,0.25,0
2022-07-15 16:52:18,0,0,6.234414,0.2493766,0,91.77057,1.2468828,0.2493766,0
2022-07-15 16:52:17,0,0,4.260652,0.2506266,0,92.23058,2.005013,0.2506266,0
2022-07-15 16:52:16,0,0,3.75,0.25,0,94,1.25,0.25,0
2022-07-15 16:52:15,0,0,4.5,0,0,93.5,1.5,0.25,0
2022-07-15 16:52:14,0,0,5.210918,0.248139,0,92.30769,1.4888337,0.248139,0.248139
2022-07-15 16:52:13,0,0,4.522613,0,0,93.46734,1.2562814,0.2512563,0
2022-07-15 16:52:12,0,0,4.975124,0.2487562,0,93.03483,1.2437811,0.2487562,0
2022-07-15 16:52:11,0,0,4.761905,0.2506266,0,93.48371,0.7518797,0.2506266,0
2022-07-15 16:52:10,0,0,4.75,0.25,0,93.25,1.25,0,0
2022-07-15 16:52:09,0,0,5.037783,0.2518892,0,89.42065,1.763224,0.2518892,0.5037783
2022-07-15 16:52:08,0,0,3.990025,0.4987531,0,94.01496,0.9975062,0.2493766,0
2022-07-15 16:52:07,0,0,4.773869,0,0,92.96482,1.5075377,0,0
2022-07-15 16:52:06,0,0,4.987531,0.2493766,0,92.76808,1.4962594,0.2493766,0
2022-07-15 16:52:05,0,0,5.263158,0.2506266,0,92.4812,1.2531328,0.5012531,0
2022-07-15 16:52:04,0,0,4.738155,0.4987531,0,92.76808,1.2468828,0.2493766,0
2022-07-15 16:52:03,0,0,4.773869,0,0,93.21608,1.5075377,0.2512563,0
2022-07-15 16:52:02,0,0,4.962779,0.248139,0,91.81141,1.985112,0.248139,0
2022-07-15 16:52:01,0,0,4.75,0.25,0,93,1.25,0.25,0
2022-07-15 16:52:00,0,0,4.75,0.5,0,93.25,1.5,0,0
2022-07-15 16:51:59,0,0,4.488778,0.2493766,0,92.26933,1.995012,0.4987531,0
2022-07-15 16:51:58,0,0,5.75,0.25,0,91.25,2,0,0.5
2022-07-15 16:51:57,0,0,4.511278,0.5012531,0,92.98246,1.0025063,0,0.2506266
2022-07-15 16:51:56,0,0,4.010025,0.2506266,0,92.4812,2.005013,0,0
2022-07-15 16:51:55,0,0,4.726368,0,0,93.53234,1.2437811,0.2487562,0
2022-07-15 16:51:54,0,0,4.761905,0,0,92.98246,1.2531328,0.2506266,0
2022-07-15 16:51:53,0,0,4.75,0,0,92.75,1.75,0.25,0
2022-07-15 16:51:52,0,0,5,0.25,0,92.5,1.75,0,0
2022-07-15 16:51:51,0,0,5.970149,0.4975124,0,91.04478,1.2437811,0,0.2487562
2022-07-15 16:51:50,0,0,3.75,0,0,94,1.5,0.5,0
2022-07-15 16:51:49,0,0,4.239401,0,0,94.01496,0.9975062,0,0
2022-07-15 16:51:48,0,0,5.541562,0.2518892,0,92.44332,1.2594458,0.2518892,0
2022-07-15 16:51:47,0,0,3.990025,0.2493766,0,94.26434,1.2468828,0,0
2022-07-15 16:51:46,0,0,5.5,0.25,0,92.25,1.5,0.25,0
2022-07-15 16:51:45,0,0,4.511278,0.5012531,0,92.98246,1.5037594,0.2506266,0
2022-07-15 16:51:44,0,0,5,0.5,0,92.25,1.5,0.25,0
2022-07-15 16:51:43,0,0,4.773869,0.2512563,0,92.96482,1.5075377,0.2512563,0
2022-07-15 16:51:42,0,0,5.486284,0,0,91.27182,1.745636,0.2493766,0
2022-07-15 16:51:41,0,0,4.020101,0,0,93.71859,1.2562814,0.2512563,0
2022-07-15 16:51:40,0,0,4.962779,0.248139,0,91.81141,1.736973,0.4962779,0
2022-07-15 16:51:39,0,0,4.773869,0.2512563,0,92.71357,1.758794,0,0
2022-07-15 16:51:38,0,0,5,0.25,0,91.75,2.25,0.25,0.25
2022-07-15 16:51:37,0,0,4.511278,0,0,93.98496,0.7518797,0.2506266,0
2022-07-15 16:51:36,0,0,5.263158,0,0,92.4812,2.005013,0,0
2022-07-15 16:51:35,0,0,4.239401,0.2493766,0,93.76559,1.2468828,0.2493766,0
2022-07-15 16:51:34,0,0,5.050505,0,0,92.92929,1.2626263,0.2525253,0
2022-07-15 16:51:33,0,0,4.466501,0.4962779,0,93.05211,1.2406948,0.248139,0
2022-07-15 16:51:32,0,0,5,0,0,93.25,1.5,0,0
2022-07-15 16:51:31,0,0,4.79798,0.5050505,0,92.17172,1.010101,0.2525253,0
2022-07-15 16:51:30,0,0,5,0,0,92.25,1.5,0.25,0.25
2022-07-15 16:51:29,0,0,4,0.25,0,94.25,1.25,0,0
2022-07-15 16:51:28,0,0,4.75,0,0,93,1.5,0.25,0
2022-07-15 16:51:27,0,0,4.738155,0.4987531,0,93.51621,0.9975062,0,0
2022-07-15 16:51:26,0,0,4.962779,0,0,92.80397,1.2406948,0.248139,0.248139
2022-07-15 16:51:25,0,0,5.735661,0,0,92.26933,1.2468828,0.2493766,0
2022-07-15 16:51:24,0,0,4.5,0.5,0,92.5,1.5,0.25,0
2022-07-15 16:51:23,0,0,3.5,0.25,0,94,1.5,0,0.25
2022-07-15 16:51:22,0,0,4.522613,0,0,93.71859,1.5075377,0,0
2022-07-15 16:51:21,0,0,4.975124,0.2487562,0,92.53731,0.9950249,0.2487562,0
2022-07-15 16:51:20,0,0,4.773869,0.2512563,0,92.96482,1.5075377,0.2512563,0
2022-07-15 16:51:19,0,0,4.75,0.25,0,93.25,1.5,0,0
2022-07-15 16:51:18,0,0,5,0.25,0,92.5,1.5,0.25,0
2022-07-15 16:51:17,0,0,4.75,0,0,92.5,2,0.25,0
2022-07-15 16:51:16,0,0,6.015038,0.2506266,0,91.72932,1.0025063,0.2506266,0
2022-07-15 16:51:15,0,0,3.282828,0.2525253,0,94.44444,1.5151515,0,0
2022-07-15 16:51:14,0,0,5.236908,0.2493766,0,92.5187,1.4962594,0.2493766,0
2022-07-15 16:51:13,0,0,4.466501,0.4962779,0,92.30769,1.985112,0,0
2022-07-15 16:51:12,0,0,5.037783,0,0,92.69521,1.511335,0.2518892,0
2022-07-15 16:51:11,0,0,4.761905,0.2506266,0,93.48371,1.0025063,0,0
2022-07-15 16:51:10,0,0,4.987531,0,0,93.51621,0.9975062,0,0
2022-07-15 16:51:09,0,0,4.761905,0,0,92.73183,1.754386,0.2506266,0.2506266
2022-07-15 16:51:08,0,0,4.726368,0.2487562,0,93.28358,1.4925373,0.2487562,0
2022-07-15 16:51:07,0,0,4.773869,0,0,93.46734,1.0050251,0.2512563,0
2022-07-15 16:51:06,0,0,5.025126,0.5025126,0,92.46231,1.5075377,0,0
2022-07-15 16:51:05,0,0,5.5,0.25,0,91.5,1.5,0.5,0
2022-07-15 16:51:04,0,0,5,0,0,93.75,1,0,0
2022-07-15 16:51:03,0,0,4.5,0.25,0,94,0.5,0.25,0.25
2022-07-15 16:51:02,0,0,4.738155,0,0,93.01746,1.995012,0,0
2022-07-15 16:51:01,0,0,4.534005,0,0,93.70277,1.0075567,0.2518892,0
2022-07-15 16:51:00,0,0,4.962779,0.248139,0,91.81141,1.985112,0.248139,0
2022-07-15 16:50:59,0,0,4.761905,0,0,93.23308,1.2531328,0.2506266,0
2022-07-15 16:50:58,0,0,6.234414,0.4987531,0,91.27182,1.4962594,0,0
2022-07-15 16:50:57,0,0,3.768844,0,0,94.22111,1.2562814,0.2512563,0
2022-07-15 16:50:56,0,0,4.25,0.25,0,92.5,2.25,0,0
2022-07-15 16:50:55,0,0,4.987531,0,0,93.26683,1.2468828,0.2493766,0
2022-07-15 16:50:54,0,0,4.79798,0.2525253,0,93.68687,0.7575758,0,0
2022-07-15 16:50:53,0,0,4.488778,0,0,93.26683,0.9975062,0.2493766,0.2493766
2022-07-15 16:50:52,0,0,5.472637,0.2487562,0,92.28856,1.4925373,0.2487562,0
2022-07-15 16:50:51,0,0,4.271357,0,0,93.21608,1.758794,0,0.2512563
2022-07-15 16:50:50,0,0,5.276382,0,0,93.21608,1.0050251,0.2512563,0
2022-07-15 16:50:49,0,0,4.987531,0.2493766,0,91.77057,1.745636,0,0
2022-07-15 16:50:48,0,0,5.223881,0,0,92.28856,1.99005,0.2487562,0
2022-07-15 16:50:47,0,0,4.773869,0,0,93.46734,1.0050251,0.2512563,0
2022-07-15 16:50:46,0,0,5,0.25,0,91.5,2.25,0.75,0
2022-07-15 16:50:45,0,0,5.012531,0.2506266,0,92.98246,1.2531328,0,0.2506266
2022-07-15 16:50:44,0,0,4.477612,0,0,93.28358,1.4925373,0.2487562,0
2022-07-15 16:50:43,0,0,5.025126,0,0,93.71859,1.0050251,0.2512563,0
2022-07-15 16:50:42,0,0,4.738155,0.2493766,0,93.01746,1.2468828,0.2493766,0
2022-07-15 16:50:41,0,0,4.785894,0.2518892,0,93.19899,1.2594458,0.2518892,0
2022-07-15 16:50:40,0,0,5,0.25,0,92.75,1.5,0,0
2022-07-15 16:50:39,0,0,4.477612,0,0,93.53234,1.2437811,0.2487562,0
2022-07-15 16:50:38,0,0,5.289673,0,0,91.68766,1.2594458,0,0.2518892
2022-07-15 16:50:37,0,0,5.223881,0,0,92.0398,1.741294,0,0.2487562
2022-07-15 16:50:36,0,0,3.778338,0.2518892,0,93.70277,1.2594458,0.2518892,0
2022-07-15 16:50:35,0,0,4.726368,0,0,93.03483,1.741294,0.2487562,0
2022-07-15 16:50:34,0,0,4.75,0.25,0,93.5,1.25,0,0
2022-07-15 16:50:33,0,0,4.987531,0.2493766,0,93.26683,0.7481297,0.2493766,0
2022-07-15 16:50:32,0,0,5.263158,0.2506266,0,93.48371,1.0025063,0,0
2022-07-15 16:50:31,0,0,5,0.5,0,91.5,1.25,0.25,0
2022-07-15 16:50:30,0,0,3.740648,0,0,95.01247,0.7481297,0.2493766,0
2022-07-15 16:50:29,0,0,4.75,0.25,0,92.5,1.75,0,0.25
2022-07-15 16:50:28,0,0,4.75,0,0,93.25,1.5,0.25,0
2022-07-15 16:50:27,0,0,4.738155,0.2493766,0,93.51621,1.2468828,0.2493766,0
2022-07-15 16:50:26,0,0,4.987531,0.2493766,0,92.76808,1.2468828,0,0
2022-07-15 16:50:25,0,0,4.511278,0,0,93.98496,1.0025063,0.2506266,0
2022-07-15 16:50:24,0,0,5.012531,0,0,92.4812,1.5037594,0.2506266,0
2022-07-15 16:50:23,0,0,4.738155,0.2493766,0,92.76808,1.4962594,0.2493766,0
2022-07-15 16:50:22,0,0,5,0.25,0,92.25,1.5,0,0
2022-07-15 16:50:21,0,0,4.522613,0.2512563,0,93.46734,0.7537688,0.2512563,0
2022-07-15 16:50:20,0,0,4.271357,0,0,93.46734,1.758794,0.2512563,0
2022-07-15 16:50:19,0,0,5,0,0,93.25,1.25,0.25,0
2022-07-15 16:50:18,0,0,4.488778,0.4987531,0,92.76808,1.4962594,0.2493766,0
2022-07-15 16:50:17,0,0,4.534005,0.5037783,0,93.70277,1.0075567,0,0
2022-07-15 16:50:16,0,0,4.5,0.25,0,93.75,1,0,0
2022-07-15 16:50:15,0,0,4.761905,0,0,93.23308,1.5037594,0.2506266,0
2022-07-15 16:50:14,0,0,4.726368,0.2487562,0,92.53731,1.99005,0.2487562,0
2022-07-15 16:50:13,0,0,4.010025,0,0,94.23559,1.0025063,0.2506266,0
2022-07-15 16:50:12,0,0,5.527638,0.2512563,0,90.45226,2.763819,0.2512563,0
2022-07-15 16:50:11,0,0,3.5,0,0,94.25,1.25,0.5,0
2022-07-15 16:50:10,0,0,5.025126,0.2512563,0,92.21106,1.5075377,0.2512563,0.2512563
2022-07-15 16:50:09,0,0,4.260652,0.2506266,0,93.23308,1.754386,0,0
2022-07-15 16:50:08,0,0,4.477612,0,0,93.03483,1.4925373,0.2487562,0
2022-07-15 16:50:07,0,0,4.5,0.25,0,94,0.75,0,0.25
2022-07-15 16:50:06,0,0,5.012531,0.2506266,0,92.98246,1.754386,0,0
2022-07-15 16:50:05,0,0,6.5,0.25,0,89.25,1.75,0.25,0.5
2022-07-15 16:50:04,0,0,4,0.25,0,94.25,1.25,0,0
2022-07-15 16:50:03,0,0,3.473945,0.248139,0,94.54094,0.9925558,0.248139,0
2022-07-15 16:50:02,0,0,5.037783,0,0,92.69521,1.511335,0.5037783,0
2022-07-15 16:50:01,0,0,4.260652,0,0,93.73434,1.2531328,0.2506266,0
2022-07-15 16:50:00,0,0,4.522613,0.2512563,0,93.46734,1.0050251,0.2512563,0
2022-07-15 16:49:59,0,0,4.511278,0.2506266,0,92.98246,1.754386,0.2506266,0
2022-07-15 16:49:58,0,0,4.738155,0.2493766,0,92.76808,1.4962594,0.2493766,0
2022-07-15 16:49:57,0,0,4.75,0.25,0,92.75,1.5,0.25,0
2022-07-15 16:49:56,0,0,5.012531,0.2506266,0,92.23058,1.5037594,0.2506266,0.2506266
2022-07-15 16:49:55,0,0,4.020101,0,0,93.96985,1.2562814,0,0
2022-07-15 16:49:54,0,0,4.488778,0,0,94.01496,0.9975062,0.2493766,0
2022-07-15 16:49:53,0,0,4.5,0.25,0,93.5,1,0.5,0
2022-07-15 16:49:52,0,0,4.75,0.25,0,93.5,1.25,0,0
2022-07-15 16:49:51,0,0,4.282116,0.2518892,0,93.70277,1.2594458,0,0
2022-07-15 16:49:50,0,0,4.738155,0,0,92.76808,1.4962594,0.2493766,0
2022-07-15 16:49:49,0,0,4.5,0.25,0,92.75,2,0.25,0
2022-07-15 16:49:48,0,0,4.511278,0,0,93.73434,1.0025063,0.5012531,0
2022-07-15 16:49:47,0,0,4.738155,0,0,93.01746,1.745636,0,0
2022-07-15 16:49:46,0,0,4.511278,0,0,93.73434,1.5037594,0,0
2022-07-15 16:49:45,0,0,5.012531,0.2506266,0,92.23058,1.5037594,0.2506266,0
2022-07-15 16:49:44,0,0,4.75,0.25,0,92,1.75,0.25,0.25
2022-07-15 16:49:43,0,0,3.75,0,0,95,1,0,0
2022-07-15 16:49:42,0,0,4.25,0,0,93.75,1.5,0.25,0
2022-07-15 16:49:41,0,0,5,0,0,93.25,1,0.25,0
2022-07-15 16:49:40,0,0,3.768844,0.2512563,0,93.71859,1.758794,0.2512563,0
2022-07-15 16:49:39,0,0,5.012531,0,0,92.73183,1.754386,0,0
2022-07-15 16:49:38,0,0,6.015038,0.5012531,0,89.97494,2.506266,0.2506266,0.5012531
2022-07-15 16:49:37,0,0,3.233831,0,0,95.27363,0.7462687,0.4975124,0
2022-07-15 16:49:36,0,0,4.477612,0.2487562,0,92.78607,1.741294,0.2487562,0
2022-07-15 16:49:35,0,0,4.556962,0,0,93.67089,1.2658228,0,0
2022-07-15 16:49:34,0,0,4.466501,0,0,93.79653,0.9925558,0.248139,0.248139
2022-07-15 16:49:33,0,0,4.511278,0.2506266,0,93.73434,1.2531328,0.2506266,0
2022-07-15 16:49:32,0,0,4.511278,0.2506266,0,92.98246,1.754386,0,0
2022-07-15 16:49:31,0,0,4.511278,0,0,93.98496,0.5012531,0.2506266,0
2022-07-15 16:49:30,0,0,4.260652,0.2506266,0,93.23308,1.754386,0,0
2022-07-15 16:49:29,0,0,4.75,0.25,0,89.25,2.25,0.5,2.25
2022-07-15 16:49:28,0,0,4.282116,0.2518892,0,93.19899,1.763224,0.2518892,0
2022-07-15 16:49:27,0,0,4.511278,0.2506266,0,93.98496,0.5012531,0,0
2022-07-15 16:49:26,0,0,5.012531,0,0,93.23308,1.0025063,0.5012531,0
2022-07-15 16:49:25,0,0,4.218362,0.248139,0,93.05211,1.4888337,0.248139,0.248139
2022-07-15 16:49:24,0,0,4.534005,0.5037783,0,92.9471,1.511335,0,0
2022-07-15 16:49:23,0,0,5.012531,0.2506266,0,92.4812,1.5037594,0.2506266,0
2022-07-15 16:49:22,0,0,4.477612,0.2487562,0,93.78109,0.9950249,0,0
2022-07-15 16:49:21,0,0,4.5,0.25,0,93.75,1,0.25,0
2022-07-15 16:49:20,0,0,4.75,0.25,0,92.5,2.25,0,0
2022-07-15 16:49:19,0,0,5.5,0.25,0,92.25,1.25,0.25,0
2022-07-15 16:49:18,0,0,3.5,0,0,94.5,1.25,0,0
2022-07-15 16:49:17,0,0,4.488778,0.2493766,0,92.26933,1.745636,0,0.2493766
2022-07-15 16:49:16,0,0,4.239401,0.2493766,0,93.26683,1.745636,0.2493766,0
2022-07-15 16:49:15,0,0,4.488778,0.2493766,0,93.76559,1.2468828,0,0
2022-07-15 16:49:14,0,0,4.773869,0,0,93.46734,1.2562814,0,0
2022-07-15 16:49:13,0,0,4.477612,0.2487562,0,93.28358,1.4925373,0.2487562,0
2022-07-15 16:49:12,0,0,6.265664,0,0,90.97744,1.754386,0,0
2022-07-15 16:49:11,0,0,3.75,0.5,0,92.5,2,0.5,0
2022-07-15 16:49:10,0,0,3.274559,0,0,95.71788,1.0075567,0,0
2022-07-15 16:49:09,0,0,4.987531,0,0,92.76808,0.9975062,0.2493766,0
2022-07-15 16:49:08,0,0,4.239401,0.2493766,0,94.26434,0.7481297,0,0
2022-07-15 16:49:07,0,0,5.276382,0,0,93.21608,1.2562814,0,0.2512563
2022-07-15 16:49:06,0,0,3.990025,0.2493766,0,94.26434,0.9975062,0,0.2493766
2022-07-15 16:49:05,0,0,4.987531,0.2493766,0,93.01746,1.2468828,0.2493766,0
2022-07-15 16:49:04,0,0,4.75,0.25,0,92.5,2,0.25,0
2022-07-15 16:49:03,0,0,5.25,0,0,92,1.75,0,0.25
2022-07-15 16:49:02,0,0,3.722084,0.248139,0,94.2928,1.2406948,0,0
2022-07-15 16:49:01,0,0,4.282116,0.2518892,0,92.9471,2.015113,0,0
2022-07-15 16:49:00,0,0,5.012531,0,0,93.23308,1.0025063,0.2506266,0
2022-07-15 16:48:59,0,0,4.511278,0.5012531,0,91.97995,1.754386,0,0
2022-07-15 16:48:58,0,0,4.477612,0.2487562,0,94.02985,0.9950249,0.2487562,0
2022-07-15 16:48:57,0,0,4.75,0,0,93.75,1,0,0
2022-07-15 16:48:56,0,0,4.511278,0.2506266,0,93.23308,1.754386,0,0
2022-07-15 16:48:55,0,0,4.522613,0,0,93.71859,1.2562814,0.2512563,0
2022-07-15 16:48:54,0,0,4.75,0.25,0,93,1.25,0,0
2022-07-15 16:48:53,0,0,4.228856,0.2487562,0,93.53234,1.4925373,0.2487562,0.2487562
2022-07-15 16:48:52,0,0,5.25,0,0,92.5,1.25,0,0
2022-07-15 16:48:51,0,0,4.522613,0.2512563,0,91.70854,2.261307,0.2512563,0
2022-07-15 16:48:50,0,0,4.020101,0,0,93.96985,1.5075377,0,0
2022-07-15 16:48:49,0,0,4.239401,0,0,93.51621,1.4962594,0.4987531,0
2022-07-15 16:48:48,0,0,4.738155,0.2493766,0,93.26683,1.4962594,0,0
2022-07-15 16:48:47,0,0,4.761905,0.2506266,0,93.48371,1.0025063,0.2506266,0
2022-07-15 16:48:46,0,0,4.522613,0,0,93.46734,1.2562814,0.2512563,0
2022-07-15 16:48:45,0,0,5.486284,0.4987531,0,91.77057,1.745636,0,0.2493766
2022-07-15 16:48:44,0,0,3.491272,0,0,94.76309,0.9975062,0.2493766,0
2022-07-15 16:48:43,0,0,4.534005,0,0,94.20655,1.0075567,0.2518892,0
2022-07-15 16:48:42,0,0,4.260652,0.5012531,0,93.23308,1.2531328,0,0
2022-07-15 16:48:41,0,0,4.71464,0.248139,0,92.80397,1.4888337,0.248139,0
2022-07-15 16:48:40,0,0,4.5,0,0,94.25,1,0,0
2022-07-15 16:48:39,0,0,4.477612,0.4975124,0,93.03483,1.741294,0,0
2022-07-15 16:48:38,0,0,4.75,0,0,94,0.75,0,0
2022-07-15 16:48:37,0,0,4.511278,0.2506266,0,93.48371,1.2531328,0.2506266,0
2022-07-15 16:48:36,0,0,4.5,0.5,0,92.25,1.5,0,0
2022-07-15 16:48:35,0,0,4.260652,0,0,93.98496,1.2531328,0.2506266,0
2022-07-15 16:48:34,0,0,4.75,0,0,93.25,1.75,0,0
2022-07-15 16:48:33,0,0,4.738155,0.2493766,0,93.26683,0.9975062,0.2493766,0
2022-07-15 16:48:32,0,0,4.511278,0,0,93.48371,1.2531328,0.2506266,0
2022-07-15 16:48:31,0,0,4.511278,0,0,92.98246,1.2531328,0.5012531,0
2022-07-15 16:48:30,0,0,4.726368,0.2487562,0,93.03483,1.741294,0,0
2022-07-15 16:48:29,0,0,4.282116,0,0,93.70277,1.2594458,0.2518892,0
2022-07-15 16:48:28,0,0,5,0,0,93.5,1,0.25,0
2022-07-15 16:48:27,0,0,4.239401,0.2493766,0,94.51372,0.7481297,0,0
2022-07-15 16:48:26,0,0,5.970149,0.2487562,0,91.04478,1.4925373,0.2487562,0.2487562
2022-07-15 16:48:25,0,0,3.266332,0.2512563,0,95.47739,0.5025126,0.2512563,0
2022-07-15 16:48:24,0,0,5.236908,0,0,92.01995,1.4962594,0.2493766,0
2022-07-15 16:48:23,0,0,3.258145,0.2506266,0,95.2381,1.0025063,0,0
2022-07-15 16:48:22,0,0,4.987531,0.2493766,0,92.26933,1.745636,0.2493766,0
2022-07-15 16:48:21,0,0,4.239401,0.2493766,0,93.26683,1.4962594,0,0
2022-07-15 16:48:20,0,0,4.511278,0.2506266,0,93.48371,1.5037594,0.2506266,0
2022-07-15 16:48:19,0,0,5.955335,0.4962779,0,89.57816,2.729529,0,0.248139
2022-07-15 16:48:18,0,0,3.75,0.25,0,94.75,1,0.25,0
2022-07-15 16:48:17,0,0,4,0,0,94,1.25,0.25,0
2022-07-15 16:48:16,0,0,4.5,0.5,0,93,1,0.5,0
2022-07-15 16:48:15,0,0,4.726368,0,0,92.53731,1.741294,0.2487562,0
2022-07-15 16:48:14,0,0,4.773869,0,0,93.71859,1.0050251,0.2512563,0
2022-07-15 16:48:13,0,0,4.25,0.5,0,93.5,1.25,0,0
2022-07-15 16:48:12,0,0,5.276382,0.2512563,0,92.46231,1.2562814,0.2512563,0
2022-07-15 16:48:11,0,0,4.239401,0,0,93.51621,1.745636,0,0
2022-07-15 16:48:10,0,0,5.289673,0,0,92.44332,1.2594458,0.2518892,0
2022-07-15 16:48:09,0,0,4,0.25,0,93.75,1.5,0,0
2022-07-15 16:48:08,0,0,5.5,0.25,0,91.75,2.25,0,0
2022-07-15 16:48:07,0,0,5.75,0.25,0,91.25,1.75,0,1
2022-07-15 16:48:06,0,0,2.992519,0,0,95.01247,0.9975062,0.2493766,0.4987531
2022-07-15 16:48:05,0,0,4.761905,0.2506266,0,92.98246,1.5037594,0,0
2022-07-15 16:48:04,0,0,4.75,0,0,93,1.75,0,0
2022-07-15 16:48:03,0,0,4.71464,0,0,93.30025,0.9925558,0.4962779,0
2022-07-15 16:48:02,0,0,4.785894,0,0,94.20655,0.7556675,0,0
2022-07-15 16:48:01,0,0,4.511278,0.2506266,0,92.4812,2.005013,0.2506266,0
2022-07-15 16:48:00,0,0,4.5,0.25,0,93.75,1,0.25,0
2022-07-15 16:47:59,0,0,5.735661,0.4987531,0,89.52618,1.4962594,0,1.745636
2022-07-15 16:47:58,0,0,5.693069,0.2475248,0,91.33663,1.732673,0.2475248,0
2022-07-15 16:47:57,0,0,3.02267,0,0,94.20655,1.511335,0.2518892,0.2518892
2022-07-15 16:47:56,0,0,4.25,0,0,94.5,1,0,0
2022-07-15 16:47:55,0,0,4.25,0,0,94,1.25,0.25,0
2022-07-15 16:47:54,0,0,4.75,0.25,0,93.5,1.25,0,0
2022-07-15 16:47:53,0,0,4.282116,0.2518892,0,93.70277,1.0075567,0.2518892,0
2022-07-15 16:47:52,0,0,4.726368,0.2487562,0,91.54229,1.4925373,0.2487562,0.9950249
2022-07-15 16:47:51,0,0,4.282116,0.2518892,0,93.70277,1.2594458,0,0
2022-07-15 16:47:50,0,0,4.477612,0.2487562,0,93.28358,1.2437811,0.2487562,0.2487562
2022-07-15 16:47:49,0,0,4.726368,0,0,93.03483,1.741294,0.2487562,0
2022-07-15 16:47:48,0,0,4.260652,0.2506266,0,93.73434,1.2531328,0,0
2022-07-15 16:47:47,0,0,4.738155,0.2493766,0,93.26683,0.7481297,0.4987531,0
2022-07-15 16:47:46,0,0,4.785894,0,0,92.9471,1.2594458,0.2518892,0
2022-07-15 16:47:45,0,0,4.511278,0,0,93.73434,1.5037594,0.2506266,0
2022-07-15 16:47:44,0,0,5.012531,0,0,93.23308,1.2531328,0,0
2022-07-15 16:47:43,0,0,4.260652,0.5012531,0,92.23058,1.754386,0,0
2022-07-15 16:47:42,0,0,4.282116,0,0,93.70277,1.511335,0.2518892,0
2022-07-15 16:47:41,0,0,4.761905,0.2506266,0,92.73183,1.0025063,0.2506266,0.2506266
2022-07-15 16:47:40,0,0,4.488778,0.2493766,0,93.26683,1.4962594,0.2493766,0
2022-07-15 16:47:39,0,0,4.773869,0.5025126,0,92.71357,1.5075377,0,0
2022-07-15 16:47:38,0,0,4.488778,0.2493766,0,93.51621,1.4962594,0,0
2022-07-15 16:47:37,0,0,4.75,0,0,93.25,1.5,0.25,0
2022-07-15 16:47:36,0,0,4.773869,0,0,93.71859,1.0050251,0.2512563,0
2022-07-15 16:47:35,0,0,4.239401,0,0,94.01496,1.2468828,0.2493766,0
2022-07-15 16:47:34,0,0,5,0.25,0,92.75,1.5,0,0
2022-07-15 16:47:33,0,0,4.75,0,0,93.25,1.25,0.25,0.25
2022-07-15 16:47:32,0,0,3.778338,0.2518892,0,94.45844,0.7556675,0,0
2022-07-15 16:47:31,0,0,5.486284,0.2493766,0,91.27182,1.4962594,0.2493766,0.2493766
2022-07-15 16:47:30,0,0,2.992519,0,0,95.7606,0.7481297,0.2493766,0
2022-07-15 16:47:29,0,0,5.012531,0.2506266,0,92.4812,2.005013,0,0
2022-07-15 16:47:28,0,0,4.271357,0,0,94.22111,1.0050251,0.2512563,0
2022-07-15 16:47:27,0,0,4.773869,0,0,92.96482,1.758794,0.2512563,0
2022-07-15 16:47:26,0,0,5,0,0,91.75,1.5,0.25,0.25
2022-07-15 16:47:25,0,0,3.731343,0.2487562,0,94.27861,1.2437811,0.2487562,0
2022-07-15 16:47:24,0,0,4.534005,0.2518892,0,93.19899,2.015113,0,0
2022-07-15 16:47:23,0,0,4.25,0,0,93.5,1.75,0,0
2022-07-15 16:47:22,0,0,5.223881,0.2487562,0,92.28856,1.741294,0.2487562,0
2022-07-15 16:47:21,0,0,4.271357,0.2512563,0,93.71859,1.0050251,0,0
2022-07-15 16:47:20,0,0,4.726368,0,0,93.28358,1.4925373,0.2487562,0
2022-07-15 16:47:19,0,0,4.522613,0,0,93.71859,1.0050251,0.2512563,0
2022-07-15 16:47:18,0,0,4.738155,0.4987531,0,92.5187,1.745636,0,0
2022-07-15 16:47:17,0,0,5,0.25,0,89.75,1.5,0.25,1.75
2022-07-15 16:47:16,0,0,3.740648,0.2493766,0,94.01496,0.9975062,0.4987531,0
2022-07-15 16:47:15,0,0,4.260652,0,0,92.98246,2.005013,0.2506266,0
2022-07-15 16:47:14,0,0,5,0.25,0,93,1.5,0.25,0
2022-07-15 16:47:13,0,0,4.5,0,0,93.25,1.75,0,0
2022-07-15 16:47:12,0,0,4.5,0.75,0,92.75,1.25,0.25,0
2022-07-15 16:47:11,0,0,4.773869,0.2512563,0,92.46231,1.758794,0.2512563,0
2022-07-15 16:47:10,0,0,4.522613,0,0,94.22111,0.7537688,0.2512563,0
2022-07-15 16:47:09,0,0,4.738155,0.2493766,0,93.26683,1.4962594,0,0
2022-07-15 16:47:08,0,0,4.477612,0.2487562,0,93.53234,1.2437811,0.2487562,0
2022-07-15 16:47:07,0,0,4.75,0,0,93.25,1.25,0,0.25
2022-07-15 16:47:06,0,0,4.691358,0.4938272,0,92.59259,1.4814815,0,0
2022-07-15 16:47:05,0,0,6.281407,0.2512563,0,90.95477,1.758794,0,0.2512563
2022-07-15 16:47:04,0,0,3.25,0,0,95.75,0.5,0.25,0
2022-07-15 16:47:03,0,0,4.25,0.25,0,94,1.25,0,0
2022-07-15 16:47:02,0,0,4.761905,0.2506266,0,93.73434,1.0025063,0,0
2022-07-15 16:47:01,0,0,4.25,0.25,0,93,1.25,0.25,0
2022-07-15 16:47:00,0,0,4.761905,0,0,92.98246,1.754386,0,0
2022-07-15 16:46:59,0,0,4.488778,0,0,92.01995,1.4962594,0.2493766,0.9975062
2022-07-15 16:46:58,0,0,4.260652,0.2506266,0,94.23559,0.7518797,0,0
2022-07-15 16:46:57,0,0,4.477612,0.2487562,0,92.53731,1.741294,0.4975124,0
2022-07-15 16:46:56,0,0,4.522613,0,0,93.71859,1.2562814,0,0
2022-07-15 16:46:55,0,0,4.738155,0.2493766,0,93.01746,1.4962594,0.2493766,0
2022-07-15 16:46:54,0,0,4.271357,0.2512563,0,94.22111,0.7537688,0,0
2022-07-15 16:46:53,0,0,4.962779,0.248139,0,91.81141,1.736973,0.248139,0
2022-07-15 16:46:52,0,0,4.25,0.25,0,94.25,1.25,0,0
2022-07-15 16:46:51,0,0,4.545455,0,0,92.92929,1.5151515,0.2525253,0
2022-07-15 16:46:50,0,0,5.210918,0,0,91.81141,1.2406948,0,0.248139
2022-07-15 16:46:49,0,0,3.9801,0,0,94.02985,1.741294,0,0
2022-07-15 16:46:48,0,0,4.738155,0.2493766,0,92.76808,1.4962594,0.2493766,0
2022-07-15 16:46:47,0,0,4.511278,0.2506266,0,93.98496,1.0025063,0,0
2022-07-15 16:46:46,0,0,4.75,0,0,93,2,0,0
2022-07-15 16:46:45,0,0,4.522613,0.7537688,0,92.96482,1.0050251,0,0
2022-07-15 16:46:44,0,0,4.488778,0.2493766,0,93.51621,0.9975062,0.4987531,0
2022-07-15 16:46:43,0,0,4.522613,0,0,94.22111,0.7537688,0,0
2022-07-15 16:46:42,0,0,4.726368,0,0,92.78607,1.99005,0.2487562,0
2022-07-15 16:46:41,0,0,4.511278,0,0,92.73183,1.754386,0.2506266,0
2022-07-15 16:46:40,0,0,5.263158,0.2506266,0,92.23058,1.5037594,0,0
2022-07-15 16:46:39,0,0,5.5,0,0,92,1.75,0.25,0
2022-07-15 16:46:38,0,0,3.768844,0.2512563,0,92.96482,1.758794,0.2512563,0
2022-07-15 16:46:37,0,0,3.491272,0.2493766,0,94.51372,1.2468828,0.2493766,0
2022-07-15 16:46:36,0,0,4.75,0,0,93.75,1.25,0.25,0
2022-07-15 16:46:35,0,0,4.75,0.25,0,92.75,1.25,0.25,0
2022-07-15 16:46:34,0,0,4,0.25,0,94,1.25,0.25,0
2022-07-15 16:46:33,0,0,5.513784,0,0,91.22807,2.005013,0.2506266,0.2506266
2022-07-15 16:46:32,0,0,3.75,0.25,0,94.5,1.25,0,0
2022-07-15 16:46:31,0,0,4.511278,0.2506266,0,92.98246,1.5037594,0.2506266,0
2022-07-15 16:46:30,0,0,5.025126,0,0,92.71357,1.5075377,0.2512563,0
2022-07-15 16:46:29,0,0,4,0.25,0,93.75,1.25,0.25,0
2022-07-15 16:46:28,0,0,5.236908,0.2493766,0,92.01995,1.995012,0.2493766,0
2022-07-15 16:46:27,0,0,4,0,0,95,0.75,0,0
2022-07-15 16:46:26,0,0,5,0,0,93,1.25,0.25,0
2022-07-15 16:46:25,0,0,4.511278,0.5012531,0,93.98496,0.7518797,0,0
2022-07-15 16:46:24,0,0,4.987531,0.4987531,0,90.27431,1.995012,0.2493766,1.2468828
2022-07-15 16:46:23,0,0,3.9801,0,0,94.27861,1.2437811,0.2487562,0
2022-07-15 16:46:22,0,0,4.260652,0,0,93.48371,1.5037594,0.2506266,0
2022-07-15 16:46:21,0,0,5.012531,0,0,93.48371,1.2531328,0,0
2022-07-15 16:46:20,0,0,4.477612,0.2487562,0,93.53234,0.7462687,0.4975124,0
2022-07-15 16:46:19,0,0,5.012531,0,0,93.23308,1.2531328,0.2506266,0
2022-07-15 16:46:18,0,0,4.75,0.25,0,92.5,1.5,0.25,0
2022-07-15 16:46:17,0,0,4.218362,0.248139,0,93.54839,1.4888337,0.248139,0
2022-07-15 16:46:16,0,0,4.773869,0,0,93.71859,1.0050251,0,0
2022-07-15 16:46:15,0,0,4.292929,0,0,93.18182,2.020202,0,0
2022-07-15 16:46:14,0,0,4.726368,0.2487562,0,92.53731,1.741294,0.2487562,0
2022-07-15 16:46:13,0,0,5.236908,0.2493766,0,92.26933,1.4962594,0.2493766,0
2022-07-15 16:46:12,0,0,5,0,0,92,2,0,0.75
2022-07-15 16:46:11,0,0,3.731343,0.2487562,0,92.0398,2.736318,0.2487562,0
2022-07-15 16:46:10,0,0,4.010025,0,0,93.23308,2.005013,0.2506266,0
2022-07-15 16:46:09,0,0,4.488778,0.2493766,0,92.5187,1.995012,0.4987531,0
2022-07-15 16:46:08,0,0,4.5,0.25,0,93.25,1.5,0.25,0
2022-07-15 16:46:07,0,0,4.761905,0.2506266,0,93.48371,1.0025063,0,0
2022-07-15 16:46:06,0,0,4.260652,0.5012531,0,92.4812,2.005013,0,0
2022-07-15 16:46:05,0,0,5.223881,0.2487562,0,91.79104,0.9950249,0.2487562,0.2487562
2022-07-15 16:46:04,0,0,4.25,0,0,93.75,1.5,0.25,0
2022-07-15 16:46:03,0,0,4.738155,0.2493766,0,92.76808,1.745636,0.2493766,0
2022-07-15 16:46:02,0,0,4.79798,0,0,93.68687,0.7575758,0.2525253,0
2022-07-15 16:46:01,0,0,4.522613,0.2512563,0,93.21608,1.758794,0,0
2022-07-15 16:46:00,0,0,4.5,0.25,0,92.75,2,0.25,0
2022-07-15 16:45:59,0,0,4.738155,0.2493766,0,92.76808,1.745636,0,0
2022-07-15 16:45:58,0,0,4.511278,0,0,92.98246,2.005013,0,0
2022-07-15 16:45:57,0,0,5,0,0,89.75,1.75,0.25,2.25
2022-07-15 16:45:56,0,0,3.740648,0.2493766,0,93.76559,1.2468828,0.2493766,0
2022-07-15 16:45:55,0,0,4.738155,0,0,93.26683,1.2468828,0.2493766,0
2022-07-15 16:45:54,0,0,4.785894,0,0,93.45088,1.2594458,0.2518892,0
2022-07-15 16:45:53,0,0,4.5,0.25,0,93.5,1.25,0.25,0
2022-07-15 16:45:52,0,0,4.975124,0,0,93.78109,0.7462687,0.2487562,0
2022-07-15 16:45:51,0,0,4.534005,0,0,93.45088,1.0075567,0.2518892,0.2518892
2022-07-15 16:45:50,0,0,5,0.25,0,93.5,1,0,0
2022-07-15 16:45:49,0,0,4.25,0.25,0,93.5,1.25,0.25,0
2022-07-15 16:45:48,0,0,4.761905,0,0,94.23559,0.7518797,0,0
2022-07-15 16:45:47,0,0,4.75,0.25,0,92.5,1.75,0.5,0
2022-07-15 16:45:46,0,0,6.25,0.25,0,91,1.5,0.25,0.25
2022-07-15 16:45:45,0,0,2.992519,0,0,95.26185,1.2468828,0,0
2022-07-15 16:45:44,0,0,4.020101,0.2512563,0,94.47236,0.5025126,0.2512563,0
2022-07-15 16:45:43,0,0,4.511278,0,0,93.73434,1.754386,0,0
2022-07-15 16:45:42,0,0,4.477612,0.4975124,0,92.78607,0.9950249,0.4975124,0
2022-07-15 16:45:41,0,0,4.79798,0,0,93.68687,1.2626263,0,0
2022-07-15 16:45:40,0,0,4.488778,0.4987531,0,92.5187,1.4962594,0,0
2022-07-15 16:45:39,0,0,4.239401,0.2493766,0,94.01496,0.9975062,0.2493766,0
2022-07-15 16:45:38,0,0,5.263158,0.2506266,0,92.98246,1.0025063,0.2506266,0
2022-07-15 16:45:37,0,0,4.726368,0.2487562,0,93.28358,1.4925373,0,0
2022-07-15 16:45:36,0,0,4.511278,0,0,93.73434,1.5037594,0,0
2022-07-15 16:45:35,0,0,4.25,0,0,94.25,1,0.25,0
2022-07-15 16:45:34,0,0,4.738155,0.2493766,0,92.26933,1.745636,0.4987531,0
2022-07-15 16:45:33,0,0,4.488778,0.4987531,0,93.51621,1.2468828,0.2493766,0
2022-07-15 16:45:32,0,0,4.761905,0.2506266,0,91.97995,2.255639,0,0
2022-07-15 16:45:31,0,0,5.25,0.5,0,92,1.25,0,0.75
2022-07-15 16:45:30,0,0,3.258145,0.2506266,0,92.23058,1.2531328,0.2506266,2.255639
2022-07-15 16:45:29,0,0,4.75,0,0,93.25,1.75,0,0
2022-07-15 16:45:28,0,0,4.25,0.25,0,94,1.25,0,0
2022-07-15 16:45:27,0,0,5.012531,0.2506266,0,92.23058,1.754386,0.5012531,0
2022-07-15 16:45:26,0,0,4.511278,0,0,93.98496,1.0025063,0,0
2022-07-15 16:45:25,0,0,4.738155,0,0,93.01746,1.4962594,0.2493766,0
2022-07-15 16:45:24,0,0,4.5,0.25,0,93.25,1.5,0.25,0
2022-07-15 16:45:23,0,0,4.5,0.25,0,92.5,2,0.25,0
2022-07-15 16:45:22,0,0,5.012531,0,0,93.73434,1.0025063,0.2506266,0
2022-07-15 16:45:21,0,0,3.990025,0.2493766,0,92.5187,1.745636,0.2493766,0.2493766
2022-07-15 16:45:20,0,0,5.5,0.25,0,91.25,2.25,0.25,0
2022-07-15 16:45:19,0,0,5.012531,0.2506266,0,91.4787,2.005013,0,0.5012531
2022-07-15 16:45:18,0,0,3.258145,0,0,95.2381,0.7518797,0.2506266,0
2022-07-15 16:45:17,0,0,4.75,0.5,0,93.25,1,0.25,0
2022-07-15 16:45:16,0,0,4.25,0,0,93.5,1.5,0.25,0
2022-07-15 16:45:15,0,0,4.5,0.25,0,93.75,1,0.25,0
2022-07-15 16:45:14,0,0,5.5,0.25,0,92.25,1.25,0.25,0
2022-07-15 16:45:13,0,0,3.482587,0,0,92.53731,1.2437811,0.2487562,1.99005
2022-07-15 16:45:12,0,0,4.511278,0,0,93.48371,1.2531328,0.5012531,0
2022-07-15 16:45:11,0,0,4.25,0,0,93.25,1.25,0.25,0
2022-07-15 16:45:10,0,0,4.987531,0.2493766,0,92.5187,1.745636,0.2493766,0
2022-07-15 16:45:09,0,0,4.785894,0.5037783,0,92.69521,1.511335,0.2518892,0
2022-07-15 16:45:08,0,0,6.25,0.25,0,90.5,2.25,0,0.75
2022-07-15 16:45:07,0,0,3.258145,0,0,93.98496,1.5037594,0.2506266,0.5012531
2022-07-15 16:45:06,0,0,3.491272,0,0,94.76309,0.9975062,0.2493766,0.2493766
2022-07-15 16:45:05,0,0,5.25,0.25,0,93.5,0.75,0,0
2022-07-15 16:45:04,0,0,4.987531,0.4987531,0,92.01995,1.2468828,0.2493766,0.2493766
2022-07-15 16:45:03,0,0,3.9801,0.2487562,0,93.53234,1.4925373,0,0
2022-07-15 16:45:02,0,0,4.534005,0,0,93.19899,1.763224,0.2518892,0
2022-07-15 16:45:01,0,0,4.534005,0,0,93.45088,1.511335,0,0
2022-07-15 16:45:00,0,0,4.738155,0.4987531,0,93.26683,0.9975062,0.2493766,0
2022-07-15 16:44:59,0,0,4.773869,0,0,92.71357,2.01005,0.2512563,0
2022-07-15 16:44:58,0,0,4.738155,0.2493766,0,92.01995,1.995012,0.2493766,0.2493766
2022-07-15 16:44:57,0,0,4.488778,0,0,93.51621,1.745636,0,0
2022-07-15 16:44:56,0,0,4.773869,0.5025126,0,92.46231,1.2562814,0.2512563,0
2022-07-15 16:44:55,0,0,4.271357,0.2512563,0,93.46734,1.758794,0,0
2022-07-15 16:44:54,0,0,5.012531,0.5012531,0,92.73183,1.5037594,0.2506266,0
2022-07-15 16:44:53,0,0,5.75,0,0,92,1.75,0,0
2022-07-15 16:44:52,0,0,3.482587,0.7462687,0,92.0398,0.9950249,0.2487562,1.4925373
2022-07-15 16:44:51,0,0,4.5,0.25,0,93.25,1.25,0.25,0
2022-07-15 16:44:50,0,0,4.25,0.25,0,93.75,1.25,0,0
2022-07-15 16:44:49,0,0,4.987531,0.4987531,0,92.76808,1.4962594,0,0
2022-07-15 16:44:48,0,0,4.511278,0,0,93.98496,1.0025063,0.2506266,0
2022-07-15 16:44:47,0,0,5.012531,0.2506266,0,92.23058,1.5037594,0,0.5012531
2022-07-15 16:44:46,0,0,4.010025,0,0,93.48371,1.754386,0.2506266,0
2022-07-15 16:44:45,0,0,4.466501,0.248139,0,93.54839,1.2406948,0.248139,0
2022-07-15 16:44:44,0,0,4.522613,0,0,93.46734,1.2562814,0.2512563,0
2022-07-15 16:44:43,0,0,4.75,0.25,0,93,1.5,0,0
2022-07-15 16:44:42,0,0,4.738155,0,0,93.01746,1.745636,0.2493766,0
2022-07-15 16:44:41,0,0,4.785894,0.5037783,0,90.93199,2.267003,0.2518892,0
2022-07-15 16:44:40,0,0,4.282116,0,0,93.70277,1.511335,0.2518892,0
2022-07-15 16:44:39,0,0,5.012531,0.2506266,0,92.73183,1.5037594,0,0
2022-07-15 16:44:38,0,0,4.987531,0,0,91.5212,1.4962594,0.2493766,0.7481297
2022-07-15 16:44:37,0,0,3.517588,0.2512563,0,93.46734,1.5075377,0,0.2512563
2022-07-15 16:44:36,0,0,4.71464,0.7444169,0,92.30769,1.2406948,0.248139,0
2022-07-15 16:44:35,0,0,4.534005,0,0,93.70277,1.511335,0,0
2022-07-15 16:44:34,0,0,5,0.25,0,93.25,1,0.5,0
2022-07-15 16:44:33,0,0,4.020101,0.2512563,0,93.71859,1.5075377,0,0
2022-07-15 16:44:32,0,0,5.263158,0.2506266,0,92.23058,1.754386,0.2506266,0
2022-07-15 16:44:31,0,0,4.466501,0.4962779,0,92.30769,2.233251,0.248139,0
2022-07-15 16:44:30,0,0,4.511278,0,0,92.73183,2.255639,0,0
2022-07-15 16:44:29,0,0,5.025126,0.5025126,0,92.96482,1.5075377,0,0
2022-07-15 16:44:28,0,0,4.260652,0.2506266,0,92.73183,1.754386,0.5012531,0
2022-07-15 16:44:27,0,0,5.486284,0.2493766,0,91.27182,1.4962594,0.2493766,0.2493766
2022-07-15 16:44:26,0,0,4.010025,0,0,93.73434,1.5037594,0,0.2506266
2022-07-15 16:44:25,0,0,3.990025,0,0,94.51372,0.9975062,0,0
2022-07-15 16:44:24,0,0,4.522613,0.2512563,0,92.96482,1.5075377,0.2512563,0
2022-07-15 16:44:23,0,0,4.511278,0.2506266,0,93.48371,1.2531328,0.2506266,0
2022-07-15 16:44:22,0,0,4.738155,0.2493766,0,93.01746,1.2468828,0.4987531,0
2022-07-15 16:44:21,0,0,5.555556,0.5050505,0,91.66667,1.2626263,0,0
2022-07-15 16:44:20,0,0,3.491272,0.2493766,0,94.76309,0.7481297,0.2493766,0
2022-07-15 16:44:19,0,0,4.488778,0,0,94.26434,0.7481297,0.2493766,0
2022-07-15 16:44:18,0,0,4.773869,0.2512563,0,91.70854,2.261307,0.2512563,0
2022-07-15 16:44:17,0,0,4.511278,0.2506266,0,93.23308,1.754386,0,0
2022-07-15 16:44:16,0,0,4.761905,0,0,93.23308,1.5037594,0.2506266,0
2022-07-15 16:44:15,0,0,4.71464,0.248139,0,92.05955,1.736973,0.248139,0
2022-07-15 16:44:14,0,0,4.292929,0,0,94.69697,1.010101,0,0
2022-07-15 16:44:13,0,0,5.955335,0.248139,0,91.56328,1.4888337,0.248139,0
2022-07-15 16:44:12,0,0,4.511278,0.2506266,0,93.48371,1.2531328,0.2506266,0
2022-07-15 16:44:11,0,0,5.050505,0,0,92.42424,1.2626263,0.2525253,0.2525253
2022-07-15 16:44:10,0,0,4.010025,0.2506266,0,92.73183,2.005013,0.2506266,0
2022-07-15 16:44:09,0,0,4.738155,0.2493766,0,93.76559,0.7481297,0.2493766,0
2022-07-15 16:44:08,0,0,4.761905,0.5012531,0,92.4812,2.005013,0,0
2022-07-15 16:44:07,0,0,4.25,0,0,94.75,0.75,0.25,0
2022-07-15 16:44:06,0,0,4.75,0,0,93,1.5,0.25,0
2022-07-15 16:44:05,0,0,5.236908,0,0,92.76808,1.745636,0,0
2022-07-15 16:44:04,0,0,4.522613,0.2512563,0,92.96482,1.5075377,0.2512563,0
2022-07-15 16:44:03,0,0,4.71464,0.248139,0,92.05955,2.233251,0.248139,0
2022-07-15 16:44:02,0,0,4.522613,0,0,93.96985,1.2562814,0,0
2022-07-15 16:44:01,0,0,4.785894,0.2518892,0,92.44332,1.763224,0.2518892,0
2022-07-15 16:44:00,0,0,3.9801,0.2487562,0,92.53731,1.741294,0.2487562,0
2022-07-15 16:43:59,0,0,4.738155,0.2493766,0,92.76808,1.2468828,0,0.2493766
2022-07-15 16:43:58,0,0,4.010025,0.2506266,0,94.48622,0.7518797,0,0
2022-07-15 16:43:57,0,0,4.488778,0.2493766,0,92.76808,1.745636,0,0
2022-07-15 16:43:56,0,0,4.761905,0,0,93.48371,1.0025063,0.2506266,0
2022-07-15 16:43:55,0,0,4.239401,0,0,93.76559,1.2468828,0.2493766,0
2022-07-15 16:43:54,0,0,4.761905,0,0,91.22807,1.5037594,0,1.2531328
2022-07-15 16:43:53,0,0,4.511278,0.2506266,0,93.73434,1.5037594,0,0
2022-07-15 16:43:52,0,0,3.970223,0.248139,0,93.54839,1.4888337,0,0
2022-07-15 16:43:51,0,0,5.263158,0,0,92.73183,1.754386,0,0
2022-07-15 16:43:50,0,0,4.522613,0,0,94.22111,0.5025126,0.2512563,0
2022-07-15 16:43:49,0,0,4.761905,0,0,93.48371,1.2531328,0.2506266,0
2022-07-15 16:43:48,0,0,4.75,0.25,0,92.75,1.75,0,0
2022-07-15 16:43:47,0,0,4.260652,0,0,94.23559,1.0025063,0.2506266,0
2022-07-15 16:43:46,0,0,5.263158,0.2506266,0,92.4812,1.754386,0,0
2022-07-15 16:43:45,0,0,4.228856,0.7462687,0,91.04478,1.2437811,0.2487562,1.4925373
2022-07-15 16:43:44,0,0,4.010025,0.2506266,0,94.23559,1.0025063,0,0
2022-07-15 16:43:43,0,0,4.239401,0.2493766,0,94.01496,0.9975062,0.2493766,0
2022-07-15 16:43:42,0,0,4.534005,0.2518892,0,93.95466,1.0075567,0,0
2022-07-15 16:43:41,0,0,4.75,0,0,93.5,1,0.25,0
2022-07-15 16:43:40,0,0,4.5,0.25,0,93.75,0.5,0.25,0
2022-07-15 16:43:39,0,0,4.738155,0,0,93.26683,1.2468828,0.2493766,0
2022-07-15 16:43:38,0,0,4.477612,0.2487562,0,93.53234,1.4925373,0,0
2022-07-15 16:43:37,0,0,4.773869,0,0,93.46734,1.2562814,0.2512563,0
2022-07-15 16:43:36,0,0,4.260652,0,0,94.23559,1.0025063,0.2506266,0
2022-07-15 16:43:35,0,0,4.75,0.25,0,93,1.5,0.25,0
2022-07-15 16:43:34,0,0,5.236908,0,0,92.01995,1.2468828,0.4987531,0
2022-07-15 16:43:33,0,0,4.25,0.25,0,93.25,1.75,0,0
2022-07-15 16:43:32,0,0,3.9801,0.2487562,0,93.78109,1.2437811,0.2487562,0
2022-07-15 16:43:31,0,0,4.030227,0,0,93.95466,0.7556675,0.5037783,0
2022-07-15 16:43:30,0,0,5.025126,0.2512563,0,92.46231,2.01005,0,0
2022-07-15 16:43:29,0,0,4.466501,0.4962779,0,92.80397,1.4888337,0.248139,0
2022-07-15 16:43:28,0,0,5.513784,0,0,92.73183,1.2531328,0.2506266,0
2022-07-15 16:43:27,0,0,3.731343,0,0,94.77612,0.9950249,0,0
2022-07-15 16:43:26,0,0,4.228856,0.2487562,0,92.78607,1.741294,0.7462687,0
2022-07-15 16:43:25,0,0,4.773869,0.2512563,0,93.21608,1.2562814,0.2512563,0
2022-07-15 16:43:24,0,0,4.488778,0.2493766,0,93.26683,1.2468828,0.4987531,0
2022-07-15 16:43:23,0,0,4.761905,0,0,91.97995,2.506266,0.2506266,0
2022-07-15 16:43:22,0,0,4.761905,0.2506266,0,93.23308,1.0025063,0.2506266,0
2022-07-15 16:43:21,0,0,4.218362,0.248139,0,92.80397,1.4888337,0.248139,0
2022-07-15 16:43:20,0,0,4.773869,0,0,93.46734,1.5075377,0.2512563,0
2022-07-15 16:43:19,0,0,4.511278,0.2506266,0,92.73183,1.2531328,0.2506266,0
2022-07-15 16:43:18,0,0,5,0.25,0,92.25,1,0.5,0.25
2022-07-15 16:43:17,0,0,4.477612,0,0,93.53234,1.4925373,0.2487562,0
2022-07-15 16:43:16,0,0,4.239401,0,0,94.26434,0.9975062,0.2493766,0
2022-07-15 16:43:15,0,0,5.025126,0.2512563,0,92.96482,1.5075377,0,0
2022-07-15 16:43:14,0,0,4.488778,0.2493766,0,93.51621,0.9975062,0.2493766,0
2022-07-15 16:43:13,0,0,4.5,0.25,0,93,1.5,0.5,0
2022-07-15 16:43:12,0,0,5.025126,0.2512563,0,92.71357,1.2562814,0,0
2022-07-15 16:43:11,0,0,4.5,0,0,92.75,1.5,0.25,0
2022-07-15 16:43:10,0,0,4.738155,0.2493766,0,93.76559,0.9975062,0,0
2022-07-15 16:43:09,0,0,4.75,0,0,93.25,1.75,0,0
2022-07-15 16:43:08,0,0,4.477612,0,0,93.53234,1.2437811,0.4975124,0
2022-07-15 16:43:07,0,0,4.785894,0.2518892,0,93.19899,1.0075567,0,0
2022-07-15 16:43:06,0,0,4.218362,0.4962779,0,93.05211,1.2406948,0,0.248139
2022-07-15 16:43:05,0,0,5.25,0.25,0,93,1.25,0,0
2022-07-15 16:43:04,0,0,4.511278,0.5012531,0,92.98246,1.0025063,0.2506266,0
2022-07-15 16:43:03,0,0,4.488778,0,0,93.76559,1.4962594,0,0
2022-07-15 16:43:02,0,0,4.511278,0.2506266,0,93.23308,1.2531328,0.5012531,0
2022-07-15 16:43:01,0,0,4.738155,0.2493766,0,91.5212,1.4962594,0,0.7481297
2022-07-15 16:43:00,0,0,4.477612,0.4975124,0,92.78607,1.4925373,0.4975124,0
2022-07-15 16:42:59,0,0,4.292929,0.2525253,0,93.68687,1.2626263,0,0
2022-07-15 16:42:58,0,0,4.962779,0.248139,0,92.55583,1.736973,0,0
2022-07-15 16:42:57,0,0,4.522613,0,0,92.21106,2.261307,0.5025126,0
2022-07-15 16:42:56,0,0,4.511278,0.2506266,0,93.48371,1.5037594,0,0
2022-07-15 16:42:55,0,0,4.987531,0.2493766,0,92.76808,1.4962594,0.2493766,0
2022-07-15 16:42:54,0,0,4.010025,0.5012531,0,93.98496,1.0025063,0,0
2022-07-15 16:42:53,0,0,4.975124,0,0,92.53731,1.741294,0.4975124,0
2022-07-15 16:42:52,0,0,5.289673,0,0,92.9471,1.511335,0,0
2022-07-15 16:42:51,0,0,3.5,0.25,0,92,1,0.25,0.5
2022-07-15 16:42:50,0,0,4.761905,0,0,93.23308,1.754386,0,0
2022-07-15 16:42:49,0,0,4.477612,0.2487562,0,93.28358,1.4925373,0.2487562,0
2022-07-15 16:42:48,0,0,4.511278,0.2506266,0,93.98496,0.7518797,0.2506266,0
2022-07-15 16:42:47,0,0,4.488778,0.2493766,0,93.01746,1.745636,0.2493766,0
2022-07-15 16:42:46,0,0,4.522613,0,0,93.71859,1.0050251,0.2512563,0
2022-07-15 16:42:45,0,0,4.75,0.25,0,93,1.5,0.25,0
2022-07-15 16:42:44,0,0,4.239401,0.2493766,0,94.01496,0.9975062,0.2493766,0
2022-07-15 16:42:43,0,0,4.75,0.25,0,93.5,0.75,0.25,0
2022-07-15 16:42:42,0,0,4.239401,0,0,93.76559,1.745636,0,0
2022-07-15 16:42:41,0,0,5.316456,0.2531646,0,90.88608,1.2658228,0.2531646,0.7594937
2022-07-15 16:42:40,0,0,4.466501,0.248139,0,91.81141,1.736973,0.248139,0.4962779
2022-07-15 16:42:39,0,0,3.282828,0,0,95.45455,0.7575758,0.2525253,0
2022-07-15 16:42:38,0,0,4.5,0.25,0,93.5,1.25,0,0
2022-07-15 16:42:37,0,0,4.75,0,0,93.5,1.25,0.25,0
2022-07-15 16:42:36,0,0,4.477612,0.2487562,0,92.53731,1.99005,0.2487562,0
2022-07-15 16:42:35,0,0,5.223881,0,0,91.79104,1.2437811,0.4975124,0.2487562
2022-07-15 16:42:34,0,0,3.482587,0.2487562,0,94.52736,1.4925373,0,0
2022-07-15 16:42:33,0,0,4.5,0,0,93,1.75,0.5,0
2022-07-15 16:42:32,0,0,4.79798,0,0,93.93939,1.010101,0,0
2022-07-15 16:42:31,0,0,4.292929,0.5050505,0,92.17172,2.020202,0.5050505,0
2022-07-15 16:42:30,0,0,4.987531,0.2493766,0,92.76808,1.4962594,0,0
2022-07-15 16:42:29,0,0,4.25,0.5,0,93.75,0.75,0.5,0
2022-07-15 16:42:28,0,0,5.012531,0,0,92.4812,1.5037594,0.2506266,0
2022-07-15 16:42:27,0,0,4.239401,0.4987531,0,92.76808,1.745636,0.2493766,0
2022-07-15 16:42:26,0,0,4.738155,0,0,93.51621,0.7481297,0.2493766,0
2022-07-15 16:42:25,0,0,4.975124,0,0,91.54229,2.238806,0,0
2022-07-15 16:42:24,0,0,3.266332,0.2512563,0,94.97487,0.7537688,0.2512563,0
2022-07-15 16:42:23,0,0,5.276382,0.2512563,0,91.9598,1.758794,0.2512563,0
2022-07-15 16:42:22,0,0,4.218362,0.248139,0,93.54839,1.2406948,0.248139,0
2022-07-15 16:42:21,0,0,4.556962,0,0,93.41772,1.2658228,0,0
2022-07-15 16:42:20,0,0,4.726368,0,0,92.78607,1.741294,0.2487562,0
2022-07-15 16:42:19,0,0,4.260652,0.2506266,0,94.23559,1.0025063,0,0
2022-07-15 16:42:18,0,0,4.975124,0.4975124,0,91.29353,2.238806,0.4975124,0
2022-07-15 16:42:17,0,0,4.260652,0.2506266,0,93.48371,1.2531328,0.2506266,0
2022-07-15 16:42:16,0,0,5.025126,0,0,93.21608,1.5075377,0,0
2022-07-15 16:42:15,0,0,4.511278,0.5012531,0,93.23308,1.5037594,0,0
2022-07-15 16:42:14,0,0,4.5,0.25,0,93.25,1,0.25,0
2022-07-15 16:42:13,0,0,4.511278,0.2506266,0,91.72932,2.255639,0.2506266,0
2022-07-15 16:42:12,0,0,4.010025,0.2506266,0,94.48622,0.7518797,0.2506266,0
2022-07-15 16:42:11,0,0,4.785894,0,0,93.19899,1.2594458,0.2518892,0
2022-07-15 16:42:10,0,0,4.25,0.25,0,94,1,0.25,0
2022-07-15 16:42:09,0,0,4.761905,0,0,93.48371,1.0025063,0,0
2022-07-15 16:42:08,0,0,4.5,0,0,93.25,1.25,0,0.25
2022-07-15 16:42:07,0,0,4.25,0.25,0,94.25,0.5,0.25,0
2022-07-15 16:42:06,0,0,4.488778,0,0,93.76559,0.9975062,0.2493766,0
2022-07-15 16:42:05,0,0,5,0,0,92.75,1.75,0,0
2022-07-15 16:42:04,0,0,4.488778,0.2493766,0,92.76808,1.995012,0.2493766,0
2022-07-15 16:42:03,0,0,4.738155,0,0,92.76808,1.745636,0.2493766,0
2022-07-15 16:42:02,0,0,4.488778,0.2493766,0,93.76559,0.9975062,0.2493766,0
2022-07-15 16:42:01,0,0,4.534005,0,0,93.95466,1.0075567,0,0
2022-07-15 16:42:00,0,0,4.5,0.5,0,92.75,1.25,0.5,0
2022-07-15 16:41:59,0,0,4.773869,0.2512563,0,92.46231,1.758794,0.2512563,0
2022-07-15 16:41:58,0,0,4.488778,0.2493766,0,93.01746,0.9975062,0.2493766,0
2022-07-15 16:41:57,0,0,4.271357,0,0,93.96985,1.5075377,0,0
2022-07-15 16:41:56,0,0,4.488778,0,0,94.01496,0.9975062,0.2493766,0
2022-07-15 16:41:55,0,0,4.761905,0.2506266,0,92.73183,1.754386,0.2506266,0
2022-07-15 16:41:54,0,0,4.239401,0,0,94.26434,0.9975062,0,0
2022-07-15 16:41:53,0,0,4.773869,0.2512563,0,93.21608,1.0050251,0.2512563,0
2022-07-15 16:41:52,0,0,4.477612,0.2487562,0,94.02985,0.7462687,0,0
2022-07-15 16:41:51,0,0,4.534005,0,0,93.19899,1.763224,0.2518892,0
2022-07-15 16:41:50,0,0,4.975124,0.2487562,0,92.28856,1.741294,0,0.2487562
2022-07-15 16:41:49,0,0,4.488778,0,0,93.51621,1.4962594,0.2493766,0
2022-07-15 16:41:48,0,0,4.488778,0.2493766,0,93.26683,1.745636,0,0
2022-07-15 16:41:47,0,0,5.808081,0.2525253,0,91.16162,1.2626263,0.2525253,0.2525253
2022-07-15 16:41:46,0,0,3.241895,0,0,95.7606,0.7481297,0,0
2022-07-15 16:41:45,0,0,5.223881,0,0,92.78607,1.4925373,0.2487562,0
2022-07-15 16:41:44,0,0,4.761905,0.5012531,0,92.73183,1.5037594,0.2506266,0
2022-07-15 16:41:43,0,0,4.761905,0,0,92.23058,2.005013,0.5012531,0
2022-07-15 16:41:42,0,0,4.773869,0.2512563,0,93.21608,0.7537688,0,0
2022-07-15 16:41:41,0,0,4.260652,0,0,94.48622,0.7518797,0.2506266,0
2022-07-15 16:41:40,0,0,4.738155,0.2493766,0,92.76808,1.745636,0,0
2022-07-15 16:41:39,0,0,4.761905,0.2506266,0,93.98496,0.5012531,0.2506266,0
2022-07-15 16:41:38,0,0,4.75,0,0,93.25,1.25,0.5,0
2022-07-15 16:41:37,0,0,4.950495,0.2475248,0,92.07921,1.732673,0.2475248,0.2475248
2022-07-15 16:41:36,0,0,4.292929,0.2525253,0,94.19192,1.010101,0,0
2022-07-15 16:41:35,0,0,5,0.25,0,93.25,1,0.25,0
2022-07-15 16:41:34,0,0,5.025126,0,0,91.9598,2.01005,0.5025126,0
2022-07-15 16:41:33,0,0,4.738155,0.2493766,0,93.51621,1.2468828,0,0
2022-07-15 16:41:32,0,0,5.25,0.25,0,91,1.25,0,0.5
2022-07-15 16:41:31,0,0,3.75,0.25,0,93.75,1.75,0,0
2022-07-15 16:41:30,0,0,4.738155,0,0,93.01746,1.4962594,0.2493766,0
2022-07-15 16:41:29,0,0,5.012531,0.2506266,0,92.4812,1.754386,0,0
2022-07-15 16:41:28,0,0,4.75,0.25,0,93.25,1.25,0.25,0
2022-07-15 16:41:27,0,0,4.950495,0.2475248,0,92.57426,1.4851485,0.4950495,0
2022-07-15 16:41:26,0,0,4.511278,0,0,93.73434,1.2531328,0.2506266,0
2022-07-15 16:41:25,0,0,5,0.25,0,92.75,1.25,0.25,0
2022-07-15 16:41:24,0,0,4.975124,0.2487562,0,92.53731,1.4925373,0.2487562,0
2022-07-15 16:41:23,0,0,5,0.25,0,92.75,1.75,0.25,0
2022-07-15 16:41:22,0,0,4.785894,0.7556675,0,92.19144,1.763224,0.2518892,0
2022-07-15 16:41:21,0,0,6.030151,0.2512563,0,90.45226,2.01005,0.2512563,0.2512563
2022-07-15 16:41:20,0,0,3.491272,0.2493766,0,94.26434,1.2468828,0.2493766,0
2022-07-15 16:41:19,0,0,4.773869,0.2512563,0,93.46734,1.2562814,0,0
2022-07-15 16:41:18,0,0,4.511278,0.2506266,0,93.23308,1.754386,0,0
2022-07-15 16:41:17,0,0,5.236908,0,0,93.26683,0.9975062,0,0
2022-07-15 16:41:16,0,0,5.025126,0.2512563,0,92.46231,1.2562814,0.5025126,0.2512563
2022-07-15 16:41:15,0,0,4.239401,0.2493766,0,93.26683,1.4962594,0.2493766,0
2022-07-15 16:41:14,0,0,3.731343,0.7462687,0,93.28358,1.2437811,0,0
2022-07-15 16:41:13,0,0,3.740648,0,0,94.26434,1.745636,0,0
2022-07-15 16:41:12,0,0,3.778338,0,0,94.45844,1.2594458,0.2518892,0
2022-07-15 16:41:11,0,0,3.990025,0.2493766,0,93.76559,1.4962594,0,0
2022-07-15 16:41:10,0,0,4,0,0,93.75,2,0,0
2022-07-15 16:41:09,0,0,3.5,0.25,0,94.75,1.25,0,0
2022-07-15 16:41:08,0,0,4.260652,0.2506266,0,93.98496,1.0025063,0.2506266,0
2022-07-15 16:41:07,0,0,3.491272,0,0,95.26185,0.9975062,0,0
2022-07-15 16:41:06,0,0,4,0.25,0,93.5,1.5,0,0
2022-07-15 16:41:05,0,0,4.260652,0,0,91.97995,2.255639,0.2506266,0.7518797
2022-07-15 16:41:04,0,0,2.743142,0.2493766,0,95.7606,0.7481297,0.2493766,0
2022-07-15 16:41:03,0,0,2.763819,0,0,95.22613,1.5075377,0.2512563,0
2022-07-15 16:41:02,0,0,3.015075,0,0,95.22613,1.2562814,0,0
2022-07-15 16:41:01,0,0,2.756892,0.2506266,0,95.2381,0.7518797,0.2506266,0
2022-07-15 16:41:00,0,0,3,0.25,0,94.75,1.5,0.25,0
2022-07-15 16:40:59,0,0,2.743142,0.2493766,0,95.01247,1.2468828,0,0
2022-07-15 16:40:58,0,0,2.743142,0.2493766,0,94.76309,1.4962594,0.4987531,0
2022-07-15 16:40:57,0,0,2.756892,0.2506266,0,94.98747,1.2531328,0.2506266,0
2022-07-15 16:40:56,0,0,2.992519,0.2493766,0,95.51122,0.9975062,0,0
2022-07-15 16:40:55,0,0,3.007519,0,0,94.98747,1.2531328,0.2506266,0
2022-07-15 16:40:54,0,0,2.512563,0.2512563,0,94.22111,1.2562814,0,1.2562814
2022-07-15 16:40:53,0,0,2.244389,0,0,95.7606,1.4962594,0,0
2022-07-15 16:40:52,0,0,2.493766,0,0,95.01247,1.745636,0.2493766,0
2022-07-15 16:40:51,0,0,3.282828,0.2525253,0,94.19192,1.5151515,0.2525253,0
2022-07-15 16:40:50,0,0,2.238806,0.2487562,0,94.52736,1.99005,0.2487562,0.2487562
2022-07-15 16:40:49,0,0,3.030303,0,0,94.19192,1.2626263,0.2525253,0
2022-07-15 16:40:48,0,0,3.241895,0.2493766,0,94.26434,1.4962594,0.2493766,0
2022-07-15 16:40:47,0,0,4,0.25,0,93.75,1.5,0.25,0
2022-07-15 16:40:46,0,0,3.75,0.25,0,94.5,1.25,0,0
2022-07-15 16:40:45,0,0,3.740648,0.2493766,0,94.51372,0.9975062,0.2493766,0
2022-07-15 16:40:44,0,0,3.75,0,0,94.5,1.5,0.25,0
2022-07-15 16:40:43,0,0,3.740648,0,0,93.01746,2.244389,0.4987531,0
2022-07-15 16:40:42,0,0,4.260652,0.2506266,0,93.73434,1.5037594,0,0
2022-07-15 16:40:41,0,0,3.473945,0.248139,0,93.54839,1.4888337,0.4962779,0
2022-07-15 16:40:40,0,0,4.260652,0.2506266,0,92.73183,2.506266,0,0
2022-07-15 16:40:39,0,0,3.740648,0,0,93.26683,1.4962594,0,0.2493766
2022-07-15 16:40:38,0,0,4.271357,0.2512563,0,94.22111,0.7537688,0.2512563,0
2022-07-15 16:40:37,0,0,4.761905,0.2506266,0,93.23308,1.0025063,0.5012531,0
2022-07-15 16:40:36,0,0,5.276382,0,0,93.46734,1.0050251,0,0
2022-07-15 16:40:35,0,0,4.5,0,0,93.25,1.5,0.25,0
2022-07-15 16:40:34,0,0,4.987531,0.2493766,0,92.01995,2.244389,0.2493766,0
2022-07-15 16:40:33,0,0,4.761905,0.2506266,0,92.73183,2.005013,0,0
2022-07-15 16:40:32,0,0,5,0,0,93.25,1.25,0.25,0
2022-07-15 16:40:31,0,0,5.037783,0.5037783,0,92.44332,1.2594458,0,0
2022-07-15 16:40:30,0,0,4.738155,0.2493766,0,92.76808,1.745636,0.2493766,0
2022-07-15 16:40:29,0,0,4.79798,0,0,93.68687,1.2626263,0,0
2022-07-15 16:40:28,0,0,5.472637,0.2487562,0,89.801,1.99005,0.2487562,1.4925373
2022-07-15 16:40:27,0,0,3.535354,0,0,94.69697,1.767677,0,0
2022-07-15 16:40:26,0,0,5.012531,0,0,91.97995,1.754386,0.2506266,0
2022-07-15 16:40:25,0,0,4.761905,0,0,93.48371,1.2531328,0,0
2022-07-15 16:40:24,0,0,5.25,0,0,92.75,1.25,0.5,0
2022-07-15 16:40:23,0,0,4.522613,0,0,92.96482,1.0050251,0.2512563,0.2512563
2022-07-15 16:40:22,0,0,4.975124,0.4975124,0,91.79104,2.487562,0,0
2022-07-15 16:40:21,0,0,4.292929,0,0,93.68687,1.5151515,0,0
2022-07-15 16:40:20,0,0,5,0.25,0,92.75,1.25,0.5,0
2022-07-15 16:40:19,0,0,4.761905,0.2506266,0,92.73183,1.754386,0.2506266,0
2022-07-15 16:40:18,0,0,4.726368,0.2487562,0,93.28358,1.4925373,0,0
2022-07-15 16:40:17,0,0,5.012531,0,0,93.48371,1.0025063,0.2506266,0
2022-07-15 16:40:16,0,0,4.71464,0,0,92.80397,1.736973,0.248139,0
2022-07-15 16:40:15,0,0,4.773869,0.2512563,0,93.71859,0.7537688,0.2512563,0
2022-07-15 16:40:14,0,0,5.472637,0.4975124,0,91.29353,1.741294,0,0
2022-07-15 16:40:13,0,0,4.25,0,0,93.5,1.25,0.25,0
2022-07-15 16:40:12,0,0,5.513784,0.5012531,0,90.22556,1.0025063,0.2506266,0.2506266
2022-07-15 16:40:11,0,0,4.030227,0,0,93.95466,1.511335,0,0
2022-07-15 16:40:10,0,0,4.950495,0.2475248,0,92.82178,0.990099,0.4950495,0.2475248
2022-07-15 16:40:09,0,0,4.773869,0.2512563,0,93.21608,1.2562814,0.2512563,0
2022-07-15 16:40:08,0,0,4.761905,0.5012531,0,93.48371,1.0025063,0,0
2022-07-15 16:40:07,0,0,4.987531,0,0,92.5187,1.2468828,0.2493766,0
2022-07-15 16:40:06,0,0,5.012531,0.2506266,0,93.23308,1.2531328,0,0
2022-07-15 16:40:05,0,0,5.223881,0.4975124,0,91.54229,1.4925373,0.2487562,0.2487562
2022-07-15 16:40:04,0,0,4.962779,0.248139,0,93.30025,0.9925558,0.248139,0
2022-07-15 16:40:03,0,0,5.050505,0.2525253,0,93.43434,1.2626263,0,0
2022-07-15 16:40:02,0,0,4.975124,0.2487562,0,93.03483,0.9950249,0.2487562,0
2022-07-15 16:40:01,0,0,4.738155,0,0,91.27182,1.745636,0.7481297,0.2493766
2022-07-15 16:40:00,0,0,4.260652,0.2506266,0,92.98246,1.754386,0,0
2022-07-15 16:39:59,0,0,4.773869,0,0,93.21608,1.2562814,0.5025126,0
2022-07-15 16:39:58,0,0,4.773869,0,0,92.96482,1.5075377,0.2512563,0
2022-07-15 16:39:57,0,0,5.263158,0.2506266,0,90.97744,1.754386,0.2506266,0
2022-07-15 16:39:56,0,0,4.260652,0.2506266,0,94.73684,0.7518797,0,0
2022-07-15 16:39:55,0,0,4.477612,0.2487562,0,93.78109,0.4975124,0.4975124,0
2022-07-15 16:39:54,0,0,5,0,0,93.5,1.25,0,0
2022-07-15 16:39:53,0,0,4.488778,0,0,93.51621,1.2468828,0.4987531,0
2022-07-15 16:39:52,0,0,5.050505,0,0,92.67677,1.767677,0,0
2022-07-15 16:39:51,0,0,4.785894,0.2518892,0,93.45088,1.0075567,0.2518892,0
2022-07-15 16:39:50,0,0,4.738155,0.2493766,0,93.01746,1.4962594,0.2493766,0
2022-07-15 16:39:49,0,0,5.012531,0,0,93.23308,1.5037594,0,0
2022-07-15 16:39:48,0,0,4.738155,0,0,93.26683,1.2468828,0.2493766,0
2022-07-15 16:39:47,0,0,5,0,0,93.5,1,0.25,0
2022-07-15 16:39:46,0,0,5.25,0.5,0,91.5,2,0.25,0.25
2022-07-15 16:39:45,0,0,4.260652,0.2506266,0,93.73434,1.2531328,0,0
2022-07-15 16:39:44,0,0,5,0.25,0,92.25,1.75,0.25,0
2022-07-15 16:39:43,0,0,4.477612,0.2487562,0,93.03483,1.99005,0,0
2022-07-15 16:39:42,0,0,5,0.25,0,93.25,1,0.25,0
2022-07-15 16:39:41,0,0,5.037783,0.5037783,0,92.44332,1.511335,0,0
2022-07-15 16:39:40,0,0,4.738155,0.2493766,0,92.01995,1.995012,0.4987531,0
2022-07-15 16:39:39,0,0,5,0.25,0,92.75,1.75,0,0
2022-07-15 16:39:38,0,0,4.761905,0.2506266,0,93.23308,1.2531328,0.2506266,0
2022-07-15 16:39:37,0,0,4.975124,0.2487562,0,93.28358,1.4925373,0,0
2022-07-15 16:39:36,0,0,4.5,0.25,0,92.75,1.5,0.25,0
2022-07-15 16:39:35,0,0,6.218905,0,0,89.801,1.2437811,0.4975124,1.2437811
2022-07-15 16:39:34,0,0,2.763819,0.2512563,0,94.72362,1.5075377,0,0
2022-07-15 16:39:33,0,0,4.5,0.5,0,93,1.25,0.25,0
2022-07-15 16:39:32,0,0,4.75,0,0,93.25,1.75,0,0
2022-07-15 16:39:31,0,0,4.511278,0.7518797,0,91.97995,1.754386,0.2506266,0
2022-07-15 16:39:30,0,0,4.761905,0,0,92.4812,1.2531328,0,0.2506266
2022-07-15 16:39:29,0,0,4.488778,0,0,92.76808,2.493766,0,0
2022-07-15 16:39:28,0,0,4.25,0.25,0,92.5,2,0.25,0
2022-07-15 16:39:27,0,0,5,0.25,0,93.5,0.75,0.25,0
2022-07-15 16:39:26,0,0,4.239401,0.2493766,0,93.26683,1.4962594,0.2493766,0
2022-07-15 16:39:25,0,0,4.773869,0,0,93.71859,1.2562814,0,0
2022-07-15 16:39:24,0,0,4.785894,0.2518892,0,92.69521,1.0075567,0.7556675,0.2518892
2022-07-15 16:39:23,0,0,4.488778,0,0,93.76559,0.9975062,0.2493766,0
2022-07-15 16:39:22,0,0,4.785894,0.2518892,0,93.45088,1.0075567,0.2518892,0
2022-07-15 16:39:21,0,0,4.5,0.25,0,92.25,1.75,0.25,0
2022-07-15 16:39:20,0,0,4.761905,0,0,92.4812,2.005013,0.5012531,0
2022-07-15 16:39:19,0,0,5.25,0.5,0,91.75,1.5,0,0
2022-07-15 16:39:18,0,0,3.5,0,0,94.75,0.5,0.5,0
2022-07-15 16:39:17,0,0,5,0,0,92,2.75,0,0
2022-07-15 16:39:16,0,0,4.25,0.25,0,93.5,1.5,0.25,0
2022-07-15 16:39:15,0,0,4.75,0,0,93,1.75,0.25,0
2022-07-15 16:39:14,0,0,4.5,0,0,93.25,1.5,0.25,0
2022-07-15 16:39:13,0,0,4.522613,0.2512563,0,93.46734,1.2562814,0,0
2022-07-15 16:39:12,0,0,4.975124,0.2487562,0,93.28358,0.9950249,0.2487562,0
2022-07-15 16:39:11,0,0,4.282116,0.5037783,0,93.19899,1.2594458,0,0
2022-07-15 16:39:10,0,0,4.738155,0.2493766,0,92.26933,1.745636,0.2493766,0
2022-07-15 16:39:09,0,0,4.477612,0,0,94.27861,0.7462687,0.2487562,0
2022-07-15 16:39:08,0,0,5.263158,0,0,92.4812,1.2531328,0.2506266,0
2022-07-15 16:39:07,0,0,3.5,0,0,94.75,1,0.25,0
2022-07-15 16:39:06,0,0,4.75,0.25,0,92.75,1.5,0.25,0
2022-07-15 16:39:05,0,0,5.289673,0,0,92.9471,1.2594458,0,0
2022-07-15 16:39:04,0,0,5.236908,0.2493766,0,91.77057,1.995012,0,0
2022-07-15 16:39:03,0,0,3.731343,0,0,94.27861,1.2437811,0.2487562,0
2022-07-15 16:39:02,0,0,4.271357,0,0,94.22111,1.0050251,0.2512563,0
2022-07-15 16:39:01,0,0,5.025126,0.5025126,0,92.46231,1.5075377,0.2512563,0
2022-07-15 16:39:00,0,0,4.25,0,0,92.75,2,0.5,0
2022-07-15 16:38:59,0,0,4.511278,0.2506266,0,93.73434,0.7518797,0.2506266,0
2022-07-15 16:38:58,0,0,5.012531,0,0,92.73183,2.005013,0,0
2022-07-15 16:38:57,0,0,4.511278,0.2506266,0,92.73183,1.754386,0.2506266,0
2022-07-15 16:38:56,0,0,4.75,0,0,93.25,1.75,0,0
2022-07-15 16:38:55,0,0,4.271357,0.5025126,0,92.96482,1.5075377,0.2512563,0
2022-07-15 16:38:54,0,0,4.75,0.25,0,93.25,1,0.25,0.25
2022-07-15 16:38:53,0,0,4.75,0,0,93.5,1.5,0,0
2022-07-15 16:38:52,0,0,4.822335,0,0,91.11675,1.5228426,0,1.77665
2022-07-15 16:38:51,0,0,4.25,0.25,0,93,1.75,0.25,0
2022-07-15 16:38:50,0,0,4.228856,0,0,93.53234,1.2437811,0.2487562,0
2022-07-15 16:38:49,0,0,4.987531,0.2493766,0,92.5187,1.745636,0.4987531,0
2022-07-15 16:38:48,0,0,4.522613,0,0,93.71859,1.2562814,0,0
2022-07-15 16:38:47,0,0,4.75,0,0,93,1.25,0.25,0
2022-07-15 16:38:46,0,0,4.75,0.25,0,93.5,1.25,0,0
2022-07-15 16:38:45,0,0,4.75,0.25,0,93.75,1,0,0
2022-07-15 16:38:44,0,0,4.738155,0.4987531,0,92.76808,1.4962594,0.2493766,0
2022-07-15 16:38:43,0,0,4.5,0.25,0,93.5,1.25,0.25,0
2022-07-15 16:38:42,0,0,7.035176,0.2512563,0,88.44221,2.512563,0.5025126,0.2512563
2022-07-15 16:38:41,0,0,2.75,0.25,0,94.75,1.25,0.25,0
2022-07-15 16:38:40,0,0,4.260652,0.2506266,0,92.73183,2.005013,0,0
2022-07-15 16:38:39,0,0,4.975124,0.7462687,0,92.28856,1.4925373,0.2487562,0
2022-07-15 16:38:38,0,0,4.010025,0,0,93.48371,1.5037594,0.2506266,0
2022-07-15 16:38:37,0,0,5.012531,0.2506266,0,90.97744,1.754386,0,0.7518797
2022-07-15 16:38:36,0,0,3.740648,0.2493766,0,94.01496,1.4962594,0,0
2022-07-15 16:38:35,0,0,4.738155,0,0,93.76559,0.7481297,0.2493766,0
2022-07-15 16:38:34,0,0,4.522613,0.2512563,0,93.46734,1.5075377,0,0
2022-07-15 16:38:33,0,0,4.738155,0.2493766,0,93.51621,1.2468828,0,0
2022-07-15 16:38:32,0,0,4.5,0,0,93.25,1.75,0,0
2022-07-15 16:38:31,0,0,4.79798,0.2525253,0,93.18182,1.010101,0,0
2022-07-15 16:38:30,0,0,4.75,0,0,93.75,1,0,0
2022-07-15 16:38:29,0,0,4.785894,0.2518892,0,91.68766,2.267003,0.5037783,0
2022-07-15 16:38:28,0,0,4.738155,0.2493766,0,93.51621,0.9975062,0,0
2022-07-15 16:38:27,0,0,4.282116,0.2518892,0,93.45088,1.2594458,0.2518892,0
2022-07-15 16:38:26,0,0,5.735661,0.2493766,0,92.26933,1.2468828,0.2493766,0
2022-07-15 16:38:25,0,0,3.25,0.25,0,94.25,1,0.25,0
2022-07-15 16:38:24,0,0,4.75,0,0,93.75,1,0.25,0
2022-07-15 16:38:23,0,0,4.534005,0.2518892,0,93.45088,1.2594458,0.2518892,0
2022-07-15 16:38:22,0,0,4.75,0.25,0,93.75,1,0,0
2022-07-15 16:38:21,0,0,4.738155,0.2493766,0,92.26933,1.745636,0.2493766,0
2022-07-15 16:38:20,0,0,4.239401,0.2493766,0,94.26434,0.9975062,0,0
2022-07-15 16:38:19,0,0,5,0.25,0,92.25,1.75,0.25,0
2022-07-15 16:38:18,0,0,4.218362,0.248139,0,94.2928,0.9925558,0,0
2022-07-15 16:38:17,0,0,4.761905,0.2506266,0,91.97995,2.255639,0.2506266,0
2022-07-15 16:38:16,0,0,5.276382,0,0,93.21608,1.2562814,0,0
2022-07-15 16:38:15,0,0,4.218362,0,0,91.81141,1.985112,0.4962779,0.248139
2022-07-15 16:38:14,0,0,4.271357,0.2512563,0,93.96985,1.2562814,0,0
2022-07-15 16:38:13,0,0,3.990025,0.4987531,0,94.01496,0.9975062,0.2493766,0
2022-07-15 16:38:12,0,0,4.975124,0,0,92.78607,1.4925373,0.2487562,0
2022-07-15 16:38:11,0,0,5.276382,0.5025126,0,89.94975,2.01005,0.2512563,1.0050251
2022-07-15 16:38:10,0,0,3.241895,0,0,95.51122,0.9975062,0,0
2022-07-15 16:38:09,0,0,4.987531,0.2493766,0,92.5187,1.4962594,0.4987531,0
2022-07-15 16:38:08,0,0,4.010025,0,0,94.73684,1.0025063,0,0
2022-07-15 16:38:07,0,0,5.223881,0.2487562,0,92.78607,1.2437811,0.2487562,0
2022-07-15 16:38:06,0,0,4.239401,0.2493766,0,93.76559,1.2468828,0.2493766,0
2022-07-15 16:38:05,0,0,5.25,0.25,0,93,1.5,0,0
2022-07-15 16:38:04,0,0,4.761905,0,0,92.73183,2.005013,0,0
2022-07-15 16:38:03,0,0,3.990025,0,0,93.26683,1.745636,0.2493766,0
2022-07-15 16:38:02,0,0,4.975124,0.2487562,0,93.28358,0.9950249,0.2487562,0
2022-07-15 16:38:01,0,0,4.260652,0,0,93.48371,1.2531328,0.2506266,0.2506266
2022-07-15 16:38:00,0,0,5,0.25,0,92.25,2,0.25,0
2022-07-15 16:37:59,0,0,5,0.25,0,92,1.5,0.25,0
2022-07-15 16:37:58,0,0,3.508772,0,0,93.73434,2.255639,0.2506266,0
2022-07-15 16:37:57,0,0,5.012531,0.5012531,0,92.23058,1.5037594,0,0
2022-07-15 16:37:56,0,0,4.260652,0.2506266,0,92.73183,2.005013,0.2506266,0
2022-07-15 16:37:55,0,0,4.773869,0.2512563,0,93.46734,1.2562814,0.2512563,0
2022-07-15 16:37:54,0,0,4.71464,0,0,93.05211,1.4888337,0.248139,0
2022-07-15 16:37:53,0,0,4.488778,0.4987531,0,93.01746,1.745636,0,0
2022-07-15 16:37:52,0,0,4.522613,0,0,93.96985,1.2562814,0.2512563,0
2022-07-15 16:37:51,0,0,4.477612,0.2487562,0,92.78607,0.9950249,0.2487562,0.2487562
2022-07-15 16:37:50,0,0,5,0,0,93,1.5,0,0
2022-07-15 16:37:49,0,0,5.30303,0.2525253,0,90.15152,2.020202,0.2525253,1.2626263
2022-07-15 16:37:48,0,0,3.225806,0,0,95.03722,0.9925558,0,0
2022-07-15 16:37:47,0,0,5.025126,0.2512563,0,92.96482,1.2562814,0.2512563,0
2022-07-15 16:37:46,0,0,4.5,0.25,0,93.25,1.5,0.25,0
2022-07-15 16:37:45,0,0,4.773869,0,0,93.71859,1.2562814,0,0
2022-07-15 16:37:44,0,0,5,0.5,0,92.5,1,0,0.25
2022-07-15 16:37:43,0,0,4.239401,0,0,94.26434,0.9975062,0.2493766,0
2022-07-15 16:37:42,0,0,4.761905,0.2506266,0,93.48371,1.2531328,0.2506266,0
2022-07-15 16:37:41,0,0,4.75,0.25,0,92.5,1.75,0.25,0
2022-07-15 16:37:40,0,0,4.511278,0,0,94.23559,1.0025063,0,0
2022-07-15 16:37:39,0,0,4.477612,0.2487562,0,93.78109,0.9950249,0.2487562,0
2022-07-15 16:37:38,0,0,4.987531,0.2493766,0,92.5187,1.995012,0,0
2022-07-15 16:37:37,0,0,4.522613,0,0,93.71859,1.5075377,0,0
2022-07-15 16:37:36,0,0,4.761905,0.2506266,0,92.73183,1.2531328,0.2506266,0
2022-07-15 16:37:35,0,0,4.5,0,0,93.5,1.5,0.25,0
2022-07-15 16:37:34,0,0,4.761905,0,0,93.73434,1.2531328,0,0
2022-07-15 16:37:33,0,0,5.459057,0.248139,0,92.05955,1.736973,0,0
2022-07-15 16:37:32,0,0,3.535354,0,0,94.94949,0.7575758,0,0
2022-07-15 16:37:31,0,0,4.477612,0,0,93.53234,0.9950249,0.4975124,0
2022-07-15 16:37:30,0,0,4.75,0.25,0,93.5,1,0.25,0
2022-07-15 16:37:29,0,0,4.511278,0.2506266,0,92.98246,1.5037594,0.2506266,0
2022-07-15 16:37:28,0,0,4.726368,0.2487562,0,93.53234,0.7462687,0.2487562,0
2022-07-15 16:37:27,0,0,4.477612,0.2487562,0,93.78109,0.9950249,0.2487562,0
2022-07-15 16:37:26,0,0,4.773869,0.2512563,0,92.21106,2.01005,0,0
2022-07-15 16:37:25,0,0,4.534005,0,0,93.95466,1.0075567,0.2518892,0
2022-07-15 16:37:24,0,0,4.260652,0,0,93.23308,1.754386,0.2506266,0
2022-07-15 16:37:23,0,0,5.223881,0.2487562,0,92.28856,1.4925373,0.2487562,0
2022-07-15 16:37:22,0,0,4.726368,0.2487562,0,92.0398,1.741294,0.2487562,0
2022-07-15 16:37:21,0,0,3.535354,0.5050505,0,93.18182,2.020202,0,0
2022-07-15 16:37:20,0,0,5,0.25,0,93.25,1,0.25,0
2022-07-15 16:37:19,0,0,4.522613,0,0,94.47236,0.5025126,0.2512563,0
2022-07-15 16:37:18,0,0,5.223881,0,0,92.53731,1.2437811,0.2487562,0.2487562
2022-07-15 16:37:17,0,0,4.260652,0.2506266,0,93.23308,1.5037594,0,0.2506266
2022-07-15 16:37:16,0,0,4.455446,0.2475248,0,92.57426,1.4851485,0.2475248,0.2475248
2022-07-15 16:37:15,0,0,4.511278,0,0,93.23308,1.5037594,0.2506266,0
2022-07-15 16:37:14,0,0,4.75,0,0,93.5,1.5,0,0
2022-07-15 16:37:13,0,0,4.477612,0.4975124,0,92.78607,1.4925373,0.2487562,0
2022-07-15 16:37:12,0,0,4.773869,0,0,92.46231,1.758794,0.2512563,0
2022-07-15 16:37:11,0,0,4.260652,0.2506266,0,93.48371,1.5037594,0.2506266,0
2022-07-15 16:37:10,0,0,4.975124,0,0,92.53731,1.99005,0.2487562,0
2022-07-15 16:37:09,0,0,4.522613,0.5025126,0,93.46734,1.0050251,0.2512563,0
2022-07-15 16:37:08,0,0,4.271357,0,0,92.96482,2.01005,0,0
2022-07-15 16:37:07,0,0,4.975124,0.4975124,0,92.28856,1.741294,0.2487562,0
2022-07-15 16:37:06,0,0,4.987531,0.2493766,0,91.27182,2.493766,0.2493766,0
2022-07-15 16:37:05,0,0,3.768844,0.2512563,0,93.71859,1.758794,0,0
2022-07-15 16:37:04,0,0,4.218362,0.248139,0,93.05211,1.736973,0.248139,0
2022-07-15 16:37:03,0,0,5.012531,0.2506266,0,92.4812,1.5037594,0.2506266,0.2506266
2022-07-15 16:37:02,0,0,4.260652,0,0,94.48622,0.7518797,0.2506266,0
2022-07-15 16:37:01,0,0,5.025126,0,0,92.46231,1.5075377,0,0
2022-07-15 16:37:00,0,0,4.228856,0.2487562,0,93.53234,1.4925373,0.2487562,0
2022-07-15 16:36:59,0,0,4.975124,0,0,93.78109,0.9950249,0.2487562,0
2022-07-15 16:36:58,0,0,4.556962,0.2531646,0,93.92405,1.0126582,0,0
2022-07-15 16:36:57,0,0,4.488778,0,0,93.76559,0.9975062,0.2493766,0
2022-07-15 16:36:56,0,0,5.486284,0.4987531,0,91.77057,1.745636,0,0
2022-07-15 16:36:55,0,0,3.778338,0,0,91.93955,1.763224,0.2518892,1.2594458
2022-07-15 16:36:54,0,0,4.010025,0.2506266,0,94.23559,1.0025063,0,0
2022-07-15 16:36:53,0,0,4.975124,0,0,92.53731,1.741294,0,0.2487562
2022-07-15 16:36:52,0,0,4.25,0,0,93.5,1.5,0.25,0
2022-07-15 16:36:51,0,0,5.012531,0,0,90.97744,1.2531328,0,1.754386
2022-07-15 16:36:50,0,0,4.010025,0.2506266,0,94.23559,1.0025063,0,0
2022-07-15 16:36:49,0,0,4.5,0.25,0,93.25,1,0.5,0
2022-07-15 16:36:48,0,0,4.761905,0.2506266,0,92.73183,1.2531328,0.2506266,0
2022-07-15 16:36:47,0,0,4.5,0.25,0,93.25,1.75,0,0
2022-07-15 16:36:46,0,0,4.477612,0.2487562,0,93.78109,1.2437811,0,0
2022-07-15 16:36:45,0,0,5,0,0,93.75,0.75,0.25,0
2022-07-15 16:36:44,0,0,4.271357,0.2512563,0,94.22111,1.0050251,0,0
2022-07-15 16:36:43,0,0,5,0.25,0,92.75,1.5,0.25,0
2022-07-15 16:36:42,0,0,4.282116,0,0,93.70277,1.511335,0,0
2022-07-15 16:36:41,0,0,4.773869,0,0,92.46231,1.5075377,0.5025126,0
2022-07-15 16:36:40,0,0,5.955335,0.4962779,0,91.067,1.736973,0.248139,0
2022-07-15 16:36:39,0,0,4.060914,0,0,92.8934,1.0152284,0.2538071,1.0152284
2022-07-15 16:36:38,0,0,3.9801,0.2487562,0,94.52736,0.9950249,0,0
2022-07-15 16:36:37,0,0,4.25,0,0,94,1.5,0,0
2022-07-15 16:36:36,0,0,5,0.25,0,92.25,2,0.25,0
2022-07-15 16:36:35,0,0,4.25,0.25,0,94,1,0.25,0
2022-07-15 16:36:34,0,0,5.037783,0,0,93.19899,1.511335,0,0
2022-07-15 16:36:33,0,0,4.25,0,0,93.5,1.75,0.25,0
2022-07-15 16:36:32,0,0,4.75,0.5,0,93.25,1,0.25,0
2022-07-15 16:36:31,0,0,4.75,0,0,93.5,1,0.25,0
2022-07-15 16:36:30,0,0,5.5,0.5,0,91.5,1.75,0,0
2022-07-15 16:36:29,0,0,4.488778,0,0,93.01746,1.4962594,0.2493766,0
2022-07-15 16:36:28,0,0,3.759398,0.2506266,0,94.48622,0.7518797,0.2506266,0
2022-07-15 16:36:27,0,0,4.522613,0.2512563,0,93.71859,0.7537688,0.5025126,0
2022-07-15 16:36:26,0,0,4.987531,0.4987531,0,92.76808,1.4962594,0,0
2022-07-15 16:36:25,0,0,5.050505,0,0,93.43434,0.7575758,0.2525253,0
2022-07-15 16:36:24,0,0,4,0.25,0,93.75,1.25,0.25,0
2022-07-15 16:36:23,0,0,4.260652,0.2506266,0,94.73684,0.5012531,0,0
2022-07-15 16:36:22,0,0,4.987531,0.2493766,0,92.5187,1.2468828,0.2493766,0
2022-07-15 16:36:21,0,0,4.488778,0,0,93.01746,1.2468828,0.2493766,0.2493766
2022-07-15 16:36:20,0,0,4.5,0,0,93.25,1.5,0,0
2022-07-15 16:36:19,0,0,4.761905,0.5012531,0,92.98246,1.5037594,0.2506266,0
2022-07-15 16:36:18,0,0,4.522613,0,0,93.96985,1.2562814,0,0
2022-07-15 16:36:17,0,0,5,0.25,0,93,1.25,0.25,0
2022-07-15 16:36:16,0,0,4.25,0,0,94,1.5,0,0
2022-07-15 16:36:15,0,0,5.012531,0,0,93.23308,0.7518797,0.5012531,0
2022-07-15 16:36:14,0,0,4.5,0,0,93.75,1.5,0.25,0
2022-07-15 16:36:13,0,0,6,0,0,91,1.75,0.25,0
2022-07-15 16:36:12,0,0,3.768844,0.2512563,0,94.22111,1.2562814,0.2512563,0
2022-07-15 16:36:11,0,0,3.990025,0.2493766,0,93.51621,1.4962594,0,0
2022-07-15 16:36:10,0,0,4.75,0.25,0,92,1.5,0.75,0.25
2022-07-15 16:36:09,0,0,4.511278,0.2506266,0,93.48371,1.5037594,0,0
2022-07-15 16:36:08,0,0,4.522613,0.2512563,0,92.46231,2.01005,0.2512563,0
2022-07-15 16:36:07,0,0,4.773869,0,0,92.96482,1.758794,0,0
2022-07-15 16:36:06,0,0,4.738155,0,0,93.26683,1.4962594,0.4987531,0
2022-07-15 16:36:05,0,0,5,0.25,0,92,1.5,0.25,0
2022-07-15 16:36:04,0,0,4.738155,0.2493766,0,93.51621,0.9975062,0.2493766,0
2022-07-15 16:36:03,0,0,5.012531,0.5012531,0,92.4812,1.0025063,0.2506266,0
2022-07-15 16:36:02,0,0,3.990025,0,0,91.5212,1.995012,0.2493766,1.2468828
2022-07-15 16:36:01,0,0,4.303797,0,0,93.92405,1.5189873,0,0
2022-07-15 16:36:00,0,0,4.761905,0,0,92.98246,1.2531328,0.2506266,0
2022-07-15 16:35:59,0,0,4.987531,0.2493766,0,92.01995,2.244389,0,0
2022-07-15 16:35:58,0,0,4.534005,0.2518892,0,92.69521,1.0075567,0.2518892,0
2022-07-15 16:35:57,0,0,4.534005,0,0,93.95466,1.2594458,0,0
2022-07-15 16:35:56,0,0,4.488778,0,0,93.26683,1.2468828,0.4987531,0
2022-07-15 16:35:55,0,0,4.522613,0.2512563,0,92.71357,1.758794,0.2512563,0
2022-07-15 16:35:54,0,0,4.75,0,0,93.25,1.75,0,0
2022-07-15 16:35:53,0,0,4.25,0.25,0,94,0.75,0.25,0
2022-07-15 16:35:52,0,0,5,0,0,93.75,1,0,0
2022-07-15 16:35:51,0,0,4.75,0.25,0,92.25,1.5,0.25,0.25
2022-07-15 16:35:50,0,0,4.75,0.5,0,92.75,1.5,0.25,0
2022-07-15 16:35:49,0,0,4.477612,0.4975124,0,93.28358,1.4925373,0,0
2022-07-15 16:35:48,0,0,4.75,0.25,0,93.25,1.25,0.25,0
2022-07-15 16:35:47,0,0,5.263158,0.2506266,0,92.23058,1.5037594,0,0
2022-07-15 16:35:46,0,0,4.75,0.25,0,92.5,1.5,0.25,0.25
2022-07-15 16:35:45,0,0,3.9801,0,0,92.28856,2.238806,0.2487562,0.2487562
2022-07-15 16:35:44,0,0,4.260652,0.2506266,0,93.98496,1.2531328,0.2506266,0
2022-07-15 16:35:43,0,0,4.975124,0.2487562,0,92.53731,1.2437811,0.2487562,0.2487562
2022-07-15 16:35:42,0,0,4.726368,0,0,93.03483,1.2437811,0.2487562,0
2022-07-15 16:35:41,0,0,4.522613,0.2512563,0,92.46231,2.01005,0,0
2022-07-15 16:35:40,0,0,4.761905,0,0,93.48371,1.5037594,0.2506266,0
2022-07-15 16:35:39,0,0,5.459057,0.248139,0,92.30769,1.4888337,0.248139,0
2022-07-15 16:35:38,0,0,4.738155,0.2493766,0,93.26683,1.2468828,0.2493766,0
2022-07-15 16:35:37,0,0,5.263158,0.2506266,0,91.72932,1.5037594,0,0
2022-07-15 16:35:36,0,0,4.25,0,0,94.25,1.25,0,0
2022-07-15 16:35:35,0,0,4.020101,0,0,93.71859,1.2562814,0.2512563,0
2022-07-15 16:35:34,0,0,4.477612,0,0,94.27861,0.4975124,0.2487562,0
2022-07-15 16:35:33,0,0,4.773869,0.5025126,0,92.96482,1.5075377,0,0
2022-07-15 16:35:32,0,0,4.726368,0.2487562,0,92.78607,1.4925373,0,0
2022-07-15 16:35:31,0,0,4.25,0,0,94.5,1,0,0
2022-07-15 16:35:30,0,0,4.5,0.5,0,93.75,0.75,0,0.25
2022-07-15 16:35:29,0,0,4.71464,0,0,93.54839,1.2406948,0.248139,0
2022-07-15 16:35:28,0,0,4.79798,0,0,93.68687,1.2626263,0,0
2022-07-15 16:35:27,0,0,4.5,0.25,0,93.25,1.5,0.25,0
2022-07-15 16:35:26,0,0,4.75,0.25,0,92.5,1.75,0.25,0
2022-07-15 16:35:25,0,0,4.5,0.25,0,93.75,1,0.25,0
2022-07-15 16:35:24,0,0,4.75,0.25,0,92.75,2,0,0
2022-07-15 16:35:23,0,0,4.5,0.5,0,93.25,1,0.5,0
2022-07-15 16:35:22,0,0,4.761905,0,0,93.73434,1.0025063,0,0
2022-07-15 16:35:21,0,0,4.534005,0,0,93.19899,1.2594458,0.2518892,0
2022-07-15 16:35:20,0,0,6.030151,0.2512563,0,90.70352,1.758794,0,0
2022-07-15 16:35:19,0,0,3.5,0.5,0,94.5,1,0.25,0
2022-07-15 16:35:18,0,0,4,0,0,93.5,1.75,0.25,0
2022-07-15 16:35:17,0,0,4.488778,0.2493766,0,93.51621,1.2468828,0,0
2022-07-15 16:35:16,0,0,4.773869,0.2512563,0,93.96985,0.7537688,0.2512563,0
2022-07-15 16:35:15,0,0,4.25,0.25,0,90.75,4.25,0,0
2022-07-15 16:35:14,0,0,4.726368,0.4975124,0,92.78607,1.4925373,0.2487562,0
2022-07-15 16:35:13,0,0,4.785894,0,0,92.9471,1.511335,0.2518892,0
2022-07-15 16:35:12,0,0,4.5,0.25,0,93.75,1,0,0
2022-07-15 16:35:11,0,0,5.223881,0,0,90.79602,1.741294,0.2487562,1.4925373
2022-07-15 16:35:10,0,0,2.992519,0.2493766,0,92.76808,1.4962594,0,1.995012
2022-07-15 16:35:09,0,0,4.761905,0.2506266,0,91.72932,1.5037594,0.2506266,1.0025063
2022-07-15 16:35:08,0,0,4.218362,0,0,94.04467,1.2406948,0.248139,0
2022-07-15 16:35:07,0,0,4.477612,0.2487562,0,92.78607,1.99005,0,0
2022-07-15 16:35:06,0,0,5.486284,0.2493766,0,92.01995,1.745636,0.2493766,0
2022-07-15 16:35:05,0,0,4.239401,0.2493766,0,92.26933,1.4962594,0,0
2022-07-15 16:35:04,0,0,4.25,0,0,93.75,1.5,0.25,0
2022-07-15 16:35:03,0,0,4.75,0.25,0,93.5,1.5,0,0
2022-07-15 16:35:02,0,0,4.488778,0.2493766,0,92.76808,1.4962594,0.2493766,0
2022-07-15 16:35:01,0,0,5.050505,0,0,92.42424,2.020202,0,0
2022-07-15 16:35:00,0,0,4.239401,0,0,93.76559,1.2468828,0.2493766,0
2022-07-15 16:34:59,0,0,4.761905,0,0,93.23308,1.5037594,0,0
2022-07-15 16:34:58,0,0,4.75,0.5,0,93.25,1.25,0,0
2022-07-15 16:34:57,0,0,4.761905,0,0,93.23308,1.2531328,0.5012531,0
2022-07-15 16:34:56,0,0,4.5,0,0,93,1.75,0.25,0
2022-07-15 16:34:55,0,0,4.25,0.5,0,93.75,1.25,0,0
2022-07-15 16:34:54,0,0,5.236908,0,0,92.76808,1.4962594,0.2493766,0
2022-07-15 16:34:53,0,0,4.455446,0.4950495,0,89.60396,2.227723,0,2.227723
2022-07-15 16:34:52,0,0,4.260652,0.5012531,0,93.98496,0.7518797,0.2506266,0
2022-07-15 16:34:51,0,0,4.522613,0.2512563,0,93.21608,1.2562814,0,0
2022-07-15 16:34:50,0,0,4.975124,0.2487562,0,92.53731,1.2437811,0.2487562,0
2022-07-15 16:34:49,0,0,4.488778,0,0,93.76559,1.2468828,0.2493766,0
2022-07-15 16:34:48,0,0,4.773869,0.2512563,0,92.96482,1.5075377,0.2512563,0
2022-07-15 16:34:47,0,0,4.522613,0,0,93.96985,1.2562814,0,0
2022-07-15 16:34:46,0,0,4.511278,0.2506266,0,92.23058,2.255639,0.2506266,0
2022-07-15 16:34:45,0,0,4.975124,0.2487562,0,92.28856,1.4925373,0.4975124,0
2022-07-15 16:34:44,0,0,4.75,0,0,93.5,1,0,0.25
2022-07-15 16:34:43,0,0,5.19802,0.2475248,0,90.59406,2.475248,0.2475248,0.2475248
2022-07-15 16:34:42,0,0,3.258145,0.2506266,0,94.98747,0.7518797,0.2506266,0
2022-07-15 16:34:41,0,0,4.785894,0.2518892,0,92.19144,2.015113,0.2518892,0
2022-07-15 16:34:40,0,0,4.488778,0.2493766,0,93.51621,1.4962594,0,0
2022-07-15 16:34:39,0,0,5.025126,0.5025126,0,90.70352,2.01005,0.2512563,0
2022-07-15 16:34:38,0,0,4.25,0,0,93.75,1.5,0.25,0
2022-07-15 16:34:37,0,0,4.477612,0.2487562,0,93.78109,0.9950249,0.2487562,0
2022-07-15 16:34:36,0,0,4.773869,0.2512563,0,93.71859,1.0050251,0,0
2022-07-15 16:34:35,0,0,4.511278,0.2506266,0,93.48371,1.5037594,0,0
2022-07-15 16:34:34,0,0,4.488778,0,0,93.76559,0.9975062,0.2493766,0
2022-07-15 16:34:33,0,0,5.236908,0.2493766,0,92.01995,1.4962594,0.4987531,0
2022-07-15 16:34:32,0,0,4.020101,0.2512563,0,93.96985,1.2562814,0.2512563,0
2022-07-15 16:34:31,0,0,5.263158,0.2506266,0,93.48371,0.7518797,0,0
2022-07-15 16:34:30,0,0,4.239401,0.2493766,0,93.76559,1.2468828,0.2493766,0
2022-07-15 16:34:29,0,0,4.761905,0.2506266,0,92.73183,1.2531328,0.2506266,0
2022-07-15 16:34:28,0,0,4.75,0,0,93.5,1.5,0,0
2022-07-15 16:34:27,0,0,5.263158,0.2506266,0,92.23058,1.5037594,0.5012531,0
2022-07-15 16:34:26,0,0,3.75,0.5,0,92.75,1.5,0,0
2022-07-15 16:34:25,0,0,4.25,0,0,94.25,1.25,0,0
2022-07-15 16:34:24,0,0,4.726368,0.2487562,0,93.78109,0.2487562,0.4975124,0
2022-07-15 16:34:23,0,0,4.810127,0,0,93.41772,1.5189873,0,0
2022-07-15 16:34:22,0,0,4.726368,0.2487562,0,93.03483,1.4925373,0.2487562,0
2022-07-15 16:34:21,0,0,4.773869,0,0,92.96482,1.2562814,0,0
2022-07-15 16:34:20,0,0,4.260652,0.2506266,0,93.73434,1.5037594,0,0
2022-07-15 16:34:19,0,0,4.738155,0.4987531,0,93.01746,0.9975062,0.2493766,0
2022-07-15 16:34:18,0,0,5.955335,0,0,91.067,1.985112,0.248139,0.248139
2022-07-15 16:34:17,0,0,3.526448,0.2518892,0,94.71033,1.2594458,0,0
2022-07-15 16:34:16,0,0,4.75,0.25,0,91.75,2,0.25,0
2022-07-15 16:34:15,0,0,4.020101,0,0,94.72362,1.2562814,0,0
2022-07-15 16:34:14,0,0,5.236908,0.2493766,0,92.76808,1.4962594,0,0
2022-07-15 16:34:13,0,0,5.263158,0.2506266,0,91.97995,1.754386,0.2506266,0
2022-07-15 16:34:12,0,0,4.030227,0,0,93.19899,1.511335,0.2518892,0
2022-07-15 16:34:11,0,0,4.25,0.25,0,94,1,0,0
2022-07-15 16:34:10,0,0,4.75,0,0,93.75,1.25,0,0
2022-07-15 16:34:09,0,0,4.726368,0.4975124,0,93.03483,1.4925373,0,0
2022-07-15 16:34:08,0,0,4.511278,0,0,93.23308,1.5037594,0.5012531,0
2022-07-15 16:34:07,0,0,6.766917,0.2506266,0,90.47619,2.005013,0,0
2022-07-15 16:34:06,0,0,2.736318,0.2487562,0,95.52239,0.4975124,0.2487562,0.4975124
2022-07-15 16:34:05,0,0,5.75,0.25,0,92.5,1,0.25,0
2022-07-15 16:34:04,0,0,4.511278,0,0,93.48371,1.5037594,0,0
2022-07-15 16:34:03,0,0,5.025126,0.2512563,0,91.9598,2.01005,0.5025126,0
2022-07-15 16:34:02,0,0,4.477612,0.2487562,0,94.02985,0.4975124,0.2487562,0
2022-07-15 16:34:01,0,0,4.785894,0,0,92.69521,1.511335,0.2518892,0
2022-07-15 16:34:00,0,0,4.75,0.5,0,90.75,1.75,0,1.5
2022-07-15 16:33:59,0,0,3.75,0,0,95.75,0.5,0,0
2022-07-15 16:33:58,0,0,5.012531,0.2506266,0,91.72932,1.754386,0.5012531,0
2022-07-15 16:33:57,0,0,4.761905,0.2506266,0,92.73183,2.005013,0,0
2022-07-15 16:33:56,0,0,4.75,0,0,93.25,1.5,0,0
2022-07-15 16:33:55,0,0,4.5,0,0,93.5,1.25,0.25,0
2022-07-15 16:33:54,0,0,4.738155,0.2493766,0,93.01746,1.745636,0,0
2022-07-15 16:33:53,0,0,4.5,0.25,0,93,1.5,0.25,0
2022-07-15 16:33:52,0,0,4.488778,0.4987531,0,93.26683,0.9975062,0.2493766,0
2022-07-15 16:33:51,0,0,4.545455,0,0,91.66667,2.020202,0,1.2626263
2022-07-15 16:33:50,0,0,4.785894,0,0,92.9471,1.0075567,0.5037783,0
2022-07-15 16:33:49,0,0,3.740648,0.2493766,0,94.01496,1.2468828,0.2493766,0
2022-07-15 16:33:48,0,0,4.785894,0,0,93.19899,1.763224,0,0
2022-07-15 16:33:47,0,0,4.271357,0.2512563,0,92.96482,2.01005,0,0
2022-07-15 16:33:46,0,0,5.721393,0.2487562,0,91.04478,1.99005,0,0.2487562
2022-07-15 16:33:45,0,0,3.491272,0,0,94.51372,1.2468828,0,0
2022-07-15 16:33:44,0,0,4.75,0.5,0,91.25,2.75,0.25,0
2022-07-15 16:33:43,0,0,4.522613,0.2512563,0,93.46734,1.5075377,0,0
2022-07-15 16:33:42,0,0,4.271357,0,0,93.21608,2.01005,0.2512563,0
2022-07-15 16:33:41,0,0,5.012531,0,0,93.48371,1.0025063,0,0
2022-07-15 16:33:40,0,0,4.522613,0.2512563,0,93.21608,1.5075377,0.2512563,0
2022-07-15 16:33:39,0,0,4.738155,0.2493766,0,92.76808,1.745636,0.2493766,0
2022-07-15 16:33:38,0,0,4.522613,0.2512563,0,93.21608,1.758794,0,0
2022-07-15 16:33:37,0,0,4.738155,0.2493766,0,93.26683,1.4962594,0,0
2022-07-15 16:33:36,0,0,4.511278,0,0,93.48371,1.2531328,0.2506266,0
2022-07-15 16:33:35,0,0,4.511278,0.2506266,0,93.23308,1.5037594,0,0
2022-07-15 16:33:34,0,0,4.726368,0.2487562,0,92.28856,1.4925373,0.7462687,0
2022-07-15 16:33:33,0,0,4.987531,0.2493766,0,91.27182,1.2468828,0.2493766,1.2468828
2022-07-15 16:33:32,0,0,3.75,0.5,0,94,1,0.25,0
2022-07-15 16:33:31,0,0,5,0,0,93,1.5,0,0
2022-07-15 16:33:30,0,0,4.477612,0.2487562,0,93.28358,1.741294,0,0
2022-07-15 16:33:29,0,0,4.522613,0.2512563,0,93.46734,1.2562814,0.2512563,0
2022-07-15 16:33:28,0,0,4.726368,0.2487562,0,92.78607,1.4925373,0.2487562,0
2022-07-15 16:33:27,0,0,4.040404,0.2525253,0,94.19192,1.2626263,0,0
2022-07-15 16:33:26,0,0,5,0,0,92.5,2,0.25,0
2022-07-15 16:33:25,0,0,5.472637,0.2487562,0,92.53731,0.7462687,0,0
2022-07-15 16:33:24,0,0,4.260652,0.2506266,0,93.73434,1.0025063,0,0.2506266
2022-07-15 16:33:23,0,0,3.740648,0,0,94.51372,0.9975062,0.4987531,0
2022-07-15 16:33:22,0,0,4.534005,0.2518892,0,93.95466,0.7556675,0,0
2022-07-15 16:33:21,0,0,5.037783,0,0,93.19899,1.2594458,0,0
2022-07-15 16:33:20,0,0,4,0.25,0,93.75,1,0.5,0
2022-07-15 16:33:19,0,0,5.445545,0.4950495,0,91.08911,1.732673,0.2475248,0
2022-07-15 16:33:18,0,0,4.040404,0,0,93.93939,1.767677,0.2525253,0
2022-07-15 16:33:17,0,0,4.75,0.25,0,93.5,1,0,0
2022-07-15 16:33:16,0,0,4.738155,0,0,93.26683,1.2468828,0.2493766,0.2493766
2022-07-15 16:33:15,0,0,4.010025,0,0,94.48622,1.2531328,0,0
2022-07-15 16:33:14,0,0,5.276382,0.2512563,0,92.46231,1.5075377,0.2512563,0
2022-07-15 16:33:13,0,0,4.218362,0.248139,0,93.30025,1.4888337,0.248139,0
2022-07-15 16:33:12,0,0,4.773869,0.2512563,0,92.71357,1.5075377,0.2512563,0
2022-07-15 16:33:11,0,0,4.785894,0.5037783,0,91.93955,2.015113,0,0
2022-07-15 16:33:10,0,0,4.477612,0.2487562,0,92.0398,2.238806,0.2487562,0
2022-07-15 16:33:09,0,0,5,0.5,0,92,1.75,0.25,0
2022-07-15 16:33:08,0,0,4.522613,0,0,93.71859,1.2562814,0,0
2022-07-15 16:33:07,0,0,5.486284,0.2493766,0,91.5212,1.745636,0.4987531,0
2022-07-15 16:33:06,0,0,3.75,0.25,0,94.5,1.25,0,0
2022-07-15 16:33:05,0,0,5.263158,0.5012531,0,92.23058,1.2531328,0,0
2022-07-15 16:33:04,0,0,4.75,0.25,0,92.75,1.5,0.25,0
2022-07-15 16:33:03,0,0,4.271357,0,0,93.96985,1.5075377,0,0
2022-07-15 16:33:02,0,0,4.761905,0.2506266,0,93.48371,1.0025063,0.2506266,0
2022-07-15 16:33:01,0,0,4.522613,0.5025126,0,92.46231,2.01005,0,0
2022-07-15 16:33:00,0,0,4.70297,0.2475248,0,93.56436,0.7425743,0.2475248,0
2022-07-15 16:32:59,0,0,4.282116,0,0,93.95466,1.511335,0,0
2022-07-15 16:32:58,0,0,4.987531,0.2493766,0,90.52369,1.995012,0.2493766,1.2468828
2022-07-15 16:32:57,0,0,3.990025,0.2493766,0,93.01746,1.4962594,0.2493766,0.2493766
2022-07-15 16:32:56,0,0,4.239401,0.2493766,0,93.51621,1.4962594,0.2493766,0
2022-07-15 16:32:55,0,0,4.987531,0.2493766,0,93.01746,1.4962594,0,0
2022-07-15 16:32:54,0,0,4.260652,0,0,93.48371,2.005013,0,0
2022-07-15 16:32:53,0,0,5.472637,0,0,92.53731,1.2437811,0.2487562,0
2022-07-15 16:32:52,0,0,3.778338,0,0,92.69521,1.763224,0.2518892,0.2518892
2022-07-15 16:32:51,0,0,4.239401,0,0,93.51621,1.4962594,0.2493766,0
2022-07-15 16:32:50,0,0,4.761905,0.5012531,0,92.73183,1.754386,0,0
2022-07-15 16:32:49,0,0,4.511278,0,0,92.98246,1.754386,0.2506266,0
2022-07-15 16:32:48,0,0,4.726368,0.2487562,0,93.28358,0.9950249,0.2487562,0
2022-07-15 16:32:47,0,0,4.5,0,0,92.75,2.25,0.25,0
2022-07-15 16:32:46,0,0,4.534005,0,0,93.70277,1.0075567,0.2518892,0
2022-07-15 16:32:45,0,0,4.5,0.25,0,94,1.25,0,0
2022-07-15 16:32:44,0,0,4.738155,0.2493766,0,92.5187,1.745636,0.2493766,0
2022-07-15 16:32:43,0,0,4.511278,0,0,93.98496,1.2531328,0,0
2022-07-15 16:32:42,0,0,4.75,0,0,93.25,1.5,0,0
2022-07-15 16:32:41,0,0,4.761905,0,0,93.48371,1.0025063,0.2506266,0
2022-07-15 16:32:40,0,0,4.271357,0,0,93.46734,1.758794,0,0
2022-07-15 16:32:39,0,0,4.228856,0,0,94.02985,1.2437811,0,0
2022-07-15 16:32:38,0,0,4.726368,0.2487562,0,92.53731,1.741294,0.2487562,0
2022-07-15 16:32:37,0,0,5.527638,0,0,92.46231,1.5075377,0,0
2022-07-15 16:32:36,0,0,4.5,0,0,93.5,1.5,0.25,0
2022-07-15 16:32:35,0,0,4.738155,0.2493766,0,93.01746,1.2468828,0.4987531,0
2022-07-15 16:32:34,0,0,4.5,0,0,94,0.75,0.25,0
2022-07-15 16:32:33,0,0,4.522613,0.2512563,0,93.71859,1.2562814,0,0
2022-07-15 16:32:32,0,0,5.985037,0.2493766,0,90.77307,1.995012,0.2493766,0
2022-07-15 16:32:31,0,0,4.020101,0.2512563,0,93.46734,1.2562814,0,0.2512563
2022-07-15 16:32:30,0,0,3.75,0,0,94.5,1.25,0.25,0
2022-07-15 16:32:29,0,0,4.260652,0.2506266,0,92.73183,1.754386,0.2506266,0.2506266
2022-07-15 16:32:28,0,0,4.75,0.25,0,93.25,1.5,0,0
2022-07-15 16:32:27,0,0,4.522613,0.2512563,0,93.46734,1.0050251,0.2512563,0
2022-07-15 16:32:26,0,0,4.726368,0.2487562,0,91.29353,1.99005,0.2487562,0.2487562
2022-07-15 16:32:25,0,0,4.239401,0,0,93.51621,1.745636,0,0
2022-07-15 16:32:24,0,0,4.511278,0.2506266,0,92.98246,1.754386,0.2506266,0
2022-07-15 16:32:23,0,0,4.773869,0.2512563,0,93.21608,1.5075377,0,0
2022-07-15 16:32:22,0,0,4.5,0.25,0,92.5,2,0,0
2022-07-15 16:32:21,0,0,4.5,0.25,0,92.5,1.75,0.25,0
2022-07-15 16:32:20,0,0,4.785894,0,0,93.45088,1.511335,0,0
2022-07-15 16:32:19,0,0,4.522613,0.2512563,0,93.21608,1.5075377,0,0
2022-07-15 16:32:18,0,0,5.025126,0,0,93.46734,1.0050251,0.2512563,0
2022-07-15 16:32:17,0,0,4.488778,0.2493766,0,93.01746,1.4962594,0.2493766,0
2022-07-15 16:32:16,0,0,4.511278,0.2506266,0,93.48371,1.2531328,0.2506266,0
2022-07-15 16:32:15,0,0,4.975124,0,0,92.78607,1.741294,0.2487562,0
2022-07-15 16:32:14,0,0,4.773869,0.2512563,0,92.96482,1.0050251,0.2512563,0
2022-07-15 16:32:13,0,0,4.239401,0.2493766,0,93.76559,1.4962594,0,0
2022-07-15 16:32:12,0,0,4.25,0.25,0,93.5,1.75,0,0
2022-07-15 16:32:11,0,0,5,0,0,92.5,1.5,0.25,0
2022-07-15 16:32:10,0,0,4.511278,0.5012531,0,92.23058,2.255639,0.2506266,0
2022-07-15 16:32:09,0,0,4.239401,0.2493766,0,93.51621,1.2468828,0.2493766,0
2022-07-15 16:32:08,0,0,5.012531,0,0,92.23058,2.005013,0,0
2022-07-15 16:32:07,0,0,4.260652,0.2506266,0,93.98496,1.0025063,0,0
2022-07-15 16:32:06,0,0,4.488778,0.2493766,0,92.76808,1.995012,0.2493766,0
2022-07-15 16:32:05,0,0,5.486284,0.2493766,0,92.01995,0.9975062,0.2493766,0.2493766
2022-07-15 16:32:04,0,0,4.228856,0.2487562,0,93.03483,1.4925373,0.2487562,0
2022-07-15 16:32:03,0,0,4.020101,0.2512563,0,93.96985,1.2562814,0,0
2022-07-15 16:32:02,0,0,4.5,0.25,0,93,1.75,0.25,0
2022-07-15 16:32:01,0,0,4.303797,0,0,93.67089,1.5189873,0.2531646,0
2022-07-15 16:32:00,0,0,5.735661,0.2493766,0,92.5187,0.9975062,0.2493766,0
2022-07-15 16:31:59,0,0,3.258145,0,0,93.73434,1.0025063,0.5012531,0.5012531
2022-07-15 16:31:58,0,0,4.773869,0.2512563,0,92.96482,1.5075377,0,0
2022-07-15 16:31:57,0,0,4.511278,0.2506266,0,93.73434,1.0025063,0.2506266,0
2022-07-15 16:31:56,0,0,4.239401,0.2493766,0,93.26683,1.4962594,0.2493766,0
2022-07-15 16:31:55,0,0,5.025126,0.2512563,0,92.46231,1.2562814,0.2512563,0
2022-07-15 16:31:54,0,0,4.239401,0,0,94.01496,1.4962594,0.2493766,0
2022-07-15 16:31:53,0,0,5.012531,0.2506266,0,91.72932,2.255639,0.2506266,0
2022-07-15 16:31:52,0,0,4.488778,0.4987531,0,92.5187,1.995012,0.2493766,0
2022-07-15 16:31:51,0,0,4.534005,0,0,93.45088,1.2594458,0,0
2022-07-15 16:31:50,0,0,4.785894,0,0,93.45088,1.2594458,0.2518892,0
2022-07-15 16:31:49,0,0,4.239401,0.2493766,0,93.01746,1.745636,0.2493766,0
2022-07-15 16:31:48,0,0,5.276382,0,0,93.21608,1.2562814,0,0
2022-07-15 16:31:47,0,0,3.970223,0.4962779,0,93.30025,0.9925558,0.248139,0
2022-07-15 16:31:46,0,0,4.511278,0.5012531,0,92.98246,1.754386,0,0
2022-07-15 16:31:45,0,0,4.75,0,0,93.75,1,0,0
2022-07-15 16:31:44,0,0,4.75,0,0,93.5,1.25,0.25,0
2022-07-15 16:31:43,0,0,4.773869,0,0,92.71357,2.01005,0,0
2022-07-15 16:31:42,0,0,3.9801,0.4975124,0,93.53234,1.4925373,0.2487562,0
2022-07-15 16:31:41,0,0,5.263158,0,0,92.23058,1.5037594,0.2506266,0
2022-07-15 16:31:40,0,0,4.050633,0.2531646,0,93.92405,1.0126582,0.5063291,0
2022-07-15 16:31:39,0,0,5.5,0.5,0,90.25,2.5,0,0.25
2022-07-15 16:31:38,0,0,3.5,0.5,0,94,1.25,0.5,0
2022-07-15 16:31:37,0,0,4.260652,0.2506266,0,91.22807,2.005013,0.2506266,1.2531328
2022-07-15 16:31:36,0,0,4,0.25,0,93.75,1.25,0.25,0
2022-07-15 16:31:35,0,0,4.75,0,0,93.5,1.5,0,0
2022-07-15 16:31:34,0,0,4.761905,0.2506266,0,93.23308,1.2531328,0,0
2022-07-15 16:31:33,0,0,4.545455,0,0,92.42424,1.5151515,0,0.2525253
2022-07-15 16:31:32,0,0,4.962779,0.4962779,0,93.05211,0.9925558,0.248139,0
2022-07-15 16:31:31,0,0,4.477612,0.2487562,0,92.28856,2.238806,0.2487562,0
2022-07-15 16:31:30,0,0,4.292929,0.2525253,0,93.93939,1.2626263,0,0
2022-07-15 16:31:29,0,0,4.987531,0,0,93.01746,0.9975062,0.4987531,0
2022-07-15 16:31:28,0,0,4.488778,0.2493766,0,93.01746,1.2468828,0.2493766,0
2022-07-15 16:31:27,0,0,4.466501,0.248139,0,93.30025,1.2406948,0.4962779,0
2022-07-15 16:31:26,0,0,4.738155,0.4987531,0,93.51621,0.9975062,0,0
2022-07-15 16:31:25,0,0,4.271357,0,0,93.46734,1.758794,0.2512563,0
2022-07-15 16:31:24,0,0,4.738155,0,0,92.5187,1.995012,0.2493766,0
2022-07-15 16:31:23,0,0,4.511278,0.2506266,0,93.23308,1.2531328,0.2506266,0
2022-07-15 16:31:22,0,0,4.761905,0,0,93.48371,1.2531328,0.2506266,0
2022-07-15 16:31:21,0,0,5.236908,0.4987531,0,92.26933,0.7481297,0.2493766,0
2022-07-15 16:31:20,0,0,3.274559,0.2518892,0,94.96222,1.0075567,0,0
2022-07-15 16:31:19,0,0,4,0,0,94.5,1.25,0,0
2022-07-15 16:31:18,0,0,4.987531,0.2493766,0,93.01746,1.4962594,0,0
2022-07-15 16:31:17,0,0,4.726368,0,0,92.28856,1.4925373,0.4975124,0
2022-07-15 16:31:16,0,0,4.466501,0.248139,0,93.30025,1.736973,0,0
2022-07-15 16:31:15,0,0,4.738155,0.4987531,0,91.77057,1.995012,0.4987531,0
2022-07-15 16:31:14,0,0,4.511278,0,0,93.23308,1.754386,0.2506266,0
2022-07-15 16:31:13,0,0,4.761905,0.5012531,0,91.97995,2.255639,0.2506266,0
2022-07-15 16:31:12,0,0,4.5,0.25,0,92.5,1.5,0.25,0.25
2022-07-15 16:31:11,0,0,5.263158,0,0,91.97995,1.5037594,0.2506266,0
2022-07-15 16:31:10,0,0,3.508772,0.2506266,0,94.48622,1.2531328,0,0
2022-07-15 16:31:09,0,0,5,0.25,0,92.5,1.5,0.25,0
2022-07-15 16:31:08,0,0,4.522613,0.2512563,0,93.46734,1.2562814,0.2512563,0
2022-07-15 16:31:07,0,0,5.459057,0,0,90.57072,1.736973,0.248139,0.248139
2022-07-15 16:31:06,0,0,3.740648,0.4987531,0,93.76559,1.2468828,0.2493766,0
2022-07-15 16:31:05,0,0,4.79798,0.2525253,0,93.43434,1.2626263,0,0
2022-07-15 16:31:04,0,0,4.975124,0,0,93.03483,1.4925373,0,0
2022-07-15 16:31:03,0,0,4.260652,0.2506266,0,93.23308,1.754386,0.2506266,0
2022-07-15 16:31:02,0,0,4.987531,0.2493766,0,91.5212,2.493766,0.2493766,0
2022-07-15 16:31:01,0,0,4.534005,0,0,93.19899,1.763224,0,0
2022-07-15 16:31:00,0,0,4.738155,0,0,92.5187,1.995012,0.2493766,0
2022-07-15 16:30:59,0,0,4.738155,0.4987531,0,93.51621,0.9975062,0,0
2022-07-15 16:30:58,0,0,4.488778,0,0,93.51621,1.2468828,0.2493766,0
2022-07-15 16:30:57,0,0,5.223881,0,0,92.53731,1.4925373,0.2487562,0
2022-07-15 16:30:56,0,0,6.549118,0.2518892,0,91.43577,1.2594458,0.2518892,0.2518892
2022-07-15 16:30:55,0,0,3.960396,0,0,92.82178,1.980198,0.2475248,0.2475248
2022-07-15 16:30:54,0,0,3.5,0,0,95,0.75,0,0
2022-07-15 16:30:53,0,0,5.25,0.25,0,92,2,0.25,0
2022-07-15 16:30:52,0,0,4.260652,0.2506266,0,92.73183,1.754386,0.2506266,0
2022-07-15 16:30:51,0,0,5.276382,0,0,92.71357,1.758794,0,0
2022-07-15 16:30:50,0,0,4.975124,0,0,92.53731,1.741294,0.4975124,0
2022-07-15 16:30:49,0,0,4.785894,0,0,93.70277,1.0075567,0.2518892,0
2022-07-15 16:30:48,0,0,4.987531,0.4987531,0,92.5187,1.745636,0,0
2022-07-15 16:30:47,0,0,4.738155,0,0,93.01746,1.2468828,0.4987531,0
2022-07-15 16:30:46,0,0,5.5,0.25,0,92.25,1.5,0,0.25
2022-07-15 16:30:45,0,0,4.522613,0,0,93.96985,1.2562814,0,0
2022-07-15 16:30:44,0,0,2.743142,0.2493766,0,92.76808,1.4962594,0.4987531,0.4987531
2022-07-15 16:30:43,0,0,5.263158,0.2506266,0,92.73183,1.5037594,0,0
2022-07-15 16:30:42,0,0,4.239401,0.2493766,0,92.5187,1.995012,0.2493766,0
2022-07-15 16:30:41,0,0,5.276382,0.2512563,0,92.96482,1.2562814,0,0
2022-07-15 16:30:40,0,0,4.773869,0.5025126,0,91.9598,1.2562814,0.2512563,0.5025126
2022-07-15 16:30:39,0,0,4.228856,0,0,94.52736,0.7462687,0,0
2022-07-15 16:30:38,0,0,4.761905,0.2506266,0,93.23308,1.2531328,0.2506266,0
2022-07-15 16:30:37,0,0,5.25,0.5,0,92.5,1.5,0,0
2022-07-15 16:30:36,0,0,4.488778,0.2493766,0,93.51621,1.2468828,0.2493766,0
2022-07-15 16:30:35,0,0,5.012531,0.5012531,0,92.4812,1.2531328,0,0
2022-07-15 16:30:34,0,0,4.738155,0.4987531,0,92.5187,1.745636,0,0
2022-07-15 16:30:33,0,0,5.263158,0,0,92.98246,1.2531328,0.2506266,0
2022-07-15 16:30:32,0,0,4.75,0,0,92.5,2,0.25,0
2022-07-15 16:30:31,0,0,5.012531,0.5012531,0,92.98246,1.0025063,0,0
2022-07-15 16:30:30,0,0,4.75,0,0,93.5,1.25,0.25,0
2022-07-15 16:30:29,0,0,5.012531,0.2506266,0,92.73183,1.5037594,0.2506266,0
2022-07-15 16:30:28,0,0,4.773869,0,0,90.95477,1.758794,0,0.5025126
2022-07-15 16:30:27,0,0,4.455446,0.2475248,0,93.81188,0.990099,0.2475248,0
2022-07-15 16:30:26,0,0,4.511278,0.2506266,0,93.23308,1.2531328,0.2506266,0
2022-07-15 16:30:25,0,0,5.012531,0,0,92.4812,1.754386,0.2506266,0
2022-07-15 16:30:24,0,0,4.79798,0,0,93.18182,1.010101,0.2525253,0
2022-07-15 16:30:23,0,0,6.234414,0.4987531,0,91.77057,1.2468828,0.2493766,0
2022-07-15 16:30:22,0,0,4.030227,0,0,93.95466,1.511335,0,0.2518892
2022-07-15 16:30:21,0,0,5.037783,0,0,92.19144,1.2594458,0.2518892,0.5037783
2022-07-15 16:30:20,0,0,3.473945,0.248139,0,94.2928,1.4888337,0.248139,0.248139
2022-07-15 16:30:19,0,0,5.459057,0.4962779,0,91.31514,1.4888337,0,0.248139
2022-07-15 16:30:18,0,0,4.522613,0,0,93.71859,1.5075377,0,0
2022-07-15 16:30:17,0,0,3.768844,0,0,92.46231,1.5075377,0.2512563,1.2562814
2022-07-15 16:30:16,0,0,4.5,0,0,93.75,1.25,0.25,0
2022-07-15 16:30:15,0,0,4.987531,0.2493766,0,92.5187,1.4962594,0,0
2022-07-15 16:30:14,0,0,5.5,0,0,90.75,1.75,0.25,0.75
2022-07-15 16:30:13,0,0,4.010025,0.2506266,0,93.48371,1.2531328,0.5012531,0
2022-07-15 16:30:12,0,0,4.477612,0.2487562,0,93.28358,1.2437811,0.2487562,0
2022-07-15 16:30:11,0,0,5.025126,0,0,92.21106,1.758794,0.5025126,0
2022-07-15 16:30:10,0,0,5,0.25,0,92.75,1,0,0
2022-07-15 16:30:09,0,0,4.975124,0.2487562,0,92.28856,1.99005,0.2487562,0
2022-07-15 16:30:08,0,0,4.488778,0.2493766,0,93.26683,1.2468828,0.2493766,0
2022-07-15 16:30:07,0,0,5.050505,0,0,92.92929,1.2626263,0.5050505,0
2022-07-15 16:30:06,0,0,5,0,0,93,1.5,0,0
2022-07-15 16:30:05,0,0,5.486284,0.4987531,0,92.26933,0.9975062,0.2493766,0
2022-07-15 16:30:04,0,0,4.975124,0.2487562,0,93.03483,1.2437811,0.2487562,0.2487562
2022-07-15 16:30:03,0,0,4.785894,0.2518892,0,92.69521,1.511335,0.2518892,0
2022-07-15 16:30:02,0,0,5,0,0,93,1.75,0,0
2022-07-15 16:30:01,0,0,5,0.5,0,90.5,1.25,0.25,1
2022-07-15 16:30:00,0,0,3.9801,0.2487562,0,94.27861,0.7462687,0.2487562,0.2487562
2022-07-15 16:29:59,0,0,5,0.5,0,91.75,2,0.25,0
2022-07-15 16:29:58,0,0,5,0,0,93.5,1,0.25,0
2022-07-15 16:29:57,0,0,5,0,0,93.75,1,0,0
2022-07-15 16:29:56,0,0,4.75,0.5,0,93,1,0.5,0
2022-07-15 16:29:55,0,0,4.761905,0.2506266,0,92.4812,1.754386,0.2506266,0
2022-07-15 16:29:54,0,0,5.012531,0,0,92.4812,1.754386,0.2506266,0
2022-07-15 16:29:53,0,0,5.75,0.25,0,91.25,2,0,0
2022-07-15 16:29:52,0,0,3.778338,0,0,94.45844,1.2594458,0,0
2022-07-15 16:29:51,0,0,5.263158,0.2506266,0,91.4787,1.754386,0.2506266,0
2022-07-15 16:29:50,0,0,3.75,0.25,0,94,1.5,0.25,0
2022-07-15 16:29:49,0,0,5.263158,0.2506266,0,91.72932,2.005013,0.2506266,0
2022-07-15 16:29:48,0,0,4.511278,0.5012531,0,93.48371,1.2531328,0,0
2022-07-15 16:29:47,0,0,5.486284,0,0,92.01995,0.9975062,0.2493766,0.2493766
2022-07-15 16:29:46,0,0,3.990025,0,0,94.51372,0.7481297,0.2493766,0
2022-07-15 16:29:45,0,0,4.534005,0.5037783,0,91.68766,2.267003,0.2518892,0
2022-07-15 16:29:44,0,0,4.738155,0.2493766,0,93.51621,1.2468828,0,0
2022-07-15 16:29:43,0,0,4.75,0.25,0,92.75,1.5,0.25,0
2022-07-15 16:29:42,0,0,4.75,0,0,93.75,1,0,0
2022-07-15 16:29:41,0,0,4.773869,0.2512563,0,92.71357,1.5075377,0.2512563,0
2022-07-15 16:29:40,0,0,4.488778,0,0,93.76559,0.9975062,0.2493766,0
2022-07-15 16:29:39,0,0,5,0,0,93,1.25,0.25,0
2022-07-15 16:29:38,0,0,5,0.25,0,92.75,1.75,0.25,0
2022-07-15 16:29:37,0,0,5.513784,0.2506266,0,91.97995,2.005013,0,0
2022-07-15 16:29:36,0,0,4.75,0.25,0,93.5,0.5,0.5,0
2022-07-15 16:29:35,0,0,5.75,0.5,0,91.5,2,0,0
2022-07-15 16:29:34,0,0,3.473945,0.4962779,0,93.54839,0.9925558,0.4962779,0.248139
2022-07-15 16:29:33,0,0,4.987531,0,0,93.51621,0.9975062,0.2493766,0
2022-07-15 16:29:32,0,0,4.282116,0.2518892,0,93.70277,1.2594458,0,0
2022-07-15 16:29:31,0,0,5.236908,0.4987531,0,92.26933,1.4962594,0,0
2022-07-15 16:29:30,0,0,4.761905,0.2506266,0,92.73183,1.754386,0.2506266,0
2022-07-15 16:29:29,0,0,4.75,0,0,93,1.75,0.25,0
2022-07-15 16:29:28,0,0,5.25,0,0,93.25,1,0.25,0
2022-07-15 16:29:27,0,0,4.488778,0.2493766,0,93.51621,1.2468828,0,0
2022-07-15 16:29:26,0,0,5.037783,0.2518892,0,91.68766,1.2594458,0.2518892,0.5037783
2022-07-15 16:29:25,0,0,4.987531,0.2493766,0,92.26933,1.4962594,0.2493766,0.2493766
2022-07-15 16:29:24,0,0,3.759398,0,0,95.2381,0.7518797,0,0
2022-07-15 16:29:23,0,0,4.975124,0.4975124,0,92.53731,1.2437811,0.2487562,0
2022-07-15 16:29:22,0,0,4.545455,0.2525253,0,93.68687,1.010101,0,0
2022-07-15 16:29:21,0,0,5.025126,0,0,92.71357,1.758794,0.2512563,0
2022-07-15 16:29:20,0,0,4.71464,0.4962779,0,92.30769,1.4888337,0.248139,0
2022-07-15 16:29:19,0,0,4.785894,0.2518892,0,92.9471,1.763224,0,0
2022-07-15 16:29:18,0,0,4.726368,0.2487562,0,94.02985,0.7462687,0,0
2022-07-15 16:29:17,0,0,4.511278,0,0,93.48371,1.5037594,0,0
2022-07-15 16:29:16,0,0,5.012531,0.2506266,0,92.4812,1.754386,0.2506266,0
2022-07-15 16:29:15,0,0,4.761905,0,0,93.48371,1.5037594,0,0
2022-07-15 16:29:14,0,0,4.975124,0,0,93.03483,1.2437811,0.4975124,0
2022-07-15 16:29:13,0,0,4.773869,0,0,92.96482,2.01005,0,0
2022-07-15 16:29:12,0,0,4.70297,0.2475248,0,92.57426,1.732673,0.2475248,0
2022-07-15 16:29:11,0,0,4.773869,0,0,93.71859,1.0050251,0,0
2022-07-15 16:29:10,0,0,4.987531,0,0,92.5187,1.745636,0.2493766,0
2022-07-15 16:29:09,0,0,4.761905,0,0,92.73183,2.005013,0.2506266,0
2022-07-15 16:29:08,0,0,5.223881,0.7462687,0,90.54726,1.4925373,0.2487562,0.9950249
2022-07-15 16:29:07,0,0,4.25,0,0,93.75,1.5,0.25,0
2022-07-15 16:29:06,0,0,4.5,0,0,92.75,2,0.25,0
2022-07-15 16:29:05,0,0,5.541562,0,0,92.44332,1.763224,0,0
2022-07-15 16:29:04,0,0,4.726368,0.2487562,0,92.78607,1.4925373,0.2487562,0
2022-07-15 16:29:03,0,0,4.761905,0,0,93.48371,1.2531328,0.2506266,0
2022-07-15 16:29:02,0,0,5.012531,0.2506266,0,92.73183,1.754386,0,0
2022-07-15 16:29:01,0,0,4.271357,0,0,92.71357,2.261307,0.2512563,0
2022-07-15 16:29:00,0,0,5.263158,0,0,92.4812,1.754386,0.2506266,0
2022-07-15 16:28:59,0,0,4.477612,0.2487562,0,91.29353,1.99005,0.2487562,0.9950249
2022-07-15 16:28:58,0,0,4.773869,0.5025126,0,90.95477,1.5075377,0.2512563,1.2562814
2022-07-15 16:28:57,0,0,4.75,0,0,93,1.5,0.25,0
2022-07-15 16:28:56,0,0,5.223881,0.2487562,0,92.78607,1.2437811,0.2487562,0
2022-07-15 16:28:55,0,0,4.738155,0.2493766,0,92.76808,1.2468828,0.2493766,0
2022-07-15 16:28:54,0,0,5.472637,0,0,92.0398,0.9950249,0.2487562,0
2022-07-15 16:28:53,0,0,4.040404,0.2525253,0,93.93939,1.010101,0.2525253,0
2022-07-15 16:28:52,0,0,4.962779,0.248139,0,93.05211,1.2406948,0.248139,0
2022-07-15 16:28:51,0,0,4.522613,0,0,93.71859,1.0050251,0.2512563,0
2022-07-15 16:28:50,0,0,5.236908,0.2493766,0,92.76808,1.2468828,0.2493766,0
2022-07-15 16:28:49,0,0,4.738155,0,0,93.01746,1.745636,0.2493766,0
2022-07-15 16:28:48,0,0,4.5,0,0,94,0.75,0.25,0
2022-07-15 16:28:47,0,0,5.025126,0,0,92.71357,2.01005,0,0
2022-07-15 16:28:46,0,0,4.738155,0.2493766,0,93.26683,1.4962594,0,0
2022-07-15 16:28:45,0,0,4.239401,0.2493766,0,93.01746,1.995012,0.2493766,0
2022-07-15 16:28:44,0,0,4.785894,0.2518892,0,93.45088,1.2594458,0,0
2022-07-15 16:28:43,0,0,4.477612,0.2487562,0,92.53731,1.4925373,0.4975124,0
2022-07-15 16:28:42,0,0,4.5,0.25,0,93.75,1.25,0,0
2022-07-15 16:28:41,0,0,4.785894,0.2518892,0,91.68766,1.763224,0.5037783,0.2518892
2022-07-15 16:28:40,0,0,4,0.5,0,93.75,1,0,0
2022-07-15 16:28:39,0,0,4.75,0,0,93.5,1.25,0.25,0
2022-07-15 16:28:38,0,0,4.5,0,0,94,1,0,0
2022-07-15 16:28:37,0,0,4.71464,0.248139,0,93.05211,0.9925558,0.248139,0
2022-07-15 16:28:36,0,0,4.773869,0.2512563,0,92.71357,1.758794,0.2512563,0
2022-07-15 16:28:35,0,0,4.030227,0.2518892,0,94.20655,1.2594458,0,0
2022-07-15 16:28:34,0,0,4.975124,0.4975124,0,92.0398,1.4925373,0.2487562,0.2487562
2022-07-15 16:28:33,0,0,5.012531,0.2506266,0,92.23058,1.5037594,0,0
2022-07-15 16:28:32,0,0,5.012531,0.2506266,0,92.73183,1.5037594,0.2506266,0
2022-07-15 16:28:31,0,0,3.535354,0,0,93.93939,1.010101,0,0.2525253
2022-07-15 16:28:30,0,0,4.239401,0.2493766,0,93.76559,1.2468828,0.2493766,0
2022-07-15 16:28:29,0,0,5,0,0,92.75,2,0,0
2022-07-15 16:28:28,0,0,5.012531,0.2506266,0,92.4812,1.754386,0,0
2022-07-15 16:28:27,0,0,4,0.25,0,92,1.25,0.25,1.25
2022-07-15 16:28:26,0,0,4.260652,0.2506266,0,92.73183,1.754386,0,0
2022-07-15 16:28:25,0,0,4.738155,0,0,93.01746,1.2468828,0.2493766,0.2493766
2022-07-15 16:28:24,0,0,4.488778,0,0,93.51621,1.4962594,0.2493766,0
2022-07-15 16:28:23,0,0,4.545455,0,0,93.43434,1.5151515,0,0
2022-07-15 16:28:22,0,0,4.950495,0.2475248,0,92.57426,1.4851485,0.2475248,0
2022-07-15 16:28:21,0,0,4.282116,0.2518892,0,92.9471,1.511335,0.5037783,0
2022-07-15 16:28:20,0,0,4.761905,0.2506266,0,93.23308,1.2531328,0.2506266,0
2022-07-15 16:28:19,0,0,4.773869,0,0,93.71859,1.0050251,0.2512563,0
2022-07-15 16:28:18,0,0,4.488778,0,0,93.01746,1.4962594,0.2493766,0
2022-07-15 16:28:17,0,0,5,0.25,0,92.25,2,0,0
2022-07-15 16:28:16,0,0,4.488778,0.4987531,0,93.26683,1.2468828,0.2493766,0
2022-07-15 16:28:15,0,0,5.223881,0.2487562,0,92.53731,0.9950249,0.2487562,0
2022-07-15 16:28:14,0,0,3.75,0,0,95.25,0.75,0,0
2022-07-15 16:28:13,0,0,4.738155,0.4987531,0,92.26933,1.745636,0.2493766,0
2022-07-15 16:28:12,0,0,4.522613,0.2512563,0,93.71859,1.0050251,0,0
2022-07-15 16:28:11,0,0,4.522613,0,0,93.21608,1.2562814,0.2512563,0
2022-07-15 16:28:10,0,0,4.75,0,0,94,1,0,0
2022-07-15 16:28:09,0,0,4.761905,0.2506266,0,91.97995,2.005013,0.5012531,0
2022-07-15 16:28:08,0,0,4.5,0.25,0,93.75,1.25,0,0
2022-07-15 16:28:07,0,0,5.445545,0.2475248,0,92.07921,1.4851485,0.2475248,0
2022-07-15 16:28:06,0,0,4.020101,0.7537688,0,93.46734,1.2562814,0.2512563,0
2022-07-15 16:28:05,0,0,5.513784,0,0,90.97744,1.754386,0.2506266,0.2506266
2022-07-15 16:28:04,0,0,3.740648,0.2493766,0,94.01496,1.4962594,0.2493766,0
2022-07-15 16:28:03,0,0,4.75,0.25,0,92.25,2,0.25,0
2022-07-15 16:28:02,0,0,4.534005,0,0,93.19899,1.763224,0,0
2022-07-15 16:28:01,0,0,5.236908,0.2493766,0,91.5212,1.995012,0,0
2022-07-15 16:28:00,0,0,3.491272,0.2493766,0,93.76559,1.745636,0.4987531,0
2022-07-15 16:27:59,0,0,4.987531,0,0,93.26683,1.2468828,0,0
2022-07-15 16:27:58,0,0,4.5,0.25,0,93,1.75,0.25,0
2022-07-15 16:27:57,0,0,4.511278,0,0,93.23308,1.754386,0,0
2022-07-15 16:27:56,0,0,4.738155,0.2493766,0,93.76559,0.7481297,0.2493766,0
2022-07-15 16:27:55,0,0,4.282116,0,0,93.45088,1.763224,0,0
2022-07-15 16:27:54,0,0,4.738155,0.2493766,0,93.76559,0.7481297,0.2493766,0
2022-07-15 16:27:53,0,0,4.228856,0.2487562,0,94.02985,0.7462687,0.2487562,0
2022-07-15 16:27:52,0,0,4.761905,0,0,92.98246,1.754386,0,0
2022-07-15 16:27:51,0,0,4.511278,0.2506266,0,92.73183,1.5037594,0.2506266,0
2022-07-15 16:27:50,0,0,4.271357,0,0,93.21608,2.01005,0,0
2022-07-15 16:27:49,0,0,5.263158,0.2506266,0,92.23058,1.5037594,0.2506266,0
2022-07-15 16:27:48,0,0,3.75,0.5,0,92.5,1,0.25,0
2022-07-15 16:27:47,0,0,4.534005,0.2518892,0,92.9471,1.763224,0,0
2022-07-15 16:27:46,0,0,4.5,0,0,93.5,1.25,0.25,0
2022-07-15 16:27:45,0,0,4.5,0.5,0,91.75,2.5,0.25,0
2022-07-15 16:27:44,0,0,4.75,0.25,0,92.75,1.25,0.25,0
2022-07-15 16:27:43,0,0,4.020101,0.2512563,0,93.21608,2.01005,0.2512563,0
2022-07-15 16:27:42,0,0,5.486284,0,0,92.5187,1.4962594,0.2493766,0
2022-07-15 16:27:41,0,0,4.511278,0,0,93.73434,1.0025063,0,0
2022-07-15 16:27:40,0,0,5,0.25,0,92.25,1.5,0,0
2022-07-15 16:27:39,0,0,4.761905,0.2506266,0,93.23308,1.2531328,0.2506266,0
2022-07-15 16:27:38,0,0,3.75,0,0,93.25,1.75,0.25,0
2022-07-15 16:27:37,0,0,4.726368,0.2487562,0,93.78109,0.4975124,0.2487562,0
2022-07-15 16:27:36,0,0,4.010025,0,0,93.23308,2.255639,0.2506266,0
2022-07-15 16:27:35,0,0,5.037783,0,0,93.70277,0.7556675,0,0
2022-07-15 16:27:34,0,0,4.25,0,0,90.25,2.25,0,2.5
2022-07-15 16:27:33,0,0,4.271357,0,0,94.22111,1.2562814,0,0
2022-07-15 16:27:32,0,0,4.511278,0.2506266,0,93.23308,1.5037594,0,0
2022-07-15 16:27:31,0,0,4.522613,0,0,93.46734,1.2562814,0.2512563,0
2022-07-15 16:27:30,0,0,4.950495,0.2475248,0,92.32673,1.980198,0,0
2022-07-15 16:27:29,0,0,4.511278,0.2506266,0,93.48371,1.5037594,0.2506266,0
2022-07-15 16:27:28,0,0,4.511278,0,0,93.98496,1.2531328,0,0
2022-07-15 16:27:27,0,0,4.71464,0.248139,0,91.56328,1.985112,0.248139,0.248139
2022-07-15 16:27:26,0,0,4.5,0,0,94,1,0.25,0
2022-07-15 16:27:25,0,0,4.785894,0.2518892,0,92.19144,1.763224,0.2518892,0
2022-07-15 16:27:24,0,0,4.477612,0.2487562,0,93.78109,0.9950249,0,0
2022-07-15 16:27:23,0,0,4.773869,0,0,93.96985,0.7537688,0.2512563,0
2022-07-15 16:27:22,0,0,4.987531,0.2493766,0,90.77307,2.244389,0.2493766,0
2022-07-15 16:27:21,0,0,3.768844,0,0,94.22111,1.5075377,0.2512563,0
2022-07-15 16:27:20,0,0,4.75,0,0,93,1.75,0,0
2022-07-15 16:27:19,0,0,4.511278,0,0,93.73434,1.0025063,0.5012531,0
2022-07-15 16:27:18,0,0,4.5,0.5,0,92.5,2.25,0,0
2022-07-15 16:27:17,0,0,4.738155,0.2493766,0,93.26683,1.2468828,0.2493766,0
2022-07-15 16:27:16,0,0,4.522613,0.2512563,0,93.21608,1.5075377,0.2512563,0
2022-07-15 16:27:15,0,0,4.477612,0.2487562,0,92.53731,1.99005,0.2487562,0
2022-07-15 16:27:14,0,0,5.75,0,0,90.5,2,0.5,0
2022-07-15 16:27:13,0,0,3.491272,0.2493766,0,94.51372,1.4962594,0,0
2022-07-15 16:27:12,0,0,5.263158,0.2506266,0,91.22807,2.506266,0,0
2022-07-15 16:27:11,0,0,3.75,0,0,94,1.25,0.25,0
2022-07-15 16:27:10,0,0,4.511278,0,0,93.23308,1.754386,0.2506266,0
2022-07-15 16:27:09,0,0,4.75,0.25,0,93,1.25,0,0
2022-07-15 16:27:08,0,0,5.289673,0.2518892,0,91.43577,2.015113,0.2518892,0.2518892
2022-07-15 16:27:07,0,0,3.731343,0.2487562,0,93.03483,1.99005,0.4975124,0
2022-07-15 16:27:06,0,0,4.761905,0.2506266,0,92.98246,1.754386,0,0
2022-07-15 16:27:05,0,0,4.975124,0.4975124,0,92.28856,1.4925373,0.2487562,0
2022-07-15 16:27:04,0,0,4.488778,0,0,93.26683,1.745636,0.2493766,0
2022-07-15 16:27:03,0,0,4.785894,0.5037783,0,92.44332,1.763224,0,0
2022-07-15 16:27:02,0,0,4.738155,0,0,93.76559,0.7481297,0.2493766,0
2022-07-15 16:27:01,0,0,4.534005,0.2518892,0,93.70277,1.0075567,0,0
2022-07-15 16:27:00,0,0,4.738155,0.2493766,0,93.26683,1.2468828,0.2493766,0
2022-07-15 16:26:59,0,0,4.5,0.25,0,93.25,1.25,0.25,0
2022-07-15 16:26:58,0,0,4.511278,0,0,93.48371,1.5037594,0.2506266,0
2022-07-15 16:26:57,0,0,4.761905,0.5012531,0,92.23058,2.005013,0,0
2022-07-15 16:26:56,0,0,5.486284,0.2493766,0,92.76808,1.2468828,0.2493766,0
2022-07-15 16:26:55,0,0,3.517588,0.2512563,0,93.96985,1.2562814,0,0
2022-07-15 16:26:54,0,0,4.488778,0,0,93.76559,1.4962594,0,0
2022-07-15 16:26:53,0,0,4.522613,0.2512563,0,93.21608,1.758794,0.2512563,0
2022-07-15 16:26:52,0,0,4.477612,0.4975124,0,93.28358,0.9950249,0.2487562,0
2022-07-15 16:26:51,0,0,4.522613,0,0,93.46734,1.5075377,0,0
2022-07-15 16:26:50,0,0,4.488778,0,0,94.01496,0.9975062,0.2493766,0
2022-07-15 16:26:49,0,0,4.75,0.25,0,93,1.75,0,0
2022-07-15 16:26:48,0,0,4.5,0.5,0,93,1.75,0,0
2022-07-15 16:26:47,0,0,4.738155,0.2493766,0,91.77057,1.745636,0.2493766,0.2493766
2022-07-15 16:26:46,0,0,4.010025,0,0,95.2381,0.7518797,0,0
2022-07-15 16:26:45,0,0,4.260652,0,0,93.98496,1.0025063,0.2506266,0
2022-07-15 16:26:44,0,0,4.030227,0,0,93.95466,1.0075567,0.2518892,0
2022-07-15 16:26:43,0,0,4.726368,0.2487562,0,93.03483,1.4925373,0.2487562,0
2022-07-15 16:26:42,0,0,4.488778,0,0,93.26683,1.4962594,0.2493766,0
2022-07-15 16:26:41,0,0,5.037783,0,0,92.69521,1.511335,0,0
2022-07-15 16:26:40,0,0,3.731343,0.2487562,0,93.53234,1.99005,0.2487562,0
2022-07-15 16:26:39,0,0,4.761905,0,0,93.73434,1.2531328,0,0
2022-07-15 16:26:38,0,0,4.5,0,0,93.25,1.5,0.25,0
2022-07-15 16:26:37,0,0,4.773869,0,0,93.46734,1.5075377,0,0
2022-07-15 16:26:36,0,0,4.5,0.25,0,93,1.5,0.25,0
2022-07-15 16:26:35,0,0,4.511278,0,0,93.98496,1.0025063,0.2506266,0
2022-07-15 16:26:34,0,0,4.987531,0.2493766,0,93.26683,0.9975062,0,0
2022-07-15 16:26:33,0,0,5.25,0.25,0,92.75,1.75,0,0
2022-07-15 16:26:32,0,0,4.726368,0.2487562,0,93.28358,0.9950249,0.2487562,0
2022-07-15 16:26:31,0,0,4.545455,0.2525253,0,92.67677,1.767677,0,0
2022-07-15 16:26:30,0,0,4.477612,0.4975124,0,93.03483,1.4925373,0.2487562,0
2022-07-15 16:26:29,0,0,5.263158,0.2506266,0,91.72932,1.2531328,0,0.7518797
2022-07-15 16:26:28,0,0,3.75,0.5,0,93.75,1.5,0.25,0
2022-07-15 16:26:27,0,0,4.761905,0.2506266,0,93.23308,1.0025063,0.2506266,0
2022-07-15 16:26:26,0,0,4.25,0,0,94,1,0.25,0.25
2022-07-15 16:26:25,0,0,5.25,0.25,0,93.25,0.75,0.25,0
2022-07-15 16:26:24,0,0,4.761905,0.2506266,0,92.98246,1.5037594,0.2506266,0
2022-07-15 16:26:23,0,0,4.511278,0,0,93.48371,1.5037594,0,0
2022-07-15 16:26:22,0,0,4.761905,0.2506266,0,93.48371,1.0025063,0,0
2022-07-15 16:26:21,0,0,5.778894,0,0,89.69849,1.5075377,0.2512563,1.5075377
2022-07-15 16:26:20,0,0,3.508772,0.2506266,0,94.98747,1.0025063,0.2506266,0
2022-07-15 16:26:19,0,0,4.761905,0,0,89.97494,2.506266,0.7518797,1.2531328
2022-07-15 16:26:18,0,0,3.266332,0,0,95.47739,0.7537688,0,0.2512563
2022-07-15 16:26:17,0,0,4.477612,0.2487562,0,92.78607,1.99005,0.2487562,0
2022-07-15 16:26:16,0,0,4.25,0.25,0,93,1.75,0.25,0
2022-07-15 16:26:15,0,0,5.75,0,0,92.75,1.25,0,0
2022-07-15 16:26:14,0,0,3.25,0.25,0,94.5,1.5,0,0
2022-07-15 16:26:13,0,0,5,0,0,93.25,1.25,0.25,0
2022-07-15 16:26:12,0,0,4.207921,0.2475248,0,93.56436,1.4851485,0,0
2022-07-15 16:26:11,0,0,4.785894,0.2518892,0,92.19144,1.763224,0.2518892,0
2022-07-15 16:26:10,0,0,4.522613,0.2512563,0,92.96482,1.758794,0.2512563,0
2022-07-15 16:26:09,0,0,4.477612,0,0,93.53234,1.2437811,0.2487562,0
2022-07-15 16:26:08,0,0,5.012531,0.2506266,0,92.73183,1.2531328,0.2506266,0
2022-07-15 16:26:07,0,0,4.25,0.25,0,93.5,1.25,0.25,0
2022-07-15 16:26:06,0,0,4.761905,0,0,92.98246,1.5037594,0,0
2022-07-15 16:26:05,0,0,5.472637,0.2487562,0,92.28856,1.741294,0,0
2022-07-15 16:26:04,0,0,4.020101,0.2512563,0,93.46734,1.5075377,0.2512563,0
2022-07-15 16:26:03,0,0,5.236908,0.2493766,0,92.26933,1.4962594,0.2493766,0
2022-07-15 16:26:02,0,0,4.010025,0,0,93.98496,1.0025063,0.2506266,0
2022-07-15 16:26:01,0,0,4.75,0,0,92.75,2,0,0
2022-07-15 16:26:00,0,0,4.25,0.25,0,93.75,1.25,0.25,0
2022-07-15 16:25:59,0,0,4.534005,0,0,93.70277,1.2594458,0,0
2022-07-15 16:25:58,0,0,4.738155,0.4987531,0,93.01746,1.2468828,0.2493766,0
2022-07-15 16:25:57,0,0,4.488778,0,0,93.51621,1.2468828,0.2493766,0
2022-07-15 16:25:56,0,0,4.5,0,0,93,1.75,0,0
2022-07-15 16:25:55,0,0,5.486284,0.2493766,0,91.77057,2.244389,0,0
2022-07-15 16:25:54,0,0,4.466501,0.248139,0,91.067,1.736973,0.4962779,0.7444169
2022-07-15 16:25:53,0,0,4.785894,0.2518892,0,93.19899,1.2594458,0.2518892,0
2022-07-15 16:25:52,0,0,4,0.25,0,93,1,0,1
2022-07-15 16:25:51,0,0,3.759398,0.2506266,0,92.98246,2.005013,0.2506266,0
2022-07-15 16:25:50,0,0,4.5,0,0,94.25,1,0,0
2022-07-15 16:25:49,0,0,5.25,0,0,92.5,1.25,0.25,0.25
2022-07-15 16:25:48,0,0,4.010025,0,0,93.73434,1.5037594,0,0.2506266
2022-07-15 16:25:47,0,0,4.488778,0.2493766,0,92.76808,1.4962594,0.2493766,0
2022-07-15 16:25:46,0,0,4.271357,0,0,93.46734,1.2562814,0.5025126,0
2022-07-15 16:25:45,0,0,4.987531,0,0,93.26683,1.2468828,0.2493766,0
2022-07-15 16:25:44,0,0,4.488778,0.2493766,0,93.51621,1.2468828,0,0
2022-07-15 16:25:43,0,0,4.773869,0.2512563,0,92.96482,1.2562814,0.2512563,0
2022-07-15 16:25:42,0,0,4.5,0,0,94,1.25,0,0
2022-07-15 16:25:41,0,0,4.522613,0.2512563,0,92.96482,1.5075377,0.2512563,0
2022-07-15 16:25:40,0,0,5.223881,0.4975124,0,92.0398,1.4925373,0.2487562,0
2022-07-15 16:25:39,0,0,4.271357,0,0,93.71859,1.758794,0,0
2022-07-15 16:25:38,0,0,5,0.25,0,92.75,1.75,0,0
2022-07-15 16:25:37,0,0,4.511278,0,0,92.98246,1.754386,0.2506266,0
2022-07-15 16:25:36,0,0,5.223881,0.4975124,0,91.54229,1.4925373,0.2487562,0
2022-07-15 16:25:35,0,0,3.778338,0.2518892,0,94.20655,1.0075567,0.2518892,0
2022-07-15 16:25:34,0,0,4.477612,0,0,93.78109,1.2437811,0.2487562,0
2022-07-15 16:25:33,0,0,4.75,0.25,0,93.5,1,0,0
2022-07-15 16:25:32,0,0,4.761905,0,0,92.4812,1.5037594,0.5012531,0.2506266
2022-07-15 16:25:31,0,0,4.5,0.25,0,93.5,1,0,0
2022-07-15 16:25:30,0,0,4.738155,0.2493766,0,92.5187,1.745636,0.2493766,0
2022-07-15 16:25:29,0,0,5.025126,0,0,90.95477,4.020101,0,0
2022-07-15 16:25:28,0,0,5.25,0.25,0,90.75,2.5,0.25,0
2022-07-15 16:25:27,0,0,4.020101,0,0,93.96985,1.758794,0,0
2022-07-15 16:25:26,0,0,5.012531,0.2506266,0,91.72932,1.754386,0.2506266,0
2022-07-15 16:25:25,0,0,4,0.25,0,94,1,0.25,0
2022-07-15 16:25:24,0,0,4,0.25,0,94.25,1,0.25,0
2022-07-15 16:25:23,0,0,4.5,0,0,94,1,0.25,0
2022-07-15 16:25:22,0,0,5.30303,0,0,92.92929,0.7575758,0,0
2022-07-15 16:25:21,0,0,3.508772,0.2506266,0,93.48371,1.5037594,0,0.2506266
2022-07-15 16:25:20,0,0,4.726368,0,0,93.53234,1.2437811,0.2487562,0
2022-07-15 16:25:19,0,0,4.488778,0,0,93.26683,1.995012,0,0
2022-07-15 16:25:18,0,0,5.012531,0.2506266,0,92.98246,1.0025063,0.2506266,0
2022-07-15 16:25:17,0,0,4.25,0,0,93.75,1.75,0,0
2022-07-15 16:25:16,0,0,4.726368,0.2487562,0,93.78109,0.2487562,0.2487562,0
2022-07-15 16:25:15,0,0,4.75,0,0,93.75,1.25,0,0
2022-07-15 16:25:14,0,0,4.5,0,0,93.25,1.75,0.25,0
2022-07-15 16:25:13,0,0,4.738155,0.2493766,0,93.51621,1.2468828,0,0
2022-07-15 16:25:12,0,0,4.726368,0,0,93.03483,1.2437811,0.2487562,0
2022-07-15 16:25:11,0,0,4.810127,0.5063291,0,93.16456,1.2658228,0,0
2022-07-15 16:25:10,0,0,4.738155,0.4987531,0,92.76808,1.2468828,0.4987531,0
2022-07-15 16:25:09,0,0,4.975124,0.2487562,0,92.28856,1.4925373,0.2487562,0
2022-07-15 16:25:08,0,0,7.035176,0,0,91.20603,1.2562814,0.2512563,0
2022-07-15 16:25:07,0,0,4.987531,0.4987531,0,89.77556,1.995012,0.2493766,2.244389
2022-07-15 16:25:06,0,0,2.005013,0,0,96.49123,1.0025063,0.2506266,0.2506266
2022-07-15 16:25:05,0,0,4.987531,0,0,93.26683,1.4962594,0,0
2022-07-15 16:25:04,0,0,4.761905,0,0,92.73183,1.754386,0.2506266,0
2022-07-15 16:25:03,0,0,4.271357,0.2512563,0,93.71859,1.2562814,0,0
2022-07-15 16:25:02,0,0,5.679012,0.2469136,0,90.37037,2.469136,0.4938272,0.2469136
2022-07-15 16:25:01,0,0,4.030227,0,0,93.70277,1.511335,0,0
2022-07-15 16:25:00,0,0,4.260652,0,0,93.48371,1.5037594,0.2506266,0
2022-07-15 16:24:59,0,0,5.012531,0.5012531,0,90.97744,2.005013,0.2506266,0.5012531
2022-07-15 16:24:58,0,0,4,0,0,94.25,0.75,0.25,0
2022-07-15 16:24:57,0,0,4.987531,0.2493766,0,92.5187,1.4962594,0.4987531,0
2022-07-15 16:24:56,0,0,4.761905,0.5012531,0,93.23308,1.0025063,0,0
2022-07-15 16:24:55,0,0,4.228856,0,0,91.29353,1.2437811,0.4975124,1.741294
2022-07-15 16:24:54,0,0,3.990025,0.2493766,0,94.01496,0.9975062,0.2493766,0
2022-07-15 16:24:53,0,0,4.75,0,0,93,1.75,0.25,0
2022-07-15 16:24:52,0,0,4.511278,0,0,93.48371,1.5037594,0.2506266,0
2022-07-15 16:24:51,0,0,4.75,0.25,0,92.25,2.25,0.25,0
2022-07-15 16:24:50,0,0,4.511278,0,0,93.48371,1.0025063,0.2506266,0
2022-07-15 16:24:49,0,0,4.488778,0,0,94.01496,0.9975062,0.2493766,0
2022-07-15 16:24:48,0,0,5.025126,0,0,92.21106,2.01005,0.2512563,0
2022-07-15 16:24:47,0,0,4.25,0.25,0,94,1.25,0,0
2022-07-15 16:24:46,0,0,4.773869,0,0,93.96985,0.7537688,0,0
2022-07-15 16:24:45,0,0,4.511278,0.5012531,0,92.73183,1.5037594,0.2506266,0
2022-07-15 16:24:44,0,0,4.726368,0,0,92.78607,1.99005,0.2487562,0
2022-07-15 16:24:43,0,0,4.75,0.25,0,92.5,1.5,0.25,0
2022-07-15 16:24:42,0,0,4.545455,0,0,93.18182,1.010101,0,0
2022-07-15 16:24:41,0,0,4.477612,0.4975124,0,92.78607,1.741294,0.2487562,0
2022-07-15 16:24:40,0,0,4.522613,0,0,93.21608,1.758794,0,0.2512563
2022-07-15 16:24:39,0,0,4.466501,0.248139,0,92.80397,1.4888337,0.4962779,0
2022-07-15 16:24:38,0,0,4.75,0,0,93.25,1.25,0.25,0
2022-07-15 16:24:37,0,0,4.228856,0.2487562,0,93.28358,1.4925373,0.2487562,0
2022-07-15 16:24:36,0,0,4.975124,0.2487562,0,93.03483,1.4925373,0.2487562,0
2022-07-15 16:24:35,0,0,4.785894,0,0,92.9471,1.2594458,0,0
2022-07-15 16:24:34,0,0,4,0,0,94.25,1.5,0,0
2022-07-15 16:24:33,0,0,5.223881,0.4975124,0,91.29353,1.741294,0.2487562,0.2487562
2022-07-15 16:24:32,0,0,3.482587,0.2487562,0,94.52736,1.2437811,0.2487562,0
2022-07-15 16:24:31,0,0,5,0,0,93,1.25,0.25,0
2022-07-15 16:24:30,0,0,4.239401,0.4987531,0,92.5187,1.995012,0.2493766,0
2022-07-15 16:24:29,0,0,4.962779,0.248139,0,92.80397,1.2406948,0.248139,0
2022-07-15 16:24:28,0,0,4.271357,0,0,93.71859,1.758794,0,0
2022-07-15 16:24:27,0,0,4.260652,0,0,94.48622,1.0025063,0,0
2022-07-15 16:24:26,0,0,4.987531,0.2493766,0,92.5187,1.2468828,0.4987531,0
2022-07-15 16:24:25,0,0,4.271357,0,0,94.22111,1.0050251,0.2512563,0
2022-07-15 16:24:24,0,0,5.012531,0,0,92.4812,2.005013,0,0
2022-07-15 16:24:23,0,0,4.260652,0,0,94.23559,1.0025063,0.2506266,0
2022-07-15 16:24:22,0,0,4.738155,0.2493766,0,93.76559,0.7481297,0.2493766,0
2022-07-15 16:24:21,0,0,5.063291,0,0,92.91139,1.772152,0,0
2022-07-15 16:24:20,0,0,4,0.5,0,92.25,2.5,0.25,0
2022-07-15 16:24:19,0,0,5,0.25,0,92.5,1.5,0.25,0
2022-07-15 16:24:18,0,0,4.511278,0.2506266,0,92.98246,1.754386,0.2506266,0
2022-07-15 16:24:17,0,0,4.75,0,0,93,2,0,0
2022-07-15 16:24:16,0,0,5.012531,0.2506266,0,92.4812,1.2531328,0.2506266,0
2022-07-15 16:24:15,0,0,3.75,0,0,94.25,1.25,0.25,0
2022-07-15 16:24:14,0,0,4.75,0.5,0,93.25,1,0.25,0
2022-07-15 16:24:13,0,0,4.466501,0,0,93.54839,1.2406948,0.4962779,0
2022-07-15 16:24:12,0,0,4.761905,0,0,93.48371,1.5037594,0,0
2022-07-15 16:24:11,0,0,4.522613,0.2512563,0,93.46734,1.0050251,0,0
2022-07-15 16:24:10,0,0,4.477612,0.4975124,0,92.53731,1.741294,0.4975124,0
2022-07-15 16:24:09,0,0,5.289673,0,0,93.19899,1.2594458,0,0
2022-07-15 16:24:08,0,0,3.482587,0,0,94.27861,1.4925373,0.2487562,0
2022-07-15 16:24:07,0,0,5.263158,0,0,93.23308,1.0025063,0.2506266,0
2022-07-15 16:24:06,0,0,4.228856,0.2487562,0,93.03483,1.4925373,0.2487562,0
2022-07-15 16:24:05,0,0,5.012531,0.2506266,0,92.98246,1.2531328,0,0
2022-07-15 16:24:04,0,0,4.511278,0.5012531,0,93.23308,1.5037594,0.2506266,0
2022-07-15 16:24:03,0,0,4.975124,0.4975124,0,91.04478,1.741294,0,0
2022-07-15 16:24:02,0,0,3.768844,0,0,94.22111,1.5075377,0.2512563,0
2022-07-15 16:24:01,0,0,4.477612,0,0,94.27861,0.7462687,0,0
2022-07-15 16:24:00,0,0,5,0,0,92.25,1.75,0.5,0
2022-07-15 16:23:59,0,0,4,0.25,0,93.75,1.5,0.25,0
2022-07-15 16:23:58,0,0,5.223881,0,0,92.53731,1.4925373,0.4975124,0
2022-07-15 16:23:57,0,0,5.037783,0,0,92.69521,1.511335,0.2518892,0
2022-07-15 16:23:56,0,0,4.271357,0.2512563,0,93.21608,1.758794,0.2512563,0
2022-07-15 16:23:55,0,0,4.761905,0.2506266,0,93.23308,1.2531328,0,0
2022-07-15 16:23:54,0,0,4.207921,0.2475248,0,93.56436,1.2376238,0.2475248,0
2022-07-15 16:23:53,0,0,4.79798,0,0,93.43434,1.010101,0.2525253,0
2022-07-15 16:23:52,0,0,4.726368,0.2487562,0,93.28358,1.4925373,0,0
2022-07-15 16:23:51,0,0,4.534005,0,0,93.95466,1.0075567,0.2518892,0
2022-07-15 16:23:50,0,0,4.738155,0.2493766,0,92.01995,1.4962594,0,0.2493766
2022-07-15 16:23:49,0,0,4.260652,0.2506266,0,89.72431,2.005013,0.2506266,2.255639
2022-07-15 16:23:48,0,0,4.260652,0.2506266,0,93.73434,1.2531328,0.2506266,0
2022-07-15 16:23:47,0,0,4.25,0.5,0,93.5,1.5,0,0
2022-07-15 16:23:46,0,0,5.012531,0,0,93.23308,1.2531328,0.2506266,0
2022-07-15 16:23:45,0,0,4.477612,0.2487562,0,92.78607,1.99005,0.2487562,0
2022-07-15 16:23:44,0,0,4.75,0,0,93,1.75,0,0
2022-07-15 16:23:43,0,0,5.025126,0,0,93.96985,0.7537688,0.2512563,0
2022-07-15 16:23:42,0,0,4.260652,0,0,92.98246,1.5037594,0.2506266,0
2022-07-15 16:23:41,0,0,4.271357,0,0,93.71859,1.5075377,0,0
2022-07-15 16:23:40,0,0,4.987531,0.2493766,0,90.52369,2.493766,0.4987531,0.2493766
2022-07-15 16:23:39,0,0,3.990025,0.2493766,0,94.01496,1.2468828,0.2493766,0
2022-07-15 16:23:38,0,0,4.488778,0.2493766,0,93.01746,1.4962594,0.2493766,0
2022-07-15 16:23:37,0,0,4.511278,0.2506266,0,93.23308,1.5037594,0.2506266,0
2022-07-15 16:23:36,0,0,4.488778,0,0,92.76808,1.745636,0,0
2022-07-15 16:23:35,0,0,4.271357,0.2512563,0,93.46734,1.0050251,0.2512563,0
2022-07-15 16:23:34,0,0,4.738155,0.4987531,0,92.76808,1.4962594,0.2493766,0
2022-07-15 16:23:33,0,0,5.236908,0.2493766,0,93.51621,0.4987531,0.2493766,0
2022-07-15 16:23:32,0,0,4.488778,0,0,93.01746,1.745636,0.2493766,0
2022-07-15 16:23:31,0,0,4.785894,0,0,92.44332,2.015113,0.2518892,0
2022-07-15 16:23:30,0,0,4.25,0.75,0,92.75,1.75,0,0
2022-07-15 16:23:29,0,0,4.75,0,0,93.5,1.25,0.25,0
2022-07-15 16:23:28,0,0,4.5,0,0,93,2,0,0
2022-07-15 16:23:27,0,0,4.511278,0.2506266,0,93.98496,0.7518797,0.2506266,0
2022-07-15 16:23:26,0,0,4.75,0.25,0,93.75,0.75,0.25,0
2022-07-15 16:23:25,0,0,4.522613,0,0,93.21608,1.5075377,0,0
2022-07-15 16:23:24,0,0,4.738155,0.4987531,0,92.5187,1.745636,0,0
2022-07-15 16:23:23,0,0,4.987531,0.2493766,0,92.5187,1.4962594,0,0.2493766
2022-07-15 16:23:22,0,0,4.239401,0.4987531,0,93.76559,0.9975062,0.2493766,0
2022-07-15 16:23:21,0,0,4.5,0.25,0,93.5,1.25,0.25,0
2022-07-15 16:23:20,0,0,4.726368,0,0,93.28358,1.2437811,0.2487562,0
2022-07-15 16:23:19,0,0,4.5,0,0,93.75,1.25,0.25,0
2022-07-15 16:23:18,0,0,4.5,0.5,0,93.25,1.25,0.25,0
2022-07-15 16:23:17,0,0,5,0.25,0,92.25,1.5,0.25,0
2022-07-15 16:23:16,0,0,4.75,0.5,0,92.5,1.25,0.25,0.25
2022-07-15 16:23:15,0,0,4.239401,0,0,93.01746,2.244389,0.2493766,0
2022-07-15 16:23:14,0,0,5.025126,0.2512563,0,91.45729,2.01005,0.2512563,0
2022-07-15 16:23:13,0,0,4.239401,0,0,93.76559,1.2468828,0.2493766,0
2022-07-15 16:23:12,0,0,4.271357,0.2512563,0,93.21608,1.2562814,0.2512563,0
2022-07-15 16:23:11,0,0,4.79798,0,0,93.43434,1.010101,0,0
2022-07-15 16:23:10,0,0,4.987531,0,0,92.26933,1.4962594,0.2493766,0.2493766
2022-07-15 16:23:09,0,0,3.740648,0,0,94.51372,0.9975062,0.2493766,0
2022-07-15 16:23:08,0,0,4.75,0.25,0,93,1.5,0,0
2022-07-15 16:23:07,0,0,4.738155,0.2493766,0,92.5187,1.995012,0.2493766,0
2022-07-15 16:23:06,0,0,4.5,0,0,93.5,1.5,0.25,0
2022-07-15 16:23:05,0,0,5.5,0.25,0,91.5,1.75,0.25,0
2022-07-15 16:23:04,0,0,4.25,0,0,93.5,1.5,0.25,0
2022-07-15 16:23:03,0,0,4.761905,0.2506266,0,93.48371,1.5037594,0,0
2022-07-15 16:23:02,0,0,4.522613,0,0,93.71859,1.2562814,0.2512563,0
2022-07-15 16:23:01,0,0,4.75,0,0,92.25,2,0.25,0
2022-07-15 16:23:00,0,0,4.5,0.75,0,92.5,1.75,0.25,0
2022-07-15 16:22:59,0,0,4.488778,0,0,93.26683,1.745636,0.2493766,0
2022-07-15 16:22:58,0,0,4.75,0.25,0,92.75,1.5,0.25,0
2022-07-15 16:22:57,0,0,4.239401,0,0,94.01496,0.9975062,0.2493766,0
2022-07-15 16:22:56,0,0,5.19802,0.2475248,0,91.08911,1.980198,0.4950495,0.2475248
2022-07-15 16:22:55,0,0,4,0.25,0,94.5,1,0,0
2022-07-15 16:22:54,0,0,4.511278,0.2506266,0,92.4812,2.255639,0,0
2022-07-15 16:22:53,0,0,4.71464,0.248139,0,93.05211,1.2406948,0.248139,0
2022-07-15 16:22:52,0,0,4.761905,0,0,92.98246,1.5037594,0.2506266,0
2022-07-15 16:22:51,0,0,4.761905,0.2506266,0,93.23308,1.0025063,0.2506266,0
2022-07-15 16:22:50,0,0,5.263158,0,0,92.23058,2.005013,0.2506266,0
2022-07-15 16:22:49,0,0,3.5,0.5,0,93.75,1,0.25,0.25
2022-07-15 16:22:48,0,0,4.534005,0,0,93.70277,1.763224,0,0
2022-07-15 16:22:47,0,0,5,0,0,93,1.25,0.25,0
2022-07-15 16:22:46,0,0,4.228856,0.2487562,0,93.78109,0.9950249,0.2487562,0
2022-07-15 16:22:45,0,0,4.5,0.25,0,93.75,1.25,0,0
2022-07-15 16:22:44,0,0,4.5,0.25,0,92.75,2,0.25,0
2022-07-15 16:22:43,0,0,4.738155,0.2493766,0,92.5187,1.2468828,0,0.2493766
2022-07-15 16:22:42,0,0,4,0.25,0,93.75,1.75,0,0
2022-07-15 16:22:41,0,0,5,0.25,0,92.5,1.5,0.25,0
2022-07-15 16:22:40,0,0,3.990025,0.4987531,0,93.26683,1.4962594,0.2493766,0
2022-07-15 16:22:39,0,0,4.738155,0,0,93.01746,1.745636,0.2493766,0
2022-07-15 16:22:38,0,0,4.785894,0.2518892,0,93.45088,1.0075567,0,0
2022-07-15 16:22:37,0,0,4.239401,0.2493766,0,93.76559,1.2468828,0.2493766,0
2022-07-15 16:22:36,0,0,5.236908,0,0,93.26683,1.2468828,0,0
2022-07-15 16:22:35,0,0,4.271357,0,0,93.46734,1.758794,0,0
2022-07-15 16:22:34,0,0,5.223881,0.2487562,0,91.79104,1.99005,0.2487562,0
2022-07-15 16:22:33,0,0,4.534005,0,0,92.9471,2.015113,0.2518892,0
2022-07-15 16:22:32,0,0,4.488778,0,0,93.51621,1.745636,0,0
2022-07-15 16:22:31,0,0,4.773869,0.2512563,0,92.46231,1.2562814,0.2512563,0
2022-07-15 16:22:30,0,0,4.761905,0.2506266,0,93.48371,1.2531328,0.2506266,0
2022-07-15 16:22:29,0,0,4.25,0.5,0,92,1.5,0.25,0.75
2022-07-15 16:22:28,0,0,4.020101,0.2512563,0,92.96482,2.01005,0.2512563,0
2022-07-15 16:22:27,0,0,4.761905,0,0,93.98496,1.0025063,0,0
2022-07-15 16:22:26,0,0,4.5,0.25,0,92.75,1.75,0.25,0
2022-07-15 16:22:25,0,0,4.987531,0,0,93.26683,0.9975062,0.4987531,0
2022-07-15 16:22:24,0,0,4.282116,0.2518892,0,93.95466,1.0075567,0.2518892,0
2022-07-15 16:22:23,0,0,5.012531,0.2506266,0,90.47619,3.007519,0,0
2022-07-15 16:22:22,0,0,4.239401,0,0,93.51621,1.4962594,0.2493766,0
2022-07-15 16:22:21,0,0,4.773869,0.5025126,0,92.96482,1.2562814,0,0
2022-07-15 16:22:20,0,0,4.207921,0.2475248,0,92.82178,0.990099,0.2475248,0.2475248
2022-07-15 16:22:19,0,0,4.260652,0,0,93.73434,1.5037594,0.2506266,0
2022-07-15 16:22:18,0,0,4.5,0.25,0,94,0.75,0.25,0
2022-07-15 16:22:17,0,0,5.25,0.25,0,91.75,1.25,0.25,0
2022-07-15 16:22:16,0,0,3.787879,0.2525253,0,94.44444,1.010101,0.2525253,0
2022-07-15 16:22:15,0,0,4.511278,0,0,93.48371,1.2531328,0.2506266,0
2022-07-15 16:22:14,0,0,4.5,0,0,94.25,0.75,0,0
2022-07-15 16:22:13,0,0,4.773869,0.2512563,0,92.46231,1.758794,0,0
2022-07-15 16:22:12,0,0,4.987531,0.2493766,0,93.26683,0.9975062,0.2493766,0
2022-07-15 16:22:11,0,0,4.260652,0.2506266,0,93.98496,0.7518797,0.2506266,0
2022-07-15 16:22:10,0,0,4.785894,0.2518892,0,92.9471,1.511335,0.2518892,0
2022-07-15 16:22:09,0,0,4.239401,0.2493766,0,93.76559,1.2468828,0,0
2022-07-15 16:22:08,0,0,5.012531,0,0,92.98246,1.2531328,0.2506266,0
2022-07-15 16:22:07,0,0,4.75,0,0,93.5,1.25,0,0
2022-07-15 16:22:06,0,0,4.260652,0.5012531,0,93.48371,1.0025063,0,0
2022-07-15 16:22:05,0,0,5.75,0,0,91.5,1.75,0,0
2022-07-15 16:22:04,0,0,4.010025,0.2506266,0,93.98496,1.2531328,0.2506266,0
2022-07-15 16:22:03,0,0,5.527638,0.5025126,0,90.95477,2.01005,0.2512563,0
2022-07-15 16:22:02,0,0,3.75,0,0,94.5,1.25,0.25,0
2022-07-15 16:22:01,0,0,4.522613,0,0,93.46734,1.5075377,0.2512563,0
2022-07-15 16:22:00,0,0,5.012531,0.2506266,0,92.4812,1.754386,0.2506266,0
2022-07-15 16:21:59,0,0,4.207921,0.2475248,0,92.32673,1.980198,0.4950495,0.2475248
2022-07-15 16:21:58,0,0,5.012531,0,0,92.4812,1.754386,0,0
2022-07-15 16:21:57,0,0,5.486284,0.2493766,0,91.77057,1.4962594,0.4987531,0
2022-07-15 16:21:56,0,0,3.759398,0,0,93.98496,1.5037594,0.2506266,0
2022-07-15 16:21:55,0,0,4.75,0.5,0,91.75,2.25,0.25,0
2022-07-15 16:21:54,0,0,5.012531,0.2506266,0,91.22807,2.506266,0.2506266,0
2022-07-15 16:21:53,0,0,3.75,0.25,0,94.25,1.5,0,0
2022-07-15 16:21:52,0,0,5,0.25,0,92.5,1.75,0.25,0
2022-07-15 16:21:51,0,0,5.050505,0,0,93.43434,1.2626263,0,0
2022-07-15 16:21:50,0,0,3.990025,0.2493766,0,92.01995,1.995012,0.2493766,0.2493766
2022-07-15 16:21:49,0,0,4.25,0.25,0,93.5,1.5,0.25,0
2022-07-15 16:21:48,0,0,5.012531,0.2506266,0,93.23308,1.2531328,0,0
2022-07-15 16:21:47,0,0,4.522613,0,0,93.46734,1.2562814,0.2512563,0
2022-07-15 16:21:46,0,0,5,0,0,92.25,2,0.25,0
2022-07-15 16:21:45,0,0,4.75,0.25,0,92.75,1.75,0,0
2022-07-15 16:21:44,0,0,4.271357,0,0,93.71859,1.5075377,0.2512563,0.2512563
2022-07-15 16:21:43,0,0,4.738155,0.2493766,0,93.26683,1.2468828,0.2493766,0
2022-07-15 16:21:42,0,0,4.75,0.25,0,92.5,1.5,0.25,0
2022-07-15 16:21:41,0,0,4.534005,0,0,94.20655,1.0075567,0,0
2022-07-15 16:21:40,0,0,4.738155,0.2493766,0,93.26683,1.2468828,0.2493766,0
2022-07-15 16:21:39,0,0,4.25,0,0,93.25,1.5,0.25,0
2022-07-15 16:21:38,0,0,5.037783,0,0,93.19899,1.2594458,0.2518892,0
2022-07-15 16:21:37,0,0,4.488778,0.4987531,0,92.76808,1.4962594,0.2493766,0
2022-07-15 16:21:36,0,0,5.012531,0.2506266,0,93.23308,1.0025063,0.2506266,0
2022-07-15 16:21:35,0,0,4.511278,0.2506266,0,93.23308,1.754386,0,0
2022-07-15 16:21:34,0,0,4.25,0,0,93.75,1.25,0.25,0
2022-07-15 16:21:33,0,0,5.037783,0.2518892,0,92.9471,1.2594458,0.2518892,0
2022-07-15 16:21:32,0,0,4.5,0.5,0,93.25,1.25,0.25,0
2022-07-15 16:21:31,0,0,4.785894,0.2518892,0,92.9471,1.511335,0,0
2022-07-15 16:21:30,0,0,4.987531,0.2493766,0,92.5187,1.4962594,0,0.2493766
2022-07-15 16:21:29,0,0,3.9801,0,0,94.27861,1.2437811,0.2487562,0
2022-07-15 16:21:28,0,0,5.025126,0.2512563,0,92.71357,1.5075377,0.2512563,0
2022-07-15 16:21:27,0,0,3.9801,0.2487562,0,92.78607,1.741294,0.2487562,0
2022-07-15 16:21:26,0,0,4.773869,0.2512563,0,92.71357,2.01005,0,0
2022-07-15 16:21:25,0,0,4,0.25,0,93.25,2,0.25,0
2022-07-15 16:21:24,0,0,5.693069,0.2475248,0,88.11881,2.227723,0.7425743,0.2475248
2022-07-15 16:21:23,0,0,3.5,0,0,94.5,1.75,0,0
2022-07-15 16:21:22,0,0,4.738155,0.2493766,0,94.01496,0.7481297,0,0
2022-07-15 16:21:21,0,0,4.511278,0,0,93.73434,1.2531328,0.2506266,0
2022-07-15 16:21:20,0,0,4.75,0.25,0,93,1.5,0.25,0
2022-07-15 16:21:19,0,0,4.511278,0.5012531,0,93.48371,1.0025063,0,0
2022-07-15 16:21:18,0,0,4.761905,0,0,93.23308,1.754386,0,0
2022-07-15 16:21:17,0,0,4.726368,0.2487562,0,92.53731,1.4925373,0.2487562,0.2487562
2022-07-15 16:21:16,0,0,4.522613,0,0,93.71859,1.5075377,0,0
2022-07-15 16:21:15,0,0,5.012531,0.2506266,0,92.4812,1.5037594,0.2506266,0
2022-07-15 16:21:14,0,0,4.738155,0.2493766,0,93.51621,0.9975062,0,0
2022-07-15 16:21:13,0,0,4.75,0,0,93.75,1,0.25,0
2022-07-15 16:21:12,0,0,4.511278,0,0,93.98496,1.0025063,0.2506266,0
2022-07-15 16:21:11,0,0,4.75,0.25,0,92.75,1.5,0,0.25
2022-07-15 16:21:10,0,0,5.735661,0.2493766,0,90.77307,1.995012,0.4987531,0
2022-07-15 16:21:09,0,0,3.759398,0,0,94.48622,1.2531328,0,0
2022-07-15 16:21:08,0,0,4.738155,0.2493766,0,93.01746,1.4962594,0.2493766,0
2022-07-15 16:21:07,0,0,4.738155,0,0,93.51621,1.2468828,0.2493766,0
2022-07-15 16:21:06,0,0,4.773869,0,0,92.71357,1.758794,0.2512563,0
2022-07-15 16:21:05,0,0,4.987531,0.2493766,0,93.26683,0.9975062,0.2493766,0
2022-07-15 16:21:04,0,0,5.276382,0,0,92.71357,1.2562814,0.2512563,0
2022-07-15 16:21:03,0,0,4.488778,0,0,92.01995,1.995012,0.2493766,0.2493766
2022-07-15 16:21:02,0,0,4.511278,0.2506266,0,93.48371,1.5037594,0,0
2022-07-15 16:21:01,0,0,5.025126,0.2512563,0,91.20603,1.758794,0.2512563,0
2022-07-15 16:21:00,0,0,4.020101,0,0,93.96985,1.5075377,0.2512563,0
2022-07-15 16:20:59,0,0,4.488778,0.2493766,0,93.26683,1.2468828,0.2493766,0
2022-07-15 16:20:58,0,0,5.012531,0,0,92.73183,1.754386,0,0
2022-07-15 16:20:57,0,0,4.761905,0.5012531,0,90.97744,1.5037594,0.5012531,0.2506266
2022-07-15 16:20:56,0,0,4.010025,0,0,94.23559,1.5037594,0,0
2022-07-15 16:20:55,0,0,4.738155,0,0,92.76808,1.745636,0.4987531,0
2022-07-15 16:20:54,0,0,4.239401,0.2493766,0,94.76309,0.4987531,0,0
2022-07-15 16:20:53,0,0,5.037783,0.2518892,0,92.69521,1.763224,0,0
2022-07-15 16:20:52,0,0,4.5,0,0,94,1.25,0,0
2022-07-15 16:20:51,0,0,4.477612,0.2487562,0,91.54229,1.99005,0.4975124,0
2022-07-15 16:20:50,0,0,5.012531,0.2506266,0,92.4812,1.754386,0,0
2022-07-15 16:20:49,0,0,4,0,0,94,1.5,0.25,0
2022-07-15 16:20:48,0,0,5.276382,0.2512563,0,92.71357,1.2562814,0,0
2022-07-15 16:20:47,0,0,4,0.25,0,94,1,0.25,0
2022-07-15 16:20:46,0,0,4.962779,0.248139,0,92.55583,1.4888337,0.248139,0
2022-07-15 16:20:45,0,0,4.5,0,0,93.75,1.5,0,0
2022-07-15 16:20:44,0,0,4.522613,0,0,93.21608,1.5075377,0.2512563,0
2022-07-15 16:20:43,0,0,4.773869,0.2512563,0,92.46231,1.5075377,0,0
2022-07-15 16:20:42,0,0,4,0.25,0,93.25,1.25,0.5,0
2022-07-15 16:20:41,0,0,4.987531,0.2493766,0,92.5187,1.4962594,0,0
2022-07-15 16:20:40,0,0,4.271357,0.2512563,0,93.71859,1.2562814,0.2512563,0
2022-07-15 16:20:39,0,0,4.738155,0.2493766,0,93.01746,1.2468828,0.2493766,0
2022-07-15 16:20:38,0,0,4.761905,0,0,92.23058,2.506266,0,0
2022-07-15 16:20:37,0,0,5.735661,0.2493766,0,91.27182,1.995012,0.2493766,0.2493766
2022-07-15 16:20:36,0,0,4.260652,0.2506266,0,93.23308,1.5037594,0,0.2506266
2022-07-15 16:20:35,0,0,5.012531,0.5012531,0,91.97995,1.2531328,0.2506266,0
2022-07-15 16:20:34,0,0,3.75,0.25,0,94.75,1,0,0
2022-07-15 16:20:33,0,0,4.511278,0.5012531,0,92.73183,1.2531328,0.2506266,0
2022-07-15 16:20:32,0,0,4.488778,0,0,93.51621,1.745636,0,0
2022-07-15 16:20:31,0,0,6,0,0,91.5,1.5,0,0
2022-07-15 16:20:30,0,0,3.5,0,0,94.5,1.75,0,0
2022-07-15 16:20:29,0,0,4.962779,0.248139,0,93.05211,0.9925558,0.248139,0
2022-07-15 16:20:28,0,0,4.271357,0.2512563,0,93.71859,1.2562814,0.2512563,0
2022-07-15 16:20:27,0,0,4.987531,0.2493766,0,93.26683,0.9975062,0.2493766,0
2022-07-15 16:20:26,0,0,4.738155,0,0,93.26683,1.4962594,0.2493766,0
2022-07-15 16:20:25,0,0,4.488778,0,0,93.76559,1.2468828,0.2493766,0
2022-07-15 16:20:24,0,0,4.785894,0.5037783,0,92.9471,1.511335,0.2518892,0
2022-07-15 16:20:23,0,0,4.511278,0,0,93.23308,1.5037594,0,0
2022-07-15 16:20:22,0,0,4.488778,0,0,93.01746,1.4962594,0.2493766,0.2493766
2022-07-15 16:20:21,0,0,4.962779,0,0,92.55583,1.736973,0.248139,0
2022-07-15 16:20:20,0,0,4.271357,0.2512563,0,93.71859,1.2562814,0,0
2022-07-15 16:20:19,0,0,4.75,0,0,93.75,1,0.25,0
2022-07-15 16:20:18,0,0,4.522613,0.2512563,0,93.46734,1.2562814,0,0
2022-07-15 16:20:17,0,0,5.25,0.5,0,91.25,1.5,0.25,0.75
2022-07-15 16:20:16,0,0,3.759398,0.2506266,0,94.23559,1.0025063,0,0.2506266
2022-07-15 16:20:15,0,0,4.522613,0.2512563,0,92.96482,1.758794,0.2512563,0
2022-07-15 16:20:14,0,0,4.228856,0,0,94.02985,1.2437811,0,0
2022-07-15 16:20:13,0,0,4.785894,0.2518892,0,92.69521,1.763224,0,0
2022-07-15 16:20:12,0,0,4.75,0,0,94,1.25,0,0
2022-07-15 16:20:11,0,0,4.738155,0.4987531,0,92.5187,1.745636,0,0
2022-07-15 16:20:10,0,0,4.488778,0.4987531,0,92.01995,0.9975062,0.4987531,0.4987531
2022-07-15 16:20:09,0,0,4.25,0.25,0,93,1.75,0.25,0
2022-07-15 16:20:08,0,0,4.785894,0.2518892,0,93.19899,1.2594458,0,0
2022-07-15 16:20:07,0,0,3.9801,0.2487562,0,93.78109,0.9950249,0.4975124,0.2487562
2022-07-15 16:20:06,0,0,4.75,0.25,0,93.25,1.5,0,0
2022-07-15 16:20:05,0,0,5.223881,0,0,92.53731,0.9950249,0.4975124,0.2487562
2022-07-15 16:20:04,0,0,4.488778,0.2493766,0,92.26933,1.4962594,0.2493766,0
2022-07-15 16:20:03,0,0,4.271357,0.2512563,0,94.72362,0.5025126,0,0
2022-07-15 16:20:02,0,0,4.71464,0,0,93.54839,1.4888337,0,0
2022-07-15 16:20:01,0,0,4.522613,0.2512563,0,92.71357,1.5075377,0.2512563,0
2022-07-15 16:20:00,0,0,4.488778,0,0,92.76808,1.995012,0,0
2022-07-15 16:19:59,0,0,4.511278,0.2506266,0,93.98496,1.0025063,0,0
2022-07-15 16:19:58,0,0,4.511278,0.2506266,0,92.73183,1.5037594,0.2506266,0
2022-07-15 16:19:57,0,0,4.975124,0.2487562,0,93.53234,0.9950249,0.2487562,0
2022-07-15 16:19:56,0,0,4.773869,0.2512563,0,91.9598,2.261307,0,0
2022-07-15 16:19:55,0,0,4.488778,0.2493766,0,92.76808,1.745636,0.2493766,0
2022-07-15 16:19:54,0,0,4.773869,0,0,93.71859,1.2562814,0,0
2022-07-15 16:19:53,0,0,4.477612,0.2487562,0,93.03483,1.4925373,0.2487562,0
2022-07-15 16:19:52,0,0,4.75,0.25,0,93.25,1.25,0.25,0
2022-07-15 16:19:51,0,0,4.79798,0,0,93.18182,1.5151515,0.2525253,0
2022-07-15 16:19:50,0,0,4.773869,0.2512563,0,92.46231,1.2562814,0,0.2512563
2022-07-15 16:19:49,0,0,4.239401,0,0,94.26434,0.9975062,0.2493766,0
2022-07-15 16:19:48,0,0,4.75,0.25,0,93,1.75,0,0
2022-07-15 16:19:47,0,0,4.5,0,0,93.25,1.75,0.25,0
2022-07-15 16:19:46,0,0,4.962779,0.248139,0,93.30025,0.9925558,0.248139,0
2022-07-15 16:19:45,0,0,4.271357,0,0,94.22111,0.7537688,0.2512563,0
2022-07-15 16:19:44,0,0,5.721393,0.2487562,0,91.04478,1.741294,0,0.4975124
2022-07-15 16:19:43,0,0,3.5,0,0,94.75,1.25,0,0
2022-07-15 16:19:42,0,0,5.764411,0,0,92.23058,1.2531328,0.5012531,0
2022-07-15 16:19:41,0,0,3.517588,0.2512563,0,93.46734,2.261307,0,0
2022-07-15 16:19:40,0,0,3.759398,0.5012531,0,94.23559,1.0025063,0,0
2022-07-15 16:19:39,0,0,5.012531,0,0,93.23308,1.2531328,0.2506266,0
2022-07-15 16:19:38,0,0,4.511278,0.5012531,0,91.97995,1.5037594,0.5012531,0
2022-07-15 16:19:37,0,0,4.25,0,0,93.75,1.25,0.25,0
2022-07-15 16:19:36,0,0,4.488778,0.2493766,0,92.5187,1.995012,0.2493766,0
2022-07-15 16:19:35,0,0,4.773869,0,0,93.71859,1.0050251,0,0
2022-07-15 16:19:34,0,0,4.738155,0.4987531,0,92.26933,1.4962594,0.4987531,0
2022-07-15 16:19:33,0,0,4.488778,0,0,93.51621,1.4962594,0,0
2022-07-15 16:19:32,0,0,5.25,0,0,93.25,1.25,0,0
2022-07-15 16:19:31,0,0,4.522613,0.2512563,0,93.21608,1.5075377,0.2512563,0
2022-07-15 16:19:30,0,0,4.260652,0.2506266,0,93.48371,1.5037594,0.2506266,0
2022-07-15 16:19:29,0,0,5,0,0,92.75,1.75,0.25,0
2022-07-15 16:19:28,0,0,4.282116,0.2518892,0,93.70277,1.2594458,0,0
2022-07-15 16:19:27,0,0,4.987531,0.2493766,0,93.26683,1.2468828,0,0
2022-07-15 16:19:26,0,0,4.25,0,0,93.75,1.5,0.25,0
2022-07-15 16:19:25,0,0,4.5,0.25,0,93.25,1.25,0.5,0
2022-07-15 16:19:24,0,0,5.75,0.25,0,92.25,1.25,0.25,0
2022-07-15 16:19:23,0,0,3.015075,0.2512563,0,94.72362,1.0050251,0,0
2022-07-15 16:19:22,0,0,4.950495,0.2475248,0,92.82178,1.4851485,0.4950495,0
2022-07-15 16:19:21,0,0,4.239401,0.2493766,0,93.26683,1.2468828,0.2493766,0
2022-07-15 16:19:20,0,0,5.025126,0,0,93.46734,1.0050251,0.2512563,0
2022-07-15 16:19:19,0,0,4.511278,0,0,93.73434,1.2531328,0.2506266,0
2022-07-15 16:19:18,0,0,4.738155,0.4987531,0,92.26933,1.745636,0,0
2022-07-15 16:19:17,0,0,4.239401,0.2493766,0,91.02244,1.4962594,0.2493766,1.2468828
2022-07-15 16:19:16,0,0,5.970149,0.2487562,0,91.29353,1.4925373,0.2487562,0
2022-07-15 16:19:15,0,0,3.491272,0.2493766,0,95.01247,0.9975062,0,0
2022-07-15 16:19:14,0,0,3.778338,0.2518892,0,94.71033,0.7556675,0.2518892,0
2022-07-15 16:19:13,0,0,4.488778,0,0,93.01746,1.745636,0.2493766,0
2022-07-15 16:19:12,0,0,5,0.25,0,93.5,0.75,0,0
2022-07-15 16:19:11,0,0,4.239401,0,0,93.01746,1.745636,0.2493766,0.2493766
2022-07-15 16:19:10,0,0,4.010025,0.2506266,0,93.73434,1.5037594,0,0
2022-07-15 16:19:09,0,0,4.761905,0,0,93.73434,1.0025063,0.2506266,0
2022-07-15 16:19:08,0,0,4.488778,0.2493766,0,93.01746,1.2468828,0.2493766,0
2022-07-15 16:19:07,0,0,4.75,0.25,0,94,0.5,0,0
2022-07-15 16:19:06,0,0,4.726368,0.2487562,0,93.28358,1.4925373,0,0
2022-07-15 16:19:05,0,0,5.025126,0,0,92.96482,1.2562814,0.5025126,0
2022-07-15 16:19:04,0,0,5,0.25,0,92.5,2,0,0
2022-07-15 16:19:03,0,0,4.218362,0.248139,0,93.30025,1.4888337,0.248139,0
2022-07-15 16:19:02,0,0,5.527638,0,0,93.21608,1.0050251,0,0
2022-07-15 16:19:01,0,0,4.534005,0,0,92.9471,1.511335,0.2518892,0
2022-07-15 16:19:00,0,0,4.71464,0.248139,0,92.80397,1.736973,0,0
2022-07-15 16:18:59,0,0,4.534005,0,0,93.70277,1.2594458,0,0
2022-07-15 16:18:58,0,0,4.726368,0.4975124,0,92.78607,1.4925373,0.2487562,0
2022-07-15 16:18:57,0,0,4.761905,0.2506266,0,91.22807,1.5037594,0,1.754386
2022-07-15 16:18:56,0,0,3.740648,0.4987531,0,94.26434,1.2468828,0,0.2493766
2022-07-15 16:18:55,0,0,4.020101,0,0,93.71859,1.5075377,0.2512563,0
2022-07-15 16:18:54,0,0,4.761905,0.2506266,0,92.4812,2.005013,0,0
2022-07-15 16:18:53,0,0,4.726368,0,0,93.28358,1.2437811,0.2487562,0.2487562
2022-07-15 16:18:52,0,0,4.534005,0.2518892,0,93.95466,1.0075567,0,0
2022-07-15 16:18:51,0,0,5.236908,0.2493766,0,91.27182,1.745636,0.4987531,0
2022-07-15 16:18:50,0,0,4.738155,0,0,93.01746,1.2468828,0,0.2493766
2022-07-15 16:18:49,0,0,4.050633,0.2531646,0,93.41772,1.2658228,0,0.2531646
2022-07-15 16:18:48,0,0,3.266332,0.2512563,0,94.22111,1.2562814,0.2512563,0
2022-07-15 16:18:47,0,0,3.731343,0.2487562,0,93.53234,2.238806,0,0
2022-07-15 16:18:46,0,0,3.526448,0,0,94.20655,1.763224,0,0
2022-07-15 16:18:45,0,0,3.740648,0.4987531,0,92.26933,1.4962594,0,1.4962594
2022-07-15 16:18:44,0,0,2.756892,0,0,94.98747,1.754386,0,0
2022-07-15 16:18:43,0,0,2.736318,0.2487562,0,95.52239,1.2437811,0,0
2022-07-15 16:18:42,0,0,2.506266,0,0,95.48872,1.754386,0,0
2022-07-15 16:18:41,0,0,2.512563,0.2512563,0,95.47739,1.5075377,0,0
2022-07-15 16:18:40,0,0,2.5,0.25,0,94.75,1.75,0.25,0
2022-07-15 16:18:39,0,0,2.512563,0,0,95.22613,1.5075377,0,0
2022-07-15 16:18:38,0,0,2.729529,0.248139,0,94.78908,1.736973,0.248139,0
2022-07-15 16:18:37,0,0,2.493766,0,0,95.01247,1.745636,0,0
2022-07-15 16:18:36,0,0,2.518892,0.2518892,0,95.21411,1.763224,0.2518892,0
2022-07-15 16:18:35,0,0,2.992519,0.2493766,0,95.26185,0.9975062,0,0
2022-07-15 16:18:34,0,0,2.244389,0,0,95.51122,1.745636,0.2493766,0
2022-07-15 16:18:33,0,0,2.75,0,0,95.5,1.25,0,0
2022-07-15 16:18:32,0,0,2.512563,0.2512563,0,95.72864,0.7537688,0.5025126,0
2022-07-15 16:18:31,0,0,4.020101,0,0,93.96985,1.0050251,0,0.2512563
2022-07-15 16:18:30,0,0,1.2468828,0,0,97.50623,0.4987531,0.2493766,0
2022-07-15 16:18:29,0,0,1.2531328,0.2506266,0,96.99248,1.2531328,0,0
2022-07-15 16:18:28,0,0,0.75,0.25,0,97,1.5,0.25,0
2022-07-15 16:18:27,0,0,0.7537688,0.5025126,0,96.98492,1.2562814,0.2512563,0
2022-07-15 16:18:26,0,0,0.7556675,0,0,96.47355,2.015113,0,0
2022-07-15 16:18:25,0,0,0.9950249,0.2487562,0,96.0199,1.741294,0.2487562,0
2022-07-15 16:18:24,0,0,0.75,0.25,0,96.5,1.25,0,0.25
2022-07-15 16:18:23,0,0,0.5,0,0,97.75,1.5,0.25,0
2022-07-15 16:18:22,0,0,0.7481297,0.2493766,0,97.00748,0.9975062,0.2493766,0
2022-07-15 16:18:21,0,0,0.7556675,0,0,97.48111,1.2594458,0,0
2022-07-15 16:18:20,0,0,0.9975062,0.4987531,0,97.25686,0.7481297,0.2493766,0
2022-07-15 16:18:19,0,0,0.7518797,0.2506266,0,96.49123,1.0025063,0.2506266,0.2506266
2022-07-15 16:18:18,0,0,0.75,0,0,96.75,1.75,0.25,0
2022-07-15 16:18:17,0,0,0.9975062,0,0,97.75561,0.9975062,0,0
2022-07-15 16:18:16,0,0,0.5,0,0,97.25,1.25,0.25,0.25
2022-07-15 16:18:15,0,0,0.7518797,0.2506266,0,95.98997,2.506266,0.2506266,0
2022-07-15 16:18:14,0,0,0.7462687,0,0,97.01493,0.9950249,0.4975124,0
2022-07-15 16:18:13,0,0,0.7575758,0,0,97.22222,1.5151515,0,0
2022-07-15 16:18:12,0,0,0.75,0.25,0,96.5,1.5,0.25,0
2022-07-15 16:18:11,0,0,0.7518797,0,0,97.24311,1.5037594,0.2506266,0
2022-07-15 16:18:10,0,0,0.7462687,0.2487562,0,96.76617,0.9950249,0.2487562,0
2022-07-15 16:18:09,0,0,1.0050251,0.2512563,0,96.73367,1.5075377,0.2512563,0
2022-07-15 16:18:08,0,0,0.5012531,0,0,97.74436,1.0025063,0.2506266,0
2022-07-15 16:18:07,0,0,1.0025063,0.2506266,0,96.2406,2.255639,0,0
2022-07-15 16:18:06,0,0,0.7481297,0.4987531,0,95.01247,1.995012,0.2493766,0.2493766
2022-07-15 16:18:05,0,0,1.5037594,0,0,96.2406,1.5037594,0.2506266,0
2022-07-15 16:18:04,0,0,0.75,0.25,0,97.75,1,0,0
2022-07-15 16:18:03,0,0,0.5,0,0,97.25,1.5,0.25,0
2022-07-15 16:18:02,0,0,0.5,0,0,97.75,1.5,0,0
2022-07-15 16:18:01,0,0,0.5037783,0.2518892,0,96.97733,1.0075567,0.2518892,0
2022-07-15 16:18:00,0,0,0.7462687,0.2487562,0,97.01493,1.2437811,0.2487562,0
2022-07-15 16:17:59,0,0,0.5037783,0,0,97.733,1.2594458,0,0
2022-07-15 16:17:58,0,0,0.4962779,0.248139,0,96.77419,1.2406948,0.248139,0
2022-07-15 16:17:57,0,0,0.5,0.25,0,97.25,1.25,0.25,0
2022-07-15 16:17:56,0,0,1.0025063,0,0,96.99248,1.754386,0,0
2022-07-15 16:17:55,0,0,1.2594458,0,0,96.97733,1.2594458,0,0
2022-07-15 16:17:54,0,0,1.736973,0.4962779,0,96.02978,0.9925558,0,0
2022-07-15 16:17:53,0,0,1.5,0,0,96.25,1.25,0.25,0
2022-07-15 16:17:52,0,0,2.506266,0.5012531,0,95.98997,0.7518797,0,0
2022-07-15 16:17:51,0,0,2.75,0,0,94.5,1.75,0.5,0
2022-07-15 16:17:50,0,0,2.255639,0.2506266,0,94.98747,1.754386,0,0
2022-07-15 16:17:49,0,0,3,0,0,95.25,1.5,0.25,0
2022-07-15 16:17:48,0,0,2.244389,0.2493766,0,95.7606,1.2468828,0,0
2022-07-15 16:17:47,0,0,2.977667,0,0,95.03722,1.736973,0.248139,0
2022-07-15 16:17:46,0,0,2.255639,0,0,95.98997,1.2531328,0,0
2022-07-15 16:17:45,0,0,3.258145,0,0,95.48872,1.2531328,0,0
2022-07-15 16:17:44,0,0,2.25,0.25,0,95.5,1.25,0.25,0
2022-07-15 16:17:43,0,0,2.756892,0,0,96.2406,0.7518797,0,0
2022-07-15 16:17:42,0,0,2.48139,0,0,95.78164,1.2406948,0.248139,0
2022-07-15 16:17:41,0,0,2.756892,0,0,94.48622,1.754386,0,0
2022-07-15 16:17:40,0,0,2.75,0.25,0,95,1.25,0.25,0
2022-07-15 16:17:39,0,0,2.5,0,0,95.5,1.5,0,0
2022-07-15 16:17:38,0,0,3.015075,0.2512563,0,95.22613,1.2562814,0,0
2022-07-15 16:17:37,0,0,3.722084,0.248139,0,93.79653,1.736973,0.248139,0
2022-07-15 16:17:36,0,0,3.526448,0.2518892,0,94.71033,1.0075567,0.2518892,0
2022-07-15 16:17:35,0,0,3.508772,0,0,95.48872,0.7518797,0,0
2022-07-15 16:17:34,0,0,3.75,0.25,0,95,0.5,0.25,0
2022-07-15 16:17:33,0,0,3.5,0,0,95,1.25,0,0
2022-07-15 16:17:32,0,0,5.223881,0.4975124,0,91.54229,1.741294,0,0.2487562
2022-07-15 16:17:31,0,0,3.517588,0.2512563,0,94.97487,0.5025126,0,0
2022-07-15 16:17:30,0,0,4,0,0,94.75,1,0,0
2022-07-15 16:17:29,0,0,5.276382,0,0,93.21608,1.0050251,0,0
2022-07-15 16:17:28,0,0,5.25,0.5,0,91.25,2,0,0
2022-07-15 16:17:27,0,0,3.759398,0,0,94.48622,0.7518797,0,0.2506266
2022-07-15 16:17:26,0,0,4.239401,0.2493766,0,94.26434,0.7481297,0.2493766,0
2022-07-15 16:17:25,0,0,4.987531,0,0,93.51621,0.9975062,0.2493766,0
2022-07-15 16:17:24,0,0,4.25,0,0,93.75,1.25,0.25,0
2022-07-15 16:17:23,0,0,4.761905,0.2506266,0,93.23308,1.2531328,0,0
2022-07-15 16:17:22,0,0,4.455446,0.2475248,0,93.81188,0.990099,0.2475248,0
2022-07-15 16:17:21,0,0,4.556962,0.2531646,0,92.1519,1.772152,0.5063291,0
2022-07-15 16:17:20,0,0,4.975124,0.2487562,0,92.0398,1.741294,0.4975124,0
2022-07-15 16:17:19,0,0,3.759398,0.2506266,0,94.98747,0.7518797,0,0
2022-07-15 16:17:18,0,0,5.263158,0,0,92.73183,1.2531328,0,0
2022-07-15 16:17:17,0,0,4.5,0,0,93.5,1.5,0.25,0
2022-07-15 16:17:16,0,0,4.522613,0,0,92.96482,1.5075377,0.2512563,0
2022-07-15 16:17:15,0,0,4.987531,0,0,93.01746,1.4962594,0.2493766,0
2022-07-15 16:17:14,0,0,4.282116,0,0,94.71033,0.7556675,0,0
2022-07-15 16:17:13,0,0,5.985037,0.2493766,0,90.52369,1.4962594,0.2493766,0
2022-07-15 16:17:12,0,0,3.233831,0.2487562,0,95.27363,0.7462687,0.2487562,0
2022-07-15 16:17:11,0,0,4.260652,0,0,93.23308,1.2531328,0.2506266,0
2022-07-15 16:17:10,0,0,4.975124,0,0,93.03483,1.4925373,0.2487562,0
2022-07-15 16:17:09,0,0,4.271357,0.2512563,0,92.71357,2.01005,0.2512563,0
2022-07-15 16:17:08,0,0,8.312343,0.5037783,0,87.90932,1.511335,0,1.2594458
2022-07-15 16:17:07,0,0,5.707196,0.248139,0,90.81886,2.233251,0.248139,0.4962779
2022-07-15 16:17:06,0,0,1.2562814,0,0,96.98492,1.0050251,0,0.2512563
2022-07-15 16:17:05,0,0,5.223881,0,0,90.79602,1.741294,0.2487562,0
2022-07-15 16:17:04,0,0,3.768844,0.2512563,0,94.47236,1.5075377,0,0
2022-07-15 16:17:03,0,0,4.282116,0.2518892,0,93.19899,1.763224,0,0
2022-07-15 16:17:02,0,0,5.236908,0,0,92.5187,1.745636,0.2493766,0
2022-07-15 16:17:01,0,0,4.5,0.25,0,92.25,1.5,0,0
2022-07-15 16:17:00,0,0,4,0.25,0,93.5,1.75,0.25,0
2022-07-15 16:16:59,0,0,4.75,0,0,93.5,1.5,0,0
2022-07-15 16:16:58,0,0,4.511278,0,0,93.48371,1.754386,0,0
2022-07-15 16:16:57,0,0,4.75,0,0,93,1.25,0.25,0
2022-07-15 16:16:56,0,0,4.228856,0.2487562,0,93.53234,1.4925373,0.2487562,0
2022-07-15 16:16:55,0,0,4.773869,0.2512563,0,92.21106,2.01005,0.2512563,0
2022-07-15 16:16:54,0,0,4.511278,0.2506266,0,93.73434,1.2531328,0,0
2022-07-15 16:16:53,0,0,4.71464,0,0,93.05211,1.4888337,0.248139,0
2022-07-15 16:16:52,0,0,4.79798,0.2525253,0,92.92929,1.767677,0,0
2022-07-15 16:16:51,0,0,4.488778,0,0,93.26683,1.2468828,0.4987531,0
2022-07-15 16:16:50,0,0,5.012531,0.2506266,0,92.73183,1.754386,0,0
2022-07-15 16:16:49,0,0,4.5,0,0,94,1.25,0,0
2022-07-15 16:16:48,0,0,4.5,0.5,0,93,1.25,0.5,0
2022-07-15 16:16:47,0,0,5.486284,0.2493766,0,91.27182,1.995012,0.4987531,0
2022-07-15 16:16:46,0,0,3.740648,0.2493766,0,93.26683,1.2468828,0,0.2493766
2022-07-15 16:16:45,0,0,4.726368,0,0,93.28358,0.9950249,0.2487562,0
2022-07-15 16:16:44,0,0,4.260652,0.2506266,0,94.23559,0.7518797,0.2506266,0
2022-07-15 16:16:43,0,0,4.726368,0.4975124,0,92.78607,1.741294,0,0
2022-07-15 16:16:42,0,0,4.79798,0,0,93.68687,1.010101,0,0
2022-07-15 16:16:41,0,0,4.477612,0.2487562,0,93.28358,1.2437811,0.4975124,0
2022-07-15 16:16:40,0,0,4.785894,0,0,91.68766,1.2594458,0,1.0075567
2022-07-15 16:16:39,0,0,4.738155,0.2493766,0,93.26683,1.2468828,0.2493766,0
2022-07-15 16:16:38,0,0,3.759398,0,0,93.73434,1.754386,0,0.2506266
2022-07-15 16:16:37,0,0,3.491272,0.4987531,0,94.26434,0.9975062,0.2493766,0
2022-07-15 16:16:36,0,0,4.761905,0.2506266,0,92.98246,1.5037594,0.2506266,0
2022-07-15 16:16:35,0,0,5.012531,0.2506266,0,92.98246,1.5037594,0.2506266,0
2022-07-15 16:16:34,0,0,4.010025,0,0,93.98496,1.0025063,0,0
2022-07-15 16:16:33,0,0,4.466501,0.248139,0,94.04467,0.7444169,0.248139,0
2022-07-15 16:16:32,0,0,4.5,0,0,94.5,0.75,0,0
2022-07-15 16:16:31,0,0,4.987531,0.2493766,0,92.26933,1.745636,0.2493766,0
2022-07-15 16:16:30,0,0,4.228856,0,0,93.78109,1.4925373,0.2487562,0
2022-07-15 16:16:29,0,0,4.773869,0.2512563,0,93.46734,1.0050251,0.2512563,0
2022-07-15 16:16:28,0,0,4.522613,0,0,93.46734,1.2562814,0.2512563,0
2022-07-15 16:16:27,0,0,4.239401,0,0,94.01496,1.2468828,0.2493766,0
2022-07-15 16:16:26,0,0,5.025126,0.2512563,0,92.71357,1.758794,0,0
2022-07-15 16:16:25,0,0,4.488778,0.2493766,0,93.01746,1.745636,0.2493766,0
2022-07-15 16:16:24,0,0,4.488778,0,0,94.01496,0.9975062,0.2493766,0
2022-07-15 16:16:23,0,0,4.239401,0.2493766,0,93.26683,1.745636,0,0
2022-07-15 16:16:22,0,0,5,0.25,0,92.25,1.25,0.5,0
2022-07-15 16:16:21,0,0,4.738155,0.2493766,0,92.76808,1.745636,0,0
2022-07-15 16:16:20,0,0,5.276382,0,0,92.96482,1.0050251,0,0
2022-07-15 16:16:19,0,0,3.768844,0,0,93.96985,1.758794,0,0
2022-07-15 16:16:18,0,0,4.987531,0.4987531,0,92.5187,1.2468828,0.2493766,0
2022-07-15 16:16:17,0,0,4.773869,0,0,94.22111,0.7537688,0.2512563,0
2022-07-15 16:16:16,0,0,4.75,0.25,0,92.5,2,0,0
2022-07-15 16:16:15,0,0,4.260652,0.2506266,0,92.73183,1.754386,0.2506266,0
2022-07-15 16:16:14,0,0,5.25,0.5,0,92.25,1.5,0,0
2022-07-15 16:16:13,0,0,4.010025,0.2506266,0,91.72932,1.5037594,0,1.5037594
2022-07-15 16:16:12,0,0,5.486284,0.2493766,0,91.5212,1.4962594,0.2493766,0.2493766
2022-07-15 16:16:11,0,0,3.778338,0.2518892,0,93.45088,1.0075567,0.2518892,0
2022-07-15 16:16:10,0,0,3.990025,0.2493766,0,94.76309,0.7481297,0.2493766,0
2022-07-15 16:16:09,0,0,4.738155,0.2493766,0,92.76808,1.4962594,0.2493766,0.2493766
2022-07-15 16:16:08,0,0,5,0.25,0,93,1.25,0,0
2022-07-15 16:16:07,0,0,4,0.5,0,93.75,1.5,0.25,0
2022-07-15 16:16:06,0,0,4.726368,0.2487562,0,93.28358,0.9950249,0.2487562,0
2022-07-15 16:16:05,0,0,4.785894,0,0,93.19899,1.511335,0.2518892,0
2022-07-15 16:16:04,0,0,4.987531,0.2493766,0,92.76808,1.745636,0,0
2022-07-15 16:16:03,0,0,4.260652,0.5012531,0,93.48371,0.7518797,0.2506266,0
2022-07-15 16:16:02,0,0,4.987531,0,0,93.01746,1.4962594,0.2493766,0
2022-07-15 16:16:01,0,0,4.785894,0.2518892,0,92.9471,1.2594458,0.2518892,0
2022-07-15 16:16:00,0,0,4.25,0,0,94.5,1,0,0
2022-07-15 16:15:59,0,0,4.950495,0.2475248,0,92.57426,1.4851485,0.2475248,0
2022-07-15 16:15:58,0,0,4.282116,0,0,94.20655,1.2594458,0,0.2518892
2022-07-15 16:15:57,0,0,4.75,0,0,93.75,1.25,0,0
2022-07-15 16:15:56,0,0,4.75,0,0,93.25,1.25,0.25,0
2022-07-15 16:15:55,0,0,4.228856,0.2487562,0,93.78109,0.9950249,0.2487562,0
2022-07-15 16:15:54,0,0,5.050505,0.2525253,0,93.18182,1.5151515,0,0
2022-07-15 16:15:53,0,0,4.271357,0.2512563,0,92.71357,1.5075377,0,0
2022-07-15 16:15:52,0,0,4.738155,0,0,93.76559,0.9975062,0.2493766,0
2022-07-15 16:15:51,0,0,4.773869,0.5025126,0,93.21608,0.7537688,0.2512563,0
2022-07-15 16:15:50,0,0,4.488778,0,0,93.51621,1.4962594,0.2493766,0
2022-07-15 16:15:49,0,0,5.025126,0.2512563,0,93.21608,1.2562814,0,0
2022-07-15 16:15:48,0,0,4.466501,0.248139,0,93.30025,1.2406948,0.248139,0
2022-07-15 16:15:47,0,0,5.778894,0.2512563,0,91.9598,1.2562814,0,0.2512563
2022-07-15 16:15:46,0,0,5.513784,0.2506266,0,92.23058,1.5037594,0.2506266,0
2022-07-15 16:15:45,0,0,3.740648,0,0,92.26933,1.2468828,0,1.745636
2022-07-15 16:15:44,0,0,4.25,0,0,94,1,0.25,0
2022-07-15 16:15:43,0,0,4.260652,0.2506266,0,92.98246,2.005013,0,0
2022-07-15 16:15:42,0,0,5,0.25,0,93,1.5,0,0
2022-07-15 16:15:41,0,0,5,0.25,0,92,1.5,0.25,0
2022-07-15 16:15:40,0,0,3.740648,0.2493766,0,93.51621,1.745636,0.2493766,0.2493766
2022-07-15 16:15:39,0,0,5.5,0,0,93,1.25,0,0
2022-07-15 16:15:38,0,0,4.020101,0.5025126,0,93.46734,1.5075377,0.2512563,0
2022-07-15 16:15:37,0,0,5.210918,0,0,92.55583,1.2406948,0.248139,0
2022-07-15 16:15:36,0,0,4.522613,0,0,93.71859,1.2562814,0,0
2022-07-15 16:15:35,0,0,4.738155,0.2493766,0,93.76559,0.9975062,0,0
2022-07-15 16:15:34,0,0,4.987531,0,0,89.52618,4.488778,0.2493766,0
2022-07-15 16:15:33,0,0,4.761905,0,0,93.73434,1.0025063,0.2506266,0
2022-07-15 16:15:32,0,0,4.75,0,0,93,1.5,0.25,0
2022-07-15 16:15:31,0,0,5.276382,0.5025126,0,91.45729,2.261307,0,0
2022-07-15 16:15:30,0,0,4.239401,0,0,93.51621,1.4962594,0.2493766,0
2022-07-15 16:15:29,0,0,5.5,0,0,92.5,1.25,0.25,0
2022-07-15 16:15:28,0,0,4.25,0.75,0,94,0.75,0,0
2022-07-15 16:15:27,0,0,5.25,0.25,0,90.5,1.75,0.5,1.25
2022-07-15 16:15:26,0,0,3.759398,0.2506266,0,93.73434,1.5037594,0.2506266,0
2022-07-15 16:15:25,0,0,4.25,0,0,94.75,0.75,0,0
2022-07-15 16:15:24,0,0,4.738155,0.2493766,0,93.01746,1.2468828,0.2493766,0
2022-07-15 16:15:23,0,0,4.761905,0,0,93.98496,1.0025063,0,0
2022-07-15 16:15:22,0,0,4.761905,0.2506266,0,93.23308,1.5037594,0,0
2022-07-15 16:15:21,0,0,5.012531,0.2506266,0,92.73183,1.5037594,0.2506266,0
2022-07-15 16:15:20,0,0,4.987531,0.2493766,0,91.5212,1.2468828,0.2493766,0.4987531
2022-07-15 16:15:19,0,0,5.778894,0.2512563,0,90.20101,2.512563,0.5025126,0
2022-07-15 16:15:18,0,0,3.517588,0.2512563,0,94.22111,1.2562814,0,0
2022-07-15 16:15:17,0,0,4.488778,0.4987531,0,93.51621,0.7481297,0.2493766,0
2022-07-15 16:15:16,0,0,4.25,0.25,0,93.75,1.25,0,0
2022-07-15 16:15:15,0,0,5.985037,0,0,90.52369,1.2468828,0.2493766,0.7481297
2022-07-15 16:15:14,0,0,3,0.25,0,95,1,0.25,0
2022-07-15 16:15:13,0,0,5.223881,0.2487562,0,92.0398,1.4925373,0,0.2487562
2022-07-15 16:15:12,0,0,4.522613,0.2512563,0,93.71859,1.2562814,0,0
2022-07-15 16:15:11,0,0,8.02005,0,0,90.47619,1.0025063,0.2506266,0
2022-07-15 16:15:10,0,0,4.522613,0.2512563,0,93.21608,1.5075377,0,0.2512563
2022-07-15 16:15:09,0,0,4.228856,0.2487562,0,93.53234,1.2437811,0.2487562,0.2487562
2022-07-15 16:15:08,0,0,4.5,0,0,93,1.5,0.25,0.5
2022-07-15 16:15:07,0,0,3.75,0,0,94.75,1.25,0.25,0
2022-07-15 16:15:06,0,0,4.25,0,0,93.5,1.25,0,0.5
2022-07-15 16:15:05,0,0,5.735661,0.2493766,0,92.26933,1.2468828,0.2493766,0
2022-07-15 16:15:04,0,0,4.5,0,0,93.75,1.25,0,0
2022-07-15 16:15:03,0,0,5.263158,0.2506266,0,92.98246,1.0025063,0.2506266,0
2022-07-15 16:15:02,0,0,4.466501,0.248139,0,93.79653,0.9925558,0.248139,0
2022-07-15 16:15:01,0,0,4.785894,0.2518892,0,92.9471,1.0075567,0.2518892,0
2022-07-15 16:15:00,0,0,4.975124,0.2487562,0,92.53731,1.4925373,0.2487562,0
2022-07-15 16:14:59,0,0,4.5,0.25,0,92.75,1.5,0.25,0.25
2022-07-15 16:14:58,0,0,4.5,0,0,94.5,0.75,0,0
2022-07-15 16:14:57,0,0,4.987531,0.2493766,0,93.01746,1.2468828,0.2493766,0
2022-07-15 16:14:56,0,0,4.79798,0.2525253,0,93.68687,1.010101,0,0
2022-07-15 16:14:55,0,0,4.75,0.25,0,92.5,2,0,0
2022-07-15 16:14:54,0,0,5,0.25,0,93,1.25,0.25,0
2022-07-15 16:14:53,0,0,4.761905,0,0,92.98246,1.2531328,0,0.2506266
2022-07-15 16:14:52,0,0,4.488778,0,0,92.5187,1.745636,0.4987531,0
2022-07-15 16:14:51,0,0,4.239401,0.4987531,0,93.01746,1.4962594,0.2493766,0
2022-07-15 16:14:50,0,0,5.25,0.25,0,93,1.25,0,0
2022-07-15 16:14:49,0,0,4.5,0,0,93.25,1.5,0.25,0.25
2022-07-15 16:14:48,0,0,5.735661,0.2493766,0,91.02244,1.745636,0,0
2022-07-15 16:14:47,0,0,3.75,0.25,0,93.5,1.75,0.25,0
2022-07-15 16:14:46,0,0,4.5,0,0,93.75,1.25,0.25,0
2022-07-15 16:14:45,0,0,5.050505,0,0,93.93939,1.010101,0,0
2022-07-15 16:14:44,0,0,4.466501,0.4962779,0,92.55583,1.736973,0.248139,0
2022-07-15 16:14:43,0,0,5.263158,0.2506266,0,92.98246,1.0025063,0.2506266,0
2022-07-15 16:14:42,0,0,4.545455,0,0,93.93939,1.010101,0,0
2022-07-15 16:14:41,0,0,4.738155,0,0,93.01746,1.4962594,0,0
2022-07-15 16:14:40,0,0,4.773869,0.2512563,0,93.21608,1.758794,0,0
2022-07-15 16:14:39,0,0,4.71464,0.248139,0,93.05211,0.9925558,0.248139,0.248139
2022-07-15 16:14:38,0,0,5,0,0,93.5,1,0.25,0
2022-07-15 16:14:37,0,0,5.012531,0.2506266,0,91.97995,2.005013,0.2506266,0
2022-07-15 16:14:36,0,0,4.25,0,0,94.5,0.75,0.25,0
2022-07-15 16:14:35,0,0,5.210918,0.248139,0,92.05955,1.736973,0.248139,0
2022-07-15 16:14:34,0,0,4.79798,0,0,93.43434,1.5151515,0,0
2022-07-15 16:14:33,0,0,4.738155,0.2493766,0,92.76808,1.2468828,0,0
2022-07-15 16:14:32,0,0,4.511278,0.2506266,0,93.48371,1.2531328,0.2506266,0
2022-07-15 16:14:31,0,0,5,0,0,92.25,1.75,0,0
2022-07-15 16:14:30,0,0,4.511278,0,0,93.73434,1.0025063,0.5012531,0
2022-07-15 16:14:29,0,0,4.75,0,0,93.25,1.5,0,0
2022-07-15 16:14:28,0,0,4.738155,0.4987531,0,93.26683,1.4962594,0,0
2022-07-15 16:14:27,0,0,5.223881,0.4975124,0,89.801,1.99005,0.2487562,0.2487562
2022-07-15 16:14:26,0,0,4.511278,0.5012531,0,92.23058,1.5037594,0.2506266,0
2022-07-15 16:14:25,0,0,3.759398,0.2506266,0,94.73684,1.0025063,0,0
2022-07-15 16:14:24,0,0,4.726368,0,0,93.28358,1.4925373,0.2487562,0
2022-07-15 16:14:23,0,0,5.263158,0,0,92.98246,1.2531328,0,0
2022-07-15 16:14:22,0,0,5,0,0,93.5,1,0.25,0
2022-07-15 16:14:21,0,0,4.962779,0.7444169,0,91.067,1.985112,0,0.248139
2022-07-15 16:14:20,0,0,4.511278,0,0,94.48622,0.7518797,0,0
2022-07-15 16:14:19,0,0,5.263158,0,0,92.73183,1.5037594,0.2506266,0
2022-07-15 16:14:18,0,0,4.25,0,0,94.25,1.25,0,0
2022-07-15 16:14:17,0,0,5.210918,0,0,93.05211,1.4888337,0,0
2022-07-15 16:14:16,0,0,4.556962,0,0,93.41772,1.5189873,0.2531646,0
2022-07-15 16:14:15,0,0,4.987531,0,0,93.26683,1.2468828,0,0
2022-07-15 16:14:14,0,0,5.012531,0.2506266,0,91.4787,2.756892,0.2506266,0
2022-07-15 16:14:13,0,0,4.534005,0,0,93.70277,1.2594458,0,0
2022-07-15 16:14:12,0,0,5.223881,0,0,93.03483,1.2437811,0.2487562,0
2022-07-15 16:14:11,0,0,4.260652,0,0,93.23308,1.5037594,0.2506266,0
2022-07-15 16:14:10,0,0,5.012531,0.5012531,0,92.73183,1.5037594,0,0
2022-07-15 16:14:09,0,0,5,0.25,0,92.25,1.75,0.25,0
2022-07-15 16:14:08,0,0,4.522613,0,0,93.46734,1.758794,0,0
2022-07-15 16:14:07,0,0,5.721393,0.2487562,0,90.54726,1.99005,0.2487562,0.2487562
2022-07-15 16:14:06,0,0,3.768844,0,0,94.22111,1.5075377,0,0
2022-07-15 16:14:05,0,0,5.896806,0.2457002,0,91.40049,1.2285012,0.2457002,0.2457002
2022-07-15 16:14:04,0,0,5.037783,0,0,93.70277,1.0075567,0,0
2022-07-15 16:14:03,0,0,4.738155,0,0,93.01746,1.745636,0.2493766,0
2022-07-15 16:14:02,0,0,5.025126,0.2512563,0,92.46231,1.5075377,0.2512563,0
2022-07-15 16:14:01,0,0,4.534005,0,0,93.19899,1.763224,0,0
2022-07-15 16:14:00,0,0,5.236908,0.2493766,0,92.01995,1.4962594,0,0
2022-07-15 16:13:59,0,0,4.511278,0.2506266,0,93.48371,0.7518797,0.2506266,0.5012531
2022-07-15 16:13:58,0,0,4,0.25,0,93.5,1.75,0.25,0
2022-07-15 16:13:57,0,0,4.962779,0.4962779,0,91.81141,2.233251,0,0
2022-07-15 16:13:56,0,0,4.810127,0.2531646,0,93.41772,1.2658228,0,0
2022-07-15 16:13:55,0,0,5.459057,0.248139,0,91.067,1.4888337,0.4962779,0.248139
2022-07-15 16:13:54,0,0,3.9801,0.4975124,0,93.78109,1.2437811,0.2487562,0
2022-07-15 16:13:53,0,0,4.5,0,0,94,1,0,0
2022-07-15 16:13:52,0,0,4.75,0,0,93.25,1,0.5,0
2022-07-15 16:13:51,0,0,5.037783,0.2518892,0,92.9471,1.0075567,0,0
2022-07-15 16:13:50,0,0,4.738155,0.2493766,0,93.51621,0.9975062,0,0
2022-07-15 16:13:49,0,0,4.75,0,0,92.5,2.25,0.25,0
2022-07-15 16:13:48,0,0,4.75,0.25,0,93.75,1,0.25,0
2022-07-15 16:13:47,0,0,5.037783,0,0,93.19899,1.2594458,0,0
2022-07-15 16:13:46,0,0,4.738155,0,0,93.01746,1.745636,0.2493766,0
2022-07-15 16:13:45,0,0,4.761905,0,0,93.23308,1.5037594,0,0
2022-07-15 16:13:44,0,0,4.987531,0.2493766,0,93.51621,0.4987531,0.2493766,0
2022-07-15 16:13:43,0,0,4.218362,0.248139,0,93.05211,1.736973,0.248139,0
2022-07-15 16:13:42,0,0,5.5,0,0,92.25,1.5,0,0
2022-07-15 16:13:41,0,0,4.020101,0.2512563,0,93.71859,1.0050251,0.2512563,0.2512563
2022-07-15 16:13:40,0,0,5.513784,0.2506266,0,91.97995,1.754386,0,0
2022-07-15 16:13:39,0,0,4.218362,0.248139,0,93.30025,1.736973,0,0
2022-07-15 16:13:38,0,0,4.75,0,0,93.25,1.5,0.25,0
2022-07-15 16:13:37,0,0,4.738155,0.2493766,0,92.76808,1.995012,0,0
2022-07-15 16:13:36,0,0,4.511278,0.2506266,0,93.48371,1.2531328,0.2506266,0
2022-07-15 16:13:35,0,0,4.761905,0.2506266,0,92.98246,1.5037594,0,0
2022-07-15 16:13:34,0,0,5.486284,0.4987531,0,91.5212,1.2468828,0.2493766,0.2493766
2022-07-15 16:13:33,0,0,4.030227,0,0,93.95466,0.7556675,0.2518892,0.5037783
2022-07-15 16:13:32,0,0,4.761905,0.2506266,0,92.4812,1.754386,0,0
2022-07-15 16:13:31,0,0,4.030227,0.2518892,0,93.95466,1.0075567,0.2518892,0
2022-07-15 16:13:30,0,0,5.223881,0.2487562,0,92.0398,2.238806,0,0
2022-07-15 16:13:29,0,0,4.477612,0.2487562,0,92.78607,1.2437811,0.2487562,0
2022-07-15 16:13:28,0,0,5.527638,0,0,91.45729,1.758794,0.2512563,0.2512563
2022-07-15 16:13:27,0,0,3.75,0.25,0,93.5,1.5,0.25,0
2022-07-15 16:13:26,0,0,5.276382,0,0,92.46231,1.5075377,0,0
2022-07-15 16:13:25,0,0,4.71464,0.248139,0,93.30025,1.4888337,0,0
2022-07-15 16:13:24,0,0,5.037783,0,0,93.45088,0.7556675,0.5037783,0
2022-07-15 16:13:23,0,0,4.785894,0.2518892,0,92.9471,1.2594458,0,0
2022-07-15 16:13:22,0,0,4.466501,0.248139,0,93.05211,1.736973,0.248139,0
2022-07-15 16:13:21,0,0,5.025126,0,0,93.46734,0.7537688,0,0
2022-07-15 16:13:20,0,0,5.263158,0.2506266,0,92.4812,1.5037594,0.2506266,0
2022-07-15 16:13:19,0,0,4.511278,0.5012531,0,93.48371,1.0025063,0.2506266,0
2022-07-15 16:13:18,0,0,5.486284,0,0,91.77057,1.995012,0,0
2022-07-15 16:13:17,0,0,4.25,0.25,0,94.5,0.75,0,0
2022-07-15 16:13:16,0,0,5.223881,0,0,93.53234,0.7462687,0.2487562,0
2022-07-15 16:13:15,0,0,4.522613,0,0,93.21608,1.5075377,0.2512563,0
2022-07-15 16:13:14,0,0,4.726368,0.2487562,0,93.28358,1.2437811,0,0.2487562
2022-07-15 16:13:13,0,0,5.263158,0,0,92.4812,1.0025063,0.2506266,0
2022-07-15 16:13:12,0,0,4.282116,0,0,93.95466,1.511335,0,0
2022-07-15 16:13:11,0,0,4.761905,0.2506266,0,93.73434,0.7518797,0.2506266,0
2022-07-15 16:13:10,0,0,5.012531,0.2506266,0,92.23058,1.754386,0.2506266,0
2022-07-15 16:13:09,0,0,4.511278,0,0,93.98496,1.2531328,0,0
2022-07-15 16:13:08,0,0,5.25,0.25,0,92.5,1,0.25,0.25
2022-07-15 16:13:07,0,0,4.987531,0.2493766,0,92.01995,1.745636,0.2493766,0
2022-07-15 16:13:06,0,0,5.012531,0.2506266,0,92.73183,1.5037594,0,0
2022-07-15 16:13:05,0,0,4.71464,0,0,93.05211,1.2406948,0,0
2022-07-15 16:13:04,0,0,5.012531,0.2506266,0,91.97995,2.255639,0.2506266,0
2022-07-15 16:13:03,0,0,4.292929,0,0,94.19192,1.5151515,0,0
2022-07-15 16:13:02,0,0,5.970149,0.9950249,0,89.55224,2.238806,0,0
2022-07-15 16:13:01,0,0,3.491272,0.2493766,0,94.26434,0.9975062,0.2493766,0.2493766
2022-07-15 16:13:00,0,0,5.25,0.25,0,91.75,2.25,0.25,0
2022-07-15 16:12:59,0,0,4.477612,0.2487562,0,93.28358,1.741294,0,0
2022-07-15 16:12:58,0,0,5.025126,0,0,93.96985,0.7537688,0,0
2022-07-15 16:12:57,0,0,4.511278,0.2506266,0,92.4812,1.754386,0.2506266,0
2022-07-15 16:12:56,0,0,5,0,0,93,1.5,0.25,0
2022-07-15 16:12:55,0,0,4.477612,0,0,92.78607,1.99005,0.2487562,0
2022-07-15 16:12:54,0,0,4.810127,0,0,93.16456,1.772152,0,0
2022-07-15 16:12:53,0,0,5,0.25,0,93,1.25,0.25,0
2022-07-15 16:12:52,0,0,4.75,0.25,0,93,1.75,0,0
2022-07-15 16:12:51,0,0,5.025126,0,0,92.71357,1.5075377,0,0
2022-07-15 16:12:50,0,0,4.738155,0.2493766,0,93.01746,1.2468828,0.2493766,0
2022-07-15 16:12:49,0,0,4.75,0.25,0,93.25,1.25,0.25,0
2022-07-15 16:12:48,0,0,4.75,0.25,0,92.75,2.25,0,0
2022-07-15 16:12:47,0,0,5.693069,0.2475248,0,91.08911,1.4851485,0.2475248,0
2022-07-15 16:12:46,0,0,3.75,0,0,94.25,1.25,0.5,0
2022-07-15 16:12:45,0,0,4.761905,0,0,93.73434,1.5037594,0,0
2022-07-15 16:12:44,0,0,4.761905,0,0,93.73434,0.7518797,0.2506266,0
2022-07-15 16:12:43,0,0,4.75,0.25,0,93.5,1.25,0,0
2022-07-15 16:12:42,0,0,4.726368,0,0,93.53234,1.2437811,0.2487562,0
2022-07-15 16:12:41,0,0,4.785894,0,0,92.9471,1.511335,0.2518892,0
2022-07-15 16:12:40,0,0,5.486284,0.4987531,0,91.27182,1.745636,0.2493766,0
2022-07-15 16:12:39,0,0,4.260652,0,0,91.97995,1.2531328,0,2.005013
2022-07-15 16:12:38,0,0,3.9801,0,0,94.77612,0.7462687,0.2487562,0
2022-07-15 16:12:37,0,0,4.785894,0,0,92.44332,2.267003,0.2518892,0
2022-07-15 16:12:36,0,0,5.276382,0,0,92.21106,1.758794,0,0
2022-07-15 16:12:35,0,0,4.738155,0,0,92.5187,1.4962594,0.4987531,0.2493766
2022-07-15 16:12:34,0,0,4.726368,0.2487562,0,93.28358,1.2437811,0.2487562,0
2022-07-15 16:12:33,0,0,4.511278,0,0,94.23559,0.5012531,0.2506266,0
2022-07-15 16:12:32,0,0,4.761905,0.5012531,0,92.98246,1.2531328,0.2506266,0
2022-07-15 16:12:31,0,0,4.738155,0.4987531,0,92.5187,1.4962594,0,0
2022-07-15 16:12:30,0,0,4.511278,0,0,93.48371,1.5037594,0.2506266,0
2022-07-15 16:12:29,0,0,5.012531,0.2506266,0,93.23308,1.2531328,0,0
2022-07-15 16:12:28,0,0,4.761905,0,0,91.97995,2.506266,0.2506266,0
2022-07-15 16:12:27,0,0,4.738155,0.4987531,0,92.76808,1.4962594,0.2493766,0
2022-07-15 16:12:26,0,0,4.975124,0.2487562,0,92.78607,1.4925373,0,0
2022-07-15 16:12:25,0,0,4.761905,0.5012531,0,92.73183,1.5037594,0.2506266,0
2022-07-15 16:12:24,0,0,4.785894,0,0,93.95466,1.0075567,0.2518892,0
2022-07-15 16:12:23,0,0,4.761905,0,0,93.48371,1.2531328,0,0
2022-07-15 16:12:22,0,0,4.71464,0.248139,0,92.55583,1.736973,0.248139,0
2022-07-15 16:12:21,0,0,4.79798,0.2525253,0,92.92929,1.2626263,0,0
2022-07-15 16:12:20,0,0,5.037783,0,0,92.44332,1.2594458,0,0
2022-07-15 16:12:19,0,0,4.511278,0.2506266,0,94.23559,0.7518797,0,0
2022-07-15 16:12:18,0,0,4.70297,0.2475248,0,92.82178,1.2376238,0.4950495,0
2022-07-15 16:12:17,0,0,4.522613,0,0,93.71859,1.2562814,0,0
2022-07-15 16:12:16,0,0,5.5,0.25,0,92.25,1.5,0.25,0
2022-07-15 16:12:15,0,0,4.785894,0,0,92.69521,2.015113,0,0
2022-07-15 16:12:14,0,0,4.75,0.25,0,93.25,1.25,0.25,0
2022-07-15 16:12:13,0,0,5.472637,0.4975124,0,89.30348,1.741294,0,2.487562
2022-07-15 16:12:12,0,0,4.292929,0.2525253,0,93.43434,1.2626263,0,0
2022-07-15 16:12:11,0,0,4.5,0.25,0,93.25,1.25,0.25,0
2022-07-15 16:12:10,0,0,4.75,0.25,0,93.25,1.25,0.25,0
2022-07-15 16:12:09,0,0,5.808081,0.2525253,0,90.65657,1.767677,0.2525253,0
2022-07-15 16:12:08,0,0,3.731343,0.4975124,0,93.78109,1.741294,0,0
2022-07-15 16:12:07,0,0,5.012531,0.2506266,0,92.73183,1.2531328,0.2506266,0
2022-07-15 16:12:06,0,0,5.012531,0.2506266,0,93.23308,1.2531328,0,0
2022-07-15 16:12:05,0,0,5.263158,0.2506266,0,92.23058,1.754386,0.2506266,0
2022-07-15 16:12:04,0,0,4.738155,0.2493766,0,93.01746,1.4962594,0.2493766,0
2022-07-15 16:12:03,0,0,4.522613,0.2512563,0,93.21608,1.5075377,0,0
2022-07-15 16:12:02,0,0,4.962779,0,0,93.05211,1.2406948,0.248139,0
2022-07-15 16:12:01,0,0,5.050505,0.2525253,0,92.92929,1.2626263,0.2525253,0
2022-07-15 16:12:00,0,0,4.71464,0.248139,0,93.54839,0.9925558,0.248139,0
2022-07-15 16:11:59,0,0,5.025126,0.2512563,0,92.46231,1.5075377,0.2512563,0
2022-07-15 16:11:58,0,0,4.75,0.25,0,93,1.75,0,0
2022-07-15 16:11:57,0,0,4.987531,0,0,93.26683,0.9975062,0.2493766,0
2022-07-15 16:11:56,0,0,4.761905,0,0,93.48371,0.7518797,0.2506266,0.2506266
2022-07-15 16:11:55,0,0,4.738155,0.2493766,0,93.26683,1.4962594,0,0
2022-07-15 16:11:54,0,0,5.289673,0.2518892,0,92.44332,1.763224,0,0
2022-07-15 16:11:53,0,0,4.25,0,0,92.25,1.75,0.25,0
2022-07-15 16:11:52,0,0,4.75,0.25,0,93.5,1.25,0,0
2022-07-15 16:11:51,0,0,4.71464,0.248139,0,92.80397,1.2406948,0,0.248139
2022-07-15 16:11:50,0,0,4.260652,0,0,93.98496,1.2531328,0.2506266,0
2022-07-15 16:11:49,0,0,5.527638,0.2512563,0,91.9598,1.758794,0,0
2022-07-15 16:11:48,0,0,4.25,0,0,93.75,1.75,0,0
2022-07-15 16:11:47,0,0,6.030151,0,0,90.45226,2.261307,0.2512563,0
2022-07-15 16:11:46,0,0,3.517588,0.2512563,0,94.22111,1.5075377,0,0
2022-07-15 16:11:45,0,0,5.472637,0.2487562,0,91.79104,1.2437811,0,0.2487562
2022-07-15 16:11:44,0,0,4.030227,0,0,94.45844,1.0075567,0,0
2022-07-15 16:11:43,0,0,5.236908,0.2493766,0,93.51621,0.4987531,0.2493766,0
2022-07-15 16:11:42,0,0,4.773869,0.2512563,0,92.46231,1.2562814,0.2512563,0
2022-07-15 16:11:41,0,0,4.25,0,0,93.75,1,0,0
2022-07-15 16:11:40,0,0,5.223881,0.2487562,0,92.53731,1.2437811,0.4975124,0
2022-07-15 16:11:39,0,0,4.522613,0.2512563,0,92.71357,1.758794,0.2512563,0.2512563
2022-07-15 16:11:38,0,0,4.962779,0,0,92.80397,1.2406948,0.4962779,0
2022-07-15 16:11:37,0,0,5.316456,0,0,92.65823,2.025316,0,0
2022-07-15 16:11:36,0,0,3.990025,0,0,94.26434,0.9975062,0.2493766,0
2022-07-15 16:11:35,0,0,5.236908,0.7481297,0,91.77057,1.745636,0.2493766,0
2022-07-15 16:11:34,0,0,4.488778,0,0,93.26683,1.4962594,0.4987531,0
2022-07-15 16:11:33,0,0,5.012531,0.2506266,0,92.4812,1.754386,0,0
2022-07-15 16:11:32,0,0,4.75,0.25,0,92.5,2,0.25,0
2022-07-15 16:11:31,0,0,4.5,0.5,0,93.25,1,0.25,0
2022-07-15 16:11:30,0,0,5.025126,0,0,92.71357,2.01005,0,0
2022-07-15 16:11:29,0,0,4.738155,0.2493766,0,93.26683,0.9975062,0.2493766,0
2022-07-15 16:11:28,0,0,5,0.25,0,92.25,1.5,0.5,0
2022-07-15 16:11:27,0,0,5.778894,0.2512563,0,91.70854,1.2562814,0.2512563,0
2022-07-15 16:11:26,0,0,3.25,0,0,95.25,1.25,0,0
2022-07-15 16:11:25,0,0,5.459057,0.248139,0,92.30769,1.2406948,0.248139,0
2022-07-15 16:11:24,0,0,4.271357,0,0,93.96985,1.5075377,0.2512563,0
2022-07-15 16:11:23,0,0,5.955335,0,0,92.80397,0.4962779,0.248139,0
2022-07-15 16:11:22,0,0,4.511278,0.2506266,0,93.48371,1.5037594,0,0
2022-07-15 16:11:21,0,0,4.761905,0.2506266,0,92.73183,1.5037594,0.2506266,0
2022-07-15 16:11:20,0,0,4.761905,0,0,92.98246,1.2531328,0.2506266,0
2022-07-15 16:11:19,0,0,5.513784,0,0,91.4787,1.5037594,0.5012531,0
2022-07-15 16:11:18,0,0,3.482587,0,0,94.77612,0.9950249,0.2487562,0
2022-07-15 16:11:17,0,0,5,0.25,0,93.25,1,0,0
2022-07-15 16:11:16,0,0,5.527638,0.2512563,0,92.71357,1.5075377,0,0
2022-07-15 16:11:15,0,0,3.731343,0.4975124,0,93.28358,0.9950249,0.2487562,0.2487562
2022-07-15 16:11:14,0,0,4.761905,0.2506266,0,93.48371,1.2531328,0.2506266,0
2022-07-15 16:11:13,0,0,4.773869,0,0,93.46734,1.5075377,0,0
2022-07-15 16:11:12,0,0,5.012531,0.2506266,0,91.72932,2.255639,0.2506266,0
2022-07-15 16:11:11,0,0,4.738155,0.2493766,0,93.01746,1.745636,0,0
2022-07-15 16:11:10,0,0,4.738155,0.4987531,0,92.76808,1.2468828,0.2493766,0
2022-07-15 16:11:09,0,0,5.236908,0,0,92.26933,1.745636,0.2493766,0
2022-07-15 16:11:08,0,0,4.271357,0,0,94.72362,0.7537688,0,0
2022-07-15 16:11:07,0,0,5.223881,0.4975124,0,92.0398,1.2437811,0.2487562,0.2487562
2022-07-15 16:11:06,0,0,4.25,0,0,94,1,0.25,0
2022-07-15 16:11:05,0,0,5.75,0.25,0,92,1.5,0.25,0
2022-07-15 16:11:04,0,0,4.987531,0,0,92.76808,1.745636,0,0
2022-07-15 16:11:03,0,0,4.5,0,0,94,1.25,0.25,0
2022-07-15 16:11:02,0,0,5.025126,0.2512563,0,92.71357,1.5075377,0,0
2022-07-15 16:11:01,0,0,4.726368,0.2487562,0,92.78607,1.2437811,0.2487562,0
2022-07-15 16:11:00,0,0,4.75,0.25,0,92.25,1.5,0,0.25
2022-07-15 16:10:59,0,0,4.75,0.25,0,93.25,1,0.25,0
2022-07-15 16:10:58,0,0,4.511278,0.2506266,0,92.4812,2.255639,0,0
2022-07-15 16:10:57,0,0,5.459057,0.248139,0,92.80397,0.9925558,0.248139,0
2022-07-15 16:10:56,0,0,4.5,0,0,93.75,1.25,0.25,0
2022-07-15 16:10:55,0,0,4.773869,0.2512563,0,92.71357,1.5075377,0.5025126,0
2022-07-15 16:10:54,0,0,5.012531,0,0,93.48371,1.2531328,0,0
2022-07-15 16:10:53,0,0,5.012531,0.2506266,0,92.4812,1.2531328,0.2506266,0
2022-07-15 16:10:52,0,0,4.5,0,0,92.75,1.75,0.25,0.25
2022-07-15 16:10:51,0,0,4.522613,0.2512563,0,91.9598,1.758794,0,0.2512563
2022-07-15 16:10:50,0,0,4.75,0.25,0,93.5,1,0.25,0
2022-07-15 16:10:49,0,0,5.289673,0.2518892,0,91.68766,2.015113,0,0
2022-07-15 16:10:48,0,0,4.5,0,0,94,0.75,0.5,0
2022-07-15 16:10:47,0,0,4.975124,0.2487562,0,91.54229,2.238806,0,0
2022-07-15 16:10:46,0,0,4.71464,0,0,93.54839,0.9925558,0.248139,0
2022-07-15 16:10:45,0,0,5.050505,0,0,92.17172,1.767677,0.2525253,0
2022-07-15 16:10:44,0,0,4.488778,0.7481297,0,92.5187,1.745636,0.2493766,0
2022-07-15 16:10:43,0,0,5.012531,0,0,93.48371,1.0025063,0.2506266,0
2022-07-15 16:10:42,0,0,4.738155,0,0,92.76808,1.995012,0,0
2022-07-15 16:10:41,0,0,5.012531,0.2506266,0,92.4812,1.754386,0.2506266,0
2022-07-15 16:10:40,0,0,4.738155,0.2493766,0,92.76808,1.2468828,0.2493766,0.2493766
2022-07-15 16:10:39,0,0,4.738155,0.2493766,0,93.76559,1.2468828,0,0
2022-07-15 16:10:38,0,0,5.263158,0,0,92.23058,1.5037594,0.5012531,0
2022-07-15 16:10:37,0,0,4.987531,0.2493766,0,92.76808,1.745636,0,0
2022-07-15 16:10:36,0,0,4.5,0,0,93.5,1.5,0.25,0
2022-07-15 16:10:35,0,0,5,0.25,0,92.75,1.5,0,0
2022-07-15 16:10:34,0,0,5.486284,0.4987531,0,92.01995,1.4962594,0.2493766,0
2022-07-15 16:10:33,0,0,4.040404,0,0,92.92929,1.767677,0.2525253,0
2022-07-15 16:10:32,0,0,4.738155,0.4987531,0,93.01746,1.2468828,0.2493766,0
2022-07-15 16:10:31,0,0,4.761905,0.2506266,0,92.73183,1.754386,0,0
2022-07-15 16:10:30,0,0,5.012531,0,0,93.23308,1.2531328,0.2506266,0
2022-07-15 16:10:29,0,0,4.260652,0.2506266,0,93.73434,1.0025063,0.2506266,0
2022-07-15 16:10:28,0,0,5.223881,0.4975124,0,92.53731,1.2437811,0,0
2022-07-15 16:10:27,0,0,5.555556,0.5050505,0,92.42424,1.2626263,0,0
2022-07-15 16:10:26,0,0,3.990025,0,0,89.52618,1.995012,0.2493766,3.491272
2022-07-15 16:10:25,0,0,3.740648,0.2493766,0,94.76309,0.9975062,0,0
2022-07-15 16:10:24,0,0,4.738155,0.2493766,0,92.76808,1.4962594,0.2493766,0
2022-07-15 16:10:23,0,0,5.486284,0,0,92.26933,1.2468828,0.2493766,0.2493766
2022-07-15 16:10:22,0,0,4.228856,0,0,92.78607,1.741294,0.2487562,0
2022-07-15 16:10:21,0,0,4.534005,0.2518892,0,93.70277,1.2594458,0,0
2022-07-15 16:10:20,0,0,4.975124,0.2487562,0,92.78607,1.2437811,0.2487562,0.2487562
2022-07-15 16:10:19,0,0,4.773869,0,0,93.21608,1.2562814,0.2512563,0
2022-07-15 16:10:18,0,0,4.761905,0.2506266,0,93.98496,0.7518797,0,0
2022-07-15 16:10:17,0,0,5,0,0,92.5,1.75,0.25,0
2022-07-15 16:10:16,0,0,4.761905,0.2506266,0,93.48371,1.2531328,0,0
2022-07-15 16:10:15,0,0,5.025126,0,0,93.21608,1.2562814,0.2512563,0
2022-07-15 16:10:14,0,0,4.75,0,0,93.5,1.25,0,0
2022-07-15 16:10:13,0,0,5.025126,0,0,93.46734,1.2562814,0,0
2022-07-15 16:10:12,0,0,4.726368,0.4975124,0,93.03483,0.9950249,0.2487562,0
2022-07-15 16:10:11,0,0,5.012531,0,0,91.97995,2.005013,0.2506266,0
2022-07-15 16:10:10,0,0,4.726368,0.2487562,0,92.78607,1.741294,0.2487562,0
2022-07-15 16:10:09,0,0,5.012531,0,0,92.73183,1.754386,0.2506266,0
2022-07-15 16:10:08,0,0,4.987531,0,0,93.76559,0.9975062,0,0
2022-07-15 16:10:07,0,0,5.263158,0.5012531,0,91.97995,1.0025063,0.2506266,0
2022-07-15 16:10:06,0,0,3.740648,0.2493766,0,94.26434,0.9975062,0.2493766,0
2022-07-15 16:10:05,0,0,5.263158,0,0,91.97995,2.005013,0.2506266,0
2022-07-15 16:10:04,0,0,5,0.25,0,92.75,1,0.5,0
2022-07-15 16:10:03,0,0,4.5,0.25,0,93.25,1.75,0,0
2022-07-15 16:10:02,0,0,4.975124,0,0,93.28358,0.9950249,0.4975124,0
2022-07-15 16:10:01,0,0,4.761905,0.2506266,0,92.73183,1.754386,0,0
2022-07-15 16:10:00,0,0,5.764411,0.5012531,0,90.97744,1.754386,0.2506266,0
2022-07-15 16:09:59,0,0,4.25,0.25,0,92.5,1.25,0,0
2022-07-15 16:09:58,0,0,4,0.25,0,94.5,0.75,0,0
2022-07-15 16:09:57,0,0,4.726368,0.2487562,0,93.03483,0.9950249,0.4975124,0
2022-07-15 16:09:56,0,0,5.513784,0,0,92.23058,1.2531328,0,0.2506266
2022-07-15 16:09:55,0,0,3.491272,0,0,95.01247,0.7481297,0.2493766,0
2022-07-15 16:09:54,0,0,5.263158,0,0,92.98246,1.5037594,0,0
2022-07-15 16:09:53,0,0,4.260652,0,0,93.48371,1.2531328,0.2506266,0
2022-07-15 16:09:52,0,0,5.223881,0.2487562,0,92.78607,1.4925373,0.2487562,0
2022-07-15 16:09:51,0,0,4.761905,0,0,92.73183,1.754386,0.2506266,0
2022-07-15 16:09:50,0,0,4.738155,0.4987531,0,93.01746,1.4962594,0,0
2022-07-15 16:09:49,0,0,4.987531,0.2493766,0,93.01746,1.4962594,0.2493766,0
2022-07-15 16:09:48,0,0,5.025126,0.2512563,0,92.96482,1.2562814,0,0
2022-07-15 16:09:47,0,0,4.5,0.25,0,93.25,1.25,0.5,0
2022-07-15 16:09:46,0,0,5.5,0.25,0,92.75,1,0.25,0
2022-07-15 16:09:45,0,0,4.030227,0,0,94.20655,1.2594458,0,0
2022-07-15 16:09:44,0,0,5.236908,0.4987531,0,92.26933,1.745636,0,0
2022-07-15 16:09:43,0,0,4.5,0.25,0,93,2,0,0
2022-07-15 16:09:42,0,0,4.987531,0.2493766,0,93.26683,0.9975062,0.2493766,0
2022-07-15 16:09:41,0,0,5.276382,0,0,92.71357,1.758794,0,0
2022-07-15 16:09:40,0,0,4.477612,0.4975124,0,92.28856,1.741294,0.2487562,0
2022-07-15 16:09:39,0,0,4.5,0.25,0,93.5,1,0.25,0
2022-07-15 16:09:38,0,0,5.263158,0,0,93.23308,1.0025063,0,0
2022-07-15 16:09:37,0,0,4.260652,0,0,93.48371,1.754386,0.2506266,0
2022-07-15 16:09:36,0,0,5.236908,0.4987531,0,92.26933,1.4962594,0.2493766,0
2022-07-15 16:09:35,0,0,4.5,0.25,0,93,1.75,0,0
2022-07-15 16:09:34,0,0,5.30303,0,0,92.42424,1.767677,0,0
2022-07-15 16:09:33,0,0,4.962779,0.4962779,0,91.56328,1.4888337,0.248139,0.248139
2022-07-15 16:09:32,0,0,4.25,0,0,94,1.25,0.25,0
2022-07-15 16:09:31,0,0,4.25,0.25,0,92.75,2,0.25,0
2022-07-15 16:09:30,0,0,5.25,0,0,92.5,1.5,0.25,0
2022-07-15 16:09:29,0,0,4.282116,0.2518892,0,92.44332,1.763224,0,0.2518892
2022-07-15 16:09:28,0,0,4.987531,0.2493766,0,93.01746,1.4962594,0,0
2022-07-15 16:09:27,0,0,4.75,0.25,0,92.5,2,0,0
2022-07-15 16:09:26,0,0,4.260652,0,0,93.73434,1.0025063,0.2506266,0
2022-07-15 16:09:25,0,0,4.75,0,0,93.75,1.25,0,0
2022-07-15 16:09:24,0,0,4.477612,0.4975124,0,92.0398,1.99005,0.2487562,0
2022-07-15 16:09:23,0,0,5,0.25,0,93.25,1,0.25,0
2022-07-15 16:09:22,0,0,4.5,0.25,0,93.75,1.25,0,0
2022-07-15 16:09:21,0,0,4.545455,0,0,93.93939,1.010101,0,0
2022-07-15 16:09:20,0,0,5,0.5,0,92,1.25,0.75,0
2022-07-15 16:09:19,0,0,4.5,0.5,0,93.25,1.25,0.25,0
2022-07-15 16:09:18,0,0,4.975124,0,0,93.53234,1.2437811,0,0
2022-07-15 16:09:17,0,0,4.534005,0,0,93.70277,1.2594458,0.2518892,0
2022-07-15 16:09:16,0,0,4.522613,0,0,93.71859,1.2562814,0,0
2022-07-15 16:09:15,0,0,4.975124,0.2487562,0,91.54229,2.487562,0.4975124,0
2022-07-15 16:09:14,0,0,4.71464,0.4962779,0,91.81141,1.4888337,0.4962779,0.248139
2022-07-15 16:09:13,0,0,4.040404,0,0,94.19192,1.5151515,0,0
2022-07-15 16:09:12,0,0,4.488778,0,0,94.01496,0.9975062,0.2493766,0
2022-07-15 16:09:11,0,0,4.738155,0.2493766,0,92.26933,1.995012,0.2493766,0
2022-07-15 16:09:10,0,0,4.534005,0,0,93.95466,1.0075567,0.2518892,0
2022-07-15 16:09:09,0,0,4.511278,0,0,93.73434,1.2531328,0,0
2022-07-15 16:09:08,0,0,4.75,0.25,0,93.25,1,0.25,0
2022-07-15 16:09:07,0,0,4.5,0.25,0,94,1,0,0
2022-07-15 16:09:06,0,0,6.030151,0.2512563,0,89.69849,1.758794,0.2512563,0.2512563
2022-07-15 16:09:05,0,0,3.266332,0,0,95.72864,0.5025126,0.2512563,0
2022-07-15 16:09:04,0,0,4.488778,0.2493766,0,93.51621,1.2468828,0.2493766,0
2022-07-15 16:09:03,0,0,5.75,0,0,91.5,1.5,0,0
2022-07-15 16:09:02,0,0,3.5,0,0,95.25,0.75,0.25,0
2022-07-15 16:09:01,0,0,4.75,0,0,92.75,1.75,0.25,0
2022-07-15 16:09:00,0,0,4.75,0,0,93,1.5,0,0
2022-07-15 16:08:59,0,0,4.25,0.25,0,93.5,1.5,0,0
2022-07-15 16:08:58,0,0,4.987531,0.2493766,0,92.5187,1.2468828,0.4987531,0
2022-07-15 16:08:57,0,0,4.488778,0,0,94.26434,0.9975062,0,0
2022-07-15 16:08:56,0,0,4.75,0.25,0,93.25,1.25,0.25,0
2022-07-15 16:08:55,0,0,4.488778,0.2493766,0,93.51621,0.9975062,0.2493766,0
2022-07-15 16:08:54,0,0,4.260652,0.5012531,0,93.48371,1.2531328,0.2506266,0
2022-07-15 16:08:53,0,0,4.761905,0.2506266,0,92.73183,1.5037594,0,0
2022-07-15 16:08:52,0,0,4.5,0,0,94,1.25,0,0
2022-07-15 16:08:51,0,0,4.761905,0,0,92.73183,1.754386,0.2506266,0
2022-07-15 16:08:50,0,0,4.5,0.25,0,93.5,1.5,0,0
2022-07-15 16:08:49,0,0,4.511278,0,0,93.98496,1.2531328,0,0
2022-07-15 16:08:48,0,0,4.75,0.25,0,93,1.5,0.25,0
2022-07-15 16:08:47,0,0,5.012531,0,0,91.72932,1.754386,0.2506266,0.2506266
2022-07-15 16:08:46,0,0,3.75,0.25,0,94,1.75,0,0
2022-07-15 16:08:45,0,0,4.71464,0,0,93.30025,1.4888337,0.248139,0
2022-07-15 16:08:44,0,0,4.511278,0.5012531,0,92.73183,1.5037594,0.2506266,0
2022-07-15 16:08:43,0,0,4.5,0.25,0,93.5,1.25,0,0
2022-07-15 16:08:42,0,0,4.738155,0,0,92.76808,1.745636,0.2493766,0.2493766
2022-07-15 16:08:41,0,0,4.511278,0.2506266,0,93.73434,1.2531328,0,0
2022-07-15 16:08:40,0,0,5.472637,0.2487562,0,91.29353,1.99005,0.2487562,0
2022-07-15 16:08:39,0,0,4,0.25,0,91.75,1.25,0.25,1.5
2022-07-15 16:08:38,0,0,3.740648,0.2493766,0,94.01496,1.745636,0,0
2022-07-15 16:08:37,0,0,5.025126,0,0,92.96482,1.5075377,0.2512563,0
2022-07-15 16:08:36,0,0,4.020101,0.5025126,0,92.96482,1.5075377,0.2512563,0
2022-07-15 16:08:35,0,0,4.987531,0,0,93.01746,1.4962594,0.2493766,0
2022-07-15 16:08:34,0,0,4.25,0.25,0,94,0.75,0.25,0
2022-07-15 16:08:33,0,0,4.738155,0.2493766,0,93.51621,0.7481297,0.2493766,0
2022-07-15 16:08:32,0,0,4.511278,0.2506266,0,93.48371,1.5037594,0,0
2022-07-15 16:08:31,0,0,4.75,0.25,0,92.75,1.75,0,0
2022-07-15 16:08:30,0,0,4.5,0.5,0,93.5,0.75,0.5,0
2022-07-15 16:08:29,0,0,4.522613,0,0,93.96985,1.0050251,0,0
2022-07-15 16:08:28,0,0,4.75,0,0,93.75,1,0.25,0
2022-07-15 16:08:27,0,0,4.5,0,0,93.25,1.5,0.25,0
2022-07-15 16:08:26,0,0,4.70297,0.2475248,0,93.56436,0.7425743,0.2475248,0
2022-07-15 16:08:25,0,0,4.773869,0,0,93.21608,1.5075377,0,0
2022-07-15 16:08:24,0,0,4.466501,0.4962779,0,93.54839,1.2406948,0,0
2022-07-15 16:08:23,0,0,4.292929,0,0,93.18182,2.020202,0,0
2022-07-15 16:08:22,0,0,5.985037,0.2493766,0,92.26933,0.9975062,0.2493766,0
2022-07-15 16:08:21,0,0,4.239401,0.2493766,0,92.5187,1.995012,0,0.2493766
2022-07-15 16:08:20,0,0,5.012531,0.5012531,0,90.47619,1.754386,0,2.005013
2022-07-15 16:08:19,0,0,4.239401,0.2493766,0,94.01496,0.9975062,0,0
2022-07-15 16:08:18,0,0,4.522613,0,0,93.46734,1.758794,0,0
2022-07-15 16:08:17,0,0,4.738155,0.2493766,0,93.26683,0.7481297,0.2493766,0.2493766
2022-07-15 16:08:16,0,0,4.726368,0.4975124,0,92.78607,1.2437811,0.2487562,0
2022-07-15 16:08:15,0,0,4.773869,0,0,93.46734,1.2562814,0,0
2022-07-15 16:08:14,0,0,4.5,0.5,0,92.75,1.75,0.25,0
2022-07-15 16:08:13,0,0,5.25,0,0,92.25,1.5,0,0
2022-07-15 16:08:12,0,0,3.990025,0.2493766,0,93.26683,1.4962594,0.2493766,0
2022-07-15 16:08:11,0,0,3.768844,0.2512563,0,93.96985,1.2562814,0.2512563,0
2022-07-15 16:08:10,0,0,5.5,0.75,0,90.75,2,0.5,0
2022-07-15 16:08:09,0,0,3.759398,0,0,95.2381,0.7518797,0,0
2022-07-15 16:08:08,0,0,4.5,0,0,93,1.5,0.25,0
2022-07-15 16:08:07,0,0,5.012531,0,0,92.4812,1.754386,0.2506266,0.2506266
2022-07-15 16:08:06,0,0,4,0,0,94,1.5,0.25,0.25
2022-07-15 16:08:05,0,0,4.738155,0.4987531,0,93.01746,1.2468828,0.2493766,0
2022-07-15 16:08:04,0,0,4.761905,0,0,93.48371,1.2531328,0,0
2022-07-15 16:08:03,0,0,4.455446,0.2475248,0,93.31683,1.2376238,0.2475248,0
2022-07-15 16:08:02,0,0,4.534005,0.2518892,0,93.45088,1.0075567,0.2518892,0
2022-07-15 16:08:01,0,0,4.5,0,0,93.75,1.25,0.25,0
2022-07-15 16:08:00,0,0,4.773869,0.2512563,0,92.71357,1.5075377,0.2512563,0
2022-07-15 16:07:59,0,0,4.71464,0.248139,0,93.05211,1.2406948,0.4962779,0
2022-07-15 16:07:58,0,0,4.761905,0,0,93.23308,1.754386,0,0
2022-07-15 16:07:57,0,0,4.738155,0,0,93.51621,1.2468828,0.2493766,0
2022-07-15 16:07:56,0,0,4.271357,0.2512563,0,93.71859,1.5075377,0,0
2022-07-15 16:07:55,0,0,4.761905,0,0,93.48371,1.5037594,0,0
2022-07-15 16:07:54,0,0,5.236908,0.2493766,0,92.5187,1.4962594,0.2493766,0
2022-07-15 16:07:53,0,0,3.768844,0.2512563,0,92.71357,2.01005,0,0
2022-07-15 16:07:52,0,0,4.477612,0.2487562,0,93.53234,1.2437811,0.2487562,0
2022-07-15 16:07:51,0,0,4.5,0.25,0,94.25,0.75,0,0
2022-07-15 16:07:50,0,0,4.738155,0,0,92.5187,1.745636,0,0.2493766
2022-07-15 16:07:49,0,0,4.488778,0,0,93.76559,1.4962594,0.2493766,0
2022-07-15 16:07:48,0,0,4.545455,0.2525253,0,93.18182,1.2626263,0.2525253,0
2022-07-15 16:07:47,0,0,5.236908,0.2493766,0,92.01995,1.995012,0,0
2022-07-15 16:07:46,0,0,3.778338,0.2518892,0,92.44332,0.7556675,0.2518892,1.763224
2022-07-15 16:07:45,0,0,3.517588,0.2512563,0,94.97487,0.7537688,0,0
2022-07-15 16:07:44,0,0,4.75,0,0,94,1,0.25,0
2022-07-15 16:07:43,0,0,4.534005,0.2518892,0,93.19899,1.0075567,0,0
2022-07-15 16:07:42,0,0,4.228856,0.2487562,0,93.28358,0.9950249,0.4975124,0
2022-07-15 16:07:41,0,0,4.726368,0.2487562,0,92.53731,1.4925373,0.2487562,0.2487562
2022-07-15 16:07:40,0,0,4.522613,0,0,93.96985,0.7537688,0,0
2022-07-15 16:07:39,0,0,4.75,0.25,0,92.25,2.25,0.25,0
2022-07-15 16:07:38,0,0,4.738155,0,0,93.26683,1.745636,0,0
2022-07-15 16:07:37,0,0,4.5,0.25,0,93.25,1.5,0.25,0
2022-07-15 16:07:36,0,0,4.761905,0.5012531,0,92.23058,2.506266,0,0
2022-07-15 16:07:35,0,0,4.25,0.25,0,93.5,1.5,0,0
2022-07-15 16:07:34,0,0,4.75,0,0,93.5,1.25,0.25,0
2022-07-15 16:07:33,0,0,4.75,0.25,0,92.25,2,0.25,0
2022-07-15 16:07:32,0,0,4.260652,0,0,93.98496,1.0025063,0,0
2022-07-15 16:07:31,0,0,5,0.25,0,92.25,2,0,0
2022-07-15 16:07:30,0,0,4.25,0,0,94.5,0.75,0.25,0
2022-07-15 16:07:29,0,0,4.75,0,0,93,1.5,0.25,0
2022-07-15 16:07:28,0,0,4.466501,0.248139,0,93.79653,0.9925558,0.248139,0
2022-07-15 16:07:27,0,0,5.276382,0.2512563,0,91.20603,2.01005,0,0.7537688
2022-07-15 16:07:26,0,0,3.740648,0.2493766,0,94.76309,0.2493766,0.4987531,0
2022-07-15 16:07:25,0,0,4.25,0,0,93.75,1.25,0.25,0
2022-07-15 16:07:24,0,0,4.79798,0.2525253,0,92.92929,1.2626263,0.2525253,0
2022-07-15 16:07:23,0,0,4.455446,0.4950495,0,92.57426,1.732673,0,0
2022-07-15 16:07:22,0,0,4.761905,0.2506266,0,93.73434,1.0025063,0,0
2022-07-15 16:07:21,0,0,4.785894,0,0,93.70277,1.0075567,0.2518892,0
2022-07-15 16:07:20,0,0,4.70297,0.2475248,0,92.32673,0.990099,0.4950495,0.2475248
2022-07-15 16:07:19,0,0,4.260652,0,0,92.98246,1.754386,0.2506266,0
2022-07-15 16:07:18,0,0,4.030227,0,0,93.95466,1.511335,0.2518892,0
2022-07-15 16:07:17,0,0,5.486284,0.2493766,0,91.77057,1.4962594,0.2493766,0
2022-07-15 16:07:16,0,0,3.768844,0,0,94.97487,1.0050251,0,0
2022-07-15 16:07:15,0,0,4.726368,0.2487562,0,92.78607,1.4925373,0.2487562,0
2022-07-15 16:07:14,0,0,4.987531,0.2493766,0,93.01746,0.9975062,0,0.2493766
2022-07-15 16:07:13,0,0,4.726368,0,0,93.78109,0.9950249,0,0
2022-07-15 16:07:12,0,0,5.012531,0,0,93.23308,1.2531328,0.2506266,0
2022-07-15 16:07:11,0,0,4.975124,0.2487562,0,92.53731,0.9950249,0.4975124,0
2022-07-15 16:07:10,0,0,4.260652,0,0,93.73434,1.2531328,0.5012531,0
2022-07-15 16:07:09,0,0,5,0.5,0,92.5,1.75,0,0
2022-07-15 16:07:08,0,0,4.75,0.25,0,93,1.25,0.25,0
2022-07-15 16:07:07,0,0,4.726368,0.2487562,0,94.02985,0.9950249,0,0
2022-07-15 16:07:06,0,0,4.773869,0.2512563,0,91.9598,2.261307,0.2512563,0
2022-07-15 16:07:05,0,0,5.276382,0.2512563,0,92.46231,1.5075377,0,0.2512563
2022-07-15 16:07:04,0,0,4.75,0,0,93.75,1,0.25,0
2022-07-15 16:07:03,0,0,4.761905,0,0,92.98246,1.754386,0,0
2022-07-15 16:07:02,0,0,4.5,0.5,0,93,1.75,0,0
2022-07-15 16:07:01,0,0,5.012531,0,0,93.23308,1.0025063,0.2506266,0
2022-07-15 16:07:00,0,0,4.987531,0.2493766,0,92.26933,1.4962594,0,0
2022-07-15 16:06:59,0,0,3.75,0.25,0,94.25,1.25,0.25,0
2022-07-15 16:06:58,0,0,4.975124,0.2487562,0,92.78607,1.2437811,0.2487562,0
2022-07-15 16:06:57,0,0,4.761905,0.2506266,0,93.48371,1.2531328,0.2506266,0
2022-07-15 16:06:56,0,0,4.534005,0,0,93.19899,1.763224,0,0
2022-07-15 16:06:55,0,0,4.975124,0.4975124,0,91.54229,1.99005,0.2487562,0
2022-07-15 16:06:54,0,0,4.726368,0.2487562,0,93.28358,1.2437811,0.2487562,0
2022-07-15 16:06:53,0,0,5.970149,0.2487562,0,91.54229,0.9950249,0.2487562,0.2487562
2022-07-15 16:06:52,0,0,3.25,0.5,0,94.75,0.75,0,0
2022-07-15 16:06:51,0,0,4.773869,0.2512563,0,93.21608,1.2562814,0,0
2022-07-15 16:06:50,0,0,4.761905,0,0,92.23058,1.2531328,0.2506266,0
2022-07-15 16:06:49,0,0,4.25,0.25,0,93.75,1.25,0.25,0
2022-07-15 16:06:48,0,0,4.975124,0.2487562,0,91.54229,2.238806,0.2487562,0
2022-07-15 16:06:47,0,0,4.522613,0.2512563,0,93.21608,1.5075377,0,0
2022-07-15 16:06:46,0,0,4.738155,0,0,93.51621,1.2468828,0.2493766,0
2022-07-15 16:06:45,0,0,5.012531,0.2506266,0,93.48371,1.0025063,0,0
2022-07-15 16:06:44,0,0,4.75,0.25,0,92.5,2,0.25,0
2022-07-15 16:06:43,0,0,5.012531,0,0,92.98246,1.2531328,0,0.2506266
2022-07-15 16:06:42,0,0,4.522613,0.2512563,0,93.21608,1.5075377,0,0
2022-07-15 16:06:41,0,0,5.025126,0.2512563,0,92.21106,2.01005,0.2512563,0
2022-07-15 16:06:40,0,0,4.5,0.25,0,93.5,1.25,0,0
2022-07-15 16:06:39,0,0,5,0,0,93.25,1.5,0,0
2022-07-15 16:06:38,0,0,4.738155,0,0,93.01746,1.745636,0.2493766,0
2022-07-15 16:06:37,0,0,4.738155,0.2493766,0,92.76808,1.745636,0.2493766,0
2022-07-15 16:06:36,0,0,5.764411,0.5012531,0,92.4812,1.0025063,0,0
2022-07-15 16:06:35,0,0,4.726368,0.2487562,0,92.78607,1.4925373,0.4975124,0
2022-07-15 16:06:34,0,0,4.522613,0.2512563,0,92.96482,1.5075377,0.2512563,0
2022-07-15 16:06:33,0,0,5.236908,0.2493766,0,91.27182,1.995012,0,0
2022-07-15 16:06:32,0,0,4.25,0,0,94.5,1,0.25,0
2022-07-15 16:06:31,0,0,4.987531,0,0,92.26933,0.9975062,0.7481297,0
2022-07-15 16:06:30,0,0,5.025126,0.2512563,0,92.46231,1.758794,0,0
2022-07-15 16:06:29,0,0,4.260652,0,0,93.98496,1.0025063,0.2506266,0
2022-07-15 16:06:28,0,0,5.236908,0.4987531,0,92.5187,1.2468828,0.2493766,0
2022-07-15 16:06:27,0,0,5.5,0,0,92.5,1.5,0.25,0
2022-07-15 16:06:26,0,0,4.5,0.25,0,90.25,2,0,1.5
2022-07-15 16:06:25,0,0,3.787879,0.2525253,0,93.93939,1.5151515,0.2525253,0
2022-07-15 16:06:24,0,0,5.236908,0,0,92.26933,0.9975062,0,0
2022-07-15 16:06:23,0,0,3.759398,0.2506266,0,93.23308,1.754386,0.2506266,0
2022-07-15 16:06:22,0,0,4.773869,0.2512563,0,93.71859,1.2562814,0,0
2022-07-15 16:06:21,0,0,4.975124,0.4975124,0,90.54726,2.736318,0.4975124,0
2022-07-15 16:06:20,0,0,5.012531,0.2506266,0,92.23058,1.754386,0.2506266,0
2022-07-15 16:06:19,0,0,4.25,0.25,0,94.25,1,0,0
2022-07-15 16:06:18,0,0,5.263158,0,0,91.72932,2.255639,0.2506266,0.2506266
2022-07-15 16:06:17,0,0,4.477612,0.4975124,0,93.03483,1.741294,0,0
2022-07-15 16:06:16,0,0,5.012531,0.2506266,0,92.73183,1.5037594,0,0
2022-07-15 16:06:15,0,0,4.773869,0,0,93.21608,1.2562814,0.2512563,0.2512563
2022-07-15 16:06:14,0,0,4.511278,0,0,93.48371,1.5037594,0.2506266,0
2022-07-15 16:06:13,0,0,5,0.25,0,93,1.25,0,0
2022-07-15 16:06:12,0,0,4.511278,0.2506266,0,93.73434,1.2531328,0,0
2022-07-15 16:06:11,0,0,5.25,0,0,92.5,1.5,0.25,0
2022-07-15 16:06:10,0,0,4.761905,0,0,93.48371,1.0025063,0.2506266,0
2022-07-15 16:06:09,0,0,4.488778,0.2493766,0,93.26683,1.4962594,0.2493766,0
2022-07-15 16:06:08,0,0,5.012531,0.2506266,0,93.23308,1.2531328,0,0
2022-07-15 16:06:07,0,0,5.25,0.25,0,92.5,1.25,0,0.25
2022-07-15 16:06:06,0,0,4.020101,0,0,93.96985,1.0050251,0.5025126,0
2022-07-15 16:06:05,0,0,5,0,0,93.25,1.5,0,0
2022-07-15 16:06:04,0,0,4.987531,0,0,93.26683,0.9975062,0.4987531,0
2022-07-15 16:06:03,0,0,4.761905,0.2506266,0,93.73434,1.0025063,0,0
2022-07-15 16:06:02,0,0,4.738155,0.2493766,0,93.01746,1.2468828,0.4987531,0
2022-07-15 16:06:01,0,0,4.761905,0.2506266,0,91.72932,2.005013,0,0
2022-07-15 16:06:00,0,0,5.263158,0,0,91.4787,2.255639,0,0
2022-07-15 16:05:59,0,0,3.970223,0.248139,0,92.55583,1.4888337,0.248139,0.248139
2022-07-15 16:05:58,0,0,4.534005,0,0,94.20655,1.0075567,0,0
2022-07-15 16:05:57,0,0,4.987531,0.4987531,0,91.77057,1.4962594,0.2493766,0
2022-07-15 16:05:56,0,0,4.25,0.25,0,93.5,1.75,0,0
2022-07-15 16:05:55,0,0,3.740648,0.2493766,0,94.01496,1.2468828,0.2493766,0
2022-07-15 16:05:54,0,0,4,0.25,0,93.5,1.25,0.5,0
2022-07-15 16:05:53,0,0,3.768844,0,0,94.22111,1.5075377,0.2512563,0
2022-07-15 16:05:52,0,0,3.778338,0,0,93.45088,2.015113,0,0.2518892
2022-07-15 16:05:51,0,0,3.722084,0.248139,0,93.54839,1.4888337,0.248139,0
2022-07-15 16:05:50,0,0,4.010025,0.2506266,0,93.73434,1.5037594,0,0
2022-07-15 16:05:49,0,0,3.526448,0,0,94.96222,1.0075567,0.2518892,0
2022-07-15 16:05:48,0,0,3.990025,0.2493766,0,93.51621,1.745636,0.2493766,0
2022-07-15 16:05:47,0,0,3.508772,0,0,94.98747,1.0025063,0,0
2022-07-15 16:05:46,0,0,3.970223,0,0,94.04467,1.4888337,0.248139,0
2022-07-15 16:05:45,0,0,3.535354,0,0,93.93939,2.020202,0.2525253,0
2022-07-15 16:05:44,0,0,4.25,0.25,0,93.75,1.25,0,0
2022-07-15 16:05:43,0,0,3.258145,0,0,95.2381,1.0025063,0.2506266,0
2022-07-15 16:05:42,0,0,4.271357,0.2512563,0,92.71357,2.261307,0,0
2022-07-15 16:05:41,0,0,3.5,0.25,0,94.5,1.25,0,0
2022-07-15 16:05:40,0,0,4.5,0,0,93,1.5,0.25,0
2022-07-15 16:05:39,0,0,2.75,0,0,96,0.75,0.25,0
2022-07-15 16:05:38,0,0,2.743142,0.4987531,0,94.01496,1.995012,0.2493766,0
2022-07-15 16:05:37,0,0,3,0.25,0,94.25,2,0,0
2022-07-15 16:05:36,0,0,2.525253,0,0,95.70707,1.5151515,0.2525253,0
2022-07-15 16:05:35,0,0,2.985075,0.2487562,0,94.52736,1.4925373,0.2487562,0
2022-07-15 16:05:34,0,0,3.731343,0.2487562,0,93.03483,1.741294,0,0.2487562
2022-07-15 16:05:33,0,0,2.267003,0,0,95.71788,1.2594458,0.2518892,0
2022-07-15 16:05:32,0,0,0.7462687,0,0,96.76617,1.741294,0.2487562,0
2022-07-15 16:05:31,0,0,0.5012531,0.7518797,0,95.2381,1.5037594,0.2506266,0
2022-07-15 16:05:30,0,0,0.9925558,0,0,97.51861,0.9925558,0.4962779,0
2022-07-15 16:05:29,0,0,0.5025126,0.5025126,0,96.98492,1.5075377,0,0
2022-07-15 16:05:28,0,0,0.7518797,0.2506266,0,97.24311,1.5037594,0,0
2022-07-15 16:05:27,0,0,0.75,0.25,0,96.25,2,0.25,0
2022-07-15 16:05:26,0,0,0.7444169,0,0,97.51861,1.2406948,0.248139,0
2022-07-15 16:05:25,0,0,0.5037783,0.2518892,0,97.733,0.7556675,0.2518892,0
2022-07-15 16:05:24,0,0,1.2531328,0,0,96.99248,1.2531328,0,0
2022-07-15 16:05:23,0,0,0.5037783,0.2518892,0,96.97733,2.015113,0,0
2022-07-15 16:05:22,0,0,0.9975062,0.2493766,0,97.75561,0.7481297,0,0
2022-07-15 16:05:21,0,0,0.5,0,0,96.5,2,0.25,0
2022-07-15 16:05:20,0,0,1,0.25,0,96.75,1.5,0.25,0
2022-07-15 16:05:19,0,0,0.5,0.5,0,96.75,1.75,0.25,0
2022-07-15 16:05:18,0,0,0.75,0.25,0,97,1.5,0.25,0
2022-07-15 16:05:17,0,0,0.75,0,0,96.5,1.75,0,0
2022-07-15 16:05:16,0,0,0.7518797,0.2506266,0,96.99248,1.2531328,0.5012531,0
2022-07-15 16:05:15,0,0,0.75,0,0,97.25,1,0.5,0
2022-07-15 16:05:14,0,0,0.75,0,0,96.75,1.25,0.5,0
2022-07-15 16:05:13,0,0,0.5,0.5,0,96.5,2.25,0,0
2022-07-15 16:05:12,0,0,1,0,0,97,1.75,0,0
2022-07-15 16:05:11,0,0,0.5012531,0,0,96.2406,1.5037594,0.2506266,0
2022-07-15 16:05:10,0,0,0.7518797,0.5012531,0,95.98997,2.506266,0.2506266,0
2022-07-15 16:05:09,0,0,0.5,0,0,97.75,1.5,0,0
2022-07-15 16:05:08,0,0,0.7481297,0.2493766,0,96.25935,1.995012,0,0
2022-07-15 16:05:07,0,0,0.2512563,0.2512563,0,96.73367,2.01005,0.2512563,0
2022-07-15 16:05:06,0,0,0.5012531,0,0,97.99499,0.7518797,0.2506266,0
2022-07-15 16:05:05,0,0,0.75,0.25,0,97.25,1.5,0,0
2022-07-15 16:05:04,0,0,0.5012531,0.2506266,0,96.99248,1.754386,0.2506266,0
2022-07-15 16:05:03,0,0,0.4987531,0,0,97.75561,1.4962594,0,0
2022-07-15 16:05:02,0,0,0.7462687,0,0,98.00995,0.7462687,0.2487562,0
2022-07-15 16:05:01,0,0,0.2525253,0.2525253,0,97.22222,1.767677,0.2525253,0
2022-07-15 16:05:00,0,0,0.5,0,0,97.5,1.25,0.25,0
2022-07-15 16:04:59,0,0,0.5,0.25,0,94.75,4,0.25,0
2022-07-15 16:04:58,0,0,0.4987531,0.2493766,0,97.00748,1.745636,0,0
2022-07-15 16:04:57,0,0,0.5,0.25,0,97.5,1.5,0,0
2022-07-15 16:04:56,0,0,0.4975124,0,0,97.26368,1.741294,0.2487562,0
2022-07-15 16:04:55,0,0,0.5050505,0.2525253,0,96.71717,2.272727,0,0
2022-07-15 16:04:54,0,0,0.5,0.25,0,98,0.75,0.25,0
2022-07-15 16:04:53,0,0,0.4975124,0.2487562,0,97.01493,1.2437811,0.2487562,0
2022-07-15 16:04:52,0,0,0.5012531,0.2506266,0,97.24311,1.2531328,0.5012531,0
2022-07-15 16:04:51,0,0,0.5025126,0.2512563,0,96.48241,1.758794,0,0
2022-07-15 16:04:50,0,0,0.5,0.25,0,97.5,1.5,0,0
2022-07-15 16:04:49,0,0,0.5037783,0.2518892,0,96.47355,1.763224,0,0
2022-07-15 16:04:48,0,0,0.4975124,0,0,97.01493,1.741294,0.2487562,0
2022-07-15 16:04:47,0,0,0.5012531,0,0,97.24311,1.754386,0.2506266,0
2022-07-15 16:04:46,0,0,0.4987531,0.4987531,0,96.7581,1.2468828,0.2493766,0
2022-07-15 16:04:45,0,0,0.5025126,0,0,97.48744,1.5075377,0.2512563,0
2022-07-15 16:04:44,0,0,0.5,0,0,97.75,1.25,0.25,0
2022-07-15 16:04:43,0,0,0.5,0.25,0,96.25,1.75,0.25,0
2022-07-15 16:04:42,0,0,0.5037783,0.2518892,0,97.48111,1.0075567,0,0
2022-07-15 16:04:41,0,0,0.5012531,0.5012531,0,96.99248,1.2531328,0.5012531,0
2022-07-15 16:04:40,0,0,0.5012531,0,0,96.74185,1.2531328,0.2506266,0
2022-07-15 16:04:39,0,0,0.4975124,0.2487562,0,98.00995,0.9950249,0,0
2022-07-15 16:04:38,0,0,0.5025126,0,0,97.73869,1.5075377,0,0
2022-07-15 16:04:37,0,0,0.5,0,0,98,0.75,0.5,0
2022-07-15 16:04:36,0,0,0.5,0,0,98,1.25,0,0
2022-07-15 16:04:35,0,0,0.5,0.25,0,97.25,1.25,0.25,0
2022-07-15 16:04:34,0,0,0.5025126,0.2512563,0,97.98995,1.0050251,0.2512563,0
2022-07-15 16:04:33,0,0,0.4987531,0,0,97.75561,0.7481297,0.2493766,0
2022-07-15 16:04:32,0,0,0.2506266,0.5012531,0,97.49373,1.2531328,0,0
2022-07-15 16:04:31,0,0,0.75,0,0,97,1,0.25,0
2022-07-15 16:04:30,0,0,0.2518892,0.2518892,0,97.98489,1.2594458,0,0
2022-07-15 16:04:29,0,0,0.7481297,0.2493766,0,97.00748,1.4962594,0.2493766,0
2022-07-15 16:04:28,0,0,0.2512563,0,0,97.48744,2.01005,0,0
2022-07-15 16:04:27,0,0,0.7444169,0,0,97.02233,1.4888337,0,0
2022-07-15 16:04:26,0,0,0.2525253,0,0,97.22222,2.272727,0,0
2022-07-15 16:04:25,0,0,0.4987531,0.4987531,0,97.00748,1.2468828,0.2493766,0
2022-07-15 16:04:24,0,0,0.7518797,0.2506266,0,96.74185,1.5037594,0.2506266,0
2022-07-15 16:04:23,0,0,0.25,0.25,0,98.25,0.5,0.25,0
2022-07-15 16:04:22,0,0,0.5012531,0,0,97.24311,2.005013,0,0
2022-07-15 16:04:21,0,0,0.5012531,0.2506266,0,96.99248,1.2531328,0.2506266,0
2022-07-15 16:04:20,0,0,0.5012531,0,0,97.74436,1.2531328,0.2506266,0
2022-07-15 16:04:19,0,0,0.5012531,0.2506266,0,95.48872,2.756892,0.2506266,0
2022-07-15 16:04:18,0,0,0.7518797,0.5012531,0,96.2406,1.2531328,0.5012531,0
2022-07-15 16:04:17,0,0,0.4975124,0.2487562,0,96.26866,1.99005,0.2487562,0
2022-07-15 16:04:16,0,0,0.5025126,0.2512563,0,96.98492,1.2562814,0.2512563,0
2022-07-15 16:04:15,0,0,0.7575758,0,0,96.21212,1.767677,0.2525253,0
2022-07-15 16:04:14,0,0,1.99005,0,0,96.26866,1.2437811,0.2487562,0
2022-07-15 16:04:13,0,0,2.512563,0.2512563,0,95.47739,1.2562814,0,0.2512563
2022-07-15 16:04:12,0,0,2.493766,0.2493766,0,95.7606,0.9975062,0.2493766,0
2022-07-15 16:04:11,0,0,2.777778,0,0,95.20202,1.2626263,0,0
2022-07-15 16:04:10,0,0,2.48139,0.248139,0,95.28536,1.2406948,0.248139,0
2022-07-15 16:04:09,0,0,2.75,0,0,94.25,2.25,0.25,0
2022-07-15 16:04:08,0,0,2.5,0.25,0,95.5,1.5,0,0
2022-07-15 16:04:07,0,0,2.75,0.25,0,95,1.5,0.25,0
2022-07-15 16:04:06,0,0,2.75,0.25,0,95.5,1.25,0,0
2022-07-15 16:04:05,0,0,3.007519,0,0,94.98747,1.2531328,0.2506266,0
2022-07-15 16:04:04,0,0,2.992519,0,0,94.51372,1.745636,0.2493766,0
2022-07-15 16:04:03,0,0,2.493766,0.4987531,0,95.7606,0.9975062,0,0
2022-07-15 16:04:02,0,0,2.493766,0.2493766,0,94.76309,1.745636,0.2493766,0
2022-07-15 16:04:01,0,0,2.756892,0.2506266,0,95.73935,0.7518797,0,0
2022-07-15 16:04:00,0,0,2.736318,0.2487562,0,95.77114,0.9950249,0.2487562,0
2022-07-15 16:03:59,0,0,2.506266,0.2506266,0,94.98747,1.5037594,0.2506266,0
2022-07-15 16:03:58,0,0,2.518892,0,0,94.45844,1.763224,0,0
2022-07-15 16:03:57,0,0,3.007519,0,0,95.73935,1.0025063,0,0
2022-07-15 16:03:56,0,0,4.488778,0,0,94.01496,0.9975062,0,0
2022-07-15 16:03:55,0,0,3.241895,0.2493766,0,95.51122,0.7481297,0,0
2022-07-15 16:03:54,0,0,3.768844,0.2512563,0,93.46734,1.5075377,0.2512563,0
2022-07-15 16:03:53,0,0,3.482587,0,0,94.27861,1.741294,0.2487562,0
2022-07-15 16:03:52,0,0,3.517588,0.2512563,0,93.96985,1.2562814,0.2512563,0
2022-07-15 16:03:51,0,0,5.289673,0.5037783,0,90.17632,2.518892,0,0.5037783
2022-07-15 16:03:50,0,0,2.756892,0,0,95.2381,1.2531328,0,0
2022-07-15 16:03:49,0,0,4.010025,0.2506266,0,92.98246,1.2531328,0.2506266,0
2022-07-15 16:03:48,0,0,3.759398,0,0,94.73684,1.0025063,0,0
2022-07-15 16:03:47,0,0,4.738155,0.2493766,0,93.26683,1.2468828,0.2493766,0
2022-07-15 16:03:46,0,0,4.522613,0,0,93.71859,1.5075377,0,0
2022-07-15 16:03:45,0,0,5,0.5,0,92.5,1.5,0,0
2022-07-15 16:03:44,0,0,4.488778,0,0,93.26683,1.2468828,0.2493766,0
2022-07-15 16:03:43,0,0,4.488778,0.2493766,0,93.26683,1.4962594,0.2493766,0
2022-07-15 16:03:42,0,0,4.785894,0,0,93.95466,1.0075567,0,0
2022-07-15 16:03:41,0,0,4.260652,0.2506266,0,92.98246,1.5037594,0.2506266,0
2022-07-15 16:03:40,0,0,4.75,0,0,94,0.75,0.25,0
2022-07-15 16:03:39,0,0,5.012531,0.2506266,0,93.48371,1.0025063,0,0
2022-07-15 16:03:38,0,0,3.990025,0.2493766,0,93.01746,1.745636,0.2493766,0
2022-07-15 16:03:37,0,0,5.236908,0.2493766,0,92.76808,0.9975062,0.4987531,0
2022-07-15 16:03:36,0,0,4.292929,0,0,93.93939,1.2626263,0.2525253,0
2022-07-15 16:03:35,0,0,4.71464,0.248139,0,92.80397,1.736973,0.248139,0
2022-07-15 16:03:34,0,0,4.773869,0.2512563,0,93.46734,1.0050251,0.2512563,0
2022-07-15 16:03:33,0,0,4.260652,0.2506266,0,93.48371,1.754386,0,0
2022-07-15 16:03:32,0,0,5.012531,0,0,92.73183,2.005013,0,0
2022-07-15 16:03:31,0,0,4.477612,0.2487562,0,91.54229,1.4925373,0.2487562,0.2487562
2022-07-15 16:03:30,0,0,3.990025,0.4987531,0,93.26683,1.745636,0.2493766,0
2022-07-15 16:03:29,0,0,5,0,0,93.75,1,0,0
2022-07-15 16:03:28,0,0,4.5,0.25,0,93.75,0.75,0.25,0
2022-07-15 16:03:27,0,0,4.761905,0,0,93.48371,1.0025063,0.2506266,0
2022-07-15 16:03:26,0,0,4.488778,0,0,94.01496,0.9975062,0.2493766,0
2022-07-15 16:03:25,0,0,6.015038,0.2506266,0,90.47619,1.5037594,0.2506266,0.5012531
2022-07-15 16:03:24,0,0,5.276382,0,0,92.96482,1.0050251,0.5025126,0
2022-07-15 16:03:23,0,0,2.736318,0.2487562,0,94.77612,1.4925373,0,0
2022-07-15 16:03:22,0,0,4.271357,0,0,93.71859,1.0050251,0,0
2022-07-15 16:03:21,0,0,3.75,0,0,93.25,1.75,0.25,0
2022-07-15 16:03:20,0,0,4.987531,0.2493766,0,93.01746,0.9975062,0.2493766,0
2022-07-15 16:03:19,0,0,4.020101,0,0,93.46734,1.758794,0.2512563,0.2512563
2022-07-15 16:03:18,0,0,4.975124,0,0,93.03483,1.4925373,0.2487562,0
2022-07-15 16:03:17,0,0,4.5,0.25,0,93,1.75,0.25,0
2022-07-15 16:03:16,0,0,4.5,0.25,0,93.5,1.5,0,0
2022-07-15 16:03:15,0,0,4.773869,0.2512563,0,92.71357,1.0050251,0.7537688,0
2022-07-15 16:03:14,0,0,4.511278,0.2506266,0,93.23308,1.5037594,0.2506266,0
2022-07-15 16:03:13,0,0,4.5,0.25,0,93.75,1,0,0
2022-07-15 16:03:12,0,0,4.987531,0.2493766,0,93.51621,0.9975062,0.2493766,0
2022-07-15 16:03:11,0,0,4.260652,0.2506266,0,92.98246,2.005013,0,0
2022-07-15 16:03:10,0,0,5.012531,0.2506266,0,92.4812,1.754386,0.2506266,0
2022-07-15 16:03:09,0,0,4.5,0,0,94.25,1,0,0
2022-07-15 16:03:08,0,0,4.5,0.25,0,93.25,1.5,0.25,0
2022-07-15 16:03:07,0,0,4.75,0.25,0,93.25,1.25,0,0
2022-07-15 16:03:06,0,0,4.522613,0.2512563,0,94.22111,0.7537688,0,0
2022-07-15 16:03:05,0,0,4.987531,0.4987531,0,93.01746,0.9975062,0,0
2022-07-15 16:03:04,0,0,4.511278,0.2506266,0,93.23308,1.5037594,0.2506266,0
2022-07-15 16:03:03,0,0,4.239401,0,0,93.26683,1.745636,0.2493766,0
2022-07-15 16:03:02,0,0,4.534005,0.2518892,0,94.20655,1.0075567,0,0
2022-07-15 16:03:01,0,0,4.534005,0.2518892,0,92.9471,1.511335,0.2518892,0
2022-07-15 16:03:00,0,0,4.5,0,0,93.5,1.25,0,0.25
2022-07-15 16:02:59,0,0,4.726368,0.2487562,0,92.78607,1.2437811,0.4975124,0
2022-07-15 16:02:58,0,0,5.735661,0.2493766,0,91.27182,1.4962594,0,0.2493766
2022-07-15 16:02:57,0,0,5.025126,0,0,93.21608,0.7537688,0.2512563,0
2022-07-15 16:02:56,0,0,2.756892,0,0,96.2406,0.7518797,0,0
2022-07-15 16:02:55,0,0,4.466501,0,0,91.56328,2.233251,0.4962779,0.248139
2022-07-15 16:02:54,0,0,4.010025,0.2506266,0,93.98496,1.2531328,0,0
2022-07-15 16:02:53,0,0,4.25,0,0,93.25,1.5,0.5,0.25
2022-07-15 16:02:52,0,0,5,0.25,0,92.75,1.5,0,0
2022-07-15 16:02:51,0,0,4.239401,0.2493766,0,94.01496,0.7481297,0.4987531,0
2022-07-15 16:02:50,0,0,4.761905,0,0,92.98246,1.5037594,0.2506266,0
2022-07-15 16:02:49,0,0,4.773869,0,0,93.96985,0.7537688,0,0
2022-07-15 16:02:48,0,0,4.522613,0,0,94.22111,1.0050251,0.2512563,0
2022-07-15 16:02:47,0,0,4.738155,0.2493766,0,93.01746,1.2468828,0.2493766,0
2022-07-15 16:02:46,0,0,4.488778,0.2493766,0,94.01496,0.7481297,0,0.2493766
2022-07-15 16:02:45,0,0,4.218362,0,0,93.54839,1.2406948,0.248139,0
2022-07-15 16:02:44,0,0,5.012531,0.2506266,0,92.73183,1.2531328,0.2506266,0.2506266
2022-07-15 16:02:43,0,0,4.511278,0,0,93.98496,1.0025063,0.2506266,0
2022-07-15 16:02:42,0,0,4.488778,0,0,93.51621,0.9975062,0.2493766,0.2493766
2022-07-15 16:02:41,0,0,4.785894,0,0,93.95466,0.7556675,0.2518892,0
2022-07-15 16:02:40,0,0,4.228856,0,0,94.27861,1.2437811,0,0
2022-07-15 16:02:39,0,0,4.738155,0.2493766,0,93.51621,0.7481297,0.4987531,0
2022-07-15 16:02:38,0,0,5.037783,0,0,93.95466,0.5037783,0,0
2022-07-15 16:02:37,0,0,3.9801,0,0,93.78109,1.2437811,0.2487562,0
2022-07-15 16:02:36,0,0,4.271357,0.2512563,0,93.96985,1.0050251,0.2512563,0
2022-07-15 16:02:35,0,0,4.71464,0.248139,0,93.05211,1.4888337,0.248139,0
2022-07-15 16:02:34,0,0,4.522613,0,0,93.46734,1.758794,0,0
2022-07-15 16:02:33,0,0,4.75,0.25,0,93,1.5,0.25,0
2022-07-15 16:02:32,0,0,4.761905,0.2506266,0,92.73183,1.754386,0,0
2022-07-15 16:02:31,0,0,5.276382,0.2512563,0,92.46231,1.0050251,0.2512563,0
2022-07-15 16:02:30,0,0,4.282116,0.2518892,0,93.19899,1.511335,0,0
2022-07-15 16:02:29,0,0,3.722084,0,0,94.54094,0.9925558,0.248139,0
2022-07-15 16:02:28,0,0,4.260652,0.2506266,0,93.23308,1.0025063,0.2506266,0.5012531
2022-07-15 16:02:27,0,0,3.9801,0.2487562,0,93.53234,1.2437811,0.2487562,0
2022-07-15 16:02:26,0,0,5.527638,0,0,92.71357,1.758794,0,0
2022-07-15 16:02:25,0,0,4.511278,0,0,93.48371,1.0025063,0.2506266,0
2022-07-15 16:02:24,0,0,4.488778,0,0,94.01496,1.2468828,0.2493766,0
2022-07-15 16:02:23,0,0,4.773869,0.2512563,0,93.21608,1.2562814,0.2512563,0
2022-07-15 16:02:22,0,0,4.488778,0.2493766,0,92.76808,1.745636,0.2493766,0
2022-07-15 16:02:21,0,0,4.738155,0,0,92.76808,1.745636,0.2493766,0
2022-07-15 16:02:20,0,0,4.522613,0,0,93.96985,1.0050251,0,0
2022-07-15 16:02:19,0,0,4.282116,0.2518892,0,93.45088,1.511335,0.2518892,0
2022-07-15 16:02:18,0,0,4.975124,0,0,92.78607,1.2437811,0.4975124,0
2022-07-15 16:02:17,0,0,4.239401,0.2493766,0,93.76559,0.9975062,0.2493766,0
2022-07-15 16:02:16,0,0,4.773869,0,0,93.21608,1.5075377,0,0
2022-07-15 16:02:15,0,0,4.75,0.25,0,92.75,1.75,0.25,0
2022-07-15 16:02:14,0,0,3.990025,0.2493766,0,93.01746,1.995012,0.2493766,0
2022-07-15 16:02:13,0,0,4.810127,0,0,93.16456,1.772152,0,0
2022-07-15 16:02:12,0,0,4.691358,0.2469136,0,93.33333,1.2345679,0.2469136,0
2022-07-15 16:02:11,0,0,5.050505,0.2525253,0,90.65657,2.525253,0,0.5050505
2022-07-15 16:02:10,0,0,3.491272,0.2493766,0,94.26434,1.4962594,0.2493766,0
2022-07-15 16:02:09,0,0,4.522613,0,0,93.46734,1.2562814,0.2512563,0
2022-07-15 16:02:08,0,0,4.738155,0.2493766,0,91.77057,1.995012,0.2493766,0
2022-07-15 16:02:07,0,0,4.785894,0,0,93.19899,1.2594458,0.5037783,0
2022-07-15 16:02:06,0,0,4.239401,0.2493766,0,93.01746,2.244389,0,0
2022-07-15 16:02:05,0,0,6.766917,0.2506266,0,91.22807,1.5037594,0,0
2022-07-15 16:02:04,0,0,4.987531,0,0,92.26933,1.4962594,0.2493766,0.2493766
2022-07-15 16:02:03,0,0,2.756892,0,0,94.48622,1.2531328,0.2506266,0.2506266
2022-07-15 16:02:02,0,0,4.228856,0.2487562,0,93.78109,1.2437811,0.2487562,0
2022-07-15 16:02:01,0,0,3.787879,0,0,94.19192,0.7575758,0,0.2525253
2022-07-15 16:02:00,0,0,4.488778,0.4987531,0,92.5187,1.745636,0,0
2022-07-15 16:01:59,0,0,4.5,0,0,94.5,0.75,0.25,0
2022-07-15 16:01:58,0,0,4.761905,0.2506266,0,92.73183,1.754386,0,0
2022-07-15 16:01:57,0,0,4.5,0.25,0,93.75,1,0.25,0
2022-07-15 16:01:56,0,0,4.271357,0,0,93.96985,1.2562814,0,0
2022-07-15 16:01:55,0,0,4.738155,0,0,93.01746,1.2468828,0.2493766,0.2493766
2022-07-15 16:01:54,0,0,4.511278,0.5012531,0,93.23308,1.2531328,0.2506266,0
2022-07-15 16:01:53,0,0,4.488778,0.2493766,0,93.26683,1.4962594,0.2493766,0
2022-07-15 16:01:52,0,0,4.75,0.25,0,93.5,1.25,0,0
2022-07-15 16:01:51,0,0,4.282116,0,0,93.70277,1.0075567,0.2518892,0
2022-07-15 16:01:50,0,0,5.025126,0,0,92.96482,1.2562814,0.2512563,0
2022-07-15 16:01:49,0,0,4.25,0.5,0,93,2,0,0
2022-07-15 16:01:48,0,0,4.761905,0,0,92.98246,1.754386,0.2506266,0
2022-07-15 16:01:47,0,0,4.738155,0,0,93.26683,0.9975062,0.2493766,0.2493766
2022-07-15 16:01:46,0,0,4.260652,0.5012531,0,92.73183,2.005013,0,0
2022-07-15 16:01:45,0,0,4.738155,0,0,92.76808,1.995012,0,0
2022-07-15 16:01:44,0,0,4.726368,0.2487562,0,91.79104,1.99005,0.2487562,0
2022-07-15 16:01:43,0,0,4.010025,0,0,94.48622,0.7518797,0.2506266,0
2022-07-15 16:01:42,0,0,4.25,0,0,94.25,1,0.25,0
2022-07-15 16:01:41,0,0,4.738155,0.4987531,0,92.76808,1.4962594,0,0
2022-07-15 16:01:40,0,0,4.5,0,0,93,1.75,0.5,0
2022-07-15 16:01:39,0,0,4.207921,0.2475248,0,93.31683,1.2376238,0.2475248,0
2022-07-15 16:01:38,0,0,6.297229,0,0,91.43577,1.763224,0,0
2022-07-15 16:01:37,0,0,4.975124,0.2487562,0,92.53731,1.4925373,0,0
2022-07-15 16:01:36,0,0,2.487562,0,0,95.27363,1.2437811,0.2487562,0.2487562
2022-07-15 16:01:35,0,0,4.785894,0.2518892,0,92.69521,1.511335,0,0
2022-07-15 16:01:34,0,0,3.5,0,0,94.5,1.5,0,0
2022-07-15 16:01:33,0,0,4.488778,0,0,93.51621,1.4962594,0.2493766,0
2022-07-15 16:01:32,0,0,4.773869,0,0,94.22111,1.0050251,0,0
2022-07-15 16:01:31,0,0,4.271357,0,0,93.96985,1.2562814,0,0
2022-07-15 16:01:30,0,0,4.950495,0.2475248,0,93.56436,0.7425743,0.2475248,0
2022-07-15 16:01:29,0,0,4.292929,0,0,93.43434,1.5151515,0.2525253,0
2022-07-15 16:01:28,0,0,4.488778,0.7481297,0,93.26683,1.2468828,0,0
2022-07-15 16:01:27,0,0,4.738155,0.2493766,0,93.26683,1.2468828,0.2493766,0
2022-07-15 16:01:26,0,0,4.511278,0.2506266,0,93.48371,1.2531328,0,0
2022-07-15 16:01:25,0,0,4.522613,0.2512563,0,92.96482,1.5075377,0.2512563,0
2022-07-15 16:01:24,0,0,4.488778,0.2493766,0,93.51621,1.2468828,0.2493766,0
2022-07-15 16:01:23,0,0,4.5,0.25,0,93.25,1.25,0.25,0
2022-07-15 16:01:22,0,0,4.75,0,0,94,1,0,0
2022-07-15 16:01:21,0,0,4.5,0.25,0,93.25,0.75,0.5,0
2022-07-15 16:01:20,0,0,4.511278,0.2506266,0,91.97995,2.255639,0.2506266,0
2022-07-15 16:01:19,0,0,4.488778,0.2493766,0,94.26434,0.7481297,0,0
2022-07-15 16:01:18,0,0,4.738155,0,0,93.51621,1.4962594,0,0
2022-07-15 16:01:17,0,0,4.522613,0.2512563,0,92.46231,1.758794,0,0
2022-07-15 16:01:16,0,0,4.239401,0,0,94.76309,0.7481297,0,0
2022-07-15 16:01:15,0,0,4.488778,0.2493766,0,92.5187,1.745636,0.2493766,0
2022-07-15 16:01:14,0,0,4.71464,0.248139,0,93.54839,0.7444169,0.248139,0
2022-07-15 16:01:13,0,0,4.522613,0.2512563,0,93.21608,1.758794,0,0
2022-07-15 16:01:12,0,0,4.5,0,0,93.25,1.75,0.25,0
2022-07-15 16:01:11,0,0,6,0.5,0,89.75,2.25,0.25,0.25
2022-07-15 16:01:10,0,0,4.271357,0,0,93.21608,1.758794,0.2512563,0.2512563
2022-07-15 16:01:09,0,0,3.02267,0.2518892,0,95.46599,0.7556675,0.2518892,0
2022-07-15 16:01:08,0,0,5.210918,0.248139,0,90.57072,1.736973,0.248139,0.248139
2022-07-15 16:01:07,0,0,3.526448,0.2518892,0,94.71033,0.7556675,0.2518892,0
2022-07-15 16:01:06,0,0,4.477612,0,0,94.27861,0.4975124,0.2487562,0
2022-07-15 16:01:05,0,0,5.037783,0,0,93.45088,1.2594458,0.2518892,0
2022-07-15 16:01:04,0,0,4.488778,0.4987531,0,93.01746,1.2468828,0.2493766,0
2022-07-15 16:01:03,0,0,4.761905,0.2506266,0,93.73434,1.0025063,0,0
2022-07-15 16:01:02,0,0,4.511278,0,0,93.98496,1.0025063,0.2506266,0
2022-07-15 16:01:01,0,0,4.5,0.25,0,94,0.75,0,0
2022-07-15 16:01:00,0,0,4.5,0.25,0,92.75,1.5,0.25,0
2022-07-15 16:00:59,0,0,4.75,0.25,0,93.25,1.25,0.25,0
2022-07-15 16:00:58,0,0,4.511278,0,0,92.98246,1.5037594,0.2506266,0
2022-07-15 16:00:57,0,0,4.522613,0.2512563,0,93.21608,1.5075377,0,0
2022-07-15 16:00:56,0,0,4.726368,0,0,93.28358,1.2437811,0.2487562,0
2022-07-15 16:00:55,0,0,4.271357,0.2512563,0,94.47236,0.7537688,0,0
2022-07-15 16:00:54,0,0,4.761905,0,0,93.48371,1.5037594,0.2506266,0
2022-07-15 16:00:53,0,0,4.5,0,0,93.75,1,0.25,0
2022-07-15 16:00:52,0,0,4.488778,0,0,93.76559,0.9975062,0.2493766,0
2022-07-15 16:00:51,0,0,4.773869,0.2512563,0,92.71357,1.5075377,0.2512563,0
2022-07-15 16:00:50,0,0,4.726368,0.2487562,0,92.28856,1.741294,0.4975124,0
2022-07-15 16:00:49,0,0,4.25,0.25,0,93.25,1.25,0.25,0.25
2022-07-15 16:00:48,0,0,4.773869,0.2512563,0,92.46231,1.758794,0.2512563,0
2022-07-15 16:00:47,0,0,4.75,0.25,0,93.75,1,0,0
2022-07-15 16:00:46,0,0,4.511278,0.2506266,0,93.23308,1.2531328,0.2506266,0
2022-07-15 16:00:45,0,0,5.721393,0.2487562,0,92.0398,1.2437811,0.4975124,0
2022-07-15 16:00:44,0,0,6.234414,0.2493766,0,91.02244,1.2468828,0.2493766,0.2493766
2022-07-15 16:00:43,0,0,2.763819,0,0,95.22613,1.0050251,0,0
2022-07-15 16:00:42,0,0,3.75,0,0,94.75,1.5,0,0
2022-07-15 16:00:41,0,0,4.75,0.5,0,89.75,1.75,0,0.75
2022-07-15 16:00:40,0,0,3.9801,0.2487562,0,93.28358,1.4925373,0.4975124,0
2022-07-15 16:00:39,0,0,4.511278,0,0,93.98496,0.7518797,0.2506266,0
2022-07-15 16:00:38,0,0,4.987531,0.2493766,0,93.01746,1.4962594,0,0
2022-07-15 16:00:37,0,0,4.534005,0,0,93.95466,1.2594458,0,0
2022-07-15 16:00:36,0,0,4.71464,0.248139,0,93.54839,0.7444169,0.248139,0.248139
2022-07-15 16:00:35,0,0,4.773869,0.2512563,0,92.96482,1.5075377,0,0
2022-07-15 16:00:34,0,0,4.511278,0,0,93.23308,1.5037594,0.5012531,0
2022-07-15 16:00:33,0,0,5.012531,0.2506266,0,93.23308,0.7518797,0.2506266,0
2022-07-15 16:00:32,0,0,4.738155,0.2493766,0,92.76808,1.745636,0.2493766,0
2022-07-15 16:00:31,0,0,4.785894,0,0,93.70277,1.0075567,0.2518892,0
2022-07-15 16:00:30,0,0,5.263158,0,0,92.73183,1.5037594,0.2506266,0
2022-07-15 16:00:29,0,0,4.511278,0.2506266,0,92.98246,1.5037594,0.2506266,0
2022-07-15 16:00:28,0,0,4.987531,0,0,92.76808,1.4962594,0.2493766,0
2022-07-15 16:00:27,0,0,4.75,0.25,0,92.25,2,0,0
2022-07-15 16:00:26,0,0,5,0.25,0,93.25,1.25,0,0
2022-07-15 16:00:25,0,0,5.25,0,0,93.5,0.75,0.25,0
2022-07-15 16:00:24,0,0,5.223881,0.2487562,0,92.78607,1.2437811,0,0
2022-07-15 16:00:23,0,0,4.030227,0.2518892,0,94.20655,0.5037783,0,0.2518892
2022-07-15 16:00:22,0,0,4.477612,0.2487562,0,93.53234,0.9950249,0.2487562,0
2022-07-15 16:00:21,0,0,4.773869,0,0,93.71859,1.0050251,0,0
2022-07-15 16:00:20,0,0,4.75,0.25,0,92.75,1.75,0.25,0
2022-07-15 16:00:19,0,0,5.012531,0.2506266,0,92.73183,1.754386,0,0
2022-07-15 16:00:18,0,0,6.218905,0.2487562,0,90.29851,2.487562,0.2487562,0
2022-07-15 16:00:17,0,0,4.987531,0.2493766,0,92.01995,1.4962594,0,0.4987531
2022-07-15 16:00:16,0,0,2.512563,0,0,95.9799,1.0050251,0.2512563,0
2022-07-15 16:00:15,0,0,5.223881,0,0,92.53731,1.2437811,0.2487562,0.2487562
2022-07-15 16:00:14,0,0,6.030151,0.2512563,0,88.94472,1.2562814,0.2512563,2.763819
2022-07-15 16:00:13,0,0,4.726368,0.4975124,0,92.0398,1.741294,0,0.4975124
2022-07-15 16:00:12,0,0,2.487562,0,0,94.77612,0.9950249,0.4975124,0.9950249
2022-07-15 16:00:11,0,0,4.010025,0,0,94.48622,1.0025063,0.2506266,0.2506266
2022-07-15 16:00:10,0,0,5.236908,0,0,93.51621,0.7481297,0,0.2493766
2022-07-15 16:00:09,0,0,4.260652,0,0,94.23559,0.7518797,0.2506266,0.2506266
2022-07-15 16:00:08,0,0,4.5,0.25,0,94.25,0.5,0.25,0
2022-07-15 16:00:07,0,0,4.25,0,0,93.5,1.5,0,0.5
2022-07-15 16:00:06,0,0,3.508772,0.5012531,0,93.98496,1.2531328,0.5012531,0
2022-07-15 16:00:05,0,0,5.223881,0.2487562,0,92.0398,1.741294,0,0.2487562
2022-07-15 16:00:04,0,0,4.522613,0,0,94.22111,1.0050251,0,0
2022-07-15 16:00:03,0,0,4.962779,0.248139,0,92.55583,1.736973,0.248139,0
2022-07-15 16:00:02,0,0,5.236908,0,0,92.26933,1.4962594,0.2493766,0
2022-07-15 16:00:01,0,0,4.534005,0.2518892,0,93.70277,1.0075567,0.2518892,0
2022-07-15 16:00:00,0,0,4.738155,0.2493766,0,92.26933,1.995012,0,0.2493766
2022-07-15 15:59:59,0,0,5.276382,0.2512563,0,92.71357,1.2562814,0.2512563,0
2022-07-15 15:59:58,0,0,4.010025,0.5012531,0,93.48371,1.5037594,0.2506266,0
2022-07-15 15:59:57,0,0,5.985037,0,0,91.02244,1.4962594,0.2493766,0.2493766
2022-07-15 15:59:56,0,0,3.241895,0.2493766,0,94.01496,0.9975062,0.4987531,0
2022-07-15 15:59:55,0,0,5.037783,0.2518892,0,93.19899,1.2594458,0,0
2022-07-15 15:59:54,0,0,5,0.25,0,92.25,1.75,0.25,0
2022-07-15 15:59:53,0,0,4.271357,0,0,94.22111,1.2562814,0,0
2022-07-15 15:59:52,0,0,5.223881,0,0,92.78607,1.4925373,0.2487562,0
2022-07-15 15:59:51,0,0,5.263158,0.2506266,0,91.4787,2.005013,0.2506266,0.2506266
2022-07-15 15:59:50,0,0,4.239401,0.2493766,0,92.76808,0.9975062,0,0.9975062
2022-07-15 15:59:49,0,0,4.761905,0.2506266,0,93.23308,1.0025063,0.2506266,0
2022-07-15 15:59:48,0,0,4,0.25,0,93.75,1.5,0,0
2022-07-15 15:59:47,0,0,5.25,0,0,92.5,1.25,0.25,0
2022-07-15 15:59:46,0,0,4.25,0.25,0,93.5,1.5,0,0
2022-07-15 15:59:45,0,0,4.726368,0.2487562,0,92.78607,1.2437811,0.2487562,0.2487562
2022-07-15 15:59:44,0,0,4.522613,0,0,93.46734,1.5075377,0.2512563,0
2022-07-15 15:59:43,0,0,4.962779,0.248139,0,92.80397,1.4888337,0.248139,0
2022-07-15 15:59:42,0,0,4.761905,0.2506266,0,93.73434,1.0025063,0,0
2022-07-15 15:59:41,0,0,4.511278,0,0,93.48371,1.5037594,0.2506266,0
2022-07-15 15:59:40,0,0,4.738155,0,0,92.76808,1.995012,0.2493766,0
2022-07-15 15:59:39,0,0,4.75,0.25,0,93.75,1,0,0
2022-07-15 15:59:38,0,0,4.511278,0.2506266,0,93.48371,1.2531328,0.2506266,0
2022-07-15 15:59:37,0,0,4.987531,0.2493766,0,92.26933,1.4962594,0.2493766,0
2022-07-15 15:59:36,0,0,4.488778,0,0,93.01746,1.2468828,0.4987531,0
2022-07-15 15:59:35,0,0,5.30303,0,0,92.67677,1.5151515,0.2525253,0
2022-07-15 15:59:34,0,0,4.239401,0,0,93.01746,2.244389,0.2493766,0
2022-07-15 15:59:33,0,0,5.25,0.25,0,92.25,1.5,0.25,0
2022-07-15 15:59:32,0,0,4.5,0.25,0,92.75,1.75,0.25,0
2022-07-15 15:59:31,0,0,4.5,0,0,94,0.75,0.25,0
2022-07-15 15:59:30,0,0,5.527638,0.2512563,0,91.9598,1.2562814,0,0.2512563
2022-07-15 15:59:29,0,0,4.239401,0,0,92.76808,1.995012,0.2493766,0
2022-07-15 15:59:28,0,0,4.522613,0,0,93.21608,2.01005,0,0
2022-07-15 15:59:27,0,0,4.738155,0.2493766,0,93.26683,0.9975062,0.2493766,0
2022-07-15 15:59:26,0,0,4.761905,0.2506266,0,92.98246,1.0025063,0.5012531,0
2022-07-15 15:59:25,0,0,4.975124,0,0,92.53731,1.99005,0.2487562,0
2022-07-15 15:59:24,0,0,5.025126,0.5025126,0,92.96482,1.0050251,0,0
2022-07-15 15:59:23,0,0,4.239401,0,0,92.5187,1.4962594,0.2493766,0.2493766
2022-07-15 15:59:22,0,0,4.239401,0,0,93.26683,1.745636,0.2493766,0
2022-07-15 15:59:21,0,0,5.541562,0.2518892,0,92.19144,1.511335,0.2518892,0
2022-07-15 15:59:20,0,0,4.785894,0.2518892,0,92.19144,1.2594458,0,0
2022-07-15 15:59:19,0,0,4.25,0,0,93.5,1.5,0.25,0.25
2022-07-15 15:59:18,0,0,5.263158,0.2506266,0,92.73183,1.0025063,0,0
2022-07-15 15:59:17,0,0,4.738155,0.2493766,0,92.76808,1.745636,0.2493766,0
2022-07-15 15:59:16,0,0,4.477612,0,0,93.53234,1.2437811,0.2487562,0
2022-07-15 15:59:15,0,0,5.012531,0,0,92.4812,2.005013,0,0
2022-07-15 15:59:14,0,0,4.282116,0.2518892,0,94.45844,1.0075567,0,0
2022-07-15 15:59:13,0,0,4.975124,0.4975124,0,92.78607,1.2437811,0.2487562,0
2022-07-15 15:59:12,0,0,4.761905,0,0,93.23308,1.2531328,0.2506266,0
2022-07-15 15:59:11,0,0,4.477612,0.2487562,0,92.78607,1.2437811,0.2487562,0.2487562
2022-07-15 15:59:10,0,0,5.025126,0,0,93.71859,1.0050251,0,0
2022-07-15 15:59:09,0,0,4.5,0.25,0,93,1.5,0.25,0
2022-07-15 15:59:08,0,0,4.70297,0.2475248,0,93.06931,1.732673,0,0
2022-07-15 15:59:07,0,0,5.050505,0,0,93.18182,1.010101,0.2525253,0
2022-07-15 15:59:06,0,0,4.738155,0,0,93.51621,1.2468828,0.2493766,0
2022-07-15 15:59:05,0,0,5.513784,0.2506266,0,91.72932,1.754386,0.2506266,0
2022-07-15 15:59:04,0,0,4.511278,0.2506266,0,93.73434,1.0025063,0.2506266,0
2022-07-15 15:59:03,0,0,4.761905,0.2506266,0,93.23308,1.0025063,0,0
2022-07-15 15:59:02,0,0,4.726368,0,0,93.53234,1.2437811,0.2487562,0
2022-07-15 15:59:01,0,0,4.477612,0.2487562,0,92.0398,1.4925373,0.2487562,0.2487562
2022-07-15 15:59:00,0,0,4.79798,0.2525253,0,93.18182,1.5151515,0,0
2022-07-15 15:58:59,0,0,5,0.25,0,93,1.5,0,0
2022-07-15 15:58:58,0,0,4.477612,0.2487562,0,93.03483,1.741294,0,0
2022-07-15 15:58:57,0,0,5.025126,0.2512563,0,91.9598,2.01005,0.2512563,0
2022-07-15 15:58:56,0,0,4.488778,0.2493766,0,93.01746,0.9975062,0.2493766,0
2022-07-15 15:58:55,0,0,4.511278,0.2506266,0,93.23308,1.754386,0,0
2022-07-15 15:58:54,0,0,5.472637,0.4975124,0,91.79104,1.741294,0.2487562,0
2022-07-15 15:58:53,0,0,3.759398,0.2506266,0,93.23308,1.5037594,0.2506266,0.2506266
2022-07-15 15:58:52,0,0,5.012531,0.5012531,0,92.73183,1.5037594,0,0
2022-07-15 15:58:51,0,0,4.534005,0.2518892,0,93.45088,1.2594458,0.2518892,0
2022-07-15 15:58:50,0,0,5,0.25,0,92.75,1.25,0,0
2022-07-15 15:58:49,0,0,4.75,0.25,0,94.5,0.5,0,0
2022-07-15 15:58:48,0,0,4.488778,0.2493766,0,93.01746,1.4962594,0.2493766,0
2022-07-15 15:58:47,0,0,5,0.25,0,92.25,1.5,0,0.25
2022-07-15 15:58:46,0,0,4.71464,0.248139,0,93.30025,1.4888337,0,0
2022-07-15 15:58:45,0,0,4.522613,0,0,93.96985,1.0050251,0.2512563,0
2022-07-15 15:58:44,0,0,5.236908,0,0,92.26933,1.4962594,0,0
2022-07-15 15:58:43,0,0,4.5,0.25,0,93,2,0,0
2022-07-15 15:58:42,0,0,5,0.25,0,92.25,1.75,0.25,0
2022-07-15 15:58:41,0,0,4.785894,0.2518892,0,92.9471,1.511335,0.2518892,0
2022-07-15 15:58:40,0,0,4,0,0,94.25,1.25,0.25,0
2022-07-15 15:58:39,0,0,5,0.5,0,92.5,1.5,0.25,0
2022-07-15 15:58:38,0,0,4.228856,0.2487562,0,94.02985,1.2437811,0,0
2022-07-15 15:58:37,0,0,5.012531,0,0,92.23058,2.005013,0.2506266,0
2022-07-15 15:58:36,0,0,3.768844,0.2512563,0,89.94975,1.5075377,0,3.266332
2022-07-15 15:58:35,0,0,3.990025,0,0,94.76309,0.7481297,0.2493766,0
2022-07-15 15:58:34,0,0,4.534005,0.2518892,0,92.9471,1.763224,0.2518892,0
2022-07-15 15:58:33,0,0,4.726368,0.2487562,0,92.53731,1.741294,0.2487562,0
2022-07-15 15:58:32,0,0,4.239401,0.2493766,0,93.76559,1.2468828,0.2493766,0
2022-07-15 15:58:31,0,0,4.761905,0,0,92.73183,1.754386,0.2506266,0
2022-07-15 15:58:30,0,0,4.738155,0.4987531,0,92.26933,1.2468828,0.2493766,0
2022-07-15 15:58:29,0,0,4,0.25,0,93.75,0.75,0.25,0.25
2022-07-15 15:58:28,0,0,4.511278,0.2506266,0,93.48371,1.0025063,0.2506266,0
2022-07-15 15:58:27,0,0,5.541562,0.2518892,0,91.18388,2.267003,0,0
2022-07-15 15:58:26,0,0,3.482587,0,0,95.27363,0.7462687,0.2487562,0
2022-07-15 15:58:25,0,0,5.012531,0.2506266,0,92.73183,1.2531328,0,0
2022-07-15 15:58:24,0,0,3.970223,0,0,93.79653,1.4888337,0.4962779,0
2022-07-15 15:58:23,0,0,5,0.5,0,92.25,1.75,0,0.25
2022-07-15 15:58:22,0,0,4.282116,0.5037783,0,92.19144,2.770781,0,0
2022-07-15 15:58:21,0,0,4.726368,0.2487562,0,93.28358,0.9950249,0.2487562,0
2022-07-15 15:58:20,0,0,5,0,0,93,1.5,0.25,0
2022-07-15 15:58:19,0,0,3.759398,0.2506266,0,93.98496,1.0025063,0.2506266,0
2022-07-15 15:58:18,0,0,5.012531,0.5012531,0,91.72932,2.005013,0.2506266,0.2506266
2022-07-15 15:58:17,0,0,4.466501,0.4962779,0,92.55583,1.4888337,0.4962779,0.248139
2022-07-15 15:58:16,0,0,4.260652,0,0,93.73434,1.5037594,0,0
2022-07-15 15:58:15,0,0,5.25,0.25,0,92.75,1.5,0,0
2022-07-15 15:58:14,0,0,4.25,0.25,0,93.75,1.5,0,0
2022-07-15 15:58:13,0,0,4.738155,0.4987531,0,92.5187,1.995012,0,0
2022-07-15 15:58:12,0,0,4.738155,0,0,93.26683,1.4962594,0.2493766,0
2022-07-15 15:58:11,0,0,4.020101,0,0,93.96985,1.0050251,0.2512563,0
2022-07-15 15:58:10,0,0,5.236908,0.2493766,0,92.5187,1.745636,0,0
2022-07-15 15:58:09,0,0,3.990025,0,0,93.51621,1.4962594,0.2493766,0
2022-07-15 15:58:08,0,0,4.522613,0.5025126,0,93.21608,1.5075377,0,0
2022-07-15 15:58:07,0,0,4.738155,0.2493766,0,92.26933,2.493766,0,0
2022-07-15 15:58:06,0,0,4.260652,0.2506266,0,93.23308,1.2531328,0.2506266,0
2022-07-15 15:58:05,0,0,5.513784,0,0,93.48371,0.7518797,0,0
2022-07-15 15:58:04,0,0,5,0.25,0,91.75,2,0.25,0.25
2022-07-15 15:58:03,0,0,4.5,0.25,0,91.5,2,0,0.25
2022-07-15 15:58:02,0,0,3.722084,0.248139,0,94.04467,1.2406948,0.248139,0
2022-07-15 15:58:01,0,0,4.010025,0.2506266,0,93.48371,1.754386,0,0
2022-07-15 15:58:00,0,0,5.459057,0.4962779,0,91.56328,1.2406948,0.248139,0.248139
2022-07-15 15:57:59,0,0,3.266332,0,0,95.72864,0.5025126,0.2512563,0
2022-07-15 15:57:58,0,0,4.260652,0.2506266,0,92.98246,1.5037594,0.2506266,0
2022-07-15 15:57:57,0,0,4.761905,0,0,93.23308,1.754386,0,0
2022-07-15 15:57:56,0,0,4.488778,0,0,93.76559,1.2468828,0.2493766,0
2022-07-15 15:57:55,0,0,4.987531,0.4987531,0,91.77057,1.995012,0.2493766,0
2022-07-15 15:57:54,0,0,4.522613,0,0,93.21608,1.758794,0.2512563,0
2022-07-15 15:57:53,0,0,4,0,0,94.25,0.75,0.5,0
2022-07-15 15:57:52,0,0,5,0.25,0,92.25,1.75,0.25,0
2022-07-15 15:57:51,0,0,4.511278,0.2506266,0,93.73434,1.2531328,0,0
2022-07-15 15:57:50,0,0,4.511278,0.2506266,0,92.73183,2.005013,0,0
2022-07-15 15:57:49,0,0,5,0,0,93,1.25,0.25,0
2022-07-15 15:57:48,0,0,4,0.25,0,93.5,2,0,0
2022-07-15 15:57:47,0,0,5.263158,0.2506266,0,91.22807,1.754386,0.7518797,0
2022-07-15 15:57:46,0,0,4.488778,0.2493766,0,93.76559,1.2468828,0,0
2022-07-15 15:57:45,0,0,4.260652,0.2506266,0,93.23308,1.5037594,0.2506266,0
2022-07-15 15:57:44,0,0,4.738155,0.9975062,0,92.01995,1.995012,0,0
2022-07-15 15:57:43,0,0,5.276382,0.2512563,0,91.9598,1.2562814,0.2512563,0
2022-07-15 15:57:42,0,0,3.5,0,0,94.25,1.5,0.25,0
2022-07-15 15:57:41,0,0,4.761905,0.7518797,0,91.97995,1.754386,0.2506266,0
2022-07-15 15:57:40,0,0,4.020101,0,0,93.96985,1.2562814,0.2512563,0
2022-07-15 15:57:39,0,0,4.773869,0.2512563,0,93.21608,1.2562814,0,0
2022-07-15 15:57:38,0,0,4.488778,0.2493766,0,93.51621,1.2468828,0,0
2022-07-15 15:57:37,0,0,5.721393,0,0,90.79602,1.99005,0.2487562,0.2487562
2022-07-15 15:57:36,0,0,3.768844,0.2512563,0,93.46734,1.0050251,0,0
2022-07-15 15:57:35,0,0,3.508772,0,0,94.73684,1.2531328,0.2506266,0
2022-07-15 15:57:34,0,0,4.726368,0,0,93.53234,1.4925373,0,0
2022-07-15 15:57:33,0,0,4.75,0.25,0,92,1.25,0.25,0.25
2022-07-15 15:57:32,0,0,3.75,0,0,94.25,1.5,0.25,0
2022-07-15 15:57:31,0,0,4.488778,0.2493766,0,92.5187,1.745636,0,0
2022-07-15 15:57:30,0,0,4.271357,0,0,94.22111,1.0050251,0.2512563,0
2022-07-15 15:57:29,0,0,4.488778,0,0,94.01496,0.9975062,0.2493766,0
2022-07-15 15:57:28,0,0,4.75,0.5,0,92.5,1.5,0.25,0
2022-07-15 15:57:27,0,0,4.260652,0.2506266,0,93.98496,1.0025063,0,0
2022-07-15 15:57:26,0,0,4.25,0,0,94.25,0.75,0.5,0
2022-07-15 15:57:25,0,0,4.738155,0.2493766,0,92.01995,2.244389,0,0
2022-07-15 15:57:24,0,0,4.522613,0.2512563,0,93.96985,0.7537688,0.2512563,0
2022-07-15 15:57:23,0,0,4.773869,0.2512563,0,92.96482,1.5075377,0,0
2022-07-15 15:57:22,0,0,4.228856,0.2487562,0,93.28358,1.4925373,0.2487562,0
2022-07-15 15:57:21,0,0,4.79798,0.2525253,0,92.42424,1.767677,0.5050505,0
2022-07-15 15:57:20,0,0,4.477612,0.2487562,0,93.53234,0.9950249,0.2487562,0
2022-07-15 15:57:19,0,0,4.25,0,0,94.25,1.25,0.25,0
2022-07-15 15:57:18,0,0,4.773869,0.2512563,0,92.46231,1.5075377,0.2512563,0
2022-07-15 15:57:17,0,0,4.260652,0,0,94.48622,1.0025063,0,0
2022-07-15 15:57:16,0,0,5.472637,0.2487562,0,90.54726,1.99005,0.2487562,0
2022-07-15 15:57:15,0,0,3.731343,0.2487562,0,94.02985,1.2437811,0.2487562,0
2022-07-15 15:57:14,0,0,4.785894,0,0,93.95466,0.7556675,0.2518892,0
2022-07-15 15:57:13,0,0,4,0.5,0,94.25,1,0,0
2022-07-15 15:57:12,0,0,4.75,0.25,0,92.75,1.75,0,0
2022-07-15 15:57:11,0,0,4.738155,0.2493766,0,92.26933,1.995012,0.2493766,0
2022-07-15 15:57:10,0,0,5.236908,0,0,92.76808,0.9975062,0.4987531,0
2022-07-15 15:57:09,0,0,4,0,0,93.5,1.5,0,0.25
2022-07-15 15:57:08,0,0,3.759398,0,0,94.48622,1.0025063,0.2506266,0
2022-07-15 15:57:07,0,0,4.738155,0,0,93.01746,1.745636,0.2493766,0
2022-07-15 15:57:06,0,0,4.75,0.25,0,91.25,2.25,0,0.25
2022-07-15 15:57:05,0,0,4.488778,0,0,93.01746,1.745636,0.4987531,0
2022-07-15 15:57:04,0,0,4.75,0.25,0,92.5,2,0,0
2022-07-15 15:57:03,0,0,4.271357,0,0,93.46734,1.2562814,0.5025126,0
2022-07-15 15:57:02,0,0,4.75,0.25,0,93.75,1.25,0,0
2022-07-15 15:57:01,0,0,4.975124,0,0,91.29353,1.99005,0.4975124,0
2022-07-15 15:57:00,0,0,4.260652,0.2506266,0,93.48371,1.5037594,0.2506266,0
2022-07-15 15:56:59,0,0,4.785894,0,0,93.45088,1.511335,0,0
2022-07-15 15:56:58,0,0,4.5,0.25,0,93.5,1.25,0.25,0
2022-07-15 15:56:57,0,0,4.488778,0,0,93.01746,1.745636,0.2493766,0.2493766
2022-07-15 15:56:56,0,0,4.75,0.25,0,92.5,2.25,0,0
2022-07-15 15:56:55,0,0,4.511278,0,0,93.73434,1.2531328,0.2506266,0
2022-07-15 15:56:54,0,0,4.738155,0.2493766,0,93.01746,1.4962594,0.4987531,0
2022-07-15 15:56:53,0,0,4.282116,0.2518892,0,94.45844,0.7556675,0,0
2022-07-15 15:56:52,0,0,4.534005,0,0,92.9471,2.015113,0.2518892,0
2022-07-15 15:56:51,0,0,4.738155,0.2493766,0,94.01496,0.2493766,0.2493766,0
2022-07-15 15:56:50,0,0,4.271357,0.2512563,0,93.46734,1.2562814,0.2512563,0
2022-07-15 15:56:49,0,0,5.5,0.25,0,91,2,0.25,0.25
2022-07-15 15:56:48,0,0,3.508772,0.2506266,0,94.48622,1.2531328,0.2506266,0
2022-07-15 15:56:47,0,0,4.987531,0.2493766,0,93.26683,1.2468828,0,0
2022-07-15 15:56:46,0,0,4.282116,0.2518892,0,93.70277,1.0075567,0.5037783,0
2022-07-15 15:56:45,0,0,4.228856,0.2487562,0,93.03483,1.741294,0.2487562,0
2022-07-15 15:56:44,0,0,4.773869,0.2512563,0,93.46734,1.0050251,0.2512563,0
2022-07-15 15:56:43,0,0,5.012531,0.2506266,0,92.23058,1.754386,0,0
2022-07-15 15:56:42,0,0,3.759398,0.2506266,0,93.98496,1.2531328,0.2506266,0
2022-07-15 15:56:41,0,0,4.010025,0,0,94.23559,1.5037594,0,0
2022-07-15 15:56:40,0,0,5.707196,0.4962779,0,91.067,0.9925558,0.248139,0.248139
2022-07-15 15:56:39,0,0,3.25,0.5,0,94.25,1.5,0.25,0
2022-07-15 15:56:38,0,0,4.785894,0.2518892,0,93.19899,1.511335,0,0
2022-07-15 15:56:37,0,0,4.25,0.25,0,93,1.75,0.25,0
2022-07-15 15:56:36,0,0,4.761905,0,0,93.48371,1.5037594,0,0
2022-07-15 15:56:35,0,0,4.488778,0,0,93.26683,1.745636,0.2493766,0
2022-07-15 15:56:34,0,0,4.761905,0,0,93.48371,1.2531328,0.2506266,0
2022-07-15 15:56:33,0,0,4.511278,0.2506266,0,92.98246,1.5037594,0.2506266,0
2022-07-15 15:56:32,0,0,4.726368,0,0,93.53234,1.2437811,0.2487562,0
2022-07-15 15:56:31,0,0,4.738155,0.2493766,0,92.5187,1.745636,0,0
2022-07-15 15:56:30,0,0,4.522613,0.2512563,0,93.71859,1.0050251,0.2512563,0
2022-07-15 15:56:29,0,0,4.738155,0.2493766,0,93.01746,0.9975062,0.2493766,0
2022-07-15 15:56:28,0,0,4.75,0,0,92.75,2,0.25,0
2022-07-15 15:56:27,0,0,4.477612,0.2487562,0,93.03483,1.4925373,0.2487562,0
2022-07-15 15:56:26,0,0,4.761905,0.2506266,0,93.23308,1.2531328,0.2506266,0
2022-07-15 15:56:25,0,0,4.260652,0.2506266,0,92.98246,2.005013,0,0
2022-07-15 15:56:24,0,0,4.5,0.25,0,93.25,1.25,0.5,0
2022-07-15 15:56:23,0,0,4.761905,0,0,93.23308,1.2531328,0.2506266,0
2022-07-15 15:56:22,0,0,4.239401,0,0,93.76559,1.2468828,0,0.2493766
2022-07-15 15:56:21,0,0,4.511278,0.2506266,0,92.98246,1.2531328,0.5012531,0
2022-07-15 15:56:20,0,0,4.228856,0.2487562,0,94.27861,0.9950249,0,0
2022-07-15 15:56:19,0,0,4.5,0.25,0,93.25,1.75,0,0
2022-07-15 15:56:18,0,0,4.79798,0,0,92.92929,1.767677,0.2525253,0
2022-07-15 15:56:17,0,0,4.488778,0,0,94.26434,0.7481297,0.2493766,0
2022-07-15 15:56:16,0,0,6,0.75,0,89.75,2,0.25,0
2022-07-15 15:56:15,0,0,3.007519,0,0,95.48872,1.0025063,0,0
2022-07-15 15:56:14,0,0,4.522613,0.2512563,0,94.22111,1.0050251,0,0
2022-07-15 15:56:13,0,0,5.25,0.5,0,88.5,2.25,0,1.75
2022-07-15 15:56:12,0,0,3.482587,0.2487562,0,94.02985,1.4925373,0.4975124,0
2022-07-15 15:56:11,0,0,4.773869,0,0,93.71859,1.0050251,0,0
2022-07-15 15:56:10,0,0,4.488778,0.2493766,0,93.76559,0.7481297,0.2493766,0
2022-07-15 15:56:09,0,0,4.5,0,0,93.75,1.25,0.25,0
2022-07-15 15:56:08,0,0,4.75,0,0,94.25,0.75,0,0
2022-07-15 15:56:07,0,0,4.010025,0.2506266,0,92.98246,2.005013,0.2506266,0
2022-07-15 15:56:06,0,0,5,0,0,92.5,1.25,0.5,0.5
2022-07-15 15:56:05,0,0,4.545455,0.2525253,0,93.18182,1.2626263,0.2525253,0
2022-07-15 15:56:04,0,0,4.738155,0.2493766,0,93.51621,0.4987531,0.4987531,0
2022-07-15 15:56:03,0,0,4.785894,0.2518892,0,93.45088,1.2594458,0,0
2022-07-15 15:56:02,0,0,3.9801,0.2487562,0,93.53234,1.2437811,0.4975124,0
2022-07-15 15:56:01,0,0,5.012531,0,0,93.73434,0.7518797,0,0
2022-07-15 15:56:00,0,0,4.534005,0,0,94.71033,0.7556675,0,0
2022-07-15 15:55:59,0,0,4.271357,0,0,93.71859,1.0050251,0.5025126,0
2022-07-15 15:55:58,0,0,4.962779,0.4962779,0,93.05211,1.2406948,0,0
2022-07-15 15:55:57,0,0,4.282116,0,0,93.70277,1.763224,0,0
2022-07-15 15:55:56,0,0,5.707196,0.248139,0,91.81141,0.9925558,0.4962779,0
2022-07-15 15:55:55,0,0,3.75,0,0,95,0.75,0,0
2022-07-15 15:55:54,0,0,4.282116,0,0,93.45088,2.015113,0,0
2022-07-15 15:55:53,0,0,4.71464,0,0,93.54839,1.2406948,0,0
2022-07-15 15:55:52,0,0,4.282116,0.5037783,0,93.95466,1.0075567,0,0
2022-07-15 15:55:51,0,0,4.71464,0.248139,0,92.55583,1.736973,0.4962779,0
2022-07-15 15:55:50,0,0,5.513784,0,0,92.73183,1.0025063,0.2506266,0
2022-07-15 15:55:49,0,0,3.768844,0,0,93.71859,1.5075377,0,0
2022-07-15 15:55:48,0,0,3.990025,0.4987531,0,93.51621,1.4962594,0.2493766,0
2022-07-15 15:55:47,0,0,4.488778,0,0,93.76559,1.2468828,0.2493766,0
2022-07-15 15:55:46,0,0,4.75,0.25,0,92.5,0.75,0.25,0.5
2022-07-15 15:55:45,0,0,4,0.25,0,94.25,1.25,0,0
2022-07-15 15:55:44,0,0,4.511278,0,0,93.73434,1.0025063,0.5012531,0
2022-07-15 15:55:43,0,0,4.75,0.25,0,92.75,1.75,0,0
2022-07-15 15:55:42,0,0,4.260652,0.2506266,0,93.23308,1.2531328,0.2506266,0
2022-07-15 15:55:41,0,0,4.477612,0.4975124,0,93.28358,1.4925373,0,0
2022-07-15 15:55:40,0,0,4.785894,0,0,93.45088,1.2594458,0.2518892,0
2022-07-15 15:55:39,0,0,4.228856,0.2487562,0,93.53234,1.4925373,0.2487562,0
2022-07-15 15:55:38,0,0,4.75,0,0,93.75,0.75,0.25,0
2022-07-15 15:55:37,0,0,4.511278,0.2506266,0,94.23559,0.7518797,0,0
2022-07-15 15:55:36,0,0,5.276382,0.2512563,0,91.9598,1.758794,0.2512563,0
2022-07-15 15:55:35,0,0,4.738155,0,0,92.76808,1.745636,0.2493766,0
2022-07-15 15:55:34,0,0,4.25,0.25,0,93,1.75,0.25,0
2022-07-15 15:55:33,0,0,4.75,0.25,0,93.25,1,0.25,0
2022-07-15 15:55:32,0,0,4.5,0.25,0,93,1.5,0.25,0
2022-07-15 15:55:31,0,0,4.522613,0,0,92.71357,1.758794,0.5025126,0
2022-07-15 15:55:30,0,0,4.738155,0,0,93.76559,0.9975062,0,0
2022-07-15 15:55:29,0,0,4.761905,0.2506266,0,91.97995,1.0025063,0.2506266,1.2531328
2022-07-15 15:55:28,0,0,3.740648,0,0,94.01496,1.2468828,0.2493766,0.2493766
2022-07-15 15:55:27,0,0,4.726368,0.2487562,0,93.03483,1.2437811,0.2487562,0
2022-07-15 15:55:26,0,0,4.25,0.5,0,93,2,0,0
2022-07-15 15:55:25,0,0,4.511278,0,0,93.48371,1.5037594,0.2506266,0
2022-07-15 15:55:24,0,0,4.726368,0,0,93.03483,1.4925373,0.2487562,0
2022-07-15 15:55:23,0,0,4.738155,0.4987531,0,92.76808,1.4962594,0,0
2022-07-15 15:55:22,0,0,4.25,0.25,0,92.75,1.5,0.25,0.25
2022-07-15 15:55:21,0,0,4,0.25,0,94.25,1,0,0
2022-07-15 15:55:20,0,0,4.511278,0.2506266,0,92.73183,2.005013,0.2506266,0
2022-07-15 15:55:19,0,0,5.223881,0.2487562,0,91.29353,1.4925373,0.4975124,0
2022-07-15 15:55:18,0,0,3.535354,0.5050505,0,93.93939,1.010101,0.2525253,0
2022-07-15 15:55:17,0,0,4.75,0.5,0,92.75,1.5,0,0
2022-07-15 15:55:16,0,0,4.75,0,0,92.5,2,0.25,0
2022-07-15 15:55:15,0,0,4.488778,0,0,93.76559,1.2468828,0.2493766,0
2022-07-15 15:55:14,0,0,4.773869,0.2512563,0,93.21608,1.5075377,0,0
2022-07-15 15:55:13,0,0,4.239401,0.2493766,0,94.01496,0.9975062,0.2493766,0
2022-07-15 15:55:12,0,0,4.761905,0.2506266,0,92.73183,2.005013,0,0
2022-07-15 15:55:11,0,0,4.5,0.25,0,93.5,1,0.25,0
2022-07-15 15:55:10,0,0,4.534005,0,0,93.70277,1.2594458,0,0
2022-07-15 15:55:09,0,0,4.488778,0,0,93.76559,0.9975062,0.2493766,0
2022-07-15 15:55:08,0,0,4.522613,0.5025126,0,92.96482,1.2562814,0.2512563,0
2022-07-15 15:55:07,0,0,4.761905,0,0,93.23308,1.5037594,0,0
2022-07-15 15:55:06,0,0,4.522613,0,0,93.96985,1.2562814,0,0
2022-07-15 15:55:05,0,0,5.223881,0.2487562,0,92.0398,1.741294,0.2487562,0
2022-07-15 15:55:04,0,0,4.534005,0.5037783,0,92.69521,2.015113,0.2518892,0
2022-07-15 15:55:03,0,0,4.477612,0.4975124,0,92.0398,2.238806,0.2487562,0
2022-07-15 15:55:02,0,0,4.773869,0,0,92.46231,1.5075377,0.2512563,0
2022-07-15 15:55:01,0,0,4.020101,0,0,94.97487,0.2512563,0,0
2022-07-15 15:55:00,0,0,4.761905,0.5012531,0,92.4812,1.5037594,0.2506266,0
2022-07-15 15:54:59,0,0,4.5,0,0,94,1.25,0,0
2022-07-15 15:54:58,0,0,4.75,0,0,93.25,1.5,0.25,0
2022-07-15 15:54:57,0,0,4.738155,0,0,93.01746,1.2468828,0.2493766,0.2493766
2022-07-15 15:54:56,0,0,5.735661,0.2493766,0,91.02244,1.745636,0.2493766,0
2022-07-15 15:54:55,0,0,2.756892,0,0,95.98997,0.5012531,0.2506266,0
2022-07-15 15:54:54,0,0,4.5,0.5,0,92.75,2,0,0
2022-07-15 15:54:53,0,0,4.271357,0,0,94.47236,0.7537688,0.2512563,0
2022-07-15 15:54:52,0,0,5.223881,0,0,92.0398,1.4925373,0.2487562,0
2022-07-15 15:54:51,0,0,3.768844,0,0,93.71859,1.758794,0.5025126,0
2022-07-15 15:54:50,0,0,4.761905,0.5012531,0,92.23058,1.5037594,0.2506266,0
2022-07-15 15:54:49,0,0,4.228856,0,0,94.02985,0.9950249,0,0.2487562
2022-07-15 15:54:48,0,0,4.785894,0,0,94.45844,0.7556675,0,0
2022-07-15 15:54:47,0,0,4.511278,0,0,93.23308,1.754386,0.2506266,0
2022-07-15 15:54:46,0,0,4.477612,0.2487562,0,93.03483,0.7462687,0.4975124,0
2022-07-15 15:54:45,0,0,4.522613,0,0,94.22111,1.0050251,0,0
2022-07-15 15:54:44,0,0,4.477612,0.4975124,0,94.02985,0.7462687,0.2487562,0
2022-07-15 15:54:43,0,0,4.511278,0,0,93.73434,1.5037594,0,0
2022-07-15 15:54:42,0,0,4.761905,0.2506266,0,92.4812,1.754386,0.2506266,0
2022-07-15 15:54:41,0,0,4.511278,0,0,93.48371,1.0025063,0.2506266,0
2022-07-15 15:54:40,0,0,4.726368,0.4975124,0,93.53234,0.9950249,0.2487562,0
2022-07-15 15:54:39,0,0,4.5,0.25,0,93.25,1.5,0,0
2022-07-15 15:54:38,0,0,4.477612,0,0,93.28358,1.4925373,0.4975124,0
2022-07-15 15:54:37,0,0,4.556962,0.2531646,0,93.92405,1.0126582,0,0
2022-07-15 15:54:36,0,0,5.513784,0,0,91.4787,1.754386,0.5012531,0
2022-07-15 15:54:35,0,0,3.45679,0.2469136,0,94.5679,0.9876543,0.2469136,0
2022-07-15 15:54:34,0,0,4.738155,0.2493766,0,93.51621,0.9975062,0.2493766,0
2022-07-15 15:54:33,0,0,4.260652,0.2506266,0,93.73434,1.2531328,0,0
2022-07-15 15:54:32,0,0,4.773869,0,0,92.46231,2.01005,0.2512563,0.2512563
2022-07-15 15:54:31,0,0,4.5,0,0,93.5,1.25,0,0
2022-07-15 15:54:30,0,0,4.488778,0.2493766,0,93.76559,1.2468828,0,0
2022-07-15 15:54:29,0,0,5.472637,0.2487562,0,91.04478,2.487562,0.2487562,0
2022-07-15 15:54:28,0,0,2.756892,0.2506266,0,95.2381,1.2531328,0.2506266,0
2022-07-15 15:54:27,0,0,4.975124,0.2487562,0,92.53731,1.2437811,0,0
2022-07-15 15:54:26,0,0,4.5,0.25,0,93.25,1.5,0.25,0
2022-07-15 15:54:25,0,0,4.761905,0,0,92.98246,1.2531328,0.2506266,0
2022-07-15 15:54:24,0,0,4,0.25,0,94.25,1,0,0
2022-07-15 15:54:23,0,0,4.282116,0.2518892,0,93.70277,1.0075567,0.2518892,0
2022-07-15 15:54:22,0,0,4.987531,0.2493766,0,92.26933,1.4962594,0.2493766,0
2022-07-15 15:54:21,0,0,4.477612,0.2487562,0,93.28358,1.4925373,0.2487562,0
2022-07-15 15:54:20,0,0,5.037783,0,0,92.69521,1.763224,0.2518892,0
2022-07-15 15:54:19,0,0,4.726368,0.2487562,0,93.28358,1.2437811,0,0
2022-07-15 15:54:18,0,0,4.75,0,0,89.5,4.75,0.75,0
2022-07-15 15:54:17,0,0,4.773869,0.2512563,0,93.71859,1.0050251,0,0
2022-07-15 15:54:16,0,0,4.975124,0.2487562,0,93.28358,0.7462687,0.2487562,0
2022-07-15 15:54:15,0,0,4.260652,0.2506266,0,92.98246,1.5037594,0.5012531,0
2022-07-15 15:54:14,0,0,5.037783,0,0,93.19899,1.0075567,0.2518892,0
2022-07-15 15:54:13,0,0,4.477612,0.4975124,0,93.28358,1.2437811,0.2487562,0
2022-07-15 15:54:12,0,0,5,0.25,0,93.25,1,0,0
2022-07-15 15:54:11,0,0,4.534005,0,0,91.68766,2.518892,0.2518892,0
2022-07-15 15:54:10,0,0,4.726368,0.2487562,0,92.53731,1.4925373,0.2487562,0
2022-07-15 15:54:09,0,0,5.527638,0,0,91.20603,1.5075377,0,1.0050251
2022-07-15 15:54:08,0,0,4.010025,0,0,93.98496,1.2531328,0,0
2022-07-15 15:54:07,0,0,4.488778,0.9975062,0,92.5187,1.2468828,0.4987531,0
2022-07-15 15:54:06,0,0,5,0,0,93,1.5,0.25,0
2022-07-15 15:54:05,0,0,5.063291,0.2531646,0,92.40506,1.5189873,0.2531646,0
2022-07-15 15:54:04,0,0,4.738155,0.4987531,0,93.01746,1.2468828,0,0
2022-07-15 15:54:03,0,0,5.513784,0,0,92.23058,1.2531328,0.7518797,0
2022-07-15 15:54:02,0,0,4.71464,0.248139,0,91.31514,1.4888337,0,1.2406948
2022-07-15 15:54:01,0,0,4.511278,0,0,93.98496,1.0025063,0,0
2022-07-15 15:54:00,0,0,5.012531,0.5012531,0,92.98246,1.2531328,0,0
2022-07-15 15:53:59,0,0,4.218362,0.248139,0,94.04467,0.9925558,0.248139,0
2022-07-15 15:53:58,0,0,5.513784,0.2506266,0,91.72932,1.5037594,0,0.2506266
2022-07-15 15:53:57,0,0,4.010025,0.5012531,0,93.48371,1.2531328,0.2506266,0
2022-07-15 15:53:56,0,0,4.738155,0,0,93.01746,1.745636,0.2493766,0
2022-07-15 15:53:55,0,0,5.012531,0.5012531,0,92.73183,1.2531328,0.2506266,0
2022-07-15 15:53:54,0,0,4.761905,0.2506266,0,93.73434,0.7518797,0.2506266,0
2022-07-15 15:53:53,0,0,4.738155,0,0,94.01496,0.7481297,0.2493766,0
2022-07-15 15:53:52,0,0,4.785894,0.5037783,0,93.45088,0.7556675,0.2518892,0
2022-07-15 15:53:51,0,0,4.5,0.25,0,92.75,1,0.25,0
2022-07-15 15:53:50,0,0,5,0.25,0,93.5,1,0,0
2022-07-15 15:53:49,0,0,4.773869,0,0,93.46734,1.5075377,0,0
2022-07-15 15:53:48,0,0,4.761905,0.2506266,0,93.23308,1.2531328,0.2506266,0
2022-07-15 15:53:47,0,0,4.987531,0.4987531,0,92.5187,1.2468828,0.2493766,0
2022-07-15 15:53:46,0,0,4.75,0,0,93.75,1.25,0,0
2022-07-15 15:53:45,0,0,4.5,0.25,0,93.25,1,0.5,0
2022-07-15 15:53:44,0,0,5.012531,0,0,93.23308,1.2531328,0.2506266,0
2022-07-15 15:53:43,0,0,4.488778,0.4987531,0,92.76808,1.2468828,0.4987531,0
2022-07-15 15:53:42,0,0,5.764411,0.2506266,0,90.72682,1.754386,0.2506266,0.2506266
2022-07-15 15:53:41,0,0,3.544304,0.2531646,0,93.92405,1.5189873,0,0
2022-07-15 15:53:40,0,0,4.522613,0,0,93.46734,1.0050251,0.5025126,0
2022-07-15 15:53:39,0,0,4.71464,0.248139,0,93.30025,0.9925558,0.248139,0
2022-07-15 15:53:38,0,0,4.534005,0.2518892,0,93.70277,1.0075567,0.2518892,0
2022-07-15 15:53:37,0,0,5,0,0,93.5,0.5,0.25,0
2022-07-15 15:53:36,0,0,5.764411,0,0,91.22807,2.756892,0.2506266,0
2022-07-15 15:53:35,0,0,3.722084,0,0,93.30025,1.736973,0,0.248139
2022-07-15 15:53:34,0,0,3.508772,0,0,95.2381,0.7518797,0,0
2022-07-15 15:53:33,0,0,5.025126,0,0,93.71859,1.0050251,0,0.2512563
2022-07-15 15:53:32,0,0,5.25,0.5,0,92.25,1.5,0,0
2022-07-15 15:53:31,0,0,3.75,0,0,93,1.25,0.5,0.25
2022-07-15 15:53:30,0,0,4.987531,0,0,92.76808,1.745636,0.2493766,0
2022-07-15 15:53:29,0,0,4.738155,0,0,93.01746,1.4962594,0.2493766,0
2022-07-15 15:53:28,0,0,4.761905,0,0,93.98496,1.0025063,0,0
2022-07-15 15:53:27,0,0,4.738155,0.2493766,0,92.76808,1.745636,0.2493766,0
2022-07-15 15:53:26,0,0,4.511278,0,0,94.23559,1.0025063,0,0
2022-07-15 15:53:25,0,0,4.75,0,0,93.5,1,0.25,0
2022-07-15 15:53:24,0,0,5.513784,0.2506266,0,92.23058,1.5037594,0.2506266,0
2022-07-15 15:53:23,0,0,6.25,0,0,92.25,1.25,0,0
2022-07-15 15:53:22,0,0,2.756892,0,0,95.48872,0.7518797,0,0.7518797
2022-07-15 15:53:21,0,0,4.239401,0,0,93.51621,1.4962594,0.2493766,0
2022-07-15 15:53:20,0,0,4.511278,0.2506266,0,92.73183,1.754386,0.2506266,0
2022-07-15 15:53:19,0,0,5.012531,0,0,91.4787,2.506266,0.7518797,0.2506266
2022-07-15 15:53:18,0,0,5.236908,0.2493766,0,91.77057,1.4962594,0.4987531,0
2022-07-15 15:53:17,0,0,4.25,0,0,94,1.5,0,0
2022-07-15 15:53:16,0,0,5.236908,0.2493766,0,92.5187,1.4962594,0.2493766,0
2022-07-15 15:53:15,0,0,4.726368,0.7462687,0,90.04975,1.99005,0,1.2437811
2022-07-15 15:53:14,0,0,4,0,0,94.75,0.75,0.25,0
2022-07-15 15:53:13,0,0,5.012531,0,0,92.73183,1.2531328,0.2506266,0
2022-07-15 15:53:12,0,0,4.5,0,0,93.25,1.75,0.25,0
2022-07-15 15:53:11,0,0,6.030151,0.5025126,0,91.9598,0.7537688,0.2512563,0
2022-07-15 15:53:10,0,0,4.545455,0.2525253,0,92.92929,1.5151515,0.2525253,0
2022-07-15 15:53:09,0,0,6.234414,0.4987531,0,90.02494,2.493766,0,0
2022-07-15 15:53:08,0,0,3.015075,0.2512563,0,94.72362,1.2562814,0,0
2022-07-15 15:53:07,0,0,4.738155,0.2493766,0,92.76808,1.2468828,0.2493766,0
2022-07-15 15:53:06,0,0,4.773869,0,0,92.71357,2.261307,0,0
2022-07-15 15:53:05,0,0,5.985037,0.2493766,0,91.5212,1.4962594,0.2493766,0
2022-07-15 15:53:04,0,0,4,0.5,0,93.25,1,0.25,0
2022-07-15 15:53:03,0,0,4.511278,0.2506266,0,93.98496,1.2531328,0,0
2022-07-15 15:53:02,0,0,4.5,0,0,93,1.75,0.25,0
2022-07-15 15:53:01,0,0,5.025126,0.2512563,0,92.71357,1.5075377,0,0
2022-07-15 15:53:00,0,0,4.75,0.25,0,93.75,0.75,0.25,0
2022-07-15 15:52:59,0,0,4.75,0,0,92.75,1.25,0.5,0
2022-07-15 15:52:58,0,0,4.738155,0.2493766,0,93.01746,1.4962594,0.2493766,0
2022-07-15 15:52:57,0,0,5.012531,0,0,92.98246,1.5037594,0.2506266,0
2022-07-15 15:52:56,0,0,4.726368,0.2487562,0,93.03483,1.4925373,0,0.2487562
2022-07-15 15:52:55,0,0,4.522613,0.2512563,0,93.71859,1.5075377,0,0
2022-07-15 15:52:54,0,0,4.75,0.25,0,93,1.25,0.5,0
2022-07-15 15:52:53,0,0,5.037783,0,0,92.9471,1.2594458,0.2518892,0
2022-07-15 15:52:52,0,0,4.726368,0.4975124,0,93.28358,1.2437811,0,0
2022-07-15 15:52:51,0,0,4.761905,0,0,93.48371,1.0025063,0,0
2022-07-15 15:52:50,0,0,5.012531,0.2506266,0,91.97995,1.754386,0.5012531,0
2022-07-15 15:52:49,0,0,4.726368,0,0,93.78109,0.9950249,0.2487562,0
2022-07-15 15:52:48,0,0,5.25,0.5,0,91,2,0.25,0
2022-07-15 15:52:47,0,0,4.282116,0.2518892,0,93.19899,1.763224,0.2518892,0
2022-07-15 15:52:46,0,0,4.511278,0,0,92.73183,2.005013,0.2506266,0
2022-07-15 15:52:45,0,0,4.726368,0.2487562,0,93.28358,0.9950249,0.2487562,0
2022-07-15 15:52:44,0,0,5,0,0,93.5,1.25,0,0
2022-07-15 15:52:43,0,0,4.75,0.5,0,92.75,1.75,0.25,0
2022-07-15 15:52:42,0,0,5.985037,0.2493766,0,89.02743,1.995012,0.2493766,0.7481297
2022-07-15 15:52:41,0,0,3.274559,0,0,95.46599,0.7556675,0,0
2022-07-15 15:52:40,0,0,4.260652,0,0,94.73684,0.7518797,0,0
2022-07-15 15:52:39,0,0,5.236908,0.2493766,0,92.26933,1.4962594,0.2493766,0
2022-07-15 15:52:38,0,0,5.037783,0.5037783,0,91.68766,1.2594458,0,0.2518892
2022-07-15 15:52:37,0,0,3.970223,0.248139,0,92.55583,2.233251,0.4962779,0
2022-07-15 15:52:36,0,0,5,0,0,93.25,1.25,0,0
2022-07-15 15:52:35,0,0,4.477612,0.2487562,0,93.78109,1.2437811,0,0
2022-07-15 15:52:34,0,0,4.5,0.25,0,92.75,1.5,0.25,0
2022-07-15 15:52:33,0,0,5.276382,0,0,92.96482,1.2562814,0.2512563,0
2022-07-15 15:52:32,0,0,4.010025,0,0,93.98496,1.5037594,0.2506266,0
2022-07-15 15:52:31,0,0,5.263158,0.2506266,0,92.23058,1.2531328,0.2506266,0
2022-07-15 15:52:30,0,0,4.239401,0,0,93.01746,1.745636,0.4987531,0
2022-07-15 15:52:29,0,0,5.037783,0,0,93.45088,1.0075567,0.2518892,0
2022-07-15 15:52:28,0,0,4.738155,0,0,93.51621,0.9975062,0.2493766,0
2022-07-15 15:52:27,0,0,5.012531,0.5012531,0,92.4812,1.5037594,0,0
2022-07-15 15:52:26,0,0,4.522613,0,0,93.46734,1.5075377,0.2512563,0
2022-07-15 15:52:25,0,0,4.975124,0.2487562,0,92.78607,1.4925373,0.2487562,0
2022-07-15 15:52:24,0,0,4.511278,0,0,93.48371,1.754386,0,0
2022-07-15 15:52:23,0,0,5,0,0,93,1.5,0,0
2022-07-15 15:52:22,0,0,4.488778,0.2493766,0,93.26683,1.4962594,0,0
2022-07-15 15:52:21,0,0,5.276382,0.2512563,0,91.45729,1.5075377,0,0.2512563
2022-07-15 15:52:20,0,0,3.990025,0,0,93.01746,2.244389,0.2493766,0
2022-07-15 15:52:19,0,0,5,0.5,0,92,2.25,0,0
2022-07-15 15:52:18,0,0,4.488778,0.2493766,0,93.51621,0.9975062,0.2493766,0
2022-07-15 15:52:17,0,0,5.25,0.25,0,93,1,0.25,0
2022-07-15 15:52:16,0,0,4.239401,0,0,93.51621,1.745636,0,0
2022-07-15 15:52:15,0,0,6.17284,0.4938272,0,89.62963,1.4814815,0.4938272,0.2469136
2022-07-15 15:52:14,0,0,2.770781,0,0,95.46599,1.0075567,0.2518892,0
2022-07-15 15:52:13,0,0,4.466501,0.4962779,0,92.30769,2.233251,0.248139,0
2022-07-15 15:52:12,0,0,4.773869,0.2512563,0,92.96482,1.5075377,0.2512563,0
2022-07-15 15:52:11,0,0,5.486284,0.4987531,0,90.77307,1.995012,0,0
2022-07-15 15:52:10,0,0,3.731343,0.2487562,0,94.02985,1.4925373,0.2487562,0
2022-07-15 15:52:09,0,0,5.263158,0.7518797,0,91.72932,1.5037594,0.2506266,0
2022-07-15 15:52:08,0,0,4.260652,0,0,93.48371,1.5037594,0.2506266,0
2022-07-15 15:52:07,0,0,5.25,0,0,93,1.75,0,0
2022-07-15 15:52:06,0,0,4.726368,0.2487562,0,92.28856,1.741294,0.2487562,0
2022-07-15 15:52:05,0,0,5.063291,0.2531646,0,93.16456,1.2658228,0,0
2022-07-15 15:52:04,0,0,4.71464,0,0,92.05955,1.985112,0.4962779,0
2022-07-15 15:52:03,0,0,4.79798,0,0,93.43434,1.5151515,0,0
2022-07-15 15:52:02,0,0,4.738155,0.2493766,0,93.26683,1.2468828,0,0
2022-07-15 15:52:01,0,0,5.276382,0,0,92.21106,1.758794,0.2512563,0
2022-07-15 15:52:00,0,0,4.020101,0,0,93.96985,1.5075377,0,0
2022-07-15 15:51:59,0,0,5.472637,0.4975124,0,92.78607,0.9950249,0.2487562,0
2022-07-15 15:51:58,0,0,4.75,0.25,0,93,1.25,0.25,0
2022-07-15 15:51:57,0,0,4.511278,0,0,93.98496,1.2531328,0,0
2022-07-15 15:51:56,0,0,5.210918,0.248139,0,91.81141,1.736973,0.4962779,0.248139
2022-07-15 15:51:55,0,0,4.260652,0.5012531,0,92.73183,1.754386,0.2506266,0
2022-07-15 15:51:54,0,0,5.012531,0,0,93.48371,1.2531328,0,0
2022-07-15 15:51:53,0,0,4.738155,0.4987531,0,93.01746,0.9975062,0.2493766,0
2022-07-15 15:51:52,0,0,4.271357,0,0,94.47236,0.5025126,0.2512563,0
2022-07-15 15:51:51,0,0,5.5,0.25,0,91.75,1.75,0.25,0
2022-07-15 15:51:50,0,0,4.260652,0,0,93.98496,1.0025063,0.2506266,0
2022-07-15 15:51:49,0,0,5,0.25,0,92.25,2.25,0,0
2022-07-15 15:51:48,0,0,5.707196,0.248139,0,91.56328,1.4888337,0.248139,0.248139
2022-07-15 15:51:47,0,0,2.487562,0,0,95.52239,0.9950249,0.2487562,0
2022-07-15 15:51:46,0,0,5.25,0.25,0,92.75,1.25,0.25,0
2022-07-15 15:51:45,0,0,4.522613,0.2512563,0,93.71859,1.5075377,0,0
2022-07-15 15:51:44,0,0,4.962779,0.248139,0,90.32258,1.4888337,0.248139,1.4888337
2022-07-15 15:51:43,0,0,4.292929,0,0,94.19192,1.2626263,0,0
2022-07-15 15:51:42,0,0,4.477612,0.9950249,0,92.0398,1.741294,0.4975124,0
2022-07-15 15:51:41,0,0,4.773869,0,0,93.21608,1.5075377,0,0
2022-07-15 15:51:40,0,0,4.75,0,0,93.5,1.25,0,0.25
2022-07-15 15:51:39,0,0,5,0.25,0,93.5,1,0,0
2022-07-15 15:51:38,0,0,4.5,0,0,93.5,1.75,0.25,0
2022-07-15 15:51:37,0,0,4.987531,0,0,93.26683,1.4962594,0,0
2022-07-15 15:51:36,0,0,4.75,0,0,92.25,1.75,0.25,0
2022-07-15 15:51:35,0,0,4.71464,0.248139,0,93.05211,1.736973,0,0
2022-07-15 15:51:34,0,0,4.79798,0.2525253,0,93.93939,0.7575758,0.2525253,0
2022-07-15 15:51:33,0,0,4.75,0.25,0,92.25,1.25,0.5,0
2022-07-15 15:51:32,0,0,4.962779,0.248139,0,92.80397,1.4888337,0.248139,0
2022-07-15 15:51:31,0,0,4.522613,0,0,93.96985,0.7537688,0.2512563,0
2022-07-15 15:51:30,0,0,4.79798,0,0,93.68687,1.010101,0.2525253,0
2022-07-15 15:51:29,0,0,4.738155,0.2493766,0,93.26683,1.2468828,0.2493766,0
2022-07-15 15:51:28,0,0,4.738155,0,0,93.76559,0.9975062,0.2493766,0
2022-07-15 15:51:27,0,0,4.962779,0.248139,0,91.81141,1.2406948,0.248139,0.7444169
2022-07-15 15:51:26,0,0,4.030227,0,0,94.71033,0.7556675,0.2518892,0
2022-07-15 15:51:25,0,0,4.761905,0.2506266,0,92.23058,2.255639,0.2506266,0
2022-07-15 15:51:24,0,0,4.71464,0.248139,0,92.55583,1.736973,0.248139,0
2022-07-15 15:51:23,0,0,4.511278,0,0,93.73434,1.2531328,0.2506266,0
2022-07-15 15:51:22,0,0,6.733167,0.4987531,0,90.52369,1.4962594,0,0.4987531
2022-07-15 15:51:21,0,0,4.020101,0.2512563,0,91.9598,1.2562814,0.2512563,1.2562814
2022-07-15 15:51:20,0,0,3.517588,0,0,94.47236,1.2562814,0,0
2022-07-15 15:51:19,0,0,4.75,0.25,0,93,1.75,0,0
2022-07-15 15:51:18,0,0,5,0.25,0,93.25,1.25,0,0
2022-07-15 15:51:17,0,0,4.75,0,0,92.25,1.75,0.25,0
2022-07-15 15:51:16,0,0,4.477612,0,0,93.03483,1.99005,0.2487562,0
2022-07-15 15:51:15,0,0,4.79798,0,0,93.68687,1.2626263,0,0
2022-07-15 15:51:14,0,0,4.75,0.25,0,93.5,1,0,0
2022-07-15 15:51:13,0,0,5.25,0,0,93.25,1,0,0
2022-07-15 15:51:12,0,0,4.738155,0,0,94.01496,0.9975062,0.2493766,0
2022-07-15 15:51:11,0,0,4.75,0,0,92.25,2,0,0
2022-07-15 15:51:10,0,0,4.726368,0,0,93.53234,1.2437811,0.2487562,0
2022-07-15 15:51:09,0,0,4.511278,0.2506266,0,93.48371,1.2531328,0,0
2022-07-15 15:51:08,0,0,5.472637,0,0,92.78607,1.2437811,0.2487562,0
2022-07-15 15:51:07,0,0,4.5,0.25,0,93,1.25,0.25,0
2022-07-15 15:51:06,0,0,5.037783,0,0,92.44332,2.015113,0.2518892,0
2022-07-15 15:51:05,0,0,5.236908,0.2493766,0,91.77057,2.244389,0.2493766,0
2022-07-15 15:51:04,0,0,4.511278,0.2506266,0,93.98496,1.0025063,0,0
2022-07-15 15:51:03,0,0,4.987531,0,0,93.26683,0.7481297,0.2493766,0
2022-07-15 15:51:02,0,0,4.488778,0,0,94.01496,1.2468828,0,0
2022-07-15 15:51:01,0,0,5.236908,0.2493766,0,91.77057,1.995012,0.2493766,0
2022-07-15 15:51:00,0,0,4.271357,0.2512563,0,92.96482,1.2562814,0,0.2512563
2022-07-15 15:50:59,0,0,4.738155,0.2493766,0,92.76808,1.995012,0,0
2022-07-15 15:50:58,0,0,4.511278,0,0,92.98246,2.005013,0.2506266,0
2022-07-15 15:50:57,0,0,4.761905,0.2506266,0,93.73434,1.0025063,0,0
2022-07-15 15:50:56,0,0,5.236908,0,0,92.01995,2.244389,0.2493766,0
2022-07-15 15:50:55,0,0,5.75,0.25,0,91.25,1.75,0.25,0.25
2022-07-15 15:50:54,0,0,4.239401,0.2493766,0,92.01995,1.2468828,0,0.4987531
2022-07-15 15:50:53,0,0,2.756892,0.2506266,0,94.73684,1.5037594,0.2506266,0
2022-07-15 15:50:52,0,0,5.236908,0.2493766,0,91.77057,2.244389,0,0
2022-07-15 15:50:51,0,0,5.513784,0.2506266,0,92.23058,1.0025063,0.2506266,0.2506266
2022-07-15 15:50:50,0,0,3.990025,0.2493766,0,93.51621,0.7481297,0.2493766,0
2022-07-15 15:50:49,0,0,4.522613,0,0,93.46734,1.2562814,0.2512563,0
2022-07-15 15:50:48,0,0,4.5,0,0,93.5,1.5,0.25,0
2022-07-15 15:50:47,0,0,4.71464,0.248139,0,93.54839,0.9925558,0.248139,0
2022-07-15 15:50:46,0,0,5.012531,0,0,92.98246,1.5037594,0,0
2022-07-15 15:50:45,0,0,4.271357,0.2512563,0,92.96482,1.5075377,0.5025126,0
2022-07-15 15:50:44,0,0,5.25,0.25,0,92,1.75,0.25,0
2022-07-15 15:50:43,0,0,4.25,0.25,0,93.75,1.75,0,0
2022-07-15 15:50:42,0,0,4.975124,0.2487562,0,92.28856,1.741294,0.2487562,0
2022-07-15 15:50:41,0,0,4.75,0.25,0,92.5,1.25,0.25,0
2022-07-15 15:50:40,0,0,4.534005,0,0,93.95466,1.2594458,0,0
2022-07-15 15:50:39,0,0,4.975124,0.4975124,0,92.0398,1.99005,0.2487562,0
2022-07-15 15:50:38,0,0,5.012531,0.2506266,0,93.23308,1.0025063,0.2506266,0
2022-07-15 15:50:37,0,0,4.511278,0,0,93.73434,1.2531328,0.2506266,0
2022-07-15 15:50:36,0,0,5,0.5,0,92.25,1.25,0.25,0
2022-07-15 15:50:35,0,0,4,0,0,93.5,2,0.25,0
2022-07-15 15:50:34,0,0,6,0,0,91.25,2,0,0.25
2022-07-15 15:50:33,0,0,3.517588,0,0,94.47236,1.2562814,0.2512563,0.2512563
2022-07-15 15:50:32,0,0,4.987531,0.4987531,0,92.76808,1.2468828,0,0
2022-07-15 15:50:31,0,0,4.5,0,0,93.5,1,0.5,0
2022-07-15 15:50:30,0,0,5,0,0,93,1.75,0,0
2022-07-15 15:50:29,0,0,4.75,0.25,0,92.75,1.5,0.25,0
2022-07-15 15:50:28,0,0,6.234414,0.4987531,0,89.02743,2.743142,0,0.4987531
2022-07-15 15:50:27,0,0,3.768844,0,0,94.22111,0.7537688,0.5025126,0
2022-07-15 15:50:26,0,0,4.5,0.5,0,93.5,1.25,0,0
2022-07-15 15:50:25,0,0,4.5,0,0,93.75,1,0.25,0
2022-07-15 15:50:24,0,0,5.764411,0,0,92.73183,1.2531328,0,0
2022-07-15 15:50:23,0,0,3.241895,0.2493766,0,93.51621,1.4962594,0.2493766,0.2493766
2022-07-15 15:50:22,0,0,5.486284,0.2493766,0,91.77057,1.745636,0.2493766,0
2022-07-15 15:50:21,0,0,4.239401,0,0,93.76559,1.4962594,0,0
2022-07-15 15:50:20,0,0,5.289673,0.2518892,0,92.69521,1.2594458,0.2518892,0
2022-07-15 15:50:19,0,0,4.5,0,0,93.5,1,0,0
2022-07-15 15:50:18,0,0,4.761905,0.2506266,0,92.98246,1.5037594,0.2506266,0
2022-07-15 15:50:17,0,0,4.987531,0,0,93.01746,1.4962594,0.2493766,0
2022-07-15 15:50:16,0,0,5,0.25,0,93,1.25,0.25,0
2022-07-15 15:50:15,0,0,4.25,0.5,0,93,1.75,0,0
2022-07-15 15:50:14,0,0,5.25,0.5,0,92.25,1.25,0.25,0
2022-07-15 15:50:13,0,0,4.511278,0,0,93.98496,1.0025063,0.2506266,0
2022-07-15 15:50:12,0,0,4.761905,0.2506266,0,92.98246,1.754386,0,0
2022-07-15 15:50:11,0,0,4.761905,0.2506266,0,92.98246,1.2531328,0.2506266,0
2022-07-15 15:50:10,0,0,4.761905,0,0,93.48371,1.2531328,0.2506266,0
2022-07-15 15:50:09,0,0,4.75,0.25,0,92.5,1.5,0.75,0
2022-07-15 15:50:08,0,0,5.012531,0,0,92.73183,1.754386,0,0
2022-07-15 15:50:07,0,0,5.012531,0.2506266,0,91.72932,2.005013,0.2506266,0
2022-07-15 15:50:06,0,0,3.990025,0,0,94.76309,0.7481297,0.2493766,0
2022-07-15 15:50:05,0,0,5.5,0,0,92.75,1,0,0
2022-07-15 15:50:04,0,0,5.25,0.25,0,92,1.75,0,0
2022-07-15 15:50:03,0,0,4.511278,0.2506266,0,93.23308,1.2531328,0,0
2022-07-15 15:50:02,0,0,5,0,0,91.75,2.75,0.25,0
2022-07-15 15:50:01,0,0,5.75,0.5,0,91.5,1,0.25,0.25
2022-07-15 15:50:00,0,0,3.015075,0,0,94.22111,1.5075377,0,0
2022-07-15 15:49:59,0,0,4.726368,0,0,92.78607,1.741294,0,0.2487562
2022-07-15 15:49:58,0,0,4.738155,0.2493766,0,93.01746,1.2468828,0.4987531,0
2022-07-15 15:49:57,0,0,5.808081,0.5050505,0,91.16162,1.2626263,0,0
2022-07-15 15:49:56,0,0,3.75,0,0,94.25,1,0.5,0
2022-07-15 15:49:55,0,0,4.761905,0.2506266,0,93.73434,1.2531328,0,0
2022-07-15 15:49:54,0,0,5.012531,0,0,92.23058,1.754386,0.5012531,0
2022-07-15 15:49:53,0,0,3.9801,0.4975124,0,93.28358,1.4925373,0.2487562,0
2022-07-15 15:49:52,0,0,5.25,0,0,92.75,1.5,0.25,0
2022-07-15 15:49:51,0,0,4.556962,0.5063291,0,92.40506,2.025316,0,0
2022-07-15 15:49:50,0,0,4.488778,0.4987531,0,93.51621,0.9975062,0.2493766,0
2022-07-15 15:49:49,0,0,5.236908,0,0,92.76808,1.4962594,0.2493766,0
2022-07-15 15:49:48,0,0,4.75,0.25,0,93,1.25,0.25,0
2022-07-15 15:49:47,0,0,4.761905,0.2506266,0,93.98496,0.7518797,0,0
2022-07-15 15:49:46,0,0,5.012531,0,0,93.23308,1.5037594,0,0
2022-07-15 15:49:45,0,0,4.239401,0.2493766,0,92.76808,1.745636,0.2493766,0.2493766
2022-07-15 15:49:44,0,0,5.012531,0.2506266,0,92.23058,2.005013,0.2506266,0
2022-07-15 15:49:43,0,0,4.75,0,0,93,1.75,0,0
2022-07-15 15:49:42,0,0,5.037783,0,0,93.45088,1.2594458,0,0
2022-07-15 15:49:41,0,0,4.477612,0.2487562,0,92.53731,1.4925373,0.4975124,0
2022-07-15 15:49:40,0,0,5.025126,0.5025126,0,91.20603,2.01005,0,0
2022-07-15 15:49:39,0,0,4,0.25,0,93.75,1.25,0.25,0
2022-07-15 15:49:38,0,0,4.761905,0.2506266,0,93.48371,1.0025063,0,0
2022-07-15 15:49:37,0,0,4.511278,0.2506266,0,93.48371,1.2531328,0.2506266,0
2022-07-15 15:49:36,0,0,5.236908,0.2493766,0,92.5187,1.2468828,0.2493766,0
2022-07-15 15:49:35,0,0,4.511278,0.2506266,0,93.73434,1.0025063,0.2506266,0
2022-07-15 15:49:34,0,0,5.778894,0.2512563,0,91.9598,1.0050251,0,0.5025126
2022-07-15 15:49:33,0,0,3.007519,0,0,94.73684,1.5037594,0.2506266,0
2022-07-15 15:49:32,0,0,4.962779,0.248139,0,92.80397,1.2406948,0.248139,0
2022-07-15 15:49:31,0,0,4.522613,0,0,92.46231,2.512563,0.2512563,0
2022-07-15 15:49:30,0,0,5.5,0.25,0,91,1.75,0,0.25
2022-07-15 15:49:29,0,0,3.759398,0,0,93.48371,1.754386,0.5012531,0
2022-07-15 15:49:28,0,0,4.726368,0.4975124,0,92.78607,1.741294,0.2487562,0
2022-07-15 15:49:27,0,0,4.773869,0,0,93.21608,1.5075377,0,0
2022-07-15 15:49:26,0,0,4.773869,0.2512563,0,92.71357,2.01005,0,0
2022-07-15 15:49:25,0,0,4.75,0.25,0,93,1.25,0.25,0
2022-07-15 15:49:24,0,0,4.75,0.25,0,93,1.5,0,0.25
2022-07-15 15:49:23,0,0,4.738155,0.2493766,0,93.51621,0.9975062,0.2493766,0
2022-07-15 15:49:22,0,0,4.785894,0,0,93.19899,1.511335,0.2518892,0
2022-07-15 15:49:21,0,0,4.761905,0,0,93.23308,1.5037594,0,0
2022-07-15 15:49:20,0,0,4.738155,0.2493766,0,92.01995,2.244389,0.2493766,0
2022-07-15 15:49:19,0,0,5.012531,0.2506266,0,92.98246,1.5037594,0,0
2022-07-15 15:49:18,0,0,4.488778,0,0,93.26683,1.4962594,0.4987531,0
2022-07-15 15:49:17,0,0,5.025126,0,0,92.71357,1.5075377,0.5025126,0
2022-07-15 15:49:16,0,0,4.488778,0,0,93.26683,1.2468828,0.2493766,0
2022-07-15 15:49:15,0,0,4.962779,0.4962779,0,92.80397,1.2406948,0.248139,0
2022-07-15 15:49:14,0,0,4.773869,0.2512563,0,92.71357,1.5075377,0.2512563,0
2022-07-15 15:49:13,0,0,4.75,0,0,92.75,1.25,0,0.25
2022-07-15 15:49:12,0,0,4.488778,0.2493766,0,93.76559,0.9975062,0.2493766,0
2022-07-15 15:49:11,0,0,4.534005,0.2518892,0,92.69521,1.511335,0.2518892,0
2022-07-15 15:49:10,0,0,4.738155,0.4987531,0,93.26683,0.7481297,0.2493766,0
2022-07-15 15:49:09,0,0,5,0.25,0,92.25,2,0.25,0
2022-07-15 15:49:08,0,0,4.292929,0,0,93.68687,1.5151515,0,0
2022-07-15 15:49:07,0,0,5.721393,0.4975124,0,90.54726,1.99005,0.2487562,0.4975124
2022-07-15 15:49:06,0,0,3.759398,0,0,94.48622,1.2531328,0.2506266,0
2022-07-15 15:49:05,0,0,5,0.5,0,92.5,1.5,0,0
2022-07-15 15:49:04,0,0,5.513784,0.2506266,0,93.48371,0.7518797,0,0
2022-07-15 15:49:03,0,0,4.773869,0.5025126,0,92.71357,1.0050251,0,0
2022-07-15 15:49:02,0,0,4.228856,0,0,93.03483,1.99005,0.2487562,0
2022-07-15 15:49:01,0,0,4.785894,0,0,93.45088,1.2594458,0,0.2518892
2022-07-15 15:49:00,0,0,4.239401,0,0,94.01496,1.2468828,0,0
2022-07-15 15:48:59,0,0,5.486284,0.4987531,0,92.26933,0.9975062,0.2493766,0
2022-07-15 15:48:58,0,0,4.511278,0,0,93.98496,1.2531328,0.2506266,0
2022-07-15 15:48:57,0,0,4.488778,0.2493766,0,93.26683,1.2468828,0,0
2022-07-15 15:48:56,0,0,5.012531,0.2506266,0,92.4812,1.754386,0.2506266,0
2022-07-15 15:48:55,0,0,4.488778,0,0,93.51621,1.4962594,0,0
2022-07-15 15:48:54,0,0,4.738155,0.2493766,0,92.5187,1.745636,0,0
2022-07-15 15:48:53,0,0,5.210918,0,0,92.30769,1.985112,0.248139,0
2022-07-15 15:48:52,0,0,4.271357,0,0,94.22111,1.0050251,0.2512563,0
2022-07-15 15:48:51,0,0,5.289673,0.2518892,0,92.44332,1.2594458,0,0
2022-07-15 15:48:50,0,0,3.990025,0.2493766,0,93.26683,1.995012,0.2493766,0
2022-07-15 15:48:49,0,0,5.5,0,0,93,1,0,0
2022-07-15 15:48:48,0,0,4.738155,0.2493766,0,92.76808,1.4962594,0.2493766,0
2022-07-15 15:48:47,0,0,4.488778,0.2493766,0,92.76808,1.995012,0.2493766,0
2022-07-15 15:48:46,0,0,5.236908,0,0,92.26933,1.2468828,0,0
2022-07-15 15:48:45,0,0,4.282116,0,0,94.96222,0.7556675,0,0
2022-07-15 15:48:44,0,0,4.25,0.75,0,93,1.25,0.5,0
2022-07-15 15:48:43,0,0,5.236908,0,0,92.26933,1.745636,0.2493766,0
2022-07-15 15:48:42,0,0,4.282116,0.2518892,0,93.95466,1.2594458,0,0
2022-07-15 15:48:41,0,0,6.015038,0.2506266,0,91.22807,1.5037594,0.5012531,0
2022-07-15 15:48:40,0,0,3.5,0.25,0,91.25,2,0,1
2022-07-15 15:48:39,0,0,4.239401,0,0,94.51372,0.7481297,0.2493766,0
2022-07-15 15:48:38,0,0,4.738155,0,0,93.76559,1.2468828,0,0
2022-07-15 15:48:37,0,0,4.761905,0.5012531,0,92.98246,1.2531328,0.2506266,0
2022-07-15 15:48:36,0,0,5.063291,0,0,92.65823,1.5189873,0,0
2022-07-15 15:48:35,0,0,4.477612,0.2487562,0,93.03483,1.2437811,0.4975124,0.2487562
2022-07-15 15:48:34,0,0,4.271357,0,0,94.47236,0.7537688,0,0
2022-07-15 15:48:33,0,0,5.513784,0.2506266,0,92.98246,1.0025063,0.2506266,0
2022-07-15 15:48:32,0,0,4.218362,0.248139,0,93.30025,1.4888337,0.248139,0
2022-07-15 15:48:31,0,0,4.987531,0.2493766,0,92.5187,1.4962594,0.4987531,0
2022-07-15 15:48:30,0,0,4.75,0.25,0,93.25,1.25,0.25,0
2022-07-15 15:48:29,0,0,4.511278,0,0,93.73434,1.2531328,0,0
2022-07-15 15:48:28,0,0,5.025126,0,0,93.71859,0.7537688,0.2512563,0
2022-07-15 15:48:27,0,0,4.738155,0.2493766,0,93.01746,1.2468828,0.2493766,0
2022-07-15 15:48:26,0,0,4.488778,0.2493766,0,93.51621,1.2468828,0.2493766,0
2022-07-15 15:48:25,0,0,5.25,0,0,92.25,1.75,0.5,0
2022-07-15 15:48:24,0,0,4.25,0.25,0,93.75,1.25,0,0
2022-07-15 15:48:23,0,0,5.289673,0.2518892,0,92.44332,1.511335,0.2518892,0
2022-07-15 15:48:22,0,0,4.271357,0.2512563,0,93.46734,1.5075377,0.2512563,0
2022-07-15 15:48:21,0,0,4.761905,0,0,92.73183,1.5037594,0,0
2022-07-15 15:48:20,0,0,5.513784,0.2506266,0,92.4812,1.5037594,0,0
2022-07-15 15:48:19,0,0,4,0.25,0,93.5,1.5,0.25,0
2022-07-15 15:48:18,0,0,4.761905,0,0,93.48371,1.2531328,0,0
2022-07-15 15:48:17,0,0,5.25,0.25,0,92.25,1.75,0.25,0
2022-07-15 15:48:16,0,0,4.030227,0.2518892,0,93.95466,1.2594458,0,0
2022-07-15 15:48:15,0,0,5.472637,0.2487562,0,92.0398,1.741294,0.2487562,0
2022-07-15 15:48:14,0,0,6.015038,0.5012531,0,91.22807,1.5037594,0.2506266,0.2506266
2022-07-15 15:48:13,0,0,2.75,0.5,0,92.25,1.5,0,2
2022-07-15 15:48:12,0,0,4.477612,0.2487562,0,92.78607,1.2437811,0.2487562,0
2022-07-15 15:48:11,0,0,4.522613,0.2512563,0,93.46734,1.2562814,0.2512563,0
2022-07-15 15:48:10,0,0,4.987531,0.2493766,0,93.26683,0.7481297,0.2493766,0
2022-07-15 15:48:09,0,0,4.738155,0.4987531,0,91.02244,1.745636,0.2493766,0.9975062
2022-07-15 15:48:08,0,0,4.522613,0,0,93.71859,1.758794,0,0
2022-07-15 15:48:07,0,0,4.75,0.25,0,93,1.25,0.25,0
2022-07-15 15:48:06,0,0,4.761905,0.2506266,0,92.4812,1.5037594,0.5012531,0
2022-07-15 15:48:05,0,0,6.451613,0.248139,0,90.57072,1.985112,0.248139,0
2022-07-15 15:48:04,0,0,4.987531,0.2493766,0,92.5187,1.4962594,0,0
2022-07-15 15:48:03,0,0,4.738155,0,0,93.01746,1.4962594,0.2493766,0
2022-07-15 15:48:02,0,0,4.511278,0,0,93.73434,1.5037594,0,0
2022-07-15 15:48:01,0,0,5.025126,0,0,92.71357,1.5075377,0.2512563,0
2022-07-15 15:48:00,0,0,4.738155,0.2493766,0,93.26683,0.9975062,0.2493766,0
2022-07-15 15:47:59,0,0,5,0,0,93,1.75,0,0
2022-07-15 15:47:58,0,0,4.488778,0.2493766,0,92.76808,1.995012,0.2493766,0
2022-07-15 15:47:57,0,0,4.773869,0,0,93.21608,1.5075377,0.2512563,0
2022-07-15 15:47:56,0,0,5,0.25,0,92,1.5,0.25,0
2022-07-15 15:47:55,0,0,4.488778,0.2493766,0,94.01496,0.9975062,0,0
2022-07-15 15:47:54,0,0,4.71464,0,0,93.05211,1.4888337,0.248139,0
2022-07-15 15:47:53,0,0,4.785894,0.2518892,0,92.69521,1.511335,0,0
2022-07-15 15:47:52,0,0,3.990025,0,0,94.51372,0.7481297,0.2493766,0
2022-07-15 15:47:51,0,0,4.5,0.25,0,93.25,1,0.25,0
2022-07-15 15:47:50,0,0,4.75,0,0,92.25,1.5,0.25,0
2022-07-15 15:47:49,0,0,4.5,0.5,0,93.75,1,0,0
2022-07-15 15:47:48,0,0,4.761905,0,0,92.98246,1.754386,0.2506266,0
2022-07-15 15:47:47,0,0,6,0.5,0,90,2,0.5,0.5
2022-07-15 15:47:46,0,0,2.518892,0.2518892,0,94.96222,1.763224,0,0
2022-07-15 15:47:45,0,0,4.5,0,0,93.5,1.5,0,0
2022-07-15 15:47:44,0,0,4.5,0,0,93.75,1.25,0.25,0
2022-07-15 15:47:43,0,0,4.5,0.25,0,93.5,1.25,0.25,0
2022-07-15 15:47:42,0,0,4.488778,0,0,93.51621,0.9975062,0.2493766,0
2022-07-15 15:47:41,0,0,4.260652,0.2506266,0,93.98496,0.7518797,0.2506266,0
2022-07-15 15:47:40,0,0,4.522613,0,0,93.71859,1.0050251,0,0.2512563
2022-07-15 15:47:39,0,0,4.738155,0,0,93.26683,1.745636,0,0
2022-07-15 15:47:38,0,0,4.488778,0.2493766,0,93.51621,1.2468828,0.2493766,0
2022-07-15 15:47:37,0,0,4.75,0,0,93.5,1.5,0,0
2022-07-15 15:47:36,0,0,4.511278,0.2506266,0,93.48371,1.2531328,0.2506266,0
2022-07-15 15:47:35,0,0,4.466501,0.248139,0,92.55583,1.736973,0,0
2022-07-15 15:47:34,0,0,4.773869,0,0,94.22111,0.5025126,0.2512563,0
2022-07-15 15:47:33,0,0,4.239401,0.2493766,0,94.26434,1.2468828,0,0
2022-07-15 15:47:32,0,0,4.761905,0,0,92.98246,1.2531328,0.2506266,0
2022-07-15 15:47:31,0,0,4.522613,0,0,93.21608,1.5075377,0.5025126,0
2022-07-15 15:47:30,0,0,4.511278,0.2506266,0,93.73434,1.2531328,0,0
2022-07-15 15:47:29,0,0,4.5,0.5,0,93.5,1.25,0,0
2022-07-15 15:47:28,0,0,4.71464,0,0,93.05211,1.985112,0,0
2022-07-15 15:47:27,0,0,4.511278,0,0,93.48371,1.2531328,0.5012531,0
2022-07-15 15:47:26,0,0,4.987531,0.2493766,0,92.01995,1.2468828,0,0.7481297
2022-07-15 15:47:25,0,0,3.759398,0.2506266,0,94.23559,1.0025063,0.2506266,0
2022-07-15 15:47:24,0,0,5,0,0,93.25,1,0.25,0
2022-07-15 15:47:23,0,0,4.010025,0.5012531,0,93.23308,1.754386,0.2506266,0
2022-07-15 15:47:22,0,0,4.987531,0.2493766,0,93.01746,1.4962594,0,0
2022-07-15 15:47:21,0,0,5.037783,0.2518892,0,92.44332,1.0075567,0.5037783,0
2022-07-15 15:47:20,0,0,5.527638,0,0,91.9598,1.758794,0,0
2022-07-15 15:47:19,0,0,3.491272,0,0,95.01247,1.2468828,0,0
2022-07-15 15:47:18,0,0,4.228856,0.2487562,0,93.28358,1.2437811,0.2487562,0
2022-07-15 15:47:17,0,0,4.511278,0.2506266,0,92.73183,2.005013,0.2506266,0
2022-07-15 15:47:16,0,0,5.764411,0,0,91.72932,1.754386,0,0
2022-07-15 15:47:15,0,0,3.740648,0.2493766,0,92.26933,1.745636,0.2493766,0.2493766
2022-07-15 15:47:14,0,0,4.292929,0,0,94.19192,1.2626263,0,0
2022-07-15 15:47:13,0,0,4.25,0.25,0,93,1.5,0.25,0
2022-07-15 15:47:12,0,0,4.987531,0.2493766,0,93.01746,1.2468828,0.2493766,0
2022-07-15 15:47:11,0,0,4.488778,0,0,92.76808,1.745636,0.4987531,0
2022-07-15 15:47:10,0,0,4.477612,0.2487562,0,93.53234,1.4925373,0,0
2022-07-15 15:47:09,0,0,4.773869,0,0,91.9598,2.512563,0.2512563,0
2022-07-15 15:47:08,0,0,4.228856,0.4975124,0,93.78109,1.2437811,0,0
2022-07-15 15:47:07,0,0,4.79798,0,0,93.43434,1.5151515,0,0
2022-07-15 15:47:06,0,0,4.228856,0.2487562,0,93.53234,1.2437811,0.4975124,0
2022-07-15 15:47:05,0,0,5.5,0,0,92.5,1.5,0,0
2022-07-15 15:47:04,0,0,4.773869,0,0,93.46734,1.2562814,0.2512563,0
2022-07-15 15:47:03,0,0,4.5,0.25,0,93.5,1.5,0,0
2022-07-15 15:47:02,0,0,4.466501,0.248139,0,93.30025,1.4888337,0.248139,0
2022-07-15 15:47:01,0,0,4.5,0,0,92,2,0.25,0
2022-07-15 15:47:00,0,0,4.260652,0.2506266,0,93.23308,2.005013,0.2506266,0
2022-07-15 15:46:59,0,0,4.773869,0.2512563,0,91.70854,1.0050251,0.2512563,1.0050251
2022-07-15 15:46:58,0,0,4.75,0,0,93.25,1,0.5,0
2022-07-15 15:46:57,0,0,4.488778,0.2493766,0,93.51621,1.2468828,0,0
2022-07-15 15:46:56,0,0,4.25,0,0,93.75,1,0.75,0
2022-07-15 15:46:55,0,0,4.5,0.25,0,93,2,0,0
2022-07-15 15:46:54,0,0,5.289673,0,0,93.45088,1.0075567,0,0
2022-07-15 15:46:53,0,0,4.207921,0,0,92.57426,1.4851485,0.2475248,0.2475248
2022-07-15 15:46:52,0,0,3.787879,0.2525253,0,95.20202,0.5050505,0,0
2022-07-15 15:46:51,0,0,4.511278,0.2506266,0,92.73183,1.5037594,0.2506266,0
2022-07-15 15:46:50,0,0,5.263158,0,0,93.23308,1.2531328,0.2506266,0
2022-07-15 15:46:49,0,0,5.25,0.25,0,91.5,1.5,0.25,0
2022-07-15 15:46:48,0,0,3.5,0,0,95,1,0.25,0
2022-07-15 15:46:47,0,0,4.534005,0.2518892,0,93.95466,1.2594458,0,0
2022-07-15 15:46:46,0,0,4.5,0.25,0,93.25,1.5,0,0
2022-07-15 15:46:45,0,0,4.726368,0.4975124,0,92.53731,1.741294,0,0
2022-07-15 15:46:44,0,0,4.5,0.25,0,92.75,2,0,0
2022-07-15 15:46:43,0,0,4.511278,0,0,93.73434,1.0025063,0.2506266,0
2022-07-15 15:46:42,0,0,4.75,0.25,0,93.25,1.25,0,0
2022-07-15 15:46:41,0,0,4.25,0.25,0,93,1.75,0.25,0
2022-07-15 15:46:40,0,0,5.025126,0,0,92.46231,1.5075377,0.5025126,0
2022-07-15 15:46:39,0,0,4.271357,0.2512563,0,93.21608,1.758794,0.2512563,0
2022-07-15 15:46:38,0,0,4.71464,0.7444169,0,92.55583,1.4888337,0,0
2022-07-15 15:46:37,0,0,4.79798,0.2525253,0,92.67677,1.767677,0,0
2022-07-15 15:46:36,0,0,4.25,0.25,0,94,0.75,0.5,0
2022-07-15 15:46:35,0,0,4.773869,0.2512563,0,92.96482,1.758794,0,0
2022-07-15 15:46:34,0,0,4.75,0,0,92.75,1.75,0.5,0
2022-07-15 15:46:33,0,0,5.25,0,0,91.75,2.25,0,0.5
2022-07-15 15:46:32,0,0,3.508772,0,0,92.98246,1.2531328,0.5012531,0.5012531
2022-07-15 15:46:31,0,0,4.511278,0,0,93.98496,1.0025063,0,0
2022-07-15 15:46:30,0,0,4.239401,0.2493766,0,93.51621,1.4962594,0.2493766,0
2022-07-15 15:46:29,0,0,4.511278,0.5012531,0,93.23308,1.0025063,0.2506266,0
2022-07-15 15:46:28,0,0,4.71464,0.7444169,0,91.56328,2.233251,0.248139,0
2022-07-15 15:46:27,0,0,5.012531,0,0,92.98246,0.7518797,0.2506266,0
2022-07-15 15:46:26,0,0,4.292929,0.2525253,0,91.16162,2.777778,0,1.010101
2022-07-15 15:46:25,0,0,3.5,0.5,0,94.5,0.75,0.25,0
2022-07-15 15:46:24,0,0,4.975124,0.4975124,0,92.28856,1.741294,0,0
2022-07-15 15:46:23,0,0,4,0,0,94,1.25,0.5,0
2022-07-15 15:46:22,0,0,5.541562,0.2518892,0,90.6801,2.015113,0.2518892,0.2518892
2022-07-15 15:46:21,0,0,3.740648,0.2493766,0,93.26683,1.4962594,0.2493766,0
2022-07-15 15:46:20,0,0,4.260652,0.5012531,0,93.48371,1.2531328,0.2506266,0
2022-07-15 15:46:19,0,0,5.236908,0,0,93.01746,1.2468828,0.2493766,0
2022-07-15 15:46:18,0,0,4.239401,0.2493766,0,93.26683,1.995012,0,0
2022-07-15 15:46:17,0,0,4.534005,0,0,94.45844,0.7556675,0,0
2022-07-15 15:46:16,0,0,4.975124,0,0,93.03483,0.9950249,0.2487562,0.2487562
2022-07-15 15:46:15,0,0,4.010025,0.2506266,0,92.98246,2.506266,0.2506266,0
2022-07-15 15:46:14,0,0,5.236908,0.2493766,0,92.26933,1.745636,0,0
2022-07-15 15:46:13,0,0,4.292929,0,0,93.68687,1.5151515,0,0
2022-07-15 15:46:12,0,0,4.522613,0,0,92.96482,1.758794,0.2512563,0
2022-07-15 15:46:11,0,0,4.987531,0.2493766,0,92.01995,1.4962594,0.4987531,0
2022-07-15 15:46:10,0,0,4.511278,0.2506266,0,93.23308,1.5037594,0.2506266,0
2022-07-15 15:46:09,0,0,4.75,0,0,93.5,1.25,0.25,0
2022-07-15 15:46:08,0,0,4.761905,0,0,93.48371,1.0025063,0.2506266,0
2022-07-15 15:46:07,0,0,4.25,0.25,0,92.75,1.5,0.75,0
2022-07-15 15:46:06,0,0,5.75,0,0,91.75,1.5,0.25,0
2022-07-15 15:46:05,0,0,3.75,0,0,94.5,1.25,0,0
2022-07-15 15:46:04,0,0,4.738155,0.2493766,0,93.26683,0.9975062,0.2493766,0
2022-07-15 15:46:03,0,0,4.761905,0.2506266,0,93.73434,0.7518797,0.2506266,0
2022-07-15 15:46:02,0,0,4.260652,0,0,92.73183,2.005013,0,0.2506266
2022-07-15 15:46:01,0,0,5.012531,0.2506266,0,92.23058,1.5037594,0,0
2022-07-15 15:46:00,0,0,5.263158,0.2506266,0,90.97744,1.5037594,0.2506266,0.7518797
2022-07-15 15:45:59,0,0,3.990025,0.7481297,0,92.5187,1.995012,0.2493766,0
2022-07-15 15:45:58,0,0,4.260652,0,0,94.98747,0.5012531,0,0
2022-07-15 15:45:57,0,0,4.25,0.25,0,93.25,1.75,0.25,0
2022-07-15 15:45:56,0,0,4.773869,0,0,92.96482,1.5075377,0.5025126,0
2022-07-15 15:45:55,0,0,4.975124,0,0,92.78607,0.9950249,0,0
2022-07-15 15:45:54,0,0,3.517588,0.5025126,0,93.96985,1.5075377,0.2512563,0
2022-07-15 15:45:53,0,0,5.012531,0.2506266,0,92.73183,1.5037594,0,0
2022-07-15 15:45:52,0,0,4.228856,0.2487562,0,93.78109,0.9950249,0.4975124,0
2022-07-15 15:45:51,0,0,4.761905,0.2506266,0,92.73183,1.754386,0,0
2022-07-15 15:45:50,0,0,4.75,0.25,0,92,2,0.25,0
2022-07-15 15:45:49,0,0,4.522613,0.7537688,0,93.21608,1.0050251,0.2512563,0
2022-07-15 15:45:48,0,0,4.773869,0.2512563,0,92.96482,1.5075377,0,0
2022-07-15 15:45:47,0,0,4.260652,0,0,93.48371,2.005013,0,0
2022-07-15 15:45:46,0,0,4.761905,0,0,93.23308,1.754386,0,0
2022-07-15 15:45:45,0,0,4.726368,0.2487562,0,92.78607,1.741294,0.2487562,0
2022-07-15 15:45:44,0,0,4.761905,0.2506266,0,93.23308,1.5037594,0,0
2022-07-15 15:45:43,0,0,5,0.25,0,93,1.25,0,0
2022-07-15 15:45:42,0,0,4.488778,0.2493766,0,93.26683,1.745636,0.2493766,0
2022-07-15 15:45:41,0,0,4.987531,0,0,92.26933,1.4962594,0.4987531,0
2022-07-15 15:45:40,0,0,4.785894,0.2518892,0,93.70277,1.0075567,0,0
2022-07-15 15:45:39,0,0,4.522613,0.2512563,0,92.71357,1.5075377,0.2512563,0.2512563
2022-07-15 15:45:38,0,0,4.477612,0.2487562,0,93.28358,1.4925373,0.2487562,0
2022-07-15 15:45:37,0,0,4.5,0.25,0,93.5,1.5,0,0
2022-07-15 15:45:36,0,0,4.761905,0.5012531,0,92.73183,1.2531328,0.5012531,0
2022-07-15 15:45:35,0,0,4.761905,0.2506266,0,91.97995,2.255639,0.2506266,0
2022-07-15 15:45:34,0,0,4.5,0.5,0,93.5,1.25,0,0
2022-07-15 15:45:33,0,0,5.012531,0.2506266,0,92.4812,1.2531328,0.2506266,0.2506266
2022-07-15 15:45:32,0,0,4.5,0,0,92.75,1.5,0.25,0
2022-07-15 15:45:31,0,0,4.522613,0.5025126,0,93.46734,1.0050251,0.2512563,0
2022-07-15 15:45:30,0,0,4.466501,0.248139,0,93.30025,1.4888337,0.248139,0
2022-07-15 15:45:29,0,0,4.785894,0.2518892,0,92.69521,1.763224,0,0
2022-07-15 15:45:28,0,0,4.726368,0.4975124,0,90.29851,1.99005,0.4975124,0.2487562
2022-07-15 15:45:27,0,0,4.271357,0.2512563,0,93.71859,1.0050251,0.5025126,0
2022-07-15 15:45:26,0,0,5.025126,0,0,92.96482,1.2562814,0.2512563,0
2022-07-15 15:45:25,0,0,5.012531,0.2506266,0,92.23058,2.255639,0,0
2022-07-15 15:45:24,0,0,4.738155,0,0,92.76808,1.745636,0.2493766,0
2022-07-15 15:45:23,0,0,4.75,0.5,0,92.75,1.5,0.25,0
2022-07-15 15:45:22,0,0,4.522613,0.2512563,0,93.71859,1.2562814,0,0
2022-07-15 15:45:21,0,0,4.975124,0.4975124,0,92.78607,0.9950249,0.2487562,0
2022-07-15 15:45:20,0,0,4.738155,0.2493766,0,92.76808,1.2468828,0.2493766,0
2022-07-15 15:45:19,0,0,4.785894,0.2518892,0,92.44332,2.267003,0,0
2022-07-15 15:45:18,0,0,4.761905,0,0,93.48371,1.2531328,0,0
2022-07-15 15:45:17,0,0,4.75,0,0,93.5,1.25,0.25,0
2022-07-15 15:45:16,0,0,4.5,0,0,93,2,0,0
2022-07-15 15:45:15,0,0,4.738155,0.4987531,0,93.01746,0.9975062,0.4987531,0
2022-07-15 15:45:14,0,0,5.025126,0,0,92.96482,1.5075377,0.2512563,0
2022-07-15 15:45:13,0,0,5.037783,0.2518892,0,92.19144,2.267003,0,0
2022-07-15 15:45:12,0,0,4.987531,0.2493766,0,91.27182,1.4962594,0.2493766,1.2468828
2022-07-15 15:45:11,0,0,4.5,0.5,0,92.75,1.5,0.25,0
2022-07-15 15:45:10,0,0,4.522613,0.2512563,0,92.71357,2.01005,0,0
2022-07-15 15:45:09,0,0,4.761905,0,0,92.98246,1.754386,0.2506266,0
2022-07-15 15:45:08,0,0,4.75,0.5,0,92.75,1.25,0.25,0
2022-07-15 15:45:07,0,0,5.513784,0,0,92.4812,1.754386,0,0
2022-07-15 15:45:06,0,0,3.740648,0.2493766,0,92.01995,1.745636,0.4987531,0.9975062
2022-07-15 15:45:05,0,0,5.223881,0.4975124,0,92.0398,1.99005,0,0
2022-07-15 15:45:04,0,0,4.260652,0,0,92.98246,2.255639,0.2506266,0
2022-07-15 15:45:03,0,0,5.25,0,0,92.25,2.25,0,0
2022-07-15 15:45:02,0,0,4.738155,0.4987531,0,92.26933,1.4962594,0.4987531,0
2022-07-15 15:45:01,0,0,4.761905,0,0,90.72682,2.005013,0,0.5012531
2022-07-15 15:45:00,0,0,4.010025,0.2506266,0,94.23559,1.0025063,0.2506266,0
2022-07-15 15:44:59,0,0,4.962779,0.248139,0,92.55583,1.4888337,0,0
2022-07-15 15:44:58,0,0,4.726368,0.2487562,0,93.03483,1.4925373,0.2487562,0
2022-07-15 15:44:57,0,0,5.012531,0.2506266,0,92.4812,1.754386,0.2506266,0
2022-07-15 15:44:56,0,0,4.5,0,0,93.5,1.25,0,0
2022-07-15 15:44:55,0,0,4.987531,0.2493766,0,93.01746,1.4962594,0.2493766,0
2022-07-15 15:44:54,0,0,4.761905,0,0,92.98246,1.5037594,0.2506266,0
2022-07-15 15:44:53,0,0,4.75,0.5,0,92.5,1.5,0.5,0
2022-07-15 15:44:52,0,0,4.477612,0,0,93.53234,1.4925373,0.2487562,0
2022-07-15 15:44:51,0,0,5.063291,0,0,92.91139,1.5189873,0,0
2022-07-15 15:44:50,0,0,4.466501,0.248139,0,93.79653,0.9925558,0.248139,0
2022-07-15 15:44:49,0,0,5.263158,0.2506266,0,92.98246,1.2531328,0,0
2022-07-15 15:44:48,0,0,4.260652,0,0,93.98496,1.2531328,0,0
2022-07-15 15:44:47,0,0,4.785894,0.2518892,0,93.95466,1.0075567,0,0
2022-07-15 15:44:46,0,0,4.975124,0,0,93.28358,1.2437811,0,0
2022-07-15 15:44:45,0,0,4.950495,0.2475248,0,90.59406,2.227723,0.4950495,0.7425743
2022-07-15 15:44:44,0,0,3.768844,0,0,94.47236,1.2562814,0.2512563,0
2022-07-15 15:44:43,0,0,5.513784,0.5012531,0,92.23058,1.2531328,0.2506266,0
2022-07-15 15:44:42,0,0,4.25,0.25,0,93.75,1.25,0.25,0
2022-07-15 15:44:41,0,0,4.962779,0.248139,0,93.30025,0.4962779,0.248139,0
2022-07-15 15:44:40,0,0,4.785894,0,0,90.17632,2.015113,0.2518892,2.015113
2022-07-15 15:44:39,0,0,4.726368,0.7462687,0,91.54229,1.741294,0.2487562,0
2022-07-15 15:44:38,0,0,3.5,0.25,0,94.75,1,0.25,0
2022-07-15 15:44:37,0,0,4.79798,0.2525253,0,92.67677,1.767677,0,0
2022-07-15 15:44:36,0,0,4.5,0.5,0,93.75,1.25,0,0
2022-07-15 15:44:35,0,0,5,0.25,0,92.25,1.5,0.25,0.25
2022-07-15 15:44:34,0,0,4.773869,0,0,92.46231,1.5075377,0,0
2022-07-15 15:44:33,0,0,4.260652,0,0,93.73434,1.5037594,0.2506266,0
2022-07-15 15:44:32,0,0,4.75,0.25,0,93.25,1,0.25,0
2022-07-15 15:44:31,0,0,4.975124,0,0,91.54229,2.736318,0.2487562,0
2022-07-15 15:44:30,0,0,4.260652,0.7518797,0,93.48371,1.2531328,0.2506266,0
2022-07-15 15:44:29,0,0,5,0,0,93.75,0.75,0,0
2022-07-15 15:44:28,0,0,4.511278,0,0,93.48371,1.754386,0.2506266,0
2022-07-15 15:44:27,0,0,4.975124,0.4975124,0,89.05473,4.975124,0,0
2022-07-15 15:44:26,0,0,5,0.25,0,93.25,1,0,0
2022-07-15 15:44:25,0,0,4.75,0.25,0,92.5,1.75,0.5,0
2022-07-15 15:44:24,0,0,4.773869,0,0,93.21608,1.5075377,0,0
2022-07-15 15:44:23,0,0,5.210918,0.248139,0,91.81141,1.985112,0.248139,0
2022-07-15 15:44:22,0,0,4.25,0.25,0,93.5,1.25,0.25,0
2022-07-15 15:44:21,0,0,5,0.25,0,91.75,1.75,0,0
2022-07-15 15:44:20,0,0,4.726368,0,0,94.02985,0.7462687,0.2487562,0
2022-07-15 15:44:19,0,0,5.735661,0.4987531,0,90.77307,1.4962594,0.2493766,0.4987531
2022-07-15 15:44:18,0,0,3.778338,0,0,94.20655,1.511335,0,0
2022-07-15 15:44:17,0,0,4.522613,0,0,94.47236,0.7537688,0,0
2022-07-15 15:44:16,0,0,4.71464,0.248139,0,93.30025,1.2406948,0.248139,0
2022-07-15 15:44:15,0,0,5.012531,0.2506266,0,92.73183,1.754386,0,0
2022-07-15 15:44:14,0,0,4.25,0.25,0,93.75,1.5,0,0
2022-07-15 15:44:13,0,0,5.5,0,0,91.25,2,0.25,0.25
2022-07-15 15:44:12,0,0,4.271357,0.5025126,0,93.21608,0.7537688,0.2512563,0
2022-07-15 15:44:11,0,0,4.511278,0,0,93.73434,1.2531328,0,0
2022-07-15 15:44:10,0,0,4.522613,0,0,93.46734,1.2562814,0.2512563,0
2022-07-15 15:44:09,0,0,4.726368,0.4975124,0,92.78607,1.99005,0,0
2022-07-15 15:44:08,0,0,5.263158,0,0,92.73183,1.2531328,0.2506266,0
2022-07-15 15:44:07,0,0,4.239401,0.2493766,0,92.26933,1.745636,0,0
2022-07-15 15:44:06,0,0,4.738155,0.2493766,0,93.76559,0.9975062,0,0
2022-07-15 15:44:05,0,0,5.263158,0.2506266,0,92.73183,1.2531328,0,0
2022-07-15 15:44:04,0,0,5.472637,0.2487562,0,92.0398,1.741294,0.2487562,0
2022-07-15 15:44:03,0,0,5.289673,0,0,92.19144,2.015113,0.2518892,0
2022-07-15 15:44:02,0,0,4.488778,0,0,93.51621,1.2468828,0.2493766,0
2022-07-15 15:44:01,0,0,4.79798,0.2525253,0,93.18182,1.2626263,0,0
2022-07-15 15:44:00,0,0,4.987531,0.4987531,0,92.01995,1.995012,0.2493766,0
2022-07-15 15:43:59,0,0,4.477612,0,0,94.02985,0.7462687,0.2487562,0
2022-07-15 15:43:58,0,0,5.037783,0.2518892,0,92.9471,1.0075567,0.2518892,0
2022-07-15 15:43:57,0,0,4.477612,0.2487562,0,93.53234,1.4925373,0,0
2022-07-15 15:43:56,0,0,4.987531,0,0,93.51621,0.9975062,0.2493766,0
2022-07-15 15:43:55,0,0,4.511278,0.5012531,0,92.73183,1.754386,0.2506266,0
2022-07-15 15:43:54,0,0,4.738155,0.2493766,0,93.01746,1.4962594,0,0
2022-07-15 15:43:53,0,0,5.012531,0.2506266,0,92.73183,1.2531328,0,0
2022-07-15 15:43:52,0,0,4.773869,0,0,92.46231,1.758794,0.2512563,0.2512563
2022-07-15 15:43:51,0,0,4.25,0.25,0,93.5,1.25,0,0
2022-07-15 15:43:50,0,0,4.773869,0,0,93.46734,1.2562814,0,0
2022-07-15 15:43:49,0,0,4.726368,0,0,93.03483,1.4925373,0.2487562,0
2022-07-15 15:43:48,0,0,4.761905,0.2506266,0,92.23058,1.754386,0.2506266,0.2506266
2022-07-15 15:43:47,0,0,4.738155,0.4987531,0,93.01746,0.9975062,0.4987531,0
2022-07-15 15:43:46,0,0,5.050505,0.2525253,0,92.67677,1.5151515,0,0
2022-07-15 15:43:45,0,0,4.5,0.25,0,92.75,1,0,0.25
2022-07-15 15:43:44,0,0,3.970223,0,0,94.78908,0.7444169,0.248139,0
2022-07-15 15:43:43,0,0,4.785894,0,0,93.95466,0.7556675,0.2518892,0
2022-07-15 15:43:42,0,0,4.987531,0.4987531,0,92.01995,1.745636,0.2493766,0
2022-07-15 15:43:41,0,0,5,0.25,0,93.25,1.25,0,0
2022-07-15 15:43:40,0,0,4.511278,0,0,91.72932,2.255639,0.5012531,0.2506266
2022-07-15 15:43:39,0,0,4.511278,0.2506266,0,93.98496,1.0025063,0,0
2022-07-15 15:43:38,0,0,4.726368,0,0,93.03483,1.4925373,0,0.2487562
2022-07-15 15:43:37,0,0,4.75,0.25,0,93,1.5,0.25,0
2022-07-15 15:43:36,0,0,4.477612,0.4975124,0,92.78607,1.2437811,0.2487562,0
2022-07-15 15:43:35,0,0,4.761905,0.2506266,0,92.98246,2.005013,0,0
2022-07-15 15:43:34,0,0,4.488778,0.2493766,0,92.5187,1.745636,0.2493766,0
2022-07-15 15:43:33,0,0,4.25,0,0,93.75,1.5,0.25,0
2022-07-15 15:43:32,0,0,4.773869,0,0,93.46734,1.5075377,0,0
2022-07-15 15:43:31,0,0,4.010025,0.2506266,0,93.48371,1.5037594,0.2506266,0
2022-07-15 15:43:30,0,0,5.236908,0,0,92.76808,1.2468828,0.2493766,0
2022-07-15 15:43:29,0,0,4.534005,0,0,94.20655,0.7556675,0.2518892,0
2022-07-15 15:43:28,0,0,4.477612,0.2487562,0,93.28358,1.4925373,0.2487562,0
2022-07-15 15:43:27,0,0,4.785894,0,0,93.95466,0.7556675,0.2518892,0
2022-07-15 15:43:26,0,0,4,0.25,0,93.25,1.75,0.25,0
2022-07-15 15:43:25,0,0,5.236908,0.2493766,0,91.27182,1.995012,0.4987531,0
2022-07-15 15:43:24,0,0,3.990025,0.2493766,0,94.26434,0.4987531,0.4987531,0
2022-07-15 15:43:23,0,0,4.292929,0.2525253,0,93.43434,1.5151515,0,0
2022-07-15 15:43:22,0,0,4.761905,0,0,92.4812,1.5037594,0.5012531,0
2022-07-15 15:43:21,0,0,4.522613,0,0,93.21608,1.5075377,0.2512563,0
2022-07-15 15:43:20,0,0,5.223881,0.2487562,0,92.53731,1.4925373,0,0
2022-07-15 15:43:19,0,0,3.990025,0.2493766,0,93.51621,1.2468828,0.2493766,0
2022-07-15 15:43:18,0,0,4.738155,0.4987531,0,90.27431,1.995012,0.2493766,1.2468828
2022-07-15 15:43:17,0,0,3.740648,0.4987531,0,93.01746,2.244389,0,0
2022-07-15 15:43:16,0,0,4.761905,0.2506266,0,93.98496,0.7518797,0,0
2022-07-15 15:43:15,0,0,4.228856,0.2487562,0,92.53731,1.741294,0.4975124,0
2022-07-15 15:43:14,0,0,5.289673,0,0,93.19899,1.2594458,0,0
2022-07-15 15:43:13,0,0,4.207921,0.4950495,0,92.07921,2.475248,0,0
2022-07-15 15:43:12,0,0,4.282116,0.5037783,0,93.45088,1.511335,0,0
2022-07-15 15:43:11,0,0,4.761905,0,0,92.98246,1.5037594,0.2506266,0
2022-07-15 15:43:10,0,0,4.726368,0.2487562,0,93.78109,0.9950249,0,0
2022-07-15 15:43:09,0,0,4.534005,0,0,93.19899,1.763224,0,0
2022-07-15 15:43:08,0,0,4.962779,0.248139,0,93.54839,0.7444169,0.248139,0
2022-07-15 15:43:07,0,0,4.020101,0,0,94.22111,1.2562814,0,0
2022-07-15 15:43:06,0,0,4.738155,0,0,92.76808,1.745636,0.2493766,0
2022-07-15 15:43:05,0,0,5.75,0,0,92.75,1,0,0
2022-07-15 15:43:04,0,0,4.25,0.25,0,93.75,1,0.25,0
2022-07-15 15:43:03,0,0,4.738155,0.2493766,0,93.51621,0.9975062,0.2493766,0
2022-07-15 15:43:02,0,0,4.260652,0,0,93.23308,2.255639,0,0
2022-07-15 15:43:01,0,0,4.761905,0.2506266,0,92.98246,1.0025063,0,0
2022-07-15 15:43:00,0,0,4.75,0.25,0,93.25,1.5,0.25,0
2022-07-15 15:42:59,0,0,5,0.25,0,93.5,1,0,0
2022-07-15 15:42:58,0,0,3.990025,0,0,93.26683,1.2468828,0.4987531,0.2493766
2022-07-15 15:42:57,0,0,4.010025,0,0,93.73434,1.5037594,0,0
2022-07-15 15:42:56,0,0,4.488778,0.4987531,0,92.5187,1.745636,0,0
2022-07-15 15:42:55,0,0,4.785894,0,0,93.95466,0.7556675,0.2518892,0
2022-07-15 15:42:54,0,0,4.239401,0.2493766,0,94.51372,0.4987531,0.2493766,0
2022-07-15 15:42:53,0,0,5.210918,0.248139,0,92.30769,1.4888337,0.248139,0
2022-07-15 15:42:52,0,0,3.517588,0.2512563,0,93.96985,1.5075377,0.5025126,0
2022-07-15 15:42:51,0,0,4.761905,0.2506266,0,93.23308,1.2531328,0,0
2022-07-15 15:42:50,0,0,4,0,0,94.75,0.75,0.25,0
2022-07-15 15:42:49,0,0,4.534005,0,0,93.95466,1.0075567,0,0
2022-07-15 15:42:48,0,0,4.488778,0,0,93.01746,1.745636,0.2493766,0
2022-07-15 15:42:47,0,0,5.75,0.25,0,92.25,1,0.25,0
2022-07-15 15:42:46,0,0,3.030303,0.2525253,0,94.69697,1.010101,0,0
2022-07-15 15:42:45,0,0,4.738155,0,0,93.26683,0.9975062,0.2493766,0.2493766
2022-07-15 15:42:44,0,0,4.260652,0.2506266,0,94.23559,1.0025063,0,0
2022-07-15 15:42:43,0,0,4.738155,0,0,93.01746,1.4962594,0.4987531,0
2022-07-15 15:42:42,0,0,4.5,0.25,0,92.75,1.75,0.25,0
2022-07-15 15:42:41,0,0,4.271357,0.2512563,0,94.22111,0.7537688,0,0
2022-07-15 15:42:40,0,0,4.726368,0,0,93.28358,1.4925373,0.2487562,0
2022-07-15 15:42:39,0,0,4.282116,0,0,93.45088,1.763224,0.2518892,0
2022-07-15 15:42:38,0,0,4.75,0,0,92.75,2,0,0
2022-07-15 15:42:37,0,0,4.228856,0.2487562,0,94.02985,0.9950249,0.2487562,0
2022-07-15 15:42:36,0,0,4.987531,0.4987531,0,92.76808,0.9975062,0.4987531,0
2022-07-15 15:42:35,0,0,4.534005,0,0,93.70277,1.511335,0,0
2022-07-15 15:42:34,0,0,4.488778,0.4987531,0,92.5187,1.4962594,0.4987531,0
2022-07-15 15:42:33,0,0,4.5,0.25,0,93.25,1.5,0.25,0
2022-07-15 15:42:32,0,0,5.541562,0,0,92.44332,1.0075567,0.2518892,0
2022-07-15 15:42:31,0,0,3.258145,0,0,94.98747,0.7518797,0.2506266,0
2022-07-15 15:42:30,0,0,4.738155,0.2493766,0,93.01746,1.4962594,0,0
2022-07-15 15:42:29,0,0,4.466501,0.248139,0,93.05211,1.2406948,0.248139,0
2022-07-15 15:42:28,0,0,4.785894,0,0,93.19899,1.511335,0.2518892,0
2022-07-15 15:42:27,0,0,4.239401,0,0,93.01746,1.745636,0.4987531,0
2022-07-15 15:42:26,0,0,5.25,0.25,0,91.5,0.75,0,1.25
2022-07-15 15:42:25,0,0,3.282828,0,0,94.94949,1.2626263,0.2525253,0
2022-07-15 15:42:24,0,0,5.223881,0.2487562,0,91.79104,1.2437811,0.2487562,0.2487562
2022-07-15 15:42:23,0,0,4.010025,0,0,94.98747,0.7518797,0,0
2022-07-15 15:42:22,0,0,4.239401,0.2493766,0,93.26683,1.4962594,0.2493766,0
2022-07-15 15:42:21,0,0,5.236908,0.2493766,0,91.77057,1.4962594,0.2493766,0
2022-07-15 15:42:20,0,0,4.75,0.25,0,92,1.5,0,0.5
2022-07-15 15:42:19,0,0,4.228856,0.2487562,0,93.78109,1.2437811,0.2487562,0
2022-07-15 15:42:18,0,0,4.511278,0.5012531,0,92.98246,1.5037594,0.2506266,0
2022-07-15 15:42:17,0,0,4.271357,0,0,93.71859,1.2562814,0.2512563,0
2022-07-15 15:42:16,0,0,4.987531,0.2493766,0,92.26933,1.2468828,0.4987531,0
2022-07-15 15:42:15,0,0,4.271357,0.2512563,0,93.46734,1.758794,0,0
2022-07-15 15:42:14,0,0,4.738155,0.2493766,0,93.01746,1.2468828,0.2493766,0
2022-07-15 15:42:13,0,0,4.726368,0.2487562,0,92.78607,1.741294,0.2487562,0
2022-07-15 15:42:12,0,0,4.271357,0,0,93.96985,0.7537688,0,0
2022-07-15 15:42:11,0,0,4.773869,0.2512563,0,93.21608,1.5075377,0,0
2022-07-15 15:42:10,0,0,4.5,0,0,93.5,1.5,0.25,0
2022-07-15 15:42:09,0,0,4.726368,0,0,93.03483,1.2437811,0.4975124,0
2022-07-15 15:42:08,0,0,4.785894,0.2518892,0,92.9471,2.015113,0,0
2022-07-15 15:42:07,0,0,4.25,0.5,0,92.75,1.5,0.25,0
2022-07-15 15:42:06,0,0,4.761905,0.2506266,0,92.23058,2.506266,0,0
2022-07-15 15:42:05,0,0,5,0,0,91.75,2.25,0,0
2022-07-15 15:42:04,0,0,3.731343,0.4975124,0,94.27861,1.2437811,0,0
2022-07-15 15:42:03,0,0,5.025126,0.2512563,0,92.96482,1.2562814,0.2512563,0
2022-07-15 15:42:02,0,0,4.239401,0.4987531,0,93.26683,1.2468828,0.2493766,0
2022-07-15 15:42:01,0,0,4.488778,0,0,92.5187,1.4962594,0.4987531,0
2022-07-15 15:42:00,0,0,4.534005,0.2518892,0,93.95466,1.0075567,0,0
2022-07-15 15:41:59,0,0,4.962779,0.248139,0,93.05211,0.9925558,0,0.248139
2022-07-15 15:41:58,0,0,3.508772,0.2506266,0,93.98496,1.5037594,0.2506266,0
2022-07-15 15:41:57,0,0,4.260652,0,0,92.98246,1.754386,0,0
2022-07-15 15:41:56,0,0,4.477612,0.2487562,0,93.53234,1.2437811,0.2487562,0
2022-07-15 15:41:55,0,0,3.990025,0.2493766,0,94.51372,0.9975062,0,0
2022-07-15 15:41:54,0,0,5,0,0,93.25,1.25,0.25,0
2022-07-15 15:41:53,0,0,4.5,0,0,92.25,1.25,0.5,0.25
2022-07-15 15:41:52,0,0,3.778338,0,0,94.96222,1.0075567,0,0
2022-07-15 15:41:51,0,0,5.223881,0,0,93.03483,0.9950249,0.2487562,0
2022-07-15 15:41:50,0,0,4.010025,0,0,94.48622,1.0025063,0.2506266,0
2022-07-15 15:41:49,0,0,4.738155,0.2493766,0,93.01746,1.4962594,0.2493766,0
2022-07-15 15:41:48,0,0,4.75,0.25,0,92.5,1.75,0,0
2022-07-15 15:41:47,0,0,4.282116,0,0,93.19899,2.015113,0.2518892,0
2022-07-15 15:41:46,0,0,4.950495,0.4950495,0,91.58416,1.980198,0.4950495,0
2022-07-15 15:41:45,0,0,4.25,0.25,0,93.75,1.25,0.25,0
2022-07-15 15:41:44,0,0,4.488778,0,0,94.26434,0.9975062,0,0
2022-07-15 15:41:43,0,0,5,0.25,0,93.25,1.5,0,0
2022-07-15 15:41:42,0,0,4.260652,0.2506266,0,92.73183,2.255639,0.2506266,0
2022-07-15 15:41:41,0,0,4.511278,0.5012531,0,92.98246,1.0025063,0.5012531,0
2022-07-15 15:41:40,0,0,4.488778,0,0,92.5187,2.493766,0.2493766,0
2022-07-15 15:41:39,0,0,4.5,0,0,93.75,1.25,0,0
2022-07-15 15:41:38,0,0,5.263158,0.2506266,0,92.23058,1.0025063,0,0.5012531
2022-07-15 15:41:37,0,0,3.740648,0.2493766,0,93.26683,2.244389,0.2493766,0
2022-07-15 15:41:36,0,0,4.773869,0,0,93.46734,1.2562814,0.2512563,0
2022-07-15 15:41:35,0,0,5.012531,0,0,92.98246,1.2531328,0.2506266,0
2022-07-15 15:41:34,0,0,4.488778,0.4987531,0,93.26683,1.2468828,0.2493766,0
2022-07-15 15:41:33,0,0,5.735661,0,0,92.76808,0.9975062,0,0
2022-07-15 15:41:32,0,0,4.25,0.25,0,92.5,1.25,0.75,0.25
2022-07-15 15:41:31,0,0,3.759398,0,0,94.73684,1.0025063,0,0
2022-07-15 15:41:30,0,0,4.488778,0,0,93.01746,1.2468828,0,0.2493766
2022-07-15 15:41:29,0,0,4,0.25,0,94,1.25,0.25,0
2022-07-15 15:41:28,0,0,4.761905,0.2506266,0,93.23308,1.2531328,0,0
2022-07-15 15:41:27,0,0,5.236908,0.2493766,0,92.01995,1.2468828,0.2493766,0
2022-07-15 15:41:26,0,0,3.517588,0.2512563,0,94.47236,1.0050251,0.2512563,0
2022-07-15 15:41:25,0,0,4.5,0,0,93.75,1.5,0,0
2022-07-15 15:41:24,0,0,4.228856,0,0,93.03483,1.99005,0.4975124,0
2022-07-15 15:41:23,0,0,5.063291,0,0,92.91139,1.5189873,0,0
2022-07-15 15:41:22,0,0,4.228856,0.2487562,0,93.53234,1.741294,0,0
2022-07-15 15:41:21,0,0,4.511278,0.5012531,0,92.23058,2.005013,0.2506266,0
2022-07-15 15:41:20,0,0,4.522613,0.2512563,0,93.46734,1.2562814,0.2512563,0
2022-07-15 15:41:19,0,0,4.488778,0.2493766,0,93.01746,1.745636,0.2493766,0
2022-07-15 15:41:18,0,0,4.75,0.25,0,93.5,1,0.25,0
2022-07-15 15:41:17,0,0,4.522613,0.2512563,0,93.71859,1.2562814,0,0
2022-07-15 15:41:16,0,0,4.726368,0,0,92.78607,1.4925373,0.2487562,0.2487562
2022-07-15 15:41:15,0,0,4.75,0.25,0,93.5,0.75,0.5,0
2022-07-15 15:41:14,0,0,4.5,0.25,0,93.25,1.5,0.25,0
2022-07-15 15:41:13,0,0,4.75,0.25,0,93.5,1.5,0,0
2022-07-15 15:41:12,0,0,4.511278,0,0,93.98496,0.7518797,0.2506266,0
2022-07-15 15:41:11,0,0,5,0.25,0,92.25,1.25,0.25,0
2022-07-15 15:41:10,0,0,4.282116,0.2518892,0,93.45088,1.2594458,0,0
2022-07-15 15:41:09,0,0,4.738155,0,0,94.01496,0.9975062,0,0
2022-07-15 15:41:08,0,0,4.511278,0.2506266,0,93.73434,0.7518797,0.5012531,0
2022-07-15 15:41:07,0,0,5.223881,0.2487562,0,93.53234,0.7462687,0,0
2022-07-15 15:41:06,0,0,5.940594,0,0,89.35644,1.4851485,0.2475248,1.980198
2022-07-15 15:41:05,0,0,4.534005,0.2518892,0,94.20655,0.7556675,0.2518892,0
2022-07-15 15:41:04,0,0,5.5,0,0,92,1.75,0,0
2022-07-15 15:41:03,0,0,3.258145,0.5012531,0,93.48371,1.5037594,0.2506266,0
2022-07-15 15:41:02,0,0,4.75,0.25,0,93.25,1.25,0.25,0
2022-07-15 15:41:01,0,0,4.271357,0,0,92.96482,2.01005,0.2512563,0
2022-07-15 15:41:00,0,0,5.25,0.25,0,92,1.25,0.25,0.25
2022-07-15 15:40:59,0,0,3.990025,0.4987531,0,94.26434,0.9975062,0,0
2022-07-15 15:40:58,0,0,4.271357,0,0,93.96985,1.2562814,0.2512563,0
2022-07-15 15:40:57,0,0,4.962779,0.248139,0,92.55583,1.736973,0.248139,0
2022-07-15 15:40:56,0,0,4.5,0,0,94,0.5,0.5,0
2022-07-15 15:40:55,0,0,4.511278,0,0,93.23308,1.2531328,0,0
2022-07-15 15:40:54,0,0,4.75,0.75,0,92.75,1.25,0.25,0
2022-07-15 15:40:53,0,0,4.239401,0,0,93.51621,1.995012,0,0
2022-07-15 15:40:52,0,0,4.75,0,0,93.25,1.5,0.25,0
2022-07-15 15:40:51,0,0,4.726368,0,0,93.53234,0.9950249,0.2487562,0
2022-07-15 15:40:50,0,0,4.314721,0.2538071,0,93.65482,1.0152284,0,0
2022-07-15 15:40:49,0,0,4.987531,0.2493766,0,92.76808,1.4962594,0.2493766,0
2022-07-15 15:40:48,0,0,4.25,0,0,93.5,1.75,0.25,0
2022-07-15 15:40:47,0,0,4.761905,0,0,93.23308,1.754386,0,0
2022-07-15 15:40:46,0,0,4.761905,0.2506266,0,92.4812,1.754386,0.2506266,0
2022-07-15 15:40:45,0,0,4.987531,0.4987531,0,92.76808,1.2468828,0.2493766,0
2022-07-15 15:40:44,0,0,4,0,0,93.5,1.75,0,0
2022-07-15 15:40:43,0,0,4.511278,0.2506266,0,93.23308,1.5037594,0.2506266,0
2022-07-15 15:40:42,0,0,4.25,0.25,0,92.75,2,0.25,0
2022-07-15 15:40:41,0,0,5.25,0,0,92.5,1.5,0.25,0
2022-07-15 15:40:40,0,0,4.25,0.25,0,94,1,0.25,0
2022-07-15 15:40:39,0,0,5.513784,0.2506266,0,90.97744,2.005013,0,0.2506266
2022-07-15 15:40:38,0,0,3.25,0.25,0,94.5,1.5,0,0
2022-07-15 15:40:37,0,0,5.486284,0.4987531,0,90.77307,2.244389,0.2493766,0
2022-07-15 15:40:36,0,0,3.508772,0.5012531,0,93.98496,1.5037594,0.2506266,0
2022-07-15 15:40:35,0,0,4.75,0.5,0,92.25,2.5,0,0
2022-07-15 15:40:34,0,0,4.239401,0,0,93.26683,1.4962594,0.2493766,0
2022-07-15 15:40:33,0,0,5.276382,0.2512563,0,91.9598,1.758794,0,0.2512563
2022-07-15 15:40:32,0,0,3.491272,0.2493766,0,94.01496,1.2468828,0.2493766,0
2022-07-15 15:40:31,0,0,4.761905,0.2506266,0,92.4812,1.754386,0.2506266,0
2022-07-15 15:40:30,0,0,4.5,0.25,0,93.75,0.75,0.25,0
2022-07-15 15:40:29,0,0,4.239401,0.2493766,0,94.01496,1.2468828,0,0
2022-07-15 15:40:28,0,0,5.289673,0.2518892,0,93.19899,1.0075567,0,0
2022-07-15 15:40:27,0,0,3.9801,0.2487562,0,93.28358,1.741294,0.4975124,0
2022-07-15 15:40:26,0,0,4.738155,0,0,93.51621,1.2468828,0,0
2022-07-15 15:40:25,0,0,4.5,0,0,93.5,1.25,0.25,0
2022-07-15 15:40:24,0,0,4.511278,0.5012531,0,93.23308,1.2531328,0.2506266,0
2022-07-15 15:40:23,0,0,4.75,0,0,93.5,1.25,0.25,0
2022-07-15 15:40:22,0,0,4.488778,0.2493766,0,93.76559,1.2468828,0,0
2022-07-15 15:40:21,0,0,4.260652,0,0,92.73183,2.255639,0.2506266,0
2022-07-15 15:40:20,0,0,4.738155,0.4987531,0,92.5187,1.4962594,0.2493766,0
2022-07-15 15:40:19,0,0,4.5,0.25,0,93.25,1.5,0.25,0
2022-07-15 15:40:18,0,0,5.012531,0.5012531,0,91.22807,2.506266,0,0
2022-07-15 15:40:17,0,0,3.740648,0.4987531,0,94.51372,0.7481297,0.2493766,0
2022-07-15 15:40:16,0,0,4.75,0,0,93.5,1.25,0.25,0
2022-07-15 15:40:15,0,0,4.020101,0,0,94.22111,1.2562814,0,0
2022-07-15 15:40:14,0,0,4.738155,0.2493766,0,93.26683,1.4962594,0,0
2022-07-15 15:40:13,0,0,4.726368,0,0,93.28358,1.2437811,0.4975124,0
2022-07-15 15:40:12,0,0,4.785894,0.2518892,0,92.44332,1.511335,0,0.2518892
2022-07-15 15:40:11,0,0,3.990025,0.2493766,0,93.51621,1.4962594,0.2493766,0
2022-07-15 15:40:10,0,0,5.5,0.25,0,92.25,1.25,0.25,0
2022-07-15 15:40:09,0,0,3.491272,0.2493766,0,92.76808,1.2468828,0.2493766,1.2468828
2022-07-15 15:40:08,0,0,4.773869,0,0,93.71859,1.0050251,0.2512563,0
2022-07-15 15:40:07,0,0,4.260652,0.2506266,0,93.73434,1.2531328,0.2506266,0
2022-07-15 15:40:06,0,0,4.987531,0,0,92.01995,1.4962594,0.2493766,0.2493766
2022-07-15 15:40:05,0,0,4.228856,0,0,94.52736,0.7462687,0.2487562,0
2022-07-15 15:40:04,0,0,4.522613,0,0,92.71357,1.5075377,0.2512563,0
2022-07-15 15:40:03,0,0,4.71464,0.248139,0,93.54839,0.7444169,0.248139,0
2022-07-15 15:40:02,0,0,4.282116,0,0,94.20655,1.2594458,0,0
2022-07-15 15:40:01,0,0,4.488778,0.2493766,0,93.26683,1.4962594,0.2493766,0
2022-07-15 15:40:00,0,0,5,0.25,0,92.75,1.75,0,0
2022-07-15 15:39:59,0,0,4.228856,0,0,93.53234,1.4925373,0.2487562,0
2022-07-15 15:39:58,0,0,4.773869,0.2512563,0,92.71357,1.2562814,0.2512563,0
2022-07-15 15:39:57,0,0,4.511278,0.2506266,0,93.48371,1.5037594,0.2506266,0
2022-07-15 15:39:56,0,0,4.239401,0.2493766,0,92.76808,1.995012,0.2493766,0
2022-07-15 15:39:55,0,0,4.987531,0.2493766,0,92.5187,1.4962594,0,0
2022-07-15 15:39:54,0,0,4.260652,0,0,94.23559,1.0025063,0.2506266,0
2022-07-15 15:39:53,0,0,4.738155,0,0,93.51621,0.9975062,0.4987531,0
2022-07-15 15:39:52,0,0,4.511278,0,0,93.48371,1.2531328,0.2506266,0
2022-07-15 15:39:51,0,0,4.534005,0.5037783,0,92.19144,1.511335,0.2518892,0
2022-07-15 15:39:50,0,0,4.5,0.25,0,93.75,1,0,0
2022-07-15 15:39:49,0,0,4.260652,0,0,94.23559,1.0025063,0.2506266,0
2022-07-15 15:39:48,0,0,4.962779,0.248139,0,93.05211,1.4888337,0,0
2022-07-15 15:39:47,0,0,4.761905,0.2506266,0,92.98246,1.2531328,0.2506266,0
2022-07-15 15:39:46,0,0,4.228856,0,0,93.28358,1.741294,0.2487562,0.2487562
2022-07-15 15:39:45,0,0,5,0.75,0,90.25,1.5,0.25,0.75
2022-07-15 15:39:44,0,0,3.768844,0,0,94.47236,1.5075377,0,0
2022-07-15 15:39:43,0,0,5.263158,0.2506266,0,91.22807,2.005013,0,0
2022-07-15 15:39:42,0,0,3.5,0.25,0,94.25,1,0.5,0
2022-07-15 15:39:41,0,0,4.260652,0.2506266,0,93.23308,1.5037594,0,0
2022-07-15 15:39:40,0,0,4.950495,0.2475248,0,92.82178,1.4851485,0.2475248,0
2022-07-15 15:39:39,0,0,4.556962,0.2531646,0,92.40506,1.5189873,0,0
2022-07-15 15:39:38,0,0,3.990025,0.2493766,0,93.76559,1.2468828,0.4987531,0
2022-07-15 15:39:37,0,0,4.738155,0.2493766,0,93.26683,1.2468828,0,0
2022-07-15 15:39:36,0,0,4.488778,0,0,93.01746,1.745636,0.2493766,0
2022-07-15 15:39:35,0,0,4.79798,0,0,93.43434,1.767677,0,0
2022-07-15 15:39:34,0,0,4.5,0.25,0,93.25,0.75,0.5,0
2022-07-15 15:39:33,0,0,4.511278,0.2506266,0,92.98246,2.005013,0,0
2022-07-15 15:39:32,0,0,4.511278,0,0,93.98496,0.7518797,0.2506266,0
2022-07-15 15:39:31,0,0,4.5,0,0,93.75,1.5,0,0
2022-07-15 15:39:30,0,0,4.75,0.5,0,92.75,1.5,0.25,0
2022-07-15 15:39:29,0,0,4.271357,0.2512563,0,93.21608,1.758794,0,0
2022-07-15 15:39:28,0,0,4.975124,0.2487562,0,93.78109,0.7462687,0,0
2022-07-15 15:39:27,0,0,4.511278,0.2506266,0,93.98496,1.0025063,0.2506266,0
2022-07-15 15:39:26,0,0,4.477612,0,0,94.02985,0.9950249,0,0
2022-07-15 15:39:25,0,0,5.764411,0.2506266,0,91.97995,1.0025063,0.2506266,0
2022-07-15 15:39:24,0,0,3.266332,0.2512563,0,93.96985,1.5075377,0.2512563,0
2022-07-15 15:39:23,0,0,4.5,0,0,93.75,1,0.25,0
2022-07-15 15:39:22,0,0,4.511278,0.2506266,0,93.48371,1.0025063,0.2506266,0
2022-07-15 15:39:21,0,0,4.545455,0.2525253,0,92.17172,2.020202,0.2525253,0
2022-07-15 15:39:20,0,0,4.738155,0.2493766,0,92.5187,1.745636,0.2493766,0
2022-07-15 15:39:19,0,0,4.975124,0.2487562,0,92.78607,1.2437811,0.2487562,0.2487562
2022-07-15 15:39:18,0,0,4.511278,0.2506266,0,92.4812,1.2531328,0.5012531,0
2022-07-15 15:39:17,0,0,4.271357,0,0,94.22111,1.2562814,0,0
2022-07-15 15:39:16,0,0,5.513784,0.2506266,0,91.72932,1.5037594,0.2506266,0
2022-07-15 15:39:15,0,0,3.5,0,0,95,1,0.25,0
2022-07-15 15:39:14,0,0,5.236908,0.2493766,0,92.76808,1.2468828,0.2493766,0
2022-07-15 15:39:13,0,0,4.761905,0,0,90.97744,2.255639,0.2506266,0
2022-07-15 15:39:12,0,0,4.260652,0,0,94.23559,1.0025063,0.2506266,0
2022-07-15 15:39:11,0,0,4.726368,0.2487562,0,92.53731,1.4925373,0.2487562,0
2022-07-15 15:39:10,0,0,4.522613,0.2512563,0,93.71859,1.2562814,0,0
2022-07-15 15:39:09,0,0,4.738155,0.4987531,0,92.01995,2.244389,0.2493766,0
2022-07-15 15:39:08,0,0,5.223881,0.2487562,0,92.53731,1.2437811,0.2487562,0.2487562
2022-07-15 15:39:07,0,0,5.037783,0.2518892,0,92.9471,1.2594458,0,0
2022-07-15 15:39:06,0,0,4,0.25,0,94.5,1,0,0
2022-07-15 15:39:05,0,0,4.987531,0.2493766,0,92.5187,1.2468828,0.4987531,0.2493766
2022-07-15 15:39:04,0,0,5,0.5,0,92.5,1.5,0.25,0
2022-07-15 15:39:03,0,0,4.738155,0.2493766,0,93.26683,1.4962594,0,0
2022-07-15 15:39:02,0,0,4.75,0.25,0,92,2.5,0.25,0
2022-07-15 15:39:01,0,0,4.75,0,0,93.25,1.25,0.25,0
2022-07-15 15:39:00,0,0,4.987531,0.4987531,0,92.26933,1.2468828,0.2493766,0
2022-07-15 15:38:59,0,0,4.5,0.25,0,93,1.5,0.5,0
2022-07-15 15:38:58,0,0,5.555556,0.2525253,0,90.65657,2.020202,0,0.5050505
2022-07-15 15:38:57,0,0,3.9801,0,0,94.52736,0.9950249,0,0
2022-07-15 15:38:56,0,0,5,0.25,0,93.75,0.75,0,0
2022-07-15 15:38:55,0,0,5.236908,0.2493766,0,92.76808,0.9975062,0.2493766,0
2022-07-15 15:38:54,0,0,4.773869,0,0,93.21608,1.5075377,0.2512563,0
2022-07-15 15:38:53,0,0,4.522613,0.2512563,0,93.71859,1.0050251,0,0
2022-07-15 15:38:52,0,0,5.75,0.25,0,90.25,1.25,0.25,0.5
2022-07-15 15:38:51,0,0,3.491272,0,0,94.26434,1.2468828,0.2493766,0
2022-07-15 15:38:50,0,0,4.785894,0,0,93.70277,1.0075567,0,0
2022-07-15 15:38:49,0,0,2.743142,0.4987531,0,93.76559,1.745636,0.2493766,0
2022-07-15 15:38:48,0,0,3.5,0,0,94.5,1.5,0.25,0
2022-07-15 15:38:47,0,0,3.266332,0.2512563,0,93.71859,1.758794,0.5025126,0
2022-07-15 15:38:46,0,0,1.99005,0.2487562,0,95.27363,1.741294,0,0
2022-07-15 15:38:45,0,0,1.745636,0.2493766,0,96.25935,0.9975062,0.2493766,0
2022-07-15 15:38:44,0,0,2.01005,0.5025126,0,95.72864,1.5075377,0,0
2022-07-15 15:38:43,0,0,1.5037594,0.2506266,0,96.99248,0.5012531,0.5012531,0
2022-07-15 15:38:42,0,0,1.99005,0,0,96.26866,1.2437811,0,0
2022-07-15 15:38:41,0,0,1.5037594,0.2506266,0,96.2406,1.2531328,0,0
2022-07-15 15:38:40,0,0,2.005013,0.2506266,0,96.2406,1.0025063,0.5012531,0
2022-07-15 15:38:39,0,0,1.4925373,0.2487562,0,95.77114,1.741294,0.2487562,0
2022-07-15 15:38:38,0,0,1.763224,0,0,95.71788,2.267003,0,0
2022-07-15 15:38:37,0,0,1.758794,0,0,96.48241,1.758794,0,0
2022-07-15 15:38:36,0,0,1.995012,0.2493766,0,96.00998,0.7481297,0.4987531,0.2493766
2022-07-15 15:38:35,0,0,1.2562814,0,0,96.73367,1.5075377,0.2512563,0
2022-07-15 15:38:34,0,0,1.995012,0.2493766,0,95.7606,1.2468828,0,0
2022-07-15 15:38:33,0,0,1.5037594,0.2506266,0,96.49123,1.754386,0,0
2022-07-15 15:38:32,0,0,2.770781,0,0,94.20655,2.015113,0.2518892,0
2022-07-15 15:38:31,0,0,0.5012531,0.2506266,0,96.99248,1.2531328,0.2506266,0
2022-07-15 15:38:30,0,0,0.7537688,0,0,96.73367,1.758794,0.2512563,0
2022-07-15 15:38:29,0,0,0.4987531,0.2493766,0,97.75561,0.7481297,0.2493766,0
2022-07-15 15:38:28,0,0,1.0050251,0.2512563,0,96.23116,2.01005,0.2512563,0
2022-07-15 15:38:27,0,0,0.4987531,0,0,98.25436,0.9975062,0,0
2022-07-15 15:38:26,0,0,1.0075567,0,0,97.733,0.5037783,0.2518892,0
2022-07-15 15:38:25,0,0,0.4987531,0.4987531,0,96.7581,1.995012,0,0
2022-07-15 15:38:24,0,0,0.7444169,0.4962779,0,95.78164,1.736973,0.248139,0
2022-07-15 15:38:23,0,0,0.5025126,0,0,97.48744,1.5075377,0,0
2022-07-15 15:38:22,0,0,0.7537688,0,0,97.98995,0.7537688,0.2512563,0
2022-07-15 15:38:21,0,0,0.75,0.5,0,96.5,1.5,0,0
2022-07-15 15:38:20,0,0,0.7481297,0,0,97.00748,1.745636,0,0
2022-07-15 15:38:19,0,0,0.7537688,0,0,97.23618,1.5075377,0.2512563,0
2022-07-15 15:38:18,0,0,0.7462687,0.2487562,0,97.01493,1.2437811,0.2487562,0
2022-07-15 15:38:17,0,0,0.5025126,0.2512563,0,97.48744,1.5075377,0.2512563,0
2022-07-15 15:38:16,0,0,0.7462687,0.2487562,0,96.0199,2.238806,0.2487562,0
2022-07-15 15:38:15,0,0,0.7537688,0.2512563,0,97.23618,1.2562814,0,0
2022-07-15 15:38:14,0,0,0.75,0.25,0,97.25,1.25,0.25,0
2022-07-15 15:38:13,0,0,0.7518797,0,0,97.99499,1.0025063,0,0
2022-07-15 15:38:12,0,0,0.75,0,0,96.75,1.75,0.5,0
2022-07-15 15:38:11,0,0,0.7537688,0.2512563,0,96.98492,1.0050251,0.2512563,0
2022-07-15 15:38:10,0,0,0.75,0.25,0,97.5,1.25,0,0
2022-07-15 15:38:09,0,0,1.4888337,0,0,96.02978,1.736973,0.248139,0
2022-07-15 15:38:08,0,0,0.7537688,0.2512563,0,97.48744,1.0050251,0.2512563,0
2022-07-15 15:38:07,0,0,0.5,0.25,0,97.25,1.25,0.25,0
2022-07-15 15:38:06,0,0,1,0,0,97,1.5,0,0
2022-07-15 15:38:05,0,0,1.4962594,0,0,96.7581,0.9975062,0.2493766,0
2022-07-15 15:38:04,0,0,0.75,0,0,97.25,1.5,0.25,0
2022-07-15 15:38:03,0,0,0.5025126,0.2512563,0,97.73869,1.2562814,0,0
2022-07-15 15:38:02,0,0,0.7444169,0.248139,0,97.76675,0.7444169,0.248139,0
2022-07-15 15:38:01,0,0,0.7537688,0,0,95.22613,2.763819,0.2512563,0
2022-07-15 15:38:00,0,0,0.7537688,0.2512563,0,96.98492,1.5075377,0,0
2022-07-15 15:37:59,0,0,1.754386,0,0,96.49123,1.0025063,0.5012531,0
2022-07-15 15:37:58,0,0,1.754386,0.2506266,0,93.98496,2.756892,0.2506266,0
2022-07-15 15:37:57,0,0,2.506266,0,0,95.98997,1.2531328,0,0
2022-07-15 15:37:56,0,0,2.985075,0,0,93.78109,2.487562,0.2487562,0
2022-07-15 15:37:55,0,0,2.763819,0.5025126,0,93.96985,1.758794,0,0
2022-07-15 15:37:54,0,0,3.491272,0,0,94.76309,0.9975062,0.2493766,0
2022-07-15 15:37:53,0,0,3.768844,0.2512563,0,93.46734,2.261307,0,0
2022-07-15 15:37:52,0,0,4,0.25,0,93.75,1.75,0,0
2022-07-15 15:37:51,0,0,3.508772,0.2506266,0,94.48622,1.2531328,0.2506266,0
2022-07-15 15:37:50,0,0,3.75,0,0,94.25,1.5,0.25,0
2022-07-15 15:37:49,0,0,4.010025,0,0,94.23559,1.2531328,0,0
2022-07-15 15:37:48,0,0,3.508772,0.5012531,0,93.98496,1.754386,0,0
2022-07-15 15:37:47,0,0,3.731343,0,0,94.52736,0.9950249,0.2487562,0
2022-07-15 15:37:46,0,0,3.990025,0.2493766,0,93.51621,1.4962594,0.2493766,0
2022-07-15 15:37:45,0,0,3.75,0.25,0,94.25,1.25,0.25,0
2022-07-15 15:37:44,0,0,3.759398,0,0,94.98747,1.0025063,0,0
2022-07-15 15:37:43,0,0,3.722084,0.248139,0,93.79653,1.4888337,0.248139,0.248139
2022-07-15 15:37:42,0,0,3.778338,0,0,94.45844,1.2594458,0.2518892,0
2022-07-15 15:37:41,0,0,3.75,0.25,0,93.5,1.75,0,0
2022-07-15 15:37:40,0,0,4.010025,0.2506266,0,93.98496,1.2531328,0.2506266,0
2022-07-15 15:37:39,0,0,4.511278,0,0,93.23308,1.5037594,0.2506266,0
2022-07-15 15:37:38,0,0,4.726368,0.2487562,0,93.78109,0.9950249,0,0
2022-07-15 15:37:37,0,0,4.987531,0.2493766,0,92.76808,1.4962594,0,0
2022-07-15 15:37:36,0,0,4.511278,0.2506266,0,92.98246,1.754386,0.2506266,0
2022-07-15 15:37:35,0,0,5,0,0,94,1,0,0
2022-07-15 15:37:34,0,0,5.263158,0,0,91.4787,1.5037594,0.5012531,0.5012531
2022-07-15 15:37:33,0,0,3.9801,0.2487562,0,94.02985,1.2437811,0,0.2487562
2022-07-15 15:37:32,0,0,5.75,0.25,0,92,1,0.25,0
2022-07-15 15:37:31,0,0,3.990025,0.2493766,0,93.76559,1.745636,0,0
2022-07-15 15:37:30,0,0,4.761905,0.2506266,0,92.98246,1.5037594,0.2506266,0
2022-07-15 15:37:29,0,0,5.527638,0,0,90.70352,1.5075377,0.2512563,1.2562814
2022-07-15 15:37:28,0,0,3.517588,0,0,94.72362,1.0050251,0.2512563,0
2022-07-15 15:37:27,0,0,4.987531,0,0,92.76808,1.745636,0.2493766,0
2022-07-15 15:37:26,0,0,4.534005,0.2518892,0,93.45088,1.0075567,0,0.2518892
2022-07-15 15:37:25,0,0,5.25,0.25,0,92.25,1.75,0.25,0
2022-07-15 15:37:24,0,0,4.488778,0,0,93.51621,1.4962594,0,0
2022-07-15 15:37:23,0,0,4.75,0.25,0,93.25,1.25,0.25,0
2022-07-15 15:37:22,0,0,5,0.5,0,92,1.75,0.25,0
2022-07-15 15:37:21,0,0,4.522613,0.2512563,0,93.71859,1.2562814,0,0
2022-07-15 15:37:20,0,0,5.012531,0.2506266,0,92.4812,1.754386,0.2506266,0
2022-07-15 15:37:19,0,0,5.012531,0.2506266,0,92.4812,2.005013,0,0
2022-07-15 15:37:18,0,0,4.25,0,0,93.75,1.25,0.25,0
2022-07-15 15:37:17,0,0,5.276382,0,0,93.46734,1.0050251,0,0
2022-07-15 15:37:16,0,0,4.25,0.25,0,92.75,2,0.25,0
2022-07-15 15:37:15,0,0,5.30303,0,0,92.92929,1.5151515,0.2525253,0
2022-07-15 15:37:14,0,0,5.012531,0.5012531,0,93.23308,0.5012531,0,0
2022-07-15 15:37:13,0,0,4.010025,0,0,94.23559,1.0025063,0.5012531,0
2022-07-15 15:37:12,0,0,4.773869,0,0,92.21106,2.512563,0,0
2022-07-15 15:37:11,0,0,5.025126,0.2512563,0,92.71357,1.5075377,0.2512563,0
2022-07-15 15:37:10,0,0,4.738155,0.2493766,0,93.51621,1.2468828,0,0
2022-07-15 15:37:09,0,0,4.738155,0.2493766,0,93.51621,0.9975062,0.2493766,0
2022-07-15 15:37:08,0,0,5,0,0,92,2,0.25,0
2022-07-15 15:37:07,0,0,4.726368,0.2487562,0,93.78109,0.9950249,0,0
2022-07-15 15:37:06,0,0,5.289673,0,0,91.18388,2.015113,0.2518892,0.2518892
2022-07-15 15:37:05,0,0,4.726368,0.2487562,0,93.53234,0.7462687,0.2487562,0
2022-07-15 15:37:04,0,0,4.25,0.25,0,92.75,1.5,0.5,0
2022-07-15 15:37:03,0,0,5,0,0,93.5,1,0.25,0
2022-07-15 15:37:02,0,0,4.79798,0.2525253,0,91.91919,1.767677,0,0.2525253
2022-07-15 15:37:01,0,0,4.239401,0.4987531,0,93.26683,1.4962594,0,0
2022-07-15 15:37:00,0,0,4.726368,0.2487562,0,93.03483,1.2437811,0.2487562,0
2022-07-15 15:36:59,0,0,5,0.25,0,92.5,1.75,0,0
2022-07-15 15:36:58,0,0,4.5,0.25,0,94,0.75,0.25,0
2022-07-15 15:36:57,0,0,5.025126,0.2512563,0,92.21106,2.01005,0.2512563,0
2022-07-15 15:36:56,0,0,4.511278,0.2506266,0,93.23308,1.754386,0,0
2022-07-15 15:36:55,0,0,5,0.25,0,92.5,1.25,0.25,0
2022-07-15 15:36:54,0,0,4.488778,0.4987531,0,93.51621,0.9975062,0.2493766,0
2022-07-15 15:36:53,0,0,5.25,0,0,93,1.25,0.25,0
2022-07-15 15:36:52,0,0,4.239401,0.2493766,0,94.01496,1.2468828,0,0
2022-07-15 15:36:51,0,0,5.012531,0,0,92.73183,1.2531328,0.2506266,0
2022-07-15 15:36:50,0,0,4.738155,0.2493766,0,92.76808,1.4962594,0.2493766,0
2022-07-15 15:36:49,0,0,4.773869,0,0,93.71859,0.7537688,0.2512563,0
2022-07-15 15:36:48,0,0,4.71464,0.248139,0,93.05211,1.736973,0.248139,0
2022-07-15 15:36:47,0,0,5.25,0,0,93,0.75,0.25,0
2022-07-15 15:36:46,0,0,3.768844,0,0,93.96985,1.758794,0,0
2022-07-15 15:36:45,0,0,5.263158,0.5012531,0,91.4787,2.005013,0.2506266,0
2022-07-15 15:36:44,0,0,4.5,0,0,93.75,1,0.25,0.25
2022-07-15 15:36:43,0,0,5.012531,0,0,92.73183,1.5037594,0.2506266,0
2022-07-15 15:36:42,0,0,4.239401,0.2493766,0,93.26683,1.745636,0.2493766,0
2022-07-15 15:36:41,0,0,5.223881,0.4975124,0,92.0398,1.4925373,0,0
2022-07-15 15:36:40,0,0,4.292929,0,0,94.19192,1.010101,0.2525253,0
2022-07-15 15:36:39,0,0,5.210918,0,0,92.05955,1.736973,0.248139,0.248139
2022-07-15 15:36:38,0,0,4.040404,0,0,94.19192,1.2626263,0.2525253,0
2022-07-15 15:36:37,0,0,4.761905,0.2506266,0,92.98246,1.5037594,0.2506266,0
2022-07-15 15:36:36,0,0,5.486284,0.4987531,0,89.52618,2.244389,0.2493766,0.4987531
2022-07-15 15:36:35,0,0,4.020101,0,0,94.22111,1.5075377,0.2512563,0
2022-07-15 15:36:34,0,0,4.75,0.5,0,92.5,1.75,0,0
2022-07-15 15:36:33,0,0,4.5,0.25,0,94,1.25,0,0
2022-07-15 15:36:32,0,0,5,0,0,94,0.5,0.25,0
2022-07-15 15:36:31,0,0,4.5,0.5,0,93,1.25,0.25,0
2022-07-15 15:36:30,0,0,5.236908,0,0,92.76808,1.4962594,0.2493766,0
2022-07-15 15:36:29,0,0,4.761905,0,0,93.48371,1.2531328,0.2506266,0
2022-07-15 15:36:28,0,0,4.522613,0,0,94.22111,1.0050251,0,0
2022-07-15 15:36:27,0,0,5.012531,0,0,93.48371,1.0025063,0.2506266,0
2022-07-15 15:36:26,0,0,4.785894,0.2518892,0,92.69521,1.763224,0,0
2022-07-15 15:36:25,0,0,4.738155,0,0,93.76559,1.2468828,0.2493766,0
2022-07-15 15:36:24,0,0,5,0,0,93.5,1,0,0
2022-07-15 15:36:23,0,0,4.5,0.25,0,93.5,1.25,0,0
2022-07-15 15:36:22,0,0,4.975124,0.2487562,0,93.03483,1.2437811,0,0
2022-07-15 15:36:21,0,0,5.012531,0,0,92.4812,1.754386,0.2506266,0
2022-07-15 15:36:20,0,0,4.75,0.25,0,92,1.75,0.25,0
2022-07-15 15:36:19,0,0,4.488778,0.2493766,0,93.51621,1.2468828,0.2493766,0
2022-07-15 15:36:18,0,0,4.292929,0.2525253,0,93.18182,1.767677,0,0
2022-07-15 15:36:17,0,0,5.223881,0.2487562,0,93.03483,0.9950249,0.2487562,0
2022-07-15 15:36:16,0,0,4.726368,0.2487562,0,92.28856,1.99005,0.4975124,0
2022-07-15 15:36:15,0,0,5.56962,0.2531646,0,92.1519,1.2658228,0,0
2022-07-15 15:36:14,0,0,3.740648,0.2493766,0,94.01496,1.4962594,0,0
2022-07-15 15:36:13,0,0,4.726368,0.2487562,0,92.53731,1.4925373,0.4975124,0
2022-07-15 15:36:12,0,0,4.785894,0.2518892,0,91.93955,2.518892,0,0
2022-07-15 15:36:11,0,0,4.511278,0,0,93.48371,1.5037594,0,0
2022-07-15 15:36:10,0,0,4.738155,0.2493766,0,92.5187,1.745636,0.2493766,0
2022-07-15 15:36:09,0,0,5.735661,0.2493766,0,91.27182,1.4962594,0.2493766,0
2022-07-15 15:36:08,0,0,3.759398,0,0,94.73684,1.2531328,0,0
2022-07-15 15:36:07,0,0,5.236908,0.2493766,0,92.26933,1.2468828,0.2493766,0
2022-07-15 15:36:06,0,0,4.511278,0.2506266,0,92.4812,2.255639,0.2506266,0
2022-07-15 15:36:05,0,0,5.263158,0,0,92.73183,1.5037594,0,0
2022-07-15 15:36:04,0,0,4.785894,0,0,93.70277,1.2594458,0.2518892,0
2022-07-15 15:36:03,0,0,4.522613,0.2512563,0,92.96482,1.5075377,0.2512563,0
2022-07-15 15:36:02,0,0,5.19802,0,0,92.57426,1.980198,0,0
2022-07-15 15:36:01,0,0,4.522613,0.2512563,0,92.71357,1.2562814,0.5025126,0.2512563
2022-07-15 15:36:00,0,0,4.962779,0.248139,0,92.30769,1.736973,0.248139,0
2022-07-15 15:35:59,0,0,4.773869,0,0,92.71357,1.758794,0.5025126,0
2022-07-15 15:35:58,0,0,4.5,0.5,0,92.75,1.5,0.5,0
2022-07-15 15:35:57,0,0,5.25,0,0,93.5,0.75,0.25,0
2022-07-15 15:35:56,0,0,4.5,0.75,0,93.25,1.25,0,0
2022-07-15 15:35:55,0,0,4.761905,0.2506266,0,92.98246,1.2531328,0.2506266,0
2022-07-15 15:35:54,0,0,5.527638,0.2512563,0,91.70854,1.5075377,0,0
2022-07-15 15:35:53,0,0,3.75,0.25,0,94.5,1.25,0,0
2022-07-15 15:35:52,0,0,5.25,0.25,0,92.5,1.5,0.25,0
2022-07-15 15:35:51,0,0,4.25,0.25,0,93.25,1.75,0,0
2022-07-15 15:35:50,0,0,5,0,0,93,1.5,0.25,0
2022-07-15 15:35:49,0,0,4.5,0.25,0,92.25,2.25,0.25,0
2022-07-15 15:35:48,0,0,5.210918,0.7444169,0,88.83375,1.736973,0.248139,1.4888337
2022-07-15 15:35:47,0,0,4.260652,0,0,94.23559,1.0025063,0,0
2022-07-15 15:35:46,0,0,5.276382,0.5025126,0,91.70854,2.01005,0,0
2022-07-15 15:35:45,0,0,3.778338,0.2518892,0,94.71033,0.7556675,0.2518892,0
2022-07-15 15:35:44,0,0,4.726368,0,0,93.78109,0.7462687,0.2487562,0
2022-07-15 15:35:43,0,0,4.987531,0,0,93.51621,1.2468828,0.2493766,0
2022-07-15 15:35:42,0,0,5.050505,0,0,93.43434,0.7575758,0,0
2022-07-15 15:35:41,0,0,4.020101,0,0,93.96985,1.2562814,0.2512563,0
2022-07-15 15:35:40,0,0,5.223881,0.2487562,0,92.78607,1.2437811,0.2487562,0
2022-07-15 15:35:39,0,0,4.5,0,0,93.5,1.5,0,0
2022-07-15 15:35:38,0,0,5.037783,0.2518892,0,92.9471,1.511335,0,0
2022-07-15 15:35:37,0,0,4.962779,0.248139,0,93.05211,1.2406948,0.248139,0
2022-07-15 15:35:36,0,0,4.271357,0,0,92.96482,1.758794,0.5025126,0
2022-07-15 15:35:35,0,0,5.263158,0,0,93.48371,1.0025063,0,0
2022-07-15 15:35:34,0,0,4.5,0.25,0,93.25,1.5,0.25,0
2022-07-15 15:35:33,0,0,5,0.25,0,93,0.75,0.5,0.25
2022-07-15 15:35:32,0,0,5,0,0,93.25,1.25,0,0
2022-07-15 15:35:31,0,0,4.488778,0.2493766,0,93.26683,0.9975062,0.4987531,0
2022-07-15 15:35:30,0,0,5.30303,0,0,93.93939,0.7575758,0,0
2022-07-15 15:35:29,0,0,4.466501,0.248139,0,93.79653,0.9925558,0.248139,0
2022-07-15 15:35:28,0,0,5.541562,0,0,91.93955,1.511335,0.2518892,0
2022-07-15 15:35:27,0,0,4.228856,0.2487562,0,91.79104,1.99005,0.4975124,0.2487562
2022-07-15 15:35:26,0,0,4.511278,0.5012531,0,93.48371,1.2531328,0,0
2022-07-15 15:35:25,0,0,5.037783,0,0,92.69521,1.511335,0.5037783,0
2022-07-15 15:35:24,0,0,5,0.5,0,92.75,1.25,0.25,0
2022-07-15 15:35:23,0,0,4.5,0,0,93.5,1.5,0,0
2022-07-15 15:35:22,0,0,5.012531,0.5012531,0,92.98246,0.7518797,0.5012531,0
2022-07-15 15:35:21,0,0,4.260652,0.2506266,0,90.47619,1.754386,0.2506266,2.255639
2022-07-15 15:35:20,0,0,4.761905,0,0,93.23308,1.754386,0,0
2022-07-15 15:35:19,0,0,5.012531,0.2506266,0,92.4812,1.5037594,0.2506266,0
2022-07-15 15:35:18,0,0,4.25,0.25,0,93.75,1,0.25,0
2022-07-15 15:35:17,0,0,4.239401,0.4987531,0,93.26683,1.4962594,0,0.2493766
2022-07-15 15:35:16,0,0,6.281407,0.2512563,0,91.70854,1.0050251,0,0
2022-07-15 15:35:15,0,0,3.5,0.25,0,93.75,1.25,0.25,0
2022-07-15 15:35:14,0,0,4.773869,0,0,92.71357,1.5075377,0.2512563,0
2022-07-15 15:35:13,0,0,4.738155,0,0,93.51621,1.4962594,0,0
2022-07-15 15:35:12,0,0,4.738155,0.2493766,0,93.26683,0.9975062,0.2493766,0
2022-07-15 15:35:11,0,0,5.012531,0.2506266,0,92.4812,1.5037594,0.2506266,0
2022-07-15 15:35:10,0,0,4.5,0,0,94,1,0.25,0
2022-07-15 15:35:09,0,0,4.75,0.25,0,93.25,1,0.25,0
2022-07-15 15:35:08,0,0,5.5,0.25,0,91.25,2.25,0.25,0
2022-07-15 15:35:07,0,0,4.282116,0,0,93.19899,1.511335,0.5037783,0
2022-07-15 15:35:06,0,0,6.25,0.25,0,91.25,1.5,0,0
2022-07-15 15:35:05,0,0,5,0,0,94,1,0,0
2022-07-15 15:35:04,0,0,5.236908,0.2493766,0,91.77057,1.745636,0,0.2493766
2022-07-15 15:35:03,0,0,4.75,0,0,93.25,1.25,0.25,0
2022-07-15 15:35:02,0,0,4.761905,0.2506266,0,92.73183,1.754386,0.2506266,0
2022-07-15 15:35:01,0,0,5.5,0,0,91,1.5,0,1.25
2022-07-15 15:35:00,0,0,3.5,0,0,94.75,1.25,0.25,0
2022-07-15 15:34:59,0,0,4.75,0.25,0,92.75,1.5,0.25,0
2022-07-15 15:34:58,0,0,5,0.25,0,92.75,1.75,0,0
2022-07-15 15:34:57,0,0,4.726368,0,0,93.53234,1.4925373,0,0
2022-07-15 15:34:56,0,0,4.75,0,0,93,1.5,0.25,0
2022-07-15 15:34:55,0,0,5.5,0.25,0,92.5,1.25,0,0
2022-07-15 15:34:54,0,0,4.010025,0,0,94.23559,1.0025063,0.2506266,0
2022-07-15 15:34:53,0,0,4.71464,0.4962779,0,93.05211,1.4888337,0,0
2022-07-15 15:34:52,0,0,4.785894,0.2518892,0,92.69521,1.763224,0,0
2022-07-15 15:34:51,0,0,4.488778,0,0,92.76808,1.995012,0.2493766,0
2022-07-15 15:34:50,0,0,4.785894,0.2518892,0,93.19899,1.2594458,0,0
2022-07-15 15:34:49,0,0,5.223881,0,0,92.0398,1.4925373,0.2487562,0.2487562
2022-07-15 15:34:48,0,0,4,0.25,0,94.25,0.75,0.5,0
2022-07-15 15:34:47,0,0,4.738155,0,0,94.01496,0.7481297,0,0
2022-07-15 15:34:46,0,0,5,0,0,93.5,1,0.25,0
2022-07-15 15:34:45,0,0,4.511278,0.2506266,0,94.23559,0.7518797,0,0
2022-07-15 15:34:44,0,0,4.987531,0.2493766,0,93.51621,0.9975062,0,0
2022-07-15 15:34:43,0,0,4.75,0.25,0,92.75,1.5,0.5,0
2022-07-15 15:34:42,0,0,4.726368,0.4975124,0,92.53731,1.741294,0,0
2022-07-15 15:34:41,0,0,4.522613,0,0,92.46231,1.758794,0.2512563,0
2022-07-15 15:34:40,0,0,5.263158,0.2506266,0,93.23308,0.7518797,0,0
2022-07-15 15:34:39,0,0,4.477612,0.4975124,0,93.03483,0.9950249,0.4975124,0
2022-07-15 15:34:38,0,0,5.037783,0.2518892,0,93.19899,0.7556675,0.2518892,0
2022-07-15 15:34:37,0,0,4.488778,0,0,93.51621,1.745636,0.2493766,0
2022-07-15 15:34:36,0,0,4.975124,0.4975124,0,92.78607,1.2437811,0.2487562,0
2022-07-15 15:34:35,0,0,4.511278,0.2506266,0,93.23308,1.5037594,0,0
2022-07-15 15:34:34,0,0,4.761905,0.2506266,0,93.48371,0.7518797,0,0.2506266
2022-07-15 15:34:33,0,0,4,0,0,94.25,1,0.25,0
2022-07-15 15:34:32,0,0,4.738155,0.2493766,0,93.01746,1.4962594,0.2493766,0
2022-07-15 15:34:31,0,0,4.271357,0,0,94.22111,1.0050251,0,0
2022-07-15 15:34:30,0,0,5.223881,0,0,92.28856,1.2437811,0.2487562,0
2022-07-15 15:34:29,0,0,4.25,0,0,94,1,0.25,0
2022-07-15 15:34:28,0,0,5.276382,0.5025126,0,91.45729,2.01005,0.2512563,0
2022-07-15 15:34:27,0,0,4.488778,0,0,93.76559,0.9975062,0.2493766,0
2022-07-15 15:34:26,0,0,5.5,0,0,92,2.25,0,0
2022-07-15 15:34:25,0,0,3.740648,0.2493766,0,92.26933,1.2468828,0.4987531,0.9975062
2022-07-15 15:34:24,0,0,5.012531,0.2506266,0,93.23308,1.2531328,0,0
2022-07-15 15:34:23,0,0,4.75,0.25,0,93.25,1.25,0.25,0
2022-07-15 15:34:22,0,0,5.25,0.25,0,91.25,1.5,0,1
2022-07-15 15:34:21,0,0,3.740648,0.4987531,0,90.77307,3.990025,0.4987531,0
2022-07-15 15:34:20,0,0,5.263158,0.2506266,0,93.23308,0.7518797,0.2506266,0
2022-07-15 15:34:19,0,0,4.5,0.25,0,92.75,1.5,0.25,0.25
2022-07-15 15:34:18,0,0,5,0,0,94,0.5,0.25,0
2022-07-15 15:34:17,0,0,4.987531,0.2493766,0,93.51621,0.9975062,0,0
2022-07-15 15:34:16,0,0,4.5,0,0,92.75,1.75,0.5,0.25
2022-07-15 15:34:15,0,0,5.263158,0,0,93.23308,1.0025063,0.2506266,0
2022-07-15 15:34:14,0,0,4.522613,0.2512563,0,93.21608,1.0050251,0.2512563,0
2022-07-15 15:34:13,0,0,4.773869,0.2512563,0,93.46734,0.7537688,0.2512563,0
2022-07-15 15:34:12,0,0,5.223881,0,0,93.03483,1.2437811,0.2487562,0
2022-07-15 15:34:11,0,0,4.271357,0.2512563,0,93.96985,1.0050251,0,0
2022-07-15 15:34:10,0,0,5.5,0.25,0,92.25,1.5,0.25,0
2022-07-15 15:34:09,0,0,4.271357,0,0,93.46734,1.2562814,0.2512563,0
2022-07-15 15:34:08,0,0,6.467662,0.2487562,0,91.04478,1.741294,0.2487562,0
2022-07-15 15:34:07,0,0,4.030227,0,0,93.95466,1.0075567,0,0
2022-07-15 15:34:06,0,0,3.5,0.25,0,94.75,1,0.25,0
2022-07-15 15:34:05,0,0,5.25,0.25,0,92,2,0,0
2022-07-15 15:34:04,0,0,4.726368,0,0,92.78607,1.741294,0.2487562,0
2022-07-15 15:34:03,0,0,5,0.25,0,92.5,1.75,0.25,0
2022-07-15 15:34:02,0,0,4.773869,0.2512563,0,93.21608,1.0050251,0,0
2022-07-15 15:34:01,0,0,4.75,0.25,0,91.25,1.5,0.5,1
2022-07-15 15:34:00,0,0,4.260652,0.2506266,0,93.73434,1.5037594,0,0
2022-07-15 15:33:59,0,0,5.276382,0.2512563,0,90.95477,1.758794,0,1.0050251
2022-07-15 15:33:58,0,0,3.970223,0.248139,0,93.05211,1.4888337,0.4962779,0
2022-07-15 15:33:57,0,0,5.527638,0.5025126,0,91.20603,2.01005,0.2512563,0
2022-07-15 15:33:56,0,0,4.738155,0,0,93.26683,1.4962594,0.2493766,0
2022-07-15 15:33:55,0,0,5,0,0,92.25,1.5,0,0
2022-07-15 15:33:54,0,0,4.25,0.25,0,93.5,1.5,0.25,0
2022-07-15 15:33:53,0,0,4.761905,0,0,93.23308,1.0025063,0.5012531,0
2022-07-15 15:33:52,0,0,5.025126,0.2512563,0,93.71859,1.0050251,0,0
2022-07-15 15:33:51,0,0,4.5,0,0,93,1.25,0.25,0.25
2022-07-15 15:33:50,0,0,4.987531,0,0,92.26933,1.745636,0,0
2022-07-15 15:33:49,0,0,4.773869,0.2512563,0,92.71357,1.758794,0.2512563,0
2022-07-15 15:33:48,0,0,4.477612,0,0,93.78109,0.7462687,0.7462687,0
2022-07-15 15:33:47,0,0,5.012531,0.2506266,0,92.73183,1.2531328,0.2506266,0
2022-07-15 15:33:46,0,0,4.534005,0.2518892,0,93.45088,1.511335,0,0
2022-07-15 15:33:45,0,0,4.975124,0,0,92.78607,1.2437811,0.2487562,0.2487562
2022-07-15 15:33:44,0,0,4.75,0,0,93.5,1.5,0.25,0
2022-07-15 15:33:43,0,0,4.522613,0.2512563,0,92.71357,2.01005,0,0
2022-07-15 15:33:42,0,0,4.987531,0.2493766,0,92.5187,1.4962594,0.2493766,0
2022-07-15 15:33:41,0,0,6,0.5,0,90.5,1.75,0.25,0
2022-07-15 15:33:40,0,0,3.482587,0.2487562,0,95.02488,0.7462687,0,0
2022-07-15 15:33:39,0,0,4.534005,0,0,93.70277,1.2594458,0.2518892,0
2022-07-15 15:33:38,0,0,4.488778,0.2493766,0,93.26683,1.4962594,0,0
2022-07-15 15:33:37,0,0,5.025126,0.2512563,0,92.21106,1.758794,0.2512563,0
2022-07-15 15:33:36,0,0,4.477612,0,0,93.53234,1.4925373,0.2487562,0
2022-07-15 15:33:35,0,0,5.75,0.25,0,91.75,1,0.5,0
2022-07-15 15:33:34,0,0,3.508772,0,0,94.48622,1.2531328,0.2506266,0
2022-07-15 15:33:33,0,0,4.773869,0,0,93.21608,1.5075377,0.2512563,0
2022-07-15 15:33:32,0,0,4.71464,0.248139,0,92.05955,1.736973,0.248139,0.248139
2022-07-15 15:33:31,0,0,4.020101,0,0,93.21608,1.5075377,0.2512563,0.2512563
2022-07-15 15:33:30,0,0,4.5,0.25,0,93.75,1.25,0,0
2022-07-15 15:33:29,0,0,5.25,0,0,91.75,1.5,0.25,0
2022-07-15 15:33:28,0,0,3.970223,0.4962779,0,93.79653,1.2406948,0.248139,0
2022-07-15 15:33:27,0,0,4.79798,0,0,93.43434,1.2626263,0,0
2022-07-15 15:33:26,0,0,4.738155,0.2493766,0,93.51621,1.2468828,0,0
2022-07-15 15:33:25,0,0,4.79798,0,0,93.18182,1.5151515,0.2525253,0
2022-07-15 15:33:24,0,0,4.738155,0.2493766,0,93.51621,0.9975062,0,0
2022-07-15 15:33:23,0,0,5,0,0,93.25,1.25,0.25,0
2022-07-15 15:33:22,0,0,4.282116,0,0,93.70277,1.511335,0,0
2022-07-15 15:33:21,0,0,5.276382,0.2512563,0,92.46231,1.5075377,0.2512563,0
2022-07-15 15:33:20,0,0,4.488778,0,0,92.76808,1.745636,0.4987531,0
2022-07-15 15:33:19,0,0,5.263158,0,0,92.98246,1.2531328,0,0
2022-07-15 15:33:18,0,0,4.477612,0.2487562,0,93.53234,1.2437811,0.2487562,0
2022-07-15 15:33:17,0,0,4.79798,0,0,92.67677,2.020202,0,0
2022-07-15 15:33:16,0,0,5,0,0,93.5,1,0.25,0
2022-07-15 15:33:15,0,0,5.707196,0.248139,0,90.57072,2.48139,0.4962779,0
2022-07-15 15:33:14,0,0,4.511278,0.2506266,0,92.73183,1.5037594,0,0.2506266
2022-07-15 15:33:13,0,0,3.75,0.25,0,93.75,1.25,0.5,0
2022-07-15 15:33:12,0,0,4.522613,0,0,94.22111,1.0050251,0,0
2022-07-15 15:33:11,0,0,4.987531,0,0,93.51621,0.7481297,0.2493766,0
2022-07-15 15:33:10,0,0,4.477612,0,0,94.02985,1.2437811,0,0
2022-07-15 15:33:09,0,0,5.263158,0.5012531,0,91.4787,1.5037594,0.5012531,0
2022-07-15 15:33:08,0,0,4.761905,0.2506266,0,90.97744,1.754386,0.2506266,1.0025063
2022-07-15 15:33:07,0,0,8,0.25,0,90.25,1.25,0,0
2022-07-15 15:33:06,0,0,2.736318,0,0,94.02985,0.9950249,0.4975124,1.2437811
2022-07-15 15:33:05,0,0,4.260652,0,0,93.73434,1.754386,0,0
2022-07-15 15:33:04,0,0,4.987531,0.2493766,0,93.01746,1.2468828,0.2493766,0
2022-07-15 15:33:03,0,0,4.987531,0,0,93.26683,1.2468828,0.2493766,0
2022-07-15 15:33:02,0,0,4.987531,0.2493766,0,92.26933,1.2468828,0,0
2022-07-15 15:33:01,0,0,4.282116,0,0,93.19899,2.015113,0,0
2022-07-15 15:33:00,0,0,5.012531,0.2506266,0,93.73434,0.7518797,0,0
2022-07-15 15:32:59,0,0,4.75,0,0,93.5,1.25,0.25,0
2022-07-15 15:32:58,0,0,4.239401,0.2493766,0,93.51621,1.4962594,0.2493766,0
2022-07-15 15:32:57,0,0,5.236908,0.2493766,0,92.5187,1.745636,0,0
2022-07-15 15:32:56,0,0,4.488778,0,0,93.51621,1.2468828,0.2493766,0
2022-07-15 15:32:55,0,0,5.025126,0.5025126,0,93.21608,1.0050251,0,0
2022-07-15 15:32:54,0,0,4.260652,0,0,93.98496,1.0025063,0.2506266,0
2022-07-15 15:32:53,0,0,4.962779,0.248139,0,91.81141,2.233251,0.248139,0
2022-07-15 15:32:52,0,0,4.773869,0,0,93.71859,1.0050251,0.2512563,0
2022-07-15 15:32:51,0,0,4.511278,0,0,92.98246,1.754386,0.2506266,0
2022-07-15 15:32:50,0,0,4.75,0,0,92.5,2,0.25,0
2022-07-15 15:32:49,0,0,4.71464,0.4962779,0,93.05211,1.2406948,0.248139,0
2022-07-15 15:32:48,0,0,5.793451,0,0,91.68766,1.2594458,0.2518892,0
2022-07-15 15:32:47,0,0,3.759398,0.2506266,0,94.48622,1.2531328,0,0
2022-07-15 15:32:46,0,0,4.726368,0.2487562,0,92.78607,1.4925373,0,0
2022-07-15 15:32:45,0,0,4.773869,0,0,93.71859,1.2562814,0,0
2022-07-15 15:32:44,0,0,4.726368,0.2487562,0,93.53234,0.9950249,0.2487562,0
2022-07-15 15:32:43,0,0,4.522613,0,0,93.71859,1.2562814,0.2512563,0
2022-07-15 15:32:42,0,0,5.527638,0.2512563,0,91.70854,1.758794,0.2512563,0.2512563
2022-07-15 15:32:41,0,0,4.303797,0,0,92.91139,1.5189873,0,0
2022-07-15 15:32:40,0,0,4.488778,0.4987531,0,93.26683,1.2468828,0.2493766,0
2022-07-15 15:32:39,0,0,4.987531,0,0,93.01746,1.2468828,0,0.2493766
2022-07-15 15:32:38,0,0,3.740648,0,0,94.01496,1.745636,0.2493766,0
2022-07-15 15:32:37,0,0,5.236908,0.2493766,0,92.01995,1.4962594,0.2493766,0
2022-07-15 15:32:36,0,0,5.25,0.25,0,93,1.25,0,0
2022-07-15 15:32:35,0,0,4.010025,0.2506266,0,92.98246,1.5037594,0,0
2022-07-15 15:32:34,0,0,4.761905,0.2506266,0,92.73183,1.754386,0,0
2022-07-15 15:32:33,0,0,4.260652,0.2506266,0,93.48371,1.0025063,0.7518797,0
2022-07-15 15:32:32,0,0,5.5,0.25,0,92.5,1.25,0,0
2022-07-15 15:32:31,0,0,4.488778,0.4987531,0,93.26683,0.9975062,0.2493766,0
2022-07-15 15:32:30,0,0,5.263158,0.2506266,0,92.73183,1.5037594,0,0
2022-07-15 15:32:29,0,0,4.738155,0,0,93.26683,1.4962594,0.2493766,0
2022-07-15 15:32:28,0,0,4.25,0.25,0,93.75,1,0.25,0
2022-07-15 15:32:27,0,0,5.263158,0,0,93.23308,1.0025063,0.2506266,0
2022-07-15 15:32:26,0,0,4.477612,0.2487562,0,93.28358,1.2437811,0.2487562,0
2022-07-15 15:32:25,0,0,5.223881,0.2487562,0,92.0398,1.99005,0.2487562,0
2022-07-15 15:32:24,0,0,5.025126,0,0,92.46231,1.758794,0,0
2022-07-15 15:32:23,0,0,4.522613,0,0,94.22111,1.0050251,0,0
2022-07-15 15:32:22,0,0,4.987531,0.2493766,0,92.5187,1.745636,0.2493766,0
2022-07-15 15:32:21,0,0,5.276382,0.5025126,0,91.70854,1.0050251,0.2512563,0
2022-07-15 15:32:20,0,0,4.25,0.25,0,93.25,2,0,0
2022-07-15 15:32:19,0,0,4.950495,0.2475248,0,92.57426,1.732673,0.2475248,0
2022-07-15 15:32:18,0,0,4.75,0.25,0,92.75,1.75,0,0
2022-07-15 15:32:17,0,0,4.785894,0,0,93.95466,0.7556675,0,0
2022-07-15 15:32:16,0,0,4.75,0.5,0,92.5,1.5,0.5,0
2022-07-15 15:32:15,0,0,5.25,0.5,0,92,1.25,0.25,0
2022-07-15 15:32:14,0,0,4.260652,0,0,93.48371,1.5037594,0.2506266,0
2022-07-15 15:32:13,0,0,5.707196,0.248139,0,90.57072,1.736973,0.248139,1.2406948
2022-07-15 15:32:12,0,0,3.508772,0.2506266,0,93.73434,0.7518797,0.2506266,1.0025063
2022-07-15 15:32:11,0,0,5,0.25,0,92.75,1.25,0.25,0
2022-07-15 15:32:10,0,0,4.5,0.25,0,94,1,0.25,0
2022-07-15 15:32:09,0,0,5.778894,0,0,91.20603,2.01005,0,0
2022-07-15 15:32:08,0,0,3.508772,0,0,94.23559,1.2531328,0,0.2506266
2022-07-15 15:32:07,0,0,5.276382,0.2512563,0,92.71357,1.2562814,0.2512563,0
2022-07-15 15:32:06,0,0,4.773869,0.2512563,0,92.96482,1.2562814,0.2512563,0.2512563
2022-07-15 15:32:05,0,0,5.236908,0.2493766,0,92.01995,1.745636,0.2493766,0
2022-07-15 15:32:04,0,0,5.735661,0,0,92.01995,1.745636,0.2493766,0
2022-07-15 15:32:03,0,0,4.511278,0,0,93.73434,1.2531328,0.2506266,0
2022-07-15 15:32:02,0,0,4.987531,0.2493766,0,93.01746,1.4962594,0,0
2022-07-15 15:32:01,0,0,4.773869,0.2512563,0,92.71357,1.5075377,0.2512563,0
2022-07-15 15:32:00,0,0,4.975124,0.4975124,0,92.28856,1.741294,0,0
2022-07-15 15:31:59,0,0,4.5,0,0,93.5,1.5,0.25,0
2022-07-15 15:31:58,0,0,5.263158,0.2506266,0,92.4812,1.5037594,0.2506266,0
2022-07-15 15:31:57,0,0,4.488778,0.4987531,0,92.5187,1.745636,0.2493766,0
2022-07-15 15:31:56,0,0,4.726368,0,0,93.28358,1.4925373,0.2487562,0
2022-07-15 15:31:55,0,0,4.761905,0.2506266,0,92.73183,1.5037594,0.2506266,0
2022-07-15 15:31:54,0,0,5.012531,0,0,92.23058,1.754386,0.2506266,0
2022-07-15 15:31:53,0,0,4.228856,0.4975124,0,93.78109,1.2437811,0,0
2022-07-15 15:31:52,0,0,5.025126,0,0,93.21608,1.5075377,0.2512563,0
2022-07-15 15:31:51,0,0,4.488778,0.4987531,0,93.01746,1.4962594,0,0.2493766
2022-07-15 15:31:50,0,0,5,0.5,0,93,1,0.25,0
2022-07-15 15:31:49,0,0,4.75,0.25,0,93.5,1,0.25,0
2022-07-15 15:31:48,0,0,4.761905,0.2506266,0,91.4787,1.5037594,0.2506266,0.7518797
2022-07-15 15:31:47,0,0,4.75,0,0,92.5,2,0.25,0
2022-07-15 15:31:46,0,0,4.75,0.5,0,91,1.75,0,0
2022-07-15 15:31:45,0,0,4,0.25,0,93.5,1.5,0.25,0
2022-07-15 15:31:44,0,0,4.785894,0,0,93.19899,1.511335,0.2518892,0
2022-07-15 15:31:43,0,0,4.975124,0.2487562,0,93.53234,0.9950249,0,0
2022-07-15 15:31:42,0,0,4.761905,0,0,91.72932,1.5037594,0.5012531,0.7518797
2022-07-15 15:31:41,0,0,4.218362,0,0,94.04467,1.2406948,0,0
2022-07-15 15:31:40,0,0,5.025126,0.2512563,0,92.71357,1.2562814,0.2512563,0
2022-07-15 15:31:39,0,0,4.75,0.25,0,93.25,1.25,0.25,0
2022-07-15 15:31:38,0,0,4.75,0,0,92.75,2,0.25,0
2022-07-15 15:31:37,0,0,4.761905,0.5012531,0,93.23308,1.0025063,0,0
2022-07-15 15:31:36,0,0,5.012531,0,0,93.23308,1.2531328,0.2506266,0
2022-07-15 15:31:35,0,0,4.75,0.5,0,92.75,1.25,0.25,0
2022-07-15 15:31:34,0,0,5.012531,0.2506266,0,92.98246,1.2531328,0,0
2022-07-15 15:31:33,0,0,4.511278,0,0,93.73434,1.2531328,0.2506266,0
2022-07-15 15:31:32,0,0,5.25,0.25,0,92.75,1.25,0,0
2022-07-15 15:31:31,0,0,4.511278,0.2506266,0,93.73434,1.0025063,0,0.2506266
2022-07-15 15:31:30,0,0,5.459057,0.248139,0,91.81141,1.985112,0.248139,0
2022-07-15 15:31:29,0,0,4.260652,0.5012531,0,92.98246,1.754386,0,0
2022-07-15 15:31:28,0,0,5.764411,0.5012531,0,91.72932,1.5037594,0,0
2022-07-15 15:31:27,0,0,3.75,0.25,0,94,1.75,0,0
2022-07-15 15:31:26,0,0,5.25,0.25,0,92.75,1.25,0.25,0
2022-07-15 15:31:25,0,0,4.488778,0.4987531,0,92.5187,1.745636,0.4987531,0
2022-07-15 15:31:24,0,0,5.236908,0,0,93.26683,0.7481297,0.2493766,0
2022-07-15 15:31:23,0,0,4.282116,0.2518892,0,93.45088,1.511335,0,0
2022-07-15 15:31:22,0,0,5.985037,0.2493766,0,90.52369,1.995012,0.2493766,0
2022-07-15 15:31:21,0,0,3.526448,0.2518892,0,94.71033,1.0075567,0,0
2022-07-15 15:31:20,0,0,5.223881,0.2487562,0,92.53731,1.4925373,0.2487562,0
2022-07-15 15:31:19,0,0,4.25,0.25,0,92.75,1.75,0.25,0
2022-07-15 15:31:18,0,0,4.25,0,0,95,0.75,0,0
2022-07-15 15:31:17,0,0,4.5,0,0,93.75,1.25,0.25,0
2022-07-15 15:31:16,0,0,6.015038,0,0,90.97744,1.754386,0,0.2506266
2022-07-15 15:31:15,0,0,3.517588,0.2512563,0,94.72362,1.0050251,0.2512563,0
2022-07-15 15:31:14,0,0,4.726368,0.2487562,0,93.03483,1.4925373,0,0
2022-07-15 15:31:13,0,0,5.012531,0,0,93.48371,1.0025063,0,0
2022-07-15 15:31:12,0,0,4.773869,0.2512563,0,93.96985,1.0050251,0,0
2022-07-15 15:31:11,0,0,5.25,0.25,0,92.25,1.5,0,0
2022-07-15 15:31:10,0,0,5.037783,0,0,93.95466,0.7556675,0,0
2022-07-15 15:31:09,0,0,4.488778,0,0,93.51621,0.9975062,0.2493766,0
2022-07-15 15:31:08,0,0,5.223881,0.2487562,0,92.28856,1.741294,0,0
2022-07-15 15:31:07,0,0,3.768844,0,0,94.97487,0.7537688,0.2512563,0
2022-07-15 15:31:06,0,0,5.486284,0.2493766,0,92.26933,1.2468828,0.2493766,0
2022-07-15 15:31:05,0,0,4.987531,0,0,93.51621,1.4962594,0,0
2022-07-15 15:31:04,0,0,5.012531,0.2506266,0,92.4812,2.005013,0,0
2022-07-15 15:31:03,0,0,4.975124,0,0,93.28358,0.7462687,0.2487562,0
2022-07-15 15:31:02,0,0,4.761905,0.5012531,0,92.4812,1.754386,0.2506266,0
2022-07-15 15:31:01,0,0,5.223881,0.4975124,0,90.79602,1.4925373,0.2487562,0.2487562
2022-07-15 15:31:00,0,0,4.477612,0,0,93.28358,1.741294,0,0
2022-07-15 15:30:59,0,0,4.511278,0,0,93.48371,1.2531328,0.2506266,0
2022-07-15 15:30:58,0,0,5.263158,0.2506266,0,92.23058,1.754386,0,0
2022-07-15 15:30:57,0,0,4.75,0,0,93.5,1.25,0.25,0.25
2022-07-15 15:30:56,0,0,5.527638,0,0,93.46734,1.0050251,0,0
2022-07-15 15:30:55,0,0,3.722084,0,0,91.067,0.9925558,0.248139,2.977667
2022-07-15 15:30:54,0,0,4.5,0,0,93.25,1.25,0.5,0
2022-07-15 15:30:53,0,0,6.281407,0,0,90.70352,2.01005,0.2512563,0
2022-07-15 15:30:52,0,0,3.491272,0.2493766,0,94.01496,1.2468828,0.4987531,0.2493766
2022-07-15 15:30:51,0,0,4,0.25,0,93.5,1.5,0,0
2022-07-15 15:30:50,0,0,5.025126,0,0,92.46231,1.5075377,0.2512563,0
2022-07-15 15:30:49,0,0,4.785894,0.5037783,0,91.68766,1.763224,0.2518892,0
2022-07-15 15:30:48,0,0,4.75,0,0,93.25,1,0.25,0
2022-07-15 15:30:47,0,0,4.522613,0.2512563,0,93.71859,1.2562814,0,0
2022-07-15 15:30:46,0,0,5.210918,0.248139,0,92.05955,1.985112,0.248139,0
2022-07-15 15:30:45,0,0,4.511278,0,0,93.48371,1.5037594,0,0
2022-07-15 15:30:44,0,0,5.025126,0.2512563,0,91.9598,2.261307,0.2512563,0
2022-07-15 15:30:43,0,0,4.738155,0.2493766,0,92.5187,1.745636,0,0.2493766
2022-07-15 15:30:42,0,0,4.25,0,0,93.75,1.25,0.25,0
2022-07-15 15:30:41,0,0,5.263158,0,0,92.4812,1.754386,0,0.2506266
2022-07-15 15:30:40,0,0,4.260652,0,0,93.48371,1.754386,0,0
2022-07-15 15:30:39,0,0,4.726368,0.2487562,0,92.78607,1.741294,0.2487562,0
2022-07-15 15:30:38,0,0,4.75,0,0,94,0.75,0.25,0
2022-07-15 15:30:37,0,0,4.477612,0,0,93.78109,1.2437811,0.2487562,0
2022-07-15 15:30:36,0,0,4.773869,0.2512563,0,93.71859,1.2562814,0,0
2022-07-15 15:30:35,0,0,5.75,0.25,0,90.75,1.5,0.25,0.75
2022-07-15 15:30:34,0,0,4,0,0,93.75,1.75,0.25,0
2022-07-15 15:30:33,0,0,4.5,0,0,94.25,1,0,0
2022-07-15 15:30:32,0,0,4.477612,0.2487562,0,92.28856,1.741294,0.2487562,0
2022-07-15 15:30:31,0,0,4.785894,0,0,93.19899,1.511335,0,0
2022-07-15 15:30:30,0,0,3.970223,0.248139,0,93.54839,1.4888337,0.248139,0
2022-07-15 15:30:29,0,0,5.276382,0,0,93.71859,0.5025126,0.2512563,0
2022-07-15 15:30:28,0,0,4.239401,0,0,91.77057,2.992519,0.2493766,0
2022-07-15 15:30:27,0,0,4.975124,0.2487562,0,92.78607,1.2437811,0.2487562,0.2487562
2022-07-15 15:30:26,0,0,5.30303,0.2525253,0,92.17172,1.5151515,0,0
2022-07-15 15:30:25,0,0,3.25,0.25,0,95,1,0.25,0
2022-07-15 15:30:24,0,0,4.738155,0.2493766,0,93.01746,1.4962594,0,0
2022-07-15 15:30:23,0,0,5.012531,0,0,93.23308,1.2531328,0,0
2022-07-15 15:30:22,0,0,4.010025,0,0,93.23308,1.5037594,0.2506266,0
2022-07-15 15:30:21,0,0,4.228856,0.2487562,0,93.28358,1.2437811,0.2487562,0.2487562
2022-07-15 15:30:20,0,0,4.511278,0.2506266,0,93.23308,1.5037594,0,0
2022-07-15 15:30:19,0,0,4.75,0,0,93.25,1,0.25,0
2022-07-15 15:30:18,0,0,4.260652,0,0,93.73434,1.754386,0,0
2022-07-15 15:30:17,0,0,4.773869,0.2512563,0,92.71357,1.758794,0,0
2022-07-15 15:30:16,0,0,4.260652,0,0,94.23559,1.2531328,0,0
2022-07-15 15:30:15,0,0,4.455446,0.2475248,0,92.82178,1.4851485,0.4950495,0
2022-07-15 15:30:14,0,0,4.785894,0,0,93.45088,1.0075567,0.2518892,0
2022-07-15 15:30:13,0,0,4.239401,0.2493766,0,94.01496,0.9975062,0.2493766,0
2022-07-15 15:30:12,0,0,4.785894,0,0,93.70277,1.0075567,0,0
2022-07-15 15:30:11,0,0,4.260652,0,0,93.48371,1.2531328,0.2506266,0
2022-07-15 15:30:10,0,0,4.75,0.25,0,92.5,1.75,0.25,0
2022-07-15 15:30:09,0,0,4.75,0.25,0,92.75,1.25,0.25,0
2022-07-15 15:30:08,0,0,4.761905,0,0,93.48371,1.0025063,0,0
2022-07-15 15:30:07,0,0,4.5,0.25,0,93.25,1.25,0.25,0
2022-07-15 15:30:06,0,0,4.020101,0.2512563,0,93.96985,1.5075377,0.2512563,0
2022-07-15 15:30:05,0,0,5.263158,0.2506266,0,92.23058,1.5037594,0.2506266,0
2022-07-15 15:30:04,0,0,4.738155,0.2493766,0,92.76808,1.745636,0,0
2022-07-15 15:30:03,0,0,4.260652,0.2506266,0,92.98246,1.754386,0.5012531,0
2022-07-15 15:30:02,0,0,5.5,0.25,0,91.5,2,0,0
2022-07-15 15:30:01,0,0,3.491272,0,0,94.26434,0.9975062,0.2493766,0.2493766
2022-07-15 15:30:00,0,0,6.75,0.25,0,90.25,1.75,0.25,0
2022-07-15 15:29:59,0,0,3.266332,0.2512563,0,94.72362,1.2562814,0,0
2022-07-15 15:29:58,0,0,3.731343,0,0,94.52736,1.2437811,0.2487562,0
2022-07-15 15:29:57,0,0,4.75,0.5,0,92.5,1.5,0.25,0
2022-07-15 15:29:56,0,0,4.488778,0,0,93.51621,0.7481297,0.2493766,0.2493766
2022-07-15 15:29:55,0,0,4.511278,0,0,93.98496,1.2531328,0,0
2022-07-15 15:29:54,0,0,4.282116,0,0,93.70277,1.2594458,0.2518892,0
2022-07-15 15:29:53,0,0,4.71464,0.248139,0,93.54839,0.9925558,0.248139,0
2022-07-15 15:29:52,0,0,4.761905,0,0,93.98496,0.7518797,0.2506266,0
2022-07-15 15:29:51,0,0,4.25,0,0,94.25,1.25,0,0
2022-07-15 15:29:50,0,0,5.012531,0.2506266,0,92.23058,1.754386,0.2506266,0
2022-07-15 15:29:49,0,0,4.030227,0,0,94.45844,1.2594458,0,0
2022-07-15 15:29:48,0,0,4.975124,0.2487562,0,92.78607,1.4925373,0.2487562,0
2022-07-15 15:29:47,0,0,4.488778,0.2493766,0,93.01746,1.745636,0.2493766,0
2022-07-15 15:29:46,0,0,4.303797,0,0,94.68354,0.5063291,0,0
2022-07-15 15:29:45,0,0,4.987531,0.2493766,0,93.51621,0.9975062,0,0
2022-07-15 15:29:44,0,0,4.260652,0.5012531,0,93.48371,1.2531328,0.2506266,0
2022-07-15 15:29:43,0,0,5,0,0,93.5,1,0.25,0
2022-07-15 15:29:42,0,0,5.236908,0.4987531,0,92.01995,1.2468828,0.2493766,0
2022-07-15 15:29:41,0,0,3.508772,0,0,94.73684,1.2531328,0.2506266,0
2022-07-15 15:29:40,0,0,4.738155,0.2493766,0,93.76559,0.9975062,0,0
2022-07-15 15:29:39,0,0,4.25,0.25,0,93.25,1.75,0,0
2022-07-15 15:29:38,0,0,4.975124,0.2487562,0,92.78607,1.4925373,0.2487562,0
2022-07-15 15:29:37,0,0,4.228856,0,0,93.28358,1.99005,0,0
2022-07-15 15:29:36,0,0,5.012531,0.2506266,0,92.73183,1.2531328,0.5012531,0
2022-07-15 15:29:35,0,0,4.488778,0.4987531,0,92.26933,1.4962594,0.2493766,0.2493766
2022-07-15 15:29:34,0,0,6,0.25,0,90.75,1.75,0,1.25
2022-07-15 15:29:33,0,0,3.225806,0.248139,0,93.54839,1.4888337,0.248139,0.4962779
2022-07-15 15:29:32,0,0,4.010025,0,0,94.98747,0.7518797,0,0
2022-07-15 15:29:31,0,0,4.785894,0,0,92.69521,1.763224,0,0
2022-07-15 15:29:30,0,0,5.236908,0.4987531,0,91.02244,2.244389,0.2493766,0.2493766
2022-07-15 15:29:29,0,0,3.266332,0.2512563,0,93.96985,1.758794,0,0
2022-07-15 15:29:28,0,0,4.962779,0.248139,0,92.55583,1.4888337,0,0.248139
2022-07-15 15:29:27,0,0,4.477612,0.2487562,0,93.03483,1.741294,0.2487562,0
2022-07-15 15:29:26,0,0,4.511278,0,0,93.48371,1.2531328,0.2506266,0
2022-07-15 15:29:25,0,0,4.511278,0,0,93.23308,2.005013,0,0
2022-07-15 15:29:24,0,0,4.455446,0.2475248,0,93.06931,1.4851485,0.2475248,0
2022-07-15 15:29:23,0,0,4.522613,0,0,93.46734,1.758794,0,0
2022-07-15 15:29:22,0,0,5,0.25,0,93.25,0.75,0.5,0
2022-07-15 15:29:21,0,0,4.282116,0,0,93.45088,1.2594458,0,0
2022-07-15 15:29:20,0,0,4.75,0,0,93.75,1.25,0,0
2022-07-15 15:29:19,0,0,4.477612,0.4975124,0,92.78607,1.741294,0,0
2022-07-15 15:29:18,0,0,4.282116,0,0,93.45088,2.015113,0,0
2022-07-15 15:29:17,0,0,5.263158,0.5012531,0,92.73183,1.2531328,0,0
2022-07-15 15:29:16,0,0,4.228856,0.2487562,0,93.53234,1.4925373,0.2487562,0
2022-07-15 15:29:15,0,0,5.25,0.25,0,92.25,1.25,0,0.25
2022-07-15 15:29:14,0,0,4,0.25,0,93.75,1.25,0.25,0
2022-07-15 15:29:13,0,0,4.5,0,0,93,1.75,0,0
2022-07-15 15:29:12,0,0,4.511278,0.2506266,0,93.73434,1.5037594,0,0
2022-07-15 15:29:11,0,0,4.761905,0.2506266,0,92.98246,1.2531328,0,0
2022-07-15 15:29:10,0,0,4.228856,0.4975124,0,92.78607,1.741294,0.2487562,0
2022-07-15 15:29:09,0,0,5.735661,0,0,92.01995,1.4962594,0.2493766,0
2022-07-15 15:29:08,0,0,3.740648,0,0,94.26434,1.2468828,0.2493766,0
2022-07-15 15:29:07,0,0,5.25,0,0,92.25,1,0.5,1
2022-07-15 15:29:06,0,0,3.75,0.25,0,93.25,1.25,0.25,0.25
2022-07-15 15:29:05,0,0,5.459057,0.4962779,0,92.30769,1.2406948,0.248139,0
2022-07-15 15:29:04,0,0,5.025126,0.2512563,0,92.46231,1.758794,0,0
2022-07-15 15:29:03,0,0,4.785894,0.2518892,0,91.43577,1.763224,0.2518892,0.2518892
2022-07-15 15:29:02,0,0,4.197531,0.2469136,0,92.83951,1.975309,0.4938272,0
2022-07-15 15:29:01,0,0,4.522613,0,0,93.46734,1.758794,0,0
2022-07-15 15:29:00,0,0,5.5,0,0,91.5,2,0.25,0
2022-07-15 15:28:59,0,0,4.761905,0,0,93.73434,1.0025063,0.2506266,0
2022-07-15 15:28:58,0,0,4.522613,0.2512563,0,92.96482,2.01005,0,0
2022-07-15 15:28:57,0,0,4.477612,0.2487562,0,92.78607,1.741294,0.2487562,0
2022-07-15 15:28:56,0,0,4.75,0,0,93.25,1.5,0.5,0
2022-07-15 15:28:55,0,0,4.511278,0,0,92.98246,1.5037594,0.5012531,0
2022-07-15 15:28:54,0,0,4.773869,0,0,93.21608,1.758794,0,0
2022-07-15 15:28:53,0,0,4.488778,0.2493766,0,93.26683,1.4962594,0,0
2022-07-15 15:28:52,0,0,4.477612,0.2487562,0,93.03483,1.2437811,0.2487562,0
2022-07-15 15:28:51,0,0,4.522613,0.2512563,0,93.21608,1.2562814,0.2512563,0
2022-07-15 15:28:50,0,0,4.511278,0,0,92.98246,1.754386,0.2506266,0
2022-07-15 15:28:49,0,0,5.527638,0,0,91.9598,2.261307,0,0
2022-07-15 15:28:48,0,0,3.508772,0.2506266,0,93.48371,2.005013,0,0.2506266
2022-07-15 15:28:47,0,0,4.738155,0,0,93.01746,1.2468828,0.2493766,0
2022-07-15 15:28:46,0,0,4.260652,0.5012531,0,93.73434,1.0025063,0.2506266,0
2022-07-15 15:28:45,0,0,4.75,0.25,0,93.75,0.75,0,0
2022-07-15 15:28:44,0,0,4.522613,0,0,93.96985,1.2562814,0,0
2022-07-15 15:28:43,0,0,4.738155,0.2493766,0,93.76559,0.7481297,0.2493766,0
2022-07-15 15:28:42,0,0,5.025126,0,0,92.96482,1.2562814,0,0
2022-07-15 15:28:41,0,0,4,0.25,0,93.5,1.25,0.25,0
2022-07-15 15:28:40,0,0,5,0,0,92.5,1.75,0,0
2022-07-15 15:28:39,0,0,4,0.25,0,94,1.25,0.25,0
2022-07-15 15:28:38,0,0,4.010025,0.2506266,0,93.73434,1.754386,0,0
2022-07-15 15:28:37,0,0,5.707196,0.4962779,0,89.8263,1.4888337,0.248139,0.248139
2022-07-15 15:28:36,0,0,3.508772,0,0,94.98747,1.0025063,0.2506266,0
2022-07-15 15:28:35,0,0,4.70297,0.2475248,0,92.07921,1.980198,0.2475248,0
2022-07-15 15:28:34,0,0,4.738155,0.2493766,0,92.76808,1.4962594,0,0
2022-07-15 15:28:33,0,0,4.271357,0.2512563,0,94.47236,1.0050251,0,0
2022-07-15 15:28:32,0,0,4.488778,0.7481297,0,91.77057,1.745636,0.2493766,0
2022-07-15 15:28:31,0,0,4.511278,0,0,93.23308,1.5037594,0.2506266,0
2022-07-15 15:28:30,0,0,4.511278,0,0,93.98496,0.7518797,0,0
2022-07-15 15:28:29,0,0,4.761905,0.2506266,0,93.23308,1.0025063,0.2506266,0
2022-07-15 15:28:28,0,0,4.5,0,0,94,1.25,0,0
2022-07-15 15:28:27,0,0,4.738155,0.2493766,0,92.76808,1.2468828,0.4987531,0
2022-07-15 15:28:26,0,0,4.466501,0.4962779,0,93.54839,1.2406948,0,0
2022-07-15 15:28:25,0,0,4.545455,0,0,93.93939,1.2626263,0,0
2022-07-15 15:28:24,0,0,4.75,0.5,0,93,1,0.25,0
2022-07-15 15:28:23,0,0,4.239401,0,0,94.51372,0.9975062,0.2493766,0
2022-07-15 15:28:22,0,0,5.721393,0.2487562,0,90.29851,2.736318,0,0.2487562
2022-07-15 15:28:21,0,0,3.778338,0,0,93.95466,1.2594458,0.2518892,0
2022-07-15 15:28:20,0,0,4.260652,0.2506266,0,93.48371,1.2531328,0,0
2022-07-15 15:28:19,0,0,4.761905,0,0,93.23308,1.2531328,0.2506266,0
2022-07-15 15:28:18,0,0,4.5,0.25,0,93.5,1,0.5,0
2022-07-15 15:28:17,0,0,4.761905,0.2506266,0,92.98246,1.754386,0,0
2022-07-15 15:28:16,0,0,5.486284,0,0,91.77057,1.4962594,0.2493766,0.2493766
2022-07-15 15:28:15,0,0,3.491272,0.4987531,0,94.26434,0.9975062,0.2493766,0
2022-07-15 15:28:14,0,0,4.75,0,0,93.75,1.25,0,0
2022-07-15 15:28:13,0,0,4.738155,0.2493766,0,93.51621,0.9975062,0.2493766,0
2022-07-15 15:28:12,0,0,4.260652,0,0,93.98496,1.2531328,0,0
2022-07-15 15:28:11,0,0,4.785894,0,0,92.19144,1.763224,0.2518892,0
2022-07-15 15:28:10,0,0,4.239401,0.2493766,0,90.77307,1.4962594,0.2493766,2.244389
2022-07-15 15:28:09,0,0,4.228856,0.2487562,0,93.53234,1.2437811,0.2487562,0
2022-07-15 15:28:08,0,0,4.260652,0.5012531,0,92.98246,2.005013,0,0
2022-07-15 15:28:07,0,0,4.75,0.5,0,92.5,1.75,0.25,0
2022-07-15 15:28:06,0,0,4.738155,0,0,93.26683,1.2468828,0.2493766,0
2022-07-15 15:28:05,0,0,5.037783,0,0,92.9471,1.0075567,0.2518892,0
2022-07-15 15:28:04,0,0,4.75,0.25,0,93.25,1.75,0,0
2022-07-15 15:28:03,0,0,4.25,0.25,0,93.25,1.5,0.25,0
2022-07-15 15:28:02,0,0,4.761905,0.2506266,0,92.73183,1.5037594,0.2506266,0
2022-07-15 15:28:01,0,0,4.785894,0.2518892,0,92.44332,1.511335,0.2518892,0
2022-07-15 15:28:00,0,0,4.522613,0.2512563,0,92.96482,1.758794,0.2512563,0
2022-07-15 15:27:59,0,0,4.987531,0,0,92.76808,1.745636,0.2493766,0
2022-07-15 15:27:58,0,0,4.271357,0,0,93.21608,1.5075377,0.5025126,0
2022-07-15 15:27:57,0,0,4.987531,0,0,93.76559,0.9975062,0,0
2022-07-15 15:27:56,0,0,4.761905,0.2506266,0,92.73183,1.2531328,0.5012531,0
2022-07-15 15:27:55,0,0,3.9801,0,0,91.54229,1.4925373,0.2487562,1.99005
2022-07-15 15:27:54,0,0,4.010025,0,0,93.98496,1.754386,0,0
2022-07-15 15:27:53,0,0,4.75,0,0,92.5,2,0.25,0
2022-07-15 15:27:52,0,0,4.488778,0.4987531,0,92.76808,1.995012,0,0
2022-07-15 15:27:51,0,0,4.75,0.25,0,93,1.25,0.5,0
2022-07-15 15:27:50,0,0,4.282116,0,0,93.70277,1.0075567,0,0
2022-07-15 15:27:49,0,0,4.975124,0.4975124,0,90.29851,1.741294,0.4975124,1.2437811
2022-07-15 15:27:48,0,0,4.260652,0,0,93.23308,1.5037594,0,0
2022-07-15 15:27:47,0,0,5.263158,0.2506266,0,92.23058,1.754386,0.2506266,0
2022-07-15 15:27:46,0,0,4,0.25,0,93,0.75,0,1
2022-07-15 15:27:45,0,0,4.726368,0.2487562,0,93.53234,0.9950249,0.2487562,0
2022-07-15 15:27:44,0,0,5.25,0.5,0,90.5,1.5,0.25,0.75
2022-07-15 15:27:43,0,0,3.508772,0,0,95.2381,0.7518797,0,0
2022-07-15 15:27:42,0,0,4.5,0,0,93.5,1.75,0,0
2022-07-15 15:27:41,0,0,4.228856,0.4975124,0,93.03483,0.9950249,0.4975124,0
2022-07-15 15:27:40,0,0,4.987531,0,0,92.76808,1.2468828,0.2493766,0
2022-07-15 15:27:39,0,0,4.271357,0.2512563,0,94.22111,1.0050251,0,0
2022-07-15 15:27:38,0,0,4.511278,0,0,93.73434,1.2531328,0.2506266,0
2022-07-15 15:27:37,0,0,4.477612,0.2487562,0,93.03483,1.4925373,0.2487562,0
2022-07-15 15:27:36,0,0,4.511278,0,0,93.98496,1.5037594,0,0
2022-07-15 15:27:35,0,0,4.738155,0.2493766,0,93.51621,0.9975062,0.2493766,0
2022-07-15 15:27:34,0,0,4.5,0,0,94,1,0,0
2022-07-15 15:27:33,0,0,4.488778,0.2493766,0,93.01746,1.4962594,0.2493766,0
2022-07-15 15:27:32,0,0,4.545455,0,0,94.44444,0.7575758,0.2525253,0
2022-07-15 15:27:31,0,0,4.5,0.25,0,92.75,1.75,0,0
2022-07-15 15:27:30,0,0,4.738155,0.2493766,0,92.5187,1.745636,0.2493766,0
2022-07-15 15:27:29,0,0,4.75,0,0,92.25,1.75,0.5,0
2022-07-15 15:27:28,0,0,4.25,0.25,0,93.75,1.25,0.25,0
2022-07-15 15:27:27,0,0,4.488778,0.2493766,0,93.26683,1.745636,0,0
2022-07-15 15:27:26,0,0,4.25,0,0,94,1.25,0.25,0
2022-07-15 15:27:25,0,0,4.71464,0.7444169,0,91.067,1.736973,0.4962779,0.248139
2022-07-15 15:27:24,0,0,4.25,0.25,0,93.75,1,0.25,0
2022-07-15 15:27:23,0,0,5.75,0,0,92.25,1.5,0,0
2022-07-15 15:27:22,0,0,3.759398,0.5012531,0,93.98496,1.0025063,0,0
2022-07-15 15:27:21,0,0,4.5,0.25,0,93,1.25,0.5,0
2022-07-15 15:27:20,0,0,5.025126,0,0,92.71357,1.758794,0,0
2022-07-15 15:27:19,0,0,3.491272,0.2493766,0,93.76559,1.745636,0.2493766,0
2022-07-15 15:27:18,0,0,5.012531,0.2506266,0,92.4812,1.754386,0.2506266,0
2022-07-15 15:27:17,0,0,4.987531,0,0,92.01995,1.745636,0,0.2493766
2022-07-15 15:27:16,0,0,3.731343,0,0,94.52736,0.9950249,0.4975124,0
2022-07-15 15:27:15,0,0,4.773869,0.2512563,0,92.96482,1.758794,0,0
2022-07-15 15:27:14,0,0,4.25,0.25,0,93.75,0.75,0.5,0
2022-07-15 15:27:13,0,0,4.534005,0.2518892,0,92.44332,2.267003,0,0
2022-07-15 15:27:12,0,0,4.5,0,0,93,1.75,0.5,0
2022-07-15 15:27:11,0,0,5,0.25,0,92.75,1.5,0,0
2022-07-15 15:27:10,0,0,4.5,0.25,0,93.25,1.25,0.25,0
2022-07-15 15:27:09,0,0,4.511278,0.5012531,0,93.23308,1.2531328,0.2506266,0
2022-07-15 15:27:08,0,0,4.773869,0,0,92.96482,1.758794,0,0
2022-07-15 15:27:07,0,0,4.260652,0,0,94.73684,0.5012531,0.2506266,0
2022-07-15 15:27:06,0,0,4.773869,0,0,92.96482,1.5075377,0.2512563,0
2022-07-15 15:27:05,0,0,4.738155,0,0,93.26683,1.2468828,0.2493766,0
2022-07-15 15:27:04,0,0,4.71464,0.248139,0,93.05211,0.9925558,0.248139,0
2022-07-15 15:27:03,0,0,4.511278,0.5012531,0,92.73183,2.005013,0,0
2022-07-15 15:27:02,0,0,4.987531,0,0,92.26933,1.745636,0.2493766,0
2022-07-15 15:27:01,0,0,4.25,0,0,93.75,1.5,0,0
2022-07-15 15:27:00,0,0,4.488778,0.2493766,0,93.51621,0.9975062,0.2493766,0
2022-07-15 15:26:59,0,0,5.012531,0,0,93.48371,1.2531328,0,0
2022-07-15 15:26:58,0,0,4.239401,0.2493766,0,93.76559,1.2468828,0,0.2493766
2022-07-15 15:26:57,0,0,4.738155,0.2493766,0,93.26683,0.9975062,0.2493766,0
2022-07-15 15:26:56,0,0,5.263158,0,0,91.97995,1.2531328,0.2506266,0.7518797
2022-07-15 15:26:55,0,0,3.731343,0.2487562,0,94.52736,0.9950249,0,0.2487562
2022-07-15 15:26:54,0,0,4.738155,0,0,93.01746,1.4962594,0.2493766,0
2022-07-15 15:26:53,0,0,4.239401,0.4987531,0,93.26683,0.9975062,0,0
2022-07-15 15:26:52,0,0,4.5,0.25,0,92.5,2,0.25,0
2022-07-15 15:26:51,0,0,5.037783,0.5037783,0,92.69521,1.2594458,0.2518892,0
2022-07-15 15:26:50,0,0,3.75,0,0,94,1.5,0.25,0
2022-07-15 15:26:49,0,0,5.025126,0,0,92.71357,1.758794,0.2512563,0
2022-07-15 15:26:48,0,0,4.228856,0.2487562,0,92.28856,2.487562,0,0
2022-07-15 15:26:47,0,0,4.987531,0.2493766,0,93.76559,0.4987531,0.2493766,0
2022-07-15 15:26:46,0,0,4.292929,0.5050505,0,92.92929,1.2626263,0.2525253,0
2022-07-15 15:26:45,0,0,4.761905,0.5012531,0,93.23308,1.0025063,0.2506266,0
2022-07-15 15:26:44,0,0,4.738155,0.2493766,0,93.26683,1.2468828,0.2493766,0
2022-07-15 15:26:43,0,0,4.271357,0,0,93.71859,1.5075377,0,0
2022-07-15 15:26:42,0,0,5,0,0,92.75,1.75,0.25,0
2022-07-15 15:26:41,0,0,4.292929,0,0,94.44444,1.010101,0,0
2022-07-15 15:26:40,0,0,4.75,0.25,0,92.5,1.25,0.25,0
2022-07-15 15:26:39,0,0,4.71464,0,0,92.80397,1.985112,0.248139,0
2022-07-15 15:26:38,0,0,4.271357,0,0,93.71859,1.2562814,0.2512563,0
2022-07-15 15:26:37,0,0,4.79798,0,0,93.93939,1.010101,0.2525253,0
2022-07-15 15:26:36,0,0,5.210918,0.4962779,0,91.56328,1.2406948,0.248139,0.4962779
2022-07-15 15:26:35,0,0,3.266332,0,0,95.72864,0.7537688,0,0
2022-07-15 15:26:34,0,0,5.210918,0.4962779,0,91.56328,1.985112,0.248139,0
2022-07-15 15:26:33,0,0,4.260652,0,0,94.23559,1.2531328,0,0
2022-07-15 15:26:32,0,0,5.012531,0.2506266,0,93.23308,0.7518797,0.2506266,0
2022-07-15 15:26:31,0,0,4.488778,0.4987531,0,91.27182,2.743142,0.2493766,0
2022-07-15 15:26:30,0,0,4.761905,0.2506266,0,92.73183,1.5037594,0.2506266,0
2022-07-15 15:26:29,0,0,4.488778,0,0,93.01746,1.4962594,0.2493766,0
2022-07-15 15:26:28,0,0,4.271357,0,0,93.71859,1.2562814,0.2512563,0
2022-07-15 15:26:27,0,0,5.263158,0.2506266,0,92.23058,1.2531328,0,0
2022-07-15 15:26:26,0,0,3.740648,0,0,95.51122,0.4987531,0.2493766,0
2022-07-15 15:26:25,0,0,4.726368,0.2487562,0,92.78607,1.2437811,0,0.2487562
2022-07-15 15:26:24,0,0,5.25,0,0,92.5,1.5,0.25,0
2022-07-15 15:26:23,0,0,3.526448,0.2518892,0,94.20655,1.0075567,0.2518892,0
2022-07-15 15:26:22,0,0,5,0.5,0,92.5,1.5,0.25,0
2022-07-15 15:26:21,0,0,4.75,0,0,93,1.5,0.25,0
2022-07-15 15:26:20,0,0,4.477612,0.2487562,0,92.78607,1.99005,0.2487562,0
2022-07-15 15:26:19,0,0,5.012531,0,0,93.23308,1.5037594,0,0
2022-07-15 15:26:18,0,0,4.738155,0.2493766,0,92.76808,1.4962594,0.2493766,0
2022-07-15 15:26:17,0,0,5.012531,0,0,93.23308,1.5037594,0.2506266,0
2022-07-15 15:26:16,0,0,4.738155,0.2493766,0,93.26683,1.2468828,0,0
2022-07-15 15:26:15,0,0,4.511278,0.5012531,0,92.4812,1.754386,0.2506266,0
2022-07-15 15:26:14,0,0,5.25,0.25,0,92.75,1.25,0.25,0
2022-07-15 15:26:13,0,0,4.511278,0.2506266,0,93.23308,1.5037594,0.2506266,0
2022-07-15 15:26:12,0,0,4.975124,0.2487562,0,92.0398,1.99005,0.2487562,0
2022-07-15 15:26:11,0,0,4.761905,0,0,93.73434,1.0025063,0.2506266,0
2022-07-15 15:26:10,0,0,4.773869,0.5025126,0,92.46231,2.01005,0,0
2022-07-15 15:26:09,0,0,4.987531,0.2493766,0,92.01995,1.745636,0.2493766,0
2022-07-15 15:26:08,0,0,4.488778,0.2493766,0,94.76309,0.2493766,0,0
2022-07-15 15:26:07,0,0,4.773869,0.2512563,0,92.96482,1.2562814,0.2512563,0
2022-07-15 15:26:06,0,0,4.488778,0.2493766,0,93.26683,1.2468828,0.4987531,0
2022-07-15 15:26:05,0,0,5.75,0,0,92.5,1.25,0.25,0
2022-07-15 15:26:04,0,0,4.726368,0.2487562,0,93.28358,1.2437811,0.2487562,0
2022-07-15 15:26:03,0,0,5.5,0,0,91.25,2.25,0,0.75
2022-07-15 15:26:02,0,0,3.5,0.5,0,92.75,1.5,0.25,0.75
2022-07-15 15:26:01,0,0,4.511278,0.2506266,0,93.73434,1.2531328,0,0
2022-07-15 15:26:00,0,0,5.025126,0.5025126,0,90.70352,1.2562814,0.2512563,0.2512563
2022-07-15 15:25:59,0,0,4.239401,0.2493766,0,93.51621,1.2468828,0.2493766,0
2022-07-15 15:25:58,0,0,4.761905,0,0,93.73434,1.2531328,0,0
2022-07-15 15:25:57,0,0,5.263158,0.2506266,0,92.23058,1.5037594,0,0.2506266
2022-07-15 15:25:56,0,0,3.712871,0.4950495,0,93.81188,1.4851485,0.2475248,0
2022-07-15 15:25:55,0,0,6.516291,0,0,91.72932,1.0025063,0.2506266,0
2022-07-15 15:25:54,0,0,4.282116,0,0,93.19899,1.511335,0.2518892,0
2022-07-15 15:25:53,0,0,5.210918,0.248139,0,92.55583,1.2406948,0.4962779,0
2022-07-15 15:25:52,0,0,4.773869,0,0,94.22111,0.7537688,0,0
2022-07-15 15:25:51,0,0,4.761905,0.2506266,0,92.73183,1.2531328,0.5012531,0
2022-07-15 15:25:50,0,0,4.75,0,0,93,1.75,0.25,0
2022-07-15 15:25:49,0,0,4.785894,0.2518892,0,92.19144,2.015113,0.2518892,0
2022-07-15 15:25:48,0,0,4.726368,0.2487562,0,93.03483,1.4925373,0.2487562,0
2022-07-15 15:25:47,0,0,4.987531,0,0,93.26683,0.9975062,0.2493766,0
2022-07-15 15:25:46,0,0,4.773869,0.2512563,0,92.46231,1.758794,0.2512563,0
2022-07-15 15:25:45,0,0,4.75,0.5,0,92.5,2,0,0
2022-07-15 15:25:44,0,0,4.761905,0,0,93.48371,1.2531328,0.2506266,0
2022-07-15 15:25:43,0,0,5.735661,0.2493766,0,91.5212,1.995012,0,0
2022-07-15 15:25:42,0,0,3.990025,0,0,94.51372,0.7481297,0.2493766,0
2022-07-15 15:25:41,0,0,5.037783,0,0,92.9471,1.2594458,0,0
2022-07-15 15:25:40,0,0,4.5,0.25,0,93.5,1,0.25,0
2022-07-15 15:25:39,0,0,5,0,0,93,1.5,0.25,0
2022-07-15 15:25:38,0,0,4.260652,0.2506266,0,93.73434,1.2531328,0.2506266,0
2022-07-15 15:25:37,0,0,5.236908,0,0,93.51621,0.9975062,0,0
2022-07-15 15:25:36,0,0,5.012531,0.2506266,0,91.22807,2.255639,0,0.2506266
2022-07-15 15:25:35,0,0,4.25,0,0,94.25,1,0.25,0
2022-07-15 15:25:34,0,0,5.25,0.25,0,91.25,1.75,0,1
2022-07-15 15:25:33,0,0,4.239401,0.2493766,0,93.01746,1.4962594,0.2493766,0.2493766
2022-07-15 15:25:32,0,0,4.010025,0,0,93.23308,2.005013,0.5012531,0
2022-07-15 15:25:31,0,0,6.030151,0.2512563,0,89.44724,2.01005,0.2512563,0.5025126
2022-07-15 15:25:30,0,0,3.5,0,0,95,1,0.25,0
2022-07-15 15:25:29,0,0,5.25,0,0,92.5,1.75,0,0
2022-07-15 15:25:28,0,0,4.5,0.25,0,92.75,1.25,0.25,0
2022-07-15 15:25:27,0,0,4.962779,0,0,92.30769,2.233251,0.248139,0
2022-07-15 15:25:26,0,0,4.75,0.5,0,93,1.5,0.25,0
2022-07-15 15:25:25,0,0,5.012531,0.5012531,0,92.98246,1.0025063,0,0
2022-07-15 15:25:24,0,0,4.738155,0.2493766,0,92.26933,1.745636,0.4987531,0
2022-07-15 15:25:23,0,0,5.025126,0,0,93.96985,0.7537688,0,0
2022-07-15 15:25:22,0,0,4.477612,0.4975124,0,92.53731,1.99005,0.2487562,0
2022-07-15 15:25:21,0,0,5.050505,0,0,92.42424,2.020202,0.2525253,0
2022-07-15 15:25:20,0,0,4.738155,0.2493766,0,93.76559,0.7481297,0.2493766,0
2022-07-15 15:25:19,0,0,4.75,0.25,0,93,1.75,0,0
2022-07-15 15:25:18,0,0,4.761905,0,0,93.48371,1.2531328,0.2506266,0
2022-07-15 15:25:17,0,0,5,0.5,0,93,1.25,0,0
2022-07-15 15:25:16,0,0,4.773869,0,0,91.20603,1.5075377,0.2512563,1.758794
2022-07-15 15:25:15,0,0,4.477612,0.2487562,0,92.53731,1.4925373,0,0
2022-07-15 15:25:14,0,0,4.25,0.25,0,93.25,1.25,0.25,0
2022-07-15 15:25:13,0,0,5.25,0.25,0,92.5,1.5,0.25,0
2022-07-15 15:25:12,0,0,4.545455,0,0,93.43434,1.5151515,0.2525253,0
2022-07-15 15:25:11,0,0,4.75,0.75,0,92.25,1.5,0,0
2022-07-15 15:25:10,0,0,4.75,0.25,0,93,1.25,0.25,0
2022-07-15 15:25:09,0,0,5,0.25,0,90.25,2.5,0.25,1.25
2022-07-15 15:25:08,0,0,4.5,0.25,0,94,0.75,0,0
2022-07-15 15:25:07,0,0,4.75,0,0,93.25,1,0.25,0
2022-07-15 15:25:06,0,0,4.488778,0,0,93.51621,1.2468828,0.4987531,0
2022-07-15 15:25:05,0,0,4.962779,0.248139,0,92.55583,1.4888337,0.248139,0
2022-07-15 15:25:04,0,0,5.236908,0.4987531,0,89.77556,1.4962594,0.2493766,0.4987531
2022-07-15 15:25:03,0,0,4.25,0.25,0,93.5,1.75,0,0
2022-07-15 15:25:02,0,0,4.488778,0,0,93.01746,1.4962594,0.4987531,0
2022-07-15 15:25:01,0,0,5.025126,0,0,92.96482,1.5075377,0,0
2022-07-15 15:25:00,0,0,4.511278,0.5012531,0,92.73183,2.005013,0,0
2022-07-15 15:24:59,0,0,4.75,0,0,92.25,1.75,0.25,0.25
2022-07-15 15:24:58,0,0,4.773869,0.2512563,0,92.21106,2.01005,0.5025126,0
2022-07-15 15:24:57,0,0,5.025126,0,0,93.21608,1.5075377,0,0
2022-07-15 15:24:56,0,0,4.738155,0.2493766,0,92.76808,1.4962594,0.2493766,0
2022-07-15 15:24:55,0,0,4.75,0.25,0,92.75,1.75,0.25,0
2022-07-15 15:24:54,0,0,4.738155,0.2493766,0,92.76808,1.4962594,0,0
2022-07-15 15:24:53,0,0,4.785894,0.2518892,0,93.19899,1.2594458,0.2518892,0
2022-07-15 15:24:52,0,0,5.012531,0,0,92.73183,2.005013,0,0
2022-07-15 15:24:51,0,0,4.75,0.25,0,91.75,2.5,0,0
2022-07-15 15:24:50,0,0,5,0.25,0,92.75,1.75,0,0
2022-07-15 15:24:49,0,0,4.726368,0.7462687,0,91.29353,1.99005,0.4975124,0
2022-07-15 15:24:48,0,0,4.239401,0.2493766,0,93.51621,0.9975062,0,0.2493766
2022-07-15 15:24:47,0,0,5.289673,0,0,92.69521,1.511335,0,0
2022-07-15 15:24:46,0,0,4.477612,0.4975124,0,92.28856,1.4925373,0.2487562,0
2022-07-15 15:24:45,0,0,5.037783,0.2518892,0,93.19899,1.2594458,0.2518892,0
2022-07-15 15:24:44,0,0,4.75,0.25,0,93,1.75,0,0
2022-07-15 15:24:43,0,0,5.735661,0.2493766,0,91.02244,1.995012,0.2493766,0
2022-07-15 15:24:42,0,0,3.508772,0.5012531,0,93.23308,1.2531328,0.2506266,0
2022-07-15 15:24:41,0,0,4,0.25,0,94.25,1,0,0
2022-07-15 15:24:40,0,0,5.025126,0.2512563,0,92.96482,1.2562814,0,0
2022-07-15 15:24:39,0,0,3.990025,0.2493766,0,94.01496,1.2468828,0.2493766,0
2022-07-15 15:24:38,0,0,5.541562,0,0,92.9471,1.2594458,0,0
2022-07-15 15:24:37,0,0,4.522613,0.7537688,0,91.70854,1.5075377,0,0.2512563
2022-07-15 15:24:36,0,0,4.239401,0,0,93.51621,1.4962594,0.2493766,0
2022-07-15 15:24:35,0,0,5,0.25,0,93.25,0.75,0.5,0
2022-07-15 15:24:34,0,0,4.761905,0,0,92.98246,1.754386,0,0
2022-07-15 15:24:33,0,0,4.75,0,0,93.5,1.25,0.25,0
2022-07-15 15:24:32,0,0,4.477612,0,0,93.28358,1.2437811,0.2487562,0
2022-07-15 15:24:31,0,0,5.037783,0,0,92.44332,1.763224,0.2518892,0
2022-07-15 15:24:30,0,0,4.761905,0.2506266,0,93.48371,1.2531328,0,0
2022-07-15 15:24:29,0,0,4.726368,0,0,93.03483,1.4925373,0.2487562,0
2022-07-15 15:24:28,0,0,5.012531,0.5012531,0,92.23058,2.005013,0,0
2022-07-15 15:24:27,0,0,4.466501,0,0,94.04467,0.7444169,0.248139,0
2022-07-15 15:24:26,0,0,4.75,0.25,0,93.25,1.25,0.25,0
2022-07-15 15:24:25,0,0,4.773869,0.2512563,0,92.71357,1.758794,0,0
2022-07-15 15:24:24,0,0,4.738155,0.2493766,0,92.76808,1.2468828,0.2493766,0
2022-07-15 15:24:23,0,0,5.721393,0,0,91.04478,2.238806,0,0.2487562
2022-07-15 15:24:22,0,0,3.508772,0.5012531,0,93.23308,1.5037594,0.2506266,0
2022-07-15 15:24:21,0,0,4.75,0.25,0,93.75,0.75,0,0
2022-07-15 15:24:20,0,0,4.726368,0.2487562,0,92.78607,1.741294,0.2487562,0
2022-07-15 15:24:19,0,0,5.012531,0.2506266,0,92.23058,2.005013,0.2506266,0
2022-07-15 15:24:18,0,0,4.75,0,0,93,1.75,0.25,0
2022-07-15 15:24:17,0,0,4.75,0.25,0,93,1.5,0.25,0
2022-07-15 15:24:16,0,0,5.486284,0.2493766,0,90.52369,1.2468828,0.7481297,0.2493766
2022-07-15 15:24:15,0,0,3.759398,0,0,94.73684,1.0025063,0,0
2022-07-15 15:24:14,0,0,5.236908,0,0,92.76808,1.2468828,0.4987531,0
2022-07-15 15:24:13,0,0,3.75,0,0,94.75,0.75,0,0
2022-07-15 15:24:12,0,0,5.012531,0.2506266,0,92.4812,1.754386,0.2506266,0
2022-07-15 15:24:11,0,0,5.236908,0.2493766,0,92.26933,0.7481297,0.2493766,0.2493766
2022-07-15 15:24:10,0,0,4.020101,0.2512563,0,94.22111,1.2562814,0,0
2022-07-15 15:24:09,0,0,4.773869,0,0,93.96985,1.0050251,0,0
2022-07-15 15:24:08,0,0,4.761905,0.2506266,0,92.98246,1.754386,0,0
2022-07-15 15:24:07,0,0,5,0.25,0,93.75,0.75,0,0
2022-07-15 15:24:06,0,0,4.488778,0.2493766,0,92.76808,1.745636,0.2493766,0
2022-07-15 15:24:05,0,0,5.5,0,0,91.75,1.75,0.25,0
2022-07-15 15:24:04,0,0,4.5,0.25,0,94,0.75,0.25,0
2022-07-15 15:24:03,0,0,4.75,0,0,93.5,1,0,0
2022-07-15 15:24:02,0,0,5.276382,0.2512563,0,92.71357,0.7537688,0,0
2022-07-15 15:24:01,0,0,4.271357,0,0,93.96985,1.5075377,0,0
2022-07-15 15:24:00,0,0,5.472637,0.2487562,0,92.0398,1.4925373,0.2487562,0
2022-07-15 15:23:59,0,0,4.25,0.25,0,93.5,1.5,0.25,0
2022-07-15 15:23:58,0,0,5.276382,0.5025126,0,92.96482,1.0050251,0,0
2022-07-15 15:23:57,0,0,4.938272,0,0,92.34568,1.728395,0.2469136,0
2022-07-15 15:23:56,0,0,5.30303,0,0,92.42424,1.767677,0.2525253,0
2022-07-15 15:23:55,0,0,4.239401,0.2493766,0,94.51372,0.7481297,0,0
2022-07-15 15:23:54,0,0,4.75,0.25,0,92.5,1.5,0.25,0.25
2022-07-15 15:23:53,0,0,5,0.25,0,93.25,1.25,0,0
2022-07-15 15:23:52,0,0,4.987531,0,0,92.5187,1.2468828,0.2493766,0.2493766
2022-07-15 15:23:51,0,0,4.271357,0.5025126,0,93.21608,1.758794,0,0
2022-07-15 15:23:50,0,0,5.955335,0.4962779,0,91.56328,1.736973,0,0
2022-07-15 15:23:49,0,0,4.010025,0,0,91.22807,1.5037594,0.2506266,2.005013
2022-07-15 15:23:48,0,0,4.477612,0,0,93.78109,1.4925373,0.2487562,0
2022-07-15 15:23:47,0,0,5.050505,0.2525253,0,90.65657,1.5151515,0,1.5151515
2022-07-15 15:23:46,0,0,4.020101,0,0,94.47236,1.2562814,0.2512563,0
2022-07-15 15:23:45,0,0,4.726368,0.2487562,0,93.03483,1.4925373,0.2487562,0
2022-07-15 15:23:44,0,0,5.236908,0,0,90.27431,1.2468828,0,1.745636
2022-07-15 15:23:43,0,0,3.740648,0.2493766,0,94.26434,1.2468828,0.2493766,0
2022-07-15 15:23:42,0,0,5.263158,0,0,92.4812,1.754386,0.2506266,0
2022-07-15 15:23:41,0,0,4.488778,0,0,92.76808,1.745636,0.2493766,0
2022-07-15 15:23:40,0,0,5.276382,0,0,93.21608,1.2562814,0,0
2022-07-15 15:23:39,0,0,4.5,0.25,0,92.5,1.5,0.5,0
2022-07-15 15:23:38,0,0,4.987531,0.2493766,0,92.5187,1.745636,0,0
2022-07-15 15:23:37,0,0,4.522613,0.2512563,0,93.21608,1.5075377,0.2512563,0
2022-07-15 15:23:36,0,0,4.761905,0,0,93.48371,1.2531328,0,0
2022-07-15 15:23:35,0,0,4.975124,0.2487562,0,93.03483,1.2437811,0.2487562,0
2022-07-15 15:23:34,0,0,4.726368,0,0,94.02985,0.7462687,0.2487562,0
2022-07-15 15:23:33,0,0,4.75,0.25,0,93.25,1.25,0,0.25
2022-07-15 15:23:32,0,0,5.25,0,0,92.75,1.25,0.5,0
2022-07-15 15:23:31,0,0,4.761905,0.2506266,0,92.4812,1.5037594,0,0
2022-07-15 15:23:30,0,0,5,0.25,0,92.75,1.5,0.25,0
2022-07-15 15:23:29,0,0,4.534005,0.2518892,0,91.43577,1.511335,0,0.5037783
2022-07-15 15:23:28,0,0,4.522613,0,0,92.71357,1.5075377,0.2512563,0.2512563
2022-07-15 15:23:27,0,0,5,0,0,93.25,1.25,0.25,0
2022-07-15 15:23:26,0,0,4.975124,0,0,92.78607,1.741294,0.2487562,0
2022-07-15 15:23:25,0,0,4.556962,0.5063291,0,90.37975,3.544304,0.2531646,0
2022-07-15 15:23:24,0,0,5.263158,0.2506266,0,91.97995,2.005013,0.2506266,0
2022-07-15 15:23:23,0,0,4.962779,0.248139,0,92.30769,1.4888337,0.248139,0.248139
2022-07-15 15:23:22,0,0,4.761905,0.2506266,0,92.4812,1.5037594,0.2506266,0.5012531
2022-07-15 15:23:21,0,0,3.508772,0.2506266,0,94.48622,1.2531328,0,0
2022-07-15 15:23:20,0,0,4.534005,0.2518892,0,92.19144,1.763224,0.2518892,0.2518892
2022-07-15 15:23:19,0,0,2.729529,0.4962779,0,95.03722,0.9925558,0.4962779,0
2022-07-15 15:23:18,0,0,2.756892,0,0,94.98747,1.754386,0,0
2022-07-15 15:23:17,0,0,3.007519,0.2506266,0,92.98246,1.5037594,0.2506266,0.2506266
2022-07-15 15:23:16,0,0,1.758794,0,0,95.9799,1.5075377,0.2512563,0
2022-07-15 15:23:15,0,0,1.985112,0.4962779,0,95.03722,1.985112,0.248139,0
2022-07-15 15:23:14,0,0,1.745636,0.2493766,0,95.26185,1.995012,0.4987531,0
2022-07-15 15:23:13,0,0,1.758794,0.5025126,0,95.72864,1.2562814,0.2512563,0
2022-07-15 15:23:12,0,0,1.75,0.5,0,95.5,1.75,0.25,0
2022-07-15 15:23:11,0,0,1.745636,0.2493766,0,95.51122,1.745636,0,0
2022-07-15 15:23:10,0,0,1.754386,0.2506266,0,95.98997,1.754386,0,0
2022-07-15 15:23:09,0,0,1.758794,0.2512563,0,95.22613,2.01005,0.2512563,0
2022-07-15 15:23:08,0,0,1.75,0.25,0,96,1.25,0.25,0
2022-07-15 15:23:07,0,0,1.75,0.25,0,95.5,1.75,0.25,0
2022-07-15 15:23:06,0,0,1.754386,0.2506266,0,95.2381,2.255639,0.2506266,0
2022-07-15 15:23:05,0,0,2.255639,0.2506266,0,95.73935,1.0025063,0.2506266,0
2022-07-15 15:23:04,0,0,1.763224,0,0,95.96977,1.763224,0.2518892,0
2022-07-15 15:23:03,0,0,2.255639,0,0,95.48872,0.7518797,0,0.7518797
2022-07-15 15:23:02,0,0,0.7537688,0.2512563,0,96.73367,1.758794,0.2512563,0
2022-07-15 15:23:01,0,0,0.5012531,0.5012531,0,96.74185,1.754386,0,0
2022-07-15 15:23:00,0,0,0.7481297,0,0,97.25686,1.2468828,0.2493766,0
2022-07-15 15:22:59,0,0,0.7518797,0,0,96.99248,1.2531328,0.2506266,0
2022-07-15 15:22:58,0,0,0.7537688,0.2512563,0,96.73367,1.5075377,0.2512563,0
2022-07-15 15:22:57,0,0,0.9950249,0.2487562,0,96.51741,1.4925373,0,0.2487562
2022-07-15 15:22:56,0,0,0.7462687,0.2487562,0,98.25871,0.2487562,0.2487562,0
2022-07-15 15:22:55,0,0,0.5025126,0,0,97.73869,1.2562814,0.2512563,0
2022-07-15 15:22:54,0,0,1.0025063,0,0,96.99248,1.2531328,0,0
2022-07-15 15:22:53,0,0,0.5025126,0,0,96.98492,1.2562814,0.5025126,0
2022-07-15 15:22:52,0,0,1.0025063,0.2506266,0,96.2406,1.754386,0,0
2022-07-15 15:22:51,0,0,0.5025126,0,0,97.23618,1.758794,0,0
2022-07-15 15:22:50,0,0,1.5037594,0,0,96.99248,1.0025063,0.2506266,0
2022-07-15 15:22:49,0,0,0.5025126,0.2512563,0,97.48744,1.5075377,0.2512563,0
2022-07-15 15:22:48,0,0,0.7518797,0.2506266,0,96.2406,2.005013,0.2506266,0
2022-07-15 15:22:47,0,0,0.7481297,0.2493766,0,97.25686,1.4962594,0,0
2022-07-15 15:22:46,0,0,0.7481297,0,0,97.00748,1.2468828,0.2493766,0
2022-07-15 15:22:45,0,0,0.4975124,0.4975124,0,96.51741,2.238806,0,0
2022-07-15 15:22:44,0,0,0.7556675,0,0,97.98489,0.7556675,0.2518892,0
2022-07-15 15:22:43,0,0,0.7462687,0,0,97.01493,1.4925373,0.2487562,0
2022-07-15 15:22:42,0,0,0.7537688,0.2512563,0,97.73869,1.2562814,0,0
2022-07-15 15:22:41,0,0,0.7444169,0.248139,0,96.77419,1.2406948,0.248139,0
2022-07-15 15:22:40,0,0,0.5050505,0,0,97.72727,1.2626263,0,0
2022-07-15 15:22:39,0,0,0.7462687,0.2487562,0,96.51741,1.4925373,0.4975124,0
2022-07-15 15:22:38,0,0,0.75,0.25,0,96.25,1.75,0,0
2022-07-15 15:22:37,0,0,0.75,0.25,0,97,1,0.25,0
2022-07-15 15:22:36,0,0,0.5012531,0.2506266,0,96.99248,1.5037594,0.2506266,0
2022-07-15 15:22:35,0,0,1.5,0.25,0,95,3,0,0
2022-07-15 15:22:34,0,0,0.4987531,0.2493766,0,96.50873,1.995012,0.2493766,0
2022-07-15 15:22:33,0,0,0.7537688,0.2512563,0,97.23618,1.5075377,0,0
2022-07-15 15:22:32,0,0,0.7575758,0,0,96.9697,2.020202,0.2525253,0
2022-07-15 15:22:31,0,0,0.7481297,0.2493766,0,96.50873,0.9975062,0.2493766,0
2022-07-15 15:22:30,0,0,1.5,0.25,0,96.5,1.25,0.25,0
2022-07-15 15:22:29,0,0,1.754386,0,0,95.98997,1.2531328,0,0
2022-07-15 15:22:28,0,0,2.261307,0.5025126,0,94.97487,1.2562814,0.5025126,0
2022-07-15 15:22:27,0,0,2.736318,0.2487562,0,93.78109,2.487562,0,0
2022-07-15 15:22:26,0,0,2.777778,0.2525253,0,94.44444,0.7575758,0.5050505,0
2022-07-15 15:22:25,0,0,3.75,0,0,94.25,1.75,0,0
2022-07-15 15:22:24,0,0,3.5,0,0,93,2.5,0.5,0
2022-07-15 15:22:23,0,0,3.9801,0.2487562,0,93.03483,1.741294,0.2487562,0
2022-07-15 15:22:22,0,0,3.768844,0,0,93.71859,2.01005,0.2512563,0
2022-07-15 15:22:21,0,0,3.990025,0.2493766,0,93.26683,1.4962594,0.2493766,0
2022-07-15 15:22:20,0,0,3.759398,0.2506266,0,94.23559,1.2531328,0.2506266,0
2022-07-15 15:22:19,0,0,3.491272,0,0,94.51372,1.4962594,0.2493766,0
2022-07-15 15:22:18,0,0,4.271357,0.2512563,0,93.71859,1.758794,0,0
2022-07-15 15:22:17,0,0,3.5,0,0,94.25,1.5,0.25,0
2022-07-15 15:22:16,0,0,4.010025,0.2506266,0,93.73434,1.5037594,0,0
2022-07-15 15:22:15,0,0,4.75,0.25,0,92.75,1.5,0.5,0
2022-07-15 15:22:14,0,0,3.970223,0.248139,0,93.79653,1.4888337,0.248139,0
2022-07-15 15:22:13,0,0,3.778338,0.2518892,0,93.70277,1.763224,0,0
2022-07-15 15:22:12,0,0,3.990025,0.2493766,0,93.26683,1.4962594,0.2493766,0
2022-07-15 15:22:11,0,0,6,0,0,90.5,1.75,0.75,0
2022-07-15 15:22:10,0,0,4.738155,0.2493766,0,93.26683,1.2468828,0.2493766,0
2022-07-15 15:22:09,0,0,5.037783,0.2518892,0,92.69521,1.763224,0,0
2022-07-15 15:22:08,0,0,4.488778,0,0,93.76559,1.2468828,0.2493766,0
2022-07-15 15:22:07,0,0,5,0.25,0,92.5,1.75,0,0
2022-07-15 15:22:06,0,0,4.522613,0,0,93.96985,1.2562814,0,0
2022-07-15 15:22:05,0,0,5.172414,0.2463054,0,90.39409,1.970443,0.2463054,0.9852217
2022-07-15 15:22:04,0,0,4.522613,0,0,93.96985,0.7537688,0.2512563,0
2022-07-15 15:22:03,0,0,5.210918,0.248139,0,92.30769,1.2406948,0.248139,0
2022-07-15 15:22:02,0,0,3.482587,0.2487562,0,94.77612,0.4975124,0.2487562,0.2487562
2022-07-15 15:22:01,0,0,4.545455,0,0,93.43434,1.010101,0.2525253,0
2022-07-15 15:22:00,0,0,4.987531,0.2493766,0,90.02494,2.743142,0.2493766,0
2022-07-15 15:21:59,0,0,3.759398,0,0,94.48622,1.5037594,0,0
2022-07-15 15:21:58,0,0,4.488778,0.4987531,0,92.76808,1.2468828,0.2493766,0
2022-07-15 15:21:57,0,0,4.511278,0,0,93.23308,2.005013,0,0
2022-07-15 15:21:56,0,0,4.522613,0,0,93.96985,1.2562814,0,0
2022-07-15 15:21:55,0,0,4.738155,0.4987531,0,92.26933,1.4962594,0.4987531,0
2022-07-15 15:21:54,0,0,4.25,0.25,0,93.25,1.5,0.25,0
2022-07-15 15:21:53,0,0,4.71464,0.248139,0,92.55583,1.985112,0.248139,0
2022-07-15 15:21:52,0,0,4.25,0,0,93.75,1.75,0.25,0
2022-07-15 15:21:51,0,0,5.025126,0.2512563,0,92.71357,1.2562814,0.2512563,0
2022-07-15 15:21:50,0,0,4.488778,0,0,93.76559,0.9975062,0.2493766,0
2022-07-15 15:21:49,0,0,4.75,0.5,0,92.5,1.5,0,0
2022-07-15 15:21:48,0,0,4.556962,0.2531646,0,93.67089,1.2658228,0,0
2022-07-15 15:21:47,0,0,4.5,0.25,0,93.25,1.25,0.25,0
2022-07-15 15:21:46,0,0,4.987531,0.2493766,0,92.76808,1.2468828,0,0.2493766
2022-07-15 15:21:45,0,0,4.761905,0.5012531,0,91.72932,2.005013,0.2506266,0
2022-07-15 15:21:44,0,0,4.020101,0.2512563,0,94.47236,1.0050251,0,0
2022-07-15 15:21:43,0,0,4.488778,0,0,93.26683,1.4962594,0.2493766,0
2022-07-15 15:21:42,0,0,4.5,0.25,0,93,1.25,0.5,0
2022-07-15 15:21:41,0,0,4.738155,0.4987531,0,92.5187,1.745636,0,0
2022-07-15 15:21:40,0,0,4.761905,0.2506266,0,93.48371,0.7518797,0.2506266,0
2022-07-15 15:21:39,0,0,4.962779,0.4962779,0,90.81886,2.48139,0,0.248139
2022-07-15 15:21:38,0,0,3.482587,0.2487562,0,94.27861,1.4925373,0.2487562,0
2022-07-15 15:21:37,0,0,4.773869,0,0,93.96985,1.0050251,0,0
2022-07-15 15:21:36,0,0,4.962779,0.248139,0,92.30769,1.4888337,0.248139,0
2022-07-15 15:21:35,0,0,4.010025,0.2506266,0,93.73434,1.5037594,0.2506266,0
2022-07-15 15:21:34,0,0,5.263158,0,0,92.98246,1.5037594,0,0
2022-07-15 15:21:33,0,0,4.239401,0.2493766,0,92.01995,1.745636,0.4987531,0.2493766
2022-07-15 15:21:32,0,0,4.271357,0.2512563,0,93.71859,1.2562814,0.2512563,0
2022-07-15 15:21:31,0,0,4.71464,0,0,93.54839,1.2406948,0,0
2022-07-15 15:21:30,0,0,4.522613,0.5025126,0,92.71357,1.5075377,0.2512563,0
2022-07-15 15:21:29,0,0,4.75,0,0,93.75,1,0,0
2022-07-15 15:21:28,0,0,4.25,0,0,93.5,1.5,0.25,0
2022-07-15 15:21:27,0,0,5,0,0,93,1.5,0,0
2022-07-15 15:21:26,0,0,4.738155,0,0,93.51621,1.4962594,0,0
2022-07-15 15:21:25,0,0,4.488778,0.2493766,0,92.76808,1.4962594,0.4987531,0
2022-07-15 15:21:24,0,0,4.773869,0.2512563,0,92.71357,1.758794,0.2512563,0
2022-07-15 15:21:23,0,0,4.466501,0.248139,0,93.05211,1.736973,0,0
2022-07-15 15:21:22,0,0,4.534005,0,0,93.70277,1.0075567,0.2518892,0
2022-07-15 15:21:21,0,0,4.5,0.25,0,91.75,2.25,0.25,0
2022-07-15 15:21:20,0,0,4.239401,0.4987531,0,93.26683,1.2468828,0.2493766,0
2022-07-15 15:21:19,0,0,5.012531,0,0,93.23308,1.5037594,0,0
2022-07-15 15:21:18,0,0,5.25,0.25,0,92.25,1.25,0.25,0.5
2022-07-15 15:21:17,0,0,4,0.25,0,94,1.25,0,0
2022-07-15 15:21:16,0,0,4.75,0.25,0,92.75,1.25,0.25,0
2022-07-15 15:21:15,0,0,4.738155,0.2493766,0,93.51621,1.2468828,0,0
2022-07-15 15:21:14,0,0,4.488778,0,0,93.51621,1.2468828,0.4987531,0
2022-07-15 15:21:13,0,0,4.5,0.25,0,93.75,1,0,0
2022-07-15 15:21:12,0,0,4.488778,0.2493766,0,92.26933,1.4962594,0.2493766,0
2022-07-15 15:21:11,0,0,4.5,0,0,93.5,1.5,0,0
2022-07-15 15:21:10,0,0,4.522613,0.5025126,0,92.71357,2.01005,0,0
2022-07-15 15:21:09,0,0,5,0.25,0,92.75,1.25,0.25,0
2022-07-15 15:21:08,0,0,4.25,0,0,94,1,0.25,0
2022-07-15 15:21:07,0,0,5.263158,0.2506266,0,91.22807,2.255639,0,0
2022-07-15 15:21:06,0,0,3.491272,0,0,94.51372,1.2468828,0.4987531,0
2022-07-15 15:21:05,0,0,4.5,0.5,0,91.75,2.25,0.25,0.25
2022-07-15 15:21:04,0,0,4.5,0,0,93.75,1.25,0.25,0
2022-07-15 15:21:03,0,0,4.75,0,0,92.75,1.75,0.5,0
2022-07-15 15:21:02,0,0,4.556962,0.2531646,0,93.67089,1.2658228,0,0
2022-07-15 15:21:01,0,0,4.5,0.25,0,94.25,0.5,0,0
2022-07-15 15:21:00,0,0,4.726368,0,0,93.78109,1.2437811,0,0
2022-07-15 15:20:59,0,0,4.75,0.25,0,92.75,1.25,0.25,0
2022-07-15 15:20:58,0,0,4.25,0.25,0,94.25,1.25,0,0
2022-07-15 15:20:57,0,0,4.761905,0.5012531,0,92.4812,1.5037594,0.2506266,0
2022-07-15 15:20:56,0,0,4.534005,0,0,93.95466,0.7556675,0.2518892,0
2022-07-15 15:20:55,0,0,4.738155,0,0,93.26683,1.4962594,0.2493766,0
2022-07-15 15:20:54,0,0,4.5,0.25,0,93.5,1.25,0.25,0
2022-07-15 15:20:53,0,0,4.773869,0.2512563,0,92.71357,1.5075377,0.2512563,0
2022-07-15 15:20:52,0,0,5,0.25,0,92.25,1.25,0,0.25
2022-07-15 15:20:51,0,0,3.740648,0.2493766,0,92.76808,2.244389,0.2493766,0
2022-07-15 15:20:50,0,0,4.282116,0,0,93.45088,2.015113,0,0
2022-07-15 15:20:49,0,0,4.70297,0,0,92.57426,1.980198,0.2475248,0
2022-07-15 15:20:48,0,0,4.522613,0.2512563,0,93.96985,1.0050251,0,0
2022-07-15 15:20:47,0,0,4.455446,0.2475248,0,92.82178,1.980198,0.2475248,0
2022-07-15 15:20:46,0,0,5.513784,0,0,93.23308,0.7518797,0,0
2022-07-15 15:20:45,0,0,3.759398,0,0,94.73684,0.7518797,0.2506266,0
2022-07-15 15:20:44,0,0,4.511278,0.5012531,0,93.48371,1.0025063,0,0
2022-07-15 15:20:43,0,0,5.25,0,0,90.75,2,0,1
2022-07-15 15:20:42,0,0,3.5,0.25,0,94.75,1,0.25,0
2022-07-15 15:20:41,0,0,5.276382,0.2512563,0,92.21106,1.758794,0,0
2022-07-15 15:20:40,0,0,4.75,0.25,0,91.75,2,0,0.25
2022-07-15 15:20:39,0,0,4.010025,0.5012531,0,93.73434,1.2531328,0.2506266,0
2022-07-15 15:20:38,0,0,4.75,0.25,0,93,1.75,0,0
2022-07-15 15:20:37,0,0,4.218362,0.248139,0,93.05211,1.985112,0,0
2022-07-15 15:20:36,0,0,4.75,0.25,0,93,1.5,0.25,0
2022-07-15 15:20:35,0,0,4.282116,0.2518892,0,94.45844,0.7556675,0.2518892,0
2022-07-15 15:20:34,0,0,4.738155,0,0,92.5187,1.995012,0.2493766,0
2022-07-15 15:20:33,0,0,4.511278,0,0,93.23308,1.754386,0,0
2022-07-15 15:20:32,0,0,4.761905,0.2506266,0,93.23308,1.5037594,0.2506266,0
2022-07-15 15:20:31,0,0,4.773869,0.2512563,0,92.21106,1.2562814,0,0
2022-07-15 15:20:30,0,0,4.488778,0.4987531,0,91.77057,2.493766,0.2493766,0
2022-07-15 15:20:29,0,0,4.975124,0,0,93.28358,1.4925373,0,0
2022-07-15 15:20:28,0,0,4.282116,0,0,93.70277,1.511335,0.2518892,0
2022-07-15 15:20:27,0,0,4.738155,0,0,93.26683,1.2468828,0.2493766,0
2022-07-15 15:20:26,0,0,4.477612,0.2487562,0,93.28358,1.2437811,0.2487562,0
2022-07-15 15:20:25,0,0,5.5,0.25,0,91,1.75,0.25,0.25
2022-07-15 15:20:24,0,0,3.768844,0,0,94.72362,1.2562814,0,0
2022-07-15 15:20:23,0,0,4.534005,0,0,93.45088,1.511335,0.2518892,0
2022-07-15 15:20:22,0,0,4.987531,0.2493766,0,93.26683,0.9975062,0,0
2022-07-15 15:20:21,0,0,5.063291,0.2531646,0,92.40506,1.5189873,0.5063291,0
2022-07-15 15:20:20,0,0,4.010025,0,0,94.23559,1.5037594,0,0
2022-07-15 15:20:19,0,0,5.223881,0.2487562,0,91.54229,1.2437811,0,1.2437811
2022-07-15 15:20:18,0,0,3.759398,0.2506266,0,94.23559,1.5037594,0,0
2022-07-15 15:20:17,0,0,4.738155,0,0,93.26683,1.4962594,0.2493766,0
2022-07-15 15:20:16,0,0,4.75,0.25,0,92.75,1.5,0.25,0
2022-07-15 15:20:15,0,0,3.759398,0,0,94.23559,1.754386,0,0
2022-07-15 15:20:14,0,0,6.015038,0.2506266,0,89.97494,2.255639,0.2506266,0.5012531
2022-07-15 15:20:13,0,0,3.731343,0,0,94.52736,0.9950249,0.2487562,0
2022-07-15 15:20:12,0,0,4.020101,0,0,94.72362,0.5025126,0.2512563,0
2022-07-15 15:20:11,0,0,4.477612,0.2487562,0,92.78607,1.741294,0.2487562,0
2022-07-15 15:20:10,0,0,4.556962,0,0,93.67089,1.0126582,0,0
2022-07-15 15:20:09,0,0,4.5,0,0,93.5,1.75,0,0
2022-07-15 15:20:08,0,0,4.738155,0.2493766,0,93.51621,0.9975062,0.2493766,0
2022-07-15 15:20:07,0,0,4.511278,0,0,93.98496,1.0025063,0,0
2022-07-15 15:20:06,0,0,4.25,0.25,0,93.75,1.25,0.25,0
2022-07-15 15:20:05,0,0,5.472637,0,0,91.54229,1.741294,0.2487562,0
2022-07-15 15:20:04,0,0,4.5,0.25,0,94,1.25,0,0
2022-07-15 15:20:03,0,0,4.488778,0,0,93.51621,1.4962594,0,0
2022-07-15 15:20:02,0,0,4.726368,0.2487562,0,93.53234,0.7462687,0.4975124,0
2022-07-15 15:20:01,0,0,4.271357,0,0,93.46734,1.758794,0,0
2022-07-15 15:20:00,0,0,5.012531,0.2506266,0,92.23058,1.5037594,0.2506266,0.2506266
2022-07-15 15:19:59,0,0,5.025126,0.2512563,0,92.71357,1.5075377,0.2512563,0
2022-07-15 15:19:58,0,0,4.010025,0.2506266,0,92.98246,1.2531328,0,0.5012531
2022-07-15 15:19:57,0,0,4.239401,0,0,93.76559,1.2468828,0.2493766,0
2022-07-15 15:19:56,0,0,4.75,0.25,0,93.25,1.25,0.25,0
2022-07-15 15:19:55,0,0,4.738155,0.2493766,0,93.01746,1.2468828,0,0
2022-07-15 15:19:54,0,0,4.534005,0,0,92.9471,1.763224,0.2518892,0
2022-07-15 15:19:53,0,0,5,0.25,0,93.25,1.25,0,0
2022-07-15 15:19:52,0,0,3.9801,0.2487562,0,92.0398,0.9950249,0.2487562,0.7462687
2022-07-15 15:19:51,0,0,4.282116,0,0,93.95466,1.2594458,0.2518892,0
2022-07-15 15:19:50,0,0,6.467662,0.4975124,0,90.29851,1.741294,0,0
2022-07-15 15:19:49,0,0,3.482587,0,0,94.27861,1.4925373,0.2487562,0.2487562
2022-07-15 15:19:48,0,0,4.975124,0.2487562,0,92.78607,1.2437811,0.2487562,0
2022-07-15 15:19:47,0,0,4.534005,0.2518892,0,92.69521,1.511335,0.2518892,0
2022-07-15 15:19:46,0,0,3.571429,0.255102,0,94.89796,1.0204082,0,0
2022-07-15 15:19:45,0,0,5.637255,0.245098,0,92.15686,1.4705882,0,0
2022-07-15 15:19:44,0,0,4.5,0.25,0,93.5,1,0.25,0
2022-07-15 15:19:43,0,0,4.726368,0,0,93.53234,1.2437811,0.2487562,0
2022-07-15 15:19:42,0,0,4.292929,0.2525253,0,92.67677,1.767677,0.2525253,0
2022-07-15 15:19:41,0,0,4.79798,0.2525253,0,93.93939,0.7575758,0,0
2022-07-15 15:19:40,0,0,4.488778,0,0,94.01496,0.9975062,0,0
2022-07-15 15:19:39,0,0,4.522613,0,0,93.46734,1.5075377,0,0
2022-07-15 15:19:38,0,0,4.477612,0.2487562,0,93.03483,1.4925373,0.2487562,0.2487562
2022-07-15 15:19:37,0,0,4.761905,0.5012531,0,92.4812,1.754386,0.2506266,0
2022-07-15 15:19:36,0,0,4.5,0.25,0,93.5,1.25,0.25,0
2022-07-15 15:19:35,0,0,4.511278,0,0,93.73434,1.2531328,0.2506266,0
2022-07-15 15:19:34,0,0,4.5,0.25,0,94.25,0.75,0,0
2022-07-15 15:19:33,0,0,4.488778,0.2493766,0,92.5187,1.995012,0.4987531,0
2022-07-15 15:19:32,0,0,5.5,0,0,90.75,1.75,0,0.75
2022-07-15 15:19:31,0,0,3.759398,0,0,94.23559,1.2531328,0.2506266,0
2022-07-15 15:19:30,0,0,4.75,0.5,0,93,1.25,0.25,0
2022-07-15 15:19:29,0,0,4.545455,0,0,93.93939,1.010101,0,0
2022-07-15 15:19:28,0,0,4.488778,0,0,93.26683,1.4962594,0.2493766,0
2022-07-15 15:19:27,0,0,4.773869,0.2512563,0,92.71357,1.758794,0,0
2022-07-15 15:19:26,0,0,4.987531,0,0,92.26933,1.2468828,0.2493766,0.4987531
2022-07-15 15:19:25,0,0,8.25,0.25,0,87,2.75,0,1.5
2022-07-15 15:19:24,0,0,2.005013,0.5012531,0,94.48622,1.5037594,0.2506266,1.2531328
2022-07-15 15:19:23,0,0,4.228856,0,0,92.53731,1.99005,0,0.2487562
2022-07-15 15:19:22,0,0,3.740648,0.2493766,0,94.26434,1.2468828,0.2493766,0
2022-07-15 15:19:21,0,0,5.236908,0,0,91.5212,1.2468828,0.2493766,0.2493766
2022-07-15 15:19:20,0,0,3.5,0.5,0,93.5,2,0,0
2022-07-15 15:19:19,0,0,4.738155,0.2493766,0,93.76559,0.7481297,0.2493766,0
2022-07-15 15:19:18,0,0,4.5,0.25,0,92.75,2.25,0,0
2022-07-15 15:19:17,0,0,4.738155,0.4987531,0,92.76808,1.2468828,0.2493766,0
2022-07-15 15:19:16,0,0,4.511278,0,0,92.23058,2.255639,0.2506266,0
2022-07-15 15:19:15,0,0,4.511278,0.2506266,0,92.73183,2.005013,0.2506266,0
2022-07-15 15:19:14,0,0,4.511278,0.2506266,0,93.48371,1.0025063,0.2506266,0
2022-07-15 15:19:13,0,0,4.738155,0,0,93.26683,1.4962594,0,0
2022-07-15 15:19:12,0,0,4.511278,0.5012531,0,92.98246,1.754386,0,0
2022-07-15 15:19:11,0,0,4.534005,0.5037783,0,92.9471,1.2594458,0.2518892,0
2022-07-15 15:19:10,0,0,4.773869,0,0,93.21608,1.5075377,0,0
2022-07-15 15:19:09,0,0,4.260652,0.2506266,0,93.98496,0.7518797,0.5012531,0
2022-07-15 15:19:08,0,0,5,0,0,93,1.5,0,0
2022-07-15 15:19:07,0,0,4.5,0,0,93.75,1.25,0.25,0
2022-07-15 15:19:06,0,0,5.012531,0.5012531,0,92.4812,1.5037594,0.2506266,0
2022-07-15 15:19:05,0,0,4.511278,0.2506266,0,93.48371,1.0025063,0,0
2022-07-15 15:19:04,0,0,4.207921,0.2475248,0,92.82178,1.732673,0.4950495,0
2022-07-15 15:19:03,0,0,5.063291,0.2531646,0,92.91139,1.2658228,0,0
2022-07-15 15:19:02,0,0,4.477612,0,0,93.28358,1.99005,0,0
2022-07-15 15:19:01,0,0,4.522613,0,0,92.96482,1.2562814,0,0
2022-07-15 15:19:00,0,0,4.975124,0.2487562,0,92.53731,1.4925373,0.4975124,0
2022-07-15 15:18:59,0,0,4.260652,0,0,93.23308,1.754386,0,0
2022-07-15 15:18:58,0,0,4.511278,0.2506266,0,93.48371,1.0025063,0.2506266,0
2022-07-15 15:18:57,0,0,5.263158,0.2506266,0,90.72682,2.756892,0,0
2022-07-15 15:18:56,0,0,3.740648,0.2493766,0,93.76559,1.4962594,0.2493766,0
2022-07-15 15:18:55,0,0,4.260652,0,0,93.48371,1.754386,0,0.2506266
2022-07-15 15:18:54,0,0,5.012531,0.2506266,0,91.4787,2.255639,0,0
2022-07-15 15:18:53,0,0,3.990025,0,0,93.26683,1.995012,0.2493766,0
2022-07-15 15:18:52,0,0,4.5,0.25,0,93.25,1,0.5,0
2022-07-15 15:18:51,0,0,4.773869,0,0,93.21608,1.2562814,0,0
2022-07-15 15:18:50,0,0,4.239401,0.2493766,0,93.76559,1.4962594,0,0
2022-07-15 15:18:49,0,0,4.773869,0,0,93.21608,1.5075377,0,0
2022-07-15 15:18:48,0,0,4.75,0,0,93.75,1,0.25,0
2022-07-15 15:18:47,0,0,4.239401,0.2493766,0,93.76559,0.9975062,0.2493766,0
2022-07-15 15:18:46,0,0,5.263158,0,0,92.98246,1.5037594,0.2506266,0
2022-07-15 15:18:45,0,0,4.260652,0.2506266,0,93.23308,1.5037594,0,0
2022-07-15 15:18:44,0,0,4.773869,0,0,92.96482,2.01005,0,0
2022-07-15 15:18:43,0,0,4.5,0.25,0,93.5,1.5,0,0
2022-07-15 15:18:42,0,0,4.488778,0.4987531,0,93.26683,1.2468828,0,0.2493766
2022-07-15 15:18:41,0,0,4.785894,0,0,93.19899,1.511335,0.2518892,0
2022-07-15 15:18:40,0,0,4.5,0.25,0,92.75,1.75,0.25,0
2022-07-15 15:18:39,0,0,5.223881,0.2487562,0,92.28856,1.4925373,0,0
2022-07-15 15:18:38,0,0,4,0,0,94.5,0.75,0.25,0
2022-07-15 15:18:37,0,0,4.25,0,0,93.5,1.5,0.5,0
2022-07-15 15:18:36,0,0,4.773869,0,0,93.71859,1.2562814,0,0
2022-07-15 15:18:35,0,0,4.5,0.25,0,92.25,2,0.5,0
2022-07-15 15:18:34,0,0,4.761905,0,0,94.23559,0.7518797,0,0
2022-07-15 15:18:33,0,0,4.987531,0.2493766,0,91.77057,1.745636,0.2493766,0
2022-07-15 15:18:32,0,0,3.740648,0.2493766,0,94.01496,1.2468828,0.2493766,0
2022-07-15 15:18:31,0,0,5.037783,0,0,92.9471,1.511335,0.2518892,0
2022-07-15 15:18:30,0,0,4.25,0.5,0,92.5,1.75,0.25,0
2022-07-15 15:18:29,0,0,4.260652,0.2506266,0,93.23308,2.005013,0,0
2022-07-15 15:18:28,0,0,5.5,0.5,0,92,1.5,0.25,0
2022-07-15 15:18:27,0,0,3.75,0.25,0,93.25,1.5,0.25,0.25
2022-07-15 15:18:26,0,0,4.5,0.75,0,92,2,0,0
2022-07-15 15:18:25,0,0,4.726368,0,0,93.53234,1.2437811,0.2487562,0
2022-07-15 15:18:24,0,0,4.522613,0,0,92.96482,2.261307,0,0
2022-07-15 15:18:23,0,0,4.738155,0.2493766,0,92.76808,1.4962594,0.2493766,0
2022-07-15 15:18:22,0,0,4.5,0,0,93.75,1,0.25,0
2022-07-15 15:18:21,0,0,4.511278,0.2506266,0,93.23308,1.5037594,0.2506266,0
2022-07-15 15:18:20,0,0,4.522613,0,0,92.96482,2.01005,0,0
2022-07-15 15:18:19,0,0,4.71464,0.4962779,0,91.56328,2.729529,0.248139,0
2022-07-15 15:18:18,0,0,5,0.25,0,92.75,1.5,0,0
2022-07-15 15:18:17,0,0,4.5,0,0,92.5,2,0.5,0.25
2022-07-15 15:18:16,0,0,5,0.25,0,92.25,1.75,0.25,0
2022-07-15 15:18:15,0,0,4.477612,0.4975124,0,93.53234,1.2437811,0,0
2022-07-15 15:18:14,0,0,4.5,0,0,94.25,1,0,0
2022-07-15 15:18:13,0,0,5.012531,0.2506266,0,92.23058,1.5037594,0.2506266,0
2022-07-15 15:18:12,0,0,4.282116,0,0,93.19899,0.7556675,0.2518892,0
2022-07-15 15:18:11,0,0,4.761905,0.2506266,0,92.98246,1.5037594,0.2506266,0
2022-07-15 15:18:10,0,0,4.5,0,0,93.75,1.5,0,0
2022-07-15 15:18:09,0,0,4.545455,0.2525253,0,92.92929,1.010101,0.5050505,0
2022-07-15 15:18:08,0,0,5.012531,0.2506266,0,92.23058,2.005013,0.2506266,0
2022-07-15 15:18:07,0,0,4.271357,0.2512563,0,92.96482,1.5075377,0.5025126,0
2022-07-15 15:18:06,0,0,5.289673,0,0,92.44332,1.511335,0.2518892,0
2022-07-15 15:18:05,0,0,4.726368,0.2487562,0,92.78607,1.741294,0,0
2022-07-15 15:18:04,0,0,5.30303,0.5050505,0,91.66667,1.5151515,0.2525253,0.2525253
2022-07-15 15:18:03,0,0,3.731343,0.2487562,0,92.78607,1.4925373,0.9950249,0
2022-07-15 15:18:02,0,0,4.228856,0.2487562,0,93.03483,1.99005,0.2487562,0
2022-07-15 15:18:01,0,0,5.276382,0.2512563,0,91.70854,1.0050251,0.2512563,0.2512563
2022-07-15 15:18:00,0,0,3.990025,0,0,94.26434,1.4962594,0,0
2022-07-15 15:17:59,0,0,4.466501,0.4962779,0,93.30025,0.9925558,0.4962779,0
2022-07-15 15:17:58,0,0,4.75,0.25,0,92.75,1.75,0.25,0.25
2022-07-15 15:17:57,0,0,4.761905,0.2506266,0,91.97995,2.005013,0,0
2022-07-15 15:17:56,0,0,4.534005,0,0,94.45844,0.5037783,0.2518892,0
2022-07-15 15:17:55,0,0,4.773869,0.2512563,0,92.96482,1.2562814,0.2512563,0
2022-07-15 15:17:54,0,0,4.5,0.5,0,93,1.5,0.25,0
2022-07-15 15:17:53,0,0,4.511278,0,0,93.48371,1.754386,0,0
2022-07-15 15:17:52,0,0,4.738155,0,0,93.51621,1.2468828,0.2493766,0
2022-07-15 15:17:51,0,0,4.534005,0,0,93.19899,1.511335,0,0
2022-07-15 15:17:50,0,0,4.691358,0.2469136,0,92.59259,1.728395,0.2469136,0
2022-07-15 15:17:49,0,0,4.75,0.25,0,93,1.25,0.25,0
2022-07-15 15:17:48,0,0,4.738155,0.2493766,0,93.51621,1.2468828,0,0
2022-07-15 15:17:47,0,0,4.534005,0.5037783,0,92.69521,1.763224,0,0
2022-07-15 15:17:46,0,0,5.236908,0.2493766,0,91.02244,1.995012,0.4987531,0.2493766
2022-07-15 15:17:45,0,0,3.990025,0.2493766,0,93.76559,1.4962594,0,0
2022-07-15 15:17:44,0,0,4.545455,0,0,94.44444,0.7575758,0,0
2022-07-15 15:17:43,0,0,4.75,0,0,93.5,1.25,0.25,0
2022-07-15 15:17:42,0,0,4.488778,0,0,94.01496,0.9975062,0.2493766,0
2022-07-15 15:17:41,0,0,5.25,0.25,0,91.75,2,0.25,0
2022-07-15 15:17:40,0,0,4.785894,0,0,93.19899,1.511335,0,0
2022-07-15 15:17:39,0,0,4.75,0,0,92.5,2,0,0
2022-07-15 15:17:38,0,0,4.25,0.5,0,93,1.5,0.25,0
2022-07-15 15:17:37,0,0,5,0.25,0,90,1.75,0,2
2022-07-15 15:17:36,0,0,3.517588,0,0,94.72362,1.2562814,0.5025126,0
2022-07-15 15:17:35,0,0,4.5,0,0,92.5,1.75,0.5,0
2022-07-15 15:17:34,0,0,4.987531,0.4987531,0,92.5187,0.9975062,0,0
2022-07-15 15:17:33,0,0,4.488778,0,0,94.26434,0.7481297,0.2493766,0
2022-07-15 15:17:32,0,0,4.975124,0.2487562,0,92.53731,1.741294,0.2487562,0
2022-07-15 15:17:31,0,0,5.037783,0,0,92.9471,1.2594458,0.2518892,0
2022-07-15 15:17:30,0,0,4.228856,0.2487562,0,94.02985,0.9950249,0.2487562,0
2022-07-15 15:17:29,0,0,5.276382,0.2512563,0,92.71357,1.2562814,0,0
2022-07-15 15:17:28,0,0,4.71464,0,0,93.54839,1.2406948,0.248139,0
2022-07-15 15:17:27,0,0,4.773869,0.2512563,0,93.21608,1.2562814,0.2512563,0
2022-07-15 15:17:26,0,0,4.75,0.25,0,93.75,1,0,0
2022-07-15 15:17:25,0,0,4.738155,0,0,93.26683,1.2468828,0.2493766,0
2022-07-15 15:17:24,0,0,5.012531,0,0,93.23308,1.2531328,0.2506266,0
2022-07-15 15:17:23,0,0,4.761905,0,0,93.98496,1.0025063,0,0
2022-07-15 15:17:22,0,0,4.761905,0.2506266,0,93.23308,1.2531328,0,0
2022-07-15 15:17:21,0,0,5.025126,0,0,92.71357,1.2562814,0.5025126,0
2022-07-15 15:17:20,0,0,4.488778,0.2493766,0,93.76559,0.9975062,0,0
2022-07-15 15:17:19,0,0,5.276382,0.2512563,0,92.46231,1.0050251,0.2512563,0.2512563
2022-07-15 15:17:18,0,0,4.260652,0.2506266,0,93.48371,1.2531328,0.5012531,0
2022-07-15 15:17:17,0,0,4.987531,0.4987531,0,91.77057,1.745636,0.2493766,0.2493766
2022-07-15 15:17:16,0,0,4.488778,0.2493766,0,93.51621,0.9975062,0.2493766,0
2022-07-15 15:17:15,0,0,5.012531,0.2506266,0,93.23308,1.2531328,0,0
2022-07-15 15:17:14,0,0,5.012531,0.2506266,0,93.48371,0.7518797,0.2506266,0
2022-07-15 15:17:13,0,0,4.75,0.25,0,89.75,1.25,0.5,3
2022-07-15 15:17:12,0,0,3.759398,0.2506266,0,93.73434,1.5037594,0.2506266,0
2022-07-15 15:17:11,0,0,5.025126,0,0,92.96482,1.5075377,0,0
2022-07-15 15:17:10,0,0,5,0,0,92.5,1.5,0.5,0
2022-07-15 15:17:09,0,0,3.759398,0.2506266,0,93.98496,1.2531328,0,0.2506266
2022-07-15 15:17:08,0,0,5.263158,0.2506266,0,92.23058,1.2531328,0.2506266,0
2022-07-15 15:17:07,0,0,4,0,0,94.5,1.25,0,0
2022-07-15 15:17:06,0,0,4,0.25,0,94.5,0.75,0,0.25
2022-07-15 15:17:05,0,0,5.970149,0,0,92.53731,0.9950249,0.2487562,0
2022-07-15 15:17:04,0,0,4.761905,0,0,93.48371,1.2531328,0.2506266,0
2022-07-15 15:17:03,0,0,4.71464,0.248139,0,93.05211,1.4888337,0.248139,0
2022-07-15 15:17:02,0,0,5.037783,0.2518892,0,92.9471,1.2594458,0.2518892,0
2022-07-15 15:17:01,0,0,4.761905,0.2506266,0,93.98496,0.7518797,0,0
2022-07-15 15:17:00,0,0,4.987531,0.2493766,0,92.76808,1.4962594,0.2493766,0
2022-07-15 15:16:59,0,0,5.012531,0.5012531,0,92.73183,1.2531328,0.2506266,0
2022-07-15 15:16:58,0,0,5.012531,0,0,92.4812,1.5037594,0,0
2022-07-15 15:16:57,0,0,4.761905,0,0,93.73434,1.0025063,0,0
2022-07-15 15:16:56,0,0,4.761905,0,0,92.73183,2.005013,0.2506266,0
2022-07-15 15:16:55,0,0,5.263158,0,0,93.23308,1.0025063,0.2506266,0
2022-07-15 15:16:54,0,0,4.239401,0.2493766,0,93.51621,1.2468828,0.4987531,0
2022-07-15 15:16:53,0,0,5.764411,0,0,90.72682,2.005013,0,1.2531328
2022-07-15 15:16:52,0,0,4,0.25,0,94,0.75,0.5,0
2022-07-15 15:16:51,0,0,4.522613,0,0,93.21608,1.5075377,0.2512563,0
2022-07-15 15:16:50,0,0,5.025126,0,0,93.21608,1.2562814,0,0
2022-07-15 15:16:49,0,0,4.726368,0.4975124,0,92.78607,1.2437811,0.2487562,0
2022-07-15 15:16:48,0,0,5.025126,0,0,93.71859,1.0050251,0,0
2022-07-15 15:16:47,0,0,5.721393,0.2487562,0,92.28856,1.4925373,0,0
2022-07-15 15:16:46,0,0,4.511278,0.5012531,0,92.4812,1.5037594,0,0.2506266
2022-07-15 15:16:45,0,0,3.75,0,0,94.25,1.25,0.25,0
2022-07-15 15:16:44,0,0,5.735661,0,0,90.02494,1.995012,0,1.4962594
2022-07-15 15:16:43,0,0,3.778338,0.2518892,0,94.96222,0.7556675,0,0
2022-07-15 15:16:42,0,0,4.738155,0,0,93.76559,0.9975062,0.2493766,0
2022-07-15 15:16:41,0,0,5,0.5,0,90,1.75,0,0.5
2022-07-15 15:16:40,0,0,4.785894,0,0,93.45088,1.2594458,0.2518892,0
2022-07-15 15:16:39,0,0,4.5,0,0,94,0.75,0,0
2022-07-15 15:16:38,0,0,5.012531,0.2506266,0,92.4812,1.5037594,0.5012531,0
2022-07-15 15:16:37,0,0,4.738155,0,0,93.01746,1.4962594,0,0
2022-07-15 15:16:36,0,0,4.522613,0,0,93.21608,1.5075377,0.2512563,0.2512563
2022-07-15 15:16:35,0,0,4.726368,0.2487562,0,93.28358,1.2437811,0,0.2487562
2022-07-15 15:16:34,0,0,5,0.25,0,93.25,1.25,0,0
2022-07-15 15:16:33,0,0,4.5,0,0,93.75,1,0.25,0
2022-07-15 15:16:32,0,0,5.236908,0.2493766,0,92.5187,1.4962594,0,0.2493766
2022-07-15 15:16:31,0,0,4.534005,0,0,93.19899,1.2594458,0.2518892,0.2518892
2022-07-15 15:16:30,0,0,5,0.25,0,92,2.25,0.25,0
2022-07-15 15:16:29,0,0,4.75,0.25,0,92.5,1.75,0.25,0
2022-07-15 15:16:28,0,0,4.738155,0.2493766,0,94.01496,0.4987531,0,0
2022-07-15 15:16:27,0,0,5.025126,0.2512563,0,92.71357,1.5075377,0.5025126,0
2022-07-15 15:16:26,0,0,7.5,0.25,0,90,1.75,0.25,0
2022-07-15 15:16:25,0,0,3.508772,0.2506266,0,93.23308,1.2531328,0,1.2531328
2022-07-15 15:16:24,0,0,3.482587,0,0,94.77612,0.9950249,0.2487562,0.2487562
2022-07-15 15:16:23,0,0,5,0,0,93,1.25,0,0
2022-07-15 15:16:22,0,0,4.75,0.25,0,93.5,1,0.25,0
2022-07-15 15:16:21,0,0,4.511278,0.2506266,0,92.98246,1.754386,0,0
2022-07-15 15:16:20,0,0,6.516291,0.2506266,0,90.72682,1.754386,0,0
2022-07-15 15:16:19,0,0,3,0.25,0,95.5,0.75,0.25,0
2022-07-15 15:16:18,0,0,5.263158,0.2506266,0,92.23058,1.5037594,0.2506266,0
2022-07-15 15:16:17,0,0,5.289673,0,0,92.19144,2.015113,0,0
2022-07-15 15:16:16,0,0,3.9801,0.2487562,0,94.27861,0.7462687,0.2487562,0.2487562
2022-07-15 15:16:15,0,0,5.263158,0,0,93.48371,1.0025063,0,0
2022-07-15 15:16:14,0,0,4.010025,0.2506266,0,90.72682,1.5037594,0.2506266,0.7518797
2022-07-15 15:16:13,0,0,4.282116,0.2518892,0,94.20655,1.0075567,0,0
2022-07-15 15:16:12,0,0,4.75,0,0,92,2.25,0.25,0
2022-07-15 15:16:11,0,0,4.738155,0,0,93.51621,1.4962594,0,0
2022-07-15 15:16:10,0,0,5.25,0.25,0,91.75,1.5,0.25,0.25
2022-07-15 15:16:09,0,0,4.785894,0.2518892,0,93.45088,1.2594458,0,0
2022-07-15 15:16:08,0,0,5.486284,0,0,92.5187,1.4962594,0.2493766,0
2022-07-15 15:16:07,0,0,4.25,0.25,0,94,1,0.25,0
2022-07-15 15:16:06,0,0,4.987531,0.2493766,0,92.76808,1.2468828,0.2493766,0.2493766
2022-07-15 15:16:05,0,0,5.25,0,0,93,1.5,0,0
2022-07-15 15:16:04,0,0,4.761905,0.2506266,0,93.73434,0.7518797,0.2506266,0
2022-07-15 15:16:03,0,0,4.738155,0.4987531,0,92.5187,1.995012,0,0
2022-07-15 15:16:02,0,0,4.773869,0,0,93.46734,1.5075377,0,0
2022-07-15 15:16:01,0,0,4.75,0.25,0,93.25,1,0.25,0
2022-07-15 15:16:00,0,0,5.764411,0,0,91.72932,1.754386,0,0
2022-07-15 15:15:59,0,0,4.218362,0.248139,0,93.79653,0.9925558,0.248139,0
2022-07-15 15:15:58,0,0,5.30303,0,0,93.68687,0.7575758,0,0
2022-07-15 15:15:57,0,0,4.239401,0.2493766,0,92.76808,1.995012,0.2493766,0
2022-07-15 15:15:56,0,0,5.025126,0.2512563,0,93.21608,1.0050251,0.2512563,0
2022-07-15 15:15:55,0,0,4.511278,0,0,92.23058,2.756892,0,0
2022-07-15 15:15:54,0,0,6.516291,0.2506266,0,91.72932,1.2531328,0,0
2022-07-15 15:15:53,0,0,3.731343,0.2487562,0,94.77612,0.7462687,0.2487562,0
2022-07-15 15:15:52,0,0,4.292929,0.2525253,0,93.68687,1.5151515,0,0
2022-07-15 15:15:51,0,0,6.483791,0.2493766,0,90.52369,0.7481297,0.2493766,0.4987531
2022-07-15 15:15:50,0,0,3.768844,0.2512563,0,94.47236,1.0050251,0.2512563,0
2022-07-15 15:15:49,0,0,4.239401,0.2493766,0,93.01746,1.995012,0,0
2022-07-15 15:15:48,0,0,6.015038,0.5012531,0,90.72682,1.5037594,0.2506266,0
2022-07-15 15:15:47,0,0,3.241895,0,0,95.26185,0.9975062,0.2493766,0
2022-07-15 15:15:46,0,0,5.25,0.25,0,93,1.25,0,0
2022-07-15 15:15:45,0,0,4.260652,0,0,93.73434,1.754386,0.2506266,0
2022-07-15 15:15:44,0,0,5.236908,0,0,92.5187,1.4962594,0.2493766,0
2022-07-15 15:15:43,0,0,4.522613,0,0,94.22111,1.0050251,0,0
2022-07-15 15:15:42,0,0,5,0,0,92.5,1.75,0.25,0
2022-07-15 15:15:41,0,0,4.761905,0.2506266,0,92.73183,1.5037594,0.2506266,0
2022-07-15 15:15:40,0,0,4.738155,0.2493766,0,92.76808,1.4962594,0.2493766,0
2022-07-15 15:15:39,0,0,5.263158,0.2506266,0,92.4812,1.754386,0,0
2022-07-15 15:15:38,0,0,4.488778,0.2493766,0,93.76559,1.2468828,0,0
2022-07-15 15:15:37,0,0,5.012531,0,0,92.4812,1.5037594,0.2506266,0.2506266
2022-07-15 15:15:36,0,0,4.75,0,0,93.25,1.5,0.25,0
2022-07-15 15:15:35,0,0,4.511278,0.2506266,0,93.23308,1.754386,0,0
2022-07-15 15:15:34,0,0,5.513784,0.2506266,0,91.22807,2.005013,0.2506266,0
2022-07-15 15:15:33,0,0,4.477612,0,0,93.03483,1.4925373,0.2487562,0
2022-07-15 15:15:32,0,0,4.773869,0.2512563,0,92.71357,1.758794,0.2512563,0
2022-07-15 15:15:31,0,0,4.773869,0.2512563,0,92.71357,1.2562814,0,0
2022-07-15 15:15:30,0,0,4.511278,0.2506266,0,92.4812,2.005013,0.5012531,0
2022-07-15 15:15:29,0,0,5.236908,0.2493766,0,92.5187,1.4962594,0,0
2022-07-15 15:15:28,0,0,4.79798,0,0,93.43434,1.2626263,0,0
2022-07-15 15:15:27,0,0,5.486284,0.2493766,0,91.77057,1.2468828,0.2493766,0.2493766
2022-07-15 15:15:26,0,0,4.010025,0,0,93.98496,1.0025063,0.5012531,0
2022-07-15 15:15:25,0,0,5.25,0,0,93.5,1,0,0
2022-07-15 15:15:24,0,0,5.236908,0,0,92.01995,1.745636,0,0
2022-07-15 15:15:23,0,0,3.517588,0.2512563,0,94.22111,1.5075377,0.2512563,0
2022-07-15 15:15:22,0,0,4.738155,0.2493766,0,93.01746,0.9975062,0.2493766,0.2493766
2022-07-15 15:15:21,0,0,5.25,0,0,91.5,1.5,0.25,0
2022-07-15 15:15:20,0,0,4.030227,0.2518892,0,93.70277,1.511335,0,0
2022-07-15 15:15:19,0,0,4.761905,0.2506266,0,92.73183,2.005013,0,0
2022-07-15 15:15:18,0,0,5.050505,0.5050505,0,92.67677,1.2626263,0,0
2022-07-15 15:15:17,0,0,4.726368,0,0,93.28358,1.4925373,0.2487562,0
2022-07-15 15:15:16,0,0,4.75,0.25,0,92.75,1.25,0.25,0
2022-07-15 15:15:15,0,0,5.012531,0.2506266,0,92.23058,2.255639,0,0
2022-07-15 15:15:14,0,0,4.488778,0.2493766,0,93.26683,1.4962594,0.2493766,0
2022-07-15 15:15:13,0,0,4.975124,0,0,93.28358,1.2437811,0.2487562,0
2022-07-15 15:15:12,0,0,4.761905,0,0,93.23308,1.5037594,0.2506266,0
2022-07-15 15:15:11,0,0,4.738155,0.2493766,0,93.51621,0.9975062,0,0
2022-07-15 15:15:10,0,0,4.738155,0,0,92.26933,1.995012,0.2493766,0.2493766
2022-07-15 15:15:09,0,0,4.785894,0.2518892,0,93.45088,1.2594458,0.2518892,0
2022-07-15 15:15:08,0,0,5.025126,0.2512563,0,92.46231,1.5075377,0,0
2022-07-15 15:15:07,0,0,5,0.25,0,93,1.5,0,0
2022-07-15 15:15:06,0,0,4.738155,0,0,93.01746,1.2468828,0.2493766,0.2493766
2022-07-15 15:15:05,0,0,5.223881,0,0,92.78607,1.2437811,0.2487562,0
2022-07-15 15:15:04,0,0,5.037783,0,0,93.19899,1.511335,0,0
2022-07-15 15:15:03,0,0,4.71464,0.248139,0,93.30025,0.9925558,0.4962779,0
2022-07-15 15:15:02,0,0,4.773869,0.2512563,0,93.46734,1.2562814,0,0
2022-07-15 15:15:01,0,0,6.78392,0,0,90.70352,1.0050251,0.2512563,0
2022-07-15 15:15:00,0,0,3.517588,0.2512563,0,93.96985,1.0050251,0.5025126,0
2022-07-15 15:14:59,0,0,4.228856,0.2487562,0,93.78109,1.4925373,0,0
2022-07-15 15:14:58,0,0,6.265664,0.2506266,0,91.22807,1.5037594,0,0.2506266
2022-07-15 15:14:57,0,0,3.25,0.5,0,94.5,1,0.25,0
2022-07-15 15:14:56,0,0,4.522613,0.2512563,0,92.71357,2.261307,0,0
2022-07-15 15:14:55,0,0,4.260652,0.2506266,0,93.48371,1.2531328,0.2506266,0
2022-07-15 15:14:54,0,0,5.236908,0.2493766,0,90.27431,2.244389,0.2493766,0.2493766
2022-07-15 15:14:53,0,0,4.260652,0.2506266,0,92.98246,1.754386,0.2506266,0
2022-07-15 15:14:52,0,0,4.522613,0.2512563,0,93.46734,1.2562814,0.2512563,0
2022-07-15 15:14:51,0,0,5.236908,0.2493766,0,91.02244,2.244389,0.2493766,0.2493766
2022-07-15 15:14:50,0,0,4.260652,0.2506266,0,93.98496,1.0025063,0.2506266,0
2022-07-15 15:14:49,0,0,5.276382,0.2512563,0,93.21608,1.0050251,0,0
2022-07-15 15:14:48,0,0,4.761905,0.2506266,0,92.4812,1.754386,0.5012531,0
2022-07-15 15:14:47,0,0,5.050505,0.2525253,0,92.42424,1.5151515,0,0
2022-07-15 15:14:46,0,0,4.738155,0,0,93.26683,1.4962594,0.2493766,0
2022-07-15 15:14:45,0,0,4.75,0.25,0,93.25,1.25,0.25,0
2022-07-15 15:14:44,0,0,4.79798,0,0,93.43434,1.2626263,0,0
2022-07-15 15:14:43,0,0,4.488778,0.2493766,0,94.01496,0.7481297,0.2493766,0
2022-07-15 15:14:42,0,0,5.025126,0,0,93.46734,1.0050251,0.2512563,0
2022-07-15 15:14:41,0,0,4.488778,0.2493766,0,93.01746,1.2468828,0.2493766,0
2022-07-15 15:14:40,0,0,5.735661,0,0,90.77307,2.493766,0.2493766,0.2493766
2022-07-15 15:14:39,0,0,3.75,0,0,95,1,0,0
2022-07-15 15:14:38,0,0,4.738155,0,0,93.51621,1.2468828,0.2493766,0
2022-07-15 15:14:37,0,0,4.987531,0.2493766,0,93.01746,0.9975062,0.2493766,0.2493766
2022-07-15 15:14:36,0,0,4.020101,0,0,94.22111,1.2562814,0.2512563,0
2022-07-15 15:14:35,0,0,5.527638,0,0,92.21106,1.758794,0.2512563,0
2022-07-15 15:14:34,0,0,5.263158,0.2506266,0,92.4812,1.0025063,0.2506266,0
2022-07-15 15:14:33,0,0,4.020101,0.2512563,0,94.22111,1.2562814,0,0
2022-07-15 15:14:32,0,0,5.985037,0.2493766,0,91.77057,1.4962594,0,0.2493766
2022-07-15 15:14:31,0,0,4.25,0.25,0,92.75,1.25,0.25,0
2022-07-15 15:14:30,0,0,4.030227,0,0,94.20655,1.0075567,0.2518892,0
2022-07-15 15:14:29,0,0,4.511278,0.2506266,0,92.73183,1.5037594,0,0
2022-07-15 15:14:28,0,0,4.75,0.25,0,93,1.5,0.25,0
2022-07-15 15:14:27,0,0,4.761905,0.7518797,0,90.47619,1.5037594,0,0.5012531
2022-07-15 15:14:26,0,0,4.239401,0,0,94.51372,0.9975062,0,0
2022-07-15 15:14:25,0,0,4.987531,0.2493766,0,93.26683,0.9975062,0.2493766,0
2022-07-15 15:14:24,0,0,4.75,0.25,0,93,1.75,0,0
2022-07-15 15:14:23,0,0,5.764411,0,0,93.23308,0.7518797,0,0
2022-07-15 15:14:22,0,0,3.9801,0,0,93.78109,1.2437811,0.2487562,0.2487562
2022-07-15 15:14:21,0,0,5,0.25,0,93.25,0.75,0.25,0.25
2022-07-15 15:14:20,0,0,3.25,0.25,0,94.5,1.5,0,0
2022-07-15 15:14:19,0,0,5.25,0.5,0,91.75,1.75,0,0
2022-07-15 15:14:18,0,0,4.738155,0,0,94.26434,0.4987531,0.2493766,0
2022-07-15 15:14:17,0,0,4.5,0.25,0,93,1.5,0.25,0
2022-07-15 15:14:16,0,0,5.012531,0.2506266,0,93.48371,1.0025063,0,0
2022-07-15 15:14:15,0,0,5.025126,0,0,93.46734,1.2562814,0,0
2022-07-15 15:14:14,0,0,4.466501,0.248139,0,93.30025,1.2406948,0.248139,0
2022-07-15 15:14:13,0,0,4.987531,0.4987531,0,91.02244,1.2468828,0,0.7481297
2022-07-15 15:14:12,0,0,3.740648,0,0,94.01496,1.2468828,0.2493766,0
2022-07-15 15:14:11,0,0,5.037783,0.2518892,0,92.19144,1.511335,0,0
2022-07-15 15:14:10,0,0,4.030227,0.2518892,0,93.95466,1.2594458,0.2518892,0
2022-07-15 15:14:09,0,0,5.472637,0,0,92.0398,1.741294,0,0
2022-07-15 15:14:08,0,0,5.472637,0.2487562,0,90.79602,1.99005,0.2487562,0.2487562
2022-07-15 15:14:07,0,0,3.75,0.25,0,94.25,1.25,0.25,0
2022-07-15 15:14:06,0,0,4.75,0.25,0,92.5,2,0,0
2022-07-15 15:14:05,0,0,6.766917,0,0,90.97744,1.0025063,0.2506266,0
2022-07-15 15:14:04,0,0,3.508772,0,0,95.48872,0.7518797,0,0
2022-07-15 15:14:03,0,0,4.477612,0,0,93.78109,1.2437811,0,0
2022-07-15 15:14:02,0,0,4.761905,0.5012531,0,93.73434,1.0025063,0,0
2022-07-15 15:14:01,0,0,5,0.25,0,91.75,1.75,0.25,0.25
2022-07-15 15:14:00,0,0,4.25,0,0,91,2.5,0,1
2022-07-15 15:13:59,0,0,4.761905,0.5012531,0,92.98246,1.2531328,0.2506266,0
2022-07-15 15:13:58,0,0,4.25,0.25,0,94,1,0.25,0
2022-07-15 15:13:57,0,0,5.735661,0,0,92.76808,0.9975062,0.2493766,0
2022-07-15 15:13:56,0,0,4.271357,0,0,93.96985,1.0050251,0.2512563,0
2022-07-15 15:13:55,0,0,5.5,0.25,0,92.25,1.25,0.25,0
2022-07-15 15:13:54,0,0,5.012531,0,0,93.23308,1.5037594,0,0
2022-07-15 15:13:53,0,0,5.210918,0.248139,0,91.81141,1.736973,0.248139,0
2022-07-15 15:13:52,0,0,4.75,0,0,92.5,1.75,0.5,0
2022-07-15 15:13:51,0,0,4.545455,0,0,93.43434,1.2626263,0,0
2022-07-15 15:13:50,0,0,4.987531,0.2493766,0,92.76808,1.2468828,0.2493766,0
2022-07-15 15:13:49,0,0,4.738155,0,0,94.01496,0.9975062,0,0
2022-07-15 15:13:48,0,0,4.738155,0,0,93.76559,0.7481297,0.2493766,0
2022-07-15 15:13:47,0,0,6.234414,0.2493766,0,90.02494,1.995012,0.4987531,0.2493766
2022-07-15 15:13:46,0,0,3.25,0,0,95.25,1,0,0
2022-07-15 15:13:45,0,0,4.511278,0,0,92.98246,1.5037594,0.2506266,0.2506266
2022-07-15 15:13:44,0,0,4.271357,0,0,93.46734,1.5075377,0.2512563,0
2022-07-15 15:13:43,0,0,5.25,0.25,0,91.25,2,0.25,0
2022-07-15 15:13:42,0,0,6.075949,0,0,91.39241,1.772152,0.2531646,0
2022-07-15 15:13:41,0,0,4.010025,0.5012531,0,93.23308,1.2531328,0.2506266,0
2022-07-15 15:13:40,0,0,5.707196,0,0,92.05955,1.2406948,0.248139,0.248139
2022-07-15 15:13:39,0,0,4.522613,0,0,93.96985,1.5075377,0,0
2022-07-15 15:13:38,0,0,3.768844,0.2512563,0,92.96482,1.2562814,0.2512563,0.2512563
2022-07-15 15:13:37,0,0,4,0.25,0,93.25,1.75,0.25,0
2022-07-15 15:13:36,0,0,4.738155,0,0,93.51621,1.2468828,0.2493766,0
2022-07-15 15:13:35,0,0,5.037783,0,0,93.19899,1.2594458,0,0
2022-07-15 15:13:34,0,0,5.5,0,0,92.75,1.5,0,0
2022-07-15 15:13:33,0,0,4.738155,0.2493766,0,92.5187,1.745636,0.2493766,0
2022-07-15 15:13:32,0,0,3.75,0,0,95,1,0,0
2022-07-15 15:13:31,0,0,4.975124,0,0,92.53731,1.4925373,0.2487562,0
2022-07-15 15:13:30,0,0,5.025126,0,0,93.96985,0.7537688,0,0
2022-07-15 15:13:29,0,0,4.761905,0.5012531,0,93.73434,0.5012531,0.2506266,0
2022-07-15 15:13:28,0,0,4.975124,0.4975124,0,92.78607,1.4925373,0,0
2022-07-15 15:13:27,0,0,4.010025,0,0,94.48622,1.2531328,0,0
2022-07-15 15:13:26,0,0,5.25,0.25,0,93.25,1,0,0
2022-07-15 15:13:25,0,0,4.5,0,0,93.5,1,0.25,0.25
2022-07-15 15:13:24,0,0,4.738155,0.2493766,0,93.26683,1.2468828,0.2493766,0
2022-07-15 15:13:23,0,0,10.025063,0.2506266,0,87.46867,1.754386,0.2506266,0
2022-07-15 15:13:22,0,0,1.5,0,0,96.75,1,0,0.5
2022-07-15 15:13:21,0,0,4.738155,0.2493766,0,92.26933,1.745636,0.2493766,0.2493766
2022-07-15 15:13:20,0,0,5.289673,0.2518892,0,91.93955,1.511335,0,0.2518892
2022-07-15 15:13:19,0,0,3.797468,0.2531646,0,94.68354,1.0126582,0,0
2022-07-15 15:13:18,0,0,4.488778,0.2493766,0,93.51621,1.2468828,0.2493766,0
2022-07-15 15:13:17,0,0,4.987531,0,0,91.5212,2.244389,0,0.2493766
2022-07-15 15:13:16,0,0,4.260652,0.5012531,0,94.23559,0.7518797,0,0
2022-07-15 15:13:15,0,0,5.25,0.25,0,91.75,2,0.25,0
2022-07-15 15:13:14,0,0,3.768844,0,0,94.97487,1.0050251,0,0
2022-07-15 15:13:13,0,0,3.990025,0.2493766,0,93.51621,1.745636,0.2493766,0
2022-07-15 15:13:12,0,0,5.276382,0,0,91.20603,1.758794,0,0.2512563
2022-07-15 15:13:11,0,0,3.768844,0.5025126,0,94.72362,0.5025126,0,0
2022-07-15 15:13:10,0,0,4.511278,0.2506266,0,93.23308,1.5037594,0,0
2022-07-15 15:13:09,0,0,4.738155,0.2493766,0,93.51621,0.9975062,0,0
2022-07-15 15:13:08,0,0,4.522613,0.2512563,0,94.22111,0.5025126,0.2512563,0
2022-07-15 15:13:07,0,0,5.527638,0.2512563,0,89.94975,1.758794,0.2512563,0.5025126
2022-07-15 15:13:06,0,0,3.5,0,0,95.25,1,0,0
2022-07-15 15:13:05,0,0,4.466501,0,0,93.79653,0.7444169,0.248139,0
2022-07-15 15:13:04,0,0,5.012531,0.2506266,0,92.73183,1.5037594,0.2506266,0
2022-07-15 15:13:03,0,0,4.260652,0,0,93.48371,1.5037594,0.2506266,0
2022-07-15 15:13:02,0,0,4.75,0.25,0,92.75,1.25,0.25,0
2022-07-15 15:13:01,0,0,4.726368,0,0,93.28358,1.2437811,0,0
2022-07-15 15:13:00,0,0,4.25,0,0,94.25,1,0.25,0
2022-07-15 15:12:59,0,0,4.761905,0,0,92.98246,1.754386,0,0
2022-07-15 15:12:58,0,0,4.25,0.25,0,94.25,0.75,0.25,0
2022-07-15 15:12:57,0,0,4.950495,0,0,92.57426,1.732673,0,0.2475248
2022-07-15 15:12:56,0,0,4.25,0.25,0,93.25,1.5,0.25,0
2022-07-15 15:12:55,0,0,4.534005,0,0,93.95466,1.0075567,0.2518892,0
2022-07-15 15:12:54,0,0,5.513784,0.2506266,0,91.72932,1.754386,0,0.5012531
2022-07-15 15:12:53,0,0,3.482587,0.2487562,0,92.28856,1.4925373,0.2487562,1.2437811
2022-07-15 15:12:52,0,0,4.5,0,0,93,1.75,0.25,0
2022-07-15 15:12:51,0,0,4.773869,0,0,93.46734,1.2562814,0,0
2022-07-15 15:12:50,0,0,4.260652,0,0,93.98496,1.0025063,0.2506266,0
2022-07-15 15:12:49,0,0,6.060606,0.5050505,0,90.65657,2.525253,0,0
2022-07-15 15:12:48,0,0,3.75,0.25,0,94,1.25,0,0
2022-07-15 15:12:47,0,0,4.282116,0,0,94.45844,0.7556675,0.2518892,0
2022-07-15 15:12:46,0,0,4.987531,0,0,92.76808,1.4962594,0.2493766,0.2493766
2022-07-15 15:12:45,0,0,3.768844,0.2512563,0,93.96985,1.2562814,0,0
2022-07-15 15:12:44,0,0,4.738155,0.2493766,0,92.26933,1.995012,0.2493766,0
2022-07-15 15:12:43,0,0,4.522613,0,0,93.71859,1.0050251,0.2512563,0
2022-07-15 15:12:42,0,0,4.5,0.25,0,92.75,2.25,0,0
2022-07-15 15:12:41,0,0,5.985037,0.2493766,0,91.77057,1.2468828,0.2493766,0.2493766
2022-07-15 15:12:40,0,0,3.778338,0,0,93.70277,1.2594458,0.2518892,0
2022-07-15 15:12:39,0,0,3.526448,0,0,94.45844,1.0075567,0.2518892,0
2022-07-15 15:12:38,0,0,4.726368,0.2487562,0,93.78109,0.7462687,0.2487562,0
2022-07-15 15:12:37,0,0,4.5,0.25,0,93,1.75,0,0
2022-07-15 15:12:36,0,0,4.25,0.25,0,94,1,0,0
2022-07-15 15:12:35,0,0,5.236908,0.2493766,0,93.01746,1.2468828,0.2493766,0
2022-07-15 15:12:34,0,0,3.990025,0,0,93.76559,1.2468828,0.2493766,0
2022-07-15 15:12:33,0,0,4.987531,0,0,93.51621,0.9975062,0.2493766,0
2022-07-15 15:12:32,0,0,4.5,0.25,0,93.25,1.25,0.25,0
2022-07-15 15:12:31,0,0,4.545455,0,0,94.44444,0.2525253,0.2525253,0
2022-07-15 15:12:30,0,0,4.738155,0.2493766,0,93.76559,0.9975062,0,0
2022-07-15 15:12:29,0,0,4.239401,0.2493766,0,91.02244,3.990025,0,0.2493766
2022-07-15 15:12:28,0,0,4.987531,0,0,93.01746,1.2468828,0.4987531,0
2022-07-15 15:12:27,0,0,5.012531,0.2506266,0,91.97995,2.005013,0,0
2022-07-15 15:12:26,0,0,3.491272,0.2493766,0,94.51372,0.9975062,0.2493766,0
2022-07-15 15:12:25,0,0,5.25,0.25,0,92.5,1.25,0,0
2022-07-15 15:12:24,0,0,5,0,0,93,1.5,0.25,0
2022-07-15 15:12:23,0,0,4.522613,0.2512563,0,93.71859,1.2562814,0,0
2022-07-15 15:12:22,0,0,6,0.25,0,91.25,1.5,0.25,0
2022-07-15 15:12:21,0,0,3.258145,0,0,94.23559,1.754386,0,0
2022-07-15 15:12:20,0,0,4.228856,0.4975124,0,93.28358,1.4925373,0.2487562,0
2022-07-15 15:12:19,0,0,4.726368,0.2487562,0,92.28856,1.741294,0,0.2487562
2022-07-15 15:12:18,0,0,3.508772,0.2506266,0,94.48622,1.0025063,0.2506266,0
2022-07-15 15:12:17,0,0,4.738155,0,0,93.26683,1.4962594,0.2493766,0
2022-07-15 15:12:16,0,0,5.012531,0,0,92.98246,1.5037594,0.2506266,0
2022-07-15 15:12:15,0,0,5.276382,0,0,92.21106,1.758794,0.2512563,0
2022-07-15 15:12:14,0,0,4.5,0.25,0,93.25,1,0,0
2022-07-15 15:12:13,0,0,4.020101,0.2512563,0,94.22111,1.0050251,0.2512563,0
2022-07-15 15:12:12,0,0,4.25,0.25,0,93.5,1.25,0,0
2022-07-15 15:12:11,0,0,4.75,0.25,0,93.25,1.25,0.25,0
2022-07-15 15:12:10,0,0,9.476309,0.2493766,0,87.78055,1.995012,0.2493766,0
2022-07-15 15:12:09,0,0,3.258145,0,0,94.98747,1.5037594,0,0
2022-07-15 15:12:08,0,0,3.768844,0,0,92.71357,1.758794,0.2512563,1.0050251
2022-07-15 15:12:07,0,0,4.260652,0,0,94.48622,0.7518797,0,0.2506266
2022-07-15 15:12:06,0,0,3.731343,0.2487562,0,94.02985,1.2437811,0.2487562,0.2487562
2022-07-15 15:12:05,0,0,4.987531,0,0,93.76559,0.9975062,0,0
2022-07-15 15:12:04,0,0,4.271357,0,0,94.47236,1.2562814,0,0
2022-07-15 15:12:03,0,0,4.726368,0.2487562,0,92.28856,1.99005,0,0
2022-07-15 15:12:02,0,0,4.488778,0.2493766,0,94.01496,0.7481297,0.2493766,0
2022-07-15 15:12:01,0,0,4.534005,0.2518892,0,92.69521,1.511335,0.2518892,0
2022-07-15 15:12:00,0,0,5.513784,0.2506266,0,92.98246,0.7518797,0,0
2022-07-15 15:11:59,0,0,4,0.5,0,93.75,1.25,0,0
2022-07-15 15:11:58,0,0,4.271357,0.5025126,0,93.21608,1.5075377,0,0
2022-07-15 15:11:57,0,0,4.5,0.25,0,94,0.75,0,0
2022-07-15 15:11:56,0,0,4.975124,0,0,92.78607,1.4925373,0.2487562,0
2022-07-15 15:11:55,0,0,3.778338,0.2518892,0,92.19144,1.2594458,0,1.511335
2022-07-15 15:11:54,0,0,4.228856,0.2487562,0,93.03483,1.4925373,0.4975124,0
2022-07-15 15:11:53,0,0,5.210918,0.248139,0,92.05955,1.736973,0.248139,0.248139
2022-07-15 15:11:52,0,0,4.010025,0,0,93.48371,1.754386,0.2506266,0
2022-07-15 15:11:51,0,0,4.545455,0.2525253,0,93.43434,0.7575758,0.2525253,0
2022-07-15 15:11:50,0,0,4.75,0,0,92.25,2.25,0.25,0
2022-07-15 15:11:49,0,0,4.785894,0.2518892,0,93.45088,1.0075567,0,0
2022-07-15 15:11:48,0,0,5.735661,0,0,90.77307,1.745636,0,0.2493766
2022-07-15 15:11:47,0,0,3.015075,0.2512563,0,94.72362,1.758794,0,0
2022-07-15 15:11:46,0,0,5.012531,0.2506266,0,92.4812,1.754386,0.2506266,0
2022-07-15 15:11:45,0,0,4.271357,0,0,94.47236,0.7537688,0,0
2022-07-15 15:11:44,0,0,5.025126,0.2512563,0,92.46231,1.5075377,0.2512563,0
2022-07-15 15:11:43,0,0,4.292929,0.5050505,0,92.92929,2.020202,0,0
2022-07-15 15:11:42,0,0,4.477612,0.2487562,0,93.78109,0.9950249,0.2487562,0
2022-07-15 15:11:41,0,0,5.012531,0,0,92.73183,1.754386,0.2506266,0
2022-07-15 15:11:40,0,0,3.9801,0,0,94.02985,1.2437811,0.2487562,0
2022-07-15 15:11:39,0,0,5.25,0,0,93,1.5,0,0
2022-07-15 15:11:38,0,0,4.030227,0.2518892,0,93.95466,1.2594458,0,0
2022-07-15 15:11:37,0,0,4.773869,0,0,93.46734,1.5075377,0,0
2022-07-15 15:11:36,0,0,4.71464,0.4962779,0,92.55583,1.736973,0.248139,0
2022-07-15 15:11:35,0,0,4.5,0,0,93,1.5,0.5,0
2022-07-15 15:11:34,0,0,5.289673,0,0,91.68766,2.267003,0,0
2022-07-15 15:11:33,0,0,3.731343,0.2487562,0,93.78109,1.2437811,0.4975124,0
2022-07-15 15:11:32,0,0,4.773869,0,0,92.46231,2.512563,0,0
2022-07-15 15:11:31,0,0,4.773869,0.5025126,0,92.96482,1.0050251,0.2512563,0
2022-07-15 15:11:30,0,0,4.75,0,0,93.5,1.25,0.25,0
2022-07-15 15:11:29,0,0,5.25,0,0,93.25,1,0,0
2022-07-15 15:11:28,0,0,3.491272,0,0,95.01247,0.7481297,0.4987531,0
2022-07-15 15:11:27,0,0,5.025126,0.2512563,0,92.71357,1.0050251,0,0
2022-07-15 15:11:26,0,0,4.987531,0.2493766,0,91.5212,1.995012,0.2493766,0.2493766
2022-07-15 15:11:25,0,0,3.768844,0.2512563,0,92.96482,2.261307,0,0
2022-07-15 15:11:24,0,0,4.511278,0,0,92.98246,2.005013,0.2506266,0
2022-07-15 15:11:23,0,0,4.71464,0.248139,0,93.05211,1.4888337,0.248139,0
2022-07-15 15:11:22,0,0,4.522613,0.2512563,0,92.71357,1.758794,0,0
2022-07-15 15:11:21,0,0,4.987531,0.4987531,0,91.27182,1.745636,0.2493766,0.2493766
2022-07-15 15:11:20,0,0,4.030227,0.2518892,0,93.19899,1.763224,0.2518892,0
2022-07-15 15:11:19,0,0,4.71464,0.4962779,0,92.80397,1.2406948,0.248139,0
2022-07-15 15:11:18,0,0,4.785894,0,0,92.9471,1.511335,0.2518892,0
2022-07-15 15:11:17,0,0,5,0.25,0,92.5,1.5,0,0
2022-07-15 15:11:16,0,0,4.79798,0.2525253,0,93.68687,1.010101,0,0
2022-07-15 15:11:15,0,0,5.012531,0,0,93.48371,1.0025063,0,0
2022-07-15 15:11:14,0,0,4.522613,0.2512563,0,92.96482,1.5075377,0.2512563,0
2022-07-15 15:11:13,0,0,4.75,0,0,93,1.75,0,0
2022-07-15 15:11:12,0,0,4.962779,0.4962779,0,93.30025,0.7444169,0.248139,0
2022-07-15 15:11:11,0,0,4.987531,0.2493766,0,92.26933,1.4962594,0.2493766,0
2022-07-15 15:11:10,0,0,4.761905,0.2506266,0,91.72932,2.255639,0.2506266,0.2506266
2022-07-15 15:11:09,0,0,4.761905,0,0,93.98496,1.0025063,0,0
2022-07-15 15:11:08,0,0,4.738155,0,0,93.76559,0.9975062,0.2493766,0
2022-07-15 15:11:07,0,0,5.050505,0.5050505,0,91.66667,1.010101,0,1.010101
2022-07-15 15:11:06,0,0,4.260652,0.2506266,0,93.73434,1.2531328,0,0
2022-07-15 15:11:05,0,0,5.75,0.25,0,91.5,2,0.25,0
2022-07-15 15:11:04,0,0,4.75,0,0,93,1.5,0.5,0
2022-07-15 15:11:03,0,0,4.522613,0.5025126,0,93.21608,1.2562814,0,0
2022-07-15 15:11:02,0,0,5.276382,0,0,92.71357,1.2562814,0,0
2022-07-15 15:11:01,0,0,4.260652,0,0,93.98496,1.5037594,0,0
2022-07-15 15:11:00,0,0,5.263158,0.2506266,0,92.98246,1.0025063,0.2506266,0
2022-07-15 15:10:59,0,0,4.488778,0.2493766,0,92.26933,2.244389,0,0
2022-07-15 15:10:58,0,0,4.271357,0.2512563,0,93.46734,1.758794,0,0
2022-07-15 15:10:57,0,0,4.975124,0,0,93.03483,1.2437811,0.2487562,0
2022-07-15 15:10:56,0,0,4.534005,0.2518892,0,93.19899,1.511335,0,0
2022-07-15 15:10:55,0,0,5.5,0,0,92.5,1.75,0,0
2022-07-15 15:10:54,0,0,4,0.25,0,93.75,1,0,0.25
2022-07-15 15:10:53,0,0,4.738155,0.2493766,0,92.76808,1.745636,0.2493766,0
2022-07-15 15:10:52,0,0,4.987531,0,0,93.01746,1.2468828,0.2493766,0
2022-07-15 15:10:51,0,0,4.810127,0,0,92.40506,2.025316,0,0
2022-07-15 15:10:50,0,0,5.210918,0.248139,0,92.80397,0.9925558,0.4962779,0
2022-07-15 15:10:49,0,0,4.75,0.25,0,93,1.25,0.25,0
2022-07-15 15:10:48,0,0,5.012531,0,0,92.98246,1.754386,0,0
2022-07-15 15:10:47,0,0,4.511278,0.2506266,0,93.73434,0.7518797,0.2506266,0
2022-07-15 15:10:46,0,0,4.75,0.25,0,93,1.25,0,0
2022-07-15 15:10:45,0,0,4.962779,0.248139,0,92.55583,1.2406948,0.248139,0
2022-07-15 15:10:44,0,0,4.810127,0,0,93.41772,1.2658228,0.2531646,0
2022-07-15 15:10:43,0,0,4.950495,0.2475248,0,92.57426,1.732673,0,0
2022-07-15 15:10:42,0,0,4.556962,0.5063291,0,93.41772,1.2658228,0,0
2022-07-15 15:10:41,0,0,5.276382,0.2512563,0,91.45729,1.0050251,0.5025126,0.5025126
2022-07-15 15:10:40,0,0,4.020101,0,0,93.46734,2.261307,0,0
2022-07-15 15:10:39,0,0,4.75,0.25,0,93,1.25,0.25,0
2022-07-15 15:10:38,0,0,4.810127,0.2531646,0,93.41772,1.0126582,0,0
2022-07-15 15:10:37,0,0,4.987531,0,0,92.5187,1.745636,0,0
2022-07-15 15:10:36,0,0,5.472637,0.2487562,0,91.79104,1.99005,0.2487562,0
2022-07-15 15:10:35,0,0,4.020101,0.2512563,0,93.46734,1.2562814,0,0
2022-07-15 15:10:34,0,0,4.010025,0.2506266,0,93.98496,1.5037594,0,0
2022-07-15 15:10:33,0,0,5.985037,0.2493766,0,90.27431,2.493766,0,0
2022-07-15 15:10:32,0,0,3.25,0.25,0,95.25,0.75,0.25,0
2022-07-15 15:10:31,0,0,5.025126,0.2512563,0,91.70854,2.261307,0.5025126,0
2022-07-15 15:10:30,0,0,4.534005,0.2518892,0,93.19899,1.2594458,0.2518892,0
2022-07-15 15:10:29,0,0,5.012531,0.2506266,0,92.4812,1.754386,0,0
2022-07-15 15:10:28,0,0,5.513784,0.2506266,0,91.4787,2.005013,0,0.2506266
2022-07-15 15:10:27,0,0,4,0,0,94,1.5,0,0
2022-07-15 15:10:26,0,0,4.534005,0.2518892,0,94.20655,0.5037783,0.2518892,0
2022-07-15 15:10:25,0,0,5.5,0,0,91.75,1.75,0.25,0
2022-07-15 15:10:24,0,0,4.761905,0,0,93.73434,1.2531328,0,0
2022-07-15 15:10:23,0,0,5.236908,0.2493766,0,92.5187,1.745636,0,0
2022-07-15 15:10:22,0,0,4.5,0.25,0,92.75,1.75,0.25,0
2022-07-15 15:10:21,0,0,5.012531,0.2506266,0,92.98246,1.2531328,0.2506266,0
2022-07-15 15:10:20,0,0,4.545455,0,0,92.67677,2.020202,0,0
2022-07-15 15:10:19,0,0,4.987531,0.7481297,0,91.77057,1.745636,0.2493766,0
2022-07-15 15:10:18,0,0,4.79798,0,0,93.18182,1.5151515,0,0
2022-07-15 15:10:17,0,0,4.726368,0.2487562,0,93.53234,0.9950249,0.2487562,0
2022-07-15 15:10:16,0,0,4.75,0.25,0,93.5,1,0.25,0
2022-07-15 15:10:15,0,0,4.761905,0.5012531,0,92.4812,1.5037594,0.2506266,0
2022-07-15 15:10:14,0,0,5.527638,0,0,91.70854,1.5075377,0.2512563,0
2022-07-15 15:10:13,0,0,4.5,0.25,0,92.5,2,0.25,0
2022-07-15 15:10:12,0,0,4.5,0.25,0,93.5,1.25,0.25,0
2022-07-15 15:10:11,0,0,5.513784,0.2506266,0,91.72932,1.754386,0,0
2022-07-15 15:10:10,0,0,4.020101,0.2512563,0,94.47236,0.5025126,0.2512563,0
2022-07-15 15:10:09,0,0,5.735661,0.7481297,0,91.27182,1.4962594,0.2493766,0
2022-07-15 15:10:08,0,0,4,0.25,0,94.25,1.25,0,0
2022-07-15 15:10:07,0,0,5,0.25,0,93,1.25,0,0
2022-07-15 15:10:06,0,0,5.527638,0,0,89.69849,2.512563,0,1.0050251
2022-07-15 15:10:05,0,0,3.75,0.25,0,94.75,1,0,0
2022-07-15 15:10:04,0,0,4.987531,0.2493766,0,92.26933,1.745636,0.2493766,0.2493766
2022-07-15 15:10:03,0,0,4.773869,0.2512563,0,92.96482,1.5075377,0,0
2022-07-15 15:10:02,0,0,4.726368,0.2487562,0,93.78109,0.7462687,0.2487562,0
2022-07-15 15:10:01,0,0,5.541562,0.2518892,0,91.18388,1.511335,0.2518892,0
2022-07-15 15:10:00,0,0,3.5,0.5,0,94,1,0.5,0
2022-07-15 15:09:59,0,0,5.486284,0.2493766,0,93.01746,0.9975062,0,0
2022-07-15 15:09:58,0,0,4.522613,0.5025126,0,92.71357,1.758794,0,0
2022-07-15 15:09:57,0,0,5.236908,0.2493766,0,92.76808,1.2468828,0,0
2022-07-15 15:09:56,0,0,4.488778,0.2493766,0,92.76808,2.244389,0.2493766,0
2022-07-15 15:09:55,0,0,4.773869,0.2512563,0,92.46231,1.758794,0.2512563,0
2022-07-15 15:09:54,0,0,4.761905,0.2506266,0,92.98246,2.005013,0,0
2022-07-15 15:09:53,0,0,4.987531,0,0,92.5187,1.745636,0,0
2022-07-15 15:09:52,0,0,4.773869,0,0,93.46734,1.2562814,0.2512563,0
2022-07-15 15:09:51,0,0,4.726368,0.2487562,0,93.28358,1.2437811,0.2487562,0
2022-07-15 15:09:50,0,0,4.822335,0,0,93.90863,0.7614213,0.2538071,0
2022-07-15 15:09:49,0,0,4.950495,0.2475248,0,92.07921,2.227723,0.2475248,0
2022-07-15 15:09:48,0,0,5.793451,0.2518892,0,90.6801,1.511335,0.5037783,0.2518892
2022-07-15 15:09:47,0,0,4,0.25,0,94.25,1,0,0
2022-07-15 15:09:46,0,0,4.5,0.25,0,93,2,0,0
2022-07-15 15:09:45,0,0,5,0.25,0,92.75,1.25,0.25,0
2022-07-15 15:09:44,0,0,5.012531,0.5012531,0,92.23058,2.005013,0,0
2022-07-15 15:09:43,0,0,5.513784,0,0,91.72932,1.754386,0,0
2022-07-15 15:09:42,0,0,3.75,0.25,0,93.5,1.25,0.25,0
2022-07-15 15:09:41,0,0,5.012531,0,0,92.73183,2.005013,0.2506266,0
2022-07-15 15:09:40,0,0,4.761905,0.5012531,0,92.98246,1.5037594,0,0
2022-07-15 15:09:39,0,0,5.210918,0.248139,0,90.57072,1.4888337,0,0.248139
2022-07-15 15:09:38,0,0,4.260652,0.2506266,0,92.73183,2.255639,0,0
2022-07-15 15:09:37,0,0,5.289673,0.2518892,0,92.44332,2.015113,0,0
2022-07-15 15:09:36,0,0,4.5,0,0,93.75,1.25,0.25,0
2022-07-15 15:09:35,0,0,5.263158,0.2506266,0,92.23058,1.5037594,0.2506266,0
2022-07-15 15:09:34,0,0,5.037783,0.2518892,0,91.43577,2.015113,0,0
2022-07-15 15:09:33,0,0,4.522613,0,0,93.46734,1.5075377,0.2512563,0
2022-07-15 15:09:32,0,0,5.025126,0.5025126,0,92.71357,1.2562814,0,0
2022-07-15 15:09:31,0,0,4.773869,0,0,93.21608,1.2562814,0.2512563,0
2022-07-15 15:09:30,0,0,5,0.25,0,93,1.25,0,0
2022-07-15 15:09:29,0,0,4.5,0.5,0,94,0.75,0.25,0
2022-07-15 15:09:28,0,0,4.726368,0.4975124,0,92.53731,1.4925373,0.2487562,0
2022-07-15 15:09:27,0,0,5.025126,0.2512563,0,92.96482,1.2562814,0.2512563,0
2022-07-15 15:09:26,0,0,4.5,0.25,0,93.75,1,0,0
2022-07-15 15:09:25,0,0,5.236908,0.2493766,0,91.27182,2.493766,0.2493766,0
2022-07-15 15:09:24,0,0,4.239401,0.2493766,0,94.26434,0.9975062,0,0
2022-07-15 15:09:23,0,0,5.025126,0.2512563,0,92.96482,1.2562814,0.2512563,0
2022-07-15 15:09:22,0,0,4.75,0,0,93.5,1.25,0.25,0
2022-07-15 15:09:21,0,0,5.75,0.5,0,90,2.25,0.25,0
2022-07-15 15:09:20,0,0,4.030227,0,0,95.21411,0.2518892,0,0
2022-07-15 15:09:19,0,0,4.773869,0,0,93.71859,1.0050251,0.2512563,0
2022-07-15 15:09:18,0,0,4.738155,0.2493766,0,92.26933,2.244389,0.2493766,0
2022-07-15 15:09:17,0,0,4.75,0,0,92.75,1.75,0.25,0
2022-07-15 15:09:16,0,0,4.987531,0.4987531,0,91.5212,1.4962594,0.2493766,0.4987531
2022-07-15 15:09:15,0,0,4.738155,0.2493766,0,93.51621,0.9975062,0.2493766,0
2022-07-15 15:09:14,0,0,4.545455,0.2525253,0,93.18182,1.5151515,0,0
2022-07-15 15:09:13,0,0,5.012531,0.2506266,0,92.73183,1.5037594,0.2506266,0
2022-07-15 15:09:12,0,0,5.025126,0.2512563,0,92.96482,1.0050251,0,0
2022-07-15 15:09:11,0,0,3.759398,0,0,93.98496,1.2531328,0.2506266,0
2022-07-15 15:09:10,0,0,5.236908,0,0,92.5187,1.995012,0,0
2022-07-15 15:09:09,0,0,4.020101,0.2512563,0,94.22111,0.7537688,0.2512563,0
2022-07-15 15:09:08,0,0,5.735661,0.4987531,0,91.77057,1.2468828,0,0
2022-07-15 15:09:07,0,0,3.491272,0,0,95.01247,0.4987531,0.4987531,0.2493766
2022-07-15 15:09:06,0,0,4.785894,0,0,93.45088,1.511335,0,0
2022-07-15 15:09:05,0,0,5.735661,0,0,92.01995,1.745636,0.2493766,0
2022-07-15 15:09:04,0,0,3.722084,0.7444169,0,94.04467,0.9925558,0,0
2022-07-15 15:09:03,0,0,5.30303,0,0,92.17172,2.020202,0.2525253,0
2022-07-15 15:09:02,0,0,4.5,0.25,0,94.75,0.5,0,0
2022-07-15 15:09:01,0,0,4.488778,0.2493766,0,92.5187,1.4962594,0.4987531,0
2022-07-15 15:09:00,0,0,5.037783,0.5037783,0,93.19899,0.7556675,0,0
2022-07-15 15:08:59,0,0,4.292929,0,0,93.18182,2.272727,0,0
2022-07-15 15:08:58,0,0,4.987531,0,0,92.5187,1.745636,0.2493766,0
2022-07-15 15:08:57,0,0,4.020101,0.2512563,0,94.47236,0.7537688,0.2512563,0
2022-07-15 15:08:56,0,0,4.987531,0.4987531,0,92.01995,1.745636,0.2493766,0
2022-07-15 15:08:55,0,0,5.263158,0,0,92.98246,1.2531328,0.2506266,0
2022-07-15 15:08:54,0,0,3.535354,0.2525253,0,93.68687,1.5151515,0,0
2022-07-15 15:08:53,0,0,4.488778,0.2493766,0,93.51621,1.2468828,0.2493766,0
2022-07-15 15:08:52,0,0,4.5,0.75,0,91.75,2.25,0.25,0
2022-07-15 15:08:51,0,0,4.488778,0,0,93.01746,1.2468828,0.4987531,0
2022-07-15 15:08:50,0,0,5.513784,0,0,91.22807,1.5037594,0.2506266,0.2506266
2022-07-15 15:08:49,0,0,3.25,0,0,95.5,0.75,0.25,0
2022-07-15 15:08:48,0,0,4.761905,0.2506266,0,92.73183,1.754386,0,0
2022-07-15 15:08:47,0,0,4.239401,0,0,93.76559,1.4962594,0.2493766,0
2022-07-15 15:08:46,0,0,5.793451,0.2518892,0,90.17632,2.015113,0,0.2518892
2022-07-15 15:08:45,0,0,3.258145,0.2506266,0,94.48622,1.2531328,0,0
2022-07-15 15:08:44,0,0,4.5,0,0,94,1.25,0.25,0
2022-07-15 15:08:43,0,0,4.522613,0,0,93.71859,1.0050251,0,0
2022-07-15 15:08:42,0,0,4.71464,0.248139,0,93.30025,1.2406948,0.248139,0
2022-07-15 15:08:41,0,0,4.511278,0.5012531,0,91.4787,1.0025063,0.2506266,1.5037594
2022-07-15 15:08:40,0,0,3.75,0,0,94.25,1,0.25,0
2022-07-15 15:08:39,0,0,4.738155,0.2493766,0,93.26683,1.2468828,0,0
2022-07-15 15:08:38,0,0,4.785894,0,0,92.9471,1.763224,0,0
2022-07-15 15:08:37,0,0,4.239401,0,0,93.26683,1.995012,0.2493766,0
2022-07-15 15:08:36,0,0,4.738155,0.4987531,0,92.76808,1.2468828,0.2493766,0
2022-07-15 15:08:35,0,0,4.522613,0,0,93.46734,1.5075377,0,0
2022-07-15 15:08:34,0,0,4.271357,0,0,94.97487,0.7537688,0,0
2022-07-15 15:08:33,0,0,4.962779,0.248139,0,92.30769,1.2406948,0.248139,0
2022-07-15 15:08:32,0,0,4.292929,0,0,93.68687,1.767677,0,0
2022-07-15 15:08:31,0,0,4.75,0.25,0,93.25,1,0,0
2022-07-15 15:08:30,0,0,4.738155,0.2493766,0,93.01746,1.2468828,0.2493766,0
2022-07-15 15:08:29,0,0,4.271357,0,0,93.71859,1.2562814,0.5025126,0
2022-07-15 15:08:28,0,0,5.5,0,0,91.75,1.5,0,0.25
2022-07-15 15:08:27,0,0,3.233831,0.2487562,0,94.27861,1.4925373,0.2487562,0
2022-07-15 15:08:26,0,0,5.472637,0.2487562,0,92.28856,0.9950249,0.2487562,0
2022-07-15 15:08:25,0,0,4.25,0,0,94,1,0.25,0
2022-07-15 15:08:24,0,0,4.773869,0.2512563,0,93.21608,1.5075377,0,0
2022-07-15 15:08:23,0,0,4.785894,0.2518892,0,92.69521,1.763224,0,0
2022-07-15 15:08:22,0,0,3.25,0,0,95.5,0.75,0,0
2022-07-15 15:08:21,0,0,4.738155,0.2493766,0,92.5187,1.4962594,0.2493766,0
2022-07-15 15:08:20,0,0,4.511278,0,0,93.48371,1.754386,0,0
2022-07-15 15:08:19,0,0,5.289673,0.2518892,0,91.68766,1.2594458,0,1.2594458
2022-07-15 15:08:18,0,0,3.768844,0,0,93.96985,1.5075377,0.2512563,0
2022-07-15 15:08:17,0,0,4.785894,0,0,93.19899,1.511335,0.2518892,0
2022-07-15 15:08:16,0,0,4.71464,0.248139,0,93.05211,1.2406948,0.4962779,0
2022-07-15 15:08:15,0,0,5.778894,0,0,92.21106,1.758794,0,0
2022-07-15 15:08:14,0,0,3.508772,0.2506266,0,93.73434,1.0025063,0.2506266,0.2506266
2022-07-15 15:08:13,0,0,4.761905,0.2506266,0,93.48371,1.2531328,0,0
2022-07-15 15:08:12,0,0,4.477612,0.2487562,0,93.28358,1.4925373,0.2487562,0
2022-07-15 15:08:11,0,0,4.773869,0.2512563,0,93.46734,1.2562814,0,0
2022-07-15 15:08:10,0,0,4.726368,0,0,92.78607,1.741294,0.2487562,0
2022-07-15 15:08:09,0,0,4.726368,0,0,93.03483,1.4925373,0,0.2487562
2022-07-15 15:08:08,0,0,4.761905,0,0,92.4812,1.754386,0.5012531,0
2022-07-15 15:08:07,0,0,4.260652,0.2506266,0,93.48371,1.754386,0,0
2022-07-15 15:08:06,0,0,4.726368,0,0,92.78607,1.2437811,0.7462687,0
2022-07-15 15:08:05,0,0,5.025126,0.2512563,0,93.46734,0.7537688,0,0
2022-07-15 15:08:04,0,0,4.511278,0.2506266,0,93.23308,1.2531328,0.2506266,0
2022-07-15 15:08:03,0,0,4.726368,0,0,92.78607,1.741294,0.2487562,0
2022-07-15 15:08:02,0,0,5.25,0,0,93,1.25,0.25,0
2022-07-15 15:08:01,0,0,4.239401,0.4987531,0,91.02244,1.745636,0.2493766,0.2493766
2022-07-15 15:08:00,0,0,4.030227,0,0,93.95466,1.763224,0,0
2022-07-15 15:07:59,0,0,4.75,0.25,0,93.5,1,0.25,0
2022-07-15 15:07:58,0,0,4.25,0,0,93.75,1.5,0.25,0
2022-07-15 15:07:57,0,0,6.467662,0,0,89.30348,1.99005,0,1.2437811
2022-07-15 15:07:56,0,0,3.241895,0.2493766,0,95.26185,0.4987531,0.4987531,0
2022-07-15 15:07:55,0,0,4.260652,0,0,92.98246,2.255639,0,0
2022-07-15 15:07:54,0,0,4.303797,0.5063291,0,93.16456,1.5189873,0,0
2022-07-15 15:07:53,0,0,5.735661,0.2493766,0,91.27182,1.995012,0.2493766,0
2022-07-15 15:07:52,0,0,3.508772,0,0,94.23559,0.7518797,0.2506266,0.2506266
2022-07-15 15:07:51,0,0,4.511278,0.2506266,0,92.73183,2.005013,0,0
2022-07-15 15:07:50,0,0,4.75,0.25,0,93,1.25,0.25,0
2022-07-15 15:07:49,0,0,4.25,0,0,93.75,1.5,0.25,0
2022-07-15 15:07:48,0,0,4.785894,0,0,93.19899,1.0075567,0,0
2022-07-15 15:07:47,0,0,4,0.25,0,94.25,1,0.25,0
2022-07-15 15:07:46,0,0,4.738155,0,0,93.76559,1.2468828,0,0
2022-07-15 15:07:45,0,0,4.773869,0.5025126,0,93.46734,0.7537688,0.2512563,0
2022-07-15 15:07:44,0,0,4.239401,0,0,93.76559,1.4962594,0.2493766,0
2022-07-15 15:07:43,0,0,4.785894,0.2518892,0,93.19899,1.0075567,0,0
2022-07-15 15:07:42,0,0,4,0,0,94,1.5,0.25,0
2022-07-15 15:07:41,0,0,4.761905,0,0,93.73434,1.0025063,0.2506266,0
2022-07-15 15:07:40,0,0,4.785894,0,0,92.9471,1.511335,0,0
2022-07-15 15:07:39,0,0,4.488778,0.2493766,0,92.5187,1.4962594,0.4987531,0.2493766
2022-07-15 15:07:38,0,0,4.79798,0,0,92.92929,1.767677,0.2525253,0
2022-07-15 15:07:37,0,0,4.522613,0.2512563,0,93.21608,1.2562814,0,0
2022-07-15 15:07:36,0,0,4.738155,0.2493766,0,93.26683,1.4962594,0.2493766,0
2022-07-15 15:07:35,0,0,4.75,0.25,0,93.25,0.75,0,0
2022-07-15 15:07:34,0,0,3.990025,0.2493766,0,93.76559,1.4962594,0.2493766,0
2022-07-15 15:07:33,0,0,4.511278,0,0,93.48371,1.754386,0,0
2022-07-15 15:07:32,0,0,4.239401,0.2493766,0,94.26434,0.7481297,0,0
2022-07-15 15:07:31,0,0,5.541562,0.2518892,0,91.93955,2.015113,0,0
2022-07-15 15:07:30,0,0,4.962779,0.248139,0,90.07444,2.729529,0.4962779,0.248139
2022-07-15 15:07:29,0,0,3.274559,0,0,95.21411,1.0075567,0,0
2022-07-15 15:07:28,0,0,5,0.25,0,93.75,1,0,0
2022-07-15 15:07:27,0,0,4.785894,0,0,93.19899,1.511335,0,0
2022-07-15 15:07:26,0,0,4.773869,0.2512563,0,91.70854,1.2562814,0,1.758794
2022-07-15 15:07:25,0,0,3.491272,0.2493766,0,94.51372,0.9975062,0.2493766,0
2022-07-15 15:07:24,0,0,5.527638,0.2512563,0,92.71357,1.2562814,0,0
2022-07-15 15:07:23,0,0,4.282116,0.2518892,0,92.9471,2.267003,0,0
2022-07-15 15:07:22,0,0,5.459057,0.248139,0,91.31514,1.736973,0,0.248139
2022-07-15 15:07:21,0,0,3.266332,0,0,94.97487,1.2562814,0,0
2022-07-15 15:07:20,0,0,4.761905,0,0,93.23308,1.5037594,0,0
2022-07-15 15:07:19,0,0,4.761905,0,0,92.73183,1.2531328,0.2506266,0
2022-07-15 15:07:18,0,0,4.477612,0.2487562,0,93.53234,1.2437811,0,0
2022-07-15 15:07:17,0,0,4.785894,0,0,93.70277,1.0075567,0,0
2022-07-15 15:07:16,0,0,4.477612,0.2487562,0,92.53731,1.99005,0.2487562,0
2022-07-15 15:07:15,0,0,4.75,0.25,0,93.25,1.5,0,0
2022-07-15 15:07:14,0,0,4.511278,0,0,93.48371,1.754386,0,0
2022-07-15 15:07:13,0,0,4.239401,0.2493766,0,94.01496,0.9975062,0.2493766,0
2022-07-15 15:07:12,0,0,4.726368,0,0,92.53731,1.741294,0.2487562,0
2022-07-15 15:07:11,0,0,4.260652,0,0,93.23308,1.754386,0.2506266,0
2022-07-15 15:07:10,0,0,4.975124,0.2487562,0,92.78607,1.4925373,0,0.2487562
2022-07-15 15:07:09,0,0,5,0.25,0,92.75,1.5,0.25,0
2022-07-15 15:07:08,0,0,4.030227,0.2518892,0,94.20655,0.7556675,0.2518892,0
2022-07-15 15:07:07,0,0,4.738155,0,0,93.26683,1.4962594,0.2493766,0
2022-07-15 15:07:06,0,0,4.488778,0.4987531,0,92.5187,1.995012,0.2493766,0
2022-07-15 15:07:05,0,0,5.778894,0,0,92.96482,0.7537688,0,0
2022-07-15 15:07:04,0,0,5.970149,0.4975124,0,90.29851,1.2437811,0.2487562,0.4975124
2022-07-15 15:07:03,0,0,3,0.25,0,95.5,1.25,0,0
2022-07-15 15:07:02,0,0,4.314721,0,0,93.40102,1.2690355,0.2538071,0
2022-07-15 15:07:01,0,0,4.292929,0.5050505,0,93.18182,1.5151515,0,0
2022-07-15 15:07:00,0,0,5.223881,0,0,92.28856,1.741294,0.4975124,0
2022-07-15 15:06:59,0,0,4.25,0.25,0,93.25,1.25,0,0
2022-07-15 15:06:58,0,0,4.260652,0,0,94.23559,1.2531328,0,0
2022-07-15 15:06:57,0,0,4.75,0,0,93.75,1,0.25,0
2022-07-15 15:06:56,0,0,4.020101,0,0,93.96985,1.0050251,0.2512563,0
2022-07-15 15:06:55,0,0,5.19802,0.4950495,0,90.59406,1.4851485,0.2475248,0.4950495
2022-07-15 15:06:54,0,0,3.768844,0.2512563,0,95.22613,0.5025126,0,0
2022-07-15 15:06:53,0,0,4.5,0,0,93.5,1.5,0.25,0
2022-07-15 15:06:52,0,0,4.5,0.25,0,94,0.75,0.25,0
2022-07-15 15:06:51,0,0,4.773869,0,0,92.71357,1.2562814,0.2512563,0
2022-07-15 15:06:50,0,0,5.063291,0,0,93.41772,0.7594937,0.2531646,0
2022-07-15 15:06:49,0,0,4.522613,0,0,93.21608,1.2562814,0.2512563,0.2512563
2022-07-15 15:06:48,0,0,4.79798,0.2525253,0,93.43434,1.2626263,0,0
2022-07-15 15:06:47,0,0,4.477612,0.2487562,0,93.28358,1.4925373,0.2487562,0
2022-07-15 15:06:46,0,0,4.511278,0,0,93.73434,1.2531328,0.2506266,0
2022-07-15 15:06:45,0,0,4.773869,0.5025126,0,92.46231,1.758794,0,0
2022-07-15 15:06:44,0,0,4.25,0.25,0,94.25,0.75,0,0
2022-07-15 15:06:43,0,0,4.761905,0,0,93.73434,1.2531328,0,0
2022-07-15 15:06:42,0,0,4.488778,0.2493766,0,92.5187,1.2468828,0.4987531,0
2022-07-15 15:06:41,0,0,3.990025,0,0,93.51621,1.4962594,0.2493766,0
2022-07-15 15:06:40,0,0,4.534005,0.2518892,0,93.45088,1.511335,0,0
2022-07-15 15:06:39,0,0,4.488778,0.2493766,0,93.01746,1.4962594,0,0
2022-07-15 15:06:38,0,0,5.75,0,0,92.25,1.75,0,0
2022-07-15 15:06:37,0,0,4.271357,0.2512563,0,93.46734,1.2562814,0.2512563,0
2022-07-15 15:06:36,0,0,3.258145,0.2506266,0,94.23559,1.5037594,0.2506266,0
2022-07-15 15:06:35,0,0,4.773869,0.2512563,0,93.71859,0.7537688,0,0
2022-07-15 15:06:34,0,0,4.511278,0,0,93.98496,1.2531328,0,0
2022-07-15 15:06:33,0,0,5,0,0,92,1.75,0.25,0.25
2022-07-15 15:06:32,0,0,3.768844,0.5025126,0,94.22111,1.2562814,0,0
2022-07-15 15:06:31,0,0,4.534005,0.2518892,0,92.69521,1.511335,0,0.2518892
2022-07-15 15:06:30,0,0,4.75,0,0,93,1.75,0.25,0
2022-07-15 15:06:29,0,0,5.735661,0.4987531,0,91.27182,1.4962594,0.4987531,0
2022-07-15 15:06:28,0,0,3.508772,0,0,94.98747,1.0025063,0,0
2022-07-15 15:06:27,0,0,4.726368,0.2487562,0,92.78607,1.741294,0.2487562,0
2022-07-15 15:06:26,0,0,4.218362,0.248139,0,94.2928,0.7444169,0.248139,0
2022-07-15 15:06:25,0,0,5,0.25,0,92.75,1.5,0.25,0
2022-07-15 15:06:24,0,0,4.271357,0.5025126,0,93.21608,1.5075377,0.2512563,0
2022-07-15 15:06:23,0,0,4.761905,0,0,93.23308,1.5037594,0.2506266,0
2022-07-15 15:06:22,0,0,4.79798,0.5050505,0,93.43434,1.010101,0,0
2022-07-15 15:06:21,0,0,4.488778,0.2493766,0,93.26683,1.4962594,0,0
2022-07-15 15:06:20,0,0,5.276382,0.2512563,0,93.21608,1.0050251,0.2512563,0
2022-07-15 15:06:19,0,0,3.990025,0.2493766,0,93.51621,1.2468828,0.2493766,0
2022-07-15 15:06:18,0,0,5.276382,0,0,93.21608,1.2562814,0,0
2022-07-15 15:06:17,0,0,4.239401,0,0,94.01496,1.2468828,0.2493766,0
2022-07-15 15:06:16,0,0,5.236908,0.2493766,0,91.5212,1.4962594,0.2493766,0
2022-07-15 15:06:15,0,0,4.010025,0,0,93.73434,1.754386,0.2506266,0
2022-07-15 15:06:14,0,0,4.292929,0,0,93.93939,1.5151515,0,0
2022-07-15 15:06:13,0,0,4.738155,0.2493766,0,93.01746,1.4962594,0.2493766,0
2022-07-15 15:06:12,0,0,4.761905,0.2506266,0,92.73183,1.754386,0.2506266,0
2022-07-15 15:06:11,0,0,5.764411,0,0,91.97995,1.5037594,0,0.2506266
2022-07-15 15:06:10,0,0,3.759398,0.2506266,0,94.48622,0.7518797,0.2506266,0
2022-07-15 15:06:09,0,0,3.759398,0,0,94.98747,1.0025063,0,0
2022-07-15 15:06:08,0,0,5,0.25,0,93.25,1,0,0.25
2022-07-15 15:06:07,0,0,4.25,0.25,0,93,1.5,0.5,0
2022-07-15 15:06:06,0,0,4,0.25,0,89.5,2,0.25,3
2022-07-15 15:06:05,0,0,4.773869,0.2512563,0,93.21608,1.5075377,0,0
2022-07-15 15:06:04,0,0,4.5,0.25,0,93.25,1.75,0,0
2022-07-15 15:06:03,0,0,4.773869,0.2512563,0,92.96482,1.2562814,0.5025126,0
2022-07-15 15:06:02,0,0,4.987531,0.2493766,0,92.01995,1.4962594,0.2493766,0.2493766
2022-07-15 15:06:01,0,0,4.271357,0,0,93.71859,1.2562814,0,0.2512563
2022-07-15 15:06:00,0,0,4.5,0,0,93.5,1,0.25,0
2022-07-15 15:05:59,0,0,4.477612,0.2487562,0,93.03483,1.2437811,0.2487562,0
2022-07-15 15:05:58,0,0,4.79798,0,0,93.18182,1.767677,0,0
2022-07-15 15:05:57,0,0,4.010025,0.5012531,0,93.48371,1.2531328,0.2506266,0
2022-07-15 15:05:56,0,0,5,0,0,92.5,1.75,0.25,0
2022-07-15 15:05:55,0,0,4.239401,0.2493766,0,93.26683,1.4962594,0.2493766,0
2022-07-15 15:05:54,0,0,4.738155,0.2493766,0,93.26683,0.9975062,0.2493766,0
2022-07-15 15:05:53,0,0,4.568528,0,0,93.14721,1.77665,0.2538071,0
2022-07-15 15:05:52,0,0,4.5,0.25,0,93.25,1,0.5,0
2022-07-15 15:05:51,0,0,4.75,0.25,0,92.5,1.75,0.25,0
2022-07-15 15:05:50,0,0,4.556962,0.2531646,0,93.92405,1.0126582,0,0
2022-07-15 15:05:49,0,0,5.25,0.25,0,92.25,1.5,0.25,0
2022-07-15 15:05:48,0,0,4.010025,0.2506266,0,94.23559,1.0025063,0,0
2022-07-15 15:05:47,0,0,4.511278,0,0,92.98246,1.5037594,0.5012531,0
2022-07-15 15:05:46,0,0,4.75,0.5,0,92.75,1.5,0.25,0
2022-07-15 15:05:45,0,0,6.483791,0.2493766,0,88.02993,3.241895,0.2493766,0.2493766
2022-07-15 15:05:44,0,0,3.258145,0,0,95.48872,0.7518797,0.2506266,0
2022-07-15 15:05:43,0,0,3.5,0.25,0,94.75,1,0.25,0
2022-07-15 15:05:42,0,0,4.738155,0,0,93.01746,1.745636,0.2493766,0
2022-07-15 15:05:41,0,0,5.025126,0,0,91.9598,2.01005,0.5025126,0
2022-07-15 15:05:40,0,0,5.236908,0.2493766,0,92.76808,1.2468828,0.2493766,0
2022-07-15 15:05:39,0,0,3.768844,0,0,94.22111,1.5075377,0,0
2022-07-15 15:05:38,0,0,4.522613,0.2512563,0,93.46734,1.2562814,0,0
2022-07-15 15:05:37,0,0,4.726368,0.4975124,0,93.03483,1.2437811,0.2487562,0
2022-07-15 15:05:36,0,0,5.289673,0,0,92.9471,1.0075567,0,0
2022-07-15 15:05:35,0,0,3.731343,0.2487562,0,93.28358,1.741294,0.2487562,0.2487562
2022-07-15 15:05:34,0,0,4.511278,0,0,94.73684,0.5012531,0,0
2022-07-15 15:05:33,0,0,5,0.25,0,92.5,1.75,0.25,0
2022-07-15 15:05:32,0,0,4.260652,0.2506266,0,94.23559,1.0025063,0,0
2022-07-15 15:05:31,0,0,4.761905,0.2506266,0,92.98246,1.2531328,0.2506266,0
2022-07-15 15:05:30,0,0,4.761905,0,0,93.23308,1.754386,0,0
2022-07-15 15:05:29,0,0,4.738155,0.2493766,0,92.76808,1.745636,0.2493766,0
2022-07-15 15:05:28,0,0,4.5,0.25,0,93.25,1.75,0,0
2022-07-15 15:05:27,0,0,4.488778,0.2493766,0,93.26683,1.4962594,0.2493766,0
2022-07-15 15:05:26,0,0,4.761905,0,0,93.98496,1.0025063,0,0
2022-07-15 15:05:25,0,0,4.5,0,0,93.75,1,0.5,0
2022-07-15 15:05:24,0,0,4.962779,0.248139,0,93.79653,0.7444169,0.248139,0
2022-07-15 15:05:23,0,0,5.30303,0.2525253,0,91.91919,1.767677,0,0
2022-07-15 15:05:22,0,0,3.712871,0.2475248,0,92.82178,1.732673,0.2475248,0.2475248
2022-07-15 15:05:21,0,0,4.534005,0,0,93.45088,1.763224,0,0
2022-07-15 15:05:20,0,0,4.488778,0,0,93.01746,1.745636,0.2493766,0
2022-07-15 15:05:19,0,0,5.513784,0.2506266,0,92.23058,1.5037594,0.2506266,0
2022-07-15 15:05:18,0,0,4.75,0.25,0,92,1.5,0,0.5
2022-07-15 15:05:17,0,0,3.491272,0.2493766,0,94.76309,0.9975062,0.2493766,0
2022-07-15 15:05:16,0,0,4.511278,0,0,92.73183,1.754386,0.2506266,0
2022-07-15 15:05:15,0,0,4.271357,0.2512563,0,92.71357,2.512563,0,0.2512563
2022-07-15 15:05:14,0,0,5.472637,0.2487562,0,92.28856,1.4925373,0.2487562,0
2022-07-15 15:05:13,0,0,4.534005,0.2518892,0,91.93955,1.2594458,0,0
2022-07-15 15:05:12,0,0,4.010025,0,0,93.48371,1.754386,0.2506266,0
2022-07-15 15:05:11,0,0,4.511278,0.2506266,0,93.48371,1.0025063,0.2506266,0
2022-07-15 15:05:10,0,0,4.303797,0.2531646,0,93.41772,1.772152,0,0
2022-07-15 15:05:09,0,0,6.5,0.5,0,89,2.25,0.25,0.5
2022-07-15 15:05:08,0,0,3.030303,0,0,94.94949,1.2626263,0,0
2022-07-15 15:05:07,0,0,4.511278,0,0,93.98496,1.0025063,0.2506266,0
2022-07-15 15:05:06,0,0,4.761905,0.2506266,0,93.23308,1.0025063,0.2506266,0
2022-07-15 15:05:05,0,0,5.050505,0,0,92.92929,1.2626263,0,0
2022-07-15 15:05:04,0,0,4.75,0,0,94,0.75,0.25,0
2022-07-15 15:05:03,0,0,4.218362,0.248139,0,94.04467,0.9925558,0.248139,0
2022-07-15 15:05:02,0,0,4.761905,0.2506266,0,93.23308,1.2531328,0.2506266,0
2022-07-15 15:05:01,0,0,4.75,0,0,93.75,1.25,0,0
2022-07-15 15:05:00,0,0,4.522613,0,0,93.71859,1.0050251,0.2512563,0
2022-07-15 15:04:59,0,0,4.5,0,0,93,1.75,0.5,0
2022-07-15 15:04:58,0,0,4.738155,0.4987531,0,93.26683,1.2468828,0,0
2022-07-15 15:04:57,0,0,4.726368,0,0,93.28358,1.2437811,0.2487562,0.2487562
2022-07-15 15:04:56,0,0,4.5,0.25,0,91.5,1.75,0.25,1.25
2022-07-15 15:04:55,0,0,3.9801,0.2487562,0,93.78109,1.4925373,0.2487562,0
2022-07-15 15:04:54,0,0,4.556962,0,0,93.92405,1.0126582,0,0
2022-07-15 15:04:53,0,0,4.477612,0.2487562,0,93.53234,1.2437811,0.2487562,0
2022-07-15 15:04:52,0,0,5.793451,0,0,90.6801,2.267003,0,0.2518892
2022-07-15 15:04:51,0,0,3.740648,0.2493766,0,94.26434,1.2468828,0.2493766,0
2022-07-15 15:04:50,0,0,4.75,0.25,0,92.25,1.5,0.75,0
2022-07-15 15:04:49,0,0,4.556962,0,0,93.41772,1.5189873,0,0
2022-07-15 15:04:48,0,0,4.987531,0.2493766,0,92.5187,1.745636,0.2493766,0
2022-07-15 15:04:47,0,0,4.75,0.25,0,92.75,1.5,0.25,0
2022-07-15 15:04:46,0,0,5,0,0,92.75,2,0,0
2022-07-15 15:04:45,0,0,4.040404,0,0,94.19192,1.010101,0.2525253,0
2022-07-15 15:04:44,0,0,4.75,0,0,93.5,1,0.25,0
2022-07-15 15:04:43,0,0,6.265664,0,0,91.4787,1.5037594,0.2506266,0
2022-07-15 15:04:42,0,0,4.010025,0.5012531,0,94.23559,1.0025063,0,0
2022-07-15 15:04:41,0,0,3.731343,0,0,94.52736,0.9950249,0.2487562,0
2022-07-15 15:04:40,0,0,5.236908,0.2493766,0,93.01746,1.2468828,0,0
2022-07-15 15:04:39,0,0,4.239401,0.2493766,0,92.5187,1.2468828,0.4987531,0.2493766
2022-07-15 15:04:38,0,0,5.263158,0,0,93.23308,1.0025063,0.2506266,0
2022-07-15 15:04:37,0,0,4.534005,0,0,92.69521,1.763224,0.2518892,0
2022-07-15 15:04:36,0,0,4.75,0.25,0,93.25,1.5,0,0
2022-07-15 15:04:35,0,0,4.738155,0.2493766,0,93.76559,0.7481297,0.2493766,0
2022-07-15 15:04:34,0,0,5.025126,0,0,92.71357,1.758794,0,0
2022-07-15 15:04:33,0,0,4.738155,0,0,93.76559,0.7481297,0.2493766,0
2022-07-15 15:04:32,0,0,5.19802,0.2475248,0,92.32673,1.4851485,0,0
2022-07-15 15:04:31,0,0,4.785894,0,0,93.45088,1.0075567,0.2518892,0
2022-07-15 15:04:30,0,0,5.236908,0,0,93.01746,1.2468828,0.2493766,0
2022-07-15 15:04:29,0,0,3.9801,0.2487562,0,92.53731,0.9950249,0.2487562,1.2437811
2022-07-15 15:04:28,0,0,4.738155,0.2493766,0,94.01496,0.9975062,0,0
2022-07-15 15:04:27,0,0,4.522613,0,0,94.22111,0.7537688,0.2512563,0
2022-07-15 15:04:26,0,0,6.451613,0.4962779,0,90.81886,1.4888337,0.248139,0
2022-07-15 15:04:25,0,0,4.010025,0,0,93.23308,1.2531328,0,0.7518797
2022-07-15 15:04:24,0,0,4.5,0.25,0,93.75,1,0.25,0
2022-07-15 15:04:23,0,0,4.488778,0,0,94.26434,0.9975062,0,0
2022-07-15 15:04:22,0,0,5.223881,0.2487562,0,92.78607,1.2437811,0.2487562,0
2022-07-15 15:04:21,0,0,7.828283,0,0,89.14141,1.5151515,0.5050505,0.5050505
2022-07-15 15:04:20,0,0,4.282116,0.2518892,0,93.70277,1.511335,0,0
2022-07-15 15:04:19,0,0,3.970223,0.4962779,0,93.05211,0.7444169,0.248139,0.7444169
2022-07-15 15:04:18,0,0,3.9801,0,0,94.27861,0.9950249,0.2487562,0.4975124
2022-07-15 15:04:17,0,0,5.012531,0.2506266,0,91.4787,1.5037594,0.2506266,1.0025063
2022-07-15 15:04:16,0,0,3.5,0,0,93.5,1,0,1
2022-07-15 15:04:15,0,0,4.239401,0,0,93.51621,1.4962594,0.4987531,0
2022-07-15 15:04:14,0,0,5.012531,0.2506266,0,92.98246,1.2531328,0.2506266,0
2022-07-15 15:04:13,0,0,4.488778,0.4987531,0,92.5187,1.745636,0.2493766,0
2022-07-15 15:04:12,0,0,5.236908,0.2493766,0,93.26683,0.7481297,0,0
2022-07-15 15:04:11,0,0,5,0,0,92.75,1.75,0.25,0
2022-07-15 15:04:10,0,0,4.522613,0.2512563,0,93.71859,1.2562814,0,0
2022-07-15 15:04:09,0,0,4.975124,0.2487562,0,92.78607,1.2437811,0.2487562,0
2022-07-15 15:04:08,0,0,4.761905,0,0,93.48371,1.0025063,0.2506266,0
2022-07-15 15:04:07,0,0,4.75,0.25,0,93.5,1.25,0,0
2022-07-15 15:04:06,0,0,5,0.25,0,92.25,1.75,0.25,0
2022-07-15 15:04:05,0,0,4.987531,0,0,92.76808,1.745636,0.2493766,0
2022-07-15 15:04:04,0,0,4.761905,0.2506266,0,92.23058,1.754386,0.2506266,0
2022-07-15 15:04:03,0,0,5.5,0,0,92,1.75,0,0
2022-07-15 15:04:02,0,0,3.75,0,0,94.5,1.25,0,0
2022-07-15 15:04:01,0,0,5.25,0.5,0,92,1.5,0.25,0
2022-07-15 15:04:00,0,0,4.773869,0,0,93.21608,1.758794,0,0
2022-07-15 15:03:59,0,0,6.265664,0.5012531,0,90.47619,1.754386,0,0.2506266
2022-07-15 15:03:58,0,0,3.759398,0.2506266,0,93.48371,1.754386,0.2506266,0
2022-07-15 15:03:57,0,0,4,0.25,0,94,1,0.25,0
2022-07-15 15:03:56,0,0,5.276382,0,0,93.46734,0.7537688,0.2512563,0
2022-07-15 15:03:55,0,0,4.466501,0.248139,0,93.30025,1.2406948,0.248139,0
2022-07-15 15:03:54,0,0,5.25,0,0,92,2.25,0,0.25
2022-07-15 15:03:53,0,0,5.037783,0,0,91.93955,1.511335,0.5037783,0
2022-07-15 15:03:52,0,0,3.960396,0.2475248,0,94.30693,1.2376238,0,0
2022-07-15 15:03:51,0,0,5.050505,0,0,92.92929,1.2626263,0.2525253,0
2022-07-15 15:03:50,0,0,5.735661,0.2493766,0,89.77556,2.743142,0,0.7481297
2022-07-15 15:03:49,0,0,3.508772,0.5012531,0,92.98246,1.0025063,0.2506266,1.2531328
2022-07-15 15:03:48,0,0,4.738155,0.2493766,0,93.01746,1.4962594,0,0
2022-07-15 15:03:47,0,0,4.761905,0,0,93.23308,1.754386,0,0
2022-07-15 15:03:46,0,0,4.987531,0.2493766,0,93.26683,1.2468828,0,0
2022-07-15 15:03:45,0,0,4.761905,0.2506266,0,92.73183,1.754386,0,0.2506266
2022-07-15 15:03:44,0,0,4.987531,0,0,93.26683,1.2468828,0,0
2022-07-15 15:03:43,0,0,4.822335,0.5076142,0,92.13198,1.77665,0.2538071,0
2022-07-15 15:03:42,0,0,5,0.25,0,92.5,1.5,0.25,0
2022-07-15 15:03:41,0,0,5,0,0,93,1.25,0.25,0
2022-07-15 15:03:40,0,0,4.761905,0,0,93.73434,1.0025063,0,0
2022-07-15 15:03:39,0,0,4.5,0.25,0,92.25,2.5,0.25,0
2022-07-15 15:03:38,0,0,4.975124,0,0,93.78109,0.7462687,0.2487562,0
2022-07-15 15:03:37,0,0,4.773869,0,0,93.21608,1.5075377,0,0
2022-07-15 15:03:36,0,0,5.012531,0.2506266,0,92.4812,1.754386,0,0
2022-07-15 15:03:35,0,0,4.25,0,0,94,1.25,0.25,0
2022-07-15 15:03:34,0,0,5.037783,0.2518892,0,92.9471,1.0075567,0.2518892,0.2518892
2022-07-15 15:03:33,0,0,6.25,0.25,0,90.5,1.75,0.25,0.25
2022-07-15 15:03:32,0,0,3.970223,0.4962779,0,93.30025,1.736973,0,0
2022-07-15 15:03:31,0,0,4.271357,0,0,93.71859,1.758794,0.2512563,0
2022-07-15 15:03:30,0,0,4.773869,0.2512563,0,92.71357,1.758794,0,0
2022-07-15 15:03:29,0,0,4.75,0.25,0,92.75,1.5,0.5,0
2022-07-15 15:03:28,0,0,4.75,0,0,93,1.5,0.25,0
2022-07-15 15:03:27,0,0,5,0.25,0,92.75,1.75,0,0
2022-07-15 15:03:26,0,0,4.5,0,0,91.75,1,0.25,0.5
2022-07-15 15:03:25,0,0,4.5,0,0,94,0.75,0,0.25
2022-07-15 15:03:24,0,0,5.5,0.5,0,91.75,2,0,0
2022-07-15 15:03:23,0,0,5.276382,0,0,90.95477,1.5075377,0,1.2562814
2022-07-15 15:03:22,0,0,4.239401,0,0,93.51621,1.4962594,0.2493766,0
2022-07-15 15:03:21,0,0,5,0.5,0,93,1.25,0,0
2022-07-15 15:03:20,0,0,4.738155,0.2493766,0,93.26683,1.2468828,0,0
2022-07-15 15:03:19,0,0,5.276382,0,0,93.21608,1.0050251,0.2512563,0
2022-07-15 15:03:18,0,0,4.75,0.25,0,92.75,1.5,0.25,0
2022-07-15 15:03:17,0,0,4.75,0.25,0,93.25,1.5,0,0
2022-07-15 15:03:16,0,0,5.486284,0.2493766,0,91.77057,1.995012,0.2493766,0
2022-07-15 15:03:15,0,0,4.761905,0,0,93.48371,1.0025063,0.2506266,0
2022-07-15 15:03:14,0,0,5,0,0,93.75,0.75,0,0
2022-07-15 15:03:13,0,0,4.511278,0,0,93.48371,1.5037594,0.2506266,0
2022-07-15 15:03:12,0,0,5.012531,0,0,93.48371,1.0025063,0,0
2022-07-15 15:03:11,0,0,4.761905,0.2506266,0,92.4812,1.5037594,0.5012531,0
2022-07-15 15:03:10,0,0,5.486284,0.4987531,0,92.01995,0.9975062,0.2493766,0.4987531
2022-07-15 15:03:09,0,0,5.513784,0,0,92.23058,1.5037594,0,0.2506266
2022-07-15 15:03:08,0,0,4.75,0.25,0,93.5,1.25,0,0.25
2022-07-15 15:03:07,0,0,4.260652,0.5012531,0,91.22807,1.754386,0.2506266,1.754386
2022-07-15 15:03:06,0,0,2.777778,0,0,93.93939,1.010101,0,1.5151515
2022-07-15 15:03:05,0,0,5,0.5,0,92.5,1.25,0.25,0
2022-07-15 15:03:04,0,0,4.260652,0.2506266,0,92.98246,1.5037594,0.2506266,0
2022-07-15 15:03:03,0,0,5.25,0.25,0,93,1,0.25,0
2022-07-15 15:03:02,0,0,4.488778,0.2493766,0,93.76559,1.2468828,0,0
2022-07-15 15:03:01,0,0,5.025126,0.5025126,0,92.71357,0.7537688,0.2512563,0
2022-07-15 15:03:00,0,0,5.764411,0.2506266,0,91.4787,1.5037594,0.2506266,0
2022-07-15 15:02:59,0,0,3.5,0.25,0,95,1,0,0
2022-07-15 15:02:58,0,0,5.223881,0.2487562,0,92.28856,1.741294,0.2487562,0
2022-07-15 15:02:57,0,0,5.025126,0.5025126,0,92.96482,1.2562814,0,0
2022-07-15 15:02:56,0,0,4.75,0.25,0,92,1.75,0.25,0
2022-07-15 15:02:55,0,0,4.75,0,0,93.75,1,0.25,0
2022-07-15 15:02:54,0,0,4.260652,0.2506266,0,94.23559,1.0025063,0,0
2022-07-15 15:02:53,0,0,5.513784,0,0,92.4812,1.0025063,0.5012531,0
2022-07-15 15:02:52,0,0,4.239401,0.2493766,0,93.26683,1.2468828,0.4987531,0
2022-07-15 15:02:51,0,0,5.050505,0.2525253,0,92.17172,1.767677,0.2525253,0
2022-07-15 15:02:50,0,0,4.738155,0.2493766,0,93.26683,1.4962594,0,0
2022-07-15 15:02:49,0,0,4.761905,0.2506266,0,93.48371,0.7518797,0.2506266,0
2022-07-15 15:02:48,0,0,5,0,0,93,1.5,0.25,0
2022-07-15 15:02:47,0,0,4.75,0,0,93.25,1.5,0.25,0
2022-07-15 15:02:46,0,0,4.522613,0,0,93.46734,1.2562814,0.2512563,0
2022-07-15 15:02:45,0,0,5.223881,0.4975124,0,91.79104,1.4925373,0.4975124,0
2022-07-15 15:02:44,0,0,4.020101,0,0,94.47236,1.0050251,0.2512563,0
2022-07-15 15:02:43,0,0,4.962779,0.248139,0,90.81886,1.985112,0.248139,0.4962779
2022-07-15 15:02:42,0,0,4.228856,0,0,93.78109,1.2437811,0.2487562,0
2022-07-15 15:02:41,0,0,4.773869,0.2512563,0,93.46734,1.0050251,0,0
2022-07-15 15:02:40,0,0,4.75,0,0,92.75,1.5,0.25,0
2022-07-15 15:02:39,0,0,4.738155,0,0,93.01746,1.4962594,0,0
2022-07-15 15:02:38,0,0,4.511278,0.2506266,0,92.4812,2.005013,0.5012531,0
2022-07-15 15:02:37,0,0,4.488778,0.2493766,0,93.76559,1.2468828,0,0
2022-07-15 15:02:36,0,0,4.810127,0,0,93.16456,1.5189873,0.2531646,0
2022-07-15 15:02:35,0,0,4.477612,0.4975124,0,92.78607,1.741294,0,0
2022-07-15 15:02:34,0,0,4.292929,0,0,93.93939,1.2626263,0.2525253,0
2022-07-15 15:02:33,0,0,4.975124,0,0,92.53731,1.2437811,0,0.2487562
2022-07-15 15:02:32,0,0,3.740648,0.2493766,0,94.76309,0.7481297,0.2493766,0
2022-07-15 15:02:31,0,0,5.012531,0,0,93.23308,1.2531328,0.2506266,0
2022-07-15 15:02:30,0,0,5.25,0.25,0,92.25,1.25,0.25,0
2022-07-15 15:02:29,0,0,3.517588,0,0,93.71859,1.5075377,0.2512563,0
2022-07-15 15:02:28,0,0,4.511278,0.5012531,0,92.73183,2.005013,0,0
2022-07-15 15:02:27,0,0,4.950495,0.2475248,0,92.82178,1.2376238,0.2475248,0
2022-07-15 15:02:26,0,0,4.79798,0,0,93.18182,1.5151515,0.2525253,0
2022-07-15 15:02:25,0,0,4.5,0.25,0,89,5.75,0,0
2022-07-15 15:02:24,0,0,4.5,0.25,0,93,1.5,0.25,0
2022-07-15 15:02:23,0,0,4.75,0,0,93,1.75,0.25,0
2022-07-15 15:02:22,0,0,4.292929,0.5050505,0,93.93939,1.010101,0,0
2022-07-15 15:02:21,0,0,4.987531,0.4987531,0,92.26933,1.4962594,0.2493766,0.2493766
2022-07-15 15:02:20,0,0,4.260652,0.2506266,0,92.98246,1.754386,0.2506266,0
2022-07-15 15:02:19,0,0,4.545455,0.2525253,0,93.18182,1.2626263,0.2525253,0
2022-07-15 15:02:18,0,0,4.761905,0.2506266,0,93.48371,1.0025063,0,0
2022-07-15 15:02:17,0,0,5.012531,0,0,93.23308,1.5037594,0,0
2022-07-15 15:02:16,0,0,4.010025,0.2506266,0,93.98496,1.0025063,0.5012531,0
2022-07-15 15:02:15,0,0,4.260652,0.2506266,0,92.98246,1.5037594,0,0
2022-07-15 15:02:14,0,0,4.761905,0,0,93.98496,1.0025063,0,0
2022-07-15 15:02:13,0,0,5.25,0,0,92.5,1.25,0.25,0
2022-07-15 15:02:12,0,0,3.508772,0.2506266,0,93.73434,2.005013,0,0
2022-07-15 15:02:11,0,0,5.025126,0.2512563,0,92.21106,1.5075377,0.5025126,0
2022-07-15 15:02:10,0,0,4.271357,0,0,93.71859,1.758794,0,0
2022-07-15 15:02:09,0,0,5,0.25,0,93,1,0.25,0
2022-07-15 15:02:08,0,0,4.5,0.25,0,93.5,1.5,0,0
2022-07-15 15:02:07,0,0,4.75,0,0,93.25,1.5,0,0.25
2022-07-15 15:02:06,0,0,4.239401,0.2493766,0,94.01496,0.9975062,0.2493766,0
2022-07-15 15:02:05,0,0,4.785894,0.2518892,0,92.9471,1.2594458,0,0
2022-07-15 15:02:04,0,0,4.761905,0.2506266,0,93.98496,0.7518797,0.2506266,0
2022-07-15 15:02:03,0,0,5.025126,0.2512563,0,90.20101,1.758794,0.2512563,0.5025126
2022-07-15 15:02:02,0,0,3.731343,0.2487562,0,94.27861,1.2437811,0,0
2022-07-15 15:02:01,0,0,4.534005,0.2518892,0,92.69521,1.511335,0.2518892,0
2022-07-15 15:02:00,0,0,4.239401,0.2493766,0,94.01496,0.7481297,0.2493766,0
2022-07-15 15:01:59,0,0,5,0,0,92.25,2.5,0,0
2022-07-15 15:01:58,0,0,4.534005,0.2518892,0,93.19899,1.2594458,0.2518892,0
2022-07-15 15:01:57,0,0,4.5,0.5,0,92.5,2,0,0
2022-07-15 15:01:56,0,0,5.012531,0,0,93.23308,1.0025063,0.2506266,0
2022-07-15 15:01:55,0,0,4.282116,0.2518892,0,94.45844,0.5037783,0.2518892,0
2022-07-15 15:01:54,0,0,4.773869,0,0,93.71859,1.2562814,0,0
2022-07-15 15:01:53,0,0,4.228856,0.4975124,0,93.03483,1.741294,0.2487562,0
2022-07-15 15:01:52,0,0,4.761905,0,0,93.48371,1.2531328,0,0
2022-07-15 15:01:51,0,0,5.793451,0.2518892,0,91.43577,1.763224,0,0
2022-07-15 15:01:50,0,0,3.258145,0.2506266,0,94.48622,1.2531328,0.5012531,0
2022-07-15 15:01:49,0,0,4.522613,0.2512563,0,93.71859,1.0050251,0.2512563,0
2022-07-15 15:01:48,0,0,4.488778,0.4987531,0,92.76808,1.745636,0.2493766,0
2022-07-15 15:01:47,0,0,4.545455,0,0,93.43434,1.5151515,0.2525253,0
2022-07-15 15:01:46,0,0,4.511278,0.2506266,0,92.73183,1.2531328,0.2506266,0
2022-07-15 15:01:45,0,0,4.477612,0,0,93.78109,1.2437811,0.2487562,0
2022-07-15 15:01:44,0,0,4.488778,0,0,93.76559,1.2468828,0.2493766,0
2022-07-15 15:01:43,0,0,4.488778,0,0,93.76559,1.4962594,0,0
2022-07-15 15:01:42,0,0,4.522613,0.2512563,0,93.21608,1.0050251,0.2512563,0
2022-07-15 15:01:41,0,0,4.271357,0.2512563,0,92.96482,1.5075377,0,0.2512563
2022-07-15 15:01:40,0,0,4.975124,0.2487562,0,92.78607,0.9950249,0.2487562,0
2022-07-15 15:01:39,0,0,3.970223,0,0,94.2928,1.2406948,0.248139,0
2022-07-15 15:01:38,0,0,4.522613,0.2512563,0,93.71859,1.0050251,0.2512563,0
2022-07-15 15:01:37,0,0,4.738155,0.2493766,0,93.26683,0.9975062,0.2493766,0
2022-07-15 15:01:36,0,0,4.314721,0,0,93.90863,1.0152284,0,0
2022-07-15 15:01:35,0,0,4.773869,0.2512563,0,92.46231,2.01005,0,0
2022-07-15 15:01:34,0,0,4.522613,0.5025126,0,93.21608,1.2562814,0,0
2022-07-15 15:01:33,0,0,4.511278,0,0,94.23559,1.0025063,0,0
2022-07-15 15:01:32,0,0,4.761905,0,0,92.4812,1.5037594,0.2506266,0.2506266
2022-07-15 15:01:31,0,0,4.556962,0,0,93.41772,1.5189873,0,0
2022-07-15 15:01:30,0,0,4.5,0.5,0,92.5,2,0,0
2022-07-15 15:01:29,0,0,4.71464,0.248139,0,92.55583,1.736973,0.248139,0.248139
2022-07-15 15:01:28,0,0,4.761905,0.2506266,0,92.73183,1.5037594,0.2506266,0
2022-07-15 15:01:27,0,0,4.260652,0.2506266,0,93.73434,1.2531328,0.2506266,0
2022-07-15 15:01:26,0,0,4.71464,0.4962779,0,91.81141,1.985112,0.248139,0
2022-07-15 15:01:25,0,0,4.761905,0,0,93.98496,1.2531328,0,0
2022-07-15 15:01:24,0,0,4.761905,0.2506266,0,90.72682,1.0025063,0.5012531,1.0025063
2022-07-15 15:01:23,0,0,4.522613,0.2512563,0,93.21608,1.5075377,0.2512563,0
2022-07-15 15:01:22,0,0,5.012531,0.7518797,0,92.73183,1.2531328,0,0
2022-07-15 15:01:21,0,0,4.271357,0,0,92.46231,1.758794,0.2512563,0
2022-07-15 15:01:20,0,0,5.276382,0.2512563,0,92.46231,1.5075377,0,0
2022-07-15 15:01:19,0,0,3.508772,0,0,94.23559,1.754386,0,0
2022-07-15 15:01:18,0,0,4.511278,0.2506266,0,93.23308,1.5037594,0.2506266,0
2022-07-15 15:01:17,0,0,4.726368,0,0,93.53234,1.2437811,0,0.2487562
2022-07-15 15:01:16,0,0,4.271357,0,0,93.71859,1.5075377,0.2512563,0
2022-07-15 15:01:15,0,0,4.75,0,0,92.75,1.75,0.25,0
2022-07-15 15:01:14,0,0,5.263158,0.2506266,0,92.4812,1.2531328,0,0
2022-07-15 15:01:13,0,0,3.722084,0.248139,0,94.2928,0.9925558,0.248139,0
2022-07-15 15:01:12,0,0,4.822335,0.2538071,0,93.14721,1.2690355,0,0
2022-07-15 15:01:11,0,0,4.271357,0.2512563,0,93.46734,1.2562814,0.2512563,0
2022-07-15 15:01:10,0,0,5.236908,0,0,91.5212,2.244389,0,0.2493766
2022-07-15 15:01:09,0,0,3.768844,0.2512563,0,93.46734,1.758794,0.2512563,0
2022-07-15 15:01:08,0,0,4.271357,0.2512563,0,92.96482,1.5075377,0.2512563,0
2022-07-15 15:01:07,0,0,4.511278,0.2506266,0,92.98246,2.005013,0,0
2022-07-15 15:01:06,0,0,4.738155,0,0,92.76808,1.745636,0.2493766,0
2022-07-15 15:01:05,0,0,5.236908,0.2493766,0,92.5187,1.4962594,0.2493766,0
2022-07-15 15:01:04,0,0,4.726368,0.2487562,0,92.53731,1.741294,0,0
2022-07-15 15:01:03,0,0,4.545455,0.5050505,0,92.92929,1.5151515,0,0
2022-07-15 15:01:02,0,0,4.511278,0,0,94.48622,1.0025063,0,0
2022-07-15 15:01:01,0,0,4.987531,0.2493766,0,92.76808,0.9975062,0.2493766,0
2022-07-15 15:01:00,0,0,5.263158,0,0,92.98246,1.0025063,0.2506266,0
2022-07-15 15:00:59,0,0,4.511278,0,0,92.98246,1.5037594,0.5012531,0
2022-07-15 15:00:58,0,0,5.276382,0,0,92.71357,1.758794,0,0
2022-07-15 15:00:57,0,0,3.9801,0,0,94.27861,0.9950249,0.2487562,0
2022-07-15 15:00:56,0,0,4.271357,0.2512563,0,93.46734,1.2562814,0.2512563,0
2022-07-15 15:00:55,0,0,4.5,0.25,0,93.5,1.5,0,0
2022-07-15 15:00:54,0,0,4.511278,0,0,93.23308,1.5037594,0.2506266,0
2022-07-15 15:00:53,0,0,4.761905,0.2506266,0,92.4812,1.754386,0.2506266,0
2022-07-15 15:00:52,0,0,4.260652,0.2506266,0,93.98496,0.7518797,0.2506266,0
2022-07-15 15:00:51,0,0,4.282116,0,0,93.70277,1.763224,0,0
2022-07-15 15:00:50,0,0,4.987531,0.2493766,0,92.5187,1.745636,0,0
2022-07-15 15:00:49,0,0,4.271357,0,0,94.22111,1.2562814,0,0
2022-07-15 15:00:48,0,0,5.012531,0,0,92.23058,2.005013,0.2506266,0
2022-07-15 15:00:47,0,0,4.511278,0.2506266,0,93.23308,1.0025063,0.2506266,0
2022-07-15 15:00:46,0,0,4.260652,0,0,93.98496,1.0025063,0.2506266,0
2022-07-15 15:00:45,0,0,4.726368,0,0,92.78607,1.99005,0.2487562,0
2022-07-15 15:00:44,0,0,4.511278,0.2506266,0,94.23559,0.7518797,0,0
2022-07-15 15:00:43,0,0,4.488778,0.2493766,0,90.52369,1.2468828,0.4987531,0.4987531
2022-07-15 15:00:42,0,0,4.228856,0,0,93.53234,1.741294,0.2487562,0
2022-07-15 15:00:41,0,0,4.534005,0,0,92.9471,1.511335,0,0.2518892
2022-07-15 15:00:40,0,0,4.785894,0.5037783,0,92.9471,1.2594458,0.2518892,0
2022-07-15 15:00:39,0,0,4.511278,0.2506266,0,92.98246,1.5037594,0.2506266,0
2022-07-15 15:00:38,0,0,4.75,0.25,0,93.5,1.5,0,0
2022-07-15 15:00:37,0,0,4.738155,0,0,93.26683,0.9975062,0.2493766,0
2022-07-15 15:00:36,0,0,4.511278,0.2506266,0,92.98246,1.754386,0,0
2022-07-15 15:00:35,0,0,4.773869,0,0,93.71859,1.2562814,0,0
2022-07-15 15:00:34,0,0,4.25,0.25,0,93.5,1.25,0,0
2022-07-15 15:00:33,0,0,4.79798,0.2525253,0,93.43434,1.2626263,0,0
2022-07-15 15:00:32,0,0,4.455446,0.2475248,0,93.06931,1.732673,0.2475248,0
2022-07-15 15:00:31,0,0,5.037783,0.2518892,0,93.19899,1.0075567,0,0
2022-07-15 15:00:30,0,0,3.731343,0,0,94.77612,0.9950249,0.2487562,0
2022-07-15 15:00:29,0,0,4.773869,0,0,93.96985,1.0050251,0,0
2022-07-15 15:00:28,0,0,4.691358,0,0,93.33333,1.4814815,0.2469136,0
2022-07-15 15:00:27,0,0,4.773869,0.2512563,0,91.45729,1.758794,0,1.0050251
2022-07-15 15:00:26,0,0,4,0,0,93.75,1.5,0.25,0
2022-07-15 15:00:25,0,0,4.239401,0,0,93.26683,1.745636,0.2493766,0
2022-07-15 15:00:24,0,0,5.012531,0.5012531,0,92.23058,1.754386,0,0
2022-07-15 15:00:23,0,0,4.282116,0.2518892,0,93.45088,1.511335,0,0
2022-07-15 15:00:22,0,0,4.975124,0.2487562,0,92.78607,1.4925373,0.2487562,0
2022-07-15 15:00:21,0,0,5.263158,0,0,90.72682,1.754386,0.2506266,0.7518797
2022-07-15 15:00:20,0,0,3.535354,0.2525253,0,94.69697,1.2626263,0.2525253,0
2022-07-15 15:00:19,0,0,5.210918,0.4962779,0,92.30769,1.4888337,0.248139,0
2022-07-15 15:00:18,0,0,4.25,0,0,93,2,0.25,0
2022-07-15 15:00:17,0,0,5.486284,0.4987531,0,91.02244,1.995012,0,0.7481297
2022-07-15 15:00:16,0,0,3.75,0.25,0,94.75,1,0,0
2022-07-15 15:00:15,0,0,4.260652,0,0,94.48622,0.7518797,0.2506266,0
2022-07-15 15:00:14,0,0,5,0.25,0,93.25,1,0,0
2022-07-15 15:00:13,0,0,4.260652,0.2506266,0,94.23559,1.0025063,0.2506266,0
2022-07-15 15:00:12,0,0,4.987531,0.2493766,0,93.01746,0.7481297,0.4987531,0
2022-07-15 15:00:11,0,0,4.545455,0,0,93.18182,1.5151515,0.5050505,0
2022-07-15 15:00:10,0,0,4.511278,0,0,92.98246,1.754386,0.2506266,0
2022-07-15 15:00:09,0,0,5.486284,0.2493766,0,91.77057,1.4962594,0,0.2493766
2022-07-15 15:00:08,0,0,3.759398,0,0,94.23559,1.5037594,0.2506266,0
2022-07-15 15:00:07,0,0,4.726368,0.2487562,0,92.53731,1.741294,0.2487562,0
2022-07-15 15:00:06,0,0,4.568528,0,0,94.67005,0.5076142,0,0
2022-07-15 15:00:05,0,0,5.236908,0.2493766,0,92.26933,1.4962594,0.2493766,0
2022-07-15 15:00:04,0,0,4.75,0.5,0,92.5,2,0,0
2022-07-15 15:00:03,0,0,7.556675,0,0,89.92443,2.015113,0.2518892,0
2022-07-15 15:00:02,0,0,2.736318,0.2487562,0,95.52239,0.9950249,0.2487562,0.2487562
2022-07-15 15:00:01,0,0,5.263158,0,0,91.4787,2.005013,0.2506266,0.2506266
2022-07-15 15:00:00,0,0,4.040404,0.2525253,0,93.18182,1.767677,0.2525253,0
2022-07-15 14:59:59,0,0,4.477612,0.2487562,0,93.03483,1.741294,0.2487562,0
2022-07-15 14:59:58,0,0,4.738155,0.2493766,0,93.01746,0.9975062,0.2493766,0
2022-07-15 14:59:57,0,0,4.738155,0.2493766,0,92.76808,1.745636,0.2493766,0
2022-07-15 14:59:56,0,0,4.5,0,0,93.5,1.25,0.25,0
2022-07-15 14:59:55,0,0,5.316456,0,0,92.91139,1.2658228,0.2531646,0
2022-07-15 14:59:54,0,0,4.5,0.25,0,92.75,1.5,0.25,0
2022-07-15 14:59:53,0,0,4.020101,0,0,94.47236,0.7537688,0.2512563,0
2022-07-15 14:59:52,0,0,4.75,0.25,0,93.5,1.25,0,0
2022-07-15 14:59:51,0,0,4.260652,0,0,92.98246,2.005013,0.2506266,0
2022-07-15 14:59:50,0,0,5.276382,0.2512563,0,92.21106,1.758794,0,0
2022-07-15 14:59:49,0,0,4.010025,0.5012531,0,93.23308,1.5037594,0.2506266,0
2022-07-15 14:59:48,0,0,4.488778,0.2493766,0,92.76808,1.995012,0,0
2022-07-15 14:59:47,0,0,4.761905,0,0,94.23559,0.7518797,0.2506266,0
2022-07-15 14:59:46,0,0,4.5,0.5,0,92.75,2,0,0
2022-07-15 14:59:45,0,0,4.773869,0.2512563,0,92.96482,1.2562814,0.2512563,0
2022-07-15 14:59:44,0,0,4.511278,0.2506266,0,93.48371,1.2531328,0.2506266,0
2022-07-15 14:59:43,0,0,5.050505,0,0,92.92929,1.2626263,0.2525253,0
2022-07-15 14:59:42,0,0,4.239401,0.2493766,0,93.76559,0.4987531,0.2493766,0.2493766
2022-07-15 14:59:41,0,0,4.020101,0.2512563,0,93.46734,1.758794,0.2512563,0
2022-07-15 14:59:40,0,0,4.785894,0.2518892,0,92.9471,1.511335,0,0
2022-07-15 14:59:39,0,0,4.5,0.25,0,93.25,1.5,0.25,0
2022-07-15 14:59:38,0,0,4.738155,0.2493766,0,93.01746,1.2468828,0.2493766,0
2022-07-15 14:59:37,0,0,4.726368,0.4975124,0,93.03483,1.2437811,0.2487562,0
2022-07-15 14:59:36,0,0,4.511278,0.2506266,0,93.48371,1.2531328,0.2506266,0
2022-07-15 14:59:35,0,0,4.5,0,0,93.25,2,0,0
2022-07-15 14:59:34,0,0,5.236908,0.4987531,0,92.5187,0.9975062,0.2493766,0
2022-07-15 14:59:33,0,0,3.75,0.25,0,93.5,1.5,0.5,0
2022-07-15 14:59:32,0,0,4.522613,0.2512563,0,93.46734,1.5075377,0,0
2022-07-15 14:59:31,0,0,4.785894,0.2518892,0,93.95466,0.7556675,0,0
2022-07-15 14:59:30,0,0,4.260652,0.2506266,0,93.48371,1.2531328,0.2506266,0
2022-07-15 14:59:29,0,0,4.975124,0.2487562,0,92.78607,1.741294,0.2487562,0
2022-07-15 14:59:28,0,0,5.076142,0,0,91.62437,2.030457,0,0
2022-07-15 14:59:27,0,0,3.75,0.25,0,94.25,1.25,0.25,0
2022-07-15 14:59:26,0,0,4.75,0.25,0,93,1.5,0.25,0
2022-07-15 14:59:25,0,0,4.522613,0.2512563,0,93.71859,1.2562814,0,0
2022-07-15 14:59:24,0,0,5.75,0.25,0,91.25,1.75,0.25,0
2022-07-15 14:59:23,0,0,3.291139,0,0,93.67089,2.025316,0.2531646,0
2022-07-15 14:59:22,0,0,5,0.25,0,92.5,1.5,0,0
2022-07-15 14:59:21,0,0,4.271357,0.2512563,0,93.46734,1.0050251,0.2512563,0
2022-07-15 14:59:20,0,0,4.738155,0.4987531,0,91.5212,1.995012,0.4987531,0
2022-07-15 14:59:19,0,0,4.987531,0.2493766,0,92.76808,1.745636,0,0
2022-07-15 14:59:18,0,0,4.522613,0.2512563,0,93.21608,1.5075377,0.2512563,0
2022-07-15 14:59:17,0,0,5,0,0,94,0.75,0,0
2022-07-15 14:59:16,0,0,4.761905,0.2506266,0,92.98246,1.5037594,0,0
2022-07-15 14:59:15,0,0,4.239401,0.2493766,0,93.51621,1.4962594,0.2493766,0
2022-07-15 14:59:14,0,0,4.511278,0,0,93.98496,1.2531328,0,0
2022-07-15 14:59:13,0,0,4.5,0.5,0,93.25,1.5,0,0
2022-07-15 14:59:12,0,0,4.738155,0.2493766,0,93.26683,1.2468828,0.2493766,0
2022-07-15 14:59:11,0,0,4.773869,0,0,93.46734,1.2562814,0,0
2022-07-15 14:59:10,0,0,4.5,0.25,0,93,1.75,0.25,0
2022-07-15 14:59:09,0,0,4.726368,0,0,93.78109,0.7462687,0.2487562,0.2487562
2022-07-15 14:59:08,0,0,4.5,0.25,0,93.5,1.5,0,0
2022-07-15 14:59:07,0,0,4.761905,0.5012531,0,91.4787,1.5037594,0.2506266,0.2506266
2022-07-15 14:59:06,0,0,3.990025,0,0,95.01247,0.7481297,0,0
2022-07-15 14:59:05,0,0,5.808081,0.2525253,0,91.66667,1.2626263,0.2525253,0.2525253
2022-07-15 14:59:04,0,0,4.726368,0.2487562,0,93.03483,1.2437811,0.2487562,0
2022-07-15 14:59:03,0,0,4.75,0,0,92.75,2.25,0,0
2022-07-15 14:59:02,0,0,4.761905,0.5012531,0,92.4812,1.754386,0,0
2022-07-15 14:59:01,0,0,4.5,0.25,0,92.75,1.25,0,0
2022-07-15 14:59:00,0,0,4.25,0,0,94,1,0.25,0
2022-07-15 14:58:59,0,0,5,0,0,93.25,1.25,0.25,0
2022-07-15 14:58:58,0,0,4.477612,0.4975124,0,93.28358,0.9950249,0.2487562,0
2022-07-15 14:58:57,0,0,4.79798,0,0,92.42424,1.5151515,0,0
2022-07-15 14:58:56,0,0,4.228856,0,0,93.78109,1.2437811,0.4975124,0
2022-07-15 14:58:55,0,0,4.761905,0,0,93.48371,1.0025063,0.2506266,0
2022-07-15 14:58:54,0,0,4.522613,0.5025126,0,92.71357,1.758794,0.2512563,0
2022-07-15 14:58:53,0,0,4.726368,0,0,93.53234,1.2437811,0.2487562,0
2022-07-15 14:58:52,0,0,4.75,0.25,0,92.75,1.25,0.25,0
2022-07-15 14:58:51,0,0,4.303797,0,0,94.43038,0.7594937,0.2531646,0
2022-07-15 14:58:50,0,0,4.987531,0.2493766,0,93.01746,1.4962594,0,0
2022-07-15 14:58:49,0,0,4.511278,0,0,92.4812,1.754386,0.2506266,0
2022-07-15 14:58:48,0,0,3.740648,0,0,94.26434,1.4962594,0.2493766,0
2022-07-15 14:58:47,0,0,5.012531,0.2506266,0,92.73183,1.5037594,0.2506266,0
2022-07-15 14:58:46,0,0,4.466501,0.4962779,0,93.54839,1.2406948,0,0
2022-07-15 14:58:45,0,0,4.987531,0.7481297,0,92.26933,1.4962594,0.2493766,0
2022-07-15 14:58:44,0,0,4.260652,0,0,93.73434,1.754386,0,0
2022-07-15 14:58:43,0,0,4.75,0,0,93.75,1,0.25,0
2022-07-15 14:58:42,0,0,4.488778,0.4987531,0,92.5187,1.745636,0.2493766,0
2022-07-15 14:58:41,0,0,4.75,0.25,0,91.75,1.5,0.25,0.25
2022-07-15 14:58:40,0,0,4.260652,0.2506266,0,94.48622,0.7518797,0,0
2022-07-15 14:58:39,0,0,4.488778,0.7481297,0,93.01746,1.2468828,0.2493766,0
2022-07-15 14:58:38,0,0,4.477612,0.2487562,0,93.53234,1.4925373,0,0
2022-07-15 14:58:37,0,0,5.25,0.25,0,91.75,1.75,0.25,0
2022-07-15 14:58:36,0,0,4.25,0.25,0,93,1.75,0.25,0
2022-07-15 14:58:35,0,0,5.555556,0,0,91.91919,1.767677,0.2525253,0
2022-07-15 14:58:34,0,0,3.5,0,0,95.25,0.75,0.25,0
2022-07-15 14:58:33,0,0,4.975124,0.4975124,0,92.53731,1.2437811,0.4975124,0
2022-07-15 14:58:32,0,0,4.511278,0,0,93.73434,1.0025063,0.2506266,0
2022-07-15 14:58:31,0,0,5.037783,0,0,92.44332,1.511335,0,0
2022-07-15 14:58:30,0,0,3.75,0.25,0,94.75,1,0,0
2022-07-15 14:58:29,0,0,4.477612,0,0,93.28358,0.9950249,0.4975124,0
2022-07-15 14:58:28,0,0,5.025126,0,0,92.71357,1.758794,0.2512563,0
2022-07-15 14:58:27,0,0,4.5,0,0,93.75,1.25,0,0
2022-07-15 14:58:26,0,0,4.511278,0.2506266,0,93.48371,1.5037594,0,0
2022-07-15 14:58:25,0,0,4.75,0,0,93.75,1,0.25,0
2022-07-15 14:58:24,0,0,4.5,0.25,0,93.75,1.25,0,0
2022-07-15 14:58:23,0,0,5.5,0,0,92,1.25,0.25,0
2022-07-15 14:58:22,0,0,3.491272,0.2493766,0,94.26434,1.2468828,0.4987531,0
2022-07-15 14:58:21,0,0,4.25,0.25,0,93.25,1.5,0.25,0
2022-07-15 14:58:20,0,0,5.012531,0,0,92.73183,2.005013,0.2506266,0
2022-07-15 14:58:19,0,0,5.276382,0,0,92.46231,1.758794,0,0
2022-07-15 14:58:18,0,0,4.75,0.5,0,92.5,1.25,0.5,0
2022-07-15 14:58:17,0,0,5.037783,0,0,92.9471,1.763224,0,0
2022-07-15 14:58:16,0,0,4.5,0.25,0,92,2.5,0.25,0
2022-07-15 14:58:15,0,0,5,0.25,0,89.5,2,0.25,2.25
2022-07-15 14:58:14,0,0,3.258145,0.2506266,0,95.2381,1.0025063,0,0
2022-07-15 14:58:13,0,0,4,0.25,0,93.75,1.75,0,0
2022-07-15 14:58:12,0,0,4.75,0.5,0,94,0.75,0,0
2022-07-15 14:58:11,0,0,4.292929,0.2525253,0,93.18182,1.5151515,0,0
2022-07-15 14:58:10,0,0,5.012531,0.5012531,0,92.23058,1.5037594,0.2506266,0
2022-07-15 14:58:09,0,0,4.271357,0.2512563,0,92.71357,2.01005,0.2512563,0
2022-07-15 14:58:08,0,0,6.265664,0.5012531,0,91.72932,0.7518797,0,0
2022-07-15 14:58:07,0,0,4.75,0.25,0,93,1.25,0.5,0.25
2022-07-15 14:58:06,0,0,4.010025,0.2506266,0,93.48371,1.5037594,0,0.2506266
2022-07-15 14:58:05,0,0,5.527638,0.5025126,0,91.70854,1.758794,0.2512563,0
2022-07-15 14:58:04,0,0,4,0,0,93.75,1.5,0,0
2022-07-15 14:58:03,0,0,4.761905,0.2506266,0,91.97995,2.005013,0.7518797,0
2022-07-15 14:58:02,0,0,3.990025,0,0,94.01496,1.4962594,0,0
2022-07-15 14:58:01,0,0,4.987531,0.2493766,0,92.76808,1.2468828,0.4987531,0
2022-07-15 14:58:00,0,0,4.477612,0.4975124,0,92.53731,1.4925373,0.2487562,0
2022-07-15 14:57:59,0,0,4.545455,0.2525253,0,93.68687,0.7575758,0,0
2022-07-15 14:57:58,0,0,4.71464,0.248139,0,92.80397,1.4888337,0.248139,0
2022-07-15 14:57:57,0,0,4.239401,0.4987531,0,93.51621,1.2468828,0.2493766,0
2022-07-15 14:57:56,0,0,5.289673,0,0,91.43577,1.511335,0.2518892,0.5037783
2022-07-15 14:57:55,0,0,3.990025,0.2493766,0,94.01496,1.2468828,0.2493766,0
2022-07-15 14:57:54,0,0,4.761905,0,0,93.98496,0.7518797,0.2506266,0
2022-07-15 14:57:53,0,0,4.75,0.25,0,92,2.25,0.25,0
2022-07-15 14:57:52,0,0,4.260652,0.2506266,0,93.73434,1.0025063,0.2506266,0
2022-07-15 14:57:51,0,0,4.773869,0.2512563,0,92.46231,1.758794,0,0
2022-07-15 14:57:50,0,0,4.511278,0.5012531,0,93.23308,1.5037594,0,0
2022-07-15 14:57:49,0,0,4.75,0.25,0,93,1.5,0.25,0
2022-07-15 14:57:48,0,0,5.037783,0.2518892,0,92.69521,1.2594458,0,0
2022-07-15 14:57:47,0,0,4,0.25,0,94,1.25,0,0.25
2022-07-15 14:57:46,0,0,4.522613,0.2512563,0,92.96482,1.758794,0,0
2022-07-15 14:57:45,0,0,4.477612,0,0,93.28358,1.4925373,0.4975124,0
2022-07-15 14:57:44,0,0,4.75,0,0,93.25,1.75,0,0
2022-07-15 14:57:43,0,0,4.773869,0.2512563,0,91.9598,2.261307,0.5025126,0
2022-07-15 14:57:42,0,0,4.761905,0.2506266,0,92.98246,1.2531328,0,0
2022-07-15 14:57:41,0,0,4.239401,0.2493766,0,93.26683,1.4962594,0.2493766,0
2022-07-15 14:57:40,0,0,4,0.25,0,94.25,1.25,0,0
2022-07-15 14:57:39,0,0,5.012531,0.2506266,0,92.4812,1.754386,0.2506266,0
2022-07-15 14:57:38,0,0,5.223881,0.2487562,0,91.29353,1.99005,0.2487562,0.2487562
2022-07-15 14:57:37,0,0,3.768844,0,0,94.97487,0.7537688,0,0
2022-07-15 14:57:36,0,0,5.025126,0.2512563,0,92.71357,1.5075377,0,0
2022-07-15 14:57:35,0,0,3.731343,0,0,93.78109,1.741294,0.2487562,0
2022-07-15 14:57:34,0,0,5.050505,0,0,92.67677,1.5151515,0,0.2525253
2022-07-15 14:57:33,0,0,4.5,0.25,0,92.5,2,0.25,0
2022-07-15 14:57:32,0,0,4.987531,0.2493766,0,92.5187,1.2468828,0.4987531,0
2022-07-15 14:57:31,0,0,4.773869,0.2512563,0,92.96482,1.5075377,0.2512563,0
2022-07-15 14:57:30,0,0,5.012531,0.5012531,0,92.23058,1.5037594,0,0
2022-07-15 14:57:29,0,0,4.030227,0.2518892,0,94.20655,0.7556675,0,0
2022-07-15 14:57:28,0,0,4.020101,0,0,94.47236,1.0050251,0.2512563,0
2022-07-15 14:57:27,0,0,4.761905,0.2506266,0,93.73434,1.0025063,0,0
2022-07-15 14:57:26,0,0,4.726368,0,0,93.53234,0.9950249,0.2487562,0
2022-07-15 14:57:25,0,0,4.239401,0,0,94.26434,0.7481297,0.2493766,0
2022-07-15 14:57:24,0,0,5,0.25,0,93.25,1,0.25,0
2022-07-15 14:57:23,0,0,4.260652,0,0,92.98246,1.754386,0.2506266,0
2022-07-15 14:57:22,0,0,5.472637,0.2487562,0,92.0398,1.99005,0,0
2022-07-15 14:57:21,0,0,3.535354,0,0,94.44444,1.2626263,0,0
2022-07-15 14:57:20,0,0,4.726368,0.2487562,0,92.53731,1.741294,0.2487562,0
2022-07-15 14:57:19,0,0,4.5,0.25,0,92.5,2,0.5,0
2022-07-15 14:57:18,0,0,4.292929,0,0,93.68687,1.5151515,0,0
2022-07-15 14:57:17,0,0,4.987531,0.2493766,0,93.01746,1.2468828,0,0
2022-07-15 14:57:16,0,0,4.5,0.25,0,93.25,1.75,0,0
2022-07-15 14:57:15,0,0,4.726368,0.4975124,0,92.53731,1.4925373,0.2487562,0
2022-07-15 14:57:14,0,0,4.726368,0.2487562,0,93.28358,1.4925373,0,0
2022-07-15 14:57:13,0,0,4.488778,0.2493766,0,92.76808,1.745636,0.2493766,0
2022-07-15 14:57:12,0,0,4.761905,0.5012531,0,93.23308,1.2531328,0,0
2022-07-15 14:57:11,0,0,4.282116,0.2518892,0,92.9471,1.511335,0.2518892,0
2022-07-15 14:57:10,0,0,4.466501,0.4962779,0,92.80397,1.736973,0.248139,0
2022-07-15 14:57:09,0,0,4.534005,0,0,93.70277,1.2594458,0.2518892,0
2022-07-15 14:57:08,0,0,4.75,0,0,92.5,2.25,0,0
2022-07-15 14:57:07,0,0,4.522613,0.2512563,0,93.46734,1.2562814,0.2512563,0
2022-07-15 14:57:06,0,0,4.987531,0.2493766,0,93.01746,0.9975062,0,0
2022-07-15 14:57:05,0,0,5.5,0.25,0,91.75,1.5,0.25,0
2022-07-15 14:57:04,0,0,5.276382,0,0,92.46231,1.5075377,0.2512563,0
2022-07-15 14:57:03,0,0,4.488778,0.4987531,0,91.5212,1.995012,0,0.2493766
2022-07-15 14:57:02,0,0,4.271357,0.2512563,0,93.71859,1.2562814,0.2512563,0
2022-07-15 14:57:01,0,0,4.773869,0,0,93.21608,1.5075377,0.2512563,0
2022-07-15 14:57:00,0,0,4.71464,0.248139,0,92.80397,1.4888337,0.248139,0
2022-07-15 14:56:59,0,0,4.5,0,0,93.5,1.75,0,0
2022-07-15 14:56:58,0,0,4.785894,0,0,93.45088,1.2594458,0,0
2022-07-15 14:56:57,0,0,4.271357,0.2512563,0,93.96985,0.7537688,0.2512563,0
2022-07-15 14:56:56,0,0,4.975124,0,0,92.78607,1.741294,0.2487562,0
2022-07-15 14:56:55,0,0,4.5,0.25,0,92.75,1.25,0.25,0.25
2022-07-15 14:56:54,0,0,4.020101,0,0,94.97487,0.7537688,0,0
2022-07-15 14:56:53,0,0,5.276382,0.2512563,0,92.71357,1.5075377,0.2512563,0
2022-07-15 14:56:52,0,0,4.020101,0.2512563,0,92.96482,1.758794,0,0
2022-07-15 14:56:51,0,0,5.012531,0.5012531,0,91.72932,2.255639,0,0
2022-07-15 14:56:50,0,0,4.534005,0.2518892,0,92.19144,1.763224,0.5037783,0
2022-07-15 14:56:49,0,0,5.289673,0.2518892,0,91.68766,1.511335,0,0
2022-07-15 14:56:48,0,0,3.75,0.25,0,93.25,2.25,0,0
2022-07-15 14:56:47,0,0,4.477612,0.4975124,0,93.03483,1.4925373,0.2487562,0
2022-07-15 14:56:46,0,0,5.025126,0.2512563,0,92.96482,1.5075377,0,0
2022-07-15 14:56:45,0,0,5.276382,0.2512563,0,92.46231,1.0050251,0.2512563,0
2022-07-15 14:56:44,0,0,3.759398,0,0,94.98747,0.7518797,0.2506266,0
2022-07-15 14:56:43,0,0,4.455446,0.4950495,0,93.31683,1.2376238,0.2475248,0
2022-07-15 14:56:42,0,0,4.522613,0.2512563,0,92.96482,1.5075377,0.2512563,0
2022-07-15 14:56:41,0,0,4.79798,0,0,92.92929,1.767677,0,0
2022-07-15 14:56:40,0,0,4.25,0.25,0,93.75,1.25,0.25,0
2022-07-15 14:56:39,0,0,4.75,0.25,0,93.5,1.25,0,0
2022-07-15 14:56:38,0,0,4.522613,0,0,93.96985,1.2562814,0,0
2022-07-15 14:56:37,0,0,4.950495,0.2475248,0,90.59406,1.4851485,0,1.980198
2022-07-15 14:56:36,0,0,3.990025,0,0,94.51372,0.9975062,0.2493766,0
2022-07-15 14:56:35,0,0,4.25,0.25,0,94,1,0.25,0
2022-07-15 14:56:34,0,0,4.987531,0,0,92.76808,1.745636,0,0
2022-07-15 14:56:33,0,0,4.030227,0,0,94.20655,1.0075567,0.5037783,0
2022-07-15 14:56:32,0,0,4.962779,0.248139,0,92.05955,1.736973,0.248139,0
2022-07-15 14:56:31,0,0,4.761905,0.2506266,0,92.73183,1.5037594,0.2506266,0
2022-07-15 14:56:30,0,0,4.5,0.25,0,93.25,1.25,0.25,0
2022-07-15 14:56:29,0,0,5.75,0.25,0,91.25,1.5,0.5,0
2022-07-15 14:56:28,0,0,3.25,0,0,95,1.5,0,0
2022-07-15 14:56:27,0,0,5.289673,0,0,92.69521,1.2594458,0.2518892,0
2022-07-15 14:56:26,0,0,4.726368,0,0,92.53731,1.99005,0.2487562,0
2022-07-15 14:56:25,0,0,4.726368,0.4975124,0,93.03483,1.2437811,0.2487562,0
2022-07-15 14:56:24,0,0,5.012531,0.2506266,0,92.23058,2.005013,0,0
2022-07-15 14:56:23,0,0,4.260652,0.2506266,0,93.48371,1.754386,0,0
2022-07-15 14:56:22,0,0,5.486284,0.2493766,0,91.02244,1.745636,0.2493766,0.2493766
2022-07-15 14:56:21,0,0,4.260652,0.2506266,0,93.48371,1.2531328,0,0
2022-07-15 14:56:20,0,0,4.5,0,0,93.25,1.75,0,0
2022-07-15 14:56:19,0,0,5.037783,0.5037783,0,92.44332,1.0075567,0.5037783,0
2022-07-15 14:56:18,0,0,4.534005,0.2518892,0,92.9471,1.511335,0,0
2022-07-15 14:56:17,0,0,4.975124,0.2487562,0,93.03483,1.4925373,0,0
2022-07-15 14:56:16,0,0,4.25,0.25,0,93,1.5,0.5,0
2022-07-15 14:56:15,0,0,4.773869,0.2512563,0,92.71357,1.758794,0,0
2022-07-15 14:56:14,0,0,4.773869,0.5025126,0,92.46231,1.2562814,0.2512563,0
2022-07-15 14:56:13,0,0,4.761905,0,0,93.73434,1.0025063,0.2506266,0
2022-07-15 14:56:12,0,0,4.738155,0.2493766,0,92.76808,1.4962594,0.4987531,0
2022-07-15 14:56:11,0,0,4.785894,0.2518892,0,93.45088,1.2594458,0,0
2022-07-15 14:56:10,0,0,5.025126,0.5025126,0,91.20603,2.261307,0.2512563,0
2022-07-15 14:56:09,0,0,4.477612,0.2487562,0,93.03483,1.4925373,0.2487562,0
2022-07-15 14:56:08,0,0,4.773869,0.2512563,0,92.71357,1.758794,0.2512563,0
2022-07-15 14:56:07,0,0,4.975124,0.2487562,0,93.28358,1.4925373,0,0
2022-07-15 14:56:06,0,0,4.511278,0,0,93.48371,1.2531328,0,0
2022-07-15 14:56:05,0,0,5.486284,0.2493766,0,91.5212,2.493766,0,0
2022-07-15 14:56:04,0,0,4.773869,0.2512563,0,92.71357,1.5075377,0.5025126,0
2022-07-15 14:56:03,0,0,5,0.25,0,93.5,1,0,0
2022-07-15 14:56:02,0,0,5,0.25,0,91.5,2.5,0.25,0
2022-07-15 14:56:01,0,0,4.271357,0.2512563,0,93.46734,1.0050251,0,0
2022-07-15 14:56:00,0,0,5.025126,0.2512563,0,92.21106,2.261307,0.2512563,0
2022-07-15 14:55:59,0,0,4.5,0.25,0,93.25,1.5,0,0
2022-07-15 14:55:58,0,0,5.012531,0,0,92.23058,2.255639,0.2506266,0
2022-07-15 14:55:57,0,0,5.025126,0.2512563,0,93.21608,1.2562814,0,0
2022-07-15 14:55:56,0,0,5.75,0,0,91.75,1.25,0.5,0.25
2022-07-15 14:55:55,0,0,3.731343,0.2487562,0,94.52736,0.9950249,0,0
2022-07-15 14:55:54,0,0,5,0.25,0,92.5,2,0.25,0
2022-07-15 14:55:53,0,0,5.263158,0.5012531,0,91.22807,1.754386,0.2506266,0
2022-07-15 14:55:52,0,0,4.5,0,0,93.5,1.5,0.25,0
2022-07-15 14:55:51,0,0,5,0.25,0,92.25,1,0.25,0.25
2022-07-15 14:55:50,0,0,4.271357,0,0,94.22111,1.2562814,0,0
2022-07-15 14:55:49,0,0,5.236908,0.2493766,0,92.76808,1.745636,0,0
2022-07-15 14:55:48,0,0,4.25,0,0,94.25,0.75,0.25,0
2022-07-15 14:55:47,0,0,4.75,0.25,0,93.5,1.25,0,0
2022-07-15 14:55:46,0,0,4.522613,0.2512563,0,92.71357,1.758794,0,0
2022-07-15 14:55:45,0,0,4.761905,0,0,93.98496,1.2531328,0,0
2022-07-15 14:55:44,0,0,5.210918,0.4962779,0,91.31514,1.4888337,0.248139,0
2022-07-15 14:55:43,0,0,3.526448,0,0,94.20655,1.2594458,0.2518892,0.2518892
2022-07-15 14:55:42,0,0,4.5,0.25,0,93,2,0,0
2022-07-15 14:55:41,0,0,4.5,0.25,0,92.75,1.75,0.25,0
2022-07-15 14:55:40,0,0,4.738155,0.4987531,0,92.76808,1.745636,0,0
2022-07-15 14:55:39,0,0,4.260652,0.2506266,0,92.98246,1.5037594,0.2506266,0.2506266
2022-07-15 14:55:38,0,0,4.987531,0.4987531,0,92.76808,0.9975062,0,0
2022-07-15 14:55:37,0,0,4.271357,0,0,93.71859,1.2562814,0.2512563,0
2022-07-15 14:55:36,0,0,5.037783,0,0,92.44332,1.763224,0,0
2022-07-15 14:55:35,0,0,3.9801,0.4975124,0,93.78109,0.9950249,0.2487562,0
2022-07-15 14:55:34,0,0,4.282116,0.2518892,0,93.95466,1.0075567,0,0
2022-07-15 14:55:33,0,0,4.761905,0.2506266,0,93.48371,1.0025063,0.2506266,0
2022-07-15 14:55:32,0,0,4.228856,0.2487562,0,93.78109,1.2437811,0.2487562,0
2022-07-15 14:55:31,0,0,5.063291,0,0,92.40506,1.2658228,0.2531646,0
2022-07-15 14:55:30,0,0,4.5,0.5,0,92.5,2.25,0,0
2022-07-15 14:55:29,0,0,5.025126,0,0,90.95477,1.758794,0.2512563,1.2562814
2022-07-15 14:55:28,0,0,3.491272,0.2493766,0,94.76309,0.9975062,0.2493766,0
2022-07-15 14:55:27,0,0,5.263158,0,0,92.73183,1.5037594,0,0
2022-07-15 14:55:26,0,0,4.040404,0,0,93.93939,1.5151515,0.2525253,0
2022-07-15 14:55:25,0,0,4.987531,0.2493766,0,92.26933,1.995012,0,0
2022-07-15 14:55:24,0,0,4.239401,0,0,93.76559,1.745636,0.2493766,0
2022-07-15 14:55:23,0,0,4.488778,0.2493766,0,93.76559,0.9975062,0,0
2022-07-15 14:55:22,0,0,5.037783,0,0,93.45088,1.0075567,0.2518892,0
2022-07-15 14:55:21,0,0,4.260652,0.2506266,0,92.98246,1.754386,0,0
2022-07-15 14:55:20,0,0,4.773869,0.2512563,0,93.71859,1.0050251,0.2512563,0
2022-07-15 14:55:19,0,0,4.455446,0.2475248,0,93.06931,1.732673,0.2475248,0
2022-07-15 14:55:18,0,0,5.037783,0,0,92.44332,1.763224,0.2518892,0
2022-07-15 14:55:17,0,0,4.75,0.25,0,92,2.25,0,0.25
2022-07-15 14:55:16,0,0,4.010025,0.2506266,0,93.48371,1.754386,0,0
2022-07-15 14:55:15,0,0,4.773869,0.2512563,0,93.21608,1.2562814,0.2512563,0
2022-07-15 14:55:14,0,0,5.223881,0.2487562,0,92.0398,1.99005,0,0
2022-07-15 14:55:13,0,0,4.773869,0,0,92.96482,1.758794,0.2512563,0
2022-07-15 14:55:12,0,0,4.511278,0,0,93.48371,1.754386,0,0
2022-07-15 14:55:11,0,0,4.75,0,0,93,1.75,0,0
2022-07-15 14:55:10,0,0,4.987531,0.4987531,0,92.5187,1.2468828,0.2493766,0
2022-07-15 14:55:09,0,0,4.25,0,0,93.75,1.25,0,0.25
2022-07-15 14:55:08,0,0,4.239401,0.2493766,0,93.26683,1.995012,0,0
2022-07-15 14:55:07,0,0,4.773869,0.2512563,0,92.71357,1.758794,0,0
2022-07-15 14:55:06,0,0,4.545455,0.2525253,0,92.92929,2.020202,0,0
2022-07-15 14:55:05,0,0,5.223881,0.2487562,0,92.78607,0.9950249,0.2487562,0
2022-07-15 14:55:04,0,0,4.488778,0.2493766,0,93.51621,1.745636,0,0
2022-07-15 14:55:03,0,0,4.5,0.25,0,94,0.5,0.25,0
2022-07-15 14:55:02,0,0,4.761905,0.2506266,0,91.22807,2.005013,0.5012531,0.7518797
2022-07-15 14:55:01,0,0,4.010025,0.2506266,0,93.73434,1.2531328,0,0
2022-07-15 14:55:00,0,0,4.785894,0,0,93.70277,0.7556675,0.2518892,0
2022-07-15 14:54:59,0,0,5.5,0.25,0,92.25,1.25,0.25,0
2022-07-15 14:54:58,0,0,3.535354,0.2525253,0,94.19192,1.2626263,0,0
2022-07-15 14:54:57,0,0,4.522613,0.2512563,0,93.46734,1.2562814,0.2512563,0
2022-07-15 14:54:56,0,0,4.488778,0.4987531,0,93.26683,1.2468828,0,0
2022-07-15 14:54:55,0,0,5.263158,0.2506266,0,92.4812,1.5037594,0,0
2022-07-15 14:54:54,0,0,4.239401,0,0,93.51621,1.4962594,0.2493766,0
2022-07-15 14:54:53,0,0,5.289673,0,0,93.19899,1.0075567,0,0
2022-07-15 14:54:52,0,0,4.239401,0,0,94.26434,0.9975062,0.4987531,0
2022-07-15 14:54:51,0,0,5.25,0.25,0,92,1.25,0.25,0
2022-07-15 14:54:50,0,0,3.990025,0.2493766,0,93.76559,0.9975062,0.4987531,0
2022-07-15 14:54:49,0,0,4.75,0.25,0,93,1.5,0,0
2022-07-15 14:54:48,0,0,4.761905,0.5012531,0,92.73183,1.5037594,0,0
2022-07-15 14:54:47,0,0,4.260652,0,0,94.73684,0.7518797,0,0
2022-07-15 14:54:46,0,0,4.738155,0.2493766,0,93.26683,1.2468828,0.2493766,0
2022-07-15 14:54:45,0,0,4.71464,0.248139,0,92.55583,1.4888337,0.248139,0.248139
2022-07-15 14:54:44,0,0,4.761905,0,0,92.98246,1.754386,0.2506266,0
2022-07-15 14:54:43,0,0,5.316456,0.2531646,0,91.64557,2.025316,0,0
2022-07-15 14:54:42,0,0,3.722084,0.248139,0,94.78908,0.7444169,0.248139,0
2022-07-15 14:54:41,0,0,4.761905,0,0,92.4812,1.5037594,0.2506266,0
2022-07-15 14:54:40,0,0,4.79798,0,0,92.92929,2.020202,0,0
2022-07-15 14:54:39,0,0,4.5,0,0,94.25,1,0,0
2022-07-15 14:54:38,0,0,4.738155,0.2493766,0,93.51621,0.9975062,0.2493766,0
2022-07-15 14:54:37,0,0,4.5,0,0,93.25,1.5,0,0
2022-07-15 14:54:36,0,0,5.012531,0,0,91.4787,1.5037594,0.2506266,1.0025063
2022-07-15 14:54:35,0,0,3.75,0.25,0,93.5,2,0.25,0
2022-07-15 14:54:34,0,0,4.545455,0.2525253,0,92.67677,1.5151515,0.5050505,0
2022-07-15 14:54:33,0,0,4.466501,0.4962779,0,92.80397,1.736973,0,0
2022-07-15 14:54:32,0,0,5.236908,0.4987531,0,91.27182,1.4962594,0.4987531,0
2022-07-15 14:54:31,0,0,3.768844,0,0,94.47236,1.2562814,0,0
2022-07-15 14:54:30,0,0,4.785894,0.2518892,0,92.9471,1.2594458,0.2518892,0
2022-07-15 14:54:29,0,0,4.271357,0.2512563,0,93.46734,1.5075377,0.2512563,0
2022-07-15 14:54:28,0,0,5,0.25,0,93.25,1.25,0,0
2022-07-15 14:54:27,0,0,4.239401,0,0,93.76559,1.4962594,0.2493766,0
2022-07-15 14:54:26,0,0,5,0.5,0,93.25,1.25,0,0
2022-07-15 14:54:25,0,0,4.962779,0.4962779,0,91.81141,1.985112,0,0.248139
2022-07-15 14:54:24,0,0,3.75,0,0,92.75,1.25,0.25,1.25
2022-07-15 14:54:23,0,0,4.239401,0.2493766,0,93.26683,1.4962594,0.2493766,0
2022-07-15 14:54:22,0,0,4.511278,0.2506266,0,93.98496,1.2531328,0,0
2022-07-15 14:54:21,0,0,4.785894,0.5037783,0,92.44332,1.2594458,0,0
2022-07-15 14:54:20,0,0,4.5,0,0,93.25,1.75,0.25,0
2022-07-15 14:54:19,0,0,4.511278,0.5012531,0,91.72932,2.506266,0.2506266,0
2022-07-15 14:54:18,0,0,4.534005,0.2518892,0,93.70277,1.0075567,0.2518892,0
2022-07-15 14:54:17,0,0,5.778894,0,0,92.21106,1.5075377,0,0
2022-07-15 14:54:16,0,0,3.517588,0.5025126,0,93.21608,1.758794,0.5025126,0
2022-07-15 14:54:15,0,0,4.75,0,0,93,1.5,0,0
2022-07-15 14:54:14,0,0,4.738155,0.2493766,0,92.76808,1.995012,0.2493766,0
2022-07-15 14:54:13,0,0,4.5,0,0,94,0.75,0.25,0
2022-07-15 14:54:12,0,0,4.75,0.25,0,93.5,1,0.25,0
2022-07-15 14:54:11,0,0,4.25,0,0,93.75,1.25,0.25,0
2022-07-15 14:54:10,0,0,5.289673,0,0,92.19144,1.2594458,0,0
2022-07-15 14:54:09,0,0,3.731343,0.2487562,0,95.02488,0.4975124,0.2487562,0
2022-07-15 14:54:08,0,0,4.271357,0.2512563,0,92.71357,2.01005,0.2512563,0
2022-07-15 14:54:07,0,0,4.726368,0.2487562,0,92.78607,1.4925373,0.2487562,0
2022-07-15 14:54:06,0,0,5.289673,0.5037783,0,92.19144,1.511335,0,0
2022-07-15 14:54:05,0,0,4.020101,0.2512563,0,93.21608,1.758794,0.2512563,0
2022-07-15 14:54:04,0,0,4.761905,0.2506266,0,92.23058,2.005013,0.2506266,0
2022-07-15 14:54:03,0,0,4.5,0.25,0,94,1,0.25,0
2022-07-15 14:54:02,0,0,4.79798,0.2525253,0,92.92929,1.2626263,0,0
2022-07-15 14:54:01,0,0,4.228856,0.2487562,0,94.02985,0.7462687,0.4975124,0
2022-07-15 14:54:00,0,0,4.534005,0.2518892,0,92.19144,2.267003,0,0
2022-07-15 14:53:59,0,0,4.522613,0,0,93.21608,1.758794,0.2512563,0
2022-07-15 14:53:58,0,0,5.236908,0.4987531,0,91.5212,1.4962594,0.2493766,0.2493766
2022-07-15 14:53:57,0,0,3.990025,0,0,94.01496,1.2468828,0.2493766,0
2022-07-15 14:53:56,0,0,4.239401,0,0,93.51621,1.745636,0,0.2493766
2022-07-15 14:53:55,0,0,4.773869,0.2512563,0,93.71859,0.7537688,0.2512563,0
2022-07-15 14:53:54,0,0,4.5,0.25,0,92.75,1.5,0.5,0
2022-07-15 14:53:53,0,0,4.773869,0,0,94.47236,0.7537688,0,0
2022-07-15 14:53:52,0,0,4.488778,0.4987531,0,93.01746,0.9975062,0.4987531,0
2022-07-15 14:53:51,0,0,4.260652,0.5012531,0,92.4812,1.754386,0,0
2022-07-15 14:53:50,0,0,5.513784,0,0,90.97744,2.255639,0.2506266,0
2022-07-15 14:53:49,0,0,3.75,0,0,95.25,0.75,0,0
2022-07-15 14:53:48,0,0,4.522613,0,0,93.71859,1.2562814,0,0
2022-07-15 14:53:47,0,0,4.488778,0.2493766,0,92.5187,1.995012,0.2493766,0
2022-07-15 14:53:46,0,0,4.477612,0.2487562,0,92.78607,1.741294,0.2487562,0.2487562
2022-07-15 14:53:45,0,0,5.263158,0.5012531,0,92.4812,1.2531328,0.2506266,0
2022-07-15 14:53:44,0,0,3.990025,0.2493766,0,94.26434,0.9975062,0.2493766,0
2022-07-15 14:53:43,0,0,5.263158,0.5012531,0,91.97995,1.5037594,0,0
2022-07-15 14:53:42,0,0,3.217822,0.2475248,0,94.55446,0.7425743,0.4950495,0
2022-07-15 14:53:41,0,0,3.787879,0.2525253,0,93.43434,1.767677,0.2525253,0
2022-07-15 14:53:40,0,0,4.010025,0.2506266,0,93.48371,1.2531328,0.2506266,0
2022-07-15 14:53:39,0,0,3.768844,0.5025126,0,93.96985,0.7537688,0,0
2022-07-15 14:53:38,0,0,2.736318,0,0,96.0199,0.7462687,0.2487562,0
2022-07-15 14:53:37,0,0,2.487562,0.2487562,0,95.77114,0.9950249,0.2487562,0
2022-07-15 14:53:36,0,0,3.02267,0,0,95.21411,1.0075567,0.2518892,0
2022-07-15 14:53:35,0,0,2.518892,0,0,95.46599,1.2594458,0.2518892,0
2022-07-15 14:53:34,0,0,3.015075,0.2512563,0,95.22613,1.2562814,0,0
2022-07-15 14:53:33,0,0,2.525253,0,0,95.70707,1.2626263,0.2525253,0
2022-07-15 14:53:32,0,0,2.75,0.25,0,95.25,1.5,0,0
2022-07-15 14:53:31,0,0,2.5,0,0,92.75,1.75,0.25,2
2022-07-15 14:53:30,0,0,2.255639,0.2506266,0,95.98997,1.0025063,0.2506266,0
2022-07-15 14:53:29,0,0,1.741294,0.2487562,0,96.0199,0.9950249,0.4975124,0
2022-07-15 14:53:28,0,0,1.758794,0,0,95.22613,2.512563,0,0
2022-07-15 14:53:27,0,0,1.4962594,0.2493766,0,96.25935,1.2468828,0.4987531,0
2022-07-15 14:53:26,0,0,2.005013,0.2506266,0,96.49123,1.0025063,0,0
2022-07-15 14:53:25,0,0,2.005013,0,0,96.49123,1.2531328,0,0
2022-07-15 14:53:24,0,0,2.48139,0.248139,0,94.2928,1.736973,0,0
2022-07-15 14:53:23,0,0,0.7537688,0,0,96.73367,1.758794,0.5025126,0
2022-07-15 14:53:22,0,0,0.75,0,0,97,1.75,0,0
2022-07-15 14:53:21,0,0,1.0025063,0.2506266,0,97.49373,0.7518797,0,0
2022-07-15 14:53:20,0,0,0.7481297,0,0,97.00748,1.745636,0.2493766,0
2022-07-15 14:53:19,0,0,0.75,0,0,97.5,1.25,0,0
2022-07-15 14:53:18,0,0,0.7444169,0.248139,0,97.27047,0.9925558,0.4962779,0
2022-07-15 14:53:17,0,0,0.75,0,0,96.75,1.5,0.25,0
2022-07-15 14:53:16,0,0,0.7556675,0.2518892,0,97.22922,1.2594458,0.2518892,0
2022-07-15 14:53:15,0,0,1,0.25,0,96.75,1.25,0.25,0
2022-07-15 14:53:14,0,0,0.5025126,0.2512563,0,96.98492,1.758794,0.2512563,0
2022-07-15 14:53:13,0,0,0.7518797,0,0,97.24311,1.5037594,0,0
2022-07-15 14:53:12,0,0,0.7537688,0,0,96.73367,1.5075377,0.5025126,0
2022-07-15 14:53:11,0,0,0.5037783,0.2518892,0,97.22922,1.511335,0,0
2022-07-15 14:53:10,0,0,0.7518797,0.2506266,0,95.73935,2.756892,0.2506266,0
2022-07-15 14:53:09,0,0,0.75,0.5,0,96.5,1.75,0.25,0
2022-07-15 14:53:08,0,0,0.7481297,0.2493766,0,97.00748,0.9975062,0.2493766,0
2022-07-15 14:53:07,0,0,0.75,0.25,0,97.25,1.5,0,0
2022-07-15 14:53:06,0,0,0.7537688,0.5025126,0,94.72362,2.261307,0.5025126,0
2022-07-15 14:53:05,0,0,1.0050251,0,0,97.23618,1.2562814,0.2512563,0
2022-07-15 14:53:04,0,0,0.7518797,0,0,96.99248,1.5037594,0,0
2022-07-15 14:53:03,0,0,0.75,0,0,97.75,1,0,0
2022-07-15 14:53:02,0,0,0.75,0.25,0,97,1.25,0.25,0
2022-07-15 14:53:01,0,0,0.5025126,0.2512563,0,95.72864,2.261307,0.2512563,0
2022-07-15 14:53:00,0,0,0.7518797,0,0,96.99248,1.5037594,0.2506266,0
2022-07-15 14:52:59,0,0,0.7556675,0.7556675,0,94.96222,2.015113,0,0
2022-07-15 14:52:58,0,0,0.5012531,0.2506266,0,97.24311,1.754386,0,0
2022-07-15 14:52:57,0,0,1.4925373,0,0,95.77114,1.741294,0.7462687,0
2022-07-15 14:52:56,0,0,0.25,0.25,0,96.75,2.25,0.25,0
2022-07-15 14:52:55,0,0,1.0075567,0,0,97.48111,1.2594458,0,0
2022-07-15 14:52:54,0,0,0.5012531,0.2506266,0,96.99248,1.5037594,0.2506266,0
2022-07-15 14:52:53,0,0,0.9975062,0.2493766,0,96.7581,1.4962594,0.2493766,0
2022-07-15 14:52:52,0,0,0.5025126,0.5025126,0,96.23116,2.01005,0,0
2022-07-15 14:52:51,0,0,0.7481297,0,0,97.00748,1.2468828,0.2493766,0
2022-07-15 14:52:50,0,0,0.5012531,0,0,93.48371,5.012531,0.2506266,0
2022-07-15 14:52:49,0,0,1.0050251,0.2512563,0,97.48744,1.0050251,0,0
2022-07-15 14:52:48,0,0,0.5012531,0.2506266,0,96.74185,1.2531328,0.2506266,0
2022-07-15 14:52:47,0,0,0.7481297,0,0,97.00748,1.995012,0,0
2022-07-15 14:52:46,0,0,1.0025063,0.2506266,0,97.49373,0.7518797,0.2506266,0
2022-07-15 14:52:45,0,0,0.7518797,0,0,97.74436,1.0025063,0.5012531,0
2022-07-15 14:52:44,0,0,0.5037783,0.2518892,0,96.47355,2.267003,0,0
2022-07-15 14:52:43,0,0,0.9975062,0.4987531,0,96.50873,1.4962594,0.2493766,0
2022-07-15 14:52:42,0,0,0.4962779,0.248139,0,96.52605,1.985112,0.4962779,0
2022-07-15 14:52:41,0,0,0.7556675,0,0,97.98489,0.7556675,0,0
2022-07-15 14:52:40,0,0,0.4975124,0.2487562,0,97.01493,1.4925373,0.2487562,0
2022-07-15 14:52:39,0,0,1.0050251,0,0,97.23618,1.0050251,0.2512563,0
2022-07-15 14:52:38,0,0,0.7575758,0.2525253,0,96.71717,1.767677,0.2525253,0
2022-07-15 14:52:37,0,0,1.0075567,0,0,97.22922,1.2594458,0.2518892,0
2022-07-15 14:52:36,0,0,0.4975124,0,0,97.76119,0.9950249,0.2487562,0
2022-07-15 14:52:35,0,0,0.7537688,0.2512563,0,96.23116,2.01005,0.2512563,0
2022-07-15 14:52:34,0,0,1.25,0,0,97.25,1.25,0,0
2022-07-15 14:52:33,0,0,1,0.25,0,96,1.5,0.25,0
2022-07-15 14:52:32,0,0,0.5012531,0,0,97.74436,1.5037594,0.2506266,0
2022-07-15 14:52:31,0,0,1.2562814,0.2512563,0,96.73367,1.2562814,0,0
2022-07-15 14:52:30,0,0,0.2512563,0.2512563,0,97.48744,1.758794,0,0
2022-07-15 14:52:29,0,0,1.0075567,0,0,96.47355,2.015113,0,0
2022-07-15 14:52:28,0,0,0.5025126,0,0,97.23618,1.758794,0.2512563,0
2022-07-15 14:52:27,0,0,1,0.25,0,96.75,1.25,0,0
2022-07-15 14:52:26,0,0,0.5012531,0,0,98.24561,0.7518797,0.5012531,0
2022-07-15 14:52:25,0,0,1.010101,0.2525253,0,96.71717,1.2626263,0,0
2022-07-15 14:52:24,0,0,0.5,0.25,0,97.25,1.25,0.25,0
2022-07-15 14:52:23,0,0,1.0152284,0.5076142,0,95.68528,1.77665,0,0
2022-07-15 14:52:22,0,0,0.5012531,0,0,97.74436,1.0025063,0.5012531,0
2022-07-15 14:52:21,0,0,0.7518797,0.2506266,0,97.49373,1.0025063,0,0
2022-07-15 14:52:20,0,0,0.5,0,0,98.5,1,0,0
2022-07-15 14:52:19,0,0,0.9975062,0.2493766,0,97.00748,0.9975062,0.2493766,0
2022-07-15 14:52:18,0,0,0.4987531,0,0,97.50623,1.2468828,0.4987531,0
2022-07-15 14:52:17,0,0,0.7481297,0.4987531,0,96.50873,1.4962594,0.4987531,0
2022-07-15 14:52:16,0,0,0.5037783,0,0,97.22922,1.763224,0,0
2022-07-15 14:52:15,0,0,0.9975062,0,0,96.7581,1.4962594,0.2493766,0
2022-07-15 14:52:14,0,0,0.5025126,0.5025126,0,96.98492,1.5075377,0.2512563,0
2022-07-15 14:52:13,0,0,1.4962594,0.2493766,0,95.51122,1.995012,0.4987531,0
2022-07-15 14:52:12,0,0,0.4975124,0.2487562,0,97.51244,1.2437811,0.2487562,0
2022-07-15 14:52:11,0,0,1.0050251,0,0,96.48241,1.5075377,0.2512563,0
2022-07-15 14:52:10,0,0,0.75,0.25,0,97.5,1.25,0,0
2022-07-15 14:52:09,0,0,0.7518797,0,0,97.99499,1.0025063,0,0
2022-07-15 14:52:08,0,0,0.75,0,0,97,1.25,0.25,0
2022-07-15 14:52:07,0,0,0.7537688,0.2512563,0,96.98492,1.5075377,0,0
2022-07-15 14:52:06,0,0,0.5025126,0,0,97.48744,1.0050251,0.2512563,0
2022-07-15 14:52:05,0,0,1.5151515,0,0,96.71717,1.2626263,0.2525253,0
2022-07-15 14:52:04,0,0,0.7462687,0.2487562,0,97.26368,1.2437811,0.2487562,0
2022-07-15 14:52:03,0,0,0.7462687,0.2487562,0,97.51244,0.9950249,0.2487562,0
2022-07-15 14:52:02,0,0,1.75,0.5,0,95,2,0.25,0
2022-07-15 14:52:01,0,0,2,0.25,0,94.75,2.25,0,0.25
2022-07-15 14:52:00,0,0,1.767677,0.2525253,0,95.70707,1.5151515,0.2525253,0
2022-07-15 14:51:59,0,0,1.75,0,0,96.75,1.25,0,0
2022-07-15 14:51:58,0,0,1.754386,0,0,96.74185,1.0025063,0.2506266,0
2022-07-15 14:51:57,0,0,1.763224,0.5037783,0,94.96222,2.015113,0,0
2022-07-15 14:51:56,0,0,2.756892,0,0,95.48872,1.2531328,0.2506266,0
2022-07-15 14:51:55,0,0,2.736318,0.2487562,0,94.02985,2.487562,0.2487562,0
2022-07-15 14:51:54,0,0,3.007519,0,0,94.98747,2.005013,0,0
2022-07-15 14:51:53,0,0,3.740648,0.4987531,0,94.01496,1.2468828,0.2493766,0
2022-07-15 14:51:52,0,0,3.544304,0,0,93.92405,1.5189873,0,0
2022-07-15 14:51:51,0,0,3.759398,0.2506266,0,93.23308,1.754386,0.2506266,0
2022-07-15 14:51:50,0,0,5.527638,0.5025126,0,91.45729,1.758794,0,0
2022-07-15 14:51:49,0,0,2.5,0,0,95.5,1.5,0.25,0
2022-07-15 14:51:48,0,0,3.015075,0.2512563,0,94.22111,2.01005,0.2512563,0
2022-07-15 14:51:47,0,0,3.768844,0,0,94.22111,1.5075377,0.2512563,0
2022-07-15 14:51:46,0,0,3.759398,0.2506266,0,93.73434,1.754386,0.2506266,0
2022-07-15 14:51:45,0,0,3.768844,0.2512563,0,94.72362,0.7537688,0,0
2022-07-15 14:51:44,0,0,3.508772,0.2506266,0,93.98496,1.2531328,0.2506266,0.2506266
2022-07-15 14:51:43,0,0,4.239401,0.2493766,0,93.01746,1.745636,0,0
2022-07-15 14:51:42,0,0,3.25,0,0,94.75,1.25,0.25,0
2022-07-15 14:51:41,0,0,5.025126,0.2512563,0,93.46734,0.7537688,0.2512563,0
2022-07-15 14:51:40,0,0,5,0.5,0,92.25,1.5,0.25,0
2022-07-15 14:51:39,0,0,4.738155,0.2493766,0,93.01746,1.2468828,0.2493766,0
2022-07-15 14:51:38,0,0,4.761905,0.2506266,0,93.48371,1.2531328,0.2506266,0
2022-07-15 14:51:37,0,0,4.761905,0,0,93.98496,1.0025063,0,0
2022-07-15 14:51:36,0,0,5.25,0.5,0,91.75,1.75,0.25,0
2022-07-15 14:51:35,0,0,4.488778,0.4987531,0,91.5212,0.7481297,0,1.745636
2022-07-15 14:51:34,0,0,4.511278,0,0,93.98496,1.2531328,0,0
2022-07-15 14:51:33,0,0,5.276382,0,0,92.21106,2.01005,0.2512563,0
2022-07-15 14:51:32,0,0,4.738155,0.4987531,0,92.76808,1.4962594,0,0
2022-07-15 14:51:31,0,0,5.513784,0.2506266,0,92.23058,1.2531328,0.2506266,0
2022-07-15 14:51:30,0,0,4.020101,0,0,93.96985,1.2562814,0.2512563,0
2022-07-15 14:51:29,0,0,4.987531,0.4987531,0,91.5212,2.493766,0.2493766,0
2022-07-15 14:51:28,0,0,4.75,0,0,94,1,0,0
2022-07-15 14:51:27,0,0,5.037783,0.2518892,0,91.68766,2.015113,0.2518892,0.2518892
2022-07-15 14:51:26,0,0,4.534005,0,0,93.70277,1.2594458,0.2518892,0
2022-07-15 14:51:25,0,0,5,0,0,93.5,1.25,0,0
2022-07-15 14:51:24,0,0,4.522613,0,0,92.46231,2.01005,0.2512563,0
2022-07-15 14:51:23,0,0,5.970149,0.2487562,0,91.54229,1.2437811,0,0.2487562
2022-07-15 14:51:22,0,0,3.990025,0.2493766,0,94.01496,1.2468828,0.2493766,0
2022-07-15 14:51:21,0,0,4.5,0.25,0,93.5,1,0.25,0
2022-07-15 14:51:20,0,0,4.773869,0,0,93.96985,1.2562814,0,0
2022-07-15 14:51:19,0,0,4.70297,0.4950495,0,91.83168,1.980198,0.2475248,0
2022-07-15 14:51:18,0,0,4.785894,0,0,94.20655,1.0075567,0,0
2022-07-15 14:51:17,0,0,4.75,0.25,0,92,1.75,0.25,0
2022-07-15 14:51:16,0,0,5.527638,0,0,92.46231,1.5075377,0.2512563,0
2022-07-15 14:51:15,0,0,4.239401,0,0,94.26434,0.9975062,0,0
2022-07-15 14:51:14,0,0,4.75,0.25,0,93.25,1.25,0,0
2022-07-15 14:51:13,0,0,4.773869,0,0,93.96985,0.7537688,0.2512563,0
2022-07-15 14:51:12,0,0,5.472637,0.2487562,0,92.78607,1.2437811,0,0
2022-07-15 14:51:11,0,0,4.511278,0,0,93.48371,1.2531328,0.2506266,0
2022-07-15 14:51:10,0,0,4.773869,0.2512563,0,92.71357,2.01005,0,0
2022-07-15 14:51:09,0,0,5.263158,0.2506266,0,90.22556,1.754386,0.2506266,1.2531328
2022-07-15 14:51:08,0,0,3.9801,0.2487562,0,93.78109,1.4925373,0.2487562,0
2022-07-15 14:51:07,0,0,4.488778,0.2493766,0,93.26683,1.4962594,0.2493766,0
2022-07-15 14:51:06,0,0,5.263158,0,0,92.98246,1.2531328,0.2506266,0
2022-07-15 14:51:05,0,0,5.735661,0.2493766,0,92.01995,1.4962594,0.2493766,0
2022-07-15 14:51:04,0,0,4.25,0,0,93,2,0,0
2022-07-15 14:51:03,0,0,3.990025,0,0,94.51372,0.9975062,0.2493766,0
2022-07-15 14:51:02,0,0,4.5,0,0,94.25,0.75,0.25,0
2022-07-15 14:51:01,0,0,5.012531,0.2506266,0,92.4812,1.5037594,0,0
2022-07-15 14:51:00,0,0,4.785894,0.2518892,0,92.69521,1.511335,0.2518892,0
2022-07-15 14:50:59,0,0,4.488778,0.4987531,0,93.26683,1.2468828,0,0
2022-07-15 14:50:58,0,0,5,0.25,0,92.75,1.75,0,0
2022-07-15 14:50:57,0,0,4.71464,0.248139,0,92.80397,1.2406948,0.4962779,0.248139
2022-07-15 14:50:56,0,0,5.555556,0.2525253,0,90.90909,1.2626263,0,0.7575758
2022-07-15 14:50:55,0,0,3.759398,0,0,94.23559,1.2531328,0.2506266,0
2022-07-15 14:50:54,0,0,4.987531,0.2493766,0,92.76808,1.2468828,0.4987531,0
2022-07-15 14:50:53,0,0,4.522613,0,0,93.21608,1.758794,0,0
2022-07-15 14:50:52,0,0,5.236908,0,0,93.26683,0.9975062,0.2493766,0
2022-07-15 14:50:51,0,0,4.030227,0.2518892,0,92.9471,1.763224,0,0.2518892
2022-07-15 14:50:50,0,0,5.721393,0.4975124,0,90.54726,2.487562,0.4975124,0
2022-07-15 14:50:49,0,0,4.271357,0,0,92.21106,2.261307,0,0.2512563
2022-07-15 14:50:48,0,0,5.486284,0.4987531,0,92.01995,1.2468828,0.2493766,0
2022-07-15 14:50:47,0,0,5.263158,0,0,92.23058,2.005013,0.2506266,0
2022-07-15 14:50:46,0,0,4.488778,0.2493766,0,92.5187,2.244389,0.2493766,0
2022-07-15 14:50:45,0,0,5,0.25,0,92,2,0.25,0
2022-07-15 14:50:44,0,0,4.761905,0.2506266,0,93.73434,1.0025063,0,0
2022-07-15 14:50:43,0,0,4.975124,0.2487562,0,92.0398,1.4925373,0.7462687,0
2022-07-15 14:50:42,0,0,5,0,0,92,1.5,0,1
2022-07-15 14:50:41,0,0,4.010025,0.2506266,0,93.73434,1.0025063,0.2506266,0
2022-07-15 14:50:40,0,0,5.5,0.5,0,91.75,1.5,0.25,0
2022-07-15 14:50:39,0,0,5.5,0,0,91.75,1.5,0.25,0.5
2022-07-15 14:50:38,0,0,4.987531,0.4987531,0,91.27182,1.995012,0.2493766,0.2493766
2022-07-15 14:50:37,0,0,3.990025,0.2493766,0,93.51621,1.745636,0,0
2022-07-15 14:50:36,0,0,4.987531,0,0,93.51621,0.7481297,0.2493766,0
2022-07-15 14:50:35,0,0,4.522613,0,0,94.47236,1.0050251,0,0
2022-07-15 14:50:34,0,0,5,0.25,0,93,1.25,0.25,0
2022-07-15 14:50:33,0,0,4.773869,0,0,93.46734,1.2562814,0.2512563,0
2022-07-15 14:50:32,0,0,4.5,0.5,0,93,1.5,0,0
2022-07-15 14:50:31,0,0,5.025126,0.2512563,0,92.71357,1.5075377,0,0
2022-07-15 14:50:30,0,0,6.265664,0.2506266,0,90.22556,2.005013,0,0
2022-07-15 14:50:29,0,0,3.75,0.25,0,94.5,1.25,0.25,0
2022-07-15 14:50:28,0,0,4.239401,0.2493766,0,93.01746,1.2468828,0.2493766,0
2022-07-15 14:50:27,0,0,4.761905,0,0,93.23308,1.754386,0,0
2022-07-15 14:50:26,0,0,5.012531,0.2506266,0,93.48371,0.5012531,0.2506266,0
2022-07-15 14:50:25,0,0,4.545455,0,0,93.93939,1.2626263,0,0
2022-07-15 14:50:24,0,0,4.975124,0,0,93.28358,0.9950249,0.2487562,0
2022-07-15 14:50:23,0,0,5.012531,0.2506266,0,91.72932,1.754386,0.2506266,0.2506266
2022-07-15 14:50:22,0,0,4.260652,0,0,94.48622,1.0025063,0,0
2022-07-15 14:50:21,0,0,4.71464,0.248139,0,92.80397,1.4888337,0.248139,0
2022-07-15 14:50:20,0,0,5.050505,0,0,92.42424,1.767677,0,0
2022-07-15 14:50:19,0,0,4.534005,0,0,93.95466,1.2594458,0.2518892,0
2022-07-15 14:50:18,0,0,5.210918,0.248139,0,92.80397,0.9925558,0.248139,0
2022-07-15 14:50:17,0,0,4.79798,0,0,93.18182,1.767677,0,0
2022-07-15 14:50:16,0,0,5.025126,0.2512563,0,91.9598,2.01005,0.2512563,0
2022-07-15 14:50:15,0,0,4.260652,0,0,93.98496,1.2531328,0,0
2022-07-15 14:50:14,0,0,5.012531,0.2506266,0,92.4812,1.2531328,0.2506266,0.2506266
2022-07-15 14:50:13,0,0,4.726368,0,0,92.78607,1.99005,0.2487562,0
2022-07-15 14:50:12,0,0,5.025126,0.5025126,0,92.21106,2.01005,0,0
2022-07-15 14:50:11,0,0,4.738155,0.2493766,0,92.26933,1.2468828,0.4987531,0
2022-07-15 14:50:10,0,0,5.19802,0.2475248,0,92.32673,1.2376238,0.2475248,0.2475248
2022-07-15 14:50:09,0,0,5.837563,0,0,92.13198,1.5228426,0.2538071,0.2538071
2022-07-15 14:50:08,0,0,4.785894,0,0,93.19899,1.2594458,0.2518892,0.2518892
2022-07-15 14:50:07,0,0,5.236908,0.2493766,0,92.01995,1.995012,0.2493766,0.2493766
2022-07-15 14:50:06,0,0,2.25,0.25,0,94.5,1.25,0,1.5
2022-07-15 14:50:05,0,0,5.764411,0.2506266,0,91.97995,1.5037594,0.2506266,0
2022-07-15 14:50:04,0,0,4.511278,0,0,93.98496,1.0025063,0.2506266,0
2022-07-15 14:50:03,0,0,4.975124,0.2487562,0,93.03483,0.9950249,0.2487562,0
2022-07-15 14:50:02,0,0,4.5,0.25,0,93.75,1,0.25,0
2022-07-15 14:50:01,0,0,4.488778,0.2493766,0,93.01746,1.2468828,0.2493766,0
2022-07-15 14:50:00,0,0,5.012531,0.2506266,0,92.98246,1.2531328,0.2506266,0
2022-07-15 14:49:59,0,0,4.726368,0.2487562,0,93.03483,1.4925373,0,0
2022-07-15 14:49:58,0,0,4.987531,0,0,92.5187,1.995012,0.2493766,0
2022-07-15 14:49:57,0,0,5.063291,0,0,92.65823,1.772152,0,0
2022-07-15 14:49:56,0,0,4.75,0.25,0,90.75,1,0.25,2
2022-07-15 14:49:55,0,0,4.010025,0.2506266,0,94.23559,1.0025063,0.2506266,0
2022-07-15 14:49:54,0,0,5.012531,0.2506266,0,92.73183,1.0025063,0.2506266,0
2022-07-15 14:49:53,0,0,4.511278,0,0,93.48371,1.2531328,0.5012531,0
2022-07-15 14:49:52,0,0,4.79798,0.2525253,0,92.92929,1.2626263,0.2525253,0
2022-07-15 14:49:51,0,0,5.012531,0.2506266,0,92.73183,1.0025063,0.2506266,0
2022-07-15 14:49:50,0,0,5.263158,0,0,92.98246,1.5037594,0,0
2022-07-15 14:49:49,0,0,4.488778,0,0,93.51621,1.2468828,0,0.2493766
2022-07-15 14:49:48,0,0,4.522613,0,0,93.21608,1.5075377,0.2512563,0
2022-07-15 14:49:47,0,0,4.738155,0.2493766,0,93.51621,0.9975062,0,0
2022-07-15 14:49:46,0,0,4.738155,0.2493766,0,93.01746,1.745636,0.2493766,0
2022-07-15 14:49:45,0,0,5.263158,0.2506266,0,91.97995,1.5037594,0,0
2022-07-15 14:49:44,0,0,3.990025,0,0,93.01746,1.745636,0.4987531,0
2022-07-15 14:49:43,0,0,4.785894,0.2518892,0,93.19899,1.511335,0,0
2022-07-15 14:49:42,0,0,4.726368,0.4975124,0,93.28358,0.9950249,0.2487562,0
2022-07-15 14:49:41,0,0,5.289673,0.2518892,0,92.44332,1.763224,0,0
2022-07-15 14:49:40,0,0,4.25,0,0,93.75,1.5,0.25,0
2022-07-15 14:49:39,0,0,4.975124,0.4975124,0,92.0398,1.4925373,0.2487562,0
2022-07-15 14:49:38,0,0,5.012531,0,0,93.23308,1.2531328,0.2506266,0
2022-07-15 14:49:37,0,0,5.223881,0.2487562,0,92.53731,0.9950249,0.2487562,0
2022-07-15 14:49:36,0,0,4.522613,0.2512563,0,93.71859,1.2562814,0,0
2022-07-15 14:49:35,0,0,4.282116,0,0,93.70277,1.763224,0,0
2022-07-15 14:49:34,0,0,5.037783,0,0,93.19899,1.2594458,0.2518892,0
2022-07-15 14:49:33,0,0,4.5,0.5,0,93.25,1.5,0,0
2022-07-15 14:49:32,0,0,4.761905,0.2506266,0,92.4812,1.5037594,0.2506266,0
2022-07-15 14:49:31,0,0,5.025126,0,0,92.71357,1.758794,0,0
2022-07-15 14:49:30,0,0,5.75,0,0,91.5,1.75,0.25,0.5
2022-07-15 14:49:29,0,0,3.768844,0.5025126,0,92.21106,2.261307,0,0.2512563
2022-07-15 14:49:28,0,0,4.761905,0.2506266,0,93.23308,1.2531328,0,0
2022-07-15 14:49:27,0,0,4.477612,0.2487562,0,93.03483,1.741294,0,0
2022-07-15 14:49:26,0,0,5.25,0,0,92.75,1.25,0.25,0
2022-07-15 14:49:25,0,0,4.511278,0.2506266,0,93.73434,1.2531328,0,0
2022-07-15 14:49:24,0,0,4.987531,0.4987531,0,91.5212,1.995012,0.2493766,0
2022-07-15 14:49:23,0,0,5.025126,0.2512563,0,92.46231,1.2562814,0.2512563,0.2512563
2022-07-15 14:49:22,0,0,4.488778,0.2493766,0,94.01496,0.9975062,0,0
2022-07-15 14:49:21,0,0,4.987531,0.2493766,0,92.01995,1.4962594,0.4987531,0
2022-07-15 14:49:20,0,0,4.314721,0,0,93.65482,1.2690355,0.2538071,0
2022-07-15 14:49:19,0,0,4.987531,0.4987531,0,92.5187,1.2468828,0.2493766,0
2022-07-15 14:49:18,0,0,4.260652,0.2506266,0,93.23308,1.754386,0,0
2022-07-15 14:49:17,0,0,5.037783,0.2518892,0,92.44332,2.015113,0,0
2022-07-15 14:49:16,0,0,4.761905,0,0,93.73434,0.5012531,0.2506266,0
2022-07-15 14:49:15,0,0,5.012531,0,0,92.23058,2.005013,0.2506266,0
2022-07-15 14:49:14,0,0,4.75,0.25,0,93.5,1,0.25,0
2022-07-15 14:49:13,0,0,4.534005,0,0,93.70277,1.511335,0.2518892,0
2022-07-15 14:49:12,0,0,5.236908,0.2493766,0,92.76808,1.2468828,0.2493766,0
2022-07-15 14:49:11,0,0,4.488778,0,0,93.26683,0.9975062,0.4987531,0
2022-07-15 14:49:10,0,0,4.79798,0,0,92.92929,1.767677,0,0
2022-07-15 14:49:09,0,0,3.990025,0.2493766,0,94.01496,1.2468828,0.2493766,0
2022-07-15 14:49:08,0,0,4.761905,0,0,92.98246,1.2531328,0.5012531,0
2022-07-15 14:49:07,0,0,4.5,0,0,94,1.5,0,0
2022-07-15 14:49:06,0,0,4.239401,0.4987531,0,93.26683,1.2468828,0.2493766,0
2022-07-15 14:49:05,0,0,5.5,0.25,0,92.75,1,0,0
2022-07-15 14:49:04,0,0,4.282116,0,0,94.20655,1.2594458,0,0
2022-07-15 14:49:03,0,0,4.987531,0,0,93.76559,0.7481297,0,0.2493766
2022-07-15 14:49:02,0,0,4.228856,0,0,94.02985,1.2437811,0.2487562,0
2022-07-15 14:49:01,0,0,4.71464,0.248139,0,93.05211,1.4888337,0,0
2022-07-15 14:49:00,0,0,4.522613,0.2512563,0,92.96482,2.01005,0,0
2022-07-15 14:48:59,0,0,4.488778,0,0,93.01746,1.4962594,0.2493766,0
2022-07-15 14:48:58,0,0,4.511278,0.2506266,0,93.98496,0.5012531,0.2506266,0.2506266
2022-07-15 14:48:57,0,0,5.459057,0.4962779,0,91.56328,1.985112,0,0.248139
2022-07-15 14:48:56,0,0,3.75,0,0,94,1,0,0.5
2022-07-15 14:48:55,0,0,4.534005,0.2518892,0,93.19899,1.2594458,0,0
2022-07-15 14:48:54,0,0,4.522613,0,0,93.46734,1.5075377,0,0
2022-07-15 14:48:53,0,0,5.764411,0.2506266,0,92.23058,1.2531328,0.2506266,0
2022-07-15 14:48:52,0,0,5.236908,0.4987531,0,90.02494,1.745636,0,1.2468828
2022-07-15 14:48:51,0,0,3.759398,0.2506266,0,93.73434,1.5037594,0.2506266,0
2022-07-15 14:48:50,0,0,4.239401,0.2493766,0,94.26434,0.4987531,0.2493766,0.2493766
2022-07-15 14:48:49,0,0,5.236908,0.2493766,0,92.5187,1.2468828,0,0
2022-07-15 14:48:48,0,0,4.738155,0.2493766,0,93.01746,1.4962594,0.2493766,0
2022-07-15 14:48:47,0,0,4.271357,0.5025126,0,93.21608,1.758794,0,0
2022-07-15 14:48:46,0,0,4.761905,0,0,92.73183,1.5037594,0.2506266,0
2022-07-15 14:48:45,0,0,4.228856,0.2487562,0,93.03483,1.99005,0.2487562,0
2022-07-15 14:48:44,0,0,5.985037,0.2493766,0,89.02743,2.244389,0.4987531,0.2493766
2022-07-15 14:48:43,0,0,3.266332,0.2512563,0,95.22613,1.0050251,0,0
2022-07-15 14:48:42,0,0,4.534005,0.2518892,0,92.9471,1.511335,0.2518892,0
2022-07-15 14:48:41,0,0,4.75,0,0,93.5,0.75,0.25,0
2022-07-15 14:48:40,0,0,4.522613,0.2512563,0,93.21608,1.2562814,0.5025126,0
2022-07-15 14:48:39,0,0,4.773869,0.2512563,0,93.71859,1.0050251,0,0
2022-07-15 14:48:38,0,0,4.511278,0.2506266,0,93.48371,1.2531328,0,0
2022-07-15 14:48:37,0,0,5.025126,0.5025126,0,90.95477,2.261307,0.2512563,0
2022-07-15 14:48:36,0,0,3.75,0.25,0,94,1,0.25,0
2022-07-15 14:48:35,0,0,4.534005,0,0,93.95466,1.0075567,0.2518892,0
2022-07-15 14:48:34,0,0,4.761905,0,0,93.23308,1.2531328,0.2506266,0
2022-07-15 14:48:33,0,0,4.218362,0.7444169,0,92.05955,2.233251,0.248139,0
2022-07-15 14:48:32,0,0,5.012531,0.2506266,0,92.4812,1.754386,0.2506266,0
2022-07-15 14:48:31,0,0,4.260652,0,0,93.48371,1.5037594,0.2506266,0
2022-07-15 14:48:30,0,0,5.263158,0,0,91.97995,1.754386,0.2506266,0
2022-07-15 14:48:29,0,0,3.9801,0.2487562,0,93.53234,1.741294,0.4975124,0
2022-07-15 14:48:28,0,0,4.761905,0.2506266,0,93.23308,1.2531328,0,0
2022-07-15 14:48:27,0,0,4.5,0.5,0,93.25,1.5,0,0
2022-07-15 14:48:26,0,0,5,0.25,0,92.5,1.5,0.25,0
2022-07-15 14:48:25,0,0,4.511278,0,0,93.98496,1.0025063,0,0.2506266
2022-07-15 14:48:24,0,0,4.239401,0,0,93.76559,1.4962594,0.2493766,0
2022-07-15 14:48:23,0,0,5,0.25,0,92.5,1.75,0.25,0
2022-07-15 14:48:22,0,0,3.990025,0.2493766,0,94.26434,0.9975062,0.2493766,0
2022-07-15 14:48:21,0,0,5.012531,0,0,92.73183,1.5037594,0.2506266,0
2022-07-15 14:48:20,0,0,4.5,0.25,0,93,1.75,0.25,0
2022-07-15 14:48:19,0,0,5.025126,0.5025126,0,91.70854,2.512563,0.2512563,0
2022-07-15 14:48:18,0,0,4.773869,0,0,92.46231,1.758794,0.2512563,0
2022-07-15 14:48:17,0,0,4.738155,0.2493766,0,93.26683,1.2468828,0,0.2493766
2022-07-15 14:48:16,0,0,4.5,0,0,93.25,1.75,0,0
2022-07-15 14:48:15,0,0,4.522613,0,0,94.22111,0.7537688,0.5025126,0
2022-07-15 14:48:14,0,0,5,0,0,93.75,0.75,0,0
2022-07-15 14:48:13,0,0,4.239401,0.4987531,0,93.26683,0.9975062,0.4987531,0
2022-07-15 14:48:12,0,0,4.773869,0.2512563,0,92.96482,1.758794,0,0
2022-07-15 14:48:11,0,0,5.555556,0.2525253,0,92.42424,1.2626263,0.2525253,0
2022-07-15 14:48:10,0,0,3.5,0.25,0,94.25,1.25,0.25,0
2022-07-15 14:48:09,0,0,4.75,0,0,93.25,1,0.25,0.25
2022-07-15 14:48:08,0,0,4.260652,0,0,93.48371,1.5037594,0.2506266,0
2022-07-15 14:48:07,0,0,5,0.25,0,93.25,1.25,0,0
2022-07-15 14:48:06,0,0,4.511278,0.2506266,0,92.98246,1.754386,0,0.2506266
2022-07-15 14:48:05,0,0,5.5,0.25,0,92.5,1.25,0.5,0
2022-07-15 14:48:04,0,0,4.785894,0,0,93.19899,1.763224,0,0
2022-07-15 14:48:03,0,0,4.228856,0.2487562,0,91.79104,1.2437811,0.2487562,1.2437811
2022-07-15 14:48:02,0,0,4.5,0.25,0,93.5,1.25,0.25,0
2022-07-15 14:48:01,0,0,4.303797,0.5063291,0,92.91139,1.2658228,0,0
2022-07-15 14:48:00,0,0,4.726368,0.2487562,0,93.28358,1.2437811,0.2487562,0
2022-07-15 14:47:59,0,0,4.75,0,0,92,2,0.25,0
2022-07-15 14:47:58,0,0,4.488778,0.2493766,0,93.51621,1.2468828,0,0
2022-07-15 14:47:57,0,0,4.726368,0,0,93.78109,0.9950249,0.2487562,0
2022-07-15 14:47:56,0,0,4.292929,0,0,93.93939,1.2626263,0,0
2022-07-15 14:47:55,0,0,4.987531,0,0,92.5187,1.745636,0.4987531,0
2022-07-15 14:47:54,0,0,4.761905,0.2506266,0,93.48371,1.2531328,0,0
2022-07-15 14:47:53,0,0,5.236908,0.2493766,0,91.77057,1.745636,0.2493766,0
2022-07-15 14:47:52,0,0,4.5,0.25,0,92.75,1.75,0.5,0
2022-07-15 14:47:51,0,0,5.75,0.5,0,90.25,1.75,0.25,0.5
2022-07-15 14:47:50,0,0,3.241895,0.4987531,0,94.01496,1.4962594,0,0
2022-07-15 14:47:49,0,0,4.75,0,0,93.75,0.75,0.25,0
2022-07-15 14:47:48,0,0,4.511278,0.2506266,0,92.73183,1.754386,0.2506266,0
2022-07-15 14:47:47,0,0,4.511278,0,0,92.98246,1.754386,0.2506266,0
2022-07-15 14:47:46,0,0,4.511278,0.2506266,0,93.48371,1.5037594,0,0
2022-07-15 14:47:45,0,0,4.5,0.25,0,92.75,1.75,0.25,0
2022-07-15 14:47:44,0,0,5.25,0,0,92.5,1.5,0.25,0
2022-07-15 14:47:43,0,0,3.759398,0.2506266,0,94.48622,1.2531328,0,0
2022-07-15 14:47:42,0,0,4.75,0.25,0,92.5,2,0.25,0
2022-07-15 14:47:41,0,0,4.522613,0,0,93.96985,0.7537688,0.2512563,0
2022-07-15 14:47:40,0,0,4.738155,0.2493766,0,93.76559,0.9975062,0,0
2022-07-15 14:47:39,0,0,4.5,0,0,93.75,1.25,0.25,0
2022-07-15 14:47:38,0,0,5.25,0.25,0,92,2,0.25,0
2022-07-15 14:47:37,0,0,4.761905,0.5012531,0,91.97995,1.754386,0,0.2506266
2022-07-15 14:47:36,0,0,4.534005,0,0,93.45088,1.2594458,0,0
2022-07-15 14:47:35,0,0,4.271357,0,0,94.97487,0.5025126,0,0
2022-07-15 14:47:34,0,0,4.761905,0.2506266,0,92.4812,2.005013,0.2506266,0
2022-07-15 14:47:33,0,0,4.987531,0,0,92.76808,1.4962594,0.2493766,0
2022-07-15 14:47:32,0,0,4.010025,0.2506266,0,92.98246,1.5037594,0.2506266,0
2022-07-15 14:47:31,0,0,4.239401,0.4987531,0,93.26683,1.2468828,0,0.2493766
2022-07-15 14:47:30,0,0,4.534005,0.2518892,0,92.9471,1.763224,0.2518892,0
2022-07-15 14:47:29,0,0,5.025126,0.2512563,0,93.46734,1.0050251,0,0
2022-07-15 14:47:28,0,0,4.511278,0,0,93.48371,1.754386,0,0
2022-07-15 14:47:27,0,0,4.5,0.5,0,93.75,1,0.25,0
2022-07-15 14:47:26,0,0,4.556962,0,0,93.16456,1.5189873,0,0
2022-07-15 14:47:25,0,0,4.477612,0.2487562,0,92.0398,2.238806,0.4975124,0
2022-07-15 14:47:24,0,0,4.738155,0.2493766,0,92.01995,0.9975062,0,1.4962594
2022-07-15 14:47:23,0,0,4.020101,0.2512563,0,93.21608,1.5075377,0.5025126,0
2022-07-15 14:47:22,0,0,4.271357,0,0,94.47236,1.0050251,0,0
2022-07-15 14:47:21,0,0,4.75,0,0,92.75,1,0.75,0
2022-07-15 14:47:20,0,0,4.534005,0.5037783,0,92.9471,1.763224,0,0
2022-07-15 14:47:19,0,0,4.738155,0.2493766,0,92.26933,1.745636,0.2493766,0
2022-07-15 14:47:18,0,0,5.472637,0.2487562,0,91.79104,1.4925373,0.2487562,0
2022-07-15 14:47:17,0,0,3.5,0,0,94.5,1.25,0.25,0
2022-07-15 14:47:16,0,0,4.738155,0.2493766,0,92.76808,1.745636,0,0
2022-07-15 14:47:15,0,0,4.522613,0,0,93.71859,0.7537688,0.2512563,0
2022-07-15 14:47:14,0,0,4.488778,0.2493766,0,93.76559,0.9975062,0.2493766,0
2022-07-15 14:47:13,0,0,4.477612,0,0,92.78607,1.99005,0.2487562,0
2022-07-15 14:47:12,0,0,4.5,0,0,93.25,1.75,0,0
2022-07-15 14:47:11,0,0,4.534005,0.2518892,0,92.44332,2.015113,0.2518892,0
2022-07-15 14:47:10,0,0,4.975124,0.4975124,0,92.0398,0.9950249,0.2487562,0.2487562
2022-07-15 14:47:09,0,0,4.545455,0,0,93.18182,1.2626263,0.7575758,0
2022-07-15 14:47:08,0,0,5.236908,0,0,91.77057,2.244389,0.2493766,0
2022-07-15 14:47:07,0,0,4.25,0.25,0,93.25,1.5,0.25,0
2022-07-15 14:47:06,0,0,5.25,0.5,0,89.25,1.75,0.25,2.5
2022-07-15 14:47:05,0,0,4.239401,0,0,94.01496,0.9975062,0.2493766,0
2022-07-15 14:47:04,0,0,4.810127,0.2531646,0,93.16456,1.2658228,0,0
2022-07-15 14:47:03,0,0,4.975124,0.2487562,0,92.53731,1.741294,0.2487562,0
2022-07-15 14:47:02,0,0,4.79798,0,0,93.18182,1.5151515,0,0
2022-07-15 14:47:01,0,0,4.773869,0,0,92.71357,2.01005,0.2512563,0
2022-07-15 14:47:00,0,0,4.738155,0.4987531,0,93.01746,1.4962594,0,0
2022-07-15 14:46:59,0,0,4.75,0.5,0,92.75,1.5,0,0
2022-07-15 14:46:58,0,0,5.778894,0,0,91.70854,1.5075377,0.2512563,0
2022-07-15 14:46:57,0,0,3.241895,0.2493766,0,94.51372,1.4962594,0,0
2022-07-15 14:46:56,0,0,5.037783,0,0,92.44332,2.015113,0.2518892,0
2022-07-15 14:46:55,0,0,4.455446,0.2475248,0,94.30693,0.7425743,0,0
2022-07-15 14:46:54,0,0,5.289673,0.2518892,0,92.19144,1.2594458,0.5037783,0
2022-07-15 14:46:53,0,0,4.271357,0,0,94.22111,1.0050251,0,0
2022-07-15 14:46:52,0,0,5,0.25,0,92.25,1.75,0.25,0
2022-07-15 14:46:51,0,0,5.050505,0,0,92.42424,1.2626263,0,0
2022-07-15 14:46:50,0,0,4.511278,0,0,93.98496,0.7518797,0.2506266,0
2022-07-15 14:46:49,0,0,4.5,0.25,0,93,1.75,0.25,0
2022-07-15 14:46:48,0,0,4.975124,0.4975124,0,92.28856,1.741294,0.2487562,0
2022-07-15 14:46:47,0,0,4.761905,0.2506266,0,92.23058,2.005013,0.2506266,0
2022-07-15 14:46:46,0,0,4.987531,0.2493766,0,92.76808,1.2468828,0.2493766,0
2022-07-15 14:46:45,0,0,4.534005,0,0,93.95466,1.2594458,0,0
2022-07-15 14:46:44,0,0,5.764411,0.5012531,0,89.97494,2.255639,0.2506266,0.2506266
2022-07-15 14:46:43,0,0,3.526448,0,0,94.96222,1.2594458,0.2518892,0
2022-07-15 14:46:42,0,0,4.987531,0.2493766,0,92.5187,1.745636,0,0
2022-07-15 14:46:41,0,0,4.5,0.25,0,93.75,0.75,0.25,0
2022-07-15 14:46:40,0,0,5.25,0.25,0,92.75,1.5,0.25,0
2022-07-15 14:46:39,0,0,4.488778,0.4987531,0,91.77057,1.745636,0.2493766,0.2493766
2022-07-15 14:46:38,0,0,4.292929,0,0,93.93939,1.2626263,0,0
2022-07-15 14:46:37,0,0,5.263158,0.2506266,0,92.4812,1.754386,0.2506266,0
2022-07-15 14:46:36,0,0,4.726368,0.2487562,0,91.29353,2.985075,0.2487562,0
2022-07-15 14:46:35,0,0,4.761905,0.2506266,0,94.23559,0.7518797,0,0
2022-07-15 14:46:34,0,0,5.012531,0.2506266,0,92.4812,1.5037594,0.5012531,0
2022-07-15 14:46:33,0,0,4.522613,0.2512563,0,93.71859,1.0050251,0.2512563,0
2022-07-15 14:46:32,0,0,5.236908,0.2493766,0,91.77057,1.995012,0.2493766,0
2022-07-15 14:46:31,0,0,4.79798,0.2525253,0,92.17172,1.5151515,0.2525253,0.2525253
2022-07-15 14:46:30,0,0,4.260652,0.2506266,0,93.48371,1.5037594,0,0
2022-07-15 14:46:29,0,0,4.962779,0.248139,0,92.05955,1.736973,0.248139,0
2022-07-15 14:46:28,0,0,4.75,0,0,93.75,1.25,0,0
2022-07-15 14:46:27,0,0,4.987531,0,0,93.76559,0.7481297,0.2493766,0
2022-07-15 14:46:26,0,0,4.761905,0.2506266,0,92.4812,2.005013,0,0
2022-07-15 14:46:25,0,0,5.735661,0.2493766,0,90.52369,1.995012,0.2493766,0.7481297
2022-07-15 14:46:24,0,0,3.740648,0.4987531,0,94.26434,0.9975062,0.2493766,0
2022-07-15 14:46:23,0,0,4.987531,0,0,92.76808,1.995012,0,0
2022-07-15 14:46:22,0,0,5.037783,0.5037783,0,92.9471,1.2594458,0,0
2022-07-15 14:46:21,0,0,4.75,0,0,92,1.5,0.25,0
2022-07-15 14:46:20,0,0,5,0,0,93.25,1.25,0.25,0
2022-07-15 14:46:19,0,0,5.223881,0.4975124,0,92.28856,1.2437811,0.4975124,0
2022-07-15 14:46:18,0,0,5.263158,0.2506266,0,92.4812,1.5037594,0,0
2022-07-15 14:46:17,0,0,4.228856,0.4975124,0,92.78607,1.4925373,0.2487562,0
2022-07-15 14:46:16,0,0,5.75,0.25,0,91.75,1.5,0.25,0
2022-07-15 14:46:15,0,0,4.75,0.25,0,92.25,2,0.25,0
2022-07-15 14:46:14,0,0,5.037783,0.2518892,0,92.9471,1.2594458,0.2518892,0
2022-07-15 14:46:13,0,0,5.263158,0.2506266,0,92.73183,1.0025063,0.2506266,0
2022-07-15 14:46:12,0,0,3.9801,0.2487562,0,92.78607,1.2437811,0.2487562,0.2487562
2022-07-15 14:46:11,0,0,4.785894,0.2518892,0,92.9471,1.2594458,0,0
2022-07-15 14:46:10,0,0,4.556962,0,0,92.91139,1.0126582,0.5063291,0
2022-07-15 14:46:09,0,0,4.987531,0.2493766,0,92.76808,1.4962594,0,0
2022-07-15 14:46:08,0,0,4.761905,0,0,92.98246,1.5037594,0.5012531,0
2022-07-15 14:46:07,0,0,4.5,0.25,0,93,1.75,0.25,0
2022-07-15 14:46:06,0,0,5.25,0,0,93.5,1,0.25,0
2022-07-15 14:46:05,0,0,5.75,0.25,0,91.5,1.75,0,0
2022-07-15 14:46:04,0,0,4.020101,0.2512563,0,93.71859,1.2562814,0.2512563,0
2022-07-15 14:46:03,0,0,4.75,0.25,0,93,1.5,0.25,0
2022-07-15 14:46:02,0,0,4.738155,0.4987531,0,93.01746,1.2468828,0,0
2022-07-15 14:46:01,0,0,4.785894,0,0,93.19899,1.511335,0.2518892,0
2022-07-15 14:46:00,0,0,4.950495,0.2475248,0,93.31683,0.990099,0.2475248,0
2022-07-15 14:45:59,0,0,4.79798,0,0,93.93939,0.7575758,0.2525253,0
2022-07-15 14:45:58,0,0,5.289673,0,0,91.93955,1.763224,0,0
2022-07-15 14:45:57,0,0,4.260652,0.2506266,0,93.73434,1.2531328,0.2506266,0
2022-07-15 14:45:56,0,0,4.761905,0.2506266,0,93.23308,1.0025063,0.2506266,0
2022-07-15 14:45:55,0,0,4.726368,0,0,92.78607,1.4925373,0.4975124,0.2487562
2022-07-15 14:45:54,0,0,5.037783,0.5037783,0,91.68766,2.015113,0.2518892,0
2022-07-15 14:45:53,0,0,4.488778,0.2493766,0,93.76559,1.2468828,0,0
2022-07-15 14:45:52,0,0,5.025126,0,0,92.96482,1.0050251,0.2512563,0.2512563
2022-07-15 14:45:51,0,0,4.761905,0,0,92.73183,1.5037594,0.2506266,0
2022-07-15 14:45:50,0,0,4.477612,0.2487562,0,92.78607,1.4925373,0.4975124,0
2022-07-15 14:45:49,0,0,4.511278,0.2506266,0,93.73434,1.2531328,0,0
2022-07-15 14:45:48,0,0,5.012531,0.2506266,0,92.23058,1.754386,0.5012531,0
2022-07-15 14:45:47,0,0,4.761905,0,0,93.48371,1.5037594,0,0
2022-07-15 14:45:46,0,0,5.764411,0.2506266,0,92.4812,1.0025063,0.2506266,0
2022-07-15 14:45:45,0,0,3.759398,0.5012531,0,93.48371,1.5037594,0,0.2506266
2022-07-15 14:45:44,0,0,4,0,0,94.5,1,0.25,0
2022-07-15 14:45:43,0,0,5.263158,0,0,92.23058,2.005013,0,0
2022-07-15 14:45:42,0,0,4.511278,0,0,93.98496,0.7518797,0.5012531,0
2022-07-15 14:45:41,0,0,5.050505,0.2525253,0,92.42424,1.5151515,0,0
2022-07-15 14:45:40,0,0,4.488778,0,0,93.26683,1.745636,0.2493766,0
2022-07-15 14:45:39,0,0,5.025126,0.2512563,0,92.46231,2.01005,0.2512563,0
2022-07-15 14:45:38,0,0,4.987531,0,0,92.76808,1.4962594,0.2493766,0
2022-07-15 14:45:37,0,0,4.511278,0.2506266,0,93.73434,1.0025063,0.2506266,0
2022-07-15 14:45:36,0,0,4.726368,0.2487562,0,93.03483,1.4925373,0.2487562,0
2022-07-15 14:45:35,0,0,4.522613,0,0,93.96985,1.0050251,0,0
2022-07-15 14:45:34,0,0,5.263158,0,0,92.98246,1.5037594,0,0
2022-07-15 14:45:33,0,0,4.25,0.25,0,93.75,1.25,0.25,0
2022-07-15 14:45:32,0,0,5.808081,0.2525253,0,91.16162,1.767677,0,0
2022-07-15 14:45:31,0,0,4.020101,0,0,92.71357,2.512563,0,0
2022-07-15 14:45:30,0,0,4.962779,0.248139,0,92.30769,1.985112,0.248139,0
2022-07-15 14:45:29,0,0,5,0,0,93.25,1.25,0,0.25
2022-07-15 14:45:28,0,0,4.228856,0.2487562,0,93.53234,1.2437811,0.2487562,0
2022-07-15 14:45:27,0,0,5.263158,0,0,92.98246,1.2531328,0,0
2022-07-15 14:45:26,0,0,4.511278,0.2506266,0,92.73183,1.754386,0.5012531,0
2022-07-15 14:45:25,0,0,4.75,0.5,0,92.5,1.75,0.25,0
2022-07-15 14:45:24,0,0,4.522613,0,0,91.70854,1.2562814,0,1.758794
2022-07-15 14:45:23,0,0,3.731343,0,0,95.02488,0.7462687,0.2487562,0
2022-07-15 14:45:22,0,0,5.025126,0.2512563,0,92.71357,1.5075377,0.2512563,0
2022-07-15 14:45:21,0,0,4.260652,0.2506266,0,93.48371,1.0025063,0,0
2022-07-15 14:45:20,0,0,5.472637,0.2487562,0,92.0398,1.99005,0.2487562,0
2022-07-15 14:45:19,0,0,5.263158,0.2506266,0,91.72932,1.2531328,0.2506266,0.2506266
2022-07-15 14:45:18,0,0,3.266332,0,0,95.22613,1.0050251,0,0.2512563
2022-07-15 14:45:17,0,0,5.263158,0.2506266,0,91.22807,2.506266,0.2506266,0
2022-07-15 14:45:16,0,0,4.010025,0.2506266,0,93.73434,1.5037594,0,0
2022-07-15 14:45:15,0,0,5.735661,0.2493766,0,93.01746,0.7481297,0.2493766,0
2022-07-15 14:45:14,0,0,4.030227,0,0,93.70277,1.511335,0,0
2022-07-15 14:45:13,0,0,5.472637,0.4975124,0,91.54229,1.4925373,0.4975124,0
2022-07-15 14:45:12,0,0,5.025126,0.2512563,0,92.46231,2.01005,0,0
2022-07-15 14:45:11,0,0,4.282116,0.5037783,0,92.69521,1.511335,0,0
2022-07-15 14:45:10,0,0,4.785894,0,0,93.19899,1.2594458,0.2518892,0
2022-07-15 14:45:09,0,0,4.75,0,0,93.75,1,0.25,0
2022-07-15 14:45:08,0,0,4.773869,0.2512563,0,92.71357,1.5075377,0.2512563,0
2022-07-15 14:45:07,0,0,5,0.25,0,93,1.5,0,0
2022-07-15 14:45:06,0,0,4.260652,0.2506266,0,93.73434,1.2531328,0.2506266,0
2022-07-15 14:45:05,0,0,5.459057,0,0,89.8263,1.736973,0.248139,1.985112
2022-07-15 14:45:04,0,0,3.768844,0.2512563,0,93.71859,1.5075377,0.2512563,0
2022-07-15 14:45:03,0,0,5.263158,0,0,93.48371,1.0025063,0.2506266,0
2022-07-15 14:45:02,0,0,4.5,0.25,0,94,1,0,0
2022-07-15 14:45:01,0,0,5.025126,0,0,92.96482,1.2562814,0,0
2022-07-15 14:45:00,0,0,4.511278,0.2506266,0,93.48371,1.5037594,0,0
2022-07-15 14:44:59,0,0,4.962779,0.248139,0,92.30769,1.736973,0.4962779,0
2022-07-15 14:44:58,0,0,6.030151,0.2512563,0,90.70352,1.758794,0,0.2512563
2022-07-15 14:44:57,0,0,4.25,0.5,0,93.25,1.5,0.25,0
2022-07-15 14:44:56,0,0,4.239401,0,0,93.51621,1.745636,0,0
2022-07-15 14:44:55,0,0,4.987531,0.2493766,0,91.77057,1.995012,0.4987531,0
2022-07-15 14:44:54,0,0,4.25,0,0,93.5,1.5,0.25,0
2022-07-15 14:44:53,0,0,6.733167,0.2493766,0,90.77307,1.4962594,0,0
2022-07-15 14:44:52,0,0,3.241895,0.2493766,0,95.51122,0.4987531,0.2493766,0
2022-07-15 14:44:51,0,0,4.773869,0.2512563,0,92.21106,1.5075377,0.2512563,0.2512563
2022-07-15 14:44:50,0,0,4.477612,0.2487562,0,94.52736,0.4975124,0,0
2022-07-15 14:44:49,0,0,5.037783,0,0,92.9471,1.2594458,0.2518892,0
2022-07-15 14:44:48,0,0,5.486284,0,0,92.76808,1.2468828,0.2493766,0
2022-07-15 14:44:47,0,0,4.785894,0.2518892,0,93.70277,0.7556675,0.2518892,0
2022-07-15 14:44:46,0,0,4.738155,0.2493766,0,92.76808,1.2468828,0.2493766,0
2022-07-15 14:44:45,0,0,5.012531,0,0,92.98246,1.5037594,0,0
2022-07-15 14:44:44,0,0,4.260652,0.2506266,0,93.48371,1.2531328,0,0
2022-07-15 14:44:43,0,0,4.761905,0,0,92.4812,2.005013,0.2506266,0
2022-07-15 14:44:42,0,0,4.522613,0,0,94.22111,0.7537688,0,0
2022-07-15 14:44:41,0,0,5,0.25,0,92,2,0.25,0
2022-07-15 14:44:40,0,0,4.488778,0.2493766,0,93.26683,1.4962594,0.2493766,0
2022-07-15 14:44:39,0,0,6.5,0,0,91.25,2,0,0
2022-07-15 14:44:38,0,0,6.532663,0.5025126,0,90.45226,1.2562814,0.2512563,0.5025126
2022-07-15 14:44:37,0,0,4.030227,0,0,94.71033,0.7556675,0.2518892,0
2022-07-15 14:44:36,0,0,4.260652,0.2506266,0,93.23308,1.2531328,0,0.7518797
2022-07-15 14:44:35,0,0,5.25,0,0,92.5,1.5,0.25,0.5
2022-07-15 14:44:34,0,0,3,0,0,95.25,1.25,0.25,0
2022-07-15 14:44:33,0,0,4.987531,0,0,93.01746,1.2468828,0.2493766,0.2493766
2022-07-15 14:44:32,0,0,4.010025,0,0,94.98747,0.7518797,0,0.2506266
2022-07-15 14:44:31,0,0,5.263158,0.5012531,0,90.97744,2.005013,0,0.2506266
2022-07-15 14:44:30,0,0,3.75,0,0,94.75,1,0.25,0
2022-07-15 14:44:29,0,0,5.236908,0.2493766,0,92.5187,1.4962594,0.2493766,0
2022-07-15 14:44:28,0,0,4.5,0,0,94,1.25,0,0
2022-07-15 14:44:27,0,0,5.486284,0.2493766,0,92.26933,1.4962594,0.2493766,0
2022-07-15 14:44:26,0,0,4.030227,0.2518892,0,91.68766,1.2594458,0,2.015113
2022-07-15 14:44:25,0,0,4.75,0.5,0,93.25,1,0.25,0
2022-07-15 14:44:24,0,0,4.987531,0,0,93.26683,1.2468828,0.2493766,0
2022-07-15 14:44:23,0,0,4.75,0.25,0,92.75,1.5,0,0
2022-07-15 14:44:22,0,0,4.987531,0.4987531,0,93.01746,0.9975062,0.2493766,0
2022-07-15 14:44:21,0,0,4.773869,0,0,93.71859,1.2562814,0,0
2022-07-15 14:44:20,0,0,5.025126,0.2512563,0,92.71357,1.5075377,0,0.2512563
2022-07-15 14:44:19,0,0,5.693069,0.4950495,0,90.59406,1.980198,0.2475248,0
2022-07-15 14:44:18,0,0,3.807107,0,0,93.40102,2.030457,0.2538071,0
2022-07-15 14:44:17,0,0,5.263158,0.5012531,0,92.4812,1.5037594,0,0
2022-07-15 14:44:16,0,0,4.761905,0,0,93.23308,1.5037594,0.2506266,0
2022-07-15 14:44:15,0,0,4.761905,0.2506266,0,92.98246,1.2531328,0.2506266,0
2022-07-15 14:44:14,0,0,4.761905,0.5012531,0,91.72932,2.255639,0,0
2022-07-15 14:44:13,0,0,4.738155,0,0,93.51621,0.9975062,0.4987531,0
2022-07-15 14:44:12,0,0,5,0.25,0,92.5,1.75,0,0
2022-07-15 14:44:11,0,0,4.488778,0,0,94.26434,0.7481297,0.2493766,0
2022-07-15 14:44:10,0,0,4.785894,0,0,93.45088,1.0075567,0.2518892,0
2022-07-15 14:44:09,0,0,5.012531,0.2506266,0,92.4812,1.754386,0.2506266,0
2022-07-15 14:44:08,0,0,4.522613,0.2512563,0,93.21608,1.5075377,0,0
2022-07-15 14:44:07,0,0,5.063291,0,0,93.41772,1.2658228,0,0
2022-07-15 14:44:06,0,0,5.223881,0.4975124,0,92.78607,0.7462687,0,0
2022-07-15 14:44:05,0,0,6.297229,0.5037783,0,91.68766,1.2594458,0,0
2022-07-15 14:44:04,0,0,4.010025,0,0,94.23559,1.0025063,0,0
2022-07-15 14:44:03,0,0,4.738155,0.2493766,0,93.76559,0.9975062,0,0
2022-07-15 14:44:02,0,0,4.738155,0,0,92.01995,2.244389,0.2493766,0.2493766
2022-07-15 14:44:01,0,0,4.785894,0,0,93.70277,1.0075567,0,0
2022-07-15 14:44:00,0,0,5.5,0.25,0,90.75,1.75,0.25,0
2022-07-15 14:43:59,0,0,3.778338,0.2518892,0,93.45088,1.763224,0.2518892,0
2022-07-15 14:43:58,0,0,5.012531,0.2506266,0,92.98246,1.5037594,0,0
2022-07-15 14:43:57,0,0,4.488778,0,0,93.26683,1.2468828,0.2493766,0
2022-07-15 14:43:56,0,0,5,0.25,0,92,2.25,0.25,0
2022-07-15 14:43:55,0,0,4.773869,0.5025126,0,91.45729,2.261307,0.2512563,0
2022-07-15 14:43:54,0,0,4.773869,0.2512563,0,92.96482,1.5075377,0.2512563,0
2022-07-15 14:43:53,0,0,5.276382,0.5025126,0,91.9598,1.2562814,0.2512563,0
2022-07-15 14:43:52,0,0,5.764411,0.2506266,0,90.22556,2.255639,0.2506266,0.5012531
2022-07-15 14:43:51,0,0,3.778338,0,0,94.71033,0.7556675,0.2518892,0
2022-07-15 14:43:50,0,0,5.025126,0.5025126,0,92.71357,1.5075377,0,0
2022-07-15 14:43:49,0,0,4.987531,0.2493766,0,93.26683,0.7481297,0.2493766,0
2022-07-15 14:43:48,0,0,4.545455,0.2525253,0,92.67677,2.020202,0.2525253,0
2022-07-15 14:43:47,0,0,5.037783,0.2518892,0,92.44332,1.2594458,0,0
2022-07-15 14:43:46,0,0,5.25,0.25,0,91.5,2,0.25,0
2022-07-15 14:43:45,0,0,4.271357,0,0,92.96482,1.758794,0.2512563,0
2022-07-15 14:43:44,0,0,4.987531,0.2493766,0,92.76808,1.2468828,0.2493766,0
2022-07-15 14:43:43,0,0,4.556962,0.2531646,0,94.17722,0.7594937,0,0
2022-07-15 14:43:42,0,0,5.289673,0,0,93.45088,1.0075567,0,0
2022-07-15 14:43:41,0,0,4.522613,0.7537688,0,92.71357,1.2562814,0,0
2022-07-15 14:43:40,0,0,5,0,0,92.5,1.75,0.25,0.25
2022-07-15 14:43:39,0,0,5.025126,0.2512563,0,92.46231,1.5075377,0,0
2022-07-15 14:43:38,0,0,5.276382,0.2512563,0,92.21106,1.0050251,0.5025126,0
2022-07-15 14:43:37,0,0,4.260652,0,0,94.98747,0.7518797,0,0
2022-07-15 14:43:36,0,0,4.228856,0,0,92.53731,2.238806,0.2487562,0
2022-07-15 14:43:35,0,0,4.975124,0.2487562,0,92.28856,1.99005,0.2487562,0
2022-07-15 14:43:34,0,0,4.773869,0,0,93.46734,1.5075377,0,0
2022-07-15 14:43:33,0,0,5.527638,0,0,92.46231,1.2562814,0,0.2512563
2022-07-15 14:43:32,0,0,4.5,0,0,93.25,1.5,0.25,0
2022-07-15 14:43:31,0,0,5.263158,0.2506266,0,91.72932,1.754386,0,0.2506266
2022-07-15 14:43:30,0,0,4.75,0.25,0,94.25,0.5,0.25,0
2022-07-15 14:43:29,0,0,4.761905,0,0,93.73434,1.2531328,0,0
2022-07-15 14:43:28,0,0,4.987531,0.2493766,0,92.76808,1.4962594,0.2493766,0
2022-07-15 14:43:27,0,0,5.263158,0.2506266,0,92.23058,1.5037594,0.2506266,0
2022-07-15 14:43:26,0,0,4.545455,0,0,93.43434,1.2626263,0,0
2022-07-15 14:43:25,0,0,5.236908,0.4987531,0,92.26933,0.9975062,0.2493766,0
2022-07-15 14:43:24,0,0,4.25,0.25,0,93.5,1.75,0,0
2022-07-15 14:43:23,0,0,4.761905,0,0,91.97995,1.754386,0.7518797,0
2022-07-15 14:43:22,0,0,5.541562,0.7556675,0,92.19144,1.511335,0,0
2022-07-15 14:43:21,0,0,4.207921,0.2475248,0,93.81188,0.7425743,0.4950495,0
2022-07-15 14:43:20,0,0,5.276382,0.2512563,0,91.70854,2.01005,0,0.2512563
2022-07-15 14:43:19,0,0,4.5,0.25,0,92,1.5,0.25,0.75
2022-07-15 14:43:18,0,0,5.012531,0.2506266,0,92.73183,1.5037594,0.2506266,0
2022-07-15 14:43:17,0,0,4.987531,0,0,93.01746,1.2468828,0.2493766,0.2493766
2022-07-15 14:43:16,0,0,5.472637,0.2487562,0,92.28856,1.741294,0,0
2022-07-15 14:43:15,0,0,4.511278,0.2506266,0,93.23308,1.2531328,0,0
2022-07-15 14:43:14,0,0,4.488778,0.2493766,0,93.76559,1.2468828,0.2493766,0
2022-07-15 14:43:13,0,0,5.012531,0.2506266,0,93.73434,0.5012531,0,0
2022-07-15 14:43:12,0,0,4.726368,0.2487562,0,93.28358,0.9950249,0.4975124,0
2022-07-15 14:43:11,0,0,5.037783,0,0,90.93199,1.511335,0.2518892,1.2594458
2022-07-15 14:43:10,0,0,4.488778,0.2493766,0,93.01746,1.4962594,0.2493766,0
2022-07-15 14:43:09,0,0,4.25,0,0,94.5,0.75,0.25,0
2022-07-15 14:43:08,0,0,5.236908,0.2493766,0,93.26683,0.9975062,0,0
2022-07-15 14:43:07,0,0,6,0.25,0,90.25,2.25,0.25,0
2022-07-15 14:43:06,0,0,3.990025,0.2493766,0,94.51372,0.9975062,0,0
2022-07-15 14:43:05,0,0,5.050505,0,0,93.43434,1.010101,0.2525253,0
2022-07-15 14:43:04,0,0,5.223881,0,0,93.03483,0.9950249,0,0.2487562
2022-07-15 14:43:03,0,0,4.75,0,0,93.75,1.25,0.25,0
2022-07-15 14:43:02,0,0,4.511278,0.2506266,0,91.97995,2.255639,0,0
2022-07-15 14:43:01,0,0,4.738155,0.2493766,0,93.26683,1.2468828,0.2493766,0
2022-07-15 14:43:00,0,0,5.263158,0,0,93.73434,0.7518797,0,0
2022-07-15 14:42:59,0,0,5.25,0.25,0,92,1.75,0.25,0
2022-07-15 14:42:58,0,0,4.228856,0,0,94.27861,0.9950249,0.2487562,0
2022-07-15 14:42:57,0,0,4.522613,0.5025126,0,91.9598,2.01005,0.5025126,0
2022-07-15 14:42:56,0,0,5.025126,0.2512563,0,93.46734,1.0050251,0,0
2022-07-15 14:42:55,0,0,4.773869,0,0,93.71859,0.7537688,0.2512563,0
2022-07-15 14:42:54,0,0,4.738155,0.2493766,0,93.01746,1.4962594,0.2493766,0
2022-07-15 14:42:53,0,0,5.764411,0.2506266,0,91.97995,1.0025063,0.2506266,0
2022-07-15 14:42:52,0,0,4,0.25,0,94.25,1,0,0
2022-07-15 14:42:51,0,0,4.785894,0,0,93.70277,0.7556675,0,0
2022-07-15 14:42:50,0,0,5.012531,0.7518797,0,92.23058,1.5037594,0,0
2022-07-15 14:42:49,0,0,4.282116,0,0,93.45088,1.511335,0,0
2022-07-15 14:42:48,0,0,5.263158,0.2506266,0,91.4787,2.255639,0.2506266,0
2022-07-15 14:42:47,0,0,4.477612,0,0,93.03483,1.99005,0.2487562,0
2022-07-15 14:42:46,0,0,5.276382,0,0,93.21608,1.2562814,0,0
2022-07-15 14:42:45,0,0,5.764411,0,0,91.97995,1.5037594,0.2506266,0
2022-07-15 14:42:44,0,0,3.526448,0.2518892,0,93.95466,1.511335,0,0
2022-07-15 14:42:43,0,0,5,0.25,0,93.5,1,0.25,0
2022-07-15 14:42:42,0,0,4.522613,0.2512563,0,92.71357,2.01005,0,0
2022-07-15 14:42:41,0,0,5.263158,0.2506266,0,92.4812,1.754386,0.2506266,0
2022-07-15 14:42:40,0,0,5.778894,0.2512563,0,91.20603,2.01005,0,0.2512563
2022-07-15 14:42:39,0,0,3.517588,0,0,95.22613,0.7537688,0,0
2022-07-15 14:42:38,0,0,5.25,0.25,0,93.25,0.75,0.25,0
2022-07-15 14:42:37,0,0,4.25,0,0,93.75,1.5,0.25,0
2022-07-15 14:42:36,0,0,5.223881,0.2487562,0,92.0398,1.99005,0,0
2022-07-15 14:42:35,0,0,4.511278,0.2506266,0,92.73183,2.005013,0.5012531,0
2022-07-15 14:42:34,0,0,4.726368,0.2487562,0,92.78607,1.2437811,0,0.2487562
2022-07-15 14:42:33,0,0,4.761905,0.2506266,0,93.48371,1.2531328,0.2506266,0
2022-07-15 14:42:32,0,0,5.223881,0,0,91.54229,1.741294,0.2487562,0
2022-07-15 14:42:31,0,0,4.3257,0.2544529,0,93.38422,1.2722646,0.2544529,0
2022-07-15 14:42:30,0,0,4.70297,0.2475248,0,92.07921,1.980198,0.4950495,0
2022-07-15 14:42:29,0,0,4.534005,0,0,93.95466,1.0075567,0.2518892,0
2022-07-15 14:42:28,0,0,5.025126,0,0,92.46231,1.5075377,0.5025126,0
2022-07-15 14:42:27,0,0,4.761905,0,0,93.98496,1.2531328,0,0
2022-07-15 14:42:26,0,0,4.987531,0.4987531,0,90.77307,1.995012,0.4987531,0
2022-07-15 14:42:25,0,0,4.5,0.25,0,94.25,1,0,0
2022-07-15 14:42:24,0,0,4.785894,0,0,92.69521,1.511335,0.2518892,0
2022-07-15 14:42:23,0,0,4.511278,0.2506266,0,93.23308,1.5037594,0.2506266,0
2022-07-15 14:42:22,0,0,4.962779,0.248139,0,93.05211,1.2406948,0.248139,0
2022-07-15 14:42:21,0,0,4.773869,0,0,92.96482,1.2562814,0.2512563,0.2512563
2022-07-15 14:42:20,0,0,4.738155,0.2493766,0,93.51621,0.7481297,0.2493766,0
2022-07-15 14:42:19,0,0,4.785894,0.2518892,0,92.44332,1.763224,0.2518892,0
2022-07-15 14:42:18,0,0,5.778894,0.2512563,0,89.44724,2.261307,0.2512563,1.5075377
2022-07-15 14:42:17,0,0,3.722084,0,0,94.04467,1.4888337,0.248139,0
2022-07-15 14:42:16,0,0,4.810127,0.2531646,0,93.16456,1.2658228,0,0
2022-07-15 14:42:15,0,0,4.987531,0,0,92.01995,1.995012,0.4987531,0
2022-07-15 14:42:14,0,0,5.25,0.25,0,93,1.25,0,0
2022-07-15 14:42:13,0,0,4.738155,0.2493766,0,92.26933,1.4962594,0.2493766,0.2493766
2022-07-15 14:42:12,0,0,4.785894,0,0,93.95466,1.0075567,0,0
2022-07-15 14:42:11,0,0,4.466501,0.248139,0,92.55583,1.985112,0.248139,0
2022-07-15 14:42:10,0,0,5.063291,0,0,93.92405,0.5063291,0.2531646,0
2022-07-15 14:42:09,0,0,4.822335,0.2538071,0,93.40102,1.2690355,0,0
2022-07-15 14:42:08,0,0,5,0.25,0,92.25,2,0.25,0
2022-07-15 14:42:07,0,0,5.012531,0.2506266,0,93.23308,1.0025063,0.2506266,0
2022-07-15 14:42:06,0,0,5.970149,0.2487562,0,91.79104,1.2437811,0.2487562,0
2022-07-15 14:42:05,0,0,4.260652,0.2506266,0,90.72682,4.010025,0,0
2022-07-15 14:42:04,0,0,4.511278,0.2506266,0,93.73434,1.2531328,0,0
2022-07-15 14:42:03,0,0,5.012531,0,0,93.23308,1.2531328,0.2506266,0
2022-07-15 14:42:02,0,0,4.975124,0.2487562,0,91.79104,2.487562,0.2487562,0
2022-07-15 14:42:01,0,0,4.761905,0.2506266,0,92.4812,1.754386,0,0
2022-07-15 14:42:00,0,0,5.263158,0.5012531,0,91.97995,1.754386,0,0.2506266
2022-07-15 14:41:59,0,0,4.239401,0.4987531,0,90.77307,2.244389,0.2493766,1.2468828
2022-07-15 14:41:58,0,0,4.488778,0,0,93.51621,0.9975062,0.2493766,0
2022-07-15 14:41:57,0,0,4.785894,0,0,92.9471,1.511335,0.2518892,0
2022-07-15 14:41:56,0,0,4.726368,0.4975124,0,93.03483,1.2437811,0,0
2022-07-15 14:41:55,0,0,4.785894,0,0,93.70277,1.0075567,0.2518892,0
2022-07-15 14:41:54,0,0,4.773869,0,0,94.47236,0.5025126,0,0
2022-07-15 14:41:53,0,0,4.75,0.25,0,93.75,1,0,0
2022-07-15 14:41:52,0,0,4.761905,0.2506266,0,91.4787,2.756892,0.2506266,0
2022-07-15 14:41:51,0,0,5.25,0.25,0,90.5,1.5,0,1.25
2022-07-15 14:41:50,0,0,4.030227,0,0,93.95466,1.511335,0,0
2022-07-15 14:41:49,0,0,4.975124,0,0,93.03483,1.2437811,0.2487562,0
2022-07-15 14:41:48,0,0,5,0.25,0,93,1.25,0.25,0
2022-07-15 14:41:47,0,0,5.541562,0,0,92.44332,1.0075567,0,0
2022-07-15 14:41:46,0,0,3.9801,0,0,94.27861,1.4925373,0,0
2022-07-15 14:41:45,0,0,5.012531,0.2506266,0,92.23058,2.255639,0,0
2022-07-15 14:41:44,0,0,4.738155,0,0,93.01746,1.745636,0.2493766,0
2022-07-15 14:41:43,0,0,4.773869,0,0,92.96482,1.2562814,0.2512563,0
2022-07-15 14:41:42,0,0,4.761905,0.2506266,0,92.98246,1.5037594,0,0.2506266
2022-07-15 14:41:41,0,0,4.522613,0,0,93.46734,1.5075377,0,0
2022-07-15 14:41:40,0,0,5.5,0.25,0,91.25,2.25,0.5,0
2022-07-15 14:41:39,0,0,4.773869,0,0,92.21106,2.261307,0,0
2022-07-15 14:41:38,0,0,4.477612,0.2487562,0,93.28358,1.2437811,0.2487562,0
2022-07-15 14:41:37,0,0,5.541562,0,0,92.69521,1.2594458,0,0
2022-07-15 14:41:36,0,0,4.488778,0.4987531,0,93.01746,1.2468828,0.2493766,0
2022-07-15 14:41:35,0,0,4.975124,0,0,93.03483,1.4925373,0.2487562,0
2022-07-15 14:41:34,0,0,4.534005,0.2518892,0,93.95466,0.7556675,0,0
2022-07-15 14:41:33,0,0,5.5,0.25,0,90.75,2,0.25,0.25
2022-07-15 14:41:32,0,0,4.030227,0,0,93.70277,1.2594458,0.2518892,0
2022-07-15 14:41:31,0,0,4.975124,0.4975124,0,91.79104,1.741294,0.4975124,0.2487562
2022-07-15 14:41:30,0,0,4.987531,0,0,93.26683,1.2468828,0,0
2022-07-15 14:41:29,0,0,4.761905,0,0,93.23308,1.2531328,0.5012531,0
2022-07-15 14:41:28,0,0,4.75,0.5,0,93,1.25,0.25,0
2022-07-15 14:41:27,0,0,4.987531,0.4987531,0,92.01995,1.995012,0.2493766,0
2022-07-15 14:41:26,0,0,4.488778,0.2493766,0,93.51621,0.9975062,0.2493766,0
2022-07-15 14:41:25,0,0,6.218905,0,0,91.79104,1.741294,0.2487562,0
2022-07-15 14:41:24,0,0,3.787879,0,0,93.43434,1.767677,0,0.2525253
2022-07-15 14:41:23,0,0,4.975124,0.2487562,0,92.53731,1.741294,0.2487562,0
2022-07-15 14:41:22,0,0,4.545455,0,0,92.92929,2.020202,0.2525253,0
2022-07-15 14:41:21,0,0,4.785894,0,0,92.69521,1.763224,0,0
2022-07-15 14:41:20,0,0,5,0.25,0,90.75,1.5,0.25,0.5
2022-07-15 14:41:19,0,0,4.282116,0.2518892,0,94.20655,1.0075567,0,0
2022-07-15 14:41:18,0,0,4.962779,0.4962779,0,91.56328,2.233251,0.248139,0
2022-07-15 14:41:17,0,0,5,0,0,93.5,1,0.25,0
2022-07-15 14:41:16,0,0,4.488778,0,0,93.76559,1.4962594,0,0
2022-07-15 14:41:15,0,0,5.25,0.5,0,92,1.5,0.25,0
2022-07-15 14:41:14,0,0,4.511278,0,0,93.98496,1.0025063,0.2506266,0
2022-07-15 14:41:13,0,0,6.5,0.25,0,90.5,1.5,0.25,0
2022-07-15 14:41:12,0,0,3.266332,0.5025126,0,94.97487,0.7537688,0.2512563,0
2022-07-15 14:41:11,0,0,5,0,0,92.25,1.5,0.25,0
2022-07-15 14:41:10,0,0,4.522613,0.2512563,0,93.46734,1.5075377,0.2512563,0
2022-07-15 14:41:09,0,0,5.236908,0.2493766,0,92.5187,1.4962594,0,0
2022-07-15 14:41:08,0,0,4.522613,0.2512563,0,93.21608,1.5075377,0.2512563,0
2022-07-15 14:41:07,0,0,5.236908,0,0,93.01746,1.2468828,0.2493766,0
2022-07-15 14:41:06,0,0,4.25,0.75,0,92.5,1,0.25,0.25
2022-07-15 14:41:05,0,0,5.263158,0,0,93.23308,1.2531328,0,0
2022-07-15 14:41:04,0,0,4.738155,0.4987531,0,93.26683,1.2468828,0,0
2022-07-15 14:41:03,0,0,5.236908,0,0,92.26933,1.745636,0.2493766,0
2022-07-15 14:41:02,0,0,4.522613,0,0,94.22111,1.0050251,0,0
2022-07-15 14:41:01,0,0,5.263158,0.2506266,0,91.97995,1.5037594,0.2506266,0
2022-07-15 14:41:00,0,0,4.761905,0.2506266,0,93.23308,1.0025063,0.2506266,0
2022-07-15 14:40:59,0,0,5.276382,0.2512563,0,92.71357,1.5075377,0,0
2022-07-15 14:40:58,0,0,5.25,0.25,0,90.75,2.75,0,0
2022-07-15 14:40:57,0,0,3.9801,0.2487562,0,94.02985,1.2437811,0,0
2022-07-15 14:40:56,0,0,4.785894,0,0,93.45088,1.511335,0,0
2022-07-15 14:40:55,0,0,4.975124,0.2487562,0,92.78607,1.741294,0.2487562,0
2022-07-15 14:40:54,0,0,5.263158,0.2506266,0,89.97494,2.255639,0,1.2531328
2022-07-15 14:40:53,0,0,4,0.25,0,93.25,1.25,0.25,0.25
2022-07-15 14:40:52,0,0,4.761905,0.2506266,0,92.98246,1.754386,0,0
2022-07-15 14:40:51,0,0,4.773869,0.2512563,0,93.21608,1.2562814,0,0
2022-07-15 14:40:50,0,0,4.987531,0,0,93.26683,1.4962594,0,0
2022-07-15 14:40:49,0,0,4.75,0.25,0,93.25,1,0.25,0
2022-07-15 14:40:48,0,0,4.79798,0.2525253,0,93.18182,1.5151515,0,0
2022-07-15 14:40:47,0,0,4.71464,0.248139,0,93.54839,0.9925558,0.248139,0
2022-07-15 14:40:46,0,0,5.527638,0,0,92.46231,1.5075377,0,0
2022-07-15 14:40:45,0,0,4.207921,0.4950495,0,93.81188,0.7425743,0.2475248,0
2022-07-15 14:40:44,0,0,4.556962,0,0,93.67089,1.2658228,0.2531646,0
2022-07-15 14:40:43,0,0,5,0,0,93,1.5,0,0
2022-07-15 14:40:42,0,0,5.236908,0.2493766,0,92.76808,1.2468828,0.2493766,0
2022-07-15 14:40:41,0,0,5,0,0,91.75,2.25,0.25,0
2022-07-15 14:40:40,0,0,5.527638,0.5025126,0,89.69849,1.758794,0.2512563,1.2562814
2022-07-15 14:40:39,0,0,4.040404,0,0,94.69697,1.010101,0,0
2022-07-15 14:40:38,0,0,4.726368,0.2487562,0,92.78607,1.4925373,0,0
2022-07-15 14:40:37,0,0,5.25,0.5,0,91.75,2,0.25,0
2022-07-15 14:40:36,0,0,4.785894,0.2518892,0,92.19144,2.267003,0,0
2022-07-15 14:40:35,0,0,4.5,0.25,0,92.75,2.25,0,0
2022-07-15 14:40:34,0,0,5,0,0,93.5,0.75,0.25,0
2022-07-15 14:40:33,0,0,5.5,0,0,92.75,1.5,0,0
2022-07-15 14:40:32,0,0,4.773869,0,0,92.46231,2.01005,0.2512563,0
2022-07-15 14:40:31,0,0,5.25,0.25,0,91.75,2,0,0.25
2022-07-15 14:40:30,0,0,4.260652,0,0,94.98747,0.2506266,0.2506266,0
2022-07-15 14:40:29,0,0,5.263158,0.2506266,0,93.48371,0.7518797,0,0
2022-07-15 14:40:28,0,0,4.5,0,0,93.5,1.75,0,0
2022-07-15 14:40:27,0,0,5.236908,0.2493766,0,92.01995,1.4962594,0,0.2493766
2022-07-15 14:40:26,0,0,4.488778,0,0,93.76559,0.9975062,0.2493766,0
2022-07-15 14:40:25,0,0,4.5,0.25,0,93.5,1,0,0
2022-07-15 14:40:24,0,0,5.5,0,0,93.25,1,0,0
2022-07-15 14:40:23,0,0,4.987531,0.2493766,0,92.26933,1.745636,0.4987531,0
2022-07-15 14:40:22,0,0,5.276382,0.2512563,0,92.46231,1.758794,0,0
2022-07-15 14:40:21,0,0,4.522613,0.2512563,0,93.46734,1.0050251,0.2512563,0
2022-07-15 14:40:20,0,0,5.75,0,0,92,1.5,0.25,0
2022-07-15 14:40:19,0,0,4.271357,0.2512563,0,94.47236,0.7537688,0,0
2022-07-15 14:40:18,0,0,4.25,0.25,0,93.75,1.25,0.25,0
2022-07-15 14:40:17,0,0,5.513784,0.2506266,0,92.4812,1.0025063,0,0
2022-07-15 14:40:16,0,0,4.522613,0.2512563,0,93.71859,1.2562814,0.2512563,0
2022-07-15 14:40:15,0,0,4.75,0,0,93.5,1.25,0.25,0
2022-07-15 14:40:14,0,0,5,0.25,0,92.5,1.5,0,0.25
2022-07-15 14:40:13,0,0,4.773869,0,0,92.71357,1.5075377,0.2512563,0
2022-07-15 14:40:12,0,0,4.477612,0.4975124,0,93.03483,1.2437811,0,0
2022-07-15 14:40:11,0,0,4.522613,0,0,93.21608,1.2562814,0.2512563,0.2512563
2022-07-15 14:40:10,0,0,5.210918,0,0,92.80397,1.2406948,0.4962779,0
2022-07-15 14:40:09,0,0,4.785894,0.2518892,0,93.19899,1.2594458,0,0
2022-07-15 14:40:08,0,0,4.5,0,0,93.75,1.25,0.25,0
2022-07-15 14:40:07,0,0,5.764411,0,0,91.4787,1.5037594,0.7518797,0
2022-07-15 14:40:06,0,0,4.773869,0,0,93.46734,1.2562814,0.2512563,0.2512563
2022-07-15 14:40:05,0,0,6.419753,0.2469136,0,90.12346,1.728395,0,0.2469136
2022-07-15 14:40:04,0,0,4.020101,0.2512563,0,94.22111,0.5025126,0.2512563,0
2022-07-15 14:40:03,0,0,4.773869,0,0,92.71357,2.01005,0.2512563,0
2022-07-15 14:40:02,0,0,5.25,0.25,0,92.25,1.5,0.5,0
2022-07-15 14:40:01,0,0,5.076142,0.2538071,0,91.11675,2.030457,0.5076142,0
2022-07-15 14:40:00,0,0,3.731343,0.4975124,0,94.52736,0.9950249,0.2487562,0
2022-07-15 14:39:59,0,0,4.75,0,0,93.5,1.5,0,0
2022-07-15 14:39:58,0,0,5.025126,0.5025126,0,92.21106,1.5075377,0.5025126,0
2022-07-15 14:39:57,0,0,4.975124,0,0,93.03483,1.4925373,0.2487562,0
2022-07-15 14:39:56,0,0,4.466501,0,0,93.54839,0.7444169,0.7444169,0
2022-07-15 14:39:55,0,0,5.316456,0,0,93.41772,1.0126582,0.2531646,0
2022-07-15 14:39:54,0,0,4.962779,0.248139,0,91.56328,2.233251,0.4962779,0.248139
2022-07-15 14:39:53,0,0,5.037783,0,0,93.19899,0.7556675,0.2518892,0
2022-07-15 14:39:52,0,0,4.511278,0,0,93.48371,1.2531328,0.2506266,0
2022-07-15 14:39:51,0,0,4.75,0.5,0,92.25,1.25,0.5,0
2022-07-15 14:39:50,0,0,5,0,0,93.5,1.25,0,0
2022-07-15 14:39:49,0,0,4.738155,0.2493766,0,92.5187,2.244389,0,0
2022-07-15 14:39:48,0,0,4.761905,0.5012531,0,92.4812,1.2531328,0.5012531,0
2022-07-15 14:39:47,0,0,5.764411,0.2506266,0,92.23058,1.2531328,0,0.2506266
2022-07-15 14:39:46,0,0,3.491272,0,0,94.51372,1.2468828,0.2493766,0
2022-07-15 14:39:45,0,0,5.236908,0.4987531,0,92.26933,1.745636,0,0
2022-07-15 14:39:44,0,0,4.5,0.25,0,93.5,1.25,0.25,0
2022-07-15 14:39:43,0,0,4.726368,0.4975124,0,92.28856,1.741294,0.2487562,0
2022-07-15 14:39:42,0,0,4.773869,0,0,93.46734,1.2562814,0.2512563,0
2022-07-15 14:39:41,0,0,5.025126,0.5025126,0,92.46231,1.0050251,0.5025126,0
2022-07-15 14:39:40,0,0,4.79798,0,0,93.18182,1.767677,0,0
2022-07-15 14:39:39,0,0,4.726368,0.2487562,0,92.53731,1.741294,0.2487562,0
2022-07-15 14:39:38,0,0,5.276382,0.2512563,0,91.9598,1.5075377,0.2512563,0
2022-07-15 14:39:37,0,0,4.488778,0.2493766,0,93.26683,1.745636,0,0
2022-07-15 14:39:36,0,0,4.79798,0,0,92.92929,1.5151515,0,0
2022-07-15 14:39:35,0,0,4.761905,0,0,93.98496,0.7518797,0.2506266,0
2022-07-15 14:39:34,0,0,5.223881,0.2487562,0,92.28856,1.2437811,0,0.2487562
2022-07-15 14:39:33,0,0,3.990025,0.4987531,0,93.51621,0.9975062,0.2493766,0
2022-07-15 14:39:32,0,0,4.75,0,0,93.25,1.25,0.5,0
2022-07-15 14:39:31,0,0,4.773869,0,0,93.46734,1.5075377,0,0
2022-07-15 14:39:30,0,0,4.975124,0.2487562,0,92.53731,1.741294,0,0
2022-07-15 14:39:29,0,0,5.012531,0,0,92.98246,1.754386,0,0
2022-07-15 14:39:28,0,0,5.289673,0.2518892,0,92.44332,1.2594458,0,0
2022-07-15 14:39:27,0,0,5.236908,0.2493766,0,92.5187,1.2468828,0.2493766,0
2022-07-15 14:39:26,0,0,4.25,0.25,0,93.75,1,0.25,0
2022-07-15 14:39:25,0,0,4.292929,0,0,93.43434,1.767677,0.2525253,0
2022-07-15 14:39:24,0,0,5,0.25,0,93,1.5,0,0
2022-07-15 14:39:23,0,0,4.522613,0,0,93.46734,1.2562814,0,0
2022-07-15 14:39:22,0,0,5,0.25,0,93.75,0.75,0.25,0
2022-07-15 14:39:21,0,0,4.726368,0,0,93.53234,0.9950249,0.2487562,0
2022-07-15 14:39:20,0,0,5.263158,0.2506266,0,91.72932,1.5037594,0.2506266,0
2022-07-15 14:39:19,0,0,4.030227,0.2518892,0,93.95466,1.2594458,0.2518892,0
2022-07-15 14:39:18,0,0,4.987531,0.2493766,0,93.26683,0.7481297,0.4987531,0
2022-07-15 14:39:17,0,0,5.025126,0.2512563,0,92.96482,1.5075377,0,0
2022-07-15 14:39:16,0,0,5,0,0,92.5,2.25,0.25,0
2022-07-15 14:39:15,0,0,4.511278,0,0,93.48371,1.2531328,0,0
2022-07-15 14:39:14,0,0,5.25,0.25,0,92.75,1.25,0.25,0
2022-07-15 14:39:13,0,0,4.271357,0.2512563,0,93.21608,1.2562814,0,0
2022-07-15 14:39:12,0,0,5.764411,0,0,91.22807,1.754386,0.2506266,0.2506266
2022-07-15 14:39:11,0,0,3.508772,0.2506266,0,94.73684,1.2531328,0,0
2022-07-15 14:39:10,0,0,5.263158,0.2506266,0,92.23058,1.5037594,0.2506266,0
2022-07-15 14:39:09,0,0,4.75,0.25,0,92.75,1.75,0,0
2022-07-15 14:39:08,0,0,5.25,0,0,92.5,1.25,0.5,0
2022-07-15 14:39:07,0,0,4.75,0.25,0,92.25,1.75,0.25,0
2022-07-15 14:39:06,0,0,4.522613,0,0,93.96985,1.0050251,0.2512563,0
2022-07-15 14:39:05,0,0,5.236908,0.2493766,0,92.26933,1.745636,0.2493766,0
2022-07-15 14:39:04,0,0,5.236908,0.2493766,0,93.01746,1.2468828,0,0
2022-07-15 14:39:03,0,0,5.527638,0,0,93.21608,0.7537688,0.2512563,0
2022-07-15 14:39:02,0,0,4.987531,0,0,93.01746,1.4962594,0,0
2022-07-15 14:39:01,0,0,4.488778,0.2493766,0,93.01746,1.4962594,0,0
2022-07-15 14:39:00,0,0,5.527638,0,0,91.9598,1.758794,0.2512563,0
2022-07-15 14:38:59,0,0,4.030227,0.2518892,0,92.9471,1.511335,0.2518892,0.2518892
2022-07-15 14:38:58,0,0,4.738155,0,0,93.01746,1.4962594,0.2493766,0
2022-07-15 14:38:57,0,0,5,0.25,0,93,1.25,0.25,0
2022-07-15 14:38:56,0,0,4.522613,0.2512563,0,92.46231,2.01005,0.5025126,0
2022-07-15 14:38:55,0,0,5.012531,0.2506266,0,92.73183,1.754386,0,0
2022-07-15 14:38:54,0,0,4.785894,0.2518892,0,92.9471,1.0075567,0.2518892,0
2022-07-15 14:38:53,0,0,4.477612,0.2487562,0,92.28856,1.2437811,0.2487562,0.7462687
2022-07-15 14:38:52,0,0,4.773869,0.2512563,0,92.21106,2.01005,0,0
2022-07-15 14:38:51,0,0,4.522613,0.2512563,0,93.21608,1.0050251,0.2512563,0
2022-07-15 14:38:50,0,0,4.962779,0,0,93.30025,1.4888337,0.248139,0
2022-07-15 14:38:49,0,0,4.79798,0.2525253,0,92.92929,1.5151515,0,0
2022-07-15 14:38:48,0,0,5.025126,0.2512563,0,92.71357,1.0050251,0.2512563,0
2022-07-15 14:38:47,0,0,4.987531,0.2493766,0,93.51621,0.9975062,0,0
2022-07-15 14:38:46,0,0,5.012531,0.2506266,0,92.23058,1.754386,0.5012531,0
2022-07-15 14:38:45,0,0,4.75,0.5,0,92.5,1.25,0,0.25
2022-07-15 14:38:44,0,0,4.5,0.25,0,93.25,1.5,0,0
2022-07-15 14:38:43,0,0,4.987531,0.2493766,0,92.76808,1.4962594,0.2493766,0
2022-07-15 14:38:42,0,0,5.012531,0,0,92.98246,1.5037594,0.2506266,0
2022-07-15 14:38:41,0,0,5.25,0.25,0,91,1.75,0.25,0.25
2022-07-15 14:38:40,0,0,4.020101,0.2512563,0,93.96985,1.2562814,0.2512563,0
2022-07-15 14:38:39,0,0,4.75,0.25,0,93,1.25,0,0
2022-07-15 14:38:38,0,0,4.773869,0,0,93.96985,0.7537688,0.2512563,0
2022-07-15 14:38:37,0,0,4.71464,0.248139,0,92.55583,1.985112,0.248139,0
2022-07-15 14:38:36,0,0,5.025126,0.2512563,0,93.46734,0.7537688,0.2512563,0
2022-07-15 14:38:35,0,0,4.761905,0,0,93.98496,1.0025063,0,0
2022-07-15 14:38:34,0,0,5.459057,0,0,91.067,1.4888337,0.248139,0.248139
2022-07-15 14:38:33,0,0,4.260652,0.5012531,0,93.48371,1.0025063,0.2506266,0
2022-07-15 14:38:32,0,0,4.75,0.25,0,93.25,1.25,0.25,0
2022-07-15 14:38:31,0,0,4.545455,0,0,93.93939,1.2626263,0,0
2022-07-15 14:38:30,0,0,4.987531,0.2493766,0,93.01746,1.4962594,0,0
2022-07-15 14:38:29,0,0,4.488778,0,0,93.51621,1.2468828,0.2493766,0
2022-07-15 14:38:28,0,0,4.761905,0,0,92.73183,2.255639,0,0
2022-07-15 14:38:27,0,0,5.316456,0.2531646,0,91.13924,1.5189873,0.2531646,0.2531646
2022-07-15 14:38:26,0,0,3.990025,0.2493766,0,93.76559,1.4962594,0.2493766,0
2022-07-15 14:38:25,0,0,4.761905,0.2506266,0,92.73183,1.5037594,0.2506266,0
2022-07-15 14:38:24,0,0,5,0.25,0,92,2,0.25,0
2022-07-15 14:38:23,0,0,4.545455,0,0,93.68687,1.2626263,0.2525253,0
2022-07-15 14:38:22,0,0,5.223881,0.2487562,0,92.78607,1.2437811,0.2487562,0
2022-07-15 14:38:21,0,0,4.511278,0.2506266,0,91.97995,2.005013,0.2506266,0
2022-07-15 14:38:20,0,0,5,0.5,0,92.25,2,0.25,0
2022-07-15 14:38:19,0,0,5.25,0,0,92,1,0.25,1.25
2022-07-15 14:38:18,0,0,4.010025,0,0,93.48371,1.2531328,0,0.7518797
2022-07-15 14:38:17,0,0,4.5,0.5,0,92.75,1.75,0.25,0
2022-07-15 14:38:16,0,0,4.761905,0.2506266,0,92.98246,1.5037594,0,0
2022-07-15 14:38:15,0,0,5.236908,0.2493766,0,92.5187,1.745636,0,0
2022-07-15 14:38:14,0,0,4.738155,0.2493766,0,92.76808,0.9975062,0.4987531,0
2022-07-15 14:38:13,0,0,4.488778,0,0,93.51621,1.2468828,0.4987531,0
2022-07-15 14:38:12,0,0,4.522613,0.2512563,0,92.96482,1.5075377,0.2512563,0
2022-07-15 14:38:11,0,0,4.785894,0,0,93.19899,1.0075567,0.2518892,0
2022-07-15 14:38:10,0,0,5.19802,0.2475248,0,92.82178,0.990099,0.4950495,0
2022-07-15 14:38:09,0,0,4.534005,0,0,93.19899,1.511335,0.2518892,0
2022-07-15 14:38:08,0,0,4.950495,0.2475248,0,92.07921,1.732673,0.2475248,0.2475248
2022-07-15 14:38:07,0,0,5.555556,0.2525253,0,91.16162,1.767677,0,0
2022-07-15 14:38:06,0,0,4.239401,0.4987531,0,94.26434,0.4987531,0.4987531,0
2022-07-15 14:38:05,0,0,5.025126,0,0,92.46231,1.5075377,0,0
2022-07-15 14:38:04,0,0,4.5,0.25,0,94,1.25,0,0
2022-07-15 14:38:03,0,0,5,0,0,93.25,1.25,0,0
2022-07-15 14:38:02,0,0,4.75,0,0,94.25,0.75,0,0
2022-07-15 14:38:01,0,0,5.263158,0,0,91.97995,1.754386,0.2506266,0
2022-07-15 14:38:00,0,0,4.197531,0.2469136,0,91.35802,1.728395,0.2469136,0.9876543
2022-07-15 14:37:59,0,0,4.545455,0,0,93.93939,1.010101,0.2525253,0
2022-07-15 14:37:58,0,0,5.025126,0,0,92.21106,1.758794,0.2512563,0
2022-07-15 14:37:57,0,0,4.5,0.5,0,93.5,1,0.25,0
2022-07-15 14:37:56,0,0,5.223881,0.2487562,0,93.28358,0.4975124,0.4975124,0
2022-07-15 14:37:55,0,0,4.785894,0.2518892,0,92.69521,1.763224,0,0
2022-07-15 14:37:54,0,0,4.511278,0.2506266,0,94.73684,0.5012531,0,0
2022-07-15 14:37:53,0,0,5,0.25,0,93.25,1.25,0,0
2022-07-15 14:37:52,0,0,5,0,0,91.75,2.25,0,0.25
2022-07-15 14:37:51,0,0,4.738155,0.4987531,0,92.76808,1.2468828,0.2493766,0
2022-07-15 14:37:50,0,0,4.511278,0,0,93.48371,1.754386,0,0
2022-07-15 14:37:49,0,0,4.773869,0,0,93.21608,1.5075377,0,0
2022-07-15 14:37:48,0,0,5.5,0.25,0,92.25,1.25,0.25,0
2022-07-15 14:37:47,0,0,4.260652,0,0,93.98496,1.2531328,0,0
2022-07-15 14:37:46,0,0,4.738155,0.2493766,0,93.51621,1.2468828,0,0
2022-07-15 14:37:45,0,0,4.761905,0.2506266,0,93.23308,1.2531328,0.2506266,0
2022-07-15 14:37:44,0,0,4.534005,0,0,93.70277,1.2594458,0,0
2022-07-15 14:37:43,0,0,5.459057,0.248139,0,92.80397,1.2406948,0.248139,0
2022-07-15 14:37:42,0,0,4.5,0,0,93.5,1,0.5,0
2022-07-15 14:37:41,0,0,5.263158,0,0,93.23308,1.0025063,0.2506266,0
2022-07-15 14:37:40,0,0,4.282116,0.2518892,0,93.95466,0.7556675,0,0
2022-07-15 14:37:39,0,0,4.738155,0,0,93.51621,1.2468828,0.2493766,0
2022-07-15 14:37:38,0,0,4.761905,0,0,93.48371,1.0025063,0.2506266,0
2022-07-15 14:37:37,0,0,4.761905,0.5012531,0,92.23058,1.754386,0.2506266,0
2022-07-15 14:37:36,0,0,4.987531,0,0,93.01746,1.4962594,0,0
2022-07-15 14:37:35,0,0,5.236908,0.2493766,0,93.26683,0.9975062,0.2493766,0
2022-07-15 14:37:34,0,0,5.236908,0.2493766,0,93.01746,0.9975062,0,0
2022-07-15 14:37:33,0,0,4.25,0,0,94.25,1.25,0.25,0
2022-07-15 14:37:32,0,0,4.260652,0.2506266,0,93.23308,1.5037594,0.2506266,0
2022-07-15 14:37:31,0,0,5.236908,0,0,93.01746,0.9975062,0.2493766,0
2022-07-15 14:37:30,0,0,4.25,0,0,94.5,1,0,0
2022-07-15 14:37:29,0,0,6.015038,0.2506266,0,90.97744,1.754386,0.2506266,0
2022-07-15 14:37:28,0,0,4.239401,0,0,94.26434,1.2468828,0,0
2022-07-15 14:37:27,0,0,5.012531,0.5012531,0,92.23058,1.0025063,0.2506266,0
2022-07-15 14:37:26,0,0,6.234414,0.2493766,0,91.02244,1.745636,0.2493766,0.2493766
2022-07-15 14:37:25,0,0,3.526448,0.2518892,0,92.69521,1.511335,0.5037783,0.7556675
2022-07-15 14:37:24,0,0,4.773869,0,0,93.46734,1.2562814,0,0
2022-07-15 14:37:23,0,0,5,0.25,0,92.75,1.25,0.25,0
2022-07-15 14:37:22,0,0,4.773869,0,0,92.96482,1.5075377,0,0
2022-07-15 14:37:21,0,0,5.985037,0.2493766,0,90.27431,2.244389,0.2493766,0
2022-07-15 14:37:20,0,0,3.25,0.25,0,95,1.25,0,0
2022-07-15 14:37:19,0,0,5.5,0.25,0,92.5,1.25,0.25,0
2022-07-15 14:37:18,0,0,4.25,0.25,0,94,1.25,0,0
2022-07-15 14:37:17,0,0,5.236908,0.2493766,0,92.76808,0.9975062,0.2493766,0.2493766
2022-07-15 14:37:16,0,0,4.726368,0.4975124,0,92.53731,1.99005,0,0
2022-07-15 14:37:15,0,0,4.738155,0.4987531,0,93.01746,1.2468828,0.2493766,0
2022-07-15 14:37:14,0,0,6,0.75,0,89.25,1.75,0.25,1
2022-07-15 14:37:13,0,0,3.787879,0,0,94.69697,1.5151515,0,0
2022-07-15 14:37:12,0,0,5.012531,0,0,93.23308,1.0025063,0.2506266,0
2022-07-15 14:37:11,0,0,4.773869,0.2512563,0,92.96482,1.2562814,0.2512563,0
2022-07-15 14:37:10,0,0,4.522613,0,0,92.96482,2.01005,0.2512563,0
2022-07-15 14:37:09,0,0,5.025126,0.2512563,0,93.21608,0.7537688,0.5025126,0
2022-07-15 14:37:08,0,0,4.761905,0,0,93.48371,1.0025063,0.2506266,0
2022-07-15 14:37:07,0,0,5.5,0,0,91.25,2,0.25,0.25
2022-07-15 14:37:06,0,0,4.228856,0.2487562,0,94.02985,0.7462687,0.2487562,0
2022-07-15 14:37:05,0,0,5.75,0.25,0,92.75,0.75,0.25,0
2022-07-15 14:37:04,0,0,4.773869,0,0,92.71357,2.01005,0.2512563,0
2022-07-15 14:37:03,0,0,5,0,0,92.5,2,0.25,0
2022-07-15 14:37:02,0,0,4.488778,0.4987531,0,93.26683,1.4962594,0,0
2022-07-15 14:37:01,0,0,5.025126,0,0,92.46231,1.758794,0.2512563,0
2022-07-15 14:37:00,0,0,4.987531,0.2493766,0,92.5187,1.4962594,0.2493766,0
2022-07-15 14:36:59,0,0,5.513784,0,0,90.97744,2.255639,0.2506266,0.2506266
2022-07-15 14:36:58,0,0,4.030227,0.2518892,0,93.45088,1.511335,0,0
2022-07-15 14:36:57,0,0,4.75,0,0,94,1,0.25,0
2022-07-15 14:36:56,0,0,5,0,0,93,1.75,0,0
2022-07-15 14:36:55,0,0,5.472637,0.2487562,0,92.28856,1.2437811,0.2487562,0
2022-07-15 14:36:54,0,0,3.787879,0,0,94.69697,1.010101,0,0
2022-07-15 14:36:53,0,0,4.761905,0.2506266,0,92.98246,1.2531328,0.2506266,0
2022-07-15 14:36:52,0,0,4.282116,0.2518892,0,93.45088,1.2594458,0.2518892,0
2022-07-15 14:36:51,0,0,5.5,0,0,92,1.75,0.25,0
2022-07-15 14:36:50,0,0,4.5,0.25,0,92.5,1.25,0,0
2022-07-15 14:36:49,0,0,5.025126,0.2512563,0,92.71357,1.5075377,0.2512563,0
2022-07-15 14:36:48,0,0,4.987531,0.2493766,0,92.5187,1.745636,0.2493766,0
2022-07-15 14:36:47,0,0,5.236908,0.2493766,0,92.26933,0.9975062,0.2493766,0.2493766
2022-07-15 14:36:46,0,0,4.282116,0,0,94.20655,1.0075567,0.2518892,0
2022-07-15 14:36:45,0,0,4.239401,0.2493766,0,94.26434,0.7481297,0,0
2022-07-15 14:36:44,0,0,5.236908,0.2493766,0,93.26683,0.7481297,0.2493766,0
2022-07-15 14:36:43,0,0,5.316456,0.2531646,0,90.88608,2.278481,0.2531646,0
2022-07-15 14:36:42,0,0,4.761905,0.2506266,0,93.23308,1.2531328,0,0
2022-07-15 14:36:41,0,0,5.037783,0,0,93.19899,1.2594458,0.2518892,0
2022-07-15 14:36:40,0,0,4.511278,0,0,93.23308,1.2531328,0,0
2022-07-15 14:36:39,0,0,5.185185,0.2469136,0,92.34568,1.4814815,0.2469136,0.2469136
2022-07-15 14:36:38,0,0,4.810127,0,0,93.67089,1.2658228,0,0
2022-07-15 14:36:37,0,0,4.522613,0.2512563,0,93.46734,1.0050251,0.2512563,0
2022-07-15 14:36:36,0,0,5.223881,0.2487562,0,93.03483,0.9950249,0.2487562,0
2022-07-15 14:36:35,0,0,4.534005,0.2518892,0,93.45088,1.511335,0,0
2022-07-15 14:36:34,0,0,5.210918,0.248139,0,92.55583,1.736973,0,0
2022-07-15 14:36:33,0,0,5.263158,0.2506266,0,92.98246,1.0025063,0.2506266,0
2022-07-15 14:36:32,0,0,3.9801,0,0,93.28358,1.4925373,0.2487562,0
2022-07-15 14:36:31,0,0,5.037783,0.2518892,0,92.69521,1.2594458,0.2518892,0
2022-07-15 14:36:30,0,0,4.488778,0.4987531,0,93.51621,0.9975062,0.2493766,0
2022-07-15 14:36:29,0,0,5.263158,0.2506266,0,92.73183,1.5037594,0,0
2022-07-15 14:36:28,0,0,4.761905,0,0,93.73434,1.0025063,0,0
2022-07-15 14:36:27,0,0,4.25,0.25,0,93.5,1,0.25,0
2022-07-15 14:36:26,0,0,4.726368,0.2487562,0,92.78607,1.741294,0.2487562,0
2022-07-15 14:36:25,0,0,4.773869,0,0,93.71859,1.2562814,0,0
2022-07-15 14:36:24,0,0,5.025126,0.2512563,0,92.71357,1.5075377,0.2512563,0
2022-07-15 14:36:23,0,0,4.5,0.25,0,93.75,1.25,0,0
2022-07-15 14:36:22,0,0,5.30303,0.2525253,0,91.66667,2.020202,0.2525253,0
2022-07-15 14:36:21,0,0,5.735661,0.2493766,0,92.01995,1.745636,0,0
2022-07-15 14:36:20,0,0,3.759398,0.5012531,0,93.73434,0.7518797,0.2506266,0
2022-07-15 14:36:19,0,0,5.025126,0,0,93.96985,0.7537688,0,0
2022-07-15 14:36:18,0,0,4.466501,0.4962779,0,92.80397,1.4888337,0.4962779,0
2022-07-15 14:36:17,0,0,5.263158,0,0,92.98246,1.2531328,0,0.2506266
2022-07-15 14:36:16,0,0,4.761905,0,0,92.73183,1.754386,0.5012531,0
2022-07-15 14:36:15,0,0,5.025126,0.5025126,0,92.96482,1.0050251,0,0
2022-07-15 14:36:14,0,0,5.527638,0.2512563,0,91.20603,2.01005,0.2512563,0
2022-07-15 14:36:13,0,0,3.5,0,0,94,2,0.25,0
2022-07-15 14:36:12,0,0,4.975124,0,0,93.03483,0.9950249,0.2487562,0
2022-07-15 14:36:11,0,0,4.75,0.5,0,93,1.25,0,0
2022-07-15 14:36:10,0,0,4.773869,0.2512563,0,92.46231,1.758794,0.2512563,0
2022-07-15 14:36:09,0,0,5.276382,0.2512563,0,92.71357,1.0050251,0.2512563,0
2022-07-15 14:36:08,0,0,4.477612,0.2487562,0,93.53234,1.2437811,0.2487562,0
2022-07-15 14:36:07,0,0,5.037783,0.2518892,0,93.19899,1.0075567,0,0
2022-07-15 14:36:06,0,0,5.721393,0,0,91.04478,1.4925373,0.2487562,0.2487562
2022-07-15 14:36:05,0,0,4.987531,0,0,93.26683,1.4962594,0,0
2022-07-15 14:36:04,0,0,4.761905,0,0,92.98246,1.2531328,0.5012531,0
2022-07-15 14:36:03,0,0,4.75,0.25,0,92.5,1.75,0.25,0
2022-07-15 14:36:02,0,0,5.527638,0,0,91.70854,1.5075377,0.2512563,0
2022-07-15 14:36:01,0,0,3.517588,0.5025126,0,93.96985,1.0050251,0,0
2022-07-15 14:36:00,0,0,4.75,0.25,0,93.5,1,0.25,0
2022-07-15 14:35:59,0,0,4.975124,0.2487562,0,91.79104,1.99005,0.2487562,0.2487562
2022-07-15 14:35:58,0,0,4.534005,0.5037783,0,92.9471,1.511335,0.2518892,0
2022-07-15 14:35:57,0,0,5.236908,0,0,93.51621,0.9975062,0,0
2022-07-15 14:35:56,0,0,4.5,0,0,93.75,1,0.5,0
2022-07-15 14:35:55,0,0,4.5,0.25,0,93.25,1.25,0.25,0
2022-07-15 14:35:54,0,0,5.289673,0,0,91.93955,1.2594458,0,1.0075567
2022-07-15 14:35:53,0,0,3.740648,0.2493766,0,94.26434,0.7481297,0.2493766,0
2022-07-15 14:35:52,0,0,4.75,0.25,0,93,1.5,0,0
2022-07-15 14:35:51,0,0,4.545455,0,0,93.68687,1.2626263,0.2525253,0
2022-07-15 14:35:50,0,0,4.975124,0.2487562,0,93.03483,1.2437811,0.2487562,0
2022-07-15 14:35:49,0,0,4.773869,0,0,92.71357,2.01005,0.2512563,0
2022-07-15 14:35:48,0,0,4.260652,0,0,94.23559,1.2531328,0,0
2022-07-15 14:35:47,0,0,5,0.25,0,92.75,1.25,0.25,0
2022-07-15 14:35:46,0,0,4.271357,0,0,94.22111,1.0050251,0,0
2022-07-15 14:35:45,0,0,4,0,0,94.75,1,0,0
2022-07-15 14:35:44,0,0,4.987531,0.2493766,0,92.5187,1.745636,0,0
2022-07-15 14:35:43,0,0,4.477612,0,0,93.78109,1.2437811,0.2487562,0
2022-07-15 14:35:42,0,0,5.025126,0,0,93.71859,1.0050251,0,0
2022-07-15 14:35:41,0,0,4.75,0,0,93,1.25,0.25,0.25
2022-07-15 14:35:40,0,0,4.738155,0.2493766,0,93.51621,0.9975062,0.2493766,0
2022-07-15 14:35:39,0,0,4.556962,0,0,92.65823,1.772152,0.2531646,0
2022-07-15 14:35:38,0,0,4.761905,0.2506266,0,92.98246,1.2531328,0,0
2022-07-15 14:35:37,0,0,3.970223,0.248139,0,93.54839,0.9925558,0.4962779,0
2022-07-15 14:35:36,0,0,5.012531,0,0,93.73434,1.0025063,0,0
2022-07-15 14:35:35,0,0,4.25,0,0,94,1.25,0.25,0
2022-07-15 14:35:34,0,0,5.555556,0.2525253,0,91.41414,2.020202,0.2525253,0
2022-07-15 14:35:33,0,0,3.5,0,0,94.5,1.75,0,0
2022-07-15 14:35:32,0,0,4.738155,0.4987531,0,93.01746,0.9975062,0.2493766,0
2022-07-15 14:35:31,0,0,4,0.25,0,93.75,1.5,0.25,0
2022-07-15 14:35:30,0,0,5.5,0.25,0,92.5,1.5,0,0
2022-07-15 14:35:29,0,0,5,0,0,93,1.25,0.25,0
2022-07-15 14:35:28,0,0,4.522613,0.2512563,0,93.21608,1.5075377,0,0
2022-07-15 14:35:27,0,0,4.5,0.25,0,93.5,1.25,0.25,0
2022-07-15 14:35:26,0,0,5.5,0.25,0,91,2.25,0.25,0.25
2022-07-15 14:35:25,0,0,3.258145,0.2506266,0,94.48622,1.2531328,0.2506266,0
2022-07-15 14:35:24,0,0,5.025126,0.2512563,0,92.21106,2.01005,0.2512563,0
2022-07-15 14:35:23,0,0,4.738155,0,0,93.26683,1.2468828,0.4987531,0
2022-07-15 14:35:22,0,0,4.477612,0.2487562,0,93.53234,1.2437811,0,0.2487562
2022-07-15 14:35:21,0,0,4.568528,0.2538071,0,93.40102,1.0152284,0.2538071,0
2022-07-15 14:35:20,0,0,5.459057,0.248139,0,92.30769,1.4888337,0,0
2022-07-15 14:35:19,0,0,4.5,0,0,94,1,0,0
2022-07-15 14:35:18,0,0,4.010025,0.2506266,0,93.73434,1.2531328,0.2506266,0
2022-07-15 14:35:17,0,0,4.25,0.25,0,93.5,1.5,0,0
2022-07-15 14:35:16,0,0,5.276382,0,0,93.21608,1.2562814,0,0
2022-07-15 14:35:15,0,0,4.040404,0,0,94.44444,1.2626263,0,0
2022-07-15 14:35:14,0,0,4.738155,0.2493766,0,93.26683,0.9975062,0.4987531,0
2022-07-15 14:35:13,0,0,4.511278,0,0,93.73434,1.0025063,0,0
2022-07-15 14:35:12,0,0,4.726368,0.2487562,0,93.03483,1.2437811,0.2487562,0
2022-07-15 14:35:11,0,0,4.522613,0,0,93.46734,1.5075377,0,0
2022-07-15 14:35:10,0,0,5.263158,0.5012531,0,91.22807,1.2531328,0.2506266,1.0025063
2022-07-15 14:35:09,0,0,3.9801,0.2487562,0,94.77612,0.7462687,0,0
2022-07-15 14:35:08,0,0,4.477612,0,0,93.78109,0.9950249,0.2487562,0
2022-07-15 14:35:07,0,0,4.271357,0.2512563,0,93.21608,1.5075377,0.2512563,0
2022-07-15 14:35:06,0,0,6.030151,0,0,92.71357,0.7537688,0,0
2022-07-15 14:35:05,0,0,3.508772,0,0,94.73684,1.0025063,0.2506266,0
2022-07-15 14:35:04,0,0,4.987531,0.2493766,0,93.26683,1.2468828,0,0
2022-07-15 14:35:03,0,0,4.239401,0,0,93.76559,0.9975062,0.4987531,0
2022-07-15 14:35:02,0,0,4.773869,0,0,93.96985,0.7537688,0.2512563,0
2022-07-15 14:35:01,0,0,4.271357,0,0,93.96985,1.0050251,0,0
2022-07-15 14:35:00,0,0,5.012531,0.2506266,0,93.23308,1.0025063,0.2506266,0
2022-07-15 14:34:59,0,0,4.020101,0,0,93.96985,1.5075377,0.2512563,0
2022-07-15 14:34:58,0,0,5.223881,0.2487562,0,90.54726,2.487562,0,0.9950249
2022-07-15 14:34:57,0,0,4.25,0,0,93.25,1.25,0.5,0
2022-07-15 14:34:56,0,0,4.773869,0,0,93.96985,1.2562814,0,0
2022-07-15 14:34:55,0,0,4.761905,0,0,93.48371,1.5037594,0,0
2022-07-15 14:34:54,0,0,4.5,0,0,93,1.75,0.25,0
2022-07-15 14:34:53,0,0,4.5,0,0,93.5,1.75,0,0
2022-07-15 14:34:52,0,0,4.75,0.5,0,93.5,0.75,0.25,0
2022-07-15 14:34:51,0,0,4.785894,0,0,91.93955,1.511335,0,0.5037783
2022-07-15 14:34:50,0,0,4.260652,0.2506266,0,93.23308,1.5037594,0.2506266,0
2022-07-15 14:34:49,0,0,4.477612,0.2487562,0,93.28358,1.4925373,0.2487562,0
2022-07-15 14:34:48,0,0,4.75,0.25,0,93,1.25,0.5,0
2022-07-15 14:34:47,0,0,4.5,0,0,92.75,1.75,0.75,0
2022-07-15 14:34:46,0,0,4.522613,0,0,94.22111,1.0050251,0,0
2022-07-15 14:34:45,0,0,4.488778,0.4987531,0,92.76808,1.745636,0.2493766,0
2022-07-15 14:34:44,0,0,4.987531,0,0,93.01746,1.745636,0,0
2022-07-15 14:34:43,0,0,4.511278,0.2506266,0,93.23308,1.2531328,0.5012531,0
2022-07-15 14:34:42,0,0,4.726368,0.2487562,0,90.29851,2.238806,0.2487562,0.7462687
2022-07-15 14:34:41,0,0,4.25,0.25,0,93.75,1.25,0.25,0
2022-07-15 14:34:40,0,0,4.511278,0,0,93.98496,1.0025063,0,0
2022-07-15 14:34:39,0,0,4.511278,0,0,93.23308,1.5037594,0.2506266,0
2022-07-15 14:34:38,0,0,4.987531,0.4987531,0,92.01995,1.4962594,0.2493766,0
2022-07-15 14:34:37,0,0,4,0,0,95,0.75,0,0
2022-07-15 14:34:36,0,0,4.488778,0.2493766,0,93.01746,1.4962594,0.2493766,0
2022-07-15 14:34:35,0,0,4.488778,0,0,92.76808,1.745636,0.4987531,0.2493766
2022-07-15 14:34:34,0,0,5.289673,0.2518892,0,92.69521,1.511335,0,0
2022-07-15 14:34:33,0,0,4.5,0,0,93.75,1.25,0.25,0
2022-07-15 14:34:32,0,0,4.282116,0,0,93.70277,1.511335,0,0
2022-07-15 14:34:31,0,0,4.726368,0,0,92.78607,1.4925373,0.4975124,0
2022-07-15 14:34:30,0,0,5.037783,0.2518892,0,91.93955,2.015113,0,0
2022-07-15 14:34:29,0,0,3.25,0,0,95.5,0.75,0.25,0
2022-07-15 14:34:28,0,0,4.75,0,0,92.75,1.5,0.5,0
2022-07-15 14:34:27,0,0,4.511278,0.2506266,0,93.48371,1.2531328,0,0
2022-07-15 14:34:26,0,0,4.726368,0,0,93.28358,1.2437811,0,0
2022-07-15 14:34:25,0,0,4.25,0.25,0,94.5,1,0,0
2022-07-15 14:34:24,0,0,5.012531,0,0,92.73183,1.5037594,0.2506266,0
2022-07-15 14:34:23,0,0,4.738155,0.2493766,0,92.26933,1.4962594,0.2493766,0.2493766
2022-07-15 14:34:22,0,0,3.990025,0,0,93.51621,1.995012,0.2493766,0
2022-07-15 14:34:21,0,0,4.534005,0,0,93.19899,1.511335,0,0
2022-07-15 14:34:20,0,0,5.513784,0,0,91.4787,2.255639,0,0
2022-07-15 14:34:19,0,0,8.79397,0.2512563,0,88.44221,2.01005,0.2512563,0
2022-07-15 14:34:18,0,0,9.20398,0.2487562,0,87.81095,1.741294,0.2487562,0.2487562
2022-07-15 14:34:17,0,0,7.848101,0.7594937,0,85.06329,5.56962,0.2531646,0.2531646
2022-07-15 14:34:16,0,0,4.738155,0,0,92.5187,1.995012,0.2493766,0
2022-07-15 14:34:15,0,0,4.466501,0.248139,0,93.79653,0.9925558,0,0
2022-07-15 14:34:14,0,0,5.541562,0,0,91.68766,1.763224,0.2518892,0
2022-07-15 14:34:13,0,0,3.508772,0.2506266,0,94.73684,1.0025063,0,0
2022-07-15 14:34:12,0,0,4.25,0,0,93.75,1.5,0.25,0
2022-07-15 14:34:11,0,0,4.556962,0.2531646,0,92.65823,1.772152,0,0
2022-07-15 14:34:10,0,0,6.015038,0,0,90.22556,2.756892,0,0.5012531
2022-07-15 14:34:09,0,0,3.225806,0.248139,0,94.2928,0.7444169,0.4962779,0.248139
2022-07-15 14:34:08,0,0,5.025126,0.2512563,0,93.96985,0.5025126,0.2512563,0
2022-07-15 14:34:07,0,0,5.012531,0.2506266,0,93.48371,1.0025063,0,0
2022-07-15 14:34:06,0,0,4,0,0,94,1.5,0,0
2022-07-15 14:34:05,0,0,5.210918,0.248139,0,92.30769,1.4888337,0.248139,0
2022-07-15 14:34:04,0,0,5.025126,0.2512563,0,92.71357,1.2562814,0,0.2512563
2022-07-15 14:34:03,0,0,4.477612,0,0,93.78109,1.4925373,0,0
2022-07-15 14:34:02,0,0,5.527638,0.5025126,0,91.20603,1.758794,0.2512563,0
2022-07-15 14:34:01,0,0,3.759398,0,0,94.73684,0.5012531,0.2506266,0
2022-07-15 14:34:00,0,0,4.271357,0,0,93.96985,1.2562814,0.2512563,0
2022-07-15 14:33:59,0,0,4.25,0,0,93.75,1.5,0,0
2022-07-15 14:33:58,0,0,4.5,0,0,93.75,1.25,0.25,0
2022-07-15 14:33:57,0,0,4.773869,0.2512563,0,93.21608,1.0050251,0.2512563,0
2022-07-15 14:33:56,0,0,4.522613,0.5025126,0,93.96985,0.7537688,0,0
2022-07-15 14:33:55,0,0,4.5,0,0,92.75,1.75,0.5,0
2022-07-15 14:33:54,0,0,4.522613,0.2512563,0,93.71859,1.2562814,0,0
2022-07-15 14:33:53,0,0,4.70297,0.2475248,0,92.57426,1.2376238,0.7425743,0
2022-07-15 14:33:52,0,0,4.020101,0,0,94.22111,1.2562814,0.2512563,0
2022-07-15 14:33:51,0,0,4.785894,0.2518892,0,93.70277,0.7556675,0,0
2022-07-15 14:33:50,0,0,4.75,0.25,0,93.75,1,0,0
2022-07-15 14:33:49,0,0,5.012531,0,0,93.48371,1.0025063,0.2506266,0
2022-07-15 14:33:48,0,0,4.25,0,0,94,1.25,0.25,0
2022-07-15 14:33:47,0,0,5.012531,0.5012531,0,92.23058,1.2531328,0.2506266,0.2506266
2022-07-15 14:33:46,0,0,5.025126,0,0,92.96482,1.0050251,0.2512563,0
2022-07-15 14:33:45,0,0,3.731343,0.2487562,0,94.52736,0.9950249,0.2487562,0
2022-07-15 14:33:44,0,0,4.522613,0,0,93.21608,1.2562814,0.2512563,0
2022-07-15 14:33:43,0,0,5.037783,0.2518892,0,93.19899,1.2594458,0,0
2022-07-15 14:33:42,0,0,5.289673,0,0,92.69521,1.2594458,0.2518892,0
2022-07-15 14:33:41,0,0,4.25,0,0,93,2,0,0
2022-07-15 14:33:40,0,0,4.239401,0,0,94.76309,0.2493766,0.2493766,0
2022-07-15 14:33:39,0,0,4.556962,0.2531646,0,93.67089,1.2658228,0,0
2022-07-15 14:33:38,0,0,4.477612,0.2487562,0,94.02985,0.7462687,0.2487562,0
2022-07-15 14:33:37,0,0,4.522613,0.2512563,0,93.21608,1.2562814,0,0
2022-07-15 14:33:36,0,0,4.488778,0,0,94.01496,1.2468828,0.2493766,0
2022-07-15 14:33:35,0,0,4.511278,0.2506266,0,93.23308,1.2531328,0.2506266,0
2022-07-15 14:33:34,0,0,6,0.5,0,91,1.5,0.25,0
2022-07-15 14:33:33,0,0,4.271357,0,0,93.96985,1.2562814,0,0
2022-07-15 14:33:32,0,0,3.768844,0,0,93.96985,1.2562814,0.2512563,0
2022-07-15 14:33:31,0,0,4.761905,0,0,92.4812,1.754386,0.5012531,0
2022-07-15 14:33:30,0,0,4.511278,0.2506266,0,92.98246,1.5037594,0,0
2022-07-15 14:33:29,0,0,4.761905,0,0,93.48371,1.2531328,0.2506266,0
2022-07-15 14:33:28,0,0,4.5,0,0,93.75,1.5,0,0
2022-07-15 14:33:27,0,0,5.223881,0.2487562,0,92.0398,0.7462687,0.4975124,0.2487562
2022-07-15 14:33:26,0,0,3.759398,0,0,94.48622,1.5037594,0,0
2022-07-15 14:33:25,0,0,4.79798,0.5050505,0,92.42424,1.767677,0,0
2022-07-15 14:33:24,0,0,4.488778,0,0,94.01496,0.9975062,0.2493766,0
2022-07-15 14:33:23,0,0,5,0.25,0,93.75,0.75,0.25,0
2022-07-15 14:33:22,0,0,4.207921,0,0,93.56436,1.4851485,0.2475248,0
2022-07-15 14:33:21,0,0,4.822335,0.2538071,0,92.8934,1.5228426,0,0
2022-07-15 14:33:20,0,0,4.488778,0,0,94.01496,0.4987531,0.2493766,0
2022-07-15 14:33:19,0,0,4.761905,0.2506266,0,92.98246,1.2531328,0,0
2022-07-15 14:33:18,0,0,5.472637,0.2487562,0,92.28856,1.2437811,0.2487562,0
2022-07-15 14:33:17,0,0,4.282116,0,0,93.45088,1.2594458,0.2518892,0
2022-07-15 14:33:16,0,0,4.738155,0.4987531,0,93.51621,1.2468828,0,0
2022-07-15 14:33:15,0,0,4.488778,0,0,93.26683,0.9975062,0.2493766,0
2022-07-15 14:33:14,0,0,5.025126,0.2512563,0,93.46734,1.0050251,0,0
2022-07-15 14:33:13,0,0,4.511278,0.2506266,0,92.23058,1.2531328,0.5012531,0
2022-07-15 14:33:12,0,0,4,0.25,0,94,1.5,0,0
2022-07-15 14:33:11,0,0,4.79798,0.5050505,0,92.42424,1.2626263,0.5050505,0
2022-07-15 14:33:10,0,0,4.534005,0,0,93.95466,1.2594458,0,0
2022-07-15 14:33:09,0,0,4.975124,0.4975124,0,92.28856,1.4925373,0.2487562,0
2022-07-15 14:33:08,0,0,4.020101,0.2512563,0,94.22111,1.2562814,0,0
2022-07-15 14:33:07,0,0,5.012531,0.2506266,0,91.97995,1.5037594,0.5012531,0
2022-07-15 14:33:06,0,0,7.19603,0.248139,0,88.58561,1.985112,0,1.4888337
2022-07-15 14:33:05,0,0,3.778338,0.5037783,0,94.71033,0.5037783,0.2518892,0
2022-07-15 14:33:04,0,0,3.768844,0,0,94.47236,1.5075377,0,0
2022-07-15 14:33:03,0,0,5.210918,0.4962779,0,92.55583,1.4888337,0,0
2022-07-15 14:33:02,0,0,4.260652,0,0,93.98496,1.0025063,0.2506266,0
2022-07-15 14:33:01,0,0,4.975124,0.2487562,0,92.28856,1.2437811,0,0
2022-07-15 14:33:00,0,0,4.761905,0.2506266,0,92.73183,1.5037594,0.2506266,0
2022-07-15 14:32:59,0,0,4.534005,0,0,93.19899,1.763224,0,0
2022-07-15 14:32:58,0,0,3.990025,0.2493766,0,93.76559,1.2468828,0.2493766,0
2022-07-15 14:32:57,0,0,4.75,0,0,93.25,1.75,0,0
2022-07-15 14:32:56,0,0,4.522613,0,0,94.22111,0.7537688,0.2512563,0
2022-07-15 14:32:55,0,0,4.511278,0.2506266,0,93.73434,1.2531328,0,0
2022-07-15 14:32:54,0,0,4.726368,0.2487562,0,92.78607,1.741294,0.2487562,0
2022-07-15 14:32:53,0,0,4.556962,0.2531646,0,93.67089,1.0126582,0,0
2022-07-15 14:32:52,0,0,4.488778,0,0,94.01496,1.2468828,0,0
2022-07-15 14:32:51,0,0,4.75,0.25,0,92.5,1.5,0.25,0
2022-07-15 14:32:50,0,0,5.063291,0.2531646,0,92.91139,1.2658228,0,0
2022-07-15 14:32:49,0,0,4,0.25,0,94.75,0.5,0.25,0
2022-07-15 14:32:48,0,0,4.260652,0,0,92.98246,1.5037594,0.2506266,0
2022-07-15 14:32:47,0,0,4.738155,0,0,93.01746,1.4962594,0.2493766,0.2493766
2022-07-15 14:32:46,0,0,4.761905,0.5012531,0,93.23308,1.2531328,0,0
2022-07-15 14:32:45,0,0,4.5,0,0,93.25,1.5,0.25,0
2022-07-15 14:32:44,0,0,4.020101,0.2512563,0,94.47236,1.0050251,0,0
2022-07-15 14:32:43,0,0,4.75,0.25,0,92.5,2,0,0
2022-07-15 14:32:42,0,0,4.987531,0.2493766,0,92.26933,1.4962594,0.2493766,0.2493766
2022-07-15 14:32:41,0,0,4.5,0,0,93,1.5,0.5,0
2022-07-15 14:32:40,0,0,4.761905,0.5012531,0,92.4812,2.005013,0,0
2022-07-15 14:32:39,0,0,4.5,0.25,0,93.25,1.75,0,0
2022-07-15 14:32:38,0,0,6.218905,0.4975124,0,89.801,1.99005,0.4975124,0
2022-07-15 14:32:37,0,0,3.768844,0,0,94.97487,1.0050251,0,0
2022-07-15 14:32:36,0,0,3.759398,0.2506266,0,93.98496,1.5037594,0,0
2022-07-15 14:32:35,0,0,4.761905,0,0,93.23308,1.2531328,0.2506266,0
2022-07-15 14:32:34,0,0,4.477612,0.2487562,0,92.53731,1.99005,0,0.2487562
2022-07-15 14:32:33,0,0,4.738155,0.2493766,0,93.01746,1.4962594,0.2493766,0
2022-07-15 14:32:32,0,0,5.025126,0.2512563,0,92.21106,1.5075377,0.5025126,0
2022-07-15 14:32:31,0,0,3.990025,0.2493766,0,93.51621,0.7481297,0.2493766,0.4987531
2022-07-15 14:32:30,0,0,4.271357,0,0,92.96482,1.758794,0,0
2022-07-15 14:32:29,0,0,4.738155,0.2493766,0,93.01746,1.2468828,0.4987531,0
2022-07-15 14:32:28,0,0,4.511278,0,0,94.48622,0.5012531,0,0
2022-07-15 14:32:27,0,0,4.773869,0.5025126,0,92.21106,2.261307,0,0
2022-07-15 14:32:26,0,0,4.5,0,0,93,1.75,0.25,0
2022-07-15 14:32:25,0,0,4.477612,0.2487562,0,93.03483,1.741294,0,0
2022-07-15 14:32:24,0,0,4.488778,0.4987531,0,92.76808,1.745636,0.2493766,0
2022-07-15 14:32:23,0,0,4.75,0,0,94,0.75,0,0
2022-07-15 14:32:22,0,0,5.289673,0.5037783,0,92.69521,1.2594458,0,0
2022-07-15 14:32:21,0,0,3.491272,0,0,94.76309,0.9975062,0.4987531,0
2022-07-15 14:32:20,0,0,4.030227,0,0,93.45088,1.511335,0.2518892,0
2022-07-15 14:32:19,0,0,4.761905,0,0,93.23308,1.754386,0,0
2022-07-15 14:32:18,0,0,4.260652,0,0,93.73434,1.5037594,0.2506266,0
2022-07-15 14:32:17,0,0,4.5,0.25,0,93.25,1.25,0,0.25
2022-07-15 14:32:16,0,0,4.773869,0,0,93.21608,1.5075377,0,0
2022-07-15 14:32:15,0,0,4.218362,0,0,94.04467,1.2406948,0.248139,0
2022-07-15 14:32:14,0,0,4.511278,0.2506266,0,93.48371,1.2531328,0,0
2022-07-15 14:32:13,0,0,5.778894,0,0,91.70854,1.2562814,0.2512563,0
2022-07-15 14:32:12,0,0,4.738155,0,0,94.26434,0.9975062,0,0
2022-07-15 14:32:11,0,0,4.239401,0.2493766,0,93.26683,1.4962594,0.2493766,0
2022-07-15 14:32:10,0,0,5.75,0,0,91.5,1.75,0.25,0
2022-07-15 14:32:09,0,0,3.778338,0.5037783,0,94.45844,0.7556675,0,0
2022-07-15 14:32:08,0,0,4.020101,0,0,92.96482,1.758794,0.5025126,0
2022-07-15 14:32:07,0,0,8.521303,0.2506266,0,88.7218,1.754386,0,0.2506266
2022-07-15 14:32:06,0,0,2.255639,0,0,96.2406,1.0025063,0.2506266,0.2506266
2022-07-15 14:32:05,0,0,4.738155,0.2493766,0,92.5187,1.2468828,0.4987531,0.2493766
2022-07-15 14:32:04,0,0,4.987531,0.2493766,0,92.76808,1.4962594,0.2493766,0
2022-07-15 14:32:03,0,0,3.508772,0.2506266,0,93.23308,1.2531328,0,0.7518797
2022-07-15 14:32:02,0,0,4.25,0.25,0,93,1.75,0.25,0
2022-07-15 14:32:01,0,0,4.292929,0.2525253,0,93.93939,1.010101,0.2525253,0
2022-07-15 14:32:00,0,0,3.990025,0.2493766,0,93.76559,1.745636,0,0
2022-07-15 14:31:59,0,0,4.511278,0,0,93.23308,2.005013,0,0
2022-07-15 14:31:58,0,0,4.726368,0,0,92.53731,1.4925373,0.4975124,0
2022-07-15 14:31:57,0,0,3.759398,0.2506266,0,94.73684,0.7518797,0,0
2022-07-15 14:31:56,0,0,4.5,0,0,93.25,1.5,0.25,0
2022-07-15 14:31:55,0,0,4.5,0.25,0,93.25,1.25,0.25,0
2022-07-15 14:31:54,0,0,5.289673,0.2518892,0,92.9471,0.7556675,0.2518892,0
2022-07-15 14:31:53,0,0,3.007519,0,0,95.73935,0.7518797,0.2506266,0
2022-07-15 14:31:52,0,0,5,0.25,0,92,2.25,0,0
2022-07-15 14:31:51,0,0,4.761905,0.2506266,0,92.23058,2.255639,0,0
2022-07-15 14:31:50,0,0,4.010025,0,0,94.23559,1.2531328,0.2506266,0
2022-07-15 14:31:49,0,0,4.726368,0.2487562,0,93.28358,1.4925373,0,0
2022-07-15 14:31:48,0,0,4.260652,0.2506266,0,92.73183,1.754386,0.2506266,0
2022-07-15 14:31:47,0,0,4.25,0,0,91.75,3.5,0.25,0
2022-07-15 14:31:46,0,0,4.020101,0,0,93.96985,1.5075377,0.2512563,0
2022-07-15 14:31:45,0,0,4.71464,0.4962779,0,92.80397,1.4888337,0,0
2022-07-15 14:31:44,0,0,4.761905,0.2506266,0,93.48371,1.2531328,0.2506266,0
2022-07-15 14:31:43,0,0,3.970223,0.4962779,0,93.30025,1.4888337,0.248139,0
2022-07-15 14:31:42,0,0,4.773869,0,0,92.96482,1.5075377,0,0.2512563
2022-07-15 14:31:41,0,0,3.282828,0,0,94.94949,1.010101,0.2525253,0
2022-07-15 14:31:40,0,0,4.75,0.25,0,93.5,1.25,0,0
2022-07-15 14:31:39,0,0,4.239401,0,0,93.51621,1.4962594,0.2493766,0
2022-07-15 14:31:38,0,0,4.511278,0.2506266,0,93.73434,1.2531328,0,0
2022-07-15 14:31:37,0,0,4.260652,0,0,93.73434,1.5037594,0.5012531,0
2022-07-15 14:31:36,0,0,4.773869,0,0,92.71357,1.758794,0.2512563,0
2022-07-15 14:31:35,0,0,4.477612,0.2487562,0,92.28856,1.741294,0.2487562,0.2487562
2022-07-15 14:31:34,0,0,4.271357,0.2512563,0,93.96985,1.0050251,0.2512563,0
2022-07-15 14:31:33,0,0,4,0.25,0,94.25,1,0,0
2022-07-15 14:31:32,0,0,4.239401,0.2493766,0,93.76559,1.2468828,0.2493766,0
2022-07-15 14:31:31,0,0,4.488778,0.2493766,0,93.01746,1.2468828,0.2493766,0.2493766
2022-07-15 14:31:30,0,0,4.25,0.25,0,94.25,1,0,0
2022-07-15 14:31:29,0,0,4.5,0.5,0,92.75,1.75,0.25,0
2022-07-15 14:31:28,0,0,5.025126,0.5025126,0,92.46231,1.2562814,0.2512563,0
2022-07-15 14:31:27,0,0,4.282116,0,0,94.20655,1.511335,0,0
2022-07-15 14:31:26,0,0,5.050505,0.2525253,0,90.65657,2.020202,0,1.2626263
2022-07-15 14:31:25,0,0,3.482587,0.2487562,0,94.52736,0.7462687,0.2487562,0
2022-07-15 14:31:24,0,0,4.239401,0,0,93.76559,1.745636,0,0
2022-07-15 14:31:23,0,0,4.773869,0.2512563,0,92.46231,1.5075377,0.2512563,0
2022-07-15 14:31:22,0,0,4.260652,0.2506266,0,94.48622,0.5012531,0.2506266,0
2022-07-15 14:31:21,0,0,4.5,0.25,0,92,1.25,0,1
2022-07-15 14:31:20,0,0,4.271357,0,0,94.22111,1.2562814,0,0
2022-07-15 14:31:19,0,0,4.25,0.25,0,94,0.5,0.25,0.25
2022-07-15 14:31:18,0,0,3.990025,0.2493766,0,94.01496,1.2468828,0.2493766,0
2022-07-15 14:31:17,0,0,4.260652,0,0,93.73434,1.5037594,0.2506266,0
2022-07-15 14:31:16,0,0,4.773869,0.2512563,0,92.96482,1.5075377,0.2512563,0
2022-07-15 14:31:15,0,0,5.25,0.5,0,92,1.75,0.25,0
2022-07-15 14:31:14,0,0,3.990025,0.2493766,0,92.26933,1.4962594,0.2493766,0.4987531
2022-07-15 14:31:13,0,0,4.010025,0,0,94.73684,1.0025063,0,0
2022-07-15 14:31:12,0,0,4.25,0.25,0,93.5,1.5,0.25,0
2022-07-15 14:31:11,0,0,4.239401,0,0,93.26683,1.4962594,0.4987531,0
2022-07-15 14:31:10,0,0,4.761905,0.2506266,0,93.73434,1.0025063,0,0
2022-07-15 14:31:09,0,0,4.260652,0,0,93.98496,1.2531328,0,0
2022-07-15 14:31:08,0,0,5.210918,0,0,92.05955,1.2406948,0.248139,0.9925558
2022-07-15 14:31:07,0,0,3.274559,0,0,94.20655,1.2594458,0.2518892,0.2518892
2022-07-15 14:31:06,0,0,4.522613,0.5025126,0,93.46734,1.0050251,0,0.2512563
2022-07-15 14:31:05,0,0,4.75,0,0,93,1.75,0.25,0
2022-07-15 14:31:04,0,0,3.990025,0.2493766,0,93.26683,1.995012,0,0
2022-07-15 14:31:03,0,0,4.761905,0,0,93.98496,1.0025063,0,0
2022-07-15 14:31:02,0,0,4.260652,0.2506266,0,93.98496,1.0025063,0.2506266,0
2022-07-15 14:31:01,0,0,4.488778,0.2493766,0,93.76559,0.9975062,0.2493766,0
2022-07-15 14:31:00,0,0,4.761905,0,0,92.98246,1.754386,0.2506266,0
2022-07-15 14:30:59,0,0,4.534005,0.2518892,0,92.9471,1.763224,0.2518892,0
2022-07-15 14:30:58,0,0,5.210918,0.4962779,0,91.56328,1.736973,0,0.248139
2022-07-15 14:30:57,0,0,3.778338,0,0,94.20655,1.2594458,0.2518892,0
2022-07-15 14:30:56,0,0,4.218362,0.248139,0,94.2928,0.9925558,0,0
2022-07-15 14:30:55,0,0,4.545455,0.2525253,0,93.93939,0.7575758,0.2525253,0
2022-07-15 14:30:54,0,0,4.726368,0.2487562,0,92.78607,1.4925373,0.2487562,0
2022-07-15 14:30:53,0,0,4.010025,0.2506266,0,92.73183,1.754386,0.2506266,0
2022-07-15 14:30:52,0,0,4.260652,0.2506266,0,94.23559,0.5012531,0.2506266,0
2022-07-15 14:30:51,0,0,4.282116,0.2518892,0,93.70277,1.511335,0,0
2022-07-15 14:30:50,0,0,4.488778,0.2493766,0,93.76559,0.7481297,0.2493766,0
2022-07-15 14:30:49,0,0,4.260652,0,0,93.48371,1.754386,0.2506266,0
2022-07-15 14:30:48,0,0,4.239401,0.2493766,0,93.76559,1.4962594,0,0
2022-07-15 14:30:47,0,0,5.012531,0.2506266,0,93.48371,0.7518797,0,0
2022-07-15 14:30:46,0,0,4.987531,0.4987531,0,90.27431,2.244389,0.4987531,0.2493766
2022-07-15 14:30:45,0,0,3.015075,0,0,95.72864,0.7537688,0,0
2022-07-15 14:30:44,0,0,4.455446,0,0,93.56436,1.732673,0,0
2022-07-15 14:30:43,0,0,4.303797,0,0,93.92405,1.2658228,0.2531646,0
2022-07-15 14:30:42,0,0,4.70297,0,0,92.07921,2.475248,0.2475248,0
2022-07-15 14:30:41,0,0,4.545455,0.2525253,0,93.68687,1.010101,0,0
2022-07-15 14:30:40,0,0,4.738155,0.2493766,0,93.01746,1.2468828,0,0
2022-07-15 14:30:39,0,0,3.241895,0,0,94.76309,0.9975062,0.4987531,0
2022-07-15 14:30:38,0,0,4.511278,0,0,93.73434,1.2531328,0,0
2022-07-15 14:30:37,0,0,4.488778,0.2493766,0,93.76559,0.9975062,0.2493766,0
2022-07-15 14:30:36,0,0,4.785894,0.5037783,0,92.69521,1.763224,0,0
2022-07-15 14:30:35,0,0,4.218362,0.248139,0,93.30025,1.4888337,0.4962779,0
2022-07-15 14:30:34,0,0,4.75,0,0,93.75,1,0,0
2022-07-15 14:30:33,0,0,4.228856,0.2487562,0,93.28358,1.2437811,0.2487562,0
2022-07-15 14:30:32,0,0,4.050633,0.2531646,0,94.43038,1.2658228,0,0
2022-07-15 14:30:31,0,0,5,0.25,0,92.25,1.5,0.25,0.25
2022-07-15 14:30:30,0,0,4.5,0,0,93.5,1.25,0.25,0
2022-07-15 14:30:29,0,0,4.020101,0.2512563,0,93.96985,1.5075377,0,0
2022-07-15 14:30:28,0,0,4.25,0.25,0,93,1.25,0.25,0
2022-07-15 14:30:27,0,0,4.477612,0.2487562,0,93.28358,1.4925373,0.2487562,0
2022-07-15 14:30:26,0,0,4.282116,0,0,94.20655,1.0075567,0.2518892,0
2022-07-15 14:30:25,0,0,4.5,0,0,92.5,2,0,0.25
2022-07-15 14:30:24,0,0,4.239401,0.2493766,0,94.01496,0.9975062,0.2493766,0
2022-07-15 14:30:23,0,0,4.488778,0.2493766,0,93.51621,1.2468828,0,0
2022-07-15 14:30:22,0,0,4.25,0,0,93.75,1.75,0,0
2022-07-15 14:30:21,0,0,4.303797,0,0,93.67089,0.7594937,0.2531646,0
2022-07-15 14:30:20,0,0,4.477612,0,0,92.78607,1.99005,0.4975124,0
2022-07-15 14:30:19,0,0,5.513784,0.2506266,0,92.4812,1.5037594,0.2506266,0
2022-07-15 14:30:18,0,0,4.020101,0.2512563,0,93.71859,1.2562814,0,0
2022-07-15 14:30:17,0,0,3.740648,0,0,94.51372,1.4962594,0,0
2022-07-15 14:30:16,0,0,4.228856,0.2487562,0,93.53234,1.2437811,0.2487562,0
2022-07-15 14:30:15,0,0,4.030227,0.5037783,0,94.20655,1.0075567,0.2518892,0
2022-07-15 14:30:14,0,0,4.71464,0.4962779,0,92.55583,1.4888337,0.248139,0
2022-07-15 14:30:13,0,0,4.303797,0,0,93.92405,1.0126582,0,0
2022-07-15 14:30:12,0,0,4.761905,0,0,90.72682,1.754386,0.2506266,1.754386
2022-07-15 14:30:11,0,0,3.759398,0.2506266,0,93.48371,1.754386,0.2506266,0
2022-07-15 14:30:10,0,0,4.488778,0.2493766,0,93.76559,1.2468828,0,0
2022-07-15 14:30:09,0,0,4.228856,0,0,93.28358,1.4925373,0.4975124,0
2022-07-15 14:30:08,0,0,4.282116,0.2518892,0,93.45088,1.2594458,0.2518892,0.2518892
2022-07-15 14:30:07,0,0,4.5,0,0,93.75,1,0.25,0
2022-07-15 14:30:06,0,0,4.522613,0.2512563,0,93.21608,1.5075377,0.2512563,0
2022-07-15 14:30:05,0,0,4.761905,0,0,93.73434,1.2531328,0,0
2022-07-15 14:30:04,0,0,4.292929,0.2525253,0,92.17172,2.272727,0.2525253,0
2022-07-15 14:30:03,0,0,5.5,0.25,0,92.75,1,0,0.25
2022-07-15 14:30:02,0,0,3.258145,0,0,95.2381,1.0025063,0,0
2022-07-15 14:30:01,0,0,4.271357,0.5025126,0,92.46231,1.758794,0.2512563,0
2022-07-15 14:30:00,0,0,4.020101,0.2512563,0,93.96985,1.2562814,0,0
2022-07-15 14:29:59,0,0,4.455446,0.2475248,0,93.06931,1.732673,0.2475248,0
2022-07-15 14:29:58,0,0,5.263158,0,0,92.73183,1.5037594,0,0
2022-07-15 14:29:57,0,0,4,0.5,0,93.5,1.25,0,0.25
2022-07-15 14:29:56,0,0,4,0.5,0,93.75,1,0.25,0.25
2022-07-15 14:29:55,0,0,4.75,0.25,0,92.5,2,0.25,0
2022-07-15 14:29:54,0,0,4.75,0.25,0,93.75,1,0,0
2022-07-15 14:29:53,0,0,4.511278,0,0,93.73434,1.0025063,0.2506266,0
2022-07-15 14:29:52,0,0,4.488778,0.4987531,0,93.51621,0.9975062,0,0
2022-07-15 14:29:51,0,0,6.5,0.25,0,90.5,1.5,0.25,0
2022-07-15 14:29:50,0,0,3.007519,0.2506266,0,95.73935,1.0025063,0,0
2022-07-15 14:29:49,0,0,4.030227,0.2518892,0,94.20655,0.7556675,0,0
2022-07-15 14:29:48,0,0,4.5,0,0,93.75,1,0.25,0
2022-07-15 14:29:47,0,0,4.511278,0,0,93.98496,1.2531328,0,0
2022-07-15 14:29:46,0,0,4.488778,0.2493766,0,93.51621,1.2468828,0,0
2022-07-15 14:29:45,0,0,4.71464,0.248139,0,93.30025,1.2406948,0,0.248139
2022-07-15 14:29:44,0,0,4.761905,0.2506266,0,90.22556,2.005013,0.5012531,1.5037594
2022-07-15 14:29:43,0,0,4.010025,0.2506266,0,93.23308,1.754386,0.2506266,0
2022-07-15 14:29:42,0,0,4.761905,0.2506266,0,93.23308,0.7518797,0.5012531,0
2022-07-15 14:29:41,0,0,4.987531,0.2493766,0,92.76808,1.4962594,0,0
2022-07-15 14:29:40,0,0,4.282116,0,0,94.20655,0.7556675,0.5037783,0
2022-07-15 14:29:39,0,0,4.522613,0.2512563,0,93.46734,1.0050251,0,0
2022-07-15 14:29:38,0,0,4.25,0.25,0,93.75,1,0.25,0
2022-07-15 14:29:37,0,0,4.987531,0.2493766,0,92.76808,1.4962594,0.2493766,0
2022-07-15 14:29:36,0,0,4.260652,0.2506266,0,93.73434,1.2531328,0.2506266,0
2022-07-15 14:29:35,0,0,5.5,0.5,0,91.5,1.25,0.25,0.25
2022-07-15 14:29:34,0,0,3.517588,0.2512563,0,94.22111,1.758794,0,0
2022-07-15 14:29:33,0,0,4.773869,0,0,93.21608,1.2562814,0.2512563,0
2022-07-15 14:29:32,0,0,4.25,0.25,0,93.25,1.5,0,0
2022-07-15 14:29:31,0,0,5.527638,0.2512563,0,92.46231,1.0050251,0.2512563,0
2022-07-15 14:29:30,0,0,4.773869,0,0,92.96482,1.5075377,0.2512563,0
2022-07-15 14:29:29,0,0,3.990025,0.2493766,0,93.51621,1.2468828,0.2493766,0
2022-07-15 14:29:28,0,0,4.292929,0,0,94.69697,0.7575758,0,0
2022-07-15 14:29:27,0,0,5,0.25,0,92.5,1,0.25,0.25
2022-07-15 14:29:26,0,0,4.260652,0.2506266,0,93.73434,1.2531328,0,0
2022-07-15 14:29:25,0,0,4.5,0.25,0,93,1.5,0.25,0
2022-07-15 14:29:24,0,0,4.534005,0.2518892,0,93.19899,1.2594458,0.2518892,0
2022-07-15 14:29:23,0,0,6.17284,0.2469136,0,90.61728,1.975309,0.2469136,0
2022-07-15 14:29:22,0,0,3.274559,0,0,94.71033,1.511335,0.2518892,0
2022-07-15 14:29:21,0,0,4.488778,0.2493766,0,94.01496,0.7481297,0,0
2022-07-15 14:29:20,0,0,4.260652,0.2506266,0,92.4812,2.005013,0.5012531,0
2022-07-15 14:29:19,0,0,5.025126,0,0,93.46734,1.2562814,0,0
2022-07-15 14:29:18,0,0,4.010025,0,0,94.23559,1.2531328,0,0
2022-07-15 14:29:17,0,0,5.012531,0,0,92.73183,1.754386,0.2506266,0
2022-07-15 14:29:16,0,0,5,0.25,0,91,1.5,0.25,1.25
2022-07-15 14:29:15,0,0,3.5,0.25,0,94.5,1,0.25,0
2022-07-15 14:29:14,0,0,5.037783,0,0,93.19899,1.511335,0,0
2022-07-15 14:29:13,0,0,4.738155,0.2493766,0,93.01746,1.4962594,0.2493766,0
2022-07-15 14:29:12,0,0,4.773869,0.2512563,0,92.71357,1.2562814,0.2512563,0
2022-07-15 14:29:11,0,0,4.260652,0,0,94.23559,1.0025063,0.2506266,0
2022-07-15 14:29:10,0,0,4.761905,0.2506266,0,91.4787,2.255639,0.2506266,0
2022-07-15 14:29:09,0,0,5,0.5,0,93.5,0.75,0.25,0
2022-07-15 14:29:08,0,0,3.970223,0,0,94.2928,1.2406948,0,0.248139
2022-07-15 14:29:07,0,0,5.778894,0,0,90.45226,2.261307,0.2512563,0.7537688
2022-07-15 14:29:06,0,0,3.5,0.25,0,95.5,0.5,0.25,0
2022-07-15 14:29:05,0,0,5.25,0,0,93,1.25,0.25,0
2022-07-15 14:29:04,0,0,4.5,0.25,0,93.25,1.75,0,0
2022-07-15 14:29:03,0,0,4.488778,0.2493766,0,93.01746,1.4962594,0.2493766,0
2022-07-15 14:29:02,0,0,5.276382,0.2512563,0,91.9598,1.758794,0,0.2512563
2022-07-15 14:29:01,0,0,4.010025,0.2506266,0,93.48371,1.0025063,0.2506266,0
2022-07-15 14:29:00,0,0,4.25,0,0,94.5,0.75,0.25,0
2022-07-15 14:28:59,0,0,4.466501,0.248139,0,93.05211,1.4888337,0.248139,0.248139
2022-07-15 14:28:58,0,0,4.534005,0,0,94.45844,0.5037783,0.2518892,0
2022-07-15 14:28:57,0,0,4.738155,0,0,93.76559,0.9975062,0.2493766,0
2022-07-15 14:28:56,0,0,4.738155,0.2493766,0,93.51621,1.2468828,0,0
2022-07-15 14:28:55,0,0,6.030151,0.5025126,0,90.95477,1.758794,0.2512563,0
2022-07-15 14:28:54,0,0,3.778338,0,0,94.20655,1.2594458,0.2518892,0
2022-07-15 14:28:53,0,0,3.740648,0.2493766,0,93.26683,1.995012,0.2493766,0
2022-07-15 14:28:52,0,0,4.511278,0,0,93.98496,1.0025063,0.2506266,0.2506266
2022-07-15 14:28:51,0,0,5.012531,0.2506266,0,91.97995,2.255639,0,0
2022-07-15 14:28:50,0,0,4.5,0,0,93.5,1.25,0.25,0
2022-07-15 14:28:49,0,0,5.012531,0,0,93.48371,1.2531328,0,0
2022-07-15 14:28:48,0,0,4.738155,0.2493766,0,92.5187,1.4962594,0.2493766,0.2493766
2022-07-15 14:28:47,0,0,4.239401,0.2493766,0,93.26683,1.4962594,0.4987531,0
2022-07-15 14:28:46,0,0,5.276382,0,0,93.71859,0.5025126,0.2512563,0
2022-07-15 14:28:45,0,0,4.239401,0.4987531,0,94.01496,0.7481297,0,0
2022-07-15 14:28:44,0,0,4.5,0,0,93.5,1.75,0,0
2022-07-15 14:28:43,0,0,4.962779,0.248139,0,92.55583,1.4888337,0.248139,0
2022-07-15 14:28:42,0,0,4.726368,0.2487562,0,93.78109,0.7462687,0.2487562,0
2022-07-15 14:28:41,0,0,4.040404,0,0,93.93939,1.2626263,0.2525253,0
2022-07-15 14:28:40,0,0,4.987531,0,0,93.01746,1.2468828,0.2493766,0
2022-07-15 14:28:39,0,0,5.513784,0,0,92.98246,1.0025063,0.2506266,0
2022-07-15 14:28:38,0,0,3.731343,0.2487562,0,93.53234,1.2437811,0.2487562,0.2487562
2022-07-15 14:28:37,0,0,4.292929,0.2525253,0,94.44444,0.7575758,0,0
2022-07-15 14:28:36,0,0,5,0,0,93.25,1.25,0.25,0
2022-07-15 14:28:35,0,0,4.466501,0.248139,0,93.05211,1.736973,0.248139,0
2022-07-15 14:28:34,0,0,5,0.25,0,93,1,0.25,0
2022-07-15 14:28:33,0,0,3.722084,0.248139,0,93.54839,1.4888337,0.4962779,0
2022-07-15 14:28:32,0,0,5.025126,0,0,92.46231,1.2562814,0.2512563,0
2022-07-15 14:28:31,0,0,4.020101,0,0,93.46734,1.5075377,0.2512563,0
2022-07-15 14:28:30,0,0,4.987531,0.2493766,0,93.51621,0.7481297,0,0
2022-07-15 14:28:29,0,0,5.025126,0.5025126,0,92.21106,2.01005,0,0
2022-07-15 14:28:28,0,0,4.303797,0,0,93.92405,1.2658228,0,0
2022-07-15 14:28:27,0,0,5.707196,0.248139,0,92.05955,1.2406948,0.248139,0
2022-07-15 14:28:26,0,0,4.010025,0,0,93.23308,1.754386,0.2506266,0
2022-07-15 14:28:25,0,0,4.010025,0.2506266,0,93.48371,1.5037594,0.2506266,0
2022-07-15 14:28:24,0,0,4.282116,0,0,93.70277,1.511335,0,0
2022-07-15 14:28:23,0,0,4.761905,0.2506266,0,93.73434,0.5012531,0.2506266,0
2022-07-15 14:28:22,0,0,4.75,0,0,93.5,1.25,0,0
2022-07-15 14:28:21,0,0,4.5,0.25,0,92.75,1.5,0,0.25
2022-07-15 14:28:20,0,0,4.761905,0.5012531,0,91.4787,1.0025063,0.2506266,1.0025063
2022-07-15 14:28:19,0,0,4.455446,0,0,94.05941,0.990099,0.2475248,0
2022-07-15 14:28:18,0,0,4.534005,0.5037783,0,93.45088,0.7556675,0.2518892,0.2518892
2022-07-15 14:28:17,0,0,4.292929,0,0,93.93939,1.2626263,0.2525253,0
2022-07-15 14:28:16,0,0,4.761905,0.2506266,0,92.73183,1.5037594,0.2506266,0
2022-07-15 14:28:15,0,0,4.522613,0,0,93.96985,1.0050251,0,0
2022-07-15 14:28:14,0,0,4.477612,0.4975124,0,93.03483,1.2437811,0.2487562,0
2022-07-15 14:28:13,0,0,4.726368,0.2487562,0,92.78607,1.99005,0,0
2022-07-15 14:28:12,0,0,4.75,0,0,94,1,0.25,0
2022-07-15 14:28:11,0,0,5.025126,0,0,93.46734,1.0050251,0,0
2022-07-15 14:28:10,0,0,3.731343,0.4975124,0,92.28856,1.2437811,0,1.4925373
2022-07-15 14:28:09,0,0,4.488778,0,0,93.76559,0.9975062,0.2493766,0
2022-07-15 14:28:08,0,0,5.555556,0,0,92.42424,1.5151515,0.2525253,0
2022-07-15 14:28:07,0,0,4.511278,0,0,93.98496,1.0025063,0,0
2022-07-15 14:28:06,0,0,5.56962,0.2531646,0,90.37975,2.278481,0.2531646,1.0126582
2022-07-15 14:28:05,0,0,4.260652,0.2506266,0,93.98496,1.2531328,0,0
2022-07-15 14:28:04,0,0,4.5,0.25,0,92.5,2.25,0.25,0
2022-07-15 14:28:03,0,0,4.466501,0.248139,0,94.04467,0.7444169,0.248139,0
2022-07-15 14:28:02,0,0,5.263158,0,0,92.98246,1.2531328,0.2506266,0
2022-07-15 14:28:01,0,0,4.010025,0.2506266,0,93.73434,1.5037594,0,0
2022-07-15 14:28:00,0,0,4.511278,0,0,93.73434,1.2531328,0.2506266,0
2022-07-15 14:27:59,0,0,5.513784,0.5012531,0,91.97995,1.0025063,0.2506266,0
2022-07-15 14:27:58,0,0,4.228856,0,0,94.77612,0.4975124,0.2487562,0
2022-07-15 14:27:57,0,0,3.768844,0.2512563,0,94.22111,1.2562814,0.2512563,0
2022-07-15 14:27:56,0,0,4.726368,0,0,93.53234,1.2437811,0.2487562,0
2022-07-15 14:27:55,0,0,4.477612,0.2487562,0,93.28358,1.4925373,0.2487562,0
2022-07-15 14:27:54,0,0,5.037783,0,0,93.19899,1.2594458,0.2518892,0
2022-07-15 14:27:53,0,0,4.020101,0.2512563,0,93.46734,1.5075377,0.2512563,0
2022-07-15 14:27:52,0,0,5.263158,0.2506266,0,91.72932,1.5037594,0.5012531,0
2022-07-15 14:27:51,0,0,4.040404,0,0,92.92929,1.767677,0.2525253,0
2022-07-15 14:27:50,0,0,4.522613,0.5025126,0,93.71859,1.0050251,0,0
2022-07-15 14:27:49,0,0,4.218362,0,0,94.04467,0.9925558,0,0
2022-07-15 14:27:48,0,0,5.025126,0,0,93.21608,1.2562814,0.5025126,0
2022-07-15 14:27:47,0,0,4.260652,0,0,94.48622,1.0025063,0,0
2022-07-15 14:27:46,0,0,3.990025,0,0,94.76309,0.4987531,0.2493766,0
2022-07-15 14:27:45,0,0,4.75,0,0,94.25,1,0,0
2022-07-15 14:27:44,0,0,4.282116,0,0,94.20655,1.0075567,0.2518892,0
2022-07-15 14:27:43,0,0,5.693069,0.2475248,0,91.33663,1.732673,0.4950495,0
2022-07-15 14:27:42,0,0,3.266332,0,0,95.22613,0.7537688,0.2512563,0
2022-07-15 14:27:41,0,0,4.260652,0,0,93.23308,1.5037594,0.2506266,0
2022-07-15 14:27:40,0,0,4.511278,0,0,93.98496,1.5037594,0,0
2022-07-15 14:27:39,0,0,4.010025,0.2506266,0,93.48371,1.5037594,0.2506266,0
2022-07-15 14:27:38,0,0,5.5,0,0,91.75,1.75,0,0.25
2022-07-15 14:27:37,0,0,3.970223,0.248139,0,93.79653,0.9925558,0.248139,0
2022-07-15 14:27:36,0,0,4.040404,0,0,94.44444,1.010101,0.2525253,0
2022-07-15 14:27:35,0,0,4.738155,0.4987531,0,93.26683,0.9975062,0,0
2022-07-15 14:27:34,0,0,4.271357,0.2512563,0,92.96482,2.01005,0,0
2022-07-15 14:27:33,0,0,4.271357,0,0,93.46734,1.758794,0.2512563,0
2022-07-15 14:27:32,0,0,4.292929,0,0,93.18182,1.767677,0.2525253,0
2022-07-15 14:27:31,0,0,5.735661,0.7481297,0,90.27431,1.2468828,0,0.9975062
2022-07-15 14:27:30,0,0,2.970297,0.2475248,0,95.0495,0.990099,0,0
2022-07-15 14:27:29,0,0,4.292929,0,0,94.44444,0.7575758,0.2525253,0
2022-07-15 14:27:28,0,0,4.477612,0.2487562,0,93.78109,0.9950249,0.2487562,0
2022-07-15 14:27:27,0,0,4.282116,0.2518892,0,93.95466,1.2594458,0,0
2022-07-15 14:27:26,0,0,4.75,0,0,94,0.75,0.25,0
2022-07-15 14:27:25,0,0,5.236908,0,0,93.01746,1.4962594,0,0
2022-07-15 14:27:24,0,0,3.274559,0.2518892,0,91.68766,1.511335,0.5037783,2.267003
2022-07-15 14:27:23,0,0,4.010025,0.2506266,0,94.73684,0.5012531,0.2506266,0
2022-07-15 14:27:22,0,0,4.761905,0,0,92.98246,1.5037594,0.5012531,0
2022-07-15 14:27:21,0,0,4.218362,0.248139,0,92.55583,1.4888337,0.7444169,0
2022-07-15 14:27:20,0,0,4.5,0.5,0,93,1.5,0.25,0
2022-07-15 14:27:19,0,0,4.545455,0,0,93.43434,1.010101,0.5050505,0.2525253
2022-07-15 14:27:18,0,0,4.271357,0.2512563,0,93.46734,1.758794,0,0
2022-07-15 14:27:17,0,0,4.488778,0,0,93.76559,1.2468828,0.2493766,0
2022-07-15 14:27:16,0,0,4.511278,0.2506266,0,93.73434,1.2531328,0,0
2022-07-15 14:27:15,0,0,5.025126,0,0,92.46231,1.5075377,0.2512563,0
2022-07-15 14:27:14,0,0,3.5,0,0,94.75,1.25,0.25,0
2022-07-15 14:27:13,0,0,4.522613,0,0,93.46734,1.5075377,0,0
2022-07-15 14:27:12,0,0,4.511278,0.5012531,0,92.98246,1.754386,0,0
2022-07-15 14:27:11,0,0,4.522613,0,0,93.46734,1.0050251,0.5025126,0
2022-07-15 14:27:10,0,0,4.761905,0,0,93.23308,1.5037594,0,0
2022-07-15 14:27:09,0,0,3.75,0,0,94.25,1.75,0,0
2022-07-15 14:27:08,0,0,4.488778,0.2493766,0,93.51621,1.2468828,0,0
2022-07-15 14:27:07,0,0,4.25,0,0,94.25,1,0.25,0
2022-07-15 14:27:06,0,0,5.236908,0,0,92.76808,1.4962594,0.2493766,0.2493766
2022-07-15 14:27:05,0,0,4.488778,0.2493766,0,93.51621,0.9975062,0,0.2493766
2022-07-15 14:27:04,0,0,4.488778,0.2493766,0,93.26683,1.4962594,0.4987531,0
2022-07-15 14:27:03,0,0,5.289673,0.2518892,0,90.6801,1.511335,0.2518892,0.5037783
2022-07-15 14:27:02,0,0,3.75,0.25,0,94.25,1.5,0,0
2022-07-15 14:27:01,0,0,4,0.25,0,93.5,1.75,0,0
2022-07-15 14:27:00,0,0,4.75,0.25,0,93.5,1,0.25,0
2022-07-15 14:26:59,0,0,4.477612,0.2487562,0,93.53234,1.2437811,0.2487562,0
2022-07-15 14:26:58,0,0,4.030227,0,0,93.70277,1.511335,0,0
2022-07-15 14:26:57,0,0,5.5,0.25,0,92.25,1.75,0,0
2022-07-15 14:26:56,0,0,3.241895,0,0,92.5187,1.745636,0,0.9975062
2022-07-15 14:26:55,0,0,4,0.25,0,94.25,1.25,0.25,0
2022-07-15 14:26:54,0,0,4.271357,0.2512563,0,93.96985,1.2562814,0,0
2022-07-15 14:26:53,0,0,4.488778,0.2493766,0,92.5187,1.745636,0.2493766,0
2022-07-15 14:26:52,0,0,4.010025,0,0,94.98747,0.5012531,0.2506266,0
2022-07-15 14:26:51,0,0,4.522613,0,0,92.46231,2.261307,0.2512563,0
2022-07-15 14:26:50,0,0,4.738155,0,0,94.26434,0.7481297,0,0
2022-07-15 14:26:49,0,0,4.228856,0.2487562,0,93.28358,1.4925373,0.4975124,0
2022-07-15 14:26:48,0,0,4,0.25,0,94.25,1.25,0,0
2022-07-15 14:26:47,0,0,5.025126,0,0,91.9598,1.2562814,0,0.7537688
2022-07-15 14:26:46,0,0,4,0.25,0,94.5,1,0,0
2022-07-15 14:26:45,0,0,4.282116,0,0,93.95466,1.511335,0,0
2022-07-15 14:26:44,0,0,4,0,0,94.5,1,0,0
2022-07-15 14:26:43,0,0,4.75,0.25,0,93.5,1.5,0,0
2022-07-15 14:26:42,0,0,4.75,0.5,0,91.25,2,0.25,0.25
2022-07-15 14:26:41,0,0,3.508772,0,0,95.2381,1.0025063,0,0
2022-07-15 14:26:40,0,0,4.260652,0,0,94.23559,1.2531328,0,0
2022-07-15 14:26:39,0,0,4.5,0.25,0,92.5,1.25,0.75,0
2022-07-15 14:26:38,0,0,4.292929,0.2525253,0,94.19192,1.010101,0,0
2022-07-15 14:26:37,0,0,4.726368,0,0,93.53234,0.9950249,0.2487562,0
2022-07-15 14:26:36,0,0,4.010025,0.2506266,0,93.48371,1.2531328,0,0.2506266
2022-07-15 14:26:35,0,0,5.25,0.25,0,92,2,0,0
2022-07-15 14:26:34,0,0,3.25,0.25,0,95,1,0,0
2022-07-15 14:26:33,0,0,4,0.25,0,94.5,0.75,0.25,0
2022-07-15 14:26:32,0,0,4.738155,0.2493766,0,93.01746,1.745636,0,0
2022-07-15 14:26:31,0,0,4.282116,0.2518892,0,93.45088,1.0075567,0,0.2518892
2022-07-15 14:26:30,0,0,4.726368,0,0,93.28358,1.4925373,0.2487562,0
2022-07-15 14:26:29,0,0,5.063291,0.5063291,0,93.16456,0.7594937,0,0
2022-07-15 14:26:28,0,0,3.5,0,0,95,1,0.25,0
2022-07-15 14:26:27,0,0,4.522613,0.2512563,0,93.21608,1.2562814,0,0
2022-07-15 14:26:26,0,0,4.477612,0.4975124,0,93.03483,1.4925373,0.2487562,0
2022-07-15 14:26:25,0,0,4.5,0,0,93.75,1.25,0.25,0
2022-07-15 14:26:24,0,0,4.030227,0,0,93.95466,1.511335,0,0
2022-07-15 14:26:23,0,0,4.488778,0.2493766,0,93.01746,1.4962594,0.2493766,0
2022-07-15 14:26:22,0,0,4.522613,0,0,92.96482,1.758794,0,0.2512563
2022-07-15 14:26:21,0,0,4.239401,0.2493766,0,93.51621,1.2468828,0.2493766,0
2022-07-15 14:26:20,0,0,4.25,0,0,94,1,0.25,0
2022-07-15 14:26:19,0,0,4.511278,0.2506266,0,91.4787,1.754386,0,1.0025063
2022-07-15 14:26:18,0,0,4.271357,0.2512563,0,94.22111,0.7537688,0,0
2022-07-15 14:26:17,0,0,5,0,0,92.75,1.5,0,0.25
2022-07-15 14:26:16,0,0,5.778894,0.5025126,0,90.20101,2.512563,0.2512563,0.5025126
2022-07-15 14:26:15,0,0,5,0,0,93,1.25,0,0.5
2022-07-15 14:26:14,0,0,3.731343,0,0,94.27861,1.2437811,0.2487562,0.2487562
2022-07-15 14:26:13,0,0,2.255639,0.2506266,0,95.98997,1.2531328,0,0.2506266
2022-07-15 14:26:12,0,0,4.962779,0,0,92.55583,0.9925558,0.248139,0
2022-07-15 14:26:11,0,0,4.282116,0.2518892,0,92.44332,1.763224,0.2518892,0
2022-07-15 14:26:10,0,0,4,0.25,0,94.25,0.75,0.25,0
2022-07-15 14:26:09,0,0,4.987531,0.4987531,0,92.26933,1.2468828,0.2493766,0.2493766
2022-07-15 14:26:08,0,0,4.738155,0,0,93.51621,1.4962594,0,0
2022-07-15 14:26:07,0,0,4.010025,0.2506266,0,93.48371,1.0025063,0.2506266,0
2022-07-15 14:26:06,0,0,4.25,0.25,0,93.5,1.25,0.25,0
2022-07-15 14:26:05,0,0,5.5,0.25,0,92.5,1.25,0.25,0
2022-07-15 14:26:04,0,0,3.990025,0,0,94.26434,0.9975062,0.2493766,0
2022-07-15 14:26:03,0,0,4.522613,0,0,94.97487,0.5025126,0,0
2022-07-15 14:26:02,0,0,4.271357,0.2512563,0,93.21608,1.758794,0,0
2022-07-15 14:26:01,0,0,4.975124,0.4975124,0,91.54229,1.2437811,0.4975124,0.2487562
2022-07-15 14:26:00,0,0,3.508772,0,0,94.48622,1.754386,0,0
2022-07-15 14:25:59,0,0,4.488778,0.2493766,0,93.26683,0.9975062,0.2493766,0
2022-07-15 14:25:58,0,0,4.25,0,0,94,1.25,0,0
2022-07-15 14:25:57,0,0,4.260652,0,0,93.98496,1.5037594,0,0
2022-07-15 14:25:56,0,0,4.511278,0,0,93.48371,1.5037594,0.2506266,0
2022-07-15 14:25:55,0,0,4.488778,0.4987531,0,93.01746,1.2468828,0.2493766,0
2022-07-15 14:25:54,0,0,4.260652,0,0,94.23559,1.0025063,0.2506266,0
2022-07-15 14:25:53,0,0,4.282116,0.2518892,0,93.95466,0.7556675,0.2518892,0
2022-07-15 14:25:52,0,0,4.738155,0,0,93.26683,1.2468828,0.2493766,0
2022-07-15 14:25:51,0,0,4.534005,0,0,91.18388,2.015113,0.5037783,0.2518892
2022-07-15 14:25:50,0,0,4.477612,0.2487562,0,93.78109,0.9950249,0,0
2022-07-15 14:25:49,0,0,4.260652,0,0,92.98246,2.005013,0.2506266,0
2022-07-15 14:25:48,0,0,4.987531,0,0,93.01746,1.2468828,0,0
2022-07-15 14:25:47,0,0,4.488778,0,0,93.76559,1.4962594,0.2493766,0
2022-07-15 14:25:46,0,0,4.79798,0.2525253,0,92.92929,1.5151515,0,0
2022-07-15 14:25:45,0,0,3.990025,0,0,93.51621,1.745636,0.2493766,0
2022-07-15 14:25:44,0,0,4.534005,0,0,93.45088,1.2594458,0.2518892,0
2022-07-15 14:25:43,0,0,3.990025,0.2493766,0,93.26683,1.4962594,0.4987531,0
2022-07-15 14:25:42,0,0,4.5,0.25,0,93.75,1.25,0,0
2022-07-15 14:25:41,0,0,4.761905,0.2506266,0,92.98246,1.2531328,0.2506266,0
2022-07-15 14:25:40,0,0,4.987531,0,0,93.01746,1.2468828,0.2493766,0.2493766
2022-07-15 14:25:39,0,0,3.768844,0.2512563,0,94.22111,1.2562814,0,0
2022-07-15 14:25:38,0,0,4.522613,0.2512563,0,92.71357,1.5075377,0.5025126,0
2022-07-15 14:25:37,0,0,4.738155,0.2493766,0,92.76808,1.4962594,0.2493766,0
2022-07-15 14:25:36,0,0,4,0.25,0,94.25,1,0.25,0
2022-07-15 14:25:35,0,0,5.276382,0,0,92.96482,1.2562814,0,0
2022-07-15 14:25:34,0,0,4.5,0.25,0,93.25,1.75,0.25,0
2022-07-15 14:25:33,0,0,4.950495,0.4950495,0,90.84158,0.990099,0.4950495,1.2376238
2022-07-15 14:25:32,0,0,4.030227,0.2518892,0,94.71033,1.0075567,0,0
2022-07-15 14:25:31,0,0,4.75,0.25,0,92.75,1,0.25,0
2022-07-15 14:25:30,0,0,4.511278,0,0,93.48371,1.754386,0,0
2022-07-15 14:25:29,0,0,4.5,0.25,0,94,1,0.25,0
2022-07-15 14:25:28,0,0,4.75,0,0,92.75,2,0,0
2022-07-15 14:25:27,0,0,5.25,0.25,0,91.75,1.75,0.25,0
2022-07-15 14:25:26,0,0,4.010025,0.5012531,0,94.23559,1.0025063,0,0
2022-07-15 14:25:25,0,0,4.987531,0,0,93.01746,1.2468828,0.2493766,0.2493766
2022-07-15 14:25:24,0,0,4.987531,0.4987531,0,92.01995,1.995012,0.2493766,0
2022-07-15 14:25:23,0,0,4.5,0.25,0,92,1.5,0,0.5
2022-07-15 14:25:22,0,0,4,0.25,0,94.5,1,0.25,0
2022-07-15 14:25:21,0,0,4.79798,0.5050505,0,91.41414,1.767677,0,0
2022-07-15 14:25:20,0,0,4.511278,0.2506266,0,93.23308,1.5037594,0.2506266,0
2022-07-15 14:25:19,0,0,5.012531,0.2506266,0,92.4812,1.754386,0.2506266,0
2022-07-15 14:25:18,0,0,4.522613,0.5025126,0,91.70854,1.5075377,0,0.7537688
2022-07-15 14:25:17,0,0,3.990025,0,0,93.51621,1.745636,0.2493766,0
2022-07-15 14:25:16,0,0,4.726368,0.2487562,0,92.78607,1.4925373,0.2487562,0
2022-07-15 14:25:15,0,0,4.511278,0.5012531,0,92.23058,2.255639,0.2506266,0
2022-07-15 14:25:14,0,0,4.271357,0.2512563,0,93.46734,1.2562814,0,0
2022-07-15 14:25:13,0,0,5.025126,0,0,93.21608,1.5075377,0,0
2022-07-15 14:25:12,0,0,4.987531,0.4987531,0,92.01995,1.2468828,0.2493766,0
2022-07-15 14:25:11,0,0,4.030227,0,0,92.9471,1.763224,0.2518892,0.2518892
2022-07-15 14:25:10,0,0,4.488778,0.2493766,0,94.01496,0.9975062,0,0
2022-07-15 14:25:09,0,0,4.773869,0.2512563,0,92.96482,1.5075377,0.2512563,0
2022-07-15 14:25:08,0,0,4.522613,0,0,94.47236,1.0050251,0,0
2022-07-15 14:25:07,0,0,5.735661,0.2493766,0,91.5212,1.745636,0.2493766,0.2493766
2022-07-15 14:25:06,0,0,3.241895,0,0,94.51372,0.9975062,0.4987531,0.4987531
2022-07-15 14:25:05,0,0,5.513784,0.2506266,0,92.23058,1.2531328,0.2506266,0
2022-07-15 14:25:04,0,0,3.990025,0.2493766,0,93.76559,1.4962594,0,0
2022-07-15 14:25:03,0,0,4.260652,0,0,93.48371,1.5037594,0.2506266,0
2022-07-15 14:25:02,0,0,4.488778,0.2493766,0,93.76559,0.9975062,0.2493766,0
2022-07-15 14:25:01,0,0,4.545455,0.2525253,0,91.66667,2.272727,0.5050505,0
2022-07-15 14:25:00,0,0,4.488778,0.2493766,0,94.26434,0.7481297,0,0
2022-07-15 14:24:59,0,0,4.218362,0,0,93.05211,1.2406948,0.4962779,0.248139
2022-07-15 14:24:58,0,0,5.012531,0.2506266,0,92.73183,1.754386,0,0
2022-07-15 14:24:57,0,0,4.5,0.25,0,93.75,1,0.25,0
2022-07-15 14:24:56,0,0,4.726368,0.2487562,0,92.0398,1.99005,0.4975124,0
2022-07-15 14:24:55,0,0,4.260652,0,0,93.23308,0.7518797,0.2506266,1.0025063
2022-07-15 14:24:54,0,0,3.990025,0.2493766,0,93.76559,0.9975062,0.2493766,0
2022-07-15 14:24:53,0,0,4.773869,0.2512563,0,93.21608,1.758794,0,0
2022-07-15 14:24:52,0,0,4.761905,0,0,92.73183,1.754386,0.2506266,0
2022-07-15 14:24:51,0,0,4.511278,0,0,92.98246,1.754386,0.5012531,0
2022-07-15 14:24:50,0,0,5.25,0.5,0,91.75,1.5,0,0.25
2022-07-15 14:24:49,0,0,3.768844,0.2512563,0,94.22111,1.0050251,0.2512563,0
2022-07-15 14:24:48,0,0,4.5,0,0,93.5,1.5,0.25,0
2022-07-15 14:24:47,0,0,4.534005,0.2518892,0,93.70277,1.2594458,0,0
2022-07-15 14:24:46,0,0,4.726368,0.2487562,0,93.28358,0.9950249,0.2487562,0
2022-07-15 14:24:45,0,0,4.488778,0.2493766,0,93.51621,1.2468828,0.2493766,0
2022-07-15 14:24:44,0,0,4.79798,0.2525253,0,92.67677,1.5151515,0.2525253,0
2022-07-15 14:24:43,0,0,4,0,0,93.5,2,0.25,0
2022-07-15 14:24:42,0,0,4.773869,0.2512563,0,92.96482,1.0050251,0.2512563,0
2022-07-15 14:24:41,0,0,4.511278,0,0,92.23058,2.255639,0.2506266,0
2022-07-15 14:24:40,0,0,4.260652,0,0,93.73434,1.754386,0,0
2022-07-15 14:24:39,0,0,4.726368,0,0,93.03483,1.4925373,0.2487562,0
2022-07-15 14:24:38,0,0,4.534005,0.2518892,0,93.19899,1.511335,0,0
2022-07-15 14:24:37,0,0,4.761905,0.2506266,0,91.4787,1.754386,0.5012531,0
2022-07-15 14:24:36,0,0,3.759398,0,0,94.73684,1.0025063,0.2506266,0
2022-07-15 14:24:35,0,0,4.738155,0.2493766,0,93.51621,1.2468828,0,0
2022-07-15 14:24:34,0,0,4.477612,0,0,93.53234,1.4925373,0,0.2487562
2022-07-15 14:24:33,0,0,4.239401,0.2493766,0,94.01496,0.9975062,0.2493766,0
2022-07-15 14:24:32,0,0,4.726368,0.2487562,0,93.28358,0.9950249,0.2487562,0
2022-07-15 14:24:31,0,0,4.534005,0.5037783,0,93.45088,1.0075567,0,0
2022-07-15 14:24:30,0,0,4.75,0,0,93,1.75,0,0
2022-07-15 14:24:29,0,0,4.511278,0.5012531,0,92.73183,1.2531328,0.2506266,0
2022-07-15 14:24:28,0,0,4.522613,0.5025126,0,93.46734,1.2562814,0,0
2022-07-15 14:24:27,0,0,4.511278,0.2506266,0,92.23058,1.754386,0.2506266,0
2022-07-15 14:24:26,0,0,4.25,0.25,0,94,1,0,0
2022-07-15 14:24:25,0,0,4.239401,0,0,93.01746,1.745636,0.2493766,0
2022-07-15 14:24:24,0,0,4.761905,0.7518797,0,93.48371,0.7518797,0,0
2022-07-15 14:24:23,0,0,4.75,0.25,0,93,1.5,0.25,0
2022-07-15 14:24:22,0,0,4.75,0,0,91.75,1.75,0.25,0.75
2022-07-15 14:24:21,0,0,4.488778,0,0,92.76808,2.244389,0,0.2493766
2022-07-15 14:24:20,0,0,4.71464,0.248139,0,93.30025,0.9925558,0.248139,0
2022-07-15 14:24:19,0,0,4.282116,0,0,93.70277,1.763224,0,0
2022-07-15 14:24:18,0,0,4.75,0.25,0,92.5,1.75,0.25,0
2022-07-15 14:24:17,0,0,4.773869,0.2512563,0,92.96482,1.5075377,0.2512563,0
2022-07-15 14:24:16,0,0,5.223881,0.2487562,0,92.0398,1.4925373,0.2487562,0.2487562
2022-07-15 14:24:15,0,0,3.491272,0.2493766,0,95.26185,0.7481297,0,0
2022-07-15 14:24:14,0,0,5.012531,0,0,91.97995,2.506266,0.2506266,0
2022-07-15 14:24:13,0,0,4.239401,0.2493766,0,93.51621,1.2468828,0.2493766,0
2022-07-15 14:24:12,0,0,4.810127,0.2531646,0,92.65823,1.5189873,0.5063291,0
2022-07-15 14:24:11,0,0,4.488778,0,0,94.01496,0.9975062,0.2493766,0
2022-07-15 14:24:10,0,0,4.773869,0.2512563,0,93.46734,1.2562814,0,0
2022-07-15 14:24:09,0,0,4.218362,0,0,93.30025,1.2406948,0.248139,0.248139
2022-07-15 14:24:08,0,0,4.511278,0.2506266,0,93.48371,1.2531328,0.2506266,0
2022-07-15 14:24:07,0,0,4.773869,0.2512563,0,92.96482,1.5075377,0.2512563,0
2022-07-15 14:24:06,0,0,4.511278,0.2506266,0,94.23559,0.7518797,0,0
2022-07-15 14:24:05,0,0,5,0.25,0,93,1,0.5,0
2022-07-15 14:24:04,0,0,5.223881,0,0,92.78607,1.2437811,0.4975124,0
2022-07-15 14:24:03,0,0,4.010025,0.2506266,0,93.98496,1.2531328,0,0
2022-07-15 14:24:02,0,0,4.987531,0,0,93.01746,1.2468828,0.2493766,0
2022-07-15 14:24:01,0,0,4.534005,0,0,93.19899,1.511335,0,0.2518892
2022-07-15 14:24:00,0,0,5.721393,0.4975124,0,91.79104,1.4925373,0.2487562,0
2022-07-15 14:23:59,0,0,3.5,0.25,0,93,1,0,1.5
2022-07-15 14:23:58,0,0,4.522613,0,0,93.96985,0.7537688,0.2512563,0
2022-07-15 14:23:57,0,0,4.25,0.25,0,94,1,0.25,0
2022-07-15 14:23:56,0,0,4.75,0,0,93.25,1.75,0,0
2022-07-15 14:23:55,0,0,4.477612,0.4975124,0,92.0398,1.4925373,0.7462687,0
2022-07-15 14:23:54,0,0,5.263158,0,0,91.97995,1.754386,0.2506266,0
2022-07-15 14:23:53,0,0,3.759398,0.2506266,0,93.98496,1.754386,0,0
2022-07-15 14:23:52,0,0,5.486284,0.2493766,0,92.26933,1.2468828,0.2493766,0
2022-07-15 14:23:51,0,0,4.522613,0,0,93.46734,1.5075377,0.2512563,0
2022-07-15 14:23:50,0,0,4.5,0.25,0,94.25,0.75,0,0
2022-07-15 14:23:49,0,0,4.239401,0.2493766,0,93.51621,1.745636,0,0
2022-07-15 14:23:48,0,0,5.75,0.25,0,90.5,1.75,0.25,0
2022-07-15 14:23:47,0,0,3.768844,0.2512563,0,94.72362,1.0050251,0,0
2022-07-15 14:23:46,0,0,4.534005,0,0,93.45088,1.511335,0,0
2022-07-15 14:23:45,0,0,4.292929,0.2525253,0,93.43434,1.2626263,0.2525253,0
2022-07-15 14:23:44,0,0,5.012531,0.2506266,0,92.4812,1.2531328,0.5012531,0
2022-07-15 14:23:43,0,0,4.25,0.25,0,94,1,0,0.25
2022-07-15 14:23:42,0,0,4.5,0.25,0,92.5,1.75,0.5,0
2022-07-15 14:23:41,0,0,5.30303,0,0,92.42424,1.2626263,0,0.2525253
2022-07-15 14:23:40,0,0,4.228856,0.2487562,0,94.02985,0.9950249,0.2487562,0
2022-07-15 14:23:39,0,0,4.239401,0.2493766,0,93.51621,1.2468828,0.2493766,0
2022-07-15 14:23:38,0,0,4.785894,0.2518892,0,92.9471,1.2594458,0.2518892,0
2022-07-15 14:23:37,0,0,4.987531,0,0,92.76808,1.2468828,0.7481297,0
2022-07-15 14:23:36,0,0,5.012531,0.2506266,0,91.97995,2.005013,0.2506266,0
2022-07-15 14:23:35,0,0,4,0.25,0,93.5,1.5,0,0
2022-07-15 14:23:34,0,0,4.773869,0,0,93.96985,1.2562814,0,0
2022-07-15 14:23:33,0,0,4.726368,0.4975124,0,92.78607,1.2437811,0.2487562,0
2022-07-15 14:23:32,0,0,5.764411,0,0,92.73183,1.0025063,0.2506266,0
2022-07-15 14:23:31,0,0,3.282828,0,0,94.44444,1.2626263,0,0
2022-07-15 14:23:30,0,0,4.488778,0.2493766,0,93.01746,0.9975062,0.2493766,0
2022-07-15 14:23:29,0,0,4.511278,0.2506266,0,92.98246,1.754386,0.2506266,0
2022-07-15 14:23:28,0,0,4.511278,0,0,93.48371,1.2531328,0.2506266,0
2022-07-15 14:23:27,0,0,4.738155,0,0,94.01496,0.9975062,0,0
2022-07-15 14:23:26,0,0,4.975124,0.2487562,0,91.79104,0.9950249,0.2487562,0.2487562
2022-07-15 14:23:25,0,0,4,0.25,0,94.25,1,0.25,0
2022-07-15 14:23:24,0,0,4.260652,0,0,94.23559,1.2531328,0,0
2022-07-15 14:23:23,0,0,4.738155,0.2493766,0,93.26683,0.9975062,0.2493766,0
2022-07-15 14:23:22,0,0,5,0.5,0,92.75,1,0.25,0
2022-07-15 14:23:21,0,0,4.25,0,0,94.25,1.25,0,0
2022-07-15 14:23:20,0,0,5,0.25,0,91.75,1.5,0.25,0.25
2022-07-15 14:23:19,0,0,4.020101,0.2512563,0,93.71859,1.758794,0,0
2022-07-15 14:23:18,0,0,4.726368,0.2487562,0,92.53731,1.4925373,0.4975124,0
2022-07-15 14:23:17,0,0,4.25,0,0,94,1.25,0.25,0
2022-07-15 14:23:16,0,0,4.761905,0.2506266,0,93.98496,0.7518797,0,0
2022-07-15 14:23:15,0,0,4.761905,0,0,92.98246,1.2531328,0.2506266,0
2022-07-15 14:23:14,0,0,4.488778,0.2493766,0,93.01746,1.745636,0.2493766,0
2022-07-15 14:23:13,0,0,5.012531,0,0,91.97995,1.754386,0,0.2506266
2022-07-15 14:23:12,0,0,4.292929,0.2525253,0,93.18182,1.767677,0.2525253,0
2022-07-15 14:23:11,0,0,4.75,0.25,0,93,1.5,0,0
2022-07-15 14:23:10,0,0,4.239401,0.2493766,0,93.01746,1.745636,0.2493766,0
2022-07-15 14:23:09,0,0,4.522613,0,0,93.96985,1.0050251,0.2512563,0
2022-07-15 14:23:08,0,0,5.012531,0.2506266,0,92.23058,1.754386,0,0.2506266
2022-07-15 14:23:07,0,0,4.228856,0.2487562,0,93.53234,1.741294,0.2487562,0
2022-07-15 14:23:06,0,0,4.810127,0,0,93.41772,1.0126582,0.2531646,0
2022-07-15 14:23:05,0,0,5.25,0.5,0,92.5,1,0.25,0.25
2022-07-15 14:23:04,0,0,5.276382,0,0,92.46231,1.758794,0.2512563,0
2022-07-15 14:23:03,0,0,3.508772,0.2506266,0,93.98496,1.2531328,0.2506266,0
2022-07-15 14:23:02,0,0,4.738155,0.2493766,0,92.5187,2.244389,0,0
2022-07-15 14:23:01,0,0,4.761905,0.2506266,0,92.98246,1.5037594,0.2506266,0
2022-07-15 14:23:00,0,0,4.25,0.25,0,94,1.25,0,0
2022-07-15 14:22:59,0,0,4.5,0.25,0,93,1.5,0.25,0
2022-07-15 14:22:58,0,0,5.210918,0.248139,0,91.56328,1.4888337,0.248139,0
2022-07-15 14:22:57,0,0,4.030227,0,0,94.45844,1.2594458,0,0
2022-07-15 14:22:56,0,0,4.25,0.5,0,93.5,1.5,0,0
2022-07-15 14:22:55,0,0,4.75,0,0,93,1.5,0.25,0
2022-07-15 14:22:54,0,0,5.735661,0.2493766,0,92.26933,1.2468828,0,0
2022-07-15 14:22:53,0,0,4.25,0.5,0,93,1.75,0.25,0
2022-07-15 14:22:52,0,0,4.738155,0.2493766,0,92.26933,1.745636,0,0
2022-07-15 14:22:51,0,0,4.271357,0.2512563,0,93.96985,1.0050251,0,0
2022-07-15 14:22:50,0,0,4.545455,0,0,93.43434,1.2626263,0.5050505,0
2022-07-15 14:22:49,0,0,4.5,0.25,0,93.25,1.5,0,0
2022-07-15 14:22:48,0,0,4.75,0.5,0,93.25,1.25,0,0
2022-07-15 14:22:47,0,0,4.545455,0,0,92.67677,2.020202,0,0.2525253
2022-07-15 14:22:46,0,0,4.271357,0.2512563,0,93.71859,1.0050251,0.2512563,0
2022-07-15 14:22:45,0,0,4.975124,0,0,90.79602,1.741294,0.2487562,0.9950249
2022-07-15 14:22:44,0,0,3.768844,0,0,92.21106,3.517588,0,0
2022-07-15 14:22:43,0,0,4.738155,0,0,92.26933,1.995012,0.4987531,0.2493766
2022-07-15 14:22:42,0,0,4.738155,0,0,93.01746,1.4962594,0,0
2022-07-15 14:22:41,0,0,4.726368,0,0,93.53234,1.2437811,0.2487562,0
2022-07-15 14:22:40,0,0,4.534005,0.5037783,0,93.19899,1.2594458,0.2518892,0
2022-07-15 14:22:39,0,0,4.477612,0.4975124,0,92.28856,1.99005,0.2487562,0
2022-07-15 14:22:38,0,0,4.761905,0,0,93.48371,1.2531328,0.2506266,0
2022-07-15 14:22:37,0,0,4.534005,0,0,93.95466,1.2594458,0,0
2022-07-15 14:22:36,0,0,4.975124,0.2487562,0,93.03483,1.2437811,0.2487562,0
2022-07-15 14:22:35,0,0,4.5,0.25,0,92.25,1.5,0,0.5
2022-07-15 14:22:34,0,0,4.75,0.25,0,93.5,1,0.25,0
2022-07-15 14:22:33,0,0,4.477612,0.2487562,0,93.28358,1.2437811,0.2487562,0
2022-07-15 14:22:32,0,0,4.75,0.25,0,94.25,0.75,0,0
2022-07-15 14:22:31,0,0,4.773869,0.2512563,0,92.21106,1.5075377,0.5025126,0
2022-07-15 14:22:30,0,0,4.466501,0.4962779,0,93.05211,1.4888337,0,0.248139
2022-07-15 14:22:29,0,0,4.271357,0,0,93.46734,1.5075377,0.2512563,0
2022-07-15 14:22:28,0,0,4.987531,0.2493766,0,92.76808,1.4962594,0,0
2022-07-15 14:22:27,0,0,4.511278,0,0,93.23308,1.2531328,0.5012531,0
2022-07-15 14:22:26,0,0,4.25,0.25,0,93.25,1.5,0.25,0
2022-07-15 14:22:25,0,0,4.738155,0.2493766,0,92.5187,1.995012,0,0
2022-07-15 14:22:24,0,0,5.513784,0.2506266,0,91.22807,1.754386,0.2506266,0.2506266
2022-07-15 14:22:23,0,0,3.990025,0.2493766,0,93.01746,1.995012,0,0
2022-07-15 14:22:22,0,0,4.25,0,0,94.25,1,0.25,0
2022-07-15 14:22:21,0,0,5.289673,0.2518892,0,92.69521,1.0075567,0,0
2022-07-15 14:22:20,0,0,4.271357,0.2512563,0,92.71357,1.758794,0.2512563,0
2022-07-15 14:22:19,0,0,4.75,0.5,0,91.75,1.75,0.25,0
2022-07-15 14:22:18,0,0,4.260652,0.2506266,0,93.23308,1.0025063,0.2506266,0
2022-07-15 14:22:17,0,0,4.962779,0.248139,0,91.067,1.2406948,0.248139,1.736973
2022-07-15 14:22:16,0,0,3.526448,0.2518892,0,94.45844,1.0075567,0.2518892,0
2022-07-15 14:22:15,0,0,5.012531,0.5012531,0,93.23308,1.2531328,0,0
2022-07-15 14:22:14,0,0,4.466501,0.248139,0,92.80397,1.736973,0.248139,0
2022-07-15 14:22:13,0,0,4.79798,0,0,93.43434,1.2626263,0.2525253,0
2022-07-15 14:22:12,0,0,4.5,0.25,0,93.75,1.25,0,0
2022-07-15 14:22:11,0,0,4.580153,0.2544529,0,92.87532,1.5267176,0.2544529,0
2022-07-15 14:22:10,0,0,4.738155,0,0,93.51621,1.2468828,0.2493766,0
2022-07-15 14:22:09,0,0,4.5,0.5,0,92.75,1.75,0,0
2022-07-15 14:22:08,0,0,4.488778,0,0,93.26683,1.2468828,0.2493766,0
2022-07-15 14:22:07,0,0,5.513784,0.2506266,0,91.4787,1.5037594,0,0.5012531
2022-07-15 14:22:06,0,0,4.010025,0.2506266,0,93.98496,1.2531328,0.2506266,0
2022-07-15 14:22:05,0,0,5.012531,0.2506266,0,93.23308,1.2531328,0,0
2022-07-15 14:22:04,0,0,5.012531,0.2506266,0,92.73183,1.754386,0,0
2022-07-15 14:22:03,0,0,5.263158,0.2506266,0,92.73183,1.0025063,0.2506266,0
2022-07-15 14:22:02,0,0,3.75,0.25,0,94,0.75,0.25,0
2022-07-15 14:22:01,0,0,5.012531,0,0,92.4812,1.5037594,0.2506266,0
2022-07-15 14:22:00,0,0,4.71464,0.248139,0,93.30025,1.4888337,0,0
2022-07-15 14:21:59,0,0,4.75,0,0,93.25,1.5,0,0
2022-07-15 14:21:58,0,0,4.271357,0.2512563,0,93.71859,1.0050251,0.2512563,0
2022-07-15 14:21:57,0,0,5.25,0,0,93.75,0.75,0,0.25
2022-07-15 14:21:56,0,0,5.012531,0.2506266,0,89.97494,1.754386,0.2506266,1.5037594
2022-07-15 14:21:55,0,0,3.75,0,0,94.5,1.25,0.25,0
2022-07-15 14:21:54,0,0,4.511278,0,0,93.98496,1.0025063,0.2506266,0
2022-07-15 14:21:53,0,0,5.037783,0,0,92.44332,1.511335,0.2518892,0
2022-07-15 14:21:52,0,0,4.228856,0.2487562,0,93.78109,1.2437811,0.2487562,0
2022-07-15 14:21:51,0,0,5.025126,0,0,93.21608,1.0050251,0.2512563,0
2022-07-15 14:21:50,0,0,4.726368,0,0,92.78607,1.741294,0.4975124,0
2022-07-15 14:21:49,0,0,4.975124,0.2487562,0,92.53731,1.2437811,0.2487562,0.2487562
2022-07-15 14:21:48,0,0,4.020101,0.2512563,0,93.46734,2.01005,0,0
2022-07-15 14:21:47,0,0,4.962779,0,0,93.05211,1.4888337,0.248139,0
2022-07-15 14:21:46,0,0,4.292929,0,0,93.93939,1.2626263,0,0.2525253
2022-07-15 14:21:45,0,0,4.75,0,0,92.75,1.5,0.5,0
2022-07-15 14:21:44,0,0,4.773869,0.2512563,0,92.71357,1.758794,0.2512563,0
2022-07-15 14:21:43,0,0,4.477612,0.2487562,0,93.03483,1.741294,0.2487562,0
2022-07-15 14:21:42,0,0,4.260652,0,0,94.48622,0.7518797,0.2506266,0
2022-07-15 14:21:41,0,0,5.012531,0,0,91.97995,2.255639,0.2506266,0
2022-07-15 14:21:40,0,0,5.25,0.25,0,92.25,1.75,0.25,0
2022-07-15 14:21:39,0,0,4.218362,0.248139,0,92.80397,1.2406948,0.248139,0.4962779
2022-07-15 14:21:38,0,0,4.303797,0,0,93.92405,1.2658228,0.2531646,0
2022-07-15 14:21:37,0,0,5.025126,0.2512563,0,92.71357,1.5075377,0.2512563,0
2022-07-15 14:21:36,0,0,4.477612,0.4975124,0,92.53731,1.4925373,0.2487562,0
2022-07-15 14:21:35,0,0,4.292929,0,0,94.69697,1.010101,0,0
2022-07-15 14:21:34,0,0,4.5,0.25,0,92.5,1.5,0,0
2022-07-15 14:21:33,0,0,4.25,0,0,94.25,1,0.25,0
2022-07-15 14:21:32,0,0,4.010025,0,0,93.98496,1.2531328,0.2506266,0
2022-07-15 14:21:31,0,0,4.761905,0.5012531,0,92.98246,1.2531328,0.2506266,0
2022-07-15 14:21:30,0,0,4.75,0,0,93.25,1.5,0,0
2022-07-15 14:21:29,0,0,4.030227,0.2518892,0,92.69521,1.763224,0.5037783,0
2022-07-15 14:21:28,0,0,5,0.75,0,92,1.25,0.25,0.25
2022-07-15 14:21:27,0,0,4.010025,0,0,93.98496,1.5037594,0,0
2022-07-15 14:21:26,0,0,4.239401,0.2493766,0,93.76559,1.2468828,0.2493766,0
2022-07-15 14:21:25,0,0,4.5,0.25,0,93.5,1,0.5,0
2022-07-15 14:21:24,0,0,4.239401,0,0,93.26683,1.2468828,0,0
2022-07-15 14:21:23,0,0,4.511278,0,0,93.73434,1.2531328,0.2506266,0
2022-07-15 14:21:22,0,0,4.75,0.25,0,92.25,1.75,0.25,0.25
2022-07-15 14:21:21,0,0,4.020101,0.2512563,0,93.21608,1.5075377,0.2512563,0
2022-07-15 14:21:20,0,0,4.25,0,0,93,2,0,0
2022-07-15 14:21:19,0,0,4.761905,0,0,93.23308,1.5037594,0.2506266,0
2022-07-15 14:21:18,0,0,4.761905,0.2506266,0,92.98246,1.2531328,0.2506266,0
2022-07-15 14:21:17,0,0,4.738155,0.2493766,0,93.26683,1.2468828,0,0
2022-07-15 14:21:16,0,0,4.466501,0.248139,0,93.79653,0.9925558,0.4962779,0
2022-07-15 14:21:15,0,0,4.534005,0.2518892,0,93.45088,0.7556675,0.2518892,0.2518892
2022-07-15 14:21:14,0,0,4.975124,0.4975124,0,93.03483,1.2437811,0,0
2022-07-15 14:21:13,0,0,4.511278,0,0,93.98496,1.0025063,0.2506266,0
2022-07-15 14:21:12,0,0,5.210918,0.248139,0,92.30769,1.4888337,0.248139,0
2022-07-15 14:21:11,0,0,4.050633,0,0,92.91139,1.2658228,0.2531646,0.2531646
2022-07-15 14:21:10,0,0,4.25,0.5,0,92.75,1.75,0,0.25
2022-07-15 14:21:09,0,0,4.79798,0.2525253,0,92.67677,1.767677,0,0
2022-07-15 14:21:08,0,0,4.477612,0.2487562,0,92.78607,1.2437811,0.7462687,0
2022-07-15 14:21:07,0,0,4.773869,0,0,93.46734,1.0050251,0.2512563,0
2022-07-15 14:21:06,0,0,4.987531,0.4987531,0,90.52369,1.4962594,0.2493766,0.4987531
2022-07-15 14:21:05,0,0,4.522613,0,0,93.21608,1.758794,0,0
2022-07-15 14:21:04,0,0,4.260652,0,0,94.48622,1.0025063,0,0
2022-07-15 14:21:03,0,0,5.012531,0.2506266,0,92.98246,1.0025063,0.5012531,0
2022-07-15 14:21:02,0,0,4.5,0.5,0,92.75,1.75,0,0
2022-07-15 14:21:01,0,0,4.511278,0,0,93.23308,1.5037594,0,0.2506266
2022-07-15 14:21:00,0,0,4.785894,0,0,93.19899,1.2594458,0,0
2022-07-15 14:20:59,0,0,4.228856,0.2487562,0,94.27861,0.7462687,0.2487562,0
2022-07-15 14:20:58,0,0,4.522613,0.5025126,0,93.46734,1.2562814,0,0
2022-07-15 14:20:57,0,0,4.488778,0,0,93.26683,1.4962594,0.2493766,0
2022-07-15 14:20:56,0,0,5,0.25,0,93.25,1.25,0,0
2022-07-15 14:20:55,0,0,4.239401,0,0,94.01496,1.2468828,0.2493766,0
2022-07-15 14:20:54,0,0,5.236908,0,0,92.01995,1.745636,0.2493766,0.2493766
2022-07-15 14:20:53,0,0,3.759398,0.5012531,0,93.23308,1.0025063,0,0.7518797
2022-07-15 14:20:52,0,0,4.511278,0,0,93.73434,1.5037594,0.2506266,0
2022-07-15 14:20:51,0,0,4.5,0.75,0,93.25,1,0,0
2022-07-15 14:20:50,0,0,4.511278,0.5012531,0,91.4787,2.506266,0,0
2022-07-15 14:20:49,0,0,4.75,0.25,0,92.5,1.75,0.25,0
2022-07-15 14:20:48,0,0,4.5,0,0,92.75,2,0.25,0
2022-07-15 14:20:47,0,0,4.511278,0.2506266,0,93.98496,1.0025063,0,0
2022-07-15 14:20:46,0,0,4.522613,0.2512563,0,93.46734,1.2562814,0.2512563,0
2022-07-15 14:20:45,0,0,4.738155,0.2493766,0,92.76808,1.745636,0.2493766,0
2022-07-15 14:20:44,0,0,5.25,0.25,0,92.75,1.25,0,0.25
2022-07-15 14:20:43,0,0,3.5,0,0,95.25,0.75,0,0
2022-07-15 14:20:42,0,0,4.511278,0.2506266,0,93.73434,1.0025063,0.2506266,0
2022-07-15 14:20:41,0,0,4.511278,0,0,92.98246,1.5037594,0.5012531,0
2022-07-15 14:20:40,0,0,4.239401,0.2493766,0,93.76559,1.4962594,0,0
2022-07-15 14:20:39,0,0,4.5,0.25,0,92.5,1.75,0.25,0
2022-07-15 14:20:38,0,0,5,0.25,0,93,0.75,0,0
2022-07-15 14:20:37,0,0,3.740648,0,0,93.51621,1.995012,0.2493766,0
2022-07-15 14:20:36,0,0,4.522613,0,0,93.46734,1.5075377,0,0
2022-07-15 14:20:35,0,0,4.738155,0.2493766,0,92.01995,1.995012,0.2493766,0.2493766
2022-07-15 14:20:34,0,0,4.534005,0,0,94.20655,0.7556675,0,0
2022-07-15 14:20:33,0,0,4.5,0.5,0,93.5,1,0.25,0
2022-07-15 14:20:32,0,0,5.236908,0,0,92.26933,1.4962594,0.2493766,0
2022-07-15 14:20:31,0,0,3.778338,0,0,94.20655,1.2594458,0.2518892,0
2022-07-15 14:20:30,0,0,4.726368,0.2487562,0,93.03483,1.741294,0,0
2022-07-15 14:20:29,0,0,4.522613,0.2512563,0,93.71859,1.2562814,0,0
2022-07-15 14:20:28,0,0,4.773869,0,0,92.96482,1.758794,0.2512563,0
2022-07-15 14:20:27,0,0,4.5,0,0,93.75,1.25,0,0
2022-07-15 14:20:26,0,0,5.513784,0.2506266,0,92.4812,1.5037594,0,0
2022-07-15 14:20:25,0,0,3.233831,0.2487562,0,94.52736,0.9950249,0.2487562,0
2022-07-15 14:20:24,0,0,4.726368,0.2487562,0,93.03483,1.2437811,0.4975124,0
2022-07-15 14:20:23,0,0,4.534005,0.2518892,0,93.19899,1.2594458,0.2518892,0
2022-07-15 14:20:22,0,0,4.987531,0,0,93.01746,1.4962594,0,0
2022-07-15 14:20:21,0,0,4.534005,0.5037783,0,93.19899,1.2594458,0.2518892,0
2022-07-15 14:20:20,0,0,4.761905,0,0,92.73183,1.754386,0.2506266,0
2022-07-15 14:20:19,0,0,4.292929,0,0,93.93939,0.7575758,0.2525253,0
2022-07-15 14:20:18,0,0,4.761905,0.2506266,0,93.48371,1.2531328,0,0
2022-07-15 14:20:17,0,0,4.271357,0.2512563,0,93.46734,1.2562814,0.2512563,0
2022-07-15 14:20:16,0,0,6.451613,0.4962779,0,90.32258,1.736973,0.248139,0.248139
2022-07-15 14:20:15,0,0,3.02267,0,0,95.21411,0.7556675,0.2518892,0
2022-07-15 14:20:14,0,0,5.012531,0,0,92.98246,1.2531328,0.2506266,0
2022-07-15 14:20:13,0,0,4.477612,0.4975124,0,93.03483,1.741294,0,0
2022-07-15 14:20:12,0,0,4.239401,0.2493766,0,93.01746,1.745636,0.2493766,0
2022-07-15 14:20:11,0,0,4.522613,0.2512563,0,93.46734,1.2562814,0,0
2022-07-15 14:20:10,0,0,5.263158,0,0,91.22807,1.754386,0,0.5012531
2022-07-15 14:20:09,0,0,3.482587,0.2487562,0,94.02985,1.4925373,0.2487562,0.2487562
2022-07-15 14:20:08,0,0,6.25,0.25,0,91,2,0,0
2022-07-15 14:20:07,0,0,4.030227,0,0,93.70277,1.763224,0,0.2518892
2022-07-15 14:20:06,0,0,3.473945,0.248139,0,95.03722,0.9925558,0,0
2022-07-15 14:20:05,0,0,5.25,0,0,93.75,0.5,0.25,0
2022-07-15 14:20:04,0,0,5.75,0.25,0,91.25,1.75,0.25,0
2022-07-15 14:20:03,0,0,3.25,0.25,0,95.25,1,0,0
2022-07-15 14:20:02,0,0,4.75,0.25,0,93.25,1.25,0,0
2022-07-15 14:20:01,0,0,4.5,0.25,0,93,1,0.25,0
2022-07-15 14:20:00,0,0,4.962779,0.4962779,0,92.80397,1.2406948,0.248139,0
2022-07-15 14:19:59,0,0,3.015075,0,0,95.22613,1.2562814,0.2512563,0
2022-07-15 14:19:58,0,0,4.522613,0.7537688,0,91.9598,1.5075377,0,0.2512563
2022-07-15 14:19:57,0,0,2.743142,0,0,95.7606,1.2468828,0.2493766,0
2022-07-15 14:19:56,0,0,2.506266,0.2506266,0,94.73684,1.5037594,0.2506266,0
2022-07-15 14:19:55,0,0,3.007519,0,0,95.73935,1.2531328,0,0
2022-07-15 14:19:54,0,0,2.992519,0,0,94.76309,1.2468828,0.4987531,0
2022-07-15 14:19:53,0,0,2.25,0,0,96,1.5,0,0
2022-07-15 14:19:52,0,0,3.787879,0.2525253,0,93.43434,1.5151515,0,0
2022-07-15 14:19:51,0,0,2.5,0.5,0,94.5,1.5,0.25,0
2022-07-15 14:19:50,0,0,2.743142,0.2493766,0,95.01247,1.745636,0.2493766,0
2022-07-15 14:19:49,0,0,2.756892,0,0,94.98747,1.754386,0,0
2022-07-15 14:19:48,0,0,3.5,0.25,0,94.5,1,0.25,0
2022-07-15 14:19:47,0,0,1.2562814,0,0,97.48744,1.0050251,0,0
2022-07-15 14:19:46,0,0,2.005013,0.5012531,0,95.48872,1.5037594,0.2506266,0
2022-07-15 14:19:45,0,0,1.4925373,0.2487562,0,96.0199,1.4925373,0.2487562,0
2022-07-15 14:19:44,0,0,1.754386,0,0,96.74185,1.2531328,0,0
2022-07-15 14:19:43,0,0,2.005013,0.2506266,0,95.73935,1.2531328,0.2506266,0
2022-07-15 14:19:42,0,0,1.75,0,0,95.25,1.5,0.25,0
2022-07-15 14:19:41,0,0,0.5037783,0,0,97.22922,1.2594458,0.2518892,0
2022-07-15 14:19:40,0,0,0.7481297,0.2493766,0,97.75561,0.9975062,0,0
2022-07-15 14:19:39,0,0,0.5025126,0,0,96.98492,2.01005,0.2512563,0
2022-07-15 14:19:38,0,0,1.0025063,0.2506266,0,96.99248,1.0025063,0,0
2022-07-15 14:19:37,0,0,0.5025126,0,0,95.9799,2.01005,0.2512563,0
2022-07-15 14:19:36,0,0,0.75,0,0,97.25,1.5,0,0
2022-07-15 14:19:35,0,0,0.7537688,0.2512563,0,96.98492,1.5075377,0.2512563,0
2022-07-15 14:19:34,0,0,0.7481297,0.2493766,0,97.00748,1.4962594,0.2493766,0
2022-07-15 14:19:33,0,0,0.4987531,0.2493766,0,97.00748,1.4962594,0.2493766,0
2022-07-15 14:19:32,0,0,0.7575758,0,0,97.47475,1.010101,0,0
2022-07-15 14:19:31,0,0,0.7444169,0.248139,0,96.52605,0.9925558,0.248139,0.248139
2022-07-15 14:19:30,0,0,0.9950249,0.2487562,0,97.01493,0.9950249,0,0
2022-07-15 14:19:29,0,0,1.4962594,0.4987531,0,96.50873,1.2468828,0,0
2022-07-15 14:19:28,0,0,1.758794,0.2512563,0,96.23116,1.0050251,0.5025126,0
2022-07-15 14:19:27,0,0,1.75,0,0,96.75,0.75,0.5,0
2022-07-15 14:19:26,0,0,1.745636,0.2493766,0,96.25935,1.2468828,0.2493766,0
2022-07-15 14:19:25,0,0,1.754386,0.5012531,0,95.73935,1.5037594,0.2506266,0
2022-07-15 14:19:24,0,0,1.758794,0.2512563,0,96.48241,1.2562814,0,0
2022-07-15 14:19:23,0,0,1.4925373,0.2487562,0,96.0199,1.741294,0.2487562,0
2022-07-15 14:19:22,0,0,1.758794,0,0,96.48241,1.2562814,0.5025126,0
2022-07-15 14:19:21,0,0,1.754386,0.2506266,0,96.2406,1.0025063,0,0
2022-07-15 14:19:20,0,0,2.255639,0.2506266,0,95.48872,1.5037594,0,0
2022-07-15 14:19:19,0,0,2.756892,0.2506266,0,94.98747,1.0025063,0.2506266,0
2022-07-15 14:19:18,0,0,2.763819,0,0,94.97487,1.5075377,0.2512563,0
2022-07-15 14:19:17,0,0,2.743142,0.2493766,0,94.51372,1.4962594,0.2493766,0
2022-07-15 14:19:16,0,0,2.756892,0.2506266,0,95.48872,1.2531328,0.2506266,0
2022-07-15 14:19:15,0,0,2.48139,0.4962779,0,94.04467,1.736973,0,0.248139
2022-07-15 14:19:14,0,0,3.508772,0.2506266,0,94.48622,1.2531328,0.2506266,0
2022-07-15 14:19:13,0,0,4.030227,0.2518892,0,93.95466,1.511335,0,0
2022-07-15 14:19:12,0,0,3.482587,0.2487562,0,94.52736,0.9950249,0.2487562,0
2022-07-15 14:19:11,0,0,3.282828,0,0,94.94949,1.010101,0,0
2022-07-15 14:19:10,0,0,3.740648,0,0,93.76559,1.2468828,0.2493766,0
2022-07-15 14:19:09,0,0,3.75,0,0,95,1,0,0
2022-07-15 14:19:08,0,0,4.488778,0.2493766,0,94.01496,0.7481297,0.2493766,0
2022-07-15 14:19:07,0,0,4.962779,0.248139,0,92.05955,1.736973,0.4962779,0
2022-07-15 14:19:06,0,0,4.785894,0.2518892,0,92.69521,1.763224,0,0
2022-07-15 14:19:05,0,0,4.71464,0,0,93.79653,0.9925558,0.248139,0
2022-07-15 14:19:04,0,0,4.534005,0,0,93.70277,1.2594458,0.2518892,0
2022-07-15 14:19:03,0,0,5.012531,0.2506266,0,91.4787,1.5037594,0.2506266,0.7518797
2022-07-15 14:19:02,0,0,4.010025,0.2506266,0,94.48622,0.7518797,0.2506266,0
2022-07-15 14:19:01,0,0,4.511278,0,0,93.48371,1.754386,0,0
2022-07-15 14:19:00,0,0,4.75,0.25,0,92.75,1.25,0.5,0.25
2022-07-15 14:18:59,0,0,4.75,0,0,93.5,1.5,0,0
2022-07-15 14:18:58,0,0,4.25,0,0,93.75,1,0.25,0
2022-07-15 14:18:57,0,0,4.488778,0.4987531,0,92.76808,1.4962594,0.2493766,0
2022-07-15 14:18:56,0,0,4.773869,0,0,93.96985,0.7537688,0,0
2022-07-15 14:18:55,0,0,4.488778,0.2493766,0,93.76559,0.9975062,0.2493766,0
2022-07-15 14:18:54,0,0,5,0.25,0,92,2.5,0,0
2022-07-15 14:18:53,0,0,4.488778,0.2493766,0,92.76808,1.2468828,0.4987531,0
2022-07-15 14:18:52,0,0,4.030227,0.2518892,0,94.20655,1.2594458,0,0
2022-07-15 14:18:51,0,0,4.773869,0,0,92.71357,1.758794,0.2512563,0
2022-07-15 14:18:50,0,0,4.738155,0.2493766,0,93.26683,1.4962594,0.2493766,0
2022-07-15 14:18:49,0,0,5.012531,0.2506266,0,91.97995,2.005013,0,0
2022-07-15 14:18:48,0,0,5.289673,0.5037783,0,91.68766,2.015113,0,0
2022-07-15 14:18:47,0,0,3.722084,0.248139,0,94.2928,0.9925558,0.248139,0
2022-07-15 14:18:46,0,0,4.75,0.25,0,93,1.25,0.25,0
2022-07-15 14:18:45,0,0,4.271357,0,0,94.22111,1.2562814,0,0
2022-07-15 14:18:44,0,0,4.5,0.25,0,92.75,2,0.25,0
2022-07-15 14:18:43,0,0,4.726368,0.2487562,0,93.03483,1.4925373,0,0
2022-07-15 14:18:42,0,0,5.012531,0,0,92.23058,1.5037594,0.2506266,0.2506266
2022-07-15 14:18:41,0,0,3.768844,0.2512563,0,94.72362,0.7537688,0.2512563,0
2022-07-15 14:18:40,0,0,4.761905,0,0,93.48371,1.5037594,0,0
2022-07-15 14:18:39,0,0,4.987531,0.2493766,0,92.5187,1.4962594,0.2493766,0
2022-07-15 14:18:38,0,0,4.010025,0,0,94.98747,0.7518797,0,0
2022-07-15 14:18:37,0,0,4.511278,0.2506266,0,92.98246,1.754386,0,0
2022-07-15 14:18:36,0,0,5.263158,0.2506266,0,92.23058,1.5037594,0.2506266,0
2022-07-15 14:18:35,0,0,4.466501,0.4962779,0,92.05955,1.4888337,0.248139,0
2022-07-15 14:18:34,0,0,4.020101,0,0,94.72362,1.0050251,0,0
2022-07-15 14:18:33,0,0,4.773869,0.7537688,0,92.21106,1.5075377,0,0
2022-07-15 14:18:32,0,0,4.239401,0,0,94.01496,1.4962594,0,0
2022-07-15 14:18:31,0,0,4.785894,0.2518892,0,93.70277,0.7556675,0.2518892,0
2022-07-15 14:18:30,0,0,4.477612,0.2487562,0,92.78607,1.99005,0,0
2022-07-15 14:18:29,0,0,4.75,0.25,0,92.25,1.75,0.5,0
2022-07-15 14:18:28,0,0,4.228856,0.2487562,0,93.78109,1.2437811,0,0
2022-07-15 14:18:27,0,0,5.289673,0,0,92.44332,1.763224,0.2518892,0
2022-07-15 14:18:26,0,0,4.5,0,0,93.5,1.25,0.25,0
2022-07-15 14:18:25,0,0,4.25,0.25,0,91.25,2,0.25,1.25
2022-07-15 14:18:24,0,0,4.260652,0,0,93.73434,1.5037594,0,0
2022-07-15 14:18:23,0,0,5.012531,0,0,93.23308,1.0025063,0.2506266,0
2022-07-15 14:18:22,0,0,4.239401,0.2493766,0,93.76559,1.2468828,0.2493766,0
2022-07-15 14:18:21,0,0,4.810127,0,0,92.91139,1.772152,0.2531646,0
2022-07-15 14:18:20,0,0,4.987531,0.2493766,0,90.27431,1.745636,0,2.244389
2022-07-15 14:18:19,0,0,3.759398,0,0,94.73684,1.2531328,0,0
2022-07-15 14:18:18,0,0,4.260652,0.5012531,0,93.23308,1.2531328,0.2506266,0
2022-07-15 14:18:17,0,0,4.726368,0.4975124,0,92.28856,1.99005,0.2487562,0
2022-07-15 14:18:16,0,0,4.75,0.25,0,93.25,1.25,0.25,0
2022-07-15 14:18:15,0,0,4.761905,0.2506266,0,92.98246,1.2531328,0.2506266,0
2022-07-15 14:18:14,0,0,4.271357,0,0,93.46734,1.0050251,0,0.2512563
2022-07-15 14:18:13,0,0,4.5,0.25,0,94.25,0.5,0.25,0
2022-07-15 14:18:12,0,0,4.25,0.5,0,93.5,1.25,0,0
2022-07-15 14:18:11,0,0,4.75,0,0,92.75,1.5,0.25,0
2022-07-15 14:18:10,0,0,4.25,0.25,0,94,1.5,0,0
2022-07-15 14:18:09,0,0,5,0.25,0,93,1.25,0.25,0
2022-07-15 14:18:08,0,0,4.010025,0,0,93.98496,1.5037594,0,0
2022-07-15 14:18:07,0,0,5.236908,0.4987531,0,90.77307,1.995012,0,0.9975062
2022-07-15 14:18:06,0,0,4.228856,0.2487562,0,94.02985,0.9950249,0.2487562,0
2022-07-15 14:18:05,0,0,5,0.5,0,91.75,2.25,0,0
2022-07-15 14:18:04,0,0,4.260652,0,0,93.73434,1.5037594,0.2506266,0
2022-07-15 14:18:03,0,0,5.223881,0.4975124,0,92.0398,1.741294,0,0
2022-07-15 14:18:02,0,0,4.228856,0,0,92.78607,2.238806,0.4975124,0
2022-07-15 14:18:01,0,0,4.773869,0,0,92.96482,1.5075377,0,0
2022-07-15 14:18:00,0,0,4.5,0.25,0,93.25,1.5,0.25,0
2022-07-15 14:17:59,0,0,4.785894,0.2518892,0,93.45088,1.0075567,0.2518892,0
2022-07-15 14:17:58,0,0,5.037783,0.2518892,0,91.68766,2.015113,0.2518892,0
2022-07-15 14:17:57,0,0,3.970223,0.248139,0,90.07444,1.985112,0,2.729529
2022-07-15 14:17:56,0,0,3.526448,0,0,95.21411,1.0075567,0,0
2022-07-15 14:17:55,0,0,5.223881,0,0,93.03483,0.9950249,0.2487562,0
2022-07-15 14:17:54,0,0,4.761905,0.2506266,0,93.48371,1.0025063,0.2506266,0
2022-07-15 14:17:53,0,0,4.25,0,0,94,1.25,0.25,0
2022-07-15 14:17:52,0,0,5.263158,0.5012531,0,90.97744,2.005013,0.2506266,0
2022-07-15 14:17:51,0,0,3.797468,0,0,93.92405,1.2658228,0,0.2531646
2022-07-15 14:17:50,0,0,4.239401,0,0,92.76808,2.493766,0,0
2022-07-15 14:17:49,0,0,4.477612,0.2487562,0,93.28358,1.2437811,0.2487562,0.2487562
2022-07-15 14:17:48,0,0,4.511278,0,0,94.23559,0.7518797,0,0
2022-07-15 14:17:47,0,0,4.738155,0.2493766,0,93.01746,1.2468828,0.4987531,0
2022-07-15 14:17:46,0,0,4.040404,0.2525253,0,92.92929,1.5151515,0,0
2022-07-15 14:17:45,0,0,4.25,0,0,93.75,1.5,0.25,0
2022-07-15 14:17:44,0,0,4.773869,0.2512563,0,93.21608,1.5075377,0,0
2022-07-15 14:17:43,0,0,4.522613,0,0,93.46734,1.2562814,0.2512563,0
2022-07-15 14:17:42,0,0,4.25,0.25,0,94,1,0,0
2022-07-15 14:17:41,0,0,4.534005,0.2518892,0,92.69521,1.763224,0.2518892,0
2022-07-15 14:17:40,0,0,4.75,0,0,94.25,1,0,0
2022-07-15 14:17:39,0,0,4.75,0,0,91.75,1.25,0.25,1.25
2022-07-15 14:17:38,0,0,4.010025,0.2506266,0,94.23559,1.2531328,0,0
2022-07-15 14:17:37,0,0,5.025126,0,0,93.46734,1.2562814,0,0
2022-07-15 14:17:36,0,0,4.239401,0,0,93.76559,0.9975062,0.2493766,0
2022-07-15 14:17:35,0,0,4.75,0.25,0,92.75,1.75,0.25,0
2022-07-15 14:17:34,0,0,4.75,0.5,0,92.75,1,0.25,0
2022-07-15 14:17:33,0,0,4.738155,0.4987531,0,93.51621,0.7481297,0.2493766,0
2022-07-15 14:17:32,0,0,4,0,0,94.75,1,0,0
2022-07-15 14:17:31,0,0,5.025126,0.2512563,0,92.46231,1.758794,0,0
2022-07-15 14:17:30,0,0,4.5,0.25,0,93,1.5,0.25,0
2022-07-15 14:17:29,0,0,4.511278,0.2506266,0,92.4812,1.5037594,0.2506266,0.2506266
2022-07-15 14:17:28,0,0,3.9801,0.4975124,0,94.02985,0.7462687,0.4975124,0
2022-07-15 14:17:27,0,0,5.063291,0,0,93.16456,1.0126582,0.2531646,0
2022-07-15 14:17:26,0,0,4.488778,0.2493766,0,93.26683,1.4962594,0.2493766,0
2022-07-15 14:17:25,0,0,4.25,0.25,0,94,1,0.25,0
2022-07-15 14:17:24,0,0,5.527638,0.2512563,0,91.70854,1.5075377,0,0
2022-07-15 14:17:23,0,0,4.010025,0.2506266,0,94.23559,1.5037594,0,0
2022-07-15 14:17:22,0,0,4.010025,0,0,94.48622,1.0025063,0,0
2022-07-15 14:17:21,0,0,4.75,0,0,93.25,1.5,0.25,0
2022-07-15 14:17:20,0,0,4.987531,0.4987531,0,92.01995,1.4962594,0.2493766,0.2493766
2022-07-15 14:17:19,0,0,5.025126,0.2512563,0,93.21608,0.7537688,0,0
2022-07-15 14:17:18,0,0,4.271357,0.2512563,0,92.96482,2.01005,0,0
2022-07-15 14:17:17,0,0,4.260652,0.2506266,0,93.23308,1.5037594,0.2506266,0
2022-07-15 14:17:16,0,0,4.75,0,0,93,1.5,0.25,0
2022-07-15 14:17:15,0,0,4.25,0.25,0,93.5,0.75,0.25,0
2022-07-15 14:17:14,0,0,4.25,0.25,0,94,1.25,0.25,0
2022-07-15 14:17:13,0,0,5.276382,0,0,92.46231,1.2562814,0.2512563,0
2022-07-15 14:17:12,0,0,4.488778,0,0,93.51621,1.4962594,0,0
2022-07-15 14:17:11,0,0,4.511278,0.5012531,0,91.97995,2.005013,0,0.5012531
2022-07-15 14:17:10,0,0,3.990025,0.2493766,0,93.76559,1.2468828,0.2493766,0
2022-07-15 14:17:09,0,0,5,0.25,0,92.75,1.25,0.5,0
2022-07-15 14:17:08,0,0,4.271357,0,0,94.22111,1.2562814,0,0
2022-07-15 14:17:07,0,0,4.477612,0.2487562,0,93.03483,1.4925373,0.2487562,0.2487562
2022-07-15 14:17:06,0,0,5.25,0.5,0,91.75,2,0.25,0
2022-07-15 14:17:05,0,0,5,0,0,93.5,0.75,0.5,0
2022-07-15 14:17:04,0,0,4.271357,0.2512563,0,93.71859,1.0050251,0.2512563,0
2022-07-15 14:17:03,0,0,4.522613,0,0,93.71859,1.5075377,0,0
2022-07-15 14:17:02,0,0,5.25,0.25,0,92.75,1.5,0,0
2022-07-15 14:17:01,0,0,4.010025,0,0,93.98496,1.0025063,0.2506266,0
2022-07-15 14:17:00,0,0,4.260652,0.2506266,0,93.98496,0.7518797,0,0
2022-07-15 14:16:59,0,0,4.738155,0,0,93.51621,1.2468828,0.2493766,0
2022-07-15 14:16:58,0,0,4.5,0,0,93.75,1.25,0,0
2022-07-15 14:16:57,0,0,4.522613,0.2512563,0,93.46734,1.2562814,0,0
2022-07-15 14:16:56,0,0,5.25,0.25,0,91.5,1.75,0.25,0.25
2022-07-15 14:16:55,0,0,3.526448,0.2518892,0,94.71033,1.2594458,0,0
2022-07-15 14:16:54,0,0,4.5,0.25,0,93,1.75,0.25,0
2022-07-15 14:16:53,0,0,4.987531,0,0,94.01496,0.4987531,0,0
2022-07-15 14:16:52,0,0,4.511278,0,0,93.23308,1.2531328,0.5012531,0
2022-07-15 14:16:51,0,0,4.25,0.25,0,93.5,0.75,0.25,0.25
2022-07-15 14:16:50,0,0,4.738155,0,0,92.5187,1.745636,0,0
2022-07-15 14:16:49,0,0,4.511278,0.2506266,0,93.48371,1.2531328,0,0
2022-07-15 14:16:48,0,0,4.975124,0,0,92.78607,1.741294,0,0
2022-07-15 14:16:47,0,0,4.511278,0,0,94.23559,0.7518797,0.2506266,0
2022-07-15 14:16:46,0,0,5.25,0.25,0,92.5,1.5,0,0
2022-07-15 14:16:45,0,0,4.522613,0,0,94.22111,0.7537688,0.2512563,0
2022-07-15 14:16:44,0,0,4.010025,0.2506266,0,92.4812,2.005013,0.2506266,0
2022-07-15 14:16:43,0,0,4.987531,0.2493766,0,91.02244,1.4962594,0.2493766,0.4987531
2022-07-15 14:16:42,0,0,4.010025,0,0,94.48622,1.2531328,0,0
2022-07-15 14:16:41,0,0,4.292929,0.2525253,0,94.19192,0.5050505,0.2525253,0
2022-07-15 14:16:40,0,0,4.488778,0.2493766,0,93.51621,0.9975062,0.2493766,0
2022-07-15 14:16:39,0,0,4.773869,0,0,93.71859,1.2562814,0,0
2022-07-15 14:16:38,0,0,4.75,0.25,0,93.25,1.25,0,0
2022-07-15 14:16:37,0,0,3.75,0,0,94.25,1.5,0.25,0
2022-07-15 14:16:36,0,0,5.037783,0.2518892,0,92.69521,1.511335,0,0
2022-07-15 14:16:35,0,0,4.25,0.25,0,94.25,0.5,0.25,0
2022-07-15 14:16:34,0,0,5.263158,0,0,93.23308,1.0025063,0.2506266,0
2022-07-15 14:16:33,0,0,3.491272,0,0,93.51621,0.9975062,0,0.4987531
2022-07-15 14:16:32,0,0,4.477612,0.2487562,0,93.03483,1.4925373,0.4975124,0
2022-07-15 14:16:31,0,0,4.271357,0,0,94.22111,0.7537688,0,0
2022-07-15 14:16:30,0,0,5.012531,0.2506266,0,92.73183,1.5037594,0.2506266,0
2022-07-15 14:16:29,0,0,4.25,0,0,94,1.25,0,0
2022-07-15 14:16:28,0,0,5.513784,0.2506266,0,89.97494,1.754386,0.2506266,0.7518797
2022-07-15 14:16:27,0,0,3.517588,0.2512563,0,94.22111,1.2562814,0.2512563,0
2022-07-15 14:16:26,0,0,4.5,0,0,93.75,1.25,0.25,0
2022-07-15 14:16:25,0,0,4.70297,0.4950495,0,92.82178,1.4851485,0,0
2022-07-15 14:16:24,0,0,4.810127,0,0,92.1519,2.025316,0,0.2531646
2022-07-15 14:16:23,0,0,4,0.25,0,94,1.25,0.25,0
2022-07-15 14:16:22,0,0,4.773869,0,0,90.20101,2.01005,0.2512563,2.01005
2022-07-15 14:16:21,0,0,3.274559,0.2518892,0,94.71033,1.0075567,0.2518892,0
2022-07-15 14:16:20,0,0,4.5,0.25,0,94.25,1,0,0
2022-07-15 14:16:19,0,0,4.25,0.25,0,93.25,1.25,0.25,0
2022-07-15 14:16:18,0,0,5.012531,0.5012531,0,92.73183,1.5037594,0,0.2506266
2022-07-15 14:16:17,0,0,4.5,0.5,0,94,0.5,0,0
2022-07-15 14:16:16,0,0,4.488778,0,0,93.26683,1.745636,0.2493766,0
2022-07-15 14:16:15,0,0,4.738155,0.2493766,0,92.01995,1.995012,0.2493766,0
2022-07-15 14:16:14,0,0,4.25,0.25,0,93.75,1.25,0.25,0
2022-07-15 14:16:13,0,0,4.25,0,0,94,1.5,0,0
2022-07-15 14:16:12,0,0,4.761905,0.2506266,0,92.98246,1.754386,0,0
2022-07-15 14:16:11,0,0,4.773869,0.2512563,0,93.46734,0.7537688,0.2512563,0
2022-07-15 14:16:10,0,0,4.726368,0,0,92.53731,1.99005,0.2487562,0
2022-07-15 14:16:09,0,0,4.010025,0.2506266,0,94.48622,1.0025063,0,0
2022-07-15 14:16:08,0,0,5.012531,0,0,93.48371,1.0025063,0.2506266,0
2022-07-15 14:16:07,0,0,4.511278,0,0,93.98496,1.0025063,0,0
2022-07-15 14:16:06,0,0,5.5,0.5,0,91.75,1.75,0.25,0
2022-07-15 14:16:05,0,0,3.75,0.25,0,93.5,1.25,0.25,0
2022-07-15 14:16:04,0,0,4.79798,0,0,93.43434,1.5151515,0,0
2022-07-15 14:16:03,0,0,4.726368,0.2487562,0,92.78607,1.4925373,0.2487562,0
2022-07-15 14:16:02,0,0,4.477612,0,0,93.78109,1.2437811,0,0.2487562
2022-07-15 14:16:01,0,0,4.282116,0.5037783,0,92.69521,1.763224,0,0
2022-07-15 14:16:00,0,0,5.513784,0,0,89.47368,2.005013,0.2506266,1.5037594
2022-07-15 14:15:59,0,0,3.015075,0,0,95.47739,0.7537688,0.2512563,0
2022-07-15 14:15:58,0,0,4.726368,0.4975124,0,92.53731,1.741294,0.2487562,0
2022-07-15 14:15:57,0,0,4.511278,0,0,93.23308,1.5037594,0,0.2506266
2022-07-15 14:15:56,0,0,4.761905,0.2506266,0,93.48371,1.2531328,0,0
2022-07-15 14:15:55,0,0,5.25,0.25,0,92,1.75,0.25,0
2022-07-15 14:15:54,0,0,5.025126,0,0,92.46231,1.5075377,0,0
2022-07-15 14:15:53,0,0,3.241895,0,0,94.76309,1.2468828,0.2493766,0
2022-07-15 14:15:52,0,0,4.545455,0,0,92.67677,1.767677,0.2525253,0
2022-07-15 14:15:51,0,0,4.511278,0,0,93.73434,1.2531328,0.2506266,0
2022-07-15 14:15:50,0,0,4.488778,0.2493766,0,93.26683,1.4962594,0.2493766,0
2022-07-15 14:15:49,0,0,4.522613,0,0,93.71859,1.5075377,0,0
2022-07-15 14:15:48,0,0,4.738155,0.2493766,0,92.01995,1.745636,0.4987531,0.2493766
2022-07-15 14:15:47,0,0,4.511278,0.2506266,0,92.98246,1.2531328,0,0
2022-07-15 14:15:46,0,0,4.5,0,0,93.25,1.75,0,0
2022-07-15 14:15:45,0,0,4.25,0,0,93.75,1.5,0.25,0
2022-07-15 14:15:44,0,0,4.761905,0.2506266,0,92.98246,1.754386,0,0
2022-07-15 14:15:43,0,0,4.488778,0.2493766,0,93.76559,0.9975062,0.2493766,0
2022-07-15 14:15:42,0,0,4.534005,0,0,93.95466,1.2594458,0,0
2022-07-15 14:15:41,0,0,5.263158,0.2506266,0,91.72932,1.754386,0.2506266,0
2022-07-15 14:15:40,0,0,4.477612,0.2487562,0,94.02985,0.7462687,0,0
2022-07-15 14:15:39,0,0,4.534005,0,0,94.20655,0.7556675,0.2518892,0
2022-07-15 14:15:38,0,0,5.5,0.25,0,91.75,1.25,0,0.75
2022-07-15 14:15:37,0,0,3.5,0,0,93.75,1.25,0.25,0.5
2022-07-15 14:15:36,0,0,4.75,0.25,0,93,1.25,0.25,0
2022-07-15 14:15:35,0,0,4.25,0.25,0,94.25,1.25,0,0
2022-07-15 14:15:34,0,0,4.511278,0.5012531,0,93.48371,0.7518797,0.5012531,0
2022-07-15 14:15:33,0,0,4.522613,0.5025126,0,92.46231,2.01005,0,0
2022-07-15 14:15:32,0,0,6.015038,0.2506266,0,90.22556,1.5037594,0.2506266,1.0025063
2022-07-15 14:15:31,0,0,3.241895,0.2493766,0,94.26434,1.745636,0,0
2022-07-15 14:15:30,0,0,4.75,0.25,0,93.25,1.5,0,0
2022-07-15 14:15:29,0,0,4.239401,0,0,93.76559,1.4962594,0.2493766,0
2022-07-15 14:15:28,0,0,4.726368,0.2487562,0,93.53234,0.9950249,0.2487562,0
2022-07-15 14:15:27,0,0,6.5,0,0,89.75,1.25,0.25,0.75
2022-07-15 14:15:26,0,0,3.5,0.25,0,94.25,1.5,0.25,0
2022-07-15 14:15:25,0,0,3.75,0.25,0,94.75,0.75,0.25,0
2022-07-15 14:15:24,0,0,4.761905,0.2506266,0,92.4812,1.754386,0.2506266,0
2022-07-15 14:15:23,0,0,4.260652,0,0,94.23559,1.0025063,0,0
2022-07-15 14:15:22,0,0,5,0.25,0,92.5,1.5,0.25,0
2022-07-15 14:15:21,0,0,4.738155,0,0,92.76808,1.745636,0.2493766,0
2022-07-15 14:15:20,0,0,4.761905,0.2506266,0,93.23308,1.5037594,0.2506266,0
2022-07-15 14:15:19,0,0,4.522613,0,0,93.46734,1.2562814,0.2512563,0
2022-07-15 14:15:18,0,0,4,0.25,0,94.25,1,0,0
2022-07-15 14:15:17,0,0,4.761905,0.2506266,0,92.98246,1.0025063,0.5012531,0
2022-07-15 14:15:16,0,0,4.511278,0,0,93.73434,1.2531328,0.2506266,0
2022-07-15 14:15:15,0,0,4.25,0.25,0,93.25,1.25,0.25,0
2022-07-15 14:15:14,0,0,4.773869,0,0,93.71859,1.2562814,0,0
2022-07-15 14:15:13,0,0,4.75,0.25,0,93.25,1.25,0.25,0
2022-07-15 14:15:12,0,0,4.239401,0.2493766,0,94.01496,0.7481297,0.2493766,0
2022-07-15 14:15:11,0,0,4.761905,0.2506266,0,93.23308,1.0025063,0.2506266,0
2022-07-15 14:15:10,0,0,5.513784,0,0,92.98246,1.0025063,0.2506266,0
2022-07-15 14:15:09,0,0,3.5,0,0,94.75,0.75,0.25,0
2022-07-15 14:15:08,0,0,4.466501,0,0,93.79653,1.2406948,0.248139,0
2022-07-15 14:15:07,0,0,4.522613,0.2512563,0,93.46734,1.2562814,0,0.2512563
2022-07-15 14:15:06,0,0,5.486284,0.2493766,0,93.01746,0.7481297,0.2493766,0
2022-07-15 14:15:05,0,0,4.5,0.25,0,93.25,1,0.5,0
2022-07-15 14:15:04,0,0,5.735661,0,0,92.5187,1.4962594,0.2493766,0
2022-07-15 14:15:03,0,0,3.482587,0.2487562,0,93.78109,1.4925373,0,0
2022-07-15 14:15:02,0,0,4.5,0.5,0,93.5,1.25,0,0
2022-07-15 14:15:01,0,0,4.511278,0.2506266,0,93.23308,1.5037594,0,0
2022-07-15 14:15:00,0,0,4.761905,0.5012531,0,93.23308,1.2531328,0,0
2022-07-15 14:14:59,0,0,6.25,0.25,0,89.5,2,0.25,0.75
2022-07-15 14:14:58,0,0,3.25,0,0,94.75,1.25,0.25,0
2022-07-15 14:14:57,0,0,4.010025,0.2506266,0,94.73684,0.7518797,0.2506266,0
2022-07-15 14:14:56,0,0,4.5,0.25,0,93.75,1,0,0
2022-07-15 14:14:55,0,0,4.5,0.25,0,93.25,1.75,0,0
2022-07-15 14:14:54,0,0,4.738155,0.4987531,0,92.76808,1.2468828,0.2493766,0
2022-07-15 14:14:53,0,0,4.271357,0,0,94.47236,1.0050251,0,0
2022-07-15 14:14:52,0,0,5,0.25,0,91.5,2.25,0.25,0
2022-07-15 14:14:51,0,0,3.491272,0,0,93.26683,1.2468828,0.4987531,0.2493766
2022-07-15 14:14:50,0,0,4.25,0.25,0,93.75,1,0.25,0
2022-07-15 14:14:49,0,0,4.040404,0,0,94.69697,0.7575758,0,0
2022-07-15 14:14:48,0,0,4.455446,0.2475248,0,92.82178,1.732673,0.4950495,0
2022-07-15 14:14:47,0,0,4.534005,0.2518892,0,93.70277,1.2594458,0,0
2022-07-15 14:14:46,0,0,4.25,0.25,0,93.75,1.25,0,0
2022-07-15 14:14:45,0,0,4.511278,0,0,93.73434,1.754386,0,0
2022-07-15 14:14:44,0,0,4.761905,0,0,92.73183,1.5037594,0,0
2022-07-15 14:14:43,0,0,4.239401,0.2493766,0,94.26434,0.7481297,0.2493766,0
2022-07-15 14:14:42,0,0,5,0.25,0,92,1.5,0.25,0.25
2022-07-15 14:14:41,0,0,3.508772,0.2506266,0,94.48622,1.2531328,0.2506266,0
2022-07-15 14:14:40,0,0,4.522613,0.5025126,0,92.96482,1.0050251,0,0.2512563
2022-07-15 14:14:39,0,0,4.5,0,0,93.75,1.5,0,0
2022-07-15 14:14:38,0,0,4.239401,0.2493766,0,93.51621,1.4962594,0,0
2022-07-15 14:14:37,0,0,4.25,0.25,0,93.25,2,0,0
2022-07-15 14:14:36,0,0,4.75,0.25,0,92,1.5,0.25,0.5
2022-07-15 14:14:35,0,0,3.508772,0,0,94.48622,1.2531328,0,0
2022-07-15 14:14:34,0,0,4.25,0.5,0,93,1.5,0.25,0
2022-07-15 14:14:33,0,0,4.761905,0.2506266,0,93.48371,1.0025063,0,0
2022-07-15 14:14:32,0,0,4.239401,0.2493766,0,94.01496,1.2468828,0.2493766,0
2022-07-15 14:14:31,0,0,6.015038,0,0,90.72682,1.5037594,0.2506266,0.2506266
2022-07-15 14:14:30,0,0,3.241895,0.2493766,0,95.01247,1.2468828,0,0
2022-07-15 14:14:29,0,0,3.5,0.5,0,94.75,0.75,0.25,0
2022-07-15 14:14:28,0,0,4.522613,0,0,94.47236,0.7537688,0,0
2022-07-15 14:14:27,0,0,4.488778,0.2493766,0,93.26683,1.4962594,0.2493766,0
2022-07-15 14:14:26,0,0,4.271357,0.2512563,0,93.21608,1.5075377,0.2512563,0
2022-07-15 14:14:25,0,0,4.477612,0,0,94.02985,0.9950249,0.2487562,0
2022-07-15 14:14:24,0,0,4.785894,0,0,92.69521,1.511335,0,0
2022-07-15 14:14:23,0,0,3.491272,0.4987531,0,94.26434,1.4962594,0,0
2022-07-15 14:14:22,0,0,4.5,0.25,0,93.75,1,0.25,0
2022-07-15 14:14:21,0,0,4.511278,0,0,92.98246,1.5037594,0.2506266,0
2022-07-15 14:14:20,0,0,4.488778,0,0,93.51621,1.4962594,0.2493766,0
2022-07-15 14:14:19,0,0,4.030227,0,0,93.95466,1.763224,0,0
2022-07-15 14:14:18,0,0,4.228856,0.2487562,0,94.02985,1.2437811,0,0
2022-07-15 14:14:17,0,0,4.466501,0.248139,0,93.30025,1.2406948,0,0.248139
2022-07-15 14:14:16,0,0,4.282116,0,0,93.70277,1.511335,0.2518892,0
2022-07-15 14:14:15,0,0,4.488778,0.2493766,0,93.51621,1.2468828,0.2493766,0
2022-07-15 14:14:14,0,0,4.79798,0,0,92.67677,1.010101,0.2525253,0
2022-07-15 14:14:13,0,0,3.731343,0.2487562,0,94.02985,1.4925373,0,0
2022-07-15 14:14:12,0,0,4.010025,0.2506266,0,93.48371,1.5037594,0.2506266,0
2022-07-15 14:14:11,0,0,4.773869,0,0,93.46734,1.0050251,0.2512563,0
2022-07-15 14:14:10,0,0,4.511278,0,0,93.23308,1.5037594,0,0
2022-07-15 14:14:09,0,0,4.25,0,0,94,1,0.25,0.25
2022-07-15 14:14:08,0,0,4.511278,0,0,92.23058,2.005013,0.2506266,0
2022-07-15 14:14:07,0,0,4,0.25,0,94.25,1.25,0,0
2022-07-15 14:14:06,0,0,4.477612,0.2487562,0,93.53234,1.2437811,0.2487562,0
2022-07-15 14:14:05,0,0,5.012531,0.2506266,0,92.98246,1.0025063,0,0
2022-07-15 14:14:04,0,0,4.477612,0.2487562,0,93.78109,0.9950249,0.2487562,0
2022-07-15 14:14:03,0,0,5.289673,0,0,90.93199,2.015113,0,0
2022-07-15 14:14:02,0,0,3.5,0,0,95.25,0.5,0.25,0
2022-07-15 14:14:01,0,0,3.970223,0.248139,0,94.2928,0.9925558,0,0
2022-07-15 14:14:00,0,0,4.773869,0.2512563,0,93.96985,0.5025126,0,0
2022-07-15 14:13:59,0,0,4.228856,0.2487562,0,93.78109,1.4925373,0.2487562,0
2022-07-15 14:13:58,0,0,4.260652,0.2506266,0,93.23308,1.5037594,0.2506266,0
2022-07-15 14:13:57,0,0,4.511278,0.2506266,0,92.4812,2.255639,0,0
2022-07-15 14:13:56,0,0,5.445545,0.2475248,0,91.58416,0.990099,0.2475248,0
2022-07-15 14:13:55,0,0,3.274559,0,0,95.21411,1.0075567,0,0
2022-07-15 14:13:54,0,0,4.488778,0,0,93.76559,0.9975062,0.2493766,0
2022-07-15 14:13:53,0,0,4.738155,0.2493766,0,93.01746,1.2468828,0.2493766,0
2022-07-15 14:13:52,0,0,4,0,0,93.75,1.75,0.25,0
2022-07-15 14:13:51,0,0,4.545455,0.5050505,0,92.67677,1.767677,0,0
2022-07-15 14:13:50,0,0,4.522613,0,0,94.22111,1.0050251,0,0
2022-07-15 14:13:49,0,0,5.223881,0,0,93.03483,1.2437811,0.2487562,0
2022-07-15 14:13:48,0,0,4.25,0.25,0,92.5,2,0.25,0.25
2022-07-15 14:13:47,0,0,4.511278,0,0,93.73434,1.2531328,0,0
2022-07-15 14:13:46,0,0,5,0.25,0,92.25,1.5,0.25,0
2022-07-15 14:13:45,0,0,3.25,0.25,0,95.25,1,0,0
2022-07-15 14:13:44,0,0,4.987531,0,0,93.51621,1.2468828,0,0
2022-07-15 14:13:43,0,0,4.75,0.25,0,93,1.5,0.25,0
2022-07-15 14:13:42,0,0,4.260652,0.5012531,0,93.48371,1.0025063,0.2506266,0
2022-07-15 14:13:41,0,0,4.020101,0,0,94.22111,1.5075377,0,0
2022-07-15 14:13:40,0,0,4.75,0,0,92.5,1.75,0,0
2022-07-15 14:13:39,0,0,4,0,0,94.5,1,0.25,0
2022-07-15 14:13:38,0,0,4,0.5,0,93.5,1.25,0.25,0
2022-07-15 14:13:37,0,0,4.5,0,0,94,1,0.25,0
2022-07-15 14:13:36,0,0,5.970149,0.4975124,0,91.04478,1.741294,0.2487562,0.2487562
2022-07-15 14:13:35,0,0,3.768844,0.2512563,0,92.96482,0.7537688,0,1.2562814
2022-07-15 14:13:34,0,0,3.25,0,0,94,2,0.25,0
2022-07-15 14:13:33,0,0,4.511278,0.2506266,0,93.73434,1.2531328,0,0
2022-07-15 14:13:32,0,0,4.218362,0.248139,0,92.30769,2.233251,0.248139,0.248139
2022-07-15 14:13:31,0,0,4.271357,0,0,94.47236,1.0050251,0,0
2022-07-15 14:13:30,0,0,4.738155,0.4987531,0,93.01746,0.9975062,0.2493766,0
2022-07-15 14:13:29,0,0,4.534005,0.2518892,0,93.45088,1.511335,0,0
2022-07-15 14:13:28,0,0,4.25,0.25,0,92.75,1.5,0.25,0
2022-07-15 14:13:27,0,0,3.491272,0.2493766,0,94.51372,1.4962594,0,0
2022-07-15 14:13:26,0,0,4.030227,0,0,94.45844,1.0075567,0.2518892,0
2022-07-15 14:13:25,0,0,4.260652,0.2506266,0,93.98496,1.0025063,0,0
2022-07-15 14:13:24,0,0,4.239401,0,0,94.26434,0.9975062,0.2493766,0
2022-07-15 14:13:23,0,0,4.738155,0.4987531,0,92.01995,1.995012,0.2493766,0
2022-07-15 14:13:22,0,0,4.030227,0.2518892,0,94.20655,1.2594458,0,0
2022-07-15 14:13:21,0,0,4.5,0,0,93,1.25,0.25,0
2022-07-15 14:13:20,0,0,4.522613,0.5025126,0,93.46734,1.0050251,0.2512563,0
2022-07-15 14:13:19,0,0,4.511278,0,0,93.73434,1.5037594,0,0
2022-07-15 14:13:18,0,0,4.962779,0.248139,0,91.31514,1.985112,0,0.4962779
2022-07-15 14:13:17,0,0,3.508772,0,0,95.2381,0.7518797,0.2506266,0
2022-07-15 14:13:16,0,0,4.522613,0,0,93.71859,1.5075377,0,0
2022-07-15 14:13:15,0,0,4.239401,0.4987531,0,92.76808,1.4962594,0.2493766,0
2022-07-15 14:13:14,0,0,4.25,0,0,93.75,1.25,0.25,0
2022-07-15 14:13:13,0,0,4.545455,0.2525253,0,93.68687,1.2626263,0,0
2022-07-15 14:13:12,0,0,4.5,0.25,0,91,1.75,0.25,1.5
2022-07-15 14:13:11,0,0,3.787879,0.2525253,0,94.44444,0.5050505,0.2525253,0
2022-07-15 14:13:10,0,0,4,0,0,94.25,1.25,0.25,0
2022-07-15 14:13:09,0,0,5,0,0,93.5,0.75,0.25,0
2022-07-15 14:13:08,0,0,6.965174,0,0,88.80597,1.99005,0.2487562,1.741294
2022-07-15 14:13:07,0,0,4.25,0.25,0,89.75,1.5,0.25,3.75
2022-07-15 14:13:06,0,0,1.763224,0,0,97.48111,0.7556675,0,0
2022-07-15 14:13:05,0,0,4.738155,0,0,93.01746,1.4962594,0.2493766,0.2493766
2022-07-15 14:13:04,0,0,4.239401,0.2493766,0,93.76559,1.2468828,0.2493766,0
2022-07-15 14:13:03,0,0,4.271357,0.2512563,0,93.21608,1.2562814,0.2512563,0
2022-07-15 14:13:02,0,0,4.5,0.25,0,93.25,1.5,0.25,0
2022-07-15 14:13:01,0,0,4.534005,0,0,93.70277,1.2594458,0,0
2022-07-15 14:13:00,0,0,3.990025,0.2493766,0,93.51621,1.2468828,0.2493766,0
2022-07-15 14:12:59,0,0,3.990025,0.2493766,0,93.51621,1.995012,0,0
2022-07-15 14:12:58,0,0,4.761905,0.2506266,0,92.73183,1.5037594,0.2506266,0
2022-07-15 14:12:57,0,0,4.010025,0,0,93.73434,2.005013,0,0
2022-07-15 14:12:56,0,0,4.218362,0.248139,0,93.30025,1.4888337,0.248139,0
2022-07-15 14:12:55,0,0,5.037783,0,0,93.70277,1.0075567,0,0
2022-07-15 14:12:54,0,0,4.010025,0.2506266,0,93.73434,1.2531328,0.2506266,0
2022-07-15 14:12:53,0,0,4.239401,0.2493766,0,94.26434,0.9975062,0,0
2022-07-15 14:12:52,0,0,4.511278,0.5012531,0,92.4812,1.754386,0.2506266,0
2022-07-15 14:12:51,0,0,4.260652,0.5012531,0,92.4812,2.005013,0.2506266,0
2022-07-15 14:12:50,0,0,4.71464,0.248139,0,92.30769,1.2406948,0.248139,0.248139
2022-07-15 14:12:49,0,0,3.759398,0,0,95.2381,1.0025063,0,0
2022-07-15 14:12:48,0,0,4.738155,0,0,93.76559,0.9975062,0.2493766,0
2022-07-15 14:12:47,0,0,3.990025,0.2493766,0,93.51621,1.745636,0.2493766,0
2022-07-15 14:12:46,0,0,4.522613,0.2512563,0,93.46734,1.2562814,0.2512563,0
2022-07-15 14:12:45,0,0,4.466501,0.248139,0,93.05211,1.2406948,0,0.248139
2022-07-15 14:12:44,0,0,4.522613,0,0,93.21608,1.2562814,0,0
2022-07-15 14:12:43,0,0,3.759398,0.2506266,0,94.23559,1.2531328,0,0
2022-07-15 14:12:42,0,0,5,0,0,93,1.5,0.25,0
2022-07-15 14:12:41,0,0,4.271357,0,0,92.96482,1.758794,0.2512563,0
2022-07-15 14:12:40,0,0,5.223881,0.2487562,0,92.0398,1.4925373,0.2487562,0
2022-07-15 14:12:39,0,0,3.274559,0.2518892,0,94.96222,1.511335,0,0
2022-07-15 14:12:38,0,0,4.25,0.25,0,94,1,0,0
2022-07-15 14:12:37,0,0,4.218362,0.248139,0,93.54839,1.736973,0,0
2022-07-15 14:12:36,0,0,4.773869,0.2512563,0,93.21608,1.0050251,0.2512563,0
2022-07-15 14:12:35,0,0,4.260652,0.2506266,0,94.23559,0.7518797,0.2506266,0
2022-07-15 14:12:34,0,0,3.990025,0.4987531,0,93.76559,1.4962594,0,0
2022-07-15 14:12:33,0,0,5.527638,0.2512563,0,90.70352,1.5075377,0.2512563,0.2512563
2022-07-15 14:12:32,0,0,3.491272,0.4987531,0,94.51372,0.9975062,0.2493766,0
2022-07-15 14:12:31,0,0,4.020101,0.2512563,0,94.47236,0.7537688,0,0
2022-07-15 14:12:30,0,0,4.511278,0,0,94.23559,0.7518797,0.2506266,0
2022-07-15 14:12:29,0,0,4.726368,0.2487562,0,93.03483,1.4925373,0,0.2487562
2022-07-15 14:12:28,0,0,4.260652,0,0,93.73434,1.0025063,0.2506266,0
2022-07-15 14:12:27,0,0,4.239401,0.2493766,0,93.76559,0.9975062,0.2493766,0
2022-07-15 14:12:26,0,0,4.761905,0.5012531,0,92.98246,1.5037594,0,0
2022-07-15 14:12:25,0,0,4.030227,0,0,93.70277,1.763224,0.2518892,0
2022-07-15 14:12:24,0,0,4.271357,0,0,94.72362,0.7537688,0,0
2022-07-15 14:12:23,0,0,4.239401,0.2493766,0,92.5187,1.745636,0.2493766,0
2022-07-15 14:12:22,0,0,4.522613,0.2512563,0,92.71357,2.01005,0,0.2512563
2022-07-15 14:12:21,0,0,4.010025,0,0,94.23559,1.2531328,0.2506266,0
2022-07-15 14:12:20,0,0,4,0.25,0,90.25,4.5,0.25,0
2022-07-15 14:12:19,0,0,4.75,0.25,0,93.5,1.25,0,0
2022-07-15 14:12:18,0,0,4.511278,0,0,93.48371,1.5037594,0,0
2022-07-15 14:12:17,0,0,4,0,0,94.75,1,0.25,0
2022-07-15 14:12:16,0,0,4.738155,0,0,93.76559,0.9975062,0,0
2022-07-15 14:12:15,0,0,3.5,0.25,0,94.5,1.25,0.25,0
2022-07-15 14:12:14,0,0,3.990025,0,0,94.76309,0.7481297,0.2493766,0
2022-07-15 14:12:13,0,0,4.271357,0.2512563,0,93.96985,1.2562814,0,0
2022-07-15 14:12:12,0,0,5.185185,0.2469136,0,91.35802,1.728395,0.2469136,0.2469136
2022-07-15 14:12:11,0,0,3.517588,0,0,94.72362,0.7537688,0.2512563,0
2022-07-15 14:12:10,0,0,4.260652,0,0,92.98246,2.005013,0.2506266,0
2022-07-15 14:12:09,0,0,4.738155,0.2493766,0,93.51621,0.9975062,0.2493766,0
2022-07-15 14:12:08,0,0,4.271357,0.2512563,0,93.21608,1.758794,0,0
2022-07-15 14:12:07,0,0,3.9801,0.2487562,0,94.02985,0.9950249,0.2487562,0
2022-07-15 14:12:06,0,0,4.738155,0.4987531,0,92.01995,1.745636,0.2493766,0
2022-07-15 14:12:05,0,0,5.75,0.75,0,88.25,2.25,0.5,0.75
2022-07-15 14:12:04,0,0,3.015075,0.2512563,0,95.22613,1.2562814,0,0
2022-07-15 14:12:03,0,0,4.726368,0,0,93.78109,0.9950249,0.2487562,0
2022-07-15 14:12:02,0,0,4.282116,0,0,93.70277,1.2594458,0,0.2518892
2022-07-15 14:12:01,0,0,4.303797,0.2531646,0,94.43038,0.7594937,0,0
2022-07-15 14:12:00,0,0,4.726368,0.2487562,0,92.53731,1.4925373,0.4975124,0
2022-07-15 14:11:59,0,0,4.534005,0.2518892,0,93.70277,1.2594458,0,0
2022-07-15 14:11:58,0,0,4.5,0.25,0,93.5,1.25,0,0
2022-07-15 14:11:57,0,0,4,0.25,0,93,1.25,0.5,0
2022-07-15 14:11:56,0,0,4.726368,0.2487562,0,93.78109,0.9950249,0,0
2022-07-15 14:11:55,0,0,4.975124,0,0,92.53731,1.741294,0,0.2487562
2022-07-15 14:11:54,0,0,3.526448,0,0,94.45844,1.0075567,0,0.7556675
2022-07-15 14:11:53,0,0,4.271357,0.2512563,0,93.21608,1.5075377,0,0
2022-07-15 14:11:52,0,0,4.488778,0.2493766,0,93.01746,1.4962594,0,0
2022-07-15 14:11:51,0,0,4.534005,0,0,93.19899,1.2594458,0.2518892,0.2518892
2022-07-15 14:11:50,0,0,4.5,0.5,0,93,1.25,0.25,0
2022-07-15 14:11:49,0,0,4.987531,0.2493766,0,93.01746,1.2468828,0.2493766,0
2022-07-15 14:11:48,0,0,4.522613,0.2512563,0,92.71357,1.758794,0,0
2022-07-15 14:11:47,0,0,3.241895,0.2493766,0,94.76309,0.9975062,0.2493766,0
2022-07-15 14:11:46,0,0,5.025126,0,0,93.21608,1.5075377,0,0
2022-07-15 14:11:45,0,0,3.990025,0.2493766,0,94.01496,1.2468828,0,0
2022-07-15 14:11:44,0,0,4.761905,0,0,93.48371,1.2531328,0.2506266,0
2022-07-15 14:11:43,0,0,3.759398,0.2506266,0,94.23559,1.0025063,0,0
2022-07-15 14:11:42,0,0,4.466501,0,0,93.79653,1.2406948,0.248139,0
2022-07-15 14:11:41,0,0,4.030227,0,0,93.70277,1.2594458,0.2518892,0
2022-07-15 14:11:40,0,0,4.511278,0,0,93.73434,1.0025063,0.2506266,0
2022-07-15 14:11:39,0,0,4.488778,0.2493766,0,93.76559,0.9975062,0.2493766,0
2022-07-15 14:11:38,0,0,4.260652,0.2506266,0,93.48371,1.2531328,0.2506266,0
2022-07-15 14:11:37,0,0,4.761905,0,0,91.4787,2.005013,0,0.2506266
2022-07-15 14:11:36,0,0,3.9801,0,0,94.02985,1.2437811,0.2487562,0
2022-07-15 14:11:35,0,0,4,0.5,0,93.25,1.25,0.5,0
2022-07-15 14:11:34,0,0,4.292929,0,0,94.19192,1.2626263,0,0
2022-07-15 14:11:33,0,0,4.488778,0.4987531,0,93.26683,1.2468828,0.2493766,0
2022-07-15 14:11:32,0,0,4.5,0,0,93.5,1.25,0.25,0
2022-07-15 14:11:31,0,0,4.010025,0,0,94.23559,1.0025063,0.2506266,0
2022-07-15 14:11:30,0,0,4.466501,0.248139,0,93.54839,0.9925558,0.4962779,0
2022-07-15 14:11:29,0,0,4.75,0.25,0,93.5,1.25,0,0
2022-07-15 14:11:28,0,0,3.75,0.5,0,94.25,1,0.25,0
2022-07-15 14:11:27,0,0,5.513784,0,0,91.22807,1.754386,0,0.5012531
2022-07-15 14:11:26,0,0,3.491272,0.2493766,0,94.26434,1.2468828,0.2493766,0
2022-07-15 14:11:25,0,0,4.522613,0,0,93.46734,1.2562814,0.2512563,0
2022-07-15 14:11:24,0,0,4.228856,0,0,94.02985,1.2437811,0.2487562,0
2022-07-15 14:11:23,0,0,4.260652,0.2506266,0,93.98496,1.0025063,0.2506266,0
2022-07-15 14:11:22,0,0,4.761905,0.2506266,0,93.23308,1.5037594,0,0
2022-07-15 14:11:21,0,0,4.75,0.25,0,92.5,1.25,0.25,0
2022-07-15 14:11:20,0,0,4.738155,0,0,90.52369,1.4962594,0,2.743142
2022-07-15 14:11:19,0,0,3.5,0.25,0,95,1,0.25,0
2022-07-15 14:11:18,0,0,4.010025,0.2506266,0,93.73434,1.0025063,0.2506266,0
2022-07-15 14:11:17,0,0,4.228856,0.2487562,0,94.27861,0.7462687,0.2487562,0
2022-07-15 14:11:16,0,0,4.556962,0,0,92.91139,1.0126582,0.2531646,0
2022-07-15 14:11:15,0,0,4.25,0,0,94.75,0.5,0,0
2022-07-15 14:11:14,0,0,4,0,0,93.75,1.75,0.25,0
2022-07-15 14:11:13,0,0,4.488778,0.2493766,0,93.01746,1.4962594,0.2493766,0
2022-07-15 14:11:12,0,0,4.5,0.25,0,93.75,0.75,0.25,0
2022-07-15 14:11:11,0,0,4.260652,0.2506266,0,93.23308,1.5037594,0,0.2506266
2022-07-15 14:11:10,0,0,4.020101,0,0,93.71859,1.758794,0.2512563,0
2022-07-15 14:11:09,0,0,4.975124,0.2487562,0,91.79104,1.99005,0,0
2022-07-15 14:11:08,0,0,3.5,0.25,0,95,1,0,0
2022-07-15 14:11:07,0,0,4.488778,0,0,93.26683,1.4962594,0.2493766,0
2022-07-15 14:11:06,0,0,4.303797,0,0,93.67089,1.772152,0,0
2022-07-15 14:11:05,0,0,4.938272,0.2469136,0,92.34568,1.4814815,0.4938272,0
2022-07-15 14:11:04,0,0,4.010025,0.5012531,0,93.98496,1.0025063,0.2506266,0
2022-07-15 14:11:03,0,0,4.522613,0.2512563,0,94.22111,1.0050251,0,0
2022-07-15 14:11:02,0,0,4.5,0,0,93.25,1.5,0.25,0
2022-07-15 14:11:01,0,0,4.271357,0.5025126,0,92.96482,1.758794,0,0
2022-07-15 14:11:00,0,0,4.975124,0,0,91.79104,2.238806,0.2487562,0.2487562
2022-07-15 14:10:59,0,0,5.5,0.25,0,90.5,1.5,0,1
2022-07-15 14:10:58,0,0,3.491272,0.2493766,0,94.26434,1.2468828,0.2493766,0
2022-07-15 14:10:57,0,0,4.534005,0.2518892,0,94.45844,0.5037783,0,0
2022-07-15 14:10:56,0,0,4.260652,0,0,93.73434,1.2531328,0.2506266,0
2022-07-15 14:10:55,0,0,4.511278,0.5012531,0,93.23308,1.5037594,0,0
2022-07-15 14:10:54,0,0,4.477612,0.2487562,0,93.03483,1.741294,0.2487562,0
2022-07-15 14:10:53,0,0,4.773869,0,0,93.46734,1.2562814,0,0.2512563
2022-07-15 14:10:52,0,0,5.236908,0.2493766,0,90.77307,1.2468828,0.2493766,1.4962594
2022-07-15 14:10:51,0,0,3.5,0.25,0,94.5,0.75,0.25,0
2022-07-15 14:10:50,0,0,4.040404,0,0,93.93939,1.5151515,0,0
2022-07-15 14:10:49,0,0,4.466501,0.248139,0,92.55583,1.985112,0.4962779,0
2022-07-15 14:10:48,0,0,4.010025,0,0,93.98496,1.2531328,0,0
2022-07-15 14:10:47,0,0,4.5,0,0,93.5,1.75,0,0
2022-07-15 14:10:46,0,0,4.466501,0.248139,0,93.54839,0.9925558,0,0
2022-07-15 14:10:45,0,0,4,0.25,0,93.25,2,0.25,0
2022-07-15 14:10:44,0,0,4.239401,0,0,94.01496,1.2468828,0,0
2022-07-15 14:10:43,0,0,4.522613,0,0,94.47236,0.7537688,0,0
2022-07-15 14:10:42,0,0,4.25,0.5,0,93,1.25,0.5,0
2022-07-15 14:10:41,0,0,4.71464,0.7444169,0,89.33002,1.736973,0.248139,0.9925558
2022-07-15 14:10:40,0,0,3.491272,0,0,94.51372,1.2468828,0.2493766,0
2022-07-15 14:10:39,0,0,4.488778,0.2493766,0,94.01496,0.9975062,0.2493766,0
2022-07-15 14:10:38,0,0,4.282116,0,0,93.70277,1.511335,0.2518892,0
2022-07-15 14:10:37,0,0,4.5,0.5,0,92.5,1.75,0.25,0
2022-07-15 14:10:36,0,0,5.012531,0,0,93.73434,1.0025063,0,0
2022-07-15 14:10:35,0,0,4.726368,0.2487562,0,93.28358,1.4925373,0,0
2022-07-15 14:10:34,0,0,4.239401,0,0,93.26683,1.995012,0.2493766,0
2022-07-15 14:10:33,0,0,4.511278,0,0,92.98246,1.754386,0.2506266,0
2022-07-15 14:10:32,0,0,4.773869,0,0,93.96985,1.0050251,0,0
2022-07-15 14:10:31,0,0,6,0.5,0,90,2,0.25,0.25
2022-07-15 14:10:30,0,0,3.266332,0,0,95.22613,0.7537688,0.5025126,0
2022-07-15 14:10:29,0,0,4.962779,0.4962779,0,91.81141,1.985112,0.248139,0.248139
2022-07-15 14:10:28,0,0,4.511278,0,0,93.73434,1.0025063,0.2506266,0
2022-07-15 14:10:27,0,0,4.534005,0,0,93.45088,1.511335,0,0
2022-07-15 14:10:26,0,0,4.239401,0,0,93.76559,1.2468828,0.2493766,0
2022-07-15 14:10:25,0,0,5.25,0,0,93,1.25,0,0
2022-07-15 14:10:24,0,0,5.012531,0.5012531,0,89.97494,1.754386,0.2506266,1.2531328
2022-07-15 14:10:23,0,0,3.768844,0.2512563,0,94.22111,1.5075377,0.2512563,0
2022-07-15 14:10:22,0,0,3.970223,0.248139,0,94.04467,1.2406948,0,0
2022-07-15 14:10:21,0,0,5.037783,0.2518892,0,92.9471,1.2594458,0.2518892,0
2022-07-15 14:10:20,0,0,4.25,0,0,91,1.5,0.25,2.25
2022-07-15 14:10:19,0,0,4.271357,0.2512563,0,93.21608,1.758794,0.2512563,0
2022-07-15 14:10:18,0,0,4.5,0.25,0,94.25,0.5,0.25,0
2022-07-15 14:10:17,0,0,4.511278,0,0,93.48371,1.754386,0,0
2022-07-15 14:10:16,0,0,4.25,0.25,0,94.5,0.75,0.25,0
2022-07-15 14:10:15,0,0,4.975124,0.2487562,0,91.29353,1.99005,0.2487562,0
2022-07-15 14:10:14,0,0,4.5,0.25,0,93.25,1.75,0,0
2022-07-15 14:10:13,0,0,4.975124,0,0,92.53731,1.2437811,0,0.2487562
2022-07-15 14:10:12,0,0,3.491272,0.2493766,0,93.76559,1.4962594,0.2493766,0
2022-07-15 14:10:11,0,0,5.263158,0.2506266,0,91.97995,1.754386,0,0.2506266
2022-07-15 14:10:10,0,0,4.5,0,0,93.75,1.5,0.25,0
2022-07-15 14:10:09,0,0,4.522613,0.2512563,0,93.46734,1.2562814,0,0
2022-07-15 14:10:08,0,0,4.987531,0.2493766,0,92.5187,1.4962594,0.2493766,0
2022-07-15 14:10:07,0,0,4.761905,0.2506266,0,93.48371,1.0025063,0.2506266,0
2022-07-15 14:10:06,0,0,3.990025,0.2493766,0,94.01496,1.2468828,0.2493766,0
2022-07-15 14:10:05,0,0,5.5,0,0,92.75,1.25,0.25,0
2022-07-15 14:10:04,0,0,4.761905,0.2506266,0,92.73183,1.5037594,0.2506266,0
2022-07-15 14:10:03,0,0,4.962779,0.248139,0,92.80397,1.2406948,0.248139,0
2022-07-15 14:10:02,0,0,3.508772,0.5012531,0,94.48622,1.0025063,0.2506266,0
2022-07-15 14:10:01,0,0,5.012531,0.2506266,0,92.23058,1.5037594,0.5012531,0
2022-07-15 14:10:00,0,0,4.545455,0.2525253,0,93.18182,1.5151515,0.2525253,0
2022-07-15 14:09:59,0,0,4.488778,0.2493766,0,93.51621,1.2468828,0.2493766,0
2022-07-15 14:09:58,0,0,4.488778,0,0,93.01746,1.4962594,0.2493766,0
2022-07-15 14:09:57,0,0,5.276382,0.2512563,0,92.21106,1.758794,0,0
2022-07-15 14:09:56,0,0,5,0.5,0,90.5,1.5,0.25,0.5
2022-07-15 14:09:55,0,0,3.5,0.25,0,94.5,1.25,0,0
2022-07-15 14:09:54,0,0,4.271357,0,0,94.22111,1.2562814,0,0
2022-07-15 14:09:53,0,0,5.012531,0.2506266,0,92.73183,1.5037594,0,0
2022-07-15 14:09:52,0,0,4.260652,0.2506266,0,92.98246,1.5037594,0.2506266,0
2022-07-15 14:09:51,0,0,4.25,0,0,93.75,1.5,0.25,0
2022-07-15 14:09:50,0,0,5,0.25,0,92.75,1.5,0.25,0
2022-07-15 14:09:49,0,0,4.466501,0.248139,0,93.30025,1.4888337,0,0
2022-07-15 14:09:48,0,0,4.761905,0,0,93.23308,1.5037594,0,0
2022-07-15 14:09:47,0,0,4.773869,0,0,92.21106,2.01005,0.7537688,0
2022-07-15 14:09:46,0,0,4.726368,0.2487562,0,92.28856,1.4925373,0.4975124,0
2022-07-15 14:09:45,0,0,4.260652,0,0,90.97744,1.754386,0,2.255639
2022-07-15 14:09:44,0,0,4.522613,0.2512563,0,92.71357,2.01005,0.2512563,0
2022-07-15 14:09:43,0,0,5,0.25,0,93,1.5,0,0
2022-07-15 14:09:42,0,0,4.75,0,0,93.5,1.25,0.25,0
2022-07-15 14:09:41,0,0,4.5,0.25,0,93,1.25,0,0
2022-07-15 14:09:40,0,0,4.522613,0.2512563,0,93.46734,1.2562814,0,0
2022-07-15 14:09:39,0,0,4.987531,0.2493766,0,92.5187,1.745636,0.2493766,0
2022-07-15 14:09:38,0,0,4.534005,0.2518892,0,93.95466,1.0075567,0,0
2022-07-15 14:09:37,0,0,4.5,0,0,93.75,1,0.25,0.25
2022-07-15 14:09:36,0,0,4.488778,0.4987531,0,92.76808,1.745636,0,0
2022-07-15 14:09:35,0,0,5.223881,0,0,91.79104,1.741294,0.2487562,0
2022-07-15 14:09:34,0,0,3.787879,0,0,94.44444,1.5151515,0,0
2022-07-15 14:09:33,0,0,4.511278,0.2506266,0,93.48371,1.2531328,0.2506266,0
2022-07-15 14:09:32,0,0,4.726368,0.4975124,0,92.0398,1.99005,0,0
2022-07-15 14:09:31,0,0,4.488778,0.2493766,0,93.01746,1.2468828,0.2493766,0
2022-07-15 14:09:30,0,0,4.488778,0.2493766,0,93.26683,1.4962594,0.2493766,0
2022-07-15 14:09:29,0,0,4.522613,0.2512563,0,92.71357,1.758794,0,0
2022-07-15 14:09:28,0,0,5.472637,0.2487562,0,92.28856,0.9950249,0.2487562,0.4975124
2022-07-15 14:09:27,0,0,3.508772,0,0,94.98747,1.0025063,0.2506266,0
2022-07-15 14:09:26,0,0,4.260652,0,0,93.98496,1.0025063,0.2506266,0
2022-07-15 14:09:25,0,0,4.761905,0,0,93.23308,1.5037594,0,0
2022-07-15 14:09:24,0,0,4.488778,0.4987531,0,91.5212,1.745636,0.2493766,0.9975062
2022-07-15 14:09:23,0,0,4.271357,0,0,94.47236,1.0050251,0,0
2022-07-15 14:09:22,0,0,5.223881,0.2487562,0,92.78607,0.9950249,0.2487562,0
2022-07-15 14:09:21,0,0,4.010025,0.2506266,0,93.73434,1.5037594,0,0
2022-07-15 14:09:20,0,0,4.5,0,0,93.75,1,0.5,0
2022-07-15 14:09:19,0,0,4.987531,0,0,93.51621,1.2468828,0,0
2022-07-15 14:09:18,0,0,4.5,0.25,0,93,1.25,0.25,0
2022-07-15 14:09:17,0,0,4.534005,0,0,92.9471,1.511335,0,0
2022-07-15 14:09:16,0,0,4.228856,0.4975124,0,93.78109,0.9950249,0.2487562,0
2022-07-15 14:09:15,0,0,4.522613,0,0,93.46734,1.2562814,0.2512563,0
2022-07-15 14:09:14,0,0,4.761905,0.2506266,0,93.23308,1.5037594,0,0
2022-07-15 14:09:13,0,0,4.75,0,0,93.5,1.25,0.25,0
2022-07-15 14:09:12,0,0,4.5,0.25,0,92.75,1.75,0.25,0
2022-07-15 14:09:11,0,0,4.488778,0,0,93.51621,1.4962594,0.2493766,0
2022-07-15 14:09:10,0,0,4.5,0,0,93.75,1,0.25,0.25
2022-07-15 14:09:09,0,0,4.761905,0,0,93.48371,1.2531328,0.2506266,0
2022-07-15 14:09:08,0,0,4.522613,0,0,93.96985,1.0050251,0,0
2022-07-15 14:09:07,0,0,5,0.5,0,92.25,1,0,0.5
2022-07-15 14:09:06,0,0,3.9801,0,0,94.02985,0.9950249,0.4975124,0
2022-07-15 14:09:05,0,0,5.555556,0,0,92.17172,1.767677,0,0
2022-07-15 14:09:04,0,0,4.738155,0.2493766,0,92.5187,1.745636,0.2493766,0
2022-07-15 14:09:03,0,0,4.260652,0,0,93.73434,1.5037594,0.2506266,0
2022-07-15 14:09:02,0,0,5.223881,0.2487562,0,92.53731,0.9950249,0.4975124,0
2022-07-15 14:09:01,0,0,4.773869,0,0,92.71357,1.5075377,0.2512563,0
2022-07-15 14:09:00,0,0,5.25,0.25,0,92,1.75,0,0
2022-07-15 14:08:59,0,0,3.241895,0,0,95.01247,1.4962594,0,0
2022-07-15 14:08:58,0,0,4.522613,0.2512563,0,93.96985,0.7537688,0.2512563,0
2022-07-15 14:08:57,0,0,4.511278,0.2506266,0,93.98496,1.0025063,0,0
2022-07-15 14:08:56,0,0,4.987531,0.2493766,0,92.01995,1.4962594,0,0.2493766
2022-07-15 14:08:55,0,0,3.740648,0,0,94.01496,1.2468828,0.4987531,0
2022-07-15 14:08:54,0,0,5.025126,0.2512563,0,93.71859,0.7537688,0,0
2022-07-15 14:08:53,0,0,4.239401,0,0,93.51621,1.2468828,0.4987531,0
2022-07-15 14:08:52,0,0,4.75,0,0,94,0.75,0,0
2022-07-15 14:08:51,0,0,4.522613,0,0,93.46734,1.2562814,0.2512563,0
2022-07-15 14:08:50,0,0,5.527638,0,0,92.96482,1.0050251,0.2512563,0
2022-07-15 14:08:49,0,0,3.02267,0,0,94.71033,1.2594458,0,0
2022-07-15 14:08:48,0,0,5.012531,0.2506266,0,92.4812,1.2531328,0.2506266,0
2022-07-15 14:08:47,0,0,4.477612,0.2487562,0,93.28358,1.4925373,0,0
2022-07-15 14:08:46,0,0,4.726368,0,0,93.28358,1.2437811,0.4975124,0
2022-07-15 14:08:45,0,0,4.522613,0,0,93.21608,1.5075377,0.2512563,0.2512563
2022-07-15 14:08:44,0,0,4.761905,0.2506266,0,93.48371,1.2531328,0,0
2022-07-15 14:08:43,0,0,4.25,0.25,0,94,1.25,0,0
2022-07-15 14:08:42,0,0,4.761905,0.2506266,0,92.98246,1.2531328,0.2506266,0
2022-07-15 14:08:41,0,0,4.522613,0.2512563,0,93.21608,1.2562814,0.2512563,0
2022-07-15 14:08:40,0,0,4.761905,0.2506266,0,93.73434,0.7518797,0,0
2022-07-15 14:08:39,0,0,4.511278,0,0,92.23058,1.2531328,0.2506266,1.2531328
2022-07-15 14:08:38,0,0,4.522613,0.2512563,0,93.46734,1.2562814,0.2512563,0
2022-07-15 14:08:37,0,0,4.488778,0.2493766,0,92.76808,1.745636,0,0
2022-07-15 14:08:36,0,0,4.738155,0.2493766,0,93.51621,0.9975062,0.2493766,0
2022-07-15 14:08:35,0,0,4.271357,0,0,94.22111,1.2562814,0,0
2022-07-15 14:08:34,0,0,5.012531,0,0,93.23308,1.5037594,0.2506266,0
2022-07-15 14:08:33,0,0,6.297229,0.2518892,0,90.93199,1.763224,0,0
2022-07-15 14:08:32,0,0,3.759398,0.2506266,0,93.23308,1.2531328,0,0.5012531
2022-07-15 14:08:31,0,0,3.5,0.25,0,94.5,1,0.25,0
2022-07-15 14:08:30,0,0,4.738155,0,0,93.01746,1.745636,0,0
2022-07-15 14:08:29,0,0,4,0,0,93.75,1.5,0,0.25
2022-07-15 14:08:28,0,0,5.459057,0.4962779,0,91.067,1.4888337,0.248139,0.248139
2022-07-15 14:08:27,0,0,3.768844,0.2512563,0,94.47236,1.0050251,0.2512563,0
2022-07-15 14:08:26,0,0,4.228856,0.2487562,0,93.28358,1.4925373,0.4975124,0
2022-07-15 14:08:25,0,0,4.25,0,0,94.75,0.75,0,0
2022-07-15 14:08:24,0,0,5.223881,0.2487562,0,91.79104,1.2437811,0.4975124,0
2022-07-15 14:08:23,0,0,4.271357,0,0,94.97487,0.7537688,0,0
2022-07-15 14:08:22,0,0,5.276382,0,0,92.96482,1.2562814,0.2512563,0
2022-07-15 14:08:21,0,0,3.778338,0,0,93.45088,1.0075567,0,1.0075567
2022-07-15 14:08:20,0,0,4.5,0.25,0,93.5,1.25,0.25,0
2022-07-15 14:08:19,0,0,4.488778,0.2493766,0,93.76559,0.9975062,0.2493766,0
2022-07-15 14:08:18,0,0,4.5,0,0,93.75,1.25,0.25,0
2022-07-15 14:08:17,0,0,4.738155,0,0,93.26683,0.9975062,0.4987531,0
2022-07-15 14:08:16,0,0,4.79798,0.2525253,0,93.43434,1.2626263,0.2525253,0
2022-07-15 14:08:15,0,0,4.282116,0,0,94.45844,1.0075567,0,0
2022-07-15 14:08:14,0,0,4.738155,0.4987531,0,93.01746,0.9975062,0.2493766,0
2022-07-15 14:08:13,0,0,4.726368,0,0,93.53234,0.9950249,0.2487562,0
2022-07-15 14:08:12,0,0,4.773869,0.2512563,0,92.96482,1.758794,0,0
2022-07-15 14:08:11,0,0,4.761905,0.2506266,0,93.23308,1.0025063,0.2506266,0.2506266
2022-07-15 14:08:10,0,0,3.5,0,0,94.75,1,0.25,0
2022-07-15 14:08:09,0,0,4.75,0.25,0,93,1.25,0,0
2022-07-15 14:08:08,0,0,4.239401,0.2493766,0,94.01496,0.9975062,0.2493766,0
2022-07-15 14:08:07,0,0,4.282116,0,0,93.45088,1.2594458,0.2518892,0
2022-07-15 14:08:06,0,0,5.012531,0,0,93.23308,1.0025063,0,0
2022-07-15 14:08:05,0,0,6.483791,0.2493766,0,90.02494,1.995012,0.2493766,0
2022-07-15 14:08:04,0,0,3.258145,0.2506266,0,94.73684,1.2531328,0.2506266,0
2022-07-15 14:08:03,0,0,3.768844,0,0,94.97487,0.5025126,0.5025126,0
2022-07-15 14:08:02,0,0,5.025126,0.2512563,0,92.96482,1.2562814,0.2512563,0
2022-07-15 14:08:01,0,0,4.25,0,0,93.75,1.25,0,0.25
2022-07-15 14:08:00,0,0,4.726368,0.2487562,0,93.03483,1.2437811,0.2487562,0
2022-07-15 14:07:59,0,0,4.282116,0,0,94.71033,0.7556675,0,0
2022-07-15 14:07:58,0,0,4.477612,0,0,93.03483,1.741294,0.2487562,0
2022-07-15 14:07:57,0,0,4,0,0,93.75,1.5,0.25,0
2022-07-15 14:07:56,0,0,5.012531,0,0,92.98246,1.754386,0,0
2022-07-15 14:07:55,0,0,4.466501,0.4962779,0,93.05211,1.4888337,0.248139,0
2022-07-15 14:07:54,0,0,5,0.25,0,92,1.5,0.25,0
2022-07-15 14:07:53,0,0,4.010025,0,0,92.73183,1.2531328,0,0.5012531
2022-07-15 14:07:52,0,0,4.010025,0.2506266,0,93.48371,1.5037594,0.2506266,0
2022-07-15 14:07:51,0,0,4.773869,0,0,93.96985,1.0050251,0,0
2022-07-15 14:07:50,0,0,4.511278,0.2506266,0,93.73434,0.7518797,0.2506266,0
2022-07-15 14:07:49,0,0,4.738155,0.2493766,0,92.76808,1.995012,0.2493766,0
2022-07-15 14:07:48,0,0,4.511278,0.2506266,0,93.73434,1.0025063,0,0
2022-07-15 14:07:47,0,0,4.522613,0,0,93.96985,1.5075377,0,0
2022-07-15 14:07:46,0,0,4.726368,0.2487562,0,93.53234,0.7462687,0.2487562,0.2487562
2022-07-15 14:07:45,0,0,4.5,0,0,93.75,1.25,0.25,0
2022-07-15 14:07:44,0,0,4.75,0.25,0,92.75,1.25,0.25,0
2022-07-15 14:07:43,0,0,5.486284,0.2493766,0,91.5212,1.995012,0,0
2022-07-15 14:07:42,0,0,3.526448,0.2518892,0,94.71033,1.2594458,0,0
2022-07-15 14:07:41,0,0,4.260652,0,0,93.48371,1.0025063,0.5012531,0
2022-07-15 14:07:40,0,0,4.511278,0,0,94.23559,1.0025063,0,0
2022-07-15 14:07:39,0,0,4.25,0.25,0,93.75,1.25,0.25,0
2022-07-15 14:07:38,0,0,4.761905,0,0,93.23308,1.0025063,0.5012531,0
2022-07-15 14:07:37,0,0,6.015038,0.2506266,0,89.72431,2.005013,0,1.0025063
2022-07-15 14:07:36,0,0,3.731343,0,0,95.02488,0.7462687,0.2487562,0
2022-07-15 14:07:35,0,0,3.517588,0,0,94.97487,1.2562814,0,0
2022-07-15 14:07:34,0,0,4.726368,0,0,93.28358,1.2437811,0.2487562,0.2487562
2022-07-15 14:07:33,0,0,5.486284,0.2493766,0,92.26933,1.4962594,0.2493766,0
2022-07-15 14:07:32,0,0,3.768844,0.2512563,0,92.96482,1.2562814,0.2512563,0.2512563
2022-07-15 14:07:31,0,0,4.282116,0.2518892,0,94.20655,1.0075567,0,0
2022-07-15 14:07:30,0,0,4.726368,0.2487562,0,92.53731,1.741294,0.4975124,0
2022-07-15 14:07:29,0,0,4.260652,0.2506266,0,94.23559,0.7518797,0,0
2022-07-15 14:07:28,0,0,4.738155,0,0,93.51621,1.745636,0,0
2022-07-15 14:07:27,0,0,4.773869,0,0,92.96482,1.2562814,0.2512563,0
2022-07-15 14:07:26,0,0,6.467662,0.2487562,0,90.04975,1.99005,0.2487562,0.2487562
2022-07-15 14:07:25,0,0,3.02267,0,0,96.22166,0.5037783,0,0
2022-07-15 14:07:24,0,0,4.25,0,0,93.75,1.5,0.25,0
2022-07-15 14:07:23,0,0,4.726368,0,0,93.53234,0.9950249,0.2487562,0
2022-07-15 14:07:22,0,0,4.477612,0.4975124,0,93.53234,0.9950249,0,0
2022-07-15 14:07:21,0,0,4.545455,0.2525253,0,92.67677,1.010101,0.2525253,0
2022-07-15 14:07:20,0,0,5.037783,0.2518892,0,93.19899,1.2594458,0,0
2022-07-15 14:07:19,0,0,4.488778,0,0,94.01496,0.9975062,0.2493766,0
2022-07-15 14:07:18,0,0,4.5,0.25,0,93.5,1.25,0,0
2022-07-15 14:07:17,0,0,4.987531,0.2493766,0,93.01746,1.4962594,0,0
2022-07-15 14:07:16,0,0,5.263158,0,0,93.73434,0.5012531,0.2506266,0
2022-07-15 14:07:15,0,0,4.228856,0.2487562,0,93.53234,0.9950249,0,0.2487562
2022-07-15 14:07:14,0,0,3.5,0,0,95,1,0,0.25
2022-07-15 14:07:13,0,0,4.75,0.25,0,92.75,1.5,0.25,0
2022-07-15 14:07:12,0,0,5,0,0,93.5,1,0.25,0
2022-07-15 14:07:11,0,0,4.511278,0,0,93.98496,1.2531328,0,0
2022-07-15 14:07:10,0,0,4.738155,0.2493766,0,93.01746,0.9975062,0.2493766,0
2022-07-15 14:07:09,0,0,5.793451,0,0,90.42821,1.763224,0.5037783,0.7556675
2022-07-15 14:07:08,0,0,3.482587,0.2487562,0,95.02488,0.7462687,0,0
2022-07-15 14:07:07,0,0,3.768844,0.2512563,0,94.22111,1.5075377,0.2512563,0
2022-07-15 14:07:06,0,0,4.522613,0,0,92.96482,1.5075377,0.2512563,0.2512563
2022-07-15 14:07:05,0,0,5.764411,0.2506266,0,91.97995,1.2531328,0,0
2022-07-15 14:07:04,0,0,3.75,0,0,93.75,1.5,0.5,0
2022-07-15 14:07:03,0,0,4.75,0,0,92.75,1.5,0.25,0
2022-07-15 14:07:02,0,0,4.25,0.25,0,94,1,0.25,0
2022-07-15 14:07:01,0,0,4.522613,0,0,93.46734,1.5075377,0,0
2022-07-15 14:07:00,0,0,4.5,0,0,94,1,0.25,0
2022-07-15 14:06:59,0,0,4.950495,0.2475248,0,93.31683,0.990099,0,0
2022-07-15 14:06:58,0,0,5.793451,0.5037783,0,91.18388,1.2594458,0.2518892,0.2518892
2022-07-15 14:06:57,0,0,3.5,0.25,0,94.75,0.75,0.25,0
2022-07-15 14:06:56,0,0,3.740648,0,0,94.51372,0.9975062,0.2493766,0
2022-07-15 14:06:55,0,0,4.785894,0.2518892,0,92.9471,1.763224,0,0
2022-07-15 14:06:54,0,0,4.260652,0.2506266,0,94.73684,0.5012531,0,0
2022-07-15 14:06:53,0,0,4.975124,0,0,92.78607,1.741294,0,0
2022-07-15 14:06:52,0,0,4.260652,0,0,94.23559,1.0025063,0.2506266,0
2022-07-15 14:06:51,0,0,4.511278,0,0,92.4812,1.754386,0.2506266,0
2022-07-15 14:06:50,0,0,4.738155,0.2493766,0,93.26683,1.4962594,0,0
2022-07-15 14:06:49,0,0,4.761905,0,0,93.23308,1.5037594,0.2506266,0
2022-07-15 14:06:48,0,0,5.486284,0.2493766,0,92.5187,1.2468828,0.2493766,0
2022-07-15 14:06:47,0,0,4.726368,0.2487562,0,90.54726,1.741294,0.2487562,1.4925373
2022-07-15 14:06:46,0,0,3.258145,0.2506266,0,95.2381,0.7518797,0.2506266,0
2022-07-15 14:06:45,0,0,4.738155,0,0,93.01746,1.995012,0,0
2022-07-15 14:06:44,0,0,4.292929,0.2525253,0,94.44444,0.7575758,0,0
2022-07-15 14:06:43,0,0,4.511278,0,0,93.98496,1.2531328,0,0
2022-07-15 14:06:42,0,0,4.5,0.25,0,92.5,1.75,0.25,0
2022-07-15 14:06:41,0,0,6.25,0.5,0,91,1.25,0.25,0
2022-07-15 14:06:40,0,0,3.517588,0,0,95.22613,1.0050251,0,0
2022-07-15 14:06:39,0,0,4.010025,0,0,94.23559,1.0025063,0.2506266,0
2022-07-15 14:06:38,0,0,4.239401,0.2493766,0,93.26683,1.2468828,0.2493766,0
2022-07-15 14:06:37,0,0,5.236908,0.2493766,0,90.27431,1.995012,0.2493766,0.7481297
2022-07-15 14:06:36,0,0,3.740648,0,0,94.76309,0.4987531,0.4987531,0
2022-07-15 14:06:35,0,0,4.5,0.25,0,93.5,1.25,0,0
2022-07-15 14:06:34,0,0,4,0.25,0,94,1.25,0.25,0
2022-07-15 14:06:33,0,0,4.785894,0,0,93.95466,1.0075567,0,0
2022-07-15 14:06:32,0,0,4.5,0,0,93.25,1.5,0.25,0
2022-07-15 14:06:31,0,0,4.511278,0.2506266,0,92.23058,1.5037594,0.2506266,0
2022-07-15 14:06:30,0,0,5.764411,0,0,90.97744,1.754386,0.2506266,0.2506266
2022-07-15 14:06:29,0,0,3.517588,0,0,94.72362,1.2562814,0.2512563,0
2022-07-15 14:06:28,0,0,3.990025,0,0,93.76559,1.4962594,0.4987531,0
2022-07-15 14:06:27,0,0,4.738155,0.4987531,0,92.76808,1.4962594,0.2493766,0
2022-07-15 14:06:26,0,0,4.534005,0,0,94.45844,0.7556675,0,0
2022-07-15 14:06:25,0,0,4.773869,0,0,93.46734,1.0050251,0,0
2022-07-15 14:06:24,0,0,4.25,0.25,0,93.75,1.5,0,0
2022-07-15 14:06:23,0,0,4.738155,0.4987531,0,92.76808,1.2468828,0.2493766,0
2022-07-15 14:06:22,0,0,4.488778,0.2493766,0,93.76559,0.9975062,0,0
2022-07-15 14:06:21,0,0,5.012531,0,0,92.73183,1.754386,0,0
2022-07-15 14:06:20,0,0,5.289673,0,0,92.69521,1.763224,0,0
2022-07-15 14:06:19,0,0,4.477612,0.2487562,0,92.53731,1.4925373,0,0.2487562
2022-07-15 14:06:18,0,0,3.5,0.25,0,94.25,1,0.25,0
2022-07-15 14:06:17,0,0,4.477612,0,0,93.53234,1.2437811,0.2487562,0
2022-07-15 14:06:16,0,0,4.511278,0.2506266,0,93.23308,1.2531328,0.5012531,0
2022-07-15 14:06:15,0,0,4.987531,0.2493766,0,93.26683,0.9975062,0,0
2022-07-15 14:06:14,0,0,4.511278,0,0,93.73434,1.2531328,0.2506266,0
2022-07-15 14:06:13,0,0,5.735661,0.4987531,0,91.27182,1.2468828,0,0.4987531
2022-07-15 14:06:12,0,0,3.508772,0,0,95.73935,0.5012531,0.2506266,0
2022-07-15 14:06:11,0,0,4.25,0,0,94.5,0.5,0.25,0
2022-07-15 14:06:10,0,0,3.970223,0.248139,0,94.04467,0.9925558,0.248139,0
2022-07-15 14:06:09,0,0,6.030151,0,0,90.20101,1.5075377,0.2512563,0.7537688
2022-07-15 14:06:08,0,0,8.229426,0.2493766,0,88.52868,1.995012,0,0.7481297
2022-07-15 14:06:07,0,0,1.995012,0,0,95.51122,1.4962594,0.2493766,0.4987531
2022-07-15 14:06:06,0,0,3.768844,0.2512563,0,94.47236,1.0050251,0.2512563,0.2512563
2022-07-15 14:06:05,0,0,4.962779,0.248139,0,93.05211,0.7444169,0.248139,0.248139
2022-07-15 14:06:04,0,0,4.773869,0,0,93.46734,1.5075377,0,0
2022-07-15 14:06:03,0,0,4.25,0.25,0,93,1.5,0.5,0
2022-07-15 14:06:02,0,0,5.486284,0.2493766,0,92.26933,1.4962594,0.2493766,0
2022-07-15 14:06:01,0,0,3.759398,0.2506266,0,91.97995,1.5037594,0,1.5037594
2022-07-15 14:06:00,0,0,4.010025,0.2506266,0,93.98496,1.2531328,0.2506266,0
2022-07-15 14:05:59,0,0,4.522613,0.2512563,0,92.96482,1.2562814,0.2512563,0
2022-07-15 14:05:58,0,0,4.738155,0,0,93.51621,1.2468828,0,0
2022-07-15 14:05:57,0,0,4.726368,0,0,93.53234,1.2437811,0.2487562,0
2022-07-15 14:05:56,0,0,4.282116,0.2518892,0,93.45088,1.2594458,0.2518892,0
2022-07-15 14:05:55,0,0,4.738155,0,0,93.51621,1.2468828,0,0
2022-07-15 14:05:54,0,0,4.511278,0.2506266,0,92.98246,1.5037594,0.2506266,0
2022-07-15 14:05:53,0,0,4.5,0.25,0,93.25,1.25,0.25,0
2022-07-15 14:05:52,0,0,4.987531,0,0,91.5212,0.9975062,0.2493766,1.745636
2022-07-15 14:05:51,0,0,3.517588,0,0,92.96482,1.2562814,0.2512563,1.0050251
2022-07-15 14:05:50,0,0,4.260652,0,0,93.98496,1.5037594,0,0
2022-07-15 14:05:49,0,0,4.738155,0.2493766,0,92.01995,1.995012,0.2493766,0
2022-07-15 14:05:48,0,0,4.271357,0,0,94.47236,1.0050251,0,0
2022-07-15 14:05:47,0,0,4.5,0.25,0,94.25,1,0,0
2022-07-15 14:05:46,0,0,4.975124,0,0,93.28358,0.9950249,0.2487562,0
2022-07-15 14:05:45,0,0,5.025126,0.2512563,0,91.70854,1.5075377,0.2512563,0
2022-07-15 14:05:44,0,0,3.508772,0.2506266,0,94.73684,1.2531328,0,0
2022-07-15 14:05:43,0,0,4.962779,0.4962779,0,92.30769,1.4888337,0.248139,0
2022-07-15 14:05:42,0,0,4.773869,0,0,93.21608,1.5075377,0,0
2022-07-15 14:05:41,0,0,4.534005,0.2518892,0,93.19899,1.2594458,0,0
2022-07-15 14:05:40,0,0,3.960396,0.2475248,0,93.56436,1.4851485,0.2475248,0
2022-07-15 14:05:39,0,0,5,0.25,0,92.25,1.5,0.5,0
2022-07-15 14:05:38,0,0,4.25,0,0,94,1.25,0.25,0
2022-07-15 14:05:37,0,0,4.5,0.25,0,93.25,1.5,0,0
2022-07-15 14:05:36,0,0,4.726368,0,0,93.03483,1.4925373,0.2487562,0
2022-07-15 14:05:35,0,0,4.511278,0.2506266,0,92.98246,2.005013,0,0
2022-07-15 14:05:34,0,0,5,0.5,0,92.75,1.5,0,0
2022-07-15 14:05:33,0,0,4,0.25,0,91.75,1.25,0.25,1
2022-07-15 14:05:32,0,0,4.5,0,0,93.5,1.5,0.25,0
2022-07-15 14:05:31,0,0,4.773869,0,0,92.46231,1.5075377,0.2512563,0
2022-07-15 14:05:30,0,0,5.486284,0,0,92.01995,1.745636,0.2493766,0.2493766
2022-07-15 14:05:29,0,0,4.5,0.25,0,93.25,1.75,0,0
2022-07-15 14:05:28,0,0,4.260652,0,0,94.23559,1.2531328,0,0
2022-07-15 14:05:27,0,0,4.738155,0,0,93.51621,1.4962594,0,0
2022-07-15 14:05:26,0,0,4.5,0.5,0,93.25,1.25,0,0
2022-07-15 14:05:25,0,0,4.488778,0,0,92.76808,1.4962594,0.2493766,0
2022-07-15 14:05:24,0,0,5.037783,0.2518892,0,92.44332,1.2594458,0,0.2518892
2022-07-15 14:05:23,0,0,4.010025,0.2506266,0,93.73434,1.2531328,0.2506266,0
2022-07-15 14:05:22,0,0,4.545455,0,0,93.68687,1.2626263,0.2525253,0
2022-07-15 14:05:21,0,0,4.040404,0.5050505,0,93.18182,1.2626263,0.2525253,0
2022-07-15 14:05:20,0,0,4.987531,0.2493766,0,91.77057,2.244389,0.2493766,0
2022-07-15 14:05:19,0,0,4.975124,0.2487562,0,92.53731,1.4925373,0.4975124,0
2022-07-15 14:05:18,0,0,4.271357,0.2512563,0,93.71859,1.2562814,0,0
2022-07-15 14:05:17,0,0,4.761905,0.2506266,0,93.73434,0.5012531,0.2506266,0
2022-07-15 14:05:16,0,0,4.271357,0.2512563,0,92.71357,1.5075377,0.5025126,0
2022-07-15 14:05:15,0,0,4.477612,0.2487562,0,93.28358,1.4925373,0.2487562,0
2022-07-15 14:05:14,0,0,4.030227,0.2518892,0,93.95466,1.511335,0,0
2022-07-15 14:05:13,0,0,5.223881,0.2487562,0,91.79104,1.2437811,0.4975124,0.2487562
2022-07-15 14:05:12,0,0,3.970223,0,0,94.2928,0.9925558,0.248139,0
2022-07-15 14:05:11,0,0,3.266332,0.5025126,0,94.72362,1.0050251,0.2512563,0
2022-07-15 14:05:10,0,0,3.787879,0.2525253,0,93.43434,1.767677,0,0
2022-07-15 14:05:09,0,0,3.759398,0,0,94.48622,1.2531328,0.2506266,0
2022-07-15 14:05:08,0,0,3.491272,0.2493766,0,94.76309,1.2468828,0,0
2022-07-15 14:05:07,0,0,3.5,0,0,94.25,1.25,0.25,0.25
2022-07-15 14:05:06,0,0,4.962779,0.248139,0,92.55583,1.985112,0,0
2022-07-15 14:05:05,0,0,4.282116,0.2518892,0,93.70277,1.2594458,0.2518892,0
2022-07-15 14:05:04,0,0,2.512563,0.2512563,0,95.47739,1.5075377,0,0
2022-07-15 14:05:03,0,0,2.75,0,0,95,1.5,0.25,0
2022-07-15 14:05:02,0,0,2.75,0,0,95.5,1.25,0,0
2022-07-15 14:05:01,0,0,2.255639,0,0,95.98997,1.0025063,0.2506266,0
2022-07-15 14:05:00,0,0,3.233831,0.2487562,0,94.27861,1.741294,0.2487562,0
2022-07-15 14:04:59,0,0,2.01005,0.2512563,0,95.72864,1.2562814,0.2512563,0
2022-07-15 14:04:58,0,0,3,0,0,94.75,1.75,0,0
2022-07-15 14:04:57,0,0,3.25,0,0,94,2,0.5,0
2022-07-15 14:04:56,0,0,2.992519,0,0,93.26683,0.9975062,0,1.995012
2022-07-15 14:04:55,0,0,1.75,0.25,0,96.5,1.25,0,0
2022-07-15 14:04:54,0,0,2,0.25,0,95.5,1.75,0.25,0
2022-07-15 14:04:53,0,0,1.2594458,0,0,96.97733,1.2594458,0,0
2022-07-15 14:04:52,0,0,1.995012,0,0,96.00998,1.4962594,0.2493766,0
2022-07-15 14:04:51,0,0,1.5,0.25,0,96,1.25,0.25,0
2022-07-15 14:04:50,0,0,2.756892,0.2506266,0,94.73684,2.005013,0,0
2022-07-15 14:04:49,0,0,0.2518892,0,0,97.48111,1.0075567,0.5037783,0
2022-07-15 14:04:48,0,0,1,0,0,97.75,1,0.25,0
2022-07-15 14:04:47,0,0,0.4987531,0.2493766,0,97.00748,1.2468828,0.2493766,0
2022-07-15 14:04:46,0,0,0.7575758,0.2525253,0,95.9596,2.020202,0,0
2022-07-15 14:04:45,0,0,0.4950495,0.2475248,0,97.27723,1.4851485,0.2475248,0
2022-07-15 14:04:44,0,0,1.0050251,0,0,96.73367,1.2562814,0.2512563,0.2512563
2022-07-15 14:04:43,0,0,0.2512563,0.2512563,0,98.24121,1.2562814,0,0
2022-07-15 14:04:42,0,0,1.0025063,0,0,96.99248,1.2531328,0.2506266,0
2022-07-15 14:04:41,0,0,0.5012531,0,0,98.24561,1.0025063,0.2506266,0
2022-07-15 14:04:40,0,0,1.2531328,0,0,97.24311,1.0025063,0,0
2022-07-15 14:04:39,0,0,0.2487562,0.4975124,0,97.26368,1.4925373,0.2487562,0
2022-07-15 14:04:38,0,0,1,0.25,0,95.25,2,0.5,0
2022-07-15 14:04:37,0,0,0.5012531,0.2506266,0,97.49373,0.7518797,0.2506266,0
2022-07-15 14:04:36,0,0,0.9975062,0.2493766,0,97.50623,0.7481297,0.2493766,0
2022-07-15 14:04:35,0,0,0.2506266,0,0,98.49624,1.0025063,0,0
2022-07-15 14:04:34,0,0,1,0.25,0,96.75,1.25,0.25,0
2022-07-15 14:04:33,0,0,0.4987531,0,0,98.00499,1.2468828,0,0
2022-07-15 14:04:32,0,0,0.9950249,0,0,96.76617,1.2437811,0.2487562,0
2022-07-15 14:04:31,0,0,0.5012531,0,0,97.49373,1.5037594,0,0
2022-07-15 14:04:30,0,0,0.75,0.25,0,97.25,1.25,0.25,0
2022-07-15 14:04:29,0,0,0.5025126,0,0,96.23116,2.261307,0.2512563,0
2022-07-15 14:04:28,0,0,0.9975062,0,0,97.25686,1.2468828,0,0
2022-07-15 14:04:27,0,0,0.5037783,0.2518892,0,98.23678,0.7556675,0,0
2022-07-15 14:04:26,0,0,0.7481297,0.2493766,0,96.7581,1.745636,0.2493766,0
2022-07-15 14:04:25,0,0,0.5,0,0,97.5,1.5,0,0
2022-07-15 14:04:24,0,0,1,0.25,0,97,1.25,0.25,0
2022-07-15 14:04:23,0,0,0.5025126,0.2512563,0,95.9799,1.758794,0.2512563,0
2022-07-15 14:04:22,0,0,1.25,0.25,0,96.75,1,0.25,0
2022-07-15 14:04:21,0,0,1.758794,0,0,95.9799,1.5075377,0,0
2022-07-15 14:04:20,0,0,1.741294,0.2487562,0,96.0199,1.2437811,0.2487562,0
2022-07-15 14:04:19,0,0,1.75,0,0,95,1.25,0.25,1.25
2022-07-15 14:04:18,0,0,1.754386,0.2506266,0,96.99248,0.7518797,0,0
2022-07-15 14:04:17,0,0,2.5,0.25,0,95.25,1.5,0,0
2022-07-15 14:04:16,0,0,2.736318,0.4975124,0,94.52736,1.4925373,0.2487562,0
2022-07-15 14:04:15,0,0,2.763819,0.2512563,0,95.22613,1.0050251,0.2512563,0
2022-07-15 14:04:14,0,0,2.743142,0.2493766,0,94.76309,1.4962594,0,0
2022-07-15 14:04:13,0,0,3,0,0,95,1.5,0.5,0
2022-07-15 14:04:12,0,0,3.731343,0.2487562,0,93.53234,1.99005,0,0
2022-07-15 14:04:11,0,0,3.526448,0,0,93.45088,1.763224,0.2518892,0
2022-07-15 14:04:10,0,0,3.970223,0,0,94.04467,0.9925558,0.248139,0.248139
2022-07-15 14:04:09,0,0,3.258145,0.2506266,0,94.73684,1.2531328,0,0
2022-07-15 14:04:08,0,0,3.731343,0.2487562,0,94.27861,1.2437811,0,0
2022-07-15 14:04:07,0,0,3.526448,0,0,95.21411,1.0075567,0,0
2022-07-15 14:04:06,0,0,3.491272,0.4987531,0,94.51372,0.7481297,0.2493766,0
2022-07-15 14:04:05,0,0,4,0,0,93.5,2,0,0
2022-07-15 14:04:04,0,0,3.517588,0,0,94.97487,0.7537688,0.2512563,0
2022-07-15 14:04:03,0,0,3.007519,0,0,95.2381,1.2531328,0.2506266,0
2022-07-15 14:04:02,0,0,4,0.25,0,93.5,1.5,0,0
2022-07-15 14:04:01,0,0,2.763819,0,0,95.72864,1.0050251,0,0
2022-07-15 14:04:00,0,0,3.759398,0.2506266,0,94.48622,1.0025063,0,0
2022-07-15 14:03:59,0,0,4.455446,0.2475248,0,92.82178,1.732673,0.2475248,0.2475248
2022-07-15 14:03:58,0,0,4.534005,0,0,93.95466,1.2594458,0,0
2022-07-15 14:03:57,0,0,4.010025,0.2506266,0,94.23559,1.0025063,0,0
2022-07-15 14:03:56,0,0,5.721393,0.2487562,0,90.54726,1.741294,0.2487562,0.7462687
2022-07-15 14:03:55,0,0,3.491272,0.2493766,0,93.01746,1.4962594,0,0.9975062
2022-07-15 14:03:54,0,0,3.25,0,0,96,0.5,0.25,0
2022-07-15 14:03:53,0,0,4,0,0,94.75,0.75,0,0
2022-07-15 14:03:52,0,0,5.735661,0.2493766,0,89.77556,1.745636,0.2493766,1.4962594
2022-07-15 14:03:51,0,0,3.291139,0,0,95.18987,1.0126582,0,0
2022-07-15 14:03:50,0,0,3.722084,0,0,94.04467,1.4888337,0.248139,0
2022-07-15 14:03:49,0,0,5.263158,0.2506266,0,93.23308,1.0025063,0,0
2022-07-15 14:03:48,0,0,4.25,0,0,93.75,1.5,0,0
2022-07-15 14:03:47,0,0,4.511278,0,0,93.73434,1.2531328,0.2506266,0
2022-07-15 14:03:46,0,0,4.260652,0.2506266,0,93.98496,1.2531328,0,0
2022-07-15 14:03:45,0,0,4.477612,0.2487562,0,92.78607,1.741294,0.2487562,0
2022-07-15 14:03:44,0,0,5.764411,0.2506266,0,91.22807,1.5037594,0.2506266,0.2506266
2022-07-15 14:03:43,0,0,3.508772,0.2506266,0,94.73684,1.0025063,0,0.2506266
2022-07-15 14:03:42,0,0,3.473945,0,0,94.78908,1.2406948,0.248139,0
2022-07-15 14:03:41,0,0,4.292929,0,0,93.68687,1.2626263,0.2525253,0
2022-07-15 14:03:40,0,0,4.75,0,0,93.5,1.25,0.25,0
2022-07-15 14:03:39,0,0,4.25,0,0,94.5,1,0,0
2022-07-15 14:03:38,0,0,4.5,0.25,0,93,1.75,0,0
2022-07-15 14:03:37,0,0,4.488778,0.2493766,0,94.51372,0.2493766,0.2493766,0
2022-07-15 14:03:36,0,0,4.228856,0,0,93.53234,1.2437811,0.2487562,0
2022-07-15 14:03:35,0,0,4.773869,0.2512563,0,93.46734,1.2562814,0,0
2022-07-15 14:03:34,0,0,3.759398,0,0,93.23308,1.754386,0,0.2506266
2022-07-15 14:03:33,0,0,4.239401,0,0,93.76559,1.4962594,0.2493766,0
2022-07-15 14:03:32,0,0,4.260652,0,0,93.73434,1.2531328,0.5012531,0
2022-07-15 14:03:31,0,0,4.5,0.25,0,93,1.25,0.25,0
2022-07-15 14:03:30,0,0,4.761905,0,0,94.23559,0.7518797,0,0
2022-07-15 14:03:29,0,0,4.522613,0,0,93.96985,1.0050251,0,0
2022-07-15 14:03:28,0,0,5.5,0.25,0,91.75,1.75,0,0
2022-07-15 14:03:27,0,0,4,0,0,94,1.25,0.25,0
2022-07-15 14:03:26,0,0,4.020101,0.5025126,0,94.22111,1.2562814,0,0
2022-07-15 14:03:25,0,0,4.738155,0.2493766,0,93.51621,0.9975062,0.2493766,0
2022-07-15 14:03:24,0,0,4.5,0.25,0,92.25,2,0,0.25
2022-07-15 14:03:23,0,0,3.740648,0,0,94.76309,0.9975062,0.2493766,0
2022-07-15 14:03:22,0,0,4.75,0.25,0,93.75,1,0,0
2022-07-15 14:03:21,0,0,4.020101,0,0,94.22111,1.2562814,0,0
2022-07-15 14:03:20,0,0,4.488778,0.2493766,0,94.01496,0.9975062,0.2493766,0
2022-07-15 14:03:19,0,0,4.773869,0.2512563,0,93.46734,1.0050251,0,0
2022-07-15 14:03:18,0,0,3.990025,0.2493766,0,91.5212,3.740648,0,0
2022-07-15 14:03:17,0,0,4.488778,0,0,93.76559,1.2468828,0.2493766,0
2022-07-15 14:03:16,0,0,5.75,0,0,92.25,1,0.25,0
2022-07-15 14:03:15,0,0,3.75,0,0,94.25,1,0,0
2022-07-15 14:03:14,0,0,3.740648,0.2493766,0,94.51372,0.9975062,0.2493766,0
2022-07-15 14:03:13,0,0,4.260652,0.2506266,0,92.98246,1.754386,0,0
2022-07-15 14:03:12,0,0,4.522613,0,0,93.96985,1.5075377,0,0
2022-07-15 14:03:11,0,0,4.5,0,0,93.25,1,0.25,0.25
2022-07-15 14:03:10,0,0,3.9801,0.2487562,0,94.27861,0.9950249,0,0
2022-07-15 14:03:09,0,0,4.511278,0,0,93.23308,1.5037594,0.2506266,0
2022-07-15 14:03:08,0,0,4.522613,0.2512563,0,93.46734,1.5075377,0,0
2022-07-15 14:03:07,0,0,5.25,0,0,93,1.5,0,0
2022-07-15 14:03:06,0,0,3.25,0.5,0,90.75,3,0.25,1.5
2022-07-15 14:03:05,0,0,4.218362,0.248139,0,94.2928,0.7444169,0.248139,0
2022-07-15 14:03:04,0,0,4.292929,0.2525253,0,94.44444,0.7575758,0,0
2022-07-15 14:03:03,0,0,4,0,0,94,1.25,0.25,0
2022-07-15 14:03:02,0,0,4.761905,0.5012531,0,93.73434,0.5012531,0.2506266,0
2022-07-15 14:03:01,0,0,4.785894,0,0,93.95466,1.0075567,0,0
2022-07-15 14:03:00,0,0,6.733167,0.4987531,0,88.02993,1.4962594,0.2493766,2.493766
2022-07-15 14:02:59,0,0,4,0,0,93,1.75,0.25,0.75
2022-07-15 14:02:58,0,0,3.491272,0.4987531,0,92.01995,1.2468828,0.2493766,2.244389
2022-07-15 14:02:57,0,0,3.007519,0,0,95.48872,1.2531328,0,0
2022-07-15 14:02:56,0,0,3.740648,0.2493766,0,92.01995,1.2468828,0.2493766,1.745636
2022-07-15 14:02:55,0,0,4.030227,0,0,94.45844,1.0075567,0.2518892,0
2022-07-15 14:02:54,0,0,4.239401,0.2493766,0,93.01746,1.745636,0.4987531,0
2022-07-15 14:02:53,0,0,4.773869,0,0,93.46734,1.2562814,0,0
2022-07-15 14:02:52,0,0,4.477612,0,0,93.03483,1.741294,0.4975124,0
2022-07-15 14:02:51,0,0,4.020101,0.2512563,0,93.96985,1.0050251,0.2512563,0
2022-07-15 14:02:50,0,0,4.488778,0.4987531,0,92.76808,1.2468828,0,0.2493766
2022-07-15 14:02:49,0,0,4.488778,0,0,94.01496,0.9975062,0.2493766,0
2022-07-15 14:02:48,0,0,5.513784,0.5012531,0,90.72682,1.754386,0,0.5012531
2022-07-15 14:02:47,0,0,3.258145,0,0,95.2381,1.2531328,0,0
2022-07-15 14:02:46,0,0,4.25,0.5,0,93.75,0.75,0.5,0
2022-07-15 14:02:45,0,0,4,0,0,93.75,1.75,0.25,0
2022-07-15 14:02:44,0,0,4.522613,0,0,93.21608,2.01005,0,0
2022-07-15 14:02:43,0,0,4.71464,0.248139,0,92.80397,1.2406948,0.248139,0.248139
2022-07-15 14:02:42,0,0,4.511278,0,0,93.98496,1.0025063,0.2506266,0
2022-07-15 14:02:41,0,0,4.271357,0,0,92.96482,1.758794,0.2512563,0
2022-07-15 14:02:40,0,0,4.5,0.5,0,93.5,1.25,0,0
2022-07-15 14:02:39,0,0,5.970149,0,0,90.29851,1.741294,0.2487562,0.7462687
2022-07-15 14:02:38,0,0,3.508772,0.2506266,0,94.23559,1.5037594,0,0
2022-07-15 14:02:37,0,0,3.241895,0,0,94.26434,1.745636,0.4987531,0
2022-07-15 14:02:36,0,0,4.726368,0.2487562,0,93.53234,0.9950249,0.2487562,0
2022-07-15 14:02:35,0,0,4.239401,0,0,94.01496,0.9975062,0,0
2022-07-15 14:02:34,0,0,4.488778,0,0,93.26683,1.745636,0.2493766,0
2022-07-15 14:02:33,0,0,4.5,0.5,0,93.25,1,0.25,0
2022-07-15 14:02:32,0,0,5,0,0,92.25,1,0,1.25
2022-07-15 14:02:31,0,0,3.482587,0,0,94.52736,0.7462687,0.4975124,0
2022-07-15 14:02:30,0,0,4.271357,0,0,93.46734,2.01005,0,0
2022-07-15 14:02:29,0,0,5.236908,0,0,93.01746,1.2468828,0.2493766,0
2022-07-15 14:02:28,0,0,3.5,0.25,0,94,1.25,0,0
2022-07-15 14:02:27,0,0,3.75,0.25,0,94.25,1.25,0.25,0
2022-07-15 14:02:26,0,0,4.761905,0.2506266,0,93.48371,1.0025063,0.2506266,0
2022-07-15 14:02:25,0,0,4.477612,0.2487562,0,92.78607,1.741294,0.2487562,0
2022-07-15 14:02:24,0,0,4.239401,0.2493766,0,94.26434,0.7481297,0,0
2022-07-15 14:02:23,0,0,4.75,0,0,93.25,1.5,0,0
2022-07-15 14:02:22,0,0,4.282116,0,0,94.96222,0.5037783,0,0
2022-07-15 14:02:21,0,0,4.020101,0,0,92.46231,2.261307,0,0
2022-07-15 14:02:20,0,0,5.75,0.25,0,89.5,2,0.25,1.5
2022-07-15 14:02:19,0,0,3.491272,0,0,95.01247,0.9975062,0.2493766,0
2022-07-15 14:02:18,0,0,3.75,0.25,0,94,1.5,0.25,0
2022-07-15 14:02:17,0,0,4.271357,0,0,93.96985,1.2562814,0,0
2022-07-15 14:02:16,0,0,4.738155,0.2493766,0,93.26683,1.2468828,0.2493766,0
2022-07-15 14:02:15,0,0,4.239401,0,0,93.76559,1.4962594,0.2493766,0
2022-07-15 14:02:14,0,0,4.477612,0,0,93.28358,1.2437811,0.7462687,0
2022-07-15 14:02:13,0,0,4.292929,0.2525253,0,94.19192,1.010101,0,0
2022-07-15 14:02:12,0,0,4.488778,0.2493766,0,93.76559,0.9975062,0.2493766,0
2022-07-15 14:02:11,0,0,5.778894,0.2512563,0,91.20603,1.758794,0,0.2512563
2022-07-15 14:02:10,0,0,3.25,0.5,0,94,1.75,0.25,0
2022-07-15 14:02:09,0,0,4.488778,0,0,93.26683,1.745636,0,0
2022-07-15 14:02:08,0,0,7,0.5,0,89.5,1.5,0,1.5
2022-07-15 14:02:07,0,0,2.244389,0.4987531,0,94.01496,1.2468828,0.2493766,0.9975062
2022-07-15 14:02:06,0,0,3.482587,0,0,94.77612,0.9950249,0.2487562,0.2487562
2022-07-15 14:02:05,0,0,4.785894,0,0,93.70277,1.2594458,0,0
2022-07-15 14:02:04,0,0,4.987531,0.2493766,0,92.76808,1.4962594,0,0.2493766
2022-07-15 14:02:03,0,0,3.241895,0.2493766,0,95.01247,0.7481297,0.2493766,0
2022-07-15 14:02:02,0,0,4.511278,0.2506266,0,93.73434,1.0025063,0.2506266,0
2022-07-15 14:02:01,0,0,5.289673,0.2518892,0,91.18388,2.015113,0,0
2022-07-15 14:02:00,0,0,4,0,0,94.5,1,0.25,0
2022-07-15 14:01:59,0,0,4.738155,0.2493766,0,92.76808,1.745636,0,0
2022-07-15 14:01:58,0,0,4.218362,0,0,93.79653,1.2406948,0.248139,0
2022-07-15 14:01:57,0,0,4.522613,0,0,94.22111,0.7537688,0,0
2022-07-15 14:01:56,0,0,4.260652,0.2506266,0,93.98496,1.0025063,0,0
2022-07-15 14:01:55,0,0,4.260652,0.2506266,0,94.23559,1.0025063,0,0
2022-07-15 14:01:54,0,0,4.466501,0.248139,0,93.79653,0.9925558,0,0
2022-07-15 14:01:53,0,0,4.534005,0,0,93.19899,1.763224,0.2518892,0
2022-07-15 14:01:52,0,0,4.738155,0.2493766,0,92.76808,1.4962594,0.2493766,0.2493766
2022-07-15 14:01:51,0,0,3.508772,0,0,93.98496,1.754386,0.2506266,0
2022-07-15 14:01:50,0,0,4.785894,0,0,93.19899,1.511335,0,0
2022-07-15 14:01:49,0,0,4.010025,0.2506266,0,94.23559,1.2531328,0,0
2022-07-15 14:01:48,0,0,4.239401,0.2493766,0,92.76808,1.745636,0.2493766,0
2022-07-15 14:01:47,0,0,4.488778,0.2493766,0,91.02244,3.491272,0.2493766,0
2022-07-15 14:01:46,0,0,4.5,0.25,0,93.5,1.5,0,0
2022-07-15 14:01:45,0,0,4.260652,0,0,94.23559,0.7518797,0.2506266,0
2022-07-15 14:01:44,0,0,4.71464,0.248139,0,93.05211,1.736973,0,0
2022-07-15 14:01:43,0,0,4.773869,0.2512563,0,91.70854,1.5075377,0.2512563,0.5025126
2022-07-15 14:01:42,0,0,3.731343,0,0,94.27861,1.4925373,0,0
2022-07-15 14:01:41,0,0,4.5,0.25,0,93.5,1,0,0.25
2022-07-15 14:01:40,0,0,4.511278,0.2506266,0,93.73434,1.0025063,0.2506266,0
2022-07-15 14:01:39,0,0,4.218362,0.248139,0,93.05211,1.736973,0.248139,0
2022-07-15 14:01:38,0,0,4.282116,0.2518892,0,93.70277,1.2594458,0,0
2022-07-15 14:01:37,0,0,4.5,0.25,0,93.25,1.25,0.25,0
2022-07-15 14:01:36,0,0,5.276382,0.5025126,0,91.70854,1.2562814,0.2512563,0
2022-07-15 14:01:35,0,0,3.5,0,0,95,1,0,0
2022-07-15 14:01:34,0,0,4.522613,0.2512563,0,93.21608,1.2562814,0.2512563,0
2022-07-15 14:01:33,0,0,5.5,0,0,91.25,1.5,0.25,0.5
2022-07-15 14:01:32,0,0,3.258145,0,0,95.2381,1.0025063,0.2506266,0
2022-07-15 14:01:31,0,0,4.010025,0.2506266,0,93.23308,1.754386,0,0
2022-07-15 14:01:30,0,0,4.785894,0.2518892,0,93.45088,1.2594458,0,0
2022-07-15 14:01:29,0,0,4.477612,0,0,93.78109,1.2437811,0.2487562,0
2022-07-15 14:01:28,0,0,3.768844,0.2512563,0,94.22111,1.2562814,0,0
2022-07-15 14:01:27,0,0,4.726368,0.2487562,0,93.53234,0.9950249,0,0
2022-07-15 14:01:26,0,0,4.75,0.25,0,93.25,1,0.25,0
2022-07-15 14:01:25,0,0,4.020101,0.2512563,0,93.21608,1.758794,0.2512563,0
2022-07-15 14:01:24,0,0,4.761905,0.2506266,0,91.4787,1.754386,0.2506266,0.5012531
2022-07-15 14:01:23,0,0,4,0.25,0,94.25,0.75,0.25,0.25
2022-07-15 14:01:22,0,0,4.511278,0.2506266,0,94.23559,0.7518797,0,0
2022-07-15 14:01:21,0,0,3.731343,0.4975124,0,92.78607,2.238806,0,0
2022-07-15 14:01:20,0,0,4.522613,0,0,93.96985,1.0050251,0.2512563,0
2022-07-15 14:01:19,0,0,4.522613,0.5025126,0,92.71357,1.2562814,0.2512563,0
2022-07-15 14:01:18,0,0,4.5,0.25,0,93,1.5,0.25,0
2022-07-15 14:01:17,0,0,4.228856,0,0,93.28358,1.99005,0.2487562,0
2022-07-15 14:01:16,0,0,4.534005,0.5037783,0,93.70277,1.0075567,0,0
2022-07-15 14:01:15,0,0,4.239401,0.2493766,0,90.77307,1.4962594,0.2493766,1.995012
2022-07-15 14:01:14,0,0,3.768844,0.2512563,0,94.22111,1.0050251,0.2512563,0
2022-07-15 14:01:13,0,0,4.260652,0,0,93.98496,1.2531328,0.2506266,0
2022-07-15 14:01:12,0,0,4.5,0.25,0,93.25,1.5,0.25,0
2022-07-15 14:01:11,0,0,4.282116,0,0,93.45088,1.763224,0,0
2022-07-15 14:01:10,0,0,4.239401,0,0,94.01496,1.2468828,0.2493766,0
2022-07-15 14:01:09,0,0,4.5,0.5,0,92.75,1.5,0.25,0
2022-07-15 14:01:08,0,0,5.513784,0,0,90.47619,2.255639,0.2506266,0.5012531
2022-07-15 14:01:07,0,0,3.258145,0.2506266,0,94.73684,1.0025063,0.2506266,0
2022-07-15 14:01:06,0,0,4.228856,0.2487562,0,93.78109,1.2437811,0,0
2022-07-15 14:01:05,0,0,5.263158,0,0,91.97995,1.5037594,0.2506266,0
2022-07-15 14:01:04,0,0,3.75,0.25,0,95.25,0.5,0,0
2022-07-15 14:01:03,0,0,4,0.25,0,93.75,1.25,0.5,0
2022-07-15 14:01:02,0,0,4.534005,0,0,93.95466,1.0075567,0,0
2022-07-15 14:01:01,0,0,4.511278,0,0,93.73434,1.2531328,0.2506266,0
2022-07-15 14:01:00,0,0,4.260652,0.2506266,0,94.23559,1.0025063,0,0
2022-07-15 14:00:59,0,0,4.010025,0.2506266,0,94.48622,1.0025063,0,0
2022-07-15 14:00:58,0,0,4.477612,0.2487562,0,93.28358,1.4925373,0.2487562,0
2022-07-15 14:00:57,0,0,4.271357,0,0,93.21608,1.5075377,0.2512563,0
2022-07-15 14:00:56,0,0,4.987531,0.7481297,0,91.5212,0.9975062,0.2493766,0.7481297
2022-07-15 14:00:55,0,0,3.25,0.25,0,95.25,1,0,0
2022-07-15 14:00:54,0,0,4.522613,0,0,92.96482,2.01005,0,0
2022-07-15 14:00:53,0,0,4.75,0.25,0,93.5,0.75,0.25,0
2022-07-15 14:00:52,0,0,4.25,0.25,0,93.75,1.25,0.25,0
2022-07-15 14:00:51,0,0,4.522613,0.2512563,0,92.71357,1.5075377,0.2512563,0
2022-07-15 14:00:50,0,0,4.5,0,0,93.75,1,0.25,0
2022-07-15 14:00:49,0,0,4.5,0,0,93.5,1.25,0.25,0
2022-07-15 14:00:48,0,0,3.9801,0.2487562,0,93.78109,1.2437811,0.2487562,0
2022-07-15 14:00:47,0,0,4.79798,0.2525253,0,91.66667,0.7575758,0.2525253,1.2626263
2022-07-15 14:00:46,0,0,4.020101,0.2512563,0,93.71859,1.758794,0,0
2022-07-15 14:00:45,0,0,3.990025,0.2493766,0,94.01496,0.9975062,0,0
2022-07-15 14:00:44,0,0,4.020101,0,0,94.72362,1.0050251,0.2512563,0
2022-07-15 14:00:43,0,0,4.726368,0.2487562,0,92.78607,1.4925373,0.2487562,0
2022-07-15 14:00:42,0,0,4.71464,0.248139,0,93.30025,1.2406948,0.248139,0
2022-07-15 14:00:41,0,0,3.778338,0,0,94.20655,1.2594458,0,0.2518892
2022-07-15 14:00:40,0,0,5.486284,0.4987531,0,90.02494,2.493766,0.2493766,0.4987531
2022-07-15 14:00:39,0,0,3.508772,0,0,94.98747,1.0025063,0.2506266,0
2022-07-15 14:00:38,0,0,4.271357,0.2512563,0,93.96985,1.2562814,0,0
2022-07-15 14:00:37,0,0,4.511278,0.2506266,0,92.23058,2.255639,0,0
2022-07-15 14:00:36,0,0,3.266332,0,0,94.72362,1.2562814,0.2512563,0
2022-07-15 14:00:35,0,0,4,0,0,93.75,1.25,0.5,0
2022-07-15 14:00:34,0,0,4.5,0.25,0,93.75,1,0.25,0
2022-07-15 14:00:33,0,0,4.260652,0.2506266,0,93.98496,1.0025063,0.2506266,0
2022-07-15 14:00:32,0,0,4.488778,0,0,93.76559,1.2468828,0,0
2022-07-15 14:00:31,0,0,4.534005,0.2518892,0,92.69521,1.763224,0.2518892,0
2022-07-15 14:00:30,0,0,4.488778,0,0,93.01746,1.745636,0,0.2493766
2022-07-15 14:00:29,0,0,5.735661,0.2493766,0,92.01995,1.2468828,0.4987531,0
2022-07-15 14:00:28,0,0,2.518892,0.2518892,0,93.19899,1.0075567,0.2518892,2.015113
2022-07-15 14:00:27,0,0,3.491272,0.2493766,0,94.51372,1.2468828,0,0.2493766
2022-07-15 14:00:26,0,0,3.75,0.25,0,94.75,0.75,0.25,0
2022-07-15 14:00:25,0,0,4.738155,0.4987531,0,93.26683,0.9975062,0.2493766,0
2022-07-15 14:00:24,0,0,4.522613,0,0,93.21608,2.01005,0,0
2022-07-15 14:00:23,0,0,4.25,0.25,0,93.75,1.25,0,0
2022-07-15 14:00:22,0,0,4,0.5,0,93.75,1,0.25,0
2022-07-15 14:00:21,0,0,5.037783,0.2518892,0,92.44332,1.511335,0.2518892,0
2022-07-15 14:00:20,0,0,4.5,0,0,93.75,1.25,0,0.25
2022-07-15 14:00:19,0,0,4.75,0,0,93,1.75,0,0
2022-07-15 14:00:18,0,0,3.241895,0.2493766,0,95.26185,0.9975062,0,0
2022-07-15 14:00:17,0,0,4.020101,0,0,94.97487,0.7537688,0,0
2022-07-15 14:00:16,0,0,4.228856,0,0,94.02985,0.9950249,0.2487562,0
2022-07-15 14:00:15,0,0,4.271357,0.5025126,0,94.22111,0.7537688,0,0
2022-07-15 14:00:14,0,0,4.5,0,0,93.5,1.5,0.25,0
2022-07-15 14:00:13,0,0,4.010025,0,0,94.48622,0.7518797,0.2506266,0
2022-07-15 14:00:12,0,0,5.25,0.25,0,91.5,1.5,0.25,0.75
2022-07-15 14:00:11,0,0,3.274559,0,0,94.96222,1.2594458,0,0
2022-07-15 14:00:10,0,0,3.5,0,0,94.5,1.25,0.25,0
2022-07-15 14:00:09,0,0,7.901235,0.4938272,0,85.67901,2.222222,0.7407407,2.222222
2022-07-15 14:00:08,0,0,2.506266,0,0,96.2406,0.5012531,0.2506266,0.2506266
2022-07-15 14:00:07,0,0,2.506266,0,0,96.2406,1.0025063,0,0
2022-07-15 14:00:06,0,0,3.740648,0,0,94.01496,1.4962594,0.2493766,0.2493766
2022-07-15 14:00:05,0,0,4.987531,0.2493766,0,93.26683,0.7481297,0.2493766,0
2022-07-15 14:00:04,0,0,4.477612,0.2487562,0,93.28358,0.9950249,0.2487562,0.2487562
2022-07-15 14:00:03,0,0,4.010025,0,0,94.23559,1.0025063,0.5012531,0
2022-07-15 14:00:02,0,0,4.477612,0,0,93.53234,0.9950249,0.4975124,0
2022-07-15 14:00:01,0,0,5,0.25,0,93,1.25,0.25,0
2022-07-15 14:00:00,0,0,5.025126,0.2512563,0,91.45729,1.5075377,0.2512563,0.5025126
2022-07-15 13:59:59,0,0,3.258145,0,0,95.48872,0.7518797,0.2506266,0
2022-07-15 13:59:58,0,0,3.9801,0.2487562,0,93.78109,1.2437811,0.4975124,0
2022-07-15 13:59:57,0,0,4.5,0.25,0,93.5,1.25,0,0.25
2022-07-15 13:59:56,0,0,4.228856,0,0,93.78109,1.2437811,0.2487562,0
2022-07-15 13:59:55,0,0,4.271357,0,0,93.21608,2.01005,0,0
2022-07-15 13:59:54,0,0,4.726368,0.2487562,0,93.53234,1.2437811,0.2487562,0
2022-07-15 13:59:53,0,0,4.282116,0,0,94.20655,1.0075567,0,0
2022-07-15 13:59:52,0,0,4.010025,0,0,94.48622,1.2531328,0,0
2022-07-15 13:59:51,0,0,5.012531,0.2506266,0,90.72682,1.754386,0.2506266,1.0025063
2022-07-15 13:59:50,0,0,3.517588,0,0,95.47739,0.7537688,0,0
2022-07-15 13:59:49,0,0,3.759398,0,0,94.73684,0.7518797,0.5012531,0
2022-07-15 13:59:48,0,0,4.75,0,0,94,0.75,0.25,0
2022-07-15 13:59:47,0,0,4.75,0,0,93.5,1,0.5,0
2022-07-15 13:59:46,0,0,4.260652,0.2506266,0,93.73434,1.5037594,0,0
2022-07-15 13:59:45,0,0,4.477612,0.2487562,0,94.27861,0.7462687,0.2487562,0
2022-07-15 13:59:44,0,0,6.218905,0.2487562,0,91.04478,1.2437811,0.2487562,0.2487562
2022-07-15 13:59:43,0,0,3.768844,0,0,94.72362,0.7537688,0.2512563,0
2022-07-15 13:59:42,0,0,3.258145,0.2506266,0,95.48872,1.0025063,0,0
2022-07-15 13:59:41,0,0,6.060606,0,0,90.90909,1.5151515,0.5050505,0
2022-07-15 13:59:40,0,0,3.465347,0.2475248,0,94.30693,0.990099,0.2475248,0.2475248
2022-07-15 13:59:39,0,0,4.020101,0,0,94.72362,0.5025126,0.2512563,0
2022-07-15 13:59:38,0,0,4.75,0,0,93.25,1.25,0.25,0
2022-07-15 13:59:37,0,0,4.975124,0,0,93.28358,1.2437811,0,0
2022-07-15 13:59:36,0,0,4.271357,0,0,93.71859,1.758794,0,0
2022-07-15 13:59:35,0,0,4.010025,0,0,94.23559,1.2531328,0,0
2022-07-15 13:59:34,0,0,5,0,0,93,1.75,0,0
2022-07-15 13:59:33,0,0,4.5,0.25,0,93.5,1.25,0.25,0
2022-07-15 13:59:32,0,0,5.25,0.25,0,91.25,1.5,0.25,1
2022-07-15 13:59:31,0,0,3.5,0,0,95.5,0.5,0.25,0
2022-07-15 13:59:30,0,0,4.260652,0.2506266,0,94.23559,0.7518797,0.2506266,0
2022-07-15 13:59:29,0,0,4.975124,0.2487562,0,93.03483,0.9950249,0,0
2022-07-15 13:59:28,0,0,4.738155,0.2493766,0,93.26683,0.9975062,0,0
2022-07-15 13:59:27,0,0,4.511278,0,0,93.73434,1.0025063,0.2506266,0
2022-07-15 13:59:26,0,0,4.738155,0,0,94.26434,0.4987531,0.2493766,0
2022-07-15 13:59:25,0,0,4.70297,0,0,93.06931,1.4851485,0,0.4950495
2022-07-15 13:59:24,0,0,4.260652,0.2506266,0,94.48622,0.7518797,0,0
2022-07-15 13:59:23,0,0,6.234414,0,0,91.27182,1.4962594,0.2493766,0
2022-07-15 13:59:22,0,0,3.5,0,0,95,0.75,0.5,0
2022-07-15 13:59:21,0,0,3.526448,0.2518892,0,94.71033,0.7556675,0.2518892,0
2022-07-15 13:59:20,0,0,4.466501,0,0,93.79653,0.7444169,0.4962779,0.248139
2022-07-15 13:59:19,0,0,5.276382,0.2512563,0,92.96482,1.2562814,0,0
2022-07-15 13:59:18,0,0,4.260652,0.2506266,0,93.23308,1.754386,0.2506266,0
2022-07-15 13:59:17,0,0,4.5,0.25,0,93.75,1.25,0,0
2022-07-15 13:59:16,0,0,6.265664,0,0,90.97744,1.2531328,0,0
2022-07-15 13:59:15,0,0,3.740648,0,0,93.26683,1.745636,0,0.2493766
2022-07-15 13:59:14,0,0,3.241895,0,0,95.01247,0.9975062,0.2493766,0
2022-07-15 13:59:13,0,0,5.970149,0.2487562,0,92.0398,0.9950249,0,0
2022-07-15 13:59:12,0,0,3.508772,0.2506266,0,94.48622,1.2531328,0.2506266,0
2022-07-15 13:59:11,0,0,7.75,0,0,89.75,2,0.25,0
2022-07-15 13:59:10,0,0,3.768844,0.2512563,0,92.96482,1.0050251,0,1.758794
2022-07-15 13:59:09,0,0,5.764411,0,0,89.72431,1.754386,0.5012531,1.754386
2022-07-15 13:59:08,0,0,2.493766,0,0,96.00998,0.9975062,0,0.2493766
2022-07-15 13:59:07,0,0,4.511278,0,0,93.73434,1.0025063,0,0.2506266
2022-07-15 13:59:06,0,0,2.75,0,0,95.75,0.75,0.25,0.25
2022-07-15 13:59:05,0,0,4.761905,0.2506266,0,93.73434,0.7518797,0.2506266,0
2022-07-15 13:59:04,0,0,4.726368,0.2487562,0,92.0398,1.99005,0.2487562,0
2022-07-15 13:59:03,0,0,4.25,0.25,0,93.75,1,0.5,0
2022-07-15 13:59:02,0,0,4.5,0,0,93.25,1.75,0,0.25
2022-07-15 13:59:01,0,0,5.236908,0.2493766,0,92.26933,1.2468828,0.2493766,0
2022-07-15 13:59:00,0,0,4.488778,0,0,94.26434,0.7481297,0.2493766,0
2022-07-15 13:58:59,0,0,4.25,0,0,93.75,1.25,0.25,0
2022-07-15 13:58:58,0,0,4.511278,0.2506266,0,93.73434,1.2531328,0,0
2022-07-15 13:58:57,0,0,4.79798,0.2525253,0,92.42424,1.767677,0.2525253,0
2022-07-15 13:58:56,0,0,4.260652,0,0,93.23308,1.754386,0.2506266,0
2022-07-15 13:58:55,0,0,5.527638,0,0,92.21106,1.2562814,0,0
2022-07-15 13:58:54,0,0,3.258145,0,0,94.98747,1.5037594,0.2506266,0
2022-07-15 13:58:53,0,0,4.738155,0,0,93.51621,1.2468828,0.2493766,0
2022-07-15 13:58:52,0,0,4.488778,0.2493766,0,93.51621,1.2468828,0.2493766,0
2022-07-15 13:58:51,0,0,5.289673,0,0,92.9471,1.2594458,0,0
2022-07-15 13:58:50,0,0,4.477612,0.2487562,0,94.02985,0.9950249,0,0
2022-07-15 13:58:49,0,0,4.773869,0,0,91.9598,2.261307,0.2512563,0
2022-07-15 13:58:48,0,0,5.721393,0.2487562,0,90.29851,1.741294,0,0.9950249
2022-07-15 13:58:47,0,0,5.289673,0,0,92.69521,1.2594458,0,0.5037783
2022-07-15 13:58:46,0,0,3.241895,0.2493766,0,94.76309,1.4962594,0.2493766,0
2022-07-15 13:58:45,0,0,4.010025,0,0,94.23559,1.0025063,0,0.2506266
2022-07-15 13:58:44,0,0,3.768844,0.2512563,0,94.22111,1.2562814,0.2512563,0
2022-07-15 13:58:43,0,0,4.987531,0.4987531,0,93.01746,0.9975062,0,0
2022-07-15 13:58:42,0,0,4.511278,0,0,93.48371,1.5037594,0.2506266,0
2022-07-15 13:58:41,0,0,4.466501,0.248139,0,93.05211,1.2406948,0.248139,0
2022-07-15 13:58:40,0,0,4.282116,0.2518892,0,94.45844,0.7556675,0,0
2022-07-15 13:58:39,0,0,5.236908,0.4987531,0,92.5187,1.2468828,0.2493766,0
2022-07-15 13:58:38,0,0,4.260652,0.2506266,0,93.73434,1.2531328,0,0.2506266
2022-07-15 13:58:37,0,0,4.271357,0,0,93.71859,1.5075377,0.2512563,0
2022-07-15 13:58:36,0,0,4.962779,0.248139,0,89.8263,1.985112,0.248139,0.9925558
2022-07-15 13:58:35,0,0,4.260652,0,0,93.98496,1.2531328,0,0
2022-07-15 13:58:34,0,0,4.25,0,0,93.25,1.5,0.25,0
2022-07-15 13:58:33,0,0,4.534005,0,0,94.20655,1.0075567,0,0
2022-07-15 13:58:32,0,0,4.726368,0,0,94.02985,0.9950249,0,0
2022-07-15 13:58:31,0,0,4.75,0.25,0,92.25,1.75,0.25,0
2022-07-15 13:58:30,0,0,4.292929,0.2525253,0,94.19192,1.2626263,0,0
2022-07-15 13:58:29,0,0,4.738155,0.7481297,0,91.5212,2.244389,0.2493766,0
2022-07-15 13:58:28,0,0,4.785894,0,0,92.9471,1.763224,0.2518892,0
2022-07-15 13:58:27,0,0,5.527638,0,0,91.45729,1.5075377,0.2512563,0
2022-07-15 13:58:26,0,0,3.241895,0.2493766,0,95.01247,0.9975062,0,0
2022-07-15 13:58:25,0,0,4.726368,0,0,93.03483,1.4925373,0,0.2487562
2022-07-15 13:58:24,0,0,4.75,0.25,0,93.5,1,0,0
2022-07-15 13:58:23,0,0,4.239401,0.2493766,0,93.76559,1.4962594,0,0
2022-07-15 13:58:22,0,0,4.488778,0,0,93.26683,1.2468828,0.2493766,0
2022-07-15 13:58:21,0,0,4.822335,0,0,92.13198,2.030457,0.2538071,0
2022-07-15 13:58:20,0,0,5.236908,0,0,93.51621,0.9975062,0,0
2022-07-15 13:58:19,0,0,4.239401,0.2493766,0,92.5187,1.4962594,0.2493766,0.7481297
2022-07-15 13:58:18,0,0,4.030227,0.2518892,0,93.70277,1.511335,0,0
2022-07-15 13:58:17,0,0,5.735661,0.2493766,0,90.77307,2.244389,0.2493766,0.2493766
2022-07-15 13:58:16,0,0,3.508772,0,0,94.98747,0.7518797,0.2506266,0
2022-07-15 13:58:15,0,0,3.712871,0.2475248,0,94.30693,0.990099,0.4950495,0
2022-07-15 13:58:14,0,0,4.534005,0.2518892,0,93.45088,1.511335,0,0
2022-07-15 13:58:13,0,0,4.761905,0,0,93.48371,1.2531328,0.2506266,0
2022-07-15 13:58:12,0,0,4.228856,0.2487562,0,93.53234,0.9950249,0.4975124,0
2022-07-15 13:58:11,0,0,5.025126,0,0,93.46734,1.2562814,0,0
2022-07-15 13:58:10,0,0,4.477612,0,0,93.78109,0.9950249,0.2487562,0.2487562
2022-07-15 13:58:09,0,0,4.488778,0.2493766,0,93.51621,1.4962594,0.2493766,0
2022-07-15 13:58:08,0,0,5.012531,0.2506266,0,92.4812,1.2531328,0,0
2022-07-15 13:58:07,0,0,4.020101,0.2512563,0,94.47236,1.0050251,0.2512563,0
2022-07-15 13:58:06,0,0,4.5,0.25,0,93.75,1,0,0
2022-07-15 13:58:05,0,0,5.012531,0,0,92.73183,1.754386,0.2506266,0
2022-07-15 13:58:04,0,0,4.761905,0.2506266,0,93.23308,1.5037594,0,0
2022-07-15 13:58:03,0,0,4.75,0.25,0,93,1.75,0,0
2022-07-15 13:58:02,0,0,4.534005,0.2518892,0,93.19899,1.2594458,0.5037783,0
2022-07-15 13:58:01,0,0,4.522613,0.2512563,0,92.96482,1.5075377,0.2512563,0
2022-07-15 13:58:00,0,0,4.71464,0.248139,0,93.30025,1.4888337,0,0
2022-07-15 13:57:59,0,0,4.25,0,0,94.25,1,0.25,0
2022-07-15 13:57:58,0,0,4.761905,0.2506266,0,91.72932,1.5037594,0,0.7518797
2022-07-15 13:57:57,0,0,4.228856,0,0,94.27861,1.2437811,0,0
2022-07-15 13:57:56,0,0,4.271357,0,0,94.22111,1.2562814,0,0
2022-07-15 13:57:55,0,0,4.738155,0.4987531,0,93.01746,1.4962594,0,0
2022-07-15 13:57:54,0,0,4.522613,0,0,93.46734,1.5075377,0.2512563,0
2022-07-15 13:57:53,0,0,4.511278,0,0,93.73434,1.0025063,0,0.2506266
2022-07-15 13:57:52,0,0,4.455446,0.2475248,0,93.81188,0.7425743,0.2475248,0
2022-07-15 13:57:51,0,0,5.050505,0,0,92.67677,1.010101,0.5050505,0.2525253
2022-07-15 13:57:50,0,0,4.25,0,0,94,1.25,0.25,0
2022-07-15 13:57:49,0,0,5.693069,0.4950495,0,91.33663,1.4851485,0.2475248,0
2022-07-15 13:57:48,0,0,3.258145,0,0,94.73684,0.7518797,0.2506266,0.2506266
2022-07-15 13:57:47,0,0,4,0.25,0,93.75,1.5,0,0
2022-07-15 13:57:46,0,0,5,0,0,93.5,1.5,0,0
2022-07-15 13:57:45,0,0,4,0,0,94.5,1,0.25,0
2022-07-15 13:57:44,0,0,4.5,0.5,0,92.75,1.5,0.25,0
2022-07-15 13:57:43,0,0,5,0,0,93.25,1.5,0,0
2022-07-15 13:57:42,0,0,4.511278,0,0,92.98246,1.754386,0.2506266,0
2022-07-15 13:57:41,0,0,4.010025,0.5012531,0,93.48371,1.754386,0,0
2022-07-15 13:57:40,0,0,4.726368,0,0,91.79104,1.741294,0.4975124,0
2022-07-15 13:57:39,0,0,4,0,0,94.25,1.25,0.25,0
2022-07-15 13:57:38,0,0,4,0.5,0,93.75,1.25,0,0
2022-07-15 13:57:37,0,0,4.260652,0.2506266,0,93.23308,1.5037594,0.2506266,0
2022-07-15 13:57:36,0,0,4.761905,0,0,93.48371,1.5037594,0,0
2022-07-15 13:57:35,0,0,4.228856,0.2487562,0,93.53234,1.4925373,0,0
2022-07-15 13:57:34,0,0,3.990025,0.2493766,0,94.26434,1.2468828,0,0
2022-07-15 13:57:33,0,0,4.282116,0,0,94.20655,1.0075567,0.2518892,0
2022-07-15 13:57:32,0,0,4.75,0.25,0,94.25,0.5,0,0
2022-07-15 13:57:31,0,0,3.759398,0.2506266,0,94.48622,0.7518797,0.2506266,0
2022-07-15 13:57:30,0,0,4.773869,0.2512563,0,91.9598,1.5075377,0.2512563,0
2022-07-15 13:57:29,0,0,3.9801,0,0,93.53234,1.99005,0.2487562,0
2022-07-15 13:57:28,0,0,4.239401,0,0,93.76559,1.4962594,0.2493766,0
2022-07-15 13:57:27,0,0,3.75,0.25,0,94.5,0.75,0,0
2022-07-15 13:57:26,0,0,5.263158,0.2506266,0,91.97995,1.754386,0.2506266,0
2022-07-15 13:57:25,0,0,4.785894,0.2518892,0,93.19899,1.511335,0,0
2022-07-15 13:57:24,0,0,4,0.25,0,94.75,0.75,0.25,0
2022-07-15 13:57:23,0,0,4.25,0,0,94,1.25,0,0
2022-07-15 13:57:22,0,0,4.25,0.25,0,93.75,1.25,0.25,0
2022-07-15 13:57:21,0,0,5.735661,0.2493766,0,91.02244,1.2468828,0.2493766,0.2493766
2022-07-15 13:57:20,0,0,3.02267,0.2518892,0,95.46599,1.0075567,0,0
2022-07-15 13:57:19,0,0,3.759398,0.2506266,0,93.98496,1.2531328,0.2506266,0
2022-07-15 13:57:18,0,0,4.987531,0.2493766,0,92.76808,1.4962594,0.2493766,0
2022-07-15 13:57:17,0,0,4,0,0,93.75,1.5,0.25,0
2022-07-15 13:57:16,0,0,4.271357,0.2512563,0,93.21608,1.758794,0.2512563,0
2022-07-15 13:57:15,0,0,4.522613,0,0,93.71859,1.5075377,0,0
2022-07-15 13:57:14,0,0,4.25,0.25,0,93.25,1.75,0.25,0
2022-07-15 13:57:13,0,0,4.228856,0,0,94.02985,0.9950249,0.2487562,0
2022-07-15 13:57:12,0,0,4.761905,0.2506266,0,92.73183,1.5037594,0.2506266,0
2022-07-15 13:57:11,0,0,3.731343,0.2487562,0,94.27861,0.9950249,0.2487562,0
2022-07-15 13:57:10,0,0,4,0.25,0,93.5,1.5,0.25,0.25
2022-07-15 13:57:09,0,0,4.303797,0,0,93.67089,1.5189873,0,0
2022-07-15 13:57:08,0,0,4.466501,0.248139,0,94.04467,0.9925558,0,0
2022-07-15 13:57:07,0,0,4.488778,0,0,93.26683,1.4962594,0.2493766,0
2022-07-15 13:57:06,0,0,4.030227,0.2518892,0,94.20655,1.0075567,0,0
2022-07-15 13:57:05,0,0,4.5,0,0,93.75,1.25,0.25,0
2022-07-15 13:57:04,0,0,4.511278,0.2506266,0,94.23559,0.7518797,0,0
2022-07-15 13:57:03,0,0,4.271357,0,0,93.21608,1.5075377,0.2512563,0
2022-07-15 13:57:02,0,0,4.5,0.25,0,92,1.5,0.25,1
2022-07-15 13:57:01,0,0,4,0,0,94.25,1,0.25,0
2022-07-15 13:57:00,0,0,4.5,0.5,0,93.5,1.25,0,0
2022-07-15 13:56:59,0,0,3.508772,0,0,94.73684,1.2531328,0,0
2022-07-15 13:56:58,0,0,4.75,0.25,0,92.75,1.5,0.5,0
2022-07-15 13:56:57,0,0,4.466501,0.248139,0,93.79653,0.9925558,0.248139,0
2022-07-15 13:56:56,0,0,4.020101,0.2512563,0,94.22111,1.0050251,0,0
2022-07-15 13:56:55,0,0,4.5,0,0,91.25,1,0.25,2.25
2022-07-15 13:56:54,0,0,4.228856,0.2487562,0,93.53234,1.2437811,0.2487562,0
2022-07-15 13:56:53,0,0,5.793451,0,0,90.17632,2.015113,0,1.0075567
2022-07-15 13:56:52,0,0,3,0.25,0,94.5,1.25,0.25,0
2022-07-15 13:56:51,0,0,4.239401,0.2493766,0,93.76559,1.2468828,0.2493766,0
2022-07-15 13:56:50,0,0,4.534005,0,0,93.70277,1.2594458,0,0
2022-07-15 13:56:49,0,0,4.511278,0.2506266,0,93.23308,1.5037594,0.5012531,0
2022-07-15 13:56:48,0,0,4.020101,0.2512563,0,93.96985,1.2562814,0,0
2022-07-15 13:56:47,0,0,4.25,0.5,0,93.5,1,0.25,0
2022-07-15 13:56:46,0,0,4.260652,0,0,93.73434,1.754386,0,0
2022-07-15 13:56:45,0,0,4.726368,0.2487562,0,93.28358,0.9950249,0.2487562,0
2022-07-15 13:56:44,0,0,4.25,0.5,0,92,2,0,0.25
2022-07-15 13:56:43,0,0,3.759398,0,0,94.48622,1.2531328,0,0
2022-07-15 13:56:42,0,0,4.260652,0.2506266,0,93.98496,1.2531328,0,0
2022-07-15 13:56:41,0,0,4.522613,0,0,93.46734,1.0050251,0.2512563,0
2022-07-15 13:56:40,0,0,3.990025,0.4987531,0,93.76559,1.2468828,0.2493766,0
2022-07-15 13:56:39,0,0,4.239401,0,0,93.26683,1.995012,0,0
2022-07-15 13:56:38,0,0,4.522613,0,0,93.71859,1.2562814,0.2512563,0
2022-07-15 13:56:37,0,0,4.239401,0.2493766,0,93.51621,1.2468828,0.2493766,0
2022-07-15 13:56:36,0,0,4.282116,0,0,93.95466,1.511335,0,0
2022-07-15 13:56:35,0,0,4.25,0.25,0,93,2,0.25,0
2022-07-15 13:56:34,0,0,5.223881,0,0,91.29353,1.99005,0.4975124,0.7462687
2022-07-15 13:56:33,0,0,3.241895,0.2493766,0,94.51372,0.7481297,0.2493766,0.2493766
2022-07-15 13:56:32,0,0,4.534005,0.2518892,0,93.70277,1.0075567,0,0
2022-07-15 13:56:31,0,0,4.522613,0.5025126,0,92.96482,1.2562814,0.2512563,0
2022-07-15 13:56:30,0,0,4.75,0.25,0,93.5,1,0.25,0
2022-07-15 13:56:29,0,0,4.5,0.25,0,92.75,1.75,0.25,0
2022-07-15 13:56:28,0,0,4.522613,0.2512563,0,94.22111,1.0050251,0,0
2022-07-15 13:56:27,0,0,4.260652,0.2506266,0,91.4787,2.005013,0,1.2531328
2022-07-15 13:56:26,0,0,3.759398,0,0,94.23559,1.2531328,0.5012531,0
2022-07-15 13:56:25,0,0,5.513784,0.2506266,0,90.72682,1.5037594,0,0.7518797
2022-07-15 13:56:24,0,0,3.25,0,0,95.25,1,0,0
2022-07-15 13:56:23,0,0,4.010025,0.2506266,0,94.23559,1.0025063,0.2506266,0
2022-07-15 13:56:22,0,0,3.990025,0,0,94.01496,1.2468828,0.2493766,0
2022-07-15 13:56:21,0,0,4.75,0.25,0,93.25,1.5,0,0
2022-07-15 13:56:20,0,0,4.260652,0,0,93.48371,2.005013,0,0
2022-07-15 13:56:19,0,0,3.9801,0.2487562,0,94.02985,1.2437811,0.2487562,0
2022-07-15 13:56:18,0,0,4.522613,0.2512563,0,93.46734,1.2562814,0,0
2022-07-15 13:56:17,0,0,4.761905,0,0,92.98246,1.754386,0.2506266,0
2022-07-15 13:56:16,0,0,3.75,0.25,0,91.75,1.5,0,2
2022-07-15 13:56:15,0,0,3.482587,0,0,95.52239,0.4975124,0.2487562,0
2022-07-15 13:56:14,0,0,4.488778,0.4987531,0,93.51621,1.2468828,0,0
2022-07-15 13:56:13,0,0,4.25,0.25,0,94,1,0,0
2022-07-15 13:56:12,0,0,4.010025,0.2506266,0,93.73434,1.5037594,0,0
2022-07-15 13:56:11,0,0,4.488778,0.2493766,0,92.5187,1.745636,0.4987531,0
2022-07-15 13:56:10,0,0,4.75,0,0,93.5,1.25,0,0
2022-07-15 13:56:09,0,0,4.239401,0.2493766,0,94.26434,0.7481297,0.2493766,0
2022-07-15 13:56:08,0,0,4.25,0,0,93.75,1.5,0.25,0
2022-07-15 13:56:07,0,0,4.785894,0,0,93.45088,1.2594458,0,0
2022-07-15 13:56:06,0,0,5.955335,0.4962779,0,90.81886,1.2406948,0.248139,0
2022-07-15 13:56:05,0,0,3.517588,0,0,95.47739,1.0050251,0,0
2022-07-15 13:56:04,0,0,4.239401,0.4987531,0,93.01746,1.745636,0,0
2022-07-15 13:56:03,0,0,4.511278,0,0,93.23308,1.5037594,0.5012531,0
2022-07-15 13:56:02,0,0,4.271357,0,0,94.72362,0.7537688,0,0
2022-07-15 13:56:01,0,0,4.271357,0.5025126,0,93.71859,1.2562814,0,0
2022-07-15 13:56:00,0,0,4.522613,0,0,93.21608,1.5075377,0,0
2022-07-15 13:55:59,0,0,4.75,0.25,0,93.25,1.5,0,0
2022-07-15 13:55:58,0,0,3.241895,0,0,94.26434,1.2468828,0.4987531,0
2022-07-15 13:55:57,0,0,5.764411,0,0,90.22556,1.754386,0,1.2531328
2022-07-15 13:55:56,0,0,3.241895,0.4987531,0,94.76309,0.9975062,0.2493766,0
2022-07-15 13:55:55,0,0,3.491272,0,0,95.26185,0.7481297,0,0
2022-07-15 13:55:54,0,0,4.488778,0.4987531,0,93.51621,1.2468828,0.2493766,0
2022-07-15 13:55:53,0,0,4.738155,0,0,93.51621,1.2468828,0,0
2022-07-15 13:55:52,0,0,4,0.25,0,95,0.75,0,0
2022-07-15 13:55:51,0,0,4.511278,0,0,93.48371,1.0025063,0.2506266,0
2022-07-15 13:55:50,0,0,4.534005,0.2518892,0,92.9471,1.763224,0,0
2022-07-15 13:55:49,0,0,5.513784,0,0,92.23058,1.5037594,0.2506266,0.2506266
2022-07-15 13:55:48,0,0,4.239401,0.2493766,0,93.01746,1.2468828,0.2493766,0
2022-07-15 13:55:47,0,0,3.75,0.25,0,94.75,1.25,0,0
2022-07-15 13:55:46,0,0,4.260652,0,0,93.98496,1.0025063,0.2506266,0
2022-07-15 13:55:45,0,0,4.25,0.25,0,93.75,1.25,0.25,0
2022-07-15 13:55:44,0,0,3.970223,0.248139,0,94.78908,0.7444169,0,0
2022-07-15 13:55:43,0,0,4.773869,0.2512563,0,93.21608,1.5075377,0,0
2022-07-15 13:55:42,0,0,4.488778,0.2493766,0,94.01496,0.7481297,0.2493766,0
2022-07-15 13:55:41,0,0,3.768844,0,0,94.72362,1.2562814,0,0
2022-07-15 13:55:40,0,0,4.522613,0.2512563,0,93.21608,1.2562814,0.2512563,0
2022-07-15 13:55:39,0,0,4.444444,0,0,93.33333,1.2345679,0.2469136,0
2022-07-15 13:55:38,0,0,4.545455,0,0,93.93939,1.010101,0,0
2022-07-15 13:55:37,0,0,3.491272,0.2493766,0,92.26933,1.2468828,0,0
2022-07-15 13:55:36,0,0,4.271357,0,0,94.22111,1.0050251,0.2512563,0
2022-07-15 13:55:35,0,0,4,0,0,93.75,1.25,0,0
2022-07-15 13:55:34,0,0,4.488778,0,0,94.26434,0.7481297,0.2493766,0
2022-07-15 13:55:33,0,0,4.522613,0,0,93.71859,1.5075377,0,0
2022-07-15 13:55:32,0,0,4.228856,0.2487562,0,93.78109,1.2437811,0,0
2022-07-15 13:55:31,0,0,4.522613,0,0,90.95477,1.2562814,0.2512563,2.01005
2022-07-15 13:55:30,0,0,3.482587,0.7462687,0,93.03483,1.4925373,0.4975124,0
2022-07-15 13:55:29,0,0,5.75,0,0,91.75,1.75,0.25,0
2022-07-15 13:55:28,0,0,3.007519,0,0,94.48622,1.0025063,0.2506266,0
2022-07-15 13:55:27,0,0,4.010025,0,0,94.73684,1.0025063,0.2506266,0
2022-07-15 13:55:26,0,0,4.260652,0.2506266,0,92.73183,1.754386,0.2506266,0
2022-07-15 13:55:25,0,0,4.239401,0.4987531,0,93.51621,1.2468828,0,0
2022-07-15 13:55:24,0,0,4.271357,0,0,93.96985,1.2562814,0.2512563,0
2022-07-15 13:55:23,0,0,4.975124,0.2487562,0,92.28856,1.741294,0.2487562,0
2022-07-15 13:55:22,0,0,4.040404,0,0,94.94949,0.5050505,0.5050505,0
2022-07-15 13:55:21,0,0,5.75,0,0,90.75,2.5,0.25,0.25
2022-07-15 13:55:20,0,0,3.482587,0.2487562,0,94.02985,1.2437811,0,0
2022-07-15 13:55:19,0,0,3.990025,0.2493766,0,93.76559,0.7481297,0.2493766,0.2493766
2022-07-15 13:55:18,0,0,4.260652,0,0,94.23559,1.2531328,0.2506266,0
2022-07-15 13:55:17,0,0,4.477612,0,0,93.28358,1.2437811,0.4975124,0
2022-07-15 13:55:16,0,0,4.5,0.25,0,93.25,1.5,0,0
2022-07-15 13:55:15,0,0,4.030227,0,0,94.96222,0.7556675,0,0
2022-07-15 13:55:14,0,0,4.25,0,0,93,1.75,0.25,0
2022-07-15 13:55:13,0,0,4.260652,0.2506266,0,94.23559,1.0025063,0,0
2022-07-15 13:55:12,0,0,4,0.25,0,94.25,1.25,0,0
2022-07-15 13:55:11,0,0,4.785894,0.2518892,0,93.70277,0.7556675,0.2518892,0
2022-07-15 13:55:10,0,0,4,0.25,0,94.25,1,0.25,0
2022-07-15 13:55:09,0,0,3.9801,0,0,91.79104,1.2437811,0.2487562,1.741294
2022-07-15 13:55:08,0,0,4.25,0.25,0,93.5,1.25,0.25,0
2022-07-15 13:55:07,0,0,4.75,0.25,0,92.5,1.5,0,0.5
2022-07-15 13:55:06,0,0,3.75,0,0,94.25,1.25,0.25,0.5
2022-07-15 13:55:05,0,0,5.223881,0.2487562,0,92.0398,1.2437811,0.2487562,0.2487562
2022-07-15 13:55:04,0,0,3.9801,0.4975124,0,94.02985,1.2437811,0,0
2022-07-15 13:55:03,0,0,4.773869,0.2512563,0,92.46231,1.5075377,0.2512563,0
2022-07-15 13:55:02,0,0,3.759398,0,0,94.48622,1.2531328,0.2506266,0
2022-07-15 13:55:01,0,0,5.527638,0,0,91.70854,1.758794,0,0
2022-07-15 13:55:00,0,0,3,0.25,0,94.75,1.75,0,0
2022-07-15 13:54:59,0,0,3.9801,0,0,94.52736,0.9950249,0.2487562,0
2022-07-15 13:54:58,0,0,4.761905,0.2506266,0,93.73434,0.7518797,0.2506266,0
2022-07-15 13:54:57,0,0,4.020101,0,0,93.46734,2.01005,0,0
2022-07-15 13:54:56,0,0,4.239401,0,0,93.76559,1.4962594,0.2493766,0
2022-07-15 13:54:55,0,0,4.511278,0,0,93.23308,1.754386,0,0
2022-07-15 13:54:54,0,0,4.488778,0.2493766,0,93.26683,1.2468828,0.2493766,0
2022-07-15 13:54:53,0,0,5.75,0,0,91.75,1.75,0.25,0
2022-07-15 13:54:52,0,0,3.258145,0.2506266,0,94.73684,1.0025063,0,0.2506266
2022-07-15 13:54:51,0,0,4.020101,0,0,93.71859,1.2562814,0.2512563,0
2022-07-15 13:54:50,0,0,4,0.25,0,94,1.25,0.25,0
2022-07-15 13:54:49,0,0,4.010025,0.2506266,0,92.73183,2.005013,0,0
2022-07-15 13:54:48,0,0,4.488778,0,0,93.76559,1.2468828,0.2493766,0
2022-07-15 13:54:47,0,0,4.511278,0.2506266,0,92.98246,1.5037594,0.2506266,0
2022-07-15 13:54:46,0,0,4.228856,0.2487562,0,94.52736,0.7462687,0,0
2022-07-15 13:54:45,0,0,4.511278,0,0,93.73434,1.2531328,0.2506266,0
2022-07-15 13:54:44,0,0,4.260652,0,0,93.98496,1.2531328,0,0
2022-07-15 13:54:43,0,0,4.25,0.25,0,93.5,1,0.75,0
2022-07-15 13:54:42,0,0,4.260652,0.2506266,0,93.98496,1.2531328,0,0
2022-07-15 13:54:41,0,0,4.75,0.25,0,93.25,1,0,0
2022-07-15 13:54:40,0,0,3.768844,0,0,94.22111,1.2562814,0.2512563,0
2022-07-15 13:54:39,0,0,4.292929,0.2525253,0,93.43434,1.2626263,0.2525253,0
2022-07-15 13:54:38,0,0,4.5,0.25,0,93.25,1.25,0,0
2022-07-15 13:54:37,0,0,4.25,0,0,93.75,1.5,0,0
2022-07-15 13:54:36,0,0,4.25,0.25,0,93.5,1.25,0.5,0
2022-07-15 13:54:35,0,0,4.761905,0,0,91.97995,2.005013,0.2506266,0.2506266
2022-07-15 13:54:34,0,0,4.228856,0.2487562,0,94.02985,1.2437811,0,0
2022-07-15 13:54:33,0,0,5.012531,0.2506266,0,90.72682,1.754386,0.2506266,0.5012531
2022-07-15 13:54:32,0,0,3.778338,0.5037783,0,94.20655,1.0075567,0.2518892,0
2022-07-15 13:54:31,0,0,4.020101,0,0,93.71859,1.5075377,0,0
2022-07-15 13:54:30,0,0,4.522613,0.2512563,0,93.21608,1.5075377,0.2512563,0
2022-07-15 13:54:29,0,0,4.260652,0,0,94.48622,0.7518797,0,0
2022-07-15 13:54:28,0,0,4.477612,0,0,94.02985,0.9950249,0.2487562,0
2022-07-15 13:54:27,0,0,4.5,0.25,0,94,1,0,0
2022-07-15 13:54:26,0,0,4.738155,0,0,93.01746,1.4962594,0.2493766,0
2022-07-15 13:54:25,0,0,6.030151,0,0,92.21106,1.2562814,0,0.2512563
2022-07-15 13:54:24,0,0,2.985075,0,0,94.27861,1.2437811,0.2487562,0
2022-07-15 13:54:23,0,0,3.508772,0,0,94.73684,1.2531328,0,0
2022-07-15 13:54:22,0,0,4.271357,0.2512563,0,93.71859,1.0050251,0.2512563,0
2022-07-15 13:54:21,0,0,4.511278,0.2506266,0,93.48371,1.2531328,0,0
2022-07-15 13:54:20,0,0,4.271357,0,0,94.22111,0.7537688,0.5025126,0
2022-07-15 13:54:19,0,0,4.511278,0.2506266,0,93.73434,0.7518797,0.2506266,0
2022-07-15 13:54:18,0,0,4.239401,0,0,94.51372,0.7481297,0,0
2022-07-15 13:54:17,0,0,4.25,0,0,93.75,1.25,0.5,0
2022-07-15 13:54:16,0,0,4.488778,0,0,93.01746,1.745636,0.2493766,0
2022-07-15 13:54:15,0,0,4.534005,0.2518892,0,93.70277,1.2594458,0.2518892,0
2022-07-15 13:54:14,0,0,4.228856,0,0,93.53234,1.99005,0,0
2022-07-15 13:54:13,0,0,4.282116,0.2518892,0,93.70277,0.7556675,0,0.2518892
2022-07-15 13:54:12,0,0,4.466501,0,0,93.79653,1.2406948,0.248139,0
2022-07-15 13:54:11,0,0,4.020101,0.2512563,0,93.71859,1.2562814,0.2512563,0
2022-07-15 13:54:10,0,0,4.260652,0,0,94.73684,0.7518797,0,0
2022-07-15 13:54:09,0,0,4.738155,0.2493766,0,93.01746,1.4962594,0.2493766,0
2022-07-15 13:54:08,0,0,4.25,0.25,0,93.5,1,0,0.25
2022-07-15 13:54:07,0,0,4.488778,0.4987531,0,92.26933,1.745636,0.2493766,0
2022-07-15 13:54:06,0,0,4.75,0.25,0,93.25,1,0,0.5
2022-07-15 13:54:05,0,0,4.522613,0.2512563,0,93.46734,1.0050251,0,0
2022-07-15 13:54:04,0,0,3.25,0,0,94.75,1,0.5,0
2022-07-15 13:54:03,0,0,4.020101,0.2512563,0,94.22111,1.2562814,0,0
2022-07-15 13:54:02,0,0,4.5,0,0,93,2,0,0.25
2022-07-15 13:54:01,0,0,4.511278,0.2506266,0,92.98246,1.2531328,0.2506266,0
2022-07-15 13:54:00,0,0,4.207921,0,0,93.56436,1.732673,0.2475248,0
2022-07-15 13:53:59,0,0,4.556962,0,0,93.92405,1.2658228,0,0
2022-07-15 13:53:58,0,0,4.488778,0,0,93.76559,1.2468828,0.2493766,0
2022-07-15 13:53:57,0,0,5.5,0,0,92,1.25,0.25,0
2022-07-15 13:53:56,0,0,3.266332,0.2512563,0,95.22613,1.0050251,0,0
2022-07-15 13:53:55,0,0,3.5,0,0,94.75,1,0,0
2022-07-15 13:53:54,0,0,4.511278,0.2506266,0,93.73434,1.0025063,0.2506266,0
2022-07-15 13:53:53,0,0,4.477612,0,0,92.78607,1.741294,0.4975124,0
2022-07-15 13:53:52,0,0,4.020101,0.2512563,0,94.22111,1.2562814,0,0
2022-07-15 13:53:51,0,0,4.511278,0.2506266,0,93.23308,1.2531328,0.2506266,0
2022-07-15 13:53:50,0,0,4.455446,0.2475248,0,93.31683,1.2376238,0.2475248,0.2475248
2022-07-15 13:53:49,0,0,3.778338,0,0,94.71033,1.2594458,0,0
2022-07-15 13:53:48,0,0,4.488778,0.4987531,0,92.76808,1.4962594,0.2493766,0
2022-07-15 13:53:47,0,0,5,0,0,93.25,1.25,0.25,0
2022-07-15 13:53:46,0,0,4.511278,0,0,93.48371,1.5037594,0,0
2022-07-15 13:53:45,0,0,4.975124,0,0,92.0398,1.741294,0.4975124,0
2022-07-15 13:53:44,0,0,3.517588,0,0,94.47236,1.5075377,0.2512563,0
2022-07-15 13:53:43,0,0,4.228856,0.2487562,0,93.78109,1.2437811,0.2487562,0
2022-07-15 13:53:42,0,0,4.773869,0.2512563,0,92.21106,2.01005,0.5025126,0
2022-07-15 13:53:41,0,0,4.25,0,0,94,1.5,0,0
2022-07-15 13:53:40,0,0,4.488778,0.2493766,0,92.76808,1.2468828,0.4987531,0
2022-07-15 13:53:39,0,0,4.75,0.5,0,92.75,1.25,0,0
2022-07-15 13:53:38,0,0,4.522613,0,0,93.46734,1.5075377,0.2512563,0
2022-07-15 13:53:37,0,0,4.010025,0.2506266,0,94.23559,0.7518797,0.2506266,0.2506266
2022-07-15 13:53:36,0,0,3.233831,0,0,94.52736,0.9950249,0.2487562,0
2022-07-15 13:53:35,0,0,4.25,0,0,94.25,0.75,0.25,0.25
2022-07-15 13:53:34,0,0,4.70297,0,0,93.06931,1.732673,0.2475248,0
2022-07-15 13:53:33,0,0,4.260652,0.5012531,0,89.72431,4.761905,0,0
2022-07-15 13:53:32,0,0,4.218362,0,0,93.79653,1.4888337,0.248139,0
2022-07-15 13:53:31,0,0,4.522613,0.2512563,0,93.46734,1.0050251,0,0
2022-07-15 13:53:30,0,0,4.488778,0,0,93.51621,1.4962594,0.2493766,0
2022-07-15 13:53:29,0,0,5.472637,0.4975124,0,91.29353,1.741294,0,0.2487562
2022-07-15 13:53:28,0,0,3.282828,0,0,94.94949,1.2626263,0,0
2022-07-15 13:53:27,0,0,3.970223,0.248139,0,94.54094,0.7444169,0.248139,0
2022-07-15 13:53:26,0,0,4.282116,0,0,93.45088,1.511335,0,0
2022-07-15 13:53:25,0,0,4.218362,0.248139,0,93.79653,1.2406948,0.248139,0
2022-07-15 13:53:24,0,0,4.534005,0,0,93.70277,1.2594458,0.2518892,0
2022-07-15 13:53:23,0,0,4.5,0.25,0,94,1,0,0
2022-07-15 13:53:22,0,0,4.488778,0.2493766,0,93.26683,1.2468828,0.2493766,0
2022-07-15 13:53:21,0,0,4.511278,0.2506266,0,93.73434,1.0025063,0,0
2022-07-15 13:53:20,0,0,4.75,0.25,0,93,1.5,0,0
2022-07-15 13:53:19,0,0,4.25,0.25,0,94.25,0.75,0.25,0
2022-07-15 13:53:18,0,0,4.511278,0.2506266,0,92.73183,1.5037594,0.2506266,0.2506266
2022-07-15 13:53:17,0,0,5.25,0.25,0,91.25,2,0.25,0.25
2022-07-15 13:53:16,0,0,3.759398,0,0,94.73684,1.0025063,0.2506266,0
2022-07-15 13:53:15,0,0,4.239401,0.2493766,0,93.51621,1.2468828,0,0
2022-07-15 13:53:14,0,0,4.534005,0.2518892,0,93.19899,1.2594458,0,0.2518892
2022-07-15 13:53:13,0,0,4.761905,0,0,93.23308,1.5037594,0.2506266,0
2022-07-15 13:53:12,0,0,5.012531,0.2506266,0,92.73183,1.5037594,0.2506266,0
2022-07-15 13:53:11,0,0,5,0.25,0,91.5,1.75,0,0.5
2022-07-15 13:53:10,0,0,4.773869,0.2512563,0,92.96482,1.2562814,0,0.2512563
2022-07-15 13:53:09,0,0,4.25,0.25,0,93.5,1.25,0,0
2022-07-15 13:53:08,0,0,3.759398,0.2506266,0,94.23559,1.0025063,0,0
2022-07-15 13:53:07,0,0,4.260652,0,0,93.48371,1.754386,0.2506266,0
2022-07-15 13:53:06,0,0,5.012531,0,0,93.73434,1.0025063,0,0
2022-07-15 13:53:05,0,0,4.738155,0.2493766,0,93.01746,1.2468828,0.2493766,0
2022-07-15 13:53:04,0,0,4.761905,0.2506266,0,93.23308,1.5037594,0,0
2022-07-15 13:53:03,0,0,4.239401,0,0,93.26683,1.745636,0,0
2022-07-15 13:53:02,0,0,4.75,0,0,93,1.25,0.25,0.25
2022-07-15 13:53:01,0,0,5.764411,0,0,91.22807,1.754386,0.2506266,0
2022-07-15 13:53:00,0,0,3.990025,0.2493766,0,93.76559,1.4962594,0,0
2022-07-15 13:52:59,0,0,3.526448,0,0,94.20655,1.763224,0,0
2022-07-15 13:52:58,0,0,4.5,0.25,0,93.5,1.25,0.25,0
2022-07-15 13:52:57,0,0,4.738155,0,0,93.76559,0.9975062,0.2493766,0
2022-07-15 13:52:56,0,0,4.726368,0,0,92.53731,1.4925373,0.2487562,0.2487562
2022-07-15 13:52:55,0,0,4.020101,0.2512563,0,94.47236,1.0050251,0.2512563,0
2022-07-15 13:52:54,0,0,4.987531,0.2493766,0,92.5187,1.4962594,0.2493766,0
2022-07-15 13:52:53,0,0,4.488778,0,0,93.76559,1.4962594,0,0
2022-07-15 13:52:52,0,0,4.511278,0.5012531,0,92.98246,1.2531328,0,0
2022-07-15 13:52:51,0,0,4.5,0.25,0,92.75,1.75,0.25,0
2022-07-15 13:52:50,0,0,4.522613,0,0,93.46734,1.2562814,0,0
2022-07-15 13:52:49,0,0,4.488778,0.2493766,0,93.01746,1.2468828,0.2493766,0
2022-07-15 13:52:48,0,0,4.5,0.25,0,91.75,2.25,0,0.25
2022-07-15 13:52:47,0,0,4.488778,0,0,94.26434,0.7481297,0.2493766,0
2022-07-15 13:52:46,0,0,4.534005,0.2518892,0,93.95466,1.0075567,0,0
2022-07-15 13:52:45,0,0,4.25,0,0,93.75,1.25,0.5,0
2022-07-15 13:52:44,0,0,4.534005,0,0,93.45088,1.763224,0,0
2022-07-15 13:52:43,0,0,5.25,0,0,91.25,2.25,0.25,0
2022-07-15 13:52:42,0,0,4.761905,0,0,92.98246,1.754386,0,0
2022-07-15 13:52:41,0,0,4.271357,0.2512563,0,93.21608,1.2562814,0.2512563,0
2022-07-15 13:52:40,0,0,4.010025,0.5012531,0,93.73434,1.0025063,0.2506266,0
2022-07-15 13:52:39,0,0,4.5,0,0,93.5,1.25,0,0
2022-07-15 13:52:38,0,0,4.488778,0.2493766,0,93.26683,1.2468828,0.2493766,0.2493766
2022-07-15 13:52:37,0,0,4.25,0,0,94.25,1,0,0
2022-07-15 13:52:36,0,0,4.773869,0.2512563,0,92.71357,1.5075377,0.2512563,0
2022-07-15 13:52:35,0,0,4.488778,0,0,94.01496,1.2468828,0,0
2022-07-15 13:52:34,0,0,4.25,0.5,0,93.75,1,0.25,0
2022-07-15 13:52:33,0,0,6.25,0.5,0,91.75,1,0.25,0
2022-07-15 13:52:32,0,0,3.768844,0.5025126,0,93.46734,1.2562814,0.2512563,0
2022-07-15 13:52:31,0,0,3.517588,0.2512563,0,94.47236,1.2562814,0,0
2022-07-15 13:52:30,0,0,4.260652,0.2506266,0,93.23308,1.5037594,0.2506266,0
2022-07-15 13:52:29,0,0,4.726368,0.2487562,0,93.28358,1.2437811,0.2487562,0
2022-07-15 13:52:28,0,0,4.761905,0,0,92.73183,1.754386,0,0.2506266
2022-07-15 13:52:27,0,0,3.990025,0.2493766,0,93.76559,1.2468828,0.4987531,0
2022-07-15 13:52:26,0,0,5.223881,0.4975124,0,93.03483,0.7462687,0.2487562,0
2022-07-15 13:52:25,0,0,4.773869,0.2512563,0,92.71357,1.758794,0,0
2022-07-15 13:52:24,0,0,4.511278,0.5012531,0,93.73434,1.0025063,0.2506266,0
2022-07-15 13:52:23,0,0,4.218362,0,0,94.2928,0.9925558,0,0
2022-07-15 13:52:22,0,0,5.263158,0,0,92.73183,1.5037594,0.2506266,0
2022-07-15 13:52:21,0,0,4.773869,0.2512563,0,92.46231,1.5075377,0.2512563,0
2022-07-15 13:52:20,0,0,4.228856,0.2487562,0,91.79104,1.4925373,0.4975124,0.4975124
2022-07-15 13:52:19,0,0,3.990025,0.4987531,0,93.76559,0.9975062,0.2493766,0
2022-07-15 13:52:18,0,0,4.75,0.25,0,93.5,1,0.25,0
2022-07-15 13:52:17,0,0,4.522613,0.2512563,0,93.46734,1.2562814,0,0
2022-07-15 13:52:16,0,0,4.282116,0.2518892,0,93.95466,1.2594458,0,0
2022-07-15 13:52:15,0,0,5.236908,0.2493766,0,91.77057,1.4962594,0.2493766,0
2022-07-15 13:52:14,0,0,4.228856,0.2487562,0,94.27861,0.9950249,0,0
2022-07-15 13:52:13,0,0,5.025126,0,0,92.96482,1.2562814,0,0
2022-07-15 13:52:12,0,0,3.75,0.25,0,94.75,0.5,0.25,0
2022-07-15 13:52:11,0,0,4.282116,0,0,93.95466,0.7556675,0.2518892,0
2022-07-15 13:52:10,0,0,4.5,0.5,0,93,1.5,0.25,0
2022-07-15 13:52:09,0,0,4.5,0,0,93,1.25,0,0
2022-07-15 13:52:08,0,0,4.5,0,0,92.75,2.25,0.25,0
2022-07-15 13:52:07,0,0,4.5,0,0,94,1.25,0,0
2022-07-15 13:52:06,0,0,4.511278,0.2506266,0,92.73183,1.754386,0.2506266,0
2022-07-15 13:52:05,0,0,6.5,0.25,0,91.75,1.25,0.25,0
2022-07-15 13:52:04,0,0,3.759398,0,0,93.73434,1.5037594,0,0
2022-07-15 13:52:03,0,0,3.491272,0.2493766,0,94.76309,0.9975062,0.2493766,0
2022-07-15 13:52:02,0,0,4.71464,0.4962779,0,91.81141,1.2406948,0.248139,0.4962779
2022-07-15 13:52:01,0,0,5.012531,0.2506266,0,92.23058,1.5037594,0.2506266,0
2022-07-15 13:52:00,0,0,4.25,0,0,93.5,1.75,0.25,0
2022-07-15 13:51:59,0,0,4.511278,0,0,93.48371,1.5037594,0,0
2022-07-15 13:51:58,0,0,4.738155,0,0,93.26683,1.4962594,0.2493766,0
2022-07-15 13:51:57,0,0,4.271357,0.2512563,0,93.96985,0.7537688,0.2512563,0
2022-07-15 13:51:56,0,0,4.726368,0.2487562,0,92.78607,1.2437811,0.2487562,0
2022-07-15 13:51:55,0,0,4.260652,0.2506266,0,93.73434,1.2531328,0.2506266,0
2022-07-15 13:51:54,0,0,4.522613,0.2512563,0,93.71859,1.0050251,0,0
2022-07-15 13:51:53,0,0,4.511278,0,0,93.73434,1.2531328,0.2506266,0
2022-07-15 13:51:52,0,0,5,0.25,0,91.5,2,0,0
2022-07-15 13:51:51,0,0,3.517588,0,0,94.47236,0.7537688,0,0.2512563
2022-07-15 13:51:50,0,0,4.738155,0,0,92.5187,1.745636,0.2493766,0
2022-07-15 13:51:49,0,0,4.761905,0.2506266,0,93.98496,0.5012531,0.2506266,0
2022-07-15 13:51:48,0,0,4.488778,0,0,93.76559,1.2468828,0.2493766,0
2022-07-15 13:51:47,0,0,5.289673,0.2518892,0,91.68766,1.763224,0.2518892,0.2518892
2022-07-15 13:51:46,0,0,4,0,0,94.25,1,0.25,0
2022-07-15 13:51:45,0,0,5.793451,0,0,92.19144,1.2594458,0.2518892,0
2022-07-15 13:51:44,0,0,3.482587,0,0,95.02488,0.9950249,0,0
2022-07-15 13:51:43,0,0,4.239401,0.2493766,0,94.01496,0.9975062,0.2493766,0
2022-07-15 13:51:42,0,0,5.513784,0,0,92.4812,1.2531328,0.2506266,0
2022-07-15 13:51:41,0,0,5,0.25,0,92.25,1.75,0,0.25
2022-07-15 13:51:40,0,0,4.020101,0.2512563,0,94.22111,1.0050251,0.2512563,0
2022-07-15 13:51:39,0,0,4.738155,0,0,93.51621,0.9975062,0.2493766,0
2022-07-15 13:51:38,0,0,4.5,0.25,0,93.25,1.25,0.25,0
2022-07-15 13:51:37,0,0,6,0.5,0,90.5,1.75,0.25,0.25
2022-07-15 13:51:36,0,0,4.030227,0,0,93.45088,1.2594458,0.2518892,0
2022-07-15 13:51:35,0,0,3.75,0,0,95,1.25,0,0
2022-07-15 13:51:34,0,0,4.5,0,0,94,1,0,0
2022-07-15 13:51:33,0,0,4.477612,0.2487562,0,93.28358,1.4925373,0.2487562,0
2022-07-15 13:51:32,0,0,4.260652,0,0,94.73684,0.7518797,0,0
2022-07-15 13:51:31,0,0,5.025126,0,0,92.46231,2.01005,0,0
2022-07-15 13:51:30,0,0,4.477612,0.2487562,0,92.78607,1.4925373,0.4975124,0
2022-07-15 13:51:29,0,0,4.282116,0,0,94.20655,1.0075567,0.2518892,0
2022-07-15 13:51:28,0,0,4.71464,0.248139,0,93.30025,1.2406948,0.248139,0
2022-07-15 13:51:27,0,0,4.79798,0.2525253,0,92.67677,1.010101,0.2525253,0.2525253
2022-07-15 13:51:26,0,0,6.015038,0,0,92.23058,1.5037594,0,0
2022-07-15 13:51:25,0,0,4.488778,0,0,93.51621,1.2468828,0.2493766,0
2022-07-15 13:51:24,0,0,4.738155,0.4987531,0,91.77057,1.4962594,0.2493766,0.7481297
2022-07-15 13:51:23,0,0,3.508772,0.2506266,0,94.23559,1.2531328,0.2506266,0
2022-07-15 13:51:22,0,0,4.511278,0.2506266,0,93.48371,1.0025063,0.2506266,0.2506266
2022-07-15 13:51:21,0,0,7.960199,0.4975124,0,89.30348,1.2437811,0.2487562,0.4975124
2022-07-15 13:51:20,0,0,7.575758,0.5050505,0,90.15152,1.767677,0,0
2022-07-15 13:51:19,0,0,5.970149,0.2487562,0,91.04478,1.741294,0.2487562,0.2487562
2022-07-15 13:51:18,0,0,4,0.25,0,93.5,1.5,0.25,0.25
2022-07-15 13:51:17,0,0,4.738155,0.2493766,0,92.5187,1.4962594,0.2493766,0
2022-07-15 13:51:16,0,0,5.025126,0,0,92.71357,1.2562814,0,0.7537688
2022-07-15 13:51:15,0,0,5,0,0,91.25,1.5,0.5,1.5
2022-07-15 13:51:14,0,0,5.012531,0.5012531,0,90.47619,1.5037594,0,1.754386
2022-07-15 13:51:13,0,0,5.172414,0.7389163,0,89.40887,0.9852217,0.2463054,3.20197
2022-07-15 13:51:12,0,0,5.735661,0.4987531,0,92.01995,0.9975062,0.2493766,0.4987531
2022-07-15 13:51:11,0,0,4.488778,0,0,93.51621,1.2468828,0.2493766,0
2022-07-15 13:51:10,0,0,4.522613,0,0,93.96985,1.2562814,0,0
2022-07-15 13:51:09,0,0,4.738155,0.2493766,0,92.5187,1.2468828,0.2493766,0
2022-07-15 13:51:08,0,0,4.738155,0,0,91.77057,1.4962594,0.2493766,1.2468828
2022-07-15 13:51:07,0,0,5.025126,0.2512563,0,90.45226,3.015075,0.2512563,0
2022-07-15 13:51:06,0,0,6.015038,0.5012531,0,91.72932,1.0025063,0,0.5012531
2022-07-15 13:51:05,0,0,5.764411,0.2506266,0,91.97995,1.754386,0,0
2022-07-15 13:51:04,0,0,6.234414,0.2493766,0,90.27431,2.244389,0.7481297,0
2022-07-15 13:51:03,0,0,4.488778,0.2493766,0,93.01746,1.4962594,0,0.4987531
2022-07-15 13:51:02,0,0,2.5,0,0,95.75,1.25,0,0.25
2022-07-15 13:51:01,0,0,5.276382,0,0,92.21106,1.5075377,0.2512563,0.5025126
2022-07-15 13:51:00,0,0,6.982544,0.7481297,0,90.27431,1.4962594,0,0.4987531
2022-07-15 13:50:59,0,0,4.511278,0,0,93.73434,1.2531328,0.2506266,0
2022-07-15 13:50:58,0,0,4.975124,0.2487562,0,93.28358,1.2437811,0,0
2022-07-15 13:50:57,0,0,4.25,0.25,0,93,1.25,0.25,0.25
2022-07-15 13:50:56,0,0,6.281407,0,0,90.70352,2.01005,0.2512563,0.5025126
2022-07-15 13:50:55,0,0,7.518797,0.5012531,0,82.70677,4.761905,0.2506266,3.258145
2022-07-15 13:50:54,0,0,3.448276,0.7389163,0,75.61576,3.448276,0.4926108,15.763547
2022-07-15 13:50:53,0,0,6,0,0,79.25,3.5,0.5,9
2022-07-15 13:50:52,0,0,10.421836,0.7444169,0,81.63772,3.970223,0.4962779,1.736973
2022-07-15 13:50:51,0,0,11.838791,0.2518892,0,76.32242,4.030227,0.2518892,4.785894
2022-07-15 13:50:50,0,0,4.207921,1.2376238,0,54.45545,4.950495,0.2475248,23.0198
2022-07-15 13:50:49,0,0,1.719902,0.982801,0,35.13514,4.914005,0.2457002,29.72973
2022-07-15 13:50:48,0,0,3.431373,0.7352941,0,30.63725,5.882353,0.4901961,38.48039
2022-07-15 13:50:47,0,0,1.970443,0.7389163,0,33.49754,5.91133,0,36.2069
2022-07-15 13:50:46,0,0,1.4925373,0.7462687,0,34.0796,2.736318,0.4975124,32.33831
2022-07-15 13:50:45,0,0,0.7425743,0.7425743,0,35.89109,3.960396,0.4950495,26.73267
2022-07-15 13:50:44,0,0,1.2406948,0.248139,0,32.75434,3.970223,0.4962779,27.29529
2022-07-15 13:50:43,0,0,0.7352941,1.2254902,0,33.82353,3.186275,0.245098,34.55882
2022-07-15 13:50:42,0,0,1.0025063,0.5012531,0,18.79699,3.007519,0.5012531,47.11779
2022-07-15 13:50:41,0,0,1.728395,1.2345679,0,36.2963,4.938272,0.2469136,32.34568
2022-07-15 13:50:40,0,0,1.2376238,0.7425743,0,35.89109,4.207921,0.7425743,26.73267
2022-07-15 13:50:39,0,0,1.75,0.75,0,33.75,3.75,0.5,27
2022-07-15 13:50:38,0,0,2.015113,1.0075567,0,33.24937,5.037783,0.5037783,33.24937
2022-07-15 13:50:37,0,0,1.2285012,0.4914005,0,28.50123,2.948403,0.4914005,40.54054
2022-07-15 13:50:36,0,0,1.4814815,0.9876543,0,24.44444,4.197531,0,44.69136
2022-07-15 13:50:35,0,0,1.970443,1.2315271,0,35.22167,4.433498,0.4926108,31.52709
2022-07-15 13:50:34,0,0,1.965602,0.7371007,0,36.36364,3.685504,0.4914005,29.72973
2022-07-15 13:50:33,0,0,1.2195122,0.7317073,0,36.58537,3.902439,0.2439024,34.39024
2022-07-15 13:50:32,0,0,1.699029,0.9708738,0,35.92233,5.097087,0.4854369,30.58252
2022-07-15 13:50:31,0,0,1.2376238,1.2376238,0,27.72277,3.712871,0.2475248,40.09901
2022-07-15 13:50:30,0,0,1.965602,0.7371007,0,41.27764,5.159705,0.4914005,29.97543
2022-07-15 13:50:29,0,0,1.995012,0.9975062,0,35.41147,3.740648,0.2493766,35.16209
2022-07-15 13:50:28,0,0,0.75,1.25,0,35,4,0.5,34
2022-07-15 13:50:27,0,0,1.728395,0.7407407,0,35.30864,3.45679,0.2469136,35.80247
2022-07-15 13:50:26,0,0,1.4925373,0.9950249,0,35.8209,3.731343,0.4975124,32.83582
2022-07-15 13:50:25,0,0,1.946472,1.459854,0,16.058394,3.892944,0.486618,55.47445
2022-07-15 13:50:24,0,0,1.4888337,0.9925558,0,32.00993,3.225806,0.248139,32.75434
2022-07-15 13:50:23,0,0,1.4669927,1.2224939,0,34.71883,3.422983,0.2444988,37.16381
2022-07-15 13:50:22,0,0,1.2285012,1.2285012,0,34.64373,5.159705,0.7371007,31.94103
2022-07-15 13:50:21,0,0,2.676399,0.973236,0,38.19951,5.596107,0.243309,26.52068
2022-07-15 13:50:20,0,0,0.9852217,0.4926108,0,35.22167,3.694581,0.7389163,26.10837
2022-07-15 13:50:19,0,0,0.4950495,0.990099,0,21.0396,2.722772,0.2475248,37.87129
2022-07-15 13:50:18,0,0,1.4851485,1.2376238,0,30.44554,4.207921,0.4950495,33.91089
2022-07-15 13:50:17,0,0,2.222222,0.9876543,0,36.2963,4.197531,0,29.1358
2022-07-15 13:50:16,0,0,1.715686,0.7352941,0,34.55882,3.676471,0.4901961,34.06863
2022-07-15 13:50:15,0,0,0.7407407,0.9876543,0,31.60494,3.45679,0.4938272,33.08642
2022-07-15 13:50:14,0,0,1.2531328,0.7518797,0,27.56892,2.756892,0.5012531,30.82707
2022-07-15 13:50:13,0,0,1.2406948,0.4962779,0,26.30273,3.970223,0.4962779,35.48387
2022-07-15 13:50:12,0,0,1.2285012,1.719902,0,29.48403,3.685504,0.2457002,39.31204
2022-07-15 13:50:11,0,0,1.0050251,0.7537688,0,32.66332,5.778894,0.7537688,33.66834
2022-07-15 13:50:10,0,0,1.2376238,0.990099,0,33.16832,4.207921,0.2475248,27.9703
2022-07-15 13:50:09,0,0,1.715686,0.9803922,0,37.5,4.656863,0.4901961,29.65686
2022-07-15 13:50:08,0,0,1.2437811,0.4975124,0,31.59204,2.985075,0.2487562,35.57214
2022-07-15 13:50:07,0,0,0.9925558,0.9925558,0,17.36973,2.977667,0.4962779,46.40199
2022-07-15 13:50:06,0,0,1.4925373,1.2437811,0,34.82587,2.736318,0.4975124,33.58209
2022-07-15 13:50:05,0,0,2.261307,0.2512563,0,37.43719,3.266332,0.2512563,31.90955
2022-07-15 13:50:04,0,0,1.732673,1.4851485,0,35.14851,3.712871,0.2475248,31.43564
2022-07-15 13:50:03,0,0,2.469136,0.9876543,0,37.28395,5.679012,0.2469136,33.58025
2022-07-15 13:50:02,0,0,1.975309,0.9876543,0,35.30864,6.17284,0.4938272,33.58025
2022-07-15 13:50:01,0,0,1.4925373,0.9950249,0,34.32836,3.233831,0.4975124,31.59204
2022-07-15 13:50:00,0,0,2.475248,0.990099,0,35.39604,3.712871,0.2475248,36.38614
2022-07-15 13:49:59,0,0,2.702703,0.7371007,0,37.83784,5.405405,0.2457002,26.04423
2022-07-15 13:49:58,0,0,0.9708738,1.2135922,0,36.65049,4.126214,0.4854369,30.33981
2022-07-15 13:49:57,0,0,1.732673,0.990099,0,33.16832,3.217822,0.7425743,35.39604
2022-07-15 13:49:56,0,0,1.4851485,1.4851485,0,16.336634,2.227723,0.2475248,56.93069
2022-07-15 13:49:55,0,0,1.0075567,0.7556675,0,32.4937,2.267003,0.2518892,31.23426
2022-07-15 13:49:54,0,0,2.211302,0.982801,0,35.38084,6.142506,0.2457002,34.88943
2022-07-15 13:49:53,0,0,1.459854,1.216545,0,34.30657,6.569343,0.486618,34.54988
2022-07-15 13:49:52,0,0,1.975309,1.4814815,0,33.82716,2.716049,0.2469136,32.83951
2022-07-15 13:49:51,0,0,1.2285012,0.2457002,0,33.16953,3.685504,0.7371007,25.06143
2022-07-15 13:49:50,0,0,1.99005,0.9950249,0,23.13433,4.228856,0.4975124,43.53234
2022-07-15 13:49:49,0,0,1.4742015,0.7371007,0,35.13514,3.931204,0.4914005,31.20393
2022-07-15 13:49:48,0,0,1.4962594,0.9975062,0,36.40898,2.743142,0.4987531,33.41646
2022-07-15 13:49:47,0,0,0.9925558,0.9925558,0,33.25062,3.722084,0.4962779,34.98759
2022-07-15 13:49:46,0,0,2.227723,1.4851485,0,36.38614,4.207921,0.4950495,39.35644
2022-07-15 13:49:45,0,0,2.463054,0.9852217,0,36.4532,4.433498,0,35.46798
2022-07-15 13:49:44,0,0,1.715686,1.2254902,0,28.67647,4.656863,0.245098,39.21569
2022-07-15 13:49:43,0,0,1.2406948,0.248139,0,36.9727,5.459057,0.4962779,33.25062
2022-07-15 13:49:42,0,0,1.4851485,0.4950495,0,32.67327,3.960396,0.4950495,34.90099
2022-07-15 13:49:41,0,0,2.493766,0.4987531,0,35.16209,5.486284,0.7481297,27.43142
2022-07-15 13:49:40,0,0,1.724138,1.4778325,0,33.00493,3.448276,0.2463054,34.48276
2022-07-15 13:49:39,0,0,1.719902,0.4914005,0,24.32432,3.194103,0.2457002,31.94103
2022-07-15 13:49:38,0,0,1.741294,0.9950249,0,28.35821,4.228856,0.7462687,33.58209
2022-07-15 13:49:37,0,0,0.9876543,0.9876543,0,34.32099,3.209877,0.4938272,34.07407
2022-07-15 13:49:36,0,0,1.4925373,1.2437811,0,33.58209,3.731343,0.4975124,34.0796
2022-07-15 13:49:35,0,0,1.2345679,1.4814815,0,33.82716,3.703704,0.4938272,33.58025
2022-07-15 13:49:34,0,0,0.9925558,0.9925558,0,34.24318,6.451613,0.248139,29.2804
2022-07-15 13:49:33,0,0,1.4634146,0.4878049,0,32.68293,4.634146,0.7317073,29.26829
2022-07-15 13:49:32,0,0,1,1,0,33.5,4.25,0.5,33
2022-07-15 13:49:31,0,0,0.7462687,0.4975124,0,33.33333,2.736318,0.4975124,31.34328
2022-07-15 13:49:30,0,0,1.2345679,1.2345679,0,30.61728,3.950617,0.4938272,33.33333
2022-07-15 13:49:29,0,0,2.205882,0.9803922,0,35.04902,3.676471,0.4901961,35.04902
2022-07-15 13:49:28,0,0,1.4742015,1.2285012,0,23.58722,2.457002,0.2457002,48.89435
2022-07-15 13:49:27,0,0,0.9950249,1.2437811,0,21.14428,2.238806,0.4975124,42.78607
2022-07-15 13:49:26,0,0,3.20197,0.7389163,0,50.73892,6.403941,0.2463054,26.60099
2022-07-15 13:49:25,0,0,7.635468,1.2315271,0,63.5468,4.926108,0.4926108,15.517241
2022-07-15 13:49:24,0,0,2.48139,0.4962779,0,36.47643,6.203474,0.248139,35.98015
2022-07-15 13:49:23,0,0,2.244389,0.4987531,0,37.15711,3.990025,0.4987531,29.67581
2022-07-15 13:49:22,0,0,1.715686,1.715686,0,29.90196,5.392157,0.245098,41.66667
2022-07-15 13:49:21,0,0,2.689487,0.9779951,0,22.49389,2.933985,0.4889976,43.76528
2022-07-15 13:49:20,0,0,1.4962594,0.7481297,0,34.16459,3.990025,0.4987531,34.91272
2022-07-15 13:49:19,0,0,2.722772,1.4851485,0,33.66337,3.465347,0.2475248,40.34653
2022-07-15 13:49:18,0,0,1.4962594,1.2468828,0,33.91521,3.241895,0.4987531,32.41895
2022-07-15 13:49:17,0,0,1.511335,0.7556675,0,35.51637,3.02267,0,30.98237
2022-07-15 13:49:16,0,0,3.20197,0.7389163,0,32.0197,5.665025,0.4926108,27.0936
2022-07-15 13:49:15,0,0,1.4814815,0.9876543,0,33.82716,6.666667,0.4938272,26.91358
2022-07-15 13:49:14,0,0,2.211302,0.7371007,0,34.15233,3.439803,0.4914005,36.60934
2022-07-15 13:49:13,0,0,1.932367,1.690821,0,37.92271,5.797101,0.4830918,29.95169
2022-07-15 13:49:12,0,0,1.4527845,1.2106538,0,35.10896,4.358354,0.7263923,34.6247
2022-07-15 13:49:11,0,0,1.5075377,0.7537688,0,32.91457,3.768844,0.5025126,32.41206
2022-07-15 13:49:10,0,0,1.4888337,0.9925558,0,16.129032,2.729529,0.4962779,50.86849
2022-07-15 13:49:09,0,0,1.728395,0.9876543,0,34.5679,3.950617,0.4938272,36.04938
2022-07-15 13:49:08,0,0,1.724138,0.7389163,0,32.75862,3.940887,0.2463054,34.97537
2022-07-15 13:49:07,0,0,1.719902,0.982801,0,34.15233,4.176904,0.4914005,36.11794
2022-07-15 13:49:06,0,0,1.965602,0.7371007,0,32.43243,3.931204,0.2457002,33.16953
2022-07-15 13:49:05,0,0,1.995012,0.9975062,0,36.65835,4.738155,0.4987531,34.91272
2022-07-15 13:49:04,0,0,2.439024,1.2195122,0,36.58537,5.365854,0.4878049,35.85366
2022-07-15 13:49:03,0,0,1.4778325,0.9852217,0,32.75862,5.172414,0.2463054,30.78818
2022-07-15 13:49:02,0,0,1.694915,1.937046,0,33.41404,4.116223,0.7263923,34.86683
2022-07-15 13:49:01,0,0,1.4778325,1.724138,0,33.00493,3.20197,0.9852217,38.17734
2022-07-15 13:49:00,0,0,1.2315271,0.7389163,0,33.74384,3.448276,0.2463054,30.04926
2022-07-15 13:48:59,0,0,0.9925558,0.7444169,0,16.129032,2.233251,0.4962779,51.86104
2022-07-15 13:48:58,0,0,1.699029,1.2135922,0,30.09709,3.398058,0.4854369,38.83495
2022-07-15 13:48:57,0,0,1.724138,1.2315271,0,33.00493,4.187192,0.7389163,35.22167
2022-07-15 13:48:56,0,0,1.4888337,0.4962779,0,32.25806,4.71464,0.4962779,34.98759
2022-07-15 13:48:55,0,0,1.2531328,1.0025063,0,30.32581,4.761905,0.2506266,29.82456
2022-07-15 13:48:54,0,0,0.9975062,0.4987531,0,34.91272,4.488778,0.7481297,25.18703
2022-07-15 13:48:53,0,0,1.25,0.5,0,27.25,2.75,0.5,34.5
2022-07-15 13:48:52,0,0,1.2285012,0.982801,0,32.92383,4.176904,0.4914005,32.67813
2022-07-15 13:48:51,0,0,2.211302,0.982801,0,32.18673,2.948403,0.2457002,38.82064
2022-07-15 13:48:50,0,0,1.736973,1.2406948,0,33.25062,3.225806,0.248139,29.77667
2022-07-15 13:48:49,0,0,0.9852217,1.2315271,0,33.74384,3.448276,0.2463054,35.46798
2022-07-15 13:48:48,0,0,1.4669927,1.711491,0,29.82885,4.645477,0.4889976,43.03178
2022-07-15 13:48:47,0,0,2.475248,1.2376238,0,19.30693,2.970297,0.4950495,39.60396
2022-07-15 13:48:46,0,0,2.487562,0.7462687,0,37.81095,6.716418,0.2487562,25.37313
2022-07-15 13:48:45,0,0,0.9852217,0.9852217,0,31.03448,5.172414,0.4926108,36.69951
2022-07-15 13:48:44,0,0,2,0.75,0,36,3,0.25,32
2022-07-15 13:48:43,0,0,1.707317,1.95122,0,36.34146,3.658537,0.7317073,34.39024
2022-07-15 13:48:42,0,0,2.233251,1.736973,0,31.01737,4.218362,0.248139,40.69479
2022-07-15 13:48:41,0,0,2.189781,1.459854,0,32.3601,3.649635,0.486618,43.309
2022-07-15 13:48:40,0,0,2.205882,0.7352941,0,38.97059,3.921569,0.4901961,30.14706
2022-07-15 13:48:39,0,0,1.732673,0.7425743,0,37.87129,3.712871,0.2475248,35.64356
2022-07-15 13:48:38,0,0,1.4888337,0.9925558,0,35.48387,3.970223,0.4962779,26.30273
2022-07-15 13:48:37,0,0,1.745636,0.7481297,0,38.15461,5.985037,0.4987531,23.19202
2022-07-15 13:48:36,0,0,1.4888337,0.7444169,0,26.30273,2.977667,0.4962779,42.18362
2022-07-15 13:48:35,0,0,1.728395,0.7407407,0,35.80247,4.444444,0.2469136,31.85185
2022-07-15 13:48:34,0,0,2.227723,1.732673,0,35.64356,2.722772,0.4950495,35.89109
2022-07-15 13:48:33,0,0,1.2406948,0.7444169,0,37.71712,2.48139,0.4962779,32.25806
2022-07-15 13:48:32,0,0,1.4925373,0.9950249,0,36.56716,3.233831,0.7462687,28.35821
2022-07-15 13:48:31,0,0,2.919708,1.216545,0,36.49635,4.136253,0.243309,30.90024
2022-07-15 13:48:30,0,0,2.222222,0.9876543,0,16.296296,2.962963,0.4938272,58.02469
2022-07-15 13:48:29,0,0,1.2224939,1.4669927,0,26.40587,3.178484,0.4889976,36.67482
2022-07-15 13:48:28,0,0,1.4778325,0.9852217,0,35.96059,5.172414,0.4926108,30.29557
2022-07-15 13:48:27,0,0,2.184466,1.4563107,0,32.76699,6.553398,0.4854369,33.00971
2022-07-15 13:48:26,0,0,1.741294,1.2437811,0,31.59204,5.721393,0.4975124,29.85075
2022-07-15 13:48:25,0,0,1.728395,0.9876543,0,36.79012,3.45679,0.2469136,31.60494
2022-07-15 13:48:24,0,0,0.9756098,0.7317073,0,31.46341,3.414634,0.4878049,34.39024
2022-07-15 13:48:23,0,0,1.4778325,0.7389163,0,34.23645,3.694581,0.2463054,34.97537
2022-07-15 13:48:22,0,0,0.9852217,1.2315271,0,31.28079,3.20197,0.4926108,33.74384
2022-07-15 13:48:21,0,0,0.7407407,1.4814815,0,27.90123,3.45679,0.4938272,36.54321
2022-07-15 13:48:20,0,0,1.4888337,0.7444169,0,36.72457,3.970223,0.248139,32.25806
2022-07-15 13:48:19,0,0,1.2376238,1.4851485,0,27.9703,4.207921,0.2475248,40.84158
2022-07-15 13:48:18,0,0,1.715686,1.4705882,0,19.11765,3.921569,0.245098,53.18627
2022-07-15 13:48:17,0,0,0.7371007,0.982801,0,28.99263,4.668305,0.4914005,39.06634
2022-07-15 13:48:16,0,0,1.4669927,1.2224939,0,30.56235,6.356968,0.4889976,34.47433
2022-07-15 13:48:15,0,0,1.2406948,1.736973,0,31.01737,2.977667,0.4962779,30.76923
2022-07-15 13:48:14,0,0,1.2406948,0.9925558,0,26.30273,3.225806,0.248139,37.22084
2022-07-15 13:48:13,0,0,1.728395,0.9876543,0,23.20988,2.469136,0.2469136,44.19753
2022-07-15 13:48:12,0,0,0.982801,1.4742015,0,25.55283,2.948403,0.2457002,34.15233
2022-07-15 13:48:11,0,0,0.7481297,1.2468828,0,27.43142,2.244389,0.4987531,32.16958
2022-07-15 13:48:10,0,0,1.960784,0.9803922,0,35.53922,3.186275,0.4901961,30.39216
2022-07-15 13:48:09,0,0,1.2315271,1.2315271,0,32.51232,3.448276,0.2463054,37.68473
2022-07-15 13:48:08,0,0,0.990099,0.990099,0,34.65347,4.207921,0.7425743,37.62376
2022-07-15 13:48:07,0,0,1.745636,0.9975062,0,23.4414,2.493766,0.2493766,49.12718
2022-07-15 13:48:06,0,0,1.719902,1.4742015,0,33.16953,6.388206,0.2457002,32.67813
2022-07-15 13:48:05,0,0,2.475248,1.2376238,0,33.91089,4.70297,0.4950495,36.13861
2022-07-15 13:48:04,0,0,1.4814815,1.2345679,0,32.09877,3.209877,0.4938272,33.82716
2022-07-15 13:48:03,0,0,0.4962779,0.9925558,0,35.48387,2.48139,0.4962779,29.77667
2022-07-15 13:48:02,0,0,1.0025063,0.2506266,0,33.58396,3.007519,0.2506266,30.32581
2022-07-15 13:48:01,0,0,1.99005,0.7462687,0,16.169154,2.736318,0.2487562,49.75124
2022-07-15 13:48:00,0,0,0.7352941,1.4705882,0,35.78431,3.676471,0.4901961,30.63725
2022-07-15 13:47:59,0,0,1.2285012,1.2285012,0,35.87224,3.685504,0.2457002,32.92383
2022-07-15 13:47:58,0,0,1.4888337,0.4962779,0,38.95782,5.459057,0.248139,27.04715
2022-07-15 13:47:57,0,0,1.95599,1.4669927,0,36.67482,4.889976,0.2444988,37.40831
2022-07-15 13:47:56,0,0,1.970443,1.4778325,0,38.17734,4.679803,0.4926108,31.7734
2022-07-15 13:47:55,0,0,1.4778325,0.9852217,0,25.86207,4.433498,0.4926108,32.26601
2022-07-15 13:47:54,0,0,1.95599,0.7334963,0,35.69682,3.91198,0.4889976,34.96333
2022-07-15 13:47:53,0,0,0.9876543,0.4938272,0,34.5679,3.209877,0.4938272,29.62963
2022-07-15 13:47:52,0,0,1.4925373,0.4975124,0,33.83085,3.233831,0.4975124,30.84577
2022-07-15 13:47:51,0,0,1.2254902,0.4901961,0,36.51961,4.656863,0.4901961,32.35294
2022-07-15 13:47:50,0,0,2.475248,0.7425743,0,31.68317,2.970297,0.2475248,39.10891
2022-07-15 13:47:49,0,0,1.2468828,0.7481297,0,31.42145,2.992519,0.4987531,37.15711
2022-07-15 13:47:48,0,0,1.2254902,0.9803922,0,34.80392,4.166667,0.245098,28.18627
2022-07-15 13:47:47,0,0,1.2406948,0.4962779,0,36.72457,5.707196,0.248139,28.0397
2022-07-15 13:47:46,0,0,2.663438,1.4527845,0,38.74092,6.53753,0.7263923,24.69734
2022-07-15 13:47:45,0,0,1.4962594,0.7481297,0,36.65835,3.491272,0,27.18204
2022-07-15 13:47:44,0,0,1.707317,0.9756098,0,24.14634,3.170732,0.2439024,47.07317
2022-07-15 13:47:43,0,0,0.9876543,1.4814815,0,24.44444,2.962963,0.4938272,40.74074
2022-07-15 13:47:42,0,0,1.736973,0.7444169,0,37.22084,4.218362,0.248139,29.2804
2022-07-15 13:47:41,0,0,1.711491,0.7334963,0,33.49633,4.400978,0.2444988,38.14181
2022-07-15 13:47:40,0,0,1.2437811,0.7462687,0,36.56716,3.233831,0.4975124,27.61194
2022-07-15 13:47:39,0,0,1.745636,0.9975062,0,34.41397,3.241895,0.2493766,38.40399
2022-07-15 13:47:38,0,0,3.45679,0.7407407,0,40,7.160494,0.2469136,28.39506
2022-07-15 13:47:37,0,0,2.238806,0.7462687,0,39.801,4.975124,0.2487562,27.8607
2022-07-15 13:47:36,0,0,0.9803922,0.9803922,0,34.31373,6.127451,0.4901961,31.37255
2022-07-15 13:47:35,0,0,0.4962779,0.7444169,0,35.73201,2.977667,0.248139,24.8139
2022-07-15 13:47:34,0,0,1.99005,1.2437811,0,35.8209,3.482587,0.4975124,29.35323
2022-07-15 13:47:33,0,0,1.728395,0.9876543,0,25.92593,3.209877,0.2469136,38.76543
2022-07-15 13:47:32,0,0,1.2437811,0.4975124,0,30.59701,3.482587,0.7462687,33.33333
2022-07-15 13:47:31,0,0,1.4962594,0.7481297,0,36.1596,4.488778,0.2493766,33.16708
2022-07-15 13:47:30,0,0,1.25,1,0,35.75,5,0.5,30.75
2022-07-15 13:47:29,0,0,2.475248,1.2376238,0,38.11881,5.693069,0.4950495,35.89109
2022-07-15 13:47:28,0,0,1.4888337,1.4888337,0,33.7469,3.722084,0.4962779,28.53598
2022-07-15 13:47:27,0,0,2.211302,1.4742015,0,38.57494,6.388206,0.2457002,30.95823
2022-07-15 13:47:26,0,0,0.9925558,0.7444169,0,32.75434,3.225806,0.248139,30.52109
2022-07-15 13:47:25,0,0,1.2285012,0.7371007,0,38.32924,3.439803,0.4914005,34.88943
2022-07-15 13:47:24,0,0,1.736973,0.9925558,0,37.46898,3.722084,0.248139,29.52854
2022-07-15 13:47:23,0,0,1.95599,0.9779951,0,33.98533,4.889976,0.4889976,31.54034
2022-07-15 13:47:22,0,0,1.719902,1.4742015,0,36.36364,4.176904,0.2457002,34.88943
2022-07-15 13:47:21,0,0,1.4778325,0.9852217,0,36.94581,5.418719,0.4926108,27.58621
2022-07-15 13:47:20,0,0,2.48139,0.7444169,0,43.17618,4.962779,0.248139,30.02481
2022-07-15 13:47:19,0,0,2.469136,0.7407407,0,37.03704,3.703704,0.4938272,33.58025
2022-07-15 13:47:18,0,0,1.5037594,0.7518797,0,36.59148,5.764411,0.2506266,28.3208
2022-07-15 13:47:17,0,0,0.9925558,0.7444169,0,35.98015,4.218362,0.248139,27.54342
2022-07-15 13:47:16,0,0,1.5,0.5,0,36.25,3.25,0.75,24.75
2022-07-15 13:47:15,0,0,1.2437811,0.9950249,0,31.09453,3.731343,0.2487562,43.78109
2022-07-15 13:47:14,0,0,1.724138,0.9852217,0,34.97537,3.940887,0.2463054,31.7734
2022-07-15 13:47:13,0,0,1,0.5,0,35.25,2.75,0.25,29.25
2022-07-15 13:47:12,0,0,1.2345679,0.9876543,0,33.58025,3.45679,0.2469136,34.07407
2022-07-15 13:47:11,0,0,2.01005,1.0050251,0,38.44221,6.281407,0.5025126,33.16583
2022-07-15 13:47:10,0,0,1.732673,0.990099,0,36.63366,2.475248,0.4950495,33.16832
2022-07-15 13:47:09,0,0,2.233251,1.2406948,0,37.96526,6.699752,0.4962779,29.77667
2022-07-15 13:47:08,0,0,1.4888337,0.9925558,0,36.72457,4.71464,0.248139,30.27295
2022-07-15 13:47:07,0,0,1.4814815,0.9876543,0,34.32099,2.469136,0.7407407,39.75309
2022-07-15 13:47:06,0,0,0.7481297,0.7481297,0,33.66584,2.992519,0.4987531,25.18703
2022-07-15 13:47:05,0,0,0.7407407,0.7407407,0,34.32099,3.950617,0.4938272,27.16049
2022-07-15 13:47:04,0,0,1.2376238,0.7425743,0,36.13861,3.465347,0.4950495,27.47525
2022-07-15 13:47:03,0,0,2.777778,0.2525253,0,34.59596,4.040404,0.2525253,31.06061
2022-07-15 13:47:02,0,0,1.25,1.25,0,33,6,0.25,36.25
2022-07-15 13:47:01,0,0,1.4742015,1.719902,0,15.233415,2.211302,0.4914005,51.10565
2022-07-15 13:47:00,0,0,1.4925373,0.7462687,0,35.57214,4.975124,0,35.57214
2022-07-15 13:46:59,0,0,1.4705882,1.715686,0,35.29412,5.392157,0.7352941,29.90196
2022-07-15 13:46:58,0,0,1.715686,0.245098,0,39.70588,3.921569,0.245098,28.43137
2022-07-15 13:46:57,0,0,0.9975062,0.7481297,0,35.91022,3.990025,0.4987531,30.92269
2022-07-15 13:46:56,0,0,1.767677,0.7575758,0,37.62626,2.777778,0.2525253,27.52525
2022-07-15 13:46:55,0,0,1.4888337,0.7444169,0,36.22829,2.977667,0.4962779,35.48387
2022-07-15 13:46:54,0,0,1.2468828,0.9975062,0,35.66085,2.992519,0.4987531,29.17706
2022-07-15 13:46:53,0,0,1.2224939,1.2224939,0,36.67482,4.156479,0.7334963,28.36186
2022-07-15 13:46:52,0,0,2.211302,1.719902,0,38.57494,4.176904,0.2457002,38.57494
2022-07-15 13:46:51,0,0,5.210918,1.4888337,0,46.15385,3.473945,0.248139,35.98015
2022-07-15 13:46:50,0,0,4.567308,1.4423077,0,50.24038,4.567308,0.4807692,30.52885
2022-07-15 13:46:49,0,0,3.431373,0.9803922,0,45.09804,3.431373,0.245098,37.2549
2022-07-15 13:46:48,0,0,5.210918,0.9925558,0,50.37221,3.473945,0.248139,29.77667
2022-07-15 13:46:47,0,0,6.53753,1.937046,0,47.45763,4.116223,0.2421308,35.10896
2022-07-15 13:46:46,0,0,7.506053,2.179177,0,47.2155,4.600484,0.2421308,34.86683
2022-07-15 13:46:45,0,0,6.067961,2.669903,0,44.66019,4.368932,0.4854369,39.56311
2022-07-15 13:46:44,0,0,4.854369,2.912621,0,43.68932,3.883495,0.2427184,39.80583
2022-07-15 13:46:43,0,0,4.136253,2.43309,0,38.68613,4.622871,0.486618,44.76886
2022-07-15 13:46:42,0,0,5.21327,3.080569,0,40.75829,5.687204,0.2369668,44.54976
2022-07-15 13:46:41,0,0,7.038835,2.669903,0,42.47573,4.368932,0.2427184,42.47573
2022-07-15 13:46:40,0,0,4.86618,2.676399,0,44.03893,4.86618,0.486618,35.0365
2022-07-15 13:46:39,0,0,5.418719,1.2315271,0,42.85714,4.433498,0.2463054,43.84236
2022-07-15 13:46:38,0,0,3.623188,2.898551,0,45.65217,4.10628,0.4830918,39.85507
2022-07-15 13:46:37,0,0,3.800475,4.513064,0,40.14252,4.513064,0.4750594,43.70546
2022-07-15 13:46:36,0,0,6.157635,3.20197,0,44.58128,4.926108,0.2463054,39.16256
2022-07-15 13:46:35,0,0,4.460094,3.286385,0,39.43662,5.164319,0.2347418,42.25352
2022-07-15 13:46:34,0,0,5.023923,4.066986,0,37.79904,4.066986,0.2392344,48.56459
2022-07-15 13:46:33,0,0,4.86618,3.406326,0,39.41606,3.406326,0.729927,44.76886
2022-07-15 13:46:32,0,0,3.422983,2.444988,0,41.07579,3.667482,0.4889976,42.54279
2022-07-15 13:46:31,0,0,4.379562,4.379562,0,39.41606,4.622871,0.243309,46.22871
2022-07-15 13:46:30,0,0,3.1477,2.421308,0,35.83535,5.326877,0.2421308,50.60533
2022-07-15 13:46:29,0,0,6.142506,3.194103,0,39.80344,3.685504,0.7371007,43.98034
2022-07-15 13:46:28,0,0,6.024096,3.13253,0,34.6988,4.819277,0.2409639,48.6747
2022-07-15 13:46:27,0,0,5.515588,3.117506,0,41.00719,3.83693,0.2398082,43.16547
2022-07-15 13:46:26,0,0,4.86618,2.919708,0,36.98297,4.136253,0,47.44526
2022-07-15 13:46:25,0,0,6.053269,2.905569,0,40.1937,3.631961,0.7263923,46.4891
2022-07-15 13:46:24,0,0,3.614458,2.650602,0,37.10843,3.614458,0.4819277,52.53012
2022-07-15 13:46:23,0,0,5.609756,2.439024,0,42.68293,4.634146,0.2439024,43.90244
2022-07-15 13:46:22,0,0,5.825243,3.640777,0,38.83495,5.097087,0.4854369,44.90291
2022-07-15 13:46:21,0,0,7.345972,3.080569,0,40.04739,4.50237,0.2369668,42.41706
2022-07-15 13:46:20,0,0,3.373494,3.855422,0,39.03614,3.855422,0.9638554,48.43373
2022-07-15 13:46:19,0,0,8.04878,2.195122,0,46.58537,3.414634,0.2439024,37.56098
2022-07-15 13:46:18,0,0,4.326923,2.884615,0,33.89423,4.807692,0.7211538,51.92308
2022-07-15 13:46:17,0,0,5.609756,2.926829,0,37.31707,3.170732,0.2439024,45.12195
2022-07-15 13:46:16,0,0,5.970149,2.736318,0,37.06468,3.9801,0.4975124,47.76119
2022-07-15 13:46:15,0,0,4.136253,3.163017,0,35.27981,2.43309,0.486618,52.06813
2022-07-15 13:46:14,0,0,2.905569,2.421308,0,33.17191,4.842615,0,48.42615
2022-07-15 13:46:13,0,0,4.728132,3.782506,0,34.51537,5.200946,0.4728132,50.82742
2022-07-15 13:46:12,0,0,4.567308,3.125,0,41.34615,4.086538,0.4807692,45.43269
2022-07-15 13:46:11,0,0,5.665025,2.216749,0,40.14778,3.940887,0.4926108,44.82759
2022-07-15 13:46:10,0,0,3.640777,2.669903,0,41.50485,4.126214,0.2427184,40.29126
2022-07-15 13:46:09,0,0,1.923077,2.884615,0,34.61538,4.807692,0.2403846,52.88462
2022-07-15 13:46:08,0,0,4.422604,1.965602,0,39.55774,5.651106,0.2457002,44.22604
2022-07-15 13:46:07,0,0,3.357314,2.63789,0,40.76739,3.597122,0.4796163,46.76259
2022-07-15 13:46:06,0,0,5.609756,2.439024,0,40.4878,4.878049,0.4878049,45.60976
2022-07-15 13:46:05,0,0,6.428571,3.571429,0,39.52381,5.47619,0.4761905,42.38095
2022-07-15 13:46:04,0,0,8.009709,3.15534,0,40.53398,5.582524,0.9708738,40.04854
2022-07-15 13:46:03,0,0,5.392157,2.205882,0,40.19608,4.901961,0.245098,44.85294
2022-07-15 13:46:02,0,0,4.578313,3.13253,0,42.89157,3.855422,0.4819277,43.37349
2022-07-15 13:46:01,0,0,5.741627,4.30622,0,40.90909,5.023923,0.2392344,43.30144
2022-07-15 13:46:00,0,0,5.797101,1.690821,0,41.30435,4.589372,0.7246377,43.47826
2022-07-15 13:45:59,0,0,3.381643,2.657005,0,41.30435,4.347826,0.2415459,44.68599
2022-07-15 13:45:58,0,0,6.2954,2.179177,0,40.9201,5.084746,0.4842615,43.3414
2022-07-15 13:45:57,0,0,6.585366,3.414634,0,40.4878,4.878049,0.2439024,41.70732
2022-07-15 13:45:56,0,0,8.272506,2.919708,0,37.7129,4.86618,0.486618,45.74209
2022-07-15 13:45:55,0,0,5.424528,4.009434,0,39.15094,4.95283,0.4716981,45.28302
2022-07-15 13:45:54,0,0,5.596107,2.676399,0,38.19951,6.082725,0.486618,45.01217
2022-07-15 13:45:53,0,0,5.853659,2.926829,0,40.2439,4.634146,0.7317073,42.19512
2022-07-15 13:45:52,0,0,7.004831,3.140097,0,40.33816,4.830918,0.2415459,42.99517
2022-07-15 13:45:51,0,0,5.023923,2.870813,0,42.58373,4.30622,0.4784689,42.3445
2022-07-15 13:45:50,0,0,9.75,1.5,0,52.75,7.5,0.5,27
2022-07-15 13:45:49,0,0,8.641975,3.703704,0,50.61728,5.679012,0.2469136,30.12346
2022-07-15 13:45:48,0,0,12.437811,2.985075,0,63.18408,4.975124,0.4975124,14.925373
2022-07-15 13:45:47,0,0,9.73236,2.676399,0,63.50365,7.542579,0.486618,15.328467
2022-07-15 13:45:46,0,0,15.40404,1.767677,0,67.42424,6.060606,0,9.090909
2022-07-15 13:45:45,0,0,9.852217,2.463054,0,65.27094,7.142857,0.2463054,14.285714
2022-07-15 13:45:44,0,0,11.471322,2.493766,0,65.83541,6.733167,0,12.967581
2022-07-15 13:45:43,0,0,9.313725,2.45098,0,68.13725,6.127451,0.245098,12.5
2022-07-15 13:45:42,0,0,12.839506,2.469136,0,69.1358,6.666667,0,8.641975
2022-07-15 13:45:41,0,0,9.046455,2.689487,0,69.19315,6.845966,0.4889976,11.246944
2022-07-15 13:45:40,0,0,10.025063,1.754386,0,66.41604,5.513784,0.2506266,14.786967
2022-07-15 13:45:39,0,0,5.693069,1.980198,0,57.92079,4.207921,0,24.50495
2022-07-15 13:45:38,0,0,7.843137,2.45098,0,55.14706,6.617647,0.4901961,26.71569
2022-07-15 13:45:37,0,0,5.867971,3.667482,0,46.45477,5.134474,0,37.40831
2022-07-15 13:45:36,0,0,3.864734,3.381643,0,46.8599,4.10628,0.4830918,37.19807
2022-07-15 13:45:35,0,0,6.666667,2.469136,0,44.19753,4.444444,0.4938272,40
2022-07-15 13:45:34,0,0,6.779661,2.421308,0,46.97337,5.569007,0.2421308,34.6247
2022-07-15 13:45:33,0,0,5.011933,4.057279,0,42.4821,3.818616,0.7159905,42.24344
2022-07-15 13:45:32,0,0,4.679803,2.463054,0,40.8867,13.793103,0.2463054,32.26601
2022-07-15 13:45:31,0,0,8.029197,2.189781,0,46.95864,5.839416,0.243309,34.54988
2022-07-15 13:45:30,0,0,5.109489,1.946472,0,51.3382,3.892944,0,35.0365
2022-07-15 13:45:29,0,0,7.19603,2.233251,0,46.65012,3.722084,0.4962779,35.48387
2022-07-15 13:45:28,0,0,7.263923,2.905569,0,46.73123,4.358354,0.4842615,36.56174
2022-07-15 13:45:27,0,0,3.649635,1.946472,0,47.20195,3.406326,0.243309,36.98297
2022-07-15 13:45:26,0,0,6.714628,2.63789,0,45.80336,4.316547,0.2398082,35.97122
2022-07-15 13:45:25,0,0,3.373494,3.373494,0,44.57831,4.096386,0.4819277,41.44578
2022-07-15 13:45:24,0,0,5.867971,2.689487,0,42.54279,4.156479,0.2444988,38.87531
2022-07-15 13:45:23,0,0,4.854369,2.427184,0,42.71845,16.019417,0.4854369,29.85437
2022-07-15 13:45:22,0,0,4.854369,3.398058,0,42.23301,4.368932,0.2427184,39.32039
2022-07-15 13:45:21,0,0,5.459057,2.48139,0,45.65757,2.977667,0,39.95037
2022-07-15 13:45:20,0,0,6.954436,2.158273,0,44.84412,5.995204,0.4796163,34.53237
2022-07-15 13:45:19,0,0,6.2954,2.663438,0,45.52058,4.600484,0.4842615,38.98305
2022-07-15 13:45:18,0,0,7.334963,2.444988,0,47.43276,3.91198,0.4889976,36.91932
2022-07-15 13:45:17,0,0,6.31068,1.4563107,0,41.99029,5.582524,0.4854369,40.53398
2022-07-15 13:45:16,0,0,8.148148,1.728395,0,45.67901,4.444444,0.4938272,37.53086
2022-07-15 13:45:15,0,0,5.741627,2.392344,0,43.7799,4.30622,0.4784689,41.38756
2022-07-15 13:45:14,0,0,4.901961,1.4705882,0,48.03922,3.431373,0.4901961,36.76471
2022-07-15 13:45:13,0,0,5.542169,3.373494,0,44.57831,4.096386,0.4819277,39.75904
2022-07-15 13:45:12,0,0,7.317073,2.439024,0,39.26829,4.634146,0.4878049,44.39024
2022-07-15 13:45:11,0,0,4.830918,2.657005,0,45.41063,5.072464,0.2415459,39.61353
2022-07-15 13:45:10,0,0,6.082725,2.189781,0,46.47202,3.892944,0.486618,36.98297
2022-07-15 13:45:09,0,0,5.609756,2.195122,0,44.14634,4.146341,0.4878049,40
2022-07-15 13:45:08,0,0,5.970149,1.741294,0,43.78109,5.223881,0.4975124,41.29353
2022-07-15 13:45:07,0,0,3.125,3.605769,0,42.30769,3.365385,0.4807692,43.02885
2022-07-15 13:45:06,0,0,5.301205,3.13253,0,43.61446,3.614458,0.2409639,34.6988
2022-07-15 13:45:05,0,0,4.086538,1.682692,0,43.50962,4.086538,0.9615385,43.02885
2022-07-15 13:45:04,0,0,4.578313,2.891566,0,45.54217,3.855422,0.4819277,39.75904
2022-07-15 13:45:03,0,0,4.086538,2.403846,0,44.95192,2.884615,0.7211538,40.86538
2022-07-15 13:45:02,0,0,5.185185,2.962963,0,42.96296,3.209877,0.2469136,41.97531
2022-07-15 13:45:01,0,0,4.807692,3.605769,0,41.58654,4.086538,0.2403846,43.02885
2022-07-15 13:45:00,0,0,5.159705,1.4742015,0,43.98034,4.422604,0.4914005,40.54054
2022-07-15 13:44:59,0,0,4.830918,3.140097,0,41.0628,3.864734,0.4830918,44.2029
2022-07-15 13:44:58,0,0,4.207921,1.4851485,0,41.33663,3.217822,0.4950495,44.55446
2022-07-15 13:44:57,0,0,4.901961,2.45098,0,48.52941,4.656863,0.245098,35.53922
2022-07-15 13:44:56,0,0,3.649635,1.946472,0,46.71533,3.163017,0.729927,40.14599
2022-07-15 13:44:55,0,0,4.400978,2.689487,0,42.29829,4.889976,0,40.5868
2022-07-15 13:44:54,0,0,6.601467,1.711491,0,49.38875,4.156479,0.4889976,35.20782
2022-07-15 13:44:53,0,0,4.938272,1.728395,0,49.87654,2.962963,0.2469136,34.81481
2022-07-15 13:44:52,0,0,4.096386,2.891566,0,45.06024,5.060241,0.4819277,38.55422
2022-07-15 13:44:51,0,0,7.748184,3.631961,0,46.24697,3.874092,0.2421308,35.83535
2022-07-15 13:44:50,0,0,8.706468,1.99005,0,50.49751,5.721393,0.4975124,29.85075
2022-07-15 13:44:49,0,0,6.553398,1.699029,0,44.41748,4.126214,0.4854369,38.34951
2022-07-15 13:44:48,0,0,5.326877,2.905569,0,44.79419,4.600484,0.4842615,38.25666
2022-07-15 13:44:47,0,0,5.925926,2.716049,0,44.19753,4.197531,0,41.97531
2022-07-15 13:44:46,0,0,4.166667,2.45098,0,44.85294,2.696078,0.245098,41.17647
2022-07-15 13:44:45,0,0,2.912621,2.427184,0,44.41748,3.883495,0.4854369,43.4466
2022-07-15 13:44:44,0,0,5.339806,2.912621,0,42.71845,4.126214,0.2427184,43.68932
2022-07-15 13:44:43,0,0,4.534606,3.341289,0,44.63007,4.534606,0,41.28878
2022-07-15 13:44:42,0,0,3.685504,2.211302,0,44.47174,3.685504,0.4914005,39.55774
2022-07-15 13:44:41,0,0,7.211538,2.884615,0,48.31731,5.769231,0.4807692,33.41346
2022-07-15 13:44:40,0,0,4.600484,2.905569,0,41.64649,4.842615,0.2421308,42.13075
2022-07-15 13:44:39,0,0,5.741627,2.870813,0,44.49761,4.545455,0.7177033,37.79904
2022-07-15 13:44:38,0,0,3.640777,2.669903,0,45.87379,4.368932,0.2427184,40.7767
2022-07-15 13:44:37,0,0,3.874092,3.1477,0,42.85714,4.358354,0,43.58354
2022-07-15 13:44:36,0,0,2.941176,1.715686,0,44.85294,3.676471,0.7352941,38.48039
2022-07-15 13:44:35,0,0,6.617647,1.715686,0,44.85294,4.166667,0,37.5
2022-07-15 13:44:34,0,0,4.066986,2.631579,0,39.47368,4.545455,0.7177033,46.41148
2022-07-15 13:44:33,0,0,7.107843,1.960784,0,45.09804,4.901961,0.245098,37.9902
2022-07-15 13:44:32,0,0,6.812652,2.43309,0,47.68856,4.86618,0.486618,35.27981
2022-07-15 13:44:31,0,0,5.569007,1.694915,0,44.55206,4.842615,0.4842615,38.01453
2022-07-15 13:44:30,0,0,5.555556,2.415459,0,44.44444,4.347826,1.2077295,36.71498
2022-07-15 13:44:29,0,0,4.578313,3.373494,0,43.37349,3.855422,0.2409639,42.40964
2022-07-15 13:44:28,0,0,5.31401,2.415459,0,46.8599,5.072464,0.4830918,37.68116
2022-07-15 13:44:27,0,0,5.172414,1.724138,0,40.64039,4.679803,0.2463054,45.3202
2022-07-15 13:44:26,0,0,6.067961,2.912621,0,43.68932,9.951456,0.2427184,34.46602
2022-07-15 13:44:25,0,0,4.146341,1.95122,0,43.90244,4.634146,0.4878049,41.95122
2022-07-15 13:44:24,0,0,5.109489,2.676399,0,46.71533,3.649635,0.243309,38.44282
2022-07-15 13:44:23,0,0,7.692308,2.403846,0,49.27885,4.807692,0.7211538,28.36538
2022-07-15 13:44:22,0,0,4.444444,2.469136,0,44.19753,3.45679,0.4938272,37.77778
2022-07-15 13:44:21,0,0,5.839416,1.946472,0,49.39173,5.109489,0,36.49635
2022-07-15 13:44:20,0,0,5.569007,2.421308,0,45.03632,4.842615,0.4842615,40.67797
2022-07-15 13:44:19,0,0,8.108108,2.457002,0,45.45455,2.948403,0.4914005,35.38084
2022-07-15 13:44:18,0,0,3.357314,2.877698,0,42.92566,5.515588,0.2398082,43.88489
2022-07-15 13:44:17,0,0,4.358354,2.421308,0,42.37288,4.358354,0.4842615,43.3414
2022-07-15 13:44:16,0,0,7.004831,2.415459,0,47.10145,4.10628,0.2415459,37.43961
2022-07-15 13:44:15,0,0,5.528846,3.125,0,44.71154,4.086538,0.4807692,38.22115
2022-07-15 13:44:14,0,0,4.096386,2.891566,0,40.72289,4.096386,0.2409639,43.61446
2022-07-15 13:44:13,0,0,3.605769,2.644231,0,48.55769,4.326923,0.4807692,34.13462
2022-07-15 13:44:12,0,0,3.883495,2.912621,0,46.1165,4.368932,0.2427184,37.62136
2022-07-15 13:44:11,0,0,3.931204,1.719902,0,40.54054,4.422604,0.4914005,40.78624
2022-07-15 13:44:10,0,0,4.444444,2.716049,0,42.22222,4.691358,0.2469136,36.79012
2022-07-15 13:44:09,0,0,3.15534,1.941748,0,38.59223,3.640777,0.4854369,38.1068
2022-07-15 13:44:08,0,0,4.136253,2.919708,0,42.09246,3.406326,0.486618,46.47202
2022-07-15 13:44:07,0,0,4.358354,2.663438,0,45.52058,3.389831,0.2421308,37.53027
2022-07-15 13:44:06,0,0,4.379562,2.43309,0,46.95864,4.622871,0.243309,38.68613
2022-07-15 13:44:05,0,0,5.339806,2.912621,0,42.71845,3.883495,0.2427184,41.99029
2022-07-15 13:44:04,0,0,5.172414,2.216749,0,49.01478,3.20197,0.4926108,34.72906
2022-07-15 13:44:03,0,0,6.569343,2.43309,0,49.63504,4.379562,0.243309,31.38686
2022-07-15 13:44:02,0,0,8.474576,1.937046,0,47.94189,5.569007,0,30.75061
2022-07-15 13:44:01,0,0,4.622871,1.703163,0,40.87591,5.839416,0.243309,42.09246
2022-07-15 13:44:00,0,0,7.29927,2.676399,0,50.85158,4.622871,0.243309,31.14355
2022-07-15 13:43:59,0,0,3.91198,2.200489,0,36.43032,3.422983,0.4889976,50.12225
2022-07-15 13:43:58,0,0,5.797101,2.173913,0,44.2029,3.864734,0.2415459,38.64734
2022-07-15 13:43:57,0,0,6.601467,2.200489,0,47.67726,4.889976,0.4889976,36.18582
2022-07-15 13:43:56,0,0,6.372549,1.960784,0,47.30392,4.901961,0.245098,35.78431
2022-07-15 13:43:55,0,0,5.569007,3.389831,0,42.37288,3.631961,0.4842615,42.13075
2022-07-15 13:43:54,0,0,7.160494,1.728395,0,43.95062,3.950617,0.2469136,41.97531
2022-07-15 13:43:53,0,0,3.623188,3.623188,0,41.54589,3.864734,0.2415459,43.71981
2022-07-15 13:43:52,0,0,6.53753,3.631961,0,40.9201,4.358354,0.2421308,43.09927
2022-07-15 13:43:51,0,0,7.177033,2.631579,0,46.17225,4.545455,0.2392344,34.92823
2022-07-15 13:43:50,0,0,5.134474,2.689487,0,41.56479,4.889976,0.7334963,38.38631
2022-07-15 13:43:49,0,0,4.146341,1.95122,0,45.36585,4.146341,0.2439024,38.04878
2022-07-15 13:43:48,0,0,4.656863,1.715686,0,46.81373,4.166667,0.245098,36.02941
2022-07-15 13:43:47,0,0,2.884615,2.644231,0,41.34615,4.086538,0.4807692,37.01923
2022-07-15 13:43:46,0,0,7.598039,1.960784,0,50.98039,4.166667,0.4901961,32.59804
2022-07-15 13:43:45,0,0,6.097561,1.95122,0,41.46341,5.609756,0.4878049,42.19512
2022-07-15 13:43:44,0,0,5.048077,3.125,0,46.63462,4.807692,0.7211538,32.69231
2022-07-15 13:43:43,0,0,4.166667,3.431373,0,43.38235,3.431373,0.245098,41.17647
2022-07-15 13:43:42,0,0,6.812652,3.163017,0,44.03893,4.379562,0.486618,38.68613
2022-07-15 13:43:41,0,0,5.31401,2.657005,0,45.65217,4.347826,0,39.13043
2022-07-15 13:43:40,0,0,4.197531,1.975309,0,42.96296,4.444444,0.4938272,43.20988
2022-07-15 13:43:39,0,0,8.04878,3.414634,0,44.39024,3.658537,0.2439024,36.82927
2022-07-15 13:43:38,0,0,3.125,2.644231,0,42.30769,4.326923,0.2403846,38.70192
2022-07-15 13:43:37,0,0,4.166667,2.205882,0,46.81373,4.901961,0.4901961,37.7451
2022-07-15 13:43:36,0,0,4.176904,2.457002,0,44.71744,3.685504,0.2457002,41.03194
2022-07-15 13:43:35,0,0,4.057279,2.863962,0,45.82339,4.77327,0.2386635,36.27685
2022-07-15 13:43:34,0,0,6.506024,2.891566,0,43.61446,3.373494,0.4819277,40
2022-07-15 13:43:33,0,0,6.617647,1.4705882,0,41.91176,4.166667,0.4901961,40.19608
2022-07-15 13:43:32,0,0,3.163017,1.946472,0,43.06569,3.649635,0.243309,41.11922
2022-07-15 13:43:31,0,0,3.431373,2.205882,0,42.64706,4.656863,0,44.60784
2022-07-15 13:43:30,0,0,3.163017,2.189781,0,44.28224,4.136253,0.243309,43.06569
2022-07-15 13:43:29,0,0,2.43309,1.946472,0,45.01217,3.892944,0.486618,35.0365
2022-07-15 13:43:28,0,0,5.121951,1.95122,0,46.82927,3.902439,0.7317073,37.56098
2022-07-15 13:43:27,0,0,5.839416,2.919708,0,42.82238,4.622871,0.243309,42.82238
2022-07-15 13:43:26,0,0,3.631961,1.937046,0,43.09927,5.084746,0.4842615,42.85714
2022-07-15 13:43:25,0,0,4.086538,2.644231,0,44.23077,4.567308,0.2403846,40.14423
2022-07-15 13:43:24,0,0,6.585366,2.439024,0,46.34146,4.390244,0.7317073,34.63415
2022-07-15 13:43:23,0,0,5.097087,3.15534,0,42.71845,4.368932,0.2427184,43.4466
2022-07-15 13:43:22,0,0,6.356968,2.444988,0,43.76528,3.91198,0.4889976,40.3423
2022-07-15 13:43:21,0,0,3.163017,3.406326,0,40.87591,3.892944,0.486618,46.47202
2022-07-15 13:43:20,0,0,6.097561,2.926829,0,49.26829,2.682927,0.2439024,34.87805
2022-07-15 13:43:19,0,0,6.356968,1.95599,0,47.18826,3.422983,0.4889976,37.16381
2022-07-15 13:43:18,0,0,3.398058,2.669903,0,39.80583,3.883495,0,42.47573
2022-07-15 13:43:17,0,0,5.555556,2.898551,0,45.16908,3.623188,0.4830918,40.82126
2022-07-15 13:43:16,0,0,2.898551,3.381643,0,38.88889,3.381643,0.4830918,48.30918
2022-07-15 13:43:15,0,0,2.905569,1.937046,0,41.16223,5.326877,0.2421308,41.16223
2022-07-15 13:43:14,0,0,3.178484,2.200489,0,42.29829,2.444988,0.4889976,39.6088
2022-07-15 13:43:13,0,0,4.136253,2.189781,0,43.55231,4.136253,0.486618,37.7129
2022-07-15 13:43:12,0,0,4.796163,2.398082,0,39.80815,4.076739,0.4796163,47.0024
2022-07-15 13:43:11,0,0,5.339806,2.427184,0,44.66019,4.368932,0.2427184,35.19417
2022-07-15 13:43:10,0,0,3.333333,3.095238,0,41.90476,3.571429,0.7142857,46.90476
2022-07-15 13:43:09,0,0,5.134474,1.711491,0,42.78729,4.156479,0.2444988,43.27628
2022-07-15 13:43:08,0,0,4.126214,2.669903,0,52.91262,3.640777,0.4854369,33.98058
2022-07-15 13:43:07,0,0,6.403941,1.970443,0,51.23153,4.679803,0.2463054,35.22167
2022-07-15 13:43:06,0,0,4.889976,2.200489,0,57.45721,4.156479,0.4889976,26.65037
2022-07-15 13:43:05,0,0,10.75,2.5,0,60.25,5.5,0.25,20
2022-07-15 13:43:04,0,0,5.783133,3.13253,0,57.83133,6.26506,0.4819277,23.37349
2022-07-15 13:43:03,0,0,8.663366,1.732673,0,60.14851,6.188119,0.2475248,22.27723
2022-07-15 13:43:02,0,0,8.75,1.75,0,60.5,5.5,0.25,21.5
2022-07-15 13:43:01,0,0,6.812652,2.43309,0,60.09732,5.352798,0.486618,23.60097
2022-07-15 13:43:00,0,0,4.889976,2.933985,0,55.01222,5.623472,0,29.82885
2022-07-15 13:42:59,0,0,8.980583,2.184466,0,57.28155,7.524272,0.4854369,22.57282
2022-07-15 13:42:58,0,0,6.569343,2.919708,0,47.44526,5.352798,0.486618,33.57664
2022-07-15 13:42:57,0,0,4.316547,3.117506,0,43.88489,5.035971,0.2398082,35.01199
2022-07-15 13:42:56,0,0,6.553398,2.427184,0,47.81553,3.640777,0.4854369,36.65049
2022-07-15 13:42:55,0,0,5.121951,2.439024,0,47.80488,4.146341,0.4878049,37.07317
2022-07-15 13:42:54,0,0,4.807692,2.403846,0,44.71154,3.125,0.2403846,41.10577
2022-07-15 13:42:53,0,0,5.339806,3.15534,0,45.63107,4.61165,0.7281553,37.37864
2022-07-15 13:42:52,0,0,6.097561,2.439024,0,46.09756,3.414634,0.4878049,35.60976
2022-07-15 13:42:51,0,0,3.846154,3.365385,0,44.71154,4.567308,0,42.78846
2022-07-15 13:42:50,0,0,6.067961,2.669903,0,42.96117,3.398058,0.4854369,41.50485
2022-07-15 13:42:49,0,0,5.339806,2.669903,0,49.27184,3.883495,0.7281553,36.16505
2022-07-15 13:42:48,0,0,4.534606,3.102625,0,44.63007,4.77327,0.2386635,38.42482
2022-07-15 13:42:47,0,0,4.830918,2.898551,0,43.71981,5.31401,0.7246377,42.02899
2022-07-15 13:42:46,0,0,6.082725,1.216545,0,45.74209,5.352798,0.243309,37.9562
2022-07-15 13:42:45,0,0,4.166667,2.45098,0,45.83333,3.431373,0.4901961,41.66667
2022-07-15 13:42:44,0,0,4.126214,2.669903,0,47.3301,4.368932,0.2427184,39.32039
2022-07-15 13:42:43,0,0,5.097087,2.427184,0,47.08738,4.126214,0.4854369,38.59223
2022-07-15 13:42:42,0,0,4.146341,2.682927,0,40.2439,3.658537,0.2439024,47.31707
2022-07-15 13:42:41,0,0,3.614458,2.891566,0,40.24096,4.096386,0.4819277,47.71084
2022-07-15 13:42:40,0,0,4.796163,2.877698,0,41.72662,4.796163,0.4796163,42.44604
2022-07-15 13:42:39,0,0,6.341463,1.707317,0,49.02439,4.634146,0.4878049,33.65854
2022-07-15 13:42:38,0,0,6.26506,2.891566,0,48.91566,3.855422,0.4819277,36.62651
2022-07-15 13:42:37,0,0,4.116223,3.389831,0,48.42615,3.1477,0.2421308,37.046
2022-07-15 13:42:36,0,0,6.26506,2.891566,0,43.37349,4.819277,0.2409639,37.59036
2022-07-15 13:42:35,0,0,7.004831,2.898551,0,49.27536,3.623188,0.4830918,33.81643
2022-07-15 13:42:34,0,0,5.755396,2.158273,0,46.52278,4.556355,0.2398082,36.69065
2022-07-15 13:42:33,0,0,6.31068,2.184466,0,46.1165,3.883495,0.4854369,34.2233
2022-07-15 13:42:32,0,0,4.807692,1.923077,0,47.59615,3.846154,0.7211538,33.65385
2022-07-15 13:42:31,0,0,5.783133,3.614458,0,43.37349,5.060241,0.2409639,38.55422
2022-07-15 13:42:30,0,0,6.372549,2.941176,0,41.17647,4.411765,0.245098,41.66667
2022-07-15 13:42:29,0,0,7.073171,2.195122,0,49.7561,3.658537,0.4878049,34.63415
2022-07-15 13:42:28,0,0,7.317073,2.439024,0,49.02439,3.902439,0.4878049,35.36585
2022-07-15 13:42:27,0,0,4.796163,3.597122,0,43.88489,4.796163,0.2398082,41.247
2022-07-15 13:42:26,0,0,4.337349,2.891566,0,46.26506,3.855422,0.4819277,37.3494
2022-07-15 13:42:25,0,0,5.637255,2.696078,0,49.01961,3.921569,0.245098,36.02941
2022-07-15 13:42:24,0,0,5.121951,1.95122,0,44.39024,4.146341,0.4878049,36.58537
2022-07-15 13:42:23,0,0,5.459057,1.4888337,0,46.65012,3.970223,0.4962779,38.46154
2022-07-15 13:42:22,0,0,4.645477,1.2224939,0,39.1198,5.623472,0.4889976,47.67726
2022-07-15 13:42:21,0,0,7.281553,2.184466,0,49.75728,5.825243,0.2427184,32.52427
2022-07-15 13:42:20,0,0,10.591133,1.970443,0,44.58128,12.561576,0.4926108,27.0936
2022-07-15 13:42:19,0,0,4.750594,2.612827,0,39.90499,4.988124,0.2375297,38.00475
2022-07-15 13:42:18,0,0,3.631961,1.937046,0,47.69976,4.116223,0.2421308,39.22518
2022-07-15 13:42:17,0,0,5.47619,4.761905,0,43.57143,4.285714,0.2380952,40
2022-07-15 13:42:16,0,0,7.317073,1.95122,0,46.34146,5.121951,0.4878049,35.60976
2022-07-15 13:42:15,0,0,5.339806,2.669903,0,45.87379,4.368932,0.4854369,35.92233
2022-07-15 13:42:14,0,0,5.378973,1.711491,0,46.45477,4.400978,0,38.14181
2022-07-15 13:42:13,0,0,4.337349,2.409639,0,45.3012,3.855422,0.4819277,40.96386
2022-07-15 13:42:12,0,0,5.250597,4.77327,0,42.95943,4.057279,0.2386635,41.05012
2022-07-15 13:42:11,0,0,3.874092,2.421308,0,45.52058,3.874092,0.2421308,42.85714
2022-07-15 13:42:10,0,0,6.506024,2.891566,0,46.0241,4.337349,0.4819277,35.90361
2022-07-15 13:42:09,0,0,3.605769,2.403846,0,41.34615,4.086538,0.2403846,44.71154
2022-07-15 13:42:08,0,0,4.61165,2.427184,0,46.35922,4.61165,0.2427184,40.29126
2022-07-15 13:42:07,0,0,5.339806,3.15534,0,44.90291,4.126214,0.2427184,40.04854
2022-07-15 13:42:06,0,0,2.43309,2.676399,0,38.19951,3.892944,0.243309,48.17518
2022-07-15 13:42:05,0,0,5.727924,2.863962,0,45.1074,5.011933,0.477327,39.37947
2022-07-15 13:42:04,0,0,5.515588,3.597122,0,44.1247,3.83693,0.4796163,33.57314
2022-07-15 13:42:03,0,0,4.285714,3.333333,0,40.47619,5,0.7142857,38.33333
2022-07-15 13:42:02,0,0,4.390244,2.682927,0,43.90244,4.390244,0.4878049,40.4878
2022-07-15 13:42:01,0,0,6.388206,2.702703,0,45.20885,3.685504,0.2457002,40.54054
2022-07-15 13:42:00,0,0,7.862408,2.702703,0,45.70025,3.931204,0.7371007,37.10074
2022-07-15 13:41:59,0,0,4.819277,2.409639,0,43.37349,5.542169,0.2409639,39.51807
2022-07-15 13:41:58,0,0,6.779661,2.421308,0,47.69976,4.358354,0.7263923,36.31961
2022-07-15 13:41:57,0,0,7.294118,3.294118,0,46.82353,4.941176,0.4705882,35.76471
2022-07-15 13:41:56,0,0,4.878049,1.4634146,0,40.97561,4.634146,0.2439024,45.36585
2022-07-15 13:41:55,0,0,8.759124,2.676399,0,49.39173,4.379562,0.243309,33.33333
2022-07-15 13:41:54,0,0,4.600484,2.663438,0,43.58354,4.358354,0.4842615,42.85714
2022-07-15 13:41:53,0,0,5.365854,2.682927,0,43.90244,5.365854,0.2439024,39.7561
2022-07-15 13:41:52,0,0,8.788599,2.850356,0,45.13064,4.275534,0.4750594,38.00475
2022-07-15 13:41:51,0,0,6.024096,1.4457831,0,43.85542,5.060241,0.4819277,34.6988
2022-07-15 13:41:50,0,0,4.136253,2.676399,0,43.06569,3.649635,0.486618,42.57908
2022-07-15 13:41:49,0,0,5.084746,1.937046,0,47.2155,4.600484,0.2421308,36.80387
2022-07-15 13:41:48,0,0,6.829268,2.682927,0,45.60976,4.390244,0.2439024,36.09756
2022-07-15 13:41:47,0,0,5.097087,2.427184,0,48.30097,4.854369,0.2427184,34.70874
2022-07-15 13:41:46,0,0,5.109489,2.189781,0,45.74209,4.379562,0.486618,41.60584
2022-07-15 13:41:45,0,0,6.971154,2.884615,0,47.59615,4.326923,0.7211538,31.97115
2022-07-15 13:41:44,0,0,2.650602,2.168675,0,36.38554,4.337349,0.2409639,53.01205
2022-07-15 13:41:43,0,0,5.121951,2.439024,0,48.04878,3.658537,0.4878049,32.68293
2022-07-15 13:41:42,0,0,5.569007,3.389831,0,46.24697,3.631961,0.4842615,35.83535
2022-07-15 13:41:41,0,0,6.356968,2.689487,0,44.98778,4.400978,0.2444988,38.87531
2022-07-15 13:41:40,0,0,4.889976,1.95599,0,46.94377,3.667482,0.4889976,37.40831
2022-07-15 13:41:39,0,0,4.691358,2.962963,0,46.41975,3.45679,0.2469136,38.51852
2022-07-15 13:41:38,0,0,5.542169,3.13253,0,42.89157,5.060241,0.9638554,40.48193
2022-07-15 13:41:37,0,0,7.334963,1.711491,0,46.94377,4.156479,0,37.40831
2022-07-15 13:41:36,0,0,3.649635,2.676399,0,41.84915,3.649635,0.243309,46.95864
2022-07-15 13:41:35,0,0,9.158416,1.732673,0,47.27723,4.950495,0.2475248,35.39604
2022-07-15 13:41:34,0,0,3.631961,3.389831,0,46.00484,3.1477,0.2421308,39.70944
2022-07-15 13:41:33,0,0,5.378973,2.933985,0,42.78729,2.933985,0.4889976,41.80929
2022-07-15 13:41:32,0,0,5.938242,2.850356,0,42.75534,4.038005,0.7125891,39.66746
2022-07-15 13:41:31,0,0,5.072464,1.932367,0,42.51208,4.589372,0.4830918,40.57971
2022-07-15 13:41:30,0,0,3.855422,3.373494,0,44.09639,3.373494,0.2409639,39.75904
2022-07-15 13:41:29,0,0,5.326877,2.421308,0,42.61501,4.600484,0.7263923,42.13075
2022-07-15 13:41:28,0,0,3.373494,2.650602,0,39.27711,4.578313,0.4819277,41.68675
2022-07-15 13:41:27,0,0,6.097561,2.439024,0,43.41463,5.365854,0.2439024,40.4878
2022-07-15 13:41:26,0,0,6.127451,2.205882,0,48.77451,3.676471,0.245098,33.57843
2022-07-15 13:41:25,0,0,4.901961,2.205882,0,41.91176,3.676471,0.245098,43.62745
2022-07-15 13:41:24,0,0,5.011933,1.909308,0,42.4821,4.295943,0.7159905,40.57279
2022-07-15 13:41:23,0,0,4.962779,1.985112,0,43.67246,3.225806,0.4962779,44.41687
2022-07-15 13:41:22,0,0,7.263923,2.905569,0,45.03632,4.842615,0.4842615,38.49879
2022-07-15 13:41:21,0,0,4.750594,3.562945,0,40.38005,4.513064,0.2375297,44.41805
2022-07-15 13:41:20,0,0,5.405405,1.965602,0,40.29484,4.422604,0.2457002,43.73464
2022-07-15 13:41:19,0,0,2.898551,2.657005,0,40.57971,3.864734,0.4830918,45.41063
2022-07-15 13:41:18,0,0,3.623188,3.623188,0,42.02899,4.830918,0.2415459,40.33816
2022-07-15 13:41:17,0,0,4.086538,3.365385,0,44.47115,3.846154,0.2403846,40.86538
2022-07-15 13:41:16,0,0,5.853659,3.170732,0,47.31707,3.170732,0.2439024,35.85366
2022-07-15 13:41:15,0,0,6.403941,1.970443,0,41.87192,4.187192,0.2463054,41.87192
2022-07-15 13:41:14,0,0,6.490385,2.403846,0,44.23077,5.528846,0.4807692,34.13462
2022-07-15 13:41:13,0,0,4.187192,2.463054,0,42.36453,2.463054,0.4926108,40.14778
2022-07-15 13:41:12,0,0,3.381643,2.898551,0,39.13043,5.31401,0.2415459,48.55072
2022-07-15 13:41:11,0,0,4.86618,2.43309,0,45.25547,4.136253,0.243309,40.6326
2022-07-15 13:41:10,0,0,2.912621,2.427184,0,40.04854,3.398058,0.2427184,48.05825
2022-07-15 13:41:09,0,0,6.987952,2.168675,0,42.89157,4.819277,0.2409639,38.79518
2022-07-15 13:41:08,0,0,3.597122,4.316547,0,39.80815,3.597122,0.2398082,45.08393
2022-07-15 13:41:07,0,0,2.650602,2.891566,0,39.03614,4.337349,0.2409639,41.20482
2022-07-15 13:41:06,0,0,4.358354,3.1477,0,42.61501,3.389831,0.968523,39.22518
2022-07-15 13:41:05,0,0,3.45679,2.222222,0,40.98765,2.962963,0.4938272,34.81481
2022-07-15 13:41:04,0,0,4.326923,2.884615,0,46.875,3.605769,0.7211538,36.77885
2022-07-15 13:41:03,0,0,5.609756,2.682927,0,42.92683,4.390244,0,41.95122
2022-07-15 13:41:02,0,0,5.084746,2.421308,0,44.30993,4.358354,0.2421308,39.46731
2022-07-15 13:41:01,0,0,7.940447,1.985112,0,46.15385,4.466501,0.4962779,36.22829
2022-07-15 13:41:00,0,0,3.473945,2.233251,0,47.1464,2.977667,0.4962779,41.93548
2022-07-15 13:40:59,0,0,5.528846,2.403846,0,43.50962,4.807692,0.2403846,40.625
2022-07-15 13:40:58,0,0,3.874092,1.4527845,0,46.97337,5.084746,0.4842615,35.10896
2022-07-15 13:40:57,0,0,5.896806,2.211302,0,42.99754,4.176904,0.4914005,40.04914
2022-07-15 13:40:56,0,0,5.896806,1.965602,0,46.68305,4.668305,0.2457002,38.82064
2022-07-15 13:40:55,0,0,6.617647,2.45098,0,43.87255,3.921569,0.245098,38.72549
2022-07-15 13:40:54,0,0,4.679803,1.724138,0,38.42365,4.926108,0.2463054,48.27586
2022-07-15 13:40:53,0,0,3.703704,2.222222,0,46.66667,3.209877,0.4938272,41.48148
2022-07-15 13:40:52,0,0,5.084746,1.937046,0,46.24697,4.358354,0.2421308,37.7724
2022-07-15 13:40:51,0,0,5.418719,2.216749,0,45.3202,3.940887,0.2463054,37.19212
2022-07-15 13:40:50,0,0,6.053269,2.905569,0,44.79419,4.600484,0.4842615,39.22518
2022-07-15 13:40:49,0,0,1.95122,1.2195122,0,38.04878,3.658537,0.4878049,41.46341
2022-07-15 13:40:48,0,0,3.649635,2.43309,0,41.84915,4.622871,0.243309,42.09246
2022-07-15 13:40:47,0,0,2.884615,3.365385,0,43.26923,3.125,0.4807692,42.54808
2022-07-15 13:40:46,0,0,4.10628,2.898551,0,40.82126,4.830918,0.2415459,42.27053
2022-07-15 13:40:45,0,0,3.422983,2.200489,0,44.00978,4.156479,0.2444988,34.71883
2022-07-15 13:40:44,0,0,2.850356,3.087886,0,39.42993,4.750594,0.4750594,45.84323
2022-07-15 13:40:43,0,0,4.842615,2.179177,0,43.58354,3.389831,0.4842615,38.01453
2022-07-15 13:40:42,0,0,6.024096,2.891566,0,45.54217,4.096386,0.2409639,36.38554
2022-07-15 13:40:41,0,0,4.116223,3.631961,0,40.43584,4.600484,0.4842615,45.03632
2022-07-15 13:40:40,0,0,7.246377,2.415459,0,45.41063,4.830918,0.2415459,39.13043
2022-07-15 13:40:39,0,0,6.038647,2.173913,0,43.96135,4.589372,0.4830918,37.43961
2022-07-15 13:40:38,0,0,6.097561,2.682927,0,43.90244,3.902439,0.4878049,40.73171
2022-07-15 13:40:37,0,0,6.812652,2.189781,0,43.79562,5.352798,0.243309,39.17275
2022-07-15 13:40:36,0,0,5.378973,2.689487,0,41.80929,3.667482,0.4889976,42.78729
2022-07-15 13:40:35,0,0,4.86618,1.946472,0,41.84915,4.136253,0.243309,41.84915
2022-07-15 13:40:34,0,0,4.645477,2.689487,0,42.05379,4.645477,0.2444988,43.27628
2022-07-15 13:40:33,0,0,4.634146,2.195122,0,43.17073,3.902439,0.4878049,41.46341
2022-07-15 13:40:32,0,0,5.326877,2.905569,0,43.82567,5.326877,0.2421308,40.1937
2022-07-15 13:40:31,0,0,6.633907,1.965602,0,43.48894,5.159705,0.4914005,40.54054
2022-07-15 13:40:30,0,0,4.513064,3.087886,0,46.31829,5.225653,0.2375297,37.76722
2022-07-15 13:40:29,0,0,6.763285,1.4492754,0,47.58454,5.31401,0.2415459,36.47343
2022-07-15 13:40:28,0,0,5.072464,3.381643,0,47.10145,4.347826,0.2415459,37.92271
2022-07-15 13:40:27,0,0,7.038835,3.15534,0,43.68932,5.097087,0.2427184,37.86408
2022-07-15 13:40:26,0,0,6.779661,2.421308,0,42.13075,5.811138,0.7263923,37.53027
2022-07-15 13:40:25,0,0,5.995204,2.63789,0,44.60432,4.556355,0.2398082,38.1295
2022-07-15 13:40:24,0,0,7.246377,2.657005,0,45.89372,3.623188,0.2415459,39.61353
2022-07-15 13:40:23,0,0,3.940887,2.463054,0,42.61084,4.433498,0.4926108,43.34975
2022-07-15 13:40:22,0,0,4.556355,3.357314,0,46.76259,3.597122,0.2398082,40.28777
2022-07-15 13:40:21,0,0,6.585366,2.195122,0,48.78049,4.146341,0.2439024,34.39024
2022-07-15 13:40:20,0,0,6.2954,2.663438,0,44.79419,4.600484,0.4842615,40.67797
2022-07-15 13:40:19,0,0,6.947891,1.736973,0,42.18362,4.466501,0.4962779,40.44665
2022-07-15 13:40:18,0,0,5.060241,3.373494,0,46.50602,4.337349,0.2409639,39.75904
2022-07-15 13:40:17,0,0,6.356968,2.200489,0,42.29829,4.645477,0.4889976,41.80929
2022-07-15 13:40:16,0,0,3.640777,1.4563107,0,44.41748,4.368932,0.2427184,41.99029
2022-07-15 13:40:15,0,0,6.356968,2.444988,0,44.25428,3.91198,0.7334963,39.6088
2022-07-15 13:40:14,0,0,6.521739,3.381643,0,45.89372,4.589372,0.4830918,36.71498
2022-07-15 13:40:13,0,0,4.347826,1.932367,0,42.99517,4.589372,0.4830918,45.65217
2022-07-15 13:40:12,0,0,4.645477,2.689487,0,43.27628,3.422983,0.2444988,43.76528
2022-07-15 13:40:11,0,0,6.419753,2.222222,0,45.92593,4.938272,0.2469136,38.02469
2022-07-15 13:40:10,0,0,3.676471,1.2254902,0,39.70588,3.921569,0.245098,46.32353
2022-07-15 13:40:09,0,0,6.506024,2.409639,0,43.85542,5.060241,0.4819277,39.51807
2022-07-15 13:40:08,0,0,4.668305,2.457002,0,47.66585,4.914005,0.2457002,32.43243
2022-07-15 13:40:07,0,0,6.25,2.884615,0,46.875,5.769231,0.2403846,35.33654
2022-07-15 13:40:06,0,0,3.431373,1.960784,0,42.40196,4.656863,0.4901961,41.17647
2022-07-15 13:40:05,0,0,4.656863,2.696078,0,44.60784,2.941176,0.7352941,40.68627
2022-07-15 13:40:04,0,0,4.668305,1.965602,0,46.43735,3.931204,0.4914005,40.78624
2022-07-15 13:40:03,0,0,4.70297,1.4851485,0,44.05941,3.712871,0.2475248,40.59406
2022-07-15 13:40:02,0,0,4.622871,1.946472,0,47.44526,4.622871,0.243309,39.17275
2022-07-15 13:40:01,0,0,7.211538,3.365385,0,46.39423,5.048077,0.7211538,36.05769
2022-07-15 13:40:00,0,0,2.650602,3.614458,0,45.06024,3.855422,0,35.90361
2022-07-15 13:39:59,0,0,7.380952,3.809524,0,44.04762,4.761905,0.2380952,37.61905
2022-07-15 13:39:58,0,0,6.038647,1.932367,0,42.99517,4.10628,0.4830918,41.0628
2022-07-15 13:39:57,0,0,5.275779,2.398082,0,44.1247,5.035971,0.4796163,41.00719
2022-07-15 13:39:56,0,0,4.578313,2.891566,0,41.92771,3.373494,0.2409639,45.3012
2022-07-15 13:39:55,0,0,5.352798,2.189781,0,40.38929,4.379562,0.486618,44.76886
2022-07-15 13:39:54,0,0,4.878049,1.707317,0,43.65854,3.902439,0.4878049,40.73171
2022-07-15 13:39:53,0,0,5.882353,1.2254902,0,46.07843,4.656863,0.4901961,34.31373
2022-07-15 13:39:52,0,0,4.634146,1.95122,0,46.34146,3.170732,0.4878049,30.4878
2022-07-15 13:39:51,0,0,4.116223,2.663438,0,45.03632,4.600484,0.2421308,40.1937
2022-07-15 13:39:50,0,0,6.666667,1.4814815,0,47.65432,4.197531,0.7407407,34.5679
2022-07-15 13:39:49,0,0,4.830918,2.657005,0,45.41063,4.589372,0.7246377,38.88889
2022-07-15 13:39:48,0,0,3.554502,3.791469,0,42.18009,4.50237,0,45.0237
2022-07-15 13:39:47,0,0,4.819277,2.650602,0,42.89157,5.060241,0.2409639,43.13253
2022-07-15 13:39:46,0,0,6.009615,2.884615,0,45.91346,4.326923,0.2403846,37.98077
2022-07-15 13:39:45,0,0,4.600484,1.937046,0,46.24697,5.569007,0.2421308,36.80387
2022-07-15 13:39:44,0,0,5.060241,3.614458,0,45.54217,4.096386,0.2409639,38.79518
2022-07-15 13:39:43,0,0,4.796163,2.63789,0,37.88969,4.316547,0.2398082,46.28297
2022-07-15 13:39:42,0,0,6.2954,3.1477,0,43.82567,4.842615,0.2421308,35.10896
2022-07-15 13:39:41,0,0,7.487923,1.690821,0,44.68599,4.830918,0.7246377,37.92271
2022-07-15 13:39:40,0,0,6.31068,1.941748,0,49.02913,4.61165,0.4854369,31.79612
2022-07-15 13:39:39,0,0,3.225806,1.736973,0,45.65757,4.218362,0.7444169,36.47643
2022-07-15 13:39:38,0,0,2.676399,2.189781,0,44.03893,3.406326,0.486618,38.19951
2022-07-15 13:39:37,0,0,4.645477,2.200489,0,44.00978,3.667482,0.2444988,40.5868
2022-07-15 13:39:36,0,0,3.892944,2.919708,0,43.309,3.649635,0.486618,42.57908
2022-07-15 13:39:35,0,0,5.097087,1.941748,0,45.38835,5.097087,0.4854369,40.53398
2022-07-15 13:39:34,0,0,2.863962,4.057279,0,37.2315,4.534606,0.2386635,49.16468
2022-07-15 13:39:33,0,0,4.326923,4.086538,0,41.34615,3.605769,0.4807692,40.86538
2022-07-15 13:39:32,0,0,3.365385,3.125,0,40.38462,4.807692,0.2403846,44.23077
2022-07-15 13:39:31,0,0,5.515588,2.398082,0,45.56355,4.556355,0.7194245,38.84892
2022-07-15 13:39:30,0,0,5.882353,2.205882,0,43.87255,4.411765,0.245098,41.91176
2022-07-15 13:39:29,0,0,5.811138,1.4527845,0,49.39467,4.358354,0.4842615,34.86683
2022-07-15 13:39:28,0,0,3.864734,2.898551,0,41.30435,4.589372,0.2415459,44.68599
2022-07-15 13:39:27,0,0,2.696078,1.715686,0,42.64706,4.901961,0.245098,45.34314
2022-07-15 13:39:26,0,0,3.110048,3.110048,0,44.73684,5.023923,0.4784689,37.79904
2022-07-15 13:39:25,0,0,4.691358,1.728395,0,42.96296,2.716049,0.2469136,42.71605
2022-07-15 13:39:24,0,0,5.867971,1.95599,0,43.03178,3.91198,0.7334963,37.89731
2022-07-15 13:39:23,0,0,2.891566,3.373494,0,42.6506,4.096386,0.4819277,43.37349
2022-07-15 13:39:22,0,0,6.067961,2.427184,0,44.66019,3.398058,0.4854369,38.59223
2022-07-15 13:39:21,0,0,5.109489,1.703163,0,44.52555,4.86618,0.243309,39.17275
2022-07-15 13:39:20,0,0,4.889976,2.200489,0,45.72127,3.667482,0.4889976,36.67482
2022-07-15 13:39:19,0,0,5.811138,2.421308,0,47.2155,4.358354,0.7263923,36.07748
2022-07-15 13:39:18,0,0,3.874092,2.179177,0,42.37288,5.084746,0.2421308,41.88862
2022-07-15 13:39:17,0,0,6.326034,1.946472,0,45.49878,3.892944,0.973236,37.9562
2022-07-15 13:39:16,0,0,6.521739,2.657005,0,43.71981,3.381643,0.4830918,42.27053
2022-07-15 13:39:15,0,0,4.889976,2.200489,0,46.94377,4.400978,0.2444988,38.87531
2022-07-15 13:39:14,0,0,4.656863,3.186275,0,42.89216,3.431373,0.245098,43.13725
2022-07-15 13:39:13,0,0,6.987952,3.13253,0,46.98795,4.096386,0.2409639,37.59036
2022-07-15 13:39:12,0,0,3.389831,2.421308,0,39.70944,3.389831,0.7263923,46.4891
2022-07-15 13:39:11,0,0,4.10628,2.657005,0,45.65217,4.10628,0.4830918,40.09662
2022-07-15 13:39:10,0,0,5.679012,2.469136,0,44.93827,3.950617,0.2469136,37.53086
2022-07-15 13:39:09,0,0,8.292683,2.682927,0,44.39024,5.609756,0.2439024,35.85366
2022-07-15 13:39:08,0,0,3.562945,3.325416,0,43.94299,4.038005,0.4750594,43.70546
2022-07-15 13:39:07,0,0,8.801956,2.933985,0,48.89976,4.645477,0.2444988,32.51834
2022-07-15 13:39:06,0,0,9.290954,1.711491,0,50.61125,4.156479,0.7334963,32.51834
2022-07-15 13:39:05,0,0,8.108108,1.965602,0,45.45455,4.422604,0.4914005,36.36364
2022-07-15 13:39:04,0,0,6.569343,2.43309,0,44.52555,4.136253,0.243309,41.84915
2022-07-15 13:39:03,0,0,4.854369,2.669903,0,41.50485,4.61165,0.4854369,43.4466
2022-07-15 13:39:02,0,0,3.892944,3.649635,0,43.309,3.892944,0.729927,43.79562
2022-07-15 13:39:01,0,0,5.995204,3.117506,0,45.32374,4.076739,0.2398082,40.28777
2022-07-15 13:39:00,0,0,3.846154,2.403846,0,42.54808,4.807692,0.2403846,43.75
2022-07-15 13:38:59,0,0,4.116223,2.179177,0,46.00484,3.389831,0.2421308,40.1937
2022-07-15 13:38:58,0,0,4.076739,2.398082,0,40.04796,4.076739,0.4796163,45.08393
2022-07-15 13:38:57,0,0,5.825243,1.941748,0,41.01942,5.097087,0.4854369,40.04854
2022-07-15 13:38:56,0,0,7.073171,2.439024,0,44.63415,4.878049,0.2439024,36.58537
2022-07-15 13:38:55,0,0,5.811138,2.421308,0,46.73123,4.116223,0.4842615,36.80387
2022-07-15 13:38:54,0,0,5.097087,2.912621,0,46.1165,3.640777,0.4854369,38.1068
2022-07-15 13:38:53,0,0,6.601467,1.95599,0,46.21027,4.645477,0.2444988,33.25183
2022-07-15 13:38:52,0,0,4.878049,2.682927,0,52.68293,4.390244,0,34.63415
2022-07-15 13:38:51,0,0,11.056511,1.965602,0,57.98526,5.651106,0.2457002,21.62162
2022-07-15 13:38:50,0,0,10.653753,1.4527845,0,58.83777,5.569007,0.2421308,21.79177
2022-07-15 13:38:49,0,0,3.685504,2.702703,0,58.96806,4.668305,0.2457002,27.27273
2022-07-15 13:38:48,0,0,8.695652,2.415459,0,59.90338,5.072464,0.4830918,20.5314
2022-07-15 13:38:47,0,0,6.585366,3.170732,0,56.82927,5.121951,0.4878049,26.09756
2022-07-15 13:38:46,0,0,9.852217,1.2315271,0,60.83744,6.157635,0.4926108,20.68966
2022-07-15 13:38:45,0,0,6.372549,3.431373,0,59.55882,4.656863,0.245098,23.28431
2022-07-15 13:38:44,0,0,8.888889,1.975309,0,59.50617,5.432099,0.4938272,20.98765
2022-07-15 13:38:43,0,0,10.37037,2.962963,0,56.2963,5.432099,0.2469136,22.71605
2022-07-15 13:38:42,0,0,7.004831,3.623188,0,48.55072,4.589372,0.2415459,33.81643
2022-07-15 13:38:41,0,0,5.392157,1.715686,0,43.38235,5.392157,0,39.70588
2022-07-15 13:38:40,0,0,6.388206,1.965602,0,49.38575,5.651106,0.4914005,32.67813
2022-07-15 13:38:39,0,0,6.954436,2.63789,0,46.76259,5.275779,0.2398082,32.61391
2022-07-15 13:38:38,0,0,4.433498,2.70936,0,45.3202,5.172414,0.4926108,38.17734
2022-07-15 13:38:37,0,0,8.674699,2.409639,0,48.43373,6.26506,0,32.53012
2022-07-15 13:38:36,0,0,7.23192,1.995012,0,45.38653,3.740648,0.7481297,37.65586
2022-07-15 13:38:35,0,0,4.761905,3.571429,0,48.33333,4.285714,0.7142857,35.47619
2022-07-15 13:38:34,0,0,6.965174,2.238806,0,51.49254,4.975124,0.2487562,30.34826
2022-07-15 13:38:33,0,0,4.77327,3.102625,0,45.34606,5.250597,0.477327,38.66348
2022-07-15 13:38:32,0,0,5.542169,2.409639,0,45.3012,4.096386,0,39.27711
2022-07-15 13:38:31,0,0,7.940447,2.233251,0,46.89826,5.210918,0.4962779,34.24318
2022-07-15 13:38:30,0,0,3.970223,1.2406948,0,41.68734,2.729529,0.4962779,40.19851
2022-07-15 13:38:29,0,0,7.352941,1.960784,0,47.79412,4.656863,0.7352941,35.29412
2022-07-15 13:38:28,0,0,7.389163,1.724138,0,51.47783,4.926108,0.2463054,30.29557
2022-07-15 13:38:27,0,0,5.339806,2.184466,0,42.96117,3.15534,0.4854369,38.34951
2022-07-15 13:38:26,0,0,4.950495,1.4851485,0,46.0396,5.445545,0.2475248,40.34653
2022-07-15 13:38:25,0,0,5.596107,3.163017,0,42.09246,4.136253,0.729927,40.14599
2022-07-15 13:38:24,0,0,7.23192,1.4962594,0,48.12968,4.239401,0.4987531,36.40898
2022-07-15 13:38:23,0,0,6.896552,1.2315271,0,43.84236,4.433498,0.2463054,37.93103
2022-07-15 13:38:22,0,0,5.405405,2.457002,0,39.80344,4.914005,0.2457002,45.45455
2022-07-15 13:38:21,0,0,2.663438,2.179177,0,40.43584,3.874092,0.2421308,48.66828
2022-07-15 13:38:20,0,0,6.490385,1.682692,0,45.19231,4.807692,0.2403846,36.29808
2022-07-15 13:38:19,0,0,4.589372,2.898551,0,43.96135,4.10628,0.2415459,42.02899
2022-07-15 13:38:18,0,0,3.365385,3.125,0,39.42308,4.086538,0.2403846,46.39423
2022-07-15 13:38:17,0,0,3.883495,2.427184,0,39.80583,4.61165,0.4854369,48.54369
2022-07-15 13:38:16,0,0,3.140097,1.932367,0,42.75362,3.864734,0.2415459,44.44444
2022-07-15 13:38:15,0,0,4.914005,1.965602,0,42.26044,4.176904,0.2457002,45.45455
2022-07-15 13:38:14,0,0,3.15534,3.15534,0,37.37864,4.61165,0.2427184,43.68932
2022-07-15 13:38:13,0,0,3.1477,1.937046,0,43.09927,4.358354,0.4842615,44.55206
2022-07-15 13:38:12,0,0,4.166667,2.45098,0,45.09804,3.921569,0.245098,41.91176
2022-07-15 13:38:11,0,0,4.534606,2.625298,0,42.00477,4.295943,0.7159905,43.19809
2022-07-15 13:38:10,0,0,3.45679,2.222222,0,42.22222,3.45679,0.2469136,44.93827
2022-07-15 13:38:09,0,0,4.116223,2.179177,0,44.0678,3.874092,0.7263923,38.74092
2022-07-15 13:38:08,0,0,4.513064,2.850356,0,42.28029,4.750594,0.4750594,38.47981
2022-07-15 13:38:07,0,0,4.358354,2.179177,0,44.0678,4.358354,0.2421308,38.01453
2022-07-15 13:38:06,0,0,3.864734,2.657005,0,40.33816,3.623188,0.4830918,43.71981
2022-07-15 13:38:05,0,0,4.316547,2.877698,0,43.64508,3.597122,0.4796163,34.77218
2022-07-15 13:38:04,0,0,4.116223,3.389831,0,41.16223,3.631961,0.7263923,37.046
2022-07-15 13:38:03,0,0,5.980861,2.15311,0,47.36842,3.349282,0.4784689,34.21053
2022-07-15 13:38:02,0,0,3.163017,3.406326,0,42.57908,4.136253,0.243309,42.09246
2022-07-15 13:38:01,0,0,5.47619,3.095238,0,45.47619,4.52381,0.7142857,39.52381
2022-07-15 13:38:00,0,0,4.455446,2.970297,0,44.55446,3.217822,0.7425743,41.83168
2022-07-15 13:37:59,0,0,4.796163,3.117506,0,47.72182,3.83693,0.4796163,38.3693
2022-07-15 13:37:58,0,0,4.634146,1.2195122,0,47.07317,4.634146,0.2439024,39.5122
2022-07-15 13:37:57,0,0,5.405405,2.948403,0,46.68305,3.931204,0.2457002,34.64373
2022-07-15 13:37:56,0,0,11.650485,1.941748,0,47.08738,4.61165,0.4854369,31.79612
2022-07-15 13:37:55,0,0,3.640777,2.184466,0,43.68932,4.61165,0.4854369,40.04854
2022-07-15 13:37:54,0,0,3.874092,3.1477,0,45.27845,4.358354,0.2421308,41.88862
2022-07-15 13:37:53,0,0,5.882353,2.45098,0,47.05882,3.676471,0.245098,35.04902
2022-07-15 13:37:52,0,0,6.25,3.125,0,50,6.490385,0.4807692,28.36538
2022-07-15 13:37:51,0,0,5.896806,2.948403,0,56.26536,3.685504,0.2457002,27.27273
2022-07-15 13:37:50,0,0,6.053269,3.1477,0,51.81598,4.116223,0.2421308,28.57143
2022-07-15 13:37:49,0,0,11.82266,1.970443,0,69.70443,5.665025,0.2463054,9.1133
2022-07-15 13:37:48,0,0,9.405941,2.475248,0,69.30693,5.940594,0.2475248,11.881188
2022-07-15 13:37:47,0,0,10.39604,2.970297,0,67.32673,7.178218,0.4950495,10.891089
2022-07-15 13:37:46,0,0,10.945274,1.741294,0,71.14428,7.711443,0.2487562,7.462687
2022-07-15 13:37:45,0,0,10,1.5,0,75,6.75,0.25,6.25
2022-07-15 13:37:44,0,0,11.111111,2.716049,0,75.06173,5.925926,0.2469136,4.691358
2022-07-15 13:37:43,0,0,10.447761,1.741294,0,75.62189,7.462687,0,4.477612
2022-07-15 13:37:42,0,0,9.226933,2.743142,0,75.06234,4.738155,0.4987531,7.730673
2022-07-15 13:37:41,0,0,12.060302,1.758794,0,76.63317,5.527638,0,4.020101
2022-07-15 13:37:40,0,0,9.20398,0.4975124,0,76.1194,5.223881,0.4975124,7.960199
2022-07-15 13:37:39,0,0,11.358025,1.4814815,0,74.32099,5.925926,0.2469136,6.17284
2022-07-15 13:37:38,0,0,9.090909,2.702703,0,58.23096,6.142506,0.2457002,23.09582
2022-07-15 13:37:37,0,0,6.326034,2.676399,0,59.3674,5.109489,0.243309,25.06083
2022-07-15 13:37:36,0,0,9.068627,2.45098,0,59.55882,5.147059,0.245098,22.05882
2022-07-15 13:37:35,0,0,10.301508,3.015075,0,52.51256,5.276382,0.2512563,22.86432
2022-07-15 13:37:34,0,0,4.819277,1.686747,0,45.78313,4.819277,0.2409639,41.44578
2022-07-15 13:37:33,0,0,7.334963,2.200489,0,49.87775,4.645477,0.2444988,32.76284
2022-07-15 13:37:32,0,0,5.839416,1.703163,0,46.71533,5.596107,0.486618,36.73966
2022-07-15 13:37:31,0,0,4.77327,2.863962,0,42.4821,5.011933,0.477327,37.70883
2022-07-15 13:37:30,0,0,4.901961,2.696078,0,45.34314,4.411765,0.245098,37.9902
2022-07-15 13:37:29,0,0,3.1477,2.421308,0,42.37288,3.389831,0.2421308,46.00484
2022-07-15 13:37:28,0,0,3.694581,2.463054,0,45.07389,3.20197,0.4926108,42.36453
2022-07-15 13:37:27,0,0,4.255319,4.491726,0,43.26241,3.782506,0.4728132,33.33333
2022-07-15 13:37:26,0,0,6.896552,1.4778325,0,45.5665,3.694581,0.4926108,38.17734
2022-07-15 13:37:25,0,0,6.553398,1.941748,0,47.3301,4.368932,0.4854369,31.5534
2022-07-15 13:37:24,0,0,6.428571,2.619048,0,42.14286,4.761905,0.2380952,42.38095
2022-07-15 13:37:23,0,0,5.023923,3.349282,0,44.01914,3.827751,0.4784689,38.75598
2022-07-15 13:37:22,0,0,4.578313,3.373494,0,45.54217,5.060241,0.2409639,40.24096
2022-07-15 13:37:21,0,0,5.811138,2.421308,0,44.0678,5.326877,0.2421308,38.98305
2022-07-15 13:37:20,0,0,5.172414,1.970443,0,47.29064,5.172414,0.7389163,36.69951
2022-07-15 13:37:19,0,0,5.582524,2.669903,0,46.1165,4.61165,0.2427184,38.1068
2022-07-15 13:37:18,0,0,4.400978,2.689487,0,45.72127,3.667482,0.2444988,39.6088
2022-07-15 13:37:17,0,0,4.146341,2.439024,0,45.12195,4.390244,0.4878049,38.78049
2022-07-15 13:37:16,0,0,4.889976,2.933985,0,48.89976,3.91198,0.4889976,36.43032
2022-07-15 13:37:15,0,0,3.406326,1.946472,0,39.17275,3.892944,0.486618,41.84915
2022-07-15 13:37:14,0,0,2.919708,3.163017,0,42.82238,3.649635,0,45.25547
2022-07-15 13:37:13,0,0,4.076739,3.117506,0,42.92566,4.316547,0.2398082,43.40528
2022-07-15 13:37:12,0,0,7.29927,2.43309,0,48.17518,6.082725,0.243309,33.57664
2022-07-15 13:37:11,0,0,5.596107,2.43309,0,46.71533,4.622871,0.486618,35.76642
2022-07-15 13:37:10,0,0,5.596107,2.189781,0,47.20195,3.649635,0.486618,37.22628
2022-07-15 13:37:09,0,0,3.373494,2.168675,0,41.92771,5.301205,0.2409639,45.78313
2022-07-15 13:37:08,0,0,4.61165,2.184466,0,48.05825,4.126214,0.7281553,36.8932
2022-07-15 13:37:07,0,0,5.365854,1.707317,0,42.43902,4.634146,0.4878049,41.95122
2022-07-15 13:37:06,0,0,4.600484,2.179177,0,43.58354,4.600484,0.2421308,33.17191
2022-07-15 13:37:05,0,0,6.862745,1.715686,0,47.54902,4.166667,0.245098,32.84314
2022-07-15 13:37:04,0,0,4.379562,2.43309,0,43.309,4.379562,0.243309,39.65937
2022-07-15 13:37:03,0,0,4.337349,2.891566,0,46.74699,5.060241,0.7228916,38.55422
2022-07-15 13:37:02,0,0,6.127451,2.45098,0,44.60784,5.147059,0,39.21569
2022-07-15 13:37:01,0,0,6.766917,1.5037594,0,45.61404,5.263158,0.5012531,38.09524
2022-07-15 13:37:00,0,0,5.839416,2.676399,0,47.68856,4.136253,0.486618,35.52311
2022-07-15 13:36:59,0,0,8.06846,2.444988,0,45.47677,3.91198,0.7334963,35.94132
2022-07-15 13:36:58,0,0,4.176904,2.948403,0,44.71744,4.668305,0.2457002,42.26044
2022-07-15 13:36:57,0,0,6.388206,2.702703,0,45.94595,4.176904,0.2457002,36.11794
2022-07-15 13:36:56,0,0,5.925926,2.469136,0,44.19753,3.703704,0.7407407,41.48148
2022-07-15 13:36:55,0,0,5.159705,2.702703,0,44.22604,4.422604,0.4914005,38.82064
2022-07-15 13:36:54,0,0,5.134474,1.711491,0,42.05379,4.645477,0.2444988,42.29829
2022-07-15 13:36:53,0,0,6.112469,2.444988,0,46.69927,3.667482,0.2444988,27.87286
2022-07-15 13:36:52,0,0,6.812652,3.163017,0,45.25547,4.622871,0,37.9562
2022-07-15 13:36:51,0,0,5.238095,3.571429,0,47.14286,5,0.4761905,36.66667
2022-07-15 13:36:50,0,0,3.902439,2.682927,0,43.41463,3.414634,0.2439024,43.17073
2022-07-15 13:36:49,0,0,3.225806,2.48139,0,43.17618,3.970223,0.4962779,38.2134
2022-07-15 13:36:48,0,0,3.406326,2.676399,0,43.06569,4.379562,0.243309,43.79562
2022-07-15 13:36:47,0,0,7.524272,1.941748,0,48.05825,4.854369,0.4854369,33.73786
2022-07-15 13:36:46,0,0,8.192771,3.13253,0,48.6747,4.819277,0.2409639,32.77108
2022-07-15 13:36:45,0,0,4.30622,3.588517,0,43.30144,4.066986,0.4784689,40.19139
2022-07-15 13:36:44,0,0,6.25,2.884615,0,44.47115,4.086538,0.2403846,37.01923
2022-07-15 13:36:43,0,0,4.830918,3.623188,0,44.2029,3.623188,0.4830918,40.33816
2022-07-15 13:36:42,0,0,4.645477,2.444988,0,45.47677,4.156479,0.4889976,38.63081
2022-07-15 13:36:41,0,0,4.86618,1.703163,0,46.95864,3.892944,0.243309,38.68613
2022-07-15 13:36:40,0,0,7.038835,2.669903,0,46.35922,4.61165,0.2427184,36.8932
2022-07-15 13:36:39,0,0,6.53753,2.421308,0,43.82567,4.116223,0.2421308,38.74092
2022-07-15 13:36:38,0,0,5.339806,2.912621,0,43.4466,3.398058,0.2427184,37.37864
2022-07-15 13:36:37,0,0,4.86618,3.163017,0,45.74209,3.406326,0.486618,35.0365
2022-07-15 13:36:36,0,0,8.823529,2.205882,0,49.5098,5.637255,0.4901961,31.61765
2022-07-15 13:36:35,0,0,8.06846,2.689487,0,44.49878,4.156479,0.4889976,38.87531
2022-07-15 13:36:34,0,0,5.392157,1.715686,0,44.60784,4.656863,0.245098,41.42157
2022-07-15 13:36:33,0,0,3.940887,0.9852217,0,45.07389,4.187192,0.2463054,38.17734
2022-07-15 13:36:32,0,0,4.30622,3.588517,0,43.7799,4.30622,0.4784689,41.38756
2022-07-15 13:36:31,0,0,4.086538,2.163462,0,43.26923,3.846154,0.2403846,43.02885
2022-07-15 13:36:30,0,0,5.378973,3.422983,0,43.52078,3.178484,0.4889976,40.3423
2022-07-15 13:36:29,0,0,3.414634,2.439024,0,44.39024,3.414634,0.2439024,36.09756
2022-07-15 13:36:28,0,0,3.864734,2.898551,0,42.02899,3.864734,0.2415459,44.2029
2022-07-15 13:36:27,0,0,3.15534,3.15534,0,40.04854,4.126214,0.4854369,44.41748
2022-07-15 13:36:26,0,0,3.676471,2.696078,0,41.66667,4.901961,0,44.85294
2022-07-15 13:36:25,0,0,5.596107,2.189781,0,44.28224,4.622871,0.243309,41.11922
2022-07-15 13:36:24,0,0,3.902439,2.439024,0,38.29268,5.609756,0.2439024,44.39024
2022-07-15 13:36:23,0,0,5.637255,1.960784,0,44.85294,4.411765,0.4901961,41.91176
2022-07-15 13:36:22,0,0,7.710843,1.927711,0,49.87952,5.301205,0.4819277,33.25301
2022-07-15 13:36:21,0,0,5.463183,3.800475,0,44.65558,4.988124,0.2375297,37.52969
2022-07-15 13:36:20,0,0,3.83693,2.877698,0,45.08393,3.83693,0.7194245,40.28777
2022-07-15 13:36:19,0,0,4.830918,3.381643,0,44.2029,4.347826,0.4830918,39.61353
2022-07-15 13:36:18,0,0,7.073171,1.707317,0,46.82927,4.878049,0.4878049,36.34146
2022-07-15 13:36:17,0,0,5.825243,2.427184,0,43.20388,4.126214,0.4854369,38.59223
2022-07-15 13:36:16,0,0,6.372549,2.45098,0,44.60784,4.166667,0.245098,41.17647
2022-07-15 13:36:15,0,0,5.060241,2.409639,0,46.26506,5.060241,0.2409639,35.42169
2022-07-15 13:36:14,0,0,4.645477,2.933985,0,45.47677,4.645477,0.2444988,36.91932
2022-07-15 13:36:13,0,0,4.950495,1.4851485,0,43.81188,4.207921,0.990099,40.34653
2022-07-15 13:36:12,0,0,3.554502,4.028436,0,42.41706,4.028436,0.2369668,38.62559
2022-07-15 13:36:11,0,0,3.800475,2.850356,0,38.71734,4.513064,0.4750594,47.50594
2022-07-15 13:36:10,0,0,3.940887,2.955665,0,37.93103,5.418719,0.2463054,47.04433
2022-07-15 13:36:09,0,0,6.015038,2.005013,0,47.11779,3.258145,0.5012531,35.08772
2022-07-15 13:36:08,0,0,4.567308,2.163462,0,45.43269,4.807692,0.4807692,39.66346
2022-07-15 13:36:07,0,0,6.097561,3.414634,0,45.60976,4.634146,0.2439024,36.82927
2022-07-15 13:36:06,0,0,4.61165,2.669903,0,44.90291,4.61165,0.4854369,37.37864
2022-07-15 13:36:05,0,0,4.589372,2.415459,0,42.02899,8.21256,0.2415459,41.30435
2022-07-15 13:36:04,0,0,6.067961,3.15534,0,44.66019,4.126214,0,37.86408
2022-07-15 13:36:03,0,0,3.902439,2.195122,0,41.95122,3.414634,0.2439024,44.63415
2022-07-15 13:36:02,0,0,3.15534,2.184466,0,42.96117,4.368932,0.2427184,42.47573
2022-07-15 13:36:01,0,0,2.898551,2.415459,0,37.19807,3.381643,0.4830918,44.44444
2022-07-15 13:36:00,0,0,5.035971,2.398082,0,45.80336,4.796163,0.4796163,37.88969
2022-07-15 13:35:59,0,0,2.657005,2.657005,0,40.09662,4.10628,0.2415459,50
2022-07-15 13:35:58,0,0,3.855422,3.13253,0,46.0241,3.855422,0,39.03614
2022-07-15 13:35:57,0,0,6.024096,3.373494,0,41.20482,3.855422,0.2409639,44.57831
2022-07-15 13:35:56,0,0,6.601467,2.933985,0,44.98778,3.422983,0.4889976,39.3643
2022-07-15 13:35:55,0,0,7.073171,2.439024,0,46.34146,4.878049,0.2439024,37.56098
2022-07-15 13:35:54,0,0,5.011933,2.863962,0,43.19809,4.295943,0.2386635,41.05012
2022-07-15 13:35:53,0,0,3.83693,2.877698,0,41.72662,4.076739,0.4796163,44.36451
2022-07-15 13:35:52,0,0,8.272506,2.43309,0,45.74209,4.136253,0.729927,37.46959
2022-07-15 13:35:51,0,0,5.352798,2.919708,0,42.57908,3.649635,0.243309,43.06569
2022-07-15 13:35:50,0,0,5.134474,2.689487,0,46.45477,3.667482,0.4889976,40.3423
2022-07-15 13:35:49,0,0,4.390244,2.926829,0,40.4878,3.902439,0.2439024,46.34146
2022-07-15 13:35:48,0,0,4.146341,2.195122,0,43.41463,4.878049,0.4878049,38.78049
2022-07-15 13:35:47,0,0,7.616708,1.965602,0,47.17445,4.176904,0.2457002,37.59214
2022-07-15 13:35:46,0,0,6.47482,2.158273,0,46.76259,4.076739,0.4796163,33.33333
2022-07-15 13:35:45,0,0,6.601467,0.9779951,0,43.76528,4.400978,0.2444988,41.07579
2022-07-15 13:35:44,0,0,5.811138,3.1477,0,44.0678,4.358354,0.2421308,39.22518
2022-07-15 13:35:43,0,0,5.783133,2.650602,0,45.54217,3.614458,0.2409639,39.27711
2022-07-15 13:35:42,0,0,5,3.571429,0,43.33333,4.52381,0.4761905,40.47619
2022-07-15 13:35:41,0,0,5.097087,3.398058,0,46.60194,4.126214,0.4854369,39.07767
2022-07-15 13:35:40,0,0,5.275779,2.877698,0,44.84412,5.035971,0,39.80815
2022-07-15 13:35:39,0,0,6.617647,2.696078,0,44.60784,5.147059,0.7352941,36.51961
2022-07-15 13:35:38,0,0,5.555556,3.623188,0,44.68599,3.864734,0.2415459,41.30435
2022-07-15 13:35:37,0,0,4.901961,2.205882,0,44.11765,4.411765,0.7352941,40.93137
2022-07-15 13:35:36,0,0,6.553398,2.427184,0,49.27184,5.339806,0.2427184,34.2233
2022-07-15 13:35:35,0,0,2.663438,3.1477,0,42.13075,3.874092,0.968523,43.82567
2022-07-15 13:35:34,0,0,3.658537,1.95122,0,50.97561,3.658537,0.2439024,31.21951
2022-07-15 13:35:33,0,0,7.901235,1.975309,0,51.60494,3.950617,0.4938272,31.11111
2022-07-15 13:35:32,0,0,5.31401,2.657005,0,53.62319,3.623188,0.4830918,30.67633
2022-07-15 13:35:31,0,0,3.694581,1.724138,0,55.41872,3.940887,0.2463054,27.83251
2022-07-15 13:35:30,0,0,12.219451,1.2468828,0,78.30424,3.241895,0.2493766,3.990025
2022-07-15 13:35:29,0,0,13.466334,0.2493766,0,81.04738,2.493766,0.2493766,1.745636
2022-07-15 13:35:28,0,0,5.970149,0.4975124,0,81.59204,2.736318,0,7.711443
2022-07-15 13:35:27,0,0,8.5,0.5,0,83.75,2.5,0.25,3.75
2022-07-15 13:35:26,0,0,6.435644,0.4950495,0,78.46535,3.465347,0.4950495,9.158416
2022-07-15 13:35:25,0,0,7.920792,1.2376238,0,81.43564,2.722772,0.2475248,5.19802
2022-07-15 13:35:24,0,0,6.683168,1.2376238,0,84.15842,2.475248,0,3.712871
2022-07-15 13:35:23,0,0,7.444169,0.4962779,0,81.38958,2.48139,0.248139,6.451613
2022-07-15 13:35:22,0,0,7.960199,0.7462687,0,83.83085,2.487562,0.4975124,2.985075
2022-07-15 13:35:21,0,0,8.77193,0.2506266,0,86.21554,2.255639,0.2506266,1.754386
2022-07-15 13:35:20,0,0,7.692308,0.7444169,0,78.66005,3.473945,0,6.947891
2022-07-15 13:35:19,0,0,8.168317,0.4950495,0,80.94059,2.475248,0.2475248,5.693069
2022-07-15 13:35:18,0,0,6.766917,0.5012531,0,87.21805,1.754386,0.5012531,2.506266
2022-07-15 13:35:17,0,0,10.421836,0.7444169,0,85.11166,1.985112,0.4962779,0.4962779
2022-07-15 13:35:16,0,0,9.547739,0.2512563,0,84.17085,2.763819,0.5025126,2.763819
2022-07-15 13:35:15,0,0,6.91358,0.4938272,0,81.7284,3.209877,0,5.679012
2022-07-15 13:35:14,0,0,6.015038,0.5012531,0,82.20551,2.255639,0,7.518797
2022-07-15 13:35:13,0,0,6.451613,0.4962779,0,79.65261,3.225806,0.248139,7.19603
2022-07-15 13:35:12,0,0,6.467662,0.7462687,0,80.84577,2.736318,0.2487562,6.965174
2022-07-15 13:35:11,0,0,9.725686,0.4987531,0,86.03491,1.995012,0,1.2468828
2022-07-15 13:35:10,0,0,7.462687,0.2487562,0,82.08955,2.736318,0.4975124,5.970149
2022-07-15 13:35:09,0,0,7.901235,0.7407407,0,83.20988,1.975309,0.2469136,4.444444
2022-07-15 13:35:08,0,0,8.684864,0.248139,0,84.61538,2.48139,0.4962779,2.977667
2022-07-15 13:35:07,0,0,7.286432,0.2512563,0,86.93467,2.512563,0,2.261307
2022-07-15 13:35:06,0,0,6.549118,0,0,91.43577,1.763224,0.2518892,0
2022-07-15 13:35:05,0,0,10.891089,0.2475248,0,85.39604,2.970297,0,0.2475248
2022-07-15 13:35:04,0,0,11.027569,0.2506266,0,82.45614,5.513784,0.2506266,0
2022-07-15 13:35:03,0,0,11.25,0.25,0,84.5,3.25,0,0.25
2022-07-15 13:35:02,0,0,8.977556,0.2493766,0,87.03242,2.244389,0,0.2493766
2022-07-15 13:35:01,0,0,11.278195,0,0,84.71178,3.007519,0.2506266,0.2506266
2022-07-15 13:35:00,0,0,10.526316,0,0,85.96491,2.255639,0.2506266,0.5012531
2022-07-15 13:34:59,0,0,10,0.25,0,86.5,2.75,0.25,0.25
2022-07-15 13:34:58,0,0,11.940299,0.2487562,0,84.57711,2.487562,0.2487562,0.2487562
2022-07-15 13:34:57,0,0,10.972569,0.2493766,0,82.29426,2.992519,0.2493766,2.743142
2022-07-15 13:34:56,0,0,10.723192,0.4987531,0,79.55112,2.244389,0.2493766,4.738155
2022-07-15 13:34:55,0,0,9.20398,0.2487562,0,83.83085,3.233831,0.2487562,2.736318
2022-07-15 13:34:54,0,0,7.711443,0.2487562,0,84.32836,2.985075,0.2487562,2.736318
2022-07-15 13:34:53,0,0,7.75,0.25,0,85,2.75,0,3.25
2022-07-15 13:34:52,0,0,7.960199,0.2487562,0,86.06965,2.238806,0.2487562,2.487562
2022-07-15 13:34:51,0,0,8,0.25,0,85.25,2.75,0.25,2.75
2022-07-15 13:34:50,0,0,7.407407,0.4938272,0,77.28395,3.209877,0.2469136,7.407407
2022-07-15 13:34:49,0,0,9,0.5,0,84.75,2.75,0,2.75
2022-07-15 13:34:48,0,0,7.425743,0.4950495,0,81.68317,3.217822,0.4950495,5.19802
2022-07-15 13:34:47,0,0,6.716418,0.2487562,0,83.08458,2.487562,0.2487562,5.721393
2022-07-15 13:34:46,0,0,8.663366,0.2475248,0,85.14851,2.722772,0.2475248,2.475248
2022-07-15 13:34:45,0,0,9.52381,0.5012531,0,83.70927,2.756892,0.5012531,2.255639
2022-07-15 13:34:44,0,0,6.965174,0.2487562,0,83.58209,1.99005,0.2487562,5.721393
2022-07-15 13:34:43,0,0,9.452736,0.2487562,0,84.32836,2.736318,0,2.238806
2022-07-15 13:34:42,0,0,7.462687,0.7462687,0,79.60199,2.985075,0.4975124,6.965174
2022-07-15 13:34:41,0,0,4.926108,0.4926108,0,79.55665,1.970443,0.4926108,9.605911
2022-07-15 13:34:40,0,0,7.23192,0.4987531,0,81.79551,2.743142,0.2493766,5.486284
2022-07-15 13:34:39,0,0,6.965174,0,0,83.08458,2.736318,0.2487562,5.970149
2022-07-15 13:34:38,0,0,6.265664,0.7518797,0,87.46867,1.754386,0,3.258145
2022-07-15 13:34:37,0,0,8.188586,0,0,84.61538,2.977667,0,3.225806
2022-07-15 13:34:36,0,0,11.528822,0.2506266,0,81.70426,2.756892,0.2506266,3.258145
2022-07-15 13:34:35,0,0,7.481297,0.2493766,0,87.2818,2.743142,0.2493766,1.4962594
2022-07-15 13:34:34,0,0,7.21393,0.2487562,0,88.55721,1.741294,0.2487562,1.4925373
2022-07-15 13:34:33,0,0,13.350126,0.2518892,0,81.86398,3.778338,0,0.2518892
2022-07-15 13:34:32,0,0,6.666667,0.2469136,0,78.02469,2.962963,0.2469136,7.901235
2022-07-15 13:34:31,0,0,8.02005,0.2506266,0,86.96742,2.756892,0,1.0025063
2022-07-15 13:34:30,0,0,9.90099,0.2475248,0,83.66337,2.970297,0.2475248,2.722772
2022-07-15 13:34:29,0,0,9.022556,0.2506266,0,84.96241,3.007519,0,2.255639
2022-07-15 13:34:28,0,0,10.473815,0.2493766,0,82.54364,2.992519,0.2493766,2.743142
2022-07-15 13:34:27,0,0,5.210918,0.7444169,0,80.14888,2.48139,0.248139,9.181141
2022-07-15 13:34:26,0,0,8.684864,0.4962779,0,84.61538,2.729529,0.248139,2.233251
2022-07-15 13:34:25,0,0,7.462687,0.4975124,0,83.33333,2.487562,0.2487562,4.228856
2022-07-15 13:34:24,0,0,7.75,0.5,0,81.5,3,0.25,6.5
2022-07-15 13:34:23,0,0,6.982544,0.4987531,0,80.798,3.491272,0,5.985037
2022-07-15 13:34:22,0,0,5.210918,0.7444169,0,78.41191,2.48139,0.248139,11.166253
2022-07-15 13:34:21,0,0,7.481297,0.4987531,0,83.79052,3.241895,0,3.990025
2022-07-15 13:34:20,0,0,10.098522,0.2463054,0,85.71429,1.970443,0.4926108,0.9852217
2022-07-15 13:34:19,0,0,7.017544,0.2506266,0,83.70927,2.506266,0.2506266,4.511278
2022-07-15 13:34:18,0,0,7.654321,0.7407407,0,80.49383,3.209877,0.2469136,6.419753
2022-07-15 13:34:17,0,0,6.699752,0.4962779,0,83.12655,2.48139,0,5.210918
2022-07-15 13:34:16,0,0,6.930693,0.7425743,0,80.69307,1.980198,0.4950495,6.930693
2022-07-15 13:34:15,0,0,4.228856,0.7462687,0,78.10945,2.736318,0.2487562,10.447761
2022-07-15 13:34:14,0,0,7.462687,0.2487562,0,83.83085,2.736318,0,4.975124
2022-07-15 13:34:13,0,0,8.706468,0.4975124,0,84.82587,2.736318,0.2487562,2.238806
2022-07-15 13:34:12,0,0,6.188119,0.7425743,0,78.9604,2.970297,0.4950495,9.405941
2022-07-15 13:34:11,0,0,6.419753,0.4938272,0,81.7284,2.962963,0.2469136,6.419753
2022-07-15 13:34:10,0,0,7.692308,0.7444169,0,82.134,2.977667,0,5.210918
2022-07-15 13:34:09,0,0,7.5,0,0,88.25,2,0.5,1
2022-07-15 13:34:08,0,0,11.111111,0.7407407,0,81.23457,3.45679,0.4938272,2.222222
2022-07-15 13:34:07,0,0,4.010025,0.2506266,0,89.22306,1.754386,0.2506266,3.007519
2022-07-15 13:34:06,0,0,10.723192,0.4987531,0,84.78803,2.992519,0.2493766,0.2493766
2022-07-15 13:34:05,0,0,11.5,0.25,0,85.75,2.25,0,0
2022-07-15 13:34:04,0,0,11.720698,0.2493766,0,81.29676,2.992519,0,2.992519
2022-07-15 13:34:03,0,0,9.547739,0.5025126,0,80.65327,2.512563,0.2512563,5.276382
2022-07-15 13:34:02,0,0,4.691358,0.9876543,0,75.06173,2.962963,0.2469136,11.851852
2022-07-15 13:34:01,0,0,7.769424,0.2506266,0,84.21053,2.756892,0.5012531,3.007519
2022-07-15 13:34:00,0,0,7.462687,0.2487562,0,86.31841,2.487562,0.2487562,2.736318
2022-07-15 13:33:59,0,0,10.173697,0.7444169,0,81.63772,3.225806,0.248139,2.729529
2022-07-15 13:33:58,0,0,9.319899,0.2518892,0,84.13098,2.770781,0.2518892,2.518892
2022-07-15 13:33:57,0,0,8.816121,0.5037783,0,85.39043,2.770781,0.2518892,1.763224
2022-07-15 13:33:56,0,0,10.199005,0.2487562,0,84.32836,3.233831,0.2487562,1.2437811
2022-07-15 13:33:55,0,0,6.683168,0.7425743,0,81.68317,2.722772,0.2475248,5.19802
2022-07-15 13:33:54,0,0,8,0.25,0,88,2.5,0.5,0.75
2022-07-15 13:33:53,0,0,8.229426,0.9975062,0,85.78554,2.743142,0,0.2493766
2022-07-15 13:33:52,0,0,8.72818,0.4987531,0,86.78304,2.244389,0.2493766,0.2493766
2022-07-15 13:33:51,0,0,10.552764,0,0,87.18593,1.758794,0.2512563,0
2022-07-15 13:33:50,0,0,11.19403,0.2487562,0,85.32338,2.238806,0.2487562,0.2487562
2022-07-15 13:33:49,0,0,11.306533,0,0,85.67839,2.763819,0,0
2022-07-15 13:33:48,0,0,9.975062,0,0,86.78304,2.493766,0,0
2022-07-15 13:33:47,0,0,10.723192,0.4987531,0,85.03741,2.743142,0,0.2493766
2022-07-15 13:33:46,0,0,11.75,0.25,0,84.75,2.25,0.25,0.25
2022-07-15 13:33:45,0,0,9.75,0.25,0,86.75,2,0.5,0.25
2022-07-15 13:33:44,0,0,10.75,0.5,0,85.75,2.75,0,0
2022-07-15 13:33:43,0,0,10.327456,0.2518892,0,85.39043,2.770781,0.2518892,0.2518892
2022-07-15 13:33:42,0,0,12.468828,0.4987531,0,83.04239,3.491272,0.2493766,0
2022-07-15 13:33:41,0,0,9.701493,0.2487562,0,83.58209,2.736318,0.2487562,1.741294
2022-07-15 13:33:40,0,0,9.226933,0,0,88.52868,1.745636,0,0.2493766
2022-07-15 13:33:39,0,0,10.606061,0,0,86.11111,2.272727,0.2525253,0.2525253
2022-07-15 13:33:38,0,0,10.945274,0.4975124,0,86.06965,2.238806,0.2487562,0
2022-07-15 13:33:37,0,0,11.528822,0,0,83.45865,3.759398,0,0.5012531
2022-07-15 13:33:36,0,0,9.52381,0.2506266,0,87.7193,1.754386,0.2506266,0.2506266
2022-07-15 13:33:35,0,0,14.5,0.5,0,82.5,2,0.25,0
2022-07-15 13:33:34,0,0,9.90099,0.2475248,0,80.69307,3.712871,0.4950495,3.960396
2022-07-15 13:33:33,0,0,8.977556,0.4987531,0,81.29676,1.995012,0.2493766,4.738155
2022-07-15 13:33:32,0,0,6,0.5,0,85,2,0.25,4.5
2022-07-15 13:33:31,0,0,7.25,0,0,89,1.75,0.25,1.5
2022-07-15 13:33:30,0,0,9.547739,0.2512563,0,84.67337,3.015075,0.2512563,1.758794
2022-07-15 13:33:29,0,0,8.521303,0.5012531,0,82.70677,2.506266,0.5012531,3.759398
2022-07-15 13:33:28,0,0,11.720698,0.7481297,0,81.29676,2.992519,0.2493766,2.244389
2022-07-15 13:33:27,0,0,8.77193,0.2506266,0,84.71178,3.258145,0.5012531,1.754386
2022-07-15 13:33:26,0,0,8.72818,0.4987531,0,84.78803,2.743142,0,2.244389
2022-07-15 13:33:25,0,0,8.168317,0.2475248,0,84.90099,2.970297,0.2475248,2.475248
2022-07-15 13:33:24,0,0,9.226933,0.2493766,0,83.79052,2.743142,0.2493766,2.992519
2022-07-15 13:33:23,0,0,9.06801,0.2518892,0,84.38287,2.770781,0.2518892,3.02267
2022-07-15 13:33:22,0,0,10.173697,0.4962779,0,84.36725,3.225806,0.248139,0.7444169
2022-07-15 13:33:21,0,0,7.25,0.5,0,82.75,2.5,0.25,5.25
2022-07-15 13:33:20,0,0,6.982544,0.4987531,0,81.04738,2.743142,0.2493766,6.483791
2022-07-15 13:33:19,0,0,7.960199,0,0,85.07463,3.233831,0.2487562,2.985075
2022-07-15 13:33:18,0,0,9.701493,0.7462687,0,84.32836,2.238806,0,2.238806
2022-07-15 13:33:17,0,0,6.766917,0.2506266,0,81.70426,3.007519,0.2506266,6.766917
2022-07-15 13:33:16,0,0,9.5,0.25,0,86.5,2.25,0.25,1
2022-07-15 13:33:15,0,0,9.158416,0.4950495,0,80.44554,3.217822,0.2475248,4.70297
2022-07-15 13:33:14,0,0,7,0.25,0,82.25,2.5,0.25,6.75
2022-07-15 13:33:13,0,0,6,0.5,0,84.25,2.75,0.25,4.25
2022-07-15 13:33:12,0,0,12.75,0.75,0,83.5,2.5,0,0.25
2022-07-15 13:33:11,0,0,6.157635,0.4926108,0,78.81773,3.20197,0.4926108,9.1133
2022-07-15 13:33:10,0,0,7.808564,0,0,82.11587,2.267003,0.2518892,5.793451
2022-07-15 13:33:09,0,0,4.444444,0.7407407,0,75.06173,2.469136,0.4938272,14.567901
2022-07-15 13:33:08,0,0,6.91358,0.2469136,0,85.67901,2.962963,0.2469136,2.716049
2022-07-15 13:33:07,0,0,6.716418,0.2487562,0,88.0597,2.736318,0,2.238806
2022-07-15 13:33:06,0,0,11.809045,0.2512563,0,83.66834,2.261307,0.5025126,0.7537688
2022-07-15 13:33:05,0,0,7.481297,0.4987531,0,86.53367,1.995012,0.2493766,2.743142
2022-07-15 13:33:04,0,0,10.606061,0.5050505,0,86.36364,2.020202,0,0.2525253
2022-07-15 13:33:03,0,0,11.027569,0,0,84.71178,3.759398,0.2506266,0
2022-07-15 13:33:02,0,0,11.720698,0.2493766,0,83.04239,3.740648,0.2493766,0.2493766
2022-07-15 13:33:01,0,0,9.20398,0.4975124,0,84.32836,2.736318,0.2487562,1.2437811
2022-07-15 13:33:00,0,0,12.280702,0.2506266,0,83.9599,2.756892,0.2506266,0.2506266
2022-07-15 13:32:59,0,0,9.476309,0.2493766,0,87.03242,2.493766,0.2493766,0.2493766
2022-07-15 13:32:58,0,0,10.75,0,0,85.75,3,0.25,0
2022-07-15 13:32:57,0,0,10.945274,0.4975124,0,84.57711,2.985075,0.2487562,0.2487562
2022-07-15 13:32:56,0,0,12.878788,0.2525253,0,83.33333,2.777778,0.2525253,0.2525253
2022-07-15 13:32:55,0,0,13.715711,0.2493766,0,81.29676,3.241895,0.2493766,1.2468828
2022-07-15 13:32:54,0,0,5.985037,0.7481297,0,79.30175,3.491272,0.2493766,8.478803
2022-07-15 13:32:53,0,0,7.98005,1.2468828,0,83.79052,3.740648,0,2.743142
2022-07-15 13:32:52,0,0,6.188119,0.4950495,0,83.66337,2.970297,0.2475248,5.940594
2022-07-15 13:32:51,0,0,10.301508,0.2512563,0,83.9196,3.517588,0,1.5075377
2022-07-15 13:32:50,0,0,8.75,0.25,0,83.25,2.75,0.25,3.75
2022-07-15 13:32:49,0,0,8.229426,0.4987531,0,83.04239,3.990025,0,3.491272
2022-07-15 13:32:48,0,0,9,0.5,0,82,3.25,0.25,3.75
2022-07-15 13:32:47,0,0,6.015038,0.2506266,0,79.44862,2.506266,0.2506266,8.02005
2022-07-15 13:32:46,0,0,5.223881,0.4975124,0,78.85572,2.238806,0.2487562,10.199005
2022-07-15 13:32:45,0,0,6.203474,0.4962779,0,81.63772,2.729529,0.248139,5.955335
2022-07-15 13:32:44,0,0,8.168317,0.7425743,0,82.92079,3.217822,0.2475248,4.207921
2022-07-15 13:32:43,0,0,8.684864,0.7444169,0,83.87097,2.48139,0.248139,3.473945
2022-07-15 13:32:42,0,0,7.23192,0.2493766,0,84.28928,2.992519,0.2493766,3.990025
2022-07-15 13:32:41,0,0,8.75,0.25,0,85.75,2.75,0.25,2
2022-07-15 13:32:40,0,0,6.265664,0,0,89.97494,2.506266,0,1.2531328
2022-07-15 13:32:39,0,0,9.90099,0.4950495,0,85.64356,3.217822,0,0.2475248
2022-07-15 13:32:38,0,0,10.526316,0.5012531,0,83.9599,2.756892,0,1.0025063
2022-07-15 13:32:37,0,0,10.224439,0.2493766,0,86.03491,2.992519,0.2493766,0
2022-07-15 13:32:36,0,0,11.5,0.5,0,84.75,2,0.5,0.25
2022-07-15 13:32:35,0,0,9.52381,0.2506266,0,85.96491,3.007519,0.2506266,0.5012531
2022-07-15 13:32:34,0,0,11.027569,0.2506266,0,84.96241,3.007519,0.2506266,0
2022-07-15 13:32:33,0,0,11.278195,0.5012531,0,84.96241,2.756892,0.2506266,0
2022-07-15 13:32:32,0,0,11.662531,0.248139,0,83.37469,3.225806,0.248139,0.4962779
2022-07-15 13:32:31,0,0,9.571788,0,0,88.4131,1.763224,0,0
2022-07-15 13:32:30,0,0,11.221945,0.4987531,0,83.29177,3.241895,0.4987531,0.4987531
2022-07-15 13:32:29,0,0,9.75,0.5,0,87.25,2,0.25,0
2022-07-15 13:32:28,0,0,11,0.25,0,85.5,2.75,0,0.25
2022-07-15 13:32:27,0,0,11.970075,0.2493766,0,83.54115,3.740648,0.2493766,0
2022-07-15 13:32:26,0,0,9.5,0.75,0,85,3.5,0,0.5
2022-07-15 13:32:25,0,0,11,0.25,0,86.25,2.25,0,0
2022-07-15 13:32:24,0,0,11.691542,0.4975124,0,83.33333,2.985075,0.2487562,0.4975124
2022-07-15 13:32:23,0,0,9.52381,0.2506266,0,87.46867,2.506266,0,0
2022-07-15 13:32:22,0,0,10.723192,0.4987531,0,85.03741,2.992519,0.2493766,0.2493766
2022-07-15 13:32:21,0,0,13.098237,0.2518892,0,82.87154,3.274559,0,0
2022-07-15 13:32:20,0,0,11.662531,0.4962779,0,81.88586,3.225806,0,2.729529
2022-07-15 13:32:19,0,0,9.75,0.5,0,83,3.5,0.5,2.5
2022-07-15 13:32:18,0,0,6.25,0.25,0,81.5,2.75,0.25,7.5
2022-07-15 13:32:17,0,0,9.677419,0.248139,0,82.63027,2.729529,0.248139,2.48139
2022-07-15 13:32:16,0,0,4.197531,0.7407407,0,78.2716,3.209877,0.4938272,10.617284
2022-07-15 13:32:15,0,0,6.549118,0.7556675,0,77.58186,2.770781,0.2518892,8.816121
2022-07-15 13:32:14,0,0,5.223881,0.4975124,0,79.85075,1.741294,0,9.20398
2022-07-15 13:32:13,0,0,7.673267,1.2376238,0,82.67327,2.722772,0.2475248,4.207921
2022-07-15 13:32:12,0,0,5.210918,0.9925558,0,79.65261,2.729529,0,9.677419
2022-07-15 13:32:11,0,0,8.25,0,0,84,2.5,0.25,4.5
2022-07-15 13:32:10,0,0,8.977556,0.7481297,0,84.53865,2.743142,0.2493766,2.244389
2022-07-15 13:32:09,0,0,7.23192,0.2493766,0,82.04489,2.244389,0,6.483791
2022-07-15 13:32:08,0,0,5.159705,1.2285012,0,78.62408,2.948403,0.2457002,8.845209
2022-07-15 13:32:07,0,0,5.459057,0.7444169,0,78.90819,1.736973,0.248139,10.421836
2022-07-15 13:32:06,0,0,6.965174,0,0,83.33333,3.482587,0,5.970149
2022-07-15 13:32:05,0,0,6.203474,0.9925558,0,79.65261,2.729529,0.248139,8.436725
2022-07-15 13:32:04,0,0,7.23192,0.4987531,0,87.03242,2.244389,0,2.244389
2022-07-15 13:32:03,0,0,12.189055,0,0,79.85075,3.9801,0.2487562,3.482587
2022-07-15 13:32:02,0,0,5.940594,1.2376238,0,78.21782,2.970297,0.4950495,7.920792
2022-07-15 13:32:01,0,0,4.785894,0.2518892,0,90.17632,2.015113,0,1.763224
2022-07-15 13:32:00,0,0,12.531328,0.2506266,0,82.45614,2.506266,0.2506266,1.754386
2022-07-15 13:31:59,0,0,10.25,0.5,0,82.25,3,0.25,3.5
2022-07-15 13:31:58,0,0,7.537688,0.2512563,0,84.67337,2.01005,0,3.768844
2022-07-15 13:31:57,0,0,7.692308,0.248139,0,87.59305,1.4888337,0.248139,2.233251
2022-07-15 13:31:56,0,0,7.21393,0.2487562,0,86.06965,2.985075,0.2487562,2.736318
2022-07-15 13:31:55,0,0,10.075567,0.2518892,0,86.39798,2.267003,0.5037783,0.2518892
2022-07-15 13:31:54,0,0,10.025063,0.2506266,0,86.71679,2.506266,0.2506266,0
2022-07-15 13:31:53,0,0,10.75,0.25,0,86.5,1.75,0.25,0.25
2022-07-15 13:31:52,0,0,11.5,0.5,0,85.25,2.25,0,0
2022-07-15 13:31:51,0,0,9.452736,0.2487562,0,86.31841,2.487562,0.2487562,0.2487562
2022-07-15 13:31:50,0,0,10.301508,0,0,86.68342,2.261307,0.5025126,0
2022-07-15 13:31:49,0,0,10.75,0.5,0,85.25,2.25,0.5,0.25
2022-07-15 13:31:48,0,0,11.528822,0.2506266,0,84.21053,3.007519,0,1.0025063
2022-07-15 13:31:47,0,0,10.5,0.25,0,82.75,2.75,0.25,3
2022-07-15 13:31:46,0,0,6.75,0,0,89.5,1.75,0.25,1.25
2022-07-15 13:31:45,0,0,10.723192,0.2493766,0,85.28678,2.992519,0,0.2493766
2022-07-15 13:31:44,0,0,11.25,0.25,0,83.75,2.75,0.25,1.5
2022-07-15 13:31:43,0,0,8.521303,0,0,87.7193,2.506266,0,0.5012531
2022-07-15 13:31:42,0,0,11.25,0,0,85.5,2.25,0,0.5
2022-07-15 13:31:41,0,0,11.278195,0.2506266,0,84.21053,3.007519,0.2506266,0.5012531
2022-07-15 13:31:40,0,0,9.798995,0.2512563,0,86.68342,2.512563,0,0.5025126
2022-07-15 13:31:39,0,0,10.327456,0,0,86.1461,3.02267,0.2518892,0
2022-07-15 13:31:38,0,0,11.471322,0.2493766,0,85.03741,2.743142,0,0.2493766
2022-07-15 13:31:37,0,0,14.75,0.5,0,81,3.25,0.25,0.25
2022-07-15 13:31:36,0,0,7.19603,0.248139,0,72.95285,2.729529,0,9.677419
2022-07-15 13:31:35,0,0,4.25,0,0,91.25,2.25,0.5,1.5
2022-07-15 13:31:34,0,0,10.643564,0.2475248,0,85.89109,2.475248,0.2475248,0
2022-07-15 13:31:33,0,0,12.562814,0.5025126,0,82.1608,3.768844,0.2512563,0.2512563
2022-07-15 13:31:32,0,0,9.774436,0.2506266,0,84.71178,3.007519,0,0.7518797
2022-07-15 13:31:31,0,0,9.798995,0.2512563,0,86.93467,2.763819,0,0
2022-07-15 13:31:30,0,0,11.5,0,0,84.75,2.75,0.25,0.25
2022-07-15 13:31:29,0,0,11.055276,0.2512563,0,85.67839,2.01005,0.5025126,0.2512563
2022-07-15 13:31:28,0,0,9.226933,0.2493766,0,87.03242,2.493766,0,0.2493766
2022-07-15 13:31:27,0,0,10.5,0.25,0,85.75,3,0,0.25
2022-07-15 13:31:26,0,0,11.027569,0,0,84.96241,3.007519,0.2506266,0.2506266
2022-07-15 13:31:25,0,0,15.288221,0.5012531,0,80.45113,3.508772,0,0
2022-07-15 13:31:24,0,0,6.17284,0.7407407,0,73.33333,2.716049,0.2469136,11.358025
2022-07-15 13:31:23,0,0,5.896806,0.982801,0,77.14988,3.685504,0.4914005,9.58231
2022-07-15 13:31:22,0,0,5.5,0.75,0,82,2.75,0.25,6.25
2022-07-15 13:31:21,0,0,6.532663,0,0,88.94472,1.758794,0.2512563,1.758794
2022-07-15 13:31:20,0,0,9.75,0.5,0,84.5,3.25,0,1.5
2022-07-15 13:31:19,0,0,12.718204,0.9975062,0,82.79302,2.743142,0.2493766,0.2493766
2022-07-15 13:31:18,0,0,9.677419,0.248139,0,83.12655,3.225806,0.248139,2.977667
2022-07-15 13:31:17,0,0,9.798995,0.2512563,0,83.16583,3.015075,0.2512563,3.015075
2022-07-15 13:31:16,0,0,5.25,0.25,0,81,2.5,0.5,9.25
2022-07-15 13:31:15,0,0,7,0.25,0,85,3,0.25,2.5
2022-07-15 13:31:14,0,0,12.345679,0.4938272,0,81.97531,2.962963,0.2469136,1.2345679
2022-07-15 13:31:13,0,0,6.982544,0.4987531,0,81.04738,2.992519,0.7481297,6.234414
2022-07-15 13:31:12,0,0,7.75,0,0,85.75,2.5,0.25,3
2022-07-15 13:31:11,0,0,6.265664,0,0,88.7218,2.255639,0,2.255639
2022-07-15 13:31:10,0,0,9,0.25,0,87,2.25,0.5,0.75
2022-07-15 13:31:09,0,0,11.838791,0.2518892,0,85.39043,2.015113,0,0.2518892
2022-07-15 13:31:08,0,0,10.891089,0.2475248,0,83.91089,2.970297,0.4950495,0.7425743
2022-07-15 13:31:07,0,0,13.283208,0.5012531,0,81.20301,2.756892,0.5012531,1.2531328
2022-07-15 13:31:06,0,0,5.75,0,0,89.75,1.75,0.25,2
2022-07-15 13:31:05,0,0,13.216958,0.4987531,0,81.79551,3.241895,0.2493766,0.4987531
2022-07-15 13:31:04,0,0,9.62963,0.4938272,0,81.97531,3.209877,0.4938272,3.209877
2022-07-15 13:31:03,0,0,6.516291,0.5012531,0,81.20301,2.506266,0.2506266,6.766917
2022-07-15 13:31:02,0,0,5.955335,0.4962779,0,88.08933,2.729529,0.248139,1.736973
2022-07-15 13:31:01,0,0,10.301508,0.2512563,0,85.42714,3.015075,0,0.5025126
2022-07-15 13:31:00,0,0,9.725686,0.4987531,0,87.03242,1.995012,0.2493766,0
2022-07-15 13:30:59,0,0,15.037594,0,0,81.20301,2.756892,0.5012531,0
2022-07-15 13:30:58,0,0,8.436725,0.9925558,0,79.90074,3.225806,0,4.962779
2022-07-15 13:30:57,0,0,7,0.25,0,81.5,3,0.25,6.5
2022-07-15 13:30:56,0,0,6.683168,0.4950495,0,82.92079,2.227723,0,5.445545
2022-07-15 13:30:55,0,0,5.459057,0.9925558,0,78.41191,2.48139,0.248139,10.669975
2022-07-15 13:30:54,0,0,6.965174,0.9950249,0,80.34826,2.487562,0.2487562,8.208955
2022-07-15 13:30:53,0,0,8.168317,0.2475248,0,85.39604,2.475248,0.4950495,2.722772
2022-07-15 13:30:52,0,0,10,0.25,0,86.25,2.25,0,1.25
2022-07-15 13:30:51,0,0,6.5,0.25,0,80.5,3,0.25,6
2022-07-15 13:30:50,0,0,6.5,0.75,0,89.5,1.75,0,1.5
2022-07-15 13:30:49,0,0,9.181141,0.248139,0,87.34491,1.736973,0.248139,0.4962779
2022-07-15 13:30:48,0,0,10.421836,0.248139,0,86.84864,1.736973,0.248139,0
2022-07-15 13:30:47,0,0,10.75,0.25,0,85.25,3,0,0.25
2022-07-15 13:30:46,0,0,12.5,0.25,0,84.25,2.75,0.25,0
2022-07-15 13:30:45,0,0,8.5,0.25,0,84.5,2.5,0.5,1.75
2022-07-15 13:30:44,0,0,9.975062,0.2493766,0,86.28429,2.743142,0.2493766,0.2493766
2022-07-15 13:30:43,0,0,10.5,0,0,86.75,2.25,0,0
2022-07-15 13:30:42,0,0,12.189055,0.2487562,0,84.0796,2.736318,0.2487562,0.2487562
2022-07-15 13:30:41,0,0,8.060453,0,0,85.39043,2.770781,0.2518892,2.518892
2022-07-15 13:30:40,0,0,11,0.25,0,86.5,2,0,0
2022-07-15 13:30:39,0,0,9.975062,0.2493766,0,86.78304,1.995012,0.2493766,0.2493766
2022-07-15 13:30:38,0,0,12.718204,0,0,84.0399,2.743142,0,0.2493766
2022-07-15 13:30:37,0,0,8.415842,0.7425743,0,87.12871,2.722772,0,0.2475248
2022-07-15 13:30:36,0,0,11.083123,0,0,85.39043,2.518892,0.5037783,0
2022-07-15 13:30:35,0,0,11.027569,0.7518797,0,84.96241,2.506266,0.2506266,0.2506266
2022-07-15 13:30:34,0,0,13,0,0,84,2.5,0.25,0
2022-07-15 13:30:33,0,0,8.188586,0.4962779,0,85.11166,3.225806,0,2.233251
2022-07-15 13:30:32,0,0,10.275689,0,0,86.71679,2.506266,0.2506266,0
2022-07-15 13:30:31,0,0,10.301508,0.2512563,0,85.92965,2.261307,0.2512563,0.2512563
2022-07-15 13:30:30,0,0,12.25,0.25,0,83,3.5,0,0.25
2022-07-15 13:30:29,0,0,8.955224,0,0,87.81095,2.238806,0.2487562,0.2487562
2022-07-15 13:30:28,0,0,10.776942,0.2506266,0,86.71679,1.754386,0.2506266,0
2022-07-15 13:30:27,0,0,10.776942,0.2506266,0,85.21303,3.007519,0.2506266,0.2506266
2022-07-15 13:30:26,0,0,10.75,0.25,0,83.75,2.75,0.5,1.25
2022-07-15 13:30:25,0,0,9.798995,0.5025126,0,86.68342,2.261307,0.5025126,0
2022-07-15 13:30:24,0,0,10.723192,0.2493766,0,86.03491,2.244389,0,0.2493766
2022-07-15 13:30:23,0,0,14,0.5,0,82.75,2.5,0.25,0
2022-07-15 13:30:22,0,0,8.415842,0.4950495,0,83.41584,3.465347,0.2475248,3.217822
2022-07-15 13:30:21,0,0,9.296482,0,0,86.43216,2.512563,0,0.5025126
2022-07-15 13:30:20,0,0,9.823678,0.2518892,0,85.64232,2.770781,0.5037783,0.5037783
2022-07-15 13:30:19,0,0,11.5,0.5,0,84.5,3,0.25,0
2022-07-15 13:30:18,0,0,9.52381,0.2506266,0,85.96491,2.255639,0.2506266,0.7518797
2022-07-15 13:30:17,0,0,10.473815,0.2493766,0,85.03741,3.491272,0.2493766,0.2493766
2022-07-15 13:30:16,0,0,10.723192,0.2493766,0,84.53865,2.743142,0,0.9975062
2022-07-15 13:30:15,0,0,11.111111,0,0,86.11111,2.525253,0,0
2022-07-15 13:30:14,0,0,10.39604,0.4950495,0,84.15842,3.217822,0.2475248,0.7425743
2022-07-15 13:30:13,0,0,13.032581,0.2506266,0,83.9599,2.506266,0,0.2506266
2022-07-15 13:30:12,0,0,11.471322,0.2493766,0,83.29177,2.743142,0.2493766,1.2468828
2022-07-15 13:30:11,0,0,8.208955,0.2487562,0,86.06965,2.487562,0.2487562,2.487562
2022-07-15 13:30:10,0,0,11.027569,0.5012531,0,83.20802,2.756892,0.5012531,1.5037594
2022-07-15 13:30:09,0,0,4.176904,0.7371007,0,74.93857,2.948403,0.2457002,12.039312
2022-07-15 13:30:08,0,0,7.462687,0.4975124,0,79.60199,3.482587,0.2487562,6.467662
2022-07-15 13:30:07,0,0,7.940447,0.248139,0,85.3598,2.977667,0.248139,2.48139
2022-07-15 13:30:06,0,0,6.699752,0.4962779,0,79.40447,2.977667,0.248139,7.940447
2022-07-15 13:30:05,0,0,4.488778,0.4987531,0,73.81546,2.743142,0.2493766,14.46384
2022-07-15 13:30:04,0,0,7.98005,0.2493766,0,80.04988,3.241895,0.4987531,6.234414
2022-07-15 13:30:03,0,0,7.692308,0.9925558,0,82.38213,3.225806,0.248139,3.970223
2022-07-15 13:30:02,0,0,7.21393,0.2487562,0,82.08955,2.487562,0.2487562,6.965174
2022-07-15 13:30:01,0,0,7.19603,0.4962779,0,86.84864,1.985112,0.248139,1.736973
2022-07-15 13:30:00,0,0,7.052897,0.5037783,0,83.87909,2.770781,0.2518892,4.282116
2022-07-15 13:29:59,0,0,11.691542,0.7462687,0,83.58209,2.736318,0.2487562,0.7462687
2022-07-15 13:29:58,0,0,7.673267,0.2475248,0,83.91089,2.722772,0.2475248,4.207921
2022-07-15 13:29:57,0,0,6.075949,0.2531646,0,81.01266,3.037975,0.2531646,8.101266
2022-07-15 13:29:56,0,0,8.188586,0.4962779,0,86.35236,2.233251,0.248139,1.2406948
2022-07-15 13:29:55,0,0,7.25,0.5,0,89.25,1.5,0,0.5
2022-07-15 13:29:54,0,0,9.273183,0,0,85.96491,2.756892,0.2506266,0.7518797
2022-07-15 13:29:53,0,0,13.25,0.5,0,83.25,2.25,0.25,0.25
2022-07-15 13:29:52,0,0,12.718204,0.2493766,0,82.29426,3.241895,0.2493766,0.7481297
2022-07-15 13:29:51,0,0,5.693069,0.2475248,0,81.43564,2.970297,0.4950495,6.683168
2022-07-15 13:29:50,0,0,9.25,1.25,0,83.5,2.5,0.25,2.75
2022-07-15 13:29:49,0,0,9.476309,0.4987531,0,82.54364,3.241895,0.4987531,3.241895
2022-07-15 13:29:48,0,0,8.415842,0.7425743,0,83.66337,2.722772,0.2475248,3.960396
2022-07-15 13:29:47,0,0,5,0.25,0,87.5,2,0.25,4.25
2022-07-15 13:29:46,0,0,8.5,0.25,0,86.25,2.75,0.25,0.75
2022-07-15 13:29:45,0,0,10.025063,0.2506266,0,86.21554,2.756892,0.2506266,0
2022-07-15 13:29:44,0,0,11.278195,0.2506266,0,84.96241,2.756892,0.2506266,0.2506266
2022-07-15 13:29:43,0,0,11.055276,0.5025126,0,85.42714,1.758794,0.2512563,0
2022-07-15 13:29:42,0,0,11.278195,0.2506266,0,84.96241,3.007519,0.2506266,0
2022-07-15 13:29:41,0,0,9.725686,0.4987531,0,82.29426,2.743142,0.2493766,3.241895
2022-07-15 13:29:40,0,0,8.25,0.5,0,83.5,2.5,0.25,4
2022-07-15 13:29:39,0,0,10.473815,0.2493766,0,85.53616,2.992519,0.2493766,0.2493766
2022-07-15 13:29:38,0,0,11.083123,0.2518892,0,81.3602,3.526448,0,3.274559
2022-07-15 13:29:37,0,0,8.168317,0.4950495,0,82.17822,2.475248,0.4950495,4.207921
2022-07-15 13:29:36,0,0,6.030151,0.2512563,0,84.17085,2.512563,0.5025126,4.773869
2022-07-15 13:29:35,0,0,9.045226,0.5025126,0,86.1809,3.015075,0.2512563,0.5025126
2022-07-15 13:29:34,0,0,7.730673,0.2493766,0,88.77805,1.745636,0.2493766,0.4987531
2022-07-15 13:29:33,0,0,10.275689,0.2506266,0,85.96491,3.007519,0,0
2022-07-15 13:29:32,0,0,13.715711,0.2493766,0,80.04988,3.491272,0.2493766,1.995012
2022-07-15 13:29:31,0,0,10.945274,0.7462687,0,81.34328,1.99005,0.2487562,3.233831
2022-07-15 13:29:30,0,0,5.970149,0.4975124,0,80.34826,2.238806,0.7462687,7.960199
2022-07-15 13:29:29,0,0,8.478803,0.2493766,0,85.78554,2.244389,0.2493766,2.244389
2022-07-15 13:29:28,0,0,6.549118,0.2518892,0,84.63476,2.770781,0,5.037783
2022-07-15 13:29:27,0,0,10.199005,0.4975124,0,84.32836,3.233831,0.2487562,0.9950249
2022-07-15 13:29:26,0,0,5.223881,0.2487562,0,89.801,1.741294,0,2.736318
2022-07-15 13:29:25,0,0,12.562814,0.5025126,0,83.16583,2.763819,0.2512563,0.2512563
2022-07-15 13:29:24,0,0,7.481297,0.2493766,0,88.77805,2.244389,0.2493766,0.7481297
2022-07-15 13:29:23,0,0,9,0.25,0,85.25,2,0,3
2022-07-15 13:29:22,0,0,10,0,0,85.75,3,0.25,0.25
2022-07-15 13:29:21,0,0,11.662531,0.248139,0,84.36725,2.48139,0.248139,0.7444169
2022-07-15 13:29:20,0,0,9.045226,0.5025126,0,88.44221,1.5075377,0,0
2022-07-15 13:29:19,0,0,10.776942,0,0,85.46366,3.258145,0.2506266,0
2022-07-15 13:29:18,0,0,11.138614,0.2475248,0,84.65347,2.970297,0.2475248,0.2475248
2022-07-15 13:29:17,0,0,15.25,0.5,0,80.5,2.5,0.5,0.5
2022-07-15 13:29:16,0,0,6.483791,0.2493766,0,81.54613,3.740648,0.2493766,6.733167
2022-07-15 13:29:15,0,0,5.970149,0.4975124,0,88.80597,2.736318,0,1.4925373
2022-07-15 13:29:14,0,0,8.229426,0.2493766,0,84.53865,2.743142,0,3.740648
2022-07-15 13:29:13,0,0,10.75,0.25,0,86.25,2.25,0.25,0
2022-07-15 13:29:12,0,0,11.442786,0.2487562,0,85.07463,2.487562,0.2487562,0.2487562
2022-07-15 13:29:11,0,0,10.579345,0.2518892,0,84.63476,2.267003,0,0.7556675
2022-07-15 13:29:10,0,0,9.925558,0.248139,0,86.84864,2.48139,0.248139,0
2022-07-15 13:29:09,0,0,9.975062,0.4987531,0,84.78803,2.244389,0,1.4962594
2022-07-15 13:29:08,0,0,12.781955,0.5012531,0,81.70426,3.759398,0.2506266,0.5012531
2022-07-15 13:29:07,0,0,11.19403,0.7462687,0,79.10448,1.99005,0.4975124,4.975124
2022-07-15 13:29:06,0,0,9,0.5,0,83.75,3.25,0.25,3.25
2022-07-15 13:29:05,0,0,7.673267,0.7425743,0,82.67327,3.217822,0,4.455446
2022-07-15 13:29:04,0,0,9.20398,0.4975124,0,87.81095,1.99005,0.2487562,0.2487562
2022-07-15 13:29:03,0,0,8.188586,0.4962779,0,82.63027,2.48139,0.248139,5.459057
2022-07-15 13:29:02,0,0,6.549118,0.2518892,0,90.6801,2.015113,0,0.2518892
2022-07-15 13:29:01,0,0,10,0,0,86.75,2.25,0.25,0.25
2022-07-15 13:29:00,0,0,12.75,0.25,0,83.25,3,0.25,0.25
2022-07-15 13:28:59,0,0,8.72818,0.2493766,0,88.02993,1.995012,0.2493766,0.2493766
2022-07-15 13:28:58,0,0,11.91067,0.248139,0,82.63027,3.970223,0,0.4962779
2022-07-15 13:28:57,0,0,9.090909,0,0,88.88889,1.767677,0.2525253,0
2022-07-15 13:28:56,0,0,10.473815,0.4987531,0,85.28678,2.244389,0.2493766,0.2493766
2022-07-15 13:28:55,0,0,10.776942,0.2506266,0,85.21303,3.258145,0.2506266,0
2022-07-15 13:28:54,0,0,10.447761,0.2487562,0,86.56716,1.99005,0,0.2487562
2022-07-15 13:28:53,0,0,11.528822,0.5012531,0,84.71178,3.007519,0.2506266,0
2022-07-15 13:28:52,0,0,14.572864,0,0,82.1608,2.763819,0.2512563,0.2512563
2022-07-15 13:28:51,0,0,8.229426,0.4987531,0,81.29676,2.743142,0,5.735661
2022-07-15 13:28:50,0,0,9.42928,0,0,82.38213,3.473945,0.248139,3.970223
2022-07-15 13:28:49,0,0,7.286432,0.5025126,0,88.69347,2.261307,0.2512563,0.5025126
2022-07-15 13:28:48,0,0,10.75,0.25,0,83.75,3.5,0,1
2022-07-15 13:28:47,0,0,6.5,0.25,0,86,2,0.5,4.5
2022-07-15 13:28:46,0,0,12.561576,0.2463054,0,80.29557,2.70936,0.2463054,2.70936
2022-07-15 13:28:45,0,0,3.694581,1.2315271,0,72.41379,2.70936,0.2463054,14.285714
2022-07-15 13:28:44,0,0,5.693069,0.2475248,0,82.67327,2.722772,0.2475248,7.425743
2022-07-15 13:28:43,0,0,5.30303,1.2626263,0,83.33333,2.020202,0,6.313131
2022-07-15 13:28:42,0,0,9.925558,0.248139,0,83.12655,3.225806,0.248139,2.729529
2022-07-15 13:28:41,0,0,6.91358,0.7407407,0,81.7284,2.716049,0.4938272,5.185185
2022-07-15 13:28:40,0,0,6.766917,0.7518797,0,85.46366,3.007519,0.2506266,3.508772
2022-07-15 13:28:39,0,0,10.25,0,0,82.75,2.25,0.25,3
2022-07-15 13:28:38,0,0,8.436725,0.248139,0,85.60794,2.48139,0.248139,2.48139
2022-07-15 13:28:37,0,0,7.26817,0.2506266,0,84.71178,3.007519,0.5012531,4.010025
2022-07-15 13:28:36,0,0,9.75,0.75,0,79,3.5,0,4.25
2022-07-15 13:28:35,0,0,5.432099,0.9876543,0,78.02469,1.975309,0.2469136,10.123457
2022-07-15 13:28:34,0,0,5.764411,0.2506266,0,86.96742,2.255639,0,4.010025
2022-07-15 13:28:33,0,0,8.977556,0.2493766,0,84.28928,3.241895,0.2493766,1.995012
2022-07-15 13:28:32,0,0,10.5,0.5,0,85,2.25,0,1.25
2022-07-15 13:28:31,0,0,8.188586,0.4962779,0,83.62283,2.48139,0.248139,3.970223
2022-07-15 13:28:30,0,0,7.5,0.25,0,86,3,0,2.25
2022-07-15 13:28:29,0,0,9.022556,0.7518797,0,83.20802,2.506266,0.2506266,3.508772
2022-07-15 13:28:28,0,0,7.5,0.25,0,87,2,0,2.5
2022-07-15 13:28:27,0,0,10.301508,0.2512563,0,84.92462,2.763819,0.2512563,1.0050251
2022-07-15 13:28:26,0,0,8.75,0.5,0,84,1.75,0.25,4
2022-07-15 13:28:25,0,0,6.965174,0.4975124,0,87.31343,1.741294,0.2487562,2.736318
2022-07-15 13:28:24,0,0,6.766917,0,0,88.47118,2.005013,0,2.005013
2022-07-15 13:28:23,0,0,11.809045,0.2512563,0,85.17588,2.261307,0.2512563,0
2022-07-15 13:28:22,0,0,10.075567,0.7556675,0,85.64232,2.518892,0.2518892,0.2518892
2022-07-15 13:28:21,0,0,12.25,0,0,83,3.5,0.25,0.5
2022-07-15 13:28:20,0,0,12.128713,0.4950495,0,81.43564,2.475248,0.2475248,2.227723
2022-07-15 13:28:19,0,0,8.478803,0.4987531,0,83.29177,2.992519,0.2493766,3.491272
2022-07-15 13:28:18,0,0,7.788945,0.2512563,0,88.94472,1.758794,0,1.0050251
2022-07-15 13:28:17,0,0,13.5,0.5,0,80,3.25,0.25,1.75
2022-07-15 13:28:16,0,0,4.950495,0.990099,0,81.43564,1.980198,0.4950495,8.415842
2022-07-15 13:28:15,0,0,7.518797,0.2506266,0,87.96992,2.506266,0.2506266,0.7518797
2022-07-15 13:28:14,0,0,9.725686,0.2493766,0,84.28928,3.241895,0,1.995012
2022-07-15 13:28:13,0,0,7.017544,0.5012531,0,84.71178,2.506266,0.2506266,4.761905
2022-07-15 13:28:12,0,0,7.75,0,0,89,2,0.25,0.25
2022-07-15 13:28:11,0,0,12.280702,0.2506266,0,83.20802,3.007519,0.2506266,0.7518797
2022-07-15 13:28:10,0,0,8.75,0.25,0,87.5,2.75,0,0.25
2022-07-15 13:28:09,0,0,10.972569,0.2493766,0,85.03741,2.743142,0.2493766,0
2022-07-15 13:28:08,0,0,10.723192,0.4987531,0,86.28429,1.995012,0.2493766,0.2493766
2022-07-15 13:28:07,0,0,11,0,0,86.25,1.75,0.25,0
2022-07-15 13:28:06,0,0,11.027569,0.5012531,0,85.21303,2.506266,0.2506266,0.5012531
2022-07-15 13:28:05,0,0,12.09068,0.7556675,0,83.6272,2.267003,0,0.5037783
2022-07-15 13:28:04,0,0,9.476309,0,0,87.2818,2.743142,0.2493766,0
2022-07-15 13:28:03,0,0,10.579345,0.2518892,0,86.39798,2.015113,0,0.2518892
2022-07-15 13:28:02,0,0,11,0.25,0,85.5,2.75,0.25,0
2022-07-15 13:28:01,0,0,12,0,0,83.25,2.75,0,0.5
2022-07-15 13:28:00,0,0,8.229426,0.2493766,0,86.53367,1.995012,0.4987531,1.4962594
2022-07-15 13:27:59,0,0,11.809045,0.5025126,0,83.41709,3.517588,0,0.2512563
2022-07-15 13:27:58,0,0,9.452736,0.2487562,0,87.31343,2.238806,0.2487562,0
2022-07-15 13:27:57,0,0,11.055276,0,0,85.42714,2.512563,0.2512563,0.2512563
2022-07-15 13:27:56,0,0,10.275689,0.5012531,0,87.21805,1.754386,0,0
2022-07-15 13:27:55,0,0,11.055276,0.5025126,0,84.92462,2.261307,0.5025126,0.2512563
2022-07-15 13:27:54,0,0,10.5,0.25,0,85.75,3,0.25,0
2022-07-15 13:27:53,0,0,11.335013,0.5037783,0,83.87909,2.770781,0.2518892,0.2518892
2022-07-15 13:27:52,0,0,10,0,0,86.75,2.5,0.25,0
2022-07-15 13:27:51,0,0,10.945274,0.2487562,0,86.06965,1.741294,0.2487562,0
2022-07-15 13:27:50,0,0,15.075377,0,0,80.40201,3.768844,0.2512563,0.2512563
2022-07-15 13:27:49,0,0,9.701493,0.7462687,0,82.33831,2.985075,0.2487562,3.482587
2022-07-15 13:27:48,0,0,8.478803,0.2493766,0,82.04489,3.241895,0.2493766,4.738155
2022-07-15 13:27:47,0,0,6.930693,0.7425743,0,83.91089,2.475248,0,4.455446
2022-07-15 13:27:46,0,0,8.457711,0.4975124,0,85.07463,2.487562,0.2487562,2.736318
2022-07-15 13:27:45,0,0,9.045226,0.2512563,0,84.92462,2.512563,0.2512563,2.512563
2022-07-15 13:27:44,0,0,8.5,0.5,0,81.5,2,0.25,6
2022-07-15 13:27:43,0,0,9.273183,0.5012531,0,83.9599,4.260652,0.2506266,1.5037594
2022-07-15 13:27:42,0,0,8.188586,0.7444169,0,85.3598,2.48139,0.248139,2.729529
2022-07-15 13:27:41,0,0,7.481297,0.7481297,0,84.0399,2.244389,0.2493766,3.990025
2022-07-15 13:27:40,0,0,6.683168,0.4950495,0,83.16832,2.227723,0.4950495,5.445545
2022-07-15 13:27:39,0,0,6.78392,0,0,89.94975,2.01005,0,0.5025126
2022-07-15 13:27:38,0,0,12.030075,0.2506266,0,84.21053,2.756892,0.2506266,0
2022-07-15 13:27:37,0,0,9.181141,0.248139,0,86.6005,2.977667,0,0.248139
2022-07-15 13:27:36,0,0,15.5,0.25,0,80.25,3.5,0.25,0.25
2022-07-15 13:27:35,0,0,7.730673,0.4987531,0,81.04738,1.995012,0.4987531,5.486284
2022-07-15 13:27:34,0,0,7.425743,0.7425743,0,82.92079,2.475248,0.2475248,5.693069
2022-07-15 13:27:33,0,0,4.477612,0.4975124,0,82.08955,2.487562,0.2487562,8.955224
2022-07-15 13:27:32,0,0,9.158416,0.4950495,0,86.63366,1.980198,0.2475248,0.990099
2022-07-15 13:27:31,0,0,10.696517,0,0,82.83582,2.985075,0.2487562,1.4925373
2022-07-15 13:27:30,0,0,6.188119,0.4950495,0,82.17822,2.475248,0.4950495,6.435644
2022-07-15 13:27:29,0,0,6.5,0.25,0,84.5,3.25,0.25,3.75
2022-07-15 13:27:28,0,0,10,0.25,0,86.25,2.25,0.25,0.75
2022-07-15 13:27:27,0,0,10.723192,0.2493766,0,83.29177,2.743142,0.4987531,1.995012
2022-07-15 13:27:26,0,0,6.467662,0.4975124,0,80.84577,2.487562,0.2487562,6.467662
2022-07-15 13:27:25,0,0,5.75,0.25,0,84.5,2.75,0.25,5
2022-07-15 13:27:24,0,0,7.462687,0.4975124,0,86.56716,2.985075,0,1.99005
2022-07-15 13:27:23,0,0,7.711443,0.7462687,0,84.32836,2.736318,0.2487562,2.736318
2022-07-15 13:27:22,0,0,9.823678,0.2518892,0,88.16121,1.763224,0,0
2022-07-15 13:27:21,0,0,9.950249,0,0,84.32836,4.228856,0,0.2487562
2022-07-15 13:27:20,0,0,11.027569,0.2506266,0,84.96241,3.007519,0.5012531,0
2022-07-15 13:27:19,0,0,13.131313,0.2525253,0,83.33333,2.777778,0,0.2525253
2022-07-15 13:27:18,0,0,12.219451,0.4987531,0,81.54613,3.491272,0.2493766,1.745636
2022-07-15 13:27:17,0,0,8.128079,0.2463054,0,83.99015,2.955665,0,3.20197
2022-07-15 13:27:16,0,0,8.25,0.5,0,83.75,2.75,0.25,3.5
2022-07-15 13:27:15,0,0,8.229426,0.4987531,0,81.29676,4.987531,0.2493766,3.491272
2022-07-15 13:27:14,0,0,8.188586,0.4962779,0,83.62283,2.977667,0.248139,3.722084
2022-07-15 13:27:13,0,0,8.457711,0.2487562,0,83.83085,2.487562,0.7462687,3.482587
2022-07-15 13:27:12,0,0,7.052897,0.2518892,0,86.90176,2.770781,0,2.267003
2022-07-15 13:27:11,0,0,8.208955,0,0,86.81592,2.736318,0.2487562,1.2437811
2022-07-15 13:27:10,0,0,9.725686,0.2493766,0,87.03242,2.493766,0.2493766,0
2022-07-15 13:27:09,0,0,10.552764,0.2512563,0,85.42714,3.015075,0.2512563,0.2512563
2022-07-15 13:27:08,0,0,10.972569,0.4987531,0,85.28678,2.743142,0.2493766,0
2022-07-15 13:27:07,0,0,10.447761,0.2487562,0,86.06965,2.487562,0,0.2487562
2022-07-15 13:27:06,0,0,12.030075,0.2506266,0,83.70927,3.007519,0.2506266,0.2506266
2022-07-15 13:27:05,0,0,10.275689,0.2506266,0,86.46617,2.255639,0.2506266,0.2506266
2022-07-15 13:27:04,0,0,11.306533,0.2512563,0,85.17588,3.015075,0,0
2022-07-15 13:27:03,0,0,11.221945,0.4987531,0,82.54364,2.992519,0.7481297,0.7481297
2022-07-15 13:27:02,0,0,9.273183,0.2506266,0,86.71679,3.508772,0,0
2022-07-15 13:27:01,0,0,10.301508,0.2512563,0,85.17588,2.763819,0.2512563,0.2512563
2022-07-15 13:27:00,0,0,11.528822,0.2506266,0,85.21303,2.756892,0,0
2022-07-15 13:26:59,0,0,10.669975,0.4962779,0,84.61538,2.977667,0.248139,0.4962779
2022-07-15 13:26:58,0,0,9.774436,0.2506266,0,87.46867,2.005013,0.2506266,0
2022-07-15 13:26:57,0,0,11.138614,0.2475248,0,85.14851,2.970297,0,0.2475248
2022-07-15 13:26:56,0,0,10.075567,0.2518892,0,83.6272,4.785894,0.2518892,0
2022-07-15 13:26:55,0,0,11.633663,0.2475248,0,85.14851,2.475248,0,0.2475248
2022-07-15 13:26:54,0,0,9.414758,0.5089059,0,87.0229,2.035623,0,0
2022-07-15 13:26:53,0,0,10.5,0,0,86.5,2.25,0.25,0.25
2022-07-15 13:26:52,0,0,12.5,0.25,0,84.25,2.25,0.25,0
2022-07-15 13:26:51,0,0,9.25,0.25,0,85.75,2.5,0.25,0.75
2022-07-15 13:26:50,0,0,10.199005,0.4975124,0,86.56716,2.238806,0.2487562,0
2022-07-15 13:26:49,0,0,10.552764,0.2512563,0,87.18593,1.758794,0,0
2022-07-15 13:26:48,0,0,11.940299,0.7462687,0,84.0796,2.487562,0.2487562,0.2487562
2022-07-15 13:26:47,0,0,9.319899,0.2518892,0,87.15365,2.518892,0,0.2518892
2022-07-15 13:26:46,0,0,10.723192,0,0,86.53367,2.493766,0,0
2022-07-15 13:26:45,0,0,10.5,0.5,0,85.75,3,0,0
2022-07-15 13:26:44,0,0,10.972569,0.4987531,0,85.28678,2.493766,0.2493766,0.2493766
2022-07-15 13:26:43,0,0,12.09068,0,0,84.63476,3.02267,0,0
2022-07-15 13:26:42,0,0,9.452736,0.2487562,0,87.06468,2.238806,0,0.2487562
2022-07-15 13:26:41,0,0,10.126582,0.2531646,0,86.58228,2.278481,0,0
2022-07-15 13:26:40,0,0,12.219451,0.9975062,0,83.29177,2.493766,0.2493766,0.2493766
2022-07-15 13:26:39,0,0,8.77193,0.2506266,0,87.21805,2.506266,0,0.2506266
2022-07-15 13:26:38,0,0,10.199005,0.2487562,0,87.06468,1.741294,0.2487562,0
2022-07-15 13:26:37,0,0,11.5,0.25,0,85.5,2.25,0,0.25
2022-07-15 13:26:36,0,0,13.75,0.25,0,82.5,3,0,0
2022-07-15 13:26:35,0,0,6.982544,0.4987531,0,83.04239,2.493766,0.2493766,5.486284
2022-07-15 13:26:34,0,0,10.39604,0.7425743,0,83.41584,2.970297,0.2475248,1.732673
2022-07-15 13:26:33,0,0,8.77193,0.2506266,0,87.7193,2.005013,0,1.2531328
2022-07-15 13:26:32,0,0,6.965174,0.7462687,0,86.06965,1.99005,0,3.482587
2022-07-15 13:26:31,0,0,8.25,0,0,85.75,3.25,0.25,1.75
2022-07-15 13:26:30,0,0,9.52381,0.2506266,0,87.46867,2.005013,0.2506266,0.2506266
2022-07-15 13:26:29,0,0,11.528822,0,0,84.96241,3.007519,0,0
2022-07-15 13:26:28,0,0,11,0.25,0,84.25,2.25,0.25,0.75
2022-07-15 13:26:27,0,0,8.977556,0.4987531,0,87.2818,2.743142,0.2493766,0
2022-07-15 13:26:26,0,0,10.831234,0.2518892,0,85.64232,2.518892,0.2518892,0
2022-07-15 13:26:25,0,0,11.720698,0.4987531,0,84.78803,2.493766,0.2493766,0.2493766
2022-07-15 13:26:24,0,0,13.853904,0.5037783,0,81.10831,3.778338,0,0.5037783
2022-07-15 13:26:23,0,0,6.947891,0.7444169,0,83.37469,2.729529,0.248139,4.962779
2022-07-15 13:26:22,0,0,6.5,0,0,91.5,1.5,0,0.25
2022-07-15 13:26:21,0,0,10.552764,0.2512563,0,86.1809,2.01005,0.2512563,0
2022-07-15 13:26:20,0,0,11.809045,0.5025126,0,84.17085,2.261307,0.5025126,0.2512563
2022-07-15 13:26:19,0,0,9.20398,0.4975124,0,87.06468,1.99005,0.2487562,0
2022-07-15 13:26:18,0,0,11.027569,0.5012531,0,84.46115,3.508772,0,0.2506266
2022-07-15 13:26:17,0,0,11.528822,0.2506266,0,84.96241,2.506266,0.2506266,0
2022-07-15 13:26:16,0,0,10.173697,0.248139,0,84.11911,3.722084,0.248139,0
2022-07-15 13:26:15,0,0,14.75,0.25,0,81.25,2.75,0.25,0.5
2022-07-15 13:26:14,0,0,7.788945,0.7537688,0,85.17588,2.512563,0,2.512563
2022-07-15 13:26:13,0,0,7.19603,0.7444169,0,83.87097,2.977667,0,4.466501
2022-07-15 13:26:12,0,0,7.481297,0,0,89.27681,1.745636,0.2493766,0.4987531
2022-07-15 13:26:11,0,0,9.52381,0.2506266,0,87.46867,2.506266,0,0
2022-07-15 13:26:10,0,0,11.138614,0.2475248,0,84.65347,2.722772,0.2475248,0.4950495
2022-07-15 13:26:09,0,0,14.321608,0.5025126,0,82.1608,3.015075,0,0
2022-07-15 13:26:08,0,0,11.809045,0.2512563,0,80.90452,3.015075,0.2512563,3.266332
2022-07-15 13:26:07,0,0,3.902439,1.4634146,0,74.14634,1.95122,0.4878049,14.390244
2022-07-15 13:26:06,0,0,2,0.75,0,81.25,1.5,0,8.75
2022-07-15 13:26:05,0,0,13.715711,0.2493766,0,82.54364,2.743142,0.2493766,0.2493766
2022-07-15 13:26:04,0,0,8.02005,0.5012531,0,83.45865,2.506266,0.2506266,4.260652
2022-07-15 13:26:03,0,0,7.444169,0.9925558,0,79.90074,2.48139,0.4962779,7.444169
2022-07-15 13:26:02,0,0,6.699752,0.4962779,0,87.34491,2.729529,0,2.233251
2022-07-15 13:26:01,0,0,7.98005,0.2493766,0,88.52868,1.995012,0,0.4987531
2022-07-15 13:26:00,0,0,11.19403,0.2487562,0,83.83085,3.233831,0,0.4975124
2022-07-15 13:25:59,0,0,12.406948,0.4962779,0,80.8933,2.977667,0.4962779,2.729529
2022-07-15 13:25:58,0,0,8.291457,0.5025126,0,84.42211,2.512563,0,3.517588
2022-07-15 13:25:57,0,0,7.425743,0.4950495,0,83.16832,2.722772,0.2475248,4.70297
2022-07-15 13:25:56,0,0,7.98005,0.4987531,0,82.79302,2.992519,0,5.236908
2022-07-15 13:25:55,0,0,6.188119,0.7425743,0,78.71287,2.227723,0.2475248,8.415842
2022-07-15 13:25:54,0,0,8.312343,0.2518892,0,84.63476,2.770781,0,3.02267
2022-07-15 13:25:53,0,0,5.445545,0.4950495,0,79.45545,2.475248,0.2475248,8.910891
2022-07-15 13:25:52,0,0,7.711443,0.4975124,0,83.58209,3.233831,0.2487562,2.985075
2022-07-15 13:25:51,0,0,8.72818,0.4987531,0,85.28678,2.743142,0.2493766,1.995012
2022-07-15 13:25:50,0,0,9.022556,0.2506266,0,84.71178,2.506266,0.5012531,2.506266
2022-07-15 13:25:49,0,0,8.977556,0.4987531,0,86.28429,2.493766,0.2493766,0.7481297
2022-07-15 13:25:48,0,0,7.19603,0.248139,0,87.34491,2.233251,0,1.4888337
2022-07-15 13:25:47,0,0,9.774436,0.2506266,0,87.46867,2.255639,0.2506266,0
2022-07-15 13:25:46,0,0,10.5,0.25,0,85.75,2.75,0,0.25
2022-07-15 13:25:45,0,0,11.083123,0.7556675,0,85.89421,2.015113,0.2518892,0
2022-07-15 13:25:44,0,0,12.437811,0.2487562,0,81.59204,3.482587,0.2487562,1.2437811
2022-07-15 13:25:43,0,0,10.421836,0.4962779,0,83.87097,3.722084,0.248139,0.4962779
2022-07-15 13:25:42,0,0,9.090909,0,0,88.38384,1.767677,0,0
2022-07-15 13:25:41,0,0,10.75,0.25,0,84.75,3.25,0.25,0.25
2022-07-15 13:25:40,0,0,9.476309,0.2493766,0,86.78304,2.244389,0,0.2493766
2022-07-15 13:25:39,0,0,15.577889,0.5025126,0,80.15075,3.266332,0.2512563,0
2022-07-15 13:25:38,0,0,6.716418,0.4975124,0,87.81095,2.487562,0.2487562,1.99005
2022-07-15 13:25:37,0,0,13.25,0.25,0,81.75,3.5,0.25,0.75
2022-07-15 13:25:36,0,0,7.25,0.25,0,84.75,2.75,0.25,4
2022-07-15 13:25:35,0,0,8.641975,0.4938272,0,84.44444,2.716049,0.4938272,2.469136
2022-07-15 13:25:34,0,0,7.23192,0.4987531,0,82.29426,2.743142,0.2493766,6.483791
2022-07-15 13:25:33,0,0,9.06801,0.2518892,0,83.87909,2.770781,0,3.02267
2022-07-15 13:25:32,0,0,7.481297,0.4987531,0,83.29177,2.493766,0.2493766,4.738155
2022-07-15 13:25:31,0,0,5.793451,0.5037783,0,89.16877,1.763224,0.2518892,0.7556675
2022-07-15 13:25:30,0,0,10.199005,0.2487562,0,83.33333,2.487562,0.2487562,2.985075
2022-07-15 13:25:29,0,0,13.065327,0.2512563,0,80.65327,4.020101,0.2512563,1.2562814
2022-07-15 13:25:28,0,0,9.405941,0.2475248,0,85.39604,3.217822,0.4950495,0.990099
2022-07-15 13:25:27,0,0,4.556962,0.2531646,0,91.13924,2.025316,0,1.5189873
2022-07-15 13:25:26,0,0,9.975062,0.4987531,0,86.03491,2.493766,0.2493766,0.2493766
2022-07-15 13:25:25,0,0,12.531328,0.2506266,0,83.45865,3.007519,0.2506266,0
2022-07-15 13:25:24,0,0,9.226933,0.2493766,0,86.03491,3.241895,0.2493766,0.2493766
2022-07-15 13:25:23,0,0,10.5,0.25,0,85.5,2.75,0.5,0
2022-07-15 13:25:22,0,0,10.25,0.25,0,87,2,0.25,0
2022-07-15 13:25:21,0,0,11.335013,0.5037783,0,84.38287,2.770781,0.2518892,0
2022-07-15 13:25:20,0,0,11.691542,0.2487562,0,84.0796,2.238806,0.2487562,0.7462687
2022-07-15 13:25:19,0,0,11.083123,0.5037783,0,81.10831,2.518892,0.2518892,4.030227
2022-07-15 13:25:18,0,0,7.940447,0.248139,0,81.88586,3.225806,0.248139,4.962779
2022-07-15 13:25:17,0,0,8.79397,0.2512563,0,83.41709,3.015075,0,4.020101
2022-07-15 13:25:16,0,0,7.635468,0.7389163,0,80.78818,2.955665,0.4926108,6.403941
2022-07-15 13:25:15,0,0,7.052897,0,0,86.90176,2.015113,0.2518892,3.02267
2022-07-15 13:25:14,0,0,10.421836,0.248139,0,83.62283,3.225806,0,1.736973
2022-07-15 13:25:13,0,0,3.950617,0.7407407,0,77.28395,1.975309,0.2469136,12.345679
2022-07-15 13:25:12,0,0,6.015038,0.2506266,0,88.7218,2.005013,0.2506266,2.005013
2022-07-15 13:25:11,0,0,12.686567,0.4975124,0,80.34826,3.482587,0,1.99005
2022-07-15 13:25:10,0,0,8.188586,0.4962779,0,83.12655,3.225806,0,3.722084
2022-07-15 13:25:09,0,0,3.902439,1.4634146,0,76.58537,2.682927,0.2439024,11.95122
2022-07-15 13:25:08,0,0,5.955335,0.248139,0,80.14888,3.473945,0.248139,7.444169
2022-07-15 13:25:07,0,0,5.5,0.25,0,79.5,3.25,0.5,8.5
2022-07-15 13:25:06,0,0,5.75,0.25,0,89,2,0.25,1.5
2022-07-15 13:25:05,0,0,9.06801,0.2518892,0,88.16121,1.511335,0.2518892,0.2518892
2022-07-15 13:25:04,0,0,10.5,0,0,87,2,0.25,0
2022-07-15 13:25:03,0,0,10.945274,0.4975124,0,85.32338,2.736318,0,0
2022-07-15 13:25:02,0,0,11.557789,0.2512563,0,84.92462,2.01005,0.2512563,0.2512563
2022-07-15 13:25:01,0,0,8.75,0.25,0,87.25,2.5,0.25,0.25
2022-07-15 13:25:00,0,0,10.776942,0.5012531,0,86.21554,2.005013,0.2506266,0
2022-07-15 13:24:59,0,0,10.552764,0,0,82.91457,5.527638,0.5025126,0
2022-07-15 13:24:58,0,0,10.25,0.25,0,86.75,2.5,0.25,0
2022-07-15 13:24:57,0,0,12.030075,0,0,84.46115,2.255639,0,0.7518797
2022-07-15 13:24:56,0,0,10.696517,0.7462687,0,84.0796,2.985075,0.4975124,0.4975124
2022-07-15 13:24:55,0,0,8.79397,0,0,87.9397,2.261307,0.2512563,0
2022-07-15 13:24:54,0,0,11.442786,0.2487562,0,84.82587,2.238806,0.2487562,0.2487562
2022-07-15 13:24:53,0,0,9.547739,0.2512563,0,87.9397,1.758794,0.2512563,0
2022-07-15 13:24:52,0,0,13.216958,0.2493766,0,83.54115,2.493766,0.2493766,0
2022-07-15 13:24:51,0,0,9,0.25,0,87.25,2.25,0.25,0.75
2022-07-15 13:24:50,0,0,11.82266,0.7389163,0,75.86207,4.187192,0.2463054,5.91133
2022-07-15 13:24:49,0,0,5,0.5,0,83.5,2,0.25,6.5
2022-07-15 13:24:48,0,0,6.766917,0.2506266,0,89.72431,2.756892,0.2506266,0.2506266
2022-07-15 13:24:47,0,0,10.421836,0.4962779,0,85.3598,2.729529,0.248139,0.248139
2022-07-15 13:24:46,0,0,10.552764,0.2512563,0,85.67839,3.015075,0.2512563,0
2022-07-15 13:24:45,0,0,11.5,0.5,0,84.5,3,0.25,0
2022-07-15 13:24:44,0,0,8.436725,0.248139,0,84.36725,3.473945,0.248139,1.985112
2022-07-15 13:24:43,0,0,10.945274,0.4975124,0,85.32338,2.238806,0.2487562,0
2022-07-15 13:24:42,0,0,9,0.25,0,87.5,2,0.5,0.25
2022-07-15 13:24:41,0,0,8.585859,0.2525253,0,87.37374,2.525253,0,0
2022-07-15 13:24:40,0,0,8.35443,0.5063291,0,87.59494,3.037975,0.2531646,0
2022-07-15 13:24:39,0,0,9.701493,0.2487562,0,85.8209,2.985075,0.2487562,0.2487562
2022-07-15 13:24:38,0,0,6.801008,0.5037783,0,87.65743,1.511335,0.2518892,2.015113
2022-07-15 13:24:37,0,0,6.04534,0.5037783,0,90.42821,2.518892,0,0.2518892
2022-07-15 13:24:36,0,0,6.060606,0,0,90.65657,2.525253,0.2525253,0
2022-07-15 13:24:35,0,0,6.313131,0,0,90.15152,3.030303,0,0
2022-07-15 13:24:34,0,0,6.965174,0.4975124,0,89.30348,2.487562,0.2487562,0
2022-07-15 13:24:33,0,0,6.818182,0.2525253,0,88.38384,3.030303,0,0.2525253
2022-07-15 13:24:32,0,0,1.25,0.25,0,94,3.25,0.5,0
2022-07-15 13:24:31,0,0,1.0152284,0.2538071,0,95.17766,1.77665,0.2538071,0
2022-07-15 13:24:30,0,0,1.2437811,0,0,95.02488,2.736318,0.2487562,0
2022-07-15 13:24:29,0,0,1.0050251,0.7537688,0,94.22111,3.266332,0,0
2022-07-15 13:24:28,0,0,1.2406948,0.4962779,0,93.54839,3.473945,0.4962779,0
2022-07-15 13:24:27,0,0,1.0126582,0.5063291,0,95.6962,2.025316,0,0
2022-07-15 13:24:26,0,0,1.4888337,0,0,95.03722,2.729529,0.248139,0
2022-07-15 13:24:25,0,0,1.0050251,0.2512563,0,95.9799,2.01005,0.2512563,0
2022-07-15 13:24:24,0,0,1.2594458,0.2518892,0,94.45844,2.770781,0.2518892,0
2022-07-15 13:24:23,0,0,1.2437811,0.4975124,0,94.77612,2.487562,0.2487562,0
2022-07-15 13:24:22,0,0,1.2531328,0.2506266,0,94.98747,2.255639,0.2506266,0
2022-07-15 13:24:21,0,0,3.02267,0.2518892,0,93.45088,1.2594458,0.2518892,0.2518892
2022-07-15 13:24:20,0,0,4.79798,0.2525253,0,90.90909,3.282828,0,0
2022-07-15 13:24:19,0,0,6.265664,0.2506266,0,90.97744,2.005013,0.2506266,0
2022-07-15 13:24:18,0,0,6.265664,0.5012531,0,90.22556,2.506266,0,0.2506266
2022-07-15 13:24:17,0,0,6.203474,0.4962779,0,89.33002,2.48139,0.4962779,0.248139
2022-07-15 13:24:16,0,0,7.5,0.25,0,89.25,2.75,0,0
2022-07-15 13:24:15,0,0,8.25,0.25,0,88.75,2,0.5,0
2022-07-15 13:24:14,0,0,8.79397,0,0,87.9397,2.512563,0.2512563,0
2022-07-15 13:24:13,0,0,8.5,0.5,0,87.25,2.75,0.25,0.25
2022-07-15 13:24:12,0,0,8.79397,0.2512563,0,87.9397,2.261307,0,0
2022-07-15 13:24:11,0,0,8.79397,0.2512563,0,86.68342,2.261307,0.5025126,1.0050251
2022-07-15 13:24:10,0,0,11.471322,0.2493766,0,84.78803,2.244389,0.2493766,0.2493766
2022-07-15 13:24:09,0,0,11.720698,0.4987531,0,83.54115,2.743142,0.2493766,0.9975062
2022-07-15 13:24:08,0,0,9.59596,0,0,85.35354,2.525253,0.2525253,1.767677
2022-07-15 13:24:07,0,0,9.226933,0.2493766,0,87.2818,2.244389,0,0.7481297
2022-07-15 13:24:06,0,0,7,0.25,0,86.5,2,0.5,2.75
2022-07-15 13:24:05,0,0,8.270677,0.2506266,0,87.96992,2.255639,0,0.7518797
2022-07-15 13:24:04,0,0,10.526316,0,0,86.21554,2.506266,0.2506266,0
2022-07-15 13:24:03,0,0,10.473815,0.2493766,0,86.28429,2.493766,0.2493766,0
2022-07-15 13:24:02,0,0,10.526316,0.2506266,0,85.46366,3.258145,0,0.2506266
2022-07-15 13:24:01,0,0,10.579345,0.2518892,0,85.89421,2.518892,0.2518892,0
2022-07-15 13:24:00,0,0,13.602015,0.2518892,0,81.86398,2.518892,0.2518892,1.0075567
2022-07-15 13:23:59,0,0,9.876543,0.4938272,0,82.96296,2.962963,0.2469136,2.469136
2022-07-15 13:23:58,0,0,9.022556,0.2506266,0,83.9599,3.007519,0.2506266,3.258145
2022-07-15 13:23:57,0,0,7.035176,0.2512563,0,85.67839,3.517588,0,2.763819
2022-07-15 13:23:56,0,0,7.960199,0.4975124,0,84.82587,3.233831,0.2487562,2.736318
2022-07-15 13:23:55,0,0,10.972569,0.4987531,0,83.04239,3.241895,0.4987531,1.745636
2022-07-15 13:23:54,0,0,7.5,0,0,86.5,2,0,3
2022-07-15 13:23:53,0,0,10.275689,0.2506266,0,85.46366,2.255639,0.5012531,1.0025063
2022-07-15 13:23:52,0,0,7.286432,0.2512563,0,89.44724,2.512563,0,0.2512563
2022-07-15 13:23:51,0,0,10.526316,0.2506266,0,86.96742,1.5037594,0.2506266,0.2506266
2022-07-15 13:23:50,0,0,10.25,0.25,0,86.5,2.5,0,0.25
2022-07-15 13:23:49,0,0,11.779449,0.5012531,0,84.46115,2.756892,0,0
2022-07-15 13:23:48,0,0,9.5,0.25,0,84,2.75,0.25,2
2022-07-15 13:23:47,0,0,11.221945,0.2493766,0,85.03741,2.992519,0,0
2022-07-15 13:23:46,0,0,10.972569,0.4987531,0,84.28928,2.493766,0.2493766,1.2468828
2022-07-15 13:23:45,0,0,10.421836,0.248139,0,83.37469,2.729529,0.248139,2.233251
2022-07-15 13:23:44,0,0,7.711443,0.4975124,0,82.58706,2.487562,0.2487562,5.223881
2022-07-15 13:23:43,0,0,6.234414,0.7481297,0,86.78304,1.995012,0.2493766,2.493766
2022-07-15 13:23:42,0,0,9.045226,0,0,87.68844,2.261307,0.2512563,0.2512563
2022-07-15 13:23:41,0,0,8.977556,0.2493766,0,87.53117,1.995012,0.2493766,0.2493766
2022-07-15 13:23:40,0,0,10.526316,0.5012531,0,84.96241,2.506266,0.5012531,0.2506266
2022-07-15 13:23:39,0,0,10.224439,0.4987531,0,86.53367,2.244389,0.2493766,0
2022-07-15 13:23:38,0,0,10.75,0.5,0,85.75,2.25,0.25,0.25
2022-07-15 13:23:37,0,0,12.09068,0.2518892,0,83.37531,3.274559,0,0.7556675
2022-07-15 13:23:36,0,0,9.022556,0.2506266,0,85.21303,3.508772,0.5012531,0.2506266
2022-07-15 13:23:35,0,0,13.784461,0.2506266,0,79.44862,2.756892,0.2506266,3.007519
2022-07-15 13:23:34,0,0,9.52381,0.5012531,0,84.21053,3.007519,0.2506266,1.2531328
2022-07-15 13:23:33,0,0,7.481297,0.2493766,0,86.53367,3.241895,0.2493766,2.244389
2022-07-15 13:23:32,0,0,7.052897,0.5037783,0,89.42065,1.763224,0.2518892,0.5037783
2022-07-15 13:23:31,0,0,10.473815,0.2493766,0,85.78554,2.493766,0,0.2493766
2022-07-15 13:23:30,0,0,14.035088,0.2506266,0,82.20551,2.506266,0.2506266,0.2506266
2022-07-15 13:23:29,0,0,8.395062,0.4938272,0,78.2716,2.962963,0.4938272,6.666667
2022-07-15 13:23:28,0,0,5,0.75,0,74.25,2.25,0.25,12.75
2022-07-15 13:23:27,0,0,3.241895,1.2468828,0,75.06234,1.4962594,0.2493766,12.718204
2022-07-15 13:23:26,0,0,7,0.5,0,85.25,2,0,3.25
2022-07-15 13:23:25,0,0,8.148148,0.9876543,0,80.24691,3.209877,0.2469136,5.185185
2022-07-15 13:23:24,0,0,5.459057,0.7444169,0,79.15633,2.729529,0.248139,9.677419
2022-07-15 13:23:23,0,0,2.926829,1.95122,0,66.82927,1.95122,0.4878049,17.80488
2022-07-15 13:23:22,0,0,5.679012,1.2345679,0,77.53086,2.469136,0.2469136,10.37037
2022-07-15 13:23:21,0,0,7.960199,0.2487562,0,86.31841,2.736318,0,1.4925373
2022-07-15 13:23:20,0,0,10.10101,0.2525253,0,85.60606,2.777778,0.2525253,0.7575758
2022-07-15 13:23:19,0,0,7.21393,0.7462687,0,78.60697,2.487562,0.2487562,7.21393
2022-07-15 13:23:18,0,0,6.467662,0.4975124,0,81.59204,2.985075,0.2487562,6.716418
2022-07-15 13:23:17,0,0,7.940447,0.7444169,0,81.38958,2.233251,0.248139,6.203474
2022-07-15 13:23:16,0,0,3.5,0.75,0,70.5,1.75,0.75,16.5
2022-07-15 13:23:15,0,0,2.205882,0.7352941,0,68.87255,2.45098,0.4901961,15.931373
2022-07-15 13:23:14,0,0,3.712871,0.990099,0,77.72277,2.227723,0.4950495,10.148515
2022-07-15 13:23:13,0,0,6.188119,0.990099,0,75.49505,2.722772,0.4950495,11.138614
2022-07-15 13:23:12,0,0,7.425743,0.4950495,0,86.88119,1.980198,0.2475248,2.722772
2022-07-15 13:23:11,0,0,11.363636,0.5050505,0,83.08081,3.787879,0,0.7575758
2022-07-15 13:23:10,0,0,9.20398,0.2487562,0,85.8209,2.736318,0,1.741294
2022-07-15 13:23:09,0,0,8.521303,0,0,87.46867,2.255639,0.2506266,0.7518797
2022-07-15 13:23:08,0,0,8.578431,0.9803922,0,77.45098,2.696078,0.245098,7.352941
2022-07-15 13:23:07,0,0,3.482587,0.9950249,0,73.8806,1.99005,0.4975124,12.935323
2022-07-15 13:23:06,0,0,4.444444,0.9876543,0,84.19753,1.975309,0,7.160494
2022-07-15 13:23:05,0,0,14.5,0.25,0,82.25,2.25,0.5,0.25
2022-07-15 13:23:04,0,0,5.721393,0.9950249,0,84.57711,2.736318,0.2487562,4.477612
2022-07-15 13:23:03,0,0,7.23192,0.7481297,0,83.29177,2.244389,0,4.987531
2022-07-15 13:23:02,0,0,7.160494,0.2469136,0,88.88889,1.975309,0.2469136,0.7407407
2022-07-15 13:23:01,0,0,12.436548,0.2538071,0,83.50254,2.791878,0.2538071,0.5076142
2022-07-15 13:23:00,0,0,7.537688,0.2512563,0,86.68342,3.015075,0.2512563,1.758794
2022-07-15 13:22:59,0,0,10.148515,0.4950495,0,83.66337,3.465347,0.2475248,1.732673
2022-07-15 13:22:58,0,0,10,0.25,0,83.25,3.25,0.25,1.75
2022-07-15 13:22:57,0,0,8,0.5,0,82.5,2.75,0.25,5.25
2022-07-15 13:22:56,0,0,6.75,0.75,0,80.75,3.25,0.25,6
2022-07-15 13:22:55,0,0,8.270677,0.5012531,0,83.20802,2.756892,0.2506266,3.759398
2022-07-15 13:22:54,0,0,7.23192,0.2493766,0,84.78803,2.493766,0.2493766,4.239401
2022-07-15 13:22:53,0,0,6.419753,0.7407407,0,82.71605,2.962963,0.2469136,6.17284
2022-07-15 13:22:52,0,0,10.972569,0.2493766,0,84.78803,2.992519,0.2493766,0.2493766
2022-07-15 13:22:51,0,0,7.518797,0.2506266,0,82.45614,2.255639,0.2506266,5.764411
2022-07-15 13:22:50,0,0,8.478803,0,0,86.53367,2.992519,0.2493766,0.9975062
2022-07-15 13:22:49,0,0,9.20398,0.2487562,0,86.06965,2.736318,0,1.2437811
2022-07-15 13:22:48,0,0,9.022556,0.5012531,0,86.71679,2.005013,0,1.2531328
2022-07-15 13:22:47,0,0,5.276382,0.2512563,0,90.20101,2.261307,0.2512563,0.7537688
2022-07-15 13:22:46,0,0,10.447761,0.2487562,0,85.8209,1.99005,0.4975124,0.2487562
2022-07-15 13:22:45,0,0,10.831234,0.5037783,0,85.64232,2.015113,0.7556675,0
2022-07-15 13:22:44,0,0,15.9601,0.4987531,0,79.55112,3.241895,0,0.4987531
2022-07-15 13:22:43,0,0,6.930693,0.2475248,0,81.93069,2.475248,0.4950495,6.188119
2022-07-15 13:22:42,0,0,6.947891,0.7444169,0,81.38958,2.729529,0.248139,7.19603
2022-07-15 13:22:41,0,0,8.25,0.25,0,83.25,3.75,0.25,3
2022-07-15 13:22:40,0,0,9.452736,0.4975124,0,85.07463,3.233831,0,1.4925373
2022-07-15 13:22:39,0,0,6.947891,0.7444169,0,82.38213,2.48139,0.248139,5.955335
2022-07-15 13:22:38,0,0,8.706468,0.4975124,0,85.32338,2.736318,0,2.238806
2022-07-15 13:22:37,0,0,6.5,0.5,0,85.25,2.25,0.25,4.5
2022-07-15 13:22:36,0,0,7.481297,0.2493766,0,88.02993,2.493766,0.2493766,0.9975062
2022-07-15 13:22:35,0,0,8.706468,0.2487562,0,87.81095,2.238806,0.4975124,0.2487562
2022-07-15 13:22:34,0,0,10.552764,0.2512563,0,87.18593,1.758794,0,0
2022-07-15 13:22:33,0,0,10.75,0.25,0,85.5,3,0.25,0
2022-07-15 13:22:32,0,0,10.776942,0.2506266,0,85.71429,3.007519,0,0
2022-07-15 13:22:31,0,0,10.526316,0.2506266,0,86.21554,2.255639,0,0.2506266
2022-07-15 13:22:30,0,0,11.471322,0.2493766,0,82.29426,3.241895,0.4987531,0.9975062
2022-07-15 13:22:29,0,0,9.42928,0.4962779,0,86.6005,2.729529,0.248139,0
2022-07-15 13:22:28,0,0,10.606061,0.2525253,0,85.10101,2.777778,0.2525253,0.2525253
2022-07-15 13:22:27,0,0,9.725686,0.2493766,0,87.03242,2.493766,0.2493766,0
2022-07-15 13:22:26,0,0,11.779449,0.5012531,0,82.95739,3.007519,0.2506266,0.5012531
2022-07-15 13:22:25,0,0,9.20398,0,0,88.0597,1.99005,0.4975124,0
2022-07-15 13:22:24,0,0,11.055276,0.5025126,0,83.66834,3.015075,0.2512563,0.5025126
2022-07-15 13:22:23,0,0,9.798995,0.2512563,0,86.93467,2.512563,0.2512563,0
2022-07-15 13:22:22,0,0,10.301508,0.2512563,0,86.1809,2.512563,0.2512563,0
2022-07-15 13:22:21,0,0,10.301508,0.2512563,0,84.92462,3.266332,0.5025126,0.2512563
2022-07-15 13:22:20,0,0,10.526316,0,0,85.71429,3.007519,0,0.2506266
2022-07-15 13:22:19,0,0,10.972569,0.2493766,0,86.03491,2.493766,0.2493766,0
2022-07-15 13:22:18,0,0,13.151365,0.4962779,0,81.14144,2.729529,0.248139,1.736973
2022-07-15 13:22:17,0,0,8.933002,0.248139,0,85.11166,2.729529,0.4962779,1.985112
2022-07-15 13:22:16,0,0,10.25,0.75,0,84,3.25,0.25,1.25
2022-07-15 13:22:15,0,0,9.296482,0.5025126,0,83.16583,2.261307,0,4.020101
2022-07-15 13:22:14,0,0,7.23192,0.2493766,0,85.03741,2.493766,0.4987531,3.241895
2022-07-15 13:22:13,0,0,6.5,0.5,0,85,3,0.25,4.25
2022-07-15 13:22:12,0,0,11.881188,0.4950495,0,80.69307,2.970297,0.2475248,2.475248
2022-07-15 13:22:11,0,0,7.769424,0.5012531,0,81.95489,3.258145,0.5012531,4.761905
2022-07-15 13:22:10,0,0,10.025063,0.2506266,0,83.70927,3.007519,0.2506266,2.005013
2022-07-15 13:22:09,0,0,8.188586,0.4962779,0,84.61538,2.233251,0.248139,3.722084
2022-07-15 13:22:08,0,0,8.955224,0.2487562,0,85.32338,2.985075,0.2487562,1.99005
2022-07-15 13:22:07,0,0,8.229426,0.7481297,0,86.03491,1.995012,0,2.493766
2022-07-15 13:22:06,0,0,7.444169,0.4962779,0,80.64516,3.225806,0,6.203474
2022-07-15 13:22:05,0,0,7.481297,0.4987531,0,82.79302,1.995012,0.2493766,5.236908
2022-07-15 13:22:04,0,0,6.699752,0.4962779,0,80.8933,3.722084,0.248139,6.699752
2022-07-15 13:22:03,0,0,6.766917,0.2506266,0,83.45865,3.258145,0.2506266,5.012531
2022-07-15 13:22:02,0,0,6.733167,0.4987531,0,82.54364,2.493766,0.2493766,6.733167
2022-07-15 13:22:01,0,0,7.444169,0.4962779,0,80.39702,2.977667,0.248139,6.699752
2022-07-15 13:22:00,0,0,6.91358,0.9876543,0,81.23457,1.975309,0.2469136,6.17284
2022-07-15 13:21:59,0,0,6.5,0.75,0,83.5,3.25,0.25,4.5
2022-07-15 13:21:58,0,0,8.128079,1.2315271,0,81.03448,2.463054,0.4926108,5.172414
2022-07-15 13:21:57,0,0,4.545455,0,0,91.16162,2.020202,0.2525253,1.010101
2022-07-15 13:21:56,0,0,9.476309,0.4987531,0,87.2818,2.244389,0,0
2022-07-15 13:21:55,0,0,11.25,0.25,0,84,3.5,0.25,0.25
2022-07-15 13:21:54,0,0,8.457711,0.7462687,0,85.07463,2.736318,0.4975124,1.741294
2022-07-15 13:21:53,0,0,12.219451,0.2493766,0,83.79052,2.743142,0,0
2022-07-15 13:21:52,0,0,10.327456,0.2518892,0,85.39043,3.02267,0.5037783,0.2518892
2022-07-15 13:21:51,0,0,9.226933,0.4987531,0,86.28429,2.743142,0,0.2493766
2022-07-15 13:21:50,0,0,10.80402,0.2512563,0,86.43216,2.261307,0.2512563,0
2022-07-15 13:21:49,0,0,10.25,0,0,85.5,2.75,0.5,0.25
2022-07-15 13:21:48,0,0,10.025063,0.2506266,0,86.21554,2.506266,0.2506266,0.2506266
2022-07-15 13:21:47,0,0,10.579345,0,0,86.39798,2.770781,0,0
2022-07-15 13:21:46,0,0,10.723192,0.4987531,0,84.78803,2.743142,0.4987531,0.2493766
2022-07-15 13:21:45,0,0,10.353535,0.2525253,0,86.86869,2.272727,0,0
2022-07-15 13:21:44,0,0,10.80402,0.2512563,0,85.67839,2.261307,0.2512563,0
2022-07-15 13:21:43,0,0,11.720698,0.2493766,0,84.28928,2.743142,0.2493766,0.2493766
2022-07-15 13:21:42,0,0,8.79397,0,0,87.9397,2.261307,0.2512563,0
2022-07-15 13:21:41,0,0,10.776942,0.7518797,0,84.46115,2.756892,0.2506266,0.2506266
2022-07-15 13:21:40,0,0,10.526316,0.2506266,0,85.96491,2.506266,0,0.5012531
2022-07-15 13:21:39,0,0,12.75,0.25,0,83,3,0.25,0.25
2022-07-15 13:21:38,0,0,6.030151,0,0,88.69347,3.015075,0.2512563,1.758794
2022-07-15 13:21:37,0,0,9.20398,0.4975124,0,84.57711,2.487562,0.4975124,1.99005
2022-07-15 13:21:36,0,0,8.291457,0.2512563,0,88.19095,2.512563,0,0.2512563
2022-07-15 13:21:35,0,0,8.25,0,0,89,1.75,0.25,0.25
2022-07-15 13:21:34,0,0,8.5,0.5,0,87.5,3,0.25,0
2022-07-15 13:21:33,0,0,8.25,0.25,0,88.75,2,0.25,0
2022-07-15 13:21:32,0,0,9.975062,0.4987531,0,86.28429,2.743142,0.2493766,0.2493766
2022-07-15 13:21:31,0,0,6.015038,0.2506266,0,86.21554,2.756892,0.2506266,3.508772
2022-07-15 13:21:30,0,0,7.75,0.5,0,86.75,3.75,0.5,0
2022-07-15 13:21:29,0,0,4.534005,0.2518892,0,91.43577,3.274559,0,0.2518892
2022-07-15 13:21:28,0,0,2.272727,0.5050505,0,93.93939,2.020202,0.2525253,0
2022-07-15 13:21:27,0,0,3.740648,0.4987531,0,91.77057,3.491272,0.2493766,0
2022-07-15 13:21:26,0,0,3.75,0.25,0,91.75,3.25,0.25,0.5
2022-07-15 13:21:25,0,0,5.19802,0.4950495,0,90.59406,2.970297,0.2475248,0
2022-07-15 13:21:24,0,0,6.015038,0.2506266,0,90.47619,2.255639,0.5012531,0.2506266
2022-07-15 13:21:23,0,0,6.281407,0.5025126,0,89.44724,2.763819,0,0
2022-07-15 13:21:22,0,0,4.522613,0,0,92.46231,2.512563,0.2512563,0
2022-07-15 13:21:21,0,0,5.263158,0.5012531,0,91.22807,2.255639,0.2506266,0
2022-07-15 13:21:20,0,0,6.297229,0.2518892,0,89.16877,2.770781,0,1.0075567
2022-07-15 13:21:19,0,0,7.19603,0.248139,0,87.84119,3.225806,0.4962779,0.248139
2022-07-15 13:21:18,0,0,4.75,0,0,91,3.5,0.5,0
2022-07-15 13:21:17,0,0,2,0.25,0,92.75,2.25,0,1.5
2022-07-15 13:21:16,0,0,1,0.25,0,94.25,3.75,0.25,0
2022-07-15 13:21:15,0,0,2.261307,0.5025126,0,91.9598,3.768844,0.2512563,0
2022-07-15 13:21:14,0,0,1,0.5,0,94.75,3,0.25,0
2022-07-15 13:21:13,0,0,1.2531328,0,0,94.98747,3.508772,0,0
2022-07-15 13:21:12,0,0,1.0025063,0.5012531,0,95.48872,2.005013,0.5012531,0
2022-07-15 13:21:11,0,0,1.0075567,0,0,94.20655,3.526448,0.2518892,0
2022-07-15 13:21:10,0,0,1.745636,0.2493766,0,94.26434,2.493766,0.4987531,0
2022-07-15 13:21:09,0,0,1.010101,0.5050505,0,94.69697,2.272727,0.2525253,0
2022-07-15 13:21:08,0,0,1.2468828,0.2493766,0,94.76309,2.992519,0,0
2022-07-15 13:21:07,0,0,1.2562814,0.2512563,0,94.72362,2.512563,0.2512563,0
2022-07-15 13:21:06,0,0,1.0075567,0.5037783,0,95.46599,2.267003,0.2518892,0
2022-07-15 13:21:05,0,0,1.5037594,0.2506266,0,93.98496,3.258145,0.2506266,0
2022-07-15 13:21:04,0,0,1.0025063,0.5012531,0,93.98496,3.508772,0,0.2506266
2022-07-15 13:21:03,0,0,1,0,0,96.25,2.75,0,0
2022-07-15 13:21:02,0,0,0.9975062,0.2493766,0,95.01247,3.241895,0,0
2022-07-15 13:21:01,0,0,1.0152284,0.7614213,0,95.43147,2.284264,0.2538071,0
2022-07-15 13:21:00,0,0,1.0025063,0.5012531,0,93.98496,3.258145,0.2506266,0
2022-07-15 13:20:59,0,0,1.0025063,0.2506266,0,94.48622,3.258145,0,0
2022-07-15 13:20:58,0,0,3.015075,0,0,92.46231,3.266332,0.2512563,0.2512563
2022-07-15 13:20:57,0,0,5.472637,0.4975124,0,90.29851,2.985075,0.2487562,0
2022-07-15 13:20:56,0,0,6.281407,0.2512563,0,90.20101,1.758794,0.2512563,0.2512563
2022-07-15 13:20:55,0,0,8.25,0.25,0,88.5,2.75,0.25,0
2022-07-15 13:20:54,0,0,8.229426,0.2493766,0,87.2818,2.743142,0.2493766,0.2493766
2022-07-15 13:20:53,0,0,9.20398,0.2487562,0,87.56219,1.99005,0.4975124,0.2487562
2022-07-15 13:20:52,0,0,10.526316,0.5012531,0,85.46366,2.255639,0.5012531,0.2506266
2022-07-15 13:20:51,0,0,10.5,0.25,0,85,3.25,0.25,0.25
2022-07-15 13:20:50,0,0,10.327456,0.2518892,0,87.65743,1.511335,0,0
2022-07-15 13:20:49,0,0,10.696517,0.4975124,0,85.32338,2.487562,0.4975124,0.2487562
2022-07-15 13:20:48,0,0,12.468828,0.2493766,0,83.54115,2.992519,0.2493766,0
2022-07-15 13:20:47,0,0,9.52381,0.2506266,0,86.21554,2.756892,0,1.0025063
2022-07-15 13:20:46,0,0,8.706468,0.4975124,0,87.81095,1.4925373,0.4975124,0.2487562
2022-07-15 13:20:45,0,0,11.5,0.25,0,84.5,2.75,0.25,0.5
2022-07-15 13:20:44,0,0,8.79397,0.2512563,0,88.69347,1.5075377,0.2512563,0
2022-07-15 13:20:43,0,0,11.278195,0.5012531,0,85.21303,2.255639,0,0.2506266
2022-07-15 13:20:42,0,0,10.224439,0.2493766,0,84.78803,2.992519,0.2493766,0.7481297
2022-07-15 13:20:41,0,0,14.786967,0.5012531,0,79.44862,4.010025,0.5012531,0.2506266
2022-07-15 13:20:40,0,0,6.25,0,0,86.5,2.5,0.25,3.75
2022-07-15 13:20:39,0,0,7.160494,0.2469136,0,87.90123,2.962963,0.2469136,0.9876543
2022-07-15 13:20:38,0,0,10.579345,0.2518892,0,86.1461,2.267003,0.2518892,0.2518892
2022-07-15 13:20:37,0,0,11.221945,0.7481297,0,83.79052,3.491272,0.4987531,0
2022-07-15 13:20:36,0,0,9.319899,0.2518892,0,87.15365,2.015113,0.2518892,0.2518892
2022-07-15 13:20:35,0,0,11.221945,0.2493766,0,84.53865,2.992519,0.4987531,0.2493766
2022-07-15 13:20:34,0,0,9,0.25,0,87.5,2.25,0,0.25
2022-07-15 13:20:33,0,0,11.027569,0,0,85.21303,2.255639,0.2506266,0.5012531
2022-07-15 13:20:32,0,0,9.296482,0.5025126,0,85.42714,3.768844,0.2512563,0.2512563
2022-07-15 13:20:31,0,0,12,0.25,0,83.25,3,0.5,0.25
2022-07-15 13:20:30,0,0,9.476309,0,0,86.78304,2.992519,0,0
2022-07-15 13:20:29,0,0,10.526316,0.5012531,0,82.20551,6.015038,0.5012531,0.2506266
2022-07-15 13:20:28,0,0,10.379747,0,0,86.32911,2.78481,0.2531646,0
2022-07-15 13:20:27,0,0,10.669975,0.4962779,0,85.3598,2.48139,0.248139,0.248139
2022-07-15 13:20:26,0,0,10.526316,0.2506266,0,86.71679,1.5037594,0.2506266,0.2506266
2022-07-15 13:20:25,0,0,11.278195,0.5012531,0,83.20802,3.007519,0.5012531,1.2531328
2022-07-15 13:20:24,0,0,9.045226,0.2512563,0,88.44221,2.01005,0,0
2022-07-15 13:20:23,0,0,11.970075,0.2493766,0,84.28928,2.992519,0.2493766,0
2022-07-15 13:20:22,0,0,12.781955,0.2506266,0,79.19799,3.759398,0.5012531,2.756892
2022-07-15 13:20:21,0,0,6.683168,0.4950495,0,78.9604,3.712871,0.4950495,7.425743
2022-07-15 13:20:20,0,0,7.711443,0.4975124,0,83.83085,1.99005,0.2487562,3.731343
2022-07-15 13:20:19,0,0,7.711443,0.4975124,0,84.0796,2.985075,0.2487562,3.731343
2022-07-15 13:20:18,0,0,6.75,0.5,0,83.25,3.25,0,5.5
2022-07-15 13:20:17,0,0,9.022556,0.2506266,0,85.46366,3.258145,0.2506266,1.5037594
2022-07-15 13:20:16,0,0,8.955224,0.4975124,0,85.32338,2.985075,0,1.741294
2022-07-15 13:20:15,0,0,7.960199,0.4975124,0,86.31841,1.741294,0.4975124,2.238806
2022-07-15 13:20:14,0,0,9.25,0.5,0,84.5,3,0.25,1.5
2022-07-15 13:20:13,0,0,8.478803,0.2493766,0,84.78803,2.493766,0.2493766,2.992519
2022-07-15 13:20:12,0,0,7.960199,0.4975124,0,84.57711,2.736318,0,3.233831
2022-07-15 13:20:11,0,0,8.270677,0.2506266,0,83.20802,3.258145,0.2506266,3.759398
2022-07-15 13:20:10,0,0,5.486284,0.2493766,0,88.02993,2.244389,0.4987531,3.241895
2022-07-15 13:20:09,0,0,10.75,0.5,0,83,3.25,0.25,2
2022-07-15 13:20:08,0,0,10.776942,0.5012531,0,82.45614,3.258145,0,2.255639
2022-07-15 13:20:07,0,0,8.188586,0.248139,0,84.11911,2.48139,0.248139,4.466501
2022-07-15 13:20:06,0,0,6.015038,0.2506266,0,88.97243,2.506266,0.2506266,1.754386
2022-07-15 13:20:05,0,0,10.025063,0.2506266,0,87.21805,2.005013,0,0.2506266
2022-07-15 13:20:04,0,0,10.199005,0.4975124,0,85.57214,2.985075,0.2487562,0.2487562
2022-07-15 13:20:03,0,0,10.579345,0.2518892,0,86.39798,2.267003,0,0
2022-07-15 13:20:02,0,0,15.365239,0.5037783,0,80.35264,3.02267,0.5037783,0
2022-07-15 13:20:01,0,0,7.98005,0.9975062,0,82.54364,3.241895,0,4.239401
2022-07-15 13:20:00,0,0,8.977556,0.2493766,0,84.0399,2.743142,0.2493766,2.743142
2022-07-15 13:19:59,0,0,7.730673,0.2493766,0,85.78554,2.244389,0.2493766,3.491272
2022-07-15 13:19:58,0,0,6.965174,0.4975124,0,85.57214,1.99005,0,4.228856
2022-07-15 13:19:57,0,0,7.017544,0,0,87.7193,1.5037594,0.2506266,3.007519
2022-07-15 13:19:56,0,0,7.017544,0.5012531,0,83.45865,2.506266,0.2506266,5.012531
2022-07-15 13:19:55,0,0,11.75,0.25,0,85,2.75,0.25,0
2022-07-15 13:19:54,0,0,11.91067,0.4962779,0,79.65261,2.977667,0.248139,4.218362
2022-07-15 13:19:53,0,0,6.451613,0.7444169,0,83.62283,1.985112,0.248139,5.955335
2022-07-15 13:19:52,0,0,9.59596,0,0,84.59596,2.777778,0,2.272727
2022-07-15 13:19:51,0,0,2.992519,0.7481297,0,90.27431,1.745636,0.4987531,2.743142
2022-07-15 13:19:50,0,0,11.5,0.25,0,84.75,2.75,0,0.25
2022-07-15 13:19:49,0,0,9.75,0.25,0,85.75,2.75,0.25,0.75
2022-07-15 13:19:48,0,0,9.571788,0.2518892,0,87.15365,2.267003,0,0.2518892
2022-07-15 13:19:47,0,0,10.80402,0.5025126,0,86.43216,1.758794,0.2512563,0
2022-07-15 13:19:46,0,0,10.275689,0.2506266,0,86.46617,2.255639,0,0.2506266
2022-07-15 13:19:45,0,0,12.189055,0.2487562,0,83.58209,2.487562,0.4975124,0.4975124
2022-07-15 13:19:44,0,0,8.585859,0.2525253,0,87.87879,2.272727,0.2525253,0.2525253
2022-07-15 13:19:43,0,0,10.421836,0.248139,0,86.10422,2.233251,0.248139,0.248139
2022-07-15 13:19:42,0,0,10.75,0.25,0,84.5,3.75,0.25,0
2022-07-15 13:19:41,0,0,10.25,0.25,0,85,3,0.5,0.25
2022-07-15 13:19:40,0,0,11.055276,0,0,85.42714,2.261307,0.2512563,0.2512563
2022-07-15 13:19:39,0,0,11.5,0,0,85.25,2.5,0.25,0.25
2022-07-15 13:19:38,0,0,9.547739,0.5025126,0,86.93467,2.261307,0,0.2512563
2022-07-15 13:19:37,0,0,10.776942,0.2506266,0,85.46366,2.506266,0,0.2506266
2022-07-15 13:19:36,0,0,9.476309,0.4987531,0,86.78304,1.995012,0.4987531,0.2493766
2022-07-15 13:19:35,0,0,10.421836,0.248139,0,86.10422,2.977667,0,0
2022-07-15 13:19:34,0,0,10.972569,0.2493766,0,84.53865,3.241895,0.2493766,0
2022-07-15 13:19:33,0,0,11.335013,0.5037783,0,84.88665,2.267003,0.2518892,0.2518892
2022-07-15 13:19:32,0,0,8.77193,0,0,86.71679,3.007519,0,0.2506266
2022-07-15 13:19:31,0,0,10.5,0.5,0,85.75,2.25,0.5,0
2022-07-15 13:19:30,0,0,10.552764,0.2512563,0,85.67839,2.763819,0,0.2512563
2022-07-15 13:19:29,0,0,10.723192,0.2493766,0,85.78554,2.493766,0.2493766,0
2022-07-15 13:19:28,0,0,10.473815,0.2493766,0,86.28429,2.244389,0.2493766,0
2022-07-15 13:19:27,0,0,12.030075,0,0,84.96241,2.506266,0,0.2506266
2022-07-15 13:19:26,0,0,9.571788,0.5037783,0,86.64987,2.015113,0.2518892,0.2518892
2022-07-15 13:19:25,0,0,9.725686,0,0,86.78304,2.493766,0.2493766,0.4987531
2022-07-15 13:19:24,0,0,10.301508,0.2512563,0,86.1809,2.763819,0,0
2022-07-15 13:19:23,0,0,10.972569,0.2493766,0,85.78554,2.244389,0.2493766,0.2493766
2022-07-15 13:19:22,0,0,11.5,0.25,0,84.5,2.75,0.25,0.25
2022-07-15 13:19:21,0,0,12.468828,0.4987531,0,82.29426,2.743142,0.4987531,0.9975062
2022-07-15 13:19:20,0,0,9.319899,0,0,81.10831,3.02267,0.2518892,5.037783
2022-07-15 13:19:19,0,0,3.9801,0.9950249,0,79.35323,2.238806,0,10.447761
2022-07-15 13:19:18,0,0,10.75,0.5,0,83,2.25,0.25,2.5
2022-07-15 13:19:17,0,0,8.148148,0.2469136,0,83.95062,2.716049,0.2469136,3.45679
2022-07-15 13:19:16,0,0,6.699752,0.4962779,0,80.8933,2.729529,0.248139,7.940447
2022-07-15 13:19:15,0,0,4.455446,1.2376238,0,78.46535,2.970297,0,9.653465
2022-07-15 13:19:14,0,0,5.955335,0.4962779,0,79.90074,4.466501,0.4962779,5.707196
2022-07-15 13:19:13,0,0,6.451613,0.4962779,0,80.8933,2.48139,0.248139,6.947891
2022-07-15 13:19:12,0,0,9.20398,0.2487562,0,85.57214,2.736318,0.2487562,1.4925373
2022-07-15 13:19:11,0,0,6.5,0.25,0,85.25,2.25,0,5
2022-07-15 13:19:10,0,0,5.210918,0.4962779,0,83.87097,2.48139,0.248139,6.947891
2022-07-15 13:19:09,0,0,9,0.5,0,86.5,2.5,0,1
2022-07-15 13:19:08,0,0,10,0.25,0,87.5,2,0,0
2022-07-15 13:19:07,0,0,10.552764,0,0,85.92965,2.512563,0.5025126,0
2022-07-15 13:19:06,0,0,10.669975,0.248139,0,86.6005,1.736973,0.4962779,0
2022-07-15 13:19:05,0,0,11.083123,0,0,86.64987,1.763224,0,0.2518892
2022-07-15 13:19:04,0,0,10.5,0.25,0,86,3,0,0
2022-07-15 13:19:03,0,0,11.75,0.5,0,84.25,2.25,0.25,0
2022-07-15 13:19:02,0,0,9.181141,0.248139,0,87.84119,1.736973,0.4962779,0.248139
2022-07-15 13:19:01,0,0,8.838384,0.2525253,0,87.87879,2.020202,0.2525253,0.2525253
2022-07-15 13:19:00,0,0,12.121212,0.2525253,0,85.35354,2.272727,0,0
2022-07-15 13:18:59,0,0,11.471322,0.2493766,0,83.29177,3.491272,0.2493766,0.9975062
2022-07-15 13:18:58,0,0,7.940447,0.7444169,0,82.63027,2.729529,0.248139,3.970223
2022-07-15 13:18:57,0,0,7,0,0,89.25,2.25,0.25,0.5
2022-07-15 13:18:56,0,0,10.447761,0.4975124,0,85.8209,2.238806,0.2487562,0.2487562
2022-07-15 13:18:55,0,0,14.285714,0.5012531,0,81.45363,3.508772,0,0
2022-07-15 13:18:54,0,0,9.823678,0.2518892,0,86.1461,2.770781,0,0.5037783
2022-07-15 13:18:53,0,0,8.148148,0.9876543,0,77.77778,2.962963,0.2469136,9.135802
2022-07-15 13:18:52,0,0,6.388206,0.4914005,0,80.34398,3.685504,0.2457002,6.633907
2022-07-15 13:18:51,0,0,5.75,0.5,0,78.25,3.5,0.25,7.75
2022-07-15 13:18:50,0,0,5.012531,0.5012531,0,79.94987,2.255639,0.5012531,7.769424
2022-07-15 13:18:49,0,0,9.022556,0.5012531,0,85.21303,2.506266,0.2506266,2.255639
2022-07-15 13:18:48,0,0,11,0.25,0,85.25,2.5,0.25,0.25
2022-07-15 13:18:47,0,0,7.654321,0.9876543,0,80.98765,4.197531,0,5.925926
2022-07-15 13:18:46,0,0,6.733167,0.7481297,0,83.54115,2.743142,0.2493766,3.740648
2022-07-15 13:18:45,0,0,7.23192,0.2493766,0,85.28678,1.995012,0.2493766,3.990025
2022-07-15 13:18:44,0,0,10.891089,0.7425743,0,84.15842,2.475248,0,1.4851485
2022-07-15 13:18:43,0,0,7,0.25,0,76.25,2.75,0.25,9.5
2022-07-15 13:18:42,0,0,5.693069,0.4950495,0,79.9505,2.970297,0.2475248,7.425743
2022-07-15 13:18:41,0,0,3,0.75,0,79.75,2,0.25,10
2022-07-15 13:18:40,0,0,10.723192,0.2493766,0,82.04489,3.491272,0,3.241895
2022-07-15 13:18:39,0,0,5.472637,0.2487562,0,89.55224,1.741294,0.4975124,1.741294
2022-07-15 13:18:38,0,0,7.98005,0.4987531,0,85.78554,2.493766,0.2493766,2.244389
2022-07-15 13:18:37,0,0,10.301508,0,0,86.43216,2.763819,0,0.2512563
2022-07-15 13:18:36,0,0,11.25,0.25,0,85,3,0.25,0
2022-07-15 13:18:35,0,0,14,0.5,0,80.75,4,0.25,0
2022-07-15 13:18:34,0,0,7.920792,0.2475248,0,84.40594,1.980198,0.2475248,4.455446
2022-07-15 13:18:33,0,0,10.473815,0.2493766,0,85.78554,2.743142,0.2493766,0.2493766
2022-07-15 13:18:32,0,0,12.935323,0.2487562,0,82.83582,2.487562,0,1.2437811
2022-07-15 13:18:31,0,0,4.477612,0.7462687,0,72.63682,2.736318,0.2487562,11.19403
2022-07-15 13:18:30,0,0,3.45679,0.9876543,0,72.59259,3.45679,0.4938272,13.580247
2022-07-15 13:18:29,0,0,3.241895,0.4987531,0,77.55611,2.493766,0,10.473815
2022-07-15 13:18:28,0,0,6.650246,0.9852217,0,79.31034,2.70936,0.7389163,7.142857
2022-07-15 13:18:27,0,0,3.950617,0.9876543,0,78.2716,2.716049,0.2469136,11.111111
2022-07-15 13:18:26,0,0,8.25,0.75,0,85.5,2.75,0.25,2
2022-07-15 13:18:25,0,0,10.25,0.5,0,81.5,3,0,3.5
2022-07-15 13:18:24,0,0,4.962779,0.4962779,0,81.14144,2.729529,0.248139,8.436725
2022-07-15 13:18:23,0,0,5.555556,0,0,90.40404,2.525253,0.2525253,1.2626263
2022-07-15 13:18:22,0,0,10.526316,0.2506266,0,84.71178,3.508772,0,0.2506266
2022-07-15 13:18:21,0,0,9.848485,0.2525253,0,86.61616,2.020202,0.2525253,0.5050505
2022-07-15 13:18:20,0,0,10.447761,0,0,86.06965,2.736318,0.2487562,0.2487562
2022-07-15 13:18:19,0,0,10.723192,0.4987531,0,85.78554,2.244389,0.2493766,0.2493766
2022-07-15 13:18:18,0,0,11.75,0.25,0,85,2,0,0.25
2022-07-15 13:18:17,0,0,13.25,0,0,82.25,3,0.25,1
2022-07-15 13:18:16,0,0,7.769424,0.2506266,0,87.7193,2.506266,0.2506266,1.0025063
2022-07-15 13:18:15,0,0,8.77193,0.2506266,0,87.21805,2.506266,0,0.7518797
2022-07-15 13:18:14,0,0,10.723192,0.4987531,0,84.0399,4.488778,0,0
2022-07-15 13:18:13,0,0,10.776942,0.5012531,0,84.96241,3.258145,0.2506266,0
2022-07-15 13:18:12,0,0,10.526316,0.2506266,0,85.96491,2.506266,0.2506266,0.2506266
2022-07-15 13:18:11,0,0,12.121212,0,0,83.58586,3.030303,0.2525253,0.2525253
2022-07-15 13:18:10,0,0,12.531328,0.2506266,0,82.45614,3.007519,0.5012531,0.2506266
2022-07-15 13:18:09,0,0,12.468828,0.4987531,0,81.54613,3.990025,0.2493766,0.9975062
2022-07-15 13:18:08,0,0,5.970149,0.2487562,0,75.87065,2.487562,0.4975124,9.701493
2022-07-15 13:18:07,0,0,3.940887,1.4778325,0,75.36946,3.940887,0.4926108,11.330049
2022-07-15 13:18:06,0,0,6.75,0.25,0,81.25,3,0.25,5.25
2022-07-15 13:18:05,0,0,8.536585,1.2195122,0,75.12195,3.170732,0.4878049,8.04878
2022-07-15 13:18:04,0,0,1.741294,1.2437811,0,67.16418,1.741294,0.4975124,20.14925
2022-07-15 13:18:03,0,0,5.985037,0.9975062,0,80.04988,2.493766,0.2493766,8.478803
2022-07-15 13:18:02,0,0,8.542714,0.2512563,0,84.42211,3.015075,0,2.261307
2022-07-15 13:18:01,0,0,7.940447,0.248139,0,83.12655,2.48139,0.4962779,3.970223
2022-07-15 13:18:00,0,0,8.585859,0,0,85.35354,2.272727,0.2525253,3.030303
2022-07-15 13:17:59,0,0,7.286432,0.2512563,0,88.69347,2.261307,0.2512563,0.5025126
2022-07-15 13:17:58,0,0,9.5,0.25,0,84,2.5,0.25,3
2022-07-15 13:17:57,0,0,8.77193,0.2506266,0,87.21805,2.255639,0.2506266,0.5012531
2022-07-15 13:17:56,0,0,10.776942,0.7518797,0,84.71178,3.007519,0.2506266,0
2022-07-15 13:17:55,0,0,10.5,0.25,0,85.75,2.5,0.25,0.25
2022-07-15 13:17:54,0,0,12.5,0.25,0,84,2.75,0,0.25
2022-07-15 13:17:53,0,0,9,0.25,0,87.75,2.25,0,0.25
2022-07-15 13:17:52,0,0,12.311558,0.5025126,0,83.16583,2.763819,0.2512563,0.2512563
2022-07-15 13:17:51,0,0,9.022556,0.2506266,0,87.96992,2.255639,0,0.2506266
2022-07-15 13:17:50,0,0,10.80402,0,0,86.93467,1.758794,0.2512563,0
2022-07-15 13:17:49,0,0,10.526316,0.5012531,0,85.46366,3.007519,0,0
2022-07-15 13:17:48,0,0,11.19403,0.4975124,0,85.07463,2.487562,0.2487562,0.2487562
2022-07-15 13:17:47,0,0,12,0,0,85,2.5,0.25,0
2022-07-15 13:17:46,0,0,9.571788,0.2518892,0,83.87909,3.02267,0,2.770781
2022-07-15 13:17:45,0,0,9.725686,0.4987531,0,87.53117,1.745636,0.2493766,0
2022-07-15 13:17:44,0,0,11.838791,0.2518892,0,85.13854,2.267003,0,0.2518892
2022-07-15 13:17:43,0,0,13.715711,0.2493766,0,81.79551,2.743142,0,0.7481297
2022-07-15 13:17:42,0,0,9.59596,0.2525253,0,82.57576,3.030303,0.5050505,2.777778
2022-07-15 13:17:41,0,0,7.23192,0.4987531,0,85.28678,2.743142,0.2493766,2.992519
2022-07-15 13:17:40,0,0,9.5,0.5,0,83,2.75,0,4
2022-07-15 13:17:39,0,0,7.19603,0.7444169,0,83.12655,2.977667,0.248139,4.71464
2022-07-15 13:17:38,0,0,6.75,0.25,0,90.5,2,0,0.25
2022-07-15 13:17:37,0,0,10.80402,0,0,86.93467,1.758794,0,0
2022-07-15 13:17:36,0,0,11.055276,0.2512563,0,85.67839,2.512563,0.2512563,0
2022-07-15 13:17:35,0,0,12.406948,0.248139,0,84.36725,1.985112,0.248139,0.4962779
2022-07-15 13:17:34,0,0,7.5,0,0,87.25,3,0,1.5
2022-07-15 13:17:33,0,0,10.447761,0.2487562,0,85.8209,2.238806,0.7462687,0.2487562
2022-07-15 13:17:32,0,0,11.898734,0.5063291,0,85.06329,2.531646,0,0
2022-07-15 13:17:31,0,0,14.75,0.25,0,81.5,2.75,0.25,0.25
2022-07-15 13:17:30,0,0,6.532663,0.2512563,0,87.9397,2.01005,0.2512563,2.01005
2022-07-15 13:17:29,0,0,9.42928,0,0,84.61538,2.977667,0.248139,2.233251
2022-07-15 13:17:28,0,0,8.72818,0.2493766,0,86.53367,2.992519,0.2493766,0.2493766
2022-07-15 13:17:27,0,0,10.972569,0.4987531,0,86.28429,1.745636,0.2493766,0
2022-07-15 13:17:26,0,0,10.831234,0.2518892,0,85.64232,2.518892,0.2518892,0.2518892
2022-07-15 13:17:25,0,0,10.696517,0.4975124,0,86.06965,2.238806,0.2487562,0
2022-07-15 13:17:24,0,0,12.030075,0.5012531,0,84.46115,2.005013,0.2506266,0.5012531
2022-07-15 13:17:23,0,0,10.75,0.75,0,83.5,3.25,0.25,0.75
2022-07-15 13:17:22,0,0,9.045226,0,0,87.68844,2.512563,0,0.2512563
2022-07-15 13:17:21,0,0,12.219451,0.2493766,0,80.54863,5.735661,0.2493766,0.4987531
2022-07-15 13:17:20,0,0,12.280702,0,0,82.95739,3.759398,0,0.7518797
2022-07-15 13:17:19,0,0,9.90099,0.2475248,0,82.17822,2.227723,0.4950495,3.217822
2022-07-15 13:17:18,0,0,7.25,0.25,0,84.25,3,0,4.75
2022-07-15 13:17:17,0,0,7.425743,0.4950495,0,80.94059,3.465347,0.4950495,6.188119
2022-07-15 13:17:16,0,0,4.239401,0.2493766,0,84.28928,2.493766,0,6.982544
2022-07-15 13:17:15,0,0,7.98005,0.4987531,0,82.29426,3.241895,0.4987531,4.738155
2022-07-15 13:17:14,0,0,10,0.25,0,86.5,2.5,0,0.25
2022-07-15 13:17:13,0,0,7.286432,0.2512563,0,89.94975,1.758794,0,0.2512563
2022-07-15 13:17:12,0,0,12.060302,0.2512563,0,83.9196,2.763819,0.5025126,0
2022-07-15 13:17:11,0,0,10.025063,0.5012531,0,84.96241,2.255639,0,1.5037594
2022-07-15 13:17:10,0,0,9.5,0.25,0,87.5,2,0.5,0
2022-07-15 13:17:09,0,0,11.027569,0.5012531,0,84.46115,3.007519,0.2506266,0.2506266
2022-07-15 13:17:08,0,0,10.25,0.5,0,84.5,4.5,0,0
2022-07-15 13:17:07,0,0,11.278195,0.5012531,0,84.21053,3.007519,0.2506266,0.2506266
2022-07-15 13:17:06,0,0,10.831234,0.2518892,0,84.63476,2.770781,0.2518892,0.2518892
2022-07-15 13:17:05,0,0,10.75,0.25,0,85.25,2.5,0,0.25
2022-07-15 13:17:04,0,0,9.319899,0,0,87.90932,2.267003,0.2518892,0
2022-07-15 13:17:03,0,0,12,0.5,0,83.75,2.75,0,0
2022-07-15 13:17:02,0,0,14.214464,0.4987531,0,81.04738,2.992519,0.2493766,0.7481297
2022-07-15 13:17:01,0,0,7.142857,0.9852217,0,81.28079,2.955665,0,5.418719
2022-07-15 13:17:00,0,0,5.721393,0.4975124,0,86.81592,2.487562,0,3.233831
2022-07-15 13:16:59,0,0,10.473815,0.2493766,0,83.04239,2.992519,0.2493766,1.745636
2022-07-15 13:16:58,0,0,10,0,0,84.75,2.75,0.25,2
2022-07-15 13:16:57,0,0,7.769424,0.7518797,0,86.96742,1.754386,0.5012531,1.754386
2022-07-15 13:16:56,0,0,10.669975,0.248139,0,80.39702,4.218362,0.4962779,3.225806
2022-07-15 13:16:55,0,0,5.541562,0,0,89.42065,2.267003,0.2518892,2.267003
2022-07-15 13:16:54,0,0,10.123457,0.4938272,0,82.71605,2.962963,0.4938272,2.469136
2022-07-15 13:16:53,0,0,12.121212,0.2525253,0,84.34343,2.020202,0,0.5050505
2022-07-15 13:16:52,0,0,7.730673,0,0,89.02743,2.743142,0,0
2022-07-15 13:16:51,0,0,11.809045,0.5025126,0,83.66834,3.015075,0.2512563,0.2512563
2022-07-15 13:16:50,0,0,15.710723,0.2493766,0,79.30175,3.990025,0.2493766,0.2493766
2022-07-15 13:16:49,0,0,10.025063,0.2506266,0,83.20802,3.258145,0,2.255639
2022-07-15 13:16:48,0,0,6.565657,0.5050505,0,79.0404,3.030303,0.2525253,8.838384
2022-07-15 13:16:47,0,0,7.407407,0.4938272,0,83.95062,2.469136,0.4938272,3.45679
2022-07-15 13:16:46,0,0,5.764411,0.2506266,0,83.9599,2.506266,0,5.012531
2022-07-15 13:16:45,0,0,9.725686,0.4987531,0,84.53865,2.244389,0.4987531,1.745636
2022-07-15 13:16:44,0,0,9.725686,0.2493766,0,86.28429,2.493766,0,1.2468828
2022-07-15 13:16:43,0,0,7.711443,0.2487562,0,83.58209,3.233831,0.2487562,4.228856
2022-07-15 13:16:42,0,0,6.733167,0.4987531,0,80.04988,2.992519,0.4987531,7.23192
2022-07-15 13:16:41,0,0,5.985037,0.4987531,0,82.29426,2.493766,0.2493766,7.23192
2022-07-15 13:16:40,0,0,8.02005,0.2506266,0,83.70927,2.255639,0.2506266,4.761905
2022-07-15 13:16:39,0,0,7.462687,0.4975124,0,87.06468,1.741294,0,2.487562
2022-07-15 13:16:38,0,0,8.229426,0,0,87.03242,2.244389,0.2493766,1.995012
2022-07-15 13:16:37,0,0,9.5,0.5,0,84.25,3.5,0.25,1.75
2022-07-15 13:16:36,0,0,9.296482,0.5025126,0,86.43216,2.512563,0.2512563,0.5025126
2022-07-15 13:16:35,0,0,7.75,0.25,0,86.75,2,0,2.5
2022-07-15 13:16:34,0,0,10.10101,0.5050505,0,85.85859,3.030303,0,0.2525253
2022-07-15 13:16:33,0,0,11.055276,0.2512563,0,84.92462,2.763819,0.5025126,0
2022-07-15 13:16:32,0,0,11.528822,0.5012531,0,83.45865,3.258145,0.2506266,0.2506266
2022-07-15 13:16:31,0,0,10.025063,0.5012531,0,86.46617,2.506266,0,0.2506266
2022-07-15 13:16:30,0,0,10.199005,0,0,86.56716,2.238806,0.2487562,0.2487562
2022-07-15 13:16:29,0,0,9.823678,0.7556675,0,86.1461,2.770781,0,0.2518892
2022-07-15 13:16:28,0,0,10.723192,0.2493766,0,85.53616,2.992519,0.2493766,0
2022-07-15 13:16:27,0,0,12.75,0,0,83,3.25,0.25,0.25
2022-07-15 13:16:26,0,0,11,0.5,0,85.5,2.75,0,0
2022-07-15 13:16:25,0,0,10.723192,0.2493766,0,85.53616,2.244389,0.2493766,0.2493766
2022-07-15 13:16:24,0,0,9.226933,0.2493766,0,85.53616,2.493766,0,2.244389
2022-07-15 13:16:23,0,0,8.955224,0,0,82.58706,3.482587,0.2487562,4.228856
2022-07-15 13:16:22,0,0,8.77193,0.2506266,0,88.22055,1.754386,0.2506266,0.5012531
2022-07-15 13:16:21,0,0,6.483791,0.4987531,0,87.53117,1.995012,0,2.992519
2022-07-15 13:16:20,0,0,8.5,0.25,0,86,2.25,0.25,2.25
2022-07-15 13:16:19,0,0,10.25,0.5,0,84.25,2.75,0.25,1.25
2022-07-15 13:16:18,0,0,8.75,0.25,0,88,2,0.25,0.25
2022-07-15 13:16:17,0,0,10.776942,0.5012531,0,85.46366,2.506266,0.2506266,0
2022-07-15 13:16:16,0,0,10.379747,0.2531646,0,85.06329,3.544304,0,0.2531646
2022-07-15 13:16:15,0,0,10.224439,0.4987531,0,86.53367,2.244389,0.2493766,0
2022-07-15 13:16:14,0,0,10.776942,0.2506266,0,85.21303,2.756892,0.5012531,0.5012531
2022-07-15 13:16:13,0,0,15.461347,0.2493766,0,80.29925,3.241895,0.2493766,0.2493766
2022-07-15 13:16:12,0,0,9.876543,0.4938272,0,82.71605,3.209877,0.2469136,2.469136
2022-07-15 13:16:11,0,0,3.482587,0.4975124,0,86.31841,1.4925373,0,7.711443
2022-07-15 13:16:10,0,0,13.75,0.25,0,82.75,2.5,0.25,0.5
2022-07-15 13:16:09,0,0,8.208955,0.2487562,0,76.36816,2.736318,0.2487562,8.706468
2022-07-15 13:16:08,0,0,5.210918,0.4962779,0,78.16377,1.736973,0.4962779,10.918114
2022-07-15 13:16:07,0,0,8.933002,0.7444169,0,81.14144,1.985112,0,3.970223
2022-07-15 13:16:06,0,0,1.0025063,0.7518797,0,82.95739,1.5037594,0.2506266,9.52381
2022-07-15 13:16:05,0,0,10.5,0.5,0,85.25,3,0,0.25
2022-07-15 13:16:04,0,0,12.935323,0.2487562,0,83.08458,2.985075,0,0.2487562
2022-07-15 13:16:03,0,0,12.437811,0.2487562,0,77.36318,2.487562,0.4975124,4.975124
2022-07-15 13:16:02,0,0,3.482587,0.7462687,0,77.8607,2.238806,0,11.19403
2022-07-15 13:16:01,0,0,9,0.25,0,87,2.25,0,1
2022-07-15 13:16:00,0,0,7.035176,0.2512563,0,89.44724,1.5075377,0.2512563,0.7537688
2022-07-15 13:15:59,0,0,11.25,0,0,86.75,1.75,0,0
2022-07-15 13:15:58,0,0,13.533835,0.2506266,0,82.70677,2.756892,0,0.2506266
2022-07-15 13:15:57,0,0,8.5,0,0,86.75,2.25,0.25,2.25
2022-07-15 13:15:56,0,0,7.23192,0.2493766,0,85.53616,2.743142,0.2493766,3.491272
2022-07-15 13:15:55,0,0,9.571788,0,0,87.40554,2.015113,0,0.2518892
2022-07-15 13:15:54,0,0,9.975062,0.2493766,0,86.53367,2.493766,0.2493766,0
2022-07-15 13:15:53,0,0,10.723192,0.2493766,0,86.28429,2.244389,0.2493766,0
2022-07-15 13:15:52,0,0,10.025063,0.2506266,0,86.46617,2.506266,0.2506266,0.2506266
2022-07-15 13:15:51,0,0,10.723192,0,0,86.28429,2.244389,0,0
2022-07-15 13:15:50,0,0,11.027569,0.5012531,0,85.46366,2.506266,0.2506266,0
2022-07-15 13:15:49,0,0,11.221945,0.2493766,0,84.28928,2.743142,0.2493766,0.4987531
2022-07-15 13:15:48,0,0,8.229426,0.2493766,0,89.02743,1.4962594,0.2493766,0.2493766
2022-07-15 13:15:47,0,0,10.80402,0.2512563,0,86.68342,2.01005,0,0
2022-07-15 13:15:46,0,0,10.80402,0.5025126,0,85.42714,3.015075,0,0
2022-07-15 13:15:45,0,0,14.321608,0.2512563,0,81.40704,2.763819,0.2512563,0.7537688
2022-07-15 13:15:44,0,0,10.864198,0.4938272,0,80.98765,3.45679,0.2469136,2.469136
2022-07-15 13:15:43,0,0,7.389163,0.9852217,0,81.03448,2.70936,0.2463054,6.403941
2022-07-15 13:15:42,0,0,7.035176,0.5025126,0,82.91457,2.512563,0.2512563,5.025126
2022-07-15 13:15:41,0,0,8.415842,0.2475248,0,85.64356,2.475248,0.2475248,2.227723
2022-07-15 13:15:40,0,0,8,0.25,0,84.5,2.5,0.25,3.5
2022-07-15 13:15:39,0,0,10.199005,0.2487562,0,86.56716,2.487562,0.2487562,0.2487562
2022-07-15 13:15:38,0,0,8.208955,0.7462687,0,84.32836,2.238806,0.4975124,2.736318
2022-07-15 13:15:37,0,0,8.910891,0.990099,0,80.19802,2.722772,0.2475248,6.435644
2022-07-15 13:15:36,0,0,5.985037,0.4987531,0,80.798,2.493766,0.2493766,7.98005
2022-07-15 13:15:35,0,0,4.545455,0,0,93.43434,1.767677,0,0
2022-07-15 13:15:34,0,0,11.604938,0.4938272,0,85.67901,1.4814815,0.2469136,0.2469136
2022-07-15 13:15:33,0,0,9.52381,0,0,87.46867,1.5037594,0.2506266,0.5012531
2022-07-15 13:15:32,0,0,11.838791,0.2518892,0,85.13854,2.770781,0,0
2022-07-15 13:15:31,0,0,8.72818,0.4987531,0,86.28429,2.992519,0.2493766,0.2493766
2022-07-15 13:15:30,0,0,11.528822,0.2506266,0,85.96491,2.255639,0,0
2022-07-15 13:15:29,0,0,10.606061,0,0,86.11111,2.020202,0.5050505,0.2525253
2022-07-15 13:15:28,0,0,10.224439,0.2493766,0,86.78304,1.995012,0,0.2493766
2022-07-15 13:15:27,0,0,11.25,0.25,0,86,1.75,0.5,0
2022-07-15 13:15:26,0,0,11.586902,0.2518892,0,84.13098,3.274559,0.2518892,0.2518892
2022-07-15 13:15:25,0,0,12.75,0.5,0,81,2.75,0.5,2.25
2022-07-15 13:15:24,0,0,5.970149,0.2487562,0,81.09453,2.736318,0.2487562,7.462687
2022-07-15 13:15:23,0,0,9.571788,0.2518892,0,82.36776,3.778338,0.2518892,3.02267
2022-07-15 13:15:22,0,0,7,0.5,0,82.75,3,0.25,5
2022-07-15 13:15:21,0,0,7.017544,0,0,87.46867,1.754386,0.2506266,2.506266
2022-07-15 13:15:20,0,0,8.02005,0.2506266,0,88.47118,2.005013,0.5012531,0.5012531
2022-07-15 13:15:19,0,0,12.718204,0,0,77.55611,6.483791,0.2493766,2.493766
2022-07-15 13:15:18,0,0,8.208955,0.7462687,0,82.83582,2.238806,0.2487562,4.228856
2022-07-15 13:15:17,0,0,4.239401,0.2493766,0,92.5187,1.745636,0,0.4987531
2022-07-15 13:15:16,0,0,10.447761,0.2487562,0,85.07463,2.985075,0.2487562,0.2487562
2022-07-15 13:15:15,0,0,12.219451,0.2493766,0,84.78803,2.244389,0,0.4987531
2022-07-15 13:15:14,0,0,10.050251,0.5025126,0,85.17588,3.015075,0.2512563,0.2512563
2022-07-15 13:15:13,0,0,8.955224,0.2487562,0,87.06468,2.238806,0.2487562,0.2487562
2022-07-15 13:15:12,0,0,10.831234,0.5037783,0,86.1461,2.267003,0,0
2022-07-15 13:15:11,0,0,11.75,0.5,0,84,2.5,0.25,0.5
2022-07-15 13:15:10,0,0,13,0.25,0,84.25,2.25,0.25,0
2022-07-15 13:15:09,0,0,8.148148,0.9876543,0,76.2963,2.962963,0,7.654321
2022-07-15 13:15:08,0,0,6.516291,0.2506266,0,85.21303,1.754386,0.5012531,4.260652
2022-07-15 13:15:07,0,0,7.25,0.5,0,83,2.75,0,5.5
2022-07-15 13:15:06,0,0,6.467662,0.2487562,0,89.801,2.238806,0.2487562,0.7462687
2022-07-15 13:15:05,0,0,10.526316,0,0,86.96742,2.255639,0,0
2022-07-15 13:15:04,0,0,10.776942,0.5012531,0,86.21554,2.255639,0.2506266,0
2022-07-15 13:15:03,0,0,11.19403,0,0,85.32338,2.487562,0.2487562,0.2487562
2022-07-15 13:15:02,0,0,9.774436,0.2506266,0,84.71178,2.506266,0.5012531,1.5037594
2022-07-15 13:15:01,0,0,8.521303,0.2506266,0,87.7193,2.255639,0,0.5012531
2022-07-15 13:15:00,0,0,10.526316,0.2506266,0,86.96742,2.005013,0.2506266,0
2022-07-15 13:14:59,0,0,15.288221,0.2506266,0,80.2005,2.756892,0.2506266,0.7518797
2022-07-15 13:14:58,0,0,6.203474,0.248139,0,88.08933,1.4888337,0.4962779,3.225806
2022-07-15 13:14:57,0,0,8.02005,0.2506266,0,84.46115,3.007519,0.5012531,2.756892
2022-07-15 13:14:56,0,0,7.537688,0.5025126,0,85.92965,2.763819,0,2.01005
2022-07-15 13:14:55,0,0,9.476309,0,0,87.78055,1.995012,0.2493766,0.2493766
2022-07-15 13:14:54,0,0,10.473815,0.7481297,0,85.53616,2.244389,0.2493766,0
2022-07-15 13:14:53,0,0,11.586902,0.2518892,0,85.39043,2.015113,0.2518892,0.2518892
2022-07-15 13:14:52,0,0,14.46384,0.4987531,0,80.04988,2.743142,0.2493766,1.4962594
2022-07-15 13:14:51,0,0,3.45679,0.4938272,0,77.03704,2.716049,0.2469136,13.82716
2022-07-15 13:14:50,0,0,6.766917,0.5012531,0,80.45113,2.506266,0.5012531,6.015038
2022-07-15 13:14:49,0,0,4.761905,0.5012531,0,86.71679,2.255639,0,3.508772
2022-07-15 13:14:48,0,0,9.25,0.75,0,87.25,2.75,0,0
2022-07-15 13:14:47,0,0,7.75,0.25,0,86.75,2,0,2.5
2022-07-15 13:14:46,0,0,10.696517,0.4975124,0,86.06965,2.487562,0,0
2022-07-15 13:14:45,0,0,11.586902,0.2518892,0,84.88665,2.518892,0.2518892,0.2518892
2022-07-15 13:14:44,0,0,9.774436,0,0,84.46115,3.007519,0,2.506266
2022-07-15 13:14:43,0,0,9.476309,0.2493766,0,88.02993,1.745636,0,0
2022-07-15 13:14:42,0,0,10.25,0.25,0,85.75,2.75,0.5,0.5
2022-07-15 13:14:41,0,0,11.083123,0.7556675,0,84.88665,2.518892,0,0.2518892
2022-07-15 13:14:40,0,0,10.75,0.5,0,85.25,2.75,0,0
2022-07-15 13:14:39,0,0,11.278195,0.2506266,0,85.71429,2.255639,0.2506266,0
2022-07-15 13:14:38,0,0,9.975062,0,0,86.78304,2.244389,0.2493766,0.2493766
2022-07-15 13:14:37,0,0,10.776942,0.5012531,0,86.46617,2.005013,0,0
2022-07-15 13:14:36,0,0,10.891089,0.4950495,0,84.40594,2.970297,0.2475248,0.2475248
2022-07-15 13:14:35,0,0,9,0.5,0,88,1.75,0.25,0.25
2022-07-15 13:14:34,0,0,11.083123,0.2518892,0,85.64232,2.518892,0.2518892,0
2022-07-15 13:14:33,0,0,12.935323,0.2487562,0,83.08458,3.233831,0.2487562,0.2487562
2022-07-15 13:14:32,0,0,12.311558,0.5025126,0,82.41206,2.763819,0.2512563,1.2562814
2022-07-15 13:14:31,0,0,5.289673,0,0,91.68766,2.015113,0,0.5037783
2022-07-15 13:14:30,0,0,12.686567,0.4975124,0,81.59204,3.731343,0.2487562,0.7462687
2022-07-15 13:14:29,0,0,7.769424,0.2506266,0,86.96742,2.005013,0,2.005013
2022-07-15 13:14:28,0,0,8.291457,0,0,86.93467,1.5075377,0.2512563,2.512563
2022-07-15 13:14:27,0,0,10.776942,0.2506266,0,85.96491,2.506266,0,0.2506266
2022-07-15 13:14:26,0,0,9.75,0.25,0,84.25,2,0.25,2.5
2022-07-15 13:14:25,0,0,11,0,0,86.25,2,0.25,0
2022-07-15 13:14:24,0,0,9.022556,0.5012531,0,87.21805,2.005013,0.2506266,0.5012531
2022-07-15 13:14:23,0,0,10.447761,0.2487562,0,85.57214,2.985075,0.2487562,0.2487562
2022-07-15 13:14:22,0,0,11.19403,0.2487562,0,85.57214,2.487562,0.2487562,0
2022-07-15 13:14:21,0,0,11.167513,0,0,85.27919,2.538071,0,0.2538071
2022-07-15 13:14:20,0,0,9.452736,0.4975124,0,86.56716,2.487562,0.2487562,0.2487562
2022-07-15 13:14:19,0,0,10.5,0.5,0,85.75,3,0,0
2022-07-15 13:14:18,0,0,10.918114,0.248139,0,85.11166,2.729529,0.248139,0.248139
2022-07-15 13:14:17,0,0,11.586902,0.2518892,0,84.63476,3.02267,0.2518892,0
2022-07-15 13:14:16,0,0,9.677419,0.4962779,0,85.3598,2.729529,0,0.7444169
2022-07-15 13:14:15,0,0,11.083123,0.5037783,0,84.88665,2.770781,0,0.2518892
2022-07-15 13:14:14,0,0,11.471322,0.2493766,0,84.28928,2.743142,0,0.4987531
2022-07-15 13:14:13,0,0,9,0.25,0,83.5,3,0.5,3
2022-07-15 13:14:12,0,0,9.296482,0,0,87.9397,2.261307,0,0
2022-07-15 13:14:11,0,0,10.606061,0,0,86.61616,2.020202,0.2525253,0.2525253
2022-07-15 13:14:10,0,0,11.720698,0.4987531,0,84.28928,2.992519,0.2493766,0
2022-07-15 13:14:09,0,0,9.022556,0.2506266,0,87.46867,2.005013,0.2506266,0.5012531
2022-07-15 13:14:08,0,0,10.776942,0.2506266,0,86.21554,2.255639,0,0
2022-07-15 13:14:07,0,0,10.526316,0.5012531,0,86.21554,2.005013,0,0.2506266
2022-07-15 13:14:06,0,0,12.25,0.25,0,84.25,2.5,0.25,0.25
2022-07-15 13:14:05,0,0,10.80402,0.5025126,0,85.67839,2.01005,0.2512563,0.5025126
2022-07-15 13:14:04,0,0,9,0,0,89,1.5,0,0.25
2022-07-15 13:14:03,0,0,11.471322,0.2493766,0,85.28678,1.995012,0.2493766,0
2022-07-15 13:14:02,0,0,9.226933,0.2493766,0,88.02993,1.995012,0,0.2493766
2022-07-15 13:14:01,0,0,11.083123,0.5037783,0,84.13098,2.770781,0.2518892,0.2518892
2022-07-15 13:14:00,0,0,9.5,0.5,0,87.25,2.25,0,0.25
2022-07-15 13:13:59,0,0,10.776942,0.2506266,0,85.71429,3.007519,0.2506266,0
2022-07-15 13:13:58,0,0,11.442786,0.4975124,0,83.83085,2.985075,0.2487562,0.2487562
2022-07-15 13:13:57,0,0,9.571788,0.2518892,0,87.40554,2.518892,0,0
2022-07-15 13:13:56,0,0,12.781955,0.2506266,0,83.20802,3.007519,0.2506266,0.2506266
2022-07-15 13:13:55,0,0,12.718204,0.4987531,0,80.798,2.992519,0.2493766,2.493766
2022-07-15 13:13:54,0,0,7.960199,0.4975124,0,84.0796,1.99005,0.2487562,4.726368
2022-07-15 13:13:53,0,0,6.203474,0.4962779,0,84.11911,1.736973,0.248139,5.707196
2022-07-15 13:13:52,0,0,9.226933,0.2493766,0,84.78803,2.493766,0.2493766,2.244389
2022-07-15 13:13:51,0,0,5.289673,0,0,84.63476,2.267003,0.2518892,5.289673
2022-07-15 13:13:50,0,0,8.845209,0.4914005,0,84.27518,2.702703,0.4914005,2.457002
2022-07-15 13:13:49,0,0,6.532663,0,0,86.68342,2.261307,0.2512563,3.517588
2022-07-15 13:13:48,0,0,8.72818,0.4987531,0,88.02993,2.244389,0.2493766,0
2022-07-15 13:13:47,0,0,10.75,0,0,86.25,2.5,0.25,0.25
2022-07-15 13:13:46,0,0,11.940299,0.2487562,0,83.83085,3.233831,0.2487562,0
2022-07-15 13:13:45,0,0,9.273183,0.2506266,0,87.7193,2.255639,0,0.2506266
2022-07-15 13:13:44,0,0,10.025063,0.5012531,0,86.21554,2.255639,0.2506266,0.2506266
2022-07-15 13:13:43,0,0,11.5,0.5,0,84.5,3,0,0
2022-07-15 13:13:42,0,0,10,0.25,0,86.5,2,0.25,0.25
2022-07-15 13:13:41,0,0,13.715711,0.2493766,0,81.54613,3.241895,0.2493766,0.7481297
2022-07-15 13:13:40,0,0,9.476309,0.7481297,0,81.04738,2.493766,0.2493766,4.738155
2022-07-15 13:13:39,0,0,2.743142,1.2468828,0,71.3217,1.745636,0.2493766,16.708229
2022-07-15 13:13:38,0,0,8.955224,0.4975124,0,85.07463,3.233831,0.2487562,1.4925373
2022-07-15 13:13:37,0,0,9.52381,0.5012531,0,85.21303,2.005013,0.2506266,2.005013
2022-07-15 13:13:36,0,0,8.684864,0.4962779,0,84.36725,3.225806,0,2.729529
2022-07-15 13:13:35,0,0,8.25,0.25,0,86.25,2.25,0.25,2
2022-07-15 13:13:34,0,0,6.218905,0,0,88.55721,2.238806,0.4975124,1.2437811
2022-07-15 13:13:33,0,0,10.050251,0.2512563,0,87.18593,1.758794,0.5025126,0
2022-07-15 13:13:32,0,0,10.80402,0,0,86.1809,2.763819,0,0
2022-07-15 13:13:31,0,0,11,0.25,0,84.25,3,0.25,0.5
2022-07-15 13:13:30,0,0,13.5,0.25,0,82.25,3.25,0.25,0.25
2022-07-15 13:13:29,0,0,10,0,0,85,2.25,0,2.25
2022-07-15 13:13:28,0,0,7.711443,0.9950249,0,81.34328,2.238806,0.4975124,6.218905
2022-07-15 13:13:27,0,0,6.467662,0.4975124,0,83.58209,3.233831,0.2487562,5.223881
2022-07-15 13:13:26,0,0,10.473815,0.2493766,0,81.79551,3.990025,0,2.992519
2022-07-15 13:13:25,0,0,5.459057,0.4962779,0,85.85608,2.48139,0.4962779,4.466501
2022-07-15 13:13:24,0,0,12,1,0,79.75,3.75,0,3
2022-07-15 13:13:23,0,0,9.20398,0.4975124,0,83.58209,2.487562,0.2487562,3.233831
2022-07-15 13:13:22,0,0,1.736973,1.4888337,0,55.83127,1.985112,0,27.79156
2022-07-15 13:13:21,0,0,5.707196,0.9925558,0,74.93797,1.985112,0.248139,11.662531
2022-07-15 13:13:20,0,0,6.04534,0.2518892,0,83.6272,2.770781,0,5.541562
2022-07-15 13:13:19,0,0,6.451613,0.248139,0,89.33002,1.736973,0.248139,1.4888337
2022-07-15 13:13:18,0,0,9.319899,0.5037783,0,88.16121,1.763224,0,0
2022-07-15 13:13:17,0,0,10.972569,0.2493766,0,85.78554,1.995012,0.4987531,0
2022-07-15 13:13:16,0,0,10.447761,0.4975124,0,85.57214,2.238806,0.2487562,0.4975124
2022-07-15 13:13:15,0,0,10.050251,0.2512563,0,86.68342,2.512563,0.2512563,0
2022-07-15 13:13:14,0,0,11.720698,0.2493766,0,83.79052,3.491272,0.2493766,0.2493766
2022-07-15 13:13:13,0,0,9,0.25,0,86.75,2.75,0.25,0.5
2022-07-15 13:13:12,0,0,10.5,0.25,0,85.75,3,0,0
2022-07-15 13:13:11,0,0,12.342569,0,0,81.61209,2.770781,0.2518892,2.267003
2022-07-15 13:13:10,0,0,9.975062,0.2493766,0,82.79302,2.992519,0.4987531,2.992519
2022-07-15 13:13:09,0,0,8.25,0,0,90,1.25,0,0.25
2022-07-15 13:13:08,0,0,12.5,0.75,0,83.5,2.75,0.25,0.25
2022-07-15 13:13:07,0,0,10.173697,0.4962779,0,81.63772,2.48139,0.248139,3.722084
2022-07-15 13:13:06,0,0,5.527638,0.2512563,0,90.20101,1.758794,0.2512563,0.7537688
2022-07-15 13:13:05,0,0,14.427861,0,0,82.33831,2.487562,0,0.4975124
2022-07-15 13:13:04,0,0,7.444169,0.9925558,0,80.8933,2.233251,0.248139,6.203474
2022-07-15 13:13:03,0,0,7.98005,0.9975062,0,77.05736,2.493766,0.2493766,7.23192
2022-07-15 13:13:02,0,0,4.71464,0.4962779,0,77.91563,2.48139,0,9.925558
2022-07-15 13:13:01,0,0,4.260652,0.2506266,0,90.72682,1.754386,0.2506266,1.754386
2022-07-15 13:13:00,0,0,14.888337,0.4962779,0,81.14144,2.977667,0,0.248139
2022-07-15 13:12:59,0,0,8.270677,0.2506266,0,79.69925,3.007519,0,6.015038
2022-07-15 13:12:58,0,0,7.518797,0.5012531,0,81.95489,2.005013,0,5.263158
2022-07-15 13:12:57,0,0,7.75,0.25,0,84.25,2.25,0.25,4.75
2022-07-15 13:12:56,0,0,7.481297,0.4987531,0,88.52868,2.493766,0,0.4987531
2022-07-15 13:12:55,0,0,9.296482,0.2512563,0,86.93467,2.261307,0.2512563,0.7537688
2022-07-15 13:12:54,0,0,7.444169,0.4962779,0,86.10422,2.48139,0.248139,2.48139
2022-07-15 13:12:53,0,0,11.111111,0,0,85.85859,2.525253,0.2525253,0
2022-07-15 13:12:52,0,0,14.427861,0.2487562,0,82.08955,2.736318,0,0.2487562
2022-07-15 13:12:51,0,0,6.982544,0.4987531,0,86.03491,2.244389,0.2493766,3.491272
2022-07-15 13:12:50,0,0,7.19603,0.248139,0,86.35236,2.48139,0.248139,2.977667
2022-07-15 13:12:49,0,0,9.476309,0.2493766,0,86.03491,2.743142,0.2493766,0.9975062
2022-07-15 13:12:48,0,0,9.975062,0.4987531,0,86.28429,2.743142,0.2493766,0
2022-07-15 13:12:47,0,0,9.823678,0.2518892,0,86.39798,2.518892,0.2518892,0
2022-07-15 13:12:46,0,0,10.199005,0.4975124,0,85.57214,2.985075,0.4975124,0.2487562
2022-07-15 13:12:45,0,0,10.606061,0.5050505,0,86.11111,2.020202,0,0
2022-07-15 13:12:44,0,0,12.686567,0.2487562,0,83.83085,2.487562,0.2487562,0.2487562
2022-07-15 13:12:43,0,0,8.706468,0.4975124,0,81.09453,2.985075,0.4975124,4.975124
2022-07-15 13:12:42,0,0,6.766917,0,0,87.7193,2.255639,0,3.007519
2022-07-15 13:12:41,0,0,8.270677,0.5012531,0,86.96742,2.005013,0.2506266,0.7518797
2022-07-15 13:12:40,0,0,13.533835,0.2506266,0,82.20551,3.258145,0.2506266,0.2506266
2022-07-15 13:12:39,0,0,11.720698,0.4987531,0,83.04239,2.992519,0.2493766,0.9975062
2022-07-15 13:12:38,0,0,6.965174,0.9950249,0,80.59701,2.487562,0,6.965174
2022-07-15 13:12:37,0,0,5.012531,0,0,92.98246,1.5037594,0.2506266,0.2506266
2022-07-15 13:12:36,0,0,10.972569,0.4987531,0,84.53865,2.992519,0,0.4987531
2022-07-15 13:12:35,0,0,9.975062,0.2493766,0,86.03491,2.743142,0,0.2493766
2022-07-15 13:12:34,0,0,14.427861,0.4975124,0,81.8408,2.736318,0,0
2022-07-15 13:12:33,0,0,9.725686,0.2493766,0,85.28678,2.493766,0.2493766,1.745636
2022-07-15 13:12:32,0,0,7.769424,0,0,87.96992,2.756892,0,1.2531328
2022-07-15 13:12:31,0,0,5.75,0.5,0,85.5,2.25,0.25,4.75
2022-07-15 13:12:30,0,0,10.050251,0.5025126,0,85.92965,2.512563,0,0.5025126
2022-07-15 13:12:29,0,0,10,0.25,0,87,1.75,0.25,0.25
2022-07-15 13:12:28,0,0,10.5,0,0,86.5,2.75,0,0
2022-07-15 13:12:27,0,0,11.528822,0.5012531,0,84.21053,3.007519,0.2506266,0.2506266
2022-07-15 13:12:26,0,0,10.199005,0.7462687,0,85.57214,2.487562,0,0.4975124
2022-07-15 13:12:25,0,0,10.75,0.25,0,86.5,2,0.25,0
2022-07-15 13:12:24,0,0,9.5,0.5,0,85.75,2.25,0.25,1
2022-07-15 13:12:23,0,0,10.173697,0.248139,0,86.6005,2.48139,0.248139,0
2022-07-15 13:12:22,0,0,11.055276,0.5025126,0,84.92462,3.015075,0.2512563,0
2022-07-15 13:12:21,0,0,10.301508,0.2512563,0,85.67839,2.512563,0,0.2512563
2022-07-15 13:12:20,0,0,14.713217,0,0,81.29676,2.992519,0.4987531,0.2493766
2022-07-15 13:12:19,0,0,9.06801,0.5037783,0,84.88665,2.770781,0,1.763224
2022-07-15 13:12:18,0,0,12.128713,0.2475248,0,81.43564,3.465347,0.2475248,1.980198
2022-07-15 13:12:17,0,0,5.764411,0.5012531,0,86.71679,2.506266,0,3.759398
2022-07-15 13:12:16,0,0,9.5,0.25,0,84.25,2.75,0,3
2022-07-15 13:12:15,0,0,6.532663,0.2512563,0,90.45226,2.261307,0,0.2512563
2022-07-15 13:12:14,0,0,9.62963,0.2469136,0,85.18519,2.469136,0,1.728395
2022-07-15 13:12:13,0,0,15.075377,0.5025126,0,78.39196,4.020101,0.2512563,1.5075377
2022-07-15 13:12:12,0,0,7.23192,0.7481297,0,83.29177,2.743142,0,4.488778
2022-07-15 13:12:11,0,0,5.735661,0.4987531,0,80.54863,2.992519,0.4987531,8.478803
2022-07-15 13:12:10,0,0,7.769424,0.5012531,0,83.20802,2.756892,0.2506266,4.260652
2022-07-15 13:12:09,0,0,8.229426,0.2493766,0,86.53367,2.244389,0.2493766,2.244389
2022-07-15 13:12:08,0,0,7.19603,0,0,85.11166,1.985112,0.248139,3.722084
2022-07-15 13:12:07,0,0,10.447761,0.4975124,0,84.82587,1.741294,0,1.741294
2022-07-15 13:12:06,0,0,7.462687,0,0,84.57711,2.985075,0.2487562,3.482587
2022-07-15 13:12:05,0,0,12.718204,0.4987531,0,82.04489,2.992519,0.2493766,1.2468828
2022-07-15 13:12:04,0,0,5.707196,0.248139,0,83.12655,1.985112,0.248139,6.203474
2022-07-15 13:12:03,0,0,6.5,0.25,0,89.5,2.25,0.25,1
2022-07-15 13:12:02,0,0,12.75,0.25,0,82,3.75,0,0.5
2022-07-15 13:12:01,0,0,9.158416,0.990099,0,76.73267,2.722772,0.2475248,7.920792
2022-07-15 13:12:00,0,0,6.5,0.25,0,87.25,2,0.25,2.25
2022-07-15 13:11:59,0,0,11.25,0.25,0,81.5,3,0.25,2.75
2022-07-15 13:11:58,0,0,6.733167,0.2493766,0,88.77805,1.4962594,0,2.743142
2022-07-15 13:11:57,0,0,8.229426,0.2493766,0,89.02743,1.4962594,0.2493766,0.4987531
2022-07-15 13:11:56,0,0,10.776942,0.2506266,0,84.96241,2.756892,0,0.2506266
2022-07-15 13:11:55,0,0,8.5,0.25,0,86.25,2.5,0,2
2022-07-15 13:11:54,0,0,10.972569,0.2493766,0,85.03741,2.992519,0,0.4987531
2022-07-15 13:11:53,0,0,14.46384,0,0,81.54613,3.491272,0.2493766,0
2022-07-15 13:11:52,0,0,6.516291,0.5012531,0,87.7193,2.255639,0,2.756892
2022-07-15 13:11:51,0,0,7.481297,0.7481297,0,83.54115,2.743142,0,2.743142
2022-07-15 13:11:50,0,0,10.447761,0.2487562,0,86.31841,2.238806,0.2487562,0.2487562
2022-07-15 13:11:49,0,0,8.977556,0.2493766,0,88.2793,1.2468828,0.2493766,0.4987531
2022-07-15 13:11:48,0,0,10.224439,0,0,85.78554,2.743142,0.4987531,0.2493766
2022-07-15 13:11:47,0,0,11.027569,0.2506266,0,85.46366,2.756892,0.2506266,0
2022-07-15 13:11:46,0,0,10.25,0.5,0,86.5,2.25,0.25,0
2022-07-15 13:11:45,0,0,11.442786,0.4975124,0,84.32836,2.985075,0,0.2487562
2022-07-15 13:11:44,0,0,9.848485,0,0,86.86869,2.272727,0,0.7575758
2022-07-15 13:11:43,0,0,9.701493,0.4975124,0,86.31841,2.238806,0.4975124,0.2487562
2022-07-15 13:11:42,0,0,10.301508,0.5025126,0,86.68342,2.01005,0,0
2022-07-15 13:11:41,0,0,10.552764,0.5025126,0,85.42714,2.01005,0.5025126,0.2512563
2022-07-15 13:11:40,0,0,11.083123,0.2518892,0,86.1461,1.763224,0,0.2518892
2022-07-15 13:11:39,0,0,10.301508,0,0,86.93467,2.01005,0.2512563,0.2512563
2022-07-15 13:11:38,0,0,10.972569,0,0,84.78803,2.743142,0.2493766,0.4987531
2022-07-15 13:11:37,0,0,9.296482,0.5025126,0,87.68844,2.01005,0.2512563,0
2022-07-15 13:11:36,0,0,10.473815,0.2493766,0,85.78554,2.244389,0.2493766,0.2493766
2022-07-15 13:11:35,0,0,10.723192,0.4987531,0,86.53367,1.995012,0.2493766,0
2022-07-15 13:11:34,0,0,11.027569,0,0,85.46366,2.506266,0.2506266,0.5012531
2022-07-15 13:11:33,0,0,12.25,0,0,84.25,3.25,0,0
2022-07-15 13:11:32,0,0,6.483791,0.2493766,0,84.53865,2.743142,0.4987531,3.491272
2022-07-15 13:11:31,0,0,9.774436,0.5012531,0,86.71679,2.506266,0,0.2506266
2022-07-15 13:11:30,0,0,10.526316,0,0,86.71679,2.255639,0.2506266,0
2022-07-15 13:11:29,0,0,10.447761,0.2487562,0,86.81592,1.99005,0.2487562,0
2022-07-15 13:11:28,0,0,11.471322,0.2493766,0,84.28928,2.493766,0.2493766,0.4987531
2022-07-15 13:11:27,0,0,10.075567,0.2518892,0,87.65743,1.763224,0.2518892,0
2022-07-15 13:11:26,0,0,9.42928,0.248139,0,84.61538,2.729529,0.4962779,1.985112
2022-07-15 13:11:25,0,0,9.75,0.25,0,87.25,2.5,0.25,0
2022-07-15 13:11:24,0,0,10.831234,0,0,86.1461,2.267003,0,0.2518892
2022-07-15 13:11:23,0,0,10.10101,0.5050505,0,85.85859,2.777778,0.2525253,0
2022-07-15 13:11:22,0,0,13.432836,0.2487562,0,82.83582,2.736318,0.2487562,0.2487562
2022-07-15 13:11:21,0,0,10.199005,0.2487562,0,83.83085,2.736318,0.2487562,1.741294
2022-07-15 13:11:20,0,0,10.776942,0.2506266,0,82.70677,3.759398,0.2506266,1.754386
2022-07-15 13:11:19,0,0,8.72818,0.2493766,0,86.28429,2.493766,0.2493766,1.745636
2022-07-15 13:11:18,0,0,6.483791,0.9975062,0,86.28429,2.244389,0,2.743142
2022-07-15 13:11:17,0,0,12.280702,0.2506266,0,84.46115,2.005013,0.2506266,0.2506266
2022-07-15 13:11:16,0,0,8.684864,0.248139,0,80.64516,2.48139,0.4962779,5.459057
2022-07-15 13:11:15,0,0,7.462687,0.2487562,0,89.30348,1.741294,0,0.4975124
2022-07-15 13:11:14,0,0,11.055276,0.2512563,0,80.90452,3.768844,0.7537688,2.512563
2022-07-15 13:11:13,0,0,9.52381,0,0,87.21805,1.754386,0,1.0025063
2022-07-15 13:11:12,0,0,7.481297,0.4987531,0,80.798,2.244389,0.4987531,6.982544
2022-07-15 13:11:11,0,0,6.203474,0.7444169,0,86.10422,2.48139,0.248139,2.977667
2022-07-15 13:11:10,0,0,10.75,0,0,82,3.5,0,3
2022-07-15 13:11:09,0,0,7.23192,0.9975062,0,83.54115,2.743142,0.2493766,4.738155
2022-07-15 13:11:08,0,0,7.444169,0.248139,0,83.37469,2.233251,0.248139,5.210918
2022-07-15 13:11:07,0,0,7.730673,0.2493766,0,85.03741,2.493766,0.2493766,3.241895
2022-07-15 13:11:06,0,0,5.19802,0.4950495,0,89.85149,1.2376238,0.4950495,2.227723
2022-07-15 13:11:05,0,0,9.296482,0,0,87.68844,2.261307,0.2512563,0
2022-07-15 13:11:04,0,0,12.781955,0.2506266,0,83.20802,3.007519,0,0.2506266
2022-07-15 13:11:03,0,0,8.229426,0.2493766,0,88.2793,1.995012,0.2493766,0.4987531
2022-07-15 13:11:02,0,0,10.050251,0,0,87.18593,1.758794,0,0.2512563
2022-07-15 13:11:01,0,0,10.723192,0.4987531,0,85.28678,2.244389,0.4987531,0.2493766
2022-07-15 13:11:00,0,0,10.526316,0.5012531,0,85.96491,2.506266,0,0.2506266
2022-07-15 13:10:59,0,0,13.098237,0,0,83.87909,2.770781,0,0
2022-07-15 13:10:58,0,0,12.189055,0.7462687,0,80.59701,4.228856,0,0.7462687
2022-07-15 13:10:57,0,0,6.403941,0.7389163,0,77.0936,2.216749,0.4926108,10.344828
2022-07-15 13:10:56,0,0,6.451613,0.4962779,0,86.84864,2.48139,0.248139,2.977667
2022-07-15 13:10:55,0,0,9,0.5,0,78,2,0.5,8.25
2022-07-15 13:10:54,0,0,7.75,0.5,0,86.25,2,0.25,2.75
2022-07-15 13:10:53,0,0,6.451613,0.248139,0,90.81886,1.985112,0,0.248139
2022-07-15 13:10:52,0,0,11.083123,0,0,82.61965,3.274559,0.2518892,1.763224
2022-07-15 13:10:51,0,0,8.77193,0.2506266,0,88.7218,1.754386,0.2506266,0
2022-07-15 13:10:50,0,0,10.473815,0.2493766,0,86.78304,2.244389,0,0
2022-07-15 13:10:49,0,0,10.552764,0,0,86.1809,2.512563,0.2512563,0.2512563
2022-07-15 13:10:48,0,0,10.5,0.5,0,86.25,2.25,0,0
2022-07-15 13:10:47,0,0,11.471322,0,0,85.53616,2.493766,0.2493766,0.2493766
2022-07-15 13:10:46,0,0,10.25,0.5,0,85.25,3,0,0.5
2022-07-15 13:10:45,0,0,9,0,0,86.75,3.25,0,0.5
2022-07-15 13:10:44,0,0,10.224439,0.2493766,0,85.78554,1.995012,0.7481297,0.2493766
2022-07-15 13:10:43,0,0,10.80402,0,0,86.43216,2.261307,0.2512563,0
2022-07-15 13:10:42,0,0,10.25,0.75,0,86.25,2,0,0.25
2022-07-15 13:10:41,0,0,12.75,0.5,0,84,2.5,0,0
2022-07-15 13:10:40,0,0,13.065327,0,0,81.65829,4.020101,0,0.7537688
2022-07-15 13:10:39,0,0,4.455446,0.7425743,0,78.9604,2.227723,0.4950495,10.39604
2022-07-15 13:10:38,0,0,4.444444,0.4938272,0,79.50617,2.222222,0.4938272,9.876543
2022-07-15 13:10:37,0,0,7.286432,0.5025126,0,81.90955,3.015075,0.5025126,5.276382
2022-07-15 13:10:36,0,0,4.785894,0,0,92.69521,1.511335,0,0.5037783
2022-07-15 13:10:35,0,0,12.967581,0.2493766,0,83.79052,2.244389,0,0.4987531
2022-07-15 13:10:34,0,0,7.425743,0.990099,0,86.13861,1.732673,0.2475248,0.4950495
2022-07-15 13:10:33,0,0,7.730673,0.2493766,0,86.28429,2.743142,0.2493766,1.745636
2022-07-15 13:10:32,0,0,10.421836,0,0,86.10422,2.233251,0.4962779,0.248139
2022-07-15 13:10:31,0,0,12.594458,0,0,84.13098,2.518892,0.2518892,0
2022-07-15 13:10:30,0,0,12.219451,0,0,84.53865,2.244389,0.2493766,0.2493766
2022-07-15 13:10:29,0,0,6.982544,0.2493766,0,83.79052,2.992519,0,4.488778
2022-07-15 13:10:28,0,0,7.481297,0.4987531,0,86.53367,2.244389,0.4987531,1.995012
2022-07-15 13:10:27,0,0,7.052897,0.2518892,0,90.6801,1.763224,0,0
2022-07-15 13:10:26,0,0,10.447761,0.4975124,0,86.56716,1.741294,0.2487562,0.2487562
2022-07-15 13:10:25,0,0,10.659898,0,0,86.29442,2.284264,0.2538071,0
2022-07-15 13:10:24,0,0,11.471322,0.2493766,0,84.53865,2.992519,0.2493766,0.2493766
2022-07-15 13:10:23,0,0,11.25,0.25,0,83.25,4,0,0.5
2022-07-15 13:10:22,0,0,8,0.25,0,87.5,1.25,0.25,2.25
2022-07-15 13:10:21,0,0,10.025063,0,0,86.21554,2.255639,0.5012531,0
2022-07-15 13:10:20,0,0,10.945274,0.4975124,0,85.32338,2.487562,0.2487562,0.2487562
2022-07-15 13:10:19,0,0,10.301508,0.5025126,0,85.67839,2.763819,0.2512563,0
2022-07-15 13:10:18,0,0,13,0,0,83.5,3.25,0,0.25
2022-07-15 13:10:17,0,0,9.181141,0,0,83.37469,3.225806,0.4962779,2.977667
2022-07-15 13:10:16,0,0,10.831234,0,0,85.89421,2.770781,0,0
2022-07-15 13:10:15,0,0,13.216958,0.4987531,0,83.29177,2.493766,0.2493766,0.2493766
2022-07-15 13:10:14,0,0,4.488778,0,0,91.5212,1.4962594,0.2493766,2.244389
2022-07-15 13:10:13,0,0,10.025063,0.2506266,0,86.71679,2.255639,0.2506266,0.2506266
2022-07-15 13:10:12,0,0,11.881188,0.2475248,0,83.91089,2.722772,0.2475248,0.2475248
2022-07-15 13:10:11,0,0,10.050251,0,0,86.43216,2.261307,0,0.5025126
2022-07-15 13:10:10,0,0,9.319899,0,0,87.90932,2.015113,0.2518892,0.2518892
2022-07-15 13:10:09,0,0,10.148515,0.2475248,0,86.63366,1.980198,0.2475248,0.2475248
2022-07-15 13:10:08,0,0,12.25,0.25,0,85,2,0.25,0
2022-07-15 13:10:07,0,0,11.027569,0.5012531,0,82.70677,3.007519,0.2506266,2.255639
2022-07-15 13:10:06,0,0,10.723192,0.2493766,0,84.0399,2.743142,0.2493766,1.4962594
2022-07-15 13:10:05,0,0,4.987531,0.4987531,0,84.28928,2.244389,0.2493766,5.236908
2022-07-15 13:10:04,0,0,7,0.5,0,84.75,2.25,0.25,4.5
2022-07-15 13:10:03,0,0,10.25,0.25,0,86.25,2.5,0,0.25
2022-07-15 13:10:02,0,0,10.776942,0.2506266,0,85.96491,2.506266,0.2506266,0
2022-07-15 13:10:01,0,0,11.471322,0.2493766,0,84.78803,2.244389,0.2493766,0.2493766
2022-07-15 13:10:00,0,0,10.025063,0,0,85.71429,3.007519,0.5012531,0.2506266
2022-07-15 13:09:59,0,0,10.25,0.25,0,86,2.5,0,0.25
2022-07-15 13:09:58,0,0,9.975062,0.2493766,0,86.03491,3.241895,0.2493766,0
2022-07-15 13:09:57,0,0,10.25,0.5,0,86.25,2,0.25,0.25
2022-07-15 13:09:56,0,0,10.579345,0.2518892,0,86.90176,2.015113,0,0
2022-07-15 13:09:55,0,0,14.46384,0,0,81.04738,3.740648,0.2493766,0.2493766
2022-07-15 13:09:54,0,0,9.75,0.5,0,77.5,2.25,0.5,6
2022-07-15 13:09:53,0,0,4.668305,0.982801,0,76.65848,2.702703,0.2457002,10.565111
2022-07-15 13:09:52,0,0,6.699752,0.248139,0,83.87097,2.729529,0.248139,4.962779
2022-07-15 13:09:51,0,0,7.75,0.75,0,86.25,2.25,0,2.5
2022-07-15 13:09:50,0,0,8.977556,0.4987531,0,86.53367,1.745636,0.2493766,1.4962594
2022-07-15 13:09:49,0,0,9.226933,0.2493766,0,85.78554,2.493766,0.2493766,0.9975062
2022-07-15 13:09:48,0,0,10.80402,0.5025126,0,80.65327,3.015075,0.2512563,2.01005
2022-07-15 13:09:47,0,0,8.229426,0,0,85.28678,2.743142,0,2.493766
2022-07-15 13:09:46,0,0,5.012531,0,0,92.98246,1.5037594,0.2506266,0.2506266
2022-07-15 13:09:45,0,0,10.723192,0.4987531,0,85.28678,2.743142,0.2493766,0
2022-07-15 13:09:44,0,0,10.723192,0.2493766,0,85.53616,2.992519,0,0.2493766
2022-07-15 13:09:43,0,0,11.528822,0.2506266,0,84.71178,3.007519,0.2506266,0.2506266
2022-07-15 13:09:42,0,0,10.353535,0,0,85.85859,2.525253,0.2525253,0.5050505
2022-07-15 13:09:41,0,0,10.891089,0.2475248,0,83.66337,2.722772,0.2475248,0.990099
2022-07-15 13:09:40,0,0,8.25,0.5,0,87,2.5,0.5,0.25
2022-07-15 13:09:39,0,0,10.75,0.25,0,86,2.25,0,0.5
2022-07-15 13:09:38,0,0,11.528822,0.5012531,0,83.9599,3.258145,0.2506266,0
2022-07-15 13:09:37,0,0,11.138614,0.4950495,0,84.15842,2.475248,0.4950495,0.4950495
2022-07-15 13:09:36,0,0,8.542714,0.5025126,0,87.9397,2.01005,0.2512563,0.2512563
2022-07-15 13:09:35,0,0,10.579345,0.5037783,0,85.89421,2.267003,0.2518892,0
2022-07-15 13:09:34,0,0,10.776942,0.2506266,0,86.46617,1.754386,0.2506266,0.2506266
2022-07-15 13:09:33,0,0,15.577889,0.2512563,0,80.90452,2.763819,0,0
2022-07-15 13:09:32,0,0,8.521303,0.2506266,0,85.96491,2.255639,0.2506266,2.255639
2022-07-15 13:09:31,0,0,8.02005,0.2506266,0,87.46867,3.007519,0.2506266,0.2506266
2022-07-15 13:09:30,0,0,9.75,0.25,0,86,3,0,0.5
2022-07-15 13:09:29,0,0,10.5,0.25,0,84.5,3.25,0.25,0.5
2022-07-15 13:09:28,0,0,12.871287,0.4950495,0,84.40594,1.732673,0.2475248,0.2475248
2022-07-15 13:09:27,0,0,12.280702,0.7518797,0,83.20802,2.506266,0.2506266,0.7518797
2022-07-15 13:09:26,0,0,5.693069,0.2475248,0,90.34653,2.475248,0.2475248,0.7425743
2022-07-15 13:09:25,0,0,10.526316,0.2506266,0,83.45865,3.258145,0.2506266,2.005013
2022-07-15 13:09:24,0,0,8.080808,0.2525253,0,88.13131,2.525253,0,0.5050505
2022-07-15 13:09:23,0,0,10.75,0.25,0,85.75,2.5,0.25,0
2022-07-15 13:09:22,0,0,10.526316,0.2506266,0,85.46366,3.258145,0.2506266,0
2022-07-15 13:09:21,0,0,10.473815,0.2493766,0,86.28429,1.995012,0.2493766,0.2493766
2022-07-15 13:09:20,0,0,11.5,0.5,0,84.25,3,0.25,0
2022-07-15 13:09:19,0,0,10.025063,0.2506266,0,85.71429,2.756892,0,0.2506266
2022-07-15 13:09:18,0,0,11.616162,0.2525253,0,85.85859,1.767677,0,0.2525253
2022-07-15 13:09:17,0,0,8.977556,0.2493766,0,86.03491,3.241895,0,0.4987531
2022-07-15 13:09:16,0,0,10.696517,0.2487562,0,85.57214,2.736318,0.2487562,0.2487562
2022-07-15 13:09:15,0,0,11.25,0.25,0,85.25,3,0,0
2022-07-15 13:09:14,0,0,12.219451,0.2493766,0,84.28928,2.992519,0,0.2493766
2022-07-15 13:09:13,0,0,9.52381,0,0,84.21053,3.007519,0.2506266,2.005013
2022-07-15 13:09:12,0,0,10.723192,0.2493766,0,83.29177,3.990025,0,1.4962594
2022-07-15 13:09:11,0,0,10.050251,0.5025126,0,84.42211,3.015075,0.2512563,1.0050251
2022-07-15 13:09:10,0,0,6.947891,0,0,86.6005,2.233251,0.248139,3.225806
2022-07-15 13:09:09,0,0,13.613861,0.4950495,0,79.45545,2.970297,0,1.980198
2022-07-15 13:09:08,0,0,4.761905,0.5012531,0,77.19298,2.255639,0.2506266,10.275689
2022-07-15 13:09:07,0,0,5.185185,0.7407407,0,76.2963,2.469136,0.2469136,10.617284
2022-07-15 13:09:06,0,0,6.733167,0.2493766,0,81.79551,2.992519,0.4987531,5.486284
2022-07-15 13:09:05,0,0,6.218905,0.9950249,0,80.0995,2.487562,0,6.467662
2022-07-15 13:09:04,0,0,5.445545,0.7425743,0,78.71287,3.465347,0.2475248,9.405941
2022-07-15 13:09:03,0,0,8.72818,0.4987531,0,83.54115,2.992519,0.2493766,2.992519
2022-07-15 13:09:02,0,0,4.466501,0.4962779,0,79.65261,2.729529,0.4962779,10.421836
2022-07-15 13:09:01,0,0,5.735661,0.7481297,0,85.03741,2.743142,0,3.990025
2022-07-15 13:09:00,0,0,12.531328,0.5012531,0,83.70927,2.506266,0.2506266,0.2506266
2022-07-15 13:08:59,0,0,4.889976,1.2224939,0,77.99511,2.200489,0,10.513447
2022-07-15 13:08:58,0,0,6.766917,0.2506266,0,85.46366,2.255639,0.2506266,4.511278
2022-07-15 13:08:57,0,0,6.5,0,0,84,2.75,0.25,5.75
2022-07-15 13:08:56,0,0,7.481297,0.2493766,0,89.27681,2.244389,0.2493766,0.2493766
2022-07-15 13:08:55,0,0,8.977556,0.2493766,0,87.2818,2.244389,0,0.4987531
2022-07-15 13:08:54,0,0,12.967581,0.4987531,0,83.79052,2.244389,0.4987531,0
2022-07-15 13:08:53,0,0,10.353535,0,0,82.32323,3.787879,0.2525253,3.030303
2022-07-15 13:08:52,0,0,8.188586,0.7444169,0,82.87841,2.977667,0.248139,4.218362
2022-07-15 13:08:51,0,0,8.415842,0.2475248,0,81.43564,3.217822,0.2475248,5.19802
2022-07-15 13:08:50,0,0,5.693069,1.2376238,0,81.68317,2.970297,0.2475248,5.693069
2022-07-15 13:08:49,0,0,8.542714,0,0,84.67337,2.763819,0.2512563,2.512563
2022-07-15 13:08:48,0,0,10.39604,0.4950495,0,84.40594,2.227723,0.2475248,1.980198
2022-07-15 13:08:47,0,0,7.19603,0.4962779,0,79.90074,2.977667,0.248139,7.444169
2022-07-15 13:08:46,0,0,6.982544,0.2493766,0,84.0399,3.241895,0.2493766,3.990025
2022-07-15 13:08:45,0,0,8.457711,0.7462687,0,82.58706,2.985075,0.2487562,3.482587
2022-07-15 13:08:44,0,0,5.486284,0.4987531,0,78.80299,4.239401,0,9.476309
2022-07-15 13:08:43,0,0,5.378973,1.2224939,0,78.48411,3.178484,0.2444988,9.046455
2022-07-15 13:08:42,0,0,7.017544,0.5012531,0,82.95739,2.506266,0.5012531,5.263158
2022-07-15 13:08:41,0,0,5.970149,0.2487562,0,85.8209,2.238806,0.2487562,3.731343
2022-07-15 13:08:40,0,0,10.421836,0.4962779,0,82.87841,2.977667,0.248139,2.233251
2022-07-15 13:08:39,0,0,8.25,0,0,89,2,0,0.5
2022-07-15 13:08:38,0,0,9.226933,0.4987531,0,82.54364,2.992519,0.2493766,3.990025
2022-07-15 13:08:37,0,0,10.776942,0,0,83.70927,2.506266,0.5012531,1.754386
2022-07-15 13:08:36,0,0,11.528822,0.2506266,0,83.9599,4.010025,0,0.2506266
2022-07-15 13:08:35,0,0,7.035176,0.2512563,0,83.16583,2.261307,0.2512563,6.532663
2022-07-15 13:08:34,0,0,6.982544,0.2493766,0,85.28678,2.493766,0.2493766,3.241895
2022-07-15 13:08:33,0,0,6.716418,0,0,85.32338,1.99005,0.2487562,5.223881
2022-07-15 13:08:32,0,0,9.158416,0.990099,0,81.68317,2.970297,0.2475248,3.960396
2022-07-15 13:08:31,0,0,6.516291,0.2506266,0,88.22055,2.005013,0,1.754386
2022-07-15 13:08:30,0,0,10.696517,0,0,87.06468,1.741294,0.2487562,0
2022-07-15 13:08:29,0,0,10.75,0.5,0,85.75,2.75,0,0
2022-07-15 13:08:28,0,0,10.858586,0,0,84.59596,3.282828,0.2525253,0.5050505
2022-07-15 13:08:27,0,0,12.531328,0.2506266,0,84.71178,1.754386,0.2506266,0.2506266
2022-07-15 13:08:26,0,0,7.389163,0.2463054,0,82.51232,4.187192,0.2463054,4.679803
2022-07-15 13:08:25,0,0,12.373737,0.2525253,0,83.58586,3.282828,0.2525253,0
2022-07-15 13:08:24,0,0,10.447761,0.2487562,0,81.59204,2.736318,0.2487562,3.731343
2022-07-15 13:08:23,0,0,9.158416,0.7425743,0,81.93069,2.970297,0,4.207921
2022-07-15 13:08:22,0,0,5.223881,0.4975124,0,76.36816,2.985075,0.2487562,9.701493
2022-07-15 13:08:21,0,0,4.25,0.25,0,92.75,2,0,0.25
2022-07-15 13:08:20,0,0,12.781955,0.5012531,0,80.2005,3.258145,0.5012531,1.2531328
2022-07-15 13:08:19,0,0,9.226933,0.2493766,0,87.03242,2.493766,0.2493766,0.2493766
2022-07-15 13:08:18,0,0,13.399504,0.9925558,0,78.16377,4.962779,0.248139,1.4888337
2022-07-15 13:08:17,0,0,7.26817,0.2506266,0,81.70426,2.506266,0.2506266,5.513784
2022-07-15 13:08:16,0,0,4.71464,0.7444169,0,83.87097,2.729529,0,6.699752
2022-07-15 13:08:15,0,0,9,0.25,0,87,2.25,0.25,1
2022-07-15 13:08:14,0,0,7.75,0.5,0,85,3,0.25,3
2022-07-15 13:08:13,0,0,7.98005,0,0,88.2793,2.493766,0.2493766,0.2493766
2022-07-15 13:08:12,0,0,15.656566,0.2525253,0,81.56566,2.525253,0,0
2022-07-15 13:08:11,0,0,8.977556,0.7481297,0,83.04239,2.493766,0.2493766,3.491272
2022-07-15 13:08:10,0,0,6.435644,1.2376238,0,81.18812,2.475248,0.2475248,7.178218
2022-07-15 13:08:09,0,0,10.447761,0.2487562,0,83.33333,3.482587,0,1.99005
2022-07-15 13:08:08,0,0,5.970149,0.7462687,0,82.33831,1.741294,0.4975124,6.965174
2022-07-15 13:08:07,0,0,7,0.25,0,87.75,2.25,0.25,2.25
2022-07-15 13:08:06,0,0,9.476309,0.2493766,0,86.53367,2.244389,0,0.9975062
2022-07-15 13:08:05,0,0,10.776942,0.2506266,0,85.71429,3.007519,0,0
2022-07-15 13:08:04,0,0,12.219451,0,0,83.04239,3.241895,0.4987531,0.2493766
2022-07-15 13:08:03,0,0,8.977556,0.2493766,0,86.78304,3.491272,0.2493766,0
2022-07-15 13:08:02,0,0,13.18408,0.7462687,0,80.34826,3.233831,0.4975124,1.4925373
2022-07-15 13:08:01,0,0,6,0.25,0,90,3,0,0.25
2022-07-15 13:08:00,0,0,10.473815,0.2493766,0,85.78554,2.743142,0.2493766,0.2493766
2022-07-15 13:07:59,0,0,10.579345,0,0,86.90176,1.763224,0.2518892,0
2022-07-15 13:07:58,0,0,10.579345,0.2518892,0,85.89421,2.770781,0,0
2022-07-15 13:07:57,0,0,13,0.5,0,83,3,0.25,0
2022-07-15 13:07:56,0,0,12.219451,0.2493766,0,82.79302,2.743142,0.4987531,0.4987531
2022-07-15 13:07:55,0,0,8.542714,0,0,85.17588,3.015075,0.2512563,2.512563
2022-07-15 13:07:54,0,0,7.769424,0,0,89.47368,2.005013,0.2506266,0.2506266
2022-07-15 13:07:53,0,0,12.468828,0.4987531,0,82.79302,3.740648,0,0.2493766
2022-07-15 13:07:52,0,0,9.181141,0.248139,0,80.14888,2.233251,0.248139,5.955335
2022-07-15 13:07:51,0,0,4.488778,0.2493766,0,90.77307,1.4962594,0,1.4962594
2022-07-15 13:07:50,0,0,11.809045,0.2512563,0,84.92462,2.261307,0.2512563,0.2512563
2022-07-15 13:07:49,0,0,10.224439,0.2493766,0,87.2818,1.745636,0.2493766,0
2022-07-15 13:07:48,0,0,11.386139,0.2475248,0,83.16832,3.217822,0.2475248,0.990099
2022-07-15 13:07:47,0,0,10.275689,0.2506266,0,83.9599,2.756892,0.5012531,1.754386
2022-07-15 13:07:46,0,0,8.25,0.25,0,84.25,4.5,0,2.25
2022-07-15 13:07:45,0,0,6.666667,0.7407407,0,80.98765,2.222222,0.4938272,6.91358
2022-07-15 13:07:44,0,0,11.471322,0.2493766,0,83.79052,2.992519,0.2493766,0.4987531
2022-07-15 13:07:43,0,0,4.975124,0.2487562,0,80.0995,1.99005,0.2487562,9.701493
2022-07-15 13:07:42,0,0,6,0.5,0,78.25,2,0,9.5
2022-07-15 13:07:41,0,0,7.75,0,0,88,2,0,2
2022-07-15 13:07:40,0,0,9.06801,0.5037783,0,77.07809,2.770781,0,5.289673
2022-07-15 13:07:39,0,0,8.128079,0.2463054,0,85.71429,2.463054,0.2463054,2.70936
2022-07-15 13:07:38,0,0,7.575758,0,0,88.13131,3.282828,0,0.5050505
2022-07-15 13:07:37,0,0,9,0,0,84.75,3.25,0.5,2
2022-07-15 13:07:36,0,0,9.5,0.25,0,87,2,0.25,0.25
2022-07-15 13:07:35,0,0,10.723192,0.4987531,0,85.28678,2.992519,0.2493766,0
2022-07-15 13:07:34,0,0,12.626263,0,0,83.83838,2.777778,0,0.2525253
2022-07-15 13:07:33,0,0,8,0,0,88.25,2.25,0.5,0.25
2022-07-15 13:07:32,0,0,10.447761,0.2487562,0,85.8209,2.736318,0.2487562,0
2022-07-15 13:07:31,0,0,10.275689,0.2506266,0,85.46366,3.007519,0,0.2506266
2022-07-15 13:07:30,0,0,12.311558,0.2512563,0,84.67337,2.261307,0.5025126,0
2022-07-15 13:07:29,0,0,14.5,0.25,0,81,2.5,0,1
2022-07-15 13:07:28,0,0,5.896806,1.2285012,0,77.14988,1.965602,0.7371007,10.565111
2022-07-15 13:07:27,0,0,5.025126,0.5025126,0,90.70352,1.758794,0.2512563,1.0050251
2022-07-15 13:07:26,0,0,10.025063,0,0,86.21554,2.506266,0.5012531,0.2506266
2022-07-15 13:07:25,0,0,8.270677,0,0,84.96241,3.508772,0.2506266,2.506266
2022-07-15 13:07:24,0,0,10.275689,0.2506266,0,86.96742,2.005013,0,0.2506266
2022-07-15 13:07:23,0,0,10.526316,0.5012531,0,85.96491,2.255639,0,0.2506266
2022-07-15 13:07:22,0,0,12.437811,0.4975124,0,81.8408,3.233831,0.2487562,0.7462687
2022-07-15 13:07:21,0,0,8.291457,0.2512563,0,88.94472,2.01005,0,0
2022-07-15 13:07:20,0,0,10.776942,1.0025063,0,85.21303,2.255639,0.2506266,0.2506266
2022-07-15 13:07:19,0,0,12.5,0.25,0,84,2.75,0.25,0.25
2022-07-15 13:07:18,0,0,8.955224,0.4975124,0,82.33831,3.9801,0.2487562,3.731343
2022-07-15 13:07:17,0,0,7.537688,0.2512563,0,86.68342,2.01005,0,2.512563
2022-07-15 13:07:16,0,0,7.21393,0.2487562,0,86.81592,2.238806,0.2487562,2.238806
2022-07-15 13:07:15,0,0,10.80402,0.5025126,0,85.92965,2.261307,0.2512563,0
2022-07-15 13:07:14,0,0,12.030075,0.5012531,0,83.70927,3.007519,0.2506266,0.2506266
2022-07-15 13:07:13,0,0,9.226933,0,0,87.2818,2.493766,0,0.2493766
2022-07-15 13:07:12,0,0,10.5,0.75,0,85.75,2.5,0.25,0
2022-07-15 13:07:11,0,0,12.060302,0.2512563,0,84.67337,2.01005,0,0.5025126
2022-07-15 13:07:10,0,0,9.75,0.75,0,85.25,2.25,0.25,0.25
2022-07-15 13:07:09,0,0,12.846348,0.2518892,0,83.87909,2.267003,0.2518892,0.2518892
2022-07-15 13:07:08,0,0,7.19603,0.248139,0,90.07444,1.736973,0.248139,0.248139
2022-07-15 13:07:07,0,0,10.75,0.25,0,85,3,0.5,0.25
2022-07-15 13:07:06,0,0,10.723192,0.2493766,0,85.78554,2.493766,0.2493766,0
2022-07-15 13:07:05,0,0,12.342569,0.2518892,0,85.13854,1.763224,0.2518892,0
2022-07-15 13:07:04,0,0,9.476309,0.4987531,0,86.53367,2.493766,0.2493766,0.4987531
2022-07-15 13:07:03,0,0,11.5,0.25,0,85.25,2,0.5,0.25
2022-07-15 13:07:02,0,0,11.055276,0.2512563,0,83.41709,3.266332,0,1.758794
2022-07-15 13:07:01,0,0,7.730673,0,0,88.77805,1.2468828,0.7481297,0.7481297
2022-07-15 13:07:00,0,0,10.918114,0.248139,0,85.3598,2.729529,0,0.248139
2022-07-15 13:06:59,0,0,12.81407,0.2512563,0,83.9196,2.261307,0,0.2512563
2022-07-15 13:06:58,0,0,7.75,0.25,0,88.25,2,0.25,0.25
2022-07-15 13:06:57,0,0,11.027569,0,0,86.71679,1.754386,0,0.2506266
2022-07-15 13:06:56,0,0,11,0.25,0,85.75,2.25,0.5,0
2022-07-15 13:06:55,0,0,10.275689,0.2506266,0,85.71429,2.756892,0.2506266,0.2506266
2022-07-15 13:06:54,0,0,10.606061,0,0,86.61616,2.525253,0,0
2022-07-15 13:06:53,0,0,11.940299,0.2487562,0,84.82587,2.238806,0.2487562,0.2487562
2022-07-15 13:06:52,0,0,9.296482,0.5025126,0,86.93467,2.512563,0.2512563,0.2512563
2022-07-15 13:06:51,0,0,10.579345,0.5037783,0,86.1461,2.015113,0.2518892,0
2022-07-15 13:06:50,0,0,11.19403,0,0,85.57214,2.487562,0.2487562,0
2022-07-15 13:06:49,0,0,9.52381,0.5012531,0,84.96241,2.506266,0.2506266,1.2531328
2022-07-15 13:06:48,0,0,11.691542,0.2487562,0,84.57711,2.985075,0.2487562,0
2022-07-15 13:06:47,0,0,9.52381,0,0,85.71429,3.258145,0.2506266,0.5012531
2022-07-15 13:06:46,0,0,9.5,0.25,0,86.75,2.5,0.5,0
2022-07-15 13:06:45,0,0,10.858586,0.2525253,0,85.60606,2.777778,0,0.2525253
2022-07-15 13:06:44,0,0,10.723192,0.7481297,0,85.03741,2.493766,0.4987531,0.2493766
2022-07-15 13:06:43,0,0,10.75,0,0,86.5,2.5,0,0
2022-07-15 13:06:42,0,0,10.918114,0,0,85.11166,2.977667,0.4962779,0.4962779
2022-07-15 13:06:41,0,0,11.111111,0.2525253,0,84.59596,2.777778,0,0.2525253
2022-07-15 13:06:40,0,0,9.25,0,0,88.5,1.75,0.25,0
2022-07-15 13:06:39,0,0,11,0.25,0,85,3,0,0.25
2022-07-15 13:06:38,0,0,12.846348,0,0,83.37531,3.274559,0.2518892,0
2022-07-15 13:06:37,0,0,11.586902,0.2518892,0,81.86398,3.02267,0,2.518892
2022-07-15 13:06:36,0,0,7.389163,0.7389163,0,81.28079,2.463054,0.4926108,6.403941
2022-07-15 13:06:35,0,0,6.265664,0.2506266,0,88.47118,1.754386,0,2.255639
2022-07-15 13:06:34,0,0,9.5,0,0,87.75,2,0.25,0.25
2022-07-15 13:06:33,0,0,10.80402,0.5025126,0,85.17588,2.763819,0,0.2512563
2022-07-15 13:06:32,0,0,12.686567,0.2487562,0,83.33333,2.736318,0.2487562,0.2487562
2022-07-15 13:06:31,0,0,12.311558,0,0,83.41709,3.015075,0.7537688,0.2512563
2022-07-15 13:06:30,0,0,8.77193,0.7518797,0,83.70927,2.506266,0.2506266,3.258145
2022-07-15 13:06:29,0,0,7.711443,0.4975124,0,79.35323,2.238806,0.2487562,7.462687
2022-07-15 13:06:28,0,0,6.982544,0.2493766,0,83.04239,2.244389,0,5.985037
2022-07-15 13:06:27,0,0,11.471322,0.2493766,0,82.54364,2.244389,0.2493766,1.745636
2022-07-15 13:06:26,0,0,2.970297,0.7425743,0,67.32673,2.722772,0.7425743,18.31683
2022-07-15 13:06:25,0,0,7.940447,0.7444169,0,85.3598,2.233251,0.248139,2.977667
2022-07-15 13:06:24,0,0,7.19603,0.7444169,0,82.38213,1.985112,0.248139,6.699752
2022-07-15 13:06:23,0,0,9.701493,0.2487562,0,84.57711,2.985075,0.2487562,1.2437811
2022-07-15 13:06:22,0,0,9.774436,0.2506266,0,82.95739,2.255639,0.2506266,3.258145
2022-07-15 13:06:21,0,0,6.467662,0.4975124,0,81.09453,2.985075,0,6.218905
2022-07-15 13:06:20,0,0,7.017544,0,0,83.70927,2.506266,0.2506266,5.764411
2022-07-15 13:06:19,0,0,9.42928,0.248139,0,86.84864,1.985112,0.4962779,0.7444169
2022-07-15 13:06:18,0,0,8.02005,0.5012531,0,86.71679,2.756892,0.2506266,1.5037594
2022-07-15 13:06:17,0,0,12.5,0,0,82.75,3.25,0,1.25
2022-07-15 13:06:16,0,0,6.265664,0.5012531,0,80.95238,2.756892,0,7.017544
2022-07-15 13:06:15,0,0,7.692308,0.248139,0,83.12655,3.473945,0.248139,4.218362
2022-07-15 13:06:14,0,0,7.98005,0.4987531,0,81.79551,3.241895,0.2493766,4.987531
2022-07-15 13:06:13,0,0,7.730673,0.2493766,0,85.28678,2.244389,0.2493766,3.491272
2022-07-15 13:06:12,0,0,8.02005,0.5012531,0,83.70927,2.756892,0.5012531,3.007519
2022-07-15 13:06:11,0,0,8.564232,0.2518892,0,85.89421,3.02267,0.2518892,1.2594458
2022-07-15 13:06:10,0,0,8.5,0.25,0,88.25,2.25,0.25,0.25
2022-07-15 13:06:09,0,0,10.696517,0.4975124,0,85.32338,2.985075,0.4975124,0
2022-07-15 13:06:08,0,0,11.027569,0.2506266,0,85.21303,2.756892,0,0.2506266
2022-07-15 13:06:07,0,0,12.437811,0.2487562,0,84.0796,2.487562,0.4975124,0.2487562
2022-07-15 13:06:06,0,0,9.319899,0,0,87.15365,2.267003,0,0.2518892
2022-07-15 13:06:05,0,0,13.580247,0.2469136,0,83.45679,1.975309,0.2469136,0.2469136
2022-07-15 13:06:04,0,0,7.518797,0,0,84.96241,2.005013,0.2506266,4.010025
2022-07-15 13:06:03,0,0,7.960199,0.4975124,0,86.81592,2.487562,0.2487562,1.4925373
2022-07-15 13:06:02,0,0,9.226933,0.2493766,0,84.0399,2.493766,0.2493766,3.241895
2022-07-15 13:06:01,0,0,10.696517,0.4975124,0,83.83085,3.233831,0,1.2437811
2022-07-15 13:06:00,0,0,8.333333,0.2525253,0,88.13131,1.767677,0.2525253,1.010101
2022-07-15 13:05:59,0,0,7.75,0.5,0,84.75,2.5,0.25,3
2022-07-15 13:05:58,0,0,7.75,0.25,0,88.75,2.5,0.25,0.25
2022-07-15 13:05:57,0,0,9,0.5,0,87,3,0,0.25
2022-07-15 13:05:56,0,0,9,0.25,0,86.5,3,0.25,0.25
2022-07-15 13:05:55,0,0,8.75,0.25,0,88,2.5,0.25,0.25
2022-07-15 13:05:54,0,0,6.483791,0.2493766,0,90.27431,2.493766,0.2493766,0
2022-07-15 13:05:53,0,0,6.516291,0.2506266,0,90.47619,2.506266,0,0
2022-07-15 13:05:52,0,0,6.766917,0.2506266,0,89.47368,3.007519,0,0
2022-07-15 13:05:51,0,0,7,0.5,0,88,2.5,0.5,0.75
2022-07-15 13:05:50,0,0,3.5,0.25,0,93.5,2.5,0,0
2022-07-15 13:05:49,0,0,4.477612,0.4975124,0,92.28856,2.238806,0.2487562,0
2022-07-15 13:05:48,0,0,3.9801,0.2487562,0,90.79602,2.985075,0.2487562,0.2487562
2022-07-15 13:05:47,0,0,2.518892,0,0,94.45844,2.015113,0,0
2022-07-15 13:05:46,0,0,3.482587,0.2487562,0,93.28358,2.487562,0.2487562,0
2022-07-15 13:05:45,0,0,4.292929,0,0,92.67677,2.525253,0,0
2022-07-15 13:05:44,0,0,3.482587,0,0,91.79104,3.482587,0.2487562,0
2022-07-15 13:05:43,0,0,6.015038,0,0,91.22807,2.255639,0,0.2506266
2022-07-15 13:05:42,0,0,6,0.5,0,89.75,3,0,0
2022-07-15 13:05:41,0,0,6.532663,0.5025126,0,88.94472,2.763819,0.2512563,0
2022-07-15 13:05:40,0,0,6.451613,0,0,90.07444,1.985112,0.248139,0.248139
2022-07-15 13:05:39,0,0,7.556675,0.2518892,0,88.66499,3.274559,0,0
2022-07-15 13:05:38,0,0,12.437811,0.2487562,0,83.08458,3.233831,0.4975124,0.2487562
2022-07-15 13:05:37,0,0,5.721393,1.2437811,0,82.33831,2.736318,0.2487562,4.477612
2022-07-15 13:05:36,0,0,6.965174,0.2487562,0,86.31841,1.99005,0.2487562,2.736318
2022-07-15 13:05:35,0,0,8.910891,0.2475248,0,80.94059,2.475248,0.2475248,5.445545
2022-07-15 13:05:34,0,0,5.025126,0.5025126,0,84.92462,1.758794,0.2512563,6.532663
2022-07-15 13:05:33,0,0,8.72818,0.2493766,0,86.03491,2.992519,0.2493766,1.2468828
2022-07-15 13:05:32,0,0,12.935323,0.4975124,0,83.08458,2.238806,0.2487562,0.4975124
2022-07-15 13:05:31,0,0,5.721393,0.2487562,0,83.33333,1.4925373,0.2487562,6.716418
2022-07-15 13:05:30,0,0,6.030151,0.2512563,0,86.1809,3.015075,0.2512563,3.517588
2022-07-15 13:05:29,0,0,11.809045,0.2512563,0,83.41709,3.517588,0,0.7537688
2022-07-15 13:05:28,0,0,5.75,0.25,0,87,2.75,0.25,3.5
2022-07-15 13:05:27,0,0,14.962594,0.2493766,0,79.8005,2.743142,0.4987531,1.4962594
2022-07-15 13:05:26,0,0,7.23192,0.2493766,0,84.28928,2.244389,0,4.239401
2022-07-15 13:05:25,0,0,5.486284,0.2493766,0,84.53865,2.493766,0.2493766,5.735661
2022-07-15 13:05:24,0,0,9.476309,0.9975062,0,83.04239,2.743142,0.4987531,2.743142
2022-07-15 13:05:23,0,0,9.25,0,0,86.25,2,0,2
2022-07-15 13:05:22,0,0,7.017544,0,0,87.21805,3.007519,0.2506266,1.754386
2022-07-15 13:05:21,0,0,14.214464,0.2493766,0,81.04738,3.740648,0,0.4987531
2022-07-15 13:05:20,0,0,5.19802,0.4950495,0,76.48515,2.475248,0.4950495,9.405941
2022-07-15 13:05:19,0,0,7.920792,0.2475248,0,84.40594,2.475248,0.2475248,3.960396
2022-07-15 13:05:18,0,0,8.77193,0.2506266,0,86.21554,2.005013,0.2506266,2.255639
2022-07-15 13:05:17,0,0,6.947891,0.248139,0,80.39702,3.473945,0.248139,7.19603
2022-07-15 13:05:16,0,0,6.683168,0.4950495,0,86.38614,2.475248,0.2475248,3.217822
2022-07-15 13:05:15,0,0,11.055276,0,0,84.17085,3.266332,0,1.0050251
2022-07-15 13:05:14,0,0,7.711443,0.4975124,0,85.32338,2.238806,0.2487562,2.736318
2022-07-15 13:05:13,0,0,7.23192,0,0,88.2793,1.995012,0,0.9975062
2022-07-15 13:05:12,0,0,11.166253,0.7444169,0,81.38958,3.225806,0.4962779,2.48139
2022-07-15 13:05:11,0,0,9.950249,0.2487562,0,82.08955,6.218905,0,0.9950249
2022-07-15 13:05:10,0,0,4.950495,0.4950495,0,90.34653,1.980198,0.2475248,1.732673
2022-07-15 13:05:09,0,0,14.646465,0,0,81.06061,3.282828,0.2525253,0.5050505
2022-07-15 13:05:08,0,0,6.467662,0.4975124,0,82.08955,2.736318,0.2487562,6.965174
2022-07-15 13:05:07,0,0,7.75,0.5,0,83.75,2,0.25,5
2022-07-15 13:05:06,0,0,8.72818,0.4987531,0,84.53865,2.992519,0,2.493766
2022-07-15 13:05:05,0,0,9.273183,0.2506266,0,83.70927,3.007519,0,3.258145
2022-07-15 13:05:04,0,0,8.25,0.25,0,87.25,2.25,0.25,1.5
2022-07-15 13:05:03,0,0,8,0.5,0,82.75,3,0,4
2022-07-15 13:05:02,0,0,6.766917,0,0,89.47368,2.005013,0,1.2531328
2022-07-15 13:05:01,0,0,9.226933,0.7481297,0,85.03741,2.743142,0.2493766,0.9975062
2022-07-15 13:05:00,0,0,9.725686,0,0,87.03242,2.493766,0.2493766,0.2493766
2022-07-15 13:04:59,0,0,10.886076,0.2531646,0,85.56962,2.78481,0,0.2531646
2022-07-15 13:04:58,0,0,11,0.25,0,85,3,0,0
2022-07-15 13:04:57,0,0,10.552764,0.2512563,0,85.17588,3.266332,0,0.2512563
2022-07-15 13:04:56,0,0,14.536341,0.2506266,0,81.70426,2.756892,0.2506266,0
2022-07-15 13:04:55,0,0,8.415842,0.7425743,0,84.15842,2.475248,0.2475248,3.217822
2022-07-15 13:04:54,0,0,8.72818,0.4987531,0,82.04489,2.493766,0.2493766,4.488778
2022-07-15 13:04:53,0,0,7.25,0.25,0,84,2.75,0.25,4.5
2022-07-15 13:04:52,0,0,5.985037,0.9975062,0,84.0399,1.995012,0,6.234414
2022-07-15 13:04:51,0,0,8.542714,0,0,86.43216,2.261307,0.2512563,2.01005
2022-07-15 13:04:50,0,0,8,0,0,87.5,3,0.25,0.75
2022-07-15 13:04:49,0,0,9.273183,0.2506266,0,84.46115,2.756892,0,2.255639
2022-07-15 13:04:48,0,0,13,0.5,0,82.5,3.5,0.25,0.25
2022-07-15 13:04:47,0,0,6.965174,0,0,85.8209,2.985075,0.4975124,2.736318
2022-07-15 13:04:46,0,0,12.280702,0.5012531,0,78.69674,3.508772,0.2506266,3.258145
2022-07-15 13:04:45,0,0,7.711443,0.7462687,0,79.85075,3.482587,0.4975124,4.975124
2022-07-15 13:04:44,0,0,7.711443,0.2487562,0,84.57711,2.985075,0.2487562,3.482587
2022-07-15 13:04:43,0,0,5.925926,0.9876543,0,80.98765,2.469136,0,7.901235
2022-07-15 13:04:42,0,0,4.466501,0.7444169,0,77.91563,3.473945,0.248139,10.173697
2022-07-15 13:04:41,0,0,4.938272,1.4814815,0,78.02469,2.962963,0.4938272,9.876543
2022-07-15 13:04:40,0,0,6.265664,0.2506266,0,86.71679,2.255639,0.5012531,3.007519
2022-07-15 13:04:39,0,0,9.045226,0.2512563,0,83.9196,3.015075,0,3.015075
2022-07-15 13:04:38,0,0,6.516291,0.5012531,0,84.96241,2.506266,0.2506266,4.761905
2022-07-15 13:04:37,0,0,10.224439,0.2493766,0,85.78554,2.743142,0,0.4987531
2022-07-15 13:04:36,0,0,9.42928,0.248139,0,86.35236,2.729529,0.7444169,0
2022-07-15 13:04:35,0,0,11.167513,0,0,85.27919,3.553299,0,0
2022-07-15 13:04:34,0,0,10.224439,0.2493766,0,86.03491,2.244389,0.2493766,0.2493766
2022-07-15 13:04:33,0,0,10.776942,0.5012531,0,85.46366,2.255639,0.2506266,0
2022-07-15 13:04:32,0,0,10.224439,0,0,87.78055,1.4962594,0.2493766,0
2022-07-15 13:04:31,0,0,10.80402,0.2512563,0,85.17588,3.015075,0.2512563,0
2022-07-15 13:04:30,0,0,11.5,0.5,0,85,2,0.25,0.25
2022-07-15 13:04:29,0,0,9.5,0.25,0,86.25,3,0,0.25
2022-07-15 13:04:28,0,0,10.669975,0.4962779,0,85.11166,2.977667,0.248139,0.248139
2022-07-15 13:04:27,0,0,11.809045,0.2512563,0,84.67337,2.512563,0.2512563,0
2022-07-15 13:04:26,0,0,10.025063,0.5012531,0,85.71429,2.255639,0.2506266,0.5012531
2022-07-15 13:04:25,0,0,10.80402,0.2512563,0,84.92462,3.266332,0,0.2512563
2022-07-15 13:04:24,0,0,9.975062,0.2493766,0,86.03491,2.992519,0.2493766,0.2493766
2022-07-15 13:04:23,0,0,11.5,0.5,0,84.75,2.25,0.5,0
2022-07-15 13:04:22,0,0,8.977556,0.2493766,0,88.52868,1.745636,0.2493766,0
2022-07-15 13:04:21,0,0,10.696517,0,0,84.82587,2.985075,0.2487562,0.2487562
2022-07-15 13:04:20,0,0,10.886076,0.5063291,0,86.83544,1.5189873,0,0
2022-07-15 13:04:19,0,0,11.720698,0.4987531,0,83.79052,2.493766,0.2493766,0.2493766
2022-07-15 13:04:18,0,0,11,0.5,0,83.75,3.5,0.25,0.5
2022-07-15 13:04:17,0,0,9.090909,0.2525253,0,88.38384,1.767677,0.2525253,0.2525253
2022-07-15 13:04:16,0,0,11.414392,0.4962779,0,84.61538,2.729529,0.248139,0
2022-07-15 13:04:15,0,0,10.972569,0.2493766,0,85.28678,1.995012,0.2493766,0.7481297
2022-07-15 13:04:14,0,0,9.273183,0.5012531,0,84.71178,2.255639,0.2506266,2.506266
2022-07-15 13:04:13,0,0,9.022556,0.5012531,0,85.21303,1.754386,0,2.756892
2022-07-15 13:04:12,0,0,12.030075,0.2506266,0,83.9599,3.007519,0.5012531,0
2022-07-15 13:04:11,0,0,13.466334,0.2493766,0,81.29676,2.493766,0.4987531,1.4962594
2022-07-15 13:04:10,0,0,4.962779,0.248139,0,73.94541,2.977667,0.248139,12.406948
2022-07-15 13:04:09,0,0,6.716418,0.2487562,0,87.81095,2.238806,0.4975124,1.99005
2022-07-15 13:04:08,0,0,12.468828,0.4987531,0,83.54115,3.241895,0,0.2493766
2022-07-15 13:04:07,0,0,8.395062,0.4938272,0,77.77778,3.209877,0.4938272,7.901235
2022-07-15 13:04:06,0,0,3.931204,1.4742015,0,69.04177,2.948403,0,14.250614
2022-07-15 13:04:05,0,0,8.933002,0.248139,0,82.63027,2.729529,0.4962779,4.466501
2022-07-15 13:04:04,0,0,9,0.5,0,83.5,2.25,0,3.75
2022-07-15 13:04:03,0,0,6.25,0.75,0,80.5,3,0.25,8.25
2022-07-15 13:04:02,0,0,8.208955,0.2487562,0,86.06965,1.99005,0.2487562,2.238806
2022-07-15 13:04:01,0,0,11.970075,0.7481297,0,82.79302,3.491272,0,0.7481297
2022-07-15 13:04:00,0,0,7.862408,0.2457002,0,81.81818,3.194103,0.2457002,5.159705
2022-07-15 13:03:59,0,0,6.030151,0.2512563,0,83.66834,2.261307,0.2512563,6.030151
2022-07-15 13:03:58,0,0,9.42928,0.248139,0,86.35236,2.233251,0.248139,0.7444169
2022-07-15 13:03:57,0,0,9.5,0.5,0,81.75,3.5,0.25,3.75
2022-07-15 13:03:56,0,0,11.528822,0.2506266,0,84.96241,2.756892,0,0.5012531
2022-07-15 13:03:55,0,0,6.483791,0,0,84.28928,2.743142,0.2493766,4.738155
2022-07-15 13:03:54,0,0,9.25,0.25,0,86.25,2.75,0.25,0.75
2022-07-15 13:03:53,0,0,8.229426,0,0,84.28928,2.992519,0.2493766,3.740648
2022-07-15 13:03:52,0,0,7.26817,0.2506266,0,89.47368,2.005013,0,0.2506266
2022-07-15 13:03:51,0,0,8.72818,0,0,85.03741,2.493766,0.2493766,1.745636
2022-07-15 13:03:50,0,0,11,0.5,0,85,2.75,0.25,0.25
2022-07-15 13:03:49,0,0,9.701493,0.2487562,0,85.8209,2.985075,0.2487562,0.2487562
2022-07-15 13:03:48,0,0,10.858586,0.2525253,0,85.35354,2.777778,0,0.2525253
2022-07-15 13:03:47,0,0,13.283208,0.7518797,0,83.45865,1.754386,0.2506266,0.2506266
2022-07-15 13:03:46,0,0,9.382716,0.2469136,0,78.76543,2.469136,0.2469136,6.666667
2022-07-15 13:03:45,0,0,6.203474,1.2406948,0,77.17122,3.970223,0.248139,7.940447
2022-07-15 13:03:44,0,0,5.985037,0.7481297,0,81.04738,2.493766,0.2493766,6.982544
2022-07-15 13:03:43,0,0,8.478803,0,0,85.28678,2.992519,0.4987531,2.493766
2022-07-15 13:03:42,0,0,7.444169,0.4962779,0,79.40447,2.48139,0.248139,7.444169
2022-07-15 13:03:41,0,0,7.23192,0.4987531,0,85.28678,2.244389,0,4.239401
2022-07-15 13:03:40,0,0,8.521303,0.2506266,0,83.70927,2.756892,0.2506266,3.258145
2022-07-15 13:03:39,0,0,4.455446,0.4950495,0,85.39604,2.475248,0.2475248,4.950495
2022-07-15 13:03:38,0,0,8.641975,1.2345679,0,81.48148,1.975309,0.4938272,4.691358
2022-07-15 13:03:37,0,0,9.701493,0.2487562,0,87.56219,1.99005,0.2487562,0
2022-07-15 13:03:36,0,0,9.5,0.25,0,87.75,1.5,0.25,0.25
2022-07-15 13:03:35,0,0,6.733167,0.7481297,0,85.28678,2.743142,0.2493766,3.990025
2022-07-15 13:03:34,0,0,10,0.5,0,86,2.25,0.25,0
2022-07-15 13:03:33,0,0,10.776942,0.5012531,0,85.96491,2.255639,0.2506266,0
2022-07-15 13:03:32,0,0,10.696517,0,0,85.07463,2.487562,0.2487562,0.7462687
2022-07-15 13:03:31,0,0,10.552764,0.2512563,0,85.42714,2.763819,0.2512563,0.2512563
2022-07-15 13:03:30,0,0,11.278195,0.2506266,0,83.20802,2.005013,0.7518797,1.754386
2022-07-15 13:03:29,0,0,9.343434,0.2525253,0,87.37374,2.777778,0.2525253,0
2022-07-15 13:03:28,0,0,10.723192,0.2493766,0,84.78803,2.743142,0,0.7481297
2022-07-15 13:03:27,0,0,9.75,0.5,0,87.5,1.75,0.25,0
2022-07-15 13:03:26,0,0,10.25,0,0,86,2.5,0.25,0.25
2022-07-15 13:03:25,0,0,9.925558,0.248139,0,87.09677,2.233251,0.248139,0
2022-07-15 13:03:24,0,0,12.280702,0.5012531,0,83.20802,3.007519,0.2506266,0.2506266
2022-07-15 13:03:23,0,0,9.226933,0,0,87.78055,2.244389,0.2493766,0.2493766
2022-07-15 13:03:22,0,0,13.5,0.25,0,83.25,2.5,0,0.25
2022-07-15 13:03:21,0,0,10.696517,0.2487562,0,84.82587,2.736318,0,0.9950249
2022-07-15 13:03:20,0,0,9.25,0.25,0,84.75,3,0.25,1.75
2022-07-15 13:03:19,0,0,8.542714,0.5025126,0,83.9196,2.01005,0.5025126,3.517588
2022-07-15 13:03:18,0,0,7.444169,1.2406948,0,79.40447,2.233251,0.248139,6.699752
2022-07-15 13:03:17,0,0,6.91358,0.7407407,0,81.48148,2.469136,0.4938272,5.432099
2022-07-15 13:03:16,0,0,3.439803,1.4742015,0,76.16708,1.965602,0.2457002,14.250614
2022-07-15 13:03:15,0,0,6.947891,0.4962779,0,83.87097,2.977667,0.4962779,4.71464
2022-07-15 13:03:14,0,0,10.25,0.75,0,84.75,2.75,0,1
2022-07-15 13:03:13,0,0,7.556675,0,0,87.15365,2.267003,0.5037783,1.763224
2022-07-15 13:03:12,0,0,9.605911,0.9852217,0,77.58621,3.448276,0.2463054,6.896552
2022-07-15 13:03:11,0,0,5.472637,0,0,86.81592,2.736318,0,3.482587
2022-07-15 13:03:10,0,0,11.970075,0.2493766,0,82.04489,3.241895,0.2493766,1.995012
2022-07-15 13:03:09,0,0,3.902439,0.9756098,0,72.19512,2.682927,0.2439024,12.926829
2022-07-15 13:03:08,0,0,4.70297,0.2475248,0,76.48515,2.970297,0.4950495,11.386139
2022-07-15 13:03:07,0,0,4.726368,0.9950249,0,78.10945,2.238806,0,8.706468
2022-07-15 13:03:06,0,0,9.135802,0.4938272,0,80.24691,2.716049,0.4938272,5.679012
2022-07-15 13:03:05,0,0,4.197531,0.9876543,0,72.83951,1.975309,0.2469136,11.851852
2022-07-15 13:03:04,0,0,4.668305,1.2285012,0,77.64128,2.211302,0,11.056511
2022-07-15 13:03:03,0,0,7.304786,0.2518892,0,90.6801,1.2594458,0,0.2518892
2022-07-15 13:03:02,0,0,11.604938,0.9876543,0,79.01235,2.716049,0.2469136,4.691358
2022-07-15 13:03:01,0,0,4.422604,0.982801,0,77.88698,2.948403,0.7371007,9.336609
2022-07-15 13:03:00,0,0,7.940447,0.4962779,0,82.87841,3.225806,0,3.722084
2022-07-15 13:02:59,0,0,4.987531,0.4987531,0,77.80549,2.743142,0.2493766,10.972569
2022-07-15 13:02:58,0,0,7.178218,0.7425743,0,84.40594,2.475248,0,4.455446
2022-07-15 13:02:57,0,0,8.977556,0.2493766,0,85.03741,2.244389,0.2493766,2.743142
2022-07-15 13:02:56,0,0,4.511278,0,0,91.22807,1.5037594,0.2506266,1.5037594
2022-07-15 13:02:55,0,0,14.143921,0.4962779,0,82.63027,1.985112,0.4962779,0
2022-07-15 13:02:54,0,0,7.21393,0.7462687,0,82.08955,2.985075,0.2487562,5.721393
2022-07-15 13:02:53,0,0,7.98005,0.4987531,0,82.79302,2.493766,0.4987531,4.239401
2022-07-15 13:02:52,0,0,7.692308,0.4962779,0,81.38958,2.233251,0,6.699752
2022-07-15 13:02:51,0,0,7.575758,0,0,85.35354,2.777778,0,3.787879
2022-07-15 13:02:50,0,0,6.965174,0.4975124,0,86.31841,2.487562,0.2487562,2.736318
2022-07-15 13:02:49,0,0,9.452736,0.4975124,0,86.56716,1.99005,0.4975124,0.2487562
2022-07-15 13:02:48,0,0,9.774436,0.7518797,0,85.96491,2.506266,0.2506266,0.2506266
2022-07-15 13:02:47,0,0,10.421836,0.7444169,0,85.60794,2.729529,0,0
2022-07-15 13:02:46,0,0,10.275689,0.2506266,0,85.46366,3.258145,0.2506266,0
2022-07-15 13:02:45,0,0,10.224439,0,0,86.03491,2.743142,0.2493766,0.2493766
2022-07-15 13:02:44,0,0,10.526316,0.2506266,0,86.96742,2.005013,0.2506266,0
2022-07-15 13:02:43,0,0,10.776942,0.2506266,0,85.71429,2.506266,0,0.2506266
2022-07-15 13:02:42,0,0,10.25,0.5,0,82.5,3.5,0.25,2
2022-07-15 13:02:41,0,0,9,0.25,0,88,1.75,0.25,0.25
2022-07-15 13:02:40,0,0,10.301508,0.2512563,0,85.92965,3.266332,0,0
2022-07-15 13:02:39,0,0,10.945274,0.4975124,0,84.57711,3.233831,0.2487562,0
2022-07-15 13:02:38,0,0,11.471322,0,0,83.79052,3.491272,0,0.4987531
2022-07-15 13:02:37,0,0,9.022556,0.5012531,0,85.21303,2.255639,0.2506266,1.754386
2022-07-15 13:02:36,0,0,13.75,0.25,0,82.75,2.5,0.25,0.25
2022-07-15 13:02:35,0,0,7.920792,0.4950495,0,81.18812,2.475248,0.7425743,5.940594
2022-07-15 13:02:34,0,0,5.19802,0.990099,0,74.50495,3.217822,0.2475248,11.881188
2022-07-15 13:02:33,0,0,4.5,0.25,0,82,1.75,0.5,8.5
2022-07-15 13:02:32,0,0,6.030151,0.2512563,0,91.45729,1.5075377,0,0.5025126
2022-07-15 13:02:31,0,0,11.278195,0.2506266,0,84.71178,2.506266,0.2506266,0.2506266
2022-07-15 13:02:30,0,0,10.5,0,0,86.75,2.5,0,0.25
2022-07-15 13:02:29,0,0,9.181141,0.248139,0,86.6005,2.729529,0.248139,0.248139
2022-07-15 13:02:28,0,0,9.848485,0,0,86.61616,2.777778,0.2525253,0
2022-07-15 13:02:27,0,0,10.918114,0.248139,0,86.10422,1.736973,0.248139,0.248139
2022-07-15 13:02:26,0,0,10,0.25,0,85,2.25,0,1.75
2022-07-15 13:02:25,0,0,8.478803,0,0,82.54364,3.740648,0.4987531,3.740648
2022-07-15 13:02:24,0,0,9.774436,0.2506266,0,87.46867,2.005013,0.2506266,0
2022-07-15 13:02:23,0,0,10.526316,0.5012531,0,86.96742,1.754386,0,0
2022-07-15 13:02:22,0,0,10.25,0.25,0,87,2,0,0.25
2022-07-15 13:02:21,0,0,10.80402,0.2512563,0,86.1809,2.01005,0.2512563,0
2022-07-15 13:02:20,0,0,11.528822,0.2506266,0,84.71178,2.756892,0.2506266,0.2506266
2022-07-15 13:02:19,0,0,9.405941,0.4950495,0,86.63366,2.227723,0.2475248,0.2475248
2022-07-15 13:02:18,0,0,11.809045,0.2512563,0,84.92462,2.261307,0.2512563,0.2512563
2022-07-15 13:02:17,0,0,8.79397,0.2512563,0,87.9397,2.512563,0.2512563,0
2022-07-15 13:02:16,0,0,10.552764,0,0,85.67839,2.763819,0.2512563,0.5025126
2022-07-15 13:02:15,0,0,11.838791,0,0,85.64232,2.015113,0.2518892,0
2022-07-15 13:02:14,0,0,13.5,0.25,0,82,3,0.25,0.25
2022-07-15 13:02:13,0,0,8.457711,0.7462687,0,83.58209,2.487562,0.4975124,3.233831
2022-07-15 13:02:12,0,0,5.527638,0,0,92.46231,1.758794,0,0.2512563
2022-07-15 13:02:11,0,0,10.606061,0,0,86.11111,2.020202,0.2525253,0.2525253
2022-07-15 13:02:10,0,0,10.473815,0.4987531,0,85.53616,2.743142,0.2493766,0.2493766
2022-07-15 13:02:09,0,0,10.5,0.5,0,86,2.5,0,0
2022-07-15 13:02:08,0,0,11.970075,0.2493766,0,83.04239,2.992519,0.2493766,0.7481297
2022-07-15 13:02:07,0,0,8.040201,0.5025126,0,87.68844,1.758794,0,1.2562814
2022-07-15 13:02:06,0,0,11.809045,0.2512563,0,84.67337,2.512563,0.2512563,0.2512563
2022-07-15 13:02:05,0,0,9.25,0.25,0,87.5,2.25,0.25,0.25
2022-07-15 13:02:04,0,0,10.421836,0,0,86.6005,2.233251,0.248139,0
2022-07-15 13:02:03,0,0,12.030075,0.2506266,0,83.45865,3.007519,0,0.5012531
2022-07-15 13:02:02,0,0,9.701493,0.4975124,0,83.33333,2.985075,0.4975124,1.99005
2022-07-15 13:02:01,0,0,11.25,0.25,0,85,2.5,0.25,0.25
2022-07-15 13:02:00,0,0,12.686567,0.4975124,0,78.60697,2.985075,0.2487562,2.985075
2022-07-15 13:01:59,0,0,5.486284,0.9975062,0,84.0399,1.745636,0.2493766,6.234414
2022-07-15 13:01:58,0,0,5.735661,0.2493766,0,91.5212,1.4962594,0.2493766,0.4987531
2022-07-15 13:01:57,0,0,11.083123,0,0,85.39043,2.518892,0.2518892,0
2022-07-15 13:01:56,0,0,9.950249,0.2487562,0,83.83085,2.487562,0.2487562,1.4925373
2022-07-15 13:01:55,0,0,10.696517,0.9950249,0,84.57711,3.233831,0.2487562,0
2022-07-15 13:01:54,0,0,8.478803,0.2493766,0,85.28678,2.743142,0.2493766,2.743142
2022-07-15 13:01:53,0,0,12.81407,0.5025126,0,83.9196,2.512563,0,0
2022-07-15 13:01:52,0,0,11.25,0.25,0,84.75,2.5,0,0.75
2022-07-15 13:01:51,0,0,7.481297,0.4987531,0,85.03741,2.244389,0.2493766,3.740648
2022-07-15 13:01:50,0,0,7.730673,0,0,88.02993,2.493766,0,0.9975062
2022-07-15 13:01:49,0,0,9.226933,0.2493766,0,87.78055,2.244389,0.2493766,0
2022-07-15 13:01:48,0,0,10.25,0.25,0,87,2.25,0.25,0
2022-07-15 13:01:47,0,0,10.5,0,0,86,2.5,0.25,0.25
2022-07-15 13:01:46,0,0,10.972569,0.4987531,0,86.03491,2.244389,0,0
2022-07-15 13:01:45,0,0,11,0,0,85.5,2.5,0.25,0.5
2022-07-15 13:01:44,0,0,9.701493,0.7462687,0,82.58706,2.238806,0.4975124,3.9801
2022-07-15 13:01:43,0,0,12.030075,0.2506266,0,80.70175,3.508772,0.5012531,2.506266
2022-07-15 13:01:42,0,0,7.960199,0,0,85.8209,3.233831,0,2.736318
2022-07-15 13:01:41,0,0,5.764411,0.5012531,0,91.4787,1.2531328,0.5012531,0.5012531
2022-07-15 13:01:40,0,0,11.055276,0.5025126,0,85.42714,2.512563,0.2512563,0
2022-07-15 13:01:39,0,0,13,0.5,0,82.75,2.25,0,0.75
2022-07-15 13:01:38,0,0,10,0.5,0,86.5,2,0.5,0
2022-07-15 13:01:37,0,0,13.151365,0.248139,0,82.134,2.977667,0.248139,0.7444169
2022-07-15 13:01:36,0,0,7.5,0.5,0,84.5,3,0.25,3.25
2022-07-15 13:01:35,0,0,8.02005,0.7518797,0,84.96241,2.506266,0.2506266,2.756892
2022-07-15 13:01:34,0,0,10.918114,0.7444169,0,83.12655,2.729529,0,1.4888337
2022-07-15 13:01:33,0,0,6.982544,0.2493766,0,86.53367,1.995012,0.2493766,3.241895
2022-07-15 13:01:32,0,0,10.224439,0.4987531,0,84.78803,2.244389,0.4987531,1.4962594
2022-07-15 13:01:31,0,0,6.483791,0.2493766,0,86.78304,3.491272,0.7481297,1.4962594
2022-07-15 13:01:30,0,0,8.706468,0.2487562,0,87.81095,2.487562,0,0.4975124
2022-07-15 13:01:29,0,0,12.846348,0.2518892,0,82.36776,2.770781,0.2518892,0.7556675
2022-07-15 13:01:28,0,0,9.405941,0.2475248,0,84.15842,3.217822,0.2475248,1.980198
2022-07-15 13:01:27,0,0,8.188586,0.248139,0,86.84864,2.729529,0.248139,0.9925558
2022-07-15 13:01:26,0,0,8.080808,0.2525253,0,87.12121,2.020202,0,1.5151515
2022-07-15 13:01:25,0,0,10.5,0,0,85.25,3.25,0.25,0.25
2022-07-15 13:01:24,0,0,10.301508,0,0,86.68342,2.512563,0.2512563,0
2022-07-15 13:01:23,0,0,10.224439,0.4987531,0,85.53616,2.493766,0.2493766,0.2493766
2022-07-15 13:01:22,0,0,11.25,0.25,0,86,2,0.25,0
2022-07-15 13:01:21,0,0,12.531328,0.5012531,0,81.20301,4.010025,0.2506266,0.7518797
2022-07-15 13:01:20,0,0,12.468828,0,0,83.54115,3.491272,0.2493766,0
2022-07-15 13:01:19,0,0,7.407407,0.4938272,0,80,2.716049,0.2469136,6.666667
2022-07-15 13:01:18,0,0,3.731343,0,0,90.04975,1.2437811,0.4975124,4.228856
2022-07-15 13:01:17,0,0,12.060302,0.5025126,0,84.17085,2.512563,0,0.5025126
2022-07-15 13:01:16,0,0,12.75,0.25,0,84.5,1.75,0.5,0.25
2022-07-15 13:01:15,0,0,9.725686,0.4987531,0,82.79302,2.493766,0.4987531,2.992519
2022-07-15 13:01:14,0,0,10.776942,0.5012531,0,85.21303,2.255639,0.2506266,0.7518797
2022-07-15 13:01:13,0,0,6.699752,0.4962779,0,83.87097,2.233251,0.4962779,4.962779
2022-07-15 13:01:12,0,0,6.218905,0.4975124,0,88.80597,1.741294,0.2487562,1.99005
2022-07-15 13:01:11,0,0,7.26817,0,0,89.47368,2.255639,0.2506266,0
2022-07-15 13:01:10,0,0,12.25,0.25,0,84.25,2.75,0.25,0
2022-07-15 13:01:09,0,0,7.304786,0.2518892,0,83.12343,3.02267,0,5.541562
2022-07-15 13:01:08,0,0,13,0.25,0,83.25,2.5,0.25,0.5
2022-07-15 13:01:07,0,0,11.306533,0.2512563,0,84.92462,3.015075,0.2512563,0
2022-07-15 13:01:06,0,0,11.166253,0.248139,0,83.12655,3.225806,0,1.985112
2022-07-15 13:01:05,0,0,9.5,0.25,0,86.5,2.25,0.25,0.5
2022-07-15 13:01:04,0,0,7.23192,0.7481297,0,82.79302,2.992519,0,4.738155
2022-07-15 13:01:03,0,0,6.733167,0.2493766,0,86.28429,2.743142,0.2493766,2.493766
2022-07-15 13:01:02,0,0,9.296482,0.5025126,0,87.9397,1.758794,0,0.2512563
2022-07-15 13:01:01,0,0,11.970075,0.2493766,0,84.0399,2.743142,0.2493766,0.2493766
2022-07-15 13:01:00,0,0,13.613861,0,0,80.19802,3.217822,0.2475248,2.475248
2022-07-15 13:00:59,0,0,5.75,0.75,0,80.25,2.25,0,9.5
2022-07-15 13:00:58,0,0,6.203474,0.7444169,0,88.33747,1.736973,0.248139,1.985112
2022-07-15 13:00:57,0,0,10.643564,0.4950495,0,75.74257,3.712871,0.2475248,7.178218
2022-07-15 13:00:56,0,0,4.228856,0.7462687,0,72.38806,2.487562,0.2487562,12.189055
2022-07-15 13:00:55,0,0,5.210918,0,0,83.37469,2.48139,0.248139,5.955335
2022-07-15 13:00:54,0,0,8.25,0.5,0,85.25,2.5,0.25,2.5
2022-07-15 13:00:53,0,0,7.808564,0,0,81.61209,3.02267,0.5037783,5.289673
2022-07-15 13:00:52,0,0,3.731343,0,0,92.0398,1.741294,0,1.99005
2022-07-15 13:00:51,0,0,10.831234,0.2518892,0,84.63476,3.274559,0.2518892,0.2518892
2022-07-15 13:00:50,0,0,10.275689,0.2506266,0,85.96491,2.756892,0.2506266,0
2022-07-15 13:00:49,0,0,11.5,0.25,0,85.25,2.5,0.25,0
2022-07-15 13:00:48,0,0,12.686567,0.2487562,0,82.83582,2.487562,0.2487562,0.4975124
2022-07-15 13:00:47,0,0,8,0.25,0,85,2.5,0.25,3.5
2022-07-15 13:00:46,0,0,7.481297,0.2493766,0,88.77805,2.493766,0,0.9975062
2022-07-15 13:00:45,0,0,7.808564,0,0,85.64232,3.02267,0.2518892,2.015113
2022-07-15 13:00:44,0,0,11.386139,0.4950495,0,84.65347,2.722772,0.2475248,0.2475248
2022-07-15 13:00:43,0,0,9.59596,0.2525253,0,86.61616,2.525253,0.2525253,0.2525253
2022-07-15 13:00:42,0,0,10.526316,0.7518797,0,86.21554,2.005013,0,0
2022-07-15 13:00:41,0,0,11.221945,0.2493766,0,84.78803,2.743142,0.4987531,0
2022-07-15 13:00:40,0,0,9.75,0.25,0,87.5,1.75,0,0.25
2022-07-15 13:00:39,0,0,10.075567,0,0,86.1461,2.518892,0.2518892,0.7556675
2022-07-15 13:00:38,0,0,10.327456,0.2518892,0,85.64232,3.02267,0.2518892,0
2022-07-15 13:00:37,0,0,10.669975,0.248139,0,85.60794,2.977667,0.248139,0
2022-07-15 13:00:36,0,0,13.715711,0.4987531,0,82.79302,2.743142,0,0
2022-07-15 13:00:35,0,0,10,0.25,0,86.5,2.5,0,0.5
2022-07-15 13:00:34,0,0,7.769424,0.5012531,0,86.71679,3.007519,0.2506266,1.0025063
2022-07-15 13:00:33,0,0,12.871287,0.2475248,0,79.45545,2.970297,0.2475248,3.465347
2022-07-15 13:00:32,0,0,5.985037,0.4987531,0,89.77556,0.9975062,0.2493766,1.995012
2022-07-15 13:00:31,0,0,8.457711,0.4975124,0,85.8209,2.238806,0.4975124,1.2437811
2022-07-15 13:00:30,0,0,10.579345,0.2518892,0,85.13854,3.526448,0.2518892,0
2022-07-15 13:00:29,0,0,10.25,0.25,0,82.5,3,0.25,3
2022-07-15 13:00:28,0,0,9.701493,0.2487562,0,86.56716,2.736318,0.2487562,0
2022-07-15 13:00:27,0,0,9.774436,0.2506266,0,87.21805,2.255639,0,0.2506266
2022-07-15 13:00:26,0,0,10.327456,0,0,86.39798,2.770781,0.2518892,0
2022-07-15 13:00:25,0,0,10.5,0.25,0,85.75,2.75,0,0.25
2022-07-15 13:00:24,0,0,11.838791,0.5037783,0,84.88665,2.267003,0.2518892,0
2022-07-15 13:00:23,0,0,13.895782,0.4962779,0,79.90074,3.225806,0.4962779,0.9925558
2022-07-15 13:00:22,0,0,7.940447,0.248139,0,83.12655,2.977667,0.248139,3.225806
2022-07-15 13:00:21,0,0,6.683168,0.7425743,0,77.9703,2.722772,0.2475248,8.663366
2022-07-15 13:00:20,0,0,5.707196,0.4962779,0,80.39702,3.225806,0,7.692308
2022-07-15 13:00:19,0,0,4.938272,0.4938272,0,77.28395,2.962963,0.4938272,10.617284
2022-07-15 13:00:18,0,0,5.432099,0.9876543,0,79.50617,2.469136,0,9.135802
2022-07-15 13:00:17,0,0,4.950495,0.7425743,0,77.22772,3.217822,0.4950495,9.653465
2022-07-15 13:00:16,0,0,7.518797,0.2506266,0,86.96742,2.255639,0,2.005013
2022-07-15 13:00:15,0,0,9.226933,0,0,87.78055,1.995012,0.2493766,0.4987531
2022-07-15 13:00:14,0,0,8.457711,0.4975124,0,85.32338,2.238806,0.4975124,2.238806
2022-07-15 13:00:13,0,0,11.809045,0,0,84.92462,2.763819,0.2512563,0
2022-07-15 13:00:12,0,0,8.75,0.5,0,84,2.5,0,3.25
2022-07-15 13:00:11,0,0,9.181141,0.7444169,0,86.10422,2.729529,0.248139,0.7444169
2022-07-15 13:00:10,0,0,6.683168,0.2475248,0,84.40594,1.980198,0.2475248,5.693069
2022-07-15 13:00:09,0,0,12.030075,0.2506266,0,84.71178,2.506266,0.2506266,0
2022-07-15 13:00:08,0,0,5.693069,0.7425743,0,84.15842,2.227723,0.2475248,5.445545
2022-07-15 13:00:07,0,0,8.5,0.5,0,76.25,1.5,0.25,9
2022-07-15 13:00:06,0,0,4.70297,0.990099,0,77.47525,2.475248,0.2475248,9.653465
2022-07-15 13:00:05,0,0,8.866995,0.4926108,0,81.03448,2.955665,0.2463054,5.418719
2022-07-15 13:00:04,0,0,5.970149,0.7462687,0,78.60697,2.985075,0.2487562,7.462687
2022-07-15 13:00:03,0,0,3.482587,0.4975124,0,62.93532,2.736318,0.2487562,19.9005
2022-07-15 13:00:02,0,0,3.768844,0.2512563,0,89.19598,1.0050251,0,2.763819
2022-07-15 13:00:01,0,0,9.975062,0.2493766,0,86.28429,2.244389,0.2493766,0.2493766
2022-07-15 13:00:00,0,0,10.696517,0.4975124,0,85.07463,3.233831,0.2487562,0
2022-07-15 12:59:59,0,0,11.25,0.25,0,84.5,3,0.5,0
2022-07-15 12:59:58,0,0,9.022556,0.2506266,0,88.47118,1.754386,0,0.2506266
2022-07-15 12:59:57,0,0,11.557789,0.5025126,0,83.41709,3.266332,0.2512563,0.2512563
2022-07-15 12:59:56,0,0,9.52381,0,0,87.96992,1.754386,0.2506266,0.2506266
2022-07-15 12:59:55,0,0,10.275689,0.5012531,0,85.46366,2.756892,0.2506266,0.2506266
2022-07-15 12:59:54,0,0,11.586902,0,0,85.89421,2.015113,0,0.2518892
2022-07-15 12:59:53,0,0,13.283208,0.2506266,0,81.95489,3.007519,0.2506266,0.5012531
2022-07-15 12:59:52,0,0,9.158416,0.4950495,0,81.68317,2.475248,0.2475248,4.950495
2022-07-15 12:59:51,0,0,7.26817,0,0,86.21554,2.255639,0,3.258145
2022-07-15 12:59:50,0,0,6.982544,0.7481297,0,79.8005,2.244389,0.2493766,8.229426
2022-07-15 12:59:49,0,0,8.229426,0.2493766,0,83.79052,2.493766,0.2493766,4.488778
2022-07-15 12:59:48,0,0,4.975124,0,0,83.08458,2.238806,0.4975124,6.965174
2022-07-15 12:59:47,0,0,8.977556,0.2493766,0,86.78304,2.743142,0,0.4987531
2022-07-15 12:59:46,0,0,9.181141,0.4962779,0,84.11911,2.729529,0.248139,2.48139
2022-07-15 12:59:45,0,0,6.467662,0.4975124,0,84.32836,1.99005,0,6.218905
2022-07-15 12:59:44,0,0,8.35443,0.2531646,0,84.05063,1.772152,0.2531646,5.063291
2022-07-15 12:59:43,0,0,9.25,0.25,0,86.5,2.25,0.25,0.75
2022-07-15 12:59:42,0,0,4.950495,0.4950495,0,89.10891,1.980198,0,3.217822
2022-07-15 12:59:41,0,0,11.278195,0.2506266,0,83.20802,3.007519,0.2506266,0.7518797
2022-07-15 12:59:40,0,0,7.808564,0.2518892,0,87.90932,2.267003,0.2518892,0.7556675
2022-07-15 12:59:39,0,0,10.723192,0.4987531,0,86.03491,1.995012,0,0.2493766
2022-07-15 12:59:38,0,0,10.75,0,0,85.75,2.5,0.5,0.25
2022-07-15 12:59:37,0,0,10.526316,0,0,85.21303,3.508772,0.2506266,0
2022-07-15 12:59:36,0,0,13.283208,0.2506266,0,82.70677,2.756892,0.2506266,0.2506266
2022-07-15 12:59:35,0,0,7.425743,0.4950495,0,86.13861,1.980198,0.2475248,3.217822
2022-07-15 12:59:34,0,0,9,0,0,82.75,2.75,0.25,3.25
2022-07-15 12:59:33,0,0,8.77193,0.2506266,0,88.22055,2.255639,0.2506266,0
2022-07-15 12:59:32,0,0,10.447761,0,0,86.06965,2.487562,0.2487562,0.2487562
2022-07-15 12:59:31,0,0,14.035088,0.5012531,0,81.95489,2.756892,0.2506266,0.2506266
2022-07-15 12:59:30,0,0,8.977556,0.4987531,0,83.54115,3.491272,0.2493766,2.493766
2022-07-15 12:59:29,0,0,10.421836,0.4962779,0,80.8933,2.729529,0.248139,4.466501
2022-07-15 12:59:28,0,0,5.5,0.5,0,76.75,3,0.5,10.25
2022-07-15 12:59:27,0,0,4.938272,0.9876543,0,72.83951,2.962963,0.2469136,13.333333
2022-07-15 12:59:26,0,0,3.950617,0.9876543,0,75.55556,2.962963,0.2469136,14.320988
2022-07-15 12:59:25,0,0,5,0.25,0,85.25,2.25,0.25,4.75
2022-07-15 12:59:24,0,0,6.516291,0,0,91.4787,1.5037594,0,0.2506266
2022-07-15 12:59:23,0,0,12.718204,0.2493766,0,83.54115,2.743142,0.2493766,0.2493766
2022-07-15 12:59:22,0,0,8.457711,0.4975124,0,86.06965,2.736318,0.2487562,1.2437811
2022-07-15 12:59:21,0,0,9.547739,0,0,87.9397,1.758794,0.2512563,0.2512563
2022-07-15 12:59:20,0,0,10.473815,0.2493766,0,85.53616,2.992519,0.2493766,0
2022-07-15 12:59:19,0,0,10.526316,0,0,87.21805,1.5037594,0.2506266,0
2022-07-15 12:59:18,0,0,11.809045,0.2512563,0,83.9196,3.266332,0.2512563,0
2022-07-15 12:59:17,0,0,9.571788,0.5037783,0,85.64232,2.518892,0.2518892,0.5037783
2022-07-15 12:59:16,0,0,9.476309,0.2493766,0,87.03242,2.244389,0.2493766,0.2493766
2022-07-15 12:59:15,0,0,10.5,0.25,0,86.75,2,0.25,0
2022-07-15 12:59:14,0,0,10.972569,0.2493766,0,86.03491,1.995012,0,0.2493766
2022-07-15 12:59:13,0,0,10.473815,0,0,86.28429,2.493766,0.2493766,0.2493766
2022-07-15 12:59:12,0,0,13.567839,0.2512563,0,82.91457,2.763819,0.2512563,0
2022-07-15 12:59:11,0,0,10.918114,0.4962779,0,79.90074,3.473945,0.248139,2.977667
2022-07-15 12:59:10,0,0,7.98005,0.9975062,0,84.28928,2.743142,0,3.241895
2022-07-15 12:59:09,0,0,7.425743,0.2475248,0,84.65347,3.465347,0.2475248,2.475248
2022-07-15 12:59:08,0,0,8.208955,0,0,83.58209,3.233831,0,4.228856
2022-07-15 12:59:07,0,0,7.481297,0.2493766,0,83.79052,2.992519,0.2493766,3.990025
2022-07-15 12:59:06,0,0,7.160494,0.4938272,0,83.7037,2.962963,0.2469136,4.197531
2022-07-15 12:59:05,0,0,7.960199,0.2487562,0,83.33333,2.487562,0.4975124,4.726368
2022-07-15 12:59:04,0,0,9.798995,0.5025126,0,84.67337,3.015075,0,1.2562814
2022-07-15 12:59:03,0,0,6.142506,0.4914005,0,79.85258,3.194103,0.2457002,8.599509
2022-07-15 12:59:02,0,0,5.735661,0.4987531,0,85.53616,1.995012,0,4.987531
2022-07-15 12:59:01,0,0,7.960199,0.4975124,0,86.81592,1.741294,0.4975124,1.99005
2022-07-15 12:59:00,0,0,11.25,0.75,0,80,2.75,0.25,3.75
2022-07-15 12:58:59,0,0,4.444444,0.7407407,0,76.54321,3.703704,0.4938272,9.135802
2022-07-15 12:58:58,0,0,4.738155,0.7481297,0,81.54613,1.4962594,0,8.977556
2022-07-15 12:58:57,0,0,7.960199,0.4975124,0,85.32338,1.99005,0.4975124,2.736318
2022-07-15 12:58:56,0,0,10.224439,0.4987531,0,83.29177,1.995012,0,3.491272
2022-07-15 12:58:55,0,0,5.263158,0.2506266,0,87.46867,2.255639,0.5012531,3.007519
2022-07-15 12:58:54,0,0,9,0,0,87.75,3,0,0
2022-07-15 12:58:53,0,0,7.960199,0.2487562,0,83.33333,2.985075,0.2487562,4.228856
2022-07-15 12:58:52,0,0,9.273183,0.2506266,0,87.7193,2.005013,0.2506266,0.2506266
2022-07-15 12:58:51,0,0,10.75,0.25,0,86.5,2,0,0.25
2022-07-15 12:58:50,0,0,10.25,0.5,0,87.25,1,0.5,0
2022-07-15 12:58:49,0,0,10.80402,0.2512563,0,86.43216,2.261307,0,0
2022-07-15 12:58:48,0,0,13.18408,0.2487562,0,81.59204,3.482587,0.4975124,0.4975124
2022-07-15 12:58:47,0,0,7.286432,0.2512563,0,88.94472,2.512563,0,0.2512563
2022-07-15 12:58:46,0,0,9.5,0.25,0,86.75,2.75,0,0.5
2022-07-15 12:58:45,0,0,11.221945,0.2493766,0,85.28678,2.493766,0.2493766,0.2493766
2022-07-15 12:58:44,0,0,10.275689,0,0,86.21554,2.255639,0.2506266,0.5012531
2022-07-15 12:58:43,0,0,10.776942,0.2506266,0,85.46366,2.756892,0.5012531,0
2022-07-15 12:58:42,0,0,12,0.5,0,83.5,2.75,0.25,0.25
2022-07-15 12:58:41,0,0,8.312343,0.2518892,0,87.40554,2.518892,0,0.7556675
2022-07-15 12:58:40,0,0,6.234414,0.2493766,0,89.52618,3.241895,0.2493766,0
2022-07-15 12:58:39,0,0,6.218905,0.4975124,0,89.801,2.487562,0.2487562,0
2022-07-15 12:58:38,0,0,6.04534,0.2518892,0,91.18388,2.267003,0,0
2022-07-15 12:58:37,0,0,7.481297,0.2493766,0,88.52868,2.743142,0.2493766,0.2493766
2022-07-15 12:58:36,0,0,5.721393,0,0,90.79602,2.487562,0.2487562,0
2022-07-15 12:58:35,0,0,1.0025063,0,0,95.2381,3.508772,0,0
2022-07-15 12:58:34,0,0,1.0025063,0.5012531,0,95.73935,2.255639,0.2506266,0
2022-07-15 12:58:33,0,0,1,0,0,94.75,3.25,0.25,0
2022-07-15 12:58:32,0,0,0.9925558,0.4962779,0,94.2928,3.473945,0.248139,0
2022-07-15 12:58:31,0,0,1.0050251,0.2512563,0,95.72864,2.261307,0.2512563,0
2022-07-15 12:58:30,0,0,0.9950249,0.2487562,0,94.27861,2.736318,0.4975124,0
2022-07-15 12:58:29,0,0,1.0050251,0.5025126,0,94.72362,3.517588,0,0
2022-07-15 12:58:28,0,0,1.5037594,0.2506266,0,93.98496,3.508772,0.2506266,0
2022-07-15 12:58:27,0,0,0.9950249,0.4975124,0,94.77612,2.736318,0.2487562,0
2022-07-15 12:58:26,0,0,1.2594458,0,0,95.46599,2.267003,0,0
2022-07-15 12:58:25,0,0,0.7481297,0.4987531,0,95.51122,2.493766,0,0
2022-07-15 12:58:24,0,0,1.2468828,0,0,94.01496,3.491272,0.2493766,0
2022-07-15 12:58:23,0,0,1.2468828,0.2493766,0,94.26434,3.241895,0.2493766,0.2493766
2022-07-15 12:58:22,0,0,1.25,0.5,0,95.75,2.25,0,0
2022-07-15 12:58:21,0,0,1.0075567,0.5037783,0,93.95466,3.274559,0,0
2022-07-15 12:58:20,0,0,1.2562814,0.2512563,0,93.96985,3.266332,0,0
2022-07-15 12:58:19,0,0,0.9925558,0.4962779,0,96.02978,1.4888337,0.4962779,0
2022-07-15 12:58:18,0,0,1.0025063,0.5012531,0,95.2381,2.506266,0.2506266,0
2022-07-15 12:58:17,0,0,1.2531328,0.2506266,0,94.73684,3.007519,0.2506266,0
2022-07-15 12:58:16,0,0,1.2468828,0,0,95.01247,2.493766,0.4987531,0
2022-07-15 12:58:15,0,0,1.0126582,0.2531646,0,95.18987,2.531646,0,0
2022-07-15 12:58:14,0,0,2.985075,0.4975124,0,93.28358,2.487562,0.2487562,0
2022-07-15 12:58:13,0,0,3.508772,0,0,93.23308,2.506266,0.2506266,0
2022-07-15 12:58:12,0,0,3.5,0.5,0,92.75,2.75,0,0.25
2022-07-15 12:58:11,0,0,3.740648,0.2493766,0,92.26933,2.743142,0.2493766,0
2022-07-15 12:58:10,0,0,3.508772,0.2506266,0,92.4812,3.007519,0.2506266,0
2022-07-15 12:58:09,0,0,4.5,1.25,0,89.75,3.25,0.25,0.25
2022-07-15 12:58:08,0,0,8.25,0.25,0,88.75,2,0.25,0.25
2022-07-15 12:58:07,0,0,8.5,0.25,0,88.5,2.5,0,0
2022-07-15 12:58:06,0,0,7.960199,0,0,87.06468,2.736318,0.2487562,1.741294
2022-07-15 12:58:05,0,0,8.208955,0.4975124,0,87.56219,2.487562,0.4975124,0.2487562
2022-07-15 12:58:04,0,0,8.75,0.5,0,86.25,2.75,0.25,0.5
2022-07-15 12:58:03,0,0,9.571788,0,0,87.90932,2.267003,0,0
2022-07-15 12:58:02,0,0,10.643564,0.4950495,0,85.89109,1.980198,0.4950495,0
2022-07-15 12:58:01,0,0,10.579345,0.2518892,0,85.13854,3.526448,0,0.2518892
2022-07-15 12:58:00,0,0,10.447761,0.2487562,0,85.32338,2.985075,0.4975124,0
2022-07-15 12:57:59,0,0,11.221945,0.2493766,0,85.53616,2.493766,0.2493766,0
2022-07-15 12:57:58,0,0,11.363636,0.7575758,0,84.59596,2.272727,0.2525253,0.5050505
2022-07-15 12:57:57,0,0,8.208955,0,0,88.80597,1.99005,0.2487562,0.2487562
2022-07-15 12:57:56,0,0,10.473815,0.4987531,0,86.03491,1.995012,0.2493766,0.2493766
2022-07-15 12:57:55,0,0,10.632911,0,0,87.59494,1.772152,0,0
2022-07-15 12:57:54,0,0,10.473815,0.2493766,0,85.28678,3.241895,0.2493766,0
2022-07-15 12:57:53,0,0,12.406948,0.4962779,0,81.88586,2.48139,0.248139,1.736973
2022-07-15 12:57:52,0,0,7.462687,0,0,89.30348,1.99005,0.2487562,0.2487562
2022-07-15 12:57:51,0,0,10.606061,0.2525253,0,85.60606,3.030303,0,0.2525253
2022-07-15 12:57:50,0,0,10.696517,0.2487562,0,85.8209,2.238806,0.2487562,0.2487562
2022-07-15 12:57:49,0,0,10.75,0.5,0,86.5,1.75,0.25,0
2022-07-15 12:57:48,0,0,10.552764,0.2512563,0,86.43216,2.261307,0,0
2022-07-15 12:57:47,0,0,13.681592,0.2487562,0,81.34328,3.9801,0.2487562,0.2487562
2022-07-15 12:57:46,0,0,11.838791,0.5037783,0,81.61209,3.02267,0.2518892,2.267003
2022-07-15 12:57:45,0,0,5.5,0.25,0,81.25,2.75,0.25,8.5
2022-07-15 12:57:44,0,0,8.977556,0,0,87.53117,1.745636,0,1.2468828
2022-07-15 12:57:43,0,0,5.764411,0.2506266,0,90.97744,1.754386,0.2506266,1.0025063
2022-07-15 12:57:42,0,0,11,0.25,0,85.25,2.75,0.25,0.25
2022-07-15 12:57:41,0,0,11,0.5,0,83.5,3,0.25,0.75
2022-07-15 12:57:40,0,0,8.521303,0.2506266,0,87.7193,2.506266,0.2506266,0
2022-07-15 12:57:39,0,0,10.723192,0,0,86.28429,2.493766,0.2493766,0
2022-07-15 12:57:38,0,0,10.301508,0.2512563,0,86.43216,2.261307,0.2512563,0.2512563
2022-07-15 12:57:37,0,0,10.301508,0.2512563,0,86.1809,2.261307,0.2512563,0
2022-07-15 12:57:36,0,0,10.327456,0.2518892,0,86.1461,2.267003,0.5037783,0
2022-07-15 12:57:35,0,0,10.5,0.5,0,85.75,2.75,0,0.25
2022-07-15 12:57:34,0,0,10.696517,0,0,83.83085,3.482587,0.2487562,0.7462687
2022-07-15 12:57:33,0,0,9.273183,0,0,87.96992,2.255639,0,0
2022-07-15 12:57:32,0,0,10.526316,0.2506266,0,86.21554,2.255639,0.2506266,0.2506266
2022-07-15 12:57:31,0,0,10.552764,0.2512563,0,85.67839,2.763819,0,0.2512563
2022-07-15 12:57:30,0,0,12.81407,0.5025126,0,82.91457,2.763819,0.2512563,0.5025126
2022-07-15 12:57:29,0,0,10.473815,0.4987531,0,79.30175,3.990025,0.2493766,4.488778
2022-07-15 12:57:28,0,0,8.955224,0.4975124,0,84.57711,2.736318,0,2.487562
2022-07-15 12:57:27,0,0,8.02005,0.2506266,0,81.70426,4.761905,0.5012531,4.010025
2022-07-15 12:57:26,0,0,7.425743,0.4950495,0,83.41584,1.980198,0.4950495,4.950495
2022-07-15 12:57:25,0,0,7.920792,0.4950495,0,81.68317,3.217822,0,5.693069
2022-07-15 12:57:24,0,0,8.229426,0.2493766,0,86.78304,2.493766,0,1.745636
2022-07-15 12:57:23,0,0,5.19802,0.990099,0,78.9604,2.475248,0.2475248,10.148515
2022-07-15 12:57:22,0,0,8.5,0,0,82.25,2.5,0.25,5.75
2022-07-15 12:57:21,0,0,9.547739,0.5025126,0,85.17588,2.512563,0,2.01005
2022-07-15 12:57:20,0,0,9.798995,0,0,85.42714,3.015075,0.2512563,1.2562814
2022-07-15 12:57:19,0,0,8,0,0,88.25,2.5,0.25,0.75
2022-07-15 12:57:18,0,0,11.75,0.5,0,83.75,2.5,0.25,0.75
2022-07-15 12:57:17,0,0,8.706468,0,0,84.0796,2.736318,0.4975124,2.985075
2022-07-15 12:57:16,0,0,5.778894,0.7537688,0,83.9196,2.512563,0.5025126,5.025126
2022-07-15 12:57:15,0,0,5.721393,0.2487562,0,91.54229,1.2437811,0.2487562,0.4975124
2022-07-15 12:57:14,0,0,10,0.5,0,84.25,4.5,0.25,0.25
2022-07-15 12:57:13,0,0,11.027569,0.2506266,0,85.71429,2.506266,0.2506266,0
2022-07-15 12:57:12,0,0,11,0.25,0,85,2.5,0.25,0.5
2022-07-15 12:57:11,0,0,11.557789,0.2512563,0,84.17085,2.512563,0,0.7537688
2022-07-15 12:57:10,0,0,8.478803,0,0,87.2818,2.493766,0.2493766,0.4987531
2022-07-15 12:57:09,0,0,10.669975,0.248139,0,85.85608,2.48139,0.248139,0
2022-07-15 12:57:08,0,0,10.552764,0.2512563,0,86.93467,2.01005,0,0
2022-07-15 12:57:07,0,0,9.975062,0.4987531,0,83.04239,5.985037,0,0.2493766
2022-07-15 12:57:06,0,0,12.562814,0.5025126,0,82.41206,3.015075,0.2512563,0.5025126
2022-07-15 12:57:05,0,0,9.06801,0.2518892,0,86.1461,3.526448,0.2518892,0.2518892
2022-07-15 12:57:04,0,0,10.224439,0.2493766,0,85.28678,2.992519,0.2493766,0
2022-07-15 12:57:03,0,0,10.669975,0.7444169,0,85.85608,1.985112,0.248139,0.248139
2022-07-15 12:57:02,0,0,10.526316,0,0,86.21554,2.756892,0,0
2022-07-15 12:57:01,0,0,10,0.75,0,85.5,2.25,0.25,0.25
2022-07-15 12:57:00,0,0,11.442786,0,0,85.07463,2.736318,0.2487562,0
2022-07-15 12:56:59,0,0,10.301508,0.5025126,0,85.67839,3.015075,0,0.2512563
2022-07-15 12:56:58,0,0,8.933002,0.4962779,0,85.60794,2.977667,0.248139,0.4962779
2022-07-15 12:56:57,0,0,10.723192,0.2493766,0,85.53616,2.493766,0.2493766,0
2022-07-15 12:56:56,0,0,10.275689,0.5012531,0,85.21303,3.007519,0.5012531,0
2022-07-15 12:56:55,0,0,11.471322,0.2493766,0,85.53616,1.995012,0.2493766,0.2493766
2022-07-15 12:56:54,0,0,12.686567,0.2487562,0,82.58706,2.985075,0.2487562,0.2487562
2022-07-15 12:56:53,0,0,8.5,0.75,0,80.75,2.5,0.25,5
2022-07-15 12:56:52,0,0,7.673267,0.2475248,0,84.40594,3.217822,0.2475248,3.712871
2022-07-15 12:56:51,0,0,5.985037,0.4987531,0,80.798,2.992519,0.2493766,7.730673
2022-07-15 12:56:50,0,0,9.774436,0.2506266,0,84.21053,3.508772,0,1.754386
2022-07-15 12:56:49,0,0,6.947891,0.248139,0,85.60794,1.985112,0.248139,3.970223
2022-07-15 12:56:48,0,0,9.823678,0.5037783,0,84.13098,3.526448,0.2518892,1.511335
2022-07-15 12:56:47,0,0,6.633907,0.7371007,0,79.11548,2.457002,0.2457002,9.336609
2022-07-15 12:56:46,0,0,7.304786,0,0,85.39043,3.274559,0.2518892,3.274559
2022-07-15 12:56:45,0,0,7.730673,0.7481297,0,82.79302,2.992519,0.2493766,5.236908
2022-07-15 12:56:44,0,0,7.19603,0.248139,0,85.60794,1.985112,0.4962779,3.722084
2022-07-15 12:56:43,0,0,6.5,0.25,0,87.25,2,0.25,2.75
2022-07-15 12:56:42,0,0,10.669975,0.4962779,0,82.87841,1.985112,0.248139,2.48139
2022-07-15 12:56:41,0,0,10.224439,0.4987531,0,82.04489,3.740648,0.9975062,1.995012
2022-07-15 12:56:40,0,0,7.341772,0.5063291,0,85.56962,2.278481,0,2.78481
2022-07-15 12:56:39,0,0,10.447761,0.2487562,0,84.0796,2.736318,0.2487562,1.741294
2022-07-15 12:56:38,0,0,9.950249,0.2487562,0,84.32836,2.985075,0.2487562,1.741294
2022-07-15 12:56:37,0,0,6.78392,0.7537688,0,83.41709,2.512563,0,5.778894
2022-07-15 12:56:36,0,0,7.425743,0.4950495,0,81.18812,2.970297,0.4950495,6.683168
2022-07-15 12:56:35,0,0,5.289673,0,0,87.65743,2.015113,0.2518892,3.274559
2022-07-15 12:56:34,0,0,11.75,0.25,0,81,3.25,0.5,2.5
2022-07-15 12:56:33,0,0,6.17284,0.4938272,0,79.75309,3.703704,0.2469136,7.901235
2022-07-15 12:56:32,0,0,7.444169,0.4962779,0,83.12655,1.736973,0.4962779,4.218362
2022-07-15 12:56:31,0,0,6.234414,0.7481297,0,82.54364,2.743142,0.2493766,5.735661
2022-07-15 12:56:30,0,0,8.641975,0.4938272,0,78.02469,2.716049,0.7407407,5.679012
2022-07-15 12:56:29,0,0,7.481297,0.2493766,0,79.55112,2.992519,0.4987531,6.483791
2022-07-15 12:56:28,0,0,6.015038,0.5012531,0,80.70175,2.255639,0.5012531,8.521303
2022-07-15 12:56:27,0,0,7.920792,0.7425743,0,82.42574,2.970297,0.2475248,5.19802
2022-07-15 12:56:26,0,0,5.75,0.5,0,85,2.25,0,5.75
2022-07-15 12:56:25,0,0,8.270677,0.2506266,0,87.96992,2.756892,0,0.5012531
2022-07-15 12:56:24,0,0,11.19403,0.7462687,0,79.85075,2.985075,0,2.985075
2022-07-15 12:56:23,0,0,7.035176,0,0,89.19598,2.512563,0,0.5025126
2022-07-15 12:56:22,0,0,9.181141,0.4962779,0,87.59305,2.233251,0.248139,0
2022-07-15 12:56:21,0,0,10.606061,0.2525253,0,85.35354,2.525253,0.2525253,0.2525253
2022-07-15 12:56:20,0,0,12.030075,0,0,84.46115,3.007519,0.2506266,0.2506266
2022-07-15 12:56:19,0,0,11.027569,0.5012531,0,82.95739,2.506266,0.2506266,2.005013
2022-07-15 12:56:18,0,0,10.224439,0.7481297,0,82.79302,1.995012,0,2.743142
2022-07-15 12:56:17,0,0,5.985037,0,0,91.02244,1.995012,0.2493766,0
2022-07-15 12:56:16,0,0,12.25,0,0,84.25,2.5,0,0.25
2022-07-15 12:56:15,0,0,13.032581,0.5012531,0,83.45865,2.005013,0.2506266,0.5012531
2022-07-15 12:56:14,0,0,7.23192,0.2493766,0,89.77556,1.995012,0.2493766,0.2493766
2022-07-15 12:56:13,0,0,9.476309,0.2493766,0,83.54115,2.992519,0.2493766,2.743142
2022-07-15 12:56:12,0,0,11.528822,0.2506266,0,81.70426,3.007519,0.2506266,2.506266
2022-07-15 12:56:11,0,0,8.270677,0.2506266,0,86.21554,2.255639,0,2.005013
2022-07-15 12:56:10,0,0,8.955224,0.2487562,0,80.34826,3.233831,0.7462687,4.975124
2022-07-15 12:56:09,0,0,6.17284,0.2469136,0,84.93827,2.222222,0.2469136,3.950617
2022-07-15 12:56:08,0,0,8.72818,0.2493766,0,82.79302,2.992519,0.2493766,4.488778
2022-07-15 12:56:07,0,0,7.769424,0.5012531,0,85.21303,2.756892,0,1.754386
2022-07-15 12:56:06,0,0,4.773869,0.2512563,0,88.69347,1.758794,0.2512563,3.517588
2022-07-15 12:56:05,0,0,9.75,0.25,0,86.75,2.75,0,0
2022-07-15 12:56:04,0,0,10.669975,0.248139,0,86.10422,2.48139,0,0.248139
2022-07-15 12:56:03,0,0,10.327456,0.2518892,0,85.64232,2.770781,0,0.2518892
2022-07-15 12:56:02,0,0,10.473815,0.4987531,0,85.78554,2.992519,0.2493766,0
2022-07-15 12:56:01,0,0,13.316583,0.2512563,0,81.40704,3.768844,0.2512563,0.2512563
2022-07-15 12:56:00,0,0,7.25,0.25,0,88.75,3,0,0
2022-07-15 12:55:59,0,0,10.776942,0.5012531,0,85.71429,2.506266,0.2506266,0
2022-07-15 12:55:58,0,0,12.935323,0,0,83.83085,2.736318,0,0
2022-07-15 12:55:57,0,0,12,0.5,0,81.25,3.25,0,2.25
2022-07-15 12:55:56,0,0,8.208955,0.7462687,0,81.8408,2.736318,0.2487562,4.975124
2022-07-15 12:55:55,0,0,6.78392,0,0,84.42211,2.261307,0.2512563,5.025126
2022-07-15 12:55:54,0,0,8.060453,0.2518892,0,81.86398,3.02267,0,5.289673
2022-07-15 12:55:53,0,0,8.436725,0.248139,0,85.3598,2.729529,0.248139,2.48139
2022-07-15 12:55:52,0,0,7.25,0,0,86.5,3.25,0.25,2.5
2022-07-15 12:55:51,0,0,9.605911,0.7389163,0,78.81773,3.20197,0.2463054,5.665025
2022-07-15 12:55:50,0,0,7.25,0.25,0,85.5,3,0.25,2.5
2022-07-15 12:55:49,0,0,10.25,0,0,86.5,2.5,0,0.25
2022-07-15 12:55:48,0,0,7.920792,0.7425743,0,83.16832,2.475248,0.2475248,4.950495
2022-07-15 12:55:47,0,0,6.25,0.25,0,90,2,0.25,1
2022-07-15 12:55:46,0,0,8.270677,0.5012531,0,88.22055,2.255639,0,0.2506266
2022-07-15 12:55:45,0,0,10.723192,0.2493766,0,85.28678,2.493766,0.2493766,0.2493766
2022-07-15 12:55:44,0,0,12.311558,0.5025126,0,83.9196,2.01005,0.5025126,0.2512563
2022-07-15 12:55:43,0,0,7.444169,0.4962779,0,86.6005,2.977667,0.248139,1.2406948
2022-07-15 12:55:42,0,0,10.526316,0.2506266,0,86.21554,2.506266,0,0
2022-07-15 12:55:41,0,0,10.473815,0.2493766,0,86.03491,1.745636,0.2493766,0.4987531
2022-07-15 12:55:40,0,0,10.050251,0,0,86.1809,3.015075,0.2512563,0
2022-07-15 12:55:39,0,0,10.858586,0.5050505,0,85.60606,2.020202,0.5050505,0
2022-07-15 12:55:38,0,0,10.972569,0.2493766,0,85.03741,2.743142,0.4987531,0.2493766
2022-07-15 12:55:37,0,0,10.301508,0.2512563,0,84.42211,3.015075,0,1.0050251
2022-07-15 12:55:36,0,0,9.226933,0.2493766,0,87.03242,2.244389,0.4987531,0
2022-07-15 12:55:35,0,0,10.526316,0,0,85.46366,3.258145,0,0.2506266
2022-07-15 12:55:34,0,0,10.275689,0.5012531,0,86.21554,2.506266,0,0
2022-07-15 12:55:33,0,0,12,0.25,0,85.5,1.75,0.25,0
2022-07-15 12:55:32,0,0,10.199005,0.4975124,0,84.82587,3.233831,0.2487562,0.2487562
2022-07-15 12:55:31,0,0,8.585859,0,0,87.87879,2.020202,0,0.2525253
2022-07-15 12:55:30,0,0,10.473815,0.2493766,0,86.03491,2.493766,0.2493766,0.2493766
2022-07-15 12:55:29,0,0,10.723192,0.2493766,0,86.53367,1.995012,0.2493766,0
2022-07-15 12:55:28,0,0,10.025063,0.2506266,0,86.96742,2.005013,0.2506266,0
2022-07-15 12:55:27,0,0,10.918114,0.248139,0,85.60794,2.729529,0,0
2022-07-15 12:55:26,0,0,11.528822,0.2506266,0,84.21053,3.007519,0.5012531,0.2506266
2022-07-15 12:55:25,0,0,9.20398,0.4975124,0,85.32338,2.985075,0,0.9950249
2022-07-15 12:55:24,0,0,9.52381,0.2506266,0,87.96992,2.005013,0,0.2506266
2022-07-15 12:55:23,0,0,10.5,0.5,0,85,2.75,0.5,0.25
2022-07-15 12:55:22,0,0,11.25,0.25,0,85.5,2,0.5,0
2022-07-15 12:55:21,0,0,10.25,0.25,0,85.25,3,0,0.75
2022-07-15 12:55:20,0,0,10.80402,0.2512563,0,85.17588,2.512563,0.2512563,0.2512563
2022-07-15 12:55:19,0,0,13.466334,0.2493766,0,81.54613,3.491272,0.4987531,0.2493766
2022-07-15 12:55:18,0,0,8.72818,0.4987531,0,81.79551,3.740648,0,4.488778
2022-07-15 12:55:17,0,0,8.564232,0.2518892,0,85.64232,2.518892,0.7556675,2.015113
2022-07-15 12:55:16,0,0,5.940594,0.2475248,0,83.41584,1.980198,0.2475248,5.693069
2022-07-15 12:55:15,0,0,9.226933,0.4987531,0,84.53865,3.241895,0.4987531,1.4962594
2022-07-15 12:55:14,0,0,9.20398,0.2487562,0,84.0796,2.985075,0,2.985075
2022-07-15 12:55:13,0,0,6.683168,0.4950495,0,83.66337,3.217822,0.2475248,4.70297
2022-07-15 12:55:12,0,0,8.457711,0.2487562,0,82.08955,3.731343,0.2487562,4.228856
2022-07-15 12:55:11,0,0,9.022556,0.2506266,0,84.71178,3.508772,0,1.754386
2022-07-15 12:55:10,0,0,6.203474,1.2406948,0,78.66005,2.48139,0.248139,8.188586
2022-07-15 12:55:09,0,0,3.759398,0.2506266,0,91.4787,1.5037594,0.2506266,2.005013
2022-07-15 12:55:08,0,0,10.025063,0.2506266,0,84.96241,3.258145,0.2506266,0.5012531
2022-07-15 12:55:07,0,0,10.025063,0.2506266,0,85.21303,4.260652,0,0
2022-07-15 12:55:06,0,0,10.972569,0.2493766,0,86.28429,1.745636,0.2493766,0.2493766
2022-07-15 12:55:05,0,0,11.306533,0.2512563,0,85.92965,2.261307,0,0
2022-07-15 12:55:04,0,0,10.473815,0.2493766,0,86.28429,2.244389,0.2493766,0.2493766
2022-07-15 12:55:03,0,0,10.945274,0,0,85.8209,2.736318,0,0
2022-07-15 12:55:02,0,0,13.533835,0.2506266,0,82.95739,2.506266,0.5012531,0.2506266
2022-07-15 12:55:01,0,0,7.017544,0.2506266,0,89.47368,2.255639,0,0.2506266
2022-07-15 12:55:00,0,0,11.027569,0.2506266,0,85.46366,2.255639,0.2506266,0.2506266
2022-07-15 12:54:59,0,0,10.723192,0.2493766,0,85.78554,1.995012,0.4987531,0
2022-07-15 12:54:58,0,0,12.060302,0,0,84.67337,3.015075,0,0
2022-07-15 12:54:57,0,0,10.526316,0.5012531,0,85.46366,2.506266,0,0.2506266
2022-07-15 12:54:56,0,0,9.20398,0.4975124,0,87.06468,2.238806,0.2487562,0.2487562
2022-07-15 12:54:55,0,0,10.473815,0.2493766,0,86.28429,2.244389,0.2493766,0.2493766
2022-07-15 12:54:54,0,0,15.21197,0.4987531,0,80.798,2.992519,0.2493766,0
2022-07-15 12:54:53,0,0,9.5,0.5,0,80,3.5,0.5,4
2022-07-15 12:54:52,0,0,8.521303,0.2506266,0,86.71679,2.255639,0,2.005013
2022-07-15 12:54:51,0,0,8.478803,0.4987531,0,83.54115,2.743142,0.4987531,3.491272
2022-07-15 12:54:50,0,0,8.75,0.75,0,85,2.25,0.25,2.5
2022-07-15 12:54:49,0,0,6.467662,0.4975124,0,83.08458,2.985075,0.2487562,5.472637
2022-07-15 12:54:48,0,0,9.25,0.5,0,85.75,2.75,0.25,1
2022-07-15 12:54:47,0,0,9.226933,0.2493766,0,84.0399,2.992519,0,2.992519
2022-07-15 12:54:46,0,0,9.975062,0.2493766,0,84.0399,2.992519,0.2493766,1.995012
2022-07-15 12:54:45,0,0,4.938272,0.7407407,0,78.2716,2.716049,0.2469136,11.358025
2022-07-15 12:54:44,0,0,7.444169,0.4962779,0,85.60794,1.985112,0,3.722084
2022-07-15 12:54:43,0,0,5.223881,0.2487562,0,91.04478,1.741294,0.2487562,0.9950249
2022-07-15 12:54:42,0,0,9.798995,0,0,87.9397,1.5075377,0.2512563,0
2022-07-15 12:54:41,0,0,10.526316,0.2506266,0,85.71429,2.756892,0,0.2506266
2022-07-15 12:54:40,0,0,11.027569,0.2506266,0,85.96491,2.005013,0.2506266,0.2506266
2022-07-15 12:54:39,0,0,12.935323,0.2487562,0,84.0796,1.99005,0.2487562,0.2487562
2022-07-15 12:54:38,0,0,10.80402,0.5025126,0,80.65327,3.015075,0.2512563,4.020101
2022-07-15 12:54:37,0,0,7.901235,0.7407407,0,82.46914,2.716049,0.4938272,4.197531
2022-07-15 12:54:36,0,0,7.730673,0.2493766,0,83.04239,2.743142,0.2493766,4.987531
2022-07-15 12:54:35,0,0,7.26817,0.2506266,0,88.97243,1.754386,0.2506266,0.7518797
2022-07-15 12:54:34,0,0,8.79397,0,0,88.19095,2.01005,0.2512563,0.2512563
2022-07-15 12:54:33,0,0,9.701493,0.4975124,0,87.31343,0.9950249,0.2487562,0.4975124
2022-07-15 12:54:32,0,0,9.701493,0.4975124,0,86.31841,2.487562,0.2487562,0
2022-07-15 12:54:31,0,0,10.552764,0.2512563,0,85.17588,3.015075,0.2512563,0.2512563
2022-07-15 12:54:30,0,0,10.447761,0.7462687,0,86.31841,1.99005,0.2487562,0
2022-07-15 12:54:29,0,0,10.776942,0.5012531,0,84.96241,3.007519,0.2506266,0
2022-07-15 12:54:28,0,0,10.5,0.5,0,86.25,2.25,0.25,0.25
2022-07-15 12:54:27,0,0,15,0.25,0,79.25,4,0.25,0.5
2022-07-15 12:54:26,0,0,8.5,0,0,83.75,3.25,0,3.5
2022-07-15 12:54:25,0,0,7.960199,0.7462687,0,83.58209,1.99005,0.2487562,4.975124
2022-07-15 12:54:24,0,0,7.178218,0.7425743,0,86.63366,1.980198,0.2475248,2.970297
2022-07-15 12:54:23,0,0,8.229426,0,0,88.2793,1.995012,0.2493766,0.7481297
2022-07-15 12:54:22,0,0,8.72818,0.2493766,0,84.53865,3.241895,0,2.244389
2022-07-15 12:54:21,0,0,7.808564,0.2518892,0,89.16877,1.511335,0,0.5037783
2022-07-15 12:54:20,0,0,10.301508,0.2512563,0,87.43719,1.2562814,0.2512563,0
2022-07-15 12:54:19,0,0,10.75,0.75,0,84.25,3.5,0.25,0
2022-07-15 12:54:18,0,0,10.199005,0.2487562,0,85.32338,3.233831,0.2487562,0.2487562
2022-07-15 12:54:17,0,0,11.027569,0.2506266,0,85.46366,2.506266,0.2506266,0
2022-07-15 12:54:16,0,0,11.055276,0.5025126,0,84.92462,2.763819,0.2512563,0.2512563
2022-07-15 12:54:15,0,0,11.557789,0,0,84.92462,2.512563,0,0.5025126
2022-07-15 12:54:14,0,0,9.452736,0.2487562,0,86.06965,2.736318,0.4975124,0.4975124
2022-07-15 12:54:13,0,0,10.25,0.25,0,86.75,2.25,0,0.25
2022-07-15 12:54:12,0,0,10.447761,0.4975124,0,85.8209,2.985075,0,0
2022-07-15 12:54:11,0,0,11.64557,0.2531646,0,84.05063,3.037975,0.2531646,0.5063291
2022-07-15 12:54:10,0,0,10.972569,0,0,84.28928,2.244389,0.2493766,1.2468828
2022-07-15 12:54:09,0,0,9.725686,0.2493766,0,87.53117,1.995012,0,0
2022-07-15 12:54:08,0,0,15.538847,0.5012531,0,79.69925,4.260652,0,0
2022-07-15 12:54:07,0,0,6.683168,0.7425743,0,81.43564,2.475248,0.2475248,5.940594
2022-07-15 12:54:06,0,0,5.223881,0.4975124,0,91.04478,1.741294,0.2487562,1.2437811
2022-07-15 12:54:05,0,0,10.152284,0.2538071,0,87.30964,1.77665,0,0
2022-07-15 12:54:04,0,0,11.633663,0.2475248,0,84.40594,2.722772,0.2475248,0.4950495
2022-07-15 12:54:03,0,0,11.25,0.5,0,84.5,2.75,0.25,0.25
2022-07-15 12:54:02,0,0,13.25,0.5,0,82.75,2.75,0.25,0.25
2022-07-15 12:54:01,0,0,9.725686,0.2493766,0,82.29426,2.992519,0.2493766,3.740648
2022-07-15 12:54:00,0,0,8.478803,0.7481297,0,82.54364,3.491272,0.2493766,3.740648
2022-07-15 12:53:59,0,0,7.444169,0.4962779,0,82.87841,2.48139,0.248139,4.218362
2022-07-15 12:53:58,0,0,6.188119,0.7425743,0,82.67327,2.722772,0.2475248,5.445545
2022-07-15 12:53:57,0,0,9.876543,0.4938272,0,84.93827,1.975309,0.2469136,1.975309
2022-07-15 12:53:56,0,0,7.960199,0.7462687,0,83.83085,2.985075,0.2487562,3.731343
2022-07-15 12:53:55,0,0,9.975062,0.7481297,0,83.54115,3.491272,0,1.4962594
2022-07-15 12:53:54,0,0,8.910891,0.4950495,0,81.68317,2.475248,0.4950495,4.455446
2022-07-15 12:53:53,0,0,8.72818,0.4987531,0,83.29177,2.493766,0,3.990025
2022-07-15 12:53:52,0,0,5.263158,1.0025063,0,80.2005,2.005013,0.5012531,8.02005
2022-07-15 12:53:51,0,0,5.925926,0.9876543,0,78.2716,2.962963,0.2469136,8.888889
2022-07-15 12:53:50,0,0,4.962779,0.4962779,0,85.60794,1.4888337,0.248139,4.962779
2022-07-15 12:53:49,0,0,7.017544,0.2506266,0,89.97494,2.005013,0.2506266,0.2506266
2022-07-15 12:53:48,0,0,10.80402,0.2512563,0,86.43216,2.261307,0,0
2022-07-15 12:53:47,0,0,11.75,0.5,0,84,2.75,0.25,0.5
2022-07-15 12:53:46,0,0,9.452736,0,0,84.57711,2.238806,0.2487562,2.985075
2022-07-15 12:53:45,0,0,9.296482,0.2512563,0,87.9397,2.261307,0,0
2022-07-15 12:53:44,0,0,10.75,0.5,0,85.75,2.25,0,0
2022-07-15 12:53:43,0,0,10.972569,0.2493766,0,84.53865,3.241895,0.4987531,0.2493766
2022-07-15 12:53:42,0,0,10.886076,0.2531646,0,85.56962,2.78481,0.2531646,0
2022-07-15 12:53:41,0,0,11.940299,0.2487562,0,83.58209,2.985075,0,0.2487562
2022-07-15 12:53:40,0,0,13.350126,0,0,82.87154,2.267003,0.2518892,0.7556675
2022-07-15 12:53:39,0,0,7.616708,0.4914005,0,77.64128,2.702703,0.2457002,8.599509
2022-07-15 12:53:38,0,0,5.513784,0.2506266,0,84.46115,2.005013,0.5012531,5.764411
2022-07-15 12:53:37,0,0,8.75,0.25,0,89,1.25,0.25,0.5
2022-07-15 12:53:36,0,0,9.774436,0,0,85.46366,3.007519,0.2506266,1.0025063
2022-07-15 12:53:35,0,0,6.716418,0.4975124,0,86.31841,2.238806,0.2487562,2.487562
2022-07-15 12:53:34,0,0,11.111111,0.2525253,0,85.35354,2.777778,0,0
2022-07-15 12:53:33,0,0,9.226933,0.2493766,0,87.78055,1.995012,0.2493766,0.2493766
2022-07-15 12:53:32,0,0,13.715711,0,0,82.29426,3.241895,0.2493766,0.2493766
2022-07-15 12:53:31,0,0,9.045226,0.5025126,0,83.66834,2.01005,0,3.266332
2022-07-15 12:53:30,0,0,6.982544,0.2493766,0,89.77556,2.244389,0.2493766,0.2493766
2022-07-15 12:53:29,0,0,10.696517,0.7462687,0,85.07463,2.487562,0.2487562,0.2487562
2022-07-15 12:53:28,0,0,10,0,0,87,2.5,0,0.25
2022-07-15 12:53:27,0,0,12.060302,0,0,83.66834,3.015075,0.2512563,0.5025126
2022-07-15 12:53:26,0,0,10.75,0.25,0,85.25,2.5,0.25,0.25
2022-07-15 12:53:25,0,0,9.52381,0.5012531,0,85.71429,2.255639,0.2506266,0.7518797
2022-07-15 12:53:24,0,0,10.526316,0.2506266,0,85.96491,2.506266,0.2506266,0.2506266
2022-07-15 12:53:23,0,0,7.920792,0.4950495,0,82.92079,2.722772,0,5.445545
2022-07-15 12:53:22,0,0,11.471322,0.2493766,0,83.79052,2.493766,0.2493766,0.4987531
2022-07-15 12:53:21,0,0,5,0.25,0,91.25,2,0.25,0.5
2022-07-15 12:53:20,0,0,10.421836,0,0,86.35236,2.233251,0.248139,0.248139
2022-07-15 12:53:19,0,0,11.278195,0,0,85.96491,2.506266,0.2506266,0
2022-07-15 12:53:18,0,0,13.784461,0.2506266,0,82.20551,2.255639,0.2506266,0.7518797
2022-07-15 12:53:17,0,0,7.75,0,0,89.25,1.5,0.25,1.25
2022-07-15 12:53:16,0,0,9.476309,0.4987531,0,86.78304,1.995012,0.2493766,0.7481297
2022-07-15 12:53:15,0,0,12.280702,0,0,83.20802,2.506266,0.2506266,1.0025063
2022-07-15 12:53:14,0,0,7.75,0.25,0,89.5,1.75,0.5,0.25
2022-07-15 12:53:13,0,0,10.5,0.5,0,85.5,2.25,0.25,0.25
2022-07-15 12:53:12,0,0,13.75,0.25,0,82.25,3,0,0.5
2022-07-15 12:53:11,0,0,10.224439,0.2493766,0,80.54863,2.743142,0.4987531,4.239401
2022-07-15 12:53:10,0,0,7.21393,0.9950249,0,84.57711,2.736318,0.2487562,3.731343
2022-07-15 12:53:09,0,0,11.306533,0.2512563,0,85.92965,2.01005,0,0.2512563
2022-07-15 12:53:08,0,0,2.919708,1.703163,0,71.53285,2.676399,0.486618,14.59854
2022-07-15 12:53:07,0,0,5.925926,0.4938272,0,85.18519,2.222222,0.2469136,4.691358
2022-07-15 12:53:06,0,0,7.98005,0.7481297,0,86.03491,2.244389,0.2493766,2.244389
2022-07-15 12:53:05,0,0,8.77193,0.2506266,0,88.47118,1.754386,0.2506266,0
2022-07-15 12:53:04,0,0,10.39604,0.4950495,0,86.88119,1.4851485,0,0.2475248
2022-07-15 12:53:03,0,0,8.816121,0.2518892,0,88.66499,1.2594458,0,0.2518892
2022-07-15 12:53:02,0,0,10.224439,0.4987531,0,85.53616,2.992519,0.2493766,0.2493766
2022-07-15 12:53:01,0,0,10.831234,0.2518892,0,85.13854,2.518892,0.2518892,0
2022-07-15 12:53:00,0,0,11.809045,0.2512563,0,83.16583,3.517588,0,0.5025126
2022-07-15 12:52:59,0,0,8.270677,0.2506266,0,87.7193,2.255639,0.2506266,0.7518797
2022-07-15 12:52:58,0,0,11.335013,0.5037783,0,84.88665,2.267003,0,0.2518892
2022-07-15 12:52:57,0,0,10.025063,0,0,86.46617,2.756892,0.2506266,0
2022-07-15 12:52:56,0,0,10.723192,0.2493766,0,85.78554,2.493766,0,0.2493766
2022-07-15 12:52:55,0,0,11.691542,0.7462687,0,84.32836,2.487562,0.2487562,0.2487562
2022-07-15 12:52:54,0,0,8.77193,0.5012531,0,86.71679,3.258145,0.2506266,0
2022-07-15 12:52:53,0,0,10.776942,0.2506266,0,86.71679,2.005013,0,0
2022-07-15 12:52:52,0,0,11.691542,0.2487562,0,83.08458,3.731343,0.4975124,0.2487562
2022-07-15 12:52:51,0,0,9.273183,0.5012531,0,86.71679,2.255639,0,0.5012531
2022-07-15 12:52:50,0,0,10.723192,0.2493766,0,86.03491,2.493766,0,0
2022-07-15 12:52:49,0,0,16.25,0.5,0,77.5,3.5,0.25,1.5
2022-07-15 12:52:48,0,0,6.716418,0.2487562,0,83.58209,2.238806,0.2487562,4.975124
2022-07-15 12:52:47,0,0,4.726368,0.9950249,0,78.35821,2.238806,0,10.696517
2022-07-15 12:52:46,0,0,5.707196,0.248139,0,77.91563,3.473945,0.248139,8.933002
2022-07-15 12:52:45,0,0,7.23192,0.2493766,0,85.28678,2.493766,0.4987531,3.241895
2022-07-15 12:52:44,0,0,8.977556,0.4987531,0,85.78554,2.743142,0.2493766,1.2468828
2022-07-15 12:52:43,0,0,8.168317,0.4950495,0,83.66337,3.217822,0.4950495,3.465347
2022-07-15 12:52:42,0,0,7.98005,0.4987531,0,83.79052,2.992519,0.4987531,3.491272
2022-07-15 12:52:41,0,0,7.940447,0.7444169,0,85.3598,2.48139,0,2.729529
2022-07-15 12:52:40,0,0,7.26817,0.5012531,0,82.45614,2.506266,0.5012531,5.263158
2022-07-15 12:52:39,0,0,7.75,0.25,0,85,3,0.25,3
2022-07-15 12:52:38,0,0,8.291457,0,0,80.90452,3.266332,0.2512563,6.281407
2022-07-15 12:52:37,0,0,7.462687,0.4975124,0,86.31841,2.487562,0.2487562,1.99005
2022-07-15 12:52:36,0,0,6.733167,0.2493766,0,84.0399,2.743142,0.2493766,4.239401
2022-07-15 12:52:35,0,0,7.23192,0.4987531,0,88.52868,1.995012,0.7481297,0.4987531
2022-07-15 12:52:34,0,0,8.270677,0,0,86.21554,3.007519,0,1.754386
2022-07-15 12:52:33,0,0,11.166253,0.4962779,0,85.11166,1.985112,0.4962779,0.248139
2022-07-15 12:52:32,0,0,10.776942,0.2506266,0,86.46617,1.754386,0.2506266,0.2506266
2022-07-15 12:52:31,0,0,9.75,0.25,0,84.75,3.25,0.25,0.5
2022-07-15 12:52:30,0,0,10,0.25,0,86.5,2.5,0.25,0.25
2022-07-15 12:52:29,0,0,11.809045,0.5025126,0,84.42211,2.512563,0,0
2022-07-15 12:52:28,0,0,8.955224,0,0,87.56219,2.736318,0.2487562,0.2487562
2022-07-15 12:52:27,0,0,10.301508,0,0,84.67337,4.271357,0,0.2512563
2022-07-15 12:52:26,0,0,10.80402,0,0,85.42714,3.015075,0.2512563,0
2022-07-15 12:52:25,0,0,11.335013,0.5037783,0,84.63476,3.02267,0.2518892,0
2022-07-15 12:52:24,0,0,9.25,0.25,0,87.25,2.25,0.25,0
2022-07-15 12:52:23,0,0,11.970075,0,0,83.79052,2.992519,0.2493766,0.2493766
2022-07-15 12:52:22,0,0,9,0.25,0,88.25,2.25,0.25,0
2022-07-15 12:52:21,0,0,10.75,0.25,0,83.5,3.5,0,0.25
2022-07-15 12:52:20,0,0,11.221945,0.2493766,0,84.78803,3.241895,0.2493766,0
2022-07-15 12:52:19,0,0,9.25,0.5,0,86,2.75,0.25,0.75
2022-07-15 12:52:18,0,0,14.46384,0.4987531,0,80.04988,4.488778,0.2493766,0.2493766
2022-07-15 12:52:17,0,0,7.920792,0.7425743,0,76.23762,3.217822,0.2475248,9.653465
2022-07-15 12:52:16,0,0,4.511278,0.5012531,0,78.19549,3.258145,0,10.275689
2022-07-15 12:52:15,0,0,7.920792,0.7425743,0,82.42574,3.217822,0,3.465347
2022-07-15 12:52:14,0,0,9.975062,0,0,84.53865,3.241895,0.4987531,1.4962594
2022-07-15 12:52:13,0,0,8.229426,0.7481297,0,83.29177,3.491272,0.2493766,3.491272
2022-07-15 12:52:12,0,0,7.23192,0.7481297,0,84.28928,2.992519,0.2493766,2.493766
2022-07-15 12:52:11,0,0,7.371007,0.982801,0,76.65848,2.702703,0.4914005,8.845209
2022-07-15 12:52:10,0,0,8.5,0.5,0,83,2.5,0.5,3.75
2022-07-15 12:52:09,0,0,8.02005,0.7518797,0,82.70677,2.506266,0.2506266,4.010025
2022-07-15 12:52:08,0,0,5.5,0.5,0,86,2.75,0.5,3.25
2022-07-15 12:52:07,0,0,10.918114,0.7444169,0,80.39702,2.977667,0.248139,3.473945
2022-07-15 12:52:06,0,0,6.281407,0.2512563,0,87.18593,2.763819,0.2512563,2.763819
2022-07-15 12:52:05,0,0,8.291457,0,0,87.43719,3.266332,0,0
2022-07-15 12:52:04,0,0,9.975062,0.2493766,0,85.78554,2.743142,0.2493766,0.2493766
2022-07-15 12:52:03,0,0,10.696517,0.2487562,0,86.06965,2.238806,0.2487562,0
2022-07-15 12:52:02,0,0,11.557789,0.2512563,0,84.42211,3.015075,0.2512563,0.2512563
2022-07-15 12:52:01,0,0,9.045226,0.2512563,0,87.68844,2.01005,0.2512563,0
2022-07-15 12:52:00,0,0,10.972569,0.2493766,0,84.53865,3.241895,0.2493766,0
2022-07-15 12:51:59,0,0,13.18408,0.2487562,0,82.33831,2.736318,0.4975124,0.4975124
2022-07-15 12:51:58,0,0,9.547739,0.2512563,0,84.67337,2.763819,0.2512563,2.261307
2022-07-15 12:51:57,0,0,7.75,0,0,86.75,2.25,0,2.25
2022-07-15 12:51:56,0,0,7.5,0,0,87.5,2.25,0.25,1.75
2022-07-15 12:51:55,0,0,6.666667,0.4938272,0,86.17284,1.975309,0.2469136,3.703704
2022-07-15 12:51:54,0,0,10.050251,0.2512563,0,87.68844,1.758794,0,0
2022-07-15 12:51:53,0,0,10,0.25,0,85,2.75,0.25,1
2022-07-15 12:51:52,0,0,9.677419,0.248139,0,87.09677,2.233251,0.248139,0
2022-07-15 12:51:51,0,0,10.353535,0.5050505,0,85.85859,2.272727,0,0.2525253
2022-07-15 12:51:50,0,0,15.5,0.25,0,81.5,2.25,0.25,0.25
2022-07-15 12:51:49,0,0,8.270677,0,0,85.96491,2.756892,0.2506266,2.005013
2022-07-15 12:51:48,0,0,9.42928,0.4962779,0,84.36725,2.977667,0.248139,1.985112
2022-07-15 12:51:47,0,0,7.711443,0.4975124,0,80.34826,2.487562,0.2487562,6.467662
2022-07-15 12:51:46,0,0,8.5,0.25,0,85.5,2.25,0.5,2.75
2022-07-15 12:51:45,0,0,7.23192,0.7481297,0,84.53865,2.493766,0,4.239401
2022-07-15 12:51:44,0,0,7.19603,0.248139,0,81.14144,3.225806,0.4962779,5.955335
2022-07-15 12:51:43,0,0,7.462687,0.2487562,0,84.57711,2.238806,0,4.975124
2022-07-15 12:51:42,0,0,8.415842,0.2475248,0,81.43564,2.970297,0.4950495,5.445545
2022-07-15 12:51:41,0,0,8.663366,0.7425743,0,82.67327,2.970297,0,2.970297
2022-07-15 12:51:40,0,0,7.23192,0.4987531,0,80.29925,2.992519,0.4987531,6.982544
2022-07-15 12:51:39,0,0,6.716418,0.2487562,0,83.83085,1.99005,0.2487562,5.721393
2022-07-15 12:51:38,0,0,6.699752,0.4962779,0,81.14144,2.977667,0,5.210918
2022-07-15 12:51:37,0,0,5.472637,0.4975124,0,85.57214,2.736318,0.2487562,4.726368
2022-07-15 12:51:36,0,0,7.5,0.25,0,88.75,3,0,0.25
2022-07-15 12:51:35,0,0,9.181141,0.248139,0,86.84864,2.729529,0,0
2022-07-15 12:51:34,0,0,10.526316,0,0,86.46617,2.255639,0,0.2506266
2022-07-15 12:51:33,0,0,11.557789,0.5025126,0,84.42211,3.266332,0,0
2022-07-15 12:51:32,0,0,10.5,0.25,0,86.25,2.25,0.25,0.25
2022-07-15 12:51:31,0,0,14.713217,0.2493766,0,79.30175,3.740648,0.2493766,0.7481297
2022-07-15 12:51:30,0,0,6.982544,0.2493766,0,83.29177,2.992519,0.2493766,5.236908
2022-07-15 12:51:29,0,0,8,0.25,0,86,2.75,0.5,1.5
2022-07-15 12:51:28,0,0,7.017544,0.2506266,0,87.21805,3.007519,0.2506266,2.005013
2022-07-15 12:51:27,0,0,9.975062,0.4987531,0,84.53865,2.992519,0.2493766,1.2468828
2022-07-15 12:51:26,0,0,8.77193,0.2506266,0,88.7218,1.754386,0,0.2506266
2022-07-15 12:51:25,0,0,12.655087,0.4962779,0,83.87097,2.233251,0.248139,0.248139
2022-07-15 12:51:24,0,0,11.75,0.25,0,80,3.5,0.25,3.5
2022-07-15 12:51:23,0,0,7.960199,0.2487562,0,85.32338,2.985075,0.2487562,2.487562
2022-07-15 12:51:22,0,0,10.327456,0.2518892,0,86.1461,2.267003,0,0.5037783
2022-07-15 12:51:21,0,0,8.128079,0.4926108,0,79.31034,2.955665,0.2463054,7.389163
2022-07-15 12:51:20,0,0,4.70297,0.990099,0,74.25743,2.970297,0.2475248,12.623762
2022-07-15 12:51:19,0,0,4.176904,0.982801,0,69.77887,2.702703,0.4914005,16.216216
2022-07-15 12:51:18,0,0,4.176904,0.7371007,0,73.21867,2.457002,0.4914005,12.530713
2022-07-15 12:51:17,0,0,3.217822,0.4950495,0,69.55446,2.475248,0.2475248,16.089109
2022-07-15 12:51:16,0,0,4.466501,1.4888337,0,77.17122,3.225806,0.248139,9.42928
2022-07-15 12:51:15,0,0,7.654321,0.4938272,0,79.25926,2.962963,0.2469136,7.407407
2022-07-15 12:51:14,0,0,6.5,0.5,0,81,3,0.25,5.75
2022-07-15 12:51:13,0,0,8.25,0.25,0,85.5,2.25,0.25,3
2022-07-15 12:51:12,0,0,9.359606,0.7389163,0,82.75862,3.20197,0.2463054,2.70936
2022-07-15 12:51:11,0,0,6.030151,0.2512563,0,82.66332,2.512563,0.5025126,5.276382
2022-07-15 12:51:10,0,0,9.476309,0.4987531,0,81.79551,2.244389,0,3.990025
2022-07-15 12:51:09,0,0,6.234414,0.7481297,0,82.04489,2.493766,0.2493766,5.985037
2022-07-15 12:51:08,0,0,7.23192,0.4987531,0,85.78554,1.995012,0,4.239401
2022-07-15 12:51:07,0,0,8.188586,0.7444169,0,85.60794,2.233251,0.248139,2.233251
2022-07-15 12:51:06,0,0,8,0.25,0,80.5,3,0.25,6.75
2022-07-15 12:51:05,0,0,6.435644,0.990099,0,80.69307,2.475248,0.4950495,6.188119
2022-07-15 12:51:04,0,0,7.98005,0.2493766,0,82.54364,2.992519,0.2493766,4.488778
2022-07-15 12:51:03,0,0,6.716418,0.4975124,0,84.32836,1.99005,0.2487562,4.975124
2022-07-15 12:51:02,0,0,8.478803,0.7481297,0,82.29426,2.493766,0.2493766,4.987531
2022-07-15 12:51:01,0,0,8.684864,0.248139,0,85.3598,2.977667,0,2.48139
2022-07-15 12:51:00,0,0,8.040201,0.7537688,0,81.90955,3.015075,0.2512563,3.768844
2022-07-15 12:50:59,0,0,4.987531,0.2493766,0,91.5212,1.995012,0,0.7481297
2022-07-15 12:50:58,0,0,14.676617,0.2487562,0,82.58706,1.741294,0.2487562,0.2487562
2022-07-15 12:50:57,0,0,8.77193,0.2506266,0,79.69925,3.759398,0.2506266,5.513784
2022-07-15 12:50:56,0,0,5.223881,0.7462687,0,83.33333,2.238806,0,6.965174
2022-07-15 12:50:55,0,0,4.926108,0.7389163,0,75.36946,2.955665,0.4926108,11.330049
2022-07-15 12:50:54,0,0,8.977556,0,0,86.78304,2.493766,0.4987531,0.7481297
2022-07-15 12:50:53,0,0,10.972569,0.4987531,0,84.28928,2.743142,0.2493766,0.9975062
2022-07-15 12:50:52,0,0,8.208955,0.2487562,0,81.8408,3.9801,0,4.975124
2022-07-15 12:50:51,0,0,7.017544,0.2506266,0,83.70927,2.255639,0.5012531,5.012531
2022-07-15 12:50:50,0,0,7.462687,0.4975124,0,86.81592,1.99005,0.2487562,2.238806
2022-07-15 12:50:49,0,0,10,0,0,86.25,2.5,0.25,0.75
2022-07-15 12:50:48,0,0,7.444169,0.248139,0,82.63027,2.977667,0.248139,5.707196
2022-07-15 12:50:47,0,0,10.275689,0.2506266,0,85.96491,3.007519,0.2506266,0
2022-07-15 12:50:46,0,0,8.955224,0.4975124,0,86.06965,2.985075,0.2487562,0.4975124
2022-07-15 12:50:45,0,0,10.776942,0.2506266,0,85.96491,2.255639,0.5012531,0
2022-07-15 12:50:44,0,0,12.25,0.25,0,83.5,3,0,0.25
2022-07-15 12:50:43,0,0,9.5,0.5,0,87,2.75,0.25,0
2022-07-15 12:50:42,0,0,10.199005,0,0,86.06965,2.487562,0.2487562,0.2487562
2022-07-15 12:50:41,0,0,10.831234,0.2518892,0,84.63476,2.770781,0.2518892,0.2518892
2022-07-15 12:50:40,0,0,10.552764,0.5025126,0,86.1809,2.261307,0,0.2512563
2022-07-15 12:50:39,0,0,10.723192,0,0,86.53367,2.244389,0.2493766,0
2022-07-15 12:50:38,0,0,11.75,0.25,0,84,2.75,0.25,0.25
2022-07-15 12:50:37,0,0,14.321608,0.5025126,0,81.40704,3.015075,0.2512563,0.2512563
2022-07-15 12:50:36,0,0,5.223881,0.2487562,0,83.83085,2.487562,0,6.716418
2022-07-15 12:50:35,0,0,7.940447,0.248139,0,89.08189,1.985112,0.4962779,0
2022-07-15 12:50:34,0,0,9.022556,0.2506266,0,87.46867,2.255639,0,0.2506266
2022-07-15 12:50:33,0,0,11.809045,0.2512563,0,85.42714,2.261307,0,0
2022-07-15 12:50:32,0,0,9.975062,0.2493766,0,86.03491,2.743142,0.2493766,0
2022-07-15 12:50:31,0,0,10.275689,0.2506266,0,86.71679,2.005013,0,0.2506266
2022-07-15 12:50:30,0,0,10.723192,0.4987531,0,85.28678,2.992519,0.2493766,0
2022-07-15 12:50:29,0,0,10.526316,0.2506266,0,85.46366,2.506266,0,0.2506266
2022-07-15 12:50:28,0,0,10.5,0.25,0,86.5,1.75,0.25,0
2022-07-15 12:50:27,0,0,12.718204,0.4987531,0,82.79302,2.992519,0.2493766,0.2493766
2022-07-15 12:50:26,0,0,7.769424,0.2506266,0,86.71679,2.255639,0,2.255639
2022-07-15 12:50:25,0,0,11.471322,0.7481297,0,84.53865,2.493766,0.2493766,0.2493766
2022-07-15 12:50:24,0,0,10.526316,0.5012531,0,84.21053,3.258145,0.2506266,0.2506266
2022-07-15 12:50:23,0,0,10.5,0.5,0,84.25,2.75,0,1.25
2022-07-15 12:50:22,0,0,9,0.5,0,87.75,1.5,0.5,0.25
2022-07-15 12:50:21,0,0,14.46384,0,0,82.54364,1.995012,0,0.4987531
2022-07-15 12:50:20,0,0,6.982544,0.7481297,0,83.54115,2.743142,0.2493766,4.738155
2022-07-15 12:50:19,0,0,8.75,0,0,88.5,2,0,0.25
2022-07-15 12:50:18,0,0,13.930348,0.4975124,0,82.33831,2.487562,0.2487562,0.2487562
2022-07-15 12:50:17,0,0,4.5,0,0,92.25,1.5,0.25,1.25
2022-07-15 12:50:16,0,0,10.80402,0,0,85.67839,2.763819,0,0.5025126
2022-07-15 12:50:15,0,0,14.536341,0,0,82.70677,2.255639,0,0.2506266
2022-07-15 12:50:14,0,0,9.226933,0.2493766,0,86.28429,2.493766,0.4987531,0.4987531
2022-07-15 12:50:13,0,0,9.52381,0.2506266,0,84.96241,2.255639,0,2.506266
2022-07-15 12:50:12,0,0,8.457711,0,0,87.06468,2.736318,0.2487562,1.2437811
2022-07-15 12:50:11,0,0,11.662531,0.7444169,0,80.64516,2.729529,0.248139,3.225806
2022-07-15 12:50:10,0,0,6.91358,0.9876543,0,82.71605,2.222222,0.2469136,5.185185
2022-07-15 12:50:09,0,0,7.035176,0.5025126,0,81.90955,2.512563,0.5025126,6.281407
2022-07-15 12:50:08,0,0,5.764411,0.5012531,0,82.95739,2.506266,0,5.263158
2022-07-15 12:50:07,0,0,10.75,0,0,83.75,2.75,0.25,2
2022-07-15 12:50:06,0,0,4.75,0.5,0,90.75,1.75,0,1.25
2022-07-15 12:50:05,0,0,10.421836,0.248139,0,86.10422,2.233251,0.4962779,0.248139
2022-07-15 12:50:04,0,0,12,0.25,0,84.5,2.75,0,0.25
2022-07-15 12:50:03,0,0,10.025063,0.2506266,0,85.71429,2.756892,0.2506266,0.2506266
2022-07-15 12:50:02,0,0,10,0.25,0,86,2.75,0.25,0
2022-07-15 12:50:01,0,0,12.158809,0,0,83.62283,2.48139,0.248139,0.4962779
2022-07-15 12:50:00,0,0,9.848485,0.2525253,0,86.61616,2.525253,0,0
2022-07-15 12:49:59,0,0,8.933002,0.248139,0,87.09677,2.233251,0,0.7444169
2022-07-15 12:49:58,0,0,10.275689,0.2506266,0,87.46867,1.754386,0.2506266,0
2022-07-15 12:49:57,0,0,12.437811,0,0,83.08458,3.482587,0.2487562,0.2487562
2022-07-15 12:49:56,0,0,8.5,0.75,0,86.25,2.75,0,1.25
2022-07-15 12:49:55,0,0,10.776942,0.2506266,0,85.46366,2.506266,0.2506266,0.2506266
2022-07-15 12:49:54,0,0,10.421836,0.4962779,0,85.85608,2.233251,0.248139,0.248139
2022-07-15 12:49:53,0,0,11.306533,0.2512563,0,85.67839,2.512563,0,0
2022-07-15 12:49:52,0,0,13.151365,0.248139,0,82.134,3.225806,0.248139,0.7444169
2022-07-15 12:49:51,0,0,8.312343,1.0075567,0,83.87909,2.267003,0.2518892,3.274559
2022-07-15 12:49:50,0,0,8.457711,0.2487562,0,84.32836,3.731343,0.2487562,2.487562
2022-07-15 12:49:49,0,0,8.77193,0,0,88.22055,2.005013,0,0.5012531
2022-07-15 12:49:48,0,0,8.77193,0.2506266,0,86.71679,2.255639,0.2506266,0.5012531
2022-07-15 12:49:47,0,0,10.075567,0.2518892,0,87.65743,1.2594458,0.2518892,0.2518892
2022-07-15 12:49:46,0,0,10.447761,0.4975124,0,86.56716,1.4925373,0.2487562,0.2487562
2022-07-15 12:49:45,0,0,10.526316,0.2506266,0,82.95739,3.007519,0.2506266,2.756892
2022-07-15 12:49:44,0,0,9.52381,0.2506266,0,86.71679,2.756892,0,0
2022-07-15 12:49:43,0,0,10.75,0.5,0,85.5,2.25,0.25,0
2022-07-15 12:49:42,0,0,10.723192,0.2493766,0,86.53367,1.745636,0.2493766,0.2493766
2022-07-15 12:49:41,0,0,10.831234,0.2518892,0,85.64232,2.518892,0,0
2022-07-15 12:49:40,0,0,11.970075,0.4987531,0,84.53865,2.244389,0,0.2493766
2022-07-15 12:49:39,0,0,9.226933,0.4987531,0,86.28429,2.743142,0.4987531,0.2493766
2022-07-15 12:49:38,0,0,10.552764,0.2512563,0,85.67839,2.763819,0.2512563,0
2022-07-15 12:49:37,0,0,12.846348,0.2518892,0,83.6272,2.518892,0,0.5037783
2022-07-15 12:49:36,0,0,8.208955,0.2487562,0,86.06965,2.487562,0.4975124,1.741294
2022-07-15 12:49:35,0,0,10.301508,0,0,86.43216,2.512563,0,0.2512563
2022-07-15 12:49:34,0,0,12.5,0.25,0,85,2,0.25,0
2022-07-15 12:49:33,0,0,9.226933,0.2493766,0,86.03491,2.244389,0.2493766,0.9975062
2022-07-15 12:49:32,0,0,10.447761,0.4975124,0,86.31841,1.99005,0.2487562,0
2022-07-15 12:49:31,0,0,10.275689,0,0,86.21554,2.506266,0,0.2506266
2022-07-15 12:49:30,0,0,10.75,0.25,0,85.75,2.75,0,0.25
2022-07-15 12:49:29,0,0,11.691542,0,0,84.82587,2.736318,0.2487562,0.2487562
2022-07-15 12:49:28,0,0,9.774436,0.2506266,0,86.46617,2.756892,0.2506266,0.2506266
2022-07-15 12:49:27,0,0,10.25,0.5,0,85.75,2.75,0.25,0.25
2022-07-15 12:49:26,0,0,12.219451,0.2493766,0,84.28928,2.743142,0,0.2493766
2022-07-15 12:49:25,0,0,11.442786,0.7462687,0,84.57711,2.238806,0,0.4975124
2022-07-15 12:49:24,0,0,8.291457,0.2512563,0,87.43719,2.763819,0.2512563,0.5025126
2022-07-15 12:49:23,0,0,10.723192,0.2493766,0,86.78304,1.995012,0,0.2493766
2022-07-15 12:49:22,0,0,11.442786,0.2487562,0,84.0796,2.985075,0.4975124,0.2487562
2022-07-15 12:49:21,0,0,8.080808,0.2525253,0,85.85859,3.030303,0,2.272727
2022-07-15 12:49:20,0,0,11,0.25,0,85.5,2.25,0.25,0.25
2022-07-15 12:49:19,0,0,10.776942,0.2506266,0,84.46115,3.759398,0.2506266,0
2022-07-15 12:49:18,0,0,10.776942,0.2506266,0,87.21805,1.5037594,0,0
2022-07-15 12:49:17,0,0,12.189055,0.4975124,0,83.83085,2.736318,0.2487562,0.2487562
2022-07-15 12:49:16,0,0,9.476309,0.4987531,0,86.53367,2.493766,0,0.2493766
2022-07-15 12:49:15,0,0,10.80402,0,0,85.92965,2.261307,0.2512563,0
2022-07-15 12:49:14,0,0,11.691542,0.4975124,0,85.07463,2.238806,0,0.2487562
2022-07-15 12:49:13,0,0,10.552764,0.5025126,0,85.42714,2.261307,0.2512563,0.5025126
2022-07-15 12:49:12,0,0,8.977556,0.2493766,0,86.53367,2.743142,0,0.4987531
2022-07-15 12:49:11,0,0,11,0.5,0,85.25,2,0.25,0.5
2022-07-15 12:49:10,0,0,11.779449,0.2506266,0,84.21053,3.007519,0.5012531,0
2022-07-15 12:49:09,0,0,9.774436,0.2506266,0,86.71679,2.005013,0,0.2506266
2022-07-15 12:49:08,0,0,10.723192,0.4987531,0,84.78803,2.992519,0.2493766,0
2022-07-15 12:49:07,0,0,16,0,0,80.25,3.25,0.25,0.25
2022-07-15 12:49:06,0,0,4.534005,0.2518892,0,87.40554,1.763224,0,5.289673
2022-07-15 12:49:05,0,0,10.696517,0.2487562,0,85.57214,2.736318,0.2487562,0.2487562
2022-07-15 12:49:04,0,0,9.5,0.5,0,83.5,3.25,0.25,2.25
2022-07-15 12:49:03,0,0,9.319899,0,0,86.90176,3.02267,0.2518892,0.2518892
2022-07-15 12:49:02,0,0,13.965087,0.2493766,0,81.04738,3.491272,0.2493766,0.4987531
2022-07-15 12:49:01,0,0,9.25,0,0,83.75,3.75,0.25,2
2022-07-15 12:49:00,0,0,8.977556,0.2493766,0,84.78803,3.491272,0.2493766,1.745636
2022-07-15 12:48:59,0,0,7.23192,0.4987531,0,80.54863,2.244389,0.4987531,6.982544
2022-07-15 12:48:58,0,0,4.656863,0.9803922,0,71.81373,2.45098,0.245098,11.764706
2022-07-15 12:48:57,0,0,5.25,0.5,0,80.25,3.25,0.5,8.75
2022-07-15 12:48:56,0,0,3.9801,0,0,92.0398,1.2437811,0.2487562,2.238806
2022-07-15 12:48:55,0,0,10.606061,0,0,86.61616,2.525253,0,0
2022-07-15 12:48:54,0,0,13,0.5,0,83.25,2.25,0.5,0.25
2022-07-15 12:48:53,0,0,9.452736,0.4975124,0,85.8209,2.238806,0.2487562,1.2437811
2022-07-15 12:48:52,0,0,8.5,0,0,88,2.25,0.25,0.75
2022-07-15 12:48:51,0,0,11.940299,0.7462687,0,84.0796,2.238806,0.2487562,0.4975124
2022-07-15 12:48:50,0,0,9.52381,0.2506266,0,85.96491,2.756892,0.5012531,0
2022-07-15 12:48:49,0,0,10.327456,0.5037783,0,84.63476,3.274559,0,0.5037783
2022-07-15 12:48:48,0,0,9.975062,0.2493766,0,87.53117,1.745636,0.2493766,0
2022-07-15 12:48:47,0,0,11.528822,0.2506266,0,84.71178,3.007519,0,0.2506266
2022-07-15 12:48:46,0,0,12.686567,0,0,82.33831,3.233831,0.4975124,0.9950249
2022-07-15 12:48:45,0,0,10.5,0.5,0,83,2,0.25,2.75
2022-07-15 12:48:44,0,0,6.766917,0.2506266,0,88.97243,1.754386,0.2506266,1.5037594
2022-07-15 12:48:43,0,0,7.481297,0,0,89.27681,2.493766,0,0.4987531
2022-07-15 12:48:42,0,0,10.696517,0.2487562,0,86.06965,2.238806,0.2487562,0.2487562
2022-07-15 12:48:41,0,0,11.970075,0.4987531,0,84.28928,1.995012,0.2493766,0.2493766
2022-07-15 12:48:40,0,0,8.72818,0.2493766,0,87.2818,3.241895,0,0
2022-07-15 12:48:39,0,0,11.75,0,0,84.75,2.25,0.25,0.5
2022-07-15 12:48:38,0,0,10.75,0.25,0,85.75,2.75,0.25,0
2022-07-15 12:48:37,0,0,9.06801,0.7556675,0,87.15365,2.015113,0.2518892,0.2518892
2022-07-15 12:48:36,0,0,12.846348,0.2518892,0,83.37531,2.770781,0,0.5037783
2022-07-15 12:48:35,0,0,12.437811,0.4975124,0,80.59701,2.736318,0.4975124,2.736318
2022-07-15 12:48:34,0,0,8.684864,0.7444169,0,85.3598,2.48139,0,1.736973
2022-07-15 12:48:33,0,0,7.730673,0.7481297,0,85.53616,2.493766,0.2493766,2.244389
2022-07-15 12:48:32,0,0,7.75,0.25,0,85,2.25,0.25,4.25
2022-07-15 12:48:31,0,0,9.476309,0.2493766,0,83.54115,2.743142,0.2493766,2.493766
2022-07-15 12:48:30,0,0,7.711443,0.7462687,0,85.07463,2.238806,0.2487562,3.482587
2022-07-15 12:48:29,0,0,6.965174,0.4975124,0,85.32338,2.736318,0.2487562,3.731343
2022-07-15 12:48:28,0,0,8.955224,0,0,85.32338,1.99005,0.2487562,2.736318
2022-07-15 12:48:27,0,0,9,0.25,0,84.75,2.75,0,2.25
2022-07-15 12:48:26,0,0,13.930348,0.4975124,0,78.60697,1.99005,0.7462687,2.487562
2022-07-15 12:48:25,0,0,4.79798,0,0,92.92929,1.767677,0,0.2525253
2022-07-15 12:48:24,0,0,10.945274,0.4975124,0,86.06965,1.99005,0,0
2022-07-15 12:48:23,0,0,14.609572,0.2518892,0,81.3602,3.274559,0,0.2518892
2022-07-15 12:48:22,0,0,8.955224,0.4975124,0,80.84577,3.482587,0,4.975124
2022-07-15 12:48:21,0,0,6.218905,0.2487562,0,75.87065,1.4925373,0.4975124,10.199005
2022-07-15 12:48:20,0,0,5.665025,0.9852217,0,78.07882,3.694581,0.2463054,9.1133
2022-07-15 12:48:19,0,0,4.975124,0.7462687,0,86.56716,1.4925373,0.2487562,4.228856
2022-07-15 12:48:18,0,0,8.291457,0.2512563,0,88.69347,1.5075377,0.2512563,0.2512563
2022-07-15 12:48:17,0,0,9.975062,0.2493766,0,86.78304,1.995012,0.2493766,0.2493766
2022-07-15 12:48:16,0,0,9,0.25,0,84.75,3,0.5,2
2022-07-15 12:48:15,0,0,12.25,0,0,84.25,2.25,0.25,0.5
2022-07-15 12:48:14,0,0,9.62963,0.7407407,0,80.98765,2.716049,0,4.938272
2022-07-15 12:48:13,0,0,8.72818,0.4987531,0,82.79302,3.740648,0.2493766,3.740648
2022-07-15 12:48:12,0,0,7.21393,0.2487562,0,85.57214,2.985075,0.2487562,3.233831
2022-07-15 12:48:11,0,0,6.683168,0.4950495,0,86.38614,2.722772,0,2.227723
2022-07-15 12:48:10,0,0,9.52381,0.5012531,0,86.71679,2.255639,0.2506266,0.5012531
2022-07-15 12:48:09,0,0,10.025063,0.5012531,0,85.46366,3.258145,0,0.2506266
2022-07-15 12:48:08,0,0,11.19403,0,0,85.8209,2.238806,0.4975124,0
2022-07-15 12:48:07,0,0,11.027569,0.5012531,0,85.71429,2.506266,0,0
2022-07-15 12:48:06,0,0,11.940299,0.2487562,0,84.32836,2.487562,0.4975124,0.2487562
2022-07-15 12:48:05,0,0,10.327456,0,0,86.1461,2.267003,0,0.7556675
2022-07-15 12:48:04,0,0,12.75,0.25,0,82,3,0.25,1
2022-07-15 12:48:03,0,0,10.696517,0,0,82.33831,3.233831,0.4975124,2.736318
2022-07-15 12:48:02,0,0,8.478803,0.7481297,0,84.53865,2.493766,0,2.992519
2022-07-15 12:48:01,0,0,6.25,0.25,0,87.5,2.25,0,3.25
2022-07-15 12:48:00,0,0,11.138614,0.4950495,0,80.19802,3.465347,0.2475248,3.712871
2022-07-15 12:47:59,0,0,7.673267,0.4950495,0,83.66337,2.722772,0.2475248,4.207921
2022-07-15 12:47:58,0,0,5.25,0.5,0,79.75,2,0.25,9.25
2022-07-15 12:47:57,0,0,9.20398,0.4975124,0,83.83085,2.985075,0.2487562,2.736318
2022-07-15 12:47:56,0,0,9.226933,0.7481297,0,84.28928,2.244389,0.2493766,1.995012
2022-07-15 12:47:55,0,0,6.91358,0.9876543,0,81.48148,2.469136,0,6.419753
2022-07-15 12:47:54,0,0,6.451613,0.7444169,0,85.85608,2.233251,0.248139,2.977667
2022-07-15 12:47:53,0,0,7.730673,0.7481297,0,84.28928,2.493766,0.2493766,4.239401
2022-07-15 12:47:52,0,0,8.684864,0.248139,0,84.86352,3.722084,0.248139,1.4888337
2022-07-15 12:47:51,0,0,8.72818,0.2493766,0,84.0399,3.241895,0.2493766,3.241895
2022-07-15 12:47:50,0,0,10.776942,0.2506266,0,84.46115,3.258145,0.2506266,0.7518797
2022-07-15 12:47:49,0,0,9.20398,0.4975124,0,82.83582,2.985075,0,3.9801
2022-07-15 12:47:48,0,0,7.730673,0.7481297,0,78.05486,2.743142,0.2493766,8.478803
2022-07-15 12:47:47,0,0,3.722084,1.2406948,0,79.65261,2.48139,0.4962779,10.421836
2022-07-15 12:47:46,0,0,10.617284,0.2469136,0,82.71605,2.469136,0.2469136,2.469136
2022-07-15 12:47:45,0,0,6.281407,0.2512563,0,90.20101,1.758794,0.2512563,0.7537688
2022-07-15 12:47:44,0,0,14.285714,0.2506266,0,80.70175,4.260652,0,0.2506266
2022-07-15 12:47:43,0,0,7.407407,0.7407407,0,83.7037,1.975309,0.2469136,5.432099
2022-07-15 12:47:42,0,0,6.982544,0.4987531,0,83.29177,3.491272,0,4.987531
2022-07-15 12:47:41,0,0,10.972569,0.2493766,0,83.29177,3.740648,0.2493766,0.9975062
2022-07-15 12:47:40,0,0,7.711443,0.2487562,0,85.8209,2.238806,0,3.482587
2022-07-15 12:47:39,0,0,6.265664,0.5012531,0,87.96992,1.5037594,0.2506266,3.007519
2022-07-15 12:47:38,0,0,10.526316,0.2506266,0,85.21303,2.506266,0,1.2531328
2022-07-15 12:47:37,0,0,8.5,0.5,0,86.25,2.25,0,1.25
2022-07-15 12:47:36,0,0,10.5,0.5,0,86.5,2.25,0,0
2022-07-15 12:47:35,0,0,9.226933,0,0,86.53367,2.493766,0.2493766,0.2493766
2022-07-15 12:47:34,0,0,10.526316,0.7518797,0,85.96491,2.005013,0,0
2022-07-15 12:47:33,0,0,10.723192,0.2493766,0,85.53616,2.743142,0.2493766,0
2022-07-15 12:47:32,0,0,11.25,0.25,0,85.5,2.5,0,0.25
2022-07-15 12:47:31,0,0,12.25,0,0,81.5,3,0,2.25
2022-07-15 12:47:30,0,0,9.20398,0.2487562,0,84.32836,2.985075,0.2487562,1.99005
2022-07-15 12:47:29,0,0,10.75,0.25,0,81,3.25,0.25,3
2022-07-15 12:47:28,0,0,5.778894,0.5025126,0,85.17588,3.517588,0,3.266332
2022-07-15 12:47:27,0,0,6.188119,0.2475248,0,90.34653,1.2376238,0.2475248,0.990099
2022-07-15 12:47:26,0,0,12.342569,0.2518892,0,84.63476,2.267003,0,0.2518892
2022-07-15 12:47:25,0,0,10.025063,0.5012531,0,86.21554,2.255639,0,0.2506266
2022-07-15 12:47:24,0,0,14.46384,0.2493766,0,81.79551,2.244389,0.2493766,0.7481297
2022-07-15 12:47:23,0,0,10.5,0,0,84.75,2.75,0.25,1.5
2022-07-15 12:47:22,0,0,5.735661,1.2468828,0,83.79052,2.244389,0,5.735661
2022-07-15 12:47:21,0,0,11,0.25,0,85.25,2.25,0.5,0.5
2022-07-15 12:47:20,0,0,8.641975,0.2469136,0,82.96296,2.962963,0.2469136,4.197531
2022-07-15 12:47:19,0,0,10.275689,0.5012531,0,81.70426,3.007519,0,4.010025
2022-07-15 12:47:18,0,0,8.478803,0,0,84.78803,2.244389,0.4987531,3.491272
2022-07-15 12:47:17,0,0,6.716418,0.9950249,0,82.08955,2.985075,0,5.721393
2022-07-15 12:47:16,0,0,6.516291,0,0,89.72431,3.007519,0.2506266,0.2506266
2022-07-15 12:47:15,0,0,13,0.5,0,82,3.25,0.25,0.5
2022-07-15 12:47:14,0,0,9.045226,0.5025126,0,80.40201,3.517588,0,4.773869
2022-07-15 12:47:13,0,0,10.918114,0.248139,0,84.86352,2.729529,0.248139,0.9925558
2022-07-15 12:47:12,0,0,4.950495,0.990099,0,83.41584,2.970297,0.2475248,5.445545
2022-07-15 12:47:11,0,0,6.965174,0,0,90.04975,1.741294,0.4975124,0.4975124
2022-07-15 12:47:10,0,0,11.586902,0.2518892,0,84.63476,3.274559,0,0
2022-07-15 12:47:09,0,0,14.46384,0.9975062,0,80.29925,3.241895,0,0.7481297
2022-07-15 12:47:08,0,0,8.77193,0.2506266,0,84.71178,2.255639,0.2506266,3.007519
2022-07-15 12:47:07,0,0,6.532663,0.2512563,0,84.67337,3.768844,0.5025126,3.768844
2022-07-15 12:47:06,0,0,7.518797,0.2506266,0,87.7193,2.005013,0,2.005013
2022-07-15 12:47:05,0,0,11.662531,0.248139,0,82.87841,2.729529,0.4962779,1.2406948
2022-07-15 12:47:04,0,0,10.123457,0.7407407,0,77.53086,2.962963,0.4938272,6.666667
2022-07-15 12:47:03,0,0,6.650246,0.4926108,0,83.25123,1.970443,0.2463054,5.91133
2022-07-15 12:47:02,0,0,4.987531,0.2493766,0,79.05237,3.740648,0,9.725686
2022-07-15 12:47:01,0,0,8.395062,0.4938272,0,81.97531,3.209877,0.2469136,3.703704
2022-07-15 12:47:00,0,0,5.185185,1.2345679,0,77.77778,3.703704,0.2469136,8.888889
2022-07-15 12:46:59,0,0,5.5,0.75,0,81.25,2.5,0.25,7.75
2022-07-15 12:46:58,0,0,9.20398,0.2487562,0,87.56219,1.99005,0,0.4975124
2022-07-15 12:46:57,0,0,6.733167,0,0,89.77556,1.995012,0.2493766,0.9975062
2022-07-15 12:46:56,0,0,9.476309,0.2493766,0,85.28678,2.992519,0.2493766,1.4962594
2022-07-15 12:46:55,0,0,8.25,0.25,0,86,2.75,0,1.5
2022-07-15 12:46:54,0,0,9.5,0.25,0,84.75,2,0.25,2.5
2022-07-15 12:46:53,0,0,10.025063,0.2506266,0,86.46617,2.506266,0.2506266,0
2022-07-15 12:46:52,0,0,10.723192,0.4987531,0,85.53616,2.743142,0.2493766,0
2022-07-15 12:46:51,0,0,11.528822,0.2506266,0,83.70927,3.508772,0.5012531,0.2506266
2022-07-15 12:46:50,0,0,10.918114,0.248139,0,85.11166,2.729529,0,0.248139
2022-07-15 12:46:49,0,0,9.5,0.25,0,86,2.25,0.25,0.75
2022-07-15 12:46:48,0,0,10.224439,0.2493766,0,86.28429,2.493766,0.2493766,0.2493766
2022-07-15 12:46:47,0,0,11,0.25,0,85.25,2.75,0.25,0.25
2022-07-15 12:46:46,0,0,10.224439,0.4987531,0,84.53865,3.740648,0.2493766,0.2493766
2022-07-15 12:46:45,0,0,12.280702,0.2506266,0,84.46115,2.506266,0.2506266,0
2022-07-15 12:46:44,0,0,11.027569,0.5012531,0,83.20802,3.258145,0,1.5037594
2022-07-15 12:46:43,0,0,8.436725,0.248139,0,86.84864,2.48139,0,1.4888337
2022-07-15 12:46:42,0,0,8.72818,0.2493766,0,87.53117,2.244389,0.2493766,0.7481297
2022-07-15 12:46:41,0,0,11.306533,0.2512563,0,84.67337,2.512563,0.2512563,0.5025126
2022-07-15 12:46:40,0,0,15.288221,0.7518797,0,80.2005,2.756892,0,0.7518797
2022-07-15 12:46:39,0,0,9.75,0.25,0,81.75,2.25,0.25,4.5
2022-07-15 12:46:38,0,0,6.716418,0.2487562,0,79.35323,2.736318,0.4975124,7.21393
2022-07-15 12:46:37,0,0,4.5,1.25,0,74,3.25,0.25,13
2022-07-15 12:46:36,0,0,4.207921,0.4950495,0,75.9901,2.722772,0.2475248,11.386139
2022-07-15 12:46:35,0,0,7.769424,0.2506266,0,85.21303,2.005013,0.2506266,3.258145
2022-07-15 12:46:34,0,0,8.75,0.25,0,82.75,2.5,0.25,4.5
2022-07-15 12:46:33,0,0,7.730673,0.2493766,0,84.53865,2.244389,0.2493766,3.990025
2022-07-15 12:46:32,0,0,9.181141,0.248139,0,86.10422,2.48139,0.4962779,1.2406948
2022-07-15 12:46:31,0,0,8.02005,0.5012531,0,82.45614,2.255639,0.2506266,4.761905
2022-07-15 12:46:30,0,0,8.5,0.25,0,87.5,2.25,0.25,1
2022-07-15 12:46:29,0,0,6.203474,0.248139,0,90.32258,1.985112,0.248139,0.4962779
2022-07-15 12:46:28,0,0,10.972569,0.2493766,0,85.53616,2.493766,0.2493766,0.2493766
2022-07-15 12:46:27,0,0,11.586902,0.5037783,0,83.87909,2.770781,0.5037783,0.2518892
2022-07-15 12:46:26,0,0,10.275689,0.5012531,0,85.21303,2.506266,0.2506266,0.7518797
2022-07-15 12:46:25,0,0,9.452736,0.2487562,0,87.06468,1.99005,0.2487562,0.7462687
2022-07-15 12:46:24,0,0,14.46384,0.4987531,0,80.54863,2.244389,0,1.2468828
2022-07-15 12:46:23,0,0,7.444169,0.4962779,0,85.3598,1.985112,0.4962779,2.729529
2022-07-15 12:46:22,0,0,7.537688,0.5025126,0,84.67337,3.015075,0.2512563,2.763819
2022-07-15 12:46:21,0,0,7.556675,0,0,88.66499,2.770781,0,0.5037783
2022-07-15 12:46:20,0,0,12.718204,0.2493766,0,82.79302,3.241895,0.2493766,0.2493766
2022-07-15 12:46:19,0,0,6.965174,0.2487562,0,87.56219,2.487562,0,2.487562
2022-07-15 12:46:18,0,0,13.283208,0.5012531,0,82.20551,3.258145,0.5012531,0
2022-07-15 12:46:17,0,0,8.436725,0.4962779,0,76.4268,2.729529,0,9.925558
2022-07-15 12:46:16,0,0,7.481297,0.2493766,0,85.53616,2.992519,0.4987531,2.493766
2022-07-15 12:46:15,0,0,7,0,0,89.25,2,0.25,1.25
2022-07-15 12:46:14,0,0,10.050251,0.2512563,0,84.92462,3.015075,0,1.0050251
2022-07-15 12:46:13,0,0,12.158809,0.4962779,0,80.8933,2.729529,0.4962779,2.48139
2022-07-15 12:46:12,0,0,7.444169,0.4962779,0,83.37469,2.977667,0.4962779,3.970223
2022-07-15 12:46:11,0,0,6.297229,0.7556675,0,86.90176,1.763224,0,3.274559
2022-07-15 12:46:10,0,0,9.405941,0.2475248,0,81.93069,2.722772,0.7425743,4.455446
2022-07-15 12:46:09,0,0,5.985037,0.4987531,0,90.02494,1.995012,0.4987531,0.7481297
2022-07-15 12:46:08,0,0,12,0.5,0,82.75,2.5,0.25,1
2022-07-15 12:46:07,0,0,7.960199,0.4975124,0,84.57711,2.736318,0.2487562,3.731343
2022-07-15 12:46:06,0,0,6.234414,0.2493766,0,87.03242,2.244389,0.2493766,2.992519
2022-07-15 12:46:05,0,0,10.776942,0.2506266,0,85.46366,2.756892,0.2506266,0.2506266
2022-07-15 12:46:04,0,0,10.224439,0.4987531,0,86.53367,1.995012,0.2493766,0
2022-07-15 12:46:03,0,0,11.779449,0.5012531,0,82.20551,3.508772,0.5012531,0.5012531
2022-07-15 12:46:02,0,0,8.291457,0.2512563,0,87.18593,2.261307,0.2512563,0.2512563
2022-07-15 12:46:01,0,0,6,0.25,0,89.5,2.5,0,0.25
2022-07-15 12:46:00,0,0,4.511278,0,0,92.4812,2.005013,0.2506266,0
2022-07-15 12:45:59,0,0,3.778338,0.2518892,0,91.93955,3.274559,0.5037783,0
2022-07-15 12:45:58,0,0,4.545455,0.2525253,0,91.91919,2.525253,0.5050505,0
2022-07-15 12:45:57,0,0,3.241895,0.2493766,0,91.77057,2.992519,0,0.2493766
2022-07-15 12:45:56,0,0,1,0.25,0,95,2.75,0,0
2022-07-15 12:45:55,0,0,0.9975062,0.2493766,0,95.51122,2.244389,0.2493766,0
2022-07-15 12:45:54,0,0,1.0025063,0.2506266,0,94.98747,2.756892,0.5012531,0
2022-07-15 12:45:53,0,0,1.0025063,0.2506266,0,95.98997,2.255639,0.2506266,0
2022-07-15 12:45:52,0,0,1.2376238,0.4950495,0,93.56436,3.217822,0.2475248,0
2022-07-15 12:45:51,0,0,1.0075567,0.2518892,0,94.71033,2.518892,0,0
2022-07-15 12:45:50,0,0,0.9925558,0.7444169,0,95.03722,2.233251,0.4962779,0
2022-07-15 12:45:49,0,0,1,0,0,95.75,2.75,0.25,0
2022-07-15 12:45:48,0,0,1.0075567,0,0,94.71033,2.770781,0.5037783,0
2022-07-15 12:45:47,0,0,1.2594458,0.5037783,0,93.45088,4.282116,0,0
2022-07-15 12:45:46,0,0,0.9975062,0,0,95.7606,2.493766,0.2493766,0
2022-07-15 12:45:45,0,0,1.0050251,0,0,94.47236,2.763819,0.2512563,0
2022-07-15 12:45:44,0,0,0.9925558,0.248139,0,95.03722,2.977667,0.248139,0
2022-07-15 12:45:43,0,0,1.5,0.25,0,94.25,2.5,0.25,0
2022-07-15 12:45:42,0,0,0.9950249,0.4975124,0,95.27363,2.736318,0,0
2022-07-15 12:45:41,0,0,1.2626263,0.7575758,0,92.42424,3.282828,0.2525253,0
2022-07-15 12:45:40,0,0,2.255639,0.2506266,0,94.48622,2.255639,0.2506266,0
2022-07-15 12:45:39,0,0,3.5,0.5,0,92.25,2.75,0.25,0
2022-07-15 12:45:38,0,0,3.482587,0.4975124,0,91.54229,3.482587,0.2487562,0.2487562
2022-07-15 12:45:37,0,0,3.768844,0,0,93.46734,2.261307,0.2512563,0
2022-07-15 12:45:36,0,0,3.731343,0.4975124,0,91.79104,2.487562,0.2487562,0
2022-07-15 12:45:35,0,0,5.527638,0,0,90.20101,3.517588,0,0.2512563
2022-07-15 12:45:34,0,0,6.733167,0,0,91.77057,1.2468828,0,0
2022-07-15 12:45:33,0,0,8.229426,0.2493766,0,88.2793,2.493766,0.2493766,0.2493766
2022-07-15 12:45:32,0,0,8.564232,0,0,88.4131,2.770781,0,0
2022-07-15 12:45:31,0,0,8.208955,0.4975124,0,87.06468,2.736318,0.2487562,0.2487562
2022-07-15 12:45:30,0,0,9.273183,0.5012531,0,85.71429,3.007519,0,0.5012531
2022-07-15 12:45:29,0,0,9.226933,0.2493766,0,86.78304,2.493766,0.4987531,0.2493766
2022-07-15 12:45:28,0,0,13.819095,0,0,81.90955,3.768844,0,0.2512563
2022-07-15 12:45:27,0,0,12.219451,0.2493766,0,83.04239,3.491272,0.2493766,0.4987531
2022-07-15 12:45:26,0,0,5.707196,0.7444169,0,79.40447,1.985112,0.248139,8.933002
2022-07-15 12:45:25,0,0,7.673267,0.7425743,0,81.93069,2.970297,0,4.950495
2022-07-15 12:45:24,0,0,3.258145,0.2506266,0,88.7218,1.754386,0.5012531,3.007519
2022-07-15 12:45:23,0,0,12.5,0,0,82.25,2.75,0.25,1.5
2022-07-15 12:45:22,0,0,10,0.25,0,81,3.5,0.25,4
2022-07-15 12:45:21,0,0,6.516291,0.2506266,0,83.70927,2.506266,0.5012531,5.012531
2022-07-15 12:45:20,0,0,8.5,0.25,0,85.5,3,0.5,1.75
2022-07-15 12:45:19,0,0,7.389163,1.2315271,0,84.48276,2.463054,0.2463054,3.20197
2022-07-15 12:45:18,0,0,7.286432,0.5025126,0,85.42714,2.763819,0,2.763819
2022-07-15 12:45:17,0,0,8.75,0.5,0,87.5,2.5,0.25,0.25
2022-07-15 12:45:16,0,0,10.050251,0,0,86.43216,2.763819,0.2512563,0
2022-07-15 12:45:15,0,0,10.80402,0.5025126,0,85.67839,2.512563,0.2512563,0
2022-07-15 12:45:14,0,0,12.406948,0.4962779,0,83.87097,2.48139,0.248139,0.248139
2022-07-15 12:45:13,0,0,13.715711,0.4987531,0,80.798,2.992519,0.2493766,1.2468828
2022-07-15 12:45:12,0,0,6.516291,0.2506266,0,81.70426,2.506266,0.2506266,6.516291
2022-07-15 12:45:11,0,0,7.178218,0.990099,0,81.68317,2.227723,0,5.940594
2022-07-15 12:45:10,0,0,7.481297,0.4987531,0,82.54364,2.743142,0.7481297,4.239401
2022-07-15 12:45:09,0,0,4.444444,0.9876543,0,75.80247,2.469136,0.2469136,11.358025
2022-07-15 12:45:08,0,0,7.711443,0.2487562,0,86.06965,2.238806,0.2487562,2.985075
2022-07-15 12:45:07,0,0,8.955224,0.7462687,0,84.32836,2.985075,0.2487562,2.487562
2022-07-15 12:45:06,0,0,4.761905,0.5012531,0,80.70175,2.005013,0.2506266,9.273183
2022-07-15 12:45:05,0,0,7.769424,0.2506266,0,80.70175,2.255639,0,7.26817
2022-07-15 12:45:04,0,0,7.462687,0.4975124,0,84.57711,2.985075,0.2487562,3.731343
2022-07-15 12:45:03,0,0,8.706468,0.2487562,0,84.32836,1.99005,0.2487562,3.482587
2022-07-15 12:45:02,0,0,6,0,0,87.5,3,0,3
2022-07-15 12:45:01,0,0,9.20398,0.4975124,0,84.57711,2.985075,0.2487562,0.7462687
2022-07-15 12:45:00,0,0,8.79397,0,0,87.68844,2.261307,0.5025126,0.2512563
2022-07-15 12:44:59,0,0,10.80402,0.2512563,0,86.1809,2.512563,0,0.2512563
2022-07-15 12:44:58,0,0,10.447761,0.4975124,0,85.8209,2.487562,0.2487562,0
2022-07-15 12:44:57,0,0,11.027569,0,0,84.71178,3.007519,0,0.5012531
2022-07-15 12:44:56,0,0,13.715711,0.2493766,0,83.79052,2.244389,0,0
2022-07-15 12:44:55,0,0,7.518797,0.2506266,0,86.46617,2.255639,0.7518797,1.754386
2022-07-15 12:44:54,0,0,7.444169,0.248139,0,88.33747,2.233251,0.248139,0.4962779
2022-07-15 12:44:53,0,0,10.275689,0.5012531,0,84.71178,3.258145,0.2506266,0.2506266
2022-07-15 12:44:52,0,0,11.5,0.25,0,85.5,2,0.25,0.25
2022-07-15 12:44:51,0,0,10.552764,0.2512563,0,86.1809,2.261307,0.2512563,0
2022-07-15 12:44:50,0,0,14.925373,0.2487562,0,80.59701,3.482587,0.2487562,0.4975124
2022-07-15 12:44:49,0,0,8.415842,0.990099,0,80.94059,2.475248,0.2475248,6.188119
2022-07-15 12:44:48,0,0,8.291457,0.2512563,0,84.92462,2.512563,0.2512563,3.266332
2022-07-15 12:44:47,0,0,9.476309,0.2493766,0,84.53865,3.241895,0,2.244389
2022-07-15 12:44:46,0,0,7.711443,0.4975124,0,82.83582,2.736318,0.2487562,4.975124
2022-07-15 12:44:45,0,0,4.75,0,0,92.5,1.75,0.25,0.75
2022-07-15 12:44:44,0,0,10.5,0.75,0,85.5,2.5,0,0.25
2022-07-15 12:44:43,0,0,11.970075,0.4987531,0,81.79551,3.990025,0.2493766,0.7481297
2022-07-15 12:44:42,0,0,7.26817,0.2506266,0,88.97243,2.005013,0.2506266,0.5012531
2022-07-15 12:44:41,0,0,10.421836,0.4962779,0,86.10422,1.985112,0.248139,0.248139
2022-07-15 12:44:40,0,0,10.579345,0,0,86.1461,3.02267,0,0
2022-07-15 12:44:39,0,0,12.189055,0.2487562,0,83.83085,2.985075,0.4975124,0
2022-07-15 12:44:38,0,0,13.065327,0.2512563,0,80.15075,3.768844,0,1.758794
2022-07-15 12:44:37,0,0,6.733167,0.7481297,0,83.04239,2.244389,0.4987531,5.735661
2022-07-15 12:44:36,0,0,5.263158,0.7518797,0,87.96992,2.255639,0,3.007519
2022-07-15 12:44:35,0,0,13.216958,0.2493766,0,81.79551,2.992519,0,1.2468828
2022-07-15 12:44:34,0,0,7.518797,0,0,80.95238,6.015038,0.2506266,4.260652
2022-07-15 12:44:33,0,0,7.462687,0.7462687,0,82.83582,2.487562,0.2487562,4.726368
2022-07-15 12:44:32,0,0,7,0.25,0,82.5,2.5,0,5.75
2022-07-15 12:44:31,0,0,6.666667,0.4938272,0,83.20988,2.222222,0.2469136,5.432099
2022-07-15 12:44:30,0,0,6.483791,0.4987531,0,84.0399,2.493766,0.2493766,4.738155
2022-07-15 12:44:29,0,0,9.158416,0.4950495,0,83.16832,2.475248,0.2475248,3.712871
2022-07-15 12:44:28,0,0,7.25,0.5,0,83.25,3,0.75,5
2022-07-15 12:44:27,0,0,9.045226,0.5025126,0,82.66332,3.266332,0.2512563,2.763819
2022-07-15 12:44:26,0,0,8.75,0,0,85.25,2.5,0.25,2.5
2022-07-15 12:44:25,0,0,6.716418,0,0,81.59204,2.985075,0.2487562,6.965174
2022-07-15 12:44:24,0,0,7.940447,0.4962779,0,84.11911,2.233251,0.7444169,2.977667
2022-07-15 12:44:23,0,0,9.547739,0.2512563,0,87.43719,2.261307,0,0.2512563
2022-07-15 12:44:22,0,0,9.045226,0.5025126,0,84.67337,2.763819,0.2512563,2.261307
2022-07-15 12:44:21,0,0,5.25,0,0,90.75,2,0.25,1.75
2022-07-15 12:44:20,0,0,11.19403,0.2487562,0,84.32836,2.736318,0.2487562,0.2487562
2022-07-15 12:44:19,0,0,10.050251,0.5025126,0,86.68342,2.512563,0,0
2022-07-15 12:44:18,0,0,9.774436,0.5012531,0,85.96491,2.005013,0.2506266,0.2506266
2022-07-15 12:44:17,0,0,10.224439,0.2493766,0,85.78554,2.992519,0.2493766,0
2022-07-15 12:44:16,0,0,12.280702,0.2506266,0,84.96241,1.754386,0,0.2506266
2022-07-15 12:44:15,0,0,8.478803,0.2493766,0,87.2818,2.493766,0.2493766,0
2022-07-15 12:44:14,0,0,11.720698,0.2493766,0,85.78554,1.745636,0,0.2493766
2022-07-15 12:44:13,0,0,10.025063,0.2506266,0,85.21303,3.007519,0,1.0025063
2022-07-15 12:44:12,0,0,10.025063,0,0,86.71679,2.255639,0.2506266,0.2506266
2022-07-15 12:44:11,0,0,10.25,0.25,0,86.25,2,0.25,0.25
2022-07-15 12:44:10,0,0,11.25,0,0,85.75,2,0.5,0
2022-07-15 12:44:09,0,0,11.75,0,0,85.25,2.25,0.25,0.25
2022-07-15 12:44:08,0,0,14.536341,0.5012531,0,78.94737,3.258145,0.2506266,2.005013
2022-07-15 12:44:07,0,0,8.270677,0.5012531,0,82.20551,2.255639,0.2506266,5.513784
2022-07-15 12:44:06,0,0,3,0.25,0,91.25,2,0.25,2.25
2022-07-15 12:44:05,0,0,10.643564,0.2475248,0,84.40594,3.217822,0.2475248,0.4950495
2022-07-15 12:44:04,0,0,12.25,0.25,0,83,3.25,0.25,0.5
2022-07-15 12:44:03,0,0,12.81407,0.2512563,0,81.65829,3.266332,0,2.01005
2022-07-15 12:44:02,0,0,6.650246,0.7389163,0,83.49754,2.463054,0.2463054,5.665025
2022-07-15 12:44:01,0,0,5.985037,0.7481297,0,85.53616,2.992519,0,3.740648
2022-07-15 12:44:00,0,0,13.466334,0.7481297,0,79.30175,3.491272,0.2493766,1.995012
2022-07-15 12:43:59,0,0,4.488778,0.4987531,0,83.79052,1.995012,0,7.481297
2022-07-15 12:43:58,0,0,6.218905,0,0,91.04478,1.4925373,0.2487562,0.7462687
2022-07-15 12:43:57,0,0,12.342569,0,0,84.63476,2.015113,0.5037783,0.2518892
2022-07-15 12:43:56,0,0,9.75,0.25,0,86,2.5,0.25,0.5
2022-07-15 12:43:55,0,0,10.80402,0.2512563,0,84.42211,2.763819,0.2512563,0.5025126
2022-07-15 12:43:54,0,0,9.75,0.25,0,87.5,1.75,0.25,0.25
2022-07-15 12:43:53,0,0,10.75,0.5,0,85.75,2.25,0,0.25
2022-07-15 12:43:52,0,0,15.802469,0.4938272,0,78.2716,2.962963,0.2469136,1.975309
2022-07-15 12:43:51,0,0,7.556675,0.5037783,0,84.63476,1.763224,0,4.282116
2022-07-15 12:43:50,0,0,8.542714,0,0,83.16583,4.020101,0,3.517588
2022-07-15 12:43:49,0,0,5.721393,0.9950249,0,76.86567,3.233831,0.2487562,8.706468
2022-07-15 12:43:48,0,0,6.601467,0.4889976,0,77.75061,3.178484,0.2444988,9.779951
2022-07-15 12:43:47,0,0,6.766917,0.2506266,0,85.71429,1.2531328,0.2506266,5.012531
2022-07-15 12:43:46,0,0,8.910891,0.2475248,0,81.43564,3.217822,0.2475248,4.70297
2022-07-15 12:43:45,0,0,3.9801,0.4975124,0,84.32836,1.741294,0.2487562,6.467662
2022-07-15 12:43:44,0,0,8.270677,0.5012531,0,88.47118,2.255639,0,0.2506266
2022-07-15 12:43:43,0,0,10.945274,0.4975124,0,84.82587,2.487562,0,0.4975124
2022-07-15 12:43:42,0,0,9.52381,0.2506266,0,87.46867,2.255639,0.5012531,0
2022-07-15 12:43:41,0,0,11.691542,0.4975124,0,84.0796,2.736318,0,0.4975124
2022-07-15 12:43:40,0,0,10.526316,0.2506266,0,85.96491,2.506266,0,0.2506266
2022-07-15 12:43:39,0,0,10,0.25,0,86.25,2.75,0,0.25
2022-07-15 12:43:38,0,0,12.718204,0.2493766,0,82.79302,3.241895,0.2493766,0.2493766
2022-07-15 12:43:37,0,0,7.808564,0.2518892,0,87.15365,1.763224,0,2.267003
2022-07-15 12:43:36,0,0,9.701493,0.2487562,0,86.81592,2.238806,0.4975124,0.2487562
2022-07-15 12:43:35,0,0,10.526316,0.2506266,0,85.71429,2.756892,0.2506266,0
2022-07-15 12:43:34,0,0,10.526316,0,0,83.45865,2.005013,0.2506266,3.007519
2022-07-15 12:43:33,0,0,8.72818,0.2493766,0,87.53117,2.743142,0,0.2493766
2022-07-15 12:43:32,0,0,11.471322,0.4987531,0,84.53865,2.992519,0,0
2022-07-15 12:43:31,0,0,11.19403,0.2487562,0,84.0796,2.736318,0.2487562,0.4975124
2022-07-15 12:43:30,0,0,9.5,0,0,87.25,2.25,0.25,0.25
2022-07-15 12:43:29,0,0,11.970075,0.2493766,0,84.28928,2.743142,0.2493766,0.2493766
2022-07-15 12:43:28,0,0,8.816121,0.2518892,0,87.15365,2.518892,0,0.7556675
2022-07-15 12:43:27,0,0,10.776942,0.2506266,0,85.21303,3.007519,0.2506266,0
2022-07-15 12:43:26,0,0,10.723192,0.4987531,0,85.53616,2.493766,0.2493766,0
2022-07-15 12:43:25,0,0,10.918114,0.248139,0,85.60794,2.233251,0,0.4962779
2022-07-15 12:43:24,0,0,9.774436,0.2506266,0,86.46617,2.756892,0.2506266,0
2022-07-15 12:43:23,0,0,10.776942,0.5012531,0,84.46115,3.007519,0,0.5012531
2022-07-15 12:43:22,0,0,11.779449,0.7518797,0,83.20802,2.756892,0.5012531,0.5012531
2022-07-15 12:43:21,0,0,10.5,0.25,0,85.75,2.5,0,0.75
2022-07-15 12:43:20,0,0,12.623762,0.4950495,0,79.20792,3.465347,0.2475248,3.465347
2022-07-15 12:43:19,0,0,5.276382,0.5025126,0,82.41206,2.01005,0.2512563,7.035176
2022-07-15 12:43:18,0,0,7.5,0.5,0,88,2.75,0.5,0.25
2022-07-15 12:43:17,0,0,11.027569,0,0,84.96241,3.258145,0.2506266,0.2506266
2022-07-15 12:43:16,0,0,9.226933,0.4987531,0,83.54115,2.244389,0.2493766,2.992519
2022-07-15 12:43:15,0,0,8.040201,0,0,89.94975,1.758794,0,0.2512563
2022-07-15 12:43:14,0,0,12.219451,0.2493766,0,83.54115,2.493766,0.2493766,0.7481297
2022-07-15 12:43:13,0,0,13.75,0.5,0,81.5,3.25,0,0.5
2022-07-15 12:43:12,0,0,5.445545,0.4950495,0,78.46535,2.475248,0.4950495,10.643564
2022-07-15 12:43:11,0,0,3.731343,0.9950249,0,73.13433,2.487562,0.2487562,12.189055
2022-07-15 12:43:10,0,0,2.211302,0.7371007,0,67.56757,2.211302,0.4914005,20.14742
2022-07-15 12:43:09,0,0,4.726368,0.9950249,0,75.37313,2.238806,0,14.179104
2022-07-15 12:43:08,0,0,5.459057,0.4962779,0,75.43424,2.48139,0.248139,12.406948
2022-07-15 12:43:07,0,0,4.239401,0.4987531,0,74.06484,1.995012,0.4987531,11.970075
2022-07-15 12:43:06,0,0,3.25,0.75,0,91.75,1,0.25,2.25
2022-07-15 12:43:05,0,0,11.91067,0.4962779,0,84.61538,2.233251,0.248139,0.248139
2022-07-15 12:43:04,0,0,9.090909,0.5050505,0,86.86869,2.272727,0.2525253,0.2525253
2022-07-15 12:43:03,0,0,10.696517,0,0,86.31841,2.238806,0.2487562,0.2487562
2022-07-15 12:43:02,0,0,11.5,0.25,0,85,2,0.25,0.5
2022-07-15 12:43:01,0,0,9.296482,0.2512563,0,87.18593,2.01005,0.2512563,0
2022-07-15 12:43:00,0,0,10.447761,0,0,86.06965,2.736318,0.2487562,0.2487562
2022-07-15 12:42:59,0,0,11.027569,0.2506266,0,86.46617,1.754386,0,0
2022-07-15 12:42:58,0,0,11.471322,0.4987531,0,84.53865,2.244389,0.2493766,0.4987531
2022-07-15 12:42:57,0,0,9.273183,0,0,87.21805,2.506266,0.2506266,0
2022-07-15 12:42:56,0,0,13.533835,0.5012531,0,82.45614,2.756892,0.2506266,0.2506266
2022-07-15 12:42:55,0,0,11.442786,0.7462687,0,81.34328,2.985075,0.2487562,1.99005
2022-07-15 12:42:54,0,0,6.91358,0.7407407,0,81.23457,2.716049,0.4938272,6.419753
2022-07-15 12:42:53,0,0,7.730673,0.4987531,0,83.04239,2.743142,0.2493766,4.987531
2022-07-15 12:42:52,0,0,8.188586,0.248139,0,83.87097,3.225806,0.4962779,3.225806
2022-07-15 12:42:51,0,0,4.950495,0.4950495,0,76.23762,2.970297,0.2475248,9.653465
2022-07-15 12:42:50,0,0,5.25,0.25,0,81.75,2.75,0.25,7.25
2022-07-15 12:42:49,0,0,8.684864,0.4962779,0,82.63027,3.722084,0.248139,3.473945
2022-07-15 12:42:48,0,0,6.218905,0.4975124,0,83.33333,1.99005,0,5.223881
2022-07-15 12:42:47,0,0,9.452736,0.4975124,0,84.32836,2.238806,0.2487562,2.487562
2022-07-15 12:42:46,0,0,6.965174,0.2487562,0,83.33333,2.487562,0.2487562,5.472637
2022-07-15 12:42:45,0,0,8.706468,0.4975124,0,87.56219,1.99005,0.4975124,0.2487562
2022-07-15 12:42:44,0,0,9.022556,0.2506266,0,83.70927,2.005013,0,4.010025
2022-07-15 12:42:43,0,0,5.91133,1.2315271,0,79.06404,2.70936,0.2463054,8.374384
2022-07-15 12:42:42,0,0,8,0.25,0,86.25,2,0,2.5
2022-07-15 12:42:41,0,0,9.476309,0,0,86.28429,2.493766,0,0.9975062
2022-07-15 12:42:40,0,0,9.181141,0.9925558,0,81.63772,2.729529,0.248139,4.466501
2022-07-15 12:42:39,0,0,9,0.5,0,84.25,2.75,0.25,2.5
2022-07-15 12:42:38,0,0,6.965174,0.9950249,0,82.08955,2.985075,0.2487562,5.223881
2022-07-15 12:42:37,0,0,6.699752,0.7444169,0,83.87097,2.977667,0,4.466501
2022-07-15 12:42:36,0,0,8.188586,0.248139,0,84.86352,2.729529,0.248139,3.473945
2022-07-15 12:42:35,0,0,9.226933,0.2493766,0,86.28429,1.995012,0.2493766,1.4962594
2022-07-15 12:42:34,0,0,7.98005,0.4987531,0,82.79302,2.493766,0.4987531,4.488778
2022-07-15 12:42:33,0,0,8.706468,0.2487562,0,86.31841,2.736318,0,1.2437811
2022-07-15 12:42:32,0,0,10.696517,0.4975124,0,83.33333,2.985075,0.2487562,1.4925373
2022-07-15 12:42:31,0,0,8.663366,0.4950495,0,80.69307,2.722772,0.2475248,5.445545
2022-07-15 12:42:30,0,0,6.683168,0.4950495,0,78.71287,3.712871,0,7.920792
2022-07-15 12:42:29,0,0,6.467662,0.4975124,0,83.33333,2.736318,0.2487562,5.721393
2022-07-15 12:42:28,0,0,7.26817,0.2506266,0,88.22055,2.255639,0,1.2531328
2022-07-15 12:42:27,0,0,10.173697,0.248139,0,86.6005,1.985112,0.248139,0
2022-07-15 12:42:26,0,0,8.374384,0.4926108,0,76.84729,3.448276,0.4926108,7.142857
2022-07-15 12:42:25,0,0,6.75,0.5,0,83,3,0.25,4.75
2022-07-15 12:42:24,0,0,9.452736,0,0,85.32338,2.487562,0.2487562,1.99005
2022-07-15 12:42:23,0,0,8.5,0.25,0,83.25,3.25,0.25,4
2022-07-15 12:42:22,0,0,7.920792,0.4950495,0,83.41584,3.217822,0.2475248,3.712871
2022-07-15 12:42:21,0,0,7.286432,0.2512563,0,83.16583,2.261307,0,5.276382
2022-07-15 12:42:20,0,0,5.764411,0,0,83.45865,2.506266,0.5012531,7.017544
2022-07-15 12:42:19,0,0,9.950249,0.2487562,0,85.57214,3.233831,0,0.2487562
2022-07-15 12:42:18,0,0,8.229426,0.7481297,0,82.79302,2.743142,0.4987531,4.738155
2022-07-15 12:42:17,0,0,5.5,0.5,0,88.25,2,0.25,3
2022-07-15 12:42:16,0,0,10.421836,0.4962779,0,85.3598,2.977667,0.248139,0
2022-07-15 12:42:15,0,0,11.528822,0.2506266,0,85.21303,2.506266,0,0.2506266
2022-07-15 12:42:14,0,0,9.452736,0.4975124,0,85.8209,2.985075,0.2487562,0.4975124
2022-07-15 12:42:13,0,0,10.25,0.5,0,85.25,3.25,0.25,0
2022-07-15 12:42:12,0,0,10.5,0.5,0,86.25,2.25,0.25,0
2022-07-15 12:42:11,0,0,11.970075,0.2493766,0,83.54115,2.743142,0.2493766,0.2493766
2022-07-15 12:42:10,0,0,8.77193,0,0,86.71679,2.255639,0.2506266,1.0025063
2022-07-15 12:42:09,0,0,10.669975,0.7444169,0,85.11166,3.225806,0,0
2022-07-15 12:42:08,0,0,11.221945,0.7481297,0,83.54115,3.241895,0.2493766,0.7481297
2022-07-15 12:42:07,0,0,9.045226,0,0,88.44221,2.01005,0,0
2022-07-15 12:42:06,0,0,10.25,0.25,0,83.25,3.75,0,1.75
2022-07-15 12:42:05,0,0,10.776942,0.2506266,0,86.96742,1.5037594,0.2506266,0
2022-07-15 12:42:04,0,0,10.25,0,0,87.25,2.25,0,0.25
2022-07-15 12:42:03,0,0,10.972569,0.4987531,0,81.29676,2.743142,0.2493766,0
2022-07-15 12:42:02,0,0,13.032581,0.2506266,0,83.9599,2.005013,0,0.2506266
2022-07-15 12:42:01,0,0,9.20398,0.4975124,0,84.57711,2.487562,0.2487562,1.99005
2022-07-15 12:42:00,0,0,8.977556,0.2493766,0,87.78055,2.244389,0.2493766,0.2493766
2022-07-15 12:41:59,0,0,10.173697,0.248139,0,84.86352,2.977667,0.4962779,0.7444169
2022-07-15 12:41:58,0,0,10.275689,0.5012531,0,82.70677,2.756892,0,3.258145
2022-07-15 12:41:57,0,0,5.527638,0.2512563,0,91.45729,1.758794,0.2512563,0.5025126
2022-07-15 12:41:56,0,0,11.19403,0.2487562,0,83.83085,2.238806,0.2487562,1.741294
2022-07-15 12:41:55,0,0,9.20398,0.4975124,0,88.30846,1.741294,0,0
2022-07-15 12:41:54,0,0,11.111111,0.2525253,0,84.34343,3.030303,0,0.5050505
2022-07-15 12:41:53,0,0,9.774436,0.2506266,0,86.71679,2.756892,0.2506266,0
2022-07-15 12:41:52,0,0,10.723192,0.2493766,0,86.03491,2.493766,0,0
2022-07-15 12:41:51,0,0,11.027569,0.7518797,0,84.46115,2.506266,0.2506266,0.2506266
2022-07-15 12:41:50,0,0,9.571788,0,0,86.39798,3.274559,0,0.2518892
2022-07-15 12:41:49,0,0,10.526316,0.2506266,0,85.96491,2.506266,0.2506266,0.2506266
2022-07-15 12:41:48,0,0,10.25,0.5,0,86.25,2.25,0.25,0
2022-07-15 12:41:47,0,0,12.468828,0.2493766,0,84.28928,2.493766,0.2493766,0.2493766
2022-07-15 12:41:46,0,0,11.5,0.25,0,82.75,2.5,0.25,2.25
2022-07-15 12:41:45,0,0,10.473815,0.2493766,0,86.28429,2.244389,0.2493766,0.2493766
2022-07-15 12:41:44,0,0,12.158809,0.4962779,0,78.16377,2.729529,0.7444169,4.962779
2022-07-15 12:41:43,0,0,4.5,0,0,91.75,1.5,0,1
2022-07-15 12:41:42,0,0,10.723192,0.2493766,0,84.78803,2.743142,0.2493766,0.2493766
2022-07-15 12:41:41,0,0,9.022556,0.2506266,0,85.71429,3.007519,0.2506266,0
2022-07-15 12:41:40,0,0,11.278195,0,0,85.96491,2.005013,0.2506266,0.2506266
2022-07-15 12:41:39,0,0,9.90099,0.4950495,0,85.89109,2.475248,0.2475248,0.2475248
2022-07-15 12:41:38,0,0,14.572864,0.2512563,0,81.90955,2.763819,0,0.2512563
2022-07-15 12:41:37,0,0,9.75,0,0,86.25,2,0.75,1
2022-07-15 12:41:36,0,0,7.462687,0.4975124,0,85.8209,2.487562,0,2.985075
2022-07-15 12:41:35,0,0,9.701493,0.2487562,0,84.82587,2.238806,0.2487562,2.238806
2022-07-15 12:41:34,0,0,7.75,0.5,0,82.25,2.25,0.25,6
2022-07-15 12:41:33,0,0,7.21393,0.2487562,0,86.31841,2.238806,0.2487562,3.233831
2022-07-15 12:41:32,0,0,9,0.25,0,80,3.75,0.25,6
2022-07-15 12:41:31,0,0,5.19802,0.7425743,0,79.9505,2.227723,0.2475248,7.425743
2022-07-15 12:41:30,0,0,10.723192,0.4987531,0,83.04239,2.743142,0.4987531,1.995012
2022-07-15 12:41:29,0,0,6.91358,0.7407407,0,82.71605,2.469136,0.4938272,5.432099
2022-07-15 12:41:28,0,0,8.542714,0,0,86.93467,2.512563,0.2512563,1.5075377
2022-07-15 12:41:27,0,0,5.486284,0.7481297,0,88.02993,2.244389,0,2.743142
2022-07-15 12:41:26,0,0,14.536341,0.2506266,0,80.95238,3.007519,0.2506266,1.0025063
2022-07-15 12:41:25,0,0,10.447761,0.2487562,0,85.8209,2.487562,0,0.4975124
2022-07-15 12:41:24,0,0,6.218905,0.7462687,0,78.85572,2.736318,0.2487562,9.452736
2022-07-15 12:41:23,0,0,7.371007,0.7371007,0,80.58968,2.948403,0.4914005,5.159705
2022-07-15 12:41:22,0,0,5.012531,1.2531328,0,77.44361,2.005013,0.2506266,10.275689
2022-07-15 12:41:21,0,0,8.291457,0,0,85.42714,3.015075,0.5025126,2.261307
2022-07-15 12:41:20,0,0,9.296482,0.2512563,0,84.42211,2.261307,0.2512563,2.763819
2022-07-15 12:41:19,0,0,6.699752,0.4962779,0,86.10422,2.48139,0.4962779,3.473945
2022-07-15 12:41:18,0,0,7.86802,0.2538071,0,89.3401,1.2690355,0,0.2538071
2022-07-15 12:41:17,0,0,9.42928,0.248139,0,87.34491,1.985112,0.248139,0.248139
2022-07-15 12:41:16,0,0,11.027569,0.2506266,0,85.46366,2.255639,0.2506266,0
2022-07-15 12:41:15,0,0,9.52381,0.2506266,0,86.71679,2.756892,0.2506266,0
2022-07-15 12:41:14,0,0,10.275689,0.2506266,0,87.21805,1.2531328,0,0.2506266
2022-07-15 12:41:13,0,0,13,0.75,0,82.75,3,0.25,0.25
2022-07-15 12:41:12,0,0,12.25,0,0,82,2.75,0.25,2
2022-07-15 12:41:11,0,0,7.19603,0.248139,0,81.63772,3.225806,0.248139,5.955335
2022-07-15 12:41:10,0,0,7.25,0.5,0,82.25,3,0.25,4.75
2022-07-15 12:41:09,0,0,7.26817,0.5012531,0,84.96241,2.255639,0,2.756892
2022-07-15 12:41:08,0,0,8,0.25,0,86.75,2,0.25,2.5
2022-07-15 12:41:07,0,0,9.950249,0.2487562,0,83.58209,2.985075,0.2487562,2.736318
2022-07-15 12:41:06,0,0,8.72818,0.4987531,0,81.54613,3.241895,0.2493766,4.488778
2022-07-15 12:41:05,0,0,8,0.25,0,84.25,2,0,4
2022-07-15 12:41:04,0,0,5.707196,0.4962779,0,81.14144,2.729529,0.248139,8.933002
2022-07-15 12:41:03,0,0,8.395062,0.4938272,0,85.4321,2.222222,0,2.469136
2022-07-15 12:41:02,0,0,6.75,0.5,0,83.25,2.25,0.25,6.5
2022-07-15 12:41:01,0,0,7.635468,0.7389163,0,81.7734,2.955665,0.2463054,4.679803
2022-07-15 12:41:00,0,0,8.229426,0.4987531,0,85.03741,2.743142,0.2493766,2.493766
2022-07-15 12:40:59,0,0,8.564232,0.2518892,0,86.1461,2.770781,0,1.763224
2022-07-15 12:40:58,0,0,8.62069,0.4926108,0,81.03448,3.20197,0.4926108,4.679803
2022-07-15 12:40:57,0,0,5.19802,0.7425743,0,80.94059,2.227723,0.2475248,7.920792
2022-07-15 12:40:56,0,0,8.478803,0.7481297,0,85.28678,1.995012,0.2493766,2.743142
2022-07-15 12:40:55,0,0,7.673267,0,0,83.41584,2.970297,0.2475248,4.207921
2022-07-15 12:40:54,0,0,7.462687,0.4975124,0,84.32836,2.736318,0.2487562,2.985075
2022-07-15 12:40:53,0,0,8.080808,0.2525253,0,83.08081,2.525253,0.5050505,4.79798
2022-07-15 12:40:52,0,0,6.218905,0.4975124,0,81.59204,2.238806,0.2487562,7.711443
2022-07-15 12:40:51,0,0,7.017544,0.5012531,0,86.46617,2.506266,0.2506266,2.756892
2022-07-15 12:40:50,0,0,8.208955,0,0,88.30846,2.238806,0.2487562,0.4975124
2022-07-15 12:40:49,0,0,9.045226,0.5025126,0,88.44221,1.5075377,0,0
2022-07-15 12:40:48,0,0,10.723192,0,0,86.28429,1.995012,0.4987531,0.2493766
2022-07-15 12:40:47,0,0,10.301508,1.0050251,0,84.42211,3.015075,0.2512563,0
2022-07-15 12:40:46,0,0,10.421836,0.248139,0,83.12655,2.977667,0.4962779,1.736973
2022-07-15 12:40:45,0,0,8.521303,0,0,89.22306,1.5037594,0.2506266,0
2022-07-15 12:40:44,0,0,10.552764,0.2512563,0,86.68342,2.01005,0,0.2512563
2022-07-15 12:40:43,0,0,10.776942,0.5012531,0,86.46617,2.005013,0.2506266,0
2022-07-15 12:40:42,0,0,10.447761,0.2487562,0,85.8209,1.741294,0.2487562,0.4975124
2022-07-15 12:40:41,0,0,10.050251,0.5025126,0,86.1809,2.261307,0.2512563,0
2022-07-15 12:40:40,0,0,10.421836,0,0,85.3598,2.977667,0.4962779,0.248139
2022-07-15 12:40:39,0,0,10.723192,0.2493766,0,85.78554,2.743142,0.2493766,0
2022-07-15 12:40:38,0,0,10.5,0.75,0,83.25,2,0.25,2.25
2022-07-15 12:40:37,0,0,8.977556,0.2493766,0,87.78055,2.244389,0.4987531,0.2493766
2022-07-15 12:40:36,0,0,10.723192,0.2493766,0,86.53367,1.995012,0.2493766,0
2022-07-15 12:40:35,0,0,11.306533,0.7537688,0,83.9196,3.517588,0,0
2022-07-15 12:40:34,0,0,10.831234,0.2518892,0,84.88665,2.267003,0.5037783,0.7556675
2022-07-15 12:40:33,0,0,8.72818,0.2493766,0,87.78055,2.244389,0.2493766,0.2493766
2022-07-15 12:40:32,0,0,10.526316,0.2506266,0,86.96742,1.754386,0,0
2022-07-15 12:40:31,0,0,11,0.75,0,83.75,3.5,0.25,0.25
2022-07-15 12:40:30,0,0,10.275689,0.2506266,0,85.46366,2.756892,0.2506266,0.2506266
2022-07-15 12:40:29,0,0,10.075567,0,0,86.64987,2.518892,0,0.2518892
2022-07-15 12:40:28,0,0,10.75,0.25,0,86,1.75,0.5,0
2022-07-15 12:40:27,0,0,10.75,0.25,0,86.25,2.25,0.25,0
2022-07-15 12:40:26,0,0,10.831234,0.2518892,0,84.88665,2.770781,0.2518892,0.2518892
2022-07-15 12:40:25,0,0,9.725686,0.4987531,0,88.02993,1.2468828,0.2493766,0
2022-07-15 12:40:24,0,0,10.526316,0,0,85.96491,2.506266,0.5012531,0.2506266
2022-07-15 12:40:23,0,0,10.972569,0.4987531,0,85.03741,2.743142,0.2493766,0
2022-07-15 12:40:22,0,0,10.579345,0.2518892,0,84.88665,3.274559,0,0.2518892
2022-07-15 12:40:21,0,0,8.436725,0.248139,0,88.33747,1.985112,0.248139,0.248139
2022-07-15 12:40:20,0,0,10.526316,0.5012531,0,85.71429,2.255639,0.5012531,0
2022-07-15 12:40:19,0,0,10.526316,0.2506266,0,86.46617,2.005013,0.2506266,0
2022-07-15 12:40:18,0,0,11.25,0.25,0,84.25,2.75,0,0.5
2022-07-15 12:40:17,0,0,9.181141,0.4962779,0,87.59305,1.736973,0.248139,0.248139
2022-07-15 12:40:16,0,0,12.594458,0,0,84.13098,2.267003,0.2518892,0.5037783
2022-07-15 12:40:15,0,0,7.730673,0.7481297,0,89.27681,1.2468828,0.2493766,0.2493766
2022-07-15 12:40:14,0,0,9,0.25,0,87.75,2.5,0.25,0
2022-07-15 12:40:13,0,0,9.296482,0.2512563,0,87.43719,2.512563,0,0.2512563
2022-07-15 12:40:12,0,0,10.173697,0.248139,0,86.10422,2.48139,0.4962779,0.248139
2022-07-15 12:40:11,0,0,10.301508,0.5025126,0,86.68342,2.261307,0,0
2022-07-15 12:40:10,0,0,15.174129,0.2487562,0,80.34826,3.482587,0.2487562,0.2487562
2022-07-15 12:40:09,0,0,7.98005,0.7481297,0,82.29426,2.992519,0.2493766,4.239401
2022-07-15 12:40:08,0,0,6.716418,0,0,85.07463,1.99005,0.2487562,5.223881
2022-07-15 12:40:07,0,0,7.035176,0.2512563,0,84.67337,3.015075,0.2512563,4.020101
2022-07-15 12:40:06,0,0,6.5,0.25,0,87.75,1.75,0.25,3
2022-07-15 12:40:05,0,0,9,0,0,87.25,1.75,0.25,0.75
2022-07-15 12:40:04,0,0,10.224439,0.4987531,0,86.53367,1.995012,0.4987531,0
2022-07-15 12:40:03,0,0,10.25,0.25,0,87.25,2,0,0
2022-07-15 12:40:02,0,0,10.696517,0.2487562,0,85.8209,2.487562,0.2487562,0
2022-07-15 12:40:01,0,0,9.090909,0,0,88.13131,2.020202,0,0
2022-07-15 12:40:00,0,0,10.526316,0.2506266,0,86.71679,1.754386,0.2506266,0.2506266
2022-07-15 12:39:59,0,0,10.972569,0.2493766,0,85.53616,2.244389,0.2493766,0.2493766
2022-07-15 12:39:58,0,0,11.278195,0.2506266,0,84.21053,3.007519,0.2506266,0
2022-07-15 12:39:57,0,0,7.98005,0.2493766,0,89.02743,1.995012,0.2493766,0
2022-07-15 12:39:56,0,0,10.723192,0.2493766,0,85.78554,2.244389,0.4987531,0.2493766
2022-07-15 12:39:55,0,0,13,0.5,0,80,3,0.25,3
2022-07-15 12:39:54,0,0,7.654321,0.4938272,0,81.7284,3.209877,0.2469136,4.691358
2022-07-15 12:39:53,0,0,7.19603,0.248139,0,87.84119,1.985112,0.248139,1.2406948
2022-07-15 12:39:52,0,0,10.918114,0.248139,0,85.60794,1.985112,0.248139,0.4962779
2022-07-15 12:39:51,0,0,10,0.25,0,82,4.25,0.25,2.5
2022-07-15 12:39:50,0,0,5.735661,0.7481297,0,82.04489,1.4962594,0.2493766,6.982544
2022-07-15 12:39:49,0,0,7.462687,0.2487562,0,88.55721,2.487562,0.2487562,0.4975124
2022-07-15 12:39:48,0,0,7.481297,0.2493766,0,88.2793,1.4962594,0.4987531,1.4962594
2022-07-15 12:39:47,0,0,11.19403,0.2487562,0,82.58706,2.487562,0.4975124,1.99005
2022-07-15 12:39:46,0,0,4.455446,0.2475248,0,84.65347,2.475248,0.2475248,5.693069
2022-07-15 12:39:45,0,0,6.015038,0.2506266,0,86.96742,2.005013,0,3.759398
2022-07-15 12:39:44,0,0,9.226933,0.4987531,0,87.2818,2.493766,0,0
2022-07-15 12:39:43,0,0,10.5,0,0,87,1.75,0,0.25
2022-07-15 12:39:42,0,0,11.25,0.25,0,85,2.75,0.25,0
2022-07-15 12:39:41,0,0,9,0.5,0,88,1.75,0,0
2022-07-15 12:39:40,0,0,10.421836,0.248139,0,85.85608,2.48139,0.4962779,0.248139
2022-07-15 12:39:39,0,0,11.055276,0,0,86.68342,1.758794,0,0
2022-07-15 12:39:38,0,0,10.473815,0.2493766,0,85.53616,2.493766,0.4987531,0.2493766
2022-07-15 12:39:37,0,0,9.701493,0.2487562,0,86.56716,2.736318,0.2487562,0
2022-07-15 12:39:36,0,0,10.301508,0.2512563,0,86.68342,2.01005,0.2512563,0.2512563
2022-07-15 12:39:35,0,0,11.278195,0.2506266,0,84.71178,2.255639,0.5012531,0.2506266
2022-07-15 12:39:34,0,0,8.25,0.5,0,87,2.25,0.25,1.25
2022-07-15 12:39:33,0,0,10.776942,0.2506266,0,84.71178,1.754386,0.2506266,1.2531328
2022-07-15 12:39:32,0,0,8.933002,0.248139,0,87.34491,2.48139,0.248139,0
2022-07-15 12:39:31,0,0,9.798995,0,0,86.43216,2.512563,0.2512563,0.5025126
2022-07-15 12:39:30,0,0,13.032581,0.2506266,0,82.20551,3.258145,0,1.0025063
2022-07-15 12:39:29,0,0,12.09068,0.5037783,0,83.37531,2.267003,0.2518892,1.2594458
2022-07-15 12:39:28,0,0,8.168317,0.2475248,0,83.91089,2.970297,0.2475248,3.465347
2022-07-15 12:39:27,0,0,7.462687,0.7462687,0,83.33333,2.487562,0.4975124,4.228856
2022-07-15 12:39:26,0,0,4,0.5,0,88.25,1.5,0,5.25
2022-07-15 12:39:25,0,0,12.030075,0.5012531,0,83.70927,2.005013,0.2506266,0.5012531
2022-07-15 12:39:24,0,0,4.738155,0.2493766,0,91.77057,1.4962594,0,1.4962594
2022-07-15 12:39:23,0,0,10.447761,0.4975124,0,83.83085,3.482587,0.4975124,0.9950249
2022-07-15 12:39:22,0,0,8.478803,0.4987531,0,86.53367,1.995012,0.2493766,1.4962594
2022-07-15 12:39:21,0,0,12.342569,0.5037783,0,83.12343,2.770781,0.2518892,0.5037783
2022-07-15 12:39:20,0,0,10.75,0.5,0,80.5,2.75,0,4.25
2022-07-15 12:39:19,0,0,6.716418,0.7462687,0,83.58209,2.487562,0,5.721393
2022-07-15 12:39:18,0,0,5.172414,0.4926108,0,81.28079,2.463054,0.7389163,6.403941
2022-07-15 12:39:17,0,0,5.555556,0,0,86.36364,2.525253,0,5.30303
2022-07-15 12:39:16,0,0,11.691542,0.2487562,0,83.83085,2.985075,0.2487562,0.4975124
2022-07-15 12:39:15,0,0,7.808564,0.5037783,0,87.65743,2.267003,0,1.511335
2022-07-15 12:39:14,0,0,6.5,0.25,0,84.75,2.5,0.25,5.25
2022-07-15 12:39:13,0,0,6.930693,0.7425743,0,89.10891,2.227723,0.2475248,0
2022-07-15 12:39:12,0,0,9.022556,0.5012531,0,87.21805,2.756892,0.2506266,0
2022-07-15 12:39:11,0,0,7.75,0.75,0,85.5,2.75,0,1.5
2022-07-15 12:39:10,0,0,6.234414,0,0,90.27431,2.743142,0.2493766,0
2022-07-15 12:39:09,0,0,5.970149,0.2487562,0,90.54726,1.99005,0.2487562,0.2487562
2022-07-15 12:39:08,0,0,3.759398,0.5012531,0,92.23058,3.007519,0,0
2022-07-15 12:39:07,0,0,4.271357,0.5025126,0,90.70352,3.517588,0.2512563,0
2022-07-15 12:39:06,0,0,2.493766,0.4987531,0,92.26933,3.990025,0,0.2493766
2022-07-15 12:39:05,0,0,1.2531328,0.7518797,0,93.98496,2.756892,0.2506266,0
2022-07-15 12:39:04,0,0,1,0,0,95.25,3.25,0,0
2022-07-15 12:39:03,0,0,1.25,0.5,0,94,3.5,0,0
2022-07-15 12:39:02,0,0,0.7481297,0.2493766,0,96.50873,2.244389,0.2493766,0
2022-07-15 12:39:01,0,0,1.0075567,0,0,95.21411,2.770781,0,0
2022-07-15 12:39:00,0,0,1.0025063,0,0,94.23559,3.759398,0,0
2022-07-15 12:38:59,0,0,2.985075,0.2487562,0,94.27861,1.99005,0.4975124,0
2022-07-15 12:38:58,0,0,3.5,0.5,0,92.75,2.25,0,0
2022-07-15 12:38:57,0,0,5.75,0.5,0,91,2,0,0
2022-07-15 12:38:56,0,0,5.75,0,0,90.5,2.75,0.25,0
2022-07-15 12:38:55,0,0,6.75,0,0,90.25,2.25,0,0.25
2022-07-15 12:38:54,0,0,8.291457,0.2512563,0,87.43719,2.763819,0.2512563,0.2512563
2022-07-15 12:38:53,0,0,7.960199,0.7462687,0,88.30846,2.487562,0.2487562,0
2022-07-15 12:38:52,0,0,8.5,0.25,0,85.75,3.5,0.5,0.75
2022-07-15 12:38:51,0,0,8.521303,0,0,88.22055,2.255639,0.2506266,0
2022-07-15 12:38:50,0,0,11,0.5,0,85.25,2.75,0,0
2022-07-15 12:38:49,0,0,11.471322,0,0,85.78554,1.995012,0.2493766,0.2493766
2022-07-15 12:38:48,0,0,8.72818,0.2493766,0,87.2818,2.493766,0.2493766,0
2022-07-15 12:38:47,0,0,14.824121,0,0,81.15578,3.517588,0.2512563,0
2022-07-15 12:38:46,0,0,8.977556,0.4987531,0,86.53367,2.244389,0,1.2468828
2022-07-15 12:38:45,0,0,8.395062,0.4938272,0,81.48148,2.962963,0.4938272,4.691358
2022-07-15 12:38:44,0,0,7.444169,0.4962779,0,83.12655,2.729529,0,4.962779
2022-07-15 12:38:43,0,0,8,0,0,85.75,2.75,0.75,2.5
2022-07-15 12:38:42,0,0,8.208955,0.9950249,0,83.33333,1.99005,0.2487562,4.726368
2022-07-15 12:38:41,0,0,8.25,0.25,0,85.75,2.25,0.25,2
2022-07-15 12:38:40,0,0,7.107843,1.2254902,0,82.10784,3.186275,0.245098,4.901961
2022-07-15 12:38:39,0,0,8.291457,0.2512563,0,83.9196,2.512563,0.2512563,4.522613
2022-07-15 12:38:38,0,0,8.02005,0,0,84.96241,2.756892,0.2506266,2.756892
2022-07-15 12:38:37,0,0,7.19603,0.248139,0,85.11166,2.729529,0,4.218362
2022-07-15 12:38:36,0,0,8.25,0.5,0,84.5,2.5,0,3.25
2022-07-15 12:38:35,0,0,6.699752,0.9925558,0,84.61538,1.985112,0.248139,4.71464
2022-07-15 12:38:34,0,0,4.691358,0.4938272,0,88.14815,1.728395,0.2469136,3.45679
2022-07-15 12:38:33,0,0,12.189055,0.2487562,0,77.8607,3.482587,0.2487562,4.726368
2022-07-15 12:38:32,0,0,6.965174,0.2487562,0,84.57711,2.487562,0.2487562,4.975124
2022-07-15 12:38:31,0,0,4.522613,0.2512563,0,91.70854,1.758794,0.2512563,1.0050251
2022-07-15 12:38:30,0,0,10.224439,0.7481297,0,85.78554,2.743142,0,0
2022-07-15 12:38:29,0,0,10.275689,0,0,86.71679,2.005013,0.5012531,0
2022-07-15 12:38:28,0,0,11.221945,0,0,83.79052,2.992519,0.4987531,1.2468828
2022-07-15 12:38:27,0,0,8.229426,0.4987531,0,88.02993,1.745636,0.2493766,0.2493766
2022-07-15 12:38:26,0,0,10.224439,0.2493766,0,86.53367,2.244389,0.2493766,0.2493766
2022-07-15 12:38:25,0,0,12.311558,0.5025126,0,83.41709,2.763819,0.2512563,0
2022-07-15 12:38:24,0,0,9,0,0,84.5,2.5,0,3.75
2022-07-15 12:38:23,0,0,7.5,0.25,0,88.75,2.5,0.5,0.25
2022-07-15 12:38:22,0,0,10.75,0.5,0,85,2.5,0.25,0.5
2022-07-15 12:38:21,0,0,8.542714,0.5025126,0,86.1809,2.512563,0.2512563,0.5025126
2022-07-15 12:38:20,0,0,9.20398,0.4975124,0,87.56219,2.238806,0.2487562,0
2022-07-15 12:38:19,0,0,10.526316,0.5012531,0,85.46366,3.007519,0.2506266,0
2022-07-15 12:38:18,0,0,10.275689,0,0,87.46867,1.2531328,0.2506266,0
2022-07-15 12:38:17,0,0,10.972569,0.4987531,0,84.78803,3.491272,0.2493766,0
2022-07-15 12:38:16,0,0,10.050251,0.2512563,0,85.92965,2.261307,0.2512563,0.7537688
2022-07-15 12:38:15,0,0,9.5,0.25,0,86.75,3,0,0
2022-07-15 12:38:14,0,0,10.473815,0.2493766,0,85.78554,2.493766,0.2493766,0.2493766
2022-07-15 12:38:13,0,0,10.831234,0.5037783,0,84.63476,2.267003,0,1.2594458
2022-07-15 12:38:12,0,0,8.706468,0.2487562,0,88.30846,1.741294,0.2487562,0.2487562
2022-07-15 12:38:11,0,0,11.027569,0.5012531,0,83.9599,3.258145,0,0.7518797
2022-07-15 12:38:10,0,0,9.319899,0,0,87.40554,2.267003,0.5037783,0
2022-07-15 12:38:09,0,0,11.442786,0.2487562,0,83.83085,2.985075,0.2487562,0.4975124
2022-07-15 12:38:08,0,0,8.77193,0.2506266,0,87.96992,2.756892,0,0
2022-07-15 12:38:07,0,0,12.09068,0.2518892,0,84.63476,2.267003,0.2518892,0
2022-07-15 12:38:06,0,0,13.613861,0.2475248,0,81.43564,3.712871,0.4950495,0.2475248
2022-07-15 12:38:05,0,0,7.26817,0,0,84.21053,2.756892,0,5.263158
2022-07-15 12:38:04,0,0,10.173697,0.4962779,0,85.11166,2.48139,0.248139,1.2406948
2022-07-15 12:38:03,0,0,7.25,0.25,0,81.25,2.5,0.25,7.25
2022-07-15 12:38:02,0,0,7.75,0.5,0,84.25,2.75,0.25,4.25
2022-07-15 12:38:01,0,0,7.98005,0.2493766,0,85.03741,3.241895,0,2.992519
2022-07-15 12:38:00,0,0,8.706468,0.7462687,0,85.07463,2.487562,0.2487562,1.99005
2022-07-15 12:37:59,0,0,8.79397,0,0,83.9196,3.768844,0,3.266332
2022-07-15 12:37:58,0,0,5.486284,0.2493766,0,86.78304,3.241895,0,3.241895
2022-07-15 12:37:57,0,0,11.414392,0,0,82.63027,3.473945,0,1.736973
2022-07-15 12:37:56,0,0,6.733167,0.4987531,0,86.78304,2.493766,0.2493766,2.493766
2022-07-15 12:37:55,0,0,9.52381,0.2506266,0,84.46115,4.010025,0.2506266,1.2531328
2022-07-15 12:37:54,0,0,9.653465,0.4950495,0,82.92079,2.970297,0.2475248,3.217822
2022-07-15 12:37:53,0,0,8.457711,0.4975124,0,85.8209,2.238806,0.2487562,1.99005
2022-07-15 12:37:52,0,0,11.083123,0,0,84.63476,3.274559,0,0.7556675
2022-07-15 12:37:51,0,0,7.5,0.5,0,83,3.5,0.5,4.5
2022-07-15 12:37:50,0,0,7.425743,0.990099,0,79.9505,3.217822,0.2475248,6.683168
2022-07-15 12:37:49,0,0,7.5,0.25,0,83.25,3.5,0.25,3.5
2022-07-15 12:37:48,0,0,6.733167,0.2493766,0,84.78803,1.995012,0.4987531,4.488778
2022-07-15 12:37:47,0,0,8.5,0.25,0,84.5,3,0,3
2022-07-15 12:37:46,0,0,7.730673,0.2493766,0,88.52868,1.745636,0.2493766,0.9975062
2022-07-15 12:37:45,0,0,8.5,0.25,0,85.25,3,0.25,2
2022-07-15 12:37:44,0,0,10.025063,0.2506266,0,87.21805,2.005013,0.2506266,0
2022-07-15 12:37:43,0,0,10.421836,0.4962779,0,86.35236,1.985112,0.248139,0.248139
2022-07-15 12:37:42,0,0,14.25,0.25,0,82.5,2.5,0.25,0
2022-07-15 12:37:41,0,0,10.669975,0.4962779,0,82.87841,3.225806,0.248139,1.736973
2022-07-15 12:37:40,0,0,6.25,0.25,0,87.75,1.75,0,3.5
2022-07-15 12:37:39,0,0,5.970149,0.4975124,0,88.55721,1.99005,0.2487562,2.238806
2022-07-15 12:37:38,0,0,10.858586,0.2525253,0,86.11111,2.525253,0.2525253,0
2022-07-15 12:37:37,0,0,15.308642,0.4938272,0,79.25926,3.950617,0.2469136,0.2469136
2022-07-15 12:37:36,0,0,8.229426,0.2493766,0,81.54613,3.740648,0.2493766,3.740648
2022-07-15 12:37:35,0,0,6,0.5,0,85,2.5,0,4.75
2022-07-15 12:37:34,0,0,5.985037,0.2493766,0,87.78055,1.995012,0.2493766,2.992519
2022-07-15 12:37:33,0,0,9.25,0.25,0,84.5,2.75,0.25,2.25
2022-07-15 12:37:32,0,0,9.273183,0.5012531,0,85.96491,3.007519,0.2506266,0.2506266
2022-07-15 12:37:31,0,0,10.80402,0.2512563,0,85.42714,2.512563,0.2512563,0.2512563
2022-07-15 12:37:30,0,0,12.406948,0.4962779,0,83.37469,2.729529,0.248139,0.248139
2022-07-15 12:37:29,0,0,12.718204,0.2493766,0,83.04239,2.743142,0.2493766,0.7481297
2022-07-15 12:37:28,0,0,7.98005,0.4987531,0,80.29925,2.743142,0.4987531,6.733167
2022-07-15 12:37:27,0,0,5.263158,1.0025063,0,80.70175,3.007519,0.2506266,6.265664
2022-07-15 12:37:26,0,0,7.940447,0.248139,0,87.09677,2.233251,0.248139,1.736973
2022-07-15 12:37:25,0,0,8.933002,0.248139,0,82.87841,2.48139,0.248139,4.466501
2022-07-15 12:37:24,0,0,8,0.75,0,82.75,2,0,5.75
2022-07-15 12:37:23,0,0,6.516291,0.5012531,0,80.70175,2.756892,0.2506266,6.265664
2022-07-15 12:37:22,0,0,6.666667,0.7407407,0,82.96296,3.209877,0.2469136,5.432099
2022-07-15 12:37:21,0,0,7.462687,0.2487562,0,83.58209,2.985075,0.2487562,3.9801
2022-07-15 12:37:20,0,0,7.25,0.25,0,85.75,2.75,0,3.75
2022-07-15 12:37:19,0,0,11.19403,0,0,84.32836,2.487562,0.2487562,0.7462687
2022-07-15 12:37:18,0,0,8.933002,0.4962779,0,81.88586,3.473945,0.248139,4.466501
2022-07-15 12:37:17,0,0,6.78392,0.2512563,0,85.42714,2.261307,0.2512563,4.020101
2022-07-15 12:37:16,0,0,6.451613,0.248139,0,90.57072,1.2406948,0.248139,0.9925558
2022-07-15 12:37:15,0,0,9.25,0.25,0,86.25,3,0.25,0.5
2022-07-15 12:37:14,0,0,11.306533,0,0,85.42714,2.261307,0,0.2512563
2022-07-15 12:37:13,0,0,9,0.25,0,88.25,1.75,0.5,0
2022-07-15 12:37:12,0,0,11.940299,0.7462687,0,83.58209,2.736318,0.2487562,0
2022-07-15 12:37:11,0,0,8.684864,0.248139,0,87.84119,2.233251,0.248139,0.248139
2022-07-15 12:37:10,0,0,10.75,0.5,0,85,3,0.25,0
2022-07-15 12:37:09,0,0,11.278195,0.2506266,0,83.9599,2.255639,0.5012531,1.0025063
2022-07-15 12:37:08,0,0,9.045226,0.2512563,0,87.68844,2.261307,0.2512563,0.2512563
2022-07-15 12:37:07,0,0,16.5,0.25,0,80,2.75,0.25,0
2022-07-15 12:37:06,0,0,5.985037,0,0,88.02993,2.992519,0.2493766,2.493766
2022-07-15 12:37:05,0,0,7.26817,0.2506266,0,89.22306,2.506266,0.2506266,0
2022-07-15 12:37:04,0,0,12.280702,0.2506266,0,83.9599,3.007519,0,0.2506266
2022-07-15 12:37:03,0,0,8.521303,0.2506266,0,88.7218,2.005013,0.2506266,0
2022-07-15 12:37:02,0,0,15.931373,0.245098,0,79.16667,2.205882,0.245098,0.9803922
2022-07-15 12:37:01,0,0,8.5,0,0,82.25,3,0,4
2022-07-15 12:37:00,0,0,7.160494,0.9876543,0,81.48148,2.962963,0.2469136,5.185185
2022-07-15 12:36:59,0,0,6.766917,0.7518797,0,85.96491,2.506266,0,3.258145
2022-07-15 12:36:58,0,0,11,0.25,0,83,3,0,2.25
2022-07-15 12:36:57,0,0,8.188586,0.4962779,0,85.11166,2.48139,0.248139,2.977667
2022-07-15 12:36:56,0,0,6.451613,0.4962779,0,80.39702,2.977667,0.248139,7.444169
2022-07-15 12:36:55,0,0,8,0.25,0,85.75,3,0.25,2
2022-07-15 12:36:54,0,0,6.91358,0.9876543,0,79.50617,3.209877,0.4938272,6.17284
2022-07-15 12:36:53,0,0,7.25,0.5,0,87.25,1.5,0.25,2.75
2022-07-15 12:36:52,0,0,9.273183,0.2506266,0,85.46366,2.255639,0.5012531,1.2531328
2022-07-15 12:36:51,0,0,6.699752,0.7444169,0,82.87841,2.729529,0.248139,4.962779
2022-07-15 12:36:50,0,0,8.75,0,0,88,2,0.25,0.5
2022-07-15 12:36:49,0,0,6.516291,0.5012531,0,87.7193,2.005013,0,2.756892
2022-07-15 12:36:48,0,0,9.181141,0.248139,0,84.11911,2.48139,0.4962779,2.48139
2022-07-15 12:36:47,0,0,8.291457,0.2512563,0,86.1809,2.512563,0.2512563,1.758794
2022-07-15 12:36:46,0,0,11.25,0,0,85.25,2.5,0.25,0.5
2022-07-15 12:36:45,0,0,8.977556,0.2493766,0,87.53117,2.493766,0.4987531,0
2022-07-15 12:36:44,0,0,11.221945,0.2493766,0,85.78554,1.995012,0,0.2493766
2022-07-15 12:36:43,0,0,10.25,0.25,0,86.25,2.75,0.25,0
2022-07-15 12:36:42,0,0,10.776942,0.2506266,0,86.21554,2.506266,0,0
2022-07-15 12:36:41,0,0,10.972569,0.2493766,0,84.78803,2.743142,0.2493766,0.2493766
2022-07-15 12:36:40,0,0,9.5,0.25,0,87.25,2,0.25,0.25
2022-07-15 12:36:39,0,0,10.25,0,0,87,2,0.25,0
2022-07-15 12:36:38,0,0,11.027569,0.2506266,0,85.71429,2.506266,0,0
2022-07-15 12:36:37,0,0,11.91067,0.248139,0,84.86352,2.233251,0.248139,0.248139
2022-07-15 12:36:36,0,0,9.975062,0.4987531,0,85.53616,2.743142,0.2493766,0.2493766
2022-07-15 12:36:35,0,0,9.273183,0,0,86.96742,2.756892,0.2506266,0.2506266
2022-07-15 12:36:34,0,0,9.774436,0.5012531,0,82.95739,3.508772,0.2506266,2.506266
2022-07-15 12:36:33,0,0,9.226933,0,0,87.78055,2.493766,0.2493766,0
2022-07-15 12:36:32,0,0,10.25,0.25,0,86.5,2.25,0,0.25
2022-07-15 12:36:31,0,0,10.327456,0,0,86.90176,1.763224,0.2518892,0.2518892
2022-07-15 12:36:30,0,0,10.723192,0.4987531,0,85.03741,2.743142,0.2493766,0
2022-07-15 12:36:29,0,0,10.945274,0,0,85.57214,2.238806,0.2487562,0.2487562
2022-07-15 12:36:28,0,0,11.278195,0.2506266,0,84.71178,2.756892,0.2506266,0.5012531
2022-07-15 12:36:27,0,0,11.528822,0.2506266,0,84.96241,2.506266,0,0
2022-07-15 12:36:26,0,0,9.226933,0.4987531,0,86.78304,2.743142,0.2493766,0.2493766
2022-07-15 12:36:25,0,0,12.345679,0.2469136,0,80,3.45679,0.2469136,2.222222
2022-07-15 12:36:24,0,0,5.037783,0.5037783,0,84.38287,2.015113,0.2518892,6.04534
2022-07-15 12:36:23,0,0,6.982544,0.2493766,0,88.2793,2.244389,0.2493766,1.745636
2022-07-15 12:36:22,0,0,10.5,0.5,0,85.75,2.5,0,0.25
2022-07-15 12:36:21,0,0,8.706468,0.4975124,0,87.31343,2.238806,0.2487562,0.2487562
2022-07-15 12:36:20,0,0,10.5,0.25,0,85.75,2.75,0.25,0.25
2022-07-15 12:36:19,0,0,10.327456,0,0,87.15365,2.267003,0,0
2022-07-15 12:36:18,0,0,10.696517,0.2487562,0,85.32338,2.985075,0.2487562,0.2487562
2022-07-15 12:36:17,0,0,15.037594,0.2506266,0,81.45363,3.258145,0,0
2022-07-15 12:36:16,0,0,9.975062,0,0,84.0399,2.493766,0.2493766,2.743142
2022-07-15 12:36:15,0,0,6.5,0.25,0,85.5,2.25,0.25,3.5
2022-07-15 12:36:14,0,0,9.405941,0.4950495,0,83.91089,2.475248,0.2475248,2.475248
2022-07-15 12:36:13,0,0,5.955335,0.248139,0,88.08933,1.736973,0.248139,2.977667
2022-07-15 12:36:12,0,0,12.5,0.25,0,83,2.75,0,0.75
2022-07-15 12:36:11,0,0,6.5,0.25,0,87.75,2.75,0.25,1.75
2022-07-15 12:36:10,0,0,8,0,0,86.25,2.5,0.25,2.25
2022-07-15 12:36:09,0,0,10.25,0.25,0,86.5,2.25,0.5,0
2022-07-15 12:36:08,0,0,10.669975,0.4962779,0,86.35236,1.736973,0.248139,0.248139
2022-07-15 12:36:07,0,0,10.5,0,0,86.25,2.25,0.5,0
2022-07-15 12:36:06,0,0,11.221945,0.4987531,0,85.78554,1.995012,0,0.2493766
2022-07-15 12:36:05,0,0,11.528822,0,0,85.46366,2.255639,0,0
2022-07-15 12:36:04,0,0,9.20398,0.2487562,0,87.56219,1.99005,0.2487562,0.2487562
2022-07-15 12:36:03,0,0,10.275689,0.5012531,0,86.46617,2.506266,0,0
2022-07-15 12:36:02,0,0,11.055276,0.2512563,0,85.67839,2.261307,0.2512563,0
2022-07-15 12:36:01,0,0,11.662531,0.4962779,0,83.87097,2.729529,0.248139,0.4962779
2022-07-15 12:36:00,0,0,9.798995,0.2512563,0,85.67839,2.763819,0.2512563,0.7537688
2022-07-15 12:35:59,0,0,9.950249,0.2487562,0,86.56716,2.238806,0.2487562,0.2487562
2022-07-15 12:35:58,0,0,8.542714,0.5025126,0,86.1809,2.512563,0,2.01005
2022-07-15 12:35:57,0,0,10.25,0.5,0,86.25,2.5,0.25,0
2022-07-15 12:35:56,0,0,10.579345,0.2518892,0,86.39798,2.267003,0,0.2518892
2022-07-15 12:35:55,0,0,10.696517,0.2487562,0,85.8209,2.487562,0.2487562,0.2487562
2022-07-15 12:35:54,0,0,10.473815,0.2493766,0,86.28429,2.493766,0.2493766,0
2022-07-15 12:35:53,0,0,12.25,0.25,0,83.75,2.75,0.25,0.25
2022-07-15 12:35:52,0,0,8.816121,0.2518892,0,88.16121,2.015113,0.2518892,0
2022-07-15 12:35:51,0,0,10.473815,0.2493766,0,86.53367,1.745636,0.2493766,0.2493766
2022-07-15 12:35:50,0,0,11.25,0.25,0,85.5,2.5,0,0
2022-07-15 12:35:49,0,0,12.686567,0.4975124,0,83.58209,2.487562,0.2487562,0.2487562
2022-07-15 12:35:48,0,0,11.027569,0.5012531,0,84.46115,2.756892,0.2506266,0.5012531
2022-07-15 12:35:47,0,0,10.643564,0.990099,0,73.26733,2.970297,0.2475248,8.415842
2022-07-15 12:35:46,0,0,4.444444,0.9876543,0,74.07407,2.716049,0.2469136,12.592593
2022-07-15 12:35:45,0,0,4.239401,0.9975062,0,76.05985,1.4962594,0.2493766,13.715711
2022-07-15 12:35:44,0,0,7.98005,0.2493766,0,84.28928,2.992519,0.2493766,3.491272
2022-07-15 12:35:43,0,0,8.75,0.25,0,82,2.75,0,4.25
2022-07-15 12:35:42,0,0,5.445545,0,0,82.67327,3.217822,0.2475248,7.425743
2022-07-15 12:35:41,0,0,7.920792,0.4950495,0,86.13861,1.980198,0,2.227723
2022-07-15 12:35:40,0,0,6.234414,0.4987531,0,87.78055,1.995012,0.2493766,2.244389
2022-07-15 12:35:39,0,0,9.25,0,0,88.75,1.5,0.25,0
2022-07-15 12:35:38,0,0,10.526316,0.5012531,0,85.71429,2.506266,0.2506266,0
2022-07-15 12:35:37,0,0,12.531328,0.7518797,0,83.20802,2.756892,0.2506266,0.2506266
2022-07-15 12:35:36,0,0,6.683168,0.2475248,0,86.63366,2.475248,0,2.970297
2022-07-15 12:35:35,0,0,10.75,0.5,0,86,2,0.25,0.25
2022-07-15 12:35:34,0,0,10.050251,0.2512563,0,86.68342,2.261307,0.2512563,0.2512563
2022-07-15 12:35:33,0,0,10.199005,0.2487562,0,86.06965,2.238806,0.4975124,0.2487562
2022-07-15 12:35:32,0,0,10.5,0.25,0,85.5,3,0.5,0
2022-07-15 12:35:31,0,0,10.552764,0.2512563,0,85.67839,2.261307,0.5025126,0.2512563
2022-07-15 12:35:30,0,0,10.5,0.25,0,85.75,3,0.25,0
2022-07-15 12:35:29,0,0,11.278195,0.5012531,0,84.71178,3.007519,0,0.2506266
2022-07-15 12:35:28,0,0,9.476309,0.2493766,0,84.28928,2.743142,0.2493766,2.244389
2022-07-15 12:35:27,0,0,10.050251,0.2512563,0,87.18593,2.01005,0.2512563,0.2512563
2022-07-15 12:35:26,0,0,10.972569,0.2493766,0,85.28678,2.743142,0,0.2493766
2022-07-15 12:35:25,0,0,14.070352,0,0,81.15578,3.266332,0.5025126,0.5025126
2022-07-15 12:35:24,0,0,7.481297,0.7481297,0,81.79551,2.992519,0.2493766,5.236908
2022-07-15 12:35:23,0,0,6.75,0,0,90,2.5,0.25,0.25
2022-07-15 12:35:22,0,0,9.022556,0.2506266,0,85.71429,2.255639,0.2506266,1.5037594
2022-07-15 12:35:21,0,0,9.547739,0.2512563,0,85.67839,3.517588,0.2512563,0.2512563
2022-07-15 12:35:20,0,0,10.80402,0,0,86.68342,2.01005,0.2512563,0
2022-07-15 12:35:19,0,0,13.399504,0.4962779,0,82.63027,2.48139,0.248139,0.248139
2022-07-15 12:35:18,0,0,12.686567,0.4975124,0,81.34328,2.736318,0.2487562,1.99005
2022-07-15 12:35:17,0,0,7.25,0.25,0,85,1.75,0,5.25
2022-07-15 12:35:16,0,0,8.415842,0.2475248,0,85.14851,2.475248,0.2475248,2.475248
2022-07-15 12:35:15,0,0,7.26817,0.2506266,0,84.71178,2.005013,0,4.260652
2022-07-15 12:35:14,0,0,6.451613,0.4962779,0,90.32258,1.2406948,0.248139,0.9925558
2022-07-15 12:35:13,0,0,15,0,0,81,3.5,0.25,0
2022-07-15 12:35:12,0,0,2.962963,1.2345679,0,74.32099,1.975309,0.2469136,15.061728
2022-07-15 12:35:11,0,0,8.5,0.25,0,85,2.25,0.25,3
2022-07-15 12:35:10,0,0,7.462687,0.4975124,0,80.0995,2.985075,0.2487562,7.21393
2022-07-15 12:35:09,0,0,7.481297,0.4987531,0,84.53865,2.493766,0.2493766,3.740648
2022-07-15 12:35:08,0,0,7,0.5,0,82.25,2.75,0.25,5.5
2022-07-15 12:35:07,0,0,6.982544,0.4987531,0,83.79052,2.743142,0,5.236908
2022-07-15 12:35:06,0,0,8.933002,0.4962779,0,83.62283,2.977667,0.248139,3.225806
2022-07-15 12:35:05,0,0,8.188586,0.4962779,0,82.87841,2.977667,0,3.473945
2022-07-15 12:35:04,0,0,5.25,0.5,0,86.5,1.75,0.25,3.5
2022-07-15 12:35:03,0,0,10.552764,0,0,85.42714,3.517588,0.2512563,0
2022-07-15 12:35:02,0,0,8.229426,0.4987531,0,81.29676,2.743142,0,6.733167
2022-07-15 12:35:01,0,0,7.537688,0.5025126,0,86.68342,2.512563,0.2512563,1.758794
2022-07-15 12:35:00,0,0,9.975062,0.4987531,0,86.53367,2.244389,0,0.2493766
2022-07-15 12:34:59,0,0,8.415842,0.7425743,0,85.64356,2.227723,0.2475248,1.2376238
2022-07-15 12:34:58,0,0,9.273183,0.2506266,0,87.7193,1.754386,0.2506266,0.2506266
2022-07-15 12:34:57,0,0,10.696517,0.4975124,0,84.57711,3.482587,0,0.2487562
2022-07-15 12:34:56,0,0,14.070352,0.2512563,0,81.15578,2.763819,0.2512563,1.2562814
2022-07-15 12:34:55,0,0,9.25,0.5,0,86,2.25,0,1.75
2022-07-15 12:34:54,0,0,8.5,0.25,0,87.25,2.5,0,0.75
2022-07-15 12:34:53,0,0,9.226933,0.2493766,0,86.28429,2.743142,0.2493766,0.7481297
2022-07-15 12:34:52,0,0,9.75,0.5,0,86.25,2.5,0.25,0.25
2022-07-15 12:34:51,0,0,12.468828,0.4987531,0,80.798,2.743142,0.2493766,2.493766
2022-07-15 12:34:50,0,0,7.444169,0.4962779,0,84.86352,3.225806,0,2.977667
2022-07-15 12:34:49,0,0,7.444169,0.248139,0,84.11911,1.736973,0.7444169,4.71464
2022-07-15 12:34:48,0,0,7.19603,0.248139,0,83.37469,2.729529,0.248139,3.970223
2022-07-15 12:34:47,0,0,5.527638,0.2512563,0,90.20101,1.5075377,0.2512563,2.01005
2022-07-15 12:34:46,0,0,8.542714,0.2512563,0,87.68844,2.261307,0,0.5025126
2022-07-15 12:34:45,0,0,10.776942,0.2506266,0,85.71429,2.506266,0.2506266,0.2506266
2022-07-15 12:34:44,0,0,10.5,0.5,0,85.25,3,0,0
2022-07-15 12:34:43,0,0,10.831234,0.2518892,0,86.39798,2.015113,0.2518892,0
2022-07-15 12:34:42,0,0,10.918114,0.248139,0,85.60794,2.48139,0.248139,0.248139
2022-07-15 12:34:41,0,0,10.776942,0.2506266,0,84.96241,2.506266,0.5012531,0
2022-07-15 12:34:40,0,0,10,0.25,0,83.5,5.5,0,0.25
2022-07-15 12:34:39,0,0,10.275689,0.2506266,0,84.71178,3.759398,0.2506266,0
2022-07-15 12:34:38,0,0,15.037594,0.2506266,0,80.2005,4.010025,0.2506266,0.2506266
2022-07-15 12:34:37,0,0,7.425743,0.4950495,0,87.62376,1.732673,0.2475248,1.4851485
2022-07-15 12:34:36,0,0,9.950249,0,0,81.8408,3.731343,0.4975124,2.736318
2022-07-15 12:34:35,0,0,8.208955,0.4975124,0,86.06965,1.4925373,0.2487562,1.741294
2022-07-15 12:34:34,0,0,9.226933,0.2493766,0,84.53865,2.244389,0.2493766,2.493766
2022-07-15 12:34:33,0,0,8.641975,0.7407407,0,78.76543,3.209877,0.4938272,6.91358
2022-07-15 12:34:32,0,0,7.481297,0.7481297,0,84.78803,2.244389,0.2493766,2.992519
2022-07-15 12:34:31,0,0,7,0.25,0,89,2.25,0,1.25
2022-07-15 12:34:30,0,0,8.888889,0.2469136,0,87.40741,1.975309,0.4938272,0.4938272
2022-07-15 12:34:29,0,0,14,0.25,0,81.5,3.75,0,0.25
2022-07-15 12:34:28,0,0,8,0.5,0,85.5,2.5,0,3.25
2022-07-15 12:34:27,0,0,7.481297,0.4987531,0,84.0399,1.745636,0.4987531,4.738155
2022-07-15 12:34:26,0,0,8.5,0.25,0,85.75,2,0,2.75
2022-07-15 12:34:25,0,0,7.21393,0.2487562,0,90.04975,1.741294,0.2487562,0
2022-07-15 12:34:24,0,0,9.319899,0.2518892,0,86.39798,2.015113,0,1.2594458
2022-07-15 12:34:23,0,0,9.452736,0,0,85.07463,2.487562,0.2487562,1.741294
2022-07-15 12:34:22,0,0,9.045226,0.2512563,0,87.43719,2.512563,0.2512563,0
2022-07-15 12:34:21,0,0,10.945274,0.2487562,0,84.82587,2.736318,0.4975124,0.2487562
2022-07-15 12:34:20,0,0,10.275689,0.5012531,0,86.46617,2.255639,0.2506266,0
2022-07-15 12:34:19,0,0,10.696517,0.2487562,0,85.57214,2.736318,0.2487562,0
2022-07-15 12:34:18,0,0,12.531328,0.2506266,0,84.46115,2.255639,0,0.2506266
2022-07-15 12:34:17,0,0,8.564232,0.2518892,0,87.15365,2.770781,0.2518892,0.2518892
2022-07-15 12:34:16,0,0,10.5,0.25,0,86.75,2.25,0,0
2022-07-15 12:34:15,0,0,10.5,0,0,86.25,2.5,0.25,0.25
2022-07-15 12:34:14,0,0,11.055276,0,0,85.67839,3.015075,0,0
2022-07-15 12:34:13,0,0,13.965087,0.2493766,0,81.79551,3.241895,0.4987531,0.2493766
2022-07-15 12:34:12,0,0,8.542714,0,0,86.93467,2.512563,0,1.2562814
2022-07-15 12:34:11,0,0,6.218905,0.7462687,0,87.56219,2.487562,0,1.4925373
2022-07-15 12:34:10,0,0,10.421836,0.4962779,0,86.84864,1.4888337,0.248139,0
2022-07-15 12:34:09,0,0,10.025063,0.5012531,0,86.71679,2.255639,0.2506266,0
2022-07-15 12:34:08,0,0,10.447761,0.2487562,0,82.58706,5.472637,0.4975124,0.2487562
2022-07-15 12:34:07,0,0,11.055276,0.2512563,0,85.67839,2.512563,0.2512563,0
2022-07-15 12:34:06,0,0,11.662531,0.248139,0,83.62283,2.977667,0.248139,0.248139
2022-07-15 12:34:05,0,0,9.25,0.25,0,87.75,2.25,0.25,0
2022-07-15 12:34:04,0,0,10.75,0.25,0,86.25,2.25,0.25,0
2022-07-15 12:34:03,0,0,10.275689,0.2506266,0,86.71679,2.255639,0,0.2506266
2022-07-15 12:34:02,0,0,11.25,0.25,0,84,3.75,0.25,0.25
2022-07-15 12:34:01,0,0,10.776942,0.2506266,0,84.71178,3.258145,0,0.5012531
2022-07-15 12:34:00,0,0,11.19403,0.4975124,0,85.32338,2.238806,0.2487562,0.2487562
2022-07-15 12:33:59,0,0,8.564232,0,0,87.40554,2.770781,0,0.5037783
2022-07-15 12:33:58,0,0,10,0.25,0,87.25,2,0.25,0
2022-07-15 12:33:57,0,0,10.723192,0.4987531,0,85.53616,2.493766,0.4987531,0
2022-07-15 12:33:56,0,0,10.275689,0.2506266,0,86.21554,2.506266,0.2506266,0.2506266
2022-07-15 12:33:55,0,0,10.723192,0,0,86.53367,2.493766,0,0
2022-07-15 12:33:54,0,0,11.691542,0.4975124,0,82.08955,4.726368,0.2487562,0.2487562
2022-07-15 12:33:53,0,0,11.604938,0.2469136,0,83.20988,3.45679,0.4938272,0.4938272
2022-07-15 12:33:52,0,0,8.25,0.5,0,80.75,2.75,0.25,6
2022-07-15 12:33:51,0,0,9.25,0.75,0,83.5,2.75,0.25,3.25
2022-07-15 12:33:50,0,0,5.882353,0.4901961,0,77.69608,3.676471,0.245098,8.333333
2022-07-15 12:33:49,0,0,6.75,0.5,0,84.25,2.5,0,4.75
2022-07-15 12:33:48,0,0,8.684864,1.2406948,0,80.64516,2.729529,0.248139,4.466501
2022-07-15 12:33:47,0,0,6.419753,0,0,81.23457,2.962963,0,6.419753
2022-07-15 12:33:46,0,0,7.920792,0.2475248,0,80.19802,2.970297,0.2475248,7.425743
2022-07-15 12:33:45,0,0,6,0.25,0,86.5,2.5,0.25,3.5
2022-07-15 12:33:44,0,0,7.5,0.25,0,85,2.75,0.5,3.25
2022-07-15 12:33:43,0,0,7.017544,0.2506266,0,88.97243,2.506266,0,1.0025063
2022-07-15 12:33:42,0,0,9,0,0,88.75,2,0,0
2022-07-15 12:33:41,0,0,9.925558,0.248139,0,81.14144,7.444169,0.248139,0.248139
2022-07-15 12:33:40,0,0,10.552764,0.2512563,0,86.68342,1.758794,0.2512563,0
2022-07-15 12:33:39,0,0,10.5,0.25,0,86,2.75,0.25,0
2022-07-15 12:33:38,0,0,10.199005,0.4975124,0,85.07463,3.482587,0,0.2487562
2022-07-15 12:33:37,0,0,12.81407,0.2512563,0,84.67337,2.01005,0,0
2022-07-15 12:33:36,0,0,12.655087,0.4962779,0,81.88586,2.729529,0.248139,1.2406948
2022-07-15 12:33:35,0,0,5.778894,0,0,83.66834,2.763819,0.2512563,6.281407
2022-07-15 12:33:34,0,0,9.476309,0.2493766,0,84.53865,2.493766,0,2.244389
2022-07-15 12:33:33,0,0,6,0.25,0,89,1.5,0.5,2
2022-07-15 12:33:32,0,0,11.5,0,0,84.75,3.25,0,0.25
2022-07-15 12:33:31,0,0,8.229426,0.2493766,0,86.53367,2.493766,0.2493766,1.2468828
2022-07-15 12:33:30,0,0,9.798995,0.2512563,0,84.67337,3.015075,0,1.5075377
2022-07-15 12:33:29,0,0,12.128713,0.4950495,0,83.16832,2.475248,0,1.4851485
2022-07-15 12:33:28,0,0,7.5,0.5,0,84.75,2.25,0.5,3.75
2022-07-15 12:33:27,0,0,7.75,0.25,0,80,11.5,0.25,0
2022-07-15 12:33:26,0,0,8.910891,0.990099,0,76.23762,8.415842,0.2475248,4.207921
2022-07-15 12:33:25,0,0,7.5,0.5,0,84.25,2.5,0.25,4.25
2022-07-15 12:33:24,0,0,6.650246,0.9852217,0,79.55665,2.463054,0.4926108,7.881773
2022-07-15 12:33:23,0,0,5.289673,0.5037783,0,89.16877,2.015113,0,2.770781
2022-07-15 12:33:22,0,0,7.462687,0.2487562,0,89.30348,1.741294,0.2487562,0.4975124
2022-07-15 12:33:21,0,0,11.083123,0,0,86.64987,1.763224,0,0.2518892
2022-07-15 12:33:20,0,0,10.643564,0.4950495,0,86.13861,2.227723,0.2475248,0
2022-07-15 12:33:19,0,0,11.75,0,0,84,3,0.5,0.25
2022-07-15 12:33:18,0,0,8.312343,0.2518892,0,87.40554,2.267003,0,0.5037783
2022-07-15 12:33:17,0,0,10.421836,0.248139,0,85.3598,3.473945,0.248139,0
2022-07-15 12:33:16,0,0,10.696517,0.4975124,0,86.31841,2.238806,0,0
2022-07-15 12:33:15,0,0,11.139241,0,0,86.07595,2.025316,0.2531646,0.2531646
2022-07-15 12:33:14,0,0,14.962594,0.2493766,0,79.30175,3.990025,0.4987531,0.2493766
2022-07-15 12:33:13,0,0,7.5,0.25,0,85,2.5,0,4.5
2022-07-15 12:33:12,0,0,8.910891,0.2475248,0,86.63366,2.722772,0.2475248,0.990099
2022-07-15 12:33:11,0,0,10.199005,0.2487562,0,81.8408,2.736318,0.2487562,3.731343
2022-07-15 12:33:10,0,0,7.19603,0.7444169,0,78.90819,3.225806,0.4962779,7.692308
2022-07-15 12:33:09,0,0,3.225806,0.9925558,0,73.69727,2.48139,0.248139,12.406948
2022-07-15 12:33:08,0,0,7.960199,0.4975124,0,81.8408,3.482587,0.2487562,4.975124
2022-07-15 12:33:07,0,0,6.467662,0.4975124,0,83.08458,2.736318,0.2487562,5.721393
2022-07-15 12:33:06,0,0,5.012531,0.5012531,0,88.97243,1.754386,0.2506266,2.506266
2022-07-15 12:33:05,0,0,10.25,0.25,0,86.75,2.25,0.25,0
2022-07-15 12:33:04,0,0,10.776942,0.2506266,0,85.21303,3.007519,0.2506266,0.2506266
2022-07-15 12:33:03,0,0,10.301508,0,0,86.68342,2.261307,0.2512563,0
2022-07-15 12:33:02,0,0,10.669975,0.7444169,0,84.86352,2.977667,0.248139,0.248139
2022-07-15 12:33:01,0,0,12.655087,0.248139,0,83.37469,2.977667,0.248139,0.248139
2022-07-15 12:33:00,0,0,8,0.25,0,83.75,3,0,3.5
2022-07-15 12:32:59,0,0,8.663366,0.2475248,0,87.62376,2.227723,0.2475248,0.2475248
2022-07-15 12:32:58,0,0,10.025063,0,0,87.21805,2.255639,0,0.2506266
2022-07-15 12:32:57,0,0,10,0.75,0,86.25,2,0.25,0
2022-07-15 12:32:56,0,0,10.972569,0.2493766,0,85.78554,2.743142,0,0
2022-07-15 12:32:55,0,0,10.632911,0,0,85.82278,2.78481,0,0.2531646
2022-07-15 12:32:54,0,0,9.452736,0.4975124,0,87.31343,1.99005,0.2487562,0
2022-07-15 12:32:53,0,0,10.327456,0.2518892,0,86.64987,2.015113,0.2518892,0.2518892
2022-07-15 12:32:52,0,0,11.442786,0.2487562,0,85.07463,2.736318,0.2487562,0
2022-07-15 12:32:51,0,0,10.275689,0.2506266,0,86.21554,2.255639,0.5012531,0.2506266
2022-07-15 12:32:50,0,0,10.972569,0.2493766,0,84.78803,2.743142,0.2493766,0
2022-07-15 12:32:49,0,0,12.5,0.25,0,83.75,2.5,0.25,0.5
2022-07-15 12:32:48,0,0,10.173697,0.9925558,0,82.134,2.977667,0.248139,1.985112
2022-07-15 12:32:47,0,0,8.02005,0.5012531,0,87.21805,2.255639,0.2506266,1.5037594
2022-07-15 12:32:46,0,0,10.275689,0.2506266,0,86.21554,2.255639,0,0.2506266
2022-07-15 12:32:45,0,0,10.447761,0.2487562,0,86.06965,2.487562,0.2487562,0
2022-07-15 12:32:44,0,0,11.221945,0.2493766,0,86.28429,1.745636,0.2493766,0
2022-07-15 12:32:43,0,0,10.526316,0.5012531,0,84.96241,2.756892,0.2506266,0.2506266
2022-07-15 12:32:42,0,0,9.452736,0.2487562,0,87.56219,1.99005,0.2487562,0.2487562
2022-07-15 12:32:41,0,0,14.5,0.5,0,81.5,2.5,0.25,0.5
2022-07-15 12:32:40,0,0,9.725686,0.2493766,0,84.28928,1.4962594,0,3.491272
2022-07-15 12:32:39,0,0,7.518797,0.2506266,0,88.22055,2.005013,0.2506266,1.754386
2022-07-15 12:32:38,0,0,7.125307,0.7371007,0,81.81818,1.965602,0.7371007,5.651106
2022-07-15 12:32:37,0,0,9,0.25,0,84,2.5,0.25,3
2022-07-15 12:32:36,0,0,7.23192,0.2493766,0,82.29426,2.743142,0.2493766,6.733167
2022-07-15 12:32:35,0,0,7.5,0.5,0,84.25,3,0,4
2022-07-15 12:32:34,0,0,8.5,0.25,0,85.75,2,0.25,1.75
2022-07-15 12:32:33,0,0,8.955224,0.4975124,0,83.08458,2.238806,0,4.726368
2022-07-15 12:32:32,0,0,5.459057,0.248139,0,89.57816,1.985112,0.248139,2.233251
2022-07-15 12:32:31,0,0,12.468828,0.4987531,0,83.29177,2.493766,0.2493766,0.2493766
2022-07-15 12:32:30,0,0,9.476309,0.2493766,0,84.28928,2.743142,0.2493766,2.493766
2022-07-15 12:32:29,0,0,6.467662,0.2487562,0,81.8408,3.233831,0.4975124,6.218905
2022-07-15 12:32:28,0,0,4.187192,0.9852217,0,75.61576,2.955665,0.2463054,12.807882
2022-07-15 12:32:27,0,0,8.395062,0.9876543,0,85.4321,2.222222,0.4938272,1.975309
2022-07-15 12:32:26,0,0,7.537688,0.2512563,0,82.1608,3.015075,0.2512563,5.778894
2022-07-15 12:32:25,0,0,5.418719,0.9852217,0,80.29557,2.463054,0.2463054,8.62069
2022-07-15 12:32:24,0,0,7.481297,0.2493766,0,84.28928,2.493766,0.2493766,3.990025
2022-07-15 12:32:23,0,0,5.985037,0,0,83.04239,2.992519,0.4987531,5.985037
2022-07-15 12:32:22,0,0,9.20398,0.4975124,0,84.0796,2.487562,0,2.985075
2022-07-15 12:32:21,0,0,7.730673,0.4987531,0,84.28928,1.4962594,0.2493766,3.740648
2022-07-15 12:32:20,0,0,7.21393,0.4975124,0,84.57711,2.487562,0,3.9801
2022-07-15 12:32:19,0,0,7.75,0.25,0,83.5,3,0.25,4
2022-07-15 12:32:18,0,0,9.950249,0,0,86.06965,2.238806,0.4975124,0.9950249
2022-07-15 12:32:17,0,0,4.975124,0.2487562,0,91.54229,1.99005,0,0.4975124
2022-07-15 12:32:16,0,0,11.027569,0.2506266,0,85.71429,2.506266,0.2506266,0
2022-07-15 12:32:15,0,0,10.5,0.5,0,85.5,2.75,0,0.25
2022-07-15 12:32:14,0,0,10.5,0.5,0,86.5,2.5,0,0
2022-07-15 12:32:13,0,0,11.528822,0,0,85.21303,2.756892,0,0.2506266
2022-07-15 12:32:12,0,0,13.715711,0.2493766,0,82.54364,2.743142,0.2493766,0.2493766
2022-07-15 12:32:11,0,0,8,0.25,0,86.5,1.75,0.25,2.25
2022-07-15 12:32:10,0,0,11.027569,0.5012531,0,82.70677,2.506266,0,2.756892
2022-07-15 12:32:09,0,0,7.960199,0,0,87.06468,2.736318,0.2487562,1.4925373
2022-07-15 12:32:08,0,0,9,0.5,0,84,2.5,0.25,3
2022-07-15 12:32:07,0,0,7.920792,0.7425743,0,82.67327,2.970297,0.2475248,4.950495
2022-07-15 12:32:06,0,0,8.436725,0.248139,0,82.87841,2.729529,0,4.71464
2022-07-15 12:32:05,0,0,2.743142,0.7481297,0,85.28678,1.4962594,0.2493766,8.72818
2022-07-15 12:32:04,0,0,8.977556,0.2493766,0,87.03242,2.743142,0,0.2493766
2022-07-15 12:32:03,0,0,10.473815,0.2493766,0,87.03242,1.745636,0.2493766,0
2022-07-15 12:32:02,0,0,10.526316,0,0,85.71429,2.506266,0.2506266,0.5012531
2022-07-15 12:32:01,0,0,11.720698,0.2493766,0,83.54115,3.491272,0.2493766,0
2022-07-15 12:32:00,0,0,10.173697,0.4962779,0,83.12655,2.729529,0.248139,1.736973
2022-07-15 12:31:59,0,0,9.273183,0.5012531,0,86.96742,2.255639,0.2506266,0.2506266
2022-07-15 12:31:58,0,0,9.25,0.5,0,86.25,3.25,0.25,0
2022-07-15 12:31:57,0,0,12.189055,0.2487562,0,83.58209,2.736318,0.2487562,0.2487562
2022-07-15 12:31:56,0,0,9.273183,0,0,87.96992,2.005013,0.2506266,0
2022-07-15 12:31:55,0,0,10.301508,0.2512563,0,86.68342,2.01005,0,0.2512563
2022-07-15 12:31:54,0,0,10.5,0,0,87.25,2,0,0
2022-07-15 12:31:53,0,0,12.468828,0.2493766,0,84.78803,1.4962594,0.2493766,0.2493766
2022-07-15 12:31:52,0,0,11,0.25,0,80.5,2.75,0,5.25
2022-07-15 12:31:51,0,0,8.663366,0.7425743,0,80.69307,2.722772,0.2475248,5.940594
2022-07-15 12:31:50,0,0,4.292929,0,0,89.64646,2.020202,0.2525253,2.777778
2022-07-15 12:31:49,0,0,10.301508,0.5025126,0,86.1809,2.261307,0.2512563,0.2512563
2022-07-15 12:31:48,0,0,11.691542,0.2487562,0,84.57711,1.99005,0.2487562,0.4975124
2022-07-15 12:31:47,0,0,6,0.5,0,84.5,2.25,0.25,4.75
2022-07-15 12:31:46,0,0,9.975062,0.2493766,0,86.78304,2.244389,0,0.2493766
2022-07-15 12:31:45,0,0,9.925558,0.4962779,0,85.60794,2.729529,0.248139,0.7444169
2022-07-15 12:31:44,0,0,9.571788,0,0,87.65743,2.015113,0,0.2518892
2022-07-15 12:31:43,0,0,10.224439,0.2493766,0,86.28429,2.743142,0.2493766,0
2022-07-15 12:31:42,0,0,10.275689,0,0,86.21554,2.506266,0.2506266,0.2506266
2022-07-15 12:31:41,0,0,10.776942,0.5012531,0,84.71178,3.007519,0,0
2022-07-15 12:31:40,0,0,10.696517,0.2487562,0,85.57214,2.985075,0.2487562,0
2022-07-15 12:31:39,0,0,10.327456,0.2518892,0,86.64987,2.267003,0,0
2022-07-15 12:31:38,0,0,11.720698,0.2493766,0,85.28678,2.244389,0.2493766,0
2022-07-15 12:31:37,0,0,9.925558,0.248139,0,83.37469,3.225806,0.248139,2.48139
2022-07-15 12:31:36,0,0,10.301508,0,0,87.68844,1.758794,0,0.2512563
2022-07-15 12:31:35,0,0,9.677419,0.248139,0,83.12655,3.473945,0,2.233251
2022-07-15 12:31:34,0,0,9.975062,0.4987531,0,86.78304,1.995012,0.4987531,0.2493766
2022-07-15 12:31:33,0,0,10,0.5,0,86.75,2,0,0.25
2022-07-15 12:31:32,0,0,9.5,0.25,0,87.25,2.25,0.25,0
2022-07-15 12:31:31,0,0,10.25,0.25,0,85.75,3,0,0.5
2022-07-15 12:31:30,0,0,10.275689,0.2506266,0,86.96742,2.005013,0.2506266,0
2022-07-15 12:31:29,0,0,10.473815,0.4987531,0,85.78554,2.743142,0,0
2022-07-15 12:31:28,0,0,14.070352,0.2512563,0,82.41206,2.512563,0.2512563,0.2512563
2022-07-15 12:31:27,0,0,7.940447,0.7444169,0,83.87097,2.729529,0.248139,3.722084
2022-07-15 12:31:26,0,0,7.26817,0.2506266,0,86.46617,2.756892,0,2.506266
2022-07-15 12:31:25,0,0,10.972569,0.4987531,0,82.54364,3.241895,0,1.995012
2022-07-15 12:31:24,0,0,7.769424,0.2506266,0,90.22556,1.5037594,0,0.2506266
2022-07-15 12:31:23,0,0,8.72818,0.4987531,0,84.28928,2.244389,0.2493766,2.992519
2022-07-15 12:31:22,0,0,12.718204,0,0,83.04239,2.992519,0.2493766,0.7481297
2022-07-15 12:31:21,0,0,7.462687,0.2487562,0,84.82587,2.238806,0.2487562,3.731343
2022-07-15 12:31:20,0,0,8.229426,0.4987531,0,86.03491,2.992519,0.2493766,1.745636
2022-07-15 12:31:19,0,0,8.684864,0.248139,0,83.37469,2.233251,0.248139,4.466501
2022-07-15 12:31:18,0,0,6.218905,0.4975124,0,80.34826,3.233831,0.4975124,8.457711
2022-07-15 12:31:17,0,0,7.98005,0.2493766,0,83.79052,2.244389,0.2493766,3.990025
2022-07-15 12:31:16,0,0,4.738155,0.2493766,0,84.28928,1.745636,0.2493766,7.23192
2022-07-15 12:31:15,0,0,7.23192,0.2493766,0,84.0399,1.995012,0.2493766,5.236908
2022-07-15 12:31:14,0,0,6.766917,0.5012531,0,84.71178,3.007519,0.2506266,3.759398
2022-07-15 12:31:13,0,0,9.5,0,0,84.5,2.25,0.25,3
2022-07-15 12:31:12,0,0,6.947891,0.4962779,0,88.08933,2.729529,0,1.4888337
2022-07-15 12:31:11,0,0,9.950249,0.4975124,0,81.34328,2.238806,0.2487562,3.482587
2022-07-15 12:31:10,0,0,6.716418,0.4975124,0,86.56716,2.238806,0.2487562,2.985075
2022-07-15 12:31:09,0,0,11.414392,0.248139,0,84.86352,2.729529,0.248139,0.248139
2022-07-15 12:31:08,0,0,7.481297,0.2493766,0,84.53865,1.995012,0.4987531,3.990025
2022-07-15 12:31:07,0,0,8.75,0.25,0,85.25,2.75,0,2.75
2022-07-15 12:31:06,0,0,6.965174,0.7462687,0,80.59701,2.736318,0.2487562,5.223881
2022-07-15 12:31:05,0,0,4.962779,0.9925558,0,77.91563,2.233251,0.4962779,9.181141
2022-07-15 12:31:04,0,0,1.745636,0.9975062,0,71.3217,1.995012,0.2493766,17.70574
2022-07-15 12:31:03,0,0,2.992519,0.4987531,0,91.02244,1.745636,0,2.743142
2022-07-15 12:31:02,0,0,11.19403,0.2487562,0,84.57711,2.487562,0.2487562,0.4975124
2022-07-15 12:31:01,0,0,8.521303,0.2506266,0,88.22055,1.754386,0,0.2506266
2022-07-15 12:31:00,0,0,11.720698,0.2493766,0,85.28678,2.244389,0.2493766,0
2022-07-15 12:30:59,0,0,8.77193,0.7518797,0,82.20551,3.007519,0,3.759398
2022-07-15 12:30:58,0,0,9.701493,0.4975124,0,86.06965,2.985075,0.2487562,0.2487562
2022-07-15 12:30:57,0,0,8.79397,0.5025126,0,86.1809,2.763819,0.2512563,0.2512563
2022-07-15 12:30:56,0,0,9.925558,0.248139,0,86.35236,2.977667,0.248139,0
2022-07-15 12:30:55,0,0,10.526316,0.2506266,0,85.71429,2.506266,0,0.2506266
2022-07-15 12:30:54,0,0,10.075567,0.2518892,0,87.40554,2.267003,0,0
2022-07-15 12:30:53,0,0,10.669975,0.248139,0,86.10422,2.233251,0.248139,0
2022-07-15 12:30:52,0,0,10.275689,0.5012531,0,85.96491,2.756892,0.2506266,0
2022-07-15 12:30:51,0,0,10.447761,0,0,85.32338,2.736318,0.2487562,0.4975124
2022-07-15 12:30:50,0,0,11.471322,0.7481297,0,83.29177,2.992519,0.2493766,0.2493766
2022-07-15 12:30:49,0,0,8.77193,0,0,88.47118,2.005013,0.2506266,0
2022-07-15 12:30:48,0,0,14.572864,0.2512563,0,81.90955,2.261307,0.5025126,0.2512563
2022-07-15 12:30:47,0,0,9.701493,0.9950249,0,82.33831,3.233831,0.2487562,1.741294
2022-07-15 12:30:46,0,0,5.75,0.25,0,87.25,1.75,0.5,3.75
2022-07-15 12:30:45,0,0,7.711443,0.4975124,0,85.57214,2.487562,0.2487562,2.487562
2022-07-15 12:30:44,0,0,9.226933,0.2493766,0,87.78055,2.244389,0.2493766,0
2022-07-15 12:30:43,0,0,10.199005,0.2487562,0,86.56716,1.99005,0.4975124,0
2022-07-15 12:30:42,0,0,10.526316,0.2506266,0,85.96491,2.255639,0.2506266,0.2506266
2022-07-15 12:30:41,0,0,10.526316,0.5012531,0,84.96241,2.756892,0.5012531,0
2022-07-15 12:30:40,0,0,10.050251,0,0,87.43719,2.261307,0,0
2022-07-15 12:30:39,0,0,10.723192,0.2493766,0,86.03491,2.244389,0.4987531,0
2022-07-15 12:30:38,0,0,10.696517,0.4975124,0,83.08458,2.736318,0.2487562,2.238806
2022-07-15 12:30:37,0,0,10.050251,0,0,86.93467,2.261307,0.2512563,0.2512563
2022-07-15 12:30:36,0,0,12.030075,0.2506266,0,83.9599,3.007519,0.2506266,0.2506266
2022-07-15 12:30:35,0,0,7.444169,0.248139,0,88.58561,1.4888337,0.248139,0.7444169
2022-07-15 12:30:34,0,0,12.531328,0.5012531,0,83.70927,2.756892,0.2506266,0
2022-07-15 12:30:33,0,0,7.537688,0.2512563,0,86.93467,2.261307,0.2512563,2.261307
2022-07-15 12:30:32,0,0,7.808564,0.5037783,0,86.1461,2.015113,0.2518892,2.015113
2022-07-15 12:30:31,0,0,10.526316,0,0,85.21303,3.007519,0.5012531,0.2506266
2022-07-15 12:30:30,0,0,10.301508,0.2512563,0,87.18593,1.758794,0.2512563,0
2022-07-15 12:30:29,0,0,10.25,0.25,0,86.75,2,0,0.25
2022-07-15 12:30:28,0,0,10.526316,0,0,86.96742,2.005013,0,0.2506266
2022-07-15 12:30:27,0,0,10.5,0.5,0,85.25,2.75,0.5,0
2022-07-15 12:30:26,0,0,9.848485,0.2525253,0,86.11111,2.525253,0.2525253,0.2525253
2022-07-15 12:30:25,0,0,11.91067,0.7444169,0,83.12655,2.729529,0.4962779,0.4962779
2022-07-15 12:30:24,0,0,9.798995,0.5025126,0,83.66834,3.266332,0.2512563,1.2562814
2022-07-15 12:30:23,0,0,8.706468,0.2487562,0,88.80597,1.741294,0.2487562,0
2022-07-15 12:30:22,0,0,11.75,0.25,0,84.5,2.75,0,0.25
2022-07-15 12:30:21,0,0,8.457711,0.2487562,0,84.57711,3.233831,0,2.736318
2022-07-15 12:30:20,0,0,7.481297,0.4987531,0,84.53865,2.992519,0.2493766,2.743142
2022-07-15 12:30:19,0,0,10.696517,0.4975124,0,85.57214,3.233831,0,0
2022-07-15 12:30:18,0,0,10.199005,0.2487562,0,87.31343,1.2437811,0.2487562,0.2487562
2022-07-15 12:30:17,0,0,10.80402,0.5025126,0,86.43216,1.758794,0.2512563,0
2022-07-15 12:30:16,0,0,10.275689,0.2506266,0,85.96491,3.258145,0,0
2022-07-15 12:30:15,0,0,12.158809,0.4962779,0,84.11911,2.48139,0.248139,0.248139
2022-07-15 12:30:14,0,0,8.5,0.25,0,88,2.25,0,0.25
2022-07-15 12:30:13,0,0,11.19403,0.7462687,0,84.82587,2.487562,0.2487562,0.2487562
2022-07-15 12:30:12,0,0,11.616162,0.2525253,0,84.34343,2.525253,0.2525253,0.5050505
2022-07-15 12:30:11,0,0,11.166253,0.4962779,0,82.134,2.977667,0.248139,2.233251
2022-07-15 12:30:10,0,0,9.571788,0.2518892,0,87.40554,2.015113,0,0.5037783
2022-07-15 12:30:09,0,0,8.168317,0.2475248,0,87.12871,1.980198,0.2475248,1.4851485
2022-07-15 12:30:08,0,0,6.716418,0.2487562,0,84.82587,2.238806,0.4975124,4.975124
2022-07-15 12:30:07,0,0,10.025063,0.5012531,0,83.45865,2.756892,0.2506266,2.506266
2022-07-15 12:30:06,0,0,9.701493,0,0,86.06965,2.736318,0,1.2437811
2022-07-15 12:30:05,0,0,5,0.5,0,88.25,1.75,0.25,4
2022-07-15 12:30:04,0,0,8.5,0.25,0,87.5,2.75,0,0.25
2022-07-15 12:30:03,0,0,15.920398,0.2487562,0,80.59701,2.736318,0.2487562,0.2487562
2022-07-15 12:30:02,0,0,6.25,0.75,0,84.75,2.75,0.5,4
2022-07-15 12:30:01,0,0,8.188586,0.7444169,0,85.11166,2.729529,0.248139,1.985112
2022-07-15 12:30:00,0,0,7.323232,0.2525253,0,86.36364,2.777778,0.5050505,1.2626263
2022-07-15 12:29:59,0,0,9.75,0,0,87.25,2.5,0,0
2022-07-15 12:29:58,0,0,10.25,0.5,0,85.5,3,0.25,0.25
2022-07-15 12:29:57,0,0,10.723192,0.2493766,0,83.79052,2.992519,0.2493766,1.4962594
2022-07-15 12:29:56,0,0,9,0.5,0,88.75,1.5,0,0
2022-07-15 12:29:55,0,0,10.526316,0,0,86.21554,2.255639,0.2506266,0.5012531
2022-07-15 12:29:54,0,0,10.25,0,0,86.5,2.25,0,0.25
2022-07-15 12:29:53,0,0,10.025063,0.2506266,0,86.46617,2.255639,0.2506266,0.2506266
2022-07-15 12:29:52,0,0,11.5,0.25,0,85.5,2,0.25,0
2022-07-15 12:29:51,0,0,10.447761,0.2487562,0,84.32836,2.985075,0.2487562,0.4975124
2022-07-15 12:29:50,0,0,9.798995,0.7537688,0,86.1809,2.763819,0.2512563,0
2022-07-15 12:29:49,0,0,11.940299,0.7462687,0,79.85075,2.985075,0.4975124,2.985075
2022-07-15 12:29:48,0,0,4.950495,0.7425743,0,86.38614,1.980198,0,4.455446
2022-07-15 12:29:47,0,0,9.798995,0,0,87.43719,2.261307,0.2512563,0
2022-07-15 12:29:46,0,0,10.723192,0.7481297,0,85.53616,2.493766,0,0.2493766
2022-07-15 12:29:45,0,0,10.447761,0.2487562,0,86.06965,2.736318,0,0
2022-07-15 12:29:44,0,0,8.291457,0.2512563,0,88.44221,2.261307,0.2512563,0
2022-07-15 12:29:43,0,0,8.457711,0.2487562,0,88.55721,2.238806,0.2487562,0
2022-07-15 12:29:42,0,0,8.02005,0,0,88.47118,2.506266,0.2506266,0.2506266
2022-07-15 12:29:41,0,0,8.291457,0.5025126,0,87.9397,2.261307,0,0.2512563
2022-07-15 12:29:40,0,0,9.547739,0.2512563,0,87.18593,2.512563,0.2512563,0
2022-07-15 12:29:39,0,0,6.467662,0.4975124,0,88.80597,2.736318,0.2487562,0.2487562
2022-07-15 12:29:38,0,0,5.985037,0.4987531,0,89.27681,3.740648,0.2493766,0
2022-07-15 12:29:37,0,0,9,0.25,0,85.75,3.75,0.25,0.25
2022-07-15 12:29:36,0,0,1.4962594,0.7481297,0,95.01247,2.244389,0.2493766,0
2022-07-15 12:29:35,0,0,1.0050251,0.2512563,0,95.72864,2.261307,0.2512563,0
2022-07-15 12:29:34,0,0,1.5037594,0.5012531,0,93.98496,2.756892,0.2506266,0
2022-07-15 12:29:33,0,0,1,0.25,0,94.75,3.25,0.5,0
2022-07-15 12:29:32,0,0,1.2406948,0.4962779,0,95.03722,2.48139,0,0
2022-07-15 12:29:31,0,0,1.2594458,0.7556675,0,93.45088,3.526448,0.2518892,0
2022-07-15 12:29:30,0,0,1.0050251,0,0,95.22613,2.763819,0.2512563,0
2022-07-15 12:29:29,0,0,1.4888337,0.4962779,0,93.05211,3.722084,0.248139,0
2022-07-15 12:29:28,0,0,1.0025063,0.2506266,0,95.48872,2.255639,0.2506266,0
2022-07-15 12:29:27,0,0,1.0050251,0.2512563,0,95.72864,2.763819,0,0
2022-07-15 12:29:26,0,0,1.75,0.25,0,94,2.5,0.25,0
2022-07-15 12:29:25,0,0,0.9975062,0.2493766,0,95.26185,2.743142,0.2493766,0
2022-07-15 12:29:24,0,0,1.745636,0.4987531,0,95.01247,2.244389,0.2493766,0
2022-07-15 12:29:23,0,0,1.2562814,0.5025126,0,94.72362,2.512563,0,0
2022-07-15 12:29:22,0,0,1.5,0.5,0,94,3.5,0,0
2022-07-15 12:29:21,0,0,1.25,0.25,0,94.75,2.5,0.5,0
2022-07-15 12:29:20,0,0,1.754386,0.2506266,0,94.48622,3.508772,0,0
2022-07-15 12:29:19,0,0,1.2437811,0.4975124,0,95.27363,2.487562,0.2487562,0
2022-07-15 12:29:18,0,0,1.758794,0.5025126,0,93.96985,2.763819,0,0
2022-07-15 12:29:17,0,0,2.992519,0.2493766,0,93.01746,2.992519,0.2493766,0.2493766
2022-07-15 12:29:16,0,0,4.25,0.5,0,92.25,2.75,0,0
2022-07-15 12:29:15,0,0,4.738155,0.4987531,0,89.77556,2.992519,0.2493766,0.4987531
2022-07-15 12:29:14,0,0,8.478803,0.2493766,0,88.02993,2.743142,0.2493766,0
2022-07-15 12:29:13,0,0,8.040201,0.7537688,0,87.9397,2.512563,0,0.2512563
2022-07-15 12:29:12,0,0,10.723192,0.2493766,0,85.53616,2.992519,0,0.2493766
2022-07-15 12:29:11,0,0,8.25,0,0,88,2.5,0.25,0.5
2022-07-15 12:29:10,0,0,15,0.25,0,81.25,2.75,0.25,0.5
2022-07-15 12:29:09,0,0,9.226933,0.2493766,0,85.53616,3.241895,0.2493766,0.9975062
2022-07-15 12:29:08,0,0,6.733167,0,0,86.28429,2.743142,0,3.990025
2022-07-15 12:29:07,0,0,8.933002,0.248139,0,87.84119,1.985112,0.248139,0.4962779
2022-07-15 12:29:06,0,0,13.118812,0.2475248,0,79.20792,3.217822,0.7425743,2.722772
2022-07-15 12:29:05,0,0,7.160494,0.2469136,0,86.66667,1.4814815,0.2469136,3.209877
2022-07-15 12:29:04,0,0,8.564232,0,0,85.64232,2.770781,0.2518892,2.518892
2022-07-15 12:29:03,0,0,7.940447,0.4962779,0,85.60794,2.233251,0.248139,2.48139
2022-07-15 12:29:02,0,0,13.75,0,0,82.25,2.5,0,1
2022-07-15 12:29:01,0,0,8.955224,0.7462687,0,81.8408,2.985075,0.2487562,3.9801
2022-07-15 12:29:00,0,0,7.75,0.25,0,84.5,2.75,0,3.5
2022-07-15 12:28:59,0,0,4.488778,0.2493766,0,91.5212,1.2468828,0.2493766,1.745636
2022-07-15 12:28:58,0,0,10.473815,0.2493766,0,86.53367,2.244389,0.2493766,0
2022-07-15 12:28:57,0,0,10.5,0,0,86.5,2.25,0.25,0
2022-07-15 12:28:56,0,0,11,0.25,0,85.75,2,0.25,0.5
2022-07-15 12:28:55,0,0,11.5,0.5,0,84.5,2.25,0,0.75
2022-07-15 12:28:54,0,0,9,0.25,0,88.5,1.5,0.25,0
2022-07-15 12:28:53,0,0,11,0.25,0,86.25,2.25,0,0.25
2022-07-15 12:28:52,0,0,12.468828,0.2493766,0,83.29177,2.743142,0.2493766,0.4987531
2022-07-15 12:28:51,0,0,8.02005,0.2506266,0,87.46867,2.506266,0.5012531,0.2506266
2022-07-15 12:28:50,0,0,14.962594,0.4987531,0,80.54863,3.241895,0.2493766,0.2493766
2022-07-15 12:28:49,0,0,8.208955,0.4975124,0,85.07463,3.233831,0,2.487562
2022-07-15 12:28:48,0,0,6.297229,0,0,91.18388,1.511335,0.2518892,0.2518892
2022-07-15 12:28:47,0,0,12.686567,0.2487562,0,83.83085,2.985075,0,0
2022-07-15 12:28:46,0,0,12.75,0.5,0,82,2.75,0.25,1.25
2022-07-15 12:28:45,0,0,5.210918,0.7444169,0,86.35236,2.48139,0.248139,3.970223
2022-07-15 12:28:44,0,0,13,0.25,0,81,3.5,0.25,1.5
2022-07-15 12:28:43,0,0,6.17284,0.4938272,0,76.54321,3.209877,0.4938272,8.148148
2022-07-15 12:28:42,0,0,6.234414,0.4987531,0,82.79302,1.995012,0,6.483791
2022-07-15 12:28:41,0,0,8.933002,0.4962779,0,85.3598,2.48139,0.248139,1.736973
2022-07-15 12:28:40,0,0,7.23192,0.2493766,0,84.78803,1.995012,0.2493766,4.239401
2022-07-15 12:28:39,0,0,7.462687,0.4975124,0,81.8408,2.985075,0.2487562,4.975124
2022-07-15 12:28:38,0,0,6.965174,0.9950249,0,81.34328,2.487562,0.4975124,5.970149
2022-07-15 12:28:37,0,0,4.975124,0.4975124,0,83.83085,2.487562,0,7.711443
2022-07-15 12:28:36,0,0,10.945274,0.7462687,0,79.85075,3.731343,0.4975124,3.233831
2022-07-15 12:28:35,0,0,8.478803,0.2493766,0,82.04489,2.992519,0.2493766,5.236908
2022-07-15 12:28:34,0,0,8.229426,0.4987531,0,83.79052,2.244389,0,3.491272
2022-07-15 12:28:33,0,0,4.656863,0.7352941,0,78.67647,2.205882,0.7352941,9.803922
2022-07-15 12:28:32,0,0,7.462687,0.4975124,0,81.09453,2.736318,0.2487562,6.467662
2022-07-15 12:28:31,0,0,7.769424,0.7518797,0,82.70677,2.255639,0,5.012531
2022-07-15 12:28:30,0,0,4.020101,0.2512563,0,89.94975,1.758794,0.2512563,2.512563
2022-07-15 12:28:29,0,0,10.972569,0.2493766,0,85.28678,2.992519,0.2493766,0
2022-07-15 12:28:28,0,0,10.473815,0.2493766,0,85.53616,2.493766,0.2493766,0.2493766
2022-07-15 12:28:27,0,0,8.72818,0.4987531,0,88.2793,2.244389,0,0
2022-07-15 12:28:26,0,0,10.473815,0.2493766,0,85.53616,2.493766,0.4987531,0.2493766
2022-07-15 12:28:25,0,0,10.5,0,0,87.25,1.75,0.25,0.25
2022-07-15 12:28:24,0,0,12.158809,0.248139,0,82.63027,3.225806,0,1.2406948
2022-07-15 12:28:23,0,0,9.273183,0.2506266,0,86.96742,2.005013,0.2506266,1.2531328
2022-07-15 12:28:22,0,0,7.518797,0.2506266,0,88.97243,2.005013,0.2506266,0.2506266
2022-07-15 12:28:21,0,0,10.945274,0.2487562,0,85.57214,2.238806,0.2487562,0.2487562
2022-07-15 12:28:20,0,0,10.25,0.5,0,85.75,2.25,0.25,0.25
2022-07-15 12:28:19,0,0,10.301508,0.2512563,0,86.68342,2.01005,0.2512563,0.2512563
2022-07-15 12:28:18,0,0,10.696517,0.4975124,0,85.32338,2.487562,0.2487562,0.2487562
2022-07-15 12:28:17,0,0,12.718204,0,0,83.54115,2.992519,0.2493766,0.2493766
2022-07-15 12:28:16,0,0,8.188586,0.248139,0,87.09677,2.48139,0,0.9925558
2022-07-15 12:28:15,0,0,9.975062,0.2493766,0,87.2818,1.745636,0.4987531,0
2022-07-15 12:28:14,0,0,10.552764,0.2512563,0,86.68342,2.512563,0,0
2022-07-15 12:28:13,0,0,11.027569,0.5012531,0,85.46366,1.754386,0.5012531,0.5012531
2022-07-15 12:28:12,0,0,10.526316,0.5012531,0,85.46366,2.506266,0.2506266,0.2506266
2022-07-15 12:28:11,0,0,9.25,0,0,86.5,2.5,0.25,0.5
2022-07-15 12:28:10,0,0,10.696517,0.2487562,0,85.8209,2.736318,0.2487562,0
2022-07-15 12:28:09,0,0,11.306533,0.2512563,0,85.17588,2.512563,0.2512563,0.2512563
2022-07-15 12:28:08,0,0,9.52381,0.2506266,0,85.46366,2.756892,0.2506266,0.7518797
2022-07-15 12:28:07,0,0,10.25,0.25,0,86.75,2.25,0.25,0.25
2022-07-15 12:28:06,0,0,13.283208,0,0,81.20301,3.007519,0,1.754386
2022-07-15 12:28:05,0,0,8.910891,0.2475248,0,85.89109,1.980198,0.2475248,2.722772
2022-07-15 12:28:04,0,0,5.459057,0.248139,0,83.87097,2.729529,0,5.707196
2022-07-15 12:28:03,0,0,8.79397,0.2512563,0,88.19095,2.01005,0.2512563,0
2022-07-15 12:28:02,0,0,10.918114,0.4962779,0,86.10422,1.985112,0.248139,0
2022-07-15 12:28:01,0,0,11.528822,0,0,84.71178,2.255639,0.2506266,0.2506266
2022-07-15 12:28:00,0,0,9.273183,0.2506266,0,87.96992,2.005013,0.2506266,0
2022-07-15 12:27:59,0,0,10.552764,0.2512563,0,85.92965,2.01005,0.2512563,0.2512563
2022-07-15 12:27:58,0,0,10.473815,0.2493766,0,86.78304,2.244389,0.2493766,0
2022-07-15 12:27:57,0,0,11.940299,0.2487562,0,83.33333,2.736318,0,1.2437811
2022-07-15 12:27:56,0,0,8.02005,0.5012531,0,86.46617,2.255639,0.2506266,1.5037594
2022-07-15 12:27:55,0,0,11,0,0,85.5,2.75,0.25,0.25
2022-07-15 12:27:54,0,0,10.696517,0.4975124,0,84.57711,2.985075,0.7462687,0
2022-07-15 12:27:53,0,0,12.967581,0.2493766,0,84.53865,1.745636,0.2493766,0.2493766
2022-07-15 12:27:52,0,0,7.26817,0.7518797,0,85.96491,2.506266,0.2506266,2.005013
2022-07-15 12:27:51,0,0,12.655087,0.248139,0,82.134,3.225806,0.248139,0.4962779
2022-07-15 12:27:50,0,0,11.442786,0.4975124,0,82.33831,2.985075,0,2.238806
2022-07-15 12:27:49,0,0,7.017544,0.5012531,0,85.21303,2.506266,0.5012531,3.759398
2022-07-15 12:27:48,0,0,6.234414,0,0,89.52618,2.493766,0.2493766,0.9975062
2022-07-15 12:27:47,0,0,6.75,0.5,0,87,2.25,0.25,3
2022-07-15 12:27:46,0,0,7.98005,0,0,89.02743,1.995012,0,0.2493766
2022-07-15 12:27:45,0,0,11.75,0.5,0,85.5,2,0,0
2022-07-15 12:27:44,0,0,8.060453,0.2518892,0,85.39043,2.770781,0.2518892,2.518892
2022-07-15 12:27:43,0,0,10.447761,0.4975124,0,86.31841,2.238806,0.2487562,0
2022-07-15 12:27:42,0,0,11.528822,0.5012531,0,85.46366,2.255639,0,0
2022-07-15 12:27:41,0,0,10.224439,0.4987531,0,84.53865,2.743142,0.2493766,0.9975062
2022-07-15 12:27:40,0,0,9.25,0.25,0,86.5,3,0,0.25
2022-07-15 12:27:39,0,0,10,0.5,0,86.5,2,0.5,0
2022-07-15 12:27:38,0,0,10.526316,0.5012531,0,85.46366,2.506266,0.2506266,0
2022-07-15 12:27:37,0,0,10.5,0.25,0,86.5,2.25,0.25,0
2022-07-15 12:27:36,0,0,11.25,0.25,0,85.25,2.25,0.25,0.25
2022-07-15 12:27:35,0,0,9.25,0.25,0,87.25,2.25,0.25,0.25
2022-07-15 12:27:34,0,0,10.5,0.25,0,85.25,3,0.25,0.25
2022-07-15 12:27:33,0,0,11.5,0.5,0,84.5,2.75,0.25,0.25
2022-07-15 12:27:32,0,0,9,0.25,0,87.75,2.25,0.25,0.25
2022-07-15 12:27:31,0,0,10.526316,0,0,86.46617,1.754386,0.2506266,0.2506266
2022-07-15 12:27:30,0,0,11.442786,0.7462687,0,83.58209,2.736318,0.2487562,0.4975124
2022-07-15 12:27:29,0,0,9.547739,0.2512563,0,87.9397,2.01005,0,0
2022-07-15 12:27:28,0,0,11.471322,0.7481297,0,83.79052,2.493766,0.2493766,0.4987531
2022-07-15 12:27:27,0,0,10.723192,0.2493766,0,86.78304,1.745636,0.2493766,0
2022-07-15 12:27:26,0,0,10.275689,0.2506266,0,86.96742,1.754386,0.5012531,0
2022-07-15 12:27:25,0,0,11.139241,0.2531646,0,85.56962,2.531646,0.2531646,0
2022-07-15 12:27:24,0,0,10.447761,0.4975124,0,84.32836,3.482587,0.4975124,0.4975124
2022-07-15 12:27:23,0,0,10.25,0.5,0,84.75,3,0.5,0.25
2022-07-15 12:27:22,0,0,10.526316,0.5012531,0,86.21554,2.005013,0.2506266,0
2022-07-15 12:27:21,0,0,11.221945,0.2493766,0,84.0399,3.241895,0.4987531,0.2493766
2022-07-15 12:27:20,0,0,9.52381,0.2506266,0,83.45865,5.513784,0.2506266,0.5012531
2022-07-15 12:27:19,0,0,10.972569,0.2493766,0,85.78554,2.244389,0.2493766,0.2493766
2022-07-15 12:27:18,0,0,9.75,0.25,0,86,2.5,0.25,0.25
2022-07-15 12:27:17,0,0,10.224439,0.7481297,0,86.28429,1.995012,0.2493766,0.2493766
2022-07-15 12:27:16,0,0,9.725686,0.7481297,0,82.29426,2.992519,0.2493766,2.743142
2022-07-15 12:27:15,0,0,9.226933,0.2493766,0,87.78055,2.244389,0,0
2022-07-15 12:27:14,0,0,10.776942,0.5012531,0,86.21554,2.005013,0.2506266,0
2022-07-15 12:27:13,0,0,11.25,0.25,0,85.5,2.5,0,0.25
2022-07-15 12:27:12,0,0,14.25,0.25,0,79.75,2.75,0.25,2.25
2022-07-15 12:27:11,0,0,5.012531,0.7518797,0,81.20301,1.754386,0.2506266,9.52381
2022-07-15 12:27:10,0,0,7.654321,0.7407407,0,85.18519,2.469136,0,2.962963
2022-07-15 12:27:09,0,0,8.457711,0.4975124,0,86.06965,2.487562,0.2487562,1.741294
2022-07-15 12:27:08,0,0,9.798995,0.2512563,0,85.92965,2.763819,0.2512563,0.7537688
2022-07-15 12:27:07,0,0,6.699752,0.248139,0,81.38958,7.692308,0.248139,3.473945
2022-07-15 12:27:06,0,0,11.221945,0.2493766,0,84.0399,2.992519,0.4987531,0.7481297
2022-07-15 12:27:05,0,0,8.457711,0.7462687,0,84.0796,2.487562,0,2.985075
2022-07-15 12:27:04,0,0,8.291457,0.2512563,0,85.42714,2.01005,0.2512563,3.015075
2022-07-15 12:27:03,0,0,6.716418,0.7462687,0,82.33831,2.985075,0,5.721393
2022-07-15 12:27:02,0,0,6.716418,0,0,88.0597,2.238806,0.2487562,2.238806
2022-07-15 12:27:01,0,0,8.77193,0.7518797,0,85.21303,3.007519,0.5012531,1.0025063
2022-07-15 12:27:00,0,0,8.77193,0.5012531,0,86.46617,2.005013,0.2506266,1.0025063
2022-07-15 12:26:59,0,0,10.5,0.75,0,84.75,3.25,0.25,0
2022-07-15 12:26:58,0,0,11.055276,0,0,85.92965,2.261307,0.2512563,0.2512563
2022-07-15 12:26:57,0,0,10.5,0.5,0,86,2.75,0.25,0
2022-07-15 12:26:56,0,0,9.52381,0.5012531,0,84.71178,2.506266,0,1.754386
2022-07-15 12:26:55,0,0,10.723192,0.4987531,0,85.53616,2.493766,0.2493766,0.2493766
2022-07-15 12:26:54,0,0,8.816121,0,0,89.42065,1.2594458,0,0
2022-07-15 12:26:53,0,0,11.25,0.5,0,84.75,2.75,0.5,0
2022-07-15 12:26:52,0,0,9.774436,0.2506266,0,86.96742,2.005013,0,0.5012531
2022-07-15 12:26:51,0,0,10.025063,0.2506266,0,86.71679,2.255639,0.2506266,0
2022-07-15 12:26:50,0,0,10.75,0.25,0,86.5,1.5,0.25,0.25
2022-07-15 12:26:49,0,0,10.5,0.5,0,85,2.75,0,1
2022-07-15 12:26:48,0,0,9.571788,0.2518892,0,86.1461,3.274559,0.2518892,0
2022-07-15 12:26:47,0,0,10.552764,0.2512563,0,86.43216,2.261307,0.2512563,0.2512563
2022-07-15 12:26:46,0,0,10.199005,0.4975124,0,86.31841,1.99005,0.2487562,0
2022-07-15 12:26:45,0,0,11.221945,0.2493766,0,85.53616,2.244389,0.2493766,0.2493766
2022-07-15 12:26:44,0,0,8.291457,0.5025126,0,84.92462,3.015075,0.2512563,2.261307
2022-07-15 12:26:43,0,0,14.427861,0.2487562,0,81.34328,3.482587,0,0.2487562
2022-07-15 12:26:42,0,0,8.148148,0.9876543,0,80,2.716049,0.4938272,6.419753
2022-07-15 12:26:41,0,0,4.260652,0.2506266,0,88.47118,1.754386,0.2506266,4.010025
2022-07-15 12:26:40,0,0,8.72818,0.2493766,0,85.53616,2.992519,0.2493766,1.4962594
2022-07-15 12:26:39,0,0,8.75,0.25,0,88.25,1.75,0.25,0.25
2022-07-15 12:26:38,0,0,11.471322,0,0,84.78803,2.992519,0.2493766,0.2493766
2022-07-15 12:26:37,0,0,8.79397,0.2512563,0,87.43719,2.512563,0,0.2512563
2022-07-15 12:26:36,0,0,8.25,0.25,0,88.5,2.5,0.25,0
2022-07-15 12:26:35,0,0,8.521303,0.5012531,0,87.96992,2.756892,0,0
2022-07-15 12:26:34,0,0,9.226933,0.2493766,0,87.78055,1.995012,0.2493766,0.2493766
2022-07-15 12:26:33,0,0,7.5,0.5,0,88.25,2.25,0.25,0.25
2022-07-15 12:26:32,0,0,7.035176,0,0,88.94472,3.015075,0.5025126,0
2022-07-15 12:26:31,0,0,5.236908,0.2493766,0,90.52369,2.244389,0,0.7481297
2022-07-15 12:26:30,0,0,3.759398,0.2506266,0,91.97995,2.506266,0.2506266,0.2506266
2022-07-15 12:26:29,0,0,4.511278,0,0,91.4787,3.258145,0,0.2506266
2022-07-15 12:26:28,0,0,2.75,0.5,0,93,2.5,0.25,0
2022-07-15 12:26:27,0,0,1,0.5,0,94.75,3,0.25,0
2022-07-15 12:26:26,0,0,1.25,0.25,0,95.25,2.75,0,0
2022-07-15 12:26:25,0,0,0.7575758,0,0,95.45455,2.777778,0.5050505,0
2022-07-15 12:26:24,0,0,1.2468828,0.2493766,0,95.7606,2.493766,0,0
2022-07-15 12:26:23,0,0,0.9876543,0.4938272,0,95.06173,2.716049,0.2469136,0
2022-07-15 12:26:22,0,0,0.7537688,0,0,96.23116,2.01005,0.2512563,0
2022-07-15 12:26:21,0,0,1.2562814,0.2512563,0,94.47236,3.266332,0,0
2022-07-15 12:26:20,0,0,0.990099,0.4950495,0,94.05941,2.970297,0.4950495,0
2022-07-15 12:26:19,0,0,1.0025063,0.7518797,0,95.98997,2.255639,0,0
2022-07-15 12:26:18,0,0,1.25,0.25,0,93.75,3.25,0.25,0
2022-07-15 12:26:17,0,0,1.0025063,0.2506266,0,96.2406,1.754386,0.2506266,0
2022-07-15 12:26:16,0,0,0.7518797,0.7518797,0,95.98997,1.754386,0.2506266,0
2022-07-15 12:26:15,0,0,1.2531328,0.2506266,0,94.48622,3.007519,0.2506266,0
2022-07-15 12:26:14,0,0,1,0.75,0,95,2.75,0,0
2022-07-15 12:26:13,0,0,1.0025063,0,0,95.73935,2.756892,0,0
2022-07-15 12:26:12,0,0,1.0050251,0.2512563,0,94.72362,2.512563,0.2512563,0
2022-07-15 12:26:11,0,0,2.267003,0.2518892,0,93.70277,2.770781,0,0.2518892
2022-07-15 12:26:10,0,0,3.778338,0.5037783,0,92.19144,2.267003,0,0.5037783
2022-07-15 12:26:09,0,0,5.236908,0.2493766,0,90.77307,2.992519,0.2493766,0
2022-07-15 12:26:08,0,0,6.218905,0.4975124,0,90.79602,1.99005,0.2487562,0
2022-07-15 12:26:07,0,0,6.483791,0.4987531,0,88.02993,3.241895,0,0.7481297
2022-07-15 12:26:06,0,0,9.319899,0,0,88.16121,2.518892,0,0
2022-07-15 12:26:05,0,0,8.128079,0.4926108,0,82.51232,2.955665,0.4926108,4.187192
2022-07-15 12:26:04,0,0,9.25,0.25,0,85,3.5,0.25,1.5
2022-07-15 12:26:03,0,0,6.218905,0.7462687,0,88.0597,2.238806,0,2.487562
2022-07-15 12:26:02,0,0,8.436725,0.4962779,0,81.63772,2.977667,0.248139,4.71464
2022-07-15 12:26:01,0,0,6.801008,0.2518892,0,86.64987,2.015113,0.2518892,3.778338
2022-07-15 12:26:00,0,0,8.888889,0.7407407,0,83.45679,3.209877,0.2469136,2.222222
2022-07-15 12:25:59,0,0,9.25,0.5,0,83.75,3,0,2.5
2022-07-15 12:25:58,0,0,7.19603,0.248139,0,84.86352,2.729529,0.4962779,3.970223
2022-07-15 12:25:57,0,0,5.75,1.25,0,82,2,0.5,5.75
2022-07-15 12:25:56,0,0,7.673267,0.7425743,0,82.42574,2.970297,0.2475248,4.70297
2022-07-15 12:25:55,0,0,8.75,0.25,0,85.25,2,0.25,2.5
2022-07-15 12:25:54,0,0,5.75,0.25,0,90.5,1.5,0,1.25
2022-07-15 12:25:53,0,0,7.5,0.5,0,85.5,2.5,0.25,2.25
2022-07-15 12:25:52,0,0,9.452736,0.2487562,0,88.30846,1.4925373,0,0
2022-07-15 12:25:51,0,0,10.025063,0,0,86.46617,2.506266,0.2506266,0
2022-07-15 12:25:50,0,0,11.471322,0.4987531,0,84.0399,2.992519,0.2493766,0.2493766
2022-07-15 12:25:49,0,0,8.75,0.25,0,87.75,2,0.5,0.5
2022-07-15 12:25:48,0,0,11.5,0.25,0,84.25,3.25,0,0.25
2022-07-15 12:25:47,0,0,11.442786,0.2487562,0,80.59701,3.233831,0.4975124,2.985075
2022-07-15 12:25:46,0,0,10.552764,0,0,84.67337,3.015075,0,1.2562814
2022-07-15 12:25:45,0,0,6.716418,0.7462687,0,82.58706,2.736318,0.2487562,4.726368
2022-07-15 12:25:44,0,0,8.684864,0.248139,0,85.60794,1.985112,0.248139,2.977667
2022-07-15 12:25:43,0,0,8.25,0.5,0,81.75,4,0.25,3.75
2022-07-15 12:25:42,0,0,6.218905,0.9950249,0,81.34328,2.736318,0,7.21393
2022-07-15 12:25:41,0,0,7.462687,0.4975124,0,84.57711,2.736318,0.2487562,3.482587
2022-07-15 12:25:40,0,0,6.716418,0,0,83.08458,2.238806,0.2487562,6.467662
2022-07-15 12:25:39,0,0,9.476309,0.4987531,0,86.78304,2.244389,0,0.7481297
2022-07-15 12:25:38,0,0,6.127451,0.4901961,0,81.37255,2.205882,0.245098,8.333333
2022-07-15 12:25:37,0,0,7.178218,0.7425743,0,82.67327,2.722772,0.2475248,4.455446
2022-07-15 12:25:36,0,0,6.467662,0.2487562,0,85.8209,2.985075,0,3.731343
2022-07-15 12:25:35,0,0,9.677419,0.4962779,0,82.87841,2.48139,0.4962779,2.233251
2022-07-15 12:25:34,0,0,8.816121,0.5037783,0,84.13098,2.267003,0.2518892,3.274559
2022-07-15 12:25:33,0,0,4.950495,0.2475248,0,84.40594,2.970297,0.2475248,5.940594
2022-07-15 12:25:32,0,0,11.91067,0.248139,0,83.87097,2.729529,0.248139,0.4962779
2022-07-15 12:25:31,0,0,8.72818,0.4987531,0,82.79302,2.992519,0.2493766,2.743142
2022-07-15 12:25:30,0,0,7.25,0.25,0,88,2.25,0.25,1.25
2022-07-15 12:25:29,0,0,8.270677,0.2506266,0,87.21805,2.255639,0,1.2531328
2022-07-15 12:25:28,0,0,7.692308,0.248139,0,89.33002,1.736973,0.248139,0.248139
2022-07-15 12:25:27,0,0,10.224439,0.4987531,0,86.03491,2.992519,0,0
2022-07-15 12:25:26,0,0,11.055276,0.2512563,0,83.66834,3.266332,0,0.7537688
2022-07-15 12:25:25,0,0,9.273183,0,0,88.22055,1.754386,0.2506266,0
2022-07-15 12:25:24,0,0,11.5,1,0,83.5,3.25,0.25,0.25
2022-07-15 12:25:23,0,0,13.647643,0.4962779,0,81.14144,2.977667,0.248139,0.7444169
2022-07-15 12:25:22,0,0,8.229426,0.4987531,0,85.03741,2.493766,0.2493766,2.992519
2022-07-15 12:25:21,0,0,7.788945,0.2512563,0,84.92462,2.512563,0,3.768844
2022-07-15 12:25:20,0,0,7.692308,0.248139,0,87.09677,2.233251,0.4962779,1.2406948
2022-07-15 12:25:19,0,0,7.537688,0.2512563,0,88.19095,1.758794,0.2512563,1.758794
2022-07-15 12:25:18,0,0,10.776942,0.5012531,0,85.21303,2.756892,0,0.2506266
2022-07-15 12:25:17,0,0,7.960199,0.2487562,0,87.31343,2.736318,0.4975124,0.4975124
2022-07-15 12:25:16,0,0,10.579345,0.2518892,0,86.64987,2.267003,0,0
2022-07-15 12:25:15,0,0,10.776942,0,0,85.71429,3.007519,0.2506266,0
2022-07-15 12:25:14,0,0,10,0.5,0,86.25,2,0.25,0.25
2022-07-15 12:25:13,0,0,10.526316,0.2506266,0,84.96241,3.508772,0.2506266,0
2022-07-15 12:25:12,0,0,10.025063,0.2506266,0,85.71429,2.756892,0,0.5012531
2022-07-15 12:25:11,0,0,9.701493,0.4975124,0,86.06965,2.487562,0.4975124,0
2022-07-15 12:25:10,0,0,10.224439,0.4987531,0,86.03491,2.493766,0.4987531,0
2022-07-15 12:25:09,0,0,10.075567,0.5037783,0,84.63476,3.778338,0.2518892,0.2518892
2022-07-15 12:25:08,0,0,10.473815,0.2493766,0,86.03491,2.493766,0.2493766,0.2493766
2022-07-15 12:25:07,0,0,12.280702,0.5012531,0,83.20802,2.756892,0.5012531,0.2506266
2022-07-15 12:25:06,0,0,8.684864,0.248139,0,84.61538,3.473945,0.248139,2.48139
2022-07-15 12:25:05,0,0,9,0.25,0,86.75,2,0.25,1
2022-07-15 12:25:04,0,0,13.432836,0.4975124,0,82.08955,2.985075,0.4975124,0.2487562
2022-07-15 12:25:03,0,0,8,0.25,0,87.25,2.25,0.25,1
2022-07-15 12:25:02,0,0,11.442786,0.4975124,0,81.59204,2.238806,0.2487562,3.233831
2022-07-15 12:25:01,0,0,8.478803,0.2493766,0,86.53367,3.241895,0.2493766,0.4987531
2022-07-15 12:25:00,0,0,9.226933,0.4987531,0,82.29426,2.992519,0.2493766,4.239401
2022-07-15 12:24:59,0,0,7.730673,0.7481297,0,82.29426,2.743142,0.2493766,5.236908
2022-07-15 12:24:58,0,0,6.982544,0.4987531,0,85.28678,2.493766,0.4987531,3.491272
2022-07-15 12:24:57,0,0,10.723192,0.2493766,0,82.79302,3.241895,0.2493766,1.995012
2022-07-15 12:24:56,0,0,5.764411,0.2506266,0,90.22556,1.754386,0.2506266,1.5037594
2022-07-15 12:24:55,0,0,10.972569,0.2493766,0,84.28928,2.992519,0.2493766,0.7481297
2022-07-15 12:24:54,0,0,6.451613,0.248139,0,83.12655,3.473945,0.248139,5.459057
2022-07-15 12:24:53,0,0,10.301508,0.5025126,0,86.43216,2.01005,0.5025126,0
2022-07-15 12:24:52,0,0,10.5,0.25,0,86,2.75,0,0.25
2022-07-15 12:24:51,0,0,11.75,0.5,0,83.25,2.75,0.25,0.75
2022-07-15 12:24:50,0,0,9.181141,0.248139,0,87.34491,2.233251,0.248139,0
2022-07-15 12:24:49,0,0,11.306533,0.2512563,0,86.1809,2.01005,0.2512563,0
2022-07-15 12:24:48,0,0,10.224439,0.7481297,0,83.54115,3.491272,0.2493766,0.4987531
2022-07-15 12:24:47,0,0,10.25,0.5,0,86,2.75,0.25,0
2022-07-15 12:24:46,0,0,10.526316,0.2506266,0,86.71679,2.255639,0.2506266,0
2022-07-15 12:24:45,0,0,10.776942,0.2506266,0,85.21303,3.258145,0.2506266,0
2022-07-15 12:24:44,0,0,10.972569,0.2493766,0,85.53616,2.244389,0.2493766,0.2493766
2022-07-15 12:24:43,0,0,10,0.25,0,86.5,2.5,0,0.25
2022-07-15 12:24:42,0,0,10.972569,0.2493766,0,85.28678,2.493766,0.4987531,0.2493766
2022-07-15 12:24:41,0,0,9.20398,0,0,86.56716,2.985075,0.2487562,0
2022-07-15 12:24:40,0,0,10.776942,0.2506266,0,86.21554,2.255639,0.2506266,0
2022-07-15 12:24:39,0,0,11.662531,0.7444169,0,83.37469,3.225806,0.248139,0.248139
2022-07-15 12:24:38,0,0,9.5,0,0,87.75,2.5,0,0
2022-07-15 12:24:37,0,0,11.528822,0.5012531,0,80.70175,6.015038,0.5012531,0.2506266
2022-07-15 12:24:36,0,0,9.022556,0.2506266,0,87.7193,1.754386,0.2506266,0.2506266
2022-07-15 12:24:35,0,0,10.831234,0.5037783,0,86.1461,2.015113,0,0
2022-07-15 12:24:34,0,0,10.199005,0.4975124,0,85.8209,2.985075,0.2487562,0
2022-07-15 12:24:33,0,0,12.189055,0.7462687,0,83.58209,2.736318,0.2487562,0.2487562
2022-07-15 12:24:32,0,0,10.723192,0.4987531,0,80.54863,3.491272,0.4987531,3.990025
2022-07-15 12:24:31,0,0,5.025126,0,0,86.43216,2.01005,0.5025126,5.276382
2022-07-15 12:24:30,0,0,14.035088,0.2506266,0,81.70426,3.007519,0,0.5012531
2022-07-15 12:24:29,0,0,6.896552,0.4926108,0,82.0197,3.20197,0.2463054,6.157635
2022-07-15 12:24:28,0,0,6.699752,0.248139,0,83.12655,2.729529,0.248139,5.955335
2022-07-15 12:24:27,0,0,8.5,0.25,0,86,2,0.25,2.5
2022-07-15 12:24:26,0,0,8.977556,0.2493766,0,85.78554,2.743142,0.2493766,1.4962594
2022-07-15 12:24:25,0,0,9.405941,0.7425743,0,80.44554,2.722772,0.2475248,5.19802
2022-07-15 12:24:24,0,0,6.930693,0,0,86.13861,2.970297,0.2475248,3.217822
2022-07-15 12:24:23,0,0,7.035176,0.2512563,0,82.91457,2.512563,0.2512563,6.532663
2022-07-15 12:24:22,0,0,9.25,0.25,0,86,2.75,0.25,1.25
2022-07-15 12:24:21,0,0,10.643564,0.2475248,0,83.66337,2.970297,0,1.732673
2022-07-15 12:24:20,0,0,7.769424,0,0,84.21053,2.506266,0.2506266,4.260652
2022-07-15 12:24:19,0,0,7.960199,0.4975124,0,84.0796,2.985075,0.2487562,3.233831
2022-07-15 12:24:18,0,0,8.457711,0.9950249,0,82.08955,2.736318,0.2487562,4.726368
2022-07-15 12:24:17,0,0,7.788945,0.2512563,0,86.1809,2.261307,0.2512563,2.763819
2022-07-15 12:24:16,0,0,9.701493,0.2487562,0,86.56716,2.487562,0.2487562,0.2487562
2022-07-15 12:24:15,0,0,6.203474,0.7444169,0,86.10422,2.729529,0.248139,3.225806
2022-07-15 12:24:14,0,0,9.045226,0,0,84.92462,3.266332,0.5025126,2.01005
2022-07-15 12:24:13,0,0,7.21393,0.2487562,0,88.0597,2.238806,0.2487562,1.4925373
2022-07-15 12:24:12,0,0,7.788945,0,0,87.68844,1.758794,0,2.261307
2022-07-15 12:24:11,0,0,10.447761,0.7462687,0,85.32338,2.487562,0.2487562,0
2022-07-15 12:24:10,0,0,10.632911,0,0,85.82278,2.78481,0.5063291,0
2022-07-15 12:24:09,0,0,10.5,0.25,0,85.75,3,0.25,0
2022-07-15 12:24:08,0,0,11.970075,0.2493766,0,83.79052,2.743142,0.2493766,0.4987531
2022-07-15 12:24:07,0,0,10.301508,0.2512563,0,86.68342,2.261307,0.2512563,0
2022-07-15 12:24:06,0,0,13.681592,0.4975124,0,79.60199,3.731343,0.2487562,1.4925373
2022-07-15 12:24:05,0,0,9.950249,0.2487562,0,81.59204,1.99005,0.4975124,3.731343
2022-07-15 12:24:04,0,0,6,0.75,0,80.25,2,0,9
2022-07-15 12:24:03,0,0,7.881773,0.9852217,0,81.52709,2.955665,0.2463054,5.418719
2022-07-15 12:24:02,0,0,3.950617,0.7407407,0,77.03704,2.222222,0.2469136,11.358025
2022-07-15 12:24:01,0,0,6.218905,0.7462687,0,82.83582,2.487562,0.2487562,5.721393
2022-07-15 12:24:00,0,0,5.955335,0,0,74.44169,2.977667,0.4962779,11.662531
2022-07-15 12:23:59,0,0,6.188119,0.990099,0,79.20792,2.475248,0.2475248,8.910891
2022-07-15 12:23:58,0,0,6.982544,0.4987531,0,83.79052,2.743142,0,4.239401
2022-07-15 12:23:57,0,0,7.23192,0.4987531,0,84.28928,2.992519,0.2493766,3.491272
2022-07-15 12:23:56,0,0,6.565657,0.2525253,0,88.38384,2.020202,0.2525253,2.272727
2022-07-15 12:23:55,0,0,9.725686,0.2493766,0,86.28429,2.743142,0.2493766,0.2493766
2022-07-15 12:23:54,0,0,9.181141,0,0,86.84864,1.985112,0.248139,0.9925558
2022-07-15 12:23:53,0,0,11.083123,0.2518892,0,85.64232,2.518892,0,0
2022-07-15 12:23:52,0,0,11.027569,0.2506266,0,84.46115,3.007519,0.2506266,0.2506266
2022-07-15 12:23:51,0,0,10.173697,0.248139,0,83.87097,3.970223,0.248139,0.7444169
2022-07-15 12:23:50,0,0,12.903226,0.248139,0,82.134,2.977667,0.4962779,0.4962779
2022-07-15 12:23:49,0,0,7.5,0,0,85.75,2.5,0.25,3.75
2022-07-15 12:23:48,0,0,12.030075,0.2506266,0,83.9599,2.506266,0.2506266,0.7518797
2022-07-15 12:23:47,0,0,9.25,0.25,0,86.5,1.5,0.25,1.75
2022-07-15 12:23:46,0,0,6.947891,0.7444169,0,82.38213,2.729529,0.4962779,6.451613
2022-07-15 12:23:45,0,0,9.25,0.5,0,85,3.25,0,1.75
2022-07-15 12:23:44,0,0,5.236908,0.4987531,0,84.53865,1.995012,0.2493766,5.735661
2022-07-15 12:23:43,0,0,9.925558,0.248139,0,82.87841,2.729529,0.248139,3.473945
2022-07-15 12:23:42,0,0,6.25,0.5,0,82.25,2,0.5,7.5
2022-07-15 12:23:41,0,0,7.711443,0.4975124,0,81.8408,2.487562,0.2487562,4.726368
2022-07-15 12:23:40,0,0,8.521303,0.5012531,0,82.95739,3.007519,0,3.258145
2022-07-15 12:23:39,0,0,8.229426,0.2493766,0,84.53865,2.743142,0.4987531,3.241895
2022-07-15 12:23:38,0,0,7.940447,0.4962779,0,87.09677,1.4888337,0.248139,1.985112
2022-07-15 12:23:37,0,0,12.09068,0.5037783,0,82.61965,3.02267,0.2518892,1.0075567
2022-07-15 12:23:36,0,0,6.218905,0.2487562,0,84.0796,2.238806,0.2487562,6.218905
2022-07-15 12:23:35,0,0,7.035176,0.5025126,0,85.42714,2.261307,0.2512563,3.768844
2022-07-15 12:23:34,0,0,13.647643,0.7444169,0,79.65261,3.473945,0.4962779,1.4888337
2022-07-15 12:23:33,0,0,7.19603,0.4962779,0,82.134,2.48139,0.7444169,5.210918
2022-07-15 12:23:32,0,0,3.722084,0.7444169,0,84.11911,2.729529,0.248139,7.19603
2022-07-15 12:23:31,0,0,9.725686,0.4987531,0,82.79302,2.992519,0.2493766,2.992519
2022-07-15 12:23:30,0,0,6.467662,0.4975124,0,85.32338,2.487562,0.2487562,4.228856
2022-07-15 12:23:29,0,0,10.972569,0.2493766,0,84.0399,2.992519,0.2493766,1.2468828
2022-07-15 12:23:28,0,0,8.270677,0.7518797,0,84.71178,2.506266,0,3.258145
2022-07-15 12:23:27,0,0,10.473815,0.2493766,0,83.04239,2.992519,0.2493766,2.493766
2022-07-15 12:23:26,0,0,6.716418,0.4975124,0,88.0597,2.487562,0,1.2437811
2022-07-15 12:23:25,0,0,9.725686,0.4987531,0,82.79302,2.743142,0.2493766,2.992519
2022-07-15 12:23:24,0,0,10.723192,0.4987531,0,84.53865,2.743142,0,0.7481297
2022-07-15 12:23:23,0,0,5.472637,0.2487562,0,88.55721,1.741294,0.2487562,3.482587
2022-07-15 12:23:22,0,0,11.471322,0.2493766,0,85.53616,2.244389,0.2493766,0
2022-07-15 12:23:21,0,0,6.982544,0.7481297,0,83.79052,2.743142,0,5.486284
2022-07-15 12:23:20,0,0,6.733167,0.7481297,0,83.29177,1.745636,0.2493766,6.234414
2022-07-15 12:23:19,0,0,9.319899,0.2518892,0,87.15365,2.267003,0.2518892,0.2518892
2022-07-15 12:23:18,0,0,10.224439,0.4987531,0,85.78554,2.244389,0.2493766,0.2493766
2022-07-15 12:23:17,0,0,14.962594,0.2493766,0,81.29676,2.743142,0.2493766,0.2493766
2022-07-15 12:23:16,0,0,8.457711,0.9950249,0,81.34328,2.736318,0.2487562,4.975124
2022-07-15 12:23:15,0,0,4.271357,0.2512563,0,89.19598,1.2562814,0,3.768844
2022-07-15 12:23:14,0,0,10.050251,0.2512563,0,86.68342,2.261307,0.2512563,0.2512563
2022-07-15 12:23:13,0,0,10.224439,0.2493766,0,86.78304,1.4962594,0.2493766,0.2493766
2022-07-15 12:23:12,0,0,9.950249,0.2487562,0,86.81592,1.99005,0.2487562,0.2487562
2022-07-15 12:23:11,0,0,11,0.25,0,86,2,0.25,0
2022-07-15 12:23:10,0,0,10.224439,0,0,87.2818,1.4962594,0.2493766,0.2493766
2022-07-15 12:23:09,0,0,12,0.75,0,83.75,2.75,0.25,0.25
2022-07-15 12:23:08,0,0,13.032581,0.2506266,0,82.45614,3.007519,0.2506266,0.5012531
2022-07-15 12:23:07,0,0,11,0.5,0,82,2.75,0,3
2022-07-15 12:23:06,0,0,6.930693,0.7425743,0,79.9505,2.475248,0.4950495,6.188119
2022-07-15 12:23:05,0,0,5.940594,0.7425743,0,78.9604,3.712871,0,7.920792
2022-07-15 12:23:04,0,0,4.228856,0.4975124,0,90.04975,2.736318,0.2487562,1.741294
2022-07-15 12:23:03,0,0,9.52381,0.2506266,0,86.71679,3.007519,0.2506266,0
2022-07-15 12:23:02,0,0,11.720698,0.4987531,0,84.0399,1.995012,0.2493766,0.4987531
2022-07-15 12:23:01,0,0,9.06801,0.2518892,0,87.65743,2.518892,0,0
2022-07-15 12:23:00,0,0,10.526316,0.5012531,0,85.46366,2.506266,0.2506266,0.2506266
2022-07-15 12:22:59,0,0,10.669975,0,0,85.85608,2.977667,0.248139,0
2022-07-15 12:22:58,0,0,10.776942,0.5012531,0,85.71429,2.506266,0.2506266,0
2022-07-15 12:22:57,0,0,11.528822,0.2506266,0,84.96241,2.506266,0.2506266,0
2022-07-15 12:22:56,0,0,10.025063,0,0,84.46115,2.756892,0,2.005013
2022-07-15 12:22:55,0,0,7.25,0.5,0,84.75,2,0.25,4
2022-07-15 12:22:54,0,0,9.925558,0,0,86.35236,2.48139,0.248139,0.248139
2022-07-15 12:22:53,0,0,12.25,0.25,0,84.25,3.25,0,0
2022-07-15 12:22:52,0,0,8.955224,0.7462687,0,86.56716,2.487562,0.4975124,0.2487562
2022-07-15 12:22:51,0,0,11.557789,0.5025126,0,83.66834,3.266332,0,0.2512563
2022-07-15 12:22:50,0,0,8.436725,0.7444169,0,82.134,2.48139,0.4962779,4.71464
2022-07-15 12:22:49,0,0,8.77193,0.5012531,0,87.46867,2.005013,0.2506266,0.2506266
2022-07-15 12:22:48,0,0,10.301508,0.2512563,0,86.43216,2.512563,0,0
2022-07-15 12:22:47,0,0,10.80402,0.2512563,0,87.18593,1.758794,0,0
2022-07-15 12:22:46,0,0,10.526316,0.2506266,0,85.96491,2.506266,0.2506266,0.2506266
2022-07-15 12:22:45,0,0,11.528822,0,0,85.46366,2.506266,0,0.2506266
2022-07-15 12:22:44,0,0,10,0.25,0,85.5,2.75,0.25,0.25
2022-07-15 12:22:43,0,0,8.208955,0.2487562,0,85.57214,2.238806,0.2487562,2.736318
2022-07-15 12:22:42,0,0,12.25,0,0,84,2.75,0.25,0.25
2022-07-15 12:22:41,0,0,9.022556,0.5012531,0,86.46617,2.005013,0.2506266,1.2531328
2022-07-15 12:22:40,0,0,9.725686,0,0,87.03242,2.493766,0.2493766,0
2022-07-15 12:22:39,0,0,11.278195,0.5012531,0,84.71178,2.756892,0.2506266,0.2506266
2022-07-15 12:22:38,0,0,10.050251,0.2512563,0,85.92965,2.763819,0.2512563,0.2512563
2022-07-15 12:22:37,0,0,10.224439,0.4987531,0,86.78304,1.745636,0.2493766,0.2493766
2022-07-15 12:22:36,0,0,12.81407,0.2512563,0,84.17085,2.512563,0,0
2022-07-15 12:22:35,0,0,10.918114,0.7444169,0,79.15633,2.977667,0.248139,4.962779
2022-07-15 12:22:34,0,0,6.451613,0.7444169,0,83.87097,2.233251,0.248139,4.218362
2022-07-15 12:22:33,0,0,10.173697,0.4962779,0,84.11911,2.977667,0.248139,1.2406948
2022-07-15 12:22:32,0,0,6.388206,0.982801,0,80.09828,2.948403,0.4914005,8.353808
2022-07-15 12:22:31,0,0,4.75,0.5,0,80,2,0.25,9.25
2022-07-15 12:22:30,0,0,8.229426,0.2493766,0,85.28678,2.743142,0.4987531,2.493766
2022-07-15 12:22:29,0,0,8.5,0.5,0,82,2,0.5,6
2022-07-15 12:22:28,0,0,7.730673,0.4987531,0,84.0399,2.743142,0.2493766,3.740648
2022-07-15 12:22:27,0,0,6.947891,0.248139,0,85.85608,2.233251,0.248139,3.225806
2022-07-15 12:22:26,0,0,7.481297,0.4987531,0,88.02993,1.995012,0.2493766,1.4962594
2022-07-15 12:22:25,0,0,9.52381,0.2506266,0,87.46867,2.255639,0,0
2022-07-15 12:22:24,0,0,10.224439,0.4987531,0,85.53616,2.743142,0.4987531,0.2493766
2022-07-15 12:22:23,0,0,10.552764,0.2512563,0,85.42714,3.266332,0,0.2512563
2022-07-15 12:22:22,0,0,11.278195,0.2506266,0,86.21554,2.005013,0,0
2022-07-15 12:22:21,0,0,9.75,0.5,0,86.25,2.25,0.25,0.25
2022-07-15 12:22:20,0,0,11.691542,0.2487562,0,84.0796,2.238806,0.2487562,0.4975124
2022-07-15 12:22:19,0,0,8.79397,0.2512563,0,88.19095,2.261307,0.2512563,0
2022-07-15 12:22:18,0,0,11.221945,0,0,85.78554,2.493766,0,0.2493766
2022-07-15 12:22:17,0,0,15.174129,0.4975124,0,81.09453,2.487562,0,0.4975124
2022-07-15 12:22:16,0,0,8.77193,0.5012531,0,83.20802,2.506266,0.2506266,4.511278
2022-07-15 12:22:15,0,0,7.940447,0.4962779,0,83.37469,1.985112,0.4962779,3.970223
2022-07-15 12:22:14,0,0,4.207921,0.4950495,0,77.47525,1.980198,0.2475248,12.128713
2022-07-15 12:22:13,0,0,7.19603,0.7444169,0,81.88586,2.48139,0.4962779,5.459057
2022-07-15 12:22:12,0,0,8.72818,0.2493766,0,84.0399,1.995012,0.2493766,2.743142
2022-07-15 12:22:11,0,0,7.730673,0.7481297,0,83.04239,2.244389,0.4987531,4.488778
2022-07-15 12:22:10,0,0,6.015038,0.2506266,0,86.21554,2.255639,0,3.007519
2022-07-15 12:22:09,0,0,8.395062,0.2469136,0,84.93827,2.962963,0.2469136,2.716049
2022-07-15 12:22:08,0,0,9.798995,0.7537688,0,83.16583,2.763819,0.2512563,2.261307
2022-07-15 12:22:07,0,0,6.947891,0.4962779,0,85.85608,2.48139,0,3.473945
2022-07-15 12:22:06,0,0,6.483791,0,0,89.52618,2.493766,0.2493766,0.7481297
2022-07-15 12:22:05,0,0,9.950249,0,0,85.8209,2.736318,0,0.4975124
2022-07-15 12:22:04,0,0,12.81407,0.2512563,0,83.41709,3.015075,0.2512563,0.2512563
2022-07-15 12:22:03,0,0,12.903226,0,0,81.63772,2.977667,0.248139,1.4888337
2022-07-15 12:22:02,0,0,3.473945,0.4962779,0,73.20099,1.985112,0.248139,14.640199
2022-07-15 12:22:01,0,0,4.691358,1.2345679,0,76.54321,1.975309,0.2469136,12.098765
2022-07-15 12:22:00,0,0,6.467662,0.2487562,0,80.34826,2.487562,0.4975124,7.21393
2022-07-15 12:21:59,0,0,4.228856,0.4975124,0,78.85572,1.4925373,0.2487562,11.940299
2022-07-15 12:21:58,0,0,7.808564,0,0,87.90932,1.763224,0,2.267003
2022-07-15 12:21:57,0,0,9.90099,0.2475248,0,83.41584,2.970297,0.2475248,2.227723
2022-07-15 12:21:56,0,0,8.845209,0.7371007,0,83.04668,2.702703,0.2457002,3.439803
2022-07-15 12:21:55,0,0,7.23192,0.7481297,0,81.79551,3.491272,0.2493766,5.985037
2022-07-15 12:21:54,0,0,7.960199,0.2487562,0,83.58209,2.736318,0.2487562,3.9801
2022-07-15 12:21:53,0,0,6.435644,0.7425743,0,79.70297,3.465347,0.2475248,7.425743
2022-07-15 12:21:52,0,0,7.518797,0.7518797,0,82.45614,2.255639,0.2506266,6.015038
2022-07-15 12:21:51,0,0,4.773869,0.2512563,0,89.44724,1.2562814,0.2512563,3.266332
2022-07-15 12:21:50,0,0,9.547739,0.2512563,0,86.43216,2.261307,0.2512563,0.5025126
2022-07-15 12:21:49,0,0,9.273183,0.2506266,0,87.7193,2.005013,0.2506266,0.2506266
2022-07-15 12:21:48,0,0,12.531328,0,0,84.71178,2.506266,0,0
2022-07-15 12:21:47,0,0,12.189055,0.2487562,0,79.10448,3.731343,0.4975124,3.482587
2022-07-15 12:21:46,0,0,6.203474,1.2406948,0,82.38213,2.48139,0.248139,6.451613
2022-07-15 12:21:45,0,0,7.960199,0.4975124,0,83.58209,2.736318,0.2487562,3.9801
2022-07-15 12:21:44,0,0,7.142857,0.9852217,0,80.04926,3.448276,0.4926108,6.157635
2022-07-15 12:21:43,0,0,8.229426,0.4987531,0,87.78055,1.995012,0.2493766,0.7481297
2022-07-15 12:21:42,0,0,8.72818,0.2493766,0,85.53616,2.493766,0.2493766,1.995012
2022-07-15 12:21:41,0,0,10.473815,0.4987531,0,81.54613,2.992519,0.2493766,3.491272
2022-07-15 12:21:40,0,0,7.462687,0.4975124,0,86.06965,2.238806,0,2.736318
2022-07-15 12:21:39,0,0,10.25,0.25,0,85.25,2.5,0.25,1
2022-07-15 12:21:38,0,0,6.483791,0.2493766,0,79.8005,3.241895,0.4987531,7.481297
2022-07-15 12:21:37,0,0,7.75,0,0,89.25,2,0.25,0.5
2022-07-15 12:21:36,0,0,9.701493,0,0,86.56716,1.99005,0.2487562,1.2437811
2022-07-15 12:21:35,0,0,8,0.25,0,85.25,3.25,0.25,1.5
2022-07-15 12:21:34,0,0,7.960199,0.7462687,0,86.31841,2.238806,0.2487562,2.238806
2022-07-15 12:21:33,0,0,8.706468,0.2487562,0,84.32836,2.238806,0.4975124,2.487562
2022-07-15 12:21:32,0,0,8.72818,0.4987531,0,87.03242,1.995012,0.2493766,0.9975062
2022-07-15 12:21:31,0,0,10.5,0.75,0,84.75,2.75,0.5,0.5
2022-07-15 12:21:30,0,0,10.80402,0.2512563,0,85.92965,2.01005,0.2512563,0.2512563
2022-07-15 12:21:29,0,0,9,0.5,0,87.25,2.5,0.25,0.25
2022-07-15 12:21:28,0,0,10.945274,0.2487562,0,85.32338,2.487562,0,0.2487562
2022-07-15 12:21:27,0,0,11.027569,0.2506266,0,84.96241,2.756892,0.2506266,0.5012531
2022-07-15 12:21:26,0,0,10.199005,0.4975124,0,86.31841,1.99005,0.2487562,0.4975124
2022-07-15 12:21:25,0,0,14.75,0.25,0,82,2.75,0,0
2022-07-15 12:21:24,0,0,7.960199,0.2487562,0,83.33333,2.985075,0.2487562,4.228856
2022-07-15 12:21:23,0,0,5.405405,1.2285012,0,82.55528,2.211302,0.2457002,6.879607
2022-07-15 12:21:22,0,0,8.955224,0.2487562,0,85.07463,2.985075,0.4975124,1.741294
2022-07-15 12:21:21,0,0,5.289673,0.2518892,0,85.89421,2.518892,0,4.282116
2022-07-15 12:21:20,0,0,11.5,0,0,82.5,2.5,0.5,2.75
2022-07-15 12:21:19,0,0,9.52381,0.5012531,0,84.96241,3.258145,0,1.5037594
2022-07-15 12:21:18,0,0,8.168317,0,0,82.42574,3.217822,0.4950495,3.712871
2022-07-15 12:21:17,0,0,7.616708,1.4742015,0,80.09828,2.948403,0,6.388206
2022-07-15 12:21:16,0,0,5.735661,0.2493766,0,91.02244,1.995012,0.2493766,0.4987531
2022-07-15 12:21:15,0,0,13.647643,0.248139,0,80.39702,3.225806,0,1.736973
2022-07-15 12:21:14,0,0,6.483791,0.2493766,0,85.03741,2.244389,0.2493766,4.738155
2022-07-15 12:21:13,0,0,11.471322,0.4987531,0,84.0399,2.992519,0.2493766,0.4987531
2022-07-15 12:21:12,0,0,6.218905,0.2487562,0,90.04975,1.99005,0.2487562,0.9950249
2022-07-15 12:21:11,0,0,14.713217,0.7481297,0,79.55112,3.241895,0.2493766,0.9975062
2022-07-15 12:21:10,0,0,8.75,0.25,0,83.25,2.25,0.25,3.5
2022-07-15 12:21:09,0,0,3.921569,0.7352941,0,73.28431,2.696078,0.9803922,12.009804
2022-07-15 12:21:08,0,0,5.185185,1.4814815,0,75.30864,2.469136,0.2469136,10.37037
2022-07-15 12:21:07,0,0,6.25,0.75,0,78,3.25,0.25,9.75
2022-07-15 12:21:06,0,0,2.977667,0.4962779,0,86.10422,2.48139,0,6.947891
2022-07-15 12:21:05,0,0,8.542714,0,0,88.69347,2.01005,0.2512563,0
2022-07-15 12:21:04,0,0,10.5,0.25,0,85.75,3,0.25,0
2022-07-15 12:21:03,0,0,11.662531,0.248139,0,83.62283,2.977667,0.4962779,0.7444169
2022-07-15 12:21:02,0,0,9.273183,0,0,88.22055,2.005013,0,0.2506266
2022-07-15 12:21:01,0,0,10.275689,0.2506266,0,85.96491,2.506266,0.2506266,0.2506266
2022-07-15 12:21:00,0,0,10.5,0.25,0,85.5,2.5,0.25,0.25
2022-07-15 12:20:59,0,0,10.972569,0,0,86.53367,1.995012,0.2493766,0
2022-07-15 12:20:58,0,0,11.557789,0.5025126,0,83.9196,2.763819,0,0.5025126
2022-07-15 12:20:57,0,0,10.552764,0,0,86.68342,2.763819,0,0
2022-07-15 12:20:56,0,0,8.977556,0.4987531,0,86.53367,2.244389,0.4987531,0.4987531
2022-07-15 12:20:55,0,0,11.970075,0.2493766,0,84.0399,2.493766,0.2493766,0.4987531
2022-07-15 12:20:54,0,0,8.521303,0.2506266,0,88.22055,2.255639,0,0
2022-07-15 12:20:53,0,0,11.027569,0.2506266,0,85.46366,2.506266,0.2506266,0
2022-07-15 12:20:52,0,0,10.526316,0.2506266,0,86.46617,2.506266,0,0
2022-07-15 12:20:51,0,0,11,0,0,85,2.75,0,0.25
2022-07-15 12:20:50,0,0,9.75,1,0,86,2.75,0.25,0
2022-07-15 12:20:49,0,0,10.25,0.25,0,86,2.25,0.5,0.25
2022-07-15 12:20:48,0,0,11.19403,0.2487562,0,85.57214,2.487562,0.2487562,0
2022-07-15 12:20:47,0,0,10.275689,0.2506266,0,85.96491,2.506266,0.2506266,0
2022-07-15 12:20:46,0,0,11.5,0.25,0,84.75,2.5,0.25,0.25
2022-07-15 12:20:45,0,0,10.473815,0.2493766,0,84.53865,2.992519,0.2493766,0.4987531
2022-07-15 12:20:44,0,0,9.25,0.25,0,87,2.5,0.25,0
2022-07-15 12:20:43,0,0,12.030075,0.2506266,0,84.96241,2.506266,0,0
2022-07-15 12:20:42,0,0,8.77193,0.2506266,0,87.96992,2.255639,0.2506266,0.2506266
2022-07-15 12:20:41,0,0,10.447761,0.2487562,0,85.8209,1.741294,0.2487562,0.4975124
2022-07-15 12:20:40,0,0,10.5,0,0,86.75,2,0.25,0.25
2022-07-15 12:20:39,0,0,10.945274,0.2487562,0,84.57711,2.985075,0.2487562,0
2022-07-15 12:20:38,0,0,9.725686,0,0,86.78304,2.493766,0.2493766,0.2493766
2022-07-15 12:20:37,0,0,11.278195,0.5012531,0,85.71429,2.005013,0.2506266,0
2022-07-15 12:20:36,0,0,15.25,0,0,81,2.75,0,0.75
2022-07-15 12:20:35,0,0,6.419753,0.4938272,0,81.97531,3.45679,0.2469136,5.432099
2022-07-15 12:20:34,0,0,6.218905,0.4975124,0,85.8209,2.487562,0.2487562,3.731343
2022-07-15 12:20:33,0,0,6.25,0,0,88,2.25,0,2.5
2022-07-15 12:20:32,0,0,8.75,0.25,0,86,2.25,0.25,1.75
2022-07-15 12:20:31,0,0,9.725686,0.2493766,0,86.03491,2.493766,0.2493766,0.2493766
2022-07-15 12:20:30,0,0,10.526316,0,0,86.96742,2.005013,0.2506266,0
2022-07-15 12:20:29,0,0,10.80402,0,0,85.67839,2.763819,0.2512563,0
2022-07-15 12:20:28,0,0,10.972569,0.4987531,0,85.53616,1.995012,0.4987531,0.2493766
2022-07-15 12:20:27,0,0,10.5,0.25,0,85,3,0.25,0.25
2022-07-15 12:20:26,0,0,9.798995,0.2512563,0,87.9397,1.758794,0,0
2022-07-15 12:20:25,0,0,15.037594,0.2506266,0,80.95238,3.007519,0.2506266,0.2506266
2022-07-15 12:20:24,0,0,7.960199,0.2487562,0,85.57214,2.985075,0.2487562,2.238806
2022-07-15 12:20:23,0,0,7.98005,0.4987531,0,87.78055,2.244389,0.2493766,0.4987531
2022-07-15 12:20:22,0,0,8.77193,0.2506266,0,87.21805,2.255639,0.5012531,0.5012531
2022-07-15 12:20:21,0,0,11.720698,0,0,84.53865,2.493766,0.2493766,0.2493766
2022-07-15 12:20:20,0,0,10.5,0,0,85.25,3,0.25,0.5
2022-07-15 12:20:19,0,0,11.809045,0.2512563,0,84.17085,2.512563,0.2512563,0.2512563
2022-07-15 12:20:18,0,0,11.5,0.25,0,79.75,3.75,0.5,3.75
2022-07-15 12:20:17,0,0,3.703704,0.7407407,0,79.01235,2.222222,0.2469136,10.123457
2022-07-15 12:20:16,0,0,8.02005,0.2506266,0,88.47118,2.005013,0.2506266,1.0025063
2022-07-15 12:20:15,0,0,7,0.5,0,86.75,2.25,0.25,2.5
2022-07-15 12:20:14,0,0,11.442786,0.2487562,0,82.08955,2.736318,0.2487562,2.736318
2022-07-15 12:20:13,0,0,7.711443,0.7462687,0,84.57711,2.238806,0.2487562,4.228856
2022-07-15 12:20:12,0,0,6.5,0.25,0,86.5,3,0,3.5
2022-07-15 12:20:11,0,0,7,0,0,86.75,2.75,0.25,2.25
2022-07-15 12:20:10,0,0,14.676617,0.4975124,0,80.84577,3.233831,0.2487562,0.4975124
2022-07-15 12:20:09,0,0,6.733167,0.2493766,0,81.29676,2.244389,0.2493766,7.481297
2022-07-15 12:20:08,0,0,7.462687,0.4975124,0,83.08458,2.736318,0.2487562,4.975124
2022-07-15 12:20:07,0,0,6.947891,0.4962779,0,79.90074,3.473945,0.248139,7.444169
2022-07-15 12:20:06,0,0,3.731343,0.2487562,0,90.29851,1.741294,0,2.985075
2022-07-15 12:20:05,0,0,10.224439,0.4987531,0,86.28429,2.244389,0.4987531,0
2022-07-15 12:20:04,0,0,11.809045,0.2512563,0,83.66834,2.763819,0,0.2512563
2022-07-15 12:20:03,0,0,9.319899,0.5037783,0,88.16121,1.763224,0,0
2022-07-15 12:20:02,0,0,10.669975,0.248139,0,85.60794,2.977667,0,0
2022-07-15 12:20:01,0,0,10.526316,0.2506266,0,84.71178,3.258145,0.2506266,0.2506266
2022-07-15 12:20:00,0,0,11,0.25,0,85.5,2.25,0.25,0.25
2022-07-15 12:19:59,0,0,10.831234,0.2518892,0,84.13098,3.526448,0,0.5037783
2022-07-15 12:19:58,0,0,10.025063,0.2506266,0,86.96742,2.255639,0.2506266,0
2022-07-15 12:19:57,0,0,11.221945,0,0,85.78554,2.244389,0.2493766,0
2022-07-15 12:19:56,0,0,10.275689,0.2506266,0,86.71679,2.005013,0.2506266,0.2506266
2022-07-15 12:19:55,0,0,10.5,0,0,86,2.25,0.25,0.25
2022-07-15 12:19:54,0,0,9.75,0.75,0,87,1.75,0.25,0
2022-07-15 12:19:53,0,0,11.055276,0.5025126,0,85.92965,2.261307,0,0
2022-07-15 12:19:52,0,0,11.306533,0,0,84.17085,3.266332,0.2512563,0.5025126
2022-07-15 12:19:51,0,0,9.296482,0,0,87.18593,2.01005,0.2512563,0
2022-07-15 12:19:50,0,0,10.669975,0.248139,0,85.60794,2.729529,0,0
2022-07-15 12:19:49,0,0,10.80402,0.5025126,0,84.92462,2.763819,0.2512563,0
2022-07-15 12:19:48,0,0,10.050251,0.5025126,0,86.1809,2.261307,0.2512563,0.2512563
2022-07-15 12:19:47,0,0,12.280702,0.7518797,0,81.70426,4.010025,0,0.5012531
2022-07-15 12:19:46,0,0,9.701493,0.2487562,0,87.56219,1.99005,0.2487562,0
2022-07-15 12:19:45,0,0,10.075567,0.5037783,0,85.64232,2.518892,0,0.2518892
2022-07-15 12:19:44,0,0,14.46384,0.2493766,0,81.54613,2.992519,0.2493766,0.2493766
2022-07-15 12:19:43,0,0,8.706468,0.7462687,0,80.84577,2.736318,0.2487562,4.477612
2022-07-15 12:19:42,0,0,3.482587,0.9950249,0,73.13433,2.238806,0.4975124,15.422886
2022-07-15 12:19:41,0,0,5.665025,0.7389163,0,76.84729,2.216749,0.2463054,11.083744
2022-07-15 12:19:40,0,0,5.513784,0.2506266,0,81.45363,2.506266,0,7.26817
2022-07-15 12:19:39,0,0,9.653465,0.4950495,0,82.42574,2.970297,0.2475248,3.712871
2022-07-15 12:19:38,0,0,6.218905,0.4975124,0,81.59204,2.736318,0.2487562,6.467662
2022-07-15 12:19:37,0,0,4.962779,0.248139,0,80.39702,1.736973,0.248139,9.181141
2022-07-15 12:19:36,0,0,7.537688,0.5025126,0,88.19095,1.758794,0.2512563,1.2562814
2022-07-15 12:19:35,0,0,8.684864,0.4962779,0,87.09677,1.4888337,0.248139,1.736973
2022-07-15 12:19:34,0,0,9.25,0.25,0,86.5,2,0.25,1.25
2022-07-15 12:19:33,0,0,7.711443,0.2487562,0,87.06468,1.99005,0,2.487562
2022-07-15 12:19:32,0,0,7.730673,0.2493766,0,86.03491,2.493766,0.2493766,2.743142
2022-07-15 12:19:31,0,0,8.478803,0.2493766,0,85.53616,1.995012,0.2493766,2.743142
2022-07-15 12:19:30,0,0,10.918114,0.248139,0,86.35236,1.985112,0,0
2022-07-15 12:19:29,0,0,10.075567,0,0,84.63476,3.778338,0.2518892,0.5037783
2022-07-15 12:19:28,0,0,9.725686,0.2493766,0,86.78304,2.743142,0.2493766,0
2022-07-15 12:19:27,0,0,11.027569,0.2506266,0,86.46617,2.005013,0,0
2022-07-15 12:19:26,0,0,10.173697,0.7444169,0,86.6005,1.985112,0.248139,0
2022-07-15 12:19:25,0,0,10.776942,0.2506266,0,85.96491,2.506266,0,0
2022-07-15 12:19:24,0,0,11.75,0,0,85.75,2,0.25,0.25
2022-07-15 12:19:23,0,0,12.935323,0.2487562,0,80.34826,3.233831,0.4975124,1.99005
2022-07-15 12:19:22,0,0,9.20398,0.4975124,0,83.83085,2.985075,0,2.487562
2022-07-15 12:19:21,0,0,6.947891,0.248139,0,84.61538,2.233251,0.248139,3.970223
2022-07-15 12:19:20,0,0,7.19603,0.248139,0,89.08189,1.985112,0.248139,0.4962779
2022-07-15 12:19:19,0,0,9.296482,0.2512563,0,85.92965,3.517588,0.2512563,0
2022-07-15 12:19:18,0,0,10.669975,0.248139,0,85.60794,2.48139,0.248139,0.248139
2022-07-15 12:19:17,0,0,9.620253,0,0,87.8481,2.025316,0,0
2022-07-15 12:19:16,0,0,9.975062,0.2493766,0,86.78304,2.244389,0.2493766,0.2493766
2022-07-15 12:19:15,0,0,10.972569,0.2493766,0,86.53367,1.995012,0,0
2022-07-15 12:19:14,0,0,10.526316,0,0,86.46617,2.255639,0.2506266,0
2022-07-15 12:19:13,0,0,10.526316,0.5012531,0,85.71429,2.756892,0.2506266,0
2022-07-15 12:19:12,0,0,11.221945,0.2493766,0,84.78803,2.992519,0,0.2493766
2022-07-15 12:19:11,0,0,10.447761,0.2487562,0,85.07463,2.736318,0.2487562,0.4975124
2022-07-15 12:19:10,0,0,12.060302,0.7537688,0,82.91457,3.266332,0,0.2512563
2022-07-15 12:19:09,0,0,10.5,0.5,0,81,3,0.5,3.25
2022-07-15 12:19:08,0,0,8.168317,0.2475248,0,81.68317,2.970297,0.2475248,4.207921
2022-07-15 12:19:07,0,0,4.962779,0.7444169,0,79.15633,2.729529,0,10.421836
2022-07-15 12:19:06,0,0,4.962779,0.248139,0,89.8263,1.985112,0,1.985112
2022-07-15 12:19:05,0,0,9.75,0.25,0,87,2.75,0.25,0
2022-07-15 12:19:04,0,0,10.224439,0.2493766,0,86.78304,2.244389,0,0
2022-07-15 12:19:03,0,0,10.669975,0.248139,0,85.11166,2.48139,0.248139,0.248139
2022-07-15 12:19:02,0,0,10.526316,0,0,87.21805,2.005013,0,0
2022-07-15 12:19:01,0,0,16.666667,0.4975124,0,78.85572,3.233831,0,0.4975124
2022-07-15 12:19:00,0,0,6.015038,0,0,86.71679,2.255639,0.2506266,2.506266
2022-07-15 12:18:59,0,0,8.208955,0.4975124,0,85.32338,2.238806,0.2487562,2.736318
2022-07-15 12:18:58,0,0,11.166253,0.4962779,0,80.39702,3.722084,0,3.225806
2022-07-15 12:18:57,0,0,7.692308,0.4962779,0,79.90074,3.473945,0.248139,7.692308
2022-07-15 12:18:56,0,0,7.901235,0.7407407,0,83.95062,2.222222,0.4938272,3.209877
2022-07-15 12:18:55,0,0,5.693069,0.7425743,0,75.9901,2.475248,0.4950495,10.891089
2022-07-15 12:18:54,0,0,5.159705,0.982801,0,81.57248,2.211302,0.2457002,7.125307
2022-07-15 12:18:53,0,0,10,0.5,0,84.75,3,0.25,1.25
2022-07-15 12:18:52,0,0,8.5,0.5,0,86,2.75,0.25,1.5
2022-07-15 12:18:51,0,0,8.457711,0.2487562,0,82.33831,3.233831,0.2487562,3.9801
2022-07-15 12:18:50,0,0,4.25,0.25,0,90,2.25,0,3
2022-07-15 12:18:49,0,0,14.676617,0,0,81.59204,3.233831,0.2487562,0.2487562
2022-07-15 12:18:48,0,0,7.518797,0.2506266,0,87.7193,1.754386,0.2506266,1.754386
2022-07-15 12:18:47,0,0,7.960199,0.4975124,0,83.33333,2.487562,0.2487562,4.726368
2022-07-15 12:18:46,0,0,7.462687,0.4975124,0,87.31343,1.741294,0.2487562,2.238806
2022-07-15 12:18:45,0,0,8.607595,0,0,88.35443,2.025316,0,0.2531646
2022-07-15 12:18:44,0,0,10.275689,0.5012531,0,84.46115,3.258145,0,0.7518797
2022-07-15 12:18:43,0,0,11.027569,0.5012531,0,84.46115,2.756892,0.5012531,0.5012531
2022-07-15 12:18:42,0,0,9.476309,0,0,88.52868,1.4962594,0.2493766,0
2022-07-15 12:18:41,0,0,10.275689,0.7518797,0,85.96491,2.005013,0.2506266,0.2506266
2022-07-15 12:18:40,0,0,10.025063,0.5012531,0,85.96491,2.756892,0,0
2022-07-15 12:18:39,0,0,10.473815,0.2493766,0,85.28678,2.992519,0.2493766,0.2493766
2022-07-15 12:18:38,0,0,10.25,0.25,0,86.5,2.75,0,0
2022-07-15 12:18:37,0,0,10.723192,0.4987531,0,85.78554,2.493766,0.2493766,0
2022-07-15 12:18:36,0,0,9.774436,0,0,85.71429,3.759398,0.2506266,0.2506266
2022-07-15 12:18:35,0,0,11.779449,0.2506266,0,84.71178,2.255639,0.2506266,0.2506266
2022-07-15 12:18:34,0,0,9.677419,0.248139,0,87.59305,1.985112,0,0
2022-07-15 12:18:33,0,0,9.25,0.25,0,86,3.25,0.25,0.5
2022-07-15 12:18:32,0,0,10.075567,0,0,86.90176,2.518892,0,0
2022-07-15 12:18:31,0,0,9.296482,0,0,83.9196,2.763819,0.2512563,2.763819
2022-07-15 12:18:30,0,0,9.25,0.25,0,87.5,2.5,0.25,0
2022-07-15 12:18:29,0,0,10.473815,0.2493766,0,86.28429,1.995012,0.2493766,0.2493766
2022-07-15 12:18:28,0,0,10.473815,0.2493766,0,85.03741,3.241895,0.2493766,0.2493766
2022-07-15 12:18:27,0,0,10.301508,0.2512563,0,86.1809,2.763819,0.2512563,0
2022-07-15 12:18:26,0,0,10.447761,0.2487562,0,86.06965,2.487562,0.4975124,0
2022-07-15 12:18:25,0,0,10.473815,0.2493766,0,85.53616,2.743142,0.2493766,0.2493766
2022-07-15 12:18:24,0,0,11.055276,0.5025126,0,85.67839,2.261307,0.2512563,0
2022-07-15 12:18:23,0,0,10.80402,0.5025126,0,84.92462,2.261307,0.2512563,0.5025126
2022-07-15 12:18:22,0,0,12.342569,0,0,84.38287,2.770781,0,0.2518892
2022-07-15 12:18:21,0,0,7.481297,0.2493766,0,85.53616,2.244389,0.2493766,3.740648
2022-07-15 12:18:20,0,0,7.788945,0.5025126,0,86.1809,2.261307,0,2.512563
2022-07-15 12:18:19,0,0,10.972569,0,0,85.53616,2.493766,0.2493766,0.2493766
2022-07-15 12:18:18,0,0,8.977556,0,0,88.77805,1.4962594,0.2493766,0.2493766
2022-07-15 12:18:17,0,0,10.224439,0.4987531,0,86.03491,2.493766,0.2493766,0.2493766
2022-07-15 12:18:16,0,0,10.25,0,0,87,2,0.25,0.25
2022-07-15 12:18:15,0,0,10.473815,0.7481297,0,85.03741,2.743142,0.2493766,0.2493766
2022-07-15 12:18:14,0,0,10.406091,0,0,86.54822,2.538071,0.2538071,0
2022-07-15 12:18:13,0,0,10.643564,0.2475248,0,85.14851,2.970297,0.2475248,0.2475248
2022-07-15 12:18:12,0,0,11.616162,0,0,86.11111,2.020202,0.2525253,0
2022-07-15 12:18:11,0,0,9.25,0,0,87.25,2,0.25,0.75
2022-07-15 12:18:10,0,0,9.405941,0.2475248,0,86.13861,1.732673,0.7425743,0.990099
2022-07-15 12:18:09,0,0,11.5,0,0,86.25,1.75,0,0.25
2022-07-15 12:18:08,0,0,8.521303,0.2506266,0,86.71679,1.754386,0.2506266,2.255639
2022-07-15 12:18:07,0,0,11.19403,0.2487562,0,84.82587,2.487562,0.2487562,0.4975124
2022-07-15 12:18:06,0,0,13.25,0.25,0,82.25,2.75,0.5,1
2022-07-15 12:18:05,0,0,6.699752,0,0,88.08933,2.48139,0,2.48139
2022-07-15 12:18:04,0,0,7.788945,0.2512563,0,88.44221,2.01005,0.5025126,0.5025126
2022-07-15 12:18:03,0,0,10.526316,0.2506266,0,86.71679,2.255639,0,0
2022-07-15 12:18:02,0,0,11.414392,0.248139,0,84.61538,2.48139,0.7444169,0.248139
2022-07-15 12:18:01,0,0,15,0.5,0,80.5,3.25,0.25,0.25
2022-07-15 12:18:00,0,0,6.218905,0.4975124,0,80.59701,2.736318,0.2487562,7.462687
2022-07-15 12:17:59,0,0,7.730673,0.2493766,0,83.04239,3.241895,0.2493766,3.990025
2022-07-15 12:17:58,0,0,5.721393,0.2487562,0,86.56716,2.238806,0,3.9801
2022-07-15 12:17:57,0,0,8.521303,0.2506266,0,88.7218,1.754386,0.2506266,0.2506266
2022-07-15 12:17:56,0,0,8.521303,0.2506266,0,87.46867,2.756892,0,0.5012531
2022-07-15 12:17:55,0,0,9.5,0.25,0,86.75,2.5,0.25,0.25
2022-07-15 12:17:54,0,0,10.075567,0,0,87.40554,1.763224,0.2518892,0.2518892
2022-07-15 12:17:53,0,0,10.25,0,0,86.75,2,0.25,0.25
2022-07-15 12:17:52,0,0,15.671642,0.4975124,0,79.10448,3.9801,0.2487562,0.2487562
2022-07-15 12:17:51,0,0,7,0.5,0,85.75,2,0,3.25
2022-07-15 12:17:50,0,0,7.730673,0.4987531,0,85.28678,3.241895,0.2493766,2.743142
2022-07-15 12:17:49,0,0,10.421836,0.248139,0,84.36725,2.48139,0.248139,1.736973
2022-07-15 12:17:48,0,0,8.128079,0.4926108,0,80.54187,3.448276,0.4926108,5.418719
2022-07-15 12:17:47,0,0,3.015075,0.7537688,0,69.84925,2.01005,0,17.33668
2022-07-15 12:17:46,0,0,4.926108,0.9852217,0,79.31034,2.216749,0.2463054,7.635468
2022-07-15 12:17:45,0,0,7.98005,0,0,84.0399,6.982544,0.2493766,0.2493766
2022-07-15 12:17:44,0,0,7.75,0.75,0,87,1.5,0.25,2
2022-07-15 12:17:43,0,0,8.25,0.5,0,87.25,2.5,0.25,0.5
2022-07-15 12:17:42,0,0,10.025063,0.2506266,0,86.46617,2.756892,0.2506266,0
2022-07-15 12:17:41,0,0,10.5,0.5,0,86,2,0.25,0.25
2022-07-15 12:17:40,0,0,10.776942,0.2506266,0,86.46617,2.005013,0.2506266,0
2022-07-15 12:17:39,0,0,10,0.5,0,86,2.75,0,0.25
2022-07-15 12:17:38,0,0,10.025063,0.5012531,0,83.70927,4.511278,0.5012531,0.2506266
2022-07-15 12:17:37,0,0,10.945274,0,0,86.31841,1.99005,0.2487562,0.2487562
2022-07-15 12:17:36,0,0,12.219451,0.2493766,0,84.0399,2.244389,0.2493766,0.2493766
2022-07-15 12:17:35,0,0,7.75,0.5,0,89.25,1.75,0,0.25
2022-07-15 12:17:34,0,0,9.950249,0.4975124,0,86.06965,2.487562,0.2487562,0.2487562
2022-07-15 12:17:33,0,0,11.557789,0.2512563,0,85.42714,2.01005,0.2512563,0.2512563
2022-07-15 12:17:32,0,0,9.75,0.5,0,85,3.75,0,0
2022-07-15 12:17:31,0,0,8.75,0.25,0,86.25,3,0.25,0.25
2022-07-15 12:17:30,0,0,10.275689,0.2506266,0,85.96491,2.756892,0.2506266,0
2022-07-15 12:17:29,0,0,10.669975,0.248139,0,85.60794,2.233251,0.4962779,0.248139
2022-07-15 12:17:28,0,0,10.552764,0,0,87.43719,2.01005,0,0
2022-07-15 12:17:27,0,0,10.301508,0.5025126,0,85.42714,2.763819,0.2512563,0
2022-07-15 12:17:26,0,0,10.723192,0.4987531,0,86.28429,2.244389,0.2493766,0
2022-07-15 12:17:25,0,0,11.586902,0,0,85.89421,2.015113,0.2518892,0
2022-07-15 12:17:24,0,0,9.022556,0.5012531,0,87.46867,2.005013,0,0.2506266
2022-07-15 12:17:23,0,0,10.75,0,0,86.25,2.25,0,0.25
2022-07-15 12:17:22,0,0,9.25,0.25,0,86.75,2.75,0.5,0
2022-07-15 12:17:21,0,0,11.25,0.25,0,84.25,2.5,0.25,0.5
2022-07-15 12:17:20,0,0,10.327456,0.5037783,0,85.64232,2.267003,0.2518892,0.5037783
2022-07-15 12:17:19,0,0,8.72818,0.2493766,0,87.78055,2.244389,0.2493766,0
2022-07-15 12:17:18,0,0,10.5,0.5,0,86.5,1.75,0.25,0
2022-07-15 12:17:17,0,0,10.552764,0.2512563,0,86.43216,2.261307,0.2512563,0
2022-07-15 12:17:16,0,0,10.421836,0.4962779,0,85.3598,2.977667,0.248139,0
2022-07-15 12:17:15,0,0,10.552764,0,0,86.68342,2.261307,0.2512563,0
2022-07-15 12:17:14,0,0,15.037594,0.5012531,0,80.2005,3.007519,0.5012531,0.5012531
2022-07-15 12:17:13,0,0,9.725686,0.4987531,0,86.28429,2.743142,0,0.2493766
2022-07-15 12:17:12,0,0,9.158416,0.4950495,0,80.69307,3.465347,0.2475248,4.455446
2022-07-15 12:17:11,0,0,7.444169,0.4962779,0,83.37469,2.729529,0.248139,4.962779
2022-07-15 12:17:10,0,0,6.930693,0.2475248,0,86.88119,2.722772,0.2475248,1.732673
2022-07-15 12:17:09,0,0,8.72818,0.2493766,0,81.54613,3.241895,0,5.236908
2022-07-15 12:17:08,0,0,7.178218,0.7425743,0,80.69307,3.217822,0,5.940594
2022-07-15 12:17:07,0,0,7.75,0.5,0,83.25,3.75,0.5,3.25
2022-07-15 12:17:06,0,0,7.19603,0.4962779,0,85.11166,2.233251,0.248139,3.722084
2022-07-15 12:17:05,0,0,11.5,0.25,0,85,2.5,0.25,0.25
2022-07-15 12:17:04,0,0,7.19603,0.7444169,0,83.12655,2.729529,0.248139,4.218362
2022-07-15 12:17:03,0,0,7.537688,0.5025126,0,86.68342,2.763819,0,2.261307
2022-07-15 12:17:02,0,0,11.5,0.25,0,84.5,2.25,0.5,0.25
2022-07-15 12:17:01,0,0,9.925558,0.7444169,0,82.38213,2.729529,0.248139,3.473945
2022-07-15 12:17:00,0,0,6.234414,0.7481297,0,81.04738,1.995012,0.2493766,7.98005
2022-07-15 12:16:59,0,0,5.925926,0.9876543,0,83.45679,2.222222,0.2469136,5.925926
2022-07-15 12:16:58,0,0,8.542714,0.2512563,0,85.17588,2.261307,0.2512563,3.015075
2022-07-15 12:16:57,0,0,8.457711,0,0,86.06965,2.238806,0.4975124,1.99005
2022-07-15 12:16:56,0,0,9.319899,0.5037783,0,85.39043,3.526448,0,1.2594458
2022-07-15 12:16:55,0,0,7.654321,0.4938272,0,82.22222,3.703704,0.2469136,3.950617
2022-07-15 12:16:54,0,0,8.270677,0.2506266,0,83.45865,2.506266,0.2506266,4.511278
2022-07-15 12:16:53,0,0,8.478803,0,0,87.2818,2.743142,0.2493766,0.9975062
2022-07-15 12:16:52,0,0,8.75,0.5,0,87,2.75,0.25,0.25
2022-07-15 12:16:51,0,0,8.79397,0,0,86.1809,2.763819,0.2512563,1.758794
2022-07-15 12:16:50,0,0,8.208955,0.2487562,0,83.83085,3.9801,0.4975124,2.736318
2022-07-15 12:16:49,0,0,8.72818,0.4987531,0,80.29925,3.241895,0.4987531,5.486284
2022-07-15 12:16:48,0,0,7.481297,0.4987531,0,82.79302,2.493766,0.2493766,4.987531
2022-07-15 12:16:47,0,0,6.666667,0.2469136,0,82.96296,3.209877,0.2469136,5.925926
2022-07-15 12:16:46,0,0,7.178218,0.4950495,0,81.43564,2.970297,0,5.940594
2022-07-15 12:16:45,0,0,9.296482,0.5025126,0,83.9196,3.015075,0,2.261307
2022-07-15 12:16:44,0,0,7.19603,0.4962779,0,83.87097,2.977667,0.248139,4.466501
2022-07-15 12:16:43,0,0,6.188119,0.4950495,0,82.42574,2.722772,0.2475248,5.693069
2022-07-15 12:16:42,0,0,7.178218,0.2475248,0,83.66337,2.970297,0.2475248,5.19802
2022-07-15 12:16:41,0,0,7.769424,0.7518797,0,83.45865,3.258145,0.5012531,3.258145
2022-07-15 12:16:40,0,0,7.21393,0.4975124,0,84.0796,2.985075,0,3.731343
2022-07-15 12:16:39,0,0,8.663366,0.7425743,0,82.17822,2.722772,0.4950495,4.70297
2022-07-15 12:16:38,0,0,5.75,0.5,0,85.5,2,0.25,4.25
2022-07-15 12:16:37,0,0,7.481297,0.2493766,0,86.78304,3.241895,0.2493766,1.745636
2022-07-15 12:16:36,0,0,11.557789,0.2512563,0,82.41206,3.015075,0.2512563,2.01005
2022-07-15 12:16:35,0,0,5.940594,0.7425743,0,80.69307,2.722772,0.2475248,8.168317
2022-07-15 12:16:34,0,0,6.965174,0.2487562,0,83.08458,3.233831,0.2487562,4.726368
2022-07-15 12:16:33,0,0,7.462687,0.7462687,0,86.31841,1.741294,0.2487562,3.233831
2022-07-15 12:16:32,0,0,6.733167,0.2493766,0,87.2818,2.743142,0,2.493766
2022-07-15 12:16:31,0,0,7.518797,0.2506266,0,86.71679,2.255639,0.2506266,2.005013
2022-07-15 12:16:30,0,0,10.5,0.25,0,86,2.5,0.25,0.25
2022-07-15 12:16:29,0,0,10.5,0.25,0,86.5,2.5,0,0
2022-07-15 12:16:28,0,0,11.720698,0.2493766,0,83.54115,3.740648,0.2493766,0.2493766
2022-07-15 12:16:27,0,0,8.478803,0.4987531,0,88.02993,2.244389,0.2493766,0.2493766
2022-07-15 12:16:26,0,0,11.306533,0.5025126,0,84.42211,3.015075,0,0
2022-07-15 12:16:25,0,0,11.278195,0,0,84.71178,3.007519,0.2506266,0.5012531
2022-07-15 12:16:24,0,0,9.677419,0.4962779,0,85.11166,2.233251,0.248139,1.736973
2022-07-15 12:16:23,0,0,8.208955,0,0,86.31841,2.736318,0.2487562,1.741294
2022-07-15 12:16:22,0,0,8.75,0,0,88.25,2.25,0,0.25
2022-07-15 12:16:21,0,0,11.083123,0.2518892,0,85.13854,2.518892,0.2518892,0.2518892
2022-07-15 12:16:20,0,0,10.5,0.25,0,86.25,2,0,0.25
2022-07-15 12:16:19,0,0,12,0.25,0,84.5,2.75,0.25,0
2022-07-15 12:16:18,0,0,12.468828,0.4987531,0,81.79551,3.241895,0.2493766,1.4962594
2022-07-15 12:16:17,0,0,6.75,0.5,0,82.5,2.75,0,6.75
2022-07-15 12:16:16,0,0,8.977556,0.4987531,0,86.28429,1.995012,0,1.4962594
2022-07-15 12:16:15,0,0,7.25,0.5,0,86.5,2.75,0.25,1.75
2022-07-15 12:16:14,0,0,9.226933,0.4987531,0,86.03491,2.743142,0,0.9975062
2022-07-15 12:16:13,0,0,7.21393,0,0,88.80597,2.238806,0,1.4925373
2022-07-15 12:16:12,0,0,11.055276,0.5025126,0,84.42211,2.763819,0.5025126,0.2512563
2022-07-15 12:16:11,0,0,7.26817,0.2506266,0,88.7218,2.506266,0,0.5012531
2022-07-15 12:16:10,0,0,10.199005,0.2487562,0,86.06965,2.238806,0.2487562,0.2487562
2022-07-15 12:16:09,0,0,11.557789,0.5025126,0,83.9196,3.266332,0,0.5025126
2022-07-15 12:16:08,0,0,11.278195,0.2506266,0,85.96491,2.005013,0.2506266,0
2022-07-15 12:16:07,0,0,11.720698,0.2493766,0,83.29177,3.241895,0.2493766,0.2493766
2022-07-15 12:16:06,0,0,9.75,0.25,0,86,2.25,0,1.25
2022-07-15 12:16:05,0,0,8.457711,0.4975124,0,84.0796,1.4925373,0.4975124,4.477612
2022-07-15 12:16:04,0,0,6.733167,0.9975062,0,82.29426,2.244389,0,5.236908
2022-07-15 12:16:03,0,0,7.901235,0.4938272,0,83.95062,2.962963,0.4938272,2.962963
2022-07-15 12:16:02,0,0,7.035176,0.2512563,0,87.68844,2.261307,0.2512563,1.5075377
2022-07-15 12:16:01,0,0,6.75,0.5,0,84.75,2.75,0,3.75
2022-07-15 12:16:00,0,0,11.306533,0.5025126,0,84.92462,3.015075,0.2512563,0
2022-07-15 12:15:59,0,0,8.229426,0.2493766,0,86.78304,2.743142,0.2493766,0.9975062
2022-07-15 12:15:58,0,0,11.528822,0.2506266,0,85.46366,2.255639,0.2506266,0
2022-07-15 12:15:57,0,0,8.521303,0.2506266,0,88.22055,2.005013,0,0.2506266
2022-07-15 12:15:56,0,0,10.275689,0.2506266,0,86.71679,2.506266,0,0
2022-07-15 12:15:55,0,0,10.473815,0.4987531,0,84.78803,2.992519,0.2493766,0.2493766
2022-07-15 12:15:54,0,0,10.275689,0,0,86.46617,2.506266,0.2506266,0
2022-07-15 12:15:53,0,0,10.473815,0.2493766,0,85.53616,2.743142,0.2493766,0.2493766
2022-07-15 12:15:52,0,0,10.25,0,0,86.75,2.5,0.25,0
2022-07-15 12:15:51,0,0,10.39604,0.4950495,0,85.89109,1.980198,0.4950495,0
2022-07-15 12:15:50,0,0,10.606061,0.2525253,0,85.60606,3.030303,0,0
2022-07-15 12:15:49,0,0,11.5,0.5,0,84.5,2.5,0.25,0.5
2022-07-15 12:15:48,0,0,11,0.25,0,83.75,3.25,0.25,1
2022-07-15 12:15:47,0,0,7.960199,0.2487562,0,89.30348,1.741294,0.2487562,0
2022-07-15 12:15:46,0,0,11.5,0.5,0,84.5,2.5,0.25,0.25
2022-07-15 12:15:45,0,0,9,0,0,87.5,2.75,0.25,0
2022-07-15 12:15:44,0,0,9.975062,0.4987531,0,87.53117,1.2468828,0.2493766,0
2022-07-15 12:15:43,0,0,11,0.25,0,85.25,2.75,0.25,0.25
2022-07-15 12:15:42,0,0,10.80402,0.2512563,0,85.92965,2.512563,0,0
2022-07-15 12:15:41,0,0,10.526316,0.5012531,0,84.96241,2.506266,0.2506266,0.2506266
2022-07-15 12:15:40,0,0,10.224439,0.2493766,0,87.03242,1.995012,0.2493766,0
2022-07-15 12:15:39,0,0,10.526316,0,0,87.21805,1.5037594,0.2506266,0.2506266
2022-07-15 12:15:38,0,0,10.945274,0.2487562,0,86.06965,2.238806,0,0
2022-07-15 12:15:37,0,0,10.353535,0,0,84.59596,2.777778,0.2525253,1.2626263
2022-07-15 12:15:36,0,0,10,0.5,0,82.75,2.75,0.25,3
2022-07-15 12:15:35,0,0,7.23192,0.4987531,0,88.77805,2.493766,0.2493766,0.2493766
2022-07-15 12:15:34,0,0,11.166253,0.4962779,0,84.11911,2.729529,0.4962779,0.248139
2022-07-15 12:15:33,0,0,9.296482,0.2512563,0,87.9397,2.01005,0.2512563,0
2022-07-15 12:15:32,0,0,10.199005,0.7462687,0,86.06965,2.238806,0.2487562,0
2022-07-15 12:15:31,0,0,10.473815,0.4987531,0,85.28678,2.743142,0.2493766,0.2493766
2022-07-15 12:15:30,0,0,10.776942,0.2506266,0,85.46366,3.007519,0.2506266,0
2022-07-15 12:15:29,0,0,10.5,0.25,0,86,2.5,0.25,0
2022-07-15 12:15:28,0,0,10.473815,0.2493766,0,87.2818,1.745636,0,0
2022-07-15 12:15:27,0,0,10.275689,0,0,86.21554,2.506266,0.2506266,0.2506266
2022-07-15 12:15:26,0,0,11.779449,0,0,85.21303,2.756892,0.2506266,0
2022-07-15 12:15:25,0,0,9,0.25,0,86,2.75,0.25,0.5
2022-07-15 12:15:24,0,0,13.151365,0.4962779,0,81.63772,3.225806,0.248139,0.7444169
2022-07-15 12:15:23,0,0,7.286432,0,0,90.20101,2.01005,0.2512563,0
2022-07-15 12:15:22,0,0,11,0.5,0,84.5,3,0,0.25
2022-07-15 12:15:21,0,0,9.296482,0.2512563,0,84.92462,5.025126,0,0
2022-07-15 12:15:20,0,0,10.421836,0.248139,0,86.6005,2.233251,0,0.248139
2022-07-15 12:15:19,0,0,10.776942,0.2506266,0,85.71429,3.007519,0.2506266,0
2022-07-15 12:15:18,0,0,15.25,0,0,81,2.75,0.25,0.25
2022-07-15 12:15:17,0,0,5.25,0.75,0,86.25,1.5,0.25,4.25
2022-07-15 12:15:16,0,0,12.468828,0,0,84.28928,2.493766,0,0.4987531
2022-07-15 12:15:15,0,0,10.39604,0.990099,0,79.9505,3.465347,0.4950495,3.712871
2022-07-15 12:15:14,0,0,7.25,0,0,86.5,2,0.25,3
2022-07-15 12:15:13,0,0,9,0.25,0,85,3.25,0.5,1.5
2022-07-15 12:15:12,0,0,7.21393,0.7462687,0,86.31841,2.238806,0.4975124,1.2437811
2022-07-15 12:15:11,0,0,9.319899,0.2518892,0,87.15365,2.267003,0,0.2518892
2022-07-15 12:15:10,0,0,10.723192,0.2493766,0,85.28678,2.493766,0.2493766,0.2493766
2022-07-15 12:15:09,0,0,9.476309,0.2493766,0,87.53117,1.745636,0,0.2493766
2022-07-15 12:15:08,0,0,10.5,0.25,0,86.25,2.25,0.25,0.25
2022-07-15 12:15:07,0,0,10.526316,0.2506266,0,86.96742,2.005013,0,0
2022-07-15 12:15:06,0,0,10.473815,0.2493766,0,85.78554,2.493766,0.2493766,0.2493766
2022-07-15 12:15:05,0,0,10.5,0.25,0,85.5,3,0.25,0
2022-07-15 12:15:04,0,0,10.776942,0.2506266,0,86.46617,1.754386,0.2506266,0
2022-07-15 12:15:03,0,0,10.5,0.25,0,86.75,1.75,0.25,0.25
2022-07-15 12:15:02,0,0,11.221945,0,0,85.28678,2.743142,0.2493766,0
2022-07-15 12:15:01,0,0,12.189055,0.2487562,0,82.33831,3.233831,0.2487562,0.7462687
2022-07-15 12:15:00,0,0,6.030151,0.2512563,0,87.18593,1.758794,0,2.763819
2022-07-15 12:14:59,0,0,10.552764,0.2512563,0,86.43216,2.01005,0,0.2512563
2022-07-15 12:14:58,0,0,9.677419,0.4962779,0,86.10422,2.48139,0.248139,0.248139
2022-07-15 12:14:57,0,0,9.798995,0.2512563,0,86.43216,2.763819,0,0
2022-07-15 12:14:56,0,0,10.669975,0.4962779,0,85.60794,2.233251,0.248139,0.248139
2022-07-15 12:14:55,0,0,10,0,0,88,1.25,0.25,0
2022-07-15 12:14:54,0,0,10.75,0.5,0,85.25,2.5,0.25,0
2022-07-15 12:14:53,0,0,10.25,0.25,0,86.25,3,0,0
2022-07-15 12:14:52,0,0,10.552764,0.5025126,0,85.42714,2.512563,0.2512563,0.2512563
2022-07-15 12:14:51,0,0,12.25,0.25,0,82.75,3,0.5,0.25
2022-07-15 12:14:50,0,0,12.655087,0.248139,0,81.38958,2.729529,0.248139,2.233251
2022-07-15 12:14:49,0,0,7.711443,0.7462687,0,83.58209,1.99005,0.4975124,4.477612
2022-07-15 12:14:48,0,0,7.21393,0.4975124,0,86.31841,2.736318,0.2487562,1.99005
2022-07-15 12:14:47,0,0,9.75,0.5,0,82.75,3,0,3.25
2022-07-15 12:14:46,0,0,7.960199,0.4975124,0,84.0796,2.736318,0.4975124,2.985075
2022-07-15 12:14:45,0,0,5.25,0,0,89.25,2,0,3.25
2022-07-15 12:14:44,0,0,12.718204,0.4987531,0,82.04489,3.491272,0.4987531,0.4987531
2022-07-15 12:14:43,0,0,6.281407,0,0,84.92462,2.01005,0,4.522613
2022-07-15 12:14:42,0,0,8.395062,0.7407407,0,83.20988,2.716049,0.2469136,3.209877
2022-07-15 12:14:41,0,0,8.933002,0.248139,0,86.6005,1.985112,0.248139,1.4888337
2022-07-15 12:14:40,0,0,10.75,0.25,0,82.75,2.75,0.25,2.75
2022-07-15 12:14:39,0,0,7.75,0.25,0,84.75,2.25,0.5,3.5
2022-07-15 12:14:38,0,0,4.950495,0.4950495,0,80.19802,2.970297,0.2475248,7.920792
2022-07-15 12:14:37,0,0,7,0.75,0,83.75,2.25,0.25,5
2022-07-15 12:14:36,0,0,6.716418,0.9950249,0,85.57214,2.985075,0,2.487562
2022-07-15 12:14:35,0,0,7.692308,0.248139,0,88.08933,2.48139,0.248139,0.9925558
2022-07-15 12:14:34,0,0,7.518797,0.2506266,0,88.97243,1.754386,0.2506266,0.7518797
2022-07-15 12:14:33,0,0,10.224439,0.4987531,0,87.2818,1.4962594,0.2493766,0.2493766
2022-07-15 12:14:32,0,0,10.25,0.25,0,86.25,2,0.25,0
2022-07-15 12:14:31,0,0,10.473815,0.2493766,0,86.53367,1.745636,0.4987531,0.2493766
2022-07-15 12:14:30,0,0,10.526316,0,0,86.71679,2.005013,0.5012531,0
2022-07-15 12:14:29,0,0,10.526316,0.2506266,0,86.46617,2.506266,0,0
2022-07-15 12:14:28,0,0,10.696517,0.2487562,0,85.8209,1.99005,0.4975124,0.2487562
2022-07-15 12:14:27,0,0,10.275689,0.5012531,0,85.96491,2.255639,0.2506266,0.2506266
2022-07-15 12:14:26,0,0,10.473815,0.2493766,0,85.53616,2.992519,0,0.2493766
2022-07-15 12:14:25,0,0,15.136476,0.4962779,0,79.65261,2.729529,0.4962779,0.9925558
2022-07-15 12:14:24,0,0,6.483791,0.2493766,0,81.79551,2.743142,0.2493766,6.733167
2022-07-15 12:14:23,0,0,4.975124,0,0,89.801,1.741294,0.2487562,1.99005
2022-07-15 12:14:22,0,0,9.25,0.25,0,87.25,2,0.25,0.25
2022-07-15 12:14:21,0,0,10.606061,0.2525253,0,86.11111,2.272727,0,0
2022-07-15 12:14:20,0,0,10.473815,0.2493766,0,85.78554,2.493766,0.4987531,0.2493766
2022-07-15 12:14:19,0,0,10.723192,0,0,85.28678,3.241895,0,0.2493766
2022-07-15 12:14:18,0,0,10.473815,0.4987531,0,85.78554,2.493766,0.2493766,0
2022-07-15 12:14:17,0,0,10.301508,0,0,86.93467,2.01005,0.2512563,0.2512563
2022-07-15 12:14:16,0,0,11.720698,0.2493766,0,84.28928,2.493766,0.2493766,0.2493766
2022-07-15 12:14:15,0,0,9.06801,0.2518892,0,87.90932,2.267003,0.2518892,0
2022-07-15 12:14:14,0,0,12.406948,0.248139,0,84.11911,2.233251,0.248139,0.248139
2022-07-15 12:14:13,0,0,8.816121,0,0,88.91688,1.2594458,0,0.5037783
2022-07-15 12:14:12,0,0,11.557789,0.2512563,0,84.17085,2.261307,0.2512563,0.5025126
2022-07-15 12:14:11,0,0,9.5,0.5,0,87,2.25,0.25,0.25
2022-07-15 12:14:10,0,0,10,0,0,86.25,2,0.25,0.75
2022-07-15 12:14:09,0,0,10,0.5,0,87.25,2,0,0
2022-07-15 12:14:08,0,0,13.466334,0.2493766,0,82.54364,3.241895,0.2493766,0
2022-07-15 12:14:07,0,0,11.442786,0.4975124,0,82.33831,2.736318,0,1.741294
2022-07-15 12:14:06,0,0,8.478803,0,0,83.29177,2.992519,0.2493766,3.740648
2022-07-15 12:14:05,0,0,7.5,0.5,0,84.25,2,0.25,4.75
2022-07-15 12:14:04,0,0,4.889976,1.2224939,0,76.28362,3.178484,0.2444988,10.268949
2022-07-15 12:14:03,0,0,6.483791,0.4987531,0,82.54364,1.995012,0.2493766,3.990025
2022-07-15 12:14:02,0,0,8.208955,0.2487562,0,83.33333,2.985075,0.2487562,3.9801
2022-07-15 12:14:01,0,0,6.451613,0.4962779,0,84.11911,2.48139,0,5.210918
2022-07-15 12:14:00,0,0,8.521303,0.5012531,0,83.70927,2.756892,0.2506266,3.759398
2022-07-15 12:13:59,0,0,7.160494,0.2469136,0,88.64198,2.222222,0.2469136,0.9876543
2022-07-15 12:13:58,0,0,8.75,0.5,0,81.25,2.75,0,6.5
2022-07-15 12:13:57,0,0,8.955224,0.2487562,0,86.06965,2.238806,0.2487562,1.4925373
2022-07-15 12:13:56,0,0,8.457711,0.4975124,0,83.58209,2.985075,0.2487562,3.9801
2022-07-15 12:13:55,0,0,8.72818,0.4987531,0,84.53865,1.745636,0.2493766,3.241895
2022-07-15 12:13:54,0,0,7.75,0.5,0,86.25,2.25,0,2.25
2022-07-15 12:13:53,0,0,6.234414,0,0,90.52369,1.745636,0.2493766,0.9975062
2022-07-15 12:13:52,0,0,9.022556,0.2506266,0,86.96742,2.255639,0.5012531,0.5012531
2022-07-15 12:13:51,0,0,11.779449,0,0,85.21303,2.506266,0,0
2022-07-15 12:13:50,0,0,9.52381,0.5012531,0,85.46366,1.754386,0.5012531,1.754386
2022-07-15 12:13:49,0,0,10.224439,0.2493766,0,87.2818,1.4962594,0.2493766,0
2022-07-15 12:13:48,0,0,9.022556,0.5012531,0,86.96742,2.255639,0.2506266,0.5012531
2022-07-15 12:13:47,0,0,10.723192,0.7481297,0,85.78554,2.244389,0.2493766,0
2022-07-15 12:13:46,0,0,11.138614,0.4950495,0,84.15842,2.475248,0,0.990099
2022-07-15 12:13:45,0,0,9.273183,0.2506266,0,87.46867,1.754386,0.5012531,0
2022-07-15 12:13:44,0,0,10.75,0.5,0,85.75,2.25,0.25,0
2022-07-15 12:13:43,0,0,10.327456,0,0,86.64987,2.015113,0.2518892,0.2518892
2022-07-15 12:13:42,0,0,11.027569,0.2506266,0,85.96491,2.506266,0.2506266,0
2022-07-15 12:13:41,0,0,11.720698,0.4987531,0,84.28928,2.493766,0,0.2493766
2022-07-15 12:13:40,0,0,8.75,0,0,87.25,2.5,0.25,0.25
2022-07-15 12:13:39,0,0,11.471322,0.7481297,0,84.0399,2.493766,0.2493766,0.4987531
2022-07-15 12:13:38,0,0,9.798995,0.2512563,0,86.93467,2.261307,0,0.5025126
2022-07-15 12:13:37,0,0,11.5,0.25,0,85.5,2.25,0,0.25
2022-07-15 12:13:36,0,0,8.79397,0,0,87.9397,2.01005,0.2512563,0.2512563
2022-07-15 12:13:35,0,0,10.75,0.25,0,85.75,2.75,0.25,0
2022-07-15 12:13:34,0,0,10.776942,0.2506266,0,82.95739,3.508772,0.2506266,0.7518797
2022-07-15 12:13:33,0,0,9.452736,0.2487562,0,87.56219,2.736318,0,0
2022-07-15 12:13:32,0,0,10.552764,0.7537688,0,84.92462,2.763819,0.2512563,0.2512563
2022-07-15 12:13:31,0,0,10.5,0.25,0,86.75,1.75,0,0
2022-07-15 12:13:30,0,0,13.613861,0.4950495,0,82.92079,2.227723,0.2475248,0.4950495
2022-07-15 12:13:29,0,0,7,0.5,0,84.75,2.5,0.25,4.75
2022-07-15 12:13:28,0,0,10.199005,0.4975124,0,84.32836,3.233831,0.2487562,0.4975124
2022-07-15 12:13:27,0,0,12.967581,0.4987531,0,81.54613,3.241895,0,1.2468828
2022-07-15 12:13:26,0,0,9,0.25,0,86.25,2.25,0,2
2022-07-15 12:13:25,0,0,6.947891,0.248139,0,86.6005,1.736973,0,3.970223
2022-07-15 12:13:24,0,0,8.270677,0.2506266,0,86.46617,3.007519,0.2506266,1.0025063
2022-07-15 12:13:23,0,0,7.425743,0.2475248,0,86.38614,1.980198,0.4950495,2.722772
2022-07-15 12:13:22,0,0,8.77193,0.2506266,0,86.46617,2.255639,0,1.0025063
2022-07-15 12:13:21,0,0,10.606061,0,0,86.36364,2.020202,0.2525253,0.2525253
2022-07-15 12:13:20,0,0,14.713217,0.2493766,0,81.29676,2.992519,0.2493766,0.2493766
2022-07-15 12:13:19,0,0,7.425743,0.7425743,0,80.44554,2.722772,0.2475248,7.920792
2022-07-15 12:13:18,0,0,5.808081,0,0,90.40404,1.767677,0.5050505,0.7575758
2022-07-15 12:13:17,0,0,13.216958,0,0,82.79302,3.491272,0,0.2493766
2022-07-15 12:13:16,0,0,9.950249,0.7462687,0,82.33831,2.487562,0.2487562,3.731343
2022-07-15 12:13:15,0,0,6.965174,0.2487562,0,86.56716,1.99005,0.4975124,3.233831
2022-07-15 12:13:14,0,0,5.486284,0.4987531,0,86.78304,1.995012,0,4.239401
2022-07-15 12:13:13,0,0,8.542714,0.5025126,0,87.18593,2.512563,0.2512563,0.5025126
2022-07-15 12:13:12,0,0,10.945274,0.4975124,0,86.06965,1.99005,0.2487562,0
2022-07-15 12:13:11,0,0,11.528822,0.2506266,0,84.46115,2.005013,0.2506266,0.5012531
2022-07-15 12:13:10,0,0,9,0.25,0,88.25,2,0.25,0
2022-07-15 12:13:09,0,0,10,0.5,0,85.5,3,0.25,0.5
2022-07-15 12:13:08,0,0,10.831234,0,0,86.64987,1.763224,0.2518892,0.2518892
2022-07-15 12:13:07,0,0,12.189055,0.4975124,0,83.83085,2.736318,0,0.2487562
2022-07-15 12:13:06,0,0,12.280702,0.2506266,0,82.95739,2.255639,0,1.754386
2022-07-15 12:13:05,0,0,7.769424,0.2506266,0,88.7218,2.506266,0.2506266,0.2506266
2022-07-15 12:13:04,0,0,9.975062,0.2493766,0,86.03491,2.493766,0.2493766,0.7481297
2022-07-15 12:13:03,0,0,12.781955,0.2506266,0,82.70677,3.007519,0.2506266,0.7518797
2022-07-15 12:13:02,0,0,7.323232,0.2525253,0,89.64646,2.020202,0,0.2525253
2022-07-15 12:13:01,0,0,8.270677,0.2506266,0,86.21554,2.255639,0,2.255639
2022-07-15 12:13:00,0,0,10.972569,0.4987531,0,84.78803,2.992519,0,0.2493766
2022-07-15 12:12:59,0,0,11.586902,0,0,85.13854,2.770781,0.2518892,0
2022-07-15 12:12:58,0,0,9.701493,0.4975124,0,87.06468,1.99005,0.2487562,0
2022-07-15 12:12:57,0,0,10.327456,0.7556675,0,86.90176,1.763224,0,0
2022-07-15 12:12:56,0,0,10.723192,0.2493766,0,85.53616,2.493766,0.2493766,0.2493766
2022-07-15 12:12:55,0,0,10.447761,0.2487562,0,86.81592,1.99005,0.2487562,0
2022-07-15 12:12:54,0,0,10.831234,0.2518892,0,84.63476,3.526448,0,0.2518892
2022-07-15 12:12:53,0,0,14.035088,0.5012531,0,81.95489,3.258145,0,0
2022-07-15 12:12:52,0,0,7.444169,0.4962779,0,84.86352,2.233251,0.248139,3.473945
2022-07-15 12:12:51,0,0,8,0.25,0,85.5,2.75,0,3.25
2022-07-15 12:12:50,0,0,9.452736,0.2487562,0,81.8408,3.233831,0,3.9801
2022-07-15 12:12:49,0,0,8.77193,0,0,88.97243,1.754386,0.5012531,0
2022-07-15 12:12:48,0,0,10.776942,0.2506266,0,86.21554,2.005013,0.2506266,0
2022-07-15 12:12:47,0,0,11,0.5,0,84.5,3,0.25,0.25
2022-07-15 12:12:46,0,0,9.653465,0.4950495,0,86.13861,2.475248,0.4950495,0.2475248
2022-07-15 12:12:45,0,0,10.552764,0,0,84.92462,4.020101,0.2512563,0
2022-07-15 12:12:44,0,0,10.473815,0.2493766,0,86.78304,1.995012,0.2493766,0
2022-07-15 12:12:43,0,0,10.552764,0.2512563,0,86.1809,2.261307,0.2512563,0.2512563
2022-07-15 12:12:42,0,0,10.473815,0.2493766,0,86.53367,1.995012,0.2493766,0
2022-07-15 12:12:41,0,0,12.280702,0.2506266,0,82.95739,3.258145,0.2506266,0.5012531
2022-07-15 12:12:40,0,0,9.022556,0.7518797,0,84.21053,1.754386,0.2506266,3.508772
2022-07-15 12:12:39,0,0,12.189055,0.2487562,0,83.33333,2.736318,0.2487562,0.7462687
2022-07-15 12:12:38,0,0,7.21393,0.4975124,0,86.31841,1.99005,0.2487562,2.985075
2022-07-15 12:12:37,0,0,11.25,0.25,0,79.75,4,0.25,3.75
2022-07-15 12:12:36,0,0,3.722084,0.4962779,0,68.73449,2.233251,0.4962779,16.87345
2022-07-15 12:12:35,0,0,7.711443,0.7462687,0,84.0796,2.487562,0.2487562,3.482587
2022-07-15 12:12:34,0,0,4.938272,0.9876543,0,77.28395,1.728395,0.4938272,11.358025
2022-07-15 12:12:33,0,0,6.801008,0.2518892,0,88.4131,1.511335,0,2.518892
2022-07-15 12:12:32,0,0,10.891089,0.4950495,0,83.16832,2.722772,0,2.475248
2022-07-15 12:12:31,0,0,6.04534,0.2518892,0,84.38287,1.763224,0.2518892,5.793451
2022-07-15 12:12:30,0,0,8.641975,0.4938272,0,82.96296,2.962963,0,2.962963
2022-07-15 12:12:29,0,0,6.716418,0.2487562,0,83.08458,2.736318,0,5.970149
2022-07-15 12:12:28,0,0,7.481297,0.4987531,0,85.03741,1.995012,0,3.990025
2022-07-15 12:12:27,0,0,8,0,0,85.75,2.5,0.25,2.75
2022-07-15 12:12:26,0,0,9.42928,0,0,86.35236,1.736973,0.248139,1.736973
2022-07-15 12:12:25,0,0,8.168317,0.7425743,0,82.67327,2.475248,0.2475248,4.455446
2022-07-15 12:12:24,0,0,7.462687,0.7462687,0,82.58706,2.487562,0.2487562,4.975124
2022-07-15 12:12:23,0,0,7.940447,0.4962779,0,84.61538,2.233251,0,4.466501
2022-07-15 12:12:22,0,0,7.462687,0.7462687,0,83.08458,1.99005,0.2487562,5.721393
2022-07-15 12:12:21,0,0,6.265664,0.5012531,0,83.9599,2.255639,0,5.764411
2022-07-15 12:12:20,0,0,9.701493,0.2487562,0,85.57214,2.487562,0.4975124,1.2437811
2022-07-15 12:12:19,0,0,7.444169,0.4962779,0,82.63027,3.225806,0.248139,4.466501
2022-07-15 12:12:18,0,0,7.178218,0.7425743,0,80.44554,3.712871,0.2475248,6.188119
2022-07-15 12:12:17,0,0,7.481297,0.4987531,0,85.28678,1.4962594,0,4.239401
2022-07-15 12:12:16,0,0,6.733167,0.2493766,0,76.5586,2.992519,0.2493766,8.977556
2022-07-15 12:12:15,0,0,7.23192,0.2493766,0,85.28678,2.743142,0,2.992519
2022-07-15 12:12:14,0,0,7.75,0,0,88.75,2.25,0.25,0.5
2022-07-15 12:12:13,0,0,7.23192,0.7481297,0,84.0399,2.493766,0.2493766,3.990025
2022-07-15 12:12:12,0,0,8.79397,0.2512563,0,87.68844,1.758794,0.2512563,0.2512563
2022-07-15 12:12:11,0,0,10.224439,0.4987531,0,86.03491,2.493766,0.2493766,0
2022-07-15 12:12:10,0,0,10.275689,0,0,87.46867,1.754386,0,0.2506266
2022-07-15 12:12:09,0,0,11.5,0.25,0,84.75,3,0.25,0
2022-07-15 12:12:08,0,0,12.437811,0.2487562,0,81.8408,3.233831,0.2487562,1.4925373
2022-07-15 12:12:07,0,0,10.526316,0,0,85.21303,2.005013,0.2506266,2.005013
2022-07-15 12:12:06,0,0,6.75,0.75,0,85,2,0.25,4
2022-07-15 12:12:05,0,0,8.823529,0.9803922,0,80.14706,2.696078,0.245098,6.617647
2022-07-15 12:12:04,0,0,10,0.25,0,84.75,3,0,1.75
2022-07-15 12:12:03,0,0,6.666667,1.2345679,0,78.2716,2.222222,0.4938272,7.654321
2022-07-15 12:12:02,0,0,6.265664,0.7518797,0,80.45113,2.506266,0.2506266,7.26817
2022-07-15 12:12:01,0,0,9.158416,0.4950495,0,83.16832,3.217822,0.2475248,3.217822
2022-07-15 12:12:00,0,0,4.962779,0.4962779,0,88.33747,2.48139,0,3.225806
2022-07-15 12:11:59,0,0,10.5,0,0,86.25,2.5,0.25,0.25
2022-07-15 12:11:58,0,0,9.75,0.5,0,83.25,3,0,2.25
2022-07-15 12:11:57,0,0,7.481297,0.2493766,0,88.77805,2.244389,0.4987531,0.4987531
2022-07-15 12:11:56,0,0,10.552764,0.2512563,0,86.43216,2.512563,0,0
2022-07-15 12:11:55,0,0,10.696517,0.4975124,0,85.57214,2.238806,0.2487562,0.2487562
2022-07-15 12:11:54,0,0,10.5,0.25,0,86.5,1.75,0.25,0.25
2022-07-15 12:11:53,0,0,10.972569,0.4987531,0,84.28928,3.241895,0.2493766,0.2493766
2022-07-15 12:11:52,0,0,11.528822,0.2506266,0,84.71178,2.756892,0.2506266,0
2022-07-15 12:11:51,0,0,9.798995,0,0,84.92462,2.763819,0,1.758794
2022-07-15 12:11:50,0,0,11.278195,0.2506266,0,84.96241,3.007519,0.2506266,0
2022-07-15 12:11:49,0,0,8.188586,0.7444169,0,83.37469,2.48139,0.248139,3.970223
2022-07-15 12:11:48,0,0,9,0.75,0,86.25,2.75,0.25,0.75
2022-07-15 12:11:47,0,0,13.399504,0,0,81.38958,3.225806,0.248139,1.2406948
2022-07-15 12:11:46,0,0,6,0.75,0,87.75,1.75,0.25,3
2022-07-15 12:11:45,0,0,9.022556,0,0,88.47118,1.754386,0,0.2506266
2022-07-15 12:11:44,0,0,10.301508,0.2512563,0,86.68342,2.01005,0.2512563,0.2512563
2022-07-15 12:11:43,0,0,10.669975,0.248139,0,86.10422,1.985112,0.4962779,0
2022-07-15 12:11:42,0,0,10.301508,0.2512563,0,86.1809,3.015075,0,0
2022-07-15 12:11:41,0,0,12.75,0.5,0,81.75,3.5,0.25,0.5
2022-07-15 12:11:40,0,0,8.77193,0.2506266,0,87.7193,2.255639,0.5012531,0
2022-07-15 12:11:39,0,0,12.030075,0.2506266,0,83.45865,3.258145,0.2506266,0.5012531
2022-07-15 12:11:38,0,0,10.776942,0,0,84.71178,2.756892,0.2506266,0.7518797
2022-07-15 12:11:37,0,0,9.022556,0.2506266,0,86.96742,2.255639,0.2506266,0.2506266
2022-07-15 12:11:36,0,0,9.571788,0,0,86.90176,3.02267,0,0
2022-07-15 12:11:35,0,0,10.579345,0.2518892,0,85.64232,3.274559,0,0.2518892
2022-07-15 12:11:34,0,0,10.669975,0.4962779,0,85.60794,2.48139,0.248139,0
2022-07-15 12:11:33,0,0,10.5,0,0,87.25,1.5,0,0.5
2022-07-15 12:11:32,0,0,10.723192,0.4987531,0,86.03491,2.493766,0.2493766,0
2022-07-15 12:11:31,0,0,10.526316,0.2506266,0,85.21303,2.255639,0.2506266,0.5012531
2022-07-15 12:11:30,0,0,11,0.25,0,85.75,2.25,0.5,0
2022-07-15 12:11:29,0,0,11.306533,0,0,85.42714,2.261307,0.2512563,0.5025126
2022-07-15 12:11:28,0,0,10.275689,0,0,87.46867,1.754386,0.2506266,0
2022-07-15 12:11:27,0,0,11.442786,0.4975124,0,83.83085,2.985075,0.2487562,0.4975124
2022-07-15 12:11:26,0,0,10.25,0.25,0,84.25,4,0.25,0.75
2022-07-15 12:11:25,0,0,8.977556,0.4987531,0,87.53117,1.995012,0.2493766,0.2493766
2022-07-15 12:11:24,0,0,10,0.25,0,86.75,2.5,0.25,0
2022-07-15 12:11:23,0,0,11.221945,0.2493766,0,84.78803,2.743142,0,0.4987531
2022-07-15 12:11:22,0,0,10.776942,0,0,84.71178,3.258145,0.5012531,0.2506266
2022-07-15 12:11:21,0,0,10.75,0.25,0,85.25,2.75,0.25,0.25
2022-07-15 12:11:20,0,0,10.723192,0.4987531,0,84.53865,3.241895,0,0.2493766
2022-07-15 12:11:19,0,0,11,0.5,0,85.5,2.75,0.25,0
2022-07-15 12:11:18,0,0,10.80402,0,0,85.67839,3.266332,0,0
2022-07-15 12:11:17,0,0,11.720698,0.4987531,0,83.29177,3.241895,0.2493766,0.2493766
2022-07-15 12:11:16,0,0,10.224439,0.4987531,0,87.03242,1.995012,0,0.2493766
2022-07-15 12:11:15,0,0,10.776942,0,0,85.46366,2.506266,0.2506266,0.2506266
2022-07-15 12:11:14,0,0,10.945274,0.2487562,0,84.82587,2.487562,0.2487562,0.7462687
2022-07-15 12:11:13,0,0,7.462687,0.4975124,0,85.32338,1.99005,0.4975124,2.487562
2022-07-15 12:11:12,0,0,10.275689,0.2506266,0,87.21805,2.005013,0,0
2022-07-15 12:11:11,0,0,10.5,0,0,85.75,2.75,0.25,0.25
2022-07-15 12:11:10,0,0,10.831234,0.2518892,0,85.39043,2.770781,0,0.2518892
2022-07-15 12:11:09,0,0,10.473815,0.7481297,0,85.03741,3.241895,0.2493766,0
2022-07-15 12:11:08,0,0,10.891089,0.4950495,0,85.64356,1.732673,0.4950495,0.4950495
2022-07-15 12:11:07,0,0,11.528822,0.5012531,0,84.71178,2.756892,0,0
2022-07-15 12:11:06,0,0,11.5,0,0,82.5,3.5,0.25,1.75
2022-07-15 12:11:05,0,0,8.72818,0.2493766,0,88.2793,1.745636,0,0.4987531
2022-07-15 12:11:04,0,0,11.278195,0.2506266,0,84.21053,2.756892,0.5012531,0.5012531
2022-07-15 12:11:03,0,0,10.25,0.5,0,85.25,3,0,0.25
2022-07-15 12:11:02,0,0,9.045226,0.2512563,0,87.9397,2.261307,0.2512563,0
2022-07-15 12:11:01,0,0,10.669975,0.4962779,0,83.87097,2.48139,0,1.4888337
2022-07-15 12:11:00,0,0,13.25,0.25,0,83.5,2.5,0.25,0.25
2022-07-15 12:10:59,0,0,11.940299,0.2487562,0,82.08955,2.985075,0.2487562,1.741294
2022-07-15 12:10:58,0,0,8.02005,0.5012531,0,84.21053,3.508772,0,3.258145
2022-07-15 12:10:57,0,0,4.75,0.5,0,92.5,1.5,0.25,0.25
2022-07-15 12:10:56,0,0,10.526316,0.2506266,0,85.46366,3.007519,0,0
2022-07-15 12:10:55,0,0,11,0.25,0,84.5,3.75,0.25,0
2022-07-15 12:10:54,0,0,11.970075,0,0,85.53616,1.745636,0.2493766,0.2493766
2022-07-15 12:10:53,0,0,10.526316,0.2506266,0,84.71178,3.007519,0.2506266,0.5012531
2022-07-15 12:10:52,0,0,8.955224,0.4975124,0,86.81592,2.238806,0.2487562,0.4975124
2022-07-15 12:10:51,0,0,10.80402,0.2512563,0,84.67337,2.763819,0,0.5025126
2022-07-15 12:10:50,0,0,10.421836,0.7444169,0,85.85608,1.736973,0.248139,0.4962779
2022-07-15 12:10:49,0,0,9.476309,0,0,86.28429,2.244389,0.7481297,0.2493766
2022-07-15 12:10:48,0,0,10.25,0.5,0,86.75,1.75,0.25,0
2022-07-15 12:10:47,0,0,10.473815,0.2493766,0,86.53367,1.745636,0.2493766,0.2493766
2022-07-15 12:10:46,0,0,11.471322,0.2493766,0,85.28678,2.493766,0.2493766,0.2493766
2022-07-15 12:10:45,0,0,15,0.5,0,78,3.75,0.25,2
2022-07-15 12:10:44,0,0,3.990025,0.9975062,0,76.5586,2.244389,0.2493766,12.718204
2022-07-15 12:10:43,0,0,8.040201,0.5025126,0,85.92965,1.5075377,0,3.015075
2022-07-15 12:10:42,0,0,7,0.5,0,87.25,2.25,0.25,2
2022-07-15 12:10:41,0,0,8.977556,0.2493766,0,85.03741,3.740648,0,0.9975062
2022-07-15 12:10:40,0,0,10.75,0.25,0,86,1.75,0.25,0.25
2022-07-15 12:10:39,0,0,8.02005,0.5012531,0,87.21805,2.756892,0,1.0025063
2022-07-15 12:10:38,0,0,11,0.25,0,85.5,2.5,0.25,0
2022-07-15 12:10:37,0,0,8.838384,0,0,88.13131,2.272727,0.2525253,0.2525253
2022-07-15 12:10:36,0,0,10.39604,0.2475248,0,85.64356,2.970297,0.2475248,0.2475248
2022-07-15 12:10:35,0,0,10.25,0,0,86.25,2,0.5,0.25
2022-07-15 12:10:34,0,0,10.776942,0.2506266,0,86.46617,2.005013,0.2506266,0.2506266
2022-07-15 12:10:33,0,0,10.173697,0.248139,0,85.85608,2.48139,0.4962779,0.248139
2022-07-15 12:10:32,0,0,10.579345,0,0,86.90176,1.763224,0,0.2518892
2022-07-15 12:10:31,0,0,10.552764,0.2512563,0,86.1809,2.512563,0.2512563,0
2022-07-15 12:10:30,0,0,12,0.25,0,84.25,2.5,0.25,0.25
2022-07-15 12:10:29,0,0,14.536341,0.5012531,0,80.70175,2.255639,0,1.2531328
2022-07-15 12:10:28,0,0,7.407407,0.4938272,0,83.45679,3.209877,0.2469136,4.444444
2022-07-15 12:10:27,0,0,9.045226,0.5025126,0,83.41709,3.266332,0.5025126,2.512563
2022-07-15 12:10:26,0,0,8.02005,0,0,82.95739,3.258145,0.2506266,4.511278
2022-07-15 12:10:25,0,0,7.142857,0.4926108,0,83.25123,1.970443,0.2463054,5.665025
2022-07-15 12:10:24,0,0,8.188586,0.7444169,0,83.12655,2.729529,0.4962779,3.473945
2022-07-15 12:10:23,0,0,6.435644,0.7425743,0,82.17822,2.722772,0,5.940594
2022-07-15 12:10:22,0,0,6.947891,0.248139,0,83.37469,2.977667,0.4962779,4.71464
2022-07-15 12:10:21,0,0,9.5,0.5,0,84.5,2.5,0.25,1.5
2022-07-15 12:10:20,0,0,7.5,0.25,0,88.5,1.5,0.5,1.25
2022-07-15 12:10:19,0,0,8,0.25,0,87,2.75,0.5,1
2022-07-15 12:10:18,0,0,10.473815,0.2493766,0,84.78803,2.743142,0.2493766,0.9975062
2022-07-15 12:10:17,0,0,9.20398,0.9950249,0,83.08458,2.238806,0.2487562,3.233831
2022-07-15 12:10:16,0,0,7.425743,0.990099,0,81.93069,2.227723,0.2475248,5.445545
2022-07-15 12:10:15,0,0,7.481297,0.2493766,0,87.03242,1.995012,0,2.493766
2022-07-15 12:10:14,0,0,9.798995,0.2512563,0,87.18593,2.261307,0.2512563,0.2512563
2022-07-15 12:10:13,0,0,10.723192,0.2493766,0,82.79302,2.992519,0.2493766,2.493766
2022-07-15 12:10:12,0,0,6.435644,0.990099,0,83.91089,2.227723,0.2475248,5.19802
2022-07-15 12:10:11,0,0,8.977556,0.2493766,0,83.54115,2.493766,0.4987531,3.491272
2022-07-15 12:10:10,0,0,7.769424,0.5012531,0,83.45865,2.756892,0.2506266,4.260652
2022-07-15 12:10:09,0,0,7.98005,0.7481297,0,85.28678,2.244389,0.2493766,2.743142
2022-07-15 12:10:08,0,0,6.218905,0.4975124,0,88.0597,2.238806,0.2487562,1.741294
2022-07-15 12:10:07,0,0,10.473815,0.2493766,0,83.29177,2.743142,0,2.992519
2022-07-15 12:10:06,0,0,8.478803,0,0,81.29676,2.992519,0.4987531,6.234414
2022-07-15 12:10:05,0,0,8.374384,0.4926108,0,83.49754,3.20197,0.2463054,2.463054
2022-07-15 12:10:04,0,0,10,0.5,0,83,3,0.25,2.75
2022-07-15 12:10:03,0,0,6.25,0.25,0,84,2.75,0.25,4.25
2022-07-15 12:10:02,0,0,7.98005,0.4987531,0,85.28678,2.493766,0,3.241895
2022-07-15 12:10:01,0,0,8,0.25,0,85,3.75,0.25,2.25
2022-07-15 12:10:00,0,0,10.945274,0.2487562,0,85.07463,3.233831,0,0.2487562
2022-07-15 12:09:59,0,0,7,0.5,0,83.75,2.25,0.25,5.5
2022-07-15 12:09:58,0,0,9.52381,0.2506266,0,83.9599,4.511278,0.5012531,0.5012531
2022-07-15 12:09:57,0,0,8.888889,0.2469136,0,83.95062,2.716049,0.4938272,3.209877
2022-07-15 12:09:56,0,0,9.898477,0.2538071,0,84.26396,2.538071,0,2.538071
2022-07-15 12:09:55,0,0,6.451613,0,0,86.84864,2.233251,0.4962779,3.473945
2022-07-15 12:09:54,0,0,7.98005,0.4987531,0,87.03242,2.493766,0.4987531,0.7481297
2022-07-15 12:09:53,0,0,9.975062,0.4987531,0,86.28429,1.745636,0.2493766,0.4987531
2022-07-15 12:09:52,0,0,10.526316,0.5012531,0,85.71429,2.255639,0,0.2506266
2022-07-15 12:09:51,0,0,10.25,0.25,0,83.75,4.25,0.25,0
2022-07-15 12:09:50,0,0,9.725686,0.4987531,0,87.03242,1.745636,0.2493766,0
2022-07-15 12:09:49,0,0,10.25,0,0,86.5,2.5,0.25,0.25
2022-07-15 12:09:48,0,0,10.80402,0.2512563,0,84.92462,3.266332,0.2512563,0
2022-07-15 12:09:47,0,0,10.224439,0.2493766,0,86.03491,2.493766,0.4987531,0
2022-07-15 12:09:46,0,0,10.723192,0.4987531,0,85.78554,1.995012,0.2493766,0.2493766
2022-07-15 12:09:45,0,0,10.526316,0.5012531,0,86.21554,2.255639,0,0.2506266
2022-07-15 12:09:44,0,0,11.027569,0,0,85.71429,2.756892,0.2506266,0
2022-07-15 12:09:43,0,0,10.75,0.5,0,84.75,2.75,0.25,0.25
2022-07-15 12:09:42,0,0,9.950249,0.4975124,0,87.06468,1.2437811,0.2487562,0
2022-07-15 12:09:41,0,0,11.278195,0.5012531,0,83.45865,3.007519,0.2506266,0.7518797
2022-07-15 12:09:40,0,0,8.977556,0.2493766,0,86.78304,2.992519,0,0.2493766
2022-07-15 12:09:39,0,0,10.025063,0.5012531,0,85.21303,3.258145,0.2506266,0.2506266
2022-07-15 12:09:38,0,0,9.950249,0.2487562,0,86.31841,2.487562,0.2487562,0.2487562
2022-07-15 12:09:37,0,0,10.5,0,0,86.25,2.5,0.25,0
2022-07-15 12:09:36,0,0,10.723192,0.4987531,0,86.03491,1.995012,0.4987531,0
2022-07-15 12:09:35,0,0,10.5,0,0,85.75,3,0,0.25
2022-07-15 12:09:34,0,0,10.526316,0.5012531,0,86.96742,1.754386,0,0
2022-07-15 12:09:33,0,0,10.75,0.25,0,85.5,2.5,0.25,0
2022-07-15 12:09:32,0,0,10.776942,0.2506266,0,85.71429,2.756892,0,0
2022-07-15 12:09:31,0,0,11.720698,0.4987531,0,84.0399,2.493766,0.2493766,0.2493766
2022-07-15 12:09:30,0,0,9.975062,0.4987531,0,85.03741,3.740648,0.4987531,0
2022-07-15 12:09:29,0,0,11.027569,0.5012531,0,84.21053,3.258145,0,0.2506266
2022-07-15 12:09:28,0,0,10.025063,0.5012531,0,86.21554,2.255639,0.2506266,0.2506266
2022-07-15 12:09:27,0,0,9.75,0.25,0,86.75,1.5,0.5,0.5
2022-07-15 12:09:26,0,0,10.025063,0,0,86.21554,3.007519,0.2506266,0
2022-07-15 12:09:25,0,0,10.421836,0.248139,0,85.60794,2.977667,0,0.248139
2022-07-15 12:09:24,0,0,10.80402,0.2512563,0,85.67839,2.763819,0.2512563,0
2022-07-15 12:09:23,0,0,10.579345,0.2518892,0,85.89421,2.518892,0.2518892,0
2022-07-15 12:09:22,0,0,11.221945,0,0,83.54115,4.239401,0,0.2493766
2022-07-15 12:09:21,0,0,10.473815,0.4987531,0,84.28928,3.491272,0.2493766,0
2022-07-15 12:09:20,0,0,10.831234,0.2518892,0,85.39043,2.770781,0.2518892,0.2518892
2022-07-15 12:09:19,0,0,10.473815,0.2493766,0,81.54613,3.740648,0.2493766,2.992519
2022-07-15 12:09:18,0,0,10.025063,0.2506266,0,85.46366,3.258145,0.2506266,0.2506266
2022-07-15 12:09:17,0,0,10.776942,0.2506266,0,84.21053,3.508772,0.2506266,0.2506266
2022-07-15 12:09:16,0,0,9.975062,0,0,87.2818,1.995012,0,0.2493766
2022-07-15 12:09:15,0,0,14,0.25,0,81.5,3.75,0.25,0
2022-07-15 12:09:14,0,0,8.888889,0.4938272,0,80.49383,4.444444,0.2469136,4.444444
2022-07-15 12:09:13,0,0,6.75,0.75,0,81.25,2,0.25,8
2022-07-15 12:09:12,0,0,6.435644,0.990099,0,81.43564,2.227723,0.2475248,6.683168
2022-07-15 12:09:11,0,0,7.178218,0.7425743,0,78.46535,2.970297,0.2475248,6.930693
2022-07-15 12:09:10,0,0,7.25,0,0,84.5,2.5,0.25,3.75
2022-07-15 12:09:09,0,0,10.199005,0.7462687,0,84.32836,2.487562,0.2487562,1.4925373
2022-07-15 12:09:08,0,0,7.98005,0.2493766,0,85.78554,2.244389,0.2493766,2.493766
2022-07-15 12:09:07,0,0,9.653465,0.2475248,0,82.92079,4.207921,0.2475248,1.980198
2022-07-15 12:09:06,0,0,7.425743,0.4950495,0,80.94059,3.217822,0.2475248,6.188119
2022-07-15 12:09:05,0,0,4.691358,0.2469136,0,78.02469,3.45679,0.2469136,9.135802
2022-07-15 12:09:04,0,0,3.209877,0.7407407,0,71.60494,2.716049,0,15.061728
2022-07-15 12:09:03,0,0,3.694581,0.7389163,0,73.64532,2.70936,0,15.270936
2022-07-15 12:09:02,0,0,4.187192,0.9852217,0,70.19704,2.955665,0.2463054,13.546798
2022-07-15 12:09:01,0,0,5.289673,0.7556675,0,80.10076,2.015113,0.2518892,8.060453
2022-07-15 12:09:00,0,0,6.930693,0.2475248,0,88.61386,1.4851485,0,1.980198
2022-07-15 12:08:59,0,0,10.473815,0.4987531,0,86.28429,1.995012,0.2493766,0.2493766
2022-07-15 12:08:58,0,0,6.265664,0,0,89.97494,1.754386,0.2506266,1.5037594
2022-07-15 12:08:57,0,0,9.701493,0.4975124,0,86.06965,2.736318,0.2487562,0.2487562
2022-07-15 12:08:56,0,0,12.594458,0,0,83.6272,3.274559,0,0.2518892
2022-07-15 12:08:55,0,0,12.935323,0.2487562,0,83.08458,3.233831,0,0.2487562
2022-07-15 12:08:54,0,0,7.21393,0.4975124,0,82.08955,2.487562,0,6.218905
2022-07-15 12:08:53,0,0,6.5,0.5,0,82.75,3.75,0.25,3.75
2022-07-15 12:08:52,0,0,6.483791,0,0,90.77307,1.4962594,0.2493766,0.4987531
2022-07-15 12:08:51,0,0,11.779449,0.5012531,0,83.45865,3.007519,0.5012531,0.2506266
2022-07-15 12:08:50,0,0,7.389163,0.9852217,0,83.99015,2.70936,0,3.20197
2022-07-15 12:08:49,0,0,13.316583,0.2512563,0,83.16583,2.512563,0.2512563,0.2512563
2022-07-15 12:08:48,0,0,6.716418,0.4975124,0,83.58209,2.985075,0.4975124,4.228856
2022-07-15 12:08:47,0,0,10.37037,0.7407407,0,83.20988,2.222222,0.4938272,2.469136
2022-07-15 12:08:46,0,0,6.203474,1.2406948,0,80.64516,4.218362,0.248139,6.203474
2022-07-15 12:08:45,0,0,8.977556,0.2493766,0,84.0399,2.992519,0.2493766,2.493766
2022-07-15 12:08:44,0,0,7.75,0,0,85.25,2.25,0.25,3.5
2022-07-15 12:08:43,0,0,5.185185,0.4938272,0,84.93827,2.469136,0.4938272,5.432099
2022-07-15 12:08:42,0,0,9.5,0.25,0,84,2,0.5,3
2022-07-15 12:08:41,0,0,4.5,0.25,0,92.25,1.5,0,0.25
2022-07-15 12:08:40,0,0,3.75,0.25,0,92.25,2.75,0.25,0
2022-07-15 12:08:39,0,0,1.2562814,0.5025126,0,95.9799,2.01005,0,0
2022-07-15 12:08:38,0,0,1.2406948,0,0,95.78164,1.985112,0.248139,0
2022-07-15 12:08:37,0,0,1.25,0.25,0,94.5,3.25,0.25,0
2022-07-15 12:08:36,0,0,1.2594458,0.2518892,0,95.46599,2.518892,0.2518892,0
2022-07-15 12:08:35,0,0,1.2562814,0.2512563,0,96.23116,2.01005,0,0
2022-07-15 12:08:34,0,0,1.2437811,0.2487562,0,94.52736,3.233831,0.2487562,0
2022-07-15 12:08:33,0,0,1.2531328,0.2506266,0,94.48622,2.756892,0.2506266,0
2022-07-15 12:08:32,0,0,1.2531328,0.5012531,0,95.48872,2.255639,0,0
2022-07-15 12:08:31,0,0,1.5,0.5,0,93,3.25,0.25,0
2022-07-15 12:08:30,0,0,1.0025063,0,0,95.2381,3.258145,0.2506266,0
2022-07-15 12:08:29,0,0,1.4962594,0.7481297,0,93.26683,2.992519,0.2493766,0
2022-07-15 12:08:28,0,0,1.2531328,0.5012531,0,96.2406,1.754386,0,0
2022-07-15 12:08:27,0,0,1.5037594,0,0,95.98997,2.005013,0.2506266,0
2022-07-15 12:08:26,0,0,1.25,0.5,0,90.75,6.75,0,0
2022-07-15 12:08:25,0,0,1.4962594,0.4987531,0,94.76309,2.244389,0.2493766,0
2022-07-15 12:08:24,0,0,1.0050251,0.2512563,0,94.97487,3.517588,0,0
2022-07-15 12:08:23,0,0,1.745636,0.2493766,0,94.01496,3.241895,0.4987531,0
2022-07-15 12:08:22,0,0,1,0.5,0,95.25,2.5,0,0
2022-07-15 12:08:21,0,0,1.754386,0.5012531,0,92.4812,3.759398,0.2506266,0
2022-07-15 12:08:20,0,0,1,0.25,0,94.25,2.75,0.25,0
2022-07-15 12:08:19,0,0,6.297229,0.5037783,0,90.17632,2.015113,0.2518892,0
2022-07-15 12:08:18,0,0,6.965174,0,0,89.55224,2.238806,0.2487562,0
2022-07-15 12:08:17,0,0,8.79397,0.5025126,0,88.44221,1.758794,0.2512563,0.2512563
2022-07-15 12:08:16,0,0,8.270677,0.2506266,0,87.96992,2.756892,0.2506266,0
2022-07-15 12:08:15,0,0,8.521303,0.2506266,0,85.21303,5.263158,0.2506266,0.2506266
2022-07-15 12:08:14,0,0,8.25,0.25,0,88,2.75,0.25,0
2022-07-15 12:08:13,0,0,8.75,0.25,0,88.75,2,0,0
2022-07-15 12:08:12,0,0,8.72818,0,0,87.2818,2.992519,0.4987531,0.2493766
2022-07-15 12:08:11,0,0,10.75,0.25,0,84.25,4,0.25,0
2022-07-15 12:08:10,0,0,9.5,0.75,0,83.5,2.75,0.25,2.25
2022-07-15 12:08:09,0,0,6.532663,1.2562814,0,81.15578,3.266332,0.2512563,5.527638
2022-07-15 12:08:08,0,0,7.142857,0.7389163,0,80.04926,3.20197,0.2463054,5.91133
2022-07-15 12:08:07,0,0,1.715686,1.2254902,0,68.87255,2.205882,0.245098,16.421569
2022-07-15 12:08:06,0,0,4.726368,0.2487562,0,93.03483,0.9950249,0.2487562,0.2487562
2022-07-15 12:08:05,0,0,10.5,0,0,85.75,2.75,0.25,0.5
2022-07-15 12:08:04,0,0,10,0.75,0,85.25,2.75,0.25,0.25
2022-07-15 12:08:03,0,0,13.032581,0.2506266,0,83.9599,2.255639,0.2506266,0.2506266
2022-07-15 12:08:02,0,0,13.930348,0.7462687,0,80.0995,3.482587,0.2487562,0.7462687
2022-07-15 12:08:01,0,0,4.455446,0.990099,0,71.53465,2.475248,0.7425743,14.356436
2022-07-15 12:08:00,0,0,3.722084,0.9925558,0,75.93052,1.985112,0.248139,11.414392
2022-07-15 12:07:59,0,0,7.25,0.25,0,86.5,2.5,0.25,2.75
2022-07-15 12:07:58,0,0,6.716418,0.2487562,0,88.55721,1.741294,0,1.99005
2022-07-15 12:07:57,0,0,11.25,0,0,84,3.5,0,1
2022-07-15 12:07:56,0,0,8.521303,0.2506266,0,86.46617,2.756892,0.2506266,0.7518797
2022-07-15 12:07:55,0,0,8.77193,0,0,88.22055,2.005013,0.2506266,0.2506266
2022-07-15 12:07:54,0,0,10.5,0.25,0,86.5,2.5,0.25,0
2022-07-15 12:07:53,0,0,10.275689,0,0,85.71429,2.506266,0.5012531,0.2506266
2022-07-15 12:07:52,0,0,10.5,0.5,0,86.25,2.25,0.25,0.25
2022-07-15 12:07:51,0,0,10.723192,0.2493766,0,84.78803,3.491272,0.2493766,0
2022-07-15 12:07:50,0,0,14.824121,0.2512563,0,80.40201,3.266332,0.2512563,0.5025126
2022-07-15 12:07:49,0,0,7.673267,0.7425743,0,85.14851,1.980198,0,2.970297
2022-07-15 12:07:48,0,0,5.955335,0.7444169,0,82.38213,2.48139,0.248139,6.947891
2022-07-15 12:07:47,0,0,6.516291,0.2506266,0,87.96992,2.506266,0.5012531,2.005013
2022-07-15 12:07:46,0,0,11.970075,0.4987531,0,80.04988,3.241895,0.2493766,2.992519
2022-07-15 12:07:45,0,0,7.960199,0.9950249,0,80.0995,3.9801,0.2487562,5.472637
2022-07-15 12:07:44,0,0,5.513784,0.2506266,0,85.96491,2.506266,0,4.511278
2022-07-15 12:07:43,0,0,5.75,0.25,0,91.75,2,0,0.25
2022-07-15 12:07:42,0,0,10.447761,0.2487562,0,85.57214,2.487562,0.2487562,0.2487562
2022-07-15 12:07:41,0,0,10.275689,0.2506266,0,86.21554,2.005013,0.2506266,0
2022-07-15 12:07:40,0,0,10.526316,0,0,86.71679,2.255639,0.2506266,0
2022-07-15 12:07:39,0,0,10.447761,0.4975124,0,85.32338,3.233831,0,0.2487562
2022-07-15 12:07:38,0,0,10.050251,0.2512563,0,85.67839,3.266332,0.2512563,0
2022-07-15 12:07:37,0,0,10.473815,0.2493766,0,86.53367,1.995012,0.2493766,0.2493766
2022-07-15 12:07:36,0,0,10.606061,0.2525253,0,86.11111,2.777778,0,0
2022-07-15 12:07:35,0,0,10.696517,0.2487562,0,85.57214,2.736318,0.2487562,0.2487562
2022-07-15 12:07:34,0,0,13.432836,0.2487562,0,81.59204,2.985075,0,1.2437811
2022-07-15 12:07:33,0,0,8.270677,0.2506266,0,84.46115,3.258145,0.2506266,2.255639
2022-07-15 12:07:32,0,0,9.653465,0.2475248,0,85.64356,2.475248,0,0.4950495
2022-07-15 12:07:31,0,0,8.229426,0.2493766,0,88.77805,1.995012,0.2493766,0.2493766
2022-07-15 12:07:30,0,0,10.301508,0.2512563,0,86.68342,2.261307,0,0.2512563
2022-07-15 12:07:29,0,0,10.723192,0.2493766,0,86.03491,2.743142,0,0
2022-07-15 12:07:28,0,0,10.050251,0.2512563,0,86.68342,2.261307,0.2512563,0
2022-07-15 12:07:27,0,0,11.720698,0.4987531,0,84.28928,2.992519,0,0.2493766
2022-07-15 12:07:26,0,0,9.20398,0.4975124,0,86.56716,2.487562,0.2487562,0.4975124
2022-07-15 12:07:25,0,0,10.5,0.25,0,87,1.75,0.25,0
2022-07-15 12:07:24,0,0,10.447761,0.2487562,0,87.06468,1.741294,0.2487562,0
2022-07-15 12:07:23,0,0,10.776942,0.2506266,0,86.46617,2.005013,0.2506266,0
2022-07-15 12:07:22,0,0,13.715711,0.4987531,0,80.798,3.740648,0,0.7481297
2022-07-15 12:07:21,0,0,7.462687,0.4975124,0,83.58209,3.233831,0.2487562,2.985075
2022-07-15 12:07:20,0,0,8.208955,0.4975124,0,86.81592,2.487562,0.2487562,0.2487562
2022-07-15 12:07:19,0,0,10.526316,0.5012531,0,85.71429,2.255639,0.2506266,0.2506266
2022-07-15 12:07:18,0,0,10.526316,0,0,85.96491,3.007519,0,0
2022-07-15 12:07:17,0,0,10.447761,0.4975124,0,85.57214,2.736318,0.2487562,0.2487562
2022-07-15 12:07:16,0,0,10.526316,0.2506266,0,86.46617,2.005013,0,0.2506266
2022-07-15 12:07:15,0,0,10.199005,0.4975124,0,85.32338,3.482587,0.2487562,0
2022-07-15 12:07:14,0,0,10.526316,0,0,86.71679,2.005013,0,0.2506266
2022-07-15 12:07:13,0,0,10.447761,0.2487562,0,86.06965,2.487562,0.2487562,0
2022-07-15 12:07:12,0,0,11.027569,0.2506266,0,86.46617,1.754386,0.2506266,0
2022-07-15 12:07:11,0,0,11.528822,0.5012531,0,82.70677,4.010025,0.2506266,0.2506266
2022-07-15 12:07:10,0,0,10,0.25,0,83,4.25,0,1.5
2022-07-15 12:07:09,0,0,10,0.5,0,84.75,2.25,0.5,0.75
2022-07-15 12:07:08,0,0,13.715711,0.4987531,0,82.54364,2.992519,0,0.2493766
2022-07-15 12:07:07,0,0,6.234414,0.2493766,0,82.79302,2.493766,0.2493766,6.733167
2022-07-15 12:07:06,0,0,8.457711,0.4975124,0,85.07463,2.736318,0.2487562,2.238806
2022-07-15 12:07:05,0,0,6.982544,0.7481297,0,83.29177,3.241895,0,3.491272
2022-07-15 12:07:04,0,0,8.955224,0.4975124,0,83.58209,2.985075,0.4975124,2.487562
2022-07-15 12:07:03,0,0,10.5,0.5,0,84.5,2.75,0.25,1
2022-07-15 12:07:02,0,0,7.75,0.25,0,84.75,2.25,0.25,3.5
2022-07-15 12:07:01,0,0,4.228856,0.2487562,0,89.30348,1.741294,0.2487562,3.9801
2022-07-15 12:07:00,0,0,14.035088,0.2506266,0,81.95489,3.258145,0.2506266,0
2022-07-15 12:06:59,0,0,7.537688,0.5025126,0,82.41206,2.763819,0,5.778894
2022-07-15 12:06:58,0,0,8.75,0.25,0,86,2.75,0.5,1.25
2022-07-15 12:06:57,0,0,5.486284,0.2493766,0,86.28429,2.743142,0,3.990025
2022-07-15 12:06:56,0,0,8.75,0,0,87,3,0.25,0.5
2022-07-15 12:06:55,0,0,10.275689,0.2506266,0,86.96742,2.255639,0,0
2022-07-15 12:06:54,0,0,10.552764,0.2512563,0,86.1809,2.512563,0.2512563,0
2022-07-15 12:06:53,0,0,13.647643,0.248139,0,82.134,3.225806,0,0
2022-07-15 12:06:52,0,0,11.5,0.25,0,83.25,2.5,0.25,2
2022-07-15 12:06:51,0,0,6.982544,0.7481297,0,83.29177,2.493766,0.2493766,4.488778
2022-07-15 12:06:50,0,0,8.436725,0.4962779,0,80.39702,2.729529,0.248139,5.707196
2022-07-15 12:06:49,0,0,5.25,0.25,0,81.25,2.25,0.5,8.5
2022-07-15 12:06:48,0,0,8.25,0.5,0,83.5,1.75,0.25,4
2022-07-15 12:06:47,0,0,6.549118,0.5037783,0,84.13098,1.511335,0.2518892,6.297229
2022-07-15 12:06:46,0,0,7.462687,0.7462687,0,83.83085,2.985075,0.2487562,3.9801
2022-07-15 12:06:45,0,0,7.425743,0.990099,0,81.68317,2.970297,0.2475248,5.693069
2022-07-15 12:06:44,0,0,6.218905,0.2487562,0,85.57214,2.736318,0.4975124,3.233831
2022-07-15 12:06:43,0,0,11,0,0,85.5,2.75,0,0.5
2022-07-15 12:06:42,0,0,10.199005,0.7462687,0,82.58706,2.985075,0.2487562,2.736318
2022-07-15 12:06:41,0,0,4.030227,0,0,90.93199,2.015113,0.5037783,1.511335
2022-07-15 12:06:40,0,0,9.547739,0.2512563,0,87.68844,2.01005,0,0
2022-07-15 12:06:39,0,0,10.25,0.25,0,86.5,2.5,0.25,0
2022-07-15 12:06:38,0,0,11.442786,0.2487562,0,84.0796,2.985075,0.4975124,0.2487562
2022-07-15 12:06:37,0,0,12.25,0.25,0,82,3.25,0,2
2022-07-15 12:06:36,0,0,7.692308,0,0,88.83375,2.233251,0,0.9925558
2022-07-15 12:06:35,0,0,12.75,0.25,0,82.5,3,0.25,0.75
2022-07-15 12:06:34,0,0,8.955224,0.7462687,0,82.08955,2.487562,0,4.726368
2022-07-15 12:06:33,0,0,5.721393,0.2487562,0,87.56219,2.238806,0.2487562,2.985075
2022-07-15 12:06:32,0,0,11.027569,0,0,85.96491,2.255639,0.2506266,0.5012531
2022-07-15 12:06:31,0,0,10.447761,0.4975124,0,80.59701,2.985075,0.2487562,3.9801
2022-07-15 12:06:30,0,0,5.472637,0.7462687,0,75.12438,2.736318,0.2487562,11.19403
2022-07-15 12:06:29,0,0,4.466501,0.4962779,0,75.93052,2.977667,0.4962779,11.414392
2022-07-15 12:06:28,0,0,4.726368,0.7462687,0,85.8209,1.99005,0.2487562,4.975124
2022-07-15 12:06:27,0,0,11.779449,0,0,84.96241,2.255639,0.5012531,0.2506266
2022-07-15 12:06:26,0,0,9.925558,0.7444169,0,78.16377,2.48139,0,6.947891
2022-07-15 12:06:25,0,0,6.766917,0.2506266,0,84.46115,2.506266,0.5012531,4.511278
2022-07-15 12:06:24,0,0,8.977556,0.4987531,0,86.03491,1.995012,0.2493766,1.4962594
2022-07-15 12:06:23,0,0,5.472637,0.2487562,0,83.83085,2.985075,0,5.970149
2022-07-15 12:06:22,0,0,7.75,0.75,0,85.5,3.25,0.5,1.25
2022-07-15 12:06:21,0,0,7.537688,0.2512563,0,88.94472,2.01005,0,0.7537688
2022-07-15 12:06:20,0,0,10.075567,0.2518892,0,86.90176,2.267003,0.2518892,0.2518892
2022-07-15 12:06:19,0,0,10.199005,0.2487562,0,86.06965,2.985075,0,0.2487562
2022-07-15 12:06:18,0,0,10.075567,0.5037783,0,86.1461,2.518892,0.2518892,0
2022-07-15 12:06:17,0,0,10.776942,0.2506266,0,85.71429,3.007519,0,0.2506266
2022-07-15 12:06:16,0,0,10.421836,0.248139,0,86.35236,1.736973,0.4962779,0.248139
2022-07-15 12:06:15,0,0,12.060302,0.5025126,0,83.9196,3.266332,0,0.2512563
2022-07-15 12:06:14,0,0,11.055276,0,0,84.67337,3.015075,0.2512563,0.7537688
2022-07-15 12:06:13,0,0,8.415842,0.2475248,0,88.11881,2.227723,0.2475248,0.2475248
2022-07-15 12:06:12,0,0,12.219451,0.2493766,0,80.04988,6.483791,0,0.7481297
2022-07-15 12:06:11,0,0,9.181141,0.248139,0,81.14144,2.729529,0.248139,5.707196
2022-07-15 12:06:10,0,0,7.518797,0.2506266,0,88.22055,2.005013,0.2506266,1.0025063
2022-07-15 12:06:09,0,0,8.478803,0.4987531,0,87.78055,1.995012,0,0.2493766
2022-07-15 12:06:08,0,0,9.25,0,0,87.5,2.25,0.25,0
2022-07-15 12:06:07,0,0,10.327456,0.5037783,0,85.64232,3.02267,0,0.2518892
2022-07-15 12:06:06,0,0,10.75,0.5,0,85,3,0.25,0.25
2022-07-15 12:06:05,0,0,10.75,0,0,87,1.5,0.25,0
2022-07-15 12:06:04,0,0,10.552764,0.5025126,0,86.68342,2.01005,0.2512563,0
2022-07-15 12:06:03,0,0,10.421836,0.248139,0,86.10422,2.729529,0,0.248139
2022-07-15 12:06:02,0,0,10.5,0.25,0,84.75,4,0.25,0
2022-07-15 12:06:01,0,0,11.809045,0,0,84.67337,2.261307,0,0.2512563
2022-07-15 12:06:00,0,0,8.75,0.25,0,87.5,2.5,0.25,0.25
2022-07-15 12:05:59,0,0,13.895782,0.7444169,0,81.63772,2.48139,0.248139,0.248139
2022-07-15 12:05:58,0,0,10.5,0.5,0,82,3.25,0.25,2.75
2022-07-15 12:05:57,0,0,7,0.75,0,83,2,0.5,5.75
2022-07-15 12:05:56,0,0,10.80402,0.2512563,0,85.92965,2.763819,0,0
2022-07-15 12:05:55,0,0,6.699752,0.248139,0,87.09677,2.48139,0.248139,2.48139
2022-07-15 12:05:54,0,0,12.406948,0.248139,0,82.63027,3.225806,0.248139,0.4962779
2022-07-15 12:05:53,0,0,7.035176,0.2512563,0,86.93467,1.758794,0.2512563,3.266332
2022-07-15 12:05:52,0,0,10.972569,0,0,86.28429,1.995012,0.2493766,0.2493766
2022-07-15 12:05:51,0,0,8.291457,0.7537688,0,76.63317,3.517588,0.2512563,8.79397
2022-07-15 12:05:50,0,0,7.26817,0.5012531,0,81.95489,3.007519,0.5012531,5.513784
2022-07-15 12:05:49,0,0,6.451613,0.4962779,0,82.87841,2.729529,0.248139,6.203474
2022-07-15 12:05:48,0,0,7.407407,0.7407407,0,83.7037,2.469136,0.2469136,3.45679
2022-07-15 12:05:47,0,0,9.452736,0.2487562,0,85.8209,2.736318,0.2487562,1.2437811
2022-07-15 12:05:46,0,0,5.985037,0.2493766,0,84.78803,2.244389,0.2493766,4.239401
2022-07-15 12:05:45,0,0,7.21393,0.7462687,0,87.56219,2.736318,0.2487562,1.2437811
2022-07-15 12:05:44,0,0,10.050251,0.5025126,0,86.93467,2.01005,0.2512563,0
2022-07-15 12:05:43,0,0,10.5,0.25,0,86.75,2,0.25,0
2022-07-15 12:05:42,0,0,10.723192,0.2493766,0,85.78554,2.244389,0.2493766,0.2493766
2022-07-15 12:05:41,0,0,10.526316,0.5012531,0,85.21303,3.007519,0,0
2022-07-15 12:05:40,0,0,10.327456,0.2518892,0,85.64232,2.770781,0.2518892,0.2518892
2022-07-15 12:05:39,0,0,10.5,0.25,0,85.75,2.75,0,0.25
2022-07-15 12:05:38,0,0,10.526316,0.2506266,0,85.71429,2.506266,0.5012531,0
2022-07-15 12:05:37,0,0,9.950249,0.4975124,0,85.57214,2.487562,0.2487562,0.4975124
2022-07-15 12:05:36,0,0,12.373737,0,0,83.83838,2.777778,0.2525253,0.2525253
2022-07-15 12:05:35,0,0,10.199005,0.2487562,0,80.84577,2.985075,0.2487562,3.731343
2022-07-15 12:05:34,0,0,6.982544,0.2493766,0,82.29426,2.244389,0.2493766,6.733167
2022-07-15 12:05:33,0,0,6.25,0.5,0,84.5,3,0.25,3.5
2022-07-15 12:05:32,0,0,10.199005,0,0,84.82587,2.736318,0.2487562,1.4925373
2022-07-15 12:05:31,0,0,6.467662,0.9950249,0,78.60697,2.736318,0.2487562,7.21393
2022-07-15 12:05:30,0,0,5.459057,0.4962779,0,84.61538,1.985112,0.248139,5.210918
2022-07-15 12:05:29,0,0,5.513784,0.2506266,0,92.23058,1.5037594,0,0.5012531
2022-07-15 12:05:28,0,0,15.920398,0.2487562,0,79.10448,3.482587,0.2487562,0.7462687
2022-07-15 12:05:27,0,0,6.930693,0.2475248,0,83.91089,3.217822,0.2475248,4.455446
2022-07-15 12:05:26,0,0,9.725686,0.4987531,0,83.04239,1.995012,0.2493766,2.992519
2022-07-15 12:05:25,0,0,6,1,0,84,2,0,5.75
2022-07-15 12:05:24,0,0,7,0.25,0,83.75,2.5,0.25,4.5
2022-07-15 12:05:23,0,0,7.730673,0.4987531,0,86.28429,1.995012,0.2493766,2.493766
2022-07-15 12:05:22,0,0,9.273183,0.2506266,0,82.95739,3.007519,0.2506266,3.759398
2022-07-15 12:05:21,0,0,7.692308,0.4962779,0,82.134,2.48139,0.248139,5.955335
2022-07-15 12:05:20,0,0,6.947891,0.248139,0,85.85608,2.729529,0.248139,3.225806
2022-07-15 12:05:19,0,0,9.25,0.5,0,85,2.75,0,1.75
2022-07-15 12:05:18,0,0,8.77193,0.2506266,0,84.46115,2.255639,0.2506266,3.759398
2022-07-15 12:05:17,0,0,8.72818,0.2493766,0,86.28429,2.244389,0.2493766,1.4962594
2022-07-15 12:05:16,0,0,7.407407,0.7407407,0,83.20988,2.469136,0.4938272,4.938272
2022-07-15 12:05:15,0,0,9.158416,0.4950495,0,79.9505,2.970297,0.4950495,4.70297
2022-07-15 12:05:14,0,0,8,0.25,0,85.75,2.5,0.5,2.25
2022-07-15 12:05:13,0,0,7.901235,0,0,84.19753,2.716049,0,4.197531
2022-07-15 12:05:12,0,0,7.75,0,0,84.5,2.25,0.25,4.5
2022-07-15 12:05:11,0,0,8.888889,0.7407407,0,80.24691,4.197531,0.2469136,3.703704
2022-07-15 12:05:10,0,0,6.218905,0.4975124,0,80.84577,2.238806,0.4975124,7.21393
2022-07-15 12:05:09,0,0,5.721393,0.7462687,0,82.08955,1.741294,0.2487562,5.970149
2022-07-15 12:05:08,0,0,6.733167,0.7481297,0,83.29177,2.244389,0.2493766,3.241895
2022-07-15 12:05:07,0,0,7.26817,0,0,84.71178,2.756892,0,4.511278
2022-07-15 12:05:06,0,0,7.371007,0.982801,0,82.80098,2.702703,0.2457002,5.405405
2022-07-15 12:05:05,0,0,7.444169,0.248139,0,84.86352,2.729529,0,3.722084
2022-07-15 12:05:04,0,0,7.23192,0.2493766,0,89.52618,2.244389,0.2493766,0.2493766
2022-07-15 12:05:03,0,0,10.918114,0.7444169,0,76.67494,2.977667,0.248139,5.459057
2022-07-15 12:05:02,0,0,5.693069,0.7425743,0,77.22772,2.970297,0.4950495,8.910891
2022-07-15 12:05:01,0,0,3.491272,0.4987531,0,77.55611,2.493766,0.2493766,11.720698
2022-07-15 12:05:00,0,0,8.168317,0.7425743,0,85.14851,2.970297,0,1.732673
2022-07-15 12:04:59,0,0,6.483791,0.2493766,0,90.02494,2.244389,0.2493766,0.2493766
2022-07-15 12:04:58,0,0,9.677419,0.4962779,0,83.62283,2.48139,0.248139,2.729529
2022-07-15 12:04:57,0,0,9.06801,0,0,87.90932,2.015113,0.2518892,0.2518892
2022-07-15 12:04:56,0,0,15,0.75,0,81,2.5,0.25,0.25
2022-07-15 12:04:55,0,0,5.486284,0.2493766,0,88.02993,2.244389,0.2493766,2.743142
2022-07-15 12:04:54,0,0,10.421836,0.248139,0,81.88586,2.48139,0,3.473945
2022-07-15 12:04:53,0,0,7.035176,0.5025126,0,87.9397,2.261307,0.2512563,1.758794
2022-07-15 12:04:52,0,0,11.5,0.25,0,81.25,2.75,0,3.5
2022-07-15 12:04:51,0,0,6.218905,0.7462687,0,80.84577,2.487562,0.2487562,8.208955
2022-07-15 12:04:50,0,0,5.5,0,0,92,1.75,0,0.25
2022-07-15 12:04:49,0,0,10.723192,0.4987531,0,86.28429,2.493766,0,0
2022-07-15 12:04:48,0,0,11.25,0.25,0,83.75,3.25,0.5,0.25
2022-07-15 12:04:47,0,0,11.868687,0.2525253,0,85.10101,2.020202,0.2525253,0.2525253
2022-07-15 12:04:46,0,0,6.75,0.25,0,85.75,2.5,0.25,3.75
2022-07-15 12:04:45,0,0,9.725686,0.2493766,0,87.78055,1.995012,0.2493766,0
2022-07-15 12:04:44,0,0,10.473815,0.4987531,0,86.03491,2.244389,0,0.2493766
2022-07-15 12:04:43,0,0,10.275689,0.2506266,0,86.21554,2.506266,0.2506266,0.2506266
2022-07-15 12:04:42,0,0,14.888337,0,0,79.15633,3.722084,0.248139,1.4888337
2022-07-15 12:04:41,0,0,7.481297,0.7481297,0,84.53865,2.244389,0.2493766,3.740648
2022-07-15 12:04:40,0,0,10,0.25,0,84.5,3,0.25,2
2022-07-15 12:04:39,0,0,5.985037,0.4987531,0,82.54364,2.493766,0.4987531,6.483791
2022-07-15 12:04:38,0,0,8.229426,0.2493766,0,87.2818,2.743142,0.2493766,0.7481297
2022-07-15 12:04:37,0,0,6.435644,0.7425743,0,83.16832,2.970297,0,4.950495
2022-07-15 12:04:36,0,0,6,0.75,0,85.25,2.75,0.25,4
2022-07-15 12:04:35,0,0,9.701493,0.2487562,0,85.07463,3.233831,0.2487562,0.7462687
2022-07-15 12:04:34,0,0,11.940299,0.4975124,0,81.09453,2.985075,0.2487562,2.487562
2022-07-15 12:04:33,0,0,7.730673,0.4987531,0,84.0399,1.995012,0,4.987531
2022-07-15 12:04:32,0,0,8.933002,0.248139,0,83.12655,2.977667,0.248139,3.970223
2022-07-15 12:04:31,0,0,6.766917,0.5012531,0,84.96241,2.506266,0.2506266,4.260652
2022-07-15 12:04:30,0,0,8.684864,0.248139,0,82.134,3.970223,0.248139,3.722084
2022-07-15 12:04:29,0,0,5.210918,0.7444169,0,81.88586,2.48139,0.4962779,7.444169
2022-07-15 12:04:28,0,0,8.457711,0.4975124,0,83.58209,1.99005,0.2487562,3.9801
2022-07-15 12:04:27,0,0,4.488778,0.9975062,0,79.55112,2.244389,0.2493766,10.224439
2022-07-15 12:04:26,0,0,7.960199,0.2487562,0,86.56716,2.736318,0,2.238806
2022-07-15 12:04:25,0,0,7.98005,0.2493766,0,83.54115,3.241895,0.2493766,4.239401
2022-07-15 12:04:24,0,0,7.462687,0.2487562,0,87.81095,1.741294,0.2487562,1.99005
2022-07-15 12:04:23,0,0,8.270677,0.2506266,0,87.46867,2.255639,0.2506266,0.7518797
2022-07-15 12:04:22,0,0,9.25,0.5,0,87.75,2,0.25,0
2022-07-15 12:04:21,0,0,10.275689,0.2506266,0,85.96491,2.506266,0,0.2506266
2022-07-15 12:04:20,0,0,10.5,0.5,0,85.75,3,0.25,0
2022-07-15 12:04:19,0,0,10.5,0,0,85.5,3,0.25,0.25
2022-07-15 12:04:18,0,0,10.776942,0.5012531,0,85.96491,2.255639,0.2506266,0
2022-07-15 12:04:17,0,0,10.526316,0.5012531,0,85.21303,2.756892,0.2506266,0
2022-07-15 12:04:16,0,0,12.686567,0.4975124,0,82.58706,3.482587,0,0.2487562
2022-07-15 12:04:15,0,0,12.531328,0,0,81.95489,2.506266,0.2506266,1.754386
2022-07-15 12:04:14,0,0,7.462687,0.4975124,0,82.08955,2.487562,0.2487562,5.223881
2022-07-15 12:04:13,0,0,8.208955,0.4975124,0,84.32836,2.736318,0.4975124,3.731343
2022-07-15 12:04:12,0,0,7,0.25,0,82,2.75,0,5.5
2022-07-15 12:04:11,0,0,5.19802,0.4950495,0,79.20792,2.970297,0.4950495,8.663366
2022-07-15 12:04:10,0,0,5.472637,0.4975124,0,78.85572,2.736318,0.2487562,9.701493
2022-07-15 12:04:09,0,0,7.160494,0.4938272,0,80.98765,2.716049,0.2469136,5.679012
2022-07-15 12:04:08,0,0,7.5,0.25,0,84,2.75,0.25,3.5
2022-07-15 12:04:07,0,0,8.415842,0.990099,0,84.40594,2.227723,0.4950495,2.227723
2022-07-15 12:04:06,0,0,3.960396,0,0,87.62376,2.227723,0,4.950495
2022-07-15 12:04:05,0,0,15.075377,0.5025126,0,81.90955,2.01005,0.2512563,0.2512563
2022-07-15 12:04:04,0,0,5.735661,0.7481297,0,78.80299,2.493766,0,8.72818
2022-07-15 12:04:03,0,0,9.677419,0.248139,0,84.61538,2.48139,0.248139,1.985112
2022-07-15 12:04:02,0,0,6.733167,0.4987531,0,80.29925,3.990025,0,7.23192
2022-07-15 12:04:01,0,0,3.431373,1.2254902,0,74.01961,1.715686,0.4901961,14.95098
2022-07-15 12:04:00,0,0,7.017544,0,0,87.46867,2.255639,0,2.005013
2022-07-15 12:03:59,0,0,6.403941,0.7389163,0,85.96059,2.463054,0.4926108,2.70936
2022-07-15 12:03:58,0,0,9.022556,0.2506266,0,87.96992,2.255639,0,0.2506266
2022-07-15 12:03:57,0,0,10.606061,0,0,85.85859,2.777778,0.2525253,0
2022-07-15 12:03:56,0,0,10.473815,0.4987531,0,85.53616,2.992519,0.2493766,0
2022-07-15 12:03:55,0,0,12.718204,0.2493766,0,83.79052,2.743142,0.2493766,0.2493766
2022-07-15 12:03:54,0,0,12.718204,0.4987531,0,83.04239,2.743142,0.2493766,0.4987531
2022-07-15 12:03:53,0,0,9.5,0,0,84,3.25,0.5,2.25
2022-07-15 12:03:52,0,0,6.716418,0.9950249,0,81.8408,2.487562,0,6.716418
2022-07-15 12:03:51,0,0,7.711443,0.2487562,0,85.32338,2.985075,0.2487562,2.736318
2022-07-15 12:03:50,0,0,8.955224,0.4975124,0,84.32836,2.487562,0.2487562,2.238806
2022-07-15 12:03:49,0,0,4.938272,0.2469136,0,88.14815,2.469136,0.2469136,2.962963
2022-07-15 12:03:48,0,0,10,0.25,0,85.75,2.5,0.25,0.5
2022-07-15 12:03:47,0,0,7.5,0.25,0,87,2.75,0,1.25
2022-07-15 12:03:46,0,0,9.25,0.25,0,86.75,2.5,0.25,0.25
2022-07-15 12:03:45,0,0,10.199005,0,0,86.81592,2.487562,0.2487562,0
2022-07-15 12:03:44,0,0,10.5,0.5,0,85,2.75,0.25,0.25
2022-07-15 12:03:43,0,0,10.224439,0.2493766,0,86.28429,2.743142,0.2493766,0
2022-07-15 12:03:42,0,0,11.027569,0.2506266,0,85.46366,2.756892,0.2506266,0
2022-07-15 12:03:41,0,0,10.199005,0.2487562,0,85.07463,2.487562,0,0.4975124
2022-07-15 12:03:40,0,0,10,0.25,0,86.75,2.5,0,0
2022-07-15 12:03:39,0,0,13.065327,0.2512563,0,80.90452,3.266332,0,2.01005
2022-07-15 12:03:38,0,0,6.982544,0.2493766,0,82.54364,2.743142,0.2493766,5.486284
2022-07-15 12:03:37,0,0,8.77193,0.5012531,0,88.22055,2.005013,0.2506266,0.2506266
2022-07-15 12:03:36,0,0,9.42928,0.9925558,0,80.39702,2.729529,0.248139,3.970223
2022-07-15 12:03:35,0,0,8,0.25,0,81,2.25,0.25,7.5
2022-07-15 12:03:34,0,0,5.486284,0.2493766,0,91.27182,2.244389,0.2493766,0.2493766
2022-07-15 12:03:33,0,0,11.055276,0.2512563,0,86.1809,2.01005,0,0.2512563
2022-07-15 12:03:32,0,0,10.447761,0.4975124,0,85.8209,2.736318,0.2487562,0
2022-07-15 12:03:31,0,0,11.392405,0.5063291,0,85.06329,2.531646,0,0
2022-07-15 12:03:30,0,0,11.5,0.5,0,84,2.75,0.25,0.5
2022-07-15 12:03:29,0,0,9.25,0.5,0,87,2.5,0.25,0
2022-07-15 12:03:28,0,0,13.784461,0.2506266,0,82.45614,2.756892,0.2506266,0.2506266
2022-07-15 12:03:27,0,0,10.617284,0.4938272,0,81.7284,3.209877,0.2469136,2.716049
2022-07-15 12:03:26,0,0,9.75,0.5,0,82.75,3.5,0.25,3
2022-07-15 12:03:25,0,0,5.5,1.5,0,76.5,3,0.25,11.25
2022-07-15 12:03:24,0,0,1.965602,1.719902,0,65.60197,3.194103,0.2457002,17.69042
2022-07-15 12:03:23,0,0,4.691358,0.9876543,0,79.01235,2.469136,0.2469136,9.62963
2022-07-15 12:03:22,0,0,5.693069,0.2475248,0,88.61386,2.722772,0.2475248,1.980198
2022-07-15 12:03:21,0,0,8.72818,0,0,88.2793,2.493766,0,0.2493766
2022-07-15 12:03:20,0,0,10.526316,0.2506266,0,86.46617,2.005013,0.2506266,0.2506266
2022-07-15 12:03:19,0,0,11.306533,0,0,85.67839,2.763819,0,0
2022-07-15 12:03:18,0,0,9.476309,0.4987531,0,86.53367,1.995012,0.2493766,0.2493766
2022-07-15 12:03:17,0,0,10.80402,0.5025126,0,85.67839,2.512563,0.2512563,0
2022-07-15 12:03:16,0,0,14,0.25,0,82.5,2.25,0.5,0.25
2022-07-15 12:03:15,0,0,8.75,0.25,0,84.25,3,0.5,3
2022-07-15 12:03:14,0,0,6.965174,0.2487562,0,89.30348,2.487562,0,0.4975124
2022-07-15 12:03:13,0,0,11.335013,0.2518892,0,85.89421,2.267003,0.2518892,0
2022-07-15 12:03:12,0,0,12.437811,0.4975124,0,81.59204,3.233831,0.2487562,1.2437811
2022-07-15 12:03:11,0,0,7.556675,0.2518892,0,88.4131,2.015113,0,0.5037783
2022-07-15 12:03:10,0,0,6.483791,0.2493766,0,90.27431,2.493766,0,0
2022-07-15 12:03:09,0,0,6.234414,0.4987531,0,90.02494,2.493766,0,0
2022-07-15 12:03:08,0,0,6.265664,0.2506266,0,90.22556,2.756892,0.2506266,0
2022-07-15 12:03:07,0,0,6.982544,0.2493766,0,87.53117,3.241895,0.2493766,0.9975062
2022-07-15 12:03:06,0,0,3.768844,0,0,92.46231,2.763819,0,0
2022-07-15 12:03:05,0,0,4.488778,0.4987531,0,90.52369,3.491272,0.2493766,0
2022-07-15 12:03:04,0,0,4,0.5,0,92.5,2,0.25,0.25
2022-07-15 12:03:03,0,0,3.75,0.5,0,91.5,3.5,0.25,0
2022-07-15 12:03:02,0,0,4.5,0.25,0,91.5,3,0.25,0
2022-07-15 12:03:01,0,0,4.773869,0.7537688,0,90.95477,2.261307,0,0
2022-07-15 12:03:00,0,0,0.9950249,0,0,95.02488,2.487562,0.2487562,0.2487562
2022-07-15 12:02:59,0,0,3.5,0.25,0,93,2.5,0.25,0
2022-07-15 12:02:58,0,0,1.75,0.25,0,94.5,2.5,0.25,0
2022-07-15 12:02:57,0,0,1.25,1,0,95,2.5,0,0
2022-07-15 12:02:56,0,0,1.4962594,0.2493766,0,94.76309,2.493766,0.2493766,0
2022-07-15 12:02:55,0,0,1.2562814,0,0,95.22613,2.512563,0.2512563,0
2022-07-15 12:02:54,0,0,1.511335,0.2518892,0,93.95466,3.778338,0.2518892,0
2022-07-15 12:02:53,0,0,1.4962594,0.4987531,0,94.01496,2.992519,0.4987531,0
2022-07-15 12:02:52,0,0,1.25,0.25,0,95.25,2.75,0,0.25
2022-07-15 12:02:51,0,0,1.2437811,0.2487562,0,94.27861,2.985075,0.2487562,0
2022-07-15 12:02:50,0,0,1.2531328,0.5012531,0,95.2381,2.255639,0.2506266,0
2022-07-15 12:02:49,0,0,1.4962594,0.2493766,0,93.51621,2.493766,0.2493766,0
2022-07-15 12:02:48,0,0,1.2531328,0,0,94.98747,3.508772,0,0
2022-07-15 12:02:47,0,0,1.25,0.25,0,94,3.25,0.75,0
2022-07-15 12:02:46,0,0,1.25,0.25,0,95.75,2,0,0
2022-07-15 12:02:45,0,0,1.2562814,0.5025126,0,95.22613,2.01005,0.2512563,0
2022-07-15 12:02:44,0,0,1.2406948,0.4962779,0,95.28536,1.985112,0.248139,0
2022-07-15 12:02:43,0,0,1.2562814,0.5025126,0,94.97487,2.763819,0,0
2022-07-15 12:02:42,0,0,1.4925373,0.2487562,0,94.52736,2.736318,0.4975124,0
2022-07-15 12:02:41,0,0,1.0050251,0.5025126,0,94.22111,3.266332,0.2512563,0
2022-07-15 12:02:40,0,0,1.754386,0.2506266,0,94.23559,2.756892,0.2506266,0
2022-07-15 12:02:39,0,0,1.2468828,0,0,93.51621,2.743142,0.4987531,0
2022-07-15 12:02:38,0,0,2.506266,0.2506266,0,94.48622,2.005013,0.2506266,0
2022-07-15 12:02:37,0,0,3.5,0.25,0,92.75,3.25,0,0
2022-07-15 12:02:36,0,0,3.990025,0.2493766,0,92.01995,2.992519,0.2493766,0.2493766
2022-07-15 12:02:35,0,0,3.740648,0.2493766,0,92.26933,2.992519,0.2493766,0
2022-07-15 12:02:34,0,0,5,0.5,0,91.75,2.25,0.25,0
2022-07-15 12:02:33,0,0,5.985037,0.2493766,0,90.52369,2.244389,0.2493766,0
2022-07-15 12:02:32,0,0,7.25,0.75,0,89,1.5,0.25,0.25
2022-07-15 12:02:31,0,0,5.735661,0.2493766,0,90.77307,1.995012,0.4987531,0.2493766
2022-07-15 12:02:30,0,0,6.532663,0.2512563,0,89.94975,2.261307,0.5025126,0
2022-07-15 12:02:29,0,0,8.955224,0.4975124,0,86.81592,2.736318,0.2487562,0.4975124
2022-07-15 12:02:28,0,0,6.766917,0.2506266,0,85.71429,2.756892,0.2506266,3.759398
2022-07-15 12:02:27,0,0,5.172414,0.9852217,0,77.0936,3.20197,0.2463054,10.344828
2022-07-15 12:02:26,0,0,6.015038,0.5012531,0,85.96491,2.506266,0.5012531,3.759398
2022-07-15 12:02:25,0,0,10.25,0.5,0,84,3,0,2
2022-07-15 12:02:24,0,0,7.25,0.5,0,87.5,2.25,0,2.25
2022-07-15 12:02:23,0,0,8.5,0.25,0,87.75,2,0.25,0.25
2022-07-15 12:02:22,0,0,9.975062,0.2493766,0,87.53117,1.995012,0,0
2022-07-15 12:02:21,0,0,10.275689,0.2506266,0,86.21554,2.506266,0,0.2506266
2022-07-15 12:02:20,0,0,10.723192,0.2493766,0,85.53616,2.493766,0.2493766,0.2493766
2022-07-15 12:02:19,0,0,10.723192,0.2493766,0,86.53367,2.493766,0,0
2022-07-15 12:02:18,0,0,13.533835,0.2506266,0,81.70426,3.759398,0.2506266,0.2506266
2022-07-15 12:02:17,0,0,8.977556,0,0,85.03741,2.743142,0,1.995012
2022-07-15 12:02:16,0,0,9.950249,0.2487562,0,84.82587,2.985075,0,0.4975124
2022-07-15 12:02:15,0,0,12.75,0.5,0,82,3,0.25,1.25
2022-07-15 12:02:14,0,0,8.955224,0.2487562,0,83.83085,2.736318,0,3.233831
2022-07-15 12:02:13,0,0,6.733167,0.4987531,0,82.79302,2.992519,0.2493766,5.236908
2022-07-15 12:02:12,0,0,8.270677,0.2506266,0,85.21303,2.506266,0.2506266,3.007519
2022-07-15 12:02:11,0,0,8.229426,0.2493766,0,85.28678,2.992519,0.2493766,1.745636
2022-07-15 12:02:10,0,0,8.684864,0.7444169,0,83.12655,2.977667,0.248139,3.722084
2022-07-15 12:02:09,0,0,7.654321,0.4938272,0,84.19753,2.962963,0.2469136,3.703704
2022-07-15 12:02:08,0,0,7.462687,0.2487562,0,80.0995,3.482587,0.2487562,7.462687
2022-07-15 12:02:07,0,0,7.654321,0.4938272,0,81.7284,2.962963,0.4938272,5.432099
2022-07-15 12:02:06,0,0,7.960199,0.2487562,0,83.08458,2.985075,0.2487562,3.9801
2022-07-15 12:02:05,0,0,7,0,0,83.5,2,0.25,6.5
2022-07-15 12:02:04,0,0,5.735661,0,0,88.77805,2.743142,0.2493766,2.244389
2022-07-15 12:02:03,0,0,13.580247,0.7407407,0,81.23457,2.962963,0.2469136,0.7407407
2022-07-15 12:02:02,0,0,7.25,0.25,0,86.5,2.25,0.25,3.25
2022-07-15 12:02:01,0,0,8.02005,0.2506266,0,85.71429,3.258145,0.2506266,2.005013
2022-07-15 12:02:00,0,0,8.933002,0.4962779,0,84.11911,2.729529,0.4962779,2.729529
2022-07-15 12:01:59,0,0,6.75,0,0,90,2.25,0,0.25
2022-07-15 12:01:58,0,0,11.027569,0.2506266,0,85.96491,1.754386,0.2506266,0.2506266
2022-07-15 12:01:57,0,0,10.224439,0.2493766,0,85.28678,2.992519,0.4987531,0.2493766
2022-07-15 12:01:56,0,0,10.526316,0.2506266,0,86.21554,2.756892,0,0
2022-07-15 12:01:55,0,0,11.779449,0.2506266,0,84.21053,3.007519,0.2506266,0.2506266
2022-07-15 12:01:54,0,0,9.52381,0,0,86.71679,2.506266,0,0.7518797
2022-07-15 12:01:53,0,0,11.5,0.5,0,84.5,3,0.25,0
2022-07-15 12:01:52,0,0,12.468828,0.2493766,0,82.04489,3.241895,0.2493766,1.2468828
2022-07-15 12:01:51,0,0,10.5,0.75,0,80.25,3,0.25,4.75
2022-07-15 12:01:50,0,0,7.462687,0.2487562,0,86.06965,2.487562,0,2.985075
2022-07-15 12:01:49,0,0,7.635468,0.2463054,0,83.25123,2.70936,0.2463054,5.172414
2022-07-15 12:01:48,0,0,7.75,0.75,0,84.5,3,0,3
2022-07-15 12:01:47,0,0,8.684864,0.4962779,0,82.63027,2.977667,0.248139,4.466501
2022-07-15 12:01:46,0,0,8.188586,0.4962779,0,82.38213,2.977667,0.248139,4.466501
2022-07-15 12:01:45,0,0,4.228856,1.2437811,0,78.60697,2.238806,0.2487562,9.950249
2022-07-15 12:01:44,0,0,5,0.75,0,85.25,1.75,0.25,6
2022-07-15 12:01:43,0,0,6.716418,0.4975124,0,88.0597,2.238806,0.2487562,1.741294
2022-07-15 12:01:42,0,0,10.5,0,0,86.75,2,0.25,0.25
2022-07-15 12:01:41,0,0,9.476309,0.4987531,0,86.28429,2.743142,0,0
2022-07-15 12:01:40,0,0,11.940299,0.4975124,0,83.83085,2.736318,0.2487562,0
2022-07-15 12:01:39,0,0,8.75,0.25,0,87.5,2.5,0,0.75
2022-07-15 12:01:38,0,0,10.75,0,0,86.5,2.25,0.25,0
2022-07-15 12:01:37,0,0,11.720698,0.2493766,0,84.28928,2.743142,0.2493766,0.2493766
2022-07-15 12:01:36,0,0,9.273183,0.5012531,0,83.70927,2.255639,0.2506266,2.756892
2022-07-15 12:01:35,0,0,9.774436,0.5012531,0,86.96742,2.255639,0.2506266,0
2022-07-15 12:01:34,0,0,10.776942,0,0,85.96491,2.255639,0.2506266,0.5012531
2022-07-15 12:01:33,0,0,14.39206,0.248139,0,81.63772,3.225806,0,0.248139
2022-07-15 12:01:32,0,0,8.77193,0,0,84.46115,2.756892,0.2506266,3.759398
2022-07-15 12:01:31,0,0,5.985037,0,0,91.27182,1.745636,0,0.4987531
2022-07-15 12:01:30,0,0,10.723192,0.4987531,0,83.79052,2.992519,0,1.2468828
2022-07-15 12:01:29,0,0,9.045226,0.2512563,0,86.43216,2.512563,0.2512563,1.0050251
2022-07-15 12:01:28,0,0,10,0,0,87.5,2,0,0.25
2022-07-15 12:01:27,0,0,10.050251,0.5025126,0,87.43719,1.5075377,0.2512563,0
2022-07-15 12:01:26,0,0,10.25,0,0,86,3.25,0,0.25
2022-07-15 12:01:25,0,0,12,0.5,0,84.25,2.25,0.25,0.25
2022-07-15 12:01:24,0,0,8.77193,0,0,87.96992,2.756892,0,0.2506266
2022-07-15 12:01:23,0,0,10.421836,0.7444169,0,85.85608,1.985112,0.4962779,0.248139
2022-07-15 12:01:22,0,0,14.285714,0.2506266,0,81.70426,3.007519,0,0.2506266
2022-07-15 12:01:21,0,0,10.050251,0.2512563,0,80.15075,2.512563,0.2512563,5.527638
2022-07-15 12:01:20,0,0,8.229426,0.4987531,0,84.0399,2.743142,0.2493766,2.992519
2022-07-15 12:01:19,0,0,7.444169,0.4962779,0,83.87097,2.729529,0,4.218362
2022-07-15 12:01:18,0,0,6.982544,0.4987531,0,87.78055,2.244389,0.2493766,0.7481297
2022-07-15 12:01:17,0,0,8.585859,0,0,85.60606,2.525253,0,3.030303
2022-07-15 12:01:16,0,0,9.876543,0.2469136,0,84.93827,3.45679,0.2469136,0.9876543
2022-07-15 12:01:15,0,0,11.442786,0.4975124,0,82.33831,2.985075,0.2487562,1.741294
2022-07-15 12:01:14,0,0,5.735661,0.2493766,0,86.78304,1.995012,0.2493766,3.990025
2022-07-15 12:01:13,0,0,8,0,0,89.25,2.5,0.25,0
2022-07-15 12:01:12,0,0,7.537688,0.2512563,0,86.43216,2.261307,0,2.763819
2022-07-15 12:01:11,0,0,10.275689,0,0,86.71679,2.255639,0.2506266,0
2022-07-15 12:01:10,0,0,10.25,0.5,0,86,2.5,0,0.25
2022-07-15 12:01:09,0,0,10.25,0.5,0,86.25,2.25,0.25,0
2022-07-15 12:01:08,0,0,12.5,0.5,0,84,2.25,0.25,0.25
2022-07-15 12:01:07,0,0,12.437811,0.7462687,0,81.59204,3.731343,0,0.9950249
2022-07-15 12:01:06,0,0,5,0,0,90.75,1.75,0.25,1.75
2022-07-15 12:01:05,0,0,11.691542,0.4975124,0,82.83582,3.9801,0.2487562,0.2487562
2022-07-15 12:01:04,0,0,9.045226,0,0,87.68844,2.261307,0.2512563,0.2512563
2022-07-15 12:01:03,0,0,10.275689,0.5012531,0,86.46617,2.255639,0.2506266,0
2022-07-15 12:01:02,0,0,10.75,0.25,0,86.25,2.25,0.25,0
2022-07-15 12:01:01,0,0,11.306533,0.2512563,0,84.42211,2.512563,0,0.7537688
2022-07-15 12:01:00,0,0,8.79397,0,0,88.69347,2.01005,0.2512563,0
2022-07-15 12:00:59,0,0,10.224439,0.2493766,0,86.78304,1.995012,0.2493766,0.2493766
2022-07-15 12:00:58,0,0,10.473815,0.2493766,0,86.03491,2.743142,0,0
2022-07-15 12:00:57,0,0,10.275689,0.2506266,0,86.96742,1.754386,0.2506266,0
2022-07-15 12:00:56,0,0,11.25,0.25,0,85.75,2,0.25,0
2022-07-15 12:00:55,0,0,10.5,0.25,0,84.75,3.75,0,0.5
2022-07-15 12:00:54,0,0,8.521303,0.5012531,0,84.71178,3.258145,0.2506266,1.754386
2022-07-15 12:00:53,0,0,11.083123,0.7556675,0,85.39043,2.015113,0,0
2022-07-15 12:00:52,0,0,8.977556,0.4987531,0,87.03242,2.493766,0.2493766,0
2022-07-15 12:00:51,0,0,10.275689,0.5012531,0,85.96491,2.506266,0,0.2506266
2022-07-15 12:00:50,0,0,10.669975,0,0,86.6005,1.985112,0.4962779,0
2022-07-15 12:00:49,0,0,11.838791,0.2518892,0,84.63476,2.518892,0,0.2518892
2022-07-15 12:00:48,0,0,8.75,0.5,0,87.75,2.25,0.5,0
2022-07-15 12:00:47,0,0,14.25,0,0,82.5,2.25,0.25,0.25
2022-07-15 12:00:46,0,0,8.436725,0.4962779,0,84.86352,1.985112,0.248139,3.225806
2022-07-15 12:00:45,0,0,8.270677,0.2506266,0,83.70927,4.260652,0.2506266,3.007519
2022-07-15 12:00:44,0,0,7.960199,0,0,88.30846,2.736318,0,0.4975124
2022-07-15 12:00:43,0,0,8.955224,0.4975124,0,83.83085,3.233831,0.2487562,1.99005
2022-07-15 12:00:42,0,0,9.547739,0,0,88.19095,1.758794,0.2512563,0
2022-07-15 12:00:41,0,0,9.226933,0.4987531,0,82.54364,2.992519,0.2493766,3.241895
2022-07-15 12:00:40,0,0,8.977556,0.2493766,0,88.02993,2.244389,0,0.2493766
2022-07-15 12:00:39,0,0,10.776942,0.2506266,0,86.21554,2.506266,0,0
2022-07-15 12:00:38,0,0,11.528822,0.2506266,0,84.96241,2.506266,0.2506266,0
2022-07-15 12:00:37,0,0,8.72818,0,0,88.02993,2.244389,0.2493766,0.2493766
2022-07-15 12:00:36,0,0,10.945274,0.4975124,0,86.06965,1.99005,0.2487562,0
2022-07-15 12:00:35,0,0,10.473815,0.2493766,0,86.78304,1.995012,0,0.2493766
2022-07-15 12:00:34,0,0,10.75,0.5,0,85.75,2,0.25,0.25
2022-07-15 12:00:33,0,0,10.353535,0.2525253,0,86.61616,2.525253,0,0
2022-07-15 12:00:32,0,0,10.945274,0,0,84.82587,3.233831,0.2487562,0.2487562
2022-07-15 12:00:31,0,0,10.5,0.5,0,84.25,2.75,0.25,0.5
2022-07-15 12:00:30,0,0,13.895782,0.4962779,0,80.14888,2.729529,0.4962779,2.233251
2022-07-15 12:00:29,0,0,7.518797,1.0025063,0,82.70677,1.754386,0.2506266,5.012531
2022-07-15 12:00:28,0,0,6.699752,0.7444169,0,84.11911,1.736973,0,5.210918
2022-07-15 12:00:27,0,0,6,0,0,90.75,1.75,0.25,1
2022-07-15 12:00:26,0,0,10.972569,0.2493766,0,83.79052,3.241895,0.4987531,0.4987531
2022-07-15 12:00:25,0,0,7.960199,0.2487562,0,87.06468,1.99005,0,2.238806
2022-07-15 12:00:24,0,0,10,0.25,0,86.25,3,0.25,0
2022-07-15 12:00:23,0,0,11.221945,0.4987531,0,85.53616,1.745636,0.2493766,0.2493766
2022-07-15 12:00:22,0,0,15.789474,0,0,79.69925,3.508772,0.2506266,0.5012531
2022-07-15 12:00:21,0,0,3.960396,0.7425743,0,74.75248,3.465347,0,12.871287
2022-07-15 12:00:20,0,0,3.694581,0.4926108,0,74.63054,2.955665,0.2463054,15.024631
2022-07-15 12:00:19,0,0,9,0.5,0,86.75,2.5,0,0.75
2022-07-15 12:00:18,0,0,5.793451,0,0,87.15365,3.274559,0.2518892,3.02267
2022-07-15 12:00:17,0,0,8.312343,0.5037783,0,87.15365,2.015113,0,1.511335
2022-07-15 12:00:16,0,0,9.158416,0.2475248,0,87.12871,2.227723,0.2475248,0.2475248
2022-07-15 12:00:15,0,0,15.075377,0.2512563,0,81.15578,3.015075,0.2512563,0.2512563
2022-07-15 12:00:14,0,0,8,0,0,87.75,2.75,0.25,0.75
2022-07-15 12:00:13,0,0,8.5,0,0,87.75,2.75,0.25,0.5
2022-07-15 12:00:12,0,0,12.406948,0.4962779,0,80.14888,3.225806,0,3.225806
2022-07-15 12:00:11,0,0,7.901235,0,0,82.22222,2.716049,0.2469136,5.679012
2022-07-15 12:00:10,0,0,6.733167,0.7481297,0,86.03491,2.743142,0,2.992519
2022-07-15 12:00:09,0,0,8.977556,0.2493766,0,84.78803,3.241895,0.2493766,2.244389
2022-07-15 12:00:08,0,0,10.421836,0.248139,0,85.85608,2.48139,0.248139,0.248139
2022-07-15 12:00:07,0,0,7.286432,0.5025126,0,76.88442,2.512563,0,7.788945
2022-07-15 12:00:06,0,0,6.930693,0,0,84.65347,2.227723,0.2475248,4.70297
2022-07-15 12:00:05,0,0,8.910891,0.4950495,0,79.45545,2.227723,0.4950495,6.188119
2022-07-15 12:00:04,0,0,2.977667,0.7444169,0,75.43424,2.977667,0,12.903226
2022-07-15 12:00:03,0,0,11.471322,0.4987531,0,83.04239,3.990025,0.2493766,0.4987531
2022-07-15 12:00:02,0,0,9.476309,0.4987531,0,85.78554,2.493766,0,1.4962594
2022-07-15 12:00:01,0,0,7.654321,0.4938272,0,84.44444,3.703704,0.2469136,2.716049
2022-07-15 12:00:00,0,0,9.226933,0.9975062,0,81.79551,3.740648,0.2493766,3.740648
2022-07-15 11:59:59,0,0,7.673267,0.7425743,0,81.43564,4.207921,0,4.950495
2022-07-15 11:59:58,0,0,7.5,0.25,0,85.75,2.75,0,2.75
2022-07-15 11:59:57,0,0,7.654321,0.4938272,0,82.22222,3.209877,0.4938272,5.185185
2022-07-15 11:59:56,0,0,7.323232,0,0,88.63636,2.525253,0,1.2626263
2022-07-15 11:59:55,0,0,12.437811,0.7462687,0,82.08955,2.736318,0.2487562,1.4925373
2022-07-15 11:59:54,0,0,5.955335,0.7444169,0,80.39702,2.233251,0.248139,8.436725
2022-07-15 11:59:53,0,0,6.419753,0.2469136,0,80.74074,2.962963,0.4938272,6.91358
2022-07-15 11:59:52,0,0,5.5,1,0,77.5,1.75,0.25,9.5
2022-07-15 11:59:51,0,0,4.962779,0.248139,0,84.86352,2.729529,0.248139,5.707196
2022-07-15 11:59:50,0,0,12.25,0.25,0,81.25,2.25,0.5,3.25
2022-07-15 11:59:49,0,0,4.622871,1.216545,0,76.39903,3.406326,0.486618,9.245742
2022-07-15 11:59:48,0,0,6.965174,0.2487562,0,81.8408,3.233831,0,5.721393
2022-07-15 11:59:47,0,0,4.5,1,0,73.5,1.75,0.25,12.5
2022-07-15 11:59:46,0,0,5.896806,0.4914005,0,77.14988,3.194103,0.4914005,10.07371
2022-07-15 11:59:45,0,0,6.483791,0.2493766,0,83.04239,2.244389,0.2493766,6.234414
2022-07-15 11:59:44,0,0,6.435644,0.4950495,0,81.43564,2.722772,0.2475248,7.178218
2022-07-15 11:59:43,0,0,5.172414,0.9852217,0,73.64532,2.463054,0.4926108,10.591133
2022-07-15 11:59:42,0,0,4.228856,0.9950249,0,76.36816,2.487562,0.2487562,12.189055
2022-07-15 11:59:41,0,0,5.5,0,0,87.75,2,0,4
2022-07-15 11:59:40,0,0,13.784461,0,0,81.20301,3.508772,0.2506266,1.0025063
2022-07-15 11:59:39,0,0,6.17284,0.7407407,0,83.20988,2.469136,0,5.432099
2022-07-15 11:59:38,0,0,10.301508,0,0,86.68342,2.261307,0.5025126,0
2022-07-15 11:59:37,0,0,6.699752,0.4962779,0,87.84119,1.985112,0.248139,1.4888337
2022-07-15 11:59:36,0,0,7.960199,0.4975124,0,89.05473,1.4925373,0.2487562,0.2487562
2022-07-15 11:59:35,0,0,11.027569,0.2506266,0,84.46115,3.508772,0.2506266,0.2506266
2022-07-15 11:59:34,0,0,10.25,0,0,86.5,2.25,0.5,0.25
2022-07-15 11:59:33,0,0,11.691542,0.2487562,0,83.83085,3.233831,0.2487562,0.2487562
2022-07-15 11:59:32,0,0,10,0.25,0,85.75,2.75,0,1
2022-07-15 11:59:31,0,0,7.960199,0.2487562,0,83.83085,3.233831,0,3.233831
2022-07-15 11:59:30,0,0,12.967581,0.2493766,0,81.29676,3.491272,0.2493766,1.2468828
2022-07-15 11:59:29,0,0,7.25,0.5,0,84.75,2.75,0.5,3.25
2022-07-15 11:59:28,0,0,6.733167,0.4987531,0,84.53865,2.743142,0.2493766,4.488778
2022-07-15 11:59:27,0,0,9.452736,0.2487562,0,84.0796,3.9801,0.2487562,1.2437811
2022-07-15 11:59:26,0,0,6.467662,0.4975124,0,86.06965,2.736318,0,3.731343
2022-07-15 11:59:25,0,0,8.75,0.25,0,88.25,2,0.25,0.25
2022-07-15 11:59:24,0,0,10.80402,0,0,86.43216,2.512563,0,0
2022-07-15 11:59:23,0,0,11.055276,0.5025126,0,84.17085,3.015075,0,0.5025126
2022-07-15 11:59:22,0,0,9.181141,0.248139,0,87.09677,2.48139,0.4962779,0
2022-07-15 11:59:21,0,0,10.579345,0.2518892,0,86.1461,2.015113,0,0.2518892
2022-07-15 11:59:20,0,0,10.473815,0.2493766,0,84.28928,4.738155,0.2493766,0
2022-07-15 11:59:19,0,0,10.5,0.25,0,85,3.25,0,0.25
2022-07-15 11:59:18,0,0,10.75,0.5,0,84.5,2.75,0.25,0.5
2022-07-15 11:59:17,0,0,9.725686,0.2493766,0,86.53367,2.743142,0,0
2022-07-15 11:59:16,0,0,10.275689,0.2506266,0,85.71429,2.506266,0.5012531,0.2506266
2022-07-15 11:59:15,0,0,10.723192,0.2493766,0,85.78554,2.743142,0.2493766,0
2022-07-15 11:59:14,0,0,10.776942,0.2506266,0,83.70927,2.756892,0,1.2531328
2022-07-15 11:59:13,0,0,9.022556,0.2506266,0,86.96742,3.007519,0.2506266,0
2022-07-15 11:59:12,0,0,11.278195,0.2506266,0,86.21554,1.754386,0,0.2506266
2022-07-15 11:59:11,0,0,9.677419,0.248139,0,85.60794,2.48139,0.4962779,0.7444169
2022-07-15 11:59:10,0,0,10.075567,0.2518892,0,86.39798,3.02267,0,0
2022-07-15 11:59:09,0,0,10.723192,0,0,85.03741,2.992519,0.4987531,0.2493766
2022-07-15 11:59:08,0,0,11.306533,0.2512563,0,86.43216,1.758794,0,0
2022-07-15 11:59:07,0,0,10.447761,0.2487562,0,82.33831,5.721393,0.2487562,0.7462687
2022-07-15 11:59:06,0,0,9.25,0,0,84.5,3,0,2.75
2022-07-15 11:59:05,0,0,8.79397,0.2512563,0,88.44221,2.01005,0.2512563,0
2022-07-15 11:59:04,0,0,10.25,0,0,86.25,2.75,0,0.25
2022-07-15 11:59:03,0,0,11.221945,0.4987531,0,85.53616,2.493766,0,0
2022-07-15 11:59:02,0,0,9.5,0.25,0,86.25,2.75,0,0.75
2022-07-15 11:59:01,0,0,10.025063,0.2506266,0,87.21805,1.754386,0,0.2506266
2022-07-15 11:59:00,0,0,11.691542,0.2487562,0,84.0796,2.736318,0.4975124,0.2487562
2022-07-15 11:58:59,0,0,12.030075,0.2506266,0,85.21303,2.005013,0.2506266,0
2022-07-15 11:58:58,0,0,11,0.5,0,80,3.25,0.25,4.5
2022-07-15 11:58:57,0,0,8,0.5,0,85,2.75,0.25,2.75
2022-07-15 11:58:56,0,0,6.733167,0.4987531,0,83.54115,2.244389,0,6.234414
2022-07-15 11:58:55,0,0,8.25,0.25,0,86.75,2.5,0.25,1.25
2022-07-15 11:58:54,0,0,8.79397,0.2512563,0,86.1809,2.763819,0,1.5075377
2022-07-15 11:58:53,0,0,8.706468,0.4975124,0,83.08458,2.487562,0.2487562,3.731343
2022-07-15 11:58:52,0,0,7.75,0.25,0,84.5,2.75,0.25,3.5
2022-07-15 11:58:51,0,0,7.462687,0.2487562,0,85.8209,2.736318,0.4975124,2.736318
2022-07-15 11:58:50,0,0,11.91067,0.4962779,0,80.8933,4.71464,0.248139,1.4888337
2022-07-15 11:58:49,0,0,6.5,0.5,0,80,2.75,0.25,8.25
2022-07-15 11:58:48,0,0,6.203474,0.4962779,0,81.63772,3.225806,0.4962779,5.955335
2022-07-15 11:58:47,0,0,6.265664,1.0025063,0,77.94486,2.756892,0.2506266,10.526316
2022-07-15 11:58:46,0,0,2.75,0.75,0,84.25,1.5,0,8.25
2022-07-15 11:58:45,0,0,8.229426,0.2493766,0,88.02993,1.995012,0.4987531,0.2493766
2022-07-15 11:58:44,0,0,9,0.25,0,87,2.25,0.5,0.25
2022-07-15 11:58:43,0,0,10.473815,0.2493766,0,85.78554,2.743142,0.2493766,0
2022-07-15 11:58:42,0,0,15.25,0.25,0,79.75,2.75,0.25,0.5
2022-07-15 11:58:41,0,0,7.692308,0.248139,0,83.37469,2.977667,0.248139,3.970223
2022-07-15 11:58:40,0,0,5.5,0,0,92.5,1.5,0.25,0.25
2022-07-15 11:58:39,0,0,11.471322,0.4987531,0,84.78803,2.493766,0.2493766,0.2493766
2022-07-15 11:58:38,0,0,12.219451,0.2493766,0,81.54613,2.244389,0,2.743142
2022-07-15 11:58:37,0,0,5.707196,0.4962779,0,87.09677,2.233251,0.248139,2.729529
2022-07-15 11:58:36,0,0,9.52381,0.2506266,0,87.21805,2.005013,0.2506266,0.2506266
2022-07-15 11:58:35,0,0,9.677419,0.248139,0,87.59305,1.736973,0.248139,0
2022-07-15 11:58:34,0,0,10.552764,0.2512563,0,85.67839,2.763819,0.2512563,0
2022-07-15 11:58:33,0,0,11.586902,0,0,84.13098,3.02267,0.5037783,0.5037783
2022-07-15 11:58:32,0,0,9.022556,0,0,88.22055,2.255639,0,0.2506266
2022-07-15 11:58:31,0,0,10.473815,0.2493766,0,86.28429,1.745636,0.2493766,0
2022-07-15 11:58:30,0,0,10.5,0.25,0,83.25,3,0,2.5
2022-07-15 11:58:29,0,0,8.75,0.25,0,87.5,2.25,0.5,0.25
2022-07-15 11:58:28,0,0,10.972569,0.4987531,0,85.53616,2.743142,0.2493766,0
2022-07-15 11:58:27,0,0,10.5,0.25,0,84.75,3,0,0.5
2022-07-15 11:58:26,0,0,9,0.5,0,87.5,2.25,0.25,0.25
2022-07-15 11:58:25,0,0,11.720698,0.2493766,0,84.78803,2.493766,0.2493766,0
2022-07-15 11:58:24,0,0,8.564232,0.2518892,0,87.65743,2.518892,0,0.2518892
2022-07-15 11:58:23,0,0,10.723192,0.4987531,0,84.53865,2.992519,0.4987531,0.2493766
2022-07-15 11:58:22,0,0,11.528822,0,0,86.46617,1.754386,0.2506266,0
2022-07-15 11:58:21,0,0,9.476309,0.2493766,0,86.28429,2.743142,0.2493766,0.2493766
2022-07-15 11:58:20,0,0,10.5,0.25,0,86.75,2,0,0.25
2022-07-15 11:58:19,0,0,10.776942,0.2506266,0,86.71679,1.754386,0.2506266,0
2022-07-15 11:58:18,0,0,12.437811,0.2487562,0,83.58209,2.487562,0.2487562,0.7462687
2022-07-15 11:58:17,0,0,14,0.25,0,82.5,2.75,0.25,0
2022-07-15 11:58:16,0,0,3.712871,0.7425743,0,72.77228,2.227723,0.4950495,13.613861
2022-07-15 11:58:15,0,0,5.764411,0.2506266,0,82.95739,2.255639,0.2506266,6.265664
2022-07-15 11:58:14,0,0,9.405941,0.4950495,0,82.67327,2.970297,0.2475248,3.217822
2022-07-15 11:58:13,0,0,6.733167,0.2493766,0,84.53865,3.491272,0.2493766,3.740648
2022-07-15 11:58:12,0,0,8.188586,0.7444169,0,84.11911,2.48139,0.4962779,2.48139
2022-07-15 11:58:11,0,0,11.720698,0.2493766,0,84.78803,2.244389,0,0.4987531
2022-07-15 11:58:10,0,0,7.940447,0.4962779,0,84.36725,2.729529,0.248139,3.225806
2022-07-15 11:58:09,0,0,9.382716,0.2469136,0,82.96296,2.716049,0.2469136,3.703704
2022-07-15 11:58:08,0,0,9.06801,0.5037783,0,80.60453,2.267003,0.2518892,7.052897
2022-07-15 11:58:07,0,0,9.701493,0.2487562,0,86.06965,2.487562,0.4975124,0.4975124
2022-07-15 11:58:06,0,0,4.239401,0,0,88.77805,2.743142,0,3.740648
2022-07-15 11:58:05,0,0,9.725686,0,0,86.78304,2.743142,0.2493766,0
2022-07-15 11:58:04,0,0,10.25,0.25,0,86.5,2,0.25,0.25
2022-07-15 11:58:03,0,0,11.720698,0.2493766,0,84.0399,2.992519,0.2493766,0.2493766
2022-07-15 11:58:02,0,0,10.552764,0.5025126,0,85.42714,2.763819,0.2512563,0.2512563
2022-07-15 11:58:01,0,0,9.975062,0.2493766,0,85.28678,2.992519,0.2493766,0
2022-07-15 11:58:00,0,0,9.975062,0.4987531,0,86.28429,2.493766,0,0.2493766
2022-07-15 11:57:59,0,0,10.552764,0.2512563,0,85.67839,2.763819,0.5025126,0
2022-07-15 11:57:58,0,0,11.940299,0.2487562,0,84.32836,2.487562,0.2487562,0.4975124
2022-07-15 11:57:57,0,0,8.79397,0.2512563,0,87.9397,2.512563,0,0
2022-07-15 11:57:56,0,0,10.669975,0.4962779,0,85.11166,2.729529,0.4962779,0.248139
2022-07-15 11:57:55,0,0,11.5,0.25,0,85.25,2.5,0,0
2022-07-15 11:57:54,0,0,14.75,0.5,0,81,2.5,0.25,0.25
2022-07-15 11:57:53,0,0,5.735661,0.4987531,0,80.54863,1.745636,0.2493766,7.730673
2022-07-15 11:57:52,0,0,7.26817,0.7518797,0,88.7218,2.255639,0,0.5012531
2022-07-15 11:57:51,0,0,7.518797,0.2506266,0,88.22055,2.506266,0.2506266,0.5012531
2022-07-15 11:57:50,0,0,10.421836,0.248139,0,84.36725,1.985112,0.248139,1.736973
2022-07-15 11:57:49,0,0,8.25,0.5,0,88.25,2,0.25,0.25
2022-07-15 11:57:48,0,0,10.5,0.25,0,86.25,2.25,0,0.25
2022-07-15 11:57:47,0,0,11.25,0,0,85.5,2.5,0.25,0
2022-07-15 11:57:46,0,0,10.025063,0.5012531,0,86.21554,2.255639,0.2506266,0.2506266
2022-07-15 11:57:45,0,0,10.526316,0.5012531,0,86.46617,2.005013,0.2506266,0.2506266
2022-07-15 11:57:44,0,0,14.888337,0.248139,0,79.90074,3.225806,0,1.2406948
2022-07-15 11:57:43,0,0,7.462687,0.4975124,0,80.84577,3.731343,0.2487562,6.467662
2022-07-15 11:57:42,0,0,5.5,0.25,0,82.25,2.5,0.25,7.25
2022-07-15 11:57:41,0,0,6.516291,0.5012531,0,80.95238,3.007519,0.5012531,5.513784
2022-07-15 11:57:40,0,0,4.975124,0.2487562,0,81.09453,2.238806,0.2487562,8.706468
2022-07-15 11:57:39,0,0,8.188586,0.248139,0,86.35236,1.985112,0.7444169,1.985112
2022-07-15 11:57:38,0,0,6.451613,0.4962779,0,87.34491,1.985112,0.248139,1.736973
2022-07-15 11:57:37,0,0,8.478803,0.2493766,0,87.78055,2.244389,0,0.4987531
2022-07-15 11:57:36,0,0,10.945274,0.2487562,0,85.32338,2.487562,0.2487562,0
2022-07-15 11:57:35,0,0,10.552764,0.2512563,0,85.92965,2.763819,0.2512563,0
2022-07-15 11:57:34,0,0,9.181141,0.248139,0,86.6005,2.48139,0.248139,0.248139
2022-07-15 11:57:33,0,0,10.526316,0,0,86.71679,2.255639,0.2506266,0
2022-07-15 11:57:32,0,0,10.75,0.5,0,85.25,2.5,0.25,0.25
2022-07-15 11:57:31,0,0,12.594458,0,0,84.63476,2.267003,0.2518892,0
2022-07-15 11:57:30,0,0,8.5,0.25,0,87,2.25,0,0.75
2022-07-15 11:57:29,0,0,10.050251,0.5025126,0,87.18593,2.01005,0.2512563,0
2022-07-15 11:57:28,0,0,11.19403,0.2487562,0,84.32836,3.233831,0.2487562,0.2487562
2022-07-15 11:57:27,0,0,12.468828,0,0,84.0399,2.743142,0,0.2493766
2022-07-15 11:57:26,0,0,9.181141,0.4962779,0,80.8933,2.48139,0.4962779,5.459057
2022-07-15 11:57:25,0,0,9.476309,0.2493766,0,86.28429,2.493766,0,0.9975062
2022-07-15 11:57:24,0,0,8.229426,0.2493766,0,86.03491,2.493766,0.2493766,2.244389
2022-07-15 11:57:23,0,0,11.5,0.5,0,83,3.25,0.25,1
2022-07-15 11:57:22,0,0,4.71464,0.4962779,0,85.11166,3.473945,0,5.210918
2022-07-15 11:57:21,0,0,9.75,0.25,0,82,3.5,0.5,3.5
2022-07-15 11:57:20,0,0,7.920792,0.4950495,0,83.41584,2.722772,0,4.455446
2022-07-15 11:57:19,0,0,8.910891,0.2475248,0,84.15842,3.465347,0.7425743,1.732673
2022-07-15 11:57:18,0,0,8.25,0.5,0,83.75,3,0,3
2022-07-15 11:57:17,0,0,7.98005,0.4987531,0,83.79052,3.241895,0.2493766,2.992519
2022-07-15 11:57:16,0,0,7.673267,0.7425743,0,80.94059,2.475248,0.2475248,6.930693
2022-07-15 11:57:15,0,0,5.955335,0.248139,0,88.08933,2.729529,0.248139,1.736973
2022-07-15 11:57:14,0,0,8.270677,0,0,86.46617,2.506266,0.2506266,2.005013
2022-07-15 11:57:13,0,0,8.663366,0.2475248,0,88.11881,1.980198,0.2475248,0
2022-07-15 11:57:12,0,0,10.275689,0.2506266,0,87.21805,1.754386,0.2506266,0
2022-07-15 11:57:11,0,0,15.174129,0.4975124,0,78.35821,2.736318,0.2487562,2.487562
2022-07-15 11:57:10,0,0,6.234414,0.4987531,0,81.79551,2.493766,0.2493766,6.733167
2022-07-15 11:57:09,0,0,9.226933,0.2493766,0,85.03741,2.992519,0,1.745636
2022-07-15 11:57:08,0,0,7.901235,0.7407407,0,82.22222,2.962963,0.2469136,4.938272
2022-07-15 11:57:07,0,0,9.75,0.25,0,83.75,2.5,0.5,2.75
2022-07-15 11:57:06,0,0,2.736318,0.2487562,0,88.0597,1.99005,0.2487562,5.970149
2022-07-15 11:57:05,0,0,11,0.25,0,84.5,3,0,0.25
2022-07-15 11:57:04,0,0,8.977556,0.2493766,0,87.78055,1.995012,0.4987531,0
2022-07-15 11:57:03,0,0,10.552764,0.2512563,0,87.18593,1.758794,0,0
2022-07-15 11:57:02,0,0,11.881188,0.2475248,0,84.65347,1.980198,0.4950495,0.2475248
2022-07-15 11:57:01,0,0,8.79397,0,0,85.92965,3.015075,0.2512563,0.7537688
2022-07-15 11:57:00,0,0,10.723192,0.2493766,0,82.54364,5.735661,0.2493766,0
2022-07-15 11:56:59,0,0,11.027569,0.2506266,0,85.46366,2.756892,0,0.2506266
2022-07-15 11:56:58,0,0,9.226933,0,0,87.53117,2.493766,0.2493766,0.2493766
2022-07-15 11:56:57,0,0,11.19403,0.2487562,0,85.32338,2.736318,0.2487562,0
2022-07-15 11:56:56,0,0,10.5,0.25,0,86.25,2.25,0.25,0
2022-07-15 11:56:55,0,0,12.121212,0.2525253,0,83.83838,3.030303,0.2525253,0.2525253
2022-07-15 11:56:54,0,0,8.955224,0.2487562,0,88.0597,1.99005,0,0.2487562
2022-07-15 11:56:53,0,0,12.219451,0.4987531,0,83.54115,2.493766,0.4987531,0.2493766
2022-07-15 11:56:52,0,0,9.52381,0,0,87.96992,1.754386,0,0
2022-07-15 11:56:51,0,0,13.965087,0.2493766,0,80.04988,4.239401,0.2493766,0.7481297
2022-07-15 11:56:50,0,0,7.920792,0.4950495,0,80.94059,2.475248,0.2475248,7.178218
2022-07-15 11:56:49,0,0,8.291457,0.2512563,0,88.19095,1.758794,0.2512563,0.7537688
2022-07-15 11:56:48,0,0,9.25,1,0,81.75,2.75,0.25,4.5
2022-07-15 11:56:47,0,0,6.930693,0.990099,0,78.9604,1.980198,0,9.405941
2022-07-15 11:56:46,0,0,8.75,0.75,0,84.5,3.5,0.5,1.25
2022-07-15 11:56:45,0,0,6.947891,0.4962779,0,81.88586,2.48139,0.248139,6.203474
2022-07-15 11:56:44,0,0,5.707196,0.248139,0,84.11911,3.722084,0,4.466501
2022-07-15 11:56:43,0,0,7.594937,0.5063291,0,88.35443,2.278481,0,0.5063291
2022-07-15 11:56:42,0,0,10.5,0,0,86.75,2.25,0.25,0
2022-07-15 11:56:41,0,0,8.478803,0.2493766,0,84.0399,2.992519,0.2493766,2.493766
2022-07-15 11:56:40,0,0,9.798995,0.5025126,0,86.43216,2.512563,0.2512563,0.2512563
2022-07-15 11:56:39,0,0,11.779449,0.2506266,0,84.46115,2.255639,0.2506266,0.5012531
2022-07-15 11:56:38,0,0,10.25,0.25,0,86.75,2,0,0.25
2022-07-15 11:56:37,0,0,11.940299,0,0,84.0796,2.736318,0.2487562,0.2487562
2022-07-15 11:56:36,0,0,8.542714,0.2512563,0,86.1809,2.512563,0.2512563,1.758794
2022-07-15 11:56:35,0,0,12.75,0.25,0,82.5,3.25,0.25,0.75
2022-07-15 11:56:34,0,0,9.20398,0.7462687,0,82.33831,3.482587,0.2487562,2.238806
2022-07-15 11:56:33,0,0,8.77193,0.2506266,0,84.21053,3.007519,0.2506266,3.258145
2022-07-15 11:56:32,0,0,7.425743,0.2475248,0,86.88119,1.980198,0.2475248,2.475248
2022-07-15 11:56:31,0,0,9.774436,0.2506266,0,86.21554,2.506266,0.2506266,0.2506266
2022-07-15 11:56:30,0,0,9.725686,0.4987531,0,83.29177,2.743142,0.2493766,3.241895
2022-07-15 11:56:29,0,0,5.735661,0.7481297,0,82.04489,2.244389,0.2493766,8.229426
2022-07-15 11:56:28,0,0,8.77193,0.5012531,0,86.21554,3.508772,0.2506266,0.2506266
2022-07-15 11:56:27,0,0,7.481297,0.4987531,0,86.03491,2.244389,0.2493766,2.743142
2022-07-15 11:56:26,0,0,8,0.5,0,85.25,3,0.5,2
2022-07-15 11:56:25,0,0,10.199005,0.4975124,0,85.32338,3.233831,0.2487562,0.2487562
2022-07-15 11:56:24,0,0,11.414392,0.248139,0,83.37469,2.977667,0.4962779,0.9925558
2022-07-15 11:56:23,0,0,8.312343,0.7556675,0,86.64987,2.267003,0,1.511335
2022-07-15 11:56:22,0,0,10.050251,0,0,86.93467,2.01005,0.2512563,0
2022-07-15 11:56:21,0,0,10.723192,0.2493766,0,85.53616,2.493766,0.2493766,0
2022-07-15 11:56:20,0,0,11.027569,0,0,85.46366,2.506266,0.2506266,0.2506266
2022-07-15 11:56:19,0,0,10.75,0.5,0,85,2.5,0.25,0.25
2022-07-15 11:56:18,0,0,11.027569,0,0,86.21554,2.506266,0,0
2022-07-15 11:56:17,0,0,8.977556,0.4987531,0,86.28429,2.992519,0,0.4987531
2022-07-15 11:56:16,0,0,10.447761,0,0,86.31841,2.487562,0.2487562,0.2487562
2022-07-15 11:56:15,0,0,11.720698,0.2493766,0,84.78803,2.743142,0.2493766,0
2022-07-15 11:56:14,0,0,9.090909,0,0,88.38384,1.5151515,0,0.2525253
2022-07-15 11:56:13,0,0,10.473815,0.2493766,0,86.53367,1.995012,0.2493766,0
2022-07-15 11:56:12,0,0,11.25,0.5,0,85.25,2.25,0.25,0.25
2022-07-15 11:56:11,0,0,12.75,0,0,81.25,2.75,0.25,2.75
2022-07-15 11:56:10,0,0,9.135802,0.4938272,0,80.49383,2.469136,0.2469136,5.432099
2022-07-15 11:56:09,0,0,6.801008,0.2518892,0,84.63476,3.274559,0.2518892,4.282116
2022-07-15 11:56:08,0,0,9.42928,0.248139,0,85.3598,3.473945,0.248139,1.2406948
2022-07-15 11:56:07,0,0,8.977556,0.4987531,0,82.29426,2.992519,0.2493766,3.491272
2022-07-15 11:56:06,0,0,5.185185,1.728395,0,78.2716,2.469136,0,9.62963
2022-07-15 11:56:05,0,0,6.356968,1.4669927,0,74.32763,2.933985,0.4889976,9.290954
2022-07-15 11:56:04,0,0,4.477612,0.9950249,0,76.61692,2.985075,0,10.199005
2022-07-15 11:56:03,0,0,7.21393,0.4975124,0,83.58209,1.99005,0.2487562,5.970149
2022-07-15 11:56:02,0,0,6.91358,0.4938272,0,80,3.45679,0.2469136,5.925926
2022-07-15 11:56:01,0,0,6.75,0.75,0,85.75,2.5,0.25,3.25
2022-07-15 11:56:00,0,0,6.265664,0.2506266,0,87.21805,2.506266,0.5012531,2.756892
2022-07-15 11:55:59,0,0,9.5,0.25,0,87.75,1.75,0,0.25
2022-07-15 11:55:58,0,0,9.181141,0.248139,0,88.33747,1.2406948,0.248139,0.248139
2022-07-15 11:55:57,0,0,11.306533,0.2512563,0,85.92965,2.261307,0.2512563,0
2022-07-15 11:55:56,0,0,11.662531,0.248139,0,83.87097,2.48139,0.248139,0.7444169
2022-07-15 11:55:55,0,0,9.42928,0.248139,0,87.84119,2.233251,0,0
2022-07-15 11:55:54,0,0,15.25,0.5,0,78.75,4.25,0.25,0.75
2022-07-15 11:55:53,0,0,6.5,0.25,0,87.5,2.75,0.25,2.25
2022-07-15 11:55:52,0,0,10.5,0.25,0,83.5,3.25,0.25,1.75
2022-07-15 11:55:51,0,0,7.304786,0.2518892,0,89.16877,2.015113,0,0.7556675
2022-07-15 11:55:50,0,0,7.389163,0.2463054,0,84.23645,2.70936,0.2463054,3.20197
2022-07-15 11:55:49,0,0,10.327456,0.5037783,0,85.89421,2.770781,0,0
2022-07-15 11:55:48,0,0,11.528822,0,0,85.46366,2.255639,0.2506266,0
2022-07-15 11:55:47,0,0,9.75,0.5,0,86.25,2.5,0,0.25
2022-07-15 11:55:46,0,0,10.327456,0.2518892,0,87.40554,1.763224,0,0
2022-07-15 11:55:45,0,0,10.473815,0.7481297,0,86.53367,1.745636,0,0
2022-07-15 11:55:44,0,0,11.91067,0.4962779,0,82.87841,2.977667,0.4962779,0.248139
2022-07-15 11:55:43,0,0,13.065327,0.2512563,0,83.66834,2.512563,0,0.5025126
2022-07-15 11:55:42,0,0,10.199005,0.2487562,0,84.0796,2.736318,0.2487562,1.741294
2022-07-15 11:55:41,0,0,7.940447,0.4962779,0,82.63027,2.977667,0.248139,3.970223
2022-07-15 11:55:40,0,0,6,0.25,0,89.25,3.25,0,0.5
2022-07-15 11:55:39,0,0,9.273183,0,0,86.71679,3.258145,0,0.5012531
2022-07-15 11:55:38,0,0,8.955224,0.2487562,0,87.06468,2.985075,0.2487562,0
2022-07-15 11:55:37,0,0,10.552764,0,0,85.67839,2.763819,0,0.2512563
2022-07-15 11:55:36,0,0,12.437811,0.2487562,0,83.83085,2.736318,0.2487562,0.2487562
2022-07-15 11:55:35,0,0,8.72818,0.2493766,0,87.2818,2.244389,0.2493766,0.2493766
2022-07-15 11:55:34,0,0,10.552764,0.2512563,0,85.67839,2.763819,0,0
2022-07-15 11:55:33,0,0,10.669975,0.248139,0,86.10422,2.233251,0.248139,0.248139
2022-07-15 11:55:32,0,0,11.306533,0.2512563,0,85.17588,2.512563,0,0.2512563
2022-07-15 11:55:31,0,0,11.055276,0.2512563,0,83.66834,3.266332,0,0.5025126
2022-07-15 11:55:30,0,0,8.706468,0.4975124,0,88.0597,1.741294,0.2487562,0.2487562
2022-07-15 11:55:29,0,0,10.776942,0.2506266,0,85.46366,2.756892,0,0.2506266
2022-07-15 11:55:28,0,0,10.25,0.25,0,85.75,2.75,0.25,0
2022-07-15 11:55:27,0,0,12.311558,0.5025126,0,84.67337,2.01005,0.2512563,0
2022-07-15 11:55:26,0,0,8.72818,0.4987531,0,87.2818,2.493766,0,0.4987531
2022-07-15 11:55:25,0,0,10.723192,0.2493766,0,86.28429,1.995012,0.4987531,0
2022-07-15 11:55:24,0,0,12.25,0.25,0,84.5,2.25,0,0.25
2022-07-15 11:55:23,0,0,8.684864,0.248139,0,86.6005,2.977667,0.248139,0.248139
2022-07-15 11:55:22,0,0,10.776942,0.2506266,0,85.96491,2.506266,0.2506266,0
2022-07-15 11:55:21,0,0,10.473815,0,0,85.03741,2.992519,0.2493766,0.2493766
2022-07-15 11:55:20,0,0,10.972569,0.2493766,0,84.0399,3.241895,0.4987531,0.2493766
2022-07-15 11:55:19,0,0,10.75,0.5,0,85.25,2.25,0.25,0.25
2022-07-15 11:55:18,0,0,9.226933,0.2493766,0,88.2793,1.995012,0,0
2022-07-15 11:55:17,0,0,11.055276,0,0,85.92965,2.512563,0,0
2022-07-15 11:55:16,0,0,15.841584,0.4950495,0,79.45545,3.465347,0.4950495,0.2475248
2022-07-15 11:55:15,0,0,5.693069,0.7425743,0,77.47525,3.217822,0.2475248,9.158416
2022-07-15 11:55:14,0,0,4.668305,0.982801,0,76.90418,2.702703,0.2457002,11.547912
2022-07-15 11:55:13,0,0,4.239401,0.4987531,0,82.04489,3.241895,0.2493766,7.481297
2022-07-15 11:55:12,0,0,11.442786,0.4975124,0,82.33831,3.731343,0.2487562,0.9950249
2022-07-15 11:55:11,0,0,8.208955,0.7462687,0,80.84577,2.736318,0.2487562,5.223881
2022-07-15 11:55:10,0,0,8.75,0.75,0,86.75,3.25,0,0.5
2022-07-15 11:55:09,0,0,8,0,0,88,1.75,0.25,1.75
2022-07-15 11:55:08,0,0,10.972569,0.2493766,0,78.55362,3.740648,0.2493766,4.738155
2022-07-15 11:55:07,0,0,6.896552,0.7389163,0,82.51232,2.70936,0.2463054,5.172414
2022-07-15 11:55:06,0,0,7.25,0.25,0,86.25,3.5,0,2.25
2022-07-15 11:55:05,0,0,12,0,0,82.5,4,0.25,0.5
2022-07-15 11:55:04,0,0,8,0.25,0,85.5,3,0.25,2.5
2022-07-15 11:55:03,0,0,10.25,0.5,0,85.5,2.5,0,0.75
2022-07-15 11:55:02,0,0,8.168317,0.2475248,0,83.16832,4.207921,0.2475248,3.465347
2022-07-15 11:55:01,0,0,7.537688,0,0,85.42714,3.015075,0.2512563,2.512563
2022-07-15 11:55:00,0,0,7.692308,0.4962779,0,86.6005,2.729529,0.248139,1.2406948
2022-07-15 11:54:59,0,0,7.23192,0.2493766,0,83.79052,2.992519,0.2493766,4.488778
2022-07-15 11:54:58,0,0,9.452736,0.4975124,0,87.06468,1.741294,0.4975124,0
2022-07-15 11:54:57,0,0,13.131313,0,0,84.34343,2.525253,0,0
2022-07-15 11:54:56,0,0,7.5,0.5,0,88,2,0.25,1.5
2022-07-15 11:54:55,0,0,9.774436,0.5012531,0,85.96491,2.255639,0,0.5012531
2022-07-15 11:54:54,0,0,10.473815,0.2493766,0,86.28429,2.493766,0.2493766,0
2022-07-15 11:54:53,0,0,10.275689,0.5012531,0,86.21554,2.506266,0,0
2022-07-15 11:54:52,0,0,12.030075,0.2506266,0,84.96241,2.506266,0.2506266,0
2022-07-15 11:54:51,0,0,8.478803,0.2493766,0,85.03741,2.244389,0.4987531,1.995012
2022-07-15 11:54:50,0,0,10.80402,0.5025126,0,85.92965,2.512563,0,0.2512563
2022-07-15 11:54:49,0,0,10.447761,0,0,86.06965,2.985075,0.2487562,0
2022-07-15 11:54:48,0,0,11.838791,0.5037783,0,84.63476,2.770781,0,0
2022-07-15 11:54:47,0,0,9.20398,0.2487562,0,85.07463,2.736318,0.4975124,1.2437811
2022-07-15 11:54:46,0,0,10.723192,0,0,85.78554,2.493766,0.4987531,0.2493766
2022-07-15 11:54:45,0,0,11.25,0.25,0,83.75,3.5,0.25,0.75
2022-07-15 11:54:44,0,0,10.25,1,0,84.5,2.5,0.25,0.5
2022-07-15 11:54:43,0,0,10.473815,0.2493766,0,85.03741,2.493766,0.2493766,0.4987531
2022-07-15 11:54:42,0,0,11.471322,0.2493766,0,78.80299,2.992519,0.2493766,4.987531
2022-07-15 11:54:41,0,0,8,0.75,0,81.5,3.25,0.25,5.25
2022-07-15 11:54:40,0,0,9.20398,0.2487562,0,83.08458,3.233831,0.2487562,3.233831
2022-07-15 11:54:39,0,0,6.947891,0.4962779,0,83.62283,2.729529,0,4.962779
2022-07-15 11:54:38,0,0,5.472637,0.2487562,0,88.30846,3.482587,0.2487562,1.741294
2022-07-15 11:54:37,0,0,13.065327,0.2512563,0,83.9196,2.261307,0.2512563,0
2022-07-15 11:54:36,0,0,10.148515,0.7425743,0,81.18812,3.465347,0.2475248,3.465347
2022-07-15 11:54:35,0,0,4.455446,1.2376238,0,75.9901,3.712871,0.2475248,11.881188
2022-07-15 11:54:34,0,0,6.683168,0.7425743,0,79.9505,3.465347,0.2475248,7.425743
2022-07-15 11:54:33,0,0,6.403941,0.4926108,0,79.06404,3.448276,0,8.62069
2022-07-15 11:54:32,0,0,7.389163,0.7389163,0,79.31034,3.448276,0,7.635468
2022-07-15 11:54:31,0,0,3.9801,0.9950249,0,80.84577,1.99005,0.2487562,8.208955
2022-07-15 11:54:30,0,0,9.925558,0.248139,0,82.87841,3.225806,0.248139,2.977667
2022-07-15 11:54:29,0,0,3.473945,0.248139,0,88.33747,2.233251,0,4.466501
2022-07-15 11:54:28,0,0,14.25,0,0,82,3.25,0.25,0
2022-07-15 11:54:27,0,0,8.415842,0.4950495,0,82.42574,2.970297,0.4950495,4.455446
2022-07-15 11:54:26,0,0,9.273183,0,0,85.71429,2.756892,0.2506266,1.0025063
2022-07-15 11:54:25,0,0,6.203474,0.4962779,0,79.40447,4.218362,0,7.940447
2022-07-15 11:54:24,0,0,6.683168,0.990099,0,79.70297,3.465347,0.2475248,7.425743
2022-07-15 11:54:23,0,0,8.148148,0.7407407,0,82.71605,3.703704,0.2469136,2.962963
2022-07-15 11:54:22,0,0,9.1133,0.2463054,0,81.7734,3.694581,0.4926108,3.940887
2022-07-15 11:54:21,0,0,4.975124,1.4925373,0,77.61194,2.736318,0,10.696517
2022-07-15 11:54:20,0,0,4.466501,0.9925558,0,78.66005,2.48139,0.4962779,9.677419
2022-07-15 11:54:19,0,0,5.707196,0.7444169,0,81.63772,2.729529,0.248139,6.203474
2022-07-15 11:54:18,0,0,6.75,0.75,0,84.75,3.5,0,3
2022-07-15 11:54:17,0,0,9.382716,0.2469136,0,85.92593,3.209877,0.2469136,0.4938272
2022-07-15 11:54:16,0,0,9.022556,0.5012531,0,85.46366,2.506266,0.2506266,1.754386
2022-07-15 11:54:15,0,0,8.5,0.5,0,86.25,2.75,0.25,1.25
2022-07-15 11:54:14,0,0,9.226933,0,0,85.53616,3.740648,0.2493766,0.4987531
2022-07-15 11:54:13,0,0,14.427861,0.2487562,0,81.09453,3.233831,0,0.4975124
2022-07-15 11:54:12,0,0,9.181141,0.7444169,0,78.90819,3.722084,0.4962779,4.962779
2022-07-15 11:54:11,0,0,8.168317,0.2475248,0,85.14851,3.465347,0.2475248,1.980198
2022-07-15 11:54:10,0,0,8.79397,0.2512563,0,86.68342,2.261307,0.2512563,1.5075377
2022-07-15 11:54:09,0,0,7.920792,0.990099,0,84.90099,2.722772,0.2475248,2.722772
2022-07-15 11:54:08,0,0,9.319899,0.2518892,0,87.15365,2.267003,0.2518892,0.2518892
2022-07-15 11:54:07,0,0,14.25,0.75,0,81.25,2.75,0.25,0.5
2022-07-15 11:54:06,0,0,5.159705,0.7371007,0,77.14988,3.685504,0.2457002,10.565111
2022-07-15 11:54:05,0,0,6.419753,0.9876543,0,80.24691,3.209877,0.2469136,6.419753
2022-07-15 11:54:04,0,0,8,0.25,0,87,2.75,0.25,1
2022-07-15 11:54:03,0,0,7.98005,0.2493766,0,85.53616,2.493766,0.2493766,2.493766
2022-07-15 11:54:02,0,0,11.838791,0.2518892,0,83.12343,3.526448,0,0.7556675
2022-07-15 11:54:01,0,0,7.142857,0.9852217,0,79.31034,3.20197,0.4926108,6.650246
2022-07-15 11:54:00,0,0,7.23192,0.7481297,0,79.8005,3.491272,0.2493766,6.733167
2022-07-15 11:53:59,0,0,6.435644,0.7425743,0,79.70297,3.960396,0.4950495,6.435644
2022-07-15 11:53:58,0,0,6.549118,0.2518892,0,84.13098,2.015113,0.5037783,5.793451
2022-07-15 11:53:57,0,0,7.178218,0.7425743,0,81.43564,3.465347,0.4950495,6.188119
2022-07-15 11:53:56,0,0,5.985037,0,0,89.52618,1.745636,0.2493766,1.995012
2022-07-15 11:53:55,0,0,9.045226,0.2512563,0,87.18593,2.763819,0.2512563,0
2022-07-15 11:53:54,0,0,11,0,0,86.75,2,0,0
2022-07-15 11:53:53,0,0,10.776942,0.2506266,0,85.46366,2.506266,0.2506266,0.2506266
2022-07-15 11:53:52,0,0,12.406948,0.4962779,0,83.87097,2.729529,0.248139,0
2022-07-15 11:53:51,0,0,12.903226,0.7444169,0,78.41191,3.722084,0,3.225806
2022-07-15 11:53:50,0,0,6.265664,0.5012531,0,85.21303,3.759398,0.5012531,2.756892
2022-07-15 11:53:49,0,0,7.518797,0.5012531,0,85.21303,3.007519,0.2506266,2.756892
2022-07-15 11:53:48,0,0,9,0,0,87.5,2.5,0.25,0
2022-07-15 11:53:47,0,0,10.972569,0.4987531,0,85.53616,2.244389,0.2493766,0.2493766
2022-07-15 11:53:46,0,0,13.715711,0.2493766,0,82.29426,3.241895,0.2493766,0
2022-07-15 11:53:45,0,0,13.466334,0.7481297,0,81.29676,2.244389,0.2493766,1.2468828
2022-07-15 11:53:44,0,0,5.896806,0.2457002,0,80.58968,3.194103,0.2457002,8.108108
2022-07-15 11:53:43,0,0,6.25,0.75,0,83.75,3.5,0.25,4.25
2022-07-15 11:53:42,0,0,10.25,0.25,0,84.75,3,0.25,1
2022-07-15 11:53:41,0,0,7.518797,0.7518797,0,85.46366,3.508772,0.5012531,2.005013
2022-07-15 11:53:40,0,0,9.925558,0.4962779,0,84.11911,2.977667,0.248139,1.736973
2022-07-15 11:53:39,0,0,9.774436,0,0,87.46867,2.506266,0,0
2022-07-15 11:53:38,0,0,8.72818,0.2493766,0,85.53616,3.491272,0.2493766,1.4962594
2022-07-15 11:53:37,0,0,8.148148,0.4938272,0,85.92593,2.962963,0.4938272,1.4814815
2022-07-15 11:53:36,0,0,8.75,0.25,0,88.25,2,0,0
2022-07-15 11:53:35,0,0,11.138614,0.4950495,0,84.40594,3.217822,0.2475248,0.2475248
2022-07-15 11:53:34,0,0,12.09068,0.2518892,0,84.88665,2.015113,0.2518892,0.2518892
2022-07-15 11:53:33,0,0,11.838791,0,0,83.6272,3.778338,0,0.2518892
2022-07-15 11:53:32,0,0,8.72818,0.2493766,0,86.53367,2.493766,0.4987531,1.2468828
2022-07-15 11:53:31,0,0,7.575758,0.2525253,0,88.38384,2.777778,0,0.5050505
2022-07-15 11:53:30,0,0,12.189055,0.2487562,0,83.83085,2.736318,0.2487562,0.2487562
2022-07-15 11:53:29,0,0,9.273183,0.2506266,0,85.96491,3.508772,0.2506266,0.2506266
2022-07-15 11:53:28,0,0,9.701493,0,0,84.0796,2.985075,0.2487562,1.99005
2022-07-15 11:53:27,0,0,10.050251,0.2512563,0,87.18593,1.758794,0.2512563,0.2512563
2022-07-15 11:53:26,0,0,12.468828,0.2493766,0,83.54115,2.493766,0.2493766,0.7481297
2022-07-15 11:53:25,0,0,9.701493,0.4975124,0,82.83582,2.487562,0.4975124,3.482587
2022-07-15 11:53:24,0,0,6.947891,0.248139,0,87.59305,1.736973,0,2.977667
2022-07-15 11:53:23,0,0,11.335013,0.5037783,0,85.13854,2.267003,0.2518892,0
2022-07-15 11:53:22,0,0,12.219451,0.2493766,0,84.53865,2.244389,0,0.2493766
2022-07-15 11:53:21,0,0,6.234414,0.4987531,0,86.28429,1.995012,0.2493766,3.241895
2022-07-15 11:53:20,0,0,10.275689,0.2506266,0,85.96491,2.506266,0.2506266,0.2506266
2022-07-15 11:53:19,0,0,10.945274,0.4975124,0,85.57214,2.487562,0.2487562,0
2022-07-15 11:53:18,0,0,11,0.5,0,85.5,2.75,0,0
2022-07-15 11:53:17,0,0,10.972569,0,0,83.54115,3.491272,0.2493766,1.4962594
2022-07-15 11:53:16,0,0,9.022556,0.2506266,0,87.7193,2.255639,0,0.2506266
2022-07-15 11:53:15,0,0,10.275689,0,0,85.71429,3.007519,0.2506266,0.5012531
2022-07-15 11:53:14,0,0,10.275689,0.2506266,0,86.71679,2.255639,0.2506266,0
2022-07-15 11:53:13,0,0,11.940299,0,0,83.83085,3.233831,0.2487562,0.2487562
2022-07-15 11:53:12,0,0,8.75,0.25,0,87.75,2.25,0.25,0.25
2022-07-15 11:53:11,0,0,11.940299,0,0,83.83085,2.736318,0.2487562,0.4975124
2022-07-15 11:53:10,0,0,12.060302,0.5025126,0,83.16583,3.015075,0.2512563,0.5025126
2022-07-15 11:53:09,0,0,12.437811,0,0,83.83085,1.99005,0.2487562,0.9950249
2022-07-15 11:53:08,0,0,7.23192,0.4987531,0,83.79052,3.491272,0.4987531,2.743142
2022-07-15 11:53:07,0,0,9.950249,0.4975124,0,82.08955,3.482587,0,2.985075
2022-07-15 11:53:06,0,0,4.726368,0.2487562,0,91.79104,1.99005,0.2487562,0.2487562
2022-07-15 11:53:05,0,0,11.528822,0.2506266,0,84.71178,2.756892,0.2506266,0
2022-07-15 11:53:04,0,0,9.181141,0,0,88.08933,1.4888337,0.248139,0.4962779
2022-07-15 11:53:03,0,0,10.80402,0.2512563,0,85.67839,2.512563,0.2512563,0.2512563
2022-07-15 11:53:02,0,0,10.5,0.25,0,86,2.5,0.25,0.25
2022-07-15 11:53:01,0,0,14.786967,0.5012531,0,79.69925,3.508772,0.2506266,0.7518797
2022-07-15 11:53:00,0,0,10.275689,0.5012531,0,83.9599,3.007519,0.2506266,1.2531328
2022-07-15 11:52:59,0,0,9.725686,0.2493766,0,85.03741,3.241895,0.2493766,1.2468828
2022-07-15 11:52:58,0,0,8.478803,0.7481297,0,85.28678,2.992519,0,1.745636
2022-07-15 11:52:57,0,0,6.733167,0.4987531,0,84.53865,3.740648,0.2493766,3.740648
2022-07-15 11:52:56,0,0,8.706468,0.2487562,0,88.55721,1.741294,0.2487562,0
2022-07-15 11:52:55,0,0,10.75,0,0,86,2.5,0,0.25
2022-07-15 11:52:54,0,0,10.526316,0.5012531,0,85.96491,2.506266,0,0.2506266
2022-07-15 11:52:53,0,0,10.696517,0.2487562,0,84.82587,2.985075,0.4975124,0
2022-07-15 11:52:52,0,0,9.823678,0.2518892,0,86.90176,2.015113,0.5037783,0
2022-07-15 11:52:51,0,0,10.224439,0,0,86.28429,2.244389,0.2493766,0.4987531
2022-07-15 11:52:50,0,0,11,0.25,0,84.5,3.5,0,0.25
2022-07-15 11:52:49,0,0,10.25,0.75,0,85.5,2.5,0.25,0.5
2022-07-15 11:52:48,0,0,9.75,0.5,0,86,3,0.25,0
2022-07-15 11:52:47,0,0,12.030075,0.2506266,0,84.71178,2.506266,0,0.2506266
2022-07-15 11:52:46,0,0,9.296482,0,0,86.68342,2.01005,0.2512563,0.2512563
2022-07-15 11:52:45,0,0,6.015038,0.5012531,0,90.22556,2.756892,0.2506266,0
2022-07-15 11:52:44,0,0,6.234414,0.4987531,0,90.27431,2.493766,0,0.2493766
2022-07-15 11:52:43,0,0,6,0.5,0,90.75,2,0.25,0
2022-07-15 11:52:42,0,0,5.25,0.25,0,92.5,1.75,0,0
2022-07-15 11:52:41,0,0,4.522613,0.5025126,0,91.20603,2.763819,0.2512563,0
2022-07-15 11:52:40,0,0,3.241895,0.2493766,0,93.51621,2.493766,0.2493766,0
2022-07-15 11:52:39,0,0,3.007519,0.5012531,0,93.23308,2.506266,0.2506266,0
2022-07-15 11:52:38,0,0,3.241895,0.2493766,0,93.76559,2.244389,0.2493766,0
2022-07-15 11:52:37,0,0,3.759398,0.2506266,0,92.23058,2.506266,0.5012531,0.2506266
2022-07-15 11:52:36,0,0,0.75,0.75,0,95.5,2.5,0.25,0
2022-07-15 11:52:35,0,0,1,0.25,0,95.75,2.75,0,0
2022-07-15 11:52:34,0,0,1.0025063,0.2506266,0,95.73935,2.255639,0.2506266,0
2022-07-15 11:52:33,0,0,1,0.5,0,95.75,1.75,0.5,0
2022-07-15 11:52:32,0,0,1.2437811,0.7462687,0,94.27861,2.985075,0.2487562,0
2022-07-15 11:52:31,0,0,0.7556675,0.2518892,0,96.47355,2.015113,0,0
2022-07-15 11:52:30,0,0,0.9925558,0.248139,0,96.02978,1.985112,0.248139,0
2022-07-15 11:52:29,0,0,1.2531328,0.2506266,0,96.2406,1.754386,0,0
2022-07-15 11:52:28,0,0,1,0.25,0,96.75,1.5,0.25,0
2022-07-15 11:52:27,0,0,0.7537688,0.7537688,0,94.97487,2.261307,0.2512563,0
2022-07-15 11:52:26,0,0,1.0025063,0,0,96.2406,2.005013,0.2506266,0
2022-07-15 11:52:25,0,0,0.9925558,0.4962779,0,94.78908,2.977667,0.248139,0
2022-07-15 11:52:24,0,0,1.0075567,0.5037783,0,95.21411,2.770781,0,0
2022-07-15 11:52:23,0,0,0.9975062,0.7481297,0,94.51372,2.992519,0.2493766,0
2022-07-15 11:52:22,0,0,1.2531328,0.2506266,0,95.73935,2.255639,0,0
2022-07-15 11:52:21,0,0,0.7518797,0.2506266,0,96.74185,1.754386,0.2506266,0
2022-07-15 11:52:20,0,0,1.2437811,0.4975124,0,95.02488,2.238806,0,0
2022-07-15 11:52:19,0,0,0.7518797,0.2506266,0,96.74185,1.5037594,0.5012531,0
2022-07-15 11:52:18,0,0,1.0025063,0.5012531,0,95.48872,2.506266,0.2506266,0
2022-07-15 11:52:17,0,0,0.7575758,0,0,96.21212,2.272727,0,0
2022-07-15 11:52:16,0,0,1,0.25,0,96.25,2,0.25,0
2022-07-15 11:52:15,0,0,0.9975062,0.4987531,0,95.7606,2.244389,0.2493766,0
2022-07-15 11:52:14,0,0,0.7518797,0,0,96.74185,2.255639,0,0
2022-07-15 11:52:13,0,0,1,0,0,96.75,1.75,0,0
2022-07-15 11:52:12,0,0,1.0025063,0,0,96.99248,1.754386,0,0
2022-07-15 11:52:11,0,0,1.0050251,0.2512563,0,96.23116,2.01005,0.2512563,0
2022-07-15 11:52:10,0,0,1.0025063,0.2506266,0,96.2406,1.754386,0,0
2022-07-15 11:52:09,0,0,1,0.25,0,94.75,3,0.5,0
2022-07-15 11:52:08,0,0,0.7518797,0,0,96.99248,2.005013,0,0
2022-07-15 11:52:07,0,0,1.2531328,0.2506266,0,95.48872,2.506266,0.2506266,0
2022-07-15 11:52:06,0,0,2.255639,0.5012531,0,94.23559,2.255639,0.2506266,0
2022-07-15 11:52:05,0,0,4.75,0.25,0,92.25,2.25,0,0
2022-07-15 11:52:04,0,0,3.9801,0.4975124,0,92.28856,2.238806,0.4975124,0
2022-07-15 11:52:03,0,0,3.768844,0.2512563,0,93.96985,1.758794,0,0
2022-07-15 11:52:02,0,0,4.010025,0.2506266,0,93.73434,1.754386,0,0
2022-07-15 11:52:01,0,0,4.5,0.25,0,93,1.75,0.25,0
2022-07-15 11:52:00,0,0,5,0,0,92,2.25,0.5,0
2022-07-15 11:51:59,0,0,5.513784,0.2506266,0,91.22807,2.255639,0.2506266,0
2022-07-15 11:51:58,0,0,7.444169,0.248139,0,88.83375,2.48139,0.4962779,0.248139
2022-07-15 11:51:57,0,0,7.035176,0.2512563,0,90.20101,2.261307,0,0
2022-07-15 11:51:56,0,0,7.75,0.25,0,88.5,3,0.25,0
2022-07-15 11:51:55,0,0,10.669975,0.248139,0,85.3598,2.729529,0.248139,0.248139
2022-07-15 11:51:54,0,0,10.5,0.25,0,85.75,2.75,0.25,0
2022-07-15 11:51:53,0,0,11.557789,0.5025126,0,85.17588,2.01005,0,0.5025126
2022-07-15 11:51:52,0,0,8,0.25,0,87.5,2.25,0.25,0.25
2022-07-15 11:51:51,0,0,10.199005,0.2487562,0,86.06965,2.736318,0.2487562,0
2022-07-15 11:51:50,0,0,10.579345,0.2518892,0,86.39798,2.518892,0,0
2022-07-15 11:51:49,0,0,10.447761,0.4975124,0,86.31841,1.99005,0.2487562,0.2487562
2022-07-15 11:51:48,0,0,10.552764,0.5025126,0,83.41709,3.015075,0,1.5075377
2022-07-15 11:51:47,0,0,9.022556,0,0,88.22055,2.005013,0.2506266,0
2022-07-15 11:51:46,0,0,10.5,0.25,0,85.75,2.25,0.25,0.25
2022-07-15 11:51:45,0,0,11.442786,0.4975124,0,84.82587,2.238806,0,0.2487562
2022-07-15 11:51:44,0,0,8.72818,0,0,88.77805,1.4962594,0.2493766,0
2022-07-15 11:51:43,0,0,10.80402,0.2512563,0,85.42714,3.266332,0.2512563,0
2022-07-15 11:51:42,0,0,11.616162,0,0,85.35354,2.272727,0.2525253,0
2022-07-15 11:51:41,0,0,10.39604,0.990099,0,82.42574,2.970297,0.2475248,1.732673
2022-07-15 11:51:40,0,0,8.77193,0.2506266,0,87.7193,2.506266,0,0.2506266
2022-07-15 11:51:39,0,0,15.538847,0.7518797,0,79.69925,3.508772,0.2506266,0.2506266
2022-07-15 11:51:38,0,0,8.977556,0.4987531,0,83.04239,3.241895,0.4987531,2.743142
2022-07-15 11:51:37,0,0,5.764411,0.2506266,0,88.7218,2.506266,0.2506266,1.754386
2022-07-15 11:51:36,0,0,8.478803,0.2493766,0,84.78803,2.493766,0.4987531,3.241895
2022-07-15 11:51:35,0,0,11,0,0,86.5,1.75,0.25,0
2022-07-15 11:51:34,0,0,14.427861,0.2487562,0,80.0995,4.228856,0.4975124,0.4975124
2022-07-15 11:51:33,0,0,4.938272,0.7407407,0,80,2.469136,0.2469136,7.901235
2022-07-15 11:51:32,0,0,8.564232,0.5037783,0,76.57431,3.02267,0,7.052897
2022-07-15 11:51:31,0,0,6.91358,0.7407407,0,81.7284,3.45679,0.2469136,5.432099
2022-07-15 11:51:30,0,0,6.982544,0.4987531,0,84.0399,2.493766,0.2493766,4.488778
2022-07-15 11:51:29,0,0,6.91358,0.4938272,0,83.7037,3.209877,0.2469136,4.444444
2022-07-15 11:51:28,0,0,10.669975,0.9925558,0,78.66005,2.977667,0.248139,4.962779
2022-07-15 11:51:27,0,0,4.70297,0.990099,0,74.75248,3.217822,0.2475248,12.871287
2022-07-15 11:51:26,0,0,3.694581,0.9852217,0,72.41379,2.70936,0.2463054,13.300493
2022-07-15 11:51:25,0,0,2.977667,0.9925558,0,70.47146,2.729529,0.248139,15.632754
2022-07-15 11:51:24,0,0,6.716418,0.2487562,0,86.56716,2.487562,0.2487562,2.736318
2022-07-15 11:51:23,0,0,7.769424,0.5012531,0,86.21554,2.756892,0,2.005013
2022-07-15 11:51:22,0,0,8.706468,0.2487562,0,85.32338,2.985075,0.2487562,1.99005
2022-07-15 11:51:21,0,0,8,0.25,0,86.25,2,0,3
2022-07-15 11:51:20,0,0,10.723192,0.4987531,0,85.53616,2.493766,0.4987531,0
2022-07-15 11:51:19,0,0,11.278195,0,0,85.21303,3.258145,0,0
2022-07-15 11:51:18,0,0,10.301508,0.2512563,0,86.43216,1.758794,0.2512563,0.2512563
2022-07-15 11:51:17,0,0,11.221945,0,0,85.53616,1.995012,0.2493766,0.4987531
2022-07-15 11:51:16,0,0,13.965087,0,0,82.04489,2.992519,0,0.4987531
2022-07-15 11:51:15,0,0,7.178218,0.4950495,0,84.90099,2.722772,0.2475248,3.465347
2022-07-15 11:51:14,0,0,8.208955,0.7462687,0,82.33831,2.985075,0,4.477612
2022-07-15 11:51:13,0,0,5.223881,0.2487562,0,84.82587,1.741294,0.4975124,6.218905
2022-07-15 11:51:12,0,0,7.769424,0.2506266,0,85.46366,2.756892,0,3.258145
2022-07-15 11:51:11,0,0,9.975062,0.4987531,0,82.79302,3.241895,0.2493766,2.493766
2022-07-15 11:51:10,0,0,11.027569,0.2506266,0,81.20301,4.010025,0.2506266,2.756892
2022-07-15 11:51:09,0,0,6.666667,0.7407407,0,86.17284,1.728395,0.4938272,2.962963
2022-07-15 11:51:08,0,0,11,0.5,0,85,2.75,0.25,0.25
2022-07-15 11:51:07,0,0,8.148148,0.9876543,0,78.51852,2.716049,0.2469136,8.395062
2022-07-15 11:51:06,0,0,4.726368,0.4975124,0,84.82587,2.238806,0.2487562,6.467662
2022-07-15 11:51:05,0,0,8.312343,0.2518892,0,89.16877,1.763224,0,0.2518892
2022-07-15 11:51:04,0,0,10.275689,0,0,86.21554,2.506266,0.2506266,0.2506266
2022-07-15 11:51:03,0,0,10.473815,0.2493766,0,87.03242,1.745636,0.2493766,0.2493766
2022-07-15 11:51:02,0,0,10.275689,0.5012531,0,86.96742,1.754386,0,0
2022-07-15 11:51:01,0,0,10.473815,0.2493766,0,85.03741,2.493766,0.4987531,0.7481297
2022-07-15 11:51:00,0,0,11.779449,0,0,84.96241,2.255639,0,0.7518797
2022-07-15 11:50:59,0,0,8.060453,0.5037783,0,86.64987,1.763224,0.2518892,2.015113
2022-07-15 11:50:58,0,0,10.972569,0.2493766,0,85.53616,1.995012,0.4987531,0
2022-07-15 11:50:57,0,0,11,0.25,0,85,2.5,0.5,0.25
2022-07-15 11:50:56,0,0,11.055276,0.2512563,0,85.67839,2.01005,0.2512563,0
2022-07-15 11:50:55,0,0,9.725686,0,0,86.78304,2.493766,0.2493766,0.2493766
2022-07-15 11:50:54,0,0,10.025063,0.7518797,0,85.21303,2.756892,0.2506266,0
2022-07-15 11:50:53,0,0,10.199005,0.2487562,0,87.56219,1.741294,0,0.2487562
2022-07-15 11:50:52,0,0,10.25,0.25,0,85.75,2.75,0.25,0.25
2022-07-15 11:50:51,0,0,10.526316,0.5012531,0,85.21303,3.007519,0.2506266,0
2022-07-15 11:50:50,0,0,10.723192,0.4987531,0,85.53616,2.244389,0.4987531,0
2022-07-15 11:50:49,0,0,10.526316,0.2506266,0,85.71429,2.756892,0.2506266,0.2506266
2022-07-15 11:50:48,0,0,11.5,0.5,0,83.75,3,0.25,0.25
2022-07-15 11:50:47,0,0,9.296482,0,0,87.68844,2.512563,0.2512563,0
2022-07-15 11:50:46,0,0,10.552764,0.7537688,0,86.1809,1.5075377,0.2512563,0.2512563
2022-07-15 11:50:45,0,0,11.940299,0.7462687,0,80.84577,3.233831,0.2487562,1.99005
2022-07-15 11:50:44,0,0,7.730673,0,0,88.52868,2.493766,0,0.2493766
2022-07-15 11:50:43,0,0,12,0.25,0,85.75,1.5,0.25,0
2022-07-15 11:50:42,0,0,13,0,0,83.25,2.5,0.25,0.75
2022-07-15 11:50:41,0,0,5.555556,0.5050505,0,91.91919,1.767677,0,0
2022-07-15 11:50:40,0,0,10.75,0.25,0,85.25,2.25,0.5,0.5
2022-07-15 11:50:39,0,0,10.224439,0.4987531,0,86.53367,1.995012,0.4987531,0
2022-07-15 11:50:38,0,0,10.723192,0.2493766,0,85.03741,2.743142,0,0.2493766
2022-07-15 11:50:37,0,0,10.80402,0.2512563,0,85.67839,2.763819,0.2512563,0
2022-07-15 11:50:36,0,0,10.224439,0,0,86.28429,2.743142,0,0.2493766
2022-07-15 11:50:35,0,0,10.75,0.25,0,86,2.25,0.25,0
2022-07-15 11:50:34,0,0,10.447761,0,0,86.56716,1.99005,0.2487562,0.2487562
2022-07-15 11:50:33,0,0,11.809045,0.2512563,0,83.9196,2.512563,0.2512563,0.5025126
2022-07-15 11:50:32,0,0,8.25,0.25,0,89,2.25,0,0
2022-07-15 11:50:31,0,0,11.25,0,0,85,2.25,0.25,0.5
2022-07-15 11:50:30,0,0,9,0.25,0,88,1.75,0.25,0.25
2022-07-15 11:50:29,0,0,14.713217,0.2493766,0,80.29925,4.239401,0.2493766,0
2022-07-15 11:50:28,0,0,9.20398,0.7462687,0,78.35821,3.482587,0.4975124,6.218905
2022-07-15 11:50:27,0,0,6.203474,0.7444169,0,78.66005,2.233251,0,7.444169
2022-07-15 11:50:26,0,0,7.769424,0.7518797,0,80.45113,3.508772,0.2506266,5.012531
2022-07-15 11:50:25,0,0,7.407407,1.4814815,0,81.7284,3.209877,0.2469136,5.432099
2022-07-15 11:50:24,0,0,8.148148,0.9876543,0,83.20988,2.716049,0.2469136,4.197531
2022-07-15 11:50:23,0,0,8.72818,0.4987531,0,83.04239,2.493766,0.2493766,3.740648
2022-07-15 11:50:22,0,0,6.015038,0.2506266,0,86.46617,2.756892,0,3.258145
2022-07-15 11:50:21,0,0,7.425743,0.2475248,0,84.90099,2.475248,0.4950495,3.712871
2022-07-15 11:50:20,0,0,8.75,0.5,0,86.5,2.5,0,0.5
2022-07-15 11:50:19,0,0,8.77193,0,0,88.22055,2.506266,0.2506266,0
2022-07-15 11:50:18,0,0,10.723192,0.4987531,0,85.78554,2.743142,0,0
2022-07-15 11:50:17,0,0,10.696517,0,0,86.06965,1.99005,0.4975124,0.2487562
2022-07-15 11:50:16,0,0,10.275689,0.5012531,0,85.96491,2.506266,0.2506266,0.2506266
2022-07-15 11:50:15,0,0,10.80402,0.2512563,0,85.42714,3.266332,0,0
2022-07-15 11:50:14,0,0,12,0,0,85,2.25,0.25,0.25
2022-07-15 11:50:13,0,0,13.466334,0.2493766,0,81.79551,3.241895,0,0.7481297
2022-07-15 11:50:12,0,0,7.286432,0,0,86.93467,2.261307,0.5025126,2.512563
2022-07-15 11:50:11,0,0,7.286432,0.2512563,0,89.44724,1.758794,0,0.2512563
2022-07-15 11:50:10,0,0,11.720698,0.7481297,0,84.28928,2.743142,0.2493766,0
2022-07-15 11:50:09,0,0,9.774436,0.2506266,0,85.96491,2.756892,0,0.5012531
2022-07-15 11:50:08,0,0,9.547739,0.2512563,0,86.93467,2.261307,0.2512563,0.5025126
2022-07-15 11:50:07,0,0,14,0.5,0,82,3.25,0.25,0
2022-07-15 11:50:06,0,0,7.920792,0.990099,0,79.9505,2.227723,0.2475248,7.178218
2022-07-15 11:50:05,0,0,6.234414,0.2493766,0,90.27431,1.995012,0,0.7481297
2022-07-15 11:50:04,0,0,10.776942,0,0,85.71429,3.007519,0.2506266,0
2022-07-15 11:50:03,0,0,10.275689,0.2506266,0,85.46366,2.756892,0.2506266,0.2506266
2022-07-15 11:50:02,0,0,12.030075,0.5012531,0,84.96241,2.255639,0,0
2022-07-15 11:50:01,0,0,9.52381,0.2506266,0,85.46366,2.756892,0,1.2531328
2022-07-15 11:50:00,0,0,10.173697,0.248139,0,86.84864,1.4888337,0.248139,0.4962779
2022-07-15 11:49:59,0,0,12.935323,0.2487562,0,84.0796,2.238806,0.2487562,0
2022-07-15 11:49:58,0,0,9.226933,0.4987531,0,84.53865,2.743142,0.2493766,1.4962594
2022-07-15 11:49:57,0,0,7.769424,0.7518797,0,84.71178,2.506266,0,3.258145
2022-07-15 11:49:56,0,0,8.229426,0.2493766,0,86.28429,3.491272,0.2493766,0.7481297
2022-07-15 11:49:55,0,0,10.301508,0.2512563,0,85.92965,2.512563,0.2512563,0.5025126
2022-07-15 11:49:54,0,0,10.945274,0.2487562,0,85.07463,2.736318,0.2487562,0
2022-07-15 11:49:53,0,0,10.473815,0.4987531,0,86.03491,2.493766,0.2493766,0
2022-07-15 11:49:52,0,0,10.776942,0.2506266,0,86.21554,2.255639,0.2506266,0
2022-07-15 11:49:51,0,0,10.75,0.25,0,85.5,2.5,0.25,0.25
2022-07-15 11:49:50,0,0,15.037594,0.2506266,0,81.45363,2.756892,0.2506266,0
2022-07-15 11:49:49,0,0,4.70297,0.4950495,0,83.91089,2.475248,0.2475248,5.940594
2022-07-15 11:49:48,0,0,11.691542,0.2487562,0,81.8408,4.228856,0.2487562,1.2437811
2022-07-15 11:49:47,0,0,7.808564,0.2518892,0,84.13098,3.778338,0.2518892,2.770781
2022-07-15 11:49:46,0,0,8.168317,0,0,87.12871,2.475248,0.4950495,0.7425743
2022-07-15 11:49:45,0,0,8.521303,0.5012531,0,87.7193,2.255639,0.2506266,0.2506266
2022-07-15 11:49:44,0,0,10.447761,0.4975124,0,85.07463,2.736318,0.4975124,0
2022-07-15 11:49:43,0,0,9.774436,0,0,87.21805,2.255639,0.2506266,0
2022-07-15 11:49:42,0,0,10.473815,0.2493766,0,85.78554,2.493766,0.2493766,0.4987531
2022-07-15 11:49:41,0,0,10.526316,0.2506266,0,84.96241,3.508772,0,0
2022-07-15 11:49:40,0,0,10.723192,0.2493766,0,85.53616,2.493766,0.2493766,0.2493766
2022-07-15 11:49:39,0,0,10.473815,0.9975062,0,85.28678,2.493766,0.4987531,0
2022-07-15 11:49:38,0,0,11.306533,0,0,85.67839,2.261307,0.2512563,0.2512563
2022-07-15 11:49:37,0,0,8.816121,0,0,86.1461,4.534005,0,0.2518892
2022-07-15 11:49:36,0,0,10.473815,0.2493766,0,86.53367,1.745636,0.2493766,0.2493766
2022-07-15 11:49:35,0,0,11.75,0.25,0,83.75,3.5,0.25,0
2022-07-15 11:49:34,0,0,10.301508,0.2512563,0,82.66332,3.015075,0.2512563,2.261307
2022-07-15 11:49:33,0,0,8.5,0.25,0,88,3,0,0
2022-07-15 11:49:32,0,0,6.218905,0.2487562,0,87.81095,2.487562,0.2487562,1.741294
2022-07-15 11:49:31,0,0,6.281407,0.2512563,0,89.19598,3.015075,0.5025126,0
2022-07-15 11:49:30,0,0,6.483791,0.2493766,0,90.02494,2.493766,0.4987531,0
2022-07-15 11:49:29,0,0,6.297229,0.2518892,0,90.42821,2.267003,0,0.2518892
2022-07-15 11:49:28,0,0,6,0.25,0,89.25,4,0,0
2022-07-15 11:49:27,0,0,6.483791,0.4987531,0,89.52618,2.992519,0.2493766,0
2022-07-15 11:49:26,0,0,5.513784,0.2506266,0,89.47368,3.007519,0.2506266,0.5012531
2022-07-15 11:49:25,0,0,3.759398,0.2506266,0,92.98246,2.756892,0,0
2022-07-15 11:49:24,0,0,3.778338,0.2518892,0,92.19144,3.02267,0.2518892,0
2022-07-15 11:49:23,0,0,4.726368,0.4975124,0,87.81095,4.477612,0,0.9950249
2022-07-15 11:49:22,0,0,1.0025063,0.2506266,0,95.73935,2.255639,0.2506266,0
2022-07-15 11:49:21,0,0,1.0025063,0.2506266,0,95.73935,2.255639,0.2506266,0
2022-07-15 11:49:20,0,0,1,0.25,0,95.25,2.75,0.25,0
2022-07-15 11:49:19,0,0,1.2468828,0.2493766,0,94.26434,3.740648,0.2493766,0
2022-07-15 11:49:18,0,0,1.0050251,0.2512563,0,94.72362,3.015075,0.5025126,0
2022-07-15 11:49:17,0,0,0.9975062,0.2493766,0,95.01247,2.743142,0.4987531,0
2022-07-15 11:49:16,0,0,1.25,0.25,0,95,3,0,0
2022-07-15 11:49:15,0,0,1.0075567,0.2518892,0,94.96222,2.267003,0.2518892,0
2022-07-15 11:49:14,0,0,1.0075567,0.2518892,0,95.21411,3.02267,0,0
2022-07-15 11:49:13,0,0,1,0,0,96,2.5,0.25,0
2022-07-15 11:49:12,0,0,1.2437811,0.4975124,0,93.78109,2.985075,0,0.2487562
2022-07-15 11:49:11,0,0,1.0126582,0.2531646,0,94.93671,2.531646,0.2531646,0
2022-07-15 11:49:10,0,0,1.2437811,0.2487562,0,95.27363,2.487562,0.2487562,0
2022-07-15 11:49:09,0,0,1.0050251,0.5025126,0,95.47739,2.512563,0,0
2022-07-15 11:49:08,0,0,1.736973,0,0,95.28536,2.233251,0.4962779,0
2022-07-15 11:49:07,0,0,1.2562814,0.2512563,0,94.97487,3.015075,0,0
2022-07-15 11:49:06,0,0,1.2594458,0.2518892,0,94.45844,3.02267,0.2518892,0
2022-07-15 11:49:05,0,0,2.015113,0.2518892,0,93.19899,3.526448,0,0
2022-07-15 11:49:04,0,0,2.736318,0.4975124,0,93.53234,2.238806,0.4975124,0
2022-07-15 11:49:03,0,0,3.778338,0.5037783,0,92.19144,3.02267,0,0
2022-07-15 11:49:02,0,0,4.75,0.25,0,89.75,3.5,0.5,0.5
2022-07-15 11:49:01,0,0,6.982544,0.7481297,0,85.28678,3.241895,0,2.743142
2022-07-15 11:49:00,0,0,7.407407,0.7407407,0,81.7284,3.209877,0,5.925926
2022-07-15 11:48:59,0,0,7.711443,0.7462687,0,79.60199,2.238806,0.2487562,4.975124
2022-07-15 11:48:58,0,0,7.960199,0,0,84.57711,2.736318,0.2487562,3.731343
2022-07-15 11:48:57,0,0,8.72818,0.4987531,0,83.79052,3.241895,0.2493766,2.743142
2022-07-15 11:48:56,0,0,8.415842,0,0,84.40594,2.970297,0.2475248,2.722772
2022-07-15 11:48:55,0,0,8,0.25,0,84.75,1.75,0.25,3.75
2022-07-15 11:48:54,0,0,5.147059,1.4705882,0,76.22549,2.696078,0,9.313725
2022-07-15 11:48:53,0,0,6.234414,0.7481297,0,79.30175,2.244389,0.2493766,9.476309
2022-07-15 11:48:52,0,0,6.683168,0.7425743,0,86.38614,2.227723,0.2475248,2.227723
2022-07-15 11:48:51,0,0,8.25,0,0,87.5,2.5,0.25,1
2022-07-15 11:48:50,0,0,8.040201,0,0,87.9397,2.763819,0.2512563,0.7537688
2022-07-15 11:48:49,0,0,8.270677,0.2506266,0,85.71429,1.5037594,0,2.756892
2022-07-15 11:48:48,0,0,9.476309,0.2493766,0,87.53117,2.493766,0,0
2022-07-15 11:48:47,0,0,10.526316,0.5012531,0,85.96491,2.255639,0.2506266,0.2506266
2022-07-15 11:48:46,0,0,10.275689,0.2506266,0,85.21303,3.508772,0,0.2506266
2022-07-15 11:48:45,0,0,10.5,0.25,0,86,2.25,0.25,0.25
2022-07-15 11:48:44,0,0,10.473815,0.4987531,0,86.53367,1.995012,0.2493766,0
2022-07-15 11:48:43,0,0,11.91067,0.248139,0,84.11911,2.729529,0.248139,0.248139
2022-07-15 11:48:42,0,0,8.585859,0.5050505,0,82.82828,7.575758,0.2525253,0
2022-07-15 11:48:41,0,0,10.473815,0.2493766,0,85.28678,2.743142,0.2493766,0.4987531
2022-07-15 11:48:40,0,0,10.723192,0,0,86.03491,2.244389,0.4987531,0
2022-07-15 11:48:39,0,0,11,0.75,0,85.25,2.25,0.5,0
2022-07-15 11:48:38,0,0,11,0.25,0,84.75,2.75,0,0.75
2022-07-15 11:48:37,0,0,8.312343,0,0,86.39798,2.267003,0.2518892,2.267003
2022-07-15 11:48:36,0,0,12.280702,0.2506266,0,83.45865,3.258145,0.2506266,0
2022-07-15 11:48:35,0,0,8.478803,0.7481297,0,84.53865,2.992519,0.2493766,2.493766
2022-07-15 11:48:34,0,0,10.617284,0.7407407,0,80.74074,3.209877,0.2469136,3.209877
2022-07-15 11:48:33,0,0,7.711443,0.2487562,0,85.32338,2.736318,0.4975124,3.233831
2022-07-15 11:48:32,0,0,9.925558,0.4962779,0,84.11911,2.729529,0.248139,1.736973
2022-07-15 11:48:31,0,0,6.25,0,0,88,2,0.25,3.25
2022-07-15 11:48:30,0,0,7,0.5,0,85.75,2,0.25,4
2022-07-15 11:48:29,0,0,10.526316,0.2506266,0,86.21554,2.506266,0,0.2506266
2022-07-15 11:48:28,0,0,11.027569,0.2506266,0,85.96491,2.255639,0.2506266,0
2022-07-15 11:48:27,0,0,10.5,0.25,0,85.75,2.25,0.25,0.5
2022-07-15 11:48:26,0,0,10.669975,0.4962779,0,84.11911,2.48139,0.248139,1.2406948
2022-07-15 11:48:25,0,0,7.788945,0,0,87.43719,2.512563,0,1.758794
2022-07-15 11:48:24,0,0,10.275689,0.2506266,0,86.46617,2.255639,0.5012531,0
2022-07-15 11:48:23,0,0,10.526316,0.5012531,0,86.21554,1.754386,0.2506266,0.2506266
2022-07-15 11:48:22,0,0,11.278195,0,0,85.71429,2.506266,0,0.2506266
2022-07-15 11:48:21,0,0,13.118812,0,0,84.40594,1.980198,0,0.2475248
2022-07-15 11:48:20,0,0,8.25,0.5,0,85.75,2.5,0.5,1.75
2022-07-15 11:48:19,0,0,7.304786,0.5037783,0,84.63476,3.274559,0.2518892,3.778338
2022-07-15 11:48:18,0,0,8.977556,0.2493766,0,88.02993,2.244389,0,0.2493766
2022-07-15 11:48:17,0,0,11.528822,0.2506266,0,86.21554,1.754386,0,0
2022-07-15 11:48:16,0,0,13.784461,0.2506266,0,82.70677,2.005013,0.2506266,0.7518797
2022-07-15 11:48:15,0,0,8.706468,0.2487562,0,87.56219,2.238806,0,1.2437811
2022-07-15 11:48:14,0,0,9.975062,0.2493766,0,81.54613,3.491272,0.4987531,3.491272
2022-07-15 11:48:13,0,0,5.955335,0.4962779,0,86.6005,1.736973,0.248139,4.466501
2022-07-15 11:48:12,0,0,12.468828,0.2493766,0,82.29426,3.241895,0.2493766,1.4962594
2022-07-15 11:48:11,0,0,5.793451,0.2518892,0,89.92443,2.518892,0,1.0075567
2022-07-15 11:48:10,0,0,12.686567,0.2487562,0,83.83085,2.736318,0,0.2487562
2022-07-15 11:48:09,0,0,10.25,0.25,0,83.25,3.25,0.25,2
2022-07-15 11:48:08,0,0,8.72818,0.2493766,0,88.02993,2.244389,0.2493766,0.2493766
2022-07-15 11:48:07,0,0,10.552764,0.2512563,0,81.65829,2.763819,0,3.266332
2022-07-15 11:48:06,0,0,5.679012,0.9876543,0,82.22222,2.222222,0.2469136,6.666667
2022-07-15 11:48:05,0,0,8.706468,0.2487562,0,82.08955,3.482587,0,3.9801
2022-07-15 11:48:04,0,0,7.98005,0,0,85.28678,2.743142,0.2493766,3.241895
2022-07-15 11:48:03,0,0,9.25,0.5,0,86.25,2.5,0,0.75
2022-07-15 11:48:02,0,0,9.476309,0.4987531,0,83.29177,1.995012,0.2493766,3.740648
2022-07-15 11:48:01,0,0,11,0.25,0,84.5,2.5,0,1.25
2022-07-15 11:48:00,0,0,7.960199,0,0,85.32338,3.233831,0.2487562,2.736318
2022-07-15 11:47:59,0,0,8.229426,0.4987531,0,85.03741,2.493766,0,2.743142
2022-07-15 11:47:58,0,0,7.788945,0,0,89.69849,2.01005,0.2512563,0
2022-07-15 11:47:57,0,0,10.669975,0.4962779,0,83.62283,2.233251,0.248139,1.985112
2022-07-15 11:47:56,0,0,9.25,0.25,0,85.5,3.25,0,1.5
2022-07-15 11:47:55,0,0,9.925558,0.248139,0,83.62283,2.233251,0.248139,2.977667
2022-07-15 11:47:54,0,0,8.955224,0.2487562,0,81.34328,2.487562,0.7462687,4.477612
2022-07-15 11:47:53,0,0,7.481297,0.7481297,0,84.53865,2.244389,0,4.239401
2022-07-15 11:47:52,0,0,7.23192,0.2493766,0,88.52868,2.244389,0.2493766,1.4962594
2022-07-15 11:47:51,0,0,9.547739,0.2512563,0,81.15578,3.015075,0.5025126,4.522613
2022-07-15 11:47:50,0,0,6.17284,0.4938272,0,85.18519,1.4814815,0.2469136,4.691358
2022-07-15 11:47:49,0,0,10.80402,0,0,86.43216,2.01005,0.2512563,0
2022-07-15 11:47:48,0,0,8.706468,0.2487562,0,80.0995,3.233831,0,5.472637
2022-07-15 11:47:47,0,0,7.730673,0.2493766,0,88.52868,2.244389,0.2493766,0.4987531
2022-07-15 11:47:46,0,0,11.779449,0.5012531,0,81.45363,3.508772,0,2.506266
2022-07-15 11:47:45,0,0,8.25,0,0,85,2.5,0,3.25
2022-07-15 11:47:44,0,0,7.901235,0.4938272,0,83.7037,3.209877,0.2469136,3.45679
2022-07-15 11:47:43,0,0,7.788945,0.2512563,0,87.18593,1.758794,0,2.512563
2022-07-15 11:47:42,0,0,10.723192,0.2493766,0,85.03741,2.493766,0.2493766,0.7481297
2022-07-15 11:47:41,0,0,7.352941,1.2254902,0,82.59804,2.941176,0.245098,4.656863
2022-07-15 11:47:40,0,0,6.516291,0.5012531,0,80.45113,2.506266,0.2506266,6.015038
2022-07-15 11:47:39,0,0,8.5,1,0,84.75,2,0.25,2.5
2022-07-15 11:47:38,0,0,6.982544,0.7481297,0,81.04738,2.743142,0.2493766,6.982544
2022-07-15 11:47:37,0,0,6.218905,0.4975124,0,83.33333,2.238806,0,4.975124
2022-07-15 11:47:36,0,0,9.725686,0.2493766,0,84.53865,2.992519,0.2493766,1.995012
2022-07-15 11:47:35,0,0,7.21393,0.4975124,0,81.8408,2.487562,0.4975124,5.721393
2022-07-15 11:47:34,0,0,5.693069,0.2475248,0,88.36634,2.722772,0.2475248,1.980198
2022-07-15 11:47:33,0,0,8.607595,0.2531646,0,87.08861,2.278481,0,1.5189873
2022-07-15 11:47:32,0,0,8.816121,0,0,88.16121,2.015113,0.2518892,0.2518892
2022-07-15 11:47:31,0,0,10,0.5,0,85.75,2.75,0,0.25
2022-07-15 11:47:30,0,0,11.5,0.25,0,85.25,2.5,0,0
2022-07-15 11:47:29,0,0,15.5,0.25,0,78.75,4.25,0.25,0.5
2022-07-15 11:47:28,0,0,6.467662,0.4975124,0,83.08458,3.233831,0.2487562,5.223881
2022-07-15 11:47:27,0,0,8.312343,0.2518892,0,87.40554,2.015113,0.2518892,1.0075567
2022-07-15 11:47:26,0,0,6.699752,0.248139,0,81.63772,3.225806,0,6.947891
2022-07-15 11:47:25,0,0,9.1133,0.4926108,0,81.7734,3.940887,0.2463054,3.694581
2022-07-15 11:47:24,0,0,6.030151,0.2512563,0,86.1809,2.261307,0,3.517588
2022-07-15 11:47:23,0,0,9.181141,0.248139,0,79.40447,2.48139,0.248139,7.19603
2022-07-15 11:47:22,0,0,7.017544,0.5012531,0,83.70927,2.255639,0,4.761905
2022-07-15 11:47:21,0,0,6.666667,0.7407407,0,80.74074,2.962963,0.7407407,6.17284
2022-07-15 11:47:20,0,0,5.223881,0.2487562,0,87.06468,2.238806,0,4.477612
2022-07-15 11:47:19,0,0,7.178218,0.2475248,0,89.60396,2.227723,0.2475248,0
2022-07-15 11:47:18,0,0,13.819095,0.7537688,0,81.90955,2.763819,0.5025126,0.2512563
2022-07-15 11:47:17,0,0,8.457711,0.7462687,0,80.0995,2.487562,0,6.218905
2022-07-15 11:47:16,0,0,9.022556,0.2506266,0,85.21303,2.506266,0,2.756892
2022-07-15 11:47:15,0,0,7.444169,0.4962779,0,76.17866,3.722084,0.248139,6.699752
2022-07-15 11:47:14,0,0,5.955335,0.4962779,0,80.8933,2.729529,0.248139,7.19603
2022-07-15 11:47:13,0,0,6.716418,0.7462687,0,80.34826,2.736318,0.2487562,7.462687
2022-07-15 11:47:12,0,0,4.511278,0.2506266,0,82.70677,2.005013,0.2506266,8.521303
2022-07-15 11:47:11,0,0,10.25,0.25,0,86.25,2,0.25,0.75
2022-07-15 11:47:10,0,0,9.296482,0.2512563,0,84.17085,2.261307,0,2.763819
2022-07-15 11:47:09,0,0,8.706468,0.4975124,0,85.8209,1.99005,0.2487562,1.99005
2022-07-15 11:47:08,0,0,7.635468,0.7389163,0,81.7734,2.70936,0.4926108,5.172414
2022-07-15 11:47:07,0,0,4.785894,0.2518892,0,91.43577,2.015113,0.2518892,1.0075567
2022-07-15 11:47:06,0,0,13.681592,0.2487562,0,82.08955,3.233831,0.2487562,0.2487562
2022-07-15 11:47:05,0,0,8.607595,0.2531646,0,84.81013,3.037975,0.2531646,2.025316
2022-07-15 11:47:04,0,0,11,0.25,0,83.5,3,0.5,1.5
2022-07-15 11:47:03,0,0,6.234414,0.2493766,0,85.78554,1.995012,0.4987531,4.738155
2022-07-15 11:47:02,0,0,9.75,0.5,0,87.25,2,0.25,0
2022-07-15 11:47:01,0,0,10.831234,0.5037783,0,86.1461,2.015113,0,0
2022-07-15 11:47:00,0,0,10.224439,0.2493766,0,85.78554,2.992519,0.2493766,0.2493766
2022-07-15 11:46:59,0,0,10.972569,0.2493766,0,86.28429,1.745636,0.2493766,0.2493766
2022-07-15 11:46:58,0,0,11.221945,0.9975062,0,83.79052,2.743142,0.2493766,0.2493766
2022-07-15 11:46:57,0,0,9.319899,0.2518892,0,88.16121,2.015113,0,0
2022-07-15 11:46:56,0,0,10.5,0.25,0,86.5,2,0.25,0.25
2022-07-15 11:46:55,0,0,10.5,0.25,0,87,2,0,0
2022-07-15 11:46:54,0,0,13.216958,0.2493766,0,83.04239,2.743142,0.2493766,0.2493766
2022-07-15 11:46:53,0,0,6.733167,0.4987531,0,86.03491,2.493766,0.4987531,2.244389
2022-07-15 11:46:52,0,0,10.5,0.25,0,85.75,2.5,0.5,0.25
2022-07-15 11:46:51,0,0,10.776942,0,0,84.46115,3.258145,0.2506266,0
2022-07-15 11:46:50,0,0,9.25,0.25,0,87.25,2.25,0.25,0.25
2022-07-15 11:46:49,0,0,10.301508,0,0,86.1809,2.01005,0.5025126,0.2512563
2022-07-15 11:46:48,0,0,10.473815,0.4987531,0,86.28429,2.244389,0.2493766,0.2493766
2022-07-15 11:46:47,0,0,11.19403,0,0,85.07463,2.985075,0.2487562,0.2487562
2022-07-15 11:46:46,0,0,10.301508,0.2512563,0,84.92462,3.015075,0,0.7537688
2022-07-15 11:46:45,0,0,9.452736,0.2487562,0,86.81592,2.736318,0.2487562,0.2487562
2022-07-15 11:46:44,0,0,10.75,0.25,0,86,2.5,0.25,0
2022-07-15 11:46:43,0,0,10.421836,0.248139,0,85.85608,2.729529,0.248139,0
2022-07-15 11:46:42,0,0,13.065327,0.2512563,0,82.1608,3.015075,0.2512563,0.7537688
2022-07-15 11:46:41,0,0,7,0.5,0,88.75,1.25,0,1.25
2022-07-15 11:46:40,0,0,10.80402,0,0,86.1809,2.512563,0.2512563,0
2022-07-15 11:46:39,0,0,11,0.75,0,84,2.75,0.25,0.25
2022-07-15 11:46:38,0,0,14.25,0.25,0,81,3,0,1
2022-07-15 11:46:37,0,0,6.683168,0.2475248,0,85.89109,2.722772,0.2475248,3.217822
2022-07-15 11:46:36,0,0,9.158416,0.2475248,0,83.41584,3.712871,0.2475248,2.970297
2022-07-15 11:46:35,0,0,7.556675,0,0,88.4131,2.015113,0,1.2594458
2022-07-15 11:46:34,0,0,6.965174,0.4975124,0,86.31841,2.736318,0.4975124,1.99005
2022-07-15 11:46:33,0,0,10,0.25,0,86.5,2.5,0,0
2022-07-15 11:46:32,0,0,10.723192,0.4987531,0,86.03491,2.493766,0.2493766,0
2022-07-15 11:46:31,0,0,12.468828,0.2493766,0,82.29426,2.493766,0.2493766,1.2468828
2022-07-15 11:46:30,0,0,8.77193,0.2506266,0,87.46867,2.506266,0.2506266,0.2506266
2022-07-15 11:46:29,0,0,12.468828,0.4987531,0,82.04489,3.740648,0.2493766,0.4987531
2022-07-15 11:46:28,0,0,9.452736,0.2487562,0,83.83085,2.238806,0.2487562,2.985075
2022-07-15 11:46:27,0,0,8.25,0.25,0,86.5,1.75,0.25,2.25
2022-07-15 11:46:26,0,0,10.473815,0,0,85.03741,2.493766,0.4987531,0.9975062
2022-07-15 11:46:25,0,0,6.75,0.5,0,85,2.25,0,5
2022-07-15 11:46:24,0,0,9.975062,0.4987531,0,86.03491,1.4962594,0,1.4962594
2022-07-15 11:46:23,0,0,6.265664,0.5012531,0,86.21554,2.506266,0.5012531,3.258145
2022-07-15 11:46:22,0,0,9.5,0.25,0,88,2,0.25,0
2022-07-15 11:46:21,0,0,10.224439,0.7481297,0,84.78803,2.244389,0.4987531,0.4987531
2022-07-15 11:46:20,0,0,12.531328,0.2506266,0,84.71178,2.255639,0.2506266,0
2022-07-15 11:46:19,0,0,12.030075,0.5012531,0,83.20802,2.756892,0,1.2531328
2022-07-15 11:46:18,0,0,8.72818,0,0,81.54613,2.743142,0.4987531,5.486284
2022-07-15 11:46:17,0,0,5.037783,0.2518892,0,83.87909,3.02267,0.2518892,5.037783
2022-07-15 11:46:16,0,0,11.055276,0.2512563,0,85.67839,2.512563,0.2512563,0.2512563
2022-07-15 11:46:15,0,0,7.940447,0.248139,0,83.37469,3.225806,0.248139,3.722084
2022-07-15 11:46:14,0,0,6.516291,0.2506266,0,91.22807,1.2531328,0.2506266,0
2022-07-15 11:46:13,0,0,10.421836,0.248139,0,85.85608,2.729529,0.248139,0.248139
2022-07-15 11:46:12,0,0,12.280702,0,0,84.21053,3.258145,0.2506266,0
2022-07-15 11:46:11,0,0,13.18408,0.2487562,0,80.59701,4.228856,0.2487562,0.7462687
2022-07-15 11:46:10,0,0,7.26817,0.5012531,0,82.70677,2.005013,0,5.764411
2022-07-15 11:46:09,0,0,9.62963,0.7407407,0,79.25926,6.419753,0.2469136,2.962963
2022-07-15 11:46:08,0,0,8.663366,0.4950495,0,83.66337,1.980198,0.4950495,3.960396
2022-07-15 11:46:07,0,0,6.297229,0.7556675,0,81.10831,2.518892,0.2518892,7.052897
2022-07-15 11:46:06,0,0,7.142857,0.2463054,0,81.52709,3.20197,0.2463054,5.91133
2022-07-15 11:46:05,0,0,6.203474,0.4962779,0,80.64516,2.729529,0,6.947891
2022-07-15 11:46:04,0,0,8.5,0.5,0,84.25,2.75,0.5,3
2022-07-15 11:46:03,0,0,7.881773,0.7389163,0,82.26601,3.448276,0.2463054,3.940887
2022-07-15 11:46:02,0,0,8.148148,0.2469136,0,82.46914,2.716049,0.2469136,5.185185
2022-07-15 11:46:01,0,0,8.436725,0.4962779,0,85.3598,2.48139,0.4962779,2.48139
2022-07-15 11:46:00,0,0,7.19603,0.248139,0,81.63772,3.225806,0.248139,5.955335
2022-07-15 11:45:59,0,0,6.766917,0.2506266,0,90.97744,1.5037594,0,0.2506266
2022-07-15 11:45:58,0,0,12.75,0.25,0,80,2.5,0.5,3.75
2022-07-15 11:45:57,0,0,7.017544,0.2506266,0,85.46366,3.258145,0.5012531,2.756892
2022-07-15 11:45:56,0,0,10.123457,1.2345679,0,81.97531,2.962963,0.2469136,2.716049
2022-07-15 11:45:55,0,0,7.142857,0.7389163,0,81.03448,2.955665,0.4926108,6.403941
2022-07-15 11:45:54,0,0,5.764411,0.5012531,0,81.70426,2.255639,0.2506266,6.766917
2022-07-15 11:45:53,0,0,8.478803,0.7481297,0,82.54364,2.743142,0.2493766,4.488778
2022-07-15 11:45:52,0,0,6.435644,0.990099,0,79.9505,2.475248,0.4950495,5.940594
2022-07-15 11:45:51,0,0,6.015038,0.5012531,0,85.96491,1.5037594,0.2506266,4.260652
2022-07-15 11:45:50,0,0,7.5,0,0,88.75,2,0.5,1
2022-07-15 11:45:49,0,0,13.333333,0.2469136,0,77.77778,3.45679,0.2469136,3.45679
2022-07-15 11:45:48,0,0,8.816121,0.5037783,0,86.1461,2.267003,0.2518892,1.511335
2022-07-15 11:45:47,0,0,8.457711,0.2487562,0,86.06965,2.736318,0,2.238806
2022-07-15 11:45:46,0,0,10.447761,0.2487562,0,82.83582,3.482587,0.4975124,1.741294
2022-07-15 11:45:45,0,0,8,0.5,0,86,2.75,0,2
2022-07-15 11:45:44,0,0,10.552764,0.2512563,0,84.92462,2.512563,0.2512563,1.2562814
2022-07-15 11:45:43,0,0,4.773869,0.2512563,0,89.94975,2.261307,0.2512563,2.01005
2022-07-15 11:45:42,0,0,8.706468,0,0,84.82587,3.233831,0.2487562,2.238806
2022-07-15 11:45:41,0,0,9.547739,0.2512563,0,86.93467,1.758794,0,0.2512563
2022-07-15 11:45:40,0,0,8.706468,0.4975124,0,86.56716,2.985075,0.2487562,0.2487562
2022-07-15 11:45:39,0,0,10.421836,0,0,85.3598,3.473945,0.248139,0
2022-07-15 11:45:38,0,0,11.75,0.5,0,84,2.75,0,0.5
2022-07-15 11:45:37,0,0,9.273183,0.2506266,0,87.21805,2.756892,0.2506266,0
2022-07-15 11:45:36,0,0,10.75,0.75,0,86.25,1.75,0.25,0
2022-07-15 11:45:35,0,0,10.723192,0,0,84.78803,3.241895,0.4987531,0.2493766
2022-07-15 11:45:34,0,0,10.447761,0.2487562,0,86.56716,2.238806,0,0
2022-07-15 11:45:33,0,0,10.776942,0.2506266,0,86.21554,2.005013,0.2506266,0.2506266
2022-07-15 11:45:32,0,0,12.030075,0.2506266,0,84.21053,3.007519,0.2506266,0
2022-07-15 11:45:31,0,0,8.977556,0.2493766,0,86.53367,2.244389,0.2493766,0.2493766
2022-07-15 11:45:30,0,0,13.75,0.5,0,81.5,3,0.25,0.75
2022-07-15 11:45:29,0,0,7.017544,0.2506266,0,89.22306,2.255639,0.2506266,0.5012531
2022-07-15 11:45:28,0,0,8.229426,0.2493766,0,86.53367,2.244389,0.4987531,1.745636
2022-07-15 11:45:27,0,0,10.776942,0.5012531,0,86.21554,2.255639,0,0
2022-07-15 11:45:26,0,0,11.166253,0.248139,0,84.86352,2.233251,0.248139,0.7444169
2022-07-15 11:45:25,0,0,13.784461,0.2506266,0,81.95489,3.007519,0.5012531,0
2022-07-15 11:45:24,0,0,9.725686,0.4987531,0,82.79302,2.493766,0.2493766,3.491272
2022-07-15 11:45:23,0,0,7.25,0.5,0,85,2.75,0,3.25
2022-07-15 11:45:22,0,0,8,0.25,0,83.5,3.25,0.25,4.25
2022-07-15 11:45:21,0,0,7.178218,0.4950495,0,81.93069,2.475248,0.4950495,5.445545
2022-07-15 11:45:20,0,0,8.77193,0.2506266,0,84.46115,2.506266,0,3.508772
2022-07-15 11:45:19,0,0,6.5,0.5,0,81,2.25,0.25,5.25
2022-07-15 11:45:18,0,0,6.733167,0.4987531,0,83.79052,2.743142,0.4987531,4.738155
2022-07-15 11:45:17,0,0,5.735661,0,0,83.79052,2.743142,0.2493766,5.735661
2022-07-15 11:45:16,0,0,11,0.5,0,81,3,0.25,3.5
2022-07-15 11:45:15,0,0,6.142506,1.4742015,0,78.86978,2.211302,0.2457002,7.371007
2022-07-15 11:45:14,0,0,8.128079,0.7389163,0,82.75862,2.463054,0.2463054,3.940887
2022-07-15 11:45:13,0,0,7.481297,0.2493766,0,89.52618,1.995012,0,0.2493766
2022-07-15 11:45:12,0,0,11.970075,0.2493766,0,80.798,3.491272,0.4987531,2.244389
2022-07-15 11:45:11,0,0,8.270677,0,0,86.96742,2.756892,0,1.754386
2022-07-15 11:45:10,0,0,7.25,0,0,89.75,2.25,0,0.25
2022-07-15 11:45:09,0,0,13.715711,0.4987531,0,80.798,3.491272,0,0.9975062
2022-07-15 11:45:08,0,0,7.19603,0.4962779,0,81.38958,3.722084,0.248139,5.707196
2022-07-15 11:45:07,0,0,9.975062,0.4987531,0,84.78803,2.743142,0.2493766,1.2468828
2022-07-15 11:45:06,0,0,7.960199,0.4975124,0,82.33831,2.487562,0.4975124,5.472637
2022-07-15 11:45:05,0,0,4.75,0.5,0,83.5,2,0.25,6.75
2022-07-15 11:45:04,0,0,10.25,0.25,0,85,2.75,0.25,1.25
2022-07-15 11:45:03,0,0,6.451613,0.248139,0,86.6005,2.977667,0,3.225806
2022-07-15 11:45:02,0,0,8.564232,0.2518892,0,85.64232,2.518892,0.7556675,1.511335
2022-07-15 11:45:01,0,0,9.925558,0.248139,0,86.35236,2.48139,0.248139,0.248139
2022-07-15 11:45:00,0,0,10.776942,0.5012531,0,85.46366,2.506266,0.5012531,0
2022-07-15 11:44:59,0,0,10.552764,0,0,85.67839,3.015075,0.2512563,0
2022-07-15 11:44:58,0,0,10.945274,0.4975124,0,85.57214,2.238806,0.2487562,0.2487562
2022-07-15 11:44:57,0,0,11.306533,0.5025126,0,84.67337,3.015075,0,0
2022-07-15 11:44:56,0,0,12.592593,0.2469136,0,80.49383,2.716049,0.4938272,3.209877
2022-07-15 11:44:55,0,0,9.42928,0.248139,0,84.86352,2.233251,0.4962779,2.233251
2022-07-15 11:44:54,0,0,8.72818,0.2493766,0,84.53865,2.493766,0,3.740648
2022-07-15 11:44:53,0,0,5.210918,0.7444169,0,78.41191,2.977667,0.4962779,9.181141
2022-07-15 11:44:52,0,0,6.699752,0.7444169,0,82.63027,2.233251,0.248139,5.707196
2022-07-15 11:44:51,0,0,4.218362,0.9925558,0,75.93052,2.977667,0.4962779,11.91067
2022-07-15 11:44:50,0,0,6.666667,0.2469136,0,83.20988,3.209877,0,6.17284
2022-07-15 11:44:49,0,0,8.977556,0.7481297,0,83.79052,2.493766,0.4987531,2.743142
2022-07-15 11:44:48,0,0,7.407407,0.2469136,0,83.20988,3.209877,0,4.444444
2022-07-15 11:44:47,0,0,7.425743,0.990099,0,81.68317,3.217822,0.2475248,4.455446
2022-07-15 11:44:46,0,0,7.654321,0.4938272,0,84.44444,2.962963,0.2469136,2.222222
2022-07-15 11:44:45,0,0,7.23192,0.2493766,0,82.29426,2.992519,0.4987531,5.236908
2022-07-15 11:44:44,0,0,6.435644,0.990099,0,82.92079,3.465347,0,4.950495
2022-07-15 11:44:43,0,0,9.20398,0,0,85.8209,2.736318,0.2487562,1.741294
2022-07-15 11:44:42,0,0,10.075567,0.2518892,0,84.13098,2.267003,0.5037783,2.518892
2022-07-15 11:44:41,0,0,7.481297,0.7481297,0,85.53616,1.4962594,0.2493766,3.241895
2022-07-15 11:44:40,0,0,5.940594,0.2475248,0,80.94059,2.475248,0.4950495,8.663366
2022-07-15 11:44:39,0,0,6.666667,0.4938272,0,85.18519,2.222222,0,3.950617
2022-07-15 11:44:38,0,0,7.537688,0,0,89.19598,1.758794,0.2512563,0.7537688
2022-07-15 11:44:37,0,0,9.045226,0.5025126,0,87.9397,1.5075377,0.2512563,0.2512563
2022-07-15 11:44:36,0,0,10.447761,0.2487562,0,86.06965,2.487562,0.2487562,0.2487562
2022-07-15 11:44:35,0,0,10.275689,0.2506266,0,85.96491,2.756892,0.2506266,0
2022-07-15 11:44:34,0,0,11.528822,0.5012531,0,85.46366,2.506266,0,0
2022-07-15 11:44:33,0,0,10.5,0.5,0,85.25,1.5,0.25,0.75
2022-07-15 11:44:32,0,0,8.933002,0,0,88.33747,1.985112,0.248139,0.248139
2022-07-15 11:44:31,0,0,11.528822,0.5012531,0,83.45865,2.756892,0,1.0025063
2022-07-15 11:44:30,0,0,8.060453,0.5037783,0,86.90176,1.763224,0.2518892,2.015113
2022-07-15 11:44:29,0,0,10.473815,0.2493766,0,86.28429,1.995012,0.2493766,0.2493766
2022-07-15 11:44:28,0,0,10.526316,0,0,86.46617,2.506266,0.2506266,0
2022-07-15 11:44:27,0,0,12.060302,0.2512563,0,84.67337,2.01005,0.2512563,0.2512563
2022-07-15 11:44:26,0,0,9.137056,0.2538071,0,87.05584,3.045685,0,0
2022-07-15 11:44:25,0,0,10.447761,0.2487562,0,85.8209,2.487562,0.4975124,0.2487562
2022-07-15 11:44:24,0,0,10.5,0.5,0,85.75,2.5,0.25,0
2022-07-15 11:44:23,0,0,10.473815,0.2493766,0,86.03491,2.244389,0.2493766,0.2493766
2022-07-15 11:44:22,0,0,11.720698,0.4987531,0,84.28928,2.493766,0.2493766,0.2493766
2022-07-15 11:44:21,0,0,10.224439,0,0,85.53616,2.743142,0.2493766,0.2493766
2022-07-15 11:44:20,0,0,9.5,0,0,87,2.75,0.5,0.25
2022-07-15 11:44:19,0,0,14.962594,0.4987531,0,80.04988,2.992519,0.2493766,0.9975062
2022-07-15 11:44:18,0,0,10,0.25,0,84,2.75,0.25,2
2022-07-15 11:44:17,0,0,6.699752,0.4962779,0,84.11911,1.4888337,0.248139,4.962779
2022-07-15 11:44:16,0,0,6.683168,0.2475248,0,83.66337,2.475248,0.4950495,5.693069
2022-07-15 11:44:15,0,0,7.088608,0.2531646,0,86.07595,2.025316,0,3.291139
2022-07-15 11:44:14,0,0,9.925558,0.4962779,0,81.38958,2.729529,0.248139,4.71464
2022-07-15 11:44:13,0,0,7.19603,0.248139,0,84.11911,2.233251,0.4962779,4.71464
2022-07-15 11:44:12,0,0,8.02005,0.2506266,0,85.96491,2.756892,0,2.506266
2022-07-15 11:44:11,0,0,8,0.5,0,85.25,2.25,0.25,3
2022-07-15 11:44:10,0,0,10.173697,0.4962779,0,85.11166,1.985112,0.4962779,1.4888337
2022-07-15 11:44:09,0,0,8.706468,0.2487562,0,81.8408,2.736318,0.2487562,4.975124
2022-07-15 11:44:08,0,0,3.194103,1.4742015,0,75.18428,2.211302,0.2457002,14.250614
2022-07-15 11:44:07,0,0,7.462687,0.4975124,0,80.0995,2.238806,0.2487562,6.716418
2022-07-15 11:44:06,0,0,4.773869,0.2512563,0,92.96482,1.0050251,0.2512563,0.2512563
2022-07-15 11:44:05,0,0,10.723192,0.2493766,0,86.03491,2.493766,0,0.2493766
2022-07-15 11:44:04,0,0,10.75,0.25,0,86,2.75,0.25,0
2022-07-15 11:44:03,0,0,10.224439,0.4987531,0,83.29177,3.491272,0,1.4962594
2022-07-15 11:44:02,0,0,10.327456,0.2518892,0,86.39798,2.770781,0.2518892,0
2022-07-15 11:44:01,0,0,10.473815,0.2493766,0,86.28429,1.995012,0,0.4987531
2022-07-15 11:44:00,0,0,10.776942,0.2506266,0,85.71429,2.506266,0.2506266,0
2022-07-15 11:43:59,0,0,11.5,0.25,0,84.25,3.5,0,0
2022-07-15 11:43:58,0,0,11.166253,0.248139,0,84.86352,2.233251,0.248139,0.7444169
2022-07-15 11:43:57,0,0,9.090909,0.2525253,0,87.62626,2.272727,0,0
2022-07-15 11:43:56,0,0,12.781955,0.7518797,0,82.95739,2.756892,0.2506266,0.2506266
2022-07-15 11:43:55,0,0,11.691542,0.2487562,0,78.85572,2.487562,0.2487562,4.228856
2022-07-15 11:43:54,0,0,6.25,0.5,0,82.75,3,0.5,6
2022-07-15 11:43:53,0,0,8.75,0.5,0,85.5,2.25,0,2.5
2022-07-15 11:43:52,0,0,9.5,0.25,0,87,2.5,0.25,0.25
2022-07-15 11:43:51,0,0,9.022556,0.2506266,0,81.20301,2.506266,0.2506266,5.263158
2022-07-15 11:43:50,0,0,6.683168,0.4950495,0,80.44554,2.722772,0.2475248,7.673267
2022-07-15 11:43:49,0,0,3.703704,1.4814815,0,75.55556,2.469136,0.2469136,11.604938
2022-07-15 11:43:48,0,0,6.733167,0.9975062,0,82.54364,1.995012,0,5.486284
2022-07-15 11:43:47,0,0,7.673267,0.7425743,0,85.89109,2.227723,0.2475248,2.227723
2022-07-15 11:43:46,0,0,6.297229,0.2518892,0,85.13854,2.267003,0.2518892,3.274559
2022-07-15 11:43:45,0,0,11.138614,0.2475248,0,84.90099,2.970297,0.2475248,0
2022-07-15 11:43:44,0,0,7.711443,0.7462687,0,84.82587,2.238806,0.2487562,3.233831
2022-07-15 11:43:43,0,0,10.050251,0.2512563,0,86.68342,2.01005,0.2512563,0.2512563
2022-07-15 11:43:42,0,0,10.723192,0.7481297,0,85.03741,2.992519,0.2493766,0
2022-07-15 11:43:41,0,0,10.945274,0.2487562,0,84.82587,2.238806,0.4975124,0.2487562
2022-07-15 11:43:40,0,0,11.940299,0,0,85.32338,1.99005,0.2487562,0.2487562
2022-07-15 11:43:39,0,0,9.045226,0.5025126,0,86.68342,2.763819,0,0.2512563
2022-07-15 11:43:38,0,0,10.696517,0.7462687,0,86.31841,1.4925373,0.4975124,0
2022-07-15 11:43:37,0,0,10.526316,0.5012531,0,85.71429,2.506266,0.2506266,0.2506266
2022-07-15 11:43:36,0,0,11.027569,0.2506266,0,86.46617,2.255639,0,0
2022-07-15 11:43:35,0,0,15.461347,0,0,80.54863,3.491272,0.2493766,0
2022-07-15 11:43:34,0,0,8.415842,0.4950495,0,83.16832,2.475248,0.4950495,3.712871
2022-07-15 11:43:33,0,0,6.516291,0.2506266,0,88.97243,2.255639,0.2506266,1.0025063
2022-07-15 11:43:32,0,0,9.181141,0.248139,0,85.11166,2.729529,0.248139,1.736973
2022-07-15 11:43:31,0,0,9.5,0.25,0,87.25,2.5,0.25,0
2022-07-15 11:43:30,0,0,10.776942,0.2506266,0,84.96241,3.007519,0.5012531,0.2506266
2022-07-15 11:43:29,0,0,11.027569,0,0,85.21303,2.756892,0,0.2506266
2022-07-15 11:43:28,0,0,11.75,0.25,0,84.75,2.75,0,0
2022-07-15 11:43:27,0,0,8.955224,0.2487562,0,87.06468,2.487562,0.4975124,0.2487562
2022-07-15 11:43:26,0,0,11.5,0.25,0,85,3,0,0
2022-07-15 11:43:25,0,0,14.572864,0.2512563,0,80.90452,3.517588,0.2512563,0.2512563
2022-07-15 11:43:24,0,0,6.699752,0.7444169,0,83.37469,2.729529,0.248139,4.466501
2022-07-15 11:43:23,0,0,8.25,0.25,0,87.5,2.25,0.5,0.5
2022-07-15 11:43:22,0,0,9.226933,0,0,88.02993,1.745636,0.2493766,0.2493766
2022-07-15 11:43:21,0,0,11.5,0.25,0,84,3,0.25,0.5
2022-07-15 11:43:20,0,0,8.457711,0.4975124,0,85.32338,1.99005,0.2487562,2.487562
2022-07-15 11:43:19,0,0,10.301508,0.2512563,0,86.43216,2.261307,0.2512563,0
2022-07-15 11:43:18,0,0,12.531328,0.5012531,0,84.96241,1.754386,0,0.2506266
2022-07-15 11:43:17,0,0,11.19403,0.2487562,0,85.07463,2.985075,0.2487562,0
2022-07-15 11:43:16,0,0,7.75,0.25,0,86.75,2.5,0.5,1.75
2022-07-15 11:43:15,0,0,10.447761,0.4975124,0,86.31841,1.99005,0,0.2487562
2022-07-15 11:43:14,0,0,11.19403,0,0,84.57711,3.233831,0.2487562,0.2487562
2022-07-15 11:43:13,0,0,13.25,0.25,0,82.5,2.75,0.5,0.25
2022-07-15 11:43:12,0,0,13.25,0.5,0,83,2.25,0.25,0.5
2022-07-15 11:43:11,0,0,4.522613,0.5025126,0,89.44724,2.512563,0.2512563,2.261307
2022-07-15 11:43:10,0,0,10.972569,0,0,85.03741,2.743142,0.2493766,0.2493766
2022-07-15 11:43:09,0,0,9.701493,0.4975124,0,84.32836,1.741294,0.2487562,2.736318
2022-07-15 11:43:08,0,0,7.462687,0.2487562,0,84.0796,2.487562,0,5.223881
2022-07-15 11:43:07,0,0,12.468828,0.4987531,0,83.04239,2.992519,0.2493766,0.2493766
2022-07-15 11:43:06,0,0,13.08642,0.7407407,0,81.97531,2.716049,0,0.9876543
2022-07-15 11:43:05,0,0,7.808564,0.5037783,0,86.1461,2.518892,0.2518892,2.015113
2022-07-15 11:43:04,0,0,6.234414,0.2493766,0,86.53367,1.995012,0.4987531,3.491272
2022-07-15 11:43:03,0,0,8.270677,0.5012531,0,88.47118,2.005013,0.2506266,0
2022-07-15 11:43:02,0,0,9.25,0.25,0,86.75,2.75,0.5,0
2022-07-15 11:43:01,0,0,9.547739,0.2512563,0,86.68342,2.01005,0,0.5025126
2022-07-15 11:43:00,0,0,7.481297,0.4987531,0,88.77805,1.745636,0.2493766,0.4987531
2022-07-15 11:42:59,0,0,3.508772,0,0,93.23308,3.007519,0,0
2022-07-15 11:42:58,0,0,4.020101,0.2512563,0,92.71357,2.261307,0.2512563,0
2022-07-15 11:42:57,0,0,5.276382,0.7537688,0,90.70352,2.512563,0.2512563,0
2022-07-15 11:42:56,0,0,1.2531328,0,0,95.98997,2.005013,0.2506266,0
2022-07-15 11:42:55,0,0,1.2468828,0.2493766,0,95.01247,2.743142,0.2493766,0
2022-07-15 11:42:54,0,0,1.2658228,0.5063291,0,94.93671,2.278481,0.2531646,0
2022-07-15 11:42:53,0,0,1.2626263,0.5050505,0,94.19192,2.525253,0.2525253,0
2022-07-15 11:42:52,0,0,1.2626263,0.7575758,0,94.94949,2.777778,0,0
2022-07-15 11:42:51,0,0,1.2594458,0.5037783,0,94.45844,2.770781,0.2518892,0
2022-07-15 11:42:50,0,0,1.5,0.25,0,94.25,2.5,0.5,0
2022-07-15 11:42:49,0,0,1.0126582,0.2531646,0,95.94937,1.772152,0.2531646,0
2022-07-15 11:42:48,0,0,1.4962594,0.2493766,0,95.26185,2.743142,0,0
2022-07-15 11:42:47,0,0,3.282828,0.2525253,0,93.43434,2.272727,0.2525253,0
2022-07-15 11:42:46,0,0,4.207921,0,0,90.34653,3.960396,0.2475248,0.2475248
2022-07-15 11:42:45,0,0,6.075949,0.2531646,0,91.13924,2.025316,0.2531646,0
2022-07-15 11:42:44,0,0,8.933002,0.248139,0,88.08933,1.985112,0.248139,0.248139
2022-07-15 11:42:43,0,0,9.547739,0.2512563,0,87.43719,2.261307,0.2512563,0
2022-07-15 11:42:42,0,0,7.481297,0.2493766,0,88.2793,2.743142,0.2493766,0.2493766
2022-07-15 11:42:41,0,0,8.02005,0.2506266,0,87.7193,3.007519,0.2506266,0
2022-07-15 11:42:40,0,0,8.75,0.25,0,88.5,2,0.25,0
2022-07-15 11:42:39,0,0,9.022556,0.2506266,0,86.96742,2.506266,0,0.5012531
2022-07-15 11:42:38,0,0,9.42928,0.248139,0,86.84864,2.233251,0.248139,0.248139
2022-07-15 11:42:37,0,0,10.275689,0.2506266,0,86.21554,2.756892,0.2506266,0
2022-07-15 11:42:36,0,0,11.442786,0.7462687,0,84.57711,2.487562,0.2487562,0
2022-07-15 11:42:35,0,0,10.552764,0,0,84.67337,3.015075,0.5025126,0.5025126
2022-07-15 11:42:34,0,0,9.52381,0,0,87.46867,2.005013,0.2506266,0.2506266
2022-07-15 11:42:33,0,0,13.715711,0,0,83.54115,1.995012,0.2493766,0.2493766
2022-07-15 11:42:32,0,0,12.437811,0.4975124,0,82.33831,3.233831,0.2487562,0.9950249
2022-07-15 11:42:31,0,0,6.982544,0.4987531,0,81.54613,1.995012,0.2493766,7.23192
2022-07-15 11:42:30,0,0,7.017544,0.2506266,0,86.71679,1.754386,0,3.508772
2022-07-15 11:42:29,0,0,8.542714,0,0,87.43719,2.763819,0.2512563,0.5025126
2022-07-15 11:42:28,0,0,10.723192,0.2493766,0,82.54364,3.491272,0.2493766,2.244389
2022-07-15 11:42:27,0,0,9.296482,0.2512563,0,81.15578,2.261307,0.2512563,4.271357
2022-07-15 11:42:26,0,0,8.663366,0.2475248,0,84.40594,3.217822,0.2475248,2.227723
2022-07-15 11:42:25,0,0,8.436725,0.4962779,0,83.87097,1.985112,0,4.218362
2022-07-15 11:42:24,0,0,6.188119,0.7425743,0,78.46535,2.970297,0.4950495,8.168317
2022-07-15 11:42:23,0,0,4.950495,0.7425743,0,80.44554,2.227723,0.2475248,8.910891
2022-07-15 11:42:22,0,0,8.521303,0.5012531,0,82.20551,3.258145,0,3.508772
2022-07-15 11:42:21,0,0,8.208955,0.2487562,0,83.58209,2.736318,0.4975124,3.482587
2022-07-15 11:42:20,0,0,7.462687,0.7462687,0,82.58706,2.238806,0.2487562,5.970149
2022-07-15 11:42:19,0,0,6.419753,0.4938272,0,77.77778,3.45679,0.2469136,9.876543
2022-07-15 11:42:18,0,0,6.683168,0.7425743,0,79.45545,2.475248,0.2475248,7.920792
2022-07-15 11:42:17,0,0,8.229426,0.7481297,0,85.28678,2.743142,0.2493766,1.995012
2022-07-15 11:42:16,0,0,7.730673,0.4987531,0,86.28429,2.244389,0,2.743142
2022-07-15 11:42:15,0,0,7.23192,0.4987531,0,88.52868,2.244389,0.4987531,0.7481297
2022-07-15 11:42:14,0,0,9.226933,0.2493766,0,85.28678,3.241895,0.2493766,0.9975062
2022-07-15 11:42:13,0,0,9.90099,0.2475248,0,86.38614,1.980198,0.4950495,0.2475248
2022-07-15 11:42:12,0,0,9.52381,0.2506266,0,86.96742,2.255639,0.2506266,0.5012531
2022-07-15 11:42:11,0,0,10.972569,0.2493766,0,85.78554,2.244389,0.2493766,0
2022-07-15 11:42:10,0,0,11.306533,0,0,86.68342,1.758794,0,0
2022-07-15 11:42:09,0,0,10.552764,0.2512563,0,85.92965,2.261307,0.2512563,0.2512563
2022-07-15 11:42:08,0,0,10.723192,0.2493766,0,86.28429,2.493766,0,0
2022-07-15 11:42:07,0,0,12.09068,0,0,84.13098,2.267003,0.2518892,0.5037783
2022-07-15 11:42:06,0,0,8.684864,0.4962779,0,87.34491,1.985112,0.248139,0.248139
2022-07-15 11:42:05,0,0,12.311558,0.7537688,0,83.16583,3.015075,0,0.2512563
2022-07-15 11:42:04,0,0,8.838384,0.2525253,0,87.12121,2.777778,0.2525253,0
2022-07-15 11:42:03,0,0,10.972569,0.4987531,0,85.78554,1.995012,0.2493766,0.2493766
2022-07-15 11:42:02,0,0,10.526316,0,0,85.96491,2.255639,0,0.2506266
2022-07-15 11:42:01,0,0,10.353535,0.2525253,0,85.10101,2.525253,0.5050505,0.2525253
2022-07-15 11:42:00,0,0,9.52381,0,0,87.96992,2.255639,0,0
2022-07-15 11:41:59,0,0,10.776942,0.2506266,0,85.46366,2.756892,0.2506266,0.2506266
2022-07-15 11:41:58,0,0,10.723192,0.4987531,0,86.78304,1.4962594,0.2493766,0
2022-07-15 11:41:57,0,0,10.776942,0.5012531,0,85.71429,2.005013,0.5012531,0
2022-07-15 11:41:56,0,0,10.275689,0.5012531,0,86.21554,2.255639,0.2506266,0.2506266
2022-07-15 11:41:55,0,0,11.442786,0.4975124,0,82.33831,3.9801,0,0.4975124
2022-07-15 11:41:54,0,0,9.5,0.25,0,87.75,2,0.25,0
2022-07-15 11:41:53,0,0,12,0.25,0,82.75,3,0.5,0.25
2022-07-15 11:41:52,0,0,9,0.5,0,87.75,2.75,0,0
2022-07-15 11:41:51,0,0,11.779449,0.5012531,0,83.9599,2.255639,0.2506266,0.5012531
2022-07-15 11:41:50,0,0,10.723192,0.4987531,0,85.28678,1.995012,0.2493766,0.2493766
2022-07-15 11:41:49,0,0,14.786967,0.2506266,0,80.95238,3.508772,0,0
2022-07-15 11:41:48,0,0,5.91133,0.4926108,0,76.84729,2.70936,0.4926108,10.098522
2022-07-15 11:41:47,0,0,4.938272,1.2345679,0,79.50617,1.975309,0.2469136,8.395062
2022-07-15 11:41:46,0,0,8.25,0.25,0,87.75,1.75,0.25,1.25
2022-07-15 11:41:45,0,0,8.933002,0.248139,0,85.3598,2.729529,0.248139,1.985112
2022-07-15 11:41:44,0,0,10.224439,0.4987531,0,84.53865,1.995012,0.2493766,1.2468828
2022-07-15 11:41:43,0,0,6.75,0.25,0,84.25,2.5,0.25,5.25
2022-07-15 11:41:42,0,0,6.947891,0.7444169,0,82.63027,2.977667,0,5.955335
2022-07-15 11:41:41,0,0,8.478803,0,0,83.79052,3.241895,0.2493766,2.992519
2022-07-15 11:41:40,0,0,8,0.5,0,85.25,2.75,0.5,2.5
2022-07-15 11:41:39,0,0,7.25,0,0,85.5,2.5,0.25,4.25
2022-07-15 11:41:38,0,0,7.19603,0.4962779,0,82.134,3.722084,0.4962779,5.210918
2022-07-15 11:41:37,0,0,12.903226,0.4962779,0,83.12655,2.48139,0.248139,0.4962779
2022-07-15 11:41:36,0,0,5.764411,0.5012531,0,80.2005,2.506266,0.5012531,8.270677
2022-07-15 11:41:35,0,0,3.274559,0.2518892,0,91.43577,1.763224,0.5037783,2.518892
2022-07-15 11:41:34,0,0,10.75,0.5,0,86.25,2.25,0,0
2022-07-15 11:41:33,0,0,11.557789,0,0,85.42714,2.261307,0,0.2512563
2022-07-15 11:41:32,0,0,9.06801,0,0,87.65743,2.518892,0.2518892,0.2518892
2022-07-15 11:41:31,0,0,13.861386,0,0,81.68317,2.970297,0.4950495,0.4950495
2022-07-15 11:41:30,0,0,9.547739,0.2512563,0,87.18593,2.261307,0.2512563,0.2512563
2022-07-15 11:41:29,0,0,11.358025,0.7407407,0,80.98765,2.962963,0.4938272,3.209877
2022-07-15 11:41:28,0,0,6.234414,0.4987531,0,81.04738,2.992519,0,8.478803
2022-07-15 11:41:27,0,0,7.142857,0.4926108,0,89.40887,1.4778325,0.2463054,0.4926108
2022-07-15 11:41:26,0,0,9.975062,0.2493766,0,83.79052,2.743142,0.4987531,1.995012
2022-07-15 11:41:25,0,0,6.313131,0.2525253,0,87.87879,1.767677,0.2525253,3.030303
2022-07-15 11:41:24,0,0,10.75,0.25,0,86.75,2,0,0
2022-07-15 11:41:23,0,0,10.39604,0.4950495,0,85.64356,2.475248,0.2475248,0
2022-07-15 11:41:22,0,0,11.306533,0.2512563,0,84.67337,3.266332,0,0
2022-07-15 11:41:21,0,0,10.75,0,0,85,2.75,0.25,0.5
2022-07-15 11:41:20,0,0,15.422886,0.2487562,0,79.85075,2.985075,0.2487562,0.4975124
2022-07-15 11:41:19,0,0,5,0.75,0,84.5,1.75,0.5,5.25
2022-07-15 11:41:18,0,0,7.98005,0,0,88.77805,2.743142,0.2493766,0.2493766
2022-07-15 11:41:17,0,0,14.070352,0.7537688,0,81.90955,2.01005,0,0.5025126
2022-07-15 11:41:16,0,0,8.5,0.75,0,80.25,2.75,0.25,6
2022-07-15 11:41:15,0,0,4.679803,0.2463054,0,76.84729,2.955665,0.4926108,12.561576
2022-07-15 11:41:14,0,0,2.955665,1.4778325,0,80.54187,1.970443,0,10.591133
2022-07-15 11:41:13,0,0,8.955224,0.4975124,0,79.35323,2.985075,0.2487562,7.21393
2022-07-15 11:41:12,0,0,10.025063,0.2506266,0,85.71429,2.506266,0.2506266,0.7518797
2022-07-15 11:41:11,0,0,5.735661,0.7481297,0,80.798,2.244389,0.2493766,8.229426
2022-07-15 11:41:10,0,0,6.467662,0,0,87.56219,2.736318,0.2487562,1.741294
2022-07-15 11:41:09,0,0,11.851852,0.2469136,0,79.50617,4.197531,0.4938272,2.469136
2022-07-15 11:41:08,0,0,6.435644,0.990099,0,79.20792,2.722772,0.4950495,7.673267
2022-07-15 11:41:07,0,0,4.738155,0.2493766,0,91.77057,1.995012,0.2493766,0.4987531
2022-07-15 11:41:06,0,0,11,0,0,84.75,2.5,0.5,0.5
2022-07-15 11:41:05,0,0,9.798995,0.7537688,0,85.67839,3.015075,0.2512563,0.2512563
2022-07-15 11:41:04,0,0,10.526316,0.2506266,0,86.46617,2.255639,0,0
2022-07-15 11:41:03,0,0,10.473815,0,0,84.28928,2.743142,0,1.745636
2022-07-15 11:41:02,0,0,13.965087,0.2493766,0,81.29676,3.740648,0.2493766,0.2493766
2022-07-15 11:41:01,0,0,7.75,0.25,0,84.75,3,0.25,3.75
2022-07-15 11:41:00,0,0,8.72818,0.7481297,0,86.03491,1.995012,0,1.745636
2022-07-15 11:40:59,0,0,8.77193,0,0,88.22055,2.005013,0.2506266,0.2506266
2022-07-15 11:40:58,0,0,8.521303,0.2506266,0,86.71679,3.007519,0.2506266,0.5012531
2022-07-15 11:40:57,0,0,9.045226,0.2512563,0,87.18593,2.512563,0.2512563,0
2022-07-15 11:40:56,0,0,10.5,0,0,86.25,2.5,0.5,0
2022-07-15 11:40:55,0,0,11.278195,0.5012531,0,85.21303,2.756892,0,0
2022-07-15 11:40:54,0,0,10.696517,0.4975124,0,85.32338,2.487562,0.2487562,0.2487562
2022-07-15 11:40:53,0,0,9.823678,0,0,86.64987,2.770781,0.2518892,0
2022-07-15 11:40:52,0,0,10.972569,0.2493766,0,82.79302,2.743142,0.2493766,1.995012
2022-07-15 11:40:51,0,0,8.933002,0.4962779,0,87.09677,1.985112,0.248139,0.248139
2022-07-15 11:40:50,0,0,12.060302,0.2512563,0,84.67337,2.261307,0.2512563,0.2512563
2022-07-15 11:40:49,0,0,8.77193,0.5012531,0,87.21805,2.506266,0,0.5012531
2022-07-15 11:40:48,0,0,10.447761,0,0,85.32338,3.482587,0.2487562,0.2487562
2022-07-15 11:40:47,0,0,11.306533,0.5025126,0,85.17588,2.512563,0.2512563,0
2022-07-15 11:40:46,0,0,9.296482,0.5025126,0,84.67337,2.261307,0.2512563,2.512563
2022-07-15 11:40:45,0,0,9.547739,0.5025126,0,86.1809,2.512563,0.2512563,0.2512563
2022-07-15 11:40:44,0,0,11.221945,0.4987531,0,84.78803,2.992519,0.2493766,0
2022-07-15 11:40:43,0,0,11.471322,0.4987531,0,83.79052,2.992519,0.2493766,0.2493766
2022-07-15 11:40:42,0,0,9.273183,0,0,87.7193,2.005013,0.2506266,0
2022-07-15 11:40:41,0,0,10.5,0.5,0,85.5,2.75,0.25,0
2022-07-15 11:40:40,0,0,10.696517,0.2487562,0,83.33333,2.985075,0.2487562,1.99005
2022-07-15 11:40:39,0,0,9.273183,0.2506266,0,87.21805,2.255639,0.2506266,0
2022-07-15 11:40:38,0,0,12.311558,0.5025126,0,83.41709,2.512563,0.2512563,0.2512563
2022-07-15 11:40:37,0,0,8.5,0,0,88.75,1.75,0.5,0.25
2022-07-15 11:40:36,0,0,10.552764,0.2512563,0,86.43216,2.261307,0.2512563,0
2022-07-15 11:40:35,0,0,11.809045,0,0,85.17588,2.512563,0.2512563,0
2022-07-15 11:40:34,0,0,9.226933,0.7481297,0,86.53367,2.493766,0,0.2493766
2022-07-15 11:40:33,0,0,10.75,0.5,0,86,2.25,0.25,0
2022-07-15 11:40:32,0,0,11.970075,0.2493766,0,84.78803,2.743142,0,0.2493766
2022-07-15 11:40:31,0,0,13.399504,0.248139,0,78.90819,3.225806,0.4962779,2.977667
2022-07-15 11:40:30,0,0,3.45679,1.2345679,0,76.04938,1.975309,0.2469136,9.876543
2022-07-15 11:40:29,0,0,7.21393,1.2437811,0,80.34826,2.985075,0,6.218905
2022-07-15 11:40:28,0,0,6.203474,0.4962779,0,82.38213,1.736973,0.248139,6.699752
2022-07-15 11:40:27,0,0,6.965174,0.2487562,0,87.31343,1.99005,0.2487562,2.985075
2022-07-15 11:40:26,0,0,7.75,0,0,89.5,2,0.25,0
2022-07-15 11:40:25,0,0,10.050251,0.7537688,0,85.42714,3.266332,0,0
2022-07-15 11:40:24,0,0,10.723192,0.2493766,0,86.03491,2.244389,0,0.2493766
2022-07-15 11:40:23,0,0,11.5,0.5,0,84,3.25,0.25,0
2022-07-15 11:40:22,0,0,9.273183,0,0,86.46617,3.258145,0.2506266,0
2022-07-15 11:40:21,0,0,10.447761,0.4975124,0,85.32338,2.736318,0.2487562,0.4975124
2022-07-15 11:40:20,0,0,11.586902,0,0,85.39043,2.015113,0,0.2518892
2022-07-15 11:40:19,0,0,9.5,0.25,0,87,2,0.25,0.5
2022-07-15 11:40:18,0,0,10.25,0.25,0,86,2.5,0.25,0.25
2022-07-15 11:40:17,0,0,11.691542,0.2487562,0,85.07463,2.487562,0.2487562,0
2022-07-15 11:40:16,0,0,9.273183,0.2506266,0,85.96491,3.007519,0.2506266,0.2506266
2022-07-15 11:40:15,0,0,11.557789,0.2512563,0,84.92462,2.763819,0.2512563,0
2022-07-15 11:40:14,0,0,9.452736,0.2487562,0,86.56716,2.487562,0.2487562,0.2487562
2022-07-15 11:40:13,0,0,10.75,0.25,0,85.5,2.5,0.5,0.25
2022-07-15 11:40:12,0,0,11.64557,0,0,84.55696,3.037975,0,0
2022-07-15 11:40:11,0,0,11.75,0.25,0,83.75,2.75,0.25,0.25
2022-07-15 11:40:10,0,0,10.39604,0.7425743,0,75.24752,3.217822,0.2475248,8.415842
2022-07-15 11:40:09,0,0,6.234414,0.4987531,0,82.29426,1.995012,0.2493766,6.982544
2022-07-15 11:40:08,0,0,4.488778,0.4987531,0,93.01746,1.2468828,0.2493766,0.2493766
2022-07-15 11:40:07,0,0,9.725686,0.2493766,0,84.28928,2.992519,0.2493766,1.745636
2022-07-15 11:40:06,0,0,9.774436,0.5012531,0,86.71679,2.255639,0,0.2506266
2022-07-15 11:40:05,0,0,12.437811,0.2487562,0,82.83582,3.482587,0.4975124,0.2487562
2022-07-15 11:40:04,0,0,8.521303,0.5012531,0,87.46867,2.255639,0.2506266,0.5012531
2022-07-15 11:40:03,0,0,11.940299,0.2487562,0,84.0796,2.736318,0.4975124,0.2487562
2022-07-15 11:40:02,0,0,9.476309,0.2493766,0,87.03242,1.745636,0,0.9975062
2022-07-15 11:40:01,0,0,10.552764,0,0,85.92965,2.763819,0.2512563,0
2022-07-15 11:40:00,0,0,10.972569,0.2493766,0,85.03741,2.992519,0,0.2493766
2022-07-15 11:39:59,0,0,9.547739,0.2512563,0,87.18593,2.01005,0.2512563,0.2512563
2022-07-15 11:39:58,0,0,10.723192,0.4987531,0,85.03741,2.992519,0.4987531,0
2022-07-15 11:39:57,0,0,10.723192,0,0,85.28678,3.241895,0.2493766,0.2493766
2022-07-15 11:39:56,0,0,11.471322,0.2493766,0,85.53616,2.493766,0,0
2022-07-15 11:39:55,0,0,10.275689,0.2506266,0,85.71429,2.255639,0.2506266,0.2506266
2022-07-15 11:39:54,0,0,11.809045,0.2512563,0,83.66834,3.015075,0.2512563,0.7537688
2022-07-15 11:39:53,0,0,9.022556,0.2506266,0,85.96491,2.255639,0.5012531,1.2531328
2022-07-15 11:39:52,0,0,13.75,0.5,0,82,3.25,0,0.25
2022-07-15 11:39:51,0,0,5.445545,0,0,86.38614,2.475248,0.2475248,4.207921
2022-07-15 11:39:50,0,0,9.950249,0.2487562,0,81.8408,4.975124,0.7462687,1.741294
2022-07-15 11:39:49,0,0,9.75,0.25,0,84.75,2.5,0.25,1.25
2022-07-15 11:39:48,0,0,7.730673,0,0,86.53367,2.743142,0.2493766,1.4962594
2022-07-15 11:39:47,0,0,6.281407,0.2512563,0,91.20603,1.5075377,0.2512563,0.2512563
2022-07-15 11:39:46,0,0,11.528822,0.2506266,0,85.21303,2.255639,0.2506266,0
2022-07-15 11:39:45,0,0,12.468828,0.4987531,0,79.8005,3.740648,0.2493766,2.493766
2022-07-15 11:39:44,0,0,7.730673,0,0,87.53117,1.995012,0.4987531,1.2468828
2022-07-15 11:39:43,0,0,7.769424,0,0,86.96742,2.255639,0,2.255639
2022-07-15 11:39:42,0,0,10.5,0.25,0,86,2.5,0.25,0.25
2022-07-15 11:39:41,0,0,9.925558,0.7444169,0,85.3598,2.233251,0.4962779,0.7444169
2022-07-15 11:39:40,0,0,11.809045,0.2512563,0,85.42714,2.261307,0,0
2022-07-15 11:39:39,0,0,9.296482,0.5025126,0,85.92965,2.763819,0.5025126,0.5025126
2022-07-15 11:39:38,0,0,11.5,0,0,85,2.75,0,0.25
2022-07-15 11:39:37,0,0,10.5,0.25,0,84.5,2.75,0.25,1.25
2022-07-15 11:39:36,0,0,8.521303,0,0,86.21554,2.506266,0.2506266,1.5037594
2022-07-15 11:39:35,0,0,10.5,0,0,86.5,2.5,0.5,0
2022-07-15 11:39:34,0,0,12.935323,0.2487562,0,82.83582,3.482587,0.2487562,0
2022-07-15 11:39:33,0,0,12.531328,0.5012531,0,82.20551,2.506266,0.2506266,1.754386
2022-07-15 11:39:32,0,0,6.25,0.25,0,84.75,2.5,0.25,5.75
2022-07-15 11:39:31,0,0,10.810811,0.7371007,0,78.86978,2.948403,0.2457002,3.931204
2022-07-15 11:39:30,0,0,7.769424,0.7518797,0,82.95739,2.255639,0,4.511278
2022-07-15 11:39:29,0,0,6.467662,0.4975124,0,83.08458,2.736318,0.2487562,4.975124
2022-07-15 11:39:28,0,0,8.457711,0.4975124,0,83.58209,2.985075,0.4975124,2.487562
2022-07-15 11:39:27,0,0,7.711443,0.7462687,0,82.33831,2.238806,0,5.472637
2022-07-15 11:39:26,0,0,3.731343,0.2487562,0,76.61692,1.99005,0.2487562,8.955224
2022-07-15 11:39:25,0,0,10.473815,0,0,85.78554,2.244389,0.4987531,0.7481297
2022-07-15 11:39:24,0,0,9.405941,0.2475248,0,83.66337,2.475248,0,2.970297
2022-07-15 11:39:23,0,0,9.452736,0.4975124,0,84.32836,2.238806,0.2487562,2.736318
2022-07-15 11:39:22,0,0,8.77193,0.2506266,0,87.21805,2.506266,0,1.0025063
2022-07-15 11:39:21,0,0,10.945274,0.7462687,0,79.85075,5.472637,0.4975124,1.99005
2022-07-15 11:39:20,0,0,8.72818,0,0,83.54115,3.491272,0,3.491272
2022-07-15 11:39:19,0,0,6.234414,0.2493766,0,83.04239,2.244389,0.2493766,6.982544
2022-07-15 11:39:18,0,0,5.75,0.25,0,86.5,1.75,0,4.5
2022-07-15 11:39:17,0,0,7.730673,0.2493766,0,89.77556,1.745636,0,0
2022-07-15 11:39:16,0,0,12.531328,0,0,83.70927,2.756892,0.5012531,0.2506266
2022-07-15 11:39:15,0,0,9,0.25,0,88.5,1.75,0,0
2022-07-15 11:39:14,0,0,11,0.25,0,83,5.25,0.25,0
2022-07-15 11:39:13,0,0,11,0.25,0,84.5,2.5,0.5,0.5
2022-07-15 11:39:12,0,0,14.285714,0.5012531,0,81.70426,3.007519,0,0.2506266
2022-07-15 11:39:11,0,0,8.977556,0,0,84.0399,2.992519,0,3.241895
2022-07-15 11:39:10,0,0,9.452736,0.4975124,0,81.59204,2.487562,0.4975124,4.726368
2022-07-15 11:39:09,0,0,5.896806,0.7371007,0,79.36118,2.702703,0.4914005,7.862408
2022-07-15 11:39:08,0,0,3.712871,1.732673,0,73.76238,2.475248,0.2475248,14.108911
2022-07-15 11:39:07,0,0,5.472637,0.2487562,0,82.08955,1.99005,0.2487562,8.457711
2022-07-15 11:39:06,0,0,4.975124,0.9950249,0,75.37313,2.238806,0.2487562,12.686567
2022-07-15 11:39:05,0,0,7.518797,0.2506266,0,85.71429,2.005013,0.2506266,3.508772
2022-07-15 11:39:04,0,0,8.270677,0.2506266,0,83.9599,1.754386,0.2506266,5.012531
2022-07-15 11:39:03,0,0,6.716418,0.2487562,0,86.06965,1.99005,0.2487562,3.731343
2022-07-15 11:39:02,0,0,10.447761,0.2487562,0,81.09453,1.99005,0.2487562,5.472637
2022-07-15 11:39:01,0,0,6.716418,0.7462687,0,82.58706,3.731343,0,4.477612
2022-07-15 11:39:00,0,0,7.5,0.5,0,79.25,2.75,0.25,7
2022-07-15 11:38:59,0,0,6.982544,0.4987531,0,84.53865,2.743142,0.2493766,3.990025
2022-07-15 11:38:58,0,0,5.985037,0,0,90.27431,1.995012,0,0.9975062
2022-07-15 11:38:57,0,0,14.214464,0.2493766,0,81.79551,2.743142,0.2493766,0.4987531
2022-07-15 11:38:56,0,0,7.769424,0,0,87.21805,2.005013,0,2.255639
2022-07-15 11:38:55,0,0,7.5,0.25,0,89.75,1.75,0.25,0.5
2022-07-15 11:38:54,0,0,10,0.25,0,87,1.75,0,0.25
2022-07-15 11:38:53,0,0,10.972569,0.7481297,0,84.78803,1.745636,0.2493766,0.9975062
2022-07-15 11:38:52,0,0,9.022556,0,0,86.96742,2.255639,0.2506266,0.7518797
2022-07-15 11:38:51,0,0,10.473815,0,0,86.03491,2.493766,0.2493766,0.2493766
2022-07-15 11:38:50,0,0,12.280702,0.2506266,0,83.9599,2.756892,0,0.2506266
2022-07-15 11:38:49,0,0,9.226933,0.4987531,0,86.03491,3.241895,0.2493766,0.2493766
2022-07-15 11:38:48,0,0,10.579345,0.2518892,0,85.64232,2.770781,0.2518892,0
2022-07-15 11:38:47,0,0,10.75,0.25,0,84.75,3.5,0.25,0
2022-07-15 11:38:46,0,0,10.447761,0.2487562,0,85.57214,2.736318,0.2487562,0.2487562
2022-07-15 11:38:45,0,0,12.342569,0,0,85.39043,2.267003,0,0
2022-07-15 11:38:44,0,0,11.970075,0.2493766,0,83.54115,2.992519,0.2493766,0.2493766
2022-07-15 11:38:43,0,0,8.478803,0.2493766,0,85.53616,1.995012,0.2493766,3.241895
2022-07-15 11:38:42,0,0,9.975062,0.4987531,0,83.79052,2.992519,0.2493766,1.745636
2022-07-15 11:38:41,0,0,10.696517,0.4975124,0,82.83582,2.985075,0.4975124,1.741294
2022-07-15 11:38:40,0,0,6.733167,0.4987531,0,81.79551,2.493766,0,5.985037
2022-07-15 11:38:39,0,0,8.478803,0.7481297,0,82.54364,2.743142,0.2493766,4.488778
2022-07-15 11:38:38,0,0,6.683168,0.990099,0,82.92079,2.475248,0.4950495,5.19802
2022-07-15 11:38:37,0,0,4.975124,0.2487562,0,91.79104,1.99005,0,0.4975124
2022-07-15 11:38:36,0,0,13.784461,0.2506266,0,83.20802,2.005013,0.2506266,0.2506266
2022-07-15 11:38:35,0,0,9.62963,0.4938272,0,84.44444,2.469136,0.2469136,2.222222
2022-07-15 11:38:34,0,0,9.52381,0.5012531,0,83.70927,2.255639,0.2506266,3.007519
2022-07-15 11:38:33,0,0,8.168317,0.7425743,0,80.44554,2.475248,0.4950495,5.693069
2022-07-15 11:38:32,0,0,3.960396,0.4950495,0,91.33663,0.4950495,0,1.2376238
2022-07-15 11:38:31,0,0,11.5,0.25,0,84.25,2.75,0,0.25
2022-07-15 11:38:30,0,0,9.798995,0.2512563,0,86.93467,2.512563,0.2512563,0
2022-07-15 11:38:29,0,0,11.5,0.25,0,84.75,2.25,0.25,0.5
2022-07-15 11:38:28,0,0,9.5,0.5,0,87.5,2,0.25,0
2022-07-15 11:38:27,0,0,11.691542,0.2487562,0,84.32836,2.985075,0,0.2487562
2022-07-15 11:38:26,0,0,9.25,0.25,0,86,2.25,0.25,1.5
2022-07-15 11:38:25,0,0,11,0.25,0,86.5,1.75,0.25,0
2022-07-15 11:38:24,0,0,10.25,0.25,0,85.25,3.25,0.25,0.25
2022-07-15 11:38:23,0,0,10.831234,0.5037783,0,85.89421,2.267003,0,0
2022-07-15 11:38:22,0,0,11.940299,0.2487562,0,84.32836,2.487562,0.2487562,0.2487562
2022-07-15 11:38:21,0,0,9.226933,0.2493766,0,87.2818,2.244389,0.2493766,0.2493766
2022-07-15 11:38:20,0,0,13.216958,0.2493766,0,82.04489,3.491272,0,0.4987531
2022-07-15 11:38:19,0,0,13.965087,0.4987531,0,80.54863,2.743142,0.4987531,0.9975062
2022-07-15 11:38:18,0,0,5,0.5,0,75.5,2.25,0.25,12.75
2022-07-15 11:38:17,0,0,6.388206,0.982801,0,78.13268,2.948403,0.2457002,8.353808
2022-07-15 11:38:16,0,0,4.975124,0.9950249,0,78.35821,2.736318,0.4975124,9.452736
2022-07-15 11:38:15,0,0,8.79397,0,0,84.92462,2.261307,0.2512563,2.261307
2022-07-15 11:38:14,0,0,6.218905,0.9950249,0,75.37313,2.487562,0.2487562,10.447761
2022-07-15 11:38:13,0,0,4.950495,0.990099,0,76.23762,1.980198,0.2475248,11.386139
2022-07-15 11:38:12,0,0,8.72818,0.4987531,0,85.28678,2.493766,0.2493766,1.995012
2022-07-15 11:38:11,0,0,6.733167,0.7481297,0,83.79052,2.244389,0,4.239401
2022-07-15 11:38:10,0,0,6.451613,0.248139,0,88.58561,2.233251,0.248139,1.736973
2022-07-15 11:38:09,0,0,9.52381,0,0,84.46115,2.756892,0,2.756892
2022-07-15 11:38:08,0,0,10.123457,0.2469136,0,84.19753,2.962963,0.2469136,1.728395
2022-07-15 11:38:07,0,0,11.809045,0.2512563,0,81.65829,3.015075,0,2.763819
2022-07-15 11:38:06,0,0,5.985037,0.4987531,0,82.79302,1.2468828,0.4987531,6.982544
2022-07-15 11:38:05,0,0,6.716418,0.2487562,0,88.80597,2.238806,0,1.4925373
2022-07-15 11:38:04,0,0,10.669975,0,0,85.60794,2.977667,0.248139,0.248139
2022-07-15 11:38:03,0,0,8.5,0.75,0,87.75,2,0,0.25
2022-07-15 11:38:02,0,0,10.526316,0.2506266,0,86.71679,2.005013,0,0
2022-07-15 11:38:01,0,0,10.75,0.25,0,84.5,3,0,0.25
2022-07-15 11:38:00,0,0,10.945274,0,0,86.06965,2.487562,0.2487562,0
2022-07-15 11:37:59,0,0,10.723192,0,0,86.53367,2.244389,0.2493766,0
2022-07-15 11:37:58,0,0,13.283208,0.2506266,0,82.70677,3.007519,0,0.2506266
2022-07-15 11:37:57,0,0,11.75,0.5,0,81.25,3.5,0.5,2.25
2022-07-15 11:37:56,0,0,6.203474,0.7444169,0,82.38213,2.233251,0,6.699752
2022-07-15 11:37:55,0,0,7.556675,0.2518892,0,88.4131,2.015113,0.2518892,1.2594458
2022-07-15 11:37:54,0,0,9.59596,0.5050505,0,86.61616,2.777778,0.2525253,0
2022-07-15 11:37:53,0,0,8,0.25,0,89,2.25,0,0.25
2022-07-15 11:37:52,0,0,10.918114,0.248139,0,84.11911,1.985112,0.248139,1.4888337
2022-07-15 11:37:51,0,0,8.72818,0.2493766,0,85.78554,2.743142,0.2493766,0.7481297
2022-07-15 11:37:50,0,0,10.327456,0.2518892,0,85.89421,3.526448,0,0
2022-07-15 11:37:49,0,0,10.972569,0.2493766,0,84.78803,3.241895,0,0.2493766
2022-07-15 11:37:48,0,0,10.447761,0,0,86.31841,1.99005,0.4975124,0
2022-07-15 11:37:47,0,0,12.342569,0.5037783,0,83.6272,2.518892,0.2518892,0.2518892
2022-07-15 11:37:46,0,0,8.72818,0.4987531,0,87.78055,1.745636,0.2493766,0.2493766
2022-07-15 11:37:45,0,0,12.060302,0.2512563,0,84.42211,2.512563,0.2512563,0.2512563
2022-07-15 11:37:44,0,0,8.72818,0.2493766,0,88.02993,1.995012,0,0
2022-07-15 11:37:43,0,0,10.723192,0.2493766,0,85.78554,2.992519,0.2493766,0
2022-07-15 11:37:42,0,0,10.379747,0,0,87.08861,2.025316,0,0
2022-07-15 11:37:41,0,0,12.406948,0.248139,0,82.38213,3.225806,0.4962779,0.4962779
2022-07-15 11:37:40,0,0,9.975062,0.4987531,0,85.53616,2.493766,0.2493766,0.2493766
2022-07-15 11:37:39,0,0,9.547739,0,0,87.9397,2.261307,0,0
2022-07-15 11:37:38,0,0,10.723192,0.4987531,0,86.28429,1.745636,0.2493766,0.2493766
2022-07-15 11:37:37,0,0,10.473815,0.7481297,0,85.78554,2.493766,0.2493766,0
2022-07-15 11:37:36,0,0,10.5,0,0,86,2.75,0.25,0
2022-07-15 11:37:35,0,0,12.594458,0.2518892,0,83.37531,3.274559,0.2518892,0
2022-07-15 11:37:34,0,0,6.965174,0.2487562,0,83.33333,3.482587,0,4.975124
2022-07-15 11:37:33,0,0,9.226933,0,0,85.78554,2.244389,0.2493766,1.745636
2022-07-15 11:37:32,0,0,9.823678,0.2518892,0,87.65743,2.015113,0,0
2022-07-15 11:37:31,0,0,10.199005,0.4975124,0,85.32338,2.487562,0.4975124,0.2487562
2022-07-15 11:37:30,0,0,12.878788,0,0,83.58586,3.030303,0.2525253,0
2022-07-15 11:37:29,0,0,11.851852,0.7407407,0,79.25926,2.962963,0.4938272,3.950617
2022-07-15 11:37:28,0,0,3.990025,0.4987531,0,91.5212,1.2468828,0.2493766,1.4962594
2022-07-15 11:37:27,0,0,11.055276,0.2512563,0,85.42714,3.015075,0,0
2022-07-15 11:37:26,0,0,10,0.25,0,86.5,2.25,0.25,0.25
2022-07-15 11:37:25,0,0,11.19403,0,0,86.31841,1.99005,0.2487562,0
2022-07-15 11:37:24,0,0,10.526316,0.2506266,0,85.96491,2.506266,0.2506266,0
2022-07-15 11:37:23,0,0,12.280702,0.5012531,0,83.70927,3.258145,0,0
2022-07-15 11:37:22,0,0,9.25,0.5,0,86.5,2.25,0.25,0.25
2022-07-15 11:37:21,0,0,9.798995,0.5025126,0,86.1809,2.01005,0.2512563,0.2512563
2022-07-15 11:37:20,0,0,10,0,0,87,2.25,0.25,0
2022-07-15 11:37:19,0,0,10.526316,0.2506266,0,86.46617,2.506266,0,0
2022-07-15 11:37:18,0,0,12.060302,0.2512563,0,83.9196,3.015075,0.2512563,0
2022-07-15 11:37:17,0,0,9.725686,0.2493766,0,86.03491,2.244389,0,0.7481297
2022-07-15 11:37:16,0,0,9.20398,0.2487562,0,86.56716,2.238806,0.4975124,0.2487562
2022-07-15 11:37:15,0,0,10.552764,0.2512563,0,87.68844,1.5075377,0,0
2022-07-15 11:37:14,0,0,10.5,0.25,0,86.5,2.25,0.25,0
2022-07-15 11:37:13,0,0,10.25,0.5,0,85.75,2.5,0.25,0.25
2022-07-15 11:37:12,0,0,10.275689,0,0,85.96491,3.258145,0,0
2022-07-15 11:37:11,0,0,11.586902,0.2518892,0,82.36776,3.02267,0.2518892,1.763224
2022-07-15 11:37:10,0,0,13.25,0.5,0,81.75,2.75,0.5,0.75
2022-07-15 11:37:09,0,0,7.425743,0.7425743,0,84.15842,2.227723,0.2475248,4.70297
2022-07-15 11:37:08,0,0,7.75,1,0,81.5,2.75,0,5.5
2022-07-15 11:37:07,0,0,7.160494,0.4938272,0,83.45679,1.975309,0.4938272,5.679012
2022-07-15 11:37:06,0,0,3.553299,0.2538071,0,89.84772,1.77665,0,2.791878
2022-07-15 11:37:05,0,0,11.471322,0.4987531,0,83.79052,2.992519,0.4987531,0.2493766
2022-07-15 11:37:04,0,0,9.547739,0,0,88.19095,2.01005,0,0
2022-07-15 11:37:03,0,0,10.526316,0.5012531,0,85.21303,3.258145,0.2506266,0
2022-07-15 11:37:02,0,0,10.5,0.5,0,85.75,2.25,0.25,0.25
2022-07-15 11:37:01,0,0,9.798995,0,0,82.66332,6.281407,0.2512563,0.2512563
2022-07-15 11:37:00,0,0,10.552764,0.7537688,0,85.92965,2.261307,0,0
2022-07-15 11:36:59,0,0,11.027569,0.2506266,0,82.95739,3.258145,0,1.754386
2022-07-15 11:36:58,0,0,10.75,0,0,84.25,2.75,0.75,0.75
2022-07-15 11:36:57,0,0,9.75,0.25,0,87,2.25,0.25,0.25
2022-07-15 11:36:56,0,0,10.80402,0.2512563,0,86.1809,2.261307,0.2512563,0
2022-07-15 11:36:55,0,0,11.779449,0.2506266,0,83.20802,3.258145,0,0.5012531
2022-07-15 11:36:54,0,0,9.975062,0.4987531,0,86.53367,1.995012,0.2493766,0.2493766
2022-07-15 11:36:53,0,0,9,0.25,0,88,1.75,0,0.25
2022-07-15 11:36:52,0,0,10.5,0.25,0,86,2.5,0.25,0
2022-07-15 11:36:51,0,0,10.473815,0.2493766,0,85.53616,2.743142,0.4987531,0.2493766
2022-07-15 11:36:50,0,0,10.447761,0,0,86.56716,2.238806,0.2487562,0
2022-07-15 11:36:49,0,0,10.552764,0.2512563,0,85.67839,2.512563,0.2512563,0.2512563
2022-07-15 11:36:48,0,0,11.027569,0.5012531,0,85.96491,2.255639,0,0
2022-07-15 11:36:47,0,0,10.152284,0.5076142,0,85.7868,2.538071,0.2538071,0.2538071
2022-07-15 11:36:46,0,0,9.798995,0.2512563,0,87.18593,2.01005,0,0.2512563
2022-07-15 11:36:45,0,0,9.476309,0.4987531,0,87.53117,1.995012,0.2493766,0
2022-07-15 11:36:44,0,0,10.723192,0.4987531,0,86.03491,1.995012,0.4987531,0
2022-07-15 11:36:43,0,0,11.306533,0,0,83.9196,3.266332,0.2512563,0.5025126
2022-07-15 11:36:42,0,0,9.774436,0.2506266,0,86.71679,2.255639,0.2506266,0.2506266
2022-07-15 11:36:41,0,0,9.113924,0,0,87.08861,2.531646,0.2531646,0.2531646
2022-07-15 11:36:40,0,0,10.723192,0.2493766,0,86.03491,1.995012,0.2493766,0.2493766
2022-07-15 11:36:39,0,0,10.199005,0.2487562,0,86.56716,2.487562,0.2487562,0
2022-07-15 11:36:38,0,0,10.776942,0,0,86.21554,2.506266,0,0
2022-07-15 11:36:37,0,0,14.888337,0.248139,0,80.8933,3.473945,0.248139,0.248139
2022-07-15 11:36:36,0,0,10.327456,0,0,83.12343,2.518892,0.2518892,2.518892
2022-07-15 11:36:35,0,0,5.75,0.75,0,79,3,0.25,9.75
2022-07-15 11:36:34,0,0,8.436725,0.248139,0,84.86352,2.48139,0.248139,2.48139
2022-07-15 11:36:33,0,0,6.716418,0.4975124,0,80.59701,2.985075,0,7.960199
2022-07-15 11:36:32,0,0,4.020101,0.2512563,0,89.44724,1.5075377,0.5025126,3.015075
2022-07-15 11:36:31,0,0,10.75,0,0,84.25,3.5,0.25,0.75
2022-07-15 11:36:30,0,0,7.730673,0.4987531,0,87.78055,2.493766,0.4987531,0.4987531
2022-07-15 11:36:29,0,0,10.552764,0,0,86.43216,2.763819,0,0
2022-07-15 11:36:28,0,0,10.526316,0.5012531,0,85.71429,2.506266,0.2506266,0
2022-07-15 11:36:27,0,0,10.5,0.25,0,85.5,2.75,0,0.25
2022-07-15 11:36:26,0,0,10.526316,0.2506266,0,85.46366,3.007519,0.2506266,0.2506266
2022-07-15 11:36:25,0,0,10.723192,0.4987531,0,84.53865,3.241895,0.2493766,0.2493766
2022-07-15 11:36:24,0,0,10,0.75,0,84.75,2.5,0.25,1.25
2022-07-15 11:36:23,0,0,11,0.5,0,86,2.25,0,0.25
2022-07-15 11:36:22,0,0,8.75,0,0,87.5,2.5,0,0.75
2022-07-15 11:36:21,0,0,10.447761,0.2487562,0,86.06965,1.741294,0.2487562,0.2487562
2022-07-15 11:36:20,0,0,11.25,0.25,0,85.5,2.5,0.25,0.25
2022-07-15 11:36:19,0,0,11.221945,0.2493766,0,84.78803,2.992519,0,0.2493766
2022-07-15 11:36:18,0,0,8.291457,0,0,87.9397,2.512563,0.5025126,0.5025126
2022-07-15 11:36:17,0,0,12.686567,0.2487562,0,83.58209,2.736318,0,0.2487562
2022-07-15 11:36:16,0,0,11.25,0.5,0,83,3,0.25,1.75
2022-07-15 11:36:15,0,0,8.188586,0.4962779,0,86.10422,2.48139,0.248139,2.233251
2022-07-15 11:36:14,0,0,10.025063,0.2506266,0,85.71429,2.255639,0.5012531,1.0025063
2022-07-15 11:36:13,0,0,10.723192,0.7481297,0,80.04988,2.743142,0.2493766,3.740648
2022-07-15 11:36:12,0,0,5.970149,0.2487562,0,81.8408,3.233831,0.2487562,6.467662
2022-07-15 11:36:11,0,0,6.04534,0.2518892,0,88.16121,2.518892,0.2518892,2.267003
2022-07-15 11:36:10,0,0,8.977556,0.2493766,0,84.78803,2.244389,0.4987531,2.493766
2022-07-15 11:36:09,0,0,10.353535,0.2525253,0,85.85859,2.777778,0.2525253,0
2022-07-15 11:36:08,0,0,13.065327,0.2512563,0,83.16583,2.512563,0.2512563,0.5025126
2022-07-15 11:36:07,0,0,10.148515,0.4950495,0,80.69307,2.722772,0.7425743,3.465347
2022-07-15 11:36:06,0,0,6.281407,0.2512563,0,86.93467,2.512563,0.2512563,2.763819
2022-07-15 11:36:05,0,0,13.533835,0.2506266,0,82.70677,2.756892,0.2506266,0.2506266
2022-07-15 11:36:04,0,0,5.679012,1.2345679,0,79.75309,2.469136,0.2469136,6.91358
2022-07-15 11:36:03,0,0,6.451613,0.7444169,0,87.59305,0.7444169,0,3.473945
2022-07-15 11:36:02,0,0,11.471322,0.2493766,0,85.78554,1.995012,0.2493766,0.2493766
2022-07-15 11:36:01,0,0,8.208955,0.2487562,0,84.32836,3.482587,0.2487562,2.736318
2022-07-15 11:36:00,0,0,7.98005,0.2493766,0,86.03491,2.493766,0.2493766,2.244389
2022-07-15 11:35:59,0,0,11.868687,0.2525253,0,84.09091,3.030303,0.2525253,0.2525253
2022-07-15 11:35:58,0,0,12.967581,0.4987531,0,82.29426,3.740648,0,0.2493766
2022-07-15 11:35:57,0,0,5.75,1,0,86,2,0.25,4
2022-07-15 11:35:56,0,0,9.5,0.25,0,86,3,0.25,0.5
2022-07-15 11:35:55,0,0,12.718204,0.2493766,0,82.79302,2.992519,0.2493766,0.7481297
2022-07-15 11:35:54,0,0,7.711443,0.2487562,0,82.83582,2.985075,0.4975124,5.472637
2022-07-15 11:35:53,0,0,6.965174,1.2437811,0,83.83085,2.487562,0,3.482587
2022-07-15 11:35:52,0,0,9.547739,0.2512563,0,83.9196,3.266332,0,2.763819
2022-07-15 11:35:51,0,0,9.181141,0.4962779,0,85.11166,2.48139,0.248139,1.985112
2022-07-15 11:35:50,0,0,6.451613,0,0,84.61538,2.977667,0.248139,4.466501
2022-07-15 11:35:49,0,0,10.891089,0.2475248,0,85.14851,2.227723,0.2475248,0.7425743
2022-07-15 11:35:48,0,0,8,0.25,0,84,2.75,0.25,3.5
2022-07-15 11:35:47,0,0,4.726368,0.7462687,0,90.29851,1.741294,0,1.99005
2022-07-15 11:35:46,0,0,11.027569,0.2506266,0,84.21053,3.007519,0.7518797,0.2506266
2022-07-15 11:35:45,0,0,12.09068,0.5037783,0,84.63476,2.518892,0,0.2518892
2022-07-15 11:35:44,0,0,9.52381,0.2506266,0,86.71679,2.255639,0.2506266,0.5012531
2022-07-15 11:35:43,0,0,9.547739,0.5025126,0,87.18593,2.261307,0.2512563,0
2022-07-15 11:35:42,0,0,10.5,0.5,0,85.5,2.5,0,0.25
2022-07-15 11:35:41,0,0,10.526316,0.5012531,0,85.21303,3.007519,0,0
2022-07-15 11:35:40,0,0,10.327456,0.2518892,0,87.15365,1.511335,0.2518892,0.2518892
2022-07-15 11:35:39,0,0,10.447761,0,0,87.31343,1.99005,0,0
2022-07-15 11:35:38,0,0,11.25,0.5,0,85.75,2,0.25,0
2022-07-15 11:35:37,0,0,11.691542,0.2487562,0,83.58209,2.985075,0.4975124,0.7462687
2022-07-15 11:35:36,0,0,9.620253,0.2531646,0,86.32911,2.531646,0,0.2531646
2022-07-15 11:35:35,0,0,10.025063,0.2506266,0,87.21805,2.005013,0.2506266,0
2022-07-15 11:35:34,0,0,11.970075,0.2493766,0,84.28928,2.493766,0.2493766,0.2493766
2022-07-15 11:35:33,0,0,9.25,0.5,0,84.75,3.25,0.25,1.75
2022-07-15 11:35:32,0,0,10.776942,0,0,85.96491,2.005013,0,0.5012531
2022-07-15 11:35:31,0,0,9.452736,0.4975124,0,86.81592,2.736318,0.2487562,0
2022-07-15 11:35:30,0,0,10.696517,0,0,84.57711,2.985075,0.2487562,0.2487562
2022-07-15 11:35:29,0,0,10.552764,0.2512563,0,86.43216,2.261307,0.2512563,0
2022-07-15 11:35:28,0,0,11.25,0.5,0,84.75,2.75,0.25,0.25
2022-07-15 11:35:27,0,0,10.473815,0.2493766,0,86.28429,2.244389,0.2493766,0
2022-07-15 11:35:26,0,0,11.442786,0.2487562,0,84.57711,2.487562,0.2487562,0.2487562
2022-07-15 11:35:25,0,0,10.776942,0,0,86.46617,2.005013,0.2506266,0.2506266
2022-07-15 11:35:24,0,0,9.296482,0.2512563,0,87.43719,2.01005,0.2512563,0
2022-07-15 11:35:23,0,0,10.5,0.5,0,85,3.25,0.25,0.25
2022-07-15 11:35:22,0,0,11.111111,0.5050505,0,86.36364,1.5151515,0,0.2525253
2022-07-15 11:35:21,0,0,11.691542,0.2487562,0,83.58209,2.736318,0.7462687,0.4975124
2022-07-15 11:35:20,0,0,9.090909,0.2525253,0,87.62626,1.767677,0.2525253,0.2525253
2022-07-15 11:35:19,0,0,11.25,0.25,0,84.5,3.25,0.5,0.25
2022-07-15 11:35:18,0,0,13.784461,0.2506266,0,81.95489,3.258145,0.2506266,0.2506266
2022-07-15 11:35:17,0,0,8.168317,0.4950495,0,84.15842,1.980198,0.2475248,4.207921
2022-07-15 11:35:16,0,0,7.462687,0.4975124,0,81.09453,2.985075,0.2487562,6.965174
2022-07-15 11:35:15,0,0,8.77193,0.2506266,0,82.95739,3.007519,0.2506266,3.508772
2022-07-15 11:35:14,0,0,6.965174,0.7462687,0,85.8209,2.238806,0.2487562,3.233831
2022-07-15 11:35:13,0,0,9.476309,0.2493766,0,83.04239,2.493766,0.2493766,3.740648
2022-07-15 11:35:12,0,0,6.947891,0.4962779,0,82.134,2.729529,0.4962779,5.210918
2022-07-15 11:35:11,0,0,8.977556,0.2493766,0,85.03741,2.244389,0.2493766,2.493766
2022-07-15 11:35:10,0,0,7.481297,0.4987531,0,81.29676,3.491272,0,5.735661
2022-07-15 11:35:09,0,0,9.90099,0,0,84.90099,2.475248,0.2475248,1.980198
2022-07-15 11:35:08,0,0,6.281407,0.5025126,0,81.40704,2.512563,0.2512563,6.78392
2022-07-15 11:35:07,0,0,7.673267,0.4950495,0,82.92079,2.475248,0.2475248,4.950495
2022-07-15 11:35:06,0,0,5.472637,0.4975124,0,88.80597,1.99005,0.2487562,2.736318
2022-07-15 11:35:05,0,0,9.774436,0,0,88.47118,1.5037594,0.2506266,0
2022-07-15 11:35:04,0,0,11.027569,0.2506266,0,84.96241,3.007519,0,0.2506266
2022-07-15 11:35:03,0,0,10.526316,0.2506266,0,86.21554,2.506266,0.2506266,0
2022-07-15 11:35:02,0,0,12.280702,0.5012531,0,83.9599,2.506266,0.2506266,0.2506266
2022-07-15 11:35:01,0,0,9.476309,0.2493766,0,85.53616,2.743142,0.2493766,0.4987531
2022-07-15 11:35:00,0,0,9.75,0.5,0,87.25,1.75,0.25,0
2022-07-15 11:34:59,0,0,11.5,0.25,0,84.75,3,0,0
2022-07-15 11:34:58,0,0,10.606061,0.2525253,0,84.84848,2.777778,0.2525253,0.7575758
2022-07-15 11:34:57,0,0,14.179104,0.4975124,0,81.34328,2.736318,0.2487562,0.4975124
2022-07-15 11:34:56,0,0,9.226933,0.2493766,0,83.04239,2.743142,0.2493766,4.239401
2022-07-15 11:34:55,0,0,6.845966,1.2224939,0,81.17359,2.933985,0.2444988,6.356968
2022-07-15 11:34:54,0,0,8.080808,0,0,86.61616,2.777778,0.2525253,2.020202
2022-07-15 11:34:53,0,0,8.5,0.5,0,83.75,2.5,0.25,3.75
2022-07-15 11:34:52,0,0,7.920792,0.2475248,0,84.65347,3.217822,0.2475248,2.970297
2022-07-15 11:34:51,0,0,6.716418,0.7462687,0,80.34826,2.736318,0.4975124,6.965174
2022-07-15 11:34:50,0,0,6.965174,0.4975124,0,86.31841,2.487562,0.2487562,3.233831
2022-07-15 11:34:49,0,0,8.79397,0.5025126,0,84.67337,2.512563,0,2.512563
2022-07-15 11:34:48,0,0,9.975062,0.4987531,0,84.0399,2.493766,0,2.244389
2022-07-15 11:34:47,0,0,7.654321,0.2469136,0,87.16049,2.469136,0.2469136,1.728395
2022-07-15 11:34:46,0,0,8.270677,0.2506266,0,85.96491,3.007519,0.2506266,1.0025063
2022-07-15 11:34:45,0,0,8.208955,0,0,88.80597,1.99005,0.2487562,0
2022-07-15 11:34:44,0,0,15.829146,0.5025126,0,79.14573,3.015075,0.5025126,0.5025126
2022-07-15 11:34:43,0,0,7.25,0.25,0,85,2,0.25,5
2022-07-15 11:34:42,0,0,6.982544,0,0,91.02244,1.2468828,0.2493766,0
2022-07-15 11:34:41,0,0,10.473815,0.4987531,0,85.78554,1.995012,0.2493766,0.2493766
2022-07-15 11:34:40,0,0,10.776942,0.2506266,0,84.96241,3.007519,0.5012531,0
2022-07-15 11:34:39,0,0,11.75,0.25,0,85.75,1.75,0,0.25
2022-07-15 11:34:38,0,0,12.158809,0.4962779,0,79.90074,2.729529,0.248139,3.473945
2022-07-15 11:34:37,0,0,9.25,0.25,0,82.25,3.25,0.25,4.25
2022-07-15 11:34:36,0,0,6.015038,0,0,91.97995,1.2531328,0.2506266,0.2506266
2022-07-15 11:34:35,0,0,14.179104,0.4975124,0,80.59701,3.482587,0.2487562,0.7462687
2022-07-15 11:34:34,0,0,5.012531,0.5012531,0,86.71679,2.005013,0,3.759398
2022-07-15 11:34:33,0,0,11.111111,0.4938272,0,79.75309,3.209877,0.2469136,4.197531
2022-07-15 11:34:32,0,0,6.982544,0.4987531,0,81.79551,2.743142,0,5.985037
2022-07-15 11:34:31,0,0,7.19603,0.7444169,0,82.134,3.225806,0.9925558,4.466501
2022-07-15 11:34:30,0,0,7.26817,0.7518797,0,84.71178,2.005013,0,4.761905
2022-07-15 11:34:29,0,0,8.208955,0,0,86.81592,2.238806,0.2487562,2.238806
2022-07-15 11:34:28,0,0,7.75,0.25,0,89.75,1.5,0,0.75
2022-07-15 11:34:27,0,0,14,0.5,0,81,3.25,0.25,0.25
2022-07-15 11:34:26,0,0,6.451613,1.2406948,0,80.64516,2.729529,0.248139,6.947891
2022-07-15 11:34:25,0,0,5.263158,0,0,89.72431,2.255639,0.2506266,2.005013
2022-07-15 11:34:24,0,0,9.725686,0.4987531,0,86.53367,2.244389,0,0.2493766
2022-07-15 11:34:23,0,0,9.725686,0.2493766,0,86.03491,2.244389,0.4987531,0.2493766
2022-07-15 11:34:22,0,0,10,0.5,0,87.5,1.5,0.25,0
2022-07-15 11:34:21,0,0,10.972569,0,0,85.28678,2.743142,0.2493766,0.2493766
2022-07-15 11:34:20,0,0,10.552764,0.2512563,0,86.68342,2.01005,0.2512563,0
2022-07-15 11:34:19,0,0,11.221945,0.2493766,0,84.53865,3.241895,0.2493766,0.2493766
2022-07-15 11:34:18,0,0,10.972569,0.2493766,0,84.78803,3.241895,0,0.2493766
2022-07-15 11:34:17,0,0,10.579345,0.2518892,0,85.89421,2.770781,0.2518892,0
2022-07-15 11:34:16,0,0,10.75,0,0,85.75,2.25,0.5,0.25
2022-07-15 11:34:15,0,0,11.779449,0.5012531,0,85.21303,2.506266,0,0
2022-07-15 11:34:14,0,0,10.696517,0.2487562,0,84.32836,2.736318,0.2487562,0.7462687
2022-07-15 11:34:13,0,0,12.219451,0.7481297,0,84.28928,2.244389,0.2493766,0.2493766
2022-07-15 11:34:12,0,0,7.98005,0.2493766,0,87.2818,2.244389,0,1.2468828
2022-07-15 11:34:11,0,0,8.25,0.25,0,87,2,0.25,1
2022-07-15 11:34:10,0,0,10.327456,0,0,86.90176,1.763224,0.2518892,0
2022-07-15 11:34:09,0,0,11.25,0.25,0,85.5,2.5,0.25,0
2022-07-15 11:34:08,0,0,14.888337,0.248139,0,80.8933,2.729529,0.248139,0.4962779
2022-07-15 11:34:07,0,0,8.270677,0.5012531,0,82.70677,2.255639,0.2506266,4.511278
2022-07-15 11:34:06,0,0,4.466501,0.248139,0,89.08189,1.985112,0.248139,3.225806
2022-07-15 11:34:05,0,0,9.75,0.25,0,85.75,3,0.25,0.25
2022-07-15 11:34:04,0,0,13.466334,0.2493766,0,83.29177,2.493766,0.2493766,0
2022-07-15 11:34:03,0,0,9.045226,0.2512563,0,85.92965,3.517588,0,1.0050251
2022-07-15 11:34:02,0,0,10.891089,0.4950495,0,82.17822,3.465347,0.2475248,1.980198
2022-07-15 11:34:01,0,0,9.950249,0.4975124,0,80.84577,2.985075,0.2487562,4.477612
2022-07-15 11:34:00,0,0,6.801008,0,0,87.40554,2.267003,0,3.02267
2022-07-15 11:33:59,0,0,10.696517,0.4975124,0,81.09453,3.233831,0.4975124,3.233831
2022-07-15 11:33:58,0,0,7.21393,0.2487562,0,83.83085,1.741294,0.2487562,4.726368
2022-07-15 11:33:57,0,0,8.79397,0.2512563,0,86.1809,2.01005,0.2512563,2.01005
2022-07-15 11:33:56,0,0,10.696517,0.2487562,0,83.33333,2.736318,0.2487562,1.99005
2022-07-15 11:33:55,0,0,6.565657,0,0,90.90909,1.767677,0.2525253,0.5050505
2022-07-15 11:33:54,0,0,13.151365,0.4962779,0,83.12655,2.48139,0.248139,0.248139
2022-07-15 11:33:53,0,0,7.178218,0.4950495,0,83.66337,2.227723,0,4.455446
2022-07-15 11:33:52,0,0,8.270677,0.5012531,0,87.46867,1.2531328,0.2506266,1.754386
2022-07-15 11:33:51,0,0,8.955224,0.9950249,0,78.10945,3.482587,0.2487562,6.716418
2022-07-15 11:33:50,0,0,10.669975,0.248139,0,84.11911,2.977667,0.248139,1.2406948
2022-07-15 11:33:49,0,0,9.045226,0.2512563,0,84.92462,2.01005,0.2512563,3.015075
2022-07-15 11:33:48,0,0,5.432099,0.7407407,0,79.25926,2.962963,0.2469136,8.641975
2022-07-15 11:33:47,0,0,7.537688,0.2512563,0,84.17085,3.015075,0,4.522613
2022-07-15 11:33:46,0,0,7.125307,0.7371007,0,83.04668,2.702703,0.4914005,3.439803
2022-07-15 11:33:45,0,0,9,0.25,0,84.25,2.75,0.25,3
2022-07-15 11:33:44,0,0,7.920792,0.4950495,0,81.93069,2.970297,0.2475248,5.445545
2022-07-15 11:33:43,0,0,8.333333,0,0,87.62626,2.020202,0,1.010101
2022-07-15 11:33:42,0,0,8.5,0.5,0,84,3,0.5,2.75
2022-07-15 11:33:41,0,0,8.888889,0,0,84.69136,2.469136,0.4938272,2.962963
2022-07-15 11:33:40,0,0,9.045226,0.5025126,0,86.68342,2.512563,0.2512563,0.5025126
2022-07-15 11:33:39,0,0,9.045226,0.2512563,0,84.42211,3.015075,0.2512563,2.01005
2022-07-15 11:33:38,0,0,9.725686,0.7481297,0,85.28678,2.743142,0.2493766,0.2493766
2022-07-15 11:33:37,0,0,11.779449,0.5012531,0,84.46115,2.506266,0,0.5012531
2022-07-15 11:33:36,0,0,8.478803,0.2493766,0,87.53117,2.493766,0.2493766,0.4987531
2022-07-15 11:33:35,0,0,9.06801,0.2518892,0,88.16121,1.763224,0.5037783,0
2022-07-15 11:33:34,0,0,8.521303,0.7518797,0,86.71679,3.759398,0,0
2022-07-15 11:33:33,0,0,8.816121,0.5037783,0,87.15365,2.770781,0.2518892,0
2022-07-15 11:33:32,0,0,8.25,0.25,0,88.5,2.25,0.25,0.25
2022-07-15 11:33:31,0,0,8.816121,0.2518892,0,87.65743,2.015113,0.2518892,0.2518892
2022-07-15 11:33:30,0,0,8.521303,0.2506266,0,87.7193,3.258145,0,0
2022-07-15 11:33:29,0,0,8.457711,0.4975124,0,88.0597,2.238806,0.2487562,0
2022-07-15 11:33:28,0,0,9.42928,0.4962779,0,87.09677,2.233251,0.248139,0.248139
2022-07-15 11:33:27,0,0,4.975124,0.4975124,0,88.55721,2.736318,0.2487562,1.4925373
2022-07-15 11:33:26,0,0,4.522613,0.5025126,0,91.70854,2.763819,0.2512563,0
2022-07-15 11:33:25,0,0,3.25,0.25,0,92.5,2.25,0.5,0.25
2022-07-15 11:33:24,0,0,0.9975062,0.2493766,0,95.26185,3.241895,0,0
2022-07-15 11:33:23,0,0,1.75,0.75,0,93.75,2.75,0.5,0
2022-07-15 11:33:22,0,0,1.2562814,0.2512563,0,95.22613,2.512563,0.2512563,0
2022-07-15 11:33:21,0,0,1.5151515,0.2525253,0,94.19192,3.535354,0,0
2022-07-15 11:33:20,0,0,1.25,0.5,0,95,2.75,0.25,0
2022-07-15 11:33:19,0,0,1.2562814,0.7537688,0,93.96985,3.266332,0,0
2022-07-15 11:33:18,0,0,1.2531328,0,0,94.73684,3.258145,0.5012531,0
2022-07-15 11:33:17,0,0,1.741294,0.9950249,0,91.79104,4.228856,0,0
2022-07-15 11:33:16,0,0,1.2562814,0,0,95.72864,2.512563,0,0
2022-07-15 11:33:15,0,0,1.745636,0.4987531,0,92.26933,4.239401,0,0
2022-07-15 11:33:14,0,0,1.010101,0,0,95.70707,2.525253,0.2525253,0
2022-07-15 11:33:13,0,0,1.75,0.5,0,95,2.5,0,0
2022-07-15 11:33:12,0,0,1.2531328,1.0025063,0,93.73434,3.258145,0.2506266,0
2022-07-15 11:33:11,0,0,1.5037594,1.0025063,0,93.23308,3.759398,0,0
2022-07-15 11:33:10,0,0,1.25,0.5,0,94,3.25,0.25,0
2022-07-15 11:33:09,0,0,1.25,0.25,0,95,3,0.25,0
2022-07-15 11:33:08,0,0,1.2562814,0.5025126,0,94.72362,3.015075,0,0
2022-07-15 11:33:07,0,0,1.745636,0.4987531,0,94.51372,2.244389,0.4987531,0
2022-07-15 11:33:06,0,0,1.0075567,0.5037783,0,94.45844,3.02267,0,0
2022-07-15 11:33:05,0,0,2.5,0.25,0,93.5,3,0.25,0
2022-07-15 11:33:04,0,0,1.736973,0.248139,0,92.80397,3.473945,0.248139,0
2022-07-15 11:33:03,0,0,1.5037594,0.2506266,0,93.98496,3.258145,0.5012531,0
2022-07-15 11:33:02,0,0,1.25,0.5,0,95.25,2.5,0.25,0
2022-07-15 11:33:01,0,0,1.5037594,0,0,94.23559,2.756892,0.2506266,0
2022-07-15 11:33:00,0,0,1.4962594,0.9975062,0,94.01496,2.743142,0.4987531,0
2022-07-15 11:32:59,0,0,1.2562814,0.5025126,0,94.97487,2.763819,0,0
2022-07-15 11:32:58,0,0,1.4962594,0.2493766,0,95.51122,2.493766,0,0
2022-07-15 11:32:57,0,0,1.754386,0,0,95.2381,2.506266,0,0.2506266
2022-07-15 11:32:56,0,0,1.5151515,0.7575758,0,93.93939,2.777778,0.2525253,0.2525253
2022-07-15 11:32:55,0,0,1.511335,0.2518892,0,93.45088,3.526448,0,0
2022-07-15 11:32:54,0,0,1.2562814,0.5025126,0,94.72362,2.261307,0.2512563,0
2022-07-15 11:32:53,0,0,1.745636,0.4987531,0,94.51372,2.244389,0,0
2022-07-15 11:32:52,0,0,1.2562814,0.2512563,0,94.22111,3.517588,0.2512563,0
2022-07-15 11:32:51,0,0,1.5,0.5,0,93.5,3.5,0.25,0
2022-07-15 11:32:50,0,0,2.278481,0.2531646,0,94.17722,3.037975,0,0
2022-07-15 11:32:49,0,0,1.5,0.5,0,95,2.25,0.25,0
2022-07-15 11:32:48,0,0,1.2531328,0.2506266,0,94.23559,3.508772,0.5012531,0
2022-07-15 11:32:47,0,0,1.5,0.5,0,95.25,2.25,0,0
2022-07-15 11:32:46,0,0,1.5037594,0.5012531,0,93.48371,3.007519,0.5012531,0
2022-07-15 11:32:45,0,0,1.745636,0.4987531,0,94.01496,2.743142,0.2493766,0
2022-07-15 11:32:44,0,0,1.2562814,0.5025126,0,93.21608,4.020101,0,0
2022-07-15 11:32:43,0,0,1.5075377,0.5025126,0,93.21608,3.517588,0.2512563,0
2022-07-15 11:32:42,0,0,1.5037594,0.5012531,0,94.48622,2.506266,0.2506266,0
2022-07-15 11:32:41,0,0,1.511335,0.5037783,0,94.71033,2.267003,0,0
2022-07-15 11:32:40,0,0,1.2626263,0.5050505,0,94.94949,2.777778,0.2525253,0
2022-07-15 11:32:39,0,0,1.4925373,0.7462687,0,94.77612,1.99005,0.2487562,0
2022-07-15 11:32:38,0,0,1.763224,0.2518892,0,93.45088,4.030227,0.2518892,0
2022-07-15 11:32:37,0,0,1.2406948,0.4962779,0,95.28536,2.48139,0,0
2022-07-15 11:32:36,0,0,1.767677,0.2525253,0,93.18182,3.787879,0.5050505,0
2022-07-15 11:32:35,0,0,1.511335,0.2518892,0,94.71033,2.015113,0.2518892,0
2022-07-15 11:32:34,0,0,1.5,0,0,95,2.5,0.25,0
2022-07-15 11:32:33,0,0,1.2626263,0.7575758,0,93.93939,3.282828,0,0
2022-07-15 11:32:32,0,0,1.2626263,0.5050505,0,94.44444,2.525253,0.2525253,0
2022-07-15 11:32:31,0,0,1.4888337,0.248139,0,95.28536,2.233251,0.248139,0
2022-07-15 11:32:30,0,0,1.4962594,0.2493766,0,93.51621,4.239401,0,0.2493766
2022-07-15 11:32:29,0,0,1.2562814,0.2512563,0,94.72362,2.763819,0.2512563,0
2022-07-15 11:32:28,0,0,1.5075377,0.7537688,0,94.22111,2.512563,0.2512563,0
2022-07-15 11:32:27,0,0,1.2531328,0.2506266,0,94.73684,3.258145,0.2506266,0
2022-07-15 11:32:26,0,0,1.5075377,0.2512563,0,93.96985,3.266332,0.2512563,0
2022-07-15 11:32:25,0,0,1.2658228,0.7594937,0,93.67089,3.291139,0,0
2022-07-15 11:32:24,0,0,1.4925373,0.7462687,0,93.28358,2.985075,0.2487562,0
2022-07-15 11:32:23,0,0,1.2468828,0.2493766,0,96.00998,1.4962594,0.4987531,0
2022-07-15 11:32:22,0,0,1.2531328,0.5012531,0,94.48622,2.756892,0,0
2022-07-15 11:32:21,0,0,1.4962594,0.2493766,0,94.51372,2.743142,0.2493766,0
2022-07-15 11:32:20,0,0,1.2531328,0.5012531,0,94.98747,2.756892,0.2506266,0
2022-07-15 11:32:19,0,0,1.5037594,0.5012531,0,94.73684,2.506266,0.2506266,0
2022-07-15 11:32:18,0,0,1.5,0.25,0,95,2.5,0.25,0
2022-07-15 11:32:17,0,0,1.2594458,0.5037783,0,94.20655,3.02267,0,0
2022-07-15 11:32:16,0,0,1.4925373,0.2487562,0,94.02985,3.233831,0.4975124,0
2022-07-15 11:32:15,0,0,1.2562814,0.7537688,0,94.22111,3.015075,0.2512563,0
2022-07-15 11:32:14,0,0,1.4888337,0.248139,0,93.54839,3.225806,0.248139,0
2022-07-15 11:32:13,0,0,1.511335,0.5037783,0,93.95466,2.770781,0,0.2518892
2022-07-15 11:32:12,0,0,1.5075377,0.7537688,0,94.72362,2.01005,0.5025126,0
2022-07-15 11:32:11,0,0,1.758794,0.2512563,0,94.22111,2.261307,0.2512563,0
2022-07-15 11:32:10,0,0,2,0.5,0,94,2.75,0.25,0
2022-07-15 11:32:09,0,0,1.2531328,0.5012531,0,94.73684,3.007519,0.2506266,0
2022-07-15 11:32:08,0,0,1.2658228,0.5063291,0,93.92405,3.037975,0.2531646,0
2022-07-15 11:32:07,0,0,1.2562814,0.5025126,0,94.22111,3.517588,0.2512563,0
2022-07-15 11:32:06,0,0,1.5,0.25,0,94.5,3,0.25,0
2022-07-15 11:32:05,0,0,1.5075377,0.5025126,0,94.72362,2.763819,0.2512563,0
2022-07-15 11:32:04,0,0,1.758794,0.5025126,0,93.46734,3.015075,0,0
2022-07-15 11:32:03,0,0,1.4962594,0.2493766,0,94.26434,2.493766,0.4987531,0
2022-07-15 11:32:02,0,0,1.5151515,0.5050505,0,93.93939,3.030303,0,0.2525253
2022-07-15 11:32:01,0,0,1.2658228,0.5063291,0,94.43038,2.278481,0.5063291,0
2022-07-15 11:32:00,0,0,1.758794,0.5025126,0,95.22613,2.01005,0,0
2022-07-15 11:31:59,0,0,1.0025063,0,0,96.49123,2.005013,0.2506266,0
2022-07-15 11:31:58,0,0,1.758794,1.0050251,0,94.47236,2.512563,0,0
2022-07-15 11:31:57,0,0,1.2531328,0.2506266,0,94.23559,3.508772,0,0
2022-07-15 11:31:56,0,0,1.4962594,0.2493766,0,94.76309,3.241895,0,0
2022-07-15 11:31:55,0,0,1.2468828,0.2493766,0,95.7606,1.995012,0.2493766,0
2022-07-15 11:31:54,0,0,2.25,1,0,92.25,3.25,0,0
2022-07-15 11:31:53,0,0,1,0,0,94.75,3,0.25,0
2022-07-15 11:31:52,0,0,2.238806,0.4975124,0,93.28358,2.736318,0.2487562,0
2022-07-15 11:31:51,0,0,3.526448,0.2518892,0,92.9471,2.267003,0.2518892,0
2022-07-15 11:31:50,0,0,4.962779,0.4962779,0,90.07444,2.233251,0.4962779,0.248139
2022-07-15 11:31:49,0,0,7.518797,0.5012531,0,89.22306,2.255639,0.2506266,0
2022-07-15 11:31:48,0,0,8.564232,0,0,87.65743,2.770781,0.2518892,0.2518892
2022-07-15 11:31:47,0,0,8.72818,0.2493766,0,87.53117,2.743142,0.2493766,0
2022-07-15 11:31:46,0,0,9.296482,0.5025126,0,86.68342,3.015075,0.2512563,0
2022-07-15 11:31:45,0,0,8,0.25,0,88.25,1.75,0.5,0.25
2022-07-15 11:31:44,0,0,12.437811,0,0,83.83085,3.233831,0.2487562,0
2022-07-15 11:31:43,0,0,5.735661,0.4987531,0,89.27681,1.745636,0.2493766,1.745636
2022-07-15 11:31:42,0,0,7.462687,0.4975124,0,89.05473,1.741294,0.2487562,0.7462687
2022-07-15 11:31:41,0,0,11.055276,0.5025126,0,85.42714,1.758794,0.2512563,0.2512563
2022-07-15 11:31:40,0,0,10.25,0.25,0,86.5,2.25,0.25,0.25
2022-07-15 11:31:39,0,0,11.25,0.5,0,83.25,3.5,0,0.25
2022-07-15 11:31:38,0,0,9.181141,0.4962779,0,87.59305,1.985112,0.248139,0.248139
2022-07-15 11:31:37,0,0,10.301508,0.2512563,0,86.43216,2.01005,0.2512563,0
2022-07-15 11:31:36,0,0,10.75,0.75,0,85,2.5,0.25,0.25
2022-07-15 11:31:35,0,0,10.552764,0.2512563,0,86.93467,2.01005,0,0
2022-07-15 11:31:34,0,0,11.25,0.25,0,86,1.5,0.25,0.25
2022-07-15 11:31:33,0,0,16.25,0.25,0,80.25,3,0,0
2022-07-15 11:31:32,0,0,7.19603,0.7444169,0,78.66005,2.48139,0.4962779,7.692308
2022-07-15 11:31:31,0,0,7.19603,0.7444169,0,80.8933,1.736973,0.248139,6.947891
2022-07-15 11:31:30,0,0,6.965174,0.9950249,0,80.0995,2.736318,0.4975124,6.467662
2022-07-15 11:31:29,0,0,3.740648,0.4987531,0,75.81047,2.493766,0.2493766,13.216958
2022-07-15 11:31:28,0,0,8.910891,0.7425743,0,79.70297,2.475248,0.2475248,6.188119
2022-07-15 11:31:27,0,0,2.716049,0.4938272,0,76.54321,2.962963,0.2469136,14.567901
2022-07-15 11:31:26,0,0,4.466501,0.7444169,0,83.62283,2.233251,0.248139,5.955335
2022-07-15 11:31:25,0,0,7.5,0.25,0,90,1.75,0,0.25
2022-07-15 11:31:24,0,0,10.776942,0.2506266,0,85.46366,2.756892,0.2506266,0.2506266
2022-07-15 11:31:23,0,0,10.669975,0.4962779,0,85.85608,2.233251,0.248139,0
2022-07-15 11:31:22,0,0,10.858586,0,0,85.85859,2.525253,0,0.2525253
2022-07-15 11:31:21,0,0,11,0.25,0,84.75,3,0.25,0.25
2022-07-15 11:31:20,0,0,10.379747,0.2531646,0,86.58228,2.025316,0.2531646,0
2022-07-15 11:31:19,0,0,11.414392,0.248139,0,81.88586,3.225806,0.4962779,2.48139
2022-07-15 11:31:18,0,0,10.275689,0.2506266,0,85.71429,2.506266,0.2506266,0.2506266
2022-07-15 11:31:17,0,0,9.476309,0.4987531,0,86.53367,2.493766,0.2493766,0.4987531
2022-07-15 11:31:16,0,0,11.75,0.25,0,84,2.25,0,1.25
2022-07-15 11:31:15,0,0,8.478803,0.4987531,0,87.53117,1.995012,0.2493766,0.4987531
2022-07-15 11:31:14,0,0,8.75,0.5,0,87.5,2.75,0.25,0
2022-07-15 11:31:13,0,0,8.521303,0.2506266,0,88.22055,2.756892,0,0
2022-07-15 11:31:12,0,0,8.312343,0.2518892,0,88.66499,2.267003,0,0
2022-07-15 11:31:11,0,0,8.25,0.25,0,86.5,4,0,0.5
2022-07-15 11:31:10,0,0,9.022556,0.2506266,0,87.46867,2.756892,0,0.2506266
2022-07-15 11:31:09,0,0,8.270677,0,0,88.22055,2.506266,0.5012531,0
2022-07-15 11:31:08,0,0,9.75,0.25,0,87.25,2,0.25,0.25
2022-07-15 11:31:07,0,0,7.23192,0.4987531,0,88.77805,2.493766,0.2493766,0.2493766
2022-07-15 11:31:06,0,0,7.017544,0.2506266,0,89.72431,2.005013,0.2506266,0.5012531
2022-07-15 11:31:05,0,0,4.975124,0.9950249,0,91.29353,2.238806,0.2487562,0
2022-07-15 11:31:04,0,0,3.217822,0.7425743,0,90.09901,3.960396,0.2475248,0.2475248
2022-07-15 11:31:03,0,0,0.7594937,0,0,96.70886,2.025316,0,0
2022-07-15 11:31:02,0,0,1.2531328,0.5012531,0,95.2381,2.255639,0.2506266,0
2022-07-15 11:31:01,0,0,1.0050251,0.2512563,0,94.22111,3.768844,0,0
2022-07-15 11:31:00,0,0,1.0025063,0,0,95.98997,2.756892,0,0
2022-07-15 11:30:59,0,0,1,0.5,0,95.5,2.5,0.25,0
2022-07-15 11:30:58,0,0,1.2406948,0.4962779,0,96.02978,1.985112,0,0
2022-07-15 11:30:57,0,0,1.2531328,0.2506266,0,94.23559,3.258145,0,0
2022-07-15 11:30:56,0,0,1.4962594,0.2493766,0,94.76309,2.493766,0.2493766,0
2022-07-15 11:30:55,0,0,1.010101,0.5050505,0,93.43434,2.777778,0.5050505,0
2022-07-15 11:30:54,0,0,1.25,0.25,0,94.75,3,0,0
2022-07-15 11:30:53,0,0,1,0,0,96,2.25,0,0
2022-07-15 11:30:52,0,0,1,0.75,0,94,3.5,0.25,0
2022-07-15 11:30:51,0,0,1.0178117,0,0,94.40204,3.307888,0.2544529,0
2022-07-15 11:30:50,0,0,0.9950249,0.4975124,0,95.02488,2.736318,0,0
2022-07-15 11:30:49,0,0,1,0.25,0,96.25,2.25,0,0
2022-07-15 11:30:48,0,0,1.0050251,0.2512563,0,94.47236,3.768844,0.2512563,0
2022-07-15 11:30:47,0,0,0.9975062,0.2493766,0,96.25935,2.244389,0,0
2022-07-15 11:30:46,0,0,1.2468828,0.4987531,0,93.76559,3.241895,0,0
2022-07-15 11:30:45,0,0,1.2531328,0.2506266,0,94.73684,3.007519,0,0.2506266
2022-07-15 11:30:44,0,0,1.995012,0.2493766,0,93.51621,3.491272,0.2493766,0
2022-07-15 11:30:43,0,0,3.9801,0,0,92.53731,2.238806,0.2487562,0
2022-07-15 11:30:42,0,0,7,0.25,0,89.25,2.75,0.25,0.25
2022-07-15 11:30:41,0,0,8.270677,0.2506266,0,88.22055,2.756892,0.2506266,0
2022-07-15 11:30:40,0,0,8.521303,0.2506266,0,87.46867,2.756892,0.2506266,0
2022-07-15 11:30:39,0,0,8.270677,0.5012531,0,87.7193,2.756892,0,0.2506266
2022-07-15 11:30:38,0,0,8.270677,0.2506266,0,88.22055,2.506266,0.2506266,0
2022-07-15 11:30:37,0,0,8.77193,0.2506266,0,86.71679,3.258145,0.2506266,0
2022-07-15 11:30:36,0,0,7.769424,0.7518797,0,87.21805,3.508772,0.2506266,0
2022-07-15 11:30:35,0,0,9.319899,0.5037783,0,86.1461,2.770781,0.2518892,0.5037783
2022-07-15 11:30:34,0,0,11.19403,0.2487562,0,85.8209,2.238806,0,0.2487562
2022-07-15 11:30:33,0,0,10.552764,0.2512563,0,85.67839,2.512563,0.2512563,0.5025126
2022-07-15 11:30:32,0,0,11.027569,0.2506266,0,84.71178,3.007519,0,0.2506266
2022-07-15 11:30:31,0,0,9.296482,0.5025126,0,87.18593,1.758794,0.2512563,0.2512563
2022-07-15 11:30:30,0,0,10.579345,0.2518892,0,86.39798,2.267003,0,0.2518892
2022-07-15 11:30:29,0,0,10.25,0,0,87,2.25,0.25,0
2022-07-15 11:30:28,0,0,10.696517,0.2487562,0,86.06965,2.487562,0,0
2022-07-15 11:30:27,0,0,10.5,0.5,0,84.25,4,0.25,0.25
2022-07-15 11:30:26,0,0,10.5,0.5,0,85.25,3.25,0.25,0
2022-07-15 11:30:25,0,0,11.027569,0,0,85.71429,2.756892,0.2506266,0
2022-07-15 11:30:24,0,0,12,0.5,0,83.75,2.5,0,0
2022-07-15 11:30:23,0,0,9.5,0.25,0,87.5,2,0,0.25
2022-07-15 11:30:22,0,0,12.5,0.25,0,82.5,3,0.25,1
2022-07-15 11:30:21,0,0,7.808564,0.5037783,0,85.13854,2.770781,0.2518892,2.770781
2022-07-15 11:30:20,0,0,10.025063,0.5012531,0,85.46366,2.756892,0,0.2506266
2022-07-15 11:30:19,0,0,9.022556,0,0,88.7218,1.5037594,0.2506266,0
2022-07-15 11:30:18,0,0,10.669975,0.4962779,0,85.11166,2.977667,0.248139,0.248139
2022-07-15 11:30:17,0,0,10.75,0.25,0,86.25,2.25,0,0
2022-07-15 11:30:16,0,0,10.552764,0.5025126,0,85.92965,2.261307,0.2512563,0
2022-07-15 11:30:15,0,0,10.327456,0,0,86.39798,2.770781,0.2518892,0
2022-07-15 11:30:14,0,0,10.723192,0.2493766,0,86.03491,2.244389,0.2493766,0.2493766
2022-07-15 11:30:13,0,0,11.027569,0.2506266,0,85.46366,2.506266,0.2506266,0.2506266
2022-07-15 11:30:12,0,0,10.075567,0.2518892,0,86.39798,2.015113,0.2518892,0.2518892
2022-07-15 11:30:11,0,0,9.75,0.25,0,86.5,2.75,0.25,0.25
2022-07-15 11:30:10,0,0,12.219451,0.4987531,0,83.29177,3.491272,0.2493766,0
2022-07-15 11:30:09,0,0,9.925558,0.248139,0,81.38958,2.48139,0.4962779,4.466501
2022-07-15 11:30:08,0,0,10.5,0.5,0,83.5,2,0.25,2.5
2022-07-15 11:30:07,0,0,10.173697,0.4962779,0,81.38958,3.473945,0.248139,3.473945
2022-07-15 11:30:06,0,0,7.407407,0.4938272,0,82.46914,2.716049,0,5.185185
2022-07-15 11:30:05,0,0,7.635468,0.7389163,0,83.74384,2.216749,0.2463054,4.187192
2022-07-15 11:30:04,0,0,4.773869,0.7537688,0,90.70352,1.758794,0.2512563,1.5075377
2022-07-15 11:30:03,0,0,10.25,0.5,0,86.5,2.25,0,0.25
2022-07-15 11:30:02,0,0,10.696517,0,0,86.06965,2.487562,0.2487562,0.2487562
2022-07-15 11:30:01,0,0,12.030075,0,0,83.70927,3.258145,0,0.2506266
2022-07-15 11:30:00,0,0,7.75,0,0,86,2.75,0.25,2.75
2022-07-15 11:29:59,0,0,10.864198,0.4938272,0,85.4321,2.222222,0.2469136,0.2469136
2022-07-15 11:29:58,0,0,10.353535,0,0,86.61616,2.272727,0,0.2525253
2022-07-15 11:29:57,0,0,13,0.5,0,82.5,2.75,0,0.5
2022-07-15 11:29:56,0,0,7.21393,0.9950249,0,84.32836,1.99005,0,4.477612
2022-07-15 11:29:55,0,0,10.972569,0,0,84.78803,2.493766,0.2493766,1.4962594
2022-07-15 11:29:54,0,0,8.25,0,0,83.5,2.5,0,4.75
2022-07-15 11:29:53,0,0,9.296482,0.5025126,0,83.9196,3.015075,0.2512563,2.763819
2022-07-15 11:29:52,0,0,6.5,0,0,89.25,2,0.25,1.25
2022-07-15 11:29:51,0,0,8.542714,0,0,86.93467,3.015075,0.2512563,0.7537688
2022-07-15 11:29:50,0,0,10.552764,0.2512563,0,86.43216,2.512563,0,0
2022-07-15 11:29:49,0,0,13.784461,0.2506266,0,82.95739,2.506266,0,0
2022-07-15 11:29:48,0,0,11.25,0.5,0,81.5,3.5,0.25,2
2022-07-15 11:29:47,0,0,8.684864,0.4962779,0,83.87097,2.233251,0.248139,2.977667
2022-07-15 11:29:46,0,0,7.730673,0.2493766,0,86.53367,1.745636,0,3.241895
2022-07-15 11:29:45,0,0,8.866995,0.7389163,0,83.25123,2.216749,0.2463054,3.694581
2022-07-15 11:29:44,0,0,6.5,0.75,0,84,2.25,0.25,4.5
2022-07-15 11:29:43,0,0,4.556962,0,0,91.89873,2.025316,0,1.2658228
2022-07-15 11:29:42,0,0,12.342569,0.2518892,0,79.59698,7.052897,0.5037783,0
2022-07-15 11:29:41,0,0,11.386139,0.7425743,0,77.22772,4.207921,0,4.950495
2022-07-15 11:29:40,0,0,6,0.5,0,87.75,2.25,0,2.75
2022-07-15 11:29:39,0,0,10.776942,0.2506266,0,85.96491,2.255639,0.2506266,0.2506266
2022-07-15 11:29:38,0,0,9.701493,0.2487562,0,82.33831,3.731343,0.2487562,3.233831
2022-07-15 11:29:37,0,0,7.017544,0.2506266,0,83.70927,2.756892,0.2506266,4.260652
2022-07-15 11:29:36,0,0,7.26817,0.2506266,0,89.22306,2.005013,0.5012531,0.2506266
2022-07-15 11:29:35,0,0,8.564232,0.2518892,0,87.90932,2.015113,0,0.2518892
2022-07-15 11:29:34,0,0,14.676617,0.4975124,0,78.10945,5.970149,0.4975124,0.2487562
2022-07-15 11:29:33,0,0,9.226933,0.4987531,0,80.798,3.990025,0.2493766,4.987531
2022-07-15 11:29:32,0,0,5.940594,0.4950495,0,81.68317,1.732673,0.2475248,6.930693
2022-07-15 11:29:31,0,0,5.263158,0.5012531,0,76.69173,2.756892,0.5012531,10.526316
2022-07-15 11:29:30,0,0,6.965174,0.7462687,0,80.59701,2.736318,0.2487562,5.721393
2022-07-15 11:29:29,0,0,6.733167,0,0,85.03741,2.743142,0.2493766,3.491272
2022-07-15 11:29:28,0,0,5.693069,0,0,91.33663,1.980198,0.2475248,0.4950495
2022-07-15 11:29:27,0,0,13.965087,0.2493766,0,82.04489,2.743142,0.2493766,0.4987531
2022-07-15 11:29:26,0,0,9.950249,0.4975124,0,85.32338,2.487562,0.2487562,1.4925373
2022-07-15 11:29:25,0,0,7.035176,0.2512563,0,86.43216,3.015075,0,2.512563
2022-07-15 11:29:24,0,0,8.5,0.25,0,87,2,0.25,1.5
2022-07-15 11:29:23,0,0,10.025063,0.2506266,0,87.21805,2.005013,0.2506266,0
2022-07-15 11:29:22,0,0,11.528822,0.2506266,0,82.95739,2.255639,0.5012531,1.754386
2022-07-15 11:29:21,0,0,9.296482,0.5025126,0,85.42714,2.512563,0.2512563,0.5025126
2022-07-15 11:29:20,0,0,9.725686,0.2493766,0,88.02993,1.4962594,0.2493766,0
2022-07-15 11:29:19,0,0,10.526316,0.2506266,0,85.71429,2.756892,0.2506266,0
2022-07-15 11:29:18,0,0,10.5,0.25,0,86.5,2.25,0.25,0
2022-07-15 11:29:17,0,0,10.25,0.25,0,86,2.25,0.25,0.5
2022-07-15 11:29:16,0,0,10.5,0.25,0,86,3,0,0
2022-07-15 11:29:15,0,0,10.327456,0,0,85.89421,2.518892,0.5037783,0
2022-07-15 11:29:14,0,0,11.5,0,0,84.5,3,0.25,0.25
2022-07-15 11:29:13,0,0,11.027569,0.5012531,0,85.46366,2.255639,0,0.2506266
2022-07-15 11:29:12,0,0,8.25,0.25,0,88.25,2.25,0.25,0.25
2022-07-15 11:29:11,0,0,10.696517,0,0,86.06965,2.238806,0.2487562,0.2487562
2022-07-15 11:29:10,0,0,12.311558,0,0,83.9196,3.015075,0.2512563,0
2022-07-15 11:29:09,0,0,9.42928,0.4962779,0,86.35236,2.233251,0.248139,0.248139
2022-07-15 11:29:08,0,0,10.75,0,0,84.5,3.75,0.25,0.25
2022-07-15 11:29:07,0,0,15.710723,0.4987531,0,79.05237,3.740648,0.4987531,0.2493766
2022-07-15 11:29:06,0,0,6.947891,1.2406948,0,80.14888,2.977667,0,5.707196
2022-07-15 11:29:05,0,0,7.481297,0.4987531,0,84.53865,2.244389,0.2493766,4.239401
2022-07-15 11:29:04,0,0,10.199005,0.4975124,0,85.32338,1.99005,0,1.2437811
2022-07-15 11:29:03,0,0,6.75,0.25,0,83.5,3.25,0.25,5.25
2022-07-15 11:29:02,0,0,7.920792,0.7425743,0,79.70297,2.970297,0.2475248,6.435644
2022-07-15 11:29:01,0,0,4.962779,0.248139,0,79.40447,2.729529,0,9.42928
2022-07-15 11:29:00,0,0,4.5,1,0,77.5,2.75,0,10.25
2022-07-15 11:28:59,0,0,10.447761,0,0,85.57214,2.487562,0.4975124,0.7462687
2022-07-15 11:28:58,0,0,5.721393,0.9950249,0,79.60199,2.238806,0.7462687,9.452736
2022-07-15 11:28:57,0,0,6.75,0.25,0,85.25,2,0,5.25
2022-07-15 11:28:56,0,0,7.017544,0.2506266,0,86.21554,2.506266,0.5012531,3.258145
2022-07-15 11:28:55,0,0,9.975062,0.2493766,0,85.78554,2.493766,0,0.7481297
2022-07-15 11:28:54,0,0,10.050251,0.2512563,0,84.17085,2.763819,0.2512563,1.758794
2022-07-15 11:28:53,0,0,6.419753,0.7407407,0,82.46914,2.469136,0.2469136,5.185185
2022-07-15 11:28:52,0,0,6,0.25,0,88.25,2.25,0.25,2.5
2022-07-15 11:28:51,0,0,10.447761,0.2487562,0,86.06965,2.487562,0,0.2487562
2022-07-15 11:28:50,0,0,10.5,0.25,0,84,2.25,0.5,2
2022-07-15 11:28:49,0,0,6.467662,0.4975124,0,88.80597,1.99005,0.2487562,1.4925373
2022-07-15 11:28:48,0,0,7.711443,0.4975124,0,86.81592,2.238806,0,2.238806
2022-07-15 11:28:47,0,0,12.718204,0.2493766,0,83.54115,2.743142,0.2493766,0.2493766
2022-07-15 11:28:46,0,0,9.52381,0.2506266,0,83.9599,2.506266,0.2506266,2.255639
2022-07-15 11:28:45,0,0,14.285714,0.2506266,0,81.95489,2.506266,0,0.7518797
2022-07-15 11:28:44,0,0,7.125307,0.7371007,0,83.29238,2.948403,0.2457002,5.159705
2022-07-15 11:28:43,0,0,7.481297,0.4987531,0,86.28429,2.493766,0.2493766,2.743142
2022-07-15 11:28:42,0,0,7.518797,0.2506266,0,90.47619,1.5037594,0.2506266,0
2022-07-15 11:28:41,0,0,10.723192,0.2493766,0,86.28429,1.745636,0.2493766,0.2493766
2022-07-15 11:28:40,0,0,11.442786,0,0,84.82587,2.238806,0.4975124,0.4975124
2022-07-15 11:28:39,0,0,12,0.25,0,85.25,2,0.25,0.25
2022-07-15 11:28:38,0,0,9.20398,0.4975124,0,86.31841,2.985075,0,0.4975124
2022-07-15 11:28:37,0,0,11.75,0.25,0,84.25,2.75,0.25,0.25
2022-07-15 11:28:36,0,0,13.098237,0.2518892,0,82.61965,3.274559,0,0.5037783
2022-07-15 11:28:35,0,0,10.696517,0,0,84.0796,3.482587,0.2487562,1.2437811
2022-07-15 11:28:34,0,0,7.75,0.75,0,82.5,2.5,0.25,5.25
2022-07-15 11:28:33,0,0,8,0.25,0,89.75,1.25,0.25,0.25
2022-07-15 11:28:32,0,0,8.72818,0.2493766,0,86.53367,2.244389,0,1.745636
2022-07-15 11:28:31,0,0,8,0.25,0,87.75,2,0.25,1.5
2022-07-15 11:28:30,0,0,12,0.25,0,80.5,3.25,0.25,2.25
2022-07-15 11:28:29,0,0,5.970149,0.2487562,0,89.55224,1.99005,0,1.4925373
2022-07-15 11:28:28,0,0,8.542714,0.2512563,0,87.68844,3.015075,0.2512563,0.2512563
2022-07-15 11:28:27,0,0,12.376238,0.4950495,0,82.92079,3.217822,0.4950495,0.2475248
2022-07-15 11:28:26,0,0,10.050251,0,0,85.67839,3.266332,0.5025126,0
2022-07-15 11:28:25,0,0,8.77193,0.2506266,0,88.22055,2.005013,0,0
2022-07-15 11:28:24,0,0,10.75,0.25,0,85.25,3,0.25,0.25
2022-07-15 11:28:23,0,0,11.25,0.5,0,83.25,3,0.25,0.25
2022-07-15 11:28:22,0,0,11.25,0.25,0,85.75,2.25,0.25,0
2022-07-15 11:28:21,0,0,9.045226,0.2512563,0,87.68844,2.01005,0.2512563,0.2512563
2022-07-15 11:28:20,0,0,10.552764,0.2512563,0,85.17588,3.015075,0,0.2512563
2022-07-15 11:28:19,0,0,15.11335,0.2518892,0,80.85642,2.770781,0.2518892,0.5037783
2022-07-15 11:28:18,0,0,8.436725,0.248139,0,85.85608,2.48139,0.248139,2.48139
2022-07-15 11:28:17,0,0,8.25,1,0,81.25,3.5,0,4.5
2022-07-15 11:28:16,0,0,9.25,0,0,88,2.25,0.25,0.25
2022-07-15 11:28:15,0,0,8.955224,0.4975124,0,81.8408,2.985075,0.2487562,3.9801
2022-07-15 11:28:14,0,0,7.711443,0.4975124,0,86.31841,1.99005,0,2.736318
2022-07-15 11:28:13,0,0,12.437811,0.4975124,0,81.09453,3.482587,0.2487562,1.741294
2022-07-15 11:28:12,0,0,6.766917,0,0,87.96992,1.754386,0.5012531,2.506266
2022-07-15 11:28:11,0,0,11.5,0.25,0,82.25,3.25,0,2
2022-07-15 11:28:10,0,0,10.327456,0.5037783,0,84.88665,2.015113,0.5037783,1.0075567
2022-07-15 11:28:09,0,0,4.726368,0.2487562,0,90.79602,2.487562,0,0.7462687
2022-07-15 11:28:08,0,0,11.662531,0.4962779,0,84.36725,2.48139,0.4962779,0.248139
2022-07-15 11:28:07,0,0,12.25,0.25,0,84.5,2.5,0.25,0
2022-07-15 11:28:06,0,0,13.930348,0.2487562,0,81.8408,2.985075,0.2487562,0.2487562
2022-07-15 11:28:05,0,0,9.181141,0.248139,0,84.86352,2.48139,0.248139,2.48139
2022-07-15 11:28:04,0,0,7.730673,0.4987531,0,87.03242,1.995012,0.2493766,1.4962594
2022-07-15 11:28:03,0,0,10.945274,0.4975124,0,83.83085,2.736318,0.2487562,1.2437811
2022-07-15 11:28:02,0,0,7.5,0.25,0,85.5,3,0.25,3
2022-07-15 11:28:01,0,0,8.478803,0,0,83.79052,2.992519,0.2493766,3.491272
2022-07-15 11:28:00,0,0,8.72818,0.4987531,0,87.53117,2.244389,0,0.4987531
2022-07-15 11:27:59,0,0,10.126582,0,0,84.55696,2.025316,0.2531646,2.278481
2022-07-15 11:27:58,0,0,9.06801,0.2518892,0,88.4131,1.763224,0.2518892,0
2022-07-15 11:27:57,0,0,10.421836,0.4962779,0,85.60794,2.729529,0.248139,0
2022-07-15 11:27:56,0,0,11,0.25,0,85.5,2.5,0.25,0.25
2022-07-15 11:27:55,0,0,10.5,0.25,0,85.5,2.75,0,0
2022-07-15 11:27:54,0,0,11.471322,0.7481297,0,84.78803,1.995012,0,0.7481297
2022-07-15 11:27:53,0,0,13.283208,0.5012531,0,81.95489,3.007519,0.2506266,0.5012531
2022-07-15 11:27:52,0,0,9.5,0,0,83,2.5,0.75,3.75
2022-07-15 11:27:51,0,0,4.738155,0.7481297,0,83.04239,2.244389,0,8.229426
2022-07-15 11:27:50,0,0,6.5,0.5,0,88.5,2,0,2
2022-07-15 11:27:49,0,0,9.476309,0,0,87.03242,2.743142,0.2493766,0.2493766
2022-07-15 11:27:48,0,0,14.285714,0.5012531,0,80.70175,3.508772,0.2506266,0.2506266
2022-07-15 11:27:47,0,0,10.669975,0,0,81.88586,3.225806,0,3.225806
2022-07-15 11:27:46,0,0,8.75,0.25,0,82.75,2.75,0.25,4.25
2022-07-15 11:27:45,0,0,6.930693,0.4950495,0,83.16832,2.475248,0.4950495,5.19802
2022-07-15 11:27:44,0,0,5.185185,1.4814815,0,78.51852,2.469136,0.2469136,9.135802
2022-07-15 11:27:43,0,0,7.98005,0.4987531,0,83.04239,2.244389,0.2493766,3.491272
2022-07-15 11:27:42,0,0,6.5,0.5,0,84,2.5,0.25,4.75
2022-07-15 11:27:41,0,0,8.75,0,0,83.5,3.5,0.25,3.5
2022-07-15 11:27:40,0,0,8.229426,0.2493766,0,88.77805,1.995012,0.2493766,0.2493766
2022-07-15 11:27:39,0,0,9.950249,0.2487562,0,83.33333,2.238806,0.2487562,3.482587
2022-07-15 11:27:38,0,0,8.521303,0.5012531,0,86.71679,2.005013,0,1.2531328
2022-07-15 11:27:37,0,0,10.473815,0.2493766,0,85.03741,2.743142,0.2493766,0.7481297
2022-07-15 11:27:36,0,0,5.955335,0.248139,0,81.38958,2.977667,0,8.188586
2022-07-15 11:27:35,0,0,8.02005,0.2506266,0,87.7193,2.756892,0.2506266,0.2506266
2022-07-15 11:27:34,0,0,10.5,0.25,0,86.25,2.25,0,0.25
2022-07-15 11:27:33,0,0,10.75,0.25,0,86.25,2,0,0.25
2022-07-15 11:27:32,0,0,10.831234,0.2518892,0,85.39043,2.770781,0.2518892,0
2022-07-15 11:27:31,0,0,10.473815,0,0,85.78554,2.743142,0,0
2022-07-15 11:27:30,0,0,11.027569,0.2506266,0,84.71178,3.007519,0.2506266,0.2506266
2022-07-15 11:27:29,0,0,10.473815,0.4987531,0,86.53367,1.745636,0.2493766,0
2022-07-15 11:27:28,0,0,12,0,0,84.5,3,0,0
2022-07-15 11:27:27,0,0,8.955224,0.2487562,0,85.8209,2.736318,0.2487562,1.4925373
2022-07-15 11:27:26,0,0,13.5,0.5,0,81,3,0.25,1
2022-07-15 11:27:25,0,0,9.25,0.25,0,86,2,0,2.5
2022-07-15 11:27:24,0,0,8.663366,0.7425743,0,79.70297,2.970297,0.4950495,5.940594
2022-07-15 11:27:23,0,0,8.270677,0.7518797,0,84.46115,2.756892,0.2506266,2.506266
2022-07-15 11:27:22,0,0,7.920792,0,0,86.63366,1.980198,0.4950495,2.227723
2022-07-15 11:27:21,0,0,9.701493,0.9950249,0,85.07463,2.487562,0.2487562,0.9950249
2022-07-15 11:27:20,0,0,7.940447,0.7444169,0,81.88586,2.233251,0,5.210918
2022-07-15 11:27:19,0,0,8.188586,0.4962779,0,85.3598,2.729529,0.7444169,1.985112
2022-07-15 11:27:18,0,0,8.291457,0.2512563,0,85.92965,2.01005,0.2512563,3.015075
2022-07-15 11:27:17,0,0,10.972569,0.2493766,0,85.03741,3.241895,0.2493766,0
2022-07-15 11:27:16,0,0,7.23192,0.2493766,0,78.55362,2.244389,0.4987531,7.730673
2022-07-15 11:27:15,0,0,7.692308,0.7444169,0,83.12655,2.729529,0.248139,4.218362
2022-07-15 11:27:14,0,0,7.444169,0.4962779,0,83.62283,2.233251,0.248139,3.970223
2022-07-15 11:27:13,0,0,6.516291,0.5012531,0,80.95238,2.255639,0.5012531,7.017544
2022-07-15 11:27:12,0,0,7.960199,0.2487562,0,85.32338,2.487562,0,2.985075
2022-07-15 11:27:11,0,0,7.98005,0.2493766,0,82.54364,2.493766,0.2493766,4.239401
2022-07-15 11:27:10,0,0,8.457711,0.2487562,0,86.81592,2.238806,0.2487562,1.741294
2022-07-15 11:27:09,0,0,7.5,0.25,0,83.25,2.75,0.25,5.25
2022-07-15 11:27:08,0,0,8.208955,0.4975124,0,85.07463,2.487562,0.2487562,2.736318
2022-07-15 11:27:07,0,0,9.022556,0.2506266,0,86.71679,2.005013,0.2506266,1.0025063
2022-07-15 11:27:06,0,0,6.04534,0,0,90.17632,2.015113,0.2518892,0.7556675
2022-07-15 11:27:05,0,0,11.442786,0.2487562,0,84.57711,2.487562,0.2487562,0.2487562
2022-07-15 11:27:04,0,0,9.045226,0.2512563,0,87.68844,2.512563,0,0
2022-07-15 11:27:03,0,0,10.224439,0.2493766,0,83.79052,5.236908,0.2493766,0
2022-07-15 11:27:02,0,0,12.75,0,0,83.25,3.25,0,0.5
2022-07-15 11:27:01,0,0,8,0.25,0,88.5,2,0.25,0.5
2022-07-15 11:27:00,0,0,12,0.5,0,82.5,3.25,0.75,0.25
2022-07-15 11:26:59,0,0,9.774436,0,0,87.7193,2.005013,0,0.2506266
2022-07-15 11:26:58,0,0,10.75,0.25,0,85.75,2.5,0.25,0.25
2022-07-15 11:26:57,0,0,15.710723,0.4987531,0,79.55112,2.992519,0.2493766,0.4987531
2022-07-15 11:26:56,0,0,8.5,0.25,0,85.25,2.25,0.25,2.25
2022-07-15 11:26:55,0,0,9.950249,0.2487562,0,85.32338,2.736318,0.2487562,1.2437811
2022-07-15 11:26:54,0,0,7.769424,0.5012531,0,83.45865,2.005013,0,5.764411
2022-07-15 11:26:53,0,0,7.444169,0.4962779,0,81.38958,2.729529,0,6.699752
2022-07-15 11:26:52,0,0,7.25,0,0,85.75,2.75,0.25,2.5
2022-07-15 11:26:51,0,0,9.045226,0,0,85.67839,2.512563,0.2512563,1.758794
2022-07-15 11:26:50,0,0,10.918114,0.248139,0,84.36725,1.736973,0.248139,2.233251
2022-07-15 11:26:49,0,0,6.982544,0.7481297,0,83.29177,2.244389,0.2493766,5.236908
2022-07-15 11:26:48,0,0,7.673267,0.4950495,0,82.67327,2.970297,0.2475248,4.950495
2022-07-15 11:26:47,0,0,8.395062,0.4938272,0,84.93827,1.975309,0.2469136,3.209877
2022-07-15 11:26:46,0,0,8.75,0.75,0,84.75,2.75,0,2.75
2022-07-15 11:26:45,0,0,7.673267,0.4950495,0,82.92079,2.722772,0.2475248,4.70297
2022-07-15 11:26:44,0,0,6.5,0.5,0,84,3.25,0,3.5
2022-07-15 11:26:43,0,0,10.831234,0.2518892,0,83.6272,3.274559,0.2518892,1.2594458
2022-07-15 11:26:42,0,0,8.415842,0.2475248,0,87.37624,2.227723,0,1.2376238
2022-07-15 11:26:41,0,0,8.816121,0,0,88.16121,1.511335,0.2518892,1.0075567
2022-07-15 11:26:40,0,0,6.982544,0.2493766,0,85.78554,1.995012,0.4987531,3.491272
2022-07-15 11:26:39,0,0,11.720698,0.2493766,0,85.28678,1.745636,0,0.7481297
2022-07-15 11:26:38,0,0,10.224439,0.2493766,0,86.53367,2.244389,0.2493766,0
2022-07-15 11:26:37,0,0,9,0.5,0,87.75,1.5,0.25,0.5
2022-07-15 11:26:36,0,0,10.473815,0.2493766,0,86.03491,2.743142,0.2493766,0
2022-07-15 11:26:35,0,0,10.80402,0.5025126,0,85.42714,2.512563,0.2512563,0
2022-07-15 11:26:34,0,0,10.5,0.25,0,85.75,3,0,0.25
2022-07-15 11:26:33,0,0,10.80402,0,0,86.93467,1.758794,0,0.2512563
2022-07-15 11:26:32,0,0,10.723192,0.4987531,0,85.78554,2.493766,0.2493766,0
2022-07-15 11:26:31,0,0,10.972569,0.2493766,0,86.03491,1.745636,0,0.2493766
2022-07-15 11:26:30,0,0,10.776942,0.2506266,0,86.71679,1.754386,0.2506266,0
2022-07-15 11:26:29,0,0,12.75,0.25,0,83.75,2.5,0.25,0.25
2022-07-15 11:26:28,0,0,11.166253,0.4962779,0,83.12655,3.225806,0.248139,0.9925558
2022-07-15 11:26:27,0,0,8.706468,0.4975124,0,86.81592,1.99005,0.2487562,1.4925373
2022-07-15 11:26:26,0,0,9.273183,0.2506266,0,86.46617,2.255639,0.2506266,0.5012531
2022-07-15 11:26:25,0,0,9.273183,0.2506266,0,87.46867,2.005013,0,0.2506266
2022-07-15 11:26:24,0,0,14.646465,0.2525253,0,81.81818,3.030303,0.2525253,0
2022-07-15 11:26:23,0,0,7.901235,0.2469136,0,84.19753,2.962963,0,3.45679
2022-07-15 11:26:22,0,0,10.80402,0.2512563,0,83.9196,3.015075,0.2512563,1.5075377
2022-07-15 11:26:21,0,0,8.72818,0.2493766,0,85.53616,2.493766,0.2493766,1.745636
2022-07-15 11:26:20,0,0,6.982544,0.2493766,0,87.2818,1.995012,0,2.244389
2022-07-15 11:26:19,0,0,10.696517,0.2487562,0,86.56716,1.4925373,0.2487562,0.4975124
2022-07-15 11:26:18,0,0,6.281407,0.2512563,0,88.69347,2.512563,0.2512563,1.5075377
2022-07-15 11:26:17,0,0,11.720698,0.4987531,0,83.29177,2.493766,0.2493766,1.2468828
2022-07-15 11:26:16,0,0,9,0.5,0,86,2.75,0.25,1
2022-07-15 11:26:15,0,0,10.552764,0,0,87.18593,1.758794,0,0.5025126
2022-07-15 11:26:14,0,0,8.955224,0.2487562,0,84.57711,2.736318,0.2487562,2.736318
2022-07-15 11:26:13,0,0,8.585859,0,0,87.87879,2.020202,0.2525253,0.7575758
2022-07-15 11:26:12,0,0,10.473815,0.4987531,0,86.03491,2.743142,0,0
2022-07-15 11:26:11,0,0,10.80402,0.5025126,0,85.17588,2.512563,0,0.2512563
2022-07-15 11:26:10,0,0,10,0,0,87,2,0.25,0.5
2022-07-15 11:26:09,0,0,12.219451,0.4987531,0,84.53865,1.995012,0.2493766,0.2493766
2022-07-15 11:26:08,0,0,13.888889,0.5050505,0,82.32323,2.777778,0,0.2525253
2022-07-15 11:26:07,0,0,8.148148,1.2345679,0,81.97531,2.222222,0.4938272,3.703704
2022-07-15 11:26:06,0,0,7.75,0.25,0,85,2.25,0.25,3.75
2022-07-15 11:26:05,0,0,9.725686,0.2493766,0,87.53117,1.4962594,0.2493766,0.2493766
2022-07-15 11:26:04,0,0,9.852217,0.9852217,0,78.57143,3.20197,0,6.403941
2022-07-15 11:26:03,0,0,6,0.75,0,81,2.75,0.25,7.75
2022-07-15 11:26:02,0,0,6.75,0,0,85.75,2.75,0.25,3
2022-07-15 11:26:01,0,0,8.395062,0.4938272,0,82.96296,3.209877,0.2469136,4.197531
2022-07-15 11:26:00,0,0,6.265664,0.5012531,0,86.21554,2.506266,0.2506266,2.506266
2022-07-15 11:25:59,0,0,11.809045,0.2512563,0,84.42211,2.512563,0,1.0050251
2022-07-15 11:25:58,0,0,7.481297,0.4987531,0,87.03242,1.995012,0.2493766,1.995012
2022-07-15 11:25:57,0,0,9.181141,0,0,88.08933,1.985112,0,0.248139
2022-07-15 11:25:56,0,0,9.725686,0.4987531,0,84.53865,2.493766,0,2.244389
2022-07-15 11:25:55,0,0,12.158809,0.4962779,0,81.88586,2.977667,0.248139,1.736973
2022-07-15 11:25:54,0,0,6.982544,0.2493766,0,82.54364,2.493766,0.2493766,5.735661
2022-07-15 11:25:53,0,0,8.168317,0.2475248,0,84.90099,2.227723,0.2475248,3.217822
2022-07-15 11:25:52,0,0,6.265664,0.2506266,0,88.47118,1.754386,0.2506266,2.506266
2022-07-15 11:25:51,0,0,9.06801,0.5037783,0,85.39043,2.770781,0.2518892,1.0075567
2022-07-15 11:25:50,0,0,10,0.25,0,86,2.5,0,0.5
2022-07-15 11:25:49,0,0,10.886076,0,0,85.82278,2.78481,0.2531646,0
2022-07-15 11:25:48,0,0,10.696517,0.2487562,0,87.06468,1.4925373,0.2487562,0
2022-07-15 11:25:47,0,0,10.723192,0.2493766,0,85.28678,2.743142,0.4987531,0
2022-07-15 11:25:46,0,0,10.526316,0.2506266,0,85.71429,2.506266,0.2506266,0.2506266
2022-07-15 11:25:45,0,0,11.027569,0.2506266,0,86.46617,2.005013,0.2506266,0
2022-07-15 11:25:44,0,0,10.275689,0.2506266,0,86.21554,2.506266,0,0.2506266
2022-07-15 11:25:43,0,0,10.80402,0.7537688,0,85.42714,2.512563,0.2512563,0
2022-07-15 11:25:42,0,0,11.720698,0.2493766,0,84.28928,2.992519,0,0.2493766
2022-07-15 11:25:41,0,0,10,0.75,0,84,2.5,0.25,1.75
2022-07-15 11:25:40,0,0,10.447761,0.4975124,0,83.58209,2.238806,0.4975124,1.741294
2022-07-15 11:25:39,0,0,7.017544,0.2506266,0,89.97494,1.754386,0,0
2022-07-15 11:25:38,0,0,10.526316,0.2506266,0,86.46617,2.255639,0,0
2022-07-15 11:25:37,0,0,11.027569,0.2506266,0,85.96491,2.506266,0,0
2022-07-15 11:25:36,0,0,10.776942,0,0,85.46366,2.255639,0.5012531,0.2506266
2022-07-15 11:25:35,0,0,11.111111,0,0,86.11111,2.525253,0,0
2022-07-15 11:25:34,0,0,10.632911,0.2531646,0,85.82278,2.025316,0.7594937,0.2531646
2022-07-15 11:25:33,0,0,11.330049,0.4926108,0,84.97537,2.216749,0.2463054,0.2463054
2022-07-15 11:25:32,0,0,10.526316,0.2506266,0,85.71429,2.756892,0.2506266,0
2022-07-15 11:25:31,0,0,11.027569,0.2506266,0,85.21303,2.756892,0,0
2022-07-15 11:25:30,0,0,10.776942,0,0,86.46617,2.506266,0.2506266,0
2022-07-15 11:25:29,0,0,12.280702,0.5012531,0,84.21053,1.754386,0.2506266,0.7518797
2022-07-15 11:25:28,0,0,10.75,0.5,0,83,2,0.25,2.75
2022-07-15 11:25:27,0,0,7.788945,0,0,89.19598,1.5075377,0.2512563,0.2512563
2022-07-15 11:25:26,0,0,10.80402,0.2512563,0,86.1809,2.261307,0,0.2512563
2022-07-15 11:25:25,0,0,10.723192,0,0,86.03491,2.493766,0,0
2022-07-15 11:25:24,0,0,11,0.25,0,86.5,2,0,0
2022-07-15 11:25:23,0,0,10.972569,0.2493766,0,85.53616,2.493766,0.2493766,0
2022-07-15 11:25:22,0,0,11,0.25,0,86.25,2,0.25,0
2022-07-15 11:25:21,0,0,10.80402,0.5025126,0,83.66834,3.266332,0.5025126,0.2512563
2022-07-15 11:25:20,0,0,10.776942,0.2506266,0,86.21554,2.506266,0,0
2022-07-15 11:25:19,0,0,11.055276,0.5025126,0,85.42714,2.512563,0,0.2512563
2022-07-15 11:25:18,0,0,16.25,0.25,0,79.25,3.75,0.25,0
2022-07-15 11:25:17,0,0,7.25,0.75,0,81,3.25,0.25,5.75
2022-07-15 11:25:16,0,0,8.910891,0.7425743,0,79.9505,3.217822,0.2475248,4.455446
2022-07-15 11:25:15,0,0,9.296482,0.2512563,0,85.67839,2.261307,0,2.512563
2022-07-15 11:25:14,0,0,4.938272,0.7407407,0,77.28395,2.716049,0.2469136,8.395062
2022-07-15 11:25:13,0,0,6.733167,0,0,81.54613,3.241895,0.2493766,5.486284
2022-07-15 11:25:12,0,0,7.673267,0.4950495,0,85.64356,1.980198,0.2475248,2.475248
2022-07-15 11:25:11,0,0,8.478803,0,0,82.04489,3.740648,0.2493766,3.990025
2022-07-15 11:25:10,0,0,6.982544,0.4987531,0,83.54115,2.992519,0.2493766,4.239401
2022-07-15 11:25:09,0,0,9.701493,0.2487562,0,84.82587,2.487562,0.2487562,1.99005
2022-07-15 11:25:08,0,0,8.684864,0.4962779,0,82.38213,2.48139,0.248139,4.466501
2022-07-15 11:25:07,0,0,7.25,0.5,0,84.25,2,0.25,5
2022-07-15 11:25:06,0,0,8.706468,0.4975124,0,82.58706,3.233831,0.2487562,3.233831
2022-07-15 11:25:05,0,0,7.160494,1.2345679,0,81.7284,2.469136,0.2469136,6.17284
2022-07-15 11:25:04,0,0,5.513784,0.2506266,0,79.94987,3.007519,0.2506266,9.022556
2022-07-15 11:25:03,0,0,8.521303,0.2506266,0,80.45113,4.010025,0.5012531,3.759398
2022-07-15 11:25:02,0,0,6.17284,0.2469136,0,84.93827,2.716049,0.2469136,4.691358
2022-07-15 11:25:01,0,0,7.19603,0.248139,0,89.33002,1.736973,0.248139,0.7444169
2022-07-15 11:25:00,0,0,10.776942,0,0,87.21805,2.005013,0,0
2022-07-15 11:24:59,0,0,11,0,0,86.25,2.25,0,0
2022-07-15 11:24:58,0,0,10.526316,0.2506266,0,85.71429,3.007519,0,0.2506266
2022-07-15 11:24:57,0,0,14.640199,0.4962779,0,80.64516,3.225806,0.248139,0.248139
2022-07-15 11:24:56,0,0,7.088608,0.2531646,0,86.83544,1.5189873,0.2531646,3.544304
2022-07-15 11:24:55,0,0,11.662531,0.248139,0,84.11911,2.48139,0.248139,0.9925558
2022-07-15 11:24:54,0,0,6.203474,0.248139,0,87.84119,2.233251,0,2.729529
2022-07-15 11:24:53,0,0,9.476309,0.2493766,0,84.0399,2.493766,0.2493766,2.244389
2022-07-15 11:24:52,0,0,8.5,0.25,0,87.5,2.25,0.5,0.25
2022-07-15 11:24:51,0,0,9.848485,0,0,87.37374,2.020202,0,0
2022-07-15 11:24:50,0,0,10.75,0.25,0,86,2.25,0.25,0.25
2022-07-15 11:24:49,0,0,11.278195,0,0,84.96241,2.756892,0.2506266,0.2506266
2022-07-15 11:24:48,0,0,10.723192,0.2493766,0,85.53616,2.992519,0.2493766,0
2022-07-15 11:24:47,0,0,10.5,0.5,0,85.25,2.5,0.25,0
2022-07-15 11:24:46,0,0,11,0.5,0,85.5,2.75,0,0
2022-07-15 11:24:45,0,0,11.278195,0.2506266,0,85.21303,2.506266,0.5012531,0
2022-07-15 11:24:44,0,0,10.579345,0.2518892,0,86.1461,2.267003,0,0.2518892
2022-07-15 11:24:43,0,0,11,0.5,0,84.25,2.75,0.75,0.25
2022-07-15 11:24:42,0,0,13.25,0.5,0,82.75,3,0,0.25
2022-07-15 11:24:41,0,0,12.311558,0.5025126,0,80.40201,4.020101,0,2.01005
2022-07-15 11:24:40,0,0,8.436725,0.4962779,0,84.36725,2.233251,0,2.233251
2022-07-15 11:24:39,0,0,8.641975,0.9876543,0,83.95062,3.45679,0.2469136,2.222222
2022-07-15 11:24:38,0,0,6.281407,0.5025126,0,80.65327,3.015075,0,7.537688
2022-07-15 11:24:37,0,0,7.425743,0.2475248,0,83.66337,2.475248,0.4950495,4.455446
2022-07-15 11:24:36,0,0,5.037783,0,0,92.44332,1.2594458,0.2518892,0.2518892
2022-07-15 11:24:35,0,0,9.950249,0.2487562,0,86.31841,2.487562,0.2487562,0.2487562
2022-07-15 11:24:34,0,0,10.526316,0.5012531,0,85.71429,2.756892,0,0
2022-07-15 11:24:33,0,0,10.421836,0.248139,0,85.85608,2.48139,0.248139,0.248139
2022-07-15 11:24:32,0,0,10.776942,0.5012531,0,85.71429,2.506266,0.2506266,0
2022-07-15 11:24:31,0,0,11.442786,0.2487562,0,84.32836,2.985075,0,0.4975124
2022-07-15 11:24:30,0,0,12.09068,0.2518892,0,83.37531,3.02267,0.2518892,0.2518892
2022-07-15 11:24:29,0,0,9.405941,0,0,83.16832,3.465347,0.2475248,2.722772
2022-07-15 11:24:28,0,0,9.022556,0,0,87.96992,2.255639,0,0.2506266
2022-07-15 11:24:27,0,0,10.579345,0.2518892,0,86.39798,2.267003,0.2518892,0
2022-07-15 11:24:26,0,0,11.25,0.25,0,85.25,2.25,0.25,0
2022-07-15 11:24:25,0,0,10.301508,0,0,86.43216,2.512563,0.2512563,0.2512563
2022-07-15 11:24:24,0,0,10.831234,0.2518892,0,86.1461,2.267003,0.2518892,0
2022-07-15 11:24:23,0,0,10.831234,0,0,86.1461,3.02267,0,0
2022-07-15 11:24:22,0,0,11.19403,0.2487562,0,85.07463,2.238806,0.2487562,0.2487562
2022-07-15 11:24:21,0,0,10.526316,0.5012531,0,84.71178,3.258145,0.2506266,0.2506266
2022-07-15 11:24:20,0,0,11.055276,0.5025126,0,86.1809,2.01005,0,0
2022-07-15 11:24:19,0,0,15.21197,0.2493766,0,80.29925,3.491272,0.2493766,0.2493766
2022-07-15 11:24:18,0,0,8.977556,0.7481297,0,79.30175,3.241895,0.2493766,5.236908
2022-07-15 11:24:17,0,0,6.766917,0.2506266,0,83.45865,2.506266,0.2506266,5.513784
2022-07-15 11:24:16,0,0,9.452736,0.2487562,0,86.56716,2.487562,0.2487562,0.4975124
2022-07-15 11:24:15,0,0,10.173697,0.4962779,0,83.12655,2.48139,0,3.225806
2022-07-15 11:24:14,0,0,8.457711,0,0,83.33333,2.238806,0.2487562,4.726368
2022-07-15 11:24:13,0,0,5.418719,0.7389163,0,76.35468,2.955665,0.4926108,10.837438
2022-07-15 11:24:12,0,0,7.26817,0.2506266,0,79.19799,3.007519,0.2506266,6.015038
2022-07-15 11:24:11,0,0,5.970149,0,0,81.34328,2.487562,0.2487562,6.467662
2022-07-15 11:24:10,0,0,7.98005,0.4987531,0,83.54115,2.743142,0.4987531,4.239401
2022-07-15 11:24:09,0,0,7.940447,0.248139,0,83.37469,2.977667,0,3.722084
2022-07-15 11:24:08,0,0,5.19802,1.2376238,0,78.9604,2.970297,0.2475248,10.148515
2022-07-15 11:24:07,0,0,7.178218,0.7425743,0,81.43564,2.970297,0,5.693069
2022-07-15 11:24:06,0,0,5.970149,0.4975124,0,82.33831,3.233831,0.2487562,5.223881
2022-07-15 11:24:05,0,0,5.472637,0,0,89.30348,1.99005,0.2487562,1.2437811
2022-07-15 11:24:04,0,0,10.723192,0.4987531,0,85.03741,2.244389,0.2493766,0.2493766
2022-07-15 11:24:03,0,0,10.526316,0.2506266,0,86.46617,2.255639,0,0
2022-07-15 11:24:02,0,0,11.083123,0,0,86.1461,2.518892,0,0
2022-07-15 11:24:01,0,0,10.25,0.5,0,85.75,2.75,0.25,0.25
2022-07-15 11:24:00,0,0,10.972569,0.2493766,0,85.53616,2.493766,0.2493766,0
2022-07-15 11:23:59,0,0,10.579345,0.2518892,0,86.1461,2.015113,0.2518892,0
2022-07-15 11:23:58,0,0,11.5,0.25,0,85.75,2.25,0.25,0
2022-07-15 11:23:57,0,0,10.75,0,0,86.25,2.25,0.25,0
2022-07-15 11:23:56,0,0,12,0.25,0,84.25,2.25,0.25,0.5
2022-07-15 11:23:55,0,0,11.779449,0.5012531,0,84.46115,2.255639,0.2506266,0.5012531
2022-07-15 11:23:54,0,0,9.75,0.5,0,83.5,3,0.25,2.5
2022-07-15 11:23:53,0,0,10.473815,0.4987531,0,84.0399,2.743142,0.2493766,1.2468828
2022-07-15 11:23:52,0,0,11.221945,0.4987531,0,80.798,3.491272,0,3.491272
2022-07-15 11:23:51,0,0,7.017544,0.2506266,0,84.71178,2.756892,0,3.258145
2022-07-15 11:23:50,0,0,9.950249,0.2487562,0,84.0796,2.985075,0.7462687,1.741294
2022-07-15 11:23:49,0,0,8.77193,0,0,86.21554,2.506266,0.2506266,1.5037594
2022-07-15 11:23:48,0,0,8.955224,0.4975124,0,84.32836,1.99005,0.2487562,3.731343
2022-07-15 11:23:47,0,0,7.19603,0.248139,0,80.14888,3.225806,0.248139,7.444169
2022-07-15 11:23:46,0,0,5.445545,0.990099,0,77.72277,2.970297,0.2475248,10.148515
2022-07-15 11:23:45,0,0,7.960199,0.2487562,0,86.31841,2.238806,0.4975124,2.487562
2022-07-15 11:23:44,0,0,10.327456,0.5037783,0,85.13854,2.518892,0,1.2594458
2022-07-15 11:23:43,0,0,7.730673,0,0,83.04239,3.241895,0.4987531,3.990025
2022-07-15 11:23:42,0,0,8.5,0.75,0,82,3.5,0.25,4
2022-07-15 11:23:41,0,0,6.716418,0.4975124,0,79.35323,3.233831,0.2487562,6.965174
2022-07-15 11:23:40,0,0,4.522613,0.2512563,0,82.66332,2.01005,0.2512563,8.291457
2022-07-15 11:23:39,0,0,9.226933,0.4987531,0,83.04239,2.493766,0.2493766,3.990025
2022-07-15 11:23:38,0,0,7.901235,0.9876543,0,82.22222,2.469136,0.2469136,4.938272
2022-07-15 11:23:37,0,0,7.769424,0,0,85.21303,3.007519,0,2.506266
2022-07-15 11:23:36,0,0,6.467662,0.4975124,0,81.59204,1.99005,0.4975124,5.970149
2022-07-15 11:23:35,0,0,9.382716,0.2469136,0,84.44444,2.469136,0.2469136,2.469136
2022-07-15 11:23:34,0,0,8.977556,0.4987531,0,84.78803,2.493766,0.2493766,2.493766
2022-07-15 11:23:33,0,0,7.730673,0.7481297,0,83.54115,2.493766,0,3.990025
2022-07-15 11:23:32,0,0,7.98005,0.2493766,0,84.53865,2.992519,0.2493766,2.992519
2022-07-15 11:23:31,0,0,6.965174,0.4975124,0,79.10448,2.736318,0.2487562,7.21393
2022-07-15 11:23:30,0,0,6,0.75,0,77,2,0.25,9
2022-07-15 11:23:29,0,0,7.575758,0,0,86.11111,2.525253,0.5050505,2.777778
2022-07-15 11:23:28,0,0,7.75,0.5,0,87.75,2.25,0,1.5
2022-07-15 11:23:27,0,0,10.5,0,0,85.25,2.25,0.25,1.25
2022-07-15 11:23:26,0,0,9.950249,0.2487562,0,83.58209,2.985075,0.2487562,2.487562
2022-07-15 11:23:25,0,0,8.291457,0.2512563,0,85.42714,2.261307,0.2512563,2.512563
2022-07-15 11:23:24,0,0,6.75,0.5,0,85.75,3,0,3.25
2022-07-15 11:23:23,0,0,11.414392,0.4962779,0,83.62283,2.729529,0.248139,1.2406948
2022-07-15 11:23:22,0,0,7.21393,0,0,82.08955,2.985075,0,5.970149
2022-07-15 11:23:21,0,0,6.265664,0.5012531,0,83.70927,2.005013,0.2506266,5.764411
2022-07-15 11:23:20,0,0,10.275689,0.2506266,0,84.71178,3.258145,0.5012531,0.5012531
2022-07-15 11:23:19,0,0,9.476309,0.2493766,0,82.29426,2.244389,0.2493766,4.239401
2022-07-15 11:23:18,0,0,5.19802,0.990099,0,79.9505,2.722772,0,9.158416
2022-07-15 11:23:17,0,0,10.025063,0,0,83.70927,2.756892,0.2506266,2.005013
2022-07-15 11:23:16,0,0,4.914005,0.4914005,0,76.90418,2.948403,0.2457002,11.793612
2022-07-15 11:23:15,0,0,5.210918,1.2406948,0,74.44169,2.233251,0.4962779,11.91067
2022-07-15 11:23:14,0,0,7.960199,0.4975124,0,79.85075,4.228856,0.2487562,5.472637
2022-07-15 11:23:13,0,0,7.537688,0.7537688,0,82.1608,3.517588,0,4.271357
2022-07-15 11:23:12,0,0,4.477612,0,0,93.28358,0.9950249,0.2487562,0.9950249
2022-07-15 11:23:11,0,0,11.471322,0.4987531,0,84.78803,2.493766,0.2493766,0
2022-07-15 11:23:10,0,0,10,0.25,0,83.25,2.5,0.25,2.75
2022-07-15 11:23:09,0,0,9.06801,0.2518892,0,87.90932,2.267003,0,0
2022-07-15 11:23:08,0,0,11.691542,0.2487562,0,84.82587,2.487562,0.4975124,0
2022-07-15 11:23:07,0,0,14.214464,0.2493766,0,81.29676,2.743142,0.2493766,0.7481297
2022-07-15 11:23:06,0,0,4.5,0.25,0,87,1.75,0.5,5
2022-07-15 11:23:05,0,0,10.025063,0.2506266,0,87.21805,1.754386,0.2506266,0.2506266
2022-07-15 11:23:04,0,0,11.027569,0.2506266,0,85.96491,2.005013,0.2506266,0
2022-07-15 11:23:03,0,0,11,0.75,0,85.75,1.75,0,0.25
2022-07-15 11:23:02,0,0,10.776942,0.2506266,0,86.21554,2.255639,0.2506266,0
2022-07-15 11:23:01,0,0,10.75,0,0,85.5,2.5,0.25,0.25
2022-07-15 11:23:00,0,0,12.781955,0.2506266,0,83.9599,2.506266,0,0.2506266
2022-07-15 11:22:59,0,0,10.696517,0,0,84.57711,2.736318,0.2487562,1.2437811
2022-07-15 11:22:58,0,0,10.173697,0.4962779,0,82.38213,3.722084,0.248139,1.985112
2022-07-15 11:22:57,0,0,10.972569,0.7481297,0,81.79551,2.743142,0.2493766,2.493766
2022-07-15 11:22:56,0,0,7.23192,0.4987531,0,83.54115,2.493766,0.2493766,3.990025
2022-07-15 11:22:55,0,0,7.178218,0.990099,0,82.17822,3.217822,0.2475248,4.70297
2022-07-15 11:22:54,0,0,9.677419,0.4962779,0,83.87097,2.233251,0,2.977667
2022-07-15 11:22:53,0,0,7.901235,0.7407407,0,80.98765,3.209877,0.4938272,5.679012
2022-07-15 11:22:52,0,0,7.881773,0.7389163,0,82.51232,2.955665,0.2463054,4.679803
2022-07-15 11:22:51,0,0,7.21393,0.4975124,0,84.57711,1.741294,0.2487562,4.477612
2022-07-15 11:22:50,0,0,9.52381,0,0,84.46115,2.756892,0.2506266,2.005013
2022-07-15 11:22:49,0,0,6.435644,0.2475248,0,84.15842,2.722772,0.4950495,5.19802
2022-07-15 11:22:48,0,0,8.312343,0.2518892,0,87.40554,2.015113,0,1.2594458
2022-07-15 11:22:47,0,0,7.462687,0.4975124,0,88.0597,1.99005,0,1.741294
2022-07-15 11:22:46,0,0,9.452736,0.4975124,0,86.31841,2.487562,0.2487562,0.2487562
2022-07-15 11:22:45,0,0,10.723192,0.2493766,0,85.78554,2.743142,0,0
2022-07-15 11:22:44,0,0,14.5,0.25,0,81,2.75,0.5,0.5
2022-07-15 11:22:43,0,0,9.25,0.75,0,81.25,3.25,0.25,4.25
2022-07-15 11:22:42,0,0,4.71464,0.248139,0,86.84864,2.233251,0.4962779,4.71464
2022-07-15 11:22:41,0,0,11.970075,0.2493766,0,84.28928,2.743142,0,0.4987531
2022-07-15 11:22:40,0,0,11.442786,0.2487562,0,84.32836,3.233831,0,0.2487562
2022-07-15 11:22:39,0,0,7.769424,0.7518797,0,79.19799,2.506266,0.5012531,7.26817
2022-07-15 11:22:38,0,0,3.015075,0.2512563,0,90.70352,1.5075377,0.2512563,2.261307
2022-07-15 11:22:37,0,0,10.447761,0.4975124,0,85.57214,2.985075,0,0
2022-07-15 11:22:36,0,0,11.055276,0.2512563,0,85.92965,2.01005,0.5025126,0.2512563
2022-07-15 11:22:35,0,0,11.91067,0.4962779,0,81.88586,2.977667,0.4962779,0.9925558
2022-07-15 11:22:34,0,0,9.5,0.25,0,87.75,2,0,0.25
2022-07-15 11:22:33,0,0,11.19403,0,0,86.31841,1.741294,0.4975124,0
2022-07-15 11:22:32,0,0,11,0.5,0,83.5,2.25,0,2
2022-07-15 11:22:31,0,0,9.774436,0.2506266,0,85.71429,2.255639,0.2506266,0.7518797
2022-07-15 11:22:30,0,0,8.75,0.25,0,88,2.25,0.25,0.25
2022-07-15 11:22:29,0,0,11.027569,0,0,86.71679,2.005013,0,0
2022-07-15 11:22:28,0,0,10.552764,0.2512563,0,86.93467,1.5075377,0.5025126,0
2022-07-15 11:22:27,0,0,11.027569,0.5012531,0,84.71178,2.756892,0.5012531,0
2022-07-15 11:22:26,0,0,10.972569,0.4987531,0,85.78554,2.244389,0,0.2493766
2022-07-15 11:22:25,0,0,10.972569,0,0,85.78554,2.493766,0.4987531,0
2022-07-15 11:22:24,0,0,10.831234,0.5037783,0,85.39043,2.770781,0,0.2518892
2022-07-15 11:22:23,0,0,11.027569,0.7518797,0,84.71178,2.506266,0.2506266,0.5012531
2022-07-15 11:22:22,0,0,9.677419,0,0,86.84864,2.233251,0.248139,0.248139
2022-07-15 11:22:21,0,0,12,0.75,0,83.5,3,0.25,0.25
2022-07-15 11:22:20,0,0,10.776942,0.2506266,0,83.9599,2.506266,0.2506266,1.0025063
2022-07-15 11:22:19,0,0,10.199005,0.2487562,0,85.8209,2.487562,0,0.4975124
2022-07-15 11:22:18,0,0,9.25,0.5,0,87.25,2,0.5,0
2022-07-15 11:22:17,0,0,11.25,0.25,0,86.25,1.75,0.25,0
2022-07-15 11:22:16,0,0,16.5,0.5,0,77.5,4,0.5,0.75
2022-07-15 11:22:15,0,0,6.75,0.75,0,79,2.25,0,10.5
2022-07-15 11:22:14,0,0,7.537688,0.2512563,0,85.92965,1.758794,0.5025126,3.517588
2022-07-15 11:22:13,0,0,9.20398,0.4975124,0,83.83085,2.487562,0.2487562,3.482587
2022-07-15 11:22:12,0,0,7.960199,0.2487562,0,87.31343,2.238806,0.2487562,1.741294
2022-07-15 11:22:11,0,0,9,0.75,0,85,2.5,0.75,1.25
2022-07-15 11:22:10,0,0,13.466334,0,0,82.79302,2.992519,0.2493766,0.2493766
2022-07-15 11:22:09,0,0,8.542714,0.2512563,0,87.68844,1.5075377,0.2512563,1.5075377
2022-07-15 11:22:08,0,0,10.421836,0.248139,0,85.3598,2.233251,0.248139,0.9925558
2022-07-15 11:22:07,0,0,9.975062,0.4987531,0,85.03741,2.244389,0.2493766,1.745636
2022-07-15 11:22:06,0,0,8.436725,0.248139,0,85.3598,2.48139,0.248139,2.729529
2022-07-15 11:22:05,0,0,8.684864,0.4962779,0,87.84119,2.233251,0.248139,0
2022-07-15 11:22:04,0,0,10.526316,0.2506266,0,85.71429,2.506266,0,0.5012531
2022-07-15 11:22:03,0,0,10.75,0.25,0,85.75,2.75,0.25,0
2022-07-15 11:22:02,0,0,11.027569,0.5012531,0,85.71429,2.255639,0,0
2022-07-15 11:22:01,0,0,10.776942,0,0,85.46366,2.255639,0.2506266,0.2506266
2022-07-15 11:22:00,0,0,12.280702,0.2506266,0,84.21053,2.255639,0.2506266,0.2506266
2022-07-15 11:21:59,0,0,9.52381,0.5012531,0,87.21805,2.005013,0.2506266,0
2022-07-15 11:21:58,0,0,11.027569,0.2506266,0,85.46366,2.756892,0,0
2022-07-15 11:21:57,0,0,10.199005,0.4975124,0,83.83085,2.238806,0.2487562,2.736318
2022-07-15 11:21:56,0,0,9.045226,0,0,87.43719,2.512563,0,0.2512563
2022-07-15 11:21:55,0,0,11.335013,0.2518892,0,84.63476,3.02267,0.2518892,0.2518892
2022-07-15 11:21:54,0,0,10,0.25,0,86.5,2.75,0.25,0
2022-07-15 11:21:53,0,0,11,0.5,0,85.75,2.25,0,0
2022-07-15 11:21:52,0,0,10.776942,0.2506266,0,85.96491,2.005013,0.2506266,0.2506266
2022-07-15 11:21:51,0,0,11,0.25,0,86,1.75,0.25,0.25
2022-07-15 11:21:50,0,0,11.027569,0.2506266,0,85.71429,2.506266,0,0.2506266
2022-07-15 11:21:49,0,0,11.19403,0.2487562,0,84.0796,2.985075,0.7462687,0
2022-07-15 11:21:48,0,0,10.447761,0.2487562,0,84.82587,3.233831,0.2487562,0.4975124
2022-07-15 11:21:47,0,0,10.5,0,0,86.75,2.25,0.25,0
2022-07-15 11:21:46,0,0,11.5,0.5,0,84.75,2.25,0,0.5
2022-07-15 11:21:45,0,0,11.5,0.25,0,84.75,2.75,0.25,0.25
2022-07-15 11:21:44,0,0,9,0.25,0,86.25,2,0.25,1.75
2022-07-15 11:21:43,0,0,11.691542,0.4975124,0,82.83582,2.736318,0.2487562,1.741294
2022-07-15 11:21:42,0,0,13.636364,0.2525253,0,81.56566,3.030303,0,1.2626263
2022-07-15 11:21:41,0,0,6.683168,0.4950495,0,86.13861,1.4851485,0.2475248,3.960396
2022-07-15 11:21:40,0,0,10,0.25,0,85.5,3,0.25,0.5
2022-07-15 11:21:39,0,0,6.532663,0.2512563,0,85.42714,2.512563,0,4.773869
2022-07-15 11:21:38,0,0,7.444169,0,0,89.57816,1.736973,0.4962779,0.248139
2022-07-15 11:21:37,0,0,13.75,0.5,0,81.75,3.25,0,0.5
2022-07-15 11:21:36,0,0,9.774436,0,0,80.70175,3.007519,0.2506266,5.513784
2022-07-15 11:21:35,0,0,6.716418,0.7462687,0,77.61194,2.985075,0.2487562,8.208955
2022-07-15 11:21:34,0,0,3.482587,0.4975124,0,72.1393,2.487562,0.7462687,15.422886
2022-07-15 11:21:33,0,0,3.722084,1.736973,0,75.43424,2.233251,0.248139,11.91067
2022-07-15 11:21:32,0,0,6.435644,0.990099,0,78.21782,2.722772,0.4950495,9.158416
2022-07-15 11:21:31,0,0,6.188119,0.4950495,0,80.44554,3.217822,0.2475248,6.930693
2022-07-15 11:21:30,0,0,7.5,0.5,0,84,2.5,0.25,4.25
2022-07-15 11:21:29,0,0,7.26817,0.5012531,0,82.20551,2.005013,0,6.766917
2022-07-15 11:21:28,0,0,6.947891,0.248139,0,83.37469,2.729529,0.4962779,4.962779
2022-07-15 11:21:27,0,0,6.435644,0.4950495,0,80.44554,3.712871,0.7425743,6.683168
2022-07-15 11:21:26,0,0,9.848485,0,0,86.86869,2.020202,0,1.2626263
2022-07-15 11:21:25,0,0,7.407407,0.4938272,0,79.01235,2.716049,0.4938272,6.17284
2022-07-15 11:21:24,0,0,7.692308,0.4962779,0,84.61538,2.729529,0.248139,3.225806
2022-07-15 11:21:23,0,0,8.080808,0.2525253,0,88.63636,2.525253,0,0
2022-07-15 11:21:22,0,0,11.528822,0.2506266,0,84.71178,2.506266,0.2506266,0.2506266
2022-07-15 11:21:21,0,0,9.20398,0.4975124,0,85.8209,2.487562,0.2487562,0.4975124
2022-07-15 11:21:20,0,0,12.25,0.25,0,84.5,1.75,0.25,0.25
2022-07-15 11:21:19,0,0,8.977556,0.4987531,0,87.2818,1.995012,0.2493766,0.2493766
2022-07-15 11:21:18,0,0,10.75,0.25,0,86,2.5,0.25,0
2022-07-15 11:21:17,0,0,11.278195,0.2506266,0,84.46115,3.258145,0.2506266,0.2506266
2022-07-15 11:21:16,0,0,11.166253,0.248139,0,84.11911,3.473945,0.4962779,0
2022-07-15 11:21:15,0,0,11.363636,0.2525253,0,85.60606,2.272727,0,0.2525253
2022-07-15 11:21:14,0,0,10.75,0,0,86,2.75,0,0
2022-07-15 11:21:13,0,0,11.386139,0.2475248,0,85.14851,2.722772,0.2475248,0
2022-07-15 11:21:12,0,0,10.327456,0.5037783,0,85.89421,2.267003,0.5037783,0
2022-07-15 11:21:11,0,0,11.442786,0.2487562,0,83.33333,2.736318,0.2487562,0.4975124
2022-07-15 11:21:10,0,0,14,0.75,0,81,3.25,0.25,0.5
2022-07-15 11:21:09,0,0,8.910891,0.4950495,0,82.67327,3.465347,0.2475248,2.475248
2022-07-15 11:21:08,0,0,9.725686,0.4987531,0,84.28928,1.995012,0.2493766,2.244389
2022-07-15 11:21:07,0,0,7.425743,0.4950495,0,77.72277,2.970297,0,8.910891
2022-07-15 11:21:06,0,0,5.263158,0,0,91.97995,1.754386,0.2506266,0.5012531
2022-07-15 11:21:05,0,0,10.25,0.5,0,86.75,1.75,0,0.25
2022-07-15 11:21:04,0,0,10.776942,0,0,86.21554,2.756892,0.2506266,0
2022-07-15 11:21:03,0,0,10.723192,0.4987531,0,86.53367,1.4962594,0.2493766,0.2493766
2022-07-15 11:21:02,0,0,10.80402,0,0,85.92965,2.763819,0,0
2022-07-15 11:21:01,0,0,11.5,1,0,83,2.75,0.25,0.5
2022-07-15 11:21:00,0,0,10.75,0,0,86,2.5,0,0
2022-07-15 11:20:59,0,0,10.75,0,0,85.5,3,0,0.25
2022-07-15 11:20:58,0,0,10.301508,0.2512563,0,85.92965,2.512563,0.2512563,0.2512563
2022-07-15 11:20:57,0,0,9.975062,0.2493766,0,86.53367,1.995012,0,0.2493766
2022-07-15 11:20:56,0,0,12.219451,0.2493766,0,83.79052,3.241895,0.2493766,0
2022-07-15 11:20:55,0,0,9.273183,0.2506266,0,87.21805,2.255639,0.2506266,0.2506266
2022-07-15 11:20:54,0,0,10.552764,0.2512563,0,85.67839,3.266332,0,0
2022-07-15 11:20:53,0,0,10.776942,0,0,85.96491,2.506266,0.2506266,0.2506266
2022-07-15 11:20:52,0,0,10.723192,0.4987531,0,85.78554,2.493766,0.2493766,0
2022-07-15 11:20:51,0,0,10.552764,0.2512563,0,85.92965,2.01005,0.2512563,0.2512563
2022-07-15 11:20:50,0,0,12.128713,0.4950495,0,83.91089,2.722772,0.4950495,0
2022-07-15 11:20:49,0,0,9.113924,0.2531646,0,86.58228,2.531646,0,0.7594937
2022-07-15 11:20:48,0,0,11.75,0.25,0,83.75,3.5,0.25,0
2022-07-15 11:20:47,0,0,9.725686,0.2493766,0,86.53367,2.493766,0.2493766,0.2493766
2022-07-15 11:20:46,0,0,9.774436,0.2506266,0,85.21303,2.506266,0,1.5037594
2022-07-15 11:20:45,0,0,10.275689,0.2506266,0,86.46617,2.506266,0.2506266,0
2022-07-15 11:20:44,0,0,11.720698,0.4987531,0,83.54115,1.995012,0.2493766,0.7481297
2022-07-15 11:20:43,0,0,9.5,0.25,0,87.75,1.75,0.25,0
2022-07-15 11:20:42,0,0,10.776942,0,0,85.21303,2.756892,0.5012531,0.2506266
2022-07-15 11:20:41,0,0,11.027569,0.5012531,0,84.46115,2.756892,0,0.2506266
2022-07-15 11:20:40,0,0,10.972569,0.2493766,0,85.53616,2.493766,0.4987531,0.2493766
2022-07-15 11:20:39,0,0,10.75,0.5,0,85,2.75,0.25,0
2022-07-15 11:20:38,0,0,12.436548,0.2538071,0,84.26396,2.791878,0,0
2022-07-15 11:20:37,0,0,9.181141,0.248139,0,86.6005,2.233251,0.248139,0.248139
2022-07-15 11:20:36,0,0,10.5,0,0,85.5,2.25,0.5,1
2022-07-15 11:20:35,0,0,11.838791,0.5037783,0,83.37531,3.526448,0,0.2518892
2022-07-15 11:20:34,0,0,9,0.25,0,88,2,0.25,0.25
2022-07-15 11:20:33,0,0,10.552764,0.2512563,0,86.43216,2.261307,0.2512563,0.2512563
2022-07-15 11:20:32,0,0,11.471322,0.4987531,0,85.03741,1.995012,0.2493766,0
2022-07-15 11:20:31,0,0,9.476309,0,0,86.53367,2.743142,0.2493766,0
2022-07-15 11:20:30,0,0,12.030075,0.2506266,0,83.70927,3.007519,0.5012531,0.2506266
2022-07-15 11:20:29,0,0,10.972569,0.4987531,0,85.53616,2.493766,0.2493766,0
2022-07-15 11:20:28,0,0,10.579345,0.5037783,0,85.64232,2.267003,0.2518892,0.2518892
2022-07-15 11:20:27,0,0,10.526316,0.2506266,0,85.21303,3.007519,0.2506266,0.2506266
2022-07-15 11:20:26,0,0,12.468828,0.4987531,0,83.29177,2.743142,0.2493766,0.2493766
2022-07-15 11:20:25,0,0,10.552764,0.2512563,0,84.67337,2.01005,0.2512563,1.5075377
2022-07-15 11:20:24,0,0,9.925558,0.248139,0,86.35236,2.729529,0.248139,0.248139
2022-07-15 11:20:23,0,0,9.52381,0.2506266,0,83.45865,2.756892,0.2506266,2.506266
2022-07-15 11:20:22,0,0,9.547739,0.2512563,0,87.43719,2.512563,0,0
2022-07-15 11:20:21,0,0,12.342569,0.2518892,0,82.36776,3.274559,0.2518892,0.2518892
2022-07-15 11:20:20,0,0,9.226933,0.2493766,0,87.03242,2.743142,0.2493766,0
2022-07-15 11:20:19,0,0,10.5,0.25,0,86.5,2,0.25,0.25
2022-07-15 11:20:18,0,0,10.972569,0.4987531,0,85.28678,2.493766,0,0.2493766
2022-07-15 11:20:17,0,0,10.858586,0.5050505,0,85.60606,2.272727,0.2525253,0.2525253
2022-07-15 11:20:16,0,0,11.027569,0.7518797,0,84.71178,2.756892,0,0
2022-07-15 11:20:15,0,0,10.050251,0,0,86.68342,2.01005,0.5025126,0.2512563
2022-07-15 11:20:14,0,0,13.25,0.25,0,83.5,2.5,0,0.25
2022-07-15 11:20:13,0,0,7.98005,0.2493766,0,86.78304,2.493766,0.4987531,1.2468828
2022-07-15 11:20:12,0,0,11,0.5,0,86,1.75,0.25,0
2022-07-15 11:20:11,0,0,9.75,0.25,0,83.75,3,0,2.25
2022-07-15 11:20:10,0,0,9.725686,0.4987531,0,86.78304,2.244389,0.2493766,0
2022-07-15 11:20:09,0,0,14.427861,0.2487562,0,81.8408,2.238806,0.2487562,0.4975124
2022-07-15 11:20:08,0,0,7.730673,0.7481297,0,85.53616,2.244389,0,3.491272
2022-07-15 11:20:07,0,0,7.462687,0.2487562,0,90.29851,1.2437811,0.2487562,0.2487562
2022-07-15 11:20:06,0,0,11.19403,0.2487562,0,84.57711,2.238806,0.2487562,0.2487562
2022-07-15 11:20:05,0,0,11.25,0.5,0,84,3.25,0.25,0
2022-07-15 11:20:04,0,0,11.055276,0.2512563,0,86.43216,1.5075377,0.2512563,0.2512563
2022-07-15 11:20:03,0,0,12.81407,0.2512563,0,84.17085,2.512563,0.2512563,0
2022-07-15 11:20:02,0,0,10.891089,0,0,84.40594,2.475248,0.4950495,1.2376238
2022-07-15 11:20:01,0,0,7.23192,0.4987531,0,88.52868,1.995012,0.2493766,0.2493766
2022-07-15 11:20:00,0,0,11.586902,0.2518892,0,84.63476,2.518892,0,0.5037783
2022-07-15 11:19:59,0,0,9.75,0.25,0,86.5,2.75,0,0
2022-07-15 11:19:58,0,0,11,0,0,86,2,0.25,0
2022-07-15 11:19:57,0,0,11.166253,0.4962779,0,84.36725,2.48139,0.248139,0.7444169
2022-07-15 11:19:56,0,0,9.547739,0.5025126,0,87.18593,2.261307,0,0
2022-07-15 11:19:55,0,0,10.579345,0,0,85.64232,3.526448,0,0
2022-07-15 11:19:54,0,0,10.696517,0.2487562,0,85.8209,2.487562,0.2487562,0.2487562
2022-07-15 11:19:53,0,0,10.831234,0.2518892,0,86.64987,1.763224,0,0
2022-07-15 11:19:52,0,0,11,0,0,85.75,2.5,0.25,0
2022-07-15 11:19:51,0,0,10.669975,0,0,86.10422,2.729529,0,0.248139
2022-07-15 11:19:50,0,0,14.179104,0.4975124,0,78.60697,5.721393,0.2487562,0.2487562
2022-07-15 11:19:49,0,0,8.312343,0.2518892,0,86.39798,3.02267,0,1.511335
2022-07-15 11:19:48,0,0,6.716418,0,0,85.8209,2.487562,0.4975124,4.228856
2022-07-15 11:19:47,0,0,9.135802,0,0,87.65432,2.222222,0.2469136,0.2469136
2022-07-15 11:19:46,0,0,13.25,0.75,0,82.75,2.75,0,0
2022-07-15 11:19:45,0,0,10.526316,0.2506266,0,85.21303,2.756892,0,0.5012531
2022-07-15 11:19:44,0,0,8.208955,0.4975124,0,88.80597,1.99005,0.2487562,0
2022-07-15 11:19:43,0,0,10.723192,0,0,86.28429,2.244389,0.4987531,0.2493766
2022-07-15 11:19:42,0,0,10.831234,0.2518892,0,86.39798,1.763224,0.2518892,0.2518892
2022-07-15 11:19:41,0,0,13.533835,0.2506266,0,82.20551,3.508772,0,0.2506266
2022-07-15 11:19:40,0,0,13.466334,0,0,80.798,2.992519,0.2493766,2.244389
2022-07-15 11:19:39,0,0,7.035176,0.7537688,0,84.42211,1.758794,0.2512563,4.020101
2022-07-15 11:19:38,0,0,9.181141,0.248139,0,82.38213,2.729529,0.248139,4.218362
2022-07-15 11:19:37,0,0,7.323232,0.2525253,0,83.83838,2.777778,0.2525253,4.545455
2022-07-15 11:19:36,0,0,8.684864,0.248139,0,84.11911,2.729529,0.248139,2.729529
2022-07-15 11:19:35,0,0,6.403941,0.2463054,0,81.03448,2.955665,0.2463054,7.142857
2022-07-15 11:19:34,0,0,8.02005,0,0,86.21554,2.255639,0.2506266,2.255639
2022-07-15 11:19:33,0,0,6.015038,0.2506266,0,91.4787,1.5037594,0.2506266,0.2506266
2022-07-15 11:19:32,0,0,10.75,0.5,0,85.75,2.5,0.25,0
2022-07-15 11:19:31,0,0,10.723192,0.2493766,0,85.28678,2.493766,0,0.4987531
2022-07-15 11:19:30,0,0,10.723192,0,0,85.53616,3.241895,0.2493766,0
2022-07-15 11:19:29,0,0,11.055276,0.5025126,0,85.17588,2.512563,0.2512563,0
2022-07-15 11:19:28,0,0,15.710723,0.2493766,0,79.8005,2.992519,0.2493766,0.7481297
2022-07-15 11:19:27,0,0,6,0.75,0,84.25,2.75,0.25,4.75
2022-07-15 11:19:26,0,0,6.733167,0.2493766,0,88.2793,1.995012,0.2493766,1.995012
2022-07-15 11:19:25,0,0,10.275689,0,0,86.71679,2.255639,0.2506266,0
2022-07-15 11:19:24,0,0,11.91067,0.248139,0,85.11166,2.233251,0.248139,0
2022-07-15 11:19:23,0,0,10.025063,0.5012531,0,85.21303,3.007519,0.2506266,0.2506266
2022-07-15 11:19:22,0,0,10.224439,0.2493766,0,84.78803,3.491272,0.4987531,0.2493766
2022-07-15 11:19:21,0,0,10.25,0.25,0,86.5,2.25,0,0
2022-07-15 11:19:20,0,0,10.75,0,0,86,2.5,0.25,0.25
2022-07-15 11:19:19,0,0,10.75,0.75,0,85.25,2.25,0.25,0
2022-07-15 11:19:18,0,0,10.723192,0.4987531,0,85.78554,2.244389,0.2493766,0.2493766
2022-07-15 11:19:17,0,0,16.5,0.25,0,79.5,2.75,0.25,0
2022-07-15 11:19:16,0,0,6.281407,0.5025126,0,86.1809,1.2562814,0.2512563,5.025126
2022-07-15 11:19:15,0,0,10.810811,0.4914005,0,81.32678,3.439803,0.4914005,2.211302
2022-07-15 11:19:14,0,0,6.297229,0.5037783,0,80.85642,1.763224,0,8.564232
2022-07-15 11:19:13,0,0,9.20398,0.2487562,0,85.57214,2.487562,0.4975124,1.4925373
2022-07-15 11:19:12,0,0,8.706468,0.4975124,0,82.58706,3.233831,0.2487562,3.9801
2022-07-15 11:19:11,0,0,7.462687,0.2487562,0,86.06965,2.238806,0.2487562,2.238806
2022-07-15 11:19:10,0,0,10.5,0.25,0,85,2.25,0,1
2022-07-15 11:19:09,0,0,7.286432,0.2512563,0,86.43216,2.512563,0.2512563,3.266332
2022-07-15 11:19:08,0,0,10.696517,0.7462687,0,82.83582,2.487562,0.2487562,2.238806
2022-07-15 11:19:07,0,0,5.012531,0.2506266,0,87.21805,1.5037594,0.5012531,5.012531
2022-07-15 11:19:06,0,0,8.75,0,0,88.25,2.25,0.25,0.25
2022-07-15 11:19:05,0,0,11.221945,0.4987531,0,85.28678,1.995012,0.2493766,0
2022-07-15 11:19:04,0,0,12.219451,0.4987531,0,83.79052,2.992519,0,0.2493766
2022-07-15 11:19:03,0,0,9.343434,0.2525253,0,86.61616,1.767677,0.2525253,1.010101
2022-07-15 11:19:02,0,0,13.715711,0.4987531,0,81.54613,3.241895,0,0.7481297
2022-07-15 11:19:01,0,0,7.730673,0.2493766,0,87.53117,1.995012,0.2493766,1.745636
2022-07-15 11:19:00,0,0,7.901235,0.4938272,0,82.96296,3.209877,0.2469136,4.197531
2022-07-15 11:18:59,0,0,8.77193,0,0,88.22055,2.255639,0,0.2506266
2022-07-15 11:18:58,0,0,10.526316,0.2506266,0,86.21554,2.506266,0.5012531,0
2022-07-15 11:18:57,0,0,10.447761,0.4975124,0,85.8209,1.99005,0.4975124,0.2487562
2022-07-15 11:18:56,0,0,10.776942,0.2506266,0,85.96491,2.255639,0.2506266,0.2506266
2022-07-15 11:18:55,0,0,10.776942,0.2506266,0,84.46115,3.258145,0.5012531,0.2506266
2022-07-15 11:18:54,0,0,11,0.25,0,85.75,2.75,0,0
2022-07-15 11:18:53,0,0,12.655087,0,0,83.87097,2.233251,0.4962779,0.248139
2022-07-15 11:18:52,0,0,12,0.25,0,79.75,3,0.25,4
2022-07-15 11:18:51,0,0,10.025063,0.5012531,0,84.46115,2.506266,0.2506266,1.5037594
2022-07-15 11:18:50,0,0,8.02005,0.2506266,0,86.96742,2.005013,0,1.754386
2022-07-15 11:18:49,0,0,8.706468,0.4975124,0,85.07463,2.736318,0.2487562,1.99005
2022-07-15 11:18:48,0,0,7.769424,0.5012531,0,84.96241,2.756892,0,3.759398
2022-07-15 11:18:47,0,0,6.947891,0.9925558,0,87.84119,1.736973,0.4962779,0.9925558
2022-07-15 11:18:46,0,0,10.25,0.25,0,86.5,2.5,0.25,0
2022-07-15 11:18:45,0,0,11.471322,0.2493766,0,84.78803,2.743142,0.2493766,0.2493766
2022-07-15 11:18:44,0,0,14.321608,0.5025126,0,81.15578,3.266332,0.2512563,0.2512563
2022-07-15 11:18:43,0,0,7.5,0.25,0,87.5,1.25,0,3.25
2022-07-15 11:18:42,0,0,12.345679,0.7407407,0,81.48148,2.716049,0.2469136,1.4814815
2022-07-15 11:18:41,0,0,7.5,0.25,0,81.5,2.5,0.25,5.5
2022-07-15 11:18:40,0,0,4.926108,1.4778325,0,79.06404,2.70936,0,10.344828
2022-07-15 11:18:39,0,0,6.75,0.5,0,86.5,2.25,0.5,3
2022-07-15 11:18:38,0,0,10.447761,0.2487562,0,81.09453,3.482587,0,4.477612
2022-07-15 11:18:37,0,0,8.229426,0.2493766,0,81.29676,2.244389,0.2493766,6.483791
2022-07-15 11:18:36,0,0,5.527638,1.0050251,0,81.90955,2.01005,0,6.532663
2022-07-15 11:18:35,0,0,6.683168,0.2475248,0,87.87129,1.980198,0,2.722772
2022-07-15 11:18:34,0,0,13.5,0.25,0,82,2.75,0.25,0.25
2022-07-15 11:18:33,0,0,6.435644,0.7425743,0,85.39604,1.980198,0.2475248,4.207921
2022-07-15 11:18:32,0,0,11.138614,0.2475248,0,85.39604,2.227723,0.2475248,0.2475248
2022-07-15 11:18:31,0,0,7.730673,0.7481297,0,79.8005,3.241895,0.2493766,6.483791
2022-07-15 11:18:30,0,0,10.025063,0.2506266,0,87.21805,2.005013,0,0
2022-07-15 11:18:29,0,0,7.125307,0.4914005,0,80.58968,2.702703,0.2457002,7.371007
2022-07-15 11:18:28,0,0,4.71464,0.4962779,0,86.6005,1.736973,0.248139,4.962779
2022-07-15 11:18:27,0,0,10.606061,0.2525253,0,86.36364,2.525253,0,0.2525253
2022-07-15 11:18:26,0,0,12.903226,0.248139,0,83.37469,2.233251,0.248139,0.7444169
2022-07-15 11:18:25,0,0,7.481297,0.4987531,0,82.79302,2.992519,0.4987531,4.488778
2022-07-15 11:18:24,0,0,5.707196,0.7444169,0,86.6005,2.977667,0,3.225806
2022-07-15 11:18:23,0,0,8.977556,0,0,86.28429,2.244389,0,1.745636
2022-07-15 11:18:22,0,0,9.5,0,0,87.5,2.25,0.5,0
2022-07-15 11:18:21,0,0,11,0.25,0,86,2,0,0
2022-07-15 11:18:20,0,0,10.173697,0.248139,0,86.6005,2.233251,0.248139,0.248139
2022-07-15 11:18:19,0,0,11.557789,0.2512563,0,85.17588,2.763819,0,0
2022-07-15 11:18:18,0,0,11.779449,0,0,85.46366,2.255639,0.2506266,0
2022-07-15 11:18:17,0,0,10.5,0.5,0,84,2.5,0.25,1.75
2022-07-15 11:18:16,0,0,9.022556,0,0,87.46867,2.756892,0,0.5012531
2022-07-15 11:18:15,0,0,10.75,0.25,0,85.5,2.75,0.25,0.25
2022-07-15 11:18:14,0,0,11.779449,0,0,86.21554,1.754386,0,0
2022-07-15 11:18:13,0,0,9.476309,0.2493766,0,86.78304,2.244389,0.2493766,0.4987531
2022-07-15 11:18:12,0,0,11.691542,0.7462687,0,84.57711,2.238806,0.2487562,0.2487562
2022-07-15 11:18:11,0,0,10.199005,0.4975124,0,84.57711,2.736318,0.4975124,0.4975124
2022-07-15 11:18:10,0,0,10.275689,0.2506266,0,87.46867,1.754386,0,0
2022-07-15 11:18:09,0,0,15.25,0.25,0,80.5,3,0.25,0.5
2022-07-15 11:18:08,0,0,5.486284,0.2493766,0,90.27431,1.745636,0.2493766,1.745636
2022-07-15 11:18:07,0,0,14.786967,0.2506266,0,81.95489,2.756892,0,0.2506266
2022-07-15 11:18:06,0,0,7.673267,0.2475248,0,81.68317,2.227723,0.2475248,7.178218
2022-07-15 11:18:05,0,0,6.75,0.5,0,83.25,2.75,0.5,4.25
2022-07-15 11:18:04,0,0,9.25,0,0,88.25,2,0.25,0.25
2022-07-15 11:18:03,0,0,10.669975,0.248139,0,83.37469,2.977667,0.4962779,1.736973
2022-07-15 11:18:02,0,0,10.050251,0.2512563,0,83.41709,2.512563,0.2512563,2.763819
2022-07-15 11:18:01,0,0,7.25,0.25,0,88.25,2,0.25,1
2022-07-15 11:18:00,0,0,12.25,0.25,0,81,3.75,0.25,2
2022-07-15 11:17:59,0,0,7.23192,0.7481297,0,82.29426,3.241895,0.2493766,5.236908
2022-07-15 11:17:58,0,0,7.444169,0.248139,0,81.63772,2.48139,0.248139,6.699752
2022-07-15 11:17:57,0,0,4.987531,0,0,91.27182,2.743142,0.2493766,0.4987531
2022-07-15 11:17:56,0,0,10.473815,0.4987531,0,86.03491,2.493766,0,0.2493766
2022-07-15 11:17:55,0,0,11.278195,0.2506266,0,85.21303,2.506266,0.2506266,0
2022-07-15 11:17:54,0,0,14.143921,0.248139,0,81.63772,2.977667,0.248139,0.4962779
2022-07-15 11:17:53,0,0,9.725686,0.2493766,0,78.80299,2.493766,0,6.483791
2022-07-15 11:17:52,0,0,5.445545,0.7425743,0,77.47525,2.475248,0.2475248,10.148515
2022-07-15 11:17:51,0,0,5,1,0,85,1.75,0.25,4
2022-07-15 11:17:50,0,0,9.452736,0.2487562,0,84.57711,2.487562,0,2.238806
2022-07-15 11:17:49,0,0,7.960199,0.4975124,0,86.06965,2.238806,0.2487562,2.487562
2022-07-15 11:17:48,0,0,11.691542,0.4975124,0,83.08458,2.985075,0.2487562,1.2437811
2022-07-15 11:17:47,0,0,6.930693,0.4950495,0,78.46535,2.970297,0.2475248,7.920792
2022-07-15 11:17:46,0,0,9.226933,0.4987531,0,84.28928,2.244389,0.2493766,2.992519
2022-07-15 11:17:45,0,0,6.435644,0.7425743,0,78.9604,1.980198,0.2475248,8.663366
2022-07-15 11:17:44,0,0,4.71464,0.9925558,0,76.4268,2.48139,0.248139,10.421836
2022-07-15 11:17:43,0,0,7.286432,0.5025126,0,84.17085,5.025126,0.2512563,1.758794
2022-07-15 11:17:42,0,0,9.158416,0.2475248,0,83.66337,2.475248,0.2475248,3.712871
2022-07-15 11:17:41,0,0,6.733167,0.2493766,0,83.54115,3.241895,0,5.236908
2022-07-15 11:17:40,0,0,5.5,0,0,89.5,2,0.25,2.5
2022-07-15 11:17:39,0,0,12.280702,0.2506266,0,84.71178,2.005013,0.2506266,0
2022-07-15 11:17:38,0,0,9.226933,0.7481297,0,86.53367,2.493766,0,0.4987531
2022-07-15 11:17:37,0,0,12,0.5,0,84.75,2,0.25,0
2022-07-15 11:17:36,0,0,8.72818,0.2493766,0,88.2793,1.745636,0.4987531,0.2493766
2022-07-15 11:17:35,0,0,11.75,0.25,0,85,2.5,0.25,0
2022-07-15 11:17:34,0,0,11,0,0,86,2.25,0.25,0.25
2022-07-15 11:17:33,0,0,10.5,0.75,0,85.5,2.5,0.25,0.25
2022-07-15 11:17:32,0,0,10.75,0.25,0,85.25,3.25,0.25,0
2022-07-15 11:17:31,0,0,10.723192,0.2493766,0,85.53616,1.995012,0,0.2493766
2022-07-15 11:17:30,0,0,11.779449,0.5012531,0,84.96241,2.255639,0.2506266,0
2022-07-15 11:17:29,0,0,8.521303,0.5012531,0,87.7193,2.005013,0.5012531,0.2506266
2022-07-15 11:17:28,0,0,11.5,0.25,0,85,2.5,0.25,0
2022-07-15 11:17:27,0,0,10.972569,0.2493766,0,84.53865,2.493766,0,0.4987531
2022-07-15 11:17:26,0,0,9.20398,0.4975124,0,87.31343,1.99005,0.2487562,0.2487562
2022-07-15 11:17:25,0,0,11.75,0.25,0,82.5,2.5,0.5,1.5
2022-07-15 11:17:24,0,0,9.452736,0.4975124,0,87.31343,2.238806,0,0
2022-07-15 11:17:23,0,0,10.776942,0.2506266,0,85.96491,2.506266,0.2506266,0
2022-07-15 11:17:22,0,0,11.471322,0.4987531,0,84.78803,1.995012,0.4987531,0.2493766
2022-07-15 11:17:21,0,0,14.214464,0.4987531,0,78.80299,3.491272,0.2493766,2.244389
2022-07-15 11:17:20,0,0,6.896552,0.9852217,0,82.51232,2.955665,0.2463054,5.418719
2022-07-15 11:17:19,0,0,7.19603,0.4962779,0,81.38958,2.48139,0.4962779,5.459057
2022-07-15 11:17:18,0,0,5.735661,0.7481297,0,80.798,1.745636,0.2493766,8.229426
2022-07-15 11:17:17,0,0,8.706468,0.2487562,0,84.57711,2.736318,0.2487562,3.233831
2022-07-15 11:17:16,0,0,7.425743,0.7425743,0,82.92079,2.722772,0.2475248,4.207921
2022-07-15 11:17:15,0,0,5.955335,0.4962779,0,78.90819,2.48139,0.4962779,8.684864
2022-07-15 11:17:14,0,0,3.960396,1.4851485,0,76.73267,1.980198,0.4950495,11.386139
2022-07-15 11:17:13,0,0,7.862408,0.7371007,0,84.52088,2.457002,0,2.948403
2022-07-15 11:17:12,0,0,8.521303,0.5012531,0,84.21053,2.255639,0.5012531,3.508772
2022-07-15 11:17:11,0,0,7.178218,0.7425743,0,81.43564,2.722772,0.2475248,6.683168
2022-07-15 11:17:10,0,0,5.707196,0.9925558,0,83.62283,2.233251,0,6.203474
2022-07-15 11:17:09,0,0,8.25,0.5,0,85.75,2.5,0.25,2.5
2022-07-15 11:17:08,0,0,9.90099,0.2475248,0,84.40594,2.970297,0.2475248,1.732673
2022-07-15 11:17:07,0,0,9.476309,0.2493766,0,83.29177,2.493766,0,4.239401
2022-07-15 11:17:06,0,0,6.666667,0.9876543,0,80,3.45679,0.7407407,5.925926
2022-07-15 11:17:05,0,0,9.701493,0.4975124,0,85.57214,2.238806,0.2487562,0.9950249
2022-07-15 11:17:04,0,0,9.045226,0.2512563,0,84.42211,2.763819,0,2.512563
2022-07-15 11:17:03,0,0,6.5,0.5,0,88.25,1.75,0.25,2.25
2022-07-15 11:17:02,0,0,10.447761,0.4975124,0,85.32338,2.985075,0.2487562,0.2487562
2022-07-15 11:17:01,0,0,9.296482,0.5025126,0,84.92462,2.01005,0.2512563,2.01005
2022-07-15 11:17:00,0,0,10.643564,0.2475248,0,85.89109,1.980198,0.2475248,0.4950495
2022-07-15 11:16:59,0,0,10.776942,0.2506266,0,86.46617,2.255639,0,0
2022-07-15 11:16:58,0,0,11.055276,0.2512563,0,85.17588,3.015075,0,0.2512563
2022-07-15 11:16:57,0,0,10.696517,0.7462687,0,84.82587,2.985075,0.2487562,0
2022-07-15 11:16:56,0,0,10.776942,0.2506266,0,85.46366,2.756892,0.2506266,0
2022-07-15 11:16:55,0,0,12.75,0,0,83.25,3,0.5,0.25
2022-07-15 11:16:54,0,0,12.342569,0.5037783,0,83.12343,3.274559,0,0.2518892
2022-07-15 11:16:53,0,0,6.716418,0.7462687,0,88.80597,2.487562,0.2487562,0.4975124
2022-07-15 11:16:52,0,0,9.52381,0,0,83.9599,2.756892,0.2506266,3.007519
2022-07-15 11:16:51,0,0,9.405941,0,0,87.37624,1.732673,0.2475248,0.7425743
2022-07-15 11:16:50,0,0,11.528822,0.7518797,0,84.71178,2.506266,0.2506266,0
2022-07-15 11:16:49,0,0,9.677419,0.248139,0,86.35236,2.48139,0.248139,0.4962779
2022-07-15 11:16:48,0,0,14.572864,0.2512563,0,79.8995,4.020101,0.2512563,0.2512563
2022-07-15 11:16:47,0,0,7.518797,0.2506266,0,87.21805,2.255639,0.2506266,2.255639
2022-07-15 11:16:46,0,0,8.79397,0.2512563,0,87.43719,2.763819,0,0.7537688
2022-07-15 11:16:45,0,0,13.399504,0.4962779,0,80.64516,2.48139,0.248139,2.48139
2022-07-15 11:16:44,0,0,7.940447,0.4962779,0,82.134,2.977667,0,5.210918
2022-07-15 11:16:43,0,0,9.06801,0.2518892,0,83.12343,3.274559,0.2518892,3.526448
2022-07-15 11:16:42,0,0,7.692308,0.4962779,0,83.12655,1.985112,0.248139,4.71464
2022-07-15 11:16:41,0,0,7.407407,0.2469136,0,80.74074,3.209877,0.4938272,6.419753
2022-07-15 11:16:40,0,0,8.229426,0.2493766,0,85.78554,2.493766,0.2493766,2.493766
2022-07-15 11:16:39,0,0,7.730673,0.2493766,0,83.79052,2.493766,0.2493766,3.740648
2022-07-15 11:16:38,0,0,8.395062,0.7407407,0,85.4321,2.222222,0.2469136,2.962963
2022-07-15 11:16:37,0,0,7.481297,0.2493766,0,85.78554,2.493766,0.2493766,2.992519
2022-07-15 11:16:36,0,0,10.199005,0.4975124,0,78.60697,3.482587,0.2487562,5.223881
2022-07-15 11:16:35,0,0,3.225806,0.9925558,0,75.93052,1.985112,0.4962779,15.632754
2022-07-15 11:16:34,0,0,6.218905,0.2487562,0,90.29851,1.741294,0,1.2437811
2022-07-15 11:16:33,0,0,9.701493,0.4975124,0,87.06468,2.238806,0.2487562,0
2022-07-15 11:16:32,0,0,10.886076,0.2531646,0,84.81013,3.037975,0,0.2531646
2022-07-15 11:16:31,0,0,9.296482,0.2512563,0,86.68342,2.512563,0.2512563,0.5025126
2022-07-15 11:16:30,0,0,10.473815,0.4987531,0,85.78554,2.244389,0,0.4987531
2022-07-15 11:16:29,0,0,12.531328,0.2506266,0,83.70927,3.007519,0.2506266,0
2022-07-15 11:16:28,0,0,14.786967,0.5012531,0,80.70175,3.007519,0,0.5012531
2022-07-15 11:16:27,0,0,6.947891,0.4962779,0,80.64516,2.233251,0.248139,7.444169
2022-07-15 11:16:26,0,0,6.78392,0.2512563,0,89.19598,2.261307,0.2512563,1.0050251
2022-07-15 11:16:25,0,0,9.476309,0.2493766,0,86.53367,1.995012,0.2493766,0.7481297
2022-07-15 11:16:24,0,0,10.831234,0.2518892,0,84.88665,3.02267,0,0.2518892
2022-07-15 11:16:23,0,0,10.75,0.5,0,85.75,2.25,0.25,0.25
2022-07-15 11:16:22,0,0,11.528822,0,0,85.71429,2.005013,0.5012531,0
2022-07-15 11:16:21,0,0,11.335013,0.2518892,0,83.6272,3.02267,0.2518892,0.2518892
2022-07-15 11:16:20,0,0,8.25,0.25,0,87,2.5,0.25,1
2022-07-15 11:16:19,0,0,7.730673,0.2493766,0,88.02993,3.241895,0,0.2493766
2022-07-15 11:16:18,0,0,6.75,0.75,0,88.25,3.25,0.25,0.25
2022-07-15 11:16:17,0,0,6,0.5,0,90,2.5,0,0.25
2022-07-15 11:16:16,0,0,6.666667,0.4938272,0,88.88889,2.716049,0.2469136,0.2469136
2022-07-15 11:16:15,0,0,3.778338,0.7556675,0,92.44332,2.770781,0,0
2022-07-15 11:16:14,0,0,5.513784,0.5012531,0,89.72431,3.258145,0,0
2022-07-15 11:16:13,0,0,1.4962594,0.4987531,0,93.51621,3.241895,0.2493766,0
2022-07-15 11:16:12,0,0,1.4962594,0,0,93.76559,3.491272,0.4987531,0
2022-07-15 11:16:11,0,0,1.2531328,0.5012531,0,93.98496,3.007519,0.5012531,0.2506266
2022-07-15 11:16:10,0,0,2.5,1,0,92.5,3.25,0.25,0
2022-07-15 11:16:09,0,0,1.2531328,0.2506266,0,94.23559,3.508772,0,0
2022-07-15 11:16:08,0,0,1.5037594,1.0025063,0,93.23308,3.258145,0.2506266,0
2022-07-15 11:16:07,0,0,1.2437811,0.2487562,0,94.77612,2.985075,0.2487562,0
2022-07-15 11:16:06,0,0,1.758794,1.0050251,0,93.21608,3.266332,0,0
2022-07-15 11:16:05,0,0,1.754386,0.5012531,0,92.98246,3.258145,0.5012531,0
2022-07-15 11:16:04,0,0,1.511335,0.2518892,0,94.96222,2.770781,0,0
2022-07-15 11:16:03,0,0,1.25,0.75,0,93.75,3.5,0.25,0
2022-07-15 11:16:02,0,0,1.754386,0,0,93.73434,3.258145,0.2506266,0
2022-07-15 11:16:01,0,0,1.2531328,0.5012531,0,93.98496,3.258145,0,0
2022-07-15 11:16:00,0,0,1.995012,0.9975062,0,92.5187,3.491272,0.2493766,0
2022-07-15 11:15:59,0,0,1.0050251,0.5025126,0,95.22613,3.015075,0,0
2022-07-15 11:15:58,0,0,1.4925373,0.4975124,0,92.53731,3.9801,0.2487562,0
2022-07-15 11:15:57,0,0,1.2468828,0.7481297,0,93.76559,3.491272,0.2493766,0
2022-07-15 11:15:56,0,0,1.5037594,0.5012531,0,95.2381,2.255639,0,0
2022-07-15 11:15:55,0,0,1.754386,0.5012531,0,93.73434,3.258145,0,0
2022-07-15 11:15:54,0,0,1.2531328,0.5012531,0,94.73684,3.007519,0,0
2022-07-15 11:15:53,0,0,1.754386,0.2506266,0,91.97995,4.260652,0.5012531,0
2022-07-15 11:15:52,0,0,1.5075377,0.5025126,0,93.21608,3.266332,0,0
2022-07-15 11:15:51,0,0,1.4888337,0.7444169,0,93.54839,2.233251,0.4962779,0
2022-07-15 11:15:50,0,0,1.5075377,0.2512563,0,93.46734,4.020101,0.2512563,0
2022-07-15 11:15:49,0,0,1.2531328,0.5012531,0,95.48872,2.255639,0.2506266,0
2022-07-15 11:15:48,0,0,1.5037594,0.5012531,0,92.73183,4.260652,0,0
2022-07-15 11:15:47,0,0,1.2531328,0.2506266,0,93.73434,3.258145,0.5012531,0
2022-07-15 11:15:46,0,0,1.754386,0.7518797,0,94.23559,2.756892,0.2506266,0
2022-07-15 11:15:45,0,0,1.2531328,0.5012531,0,91.72932,2.756892,0.2506266,0
2022-07-15 11:15:44,0,0,1.4925373,0.4975124,0,92.78607,3.233831,0,0
2022-07-15 11:15:43,0,0,1.2690355,0.2538071,0,95.43147,2.538071,0.2538071,0
2022-07-15 11:15:42,0,0,1.728395,0.2469136,0,93.58025,2.962963,0.7407407,0
2022-07-15 11:15:41,0,0,1.2594458,0.5037783,0,94.20655,2.518892,0.2518892,0
2022-07-15 11:15:40,0,0,1.2722646,0.5089059,0,94.65649,2.798982,0.2544529,0
2022-07-15 11:15:39,0,0,2.01005,0.5025126,0,93.46734,3.768844,0,0
2022-07-15 11:15:38,0,0,1.754386,0.2506266,0,93.98496,3.007519,0.5012531,0
2022-07-15 11:15:37,0,0,1.5075377,0.2512563,0,93.71859,3.768844,0,0
2022-07-15 11:15:36,0,0,1.25,0.5,0,94.75,2.75,0,0
2022-07-15 11:15:35,0,0,1.745636,0.7481297,0,94.26434,2.493766,0.2493766,0
2022-07-15 11:15:34,0,0,1.2531328,0,0,94.73684,3.258145,0.2506266,0
2022-07-15 11:15:33,0,0,1.995012,0.2493766,0,92.76808,3.740648,0.2493766,0
2022-07-15 11:15:32,0,0,1.4925373,0.2487562,0,94.77612,2.985075,0.2487562,0
2022-07-15 11:15:31,0,0,1.2722646,0.5089059,0,92.87532,3.562341,0,0
2022-07-15 11:15:30,0,0,2.25,0.5,0,94.25,2.25,0.25,0
2022-07-15 11:15:29,0,0,1.4925373,0.7462687,0,93.28358,3.233831,0.2487562,0
2022-07-15 11:15:28,0,0,1.763224,0.5037783,0,94.45844,2.770781,0.2518892,0
2022-07-15 11:15:27,0,0,1.25,0.5,0,93.75,3,0.5,0
2022-07-15 11:15:26,0,0,1.511335,0.5037783,0,93.19899,3.02267,0,0
2022-07-15 11:15:25,0,0,1.5,0.5,0,94,2.75,0.5,0
2022-07-15 11:15:24,0,0,1.75,0.25,0,94,3.75,0,0
2022-07-15 11:15:23,0,0,1.2468828,0.2493766,0,94.26434,2.992519,0.2493766,0
2022-07-15 11:15:22,0,0,1.2531328,0.5012531,0,94.48622,2.506266,0.5012531,0
2022-07-15 11:15:21,0,0,1.745636,0.4987531,0,94.26434,2.493766,0,0
2022-07-15 11:15:20,0,0,1.2594458,0.2518892,0,94.20655,3.274559,0.2518892,0
2022-07-15 11:15:19,0,0,1.4925373,0.4975124,0,94.52736,2.736318,0.2487562,0
2022-07-15 11:15:18,0,0,2.01005,0.5025126,0,93.96985,3.015075,0,0
2022-07-15 11:15:17,0,0,1.2562814,0.5025126,0,95.47739,2.512563,0,0
2022-07-15 11:15:16,0,0,1.745636,0.4987531,0,94.01496,2.493766,0.4987531,0.2493766
2022-07-15 11:15:15,0,0,1.4925373,0.2487562,0,94.52736,2.985075,0.2487562,0
2022-07-15 11:15:14,0,0,1.2594458,0.5037783,0,94.45844,3.274559,0,0
2022-07-15 11:15:13,0,0,1.5037594,0.2506266,0,94.73684,2.756892,0.2506266,0
2022-07-15 11:15:12,0,0,1.5037594,0.5012531,0,92.98246,2.756892,0.2506266,0
2022-07-15 11:15:11,0,0,1.5037594,0.5012531,0,91.97995,3.759398,0.5012531,0
2022-07-15 11:15:10,0,0,1.758794,0.5025126,0,92.21106,3.517588,0.2512563,0
2022-07-15 11:15:09,0,0,2.255639,0.5012531,0,93.23308,3.508772,0,0
2022-07-15 11:15:08,0,0,4,0.25,0,92.5,2.5,0.5,0
2022-07-15 11:15:07,0,0,4.271357,0.2512563,0,91.9598,2.763819,0.2512563,0
2022-07-15 11:15:06,0,0,4.010025,0.2506266,0,92.73183,2.756892,0,0
2022-07-15 11:15:05,0,0,4.228856,0.4975124,0,91.54229,2.985075,0.4975124,0
2022-07-15 11:15:04,0,0,4.040404,0.2525253,0,91.66667,3.282828,0,0
2022-07-15 11:15:03,0,0,6.04534,0.2518892,0,90.17632,2.518892,0.2518892,0.2518892
2022-07-15 11:15:02,0,0,6.218905,0.4975124,0,88.80597,3.731343,0.2487562,0
2022-07-15 11:15:01,0,0,6.716418,0.2487562,0,88.80597,2.238806,0.2487562,0.2487562
2022-07-15 11:15:00,0,0,8.5,0.25,0,87.5,2.5,0.25,0
2022-07-15 11:14:59,0,0,9.950249,0.7462687,0,83.83085,3.482587,0.2487562,1.2437811
2022-07-15 11:14:58,0,0,12.5,0.5,0,82.75,3.25,0.25,0
2022-07-15 11:14:57,0,0,7.537688,0.5025126,0,82.91457,3.517588,0,5.025126
2022-07-15 11:14:56,0,0,8.229426,0,0,88.2793,1.745636,0.2493766,1.2468828
2022-07-15 11:14:55,0,0,9.925558,0.248139,0,84.61538,2.48139,0.4962779,0.9925558
2022-07-15 11:14:54,0,0,10.696517,0.7462687,0,83.33333,2.238806,0.4975124,2.238806
2022-07-15 11:14:53,0,0,6.451613,0.4962779,0,80.14888,3.722084,0.248139,7.692308
2022-07-15 11:14:52,0,0,7.960199,0.4975124,0,84.0796,2.736318,0.2487562,3.482587
2022-07-15 11:14:51,0,0,6.699752,1.4888337,0,83.62283,2.233251,0,5.459057
2022-07-15 11:14:50,0,0,8.5,0.25,0,83.75,3.5,0.25,3
2022-07-15 11:14:49,0,0,6.699752,0.7444169,0,80.14888,3.225806,0.248139,8.188586
2022-07-15 11:14:48,0,0,6.947891,0.7444169,0,84.36725,2.233251,0.248139,3.722084
2022-07-15 11:14:47,0,0,8.684864,0.7444169,0,81.38958,3.473945,0.248139,3.225806
2022-07-15 11:14:46,0,0,6.435644,0.4950495,0,81.93069,2.970297,0,5.693069
2022-07-15 11:14:45,0,0,5.486284,0,0,87.03242,3.241895,0,3.990025
2022-07-15 11:14:44,0,0,11.940299,0.4975124,0,81.34328,3.482587,0.4975124,1.99005
2022-07-15 11:14:43,0,0,8.395062,0.7407407,0,78.2716,2.222222,0.2469136,7.407407
2022-07-15 11:14:42,0,0,5.223881,1.4925373,0,77.11443,2.238806,0,8.706468
2022-07-15 11:14:41,0,0,5.721393,0.4975124,0,80.59701,3.233831,0.2487562,8.955224
2022-07-15 11:14:40,0,0,5.459057,0.7444169,0,87.59305,2.48139,0.4962779,2.233251
2022-07-15 11:14:39,0,0,10.148515,0.2475248,0,85.64356,2.227723,0.2475248,0.990099
2022-07-15 11:14:38,0,0,7.052897,0.5037783,0,87.15365,2.770781,0,2.015113
2022-07-15 11:14:37,0,0,10.473815,0.2493766,0,85.78554,2.992519,0.2493766,0
2022-07-15 11:14:36,0,0,11.25,0.25,0,84.75,2.75,0.25,0.25
2022-07-15 11:14:35,0,0,13.681592,0.7462687,0,80.59701,2.985075,0.4975124,0.4975124
2022-07-15 11:14:34,0,0,8.5,0.5,0,83.5,2.5,0.25,4
2022-07-15 11:14:33,0,0,10.75,0.25,0,85.75,2.25,0.25,0.5
2022-07-15 11:14:32,0,0,4.477612,0.2487562,0,86.31841,1.99005,0.2487562,5.472637
2022-07-15 11:14:31,0,0,10.473815,0,0,84.0399,2.992519,0.2493766,0.9975062
2022-07-15 11:14:30,0,0,6.733167,0,0,88.2793,2.493766,0,1.745636
2022-07-15 11:14:29,0,0,10.25,0.5,0,84.5,3,0,0.25
2022-07-15 11:14:28,0,0,9.975062,0.2493766,0,86.28429,2.743142,0.2493766,0.2493766
2022-07-15 11:14:27,0,0,13.965087,0.4987531,0,78.55362,2.743142,0.2493766,2.244389
2022-07-15 11:14:26,0,0,7.730673,0.2493766,0,81.79551,3.491272,0.2493766,4.738155
2022-07-15 11:14:25,0,0,7.940447,0.4962779,0,82.134,2.977667,0.4962779,4.218362
2022-07-15 11:14:24,0,0,7.769424,0.7518797,0,83.9599,2.756892,0,4.511278
2022-07-15 11:14:23,0,0,7.730673,0.2493766,0,85.03741,2.493766,0.2493766,3.241895
2022-07-15 11:14:22,0,0,7.711443,0.7462687,0,83.08458,3.233831,0.2487562,3.233831
2022-07-15 11:14:21,0,0,8.977556,0,0,86.53367,1.995012,0,1.745636
2022-07-15 11:14:20,0,0,8,0.25,0,84.5,2,0.5,3.25
2022-07-15 11:14:19,0,0,8.040201,0.2512563,0,85.67839,3.015075,0.2512563,2.763819
2022-07-15 11:14:18,0,0,8.25,0.25,0,88.5,2.25,0.25,0.25
2022-07-15 11:14:17,0,0,12.09068,0.2518892,0,83.12343,3.274559,0.2518892,0.5037783
2022-07-15 11:14:16,0,0,9.226933,0.2493766,0,87.78055,2.244389,0,0
2022-07-15 11:14:15,0,0,11.75,0.25,0,82.75,3.75,0.25,0.5
2022-07-15 11:14:14,0,0,13.432836,0.2487562,0,80.0995,3.482587,0.4975124,1.741294
2022-07-15 11:14:13,0,0,6.75,0.25,0,85.75,2,0.25,4.5
2022-07-15 11:14:12,0,0,8,0.25,0,88.75,2,0.25,0.5
2022-07-15 11:14:11,0,0,12.376238,0.4950495,0,79.45545,3.960396,0.2475248,2.227723
2022-07-15 11:14:10,0,0,7.711443,0.7462687,0,84.57711,2.985075,0.2487562,2.985075
2022-07-15 11:14:09,0,0,7.23192,0.2493766,0,84.78803,2.743142,0.2493766,3.241895
2022-07-15 11:14:08,0,0,11.691542,0.4975124,0,81.34328,2.736318,0.4975124,2.487562
2022-07-15 11:14:07,0,0,3.970223,0.9925558,0,79.65261,2.233251,0.248139,11.166253
2022-07-15 11:14:06,0,0,6.766917,0.2506266,0,87.96992,2.005013,0.2506266,1.5037594
2022-07-15 11:14:05,0,0,7.940447,0.4962779,0,86.10422,2.977667,0,1.736973
2022-07-15 11:14:04,0,0,12.718204,0.2493766,0,81.04738,2.743142,0.2493766,2.493766
2022-07-15 11:14:03,0,0,7.960199,0.2487562,0,82.33831,2.985075,0,4.477612
2022-07-15 11:14:02,0,0,7.711443,0.2487562,0,81.59204,2.736318,0.4975124,6.218905
2022-07-15 11:14:01,0,0,8.72818,0.4987531,0,84.0399,2.992519,0.2493766,2.992519
2022-07-15 11:14:00,0,0,6.733167,0.4987531,0,84.53865,1.995012,0.2493766,5.236908
2022-07-15 11:13:59,0,0,7.730673,0.2493766,0,83.29177,3.241895,0,4.738155
2022-07-15 11:13:58,0,0,8.933002,0.4962779,0,86.6005,2.729529,0.248139,0.4962779
2022-07-15 11:13:57,0,0,10.327456,0,0,85.64232,3.02267,0.2518892,0.2518892
2022-07-15 11:13:56,0,0,10.5,0.5,0,85.75,2.75,0.5,0
2022-07-15 11:13:55,0,0,15.710723,0.2493766,0,78.80299,3.990025,0.4987531,0.4987531
2022-07-15 11:13:54,0,0,9.158416,0.4950495,0,82.92079,2.475248,0.2475248,3.465347
2022-07-15 11:13:53,0,0,6.683168,0.7425743,0,81.93069,3.712871,0,5.445545
2022-07-15 11:13:52,0,0,5.955335,0.4962779,0,81.14144,3.473945,0.248139,7.19603
2022-07-15 11:13:51,0,0,8,0.5,0,81.75,3.75,0.25,5
2022-07-15 11:13:50,0,0,7.462687,0.2487562,0,83.08458,1.99005,0.2487562,5.970149
2022-07-15 11:13:49,0,0,9.677419,0.4962779,0,83.62283,2.233251,0.248139,2.233251
2022-07-15 11:13:48,0,0,6.218905,0.7462687,0,78.85572,2.487562,0.2487562,7.462687
2022-07-15 11:13:47,0,0,7.23192,0.2493766,0,82.54364,3.740648,0.4987531,4.239401
2022-07-15 11:13:46,0,0,7.19603,0.4962779,0,85.85608,2.233251,0,3.722084
2022-07-15 11:13:45,0,0,7.98005,0.4987531,0,85.53616,2.992519,0.2493766,2.244389
2022-07-15 11:13:44,0,0,11.25,0.25,0,80.25,3.25,0.25,4.25
2022-07-15 11:13:43,0,0,6.030151,0.5025126,0,87.9397,2.512563,0,1.758794
2022-07-15 11:13:42,0,0,8.5,0.25,0,88.25,2.25,0.25,0.25
2022-07-15 11:13:41,0,0,9.226933,0,0,87.2818,2.743142,0,0
2022-07-15 11:13:40,0,0,12.280702,0.2506266,0,83.9599,2.756892,0.2506266,0.5012531
2022-07-15 11:13:39,0,0,11.547912,0.4914005,0,78.37838,3.439803,0.2457002,4.668305
2022-07-15 11:13:38,0,0,7.518797,0,0,83.9599,2.506266,0.2506266,5.012531
2022-07-15 11:13:37,0,0,6.17284,0.4938272,0,82.71605,2.222222,0.2469136,6.666667
2022-07-15 11:13:36,0,0,11.306533,0.2512563,0,85.92965,2.01005,0,0.2512563
2022-07-15 11:13:35,0,0,7.352941,1.2254902,0,82.35294,3.431373,0.245098,4.411765
2022-07-15 11:13:34,0,0,8.955224,0.7462687,0,82.08955,3.233831,0.4975124,2.985075
2022-07-15 11:13:33,0,0,7.5,0.25,0,84.5,2.25,0.25,4.75
2022-07-15 11:13:32,0,0,6.947891,0.248139,0,86.10422,2.977667,0.248139,2.48139
2022-07-15 11:13:31,0,0,6.5,0.25,0,86.25,2.25,0.25,3.25
2022-07-15 11:13:30,0,0,9.022556,0.2506266,0,87.46867,1.754386,0.5012531,0.5012531
2022-07-15 11:13:29,0,0,9.022556,0.2506266,0,86.71679,2.756892,0,0.7518797
2022-07-15 11:13:28,0,0,12.280702,0,0,85.21303,2.005013,0.2506266,0
2022-07-15 11:13:27,0,0,8.457711,0.2487562,0,87.06468,2.487562,0.4975124,0.2487562
2022-07-15 11:13:26,0,0,10.579345,0.2518892,0,84.88665,3.274559,0,0.2518892
2022-07-15 11:13:25,0,0,11,0.25,0,86,2.25,0.25,0
2022-07-15 11:13:24,0,0,12.189055,0.2487562,0,81.59204,3.482587,0.2487562,1.741294
2022-07-15 11:13:23,0,0,8.542714,0.7537688,0,85.17588,3.768844,0.2512563,0.2512563
2022-07-15 11:13:22,0,0,9.975062,0.4987531,0,86.53367,1.745636,0.4987531,0.2493766
2022-07-15 11:13:21,0,0,10.75,0,0,86.25,2,0.25,0.5
2022-07-15 11:13:20,0,0,10.75,0.5,0,85,3,0,0.25
2022-07-15 11:13:19,0,0,11.25,0,0,84.75,3,0.25,0.5
2022-07-15 11:13:18,0,0,14.285714,0.2506266,0,82.45614,2.255639,0.2506266,0.2506266
2022-07-15 11:13:17,0,0,9.181141,0.4962779,0,80.64516,2.729529,0.4962779,4.962779
2022-07-15 11:13:16,0,0,6.982544,0.7481297,0,83.54115,2.743142,0.2493766,4.987531
2022-07-15 11:13:15,0,0,9.452736,0.2487562,0,83.33333,3.482587,0.2487562,2.238806
2022-07-15 11:13:14,0,0,7.444169,0.4962779,0,80.14888,1.985112,0.248139,8.684864
2022-07-15 11:13:13,0,0,5.472637,0.2487562,0,84.57711,1.99005,0.2487562,6.716418
2022-07-15 11:13:12,0,0,10.25,0.25,0,84.75,2.25,0,2.25
2022-07-15 11:13:11,0,0,6.716418,0.2487562,0,84.57711,2.985075,0.2487562,2.487562
2022-07-15 11:13:10,0,0,14.786967,0.2506266,0,81.45363,2.756892,0.2506266,0.2506266
2022-07-15 11:13:09,0,0,6.733167,0.2493766,0,81.79551,2.493766,0.2493766,6.982544
2022-07-15 11:13:08,0,0,7.75,0.25,0,83.25,2.5,0.25,4.5
2022-07-15 11:13:07,0,0,7.142857,0.4926108,0,81.28079,3.448276,0.2463054,2.70936
2022-07-15 11:13:06,0,0,8.02005,0.2506266,0,82.20551,2.255639,0.2506266,4.260652
2022-07-15 11:13:05,0,0,8.5,0.25,0,88.5,2.25,0.25,0
2022-07-15 11:13:04,0,0,14.5,0.25,0,81.5,2.5,0.25,1
2022-07-15 11:13:03,0,0,6.716418,0.2487562,0,83.33333,3.482587,0.2487562,5.472637
2022-07-15 11:13:02,0,0,9.226933,0.4987531,0,81.79551,4.239401,0.2493766,3.241895
2022-07-15 11:13:01,0,0,5.925926,0.9876543,0,76.54321,2.716049,0.2469136,9.876543
2022-07-15 11:13:00,0,0,5.472637,1.2437811,0,80.0995,1.741294,0.4975124,7.21393
2022-07-15 11:12:59,0,0,3.491272,0.2493766,0,88.2793,2.743142,0,3.990025
2022-07-15 11:12:58,0,0,12.935323,0.2487562,0,82.58706,3.482587,0.2487562,0.4975124
2022-07-15 11:12:57,0,0,11.083123,0.2518892,0,83.12343,2.770781,0.2518892,2.267003
2022-07-15 11:12:56,0,0,8.542714,0.2512563,0,85.17588,3.517588,0.2512563,1.758794
2022-07-15 11:12:55,0,0,5.707196,0.248139,0,83.87097,2.233251,0,6.699752
2022-07-15 11:12:54,0,0,6.733167,0.2493766,0,87.78055,2.493766,0.2493766,1.995012
2022-07-15 11:12:53,0,0,9.226933,0,0,87.78055,1.745636,0.2493766,0.2493766
2022-07-15 11:12:52,0,0,11.75,0.25,0,84.5,3,0,0
2022-07-15 11:12:51,0,0,9.42928,0.248139,0,86.6005,2.48139,0.248139,0.248139
2022-07-15 11:12:50,0,0,10.831234,0,0,86.1461,2.267003,0.2518892,0.2518892
2022-07-15 11:12:49,0,0,11.055276,0,0,86.1809,2.512563,0.2512563,0
2022-07-15 11:12:48,0,0,11.970075,0.2493766,0,79.30175,3.740648,0.2493766,3.241895
2022-07-15 11:12:47,0,0,10.301508,0.5025126,0,82.41206,3.266332,0.2512563,2.261307
2022-07-15 11:12:46,0,0,6.716418,0.4975124,0,88.30846,1.99005,0,2.238806
2022-07-15 11:12:45,0,0,8.706468,0.2487562,0,88.55721,1.4925373,0.2487562,0.4975124
2022-07-15 11:12:44,0,0,13.131313,0.2525253,0,83.83838,2.272727,0.2525253,0.2525253
2022-07-15 11:12:43,0,0,11.633663,0.4950495,0,80.19802,2.722772,0.4950495,2.722772
2022-07-15 11:12:42,0,0,7.98005,0.2493766,0,84.0399,2.493766,0,4.987531
2022-07-15 11:12:41,0,0,7.692308,0.9925558,0,81.14144,4.218362,0.248139,3.970223
2022-07-15 11:12:40,0,0,6.203474,0.9925558,0,80.39702,2.48139,0,6.699752
2022-07-15 11:12:39,0,0,11.557789,0,0,85.67839,2.01005,0.2512563,0.5025126
2022-07-15 11:12:38,0,0,7.98005,0.2493766,0,85.53616,3.241895,0.4987531,1.995012
2022-07-15 11:12:37,0,0,8.910891,0.4950495,0,84.65347,2.970297,0.2475248,2.722772
2022-07-15 11:12:36,0,0,6.733167,0.4987531,0,83.29177,2.743142,0.2493766,5.236908
2022-07-15 11:12:35,0,0,6.218905,0,0,87.81095,2.985075,0.2487562,2.238806
2022-07-15 11:12:34,0,0,10.75,0.25,0,86.25,1.75,0.25,0
2022-07-15 11:12:33,0,0,10.199005,0.2487562,0,86.06965,2.238806,0.2487562,0.7462687
2022-07-15 11:12:32,0,0,11.442786,0.2487562,0,85.07463,2.487562,0.2487562,0.2487562
2022-07-15 11:12:31,0,0,12.189055,0,0,84.82587,2.238806,0.2487562,0.2487562
2022-07-15 11:12:30,0,0,11.306533,0.2512563,0,84.42211,3.015075,0.2512563,0.5025126
2022-07-15 11:12:29,0,0,7.769424,0.5012531,0,85.21303,3.007519,0.5012531,2.255639
2022-07-15 11:12:28,0,0,9.25,0.25,0,87.75,2,0.25,0
2022-07-15 11:12:27,0,0,10.25,0.5,0,86.25,2.25,0,0.25
2022-07-15 11:12:26,0,0,10.723192,0.2493766,0,86.78304,1.4962594,0.2493766,0.2493766
2022-07-15 11:12:25,0,0,11,0.5,0,85.25,3.25,0,0
2022-07-15 11:12:24,0,0,13,0,0,82.25,3.5,0.25,0.5
2022-07-15 11:12:23,0,0,10.972569,0.4987531,0,84.53865,2.244389,0.4987531,0.9975062
2022-07-15 11:12:22,0,0,8.933002,0,0,84.36725,3.225806,0.248139,2.729529
2022-07-15 11:12:21,0,0,6.947891,0.4962779,0,84.86352,2.977667,0,3.970223
2022-07-15 11:12:20,0,0,9.547739,0.2512563,0,86.68342,2.261307,0.2512563,0.5025126
2022-07-15 11:12:19,0,0,7.98005,0.2493766,0,85.03741,2.992519,0.4987531,2.743142
2022-07-15 11:12:18,0,0,9.75,0.5,0,83.5,3,0,2.75
2022-07-15 11:12:17,0,0,8,0.5,0,86,3.5,0.25,0.5
2022-07-15 11:12:16,0,0,10.776942,0.2506266,0,85.21303,2.756892,0,0.2506266
2022-07-15 11:12:15,0,0,10.526316,0,0,86.71679,2.506266,0,0
2022-07-15 11:12:14,0,0,10.831234,0.2518892,0,85.39043,3.02267,0,0.2518892
2022-07-15 11:12:13,0,0,10.696517,0.2487562,0,83.58209,2.736318,0.2487562,1.741294
2022-07-15 11:12:12,0,0,13.5,0.5,0,80.5,3.25,0.25,1.5
2022-07-15 11:12:11,0,0,7.052897,0,0,89.42065,2.267003,0.2518892,0.2518892
2022-07-15 11:12:10,0,0,11,0.25,0,86,2.25,0.25,0
2022-07-15 11:12:09,0,0,14.786967,0.5012531,0,79.69925,3.759398,0.2506266,1.0025063
2022-07-15 11:12:08,0,0,9,0.25,0,82.75,3.5,0,3.75
2022-07-15 11:12:07,0,0,9.20398,0,0,87.31343,2.238806,0.2487562,0.4975124
2022-07-15 11:12:06,0,0,7.23192,0.2493766,0,83.04239,4.738155,0.2493766,3.990025
2022-07-15 11:12:05,0,0,9.045226,0.5025126,0,87.43719,2.261307,0.2512563,0
2022-07-15 11:12:04,0,0,10.831234,0.2518892,0,86.1461,2.267003,0,0
2022-07-15 11:12:03,0,0,12.5,0,0,83.25,3.5,0.25,0.25
2022-07-15 11:12:02,0,0,11.5,0.25,0,81.75,3.25,0.25,2.25
2022-07-15 11:12:01,0,0,8.933002,0.248139,0,87.09677,2.233251,0,0.4962779
2022-07-15 11:12:00,0,0,9.5,0.5,0,80.25,4.25,0.25,4.25
2022-07-15 11:11:59,0,0,6,0.25,0,91.5,1.5,0,0.25
2022-07-15 11:11:58,0,0,9.476309,0.2493766,0,86.28429,1.995012,0,1.2468828
2022-07-15 11:11:57,0,0,10.25,0.25,0,86.75,2,0.25,0
2022-07-15 11:11:56,0,0,10.552764,0.2512563,0,86.43216,2.261307,0,0.2512563
2022-07-15 11:11:55,0,0,12,0,0,84.25,3,0.25,0
2022-07-15 11:11:54,0,0,11.25,0.25,0,86,2,0,0
2022-07-15 11:11:53,0,0,9.226933,0.2493766,0,85.78554,3.491272,0.2493766,0.4987531
2022-07-15 11:11:52,0,0,10.75,0.25,0,86.75,2,0,0.25
2022-07-15 11:11:51,0,0,10.224439,0.4987531,0,86.28429,1.995012,0.2493766,0
2022-07-15 11:11:50,0,0,11.027569,0,0,86.96742,1.5037594,0,0
2022-07-15 11:11:49,0,0,11.19403,0.4975124,0,84.32836,2.736318,0.2487562,0.2487562
2022-07-15 11:11:48,0,0,10.5,0.5,0,82.5,3.25,0.25,0.75
2022-07-15 11:11:47,0,0,9.20398,0.2487562,0,89.05473,0.9950249,0,0.2487562
2022-07-15 11:11:46,0,0,10.25,0.25,0,82,7,0.25,0
2022-07-15 11:11:45,0,0,9.52381,0.2506266,0,74.93734,14.786967,0,0
2022-07-15 11:11:44,0,0,10,0.75,0,82.75,2.25,0.25,0.25
2022-07-15 11:11:43,0,0,10.25,0.25,0,85.25,3.25,0,0.25
2022-07-15 11:11:42,0,0,11.278195,0,0,84.46115,3.007519,0.2506266,0.2506266
2022-07-15 11:11:41,0,0,9,0.25,0,85.5,4.5,0.25,0
2022-07-15 11:11:40,0,0,10.696517,0.4975124,0,84.32836,3.482587,0.2487562,0.2487562
2022-07-15 11:11:39,0,0,10.526316,0,0,86.96742,2.005013,0,0
2022-07-15 11:11:38,0,0,9.774436,0.2506266,0,84.21053,3.258145,0.2506266,2.005013
2022-07-15 11:11:37,0,0,10.643564,0,0,85.14851,2.722772,0.2475248,0.2475248
2022-07-15 11:11:36,0,0,12.5,0.5,0,73.75,13.25,0,0
2022-07-15 11:11:35,0,0,6.532663,0.2512563,0,86.93467,3.517588,0.2512563,1.2562814
2022-07-15 11:11:34,0,0,10.723192,0.4987531,0,84.78803,2.992519,0.2493766,0.2493766
2022-07-15 11:11:33,0,0,10.918114,0.248139,0,84.61538,2.729529,0.248139,0.9925558
2022-07-15 11:11:32,0,0,12.060302,0.2512563,0,84.67337,2.512563,0.2512563,0.2512563
2022-07-15 11:11:31,0,0,8.415842,0.4950495,0,82.67327,3.465347,0.2475248,3.217822
2022-07-15 11:11:30,0,0,10.723192,0.4987531,0,84.78803,2.992519,0.2493766,0
2022-07-15 11:11:29,0,0,10.301508,0,0,86.68342,2.261307,0.2512563,0.2512563
2022-07-15 11:11:28,0,0,13.715711,0.2493766,0,82.54364,2.992519,0.2493766,0
2022-07-15 11:11:27,0,0,7.537688,0.2512563,0,89.19598,2.512563,0,0.2512563
2022-07-15 11:11:26,0,0,13.432836,0,0,83.33333,2.238806,0.4975124,0.2487562
2022-07-15 11:11:25,0,0,8.521303,0.5012531,0,83.70927,3.258145,0,3.007519
2022-07-15 11:11:24,0,0,7.444169,0.248139,0,86.6005,3.225806,0.248139,1.985112
2022-07-15 11:11:23,0,0,7.304786,0.2518892,0,88.4131,2.770781,0.2518892,0.2518892
2022-07-15 11:11:22,0,0,11.083123,0,0,84.88665,2.518892,0.5037783,0.7556675
2022-07-15 11:11:21,0,0,9.452736,0.4975124,0,87.56219,1.4925373,0.2487562,0.2487562
2022-07-15 11:11:20,0,0,11.809045,0.5025126,0,84.17085,2.763819,0.2512563,0
2022-07-15 11:11:19,0,0,10,0.25,0,85,4,0,0.25
2022-07-15 11:11:18,0,0,10.224439,0,0,85.78554,3.241895,0,0.2493766
2022-07-15 11:11:17,0,0,9.5,0.75,0,85,2.75,0.25,1.5
2022-07-15 11:11:16,0,0,10,0.25,0,86.5,2.5,0,0.5
2022-07-15 11:11:15,0,0,10.696517,0.2487562,0,84.57711,3.731343,0.2487562,0.2487562
2022-07-15 11:11:14,0,0,10.526316,0.2506266,0,85.96491,2.756892,0,0
2022-07-15 11:11:13,0,0,11.970075,0.2493766,0,84.0399,2.743142,0.4987531,0.2493766
2022-07-15 11:11:12,0,0,12.81407,0.2512563,0,79.39698,5.276382,0,2.01005
2022-07-15 11:11:11,0,0,7.425743,0.4950495,0,83.91089,3.712871,0.4950495,3.217822
2022-07-15 11:11:10,0,0,10.25,0.25,0,87.25,2,0.25,0
2022-07-15 11:11:09,0,0,14,0,0,82.5,2.25,0,0.5
2022-07-15 11:11:08,0,0,7.304786,0.2518892,0,85.39043,3.02267,0.2518892,3.02267
2022-07-15 11:11:07,0,0,9.25,0.5,0,84.5,2.75,0.25,2
2022-07-15 11:11:06,0,0,9.975062,0.7481297,0,84.78803,2.743142,0.2493766,1.2468828
2022-07-15 11:11:05,0,0,6.203474,0,0,88.83375,2.233251,0.248139,1.985112
2022-07-15 11:11:04,0,0,14.46384,0.2493766,0,81.04738,3.241895,0.2493766,0.4987531
2022-07-15 11:11:03,0,0,9,0.5,0,82,2.75,0.25,5
2022-07-15 11:11:02,0,0,6.17284,0.7407407,0,82.46914,2.716049,0.4938272,6.419753
2022-07-15 11:11:01,0,0,6.218905,0,0,89.801,1.4925373,0,1.741294
2022-07-15 11:11:00,0,0,13.065327,0.2512563,0,79.64824,4.271357,0.2512563,2.261307
2022-07-15 11:10:59,0,0,5.513784,0,0,89.97494,2.005013,0,2.005013
2022-07-15 11:10:58,0,0,13.647643,0.248139,0,81.63772,2.977667,0,1.2406948
2022-07-15 11:10:57,0,0,7.518797,0.5012531,0,83.70927,2.506266,0.2506266,5.012531
2022-07-15 11:10:56,0,0,6.716418,0.4975124,0,84.57711,2.985075,0.2487562,3.731343
2022-07-15 11:10:55,0,0,8.706468,0.4975124,0,81.8408,2.736318,0.2487562,5.721393
2022-07-15 11:10:54,0,0,8.977556,0.7481297,0,86.78304,2.244389,0,0.7481297
2022-07-15 11:10:53,0,0,8.478803,0.2493766,0,85.03741,2.743142,0.2493766,2.743142
2022-07-15 11:10:52,0,0,10.25,0.25,0,82.75,3,0.25,3
2022-07-15 11:10:51,0,0,7.98005,0.4987531,0,80.798,5.735661,0.4987531,3.491272
2022-07-15 11:10:50,0,0,8,0.25,0,87,2.25,0,2
2022-07-15 11:10:49,0,0,9.75,0,0,86.25,2.5,0.25,0.75
2022-07-15 11:10:48,0,0,9.5,0.5,0,82,3.75,0.25,2.5
2022-07-15 11:10:47,0,0,6.766917,0,0,89.22306,1.754386,0.2506266,1.754386
2022-07-15 11:10:46,0,0,7.960199,0.4975124,0,88.30846,2.238806,0.2487562,0.2487562
2022-07-15 11:10:45,0,0,11,0.25,0,85,2.5,0.25,0.5
2022-07-15 11:10:44,0,0,11.5,0.25,0,84.25,2.75,0.25,0.5
2022-07-15 11:10:43,0,0,9.20398,0.4975124,0,87.31343,2.487562,0.2487562,0
2022-07-15 11:10:42,0,0,11.5,0,0,82,3,0.25,2.5
2022-07-15 11:10:41,0,0,9.25,0,0,86.5,3.25,0.5,0
2022-07-15 11:10:40,0,0,10.25,0,0,87.5,1.75,0.25,0.25
2022-07-15 11:10:39,0,0,11.027569,0.2506266,0,85.21303,2.756892,0,0.2506266
2022-07-15 11:10:38,0,0,10.696517,0.4975124,0,85.8209,1.99005,0.2487562,0.2487562
2022-07-15 11:10:37,0,0,13.032581,0,0,82.20551,2.756892,0.2506266,1.0025063
2022-07-15 11:10:36,0,0,7.25,0,0,88.75,2.5,0.25,0.75
2022-07-15 11:10:35,0,0,10.723192,0.4987531,0,85.03741,2.992519,0.2493766,0
2022-07-15 11:10:34,0,0,10.473815,0.2493766,0,86.53367,1.745636,0.4987531,0.2493766
2022-07-15 11:10:33,0,0,11.779449,0.2506266,0,84.46115,2.255639,0.5012531,0.2506266
2022-07-15 11:10:32,0,0,9.774436,0,0,85.46366,2.756892,0.2506266,1.0025063
2022-07-15 11:10:31,0,0,10.199005,0,0,85.8209,2.736318,0.2487562,0.4975124
2022-07-15 11:10:30,0,0,13.432836,0.2487562,0,81.34328,3.482587,0.2487562,0.9950249
2022-07-15 11:10:29,0,0,8,0.25,0,84,3,0.25,3.75
2022-07-15 11:10:28,0,0,9.42928,0.7444169,0,81.88586,3.473945,0.248139,3.970223
2022-07-15 11:10:27,0,0,8.040201,0.2512563,0,84.42211,2.01005,0.2512563,3.768844
2022-07-15 11:10:26,0,0,8.478803,0.2493766,0,81.79551,2.493766,0.2493766,5.985037
2022-07-15 11:10:25,0,0,6.683168,0.4950495,0,80.69307,3.712871,0.4950495,6.683168
2022-07-15 11:10:24,0,0,6.419753,0.4938272,0,82.96296,3.209877,0.2469136,5.925926
2022-07-15 11:10:23,0,0,10,0,0,85.75,2.75,0,1
2022-07-15 11:10:22,0,0,8.478803,0.2493766,0,83.29177,3.241895,0.2493766,4.488778
2022-07-15 11:10:21,0,0,8.25,0.25,0,83.75,3,0,3
2022-07-15 11:10:20,0,0,8.02005,0.2506266,0,83.70927,3.508772,0.2506266,2.506266
2022-07-15 11:10:19,0,0,9.725686,0.2493766,0,85.28678,2.992519,0,1.4962594
2022-07-15 11:10:18,0,0,8.436725,0.7444169,0,83.62283,2.977667,0.248139,2.977667
2022-07-15 11:10:17,0,0,6.716418,0.7462687,0,84.0796,2.238806,0.2487562,4.975124
2022-07-15 11:10:16,0,0,10.224439,0.7481297,0,83.29177,3.241895,0.2493766,1.745636
2022-07-15 11:10:15,0,0,5.764411,0,0,88.22055,2.255639,0,3.258145
2022-07-15 11:10:14,0,0,9.774436,0.2506266,0,87.46867,2.005013,0,0.2506266
2022-07-15 11:10:13,0,0,11.881188,0.4950495,0,82.42574,3.217822,0.4950495,0.7425743
2022-07-15 11:10:12,0,0,8.229426,0.2493766,0,80.04988,3.491272,0.2493766,6.733167
2022-07-15 11:10:11,0,0,7.960199,0.4975124,0,85.57214,2.238806,0.2487562,2.238806
2022-07-15 11:10:10,0,0,9.226933,0.4987531,0,84.78803,3.241895,0.4987531,1.4962594
2022-07-15 11:10:09,0,0,5.764411,0,0,91.72932,2.005013,0,0.2506266
2022-07-15 11:10:08,0,0,10.80402,0.7537688,0,84.92462,3.266332,0,0
2022-07-15 11:10:07,0,0,9.975062,0.2493766,0,86.28429,2.493766,0.2493766,0.2493766
2022-07-15 11:10:06,0,0,12,1,0,83.25,3.25,0,0.25
2022-07-15 11:10:05,0,0,9.022556,0.2506266,0,86.46617,3.007519,0,0.5012531
2022-07-15 11:10:04,0,0,10.552764,0.7537688,0,85.67839,2.512563,0.2512563,0
2022-07-15 11:10:03,0,0,10.526316,0.2506266,0,85.71429,2.756892,0.2506266,0
2022-07-15 11:10:02,0,0,12.189055,0.7462687,0,80.59701,3.233831,0.2487562,1.99005
2022-07-15 11:10:01,0,0,8.457711,0.2487562,0,83.58209,3.482587,0.2487562,2.238806
2022-07-15 11:10:00,0,0,10.447761,0.7462687,0,84.82587,2.238806,0.2487562,0.4975124
2022-07-15 11:09:59,0,0,11.278195,0.2506266,0,85.21303,2.756892,0.2506266,0
2022-07-15 11:09:58,0,0,11.528822,0.2506266,0,85.46366,2.255639,0.2506266,0
2022-07-15 11:09:57,0,0,11.027569,0.2506266,0,82.70677,3.007519,0.7518797,2.005013
2022-07-15 11:09:56,0,0,9.701493,0.2487562,0,85.8209,2.487562,0.4975124,0.4975124
2022-07-15 11:09:55,0,0,10,0.25,0,86.25,2.5,0.25,0
2022-07-15 11:09:54,0,0,12.030075,0.2506266,0,83.20802,3.007519,0.2506266,0.5012531
2022-07-15 11:09:53,0,0,9.25,0.25,0,87.25,2.5,0.25,0
2022-07-15 11:09:52,0,0,10.526316,0.5012531,0,85.46366,2.506266,0.2506266,0.5012531
2022-07-15 11:09:51,0,0,10.473815,0.7481297,0,84.78803,3.241895,0.2493766,0
2022-07-15 11:09:50,0,0,12.030075,0,0,84.96241,2.255639,0.2506266,0.2506266
2022-07-15 11:09:49,0,0,9.476309,0.2493766,0,84.78803,3.990025,0.2493766,0.2493766
2022-07-15 11:09:48,0,0,13.681592,0.4975124,0,77.36318,3.9801,0.4975124,2.238806
2022-07-15 11:09:47,0,0,7.425743,0.4950495,0,79.9505,2.475248,0.2475248,7.425743
2022-07-15 11:09:46,0,0,5.418719,0.7389163,0,80.04926,2.70936,0.4926108,8.128079
2022-07-15 11:09:45,0,0,8.208955,0.9950249,0,81.09453,2.487562,0.4975124,5.472637
2022-07-15 11:09:44,0,0,7.769424,0.5012531,0,83.70927,3.007519,0.2506266,3.759398
2022-07-15 11:09:43,0,0,8.229426,0.2493766,0,84.28928,2.244389,0.2493766,3.990025
2022-07-15 11:09:42,0,0,6.17284,0.7407407,0,77.77778,2.716049,0.4938272,9.135802
2022-07-15 11:09:41,0,0,5.896806,0.982801,0,79.36118,3.439803,0.2457002,8.108108
2022-07-15 11:09:40,0,0,8.060453,0,0,86.64987,3.02267,0,1.763224
2022-07-15 11:09:39,0,0,5.970149,0.2487562,0,89.801,1.741294,0.2487562,1.2437811
2022-07-15 11:09:38,0,0,12.437811,0.2487562,0,83.33333,2.736318,0.2487562,0.4975124
2022-07-15 11:09:37,0,0,8,0.75,0,80.75,3.25,0.25,5.5
2022-07-15 11:09:36,0,0,5.75,1.25,0,83.25,2.5,0.25,5.75
2022-07-15 11:09:35,0,0,11.5,0,0,85.25,2.5,0.25,0.25
2022-07-15 11:09:34,0,0,7.960199,0.9950249,0,85.32338,1.741294,0.2487562,2.985075
2022-07-15 11:09:33,0,0,6.75,0,0,87.5,2.75,0,2.25
2022-07-15 11:09:32,0,0,8.25,0.5,0,84.5,2.25,0,3.5
2022-07-15 11:09:31,0,0,9.319899,0.2518892,0,86.90176,2.267003,0.2518892,0.5037783
2022-07-15 11:09:30,0,0,8.168317,0.2475248,0,84.65347,3.217822,0.7425743,2.722772
2022-07-15 11:09:29,0,0,10.275689,0.5012531,0,82.95739,2.506266,0,3.258145
2022-07-15 11:09:28,0,0,9.5,0.25,0,85,2.25,0,2.5
2022-07-15 11:09:27,0,0,7.25,0,0,87.25,1.5,0.5,3.5
2022-07-15 11:09:26,0,0,9.226933,0.2493766,0,83.54115,3.740648,0.2493766,1.995012
2022-07-15 11:09:25,0,0,8.5,0.25,0,85.5,3.5,0.25,0.25
2022-07-15 11:09:24,0,0,9.045226,0.2512563,0,87.68844,2.261307,0.5025126,0
2022-07-15 11:09:23,0,0,11.5,0.25,0,85,2.5,0.25,0.25
2022-07-15 11:09:22,0,0,13.151365,0.4962779,0,78.66005,3.970223,0,3.225806
2022-07-15 11:09:21,0,0,10.526316,0.2506266,0,85.21303,2.506266,0.2506266,1.0025063
2022-07-15 11:09:20,0,0,9.158416,0.7425743,0,83.16832,2.475248,0,3.712871
2022-07-15 11:09:19,0,0,6.78392,0,0,86.43216,2.01005,0.5025126,2.763819
2022-07-15 11:09:18,0,0,9.925558,0.248139,0,80.8933,3.970223,0.248139,3.473945
2022-07-15 11:09:17,0,0,5.185185,1.4814815,0,79.50617,1.975309,0.4938272,8.641975
2022-07-15 11:09:16,0,0,8,0.5,0,83.75,2.5,0.25,4
2022-07-15 11:09:15,0,0,5.236908,0.2493766,0,85.03741,2.244389,0,4.738155
2022-07-15 11:09:14,0,0,10,0,0,87.25,2.25,0,0.25
2022-07-15 11:09:13,0,0,10.421836,0.4962779,0,79.40447,4.71464,0.4962779,3.225806
2022-07-15 11:09:12,0,0,8.291457,0.2512563,0,86.1809,2.261307,0.2512563,2.261307
2022-07-15 11:09:11,0,0,9.62963,0.2469136,0,85.18519,2.222222,0,1.728395
2022-07-15 11:09:10,0,0,6.203474,0.4962779,0,78.90819,3.225806,0.248139,6.699752
2022-07-15 11:09:09,0,0,8.457711,0.2487562,0,86.06965,3.482587,0,1.2437811
2022-07-15 11:09:08,0,0,6.75,0.25,0,90.25,1.75,0.25,0.25
2022-07-15 11:09:07,0,0,12,0.25,0,84,3,0.25,0.25
2022-07-15 11:09:06,0,0,9.774436,0,0,86.21554,2.756892,0.2506266,0.5012531
2022-07-15 11:09:05,0,0,10.972569,0.2493766,0,85.53616,2.244389,0.2493766,0.2493766
2022-07-15 11:09:04,0,0,10.972569,0.4987531,0,84.78803,2.992519,0.4987531,0.2493766
2022-07-15 11:09:03,0,0,10.606061,0.2525253,0,86.61616,2.020202,0,0
2022-07-15 11:09:02,0,0,12.935323,0.2487562,0,82.83582,2.238806,0.2487562,0.9950249
2022-07-15 11:09:01,0,0,7.26817,0.2506266,0,88.22055,3.007519,0,0.2506266
2022-07-15 11:09:00,0,0,11.055276,0.2512563,0,85.67839,2.261307,0.2512563,0
2022-07-15 11:08:59,0,0,10.945274,0.4975124,0,85.32338,2.736318,0,0.2487562
2022-07-15 11:08:58,0,0,10.526316,0,0,82.70677,2.756892,0.2506266,0.5012531
2022-07-15 11:08:57,0,0,10.275689,0.2506266,0,82.70677,3.508772,0,2.756892
2022-07-15 11:08:56,0,0,9.181141,0.4962779,0,86.35236,2.977667,0.248139,0.248139
2022-07-15 11:08:55,0,0,11.528822,0.2506266,0,85.46366,2.506266,0,0
2022-07-15 11:08:54,0,0,8.229426,0.2493766,0,86.03491,2.992519,0.4987531,1.745636
2022-07-15 11:08:53,0,0,14.39206,0.248139,0,79.90074,3.225806,0.248139,0.4962779
2022-07-15 11:08:52,0,0,9.476309,0.4987531,0,82.04489,3.241895,0.2493766,3.740648
2022-07-15 11:08:51,0,0,7.901235,0.2469136,0,87.40741,2.962963,0.2469136,0.4938272
2022-07-15 11:08:50,0,0,9.925558,0.248139,0,84.11911,3.225806,0,1.985112
2022-07-15 11:08:49,0,0,6.297229,0,0,86.90176,2.518892,0.2518892,2.770781
2022-07-15 11:08:48,0,0,10.80402,0.2512563,0,86.1809,2.512563,0,0
2022-07-15 11:08:47,0,0,10.224439,0.7481297,0,85.28678,2.743142,0.2493766,0.2493766
2022-07-15 11:08:46,0,0,11.720698,0,0,81.29676,4.239401,0.2493766,1.4962594
2022-07-15 11:08:45,0,0,8.75,0.5,0,88,2.25,0.25,0
2022-07-15 11:08:44,0,0,10.831234,0,0,86.1461,2.267003,0.2518892,0
2022-07-15 11:08:43,0,0,10.421836,0.7444169,0,85.11166,2.48139,0.248139,0.248139
2022-07-15 11:08:42,0,0,12.655087,0.248139,0,83.37469,2.233251,0.248139,0.9925558
2022-07-15 11:08:41,0,0,9.5,0.25,0,82.25,2.75,0,4.25
2022-07-15 11:08:40,0,0,8.25,0.25,0,84.75,2.5,0.25,4
2022-07-15 11:08:39,0,0,5.263158,0.7518797,0,88.97243,2.255639,0.2506266,2.255639
2022-07-15 11:08:38,0,0,10.776942,0.2506266,0,85.71429,2.506266,0.2506266,0.2506266
2022-07-15 11:08:37,0,0,8,0,0,87.75,3,0.25,0.5
2022-07-15 11:08:36,0,0,10.80402,0.5025126,0,85.17588,2.763819,0.2512563,0.2512563
2022-07-15 11:08:35,0,0,11,0.25,0,86,2,0.5,0
2022-07-15 11:08:34,0,0,11.278195,0.2506266,0,83.9599,3.759398,0,0.2506266
2022-07-15 11:08:33,0,0,9,0,0,88.5,1.75,0.25,0.25
2022-07-15 11:08:32,0,0,12.219451,0.2493766,0,84.0399,2.743142,0.2493766,0
2022-07-15 11:08:31,0,0,7.444169,0.248139,0,83.12655,3.225806,0.248139,3.970223
2022-07-15 11:08:30,0,0,10.025063,0.5012531,0,86.71679,2.506266,0,0
2022-07-15 11:08:29,0,0,10.776942,0.2506266,0,86.21554,2.255639,0.2506266,0
2022-07-15 11:08:28,0,0,11,0.25,0,85,2.5,0.25,0
2022-07-15 11:08:27,0,0,10.579345,0,0,86.1461,2.518892,0.2518892,0.2518892
2022-07-15 11:08:26,0,0,11.809045,0,0,83.9196,3.015075,0.5025126,0.2512563
2022-07-15 11:08:25,0,0,9.181141,0.248139,0,86.84864,2.48139,0.248139,0.248139
2022-07-15 11:08:24,0,0,10.526316,0.2506266,0,85.96491,2.506266,0,0.2506266
2022-07-15 11:08:23,0,0,11.111111,0.2525253,0,86.11111,2.525253,0,0
2022-07-15 11:08:22,0,0,10.39604,0.4950495,0,84.65347,2.475248,0.2475248,0.4950495
2022-07-15 11:08:21,0,0,9.798995,0.5025126,0,86.93467,2.261307,0.2512563,0
2022-07-15 11:08:20,0,0,10.776942,0.5012531,0,85.96491,2.255639,0,0
2022-07-15 11:08:19,0,0,10.224439,0.2493766,0,83.54115,2.743142,0.2493766,1.745636
2022-07-15 11:08:18,0,0,10.025063,0.5012531,0,85.46366,3.007519,0.2506266,0
2022-07-15 11:08:17,0,0,10.723192,0,0,85.78554,2.743142,0.2493766,0.2493766
2022-07-15 11:08:16,0,0,11.278195,0.2506266,0,83.9599,2.506266,0.2506266,1.5037594
2022-07-15 11:08:15,0,0,12.776413,0.4914005,0,81.57248,2.702703,0.4914005,1.4742015
2022-07-15 11:08:14,0,0,9.022556,0.5012531,0,80.95238,3.508772,0,4.010025
2022-07-15 11:08:13,0,0,5.940594,0.4950495,0,80.19802,3.217822,0.4950495,7.673267
2022-07-15 11:08:12,0,0,4.987531,0.9975062,0,77.80549,2.244389,0.2493766,9.476309
2022-07-15 11:08:11,0,0,6.75,0.25,0,80.25,2.25,0.25,8.75
2022-07-15 11:08:10,0,0,7.178218,0.7425743,0,81.18812,3.712871,0.4950495,5.693069
2022-07-15 11:08:09,0,0,5.940594,0.990099,0,81.18812,2.227723,0.2475248,7.425743
2022-07-15 11:08:08,0,0,7.26817,0.2506266,0,82.95739,2.255639,0.2506266,5.263158
2022-07-15 11:08:07,0,0,5.513784,0.2506266,0,81.20301,2.756892,0,8.521303
2022-07-15 11:08:06,0,0,9.925558,0.248139,0,82.87841,2.48139,0.4962779,2.977667
2022-07-15 11:08:05,0,0,6.965174,0.4975124,0,81.34328,2.736318,0,6.965174
2022-07-15 11:08:04,0,0,3.75,0.25,0,76.25,2.5,0.5,10
2022-07-15 11:08:03,0,0,10.37037,0.4938272,0,85.18519,2.469136,0.2469136,0.7407407
2022-07-15 11:08:02,0,0,7.518797,0.2506266,0,82.95739,3.508772,0.2506266,4.260652
2022-07-15 11:08:01,0,0,8.457711,0,0,87.81095,2.238806,0.4975124,0.2487562
2022-07-15 11:08:00,0,0,11,0.5,0,84.75,3.25,0.25,0
2022-07-15 11:07:59,0,0,10.5,0,0,86,2.5,0.25,0.25
2022-07-15 11:07:58,0,0,11.221945,0.4987531,0,85.78554,1.995012,0.2493766,0
2022-07-15 11:07:57,0,0,9.181141,0.248139,0,86.35236,2.977667,0.248139,0.248139
2022-07-15 11:07:56,0,0,11.586902,0.2518892,0,84.63476,2.770781,0.2518892,0.2518892
2022-07-15 11:07:55,0,0,11.779449,0.2506266,0,78.69674,7.26817,0,1.5037594
2022-07-15 11:07:54,0,0,7.26817,0,0,86.46617,2.506266,0,3.508772
2022-07-15 11:07:53,0,0,8.72818,0.4987531,0,87.2818,2.244389,0.2493766,0.9975062
2022-07-15 11:07:52,0,0,10.80402,0,0,85.92965,2.261307,0,0.2512563
2022-07-15 11:07:51,0,0,11.278195,0.2506266,0,84.21053,3.007519,0.5012531,0
2022-07-15 11:07:50,0,0,11.528822,0,0,82.70677,3.258145,0,1.754386
2022-07-15 11:07:49,0,0,8.291457,0.2512563,0,87.68844,3.015075,0.2512563,0
2022-07-15 11:07:48,0,0,10.526316,0.2506266,0,85.71429,3.258145,0,0
2022-07-15 11:07:47,0,0,15,0.5,0,80.5,3.25,0.25,0.25
2022-07-15 11:07:46,0,0,8.75,0.25,0,86.75,3,0.25,0.75
2022-07-15 11:07:45,0,0,7.017544,0,0,83.9599,3.508772,0.2506266,3.759398
2022-07-15 11:07:44,0,0,9.226933,0.2493766,0,85.03741,3.740648,0,0.9975062
2022-07-15 11:07:43,0,0,9.975062,0.2493766,0,85.28678,3.990025,0,0
2022-07-15 11:07:42,0,0,10.918114,0,0,84.11911,3.970223,0.248139,0.248139
2022-07-15 11:07:41,0,0,10.224439,0.4987531,0,84.53865,1.995012,0.2493766,1.4962594
2022-07-15 11:07:40,0,0,10.473815,0.2493766,0,85.78554,3.491272,0,0
2022-07-15 11:07:39,0,0,11.278195,0.5012531,0,85.46366,2.255639,0.2506266,0
2022-07-15 11:07:38,0,0,10.723192,0.4987531,0,84.28928,3.241895,0.2493766,0.2493766
2022-07-15 11:07:37,0,0,9.25,0.25,0,86.25,2.75,0,0.75
2022-07-15 11:07:36,0,0,10.473815,0.2493766,0,86.28429,2.493766,0.2493766,0
2022-07-15 11:07:35,0,0,10.526316,0.2506266,0,85.21303,3.508772,0,0
2022-07-15 11:07:34,0,0,11.586902,0,0,80.10076,4.030227,0.5037783,0.5037783
2022-07-15 11:07:33,0,0,12.623762,0.2475248,0,80.69307,4.207921,0.2475248,1.732673
2022-07-15 11:07:32,0,0,7.960199,0.2487562,0,76.86567,3.482587,0.4975124,7.462687
2022-07-15 11:07:31,0,0,4.975124,0.4975124,0,79.85075,2.736318,0.2487562,8.706468
2022-07-15 11:07:30,0,0,5.721393,0.4975124,0,83.58209,2.736318,0.2487562,6.716418
2022-07-15 11:07:29,0,0,6.04534,0,0,90.6801,2.015113,0.2518892,0.2518892
2022-07-15 11:07:28,0,0,10.25,0.25,0,85.5,3.25,0,0.25
2022-07-15 11:07:27,0,0,11,0.25,0,85.5,2.75,0.25,0
2022-07-15 11:07:26,0,0,9.045226,0.2512563,0,81.40704,4.020101,0.2512563,3.768844
2022-07-15 11:07:25,0,0,9.181141,0.248139,0,87.34491,2.977667,0,0.248139
2022-07-15 11:07:24,0,0,10.552764,0.2512563,0,85.17588,3.266332,0,0
2022-07-15 11:07:23,0,0,10.447761,0.2487562,0,84.82587,2.985075,0.2487562,0.2487562
2022-07-15 11:07:22,0,0,11.720698,0.4987531,0,83.29177,3.990025,0,0
2022-07-15 11:07:21,0,0,11.5,0.25,0,84,2.75,0,1
2022-07-15 11:07:20,0,0,10.776942,0.5012531,0,80.45113,4.010025,0.2506266,3.508772
2022-07-15 11:07:19,0,0,9.677419,0.248139,0,81.88586,2.48139,0.4962779,3.970223
2022-07-15 11:07:18,0,0,8.75,0.25,0,84,3,0,2.5
2022-07-15 11:07:17,0,0,6.188119,0.7425743,0,82.17822,2.970297,0.2475248,4.950495
2022-07-15 11:07:16,0,0,8.816121,0.2518892,0,86.1461,2.518892,0.2518892,1.2594458
2022-07-15 11:07:15,0,0,9.226933,0.2493766,0,87.53117,2.244389,0.2493766,0.2493766
2022-07-15 11:07:14,0,0,9.950249,0.4975124,0,81.09453,3.9801,0.2487562,3.482587
2022-07-15 11:07:13,0,0,8,0.25,0,82.5,3.25,0,5.25
2022-07-15 11:07:12,0,0,8.457711,0.2487562,0,83.33333,3.731343,0.2487562,2.985075
2022-07-15 11:07:11,0,0,7.730673,0.7481297,0,83.54115,2.244389,0.2493766,4.738155
2022-07-15 11:07:10,0,0,7.26817,0.2506266,0,83.20802,3.258145,0.2506266,5.012531
2022-07-15 11:07:09,0,0,6.947891,0.248139,0,84.11911,1.4888337,0.4962779,5.210918
2022-07-15 11:07:08,0,0,6.930693,0.7425743,0,85.39604,2.227723,0.2475248,3.465347
2022-07-15 11:07:07,0,0,9.42928,0.7444169,0,83.62283,2.729529,0.248139,2.233251
2022-07-15 11:07:06,0,0,5.793451,0,0,90.6801,2.770781,0,0.5037783
2022-07-15 11:07:05,0,0,11.221945,0.2493766,0,85.03741,2.743142,0.2493766,0
2022-07-15 11:07:04,0,0,10.579345,0,0,86.39798,2.518892,0.2518892,0
2022-07-15 11:07:03,0,0,12.967581,0.2493766,0,83.54115,2.493766,0.2493766,0.2493766
2022-07-15 11:07:02,0,0,12.623762,0.7425743,0,77.9703,3.960396,0.2475248,2.970297
2022-07-15 11:07:01,0,0,6.666667,0.2469136,0,78.02469,2.962963,0.2469136,8.395062
2022-07-15 11:07:00,0,0,7.25,0.25,0,88,2.25,0.25,1.75
2022-07-15 11:06:59,0,0,6.234414,0.4987531,0,90.52369,1.745636,0.2493766,0.4987531
2022-07-15 11:06:58,0,0,10.579345,0.2518892,0,84.13098,3.526448,0.5037783,0.2518892
2022-07-15 11:06:57,0,0,10.972569,0.4987531,0,84.28928,3.241895,0.2493766,0.4987531
2022-07-15 11:06:56,0,0,9.022556,0.2506266,0,87.21805,2.255639,0.2506266,0.5012531
2022-07-15 11:06:55,0,0,11.055276,0,0,86.1809,2.512563,0,0
2022-07-15 11:06:54,0,0,11.25,0.25,0,86,1.75,0,0.25
2022-07-15 11:06:53,0,0,10.776942,0.2506266,0,85.96491,2.255639,0.2506266,0.2506266
2022-07-15 11:06:52,0,0,10.552764,0.2512563,0,85.67839,2.763819,0.2512563,0
2022-07-15 11:06:51,0,0,11.75,0.75,0,82,3.25,0,1.75
2022-07-15 11:06:50,0,0,9.774436,0.5012531,0,84.96241,3.759398,0,0.2506266
2022-07-15 11:06:49,0,0,10.173697,0.248139,0,86.6005,2.48139,0.248139,0
2022-07-15 11:06:48,0,0,10.5,0,0,87,2,0.25,0
2022-07-15 11:06:47,0,0,11.557789,0.2512563,0,84.92462,2.763819,0,0.2512563
2022-07-15 11:06:46,0,0,10.173697,0.248139,0,83.12655,3.225806,0.4962779,2.233251
2022-07-15 11:06:45,0,0,10.526316,0.2506266,0,85.71429,2.756892,0,0.2506266
2022-07-15 11:06:44,0,0,9.90099,0.2475248,0,86.63366,2.475248,0.2475248,0.2475248
2022-07-15 11:06:43,0,0,10.831234,0.5037783,0,84.38287,3.274559,0.5037783,0
2022-07-15 11:06:42,0,0,10.776942,0,0,86.96742,1.754386,0,0.2506266
2022-07-15 11:06:41,0,0,10.80402,0.2512563,0,84.67337,3.015075,0.2512563,0.2512563
2022-07-15 11:06:40,0,0,10.39604,0.2475248,0,85.14851,2.970297,0.4950495,0.2475248
2022-07-15 11:06:39,0,0,12.280702,0,0,84.46115,2.506266,0.2506266,0.2506266
2022-07-15 11:06:38,0,0,9.090909,0.7575758,0,85.60606,3.282828,0,0.5050505
2022-07-15 11:06:37,0,0,9.950249,0.2487562,0,86.31841,2.487562,0.2487562,0
2022-07-15 11:06:36,0,0,10.447761,0.4975124,0,85.8209,2.487562,0.2487562,0.4975124
2022-07-15 11:06:35,0,0,12.562814,0,0,84.92462,1.758794,0.2512563,0
2022-07-15 11:06:34,0,0,9.5,0.25,0,85.75,2.75,0.25,0.5
2022-07-15 11:06:33,0,0,12.468828,0.2493766,0,83.54115,2.992519,0.2493766,0.2493766
2022-07-15 11:06:32,0,0,9,0.5,0,87,2.25,0,1
2022-07-15 11:06:31,0,0,12.967581,0.2493766,0,79.8005,2.743142,0,3.990025
2022-07-15 11:06:30,0,0,5.707196,0.7444169,0,79.15633,2.48139,0.248139,9.925558
2022-07-15 11:06:29,0,0,10.25,0,0,84.75,2.25,0.25,2
2022-07-15 11:06:28,0,0,7.23192,0.4987531,0,85.78554,1.995012,0.2493766,2.244389
2022-07-15 11:06:27,0,0,11.166253,0.248139,0,80.14888,3.225806,0.248139,2.977667
2022-07-15 11:06:26,0,0,7.692308,0.4962779,0,83.37469,4.218362,0,3.225806
2022-07-15 11:06:25,0,0,8.415842,0.4950495,0,81.93069,2.475248,0.4950495,3.960396
2022-07-15 11:06:24,0,0,7.26817,0.5012531,0,88.97243,2.255639,0.2506266,0
2022-07-15 11:06:23,0,0,8,0,0,86.25,2.5,0.5,2
2022-07-15 11:06:22,0,0,9.925558,0.4962779,0,81.63772,4.218362,0,2.48139
2022-07-15 11:06:21,0,0,12.846348,0,0,82.11587,3.02267,0.2518892,1.511335
2022-07-15 11:06:20,0,0,7.481297,0.7481297,0,81.04738,3.491272,0.2493766,5.985037
2022-07-15 11:06:19,0,0,6.982544,0.4987531,0,83.04239,2.244389,0.4987531,5.236908
2022-07-15 11:06:18,0,0,7.98005,0.2493766,0,83.79052,2.493766,0.2493766,4.488778
2022-07-15 11:06:17,0,0,7.98005,0.2493766,0,85.78554,2.244389,0.2493766,2.743142
2022-07-15 11:06:16,0,0,5.25,0,0,91,1.25,0.25,2
2022-07-15 11:06:15,0,0,13.118812,0.7425743,0,80.19802,3.217822,0.2475248,1.732673
2022-07-15 11:06:14,0,0,8.75,0.25,0,83.75,3.25,0.25,2.75
2022-07-15 11:06:13,0,0,10.447761,0,0,84.32836,2.238806,0.2487562,1.99005
2022-07-15 11:06:12,0,0,5.955335,0.7444169,0,80.39702,2.233251,0.4962779,7.940447
2022-07-15 11:06:11,0,0,7.654321,0.4938272,0,82.22222,2.469136,0.4938272,4.691358
2022-07-15 11:06:10,0,0,9.798995,0.5025126,0,83.66834,3.015075,0,2.261307
2022-07-15 11:06:09,0,0,7.23192,0.7481297,0,86.53367,1.995012,0,1.2468828
2022-07-15 11:06:08,0,0,6.930693,0.2475248,0,89.35644,2.722772,0.2475248,0.2475248
2022-07-15 11:06:07,0,0,15.288221,0.5012531,0,80.2005,3.258145,0.2506266,0.2506266
2022-07-15 11:06:06,0,0,8.457711,0.4975124,0,78.85572,2.736318,0,7.462687
2022-07-15 11:06:05,0,0,5.513784,0.2506266,0,90.47619,1.754386,0.2506266,1.0025063
2022-07-15 11:06:04,0,0,14.676617,0,0,80.0995,3.482587,0.2487562,0.9950249
2022-07-15 11:06:03,0,0,6.265664,0.2506266,0,84.21053,3.007519,0,5.513784
2022-07-15 11:06:02,0,0,7.881773,0.7389163,0,81.28079,2.216749,0.7389163,6.650246
2022-07-15 11:06:01,0,0,7.518797,0.2506266,0,82.45614,2.255639,0,6.516291
2022-07-15 11:06:00,0,0,7.462687,0.2487562,0,84.32836,2.985075,0.2487562,3.731343
2022-07-15 11:05:59,0,0,8.955224,0.4975124,0,84.82587,2.238806,0.2487562,2.238806
2022-07-15 11:05:58,0,0,7.21393,0.9950249,0,80.34826,2.736318,0.2487562,4.975124
2022-07-15 11:05:57,0,0,4.726368,0.2487562,0,76.86567,3.233831,0.2487562,10.447761
2022-07-15 11:05:56,0,0,8.02005,0.5012531,0,85.71429,3.007519,0.2506266,2.255639
2022-07-15 11:05:55,0,0,8.706468,0.2487562,0,87.06468,1.741294,0.2487562,1.4925373
2022-07-15 11:05:54,0,0,10.526316,0.2506266,0,81.20301,2.756892,0.2506266,4.010025
2022-07-15 11:05:53,0,0,8.457711,0.2487562,0,87.56219,1.741294,0.4975124,0.7462687
2022-07-15 11:05:52,0,0,9.181141,0.4962779,0,84.36725,2.48139,0.248139,2.729529
2022-07-15 11:05:51,0,0,5.541562,0.2518892,0,86.90176,3.02267,0.2518892,3.274559
2022-07-15 11:05:50,0,0,14.640199,0.4962779,0,79.90074,3.722084,0.248139,0.4962779
2022-07-15 11:05:49,0,0,5.445545,0.7425743,0,72.52475,2.722772,0.2475248,15.09901
2022-07-15 11:05:48,0,0,7.425743,1.2376238,0,80.94059,2.475248,0.2475248,5.19802
2022-07-15 11:05:47,0,0,7.23192,0.4987531,0,80.04988,4.488778,0.2493766,5.486284
2022-07-15 11:05:46,0,0,6.030151,0.5025126,0,77.88945,2.763819,1.0050251,8.291457
2022-07-15 11:05:45,0,0,7.481297,0.2493766,0,88.52868,2.244389,0,0.9975062
2022-07-15 11:05:44,0,0,6.5,0,0,91.25,1.5,0,0.5
2022-07-15 11:05:43,0,0,10.275689,0.5012531,0,86.46617,2.005013,0.5012531,0
2022-07-15 11:05:42,0,0,10.945274,0.2487562,0,85.32338,2.736318,0.2487562,0
2022-07-15 11:05:41,0,0,10.945274,0.2487562,0,84.57711,2.736318,0.2487562,0.4975124
2022-07-15 11:05:40,0,0,15.326633,0.2512563,0,78.89447,4.020101,0,1.2562814
2022-07-15 11:05:39,0,0,7.444169,0.4962779,0,83.87097,2.729529,0.4962779,3.970223
2022-07-15 11:05:38,0,0,6.75,0,0,86.25,3,0.25,3
2022-07-15 11:05:37,0,0,9.701493,0.2487562,0,83.08458,3.482587,0,2.985075
2022-07-15 11:05:36,0,0,8.5,0.25,0,85.25,2.75,0,3
2022-07-15 11:05:35,0,0,9.653465,0.2475248,0,81.68317,3.712871,0.4950495,3.712871
2022-07-15 11:05:34,0,0,6.947891,0.4962779,0,81.14144,2.729529,0.248139,6.699752
2022-07-15 11:05:33,0,0,5.5,0.75,0,79.25,3,0.25,10.25
2022-07-15 11:05:32,0,0,9,0.75,0,83.25,2.5,0,3.75
2022-07-15 11:05:31,0,0,6.965174,0.2487562,0,89.55224,1.741294,0.2487562,0.9950249
2022-07-15 11:05:30,0,0,13.216958,0.2493766,0,81.79551,2.493766,0.2493766,1.745636
2022-07-15 11:05:29,0,0,6.766917,0.2506266,0,86.96742,1.754386,0.5012531,2.756892
2022-07-15 11:05:28,0,0,9.547739,0.2512563,0,84.67337,3.015075,0,2.01005
2022-07-15 11:05:27,0,0,8.436725,0.248139,0,83.37469,4.466501,0.248139,2.233251
2022-07-15 11:05:26,0,0,7.75,0.5,0,88,2.75,0.25,0.25
2022-07-15 11:05:25,0,0,10.473815,0.4987531,0,85.53616,2.743142,0.2493766,0.2493766
2022-07-15 11:05:24,0,0,11.940299,0.2487562,0,83.33333,3.233831,0.2487562,0.7462687
2022-07-15 11:05:23,0,0,9.925558,0.248139,0,82.63027,3.225806,0.248139,2.729529
2022-07-15 11:05:22,0,0,8.080808,0.2525253,0,86.61616,2.272727,0,1.767677
2022-07-15 11:05:21,0,0,8.77193,0.2506266,0,86.96742,2.756892,0.2506266,0.2506266
2022-07-15 11:05:20,0,0,10.75,0,0,85.75,2.5,0.25,0
2022-07-15 11:05:19,0,0,10.80402,0.2512563,0,86.1809,2.261307,0,0
2022-07-15 11:05:18,0,0,10.723192,0.2493766,0,85.78554,2.493766,0.2493766,0.2493766
2022-07-15 11:05:17,0,0,10.526316,0.5012531,0,85.21303,3.007519,0.2506266,0
2022-07-15 11:05:16,0,0,11.809045,0,0,83.9196,3.266332,0.5025126,0.2512563
2022-07-15 11:05:15,0,0,13.098237,0,0,80.35264,4.534005,0.2518892,1.511335
2022-07-15 11:05:14,0,0,9.20398,0.4975124,0,82.08955,3.233831,0.2487562,3.731343
2022-07-15 11:05:13,0,0,9.296482,0.2512563,0,87.43719,2.261307,0.2512563,0
2022-07-15 11:05:12,0,0,8.457711,0.4975124,0,87.06468,2.238806,0,1.4925373
2022-07-15 11:05:11,0,0,9.975062,0.2493766,0,82.29426,2.992519,0,3.990025
2022-07-15 11:05:10,0,0,7.444169,0.9925558,0,81.38958,3.473945,0,5.955335
2022-07-15 11:05:09,0,0,9.5,0.25,0,84.75,2.75,0.25,1.75
2022-07-15 11:05:08,0,0,9.226933,0.4987531,0,85.28678,1.745636,0.7481297,2.244389
2022-07-15 11:05:07,0,0,7,0,0,84.75,2,0.25,5.25
2022-07-15 11:05:06,0,0,6.896552,0.7389163,0,82.26601,2.955665,0.4926108,5.91133
2022-07-15 11:05:05,0,0,6.234414,0.4987531,0,81.79551,1.995012,0,7.481297
2022-07-15 11:05:04,0,0,8.521303,0.2506266,0,87.96992,2.005013,0.2506266,0.7518797
2022-07-15 11:05:03,0,0,9.405941,0.7425743,0,77.9703,3.465347,0.4950495,6.188119
2022-07-15 11:05:02,0,0,5.778894,0.2512563,0,85.92965,1.758794,0.2512563,5.025126
2022-07-15 11:05:01,0,0,9,0.25,0,83.5,3.5,0,3.5
2022-07-15 11:05:00,0,0,9.452736,0,0,85.07463,2.238806,0,2.736318
2022-07-15 11:04:59,0,0,9.045226,0.2512563,0,86.68342,3.266332,0,0.5025126
2022-07-15 11:04:58,0,0,8.229426,0.2493766,0,84.28928,2.493766,0.2493766,3.990025
2022-07-15 11:04:57,0,0,9.1133,0.4926108,0,82.0197,2.955665,0.4926108,4.187192
2022-07-15 11:04:56,0,0,8.5,0.5,0,83,2.25,0.25,5
2022-07-15 11:04:55,0,0,6.516291,0.2506266,0,87.96992,2.255639,0,2.255639
2022-07-15 11:04:54,0,0,11.662531,0.248139,0,83.12655,2.977667,0.248139,1.2406948
2022-07-15 11:04:53,0,0,8.62069,1.2315271,0,80.78818,2.70936,0.4926108,4.679803
2022-07-15 11:04:52,0,0,4.477612,0.7462687,0,75.62189,3.233831,0.2487562,11.940299
2022-07-15 11:04:51,0,0,6.965174,0.2487562,0,86.81592,2.985075,0.2487562,1.99005
2022-07-15 11:04:50,0,0,10,0.5,0,83.25,3,0.25,2.75
2022-07-15 11:04:49,0,0,5.970149,0.2487562,0,91.54229,1.2437811,0.2487562,0.4975124
2022-07-15 11:04:48,0,0,11.691542,0.4975124,0,81.34328,2.487562,0.2487562,2.736318
2022-07-15 11:04:47,0,0,11.306533,0,0,83.16583,3.266332,0.2512563,1.2562814
2022-07-15 11:04:46,0,0,7.017544,0.2506266,0,88.97243,2.506266,0.2506266,0.7518797
2022-07-15 11:04:45,0,0,9.677419,0.248139,0,85.85608,2.729529,0.248139,0.7444169
2022-07-15 11:04:44,0,0,12.25,0.5,0,83.5,3,0.25,0.25
2022-07-15 11:04:43,0,0,10.275689,0,0,83.9599,3.508772,0.2506266,1.2531328
2022-07-15 11:04:42,0,0,7.711443,0.2487562,0,84.82587,2.238806,0.4975124,2.985075
2022-07-15 11:04:41,0,0,9.75,0.25,0,84,2.25,0,3
2022-07-15 11:04:40,0,0,5.472637,0.7462687,0,81.59204,2.238806,0.4975124,8.208955
2022-07-15 11:04:39,0,0,7.960199,0.2487562,0,88.0597,2.238806,0.2487562,0.2487562
2022-07-15 11:04:38,0,0,10.5,0.25,0,86.5,2.25,0,0.25
2022-07-15 11:04:37,0,0,10.526316,0,0,86.46617,2.756892,0,0
2022-07-15 11:04:36,0,0,12.594458,0.2518892,0,82.36776,3.526448,0.5037783,0
2022-07-15 11:04:35,0,0,9.452736,0.4975124,0,83.08458,2.736318,0.2487562,2.736318
2022-07-15 11:04:34,0,0,8.706468,0.2487562,0,83.58209,3.9801,0.2487562,2.487562
2022-07-15 11:04:33,0,0,8.77193,0.5012531,0,87.7193,2.005013,0.5012531,0
2022-07-15 11:04:32,0,0,10.776942,0.2506266,0,86.46617,2.255639,0,0
2022-07-15 11:04:31,0,0,10.301508,0,0,85.42714,2.763819,0.2512563,0.5025126
2022-07-15 11:04:30,0,0,11,0.25,0,84.25,3.75,0.25,0
2022-07-15 11:04:29,0,0,10.643564,0.4950495,0,85.39604,2.970297,0,0.2475248
2022-07-15 11:04:28,0,0,9.848485,0.5050505,0,83.08081,3.535354,0.2525253,1.010101
2022-07-15 11:04:27,0,0,9.5,0.25,0,87.5,2,0.25,0.25
2022-07-15 11:04:26,0,0,15.25,0.5,0,80,3.75,0.25,0.25
2022-07-15 11:04:25,0,0,7.901235,0.2469136,0,82.71605,2.962963,0.2469136,5.185185
2022-07-15 11:04:24,0,0,7.481297,0.2493766,0,88.77805,1.995012,0.2493766,0.7481297
2022-07-15 11:04:23,0,0,8.883249,0.2538071,0,86.80203,3.045685,0,0.2538071
2022-07-15 11:04:22,0,0,11.881188,0.2475248,0,82.42574,3.960396,0,0.7425743
2022-07-15 11:04:21,0,0,12.562814,0,0,83.41709,3.266332,0,0.2512563
2022-07-15 11:04:20,0,0,12.437811,0.7462687,0,81.59204,1.99005,0.4975124,1.99005
2022-07-15 11:04:19,0,0,4.411765,0.7352941,0,76.71569,3.431373,0.245098,11.519608
2022-07-15 11:04:18,0,0,5.223881,0.9950249,0,80.59701,2.487562,0,8.208955
2022-07-15 11:04:17,0,0,8.02005,0.2506266,0,79.44862,2.506266,0.5012531,7.017544
2022-07-15 11:04:16,0,0,3.491272,0.7481297,0,73.06733,2.743142,0.2493766,13.715711
2022-07-15 11:04:15,0,0,7.960199,0.4975124,0,85.8209,2.487562,0,2.238806
2022-07-15 11:04:14,0,0,8.888889,0.2469136,0,80.49383,2.716049,0.2469136,5.925926
2022-07-15 11:04:13,0,0,3.960396,0.2475248,0,76.9802,3.465347,0.2475248,12.376238
2022-07-15 11:04:12,0,0,9.452736,0.4975124,0,83.83085,2.736318,0,2.238806
2022-07-15 11:04:11,0,0,5.970149,0.4975124,0,85.07463,2.487562,0.2487562,3.482587
2022-07-15 11:04:10,0,0,11.528822,0.2506266,0,83.70927,3.258145,0.5012531,0.5012531
2022-07-15 11:04:09,0,0,11.221945,0.7481297,0,82.79302,2.493766,0.4987531,1.995012
2022-07-15 11:04:08,0,0,8.457711,0.4975124,0,85.07463,2.985075,0,2.487562
2022-07-15 11:04:07,0,0,8,0.5,0,83.75,2.75,0.25,4.25
2022-07-15 11:04:06,0,0,7.178218,0.7425743,0,80.94059,2.722772,0.4950495,6.683168
2022-07-15 11:04:05,0,0,5.940594,0.990099,0,79.45545,3.217822,0,7.425743
2022-07-15 11:04:04,0,0,6.516291,0.2506266,0,79.19799,3.759398,0.2506266,6.516291
2022-07-15 11:04:03,0,0,9.25,0.5,0,85.25,2.5,0.5,1.25
2022-07-15 11:04:02,0,0,8.436725,0.4962779,0,83.87097,2.48139,0,3.970223
2022-07-15 11:04:01,0,0,7.98005,0.7481297,0,81.29676,2.493766,0.4987531,6.733167
2022-07-15 11:04:00,0,0,8.955224,0.2487562,0,87.31343,1.741294,0.4975124,0.9950249
2022-07-15 11:03:59,0,0,8.79397,0,0,87.18593,3.015075,0.2512563,0
2022-07-15 11:03:58,0,0,11.25,0.25,0,82.25,3.75,0,2.25
2022-07-15 11:03:57,0,0,9.5,0.25,0,87,2.25,0.25,0.25
2022-07-15 11:03:56,0,0,15.25,0.25,0,81,2.5,0.5,0.25
2022-07-15 11:03:55,0,0,7.730673,0.4987531,0,82.04489,2.743142,0,5.985037
2022-07-15 11:03:54,0,0,8.72818,0.2493766,0,85.78554,2.992519,0.2493766,1.4962594
2022-07-15 11:03:53,0,0,7.711443,0.4975124,0,84.82587,2.487562,0.2487562,2.985075
2022-07-15 11:03:52,0,0,6.203474,0.4962779,0,84.11911,2.729529,0.248139,4.466501
2022-07-15 11:03:51,0,0,8.585859,0.2525253,0,87.62626,2.020202,0.5050505,0.2525253
2022-07-15 11:03:50,0,0,10.723192,0.4987531,0,85.28678,2.743142,0.2493766,0.2493766
2022-07-15 11:03:49,0,0,10.025063,0,0,86.21554,2.756892,0.5012531,0
2022-07-15 11:03:48,0,0,11.221945,0.4987531,0,81.54613,4.488778,0,1.745636
2022-07-15 11:03:47,0,0,9.226933,0.4987531,0,87.2818,2.244389,0,0.2493766
2022-07-15 11:03:46,0,0,12.060302,0.2512563,0,83.9196,3.015075,0,0
2022-07-15 11:03:45,0,0,8.955224,0.2487562,0,86.81592,2.238806,0.2487562,0.9950249
2022-07-15 11:03:44,0,0,11.027569,0,0,85.71429,2.756892,0,0
2022-07-15 11:03:43,0,0,11.25,0.25,0,86,2.25,0,0
2022-07-15 11:03:42,0,0,14.108911,0.7425743,0,82.17822,1.980198,0.2475248,0.2475248
2022-07-15 11:03:41,0,0,7.75,0.25,0,86.75,3.25,0,1.75
2022-07-15 11:03:40,0,0,8.229426,0.4987531,0,84.53865,2.992519,0,2.743142
2022-07-15 11:03:39,0,0,8.79397,0.2512563,0,86.93467,2.763819,0.5025126,0.2512563
2022-07-15 11:03:38,0,0,10.552764,0.2512563,0,86.93467,1.5075377,0.2512563,0
2022-07-15 11:03:37,0,0,10.696517,0.4975124,0,86.31841,1.4925373,0.4975124,0.2487562
2022-07-15 11:03:36,0,0,11.720698,0.2493766,0,83.54115,3.491272,0.2493766,0.2493766
2022-07-15 11:03:35,0,0,12.060302,0.5025126,0,82.41206,2.01005,0.2512563,2.512563
2022-07-15 11:03:34,0,0,6.188119,0.4950495,0,87.87129,2.227723,0.2475248,1.732673
2022-07-15 11:03:33,0,0,7.788945,0,0,86.43216,2.763819,0.2512563,2.261307
2022-07-15 11:03:32,0,0,12.871287,0.2475248,0,83.41584,2.722772,0.4950495,0
2022-07-15 11:03:31,0,0,9.273183,0.5012531,0,82.95739,2.756892,0,3.508772
2022-07-15 11:03:30,0,0,7.26817,0,0,85.71429,2.005013,0.2506266,4.511278
2022-07-15 11:03:29,0,0,9.296482,0,0,85.42714,3.768844,0.2512563,0.5025126
2022-07-15 11:03:28,0,0,10.473815,0.4987531,0,84.0399,3.740648,0,0.2493766
2022-07-15 11:03:27,0,0,9.476309,0,0,87.53117,2.244389,0.2493766,0.2493766
2022-07-15 11:03:26,0,0,9.725686,0.4987531,0,83.29177,2.244389,0.2493766,0.2493766
2022-07-15 11:03:25,0,0,11.442786,0.2487562,0,85.32338,2.238806,0.2487562,0.4975124
2022-07-15 11:03:24,0,0,9.113924,0.5063291,0,86.32911,2.78481,0,0.5063291
2022-07-15 11:03:23,0,0,10.696517,0.2487562,0,85.57214,2.985075,0.4975124,0
2022-07-15 11:03:22,0,0,11.809045,0.5025126,0,84.42211,2.01005,0.2512563,0.2512563
2022-07-15 11:03:21,0,0,9.42928,0.248139,0,86.10422,2.729529,0,0.7444169
2022-07-15 11:03:20,0,0,10.473815,0.2493766,0,85.78554,2.743142,0.2493766,0
2022-07-15 11:03:19,0,0,11.278195,0.5012531,0,83.9599,3.007519,0.5012531,0.2506266
2022-07-15 11:03:18,0,0,10.776942,0.2506266,0,85.96491,2.506266,0.2506266,0
2022-07-15 11:03:17,0,0,12.562814,0.2512563,0,83.66834,2.512563,0.2512563,0.2512563
2022-07-15 11:03:16,0,0,9.226933,0.2493766,0,86.53367,2.992519,0.2493766,0
2022-07-15 11:03:15,0,0,9.5,0.25,0,86.5,2.25,0.5,0.75
2022-07-15 11:03:14,0,0,9.774436,0.5012531,0,85.71429,3.258145,0,0.2506266
2022-07-15 11:03:13,0,0,12.311558,0,0,84.17085,3.266332,0,0.2512563
2022-07-15 11:03:12,0,0,8.977556,0.2493766,0,86.28429,2.493766,0.2493766,0.4987531
2022-07-15 11:03:11,0,0,10.275689,0.5012531,0,85.21303,2.756892,0,0
2022-07-15 11:03:10,0,0,12.158809,0.248139,0,83.37469,3.225806,0.4962779,0.248139
2022-07-15 11:03:09,0,0,8.208955,0.2487562,0,85.32338,3.482587,0.2487562,1.741294
2022-07-15 11:03:08,0,0,10.199005,0.2487562,0,85.57214,2.985075,0.4975124,0.2487562
2022-07-15 11:03:07,0,0,11.838791,0.2518892,0,84.63476,2.518892,0,0
2022-07-15 11:03:06,0,0,14.962594,0.2493766,0,80.29925,3.241895,0.4987531,0.2493766
2022-07-15 11:03:05,0,0,8.188586,0.248139,0,79.65261,3.970223,0.248139,6.699752
2022-07-15 11:03:04,0,0,5.693069,0.2475248,0,87.37624,3.217822,0.4950495,2.227723
2022-07-15 11:03:03,0,0,8.977556,0.2493766,0,87.78055,1.995012,0.2493766,0.2493766
2022-07-15 11:03:02,0,0,10.723192,0.2493766,0,85.53616,2.493766,0.2493766,0.2493766
2022-07-15 11:03:01,0,0,11.471322,0.2493766,0,84.78803,2.743142,0.2493766,0
2022-07-15 11:03:00,0,0,9.226933,0.2493766,0,85.53616,3.491272,0.4987531,0.2493766
2022-07-15 11:02:59,0,0,11.221945,0.2493766,0,84.53865,3.241895,0,0.2493766
2022-07-15 11:02:58,0,0,12.030075,0.2506266,0,83.9599,3.007519,0.2506266,0.2506266
2022-07-15 11:02:57,0,0,8.060453,0.5037783,0,85.39043,2.770781,0.5037783,1.763224
2022-07-15 11:02:56,0,0,10.353535,0.2525253,0,85.60606,3.535354,0,0
2022-07-15 11:02:55,0,0,9.975062,0.7481297,0,84.28928,2.743142,0.2493766,1.745636
2022-07-15 11:02:54,0,0,10.918114,0,0,84.36725,3.473945,0.248139,0.248139
2022-07-15 11:02:53,0,0,11.25,0.5,0,83.5,3.5,0.25,0.25
2022-07-15 11:02:52,0,0,9.547739,0,0,87.18593,2.512563,0.5025126,0
2022-07-15 11:02:51,0,0,10.75,0.25,0,84.75,3.25,0.25,0.25
2022-07-15 11:02:50,0,0,12,0.5,0,81.75,3.5,0.25,1.75
2022-07-15 11:02:49,0,0,9.547739,0.2512563,0,87.43719,2.261307,0,0.2512563
2022-07-15 11:02:48,0,0,9.476309,0.2493766,0,87.03242,1.995012,0.2493766,0
2022-07-15 11:02:47,0,0,10.831234,0.5037783,0,85.39043,2.518892,0.2518892,0
2022-07-15 11:02:46,0,0,11.5,0.25,0,84,3,0.25,0.25
2022-07-15 11:02:45,0,0,9.25,0.5,0,85.75,2.75,0.25,1
2022-07-15 11:02:44,0,0,10.696517,0.2487562,0,86.06965,2.487562,0,0.2487562
2022-07-15 11:02:43,0,0,12.903226,0.248139,0,81.63772,3.225806,0.248139,1.2406948
2022-07-15 11:02:42,0,0,7.556675,0,0,89.16877,2.770781,0,0.2518892
2022-07-15 11:02:41,0,0,8.72818,0.2493766,0,85.28678,2.493766,0.2493766,1.4962594
2022-07-15 11:02:40,0,0,10.075567,0.5037783,0,85.64232,2.770781,0.2518892,0
2022-07-15 11:02:39,0,0,11.557789,0.2512563,0,82.66332,3.768844,0.5025126,0.5025126
2022-07-15 11:02:38,0,0,8.955224,0.2487562,0,86.06965,3.233831,0.4975124,0.2487562
2022-07-15 11:02:37,0,0,12,0,0,83.5,3.75,0.25,0.25
2022-07-15 11:02:36,0,0,12.030075,0.2506266,0,82.45614,2.756892,0.2506266,1.754386
2022-07-15 11:02:35,0,0,7.23192,0.4987531,0,84.28928,2.244389,0,4.488778
2022-07-15 11:02:34,0,0,8.684864,0.248139,0,80.39702,4.218362,0.4962779,4.218362
2022-07-15 11:02:33,0,0,7.25,0.5,0,85.5,2.5,0,3.75
2022-07-15 11:02:32,0,0,7.940447,0.4962779,0,80.64516,2.977667,0.4962779,6.203474
2022-07-15 11:02:31,0,0,8.75,0.25,0,84.5,2.75,0.25,2.25
2022-07-15 11:02:30,0,0,8.229426,0.4987531,0,81.54613,5.236908,0,3.740648
2022-07-15 11:02:29,0,0,5.472637,0.9950249,0,80.59701,2.238806,0,8.955224
2022-07-15 11:02:28,0,0,6.716418,0,0,87.31343,2.487562,0.2487562,2.985075
2022-07-15 11:02:27,0,0,10.275689,0.5012531,0,81.70426,4.511278,0,2.255639
2022-07-15 11:02:26,0,0,7.444169,0.4962779,0,84.61538,2.233251,0,4.71464
2022-07-15 11:02:25,0,0,6.666667,0.2469136,0,77.53086,4.938272,0.2469136,9.382716
2022-07-15 11:02:24,0,0,7.940447,1.2406948,0,82.38213,1.736973,0.248139,5.459057
2022-07-15 11:02:23,0,0,5.940594,0.4950495,0,79.20792,2.970297,0.4950495,7.178218
2022-07-15 11:02:22,0,0,8.02005,0.2506266,0,86.71679,2.255639,0.2506266,2.005013
2022-07-15 11:02:21,0,0,8.933002,0.4962779,0,83.62283,2.977667,0,3.225806
2022-07-15 11:02:20,0,0,8.457711,0.4975124,0,86.31841,2.736318,0.2487562,1.4925373
2022-07-15 11:02:19,0,0,8.706468,0.2487562,0,86.31841,2.985075,0,1.4925373
2022-07-15 11:02:18,0,0,7.462687,0.2487562,0,85.8209,2.985075,0.2487562,2.736318
2022-07-15 11:02:17,0,0,6.483791,0.4987531,0,81.79551,2.992519,0.4987531,6.733167
2022-07-15 11:02:16,0,0,11.221945,0.2493766,0,85.28678,2.493766,0.2493766,0
2022-07-15 11:02:15,0,0,9.20398,0.2487562,0,86.31841,2.985075,0.2487562,0.2487562
2022-07-15 11:02:14,0,0,12.121212,0.2525253,0,84.34343,2.272727,0.2525253,0.2525253
2022-07-15 11:02:13,0,0,8.5,0.25,0,87.5,2.5,0.25,0.25
2022-07-15 11:02:12,0,0,12.967581,0,0,83.79052,2.244389,0.4987531,0
2022-07-15 11:02:11,0,0,12.562814,0.5025126,0,81.15578,2.512563,0,2.763819
2022-07-15 11:02:10,0,0,9.06801,0.2518892,0,85.39043,3.274559,0.2518892,1.511335
2022-07-15 11:02:09,0,0,9.701493,0.2487562,0,84.57711,3.482587,0,1.4925373
2022-07-15 11:02:08,0,0,5.5,0.5,0,83.75,2.5,0.25,6.5
2022-07-15 11:02:07,0,0,8.706468,0.2487562,0,84.82587,2.487562,0.2487562,2.487562
2022-07-15 11:02:06,0,0,6.04534,0,0,91.93955,1.511335,0,0.2518892
2022-07-15 11:02:05,0,0,9.90099,0.2475248,0,83.41584,2.970297,0.2475248,1.2376238
2022-07-15 11:02:04,0,0,9.774436,0.5012531,0,80.45113,4.010025,0.5012531,3.258145
2022-07-15 11:02:03,0,0,7.692308,0,0,87.34491,2.977667,0.4962779,0.248139
2022-07-15 11:02:02,0,0,11.5,0.25,0,84.75,3,0.25,0
2022-07-15 11:02:01,0,0,8.542714,0,0,86.93467,2.261307,0.5025126,0.2512563
2022-07-15 11:02:00,0,0,10.5,0.25,0,86,2.75,0.25,0
2022-07-15 11:01:59,0,0,10.447761,0.2487562,0,85.8209,2.487562,0.2487562,0.4975124
2022-07-15 11:01:58,0,0,11.25,0.25,0,85,2.75,0,0
2022-07-15 11:01:57,0,0,9.547739,0.2512563,0,87.43719,2.01005,0.2512563,0
2022-07-15 11:01:56,0,0,11.25,0,0,85.75,2.25,0.25,0.25
2022-07-15 11:01:55,0,0,10.5,0.25,0,86.25,2.25,0.5,0
2022-07-15 11:01:54,0,0,10.327456,0,0,84.88665,2.770781,0.2518892,1.0075567
2022-07-15 11:01:53,0,0,12.406948,0.248139,0,82.87841,3.722084,0,0.4962779
2022-07-15 11:01:52,0,0,9.774436,0.2506266,0,84.96241,3.759398,0.2506266,0.5012531
2022-07-15 11:01:51,0,0,9.343434,0.2525253,0,86.61616,3.030303,0,0
2022-07-15 11:01:50,0,0,11.386139,0.7425743,0,82.17822,3.960396,0.4950495,0.2475248
2022-07-15 11:01:49,0,0,8.977556,0.4987531,0,87.03242,2.743142,0,0.4987531
2022-07-15 11:01:48,0,0,10.696517,0.4975124,0,86.06965,2.238806,0.2487562,0
2022-07-15 11:01:47,0,0,10.552764,0,0,85.92965,2.512563,0.2512563,0.2512563
2022-07-15 11:01:46,0,0,11.5,0.5,0,83,3.5,0.25,0.25
2022-07-15 11:01:45,0,0,9.547739,0.5025126,0,86.43216,3.015075,0,0
2022-07-15 11:01:44,0,0,10.945274,0.4975124,0,85.07463,2.487562,0.4975124,0.2487562
2022-07-15 11:01:43,0,0,11,0,0,85.75,2.5,0.25,0
2022-07-15 11:01:42,0,0,10.447761,0.7462687,0,85.57214,2.985075,0,0.2487562
2022-07-15 11:01:41,0,0,12.311558,0.5025126,0,82.66332,3.266332,0.2512563,0
2022-07-15 11:01:40,0,0,9.774436,0.2506266,0,85.46366,3.007519,0.2506266,0.2506266
2022-07-15 11:01:39,0,0,8.955224,0.4975124,0,85.07463,3.731343,0.2487562,0.4975124
2022-07-15 11:01:38,0,0,11.809045,0.2512563,0,82.91457,3.517588,0.2512563,0.2512563
2022-07-15 11:01:37,0,0,8.478803,0.2493766,0,89.02743,1.745636,0.2493766,0
2022-07-15 11:01:36,0,0,10.473815,0.2493766,0,85.28678,3.241895,0.2493766,0.2493766
2022-07-15 11:01:35,0,0,10.552764,0.2512563,0,84.67337,4.271357,0,0
2022-07-15 11:01:34,0,0,10.80402,0.2512563,0,83.66834,3.768844,0,1.0050251
2022-07-15 11:01:33,0,0,9.950249,0.2487562,0,86.31841,2.238806,0.7462687,0
2022-07-15 11:01:32,0,0,10.831234,0.5037783,0,85.13854,2.770781,0.2518892,0.2518892
2022-07-15 11:01:31,0,0,10.327456,0,0,85.64232,2.518892,0.2518892,0.2518892
2022-07-15 11:01:30,0,0,10.696517,0,0,85.8209,2.736318,0.2487562,0.2487562
2022-07-15 11:01:29,0,0,11.838791,0.2518892,0,79.0932,2.770781,0.2518892,5.037783
2022-07-15 11:01:28,0,0,9.701493,0.4975124,0,85.32338,2.238806,0.2487562,1.2437811
2022-07-15 11:01:27,0,0,10.831234,0.2518892,0,84.38287,3.02267,0.5037783,0.5037783
2022-07-15 11:01:26,0,0,7.960199,0.2487562,0,88.55721,2.487562,0,0.4975124
2022-07-15 11:01:25,0,0,8.333333,0.2525253,0,85.85859,2.525253,0.2525253,2.020202
2022-07-15 11:01:24,0,0,10.421836,0,0,83.87097,3.722084,0.248139,1.4888337
2022-07-15 11:01:23,0,0,10.473815,0.2493766,0,85.28678,2.743142,0.2493766,0.2493766
2022-07-15 11:01:22,0,0,11.278195,0.7518797,0,82.95739,3.258145,0,0.7518797
2022-07-15 11:01:21,0,0,9.296482,0.2512563,0,88.69347,1.2562814,0.2512563,0
2022-07-15 11:01:20,0,0,10.972569,0,0,85.78554,2.493766,0.2493766,0.2493766
2022-07-15 11:01:19,0,0,10.275689,0.2506266,0,84.96241,3.759398,0.2506266,0
2022-07-15 11:01:18,0,0,15.326633,0.2512563,0,80.65327,3.266332,0,0.2512563
2022-07-15 11:01:17,0,0,7.635468,0.7389163,0,78.57143,2.70936,0.2463054,6.650246
2022-07-15 11:01:16,0,0,5.263158,1.0025063,0,81.20301,3.759398,0,7.017544
2022-07-15 11:01:15,0,0,6.766917,0,0,88.47118,4.010025,0.2506266,0.2506266
2022-07-15 11:01:14,0,0,10.473815,0.4987531,0,84.28928,2.743142,0.2493766,0.9975062
2022-07-15 11:01:13,0,0,8.75,0,0,87.75,2.5,0.25,0.25
2022-07-15 11:01:12,0,0,11.471322,0.2493766,0,84.28928,3.491272,0.2493766,0.2493766
2022-07-15 11:01:11,0,0,11.111111,0.2525253,0,83.33333,4.79798,0,0.2525253
2022-07-15 11:01:10,0,0,12.437811,0.7462687,0,82.58706,2.985075,0.2487562,0.4975124
2022-07-15 11:01:09,0,0,9.547739,0.5025126,0,82.1608,2.512563,0.2512563,4.271357
2022-07-15 11:01:08,0,0,7.654321,0,0,88.88889,2.222222,0.4938272,0.4938272
2022-07-15 11:01:07,0,0,13.18408,0.4975124,0,81.09453,3.9801,0.2487562,0.9950249
2022-07-15 11:01:06,0,0,6.982544,0.4987531,0,79.8005,2.743142,0.4987531,7.730673
2022-07-15 11:01:05,0,0,7.730673,0.4987531,0,84.53865,2.743142,0.2493766,2.743142
2022-07-15 11:01:04,0,0,6.75,0.5,0,88.5,2,0,1.75
2022-07-15 11:01:03,0,0,9.571788,0,0,86.90176,2.518892,0.2518892,0.2518892
2022-07-15 11:01:02,0,0,9.950249,0.4975124,0,86.06965,2.487562,0.2487562,0.2487562
2022-07-15 11:01:01,0,0,9.798995,0,0,86.1809,2.512563,0.2512563,0.2512563
2022-07-15 11:01:00,0,0,10.75,0.75,0,85.25,3,0,0
2022-07-15 11:00:59,0,0,11.779449,0.2506266,0,83.9599,2.506266,0,1.0025063
2022-07-15 11:00:58,0,0,8.208955,0,0,84.32836,3.233831,0,3.482587
2022-07-15 11:00:57,0,0,9.20398,0.4975124,0,87.81095,1.99005,0.4975124,0
2022-07-15 11:00:56,0,0,10.831234,0,0,86.64987,2.267003,0,0
2022-07-15 11:00:55,0,0,10.39604,0.2475248,0,85.14851,3.712871,0,0.2475248
2022-07-15 11:00:54,0,0,16.541353,0.2506266,0,79.19799,3.258145,0.2506266,0.2506266
2022-07-15 11:00:53,0,0,7.98005,0.7481297,0,81.79551,2.743142,0.2493766,4.987531
2022-07-15 11:00:52,0,0,5.940594,0.7425743,0,80.69307,2.227723,0.2475248,8.415842
2022-07-15 11:00:51,0,0,6.483791,0.9975062,0,81.04738,2.743142,0.4987531,5.735661
2022-07-15 11:00:50,0,0,6.435644,0.990099,0,80.69307,2.970297,0.2475248,6.435644
2022-07-15 11:00:49,0,0,4.962779,0.9925558,0,77.66749,2.729529,0.248139,10.669975
2022-07-15 11:00:48,0,0,7.462687,0.7462687,0,82.08955,3.233831,0,4.975124
2022-07-15 11:00:47,0,0,7.407407,0.4938272,0,81.97531,2.716049,0.2469136,5.432099
2022-07-15 11:00:46,0,0,7.960199,0.4975124,0,81.34328,3.233831,0.2487562,4.975124
2022-07-15 11:00:45,0,0,7.26817,0.2506266,0,85.21303,2.255639,0,4.260652
2022-07-15 11:00:44,0,0,6.733167,0.4987531,0,83.04239,4.239401,0.2493766,3.990025
2022-07-15 11:00:43,0,0,8.188586,0.248139,0,82.38213,3.722084,0.248139,4.466501
2022-07-15 11:00:42,0,0,7.730673,0.4987531,0,84.53865,2.992519,0,3.241895
2022-07-15 11:00:41,0,0,9.452736,0,0,83.33333,3.233831,0.2487562,2.736318
2022-07-15 11:00:40,0,0,6.403941,0.4926108,0,78.81773,3.694581,0.2463054,8.62069
2022-07-15 11:00:39,0,0,6.265664,0.7518797,0,82.45614,3.258145,0.2506266,6.516291
2022-07-15 11:00:38,0,0,9.42928,0.248139,0,85.3598,2.977667,0,0.9925558
2022-07-15 11:00:37,0,0,5.223881,0.4975124,0,82.58706,2.238806,0.2487562,6.965174
2022-07-15 11:00:36,0,0,9,0.25,0,86.5,2.25,0.25,1.25
2022-07-15 11:00:35,0,0,7.769424,0.2506266,0,87.96992,2.506266,0,1.5037594
2022-07-15 11:00:34,0,0,9.25,0,0,86,3.5,0.25,0.5
2022-07-15 11:00:33,0,0,10.473815,0.2493766,0,86.53367,1.995012,0.2493766,0.2493766
2022-07-15 11:00:32,0,0,14,0,0,82.75,3,0,0
2022-07-15 11:00:31,0,0,9.62963,0.4938272,0,81.48148,2.222222,0.4938272,3.950617
2022-07-15 11:00:30,0,0,8.02005,0.7518797,0,81.70426,3.258145,0,5.012531
2022-07-15 11:00:29,0,0,6.766917,0.5012531,0,84.71178,3.258145,0,3.508772
2022-07-15 11:00:28,0,0,8.641975,0.4938272,0,85.4321,2.716049,0.2469136,1.728395
2022-07-15 11:00:27,0,0,7.23192,0.2493766,0,86.03491,2.743142,0.4987531,2.493766
2022-07-15 11:00:26,0,0,8.838384,0.2525253,0,86.86869,2.777778,0.2525253,0.2525253
2022-07-15 11:00:25,0,0,9.798995,0.7537688,0,86.43216,2.261307,0.5025126,0.2512563
2022-07-15 11:00:24,0,0,10.5,0.25,0,84.75,2.5,0.25,1.25
2022-07-15 11:00:23,0,0,11.940299,0.4975124,0,81.8408,4.975124,0,0.4975124
2022-07-15 11:00:22,0,0,8.75,0.25,0,87.25,2.5,0.25,0.25
2022-07-15 11:00:21,0,0,10.837438,0,0,85.22167,2.216749,0.4926108,0.2463054
2022-07-15 11:00:20,0,0,10.80402,0.2512563,0,85.92965,2.763819,0,0
2022-07-15 11:00:19,0,0,10.025063,0.5012531,0,84.46115,3.007519,0,1.5037594
2022-07-15 11:00:18,0,0,12.437811,0.4975124,0,83.83085,2.238806,0.4975124,0.2487562
2022-07-15 11:00:17,0,0,8.5,0,0,88.25,2.25,0.25,0.25
2022-07-15 11:00:16,0,0,10.80402,0.2512563,0,85.92965,2.763819,0.2512563,0
2022-07-15 11:00:15,0,0,11.166253,0.248139,0,82.134,2.977667,0.4962779,1.985112
2022-07-15 11:00:14,0,0,8.270677,0.2506266,0,86.96742,3.007519,0,0.7518797
2022-07-15 11:00:13,0,0,14.143921,0,0,81.63772,3.225806,0.4962779,0.248139
2022-07-15 11:00:12,0,0,10.148515,0.7425743,0,80.44554,3.217822,0.2475248,3.465347
2022-07-15 11:00:11,0,0,6.234414,0.9975062,0,81.79551,2.244389,0.2493766,7.481297
2022-07-15 11:00:10,0,0,7.26817,0.2506266,0,88.22055,2.255639,0.2506266,1.2531328
2022-07-15 11:00:09,0,0,7.75,0,0,88,2.5,0.25,1
2022-07-15 11:00:08,0,0,11.221945,0.2493766,0,86.03491,2.244389,0,0
2022-07-15 11:00:07,0,0,10.972569,0,0,85.78554,1.995012,0.4987531,0.2493766
2022-07-15 11:00:06,0,0,11.027569,0.7518797,0,83.70927,2.756892,0,0.7518797
2022-07-15 11:00:05,0,0,12.5,0.25,0,82.25,3.25,0.5,0.75
2022-07-15 11:00:04,0,0,12.468828,0.4987531,0,81.54613,2.493766,0.2493766,1.995012
2022-07-15 11:00:03,0,0,7.711443,0.7462687,0,70.39801,2.487562,0.2487562,14.676617
2022-07-15 11:00:02,0,0,3.482587,0.4975124,0,82.08955,1.99005,0.4975124,6.716418
2022-07-15 11:00:01,0,0,9.319899,0.2518892,0,87.40554,2.770781,0,0
2022-07-15 11:00:00,0,0,10.776942,0.2506266,0,85.71429,2.005013,0.2506266,0.5012531
2022-07-15 10:59:59,0,0,14.786967,0.2506266,0,80.2005,3.258145,0.5012531,0.7518797
2022-07-15 10:59:58,0,0,10.199005,0.7462687,0,82.83582,2.985075,0.4975124,2.238806
2022-07-15 10:59:57,0,0,4.71464,0.7444169,0,78.66005,2.729529,0.248139,10.669975
2022-07-15 10:59:56,0,0,9.181141,0.248139,0,87.59305,1.736973,0.4962779,0.4962779
2022-07-15 10:59:55,0,0,8.5,0.25,0,86,3.5,0,1
2022-07-15 10:59:54,0,0,6.549118,0.5037783,0,86.39798,2.518892,0.2518892,2.770781
2022-07-15 10:59:53,0,0,12.5,0.25,0,83,3,0.5,0.25
2022-07-15 10:59:52,0,0,10.75,0.25,0,85.25,3,0,0.5
2022-07-15 10:59:51,0,0,8.5,0.25,0,84,3,0,3.25
2022-07-15 10:59:50,0,0,7.960199,0.4975124,0,87.06468,1.99005,0.2487562,1.741294
2022-07-15 10:59:49,0,0,10.025063,0.5012531,0,83.9599,2.255639,0,3.007519
2022-07-15 10:59:48,0,0,9.975062,0.2493766,0,84.53865,2.992519,0.2493766,1.745636
2022-07-15 10:59:47,0,0,8.75,0,0,83.75,3.75,0,2.75
2022-07-15 10:59:46,0,0,8.415842,0.4950495,0,84.15842,2.475248,0.2475248,3.712871
2022-07-15 10:59:45,0,0,7.920792,0.4950495,0,81.93069,2.722772,0.4950495,4.950495
2022-07-15 10:59:44,0,0,6.203474,0.9925558,0,81.14144,2.977667,0,6.947891
2022-07-15 10:59:43,0,0,7.286432,0.2512563,0,79.8995,3.768844,0.2512563,5.276382
2022-07-15 10:59:42,0,0,6.188119,0.2475248,0,84.65347,1.4851485,0.2475248,5.940594
2022-07-15 10:59:41,0,0,6.218905,0.4975124,0,87.31343,2.487562,0.2487562,2.238806
2022-07-15 10:59:40,0,0,9.774436,0.5012531,0,86.46617,2.506266,0,0.2506266
2022-07-15 10:59:39,0,0,8.977556,0.2493766,0,84.28928,3.241895,0.2493766,2.493766
2022-07-15 10:59:38,0,0,8.02005,0.2506266,0,87.46867,3.007519,0.5012531,0.2506266
2022-07-15 10:59:37,0,0,10.173697,0.248139,0,86.6005,2.48139,0.248139,0
2022-07-15 10:59:36,0,0,11.055276,0,0,85.17588,2.763819,0.2512563,0.2512563
2022-07-15 10:59:35,0,0,8.229426,0.7481297,0,86.28429,2.493766,0,1.4962594
2022-07-15 10:59:34,0,0,13.466334,0.2493766,0,82.54364,2.992519,0.2493766,0.2493766
2022-07-15 10:59:33,0,0,9.296482,0.2512563,0,81.40704,3.015075,0.2512563,5.527638
2022-07-15 10:59:32,0,0,10.275689,0.2506266,0,83.70927,3.007519,0.2506266,1.754386
2022-07-15 10:59:31,0,0,6.930693,0.2475248,0,85.64356,2.227723,0.2475248,3.960396
2022-07-15 10:59:30,0,0,7.518797,0,0,87.96992,2.506266,0,1.0025063
2022-07-15 10:59:29,0,0,11.662531,0.4962779,0,81.14144,2.48139,0.248139,3.225806
2022-07-15 10:59:28,0,0,8.75,0,0,84.25,3,0,3.25
2022-07-15 10:59:27,0,0,5.721393,0.7462687,0,82.33831,2.736318,0.2487562,6.716418
2022-07-15 10:59:26,0,0,8.955224,0.2487562,0,81.59204,3.482587,0.2487562,4.477612
2022-07-15 10:59:25,0,0,6.947891,0.248139,0,83.37469,2.977667,0,5.210918
2022-07-15 10:59:24,0,0,9.022556,0.2506266,0,83.70927,2.756892,0.2506266,2.005013
2022-07-15 10:59:23,0,0,6.435644,0.4950495,0,82.42574,3.217822,0,5.940594
2022-07-15 10:59:22,0,0,7.98005,0.2493766,0,88.52868,1.745636,0.2493766,0.7481297
2022-07-15 10:59:21,0,0,7.960199,0.2487562,0,88.55721,1.741294,0.2487562,0.9950249
2022-07-15 10:59:20,0,0,10.275689,0,0,86.71679,2.255639,0.2506266,0.2506266
2022-07-15 10:59:19,0,0,10.552764,0.5025126,0,85.42714,2.261307,0.5025126,0
2022-07-15 10:59:18,0,0,10.972569,0.2493766,0,85.53616,2.244389,0.2493766,0.2493766
2022-07-15 10:59:17,0,0,10.526316,0,0,86.71679,2.005013,0.2506266,0
2022-07-15 10:59:16,0,0,11.779449,0.2506266,0,83.45865,3.508772,0.2506266,0.5012531
2022-07-15 10:59:15,0,0,8.75,0.5,0,87,2.5,0.25,0.25
2022-07-15 10:59:14,0,0,9.75,0,0,85.75,2.5,0.75,0.5
2022-07-15 10:59:13,0,0,9.873418,0.2531646,0,86.58228,2.531646,0.2531646,0
2022-07-15 10:59:12,0,0,10.617284,0.4938272,0,85.4321,2.962963,0,0.2469136
2022-07-15 10:59:11,0,0,11.392405,0.2531646,0,84.3038,3.037975,0,0.2531646
2022-07-15 10:59:10,0,0,9.06801,0,0,87.65743,2.770781,0.2518892,0
2022-07-15 10:59:09,0,0,11.557789,0.2512563,0,84.67337,2.763819,0.2512563,0
2022-07-15 10:59:08,0,0,10.199005,0.4975124,0,84.0796,2.985075,0.4975124,1.2437811
2022-07-15 10:59:07,0,0,11.970075,0,0,84.28928,2.743142,0.2493766,0.2493766
2022-07-15 10:59:06,0,0,13.032581,0.5012531,0,80.95238,3.508772,0,1.754386
2022-07-15 10:59:05,0,0,7.692308,0.7444169,0,82.134,1.985112,0.4962779,5.707196
2022-07-15 10:59:04,0,0,9.20398,0.2487562,0,85.57214,2.736318,0.2487562,1.741294
2022-07-15 10:59:03,0,0,4,0.75,0,81.25,2.5,0.25,9.75
2022-07-15 10:59:02,0,0,9.42928,0.248139,0,85.3598,3.225806,0.248139,0.9925558
2022-07-15 10:59:01,0,0,10.025063,0,0,85.96491,2.756892,0.2506266,0.5012531
2022-07-15 10:59:00,0,0,9.774436,0.2506266,0,86.71679,2.506266,0.2506266,0.2506266
2022-07-15 10:58:59,0,0,8.25,0.5,0,81,3,0,5.75
2022-07-15 10:58:58,0,0,8.641975,0.7407407,0,81.23457,2.222222,0.4938272,4.938272
2022-07-15 10:58:57,0,0,8.75,0.25,0,84.5,3,0.25,2.5
2022-07-15 10:58:56,0,0,7.19603,0.248139,0,87.09677,2.729529,0.4962779,1.4888337
2022-07-15 10:58:55,0,0,9.950249,0.2487562,0,83.58209,2.238806,0.2487562,2.487562
2022-07-15 10:58:54,0,0,7.730673,0.4987531,0,83.04239,2.493766,0.2493766,4.738155
2022-07-15 10:58:53,0,0,7.19603,0,0,85.3598,3.225806,0,3.722084
2022-07-15 10:58:52,0,0,6.733167,0.2493766,0,87.2818,2.244389,0.2493766,2.992519
2022-07-15 10:58:51,0,0,9.950249,0.2487562,0,86.06965,2.487562,0.2487562,0.4975124
2022-07-15 10:58:50,0,0,7.518797,0,0,89.72431,2.005013,0.2506266,0.2506266
2022-07-15 10:58:49,0,0,10.776942,0.2506266,0,85.46366,2.255639,0.2506266,0.2506266
2022-07-15 10:58:48,0,0,12.280702,0.7518797,0,82.20551,3.759398,0.2506266,0.2506266
2022-07-15 10:58:47,0,0,9.06801,0.2518892,0,87.40554,2.015113,0.2518892,0.2518892
2022-07-15 10:58:46,0,0,10.5,0.25,0,86,2.5,0.25,0.25
2022-07-15 10:58:45,0,0,11.557789,0.7537688,0,84.17085,2.261307,0.2512563,0.2512563
2022-07-15 10:58:44,0,0,8.77193,0.2506266,0,86.71679,3.508772,0.5012531,0
2022-07-15 10:58:43,0,0,10.669975,0.248139,0,84.61538,3.225806,0.248139,0.7444169
2022-07-15 10:58:42,0,0,10.275689,0.2506266,0,86.46617,2.255639,0,0
2022-07-15 10:58:41,0,0,11.027569,0.2506266,0,86.21554,2.255639,0,0
2022-07-15 10:58:40,0,0,11,0.25,0,84.25,3.25,0,0.5
2022-07-15 10:58:39,0,0,10.669975,0,0,83.12655,2.729529,0.4962779,1.736973
2022-07-15 10:58:38,0,0,9.52381,0.5012531,0,84.96241,3.258145,0.2506266,1.0025063
2022-07-15 10:58:37,0,0,9.975062,0.2493766,0,86.78304,1.995012,0.2493766,0.2493766
2022-07-15 10:58:36,0,0,12.030075,0.5012531,0,80.45113,6.265664,0,0.5012531
2022-07-15 10:58:35,0,0,9.620253,0,0,86.58228,2.531646,0.2531646,0.2531646
2022-07-15 10:58:34,0,0,10.25,0.25,0,86.5,2.25,0.25,0
2022-07-15 10:58:33,0,0,11.221945,0.2493766,0,83.79052,3.491272,0,0.9975062
2022-07-15 10:58:32,0,0,9.5,0.25,0,87,2.25,0.25,0.25
2022-07-15 10:58:31,0,0,10.5,0.25,0,85.5,2.5,0.25,0.25
2022-07-15 10:58:30,0,0,10.353535,0,0,86.36364,2.777778,0,0
2022-07-15 10:58:29,0,0,10.526316,0,0,85.71429,3.258145,0.2506266,0
2022-07-15 10:58:28,0,0,10.972569,0.4987531,0,84.28928,2.493766,0,1.4962594
2022-07-15 10:58:27,0,0,11.779449,0.2506266,0,83.45865,3.508772,0.2506266,0.2506266
2022-07-15 10:58:26,0,0,9.653465,0.4950495,0,85.39604,2.970297,0.2475248,0.2475248
2022-07-15 10:58:25,0,0,10.025063,0.5012531,0,86.21554,2.756892,0.2506266,0
2022-07-15 10:58:24,0,0,11.471322,0.7481297,0,83.04239,3.241895,0.2493766,0.7481297
2022-07-15 10:58:23,0,0,10.80402,0,0,83.41709,3.266332,0,2.01005
2022-07-15 10:58:22,0,0,11.166253,0.248139,0,79.65261,2.729529,0.7444169,4.466501
2022-07-15 10:58:21,0,0,6.25,0.5,0,80.75,2.75,0.25,6.5
2022-07-15 10:58:20,0,0,5.970149,0.2487562,0,88.55721,1.741294,0.2487562,2.736318
2022-07-15 10:58:19,0,0,8.270677,0.2506266,0,88.97243,1.754386,0,0
2022-07-15 10:58:18,0,0,12.25,0.5,0,83.25,2.75,0.25,0.75
2022-07-15 10:58:17,0,0,8.415842,0.4950495,0,86.13861,2.227723,0.4950495,2.227723
2022-07-15 10:58:16,0,0,12.562814,0.2512563,0,81.90955,3.015075,0.2512563,1.5075377
2022-07-15 10:58:15,0,0,6.483791,0,0,83.04239,3.491272,0,5.985037
2022-07-15 10:58:14,0,0,8.888889,0.2469136,0,82.46914,3.45679,0.4938272,3.703704
2022-07-15 10:58:13,0,0,6.965174,0.4975124,0,78.85572,3.233831,0.2487562,8.457711
2022-07-15 10:58:12,0,0,7.26817,0.2506266,0,81.95489,3.007519,0.2506266,4.010025
2022-07-15 10:58:11,0,0,7.808564,0.5037783,0,85.13854,2.267003,0,3.02267
2022-07-15 10:58:10,0,0,7.98005,0,0,86.03491,1.4962594,0.7481297,3.241895
2022-07-15 10:58:09,0,0,8.75,0.5,0,83.5,2.75,0.25,4
2022-07-15 10:58:08,0,0,11.306533,0.2512563,0,84.42211,3.015075,0.2512563,0.5025126
2022-07-15 10:58:07,0,0,6.516291,0.5012531,0,81.95489,2.005013,0.2506266,7.518797
2022-07-15 10:58:06,0,0,8.801956,0.7334963,0,81.66259,2.689487,0.2444988,4.156479
2022-07-15 10:58:05,0,0,7.481297,0.2493766,0,84.28928,2.743142,0.2493766,4.239401
2022-07-15 10:58:04,0,0,10.25,0.25,0,83,3,0,2.75
2022-07-15 10:58:03,0,0,4.455446,0.7425743,0,67.82178,3.217822,0.4950495,16.089109
2022-07-15 10:58:02,0,0,5.223881,1.2437811,0,79.35323,2.487562,0,9.452736
2022-07-15 10:58:01,0,0,7.19603,0.7444169,0,84.36725,1.736973,0.248139,3.722084
2022-07-15 10:58:00,0,0,7.769424,0,0,84.71178,3.759398,0.5012531,2.756892
2022-07-15 10:57:59,0,0,5.985037,0.4987531,0,86.78304,2.743142,0.2493766,3.241895
2022-07-15 10:57:58,0,0,9.25,0.25,0,87.25,2.5,0.25,0.25
2022-07-15 10:57:57,0,0,10.776942,0.5012531,0,84.21053,3.258145,0,0.5012531
2022-07-15 10:57:56,0,0,10.301508,0.5025126,0,85.42714,3.015075,0.2512563,0
2022-07-15 10:57:55,0,0,10.526316,0,0,85.96491,2.756892,0.2506266,0.2506266
2022-07-15 10:57:54,0,0,10.473815,0.4987531,0,85.28678,3.241895,0.2493766,0
2022-07-15 10:57:53,0,0,10.776942,0.2506266,0,85.21303,2.756892,0.2506266,0.5012531
2022-07-15 10:57:52,0,0,10.552764,0.2512563,0,85.17588,3.015075,0.2512563,0.2512563
2022-07-15 10:57:51,0,0,12.967581,0.4987531,0,82.04489,2.992519,0.2493766,0.4987531
2022-07-15 10:57:50,0,0,8.564232,0.2518892,0,85.13854,3.02267,0,2.267003
2022-07-15 10:57:49,0,0,7.481297,0,0,85.53616,3.241895,0.2493766,2.992519
2022-07-15 10:57:48,0,0,8.168317,0.2475248,0,87.37624,2.970297,0.2475248,0.2475248
2022-07-15 10:57:47,0,0,13.784461,0.5012531,0,82.20551,2.756892,0.5012531,0
2022-07-15 10:57:46,0,0,8.977556,0.4987531,0,82.79302,3.241895,0,3.740648
2022-07-15 10:57:45,0,0,8.955224,0.4975124,0,83.58209,3.731343,0.2487562,2.487562
2022-07-15 10:57:44,0,0,8.478803,0.7481297,0,83.04239,2.743142,0,4.239401
2022-07-15 10:57:43,0,0,6.203474,0.7444169,0,81.88586,2.48139,0.248139,7.692308
2022-07-15 10:57:42,0,0,8.933002,0.7444169,0,83.87097,2.48139,0.248139,2.729529
2022-07-15 10:57:41,0,0,4.260652,0.2506266,0,92.73183,1.5037594,0,0.7518797
2022-07-15 10:57:40,0,0,11.5,0.25,0,84.25,3.25,0.5,0
2022-07-15 10:57:39,0,0,9.925558,0,0,85.85608,2.48139,0.248139,0.7444169
2022-07-15 10:57:38,0,0,10.972569,0.2493766,0,85.03741,2.743142,0.2493766,0.4987531
2022-07-15 10:57:37,0,0,10.275689,0.2506266,0,85.71429,2.506266,0.5012531,0.5012531
2022-07-15 10:57:36,0,0,9.296482,0.2512563,0,86.93467,2.261307,0,0.2512563
2022-07-15 10:57:35,0,0,13.5,0.5,0,82.75,2.25,0.5,0.25
2022-07-15 10:57:34,0,0,9.950249,0.7462687,0,80.34826,2.985075,0.2487562,4.726368
2022-07-15 10:57:33,0,0,6.947891,0.7444169,0,79.65261,3.225806,0.4962779,6.947891
2022-07-15 10:57:32,0,0,6.532663,0.7537688,0,88.44221,2.01005,0,2.01005
2022-07-15 10:57:31,0,0,9.701493,0.4975124,0,83.33333,2.736318,0.2487562,2.238806
2022-07-15 10:57:30,0,0,5.75,0,0,91.5,1.75,0.25,0.5
2022-07-15 10:57:29,0,0,11.970075,0,0,84.78803,2.493766,0.2493766,0.2493766
2022-07-15 10:57:28,0,0,13.5,0.5,0,78.75,4.25,0,2.75
2022-07-15 10:57:27,0,0,7.5,0.25,0,83.5,3.75,0.25,3.5
2022-07-15 10:57:26,0,0,9.677419,0.4962779,0,83.62283,3.225806,0.248139,2.233251
2022-07-15 10:57:25,0,0,6.203474,0.7444169,0,85.3598,2.233251,0.4962779,3.722084
2022-07-15 10:57:24,0,0,10.723192,0,0,83.29177,3.990025,0,1.2468828
2022-07-15 10:57:23,0,0,5.459057,0.9925558,0,79.65261,2.48139,0.248139,6.451613
2022-07-15 10:57:22,0,0,8.977556,0.2493766,0,85.53616,1.745636,0.2493766,2.992519
2022-07-15 10:57:21,0,0,8.5,0.25,0,86.5,3,0,0.75
2022-07-15 10:57:20,0,0,9.25,0.5,0,85.5,2.25,0.25,2
2022-07-15 10:57:19,0,0,7.960199,0.2487562,0,86.06965,2.985075,0.2487562,1.99005
2022-07-15 10:57:18,0,0,9,0.5,0,81,2.5,0.5,4.5
2022-07-15 10:57:17,0,0,7.462687,0.4975124,0,83.33333,3.233831,0.2487562,4.228856
2022-07-15 10:57:16,0,0,9.405941,0.7425743,0,83.66337,2.970297,0.2475248,1.980198
2022-07-15 10:57:15,0,0,4.228856,0.4975124,0,86.06965,2.487562,0.2487562,5.223881
2022-07-15 10:57:14,0,0,10.025063,0.2506266,0,87.46867,2.005013,0.2506266,0
2022-07-15 10:57:13,0,0,8.933002,0.4962779,0,82.63027,3.722084,0.4962779,2.729529
2022-07-15 10:57:12,0,0,6.801008,0.2518892,0,89.16877,2.518892,0.5037783,0
2022-07-15 10:57:11,0,0,6,0.25,0,90.5,2.5,0,0
2022-07-15 10:57:10,0,0,7.23192,0.4987531,0,89.52618,1.995012,0.2493766,0
2022-07-15 10:57:09,0,0,5.012531,0.2506266,0,90.22556,3.258145,0.2506266,0.2506266
2022-07-15 10:57:08,0,0,4.239401,0.7481297,0,90.77307,3.491272,0,0
2022-07-15 10:57:07,0,0,3.768844,0.5025126,0,93.71859,1.5075377,0.2512563,0
2022-07-15 10:57:06,0,0,3.75,0,0,93,2.5,0.25,0.25
2022-07-15 10:57:05,0,0,4.25,0.5,0,90.75,3.75,0.25,0
2022-07-15 10:57:04,0,0,5.793451,0.5037783,0,88.66499,3.526448,0.2518892,0
2022-07-15 10:57:03,0,0,0.9975062,0.2493766,0,95.51122,2.743142,0.2493766,0
2022-07-15 10:57:02,0,0,1.5037594,0.2506266,0,92.98246,3.759398,0.5012531,0
2022-07-15 10:57:01,0,0,1.2468828,0.2493766,0,93.76559,3.241895,0,0
2022-07-15 10:57:00,0,0,1.741294,0,0,94.27861,3.233831,0.2487562,0
2022-07-15 10:56:59,0,0,1.25,0.25,0,94.75,3,0.25,0
2022-07-15 10:56:58,0,0,1.5075377,0.7537688,0,93.71859,2.763819,0,0
2022-07-15 10:56:57,0,0,1.2468828,0.4987531,0,95.51122,1.4962594,0.4987531,0
2022-07-15 10:56:56,0,0,1.2468828,0.4987531,0,94.51372,2.992519,0.2493766,0
2022-07-15 10:56:55,0,0,1.2594458,0,0,94.96222,3.274559,0.2518892,0
2022-07-15 10:56:54,0,0,1.4925373,0.4975124,0,94.52736,2.985075,0,0
2022-07-15 10:56:53,0,0,1.2562814,0.2512563,0,94.22111,3.266332,0,0
2022-07-15 10:56:52,0,0,1.5037594,0.5012531,0,93.98496,3.508772,0.2506266,0
2022-07-15 10:56:51,0,0,0.9925558,0.4962779,0,91.067,2.729529,0.248139,0
2022-07-15 10:56:50,0,0,1.5228426,0.2538071,0,95.17766,2.538071,0,0
2022-07-15 10:56:49,0,0,1.2468828,0.4987531,0,94.76309,2.743142,0.2493766,0
2022-07-15 10:56:48,0,0,1.741294,0.2487562,0,93.28358,3.731343,0.2487562,0
2022-07-15 10:56:47,0,0,1.0075567,0,0,94.96222,3.02267,0.2518892,0
2022-07-15 10:56:46,0,0,1.4962594,0.4987531,0,94.26434,2.743142,0.2493766,0
2022-07-15 10:56:45,0,0,1.5,0.5,0,94.75,2.5,0.25,0.25
2022-07-15 10:56:44,0,0,1.25,0.5,0,94.75,3,0,0
2022-07-15 10:56:43,0,0,1.25,0.25,0,94.25,3.25,0.5,0
2022-07-15 10:56:42,0,0,1.754386,0.7518797,0,93.73434,2.506266,0.2506266,0
2022-07-15 10:56:41,0,0,1.995012,0.7481297,0,93.01746,3.241895,0,0
2022-07-15 10:56:40,0,0,1.2468828,0.2493766,0,94.51372,2.743142,0.2493766,0
2022-07-15 10:56:39,0,0,1.2562814,0.5025126,0,94.97487,2.261307,0.5025126,0
2022-07-15 10:56:38,0,0,1.5037594,0.2506266,0,95.2381,2.255639,0.2506266,0
2022-07-15 10:56:37,0,0,1.763224,0.2518892,0,94.71033,2.267003,0.2518892,0
2022-07-15 10:56:36,0,0,1.25,0,0,95.75,2.75,0,0
2022-07-15 10:56:35,0,0,1.2406948,0.248139,0,94.78908,2.48139,0.4962779,0
2022-07-15 10:56:34,0,0,1.5037594,0.2506266,0,93.48371,3.258145,0.2506266,0.2506266
2022-07-15 10:56:33,0,0,1.5075377,0.5025126,0,94.97487,2.512563,0.2512563,0
2022-07-15 10:56:32,0,0,1.5037594,0,0,95.98997,2.005013,0,0
2022-07-15 10:56:31,0,0,1.4962594,0.7481297,0,91.5212,4.488778,0.7481297,0
2022-07-15 10:56:30,0,0,1.5,0.5,0,93.5,2.75,0.25,0
2022-07-15 10:56:29,0,0,1.010101,0.7575758,0,92.92929,4.292929,0,0
2022-07-15 10:56:28,0,0,1.5,0.25,0,94,3.5,0,0
2022-07-15 10:56:27,0,0,2.01005,0.2512563,0,92.71357,4.020101,0.7537688,0
2022-07-15 10:56:26,0,0,1.4925373,0,0,94.02985,3.482587,0.2487562,0
2022-07-15 10:56:25,0,0,1.2531328,0.5012531,0,94.73684,3.007519,0.2506266,0
2022-07-15 10:56:24,0,0,1.2690355,0,0,96.19289,2.030457,0,0
2022-07-15 10:56:23,0,0,1.4962594,0.2493766,0,94.01496,3.740648,0.2493766,0
2022-07-15 10:56:22,0,0,1.5228426,0.2538071,0,94.67005,3.299492,0,0
2022-07-15 10:56:21,0,0,1.4814815,0.4938272,0,93.82716,2.469136,0.2469136,0
2022-07-15 10:56:20,0,0,1.2626263,0.2525253,0,95.45455,2.272727,0.2525253,0
2022-07-15 10:56:19,0,0,1.25,0.75,0,92.25,3.75,0.25,0
2022-07-15 10:56:18,0,0,1.2658228,0.2531646,0,95.18987,2.78481,0,0
2022-07-15 10:56:17,0,0,1.4851485,0.2475248,0,93.06931,3.712871,0,0.990099
2022-07-15 10:56:16,0,0,1.25,0.5,0,94.5,2.75,0.5,0
2022-07-15 10:56:15,0,0,1.511335,0,0,94.96222,2.770781,0,0
2022-07-15 10:56:14,0,0,1.2468828,0.4987531,0,95.01247,2.743142,0,0
2022-07-15 10:56:13,0,0,1.4962594,0.2493766,0,95.51122,1.995012,0.4987531,0
2022-07-15 10:56:12,0,0,1.2531328,0.7518797,0,93.73434,3.508772,0,0
2022-07-15 10:56:11,0,0,1.5,0,0,94.25,3,0.25,0
2022-07-15 10:56:10,0,0,1.2562814,0.7537688,0,92.96482,3.768844,0,0
2022-07-15 10:56:09,0,0,1.5037594,0,0,93.73434,3.759398,0.2506266,0
2022-07-15 10:56:08,0,0,1.2468828,0.2493766,0,93.51621,3.241895,0.2493766,0
2022-07-15 10:56:07,0,0,2.01005,0.2512563,0,95.47739,2.01005,0,0
2022-07-15 10:56:06,0,0,1.4962594,0.2493766,0,94.76309,2.493766,0.4987531,0
2022-07-15 10:56:05,0,0,2,0.5,0,92.75,3.5,0.25,0
2022-07-15 10:56:04,0,0,0.9950249,0.4975124,0,95.02488,2.736318,0.2487562,0
2022-07-15 10:56:03,0,0,1.4962594,0.4987531,0,94.01496,3.241895,0,0.2493766
2022-07-15 10:56:02,0,0,1.2594458,0.5037783,0,94.20655,3.526448,0.2518892,0
2022-07-15 10:56:01,0,0,1.4925373,0.4975124,0,94.02985,2.985075,0.2487562,0
2022-07-15 10:56:00,0,0,1.2468828,0.4987531,0,94.01496,3.241895,0.4987531,0
2022-07-15 10:55:59,0,0,1.511335,0.2518892,0,93.95466,3.02267,0.2518892,0
2022-07-15 10:55:58,0,0,1.5037594,0.2506266,0,94.23559,3.007519,0.2506266,0
2022-07-15 10:55:57,0,0,1.4814815,0.2469136,0,93.33333,3.209877,0.7407407,0
2022-07-15 10:55:56,0,0,1.511335,0.2518892,0,94.96222,2.518892,0.2518892,0
2022-07-15 10:55:55,0,0,1.75,0.25,0,94.25,3.25,0.25,0
2022-07-15 10:55:54,0,0,1.4962594,0.2493766,0,93.76559,3.241895,0,0
2022-07-15 10:55:53,0,0,1.2531328,0,0,95.73935,2.506266,0,0
2022-07-15 10:55:52,0,0,1.4925373,0.2487562,0,93.28358,4.228856,0.2487562,0
2022-07-15 10:55:51,0,0,1.2531328,0.2506266,0,96.2406,1.5037594,0,0
2022-07-15 10:55:50,0,0,1.2437811,0.2487562,0,95.27363,2.238806,0.4975124,0
2022-07-15 10:55:49,0,0,1.75,0.25,0,94.75,2.75,0,0
2022-07-15 10:55:48,0,0,2.005013,0.5012531,0,93.48371,2.756892,0.2506266,0
2022-07-15 10:55:47,0,0,4.271357,0.2512563,0,89.19598,4.522613,0,0
2022-07-15 10:55:46,0,0,5.955335,0.4962779,0,90.07444,2.48139,0.4962779,0.248139
2022-07-15 10:55:45,0,0,8.75,0.25,0,87.25,2.75,0.25,0
2022-07-15 10:55:44,0,0,8.208955,0.2487562,0,88.80597,2.238806,0.2487562,0
2022-07-15 10:55:43,0,0,9.52381,0.2506266,0,85.71429,3.007519,0,0.2506266
2022-07-15 10:55:42,0,0,12.781955,0.5012531,0,80.2005,3.258145,0.2506266,2.756892
2022-07-15 10:55:41,0,0,9.405941,0.7425743,0,81.93069,3.465347,0.4950495,3.465347
2022-07-15 10:55:40,0,0,5.541562,0,0,82.11587,2.770781,0,6.801008
2022-07-15 10:55:39,0,0,5.721393,0.2487562,0,88.30846,1.741294,0.2487562,2.736318
2022-07-15 10:55:38,0,0,8.706468,0.4975124,0,80.84577,3.233831,0.2487562,3.731343
2022-07-15 10:55:37,0,0,8.977556,0.2493766,0,84.78803,2.743142,0,2.992519
2022-07-15 10:55:36,0,0,9.25,0.5,0,84.5,3,0.25,2.25
2022-07-15 10:55:35,0,0,9.701493,0.2487562,0,83.33333,3.731343,0.2487562,1.99005
2022-07-15 10:55:34,0,0,6.699752,0.4962779,0,84.36725,2.729529,0,4.218362
2022-07-15 10:55:33,0,0,7.881773,0.7389163,0,83.25123,2.463054,0.4926108,4.433498
2022-07-15 10:55:32,0,0,8.542714,0.2512563,0,85.92965,2.261307,0,2.512563
2022-07-15 10:55:31,0,0,7.25,0.25,0,82.75,3.25,0.25,5.25
2022-07-15 10:55:30,0,0,8.208955,0.2487562,0,85.57214,2.487562,0.2487562,2.487562
2022-07-15 10:55:29,0,0,10.669975,0.4962779,0,85.85608,1.985112,0.248139,0.4962779
2022-07-15 10:55:28,0,0,7.5,1,0,85.75,2,0,2.75
2022-07-15 10:55:27,0,0,9.5,0.5,0,87,1.75,0.25,0.75
2022-07-15 10:55:26,0,0,9.452736,0.4975124,0,83.08458,3.482587,0.2487562,2.487562
2022-07-15 10:55:25,0,0,9.06801,0,0,86.90176,2.770781,0,1.0075567
2022-07-15 10:55:24,0,0,11.442786,0.2487562,0,81.59204,2.985075,0.2487562,2.985075
2022-07-15 10:55:23,0,0,6.549118,0.5037783,0,86.64987,2.518892,0.2518892,2.267003
2022-07-15 10:55:22,0,0,11.5,0.25,0,85.5,2.25,0.25,0
2022-07-15 10:55:21,0,0,7.25,0.25,0,88.75,2.5,0.25,0.75
2022-07-15 10:55:20,0,0,7.769424,0.5012531,0,83.20802,3.007519,0.2506266,4.260652
2022-07-15 10:55:19,0,0,9.52381,0,0,86.71679,2.255639,1.0025063,0
2022-07-15 10:55:18,0,0,10.25,0.5,0,84.75,2.5,0.25,0.25
2022-07-15 10:55:17,0,0,10.723192,0.2493766,0,84.78803,2.992519,0.2493766,0.4987531
2022-07-15 10:55:16,0,0,10.224439,0.2493766,0,85.28678,3.241895,0.2493766,0.2493766
2022-07-15 10:55:15,0,0,10.941476,0,0,86.51399,2.035623,0,0.2544529
2022-07-15 10:55:14,0,0,10,0.25,0,85.75,2.75,0.5,0
2022-07-15 10:55:13,0,0,11.471322,0.2493766,0,86.03491,1.745636,0.2493766,0
2022-07-15 10:55:12,0,0,12.406948,0.4962779,0,82.38213,3.225806,0.248139,0.4962779
2022-07-15 10:55:11,0,0,7.575758,0.5050505,0,86.86869,2.272727,0,1.5151515
2022-07-15 10:55:10,0,0,9.52381,0.5012531,0,86.46617,3.007519,0.2506266,0
2022-07-15 10:55:09,0,0,10.972569,0.4987531,0,85.53616,1.995012,0.2493766,0.2493766
2022-07-15 10:55:08,0,0,9.950249,0.2487562,0,86.31841,2.736318,0,0.2487562
2022-07-15 10:55:07,0,0,10.526316,0.2506266,0,86.46617,2.255639,0,0
2022-07-15 10:55:06,0,0,11,0,0,85.75,2.25,0.25,0.25
2022-07-15 10:55:05,0,0,10.972569,0.2493766,0,85.78554,1.995012,0.4987531,0.2493766
2022-07-15 10:55:04,0,0,10.275689,0.2506266,0,86.96742,2.005013,0.2506266,0
2022-07-15 10:55:03,0,0,10.447761,0,0,85.32338,2.985075,0.2487562,0.2487562
2022-07-15 10:55:02,0,0,14.536341,0.2506266,0,79.44862,2.756892,0.2506266,2.506266
2022-07-15 10:55:01,0,0,8.684864,0.7444169,0,81.88586,3.225806,0.248139,4.218362
2022-07-15 10:55:00,0,0,8.706468,0.4975124,0,82.58706,2.487562,0.2487562,3.9801
2022-07-15 10:54:59,0,0,6.218905,0.7462687,0,81.59204,3.9801,0.2487562,5.472637
2022-07-15 10:54:58,0,0,8.436725,0,0,87.09677,1.736973,0,2.233251
2022-07-15 10:54:57,0,0,8.816121,0.5037783,0,84.63476,2.770781,0.2518892,2.267003
2022-07-15 10:54:56,0,0,7.808564,0.2518892,0,86.1461,2.267003,0.2518892,2.518892
2022-07-15 10:54:55,0,0,8.25,0.25,0,88,1.5,0.25,1.5
2022-07-15 10:54:54,0,0,11.19403,0,0,83.58209,3.233831,0.2487562,1.2437811
2022-07-15 10:54:53,0,0,7.21393,0.7462687,0,84.0796,3.233831,0.2487562,3.731343
2022-07-15 10:54:52,0,0,6.483791,0.2493766,0,84.78803,1.995012,0.2493766,5.236908
2022-07-15 10:54:51,0,0,11.940299,0.4975124,0,82.08955,3.233831,0.2487562,1.4925373
2022-07-15 10:54:50,0,0,8.188586,0.7444169,0,84.86352,2.233251,0.248139,2.729529
2022-07-15 10:54:49,0,0,8.585859,0.2525253,0,82.32323,3.030303,0.2525253,4.79798
2022-07-15 10:54:48,0,0,8.436725,0.7444169,0,84.36725,2.729529,0.248139,1.985112
2022-07-15 10:54:47,0,0,4.455446,0.7425743,0,74.0099,2.970297,0.4950495,12.376238
2022-07-15 10:54:46,0,0,5.985037,0.9975062,0,83.79052,3.491272,0.2493766,4.239401
2022-07-15 10:54:45,0,0,7.940447,0.9925558,0,80.8933,3.722084,0.248139,4.962779
2022-07-15 10:54:44,0,0,9,0.5,0,86,2.25,0.25,1.75
2022-07-15 10:54:43,0,0,8.188586,0.4962779,0,84.11911,2.977667,0,3.473945
2022-07-15 10:54:42,0,0,8.270677,0.2506266,0,86.21554,2.506266,0,2.756892
2022-07-15 10:54:41,0,0,7.920792,0.2475248,0,84.40594,2.227723,0.2475248,3.465347
2022-07-15 10:54:40,0,0,7.960199,0.4975124,0,83.08458,2.238806,0.2487562,5.472637
2022-07-15 10:54:39,0,0,7.25,0.25,0,84.75,2.5,0.5,3
2022-07-15 10:54:38,0,0,9.476309,0,0,87.78055,2.493766,0,0.2493766
2022-07-15 10:54:37,0,0,11.386139,0.2475248,0,81.43564,3.465347,0,2.970297
2022-07-15 10:54:36,0,0,6.965174,0.2487562,0,80.59701,3.233831,0.4975124,6.716418
2022-07-15 10:54:35,0,0,8.060453,0.5037783,0,84.38287,3.02267,0,2.518892
2022-07-15 10:54:34,0,0,9.226933,0.4987531,0,84.53865,2.743142,0.2493766,1.995012
2022-07-15 10:54:33,0,0,7.017544,0.2506266,0,86.71679,2.506266,0,1.754386
2022-07-15 10:54:32,0,0,7.98005,0.2493766,0,87.2818,1.745636,0.2493766,1.995012
2022-07-15 10:54:31,0,0,10,0.75,0,82,2.75,0.25,2.75
2022-07-15 10:54:30,0,0,6,0,0,88.5,2.25,0.25,1.75
2022-07-15 10:54:29,0,0,9.52381,0.2506266,0,86.96742,2.005013,0,0.5012531
2022-07-15 10:54:28,0,0,10.473815,0.4987531,0,85.53616,3.241895,0.2493766,0
2022-07-15 10:54:27,0,0,10.723192,0.2493766,0,85.53616,2.493766,0.2493766,0.2493766
2022-07-15 10:54:26,0,0,10.025063,0.2506266,0,85.46366,2.005013,0.2506266,1.5037594
2022-07-15 10:54:25,0,0,10.199005,0.2487562,0,86.06965,2.487562,0.2487562,0.2487562
2022-07-15 10:54:24,0,0,11.386139,0.2475248,0,79.9505,3.712871,0.4950495,0.7425743
2022-07-15 10:54:23,0,0,8.816121,0,0,84.63476,4.030227,0.2518892,1.2594458
2022-07-15 10:54:22,0,0,9.547739,0.7537688,0,86.93467,2.763819,0,0
2022-07-15 10:54:21,0,0,11.221945,0.2493766,0,83.04239,3.241895,0.2493766,0.2493766
2022-07-15 10:54:20,0,0,9.925558,0,0,87.59305,1.736973,0.248139,0.248139
2022-07-15 10:54:19,0,0,10.275689,0.2506266,0,86.46617,2.255639,0.2506266,0
2022-07-15 10:54:18,0,0,12.846348,0,0,83.87909,2.770781,0.2518892,0.2518892
2022-07-15 10:54:17,0,0,12.437811,0.4975124,0,83.33333,2.736318,0.2487562,0.2487562
2022-07-15 10:54:16,0,0,8.229426,0.4987531,0,84.78803,2.992519,0.4987531,2.493766
2022-07-15 10:54:15,0,0,9.950249,0.2487562,0,85.07463,2.238806,0.2487562,1.4925373
2022-07-15 10:54:14,0,0,8.955224,0.2487562,0,83.08458,3.731343,0.2487562,2.985075
2022-07-15 10:54:13,0,0,6.265664,0.2506266,0,90.47619,1.754386,0.2506266,0.5012531
2022-07-15 10:54:12,0,0,11.442786,0.2487562,0,84.57711,2.736318,0.2487562,0.2487562
2022-07-15 10:54:11,0,0,7.98005,0.2493766,0,85.53616,3.740648,0.4987531,0.7481297
2022-07-15 10:54:10,0,0,10.5,0.75,0,84.25,3.25,0.5,0.5
2022-07-15 10:54:09,0,0,8.816121,0,0,86.1461,2.770781,0.2518892,1.2594458
2022-07-15 10:54:08,0,0,13.216958,0.2493766,0,83.79052,1.995012,0.4987531,0
2022-07-15 10:54:07,0,0,11.278195,0.2506266,0,81.95489,2.756892,0,3.007519
2022-07-15 10:54:06,0,0,6.203474,0.4962779,0,84.36725,2.729529,0,4.71464
2022-07-15 10:54:05,0,0,8.933002,0.248139,0,83.12655,2.729529,0.248139,4.218362
2022-07-15 10:54:04,0,0,8.79397,0.5025126,0,83.66834,2.763819,0.2512563,3.517588
2022-07-15 10:54:03,0,0,6.947891,0.4962779,0,82.63027,2.233251,0,6.203474
2022-07-15 10:54:02,0,0,7.26817,0.2506266,0,87.46867,2.005013,0.2506266,2.506266
2022-07-15 10:54:01,0,0,9.701493,0.2487562,0,82.83582,2.736318,0.2487562,3.731343
2022-07-15 10:54:00,0,0,9.273183,0.5012531,0,84.96241,3.258145,0,1.754386
2022-07-15 10:53:59,0,0,6.435644,0.4950495,0,79.20792,3.465347,0.2475248,7.920792
2022-07-15 10:53:58,0,0,7.017544,0.5012531,0,83.45865,2.255639,0.5012531,5.012531
2022-07-15 10:53:57,0,0,6.947891,0.4962779,0,84.11911,2.729529,0.4962779,4.466501
2022-07-15 10:53:56,0,0,9,0.5,0,83.75,3,0.25,3.25
2022-07-15 10:53:55,0,0,8.684864,0.4962779,0,85.11166,2.977667,0.4962779,1.736973
2022-07-15 10:53:54,0,0,9.20398,0.7462687,0,83.83085,2.238806,0.2487562,2.736318
2022-07-15 10:53:53,0,0,7.21393,0.4975124,0,86.56716,2.487562,0.2487562,2.736318
2022-07-15 10:53:52,0,0,8.436725,0.7444169,0,78.90819,2.977667,0.248139,7.19603
2022-07-15 10:53:51,0,0,9.75,0,0,84,3.25,0.25,2.25
2022-07-15 10:53:50,0,0,4.71464,0.7444169,0,78.90819,2.233251,0.248139,10.421836
2022-07-15 10:53:49,0,0,6.699752,0,0,89.57816,2.48139,0.4962779,0.4962779
2022-07-15 10:53:48,0,0,11.970075,0.2493766,0,83.79052,2.743142,0.2493766,0.4987531
2022-07-15 10:53:47,0,0,8.25,0.25,0,82.25,3.75,0,4.75
2022-07-15 10:53:46,0,0,13.283208,0.5012531,0,82.45614,2.756892,0.5012531,0.2506266
2022-07-15 10:53:45,0,0,3.448276,0.7389163,0,72.41379,2.463054,0.2463054,13.054187
2022-07-15 10:53:44,0,0,7.920792,0.2475248,0,84.65347,2.970297,0.2475248,3.465347
2022-07-15 10:53:43,0,0,10.552764,0.2512563,0,83.66834,2.261307,0,2.512563
2022-07-15 10:53:42,0,0,6.947891,0.7444169,0,82.38213,2.233251,0.248139,6.451613
2022-07-15 10:53:41,0,0,6.75,0.5,0,82,3.25,0.25,5.25
2022-07-15 10:53:40,0,0,7.692308,0.4962779,0,83.87097,2.977667,0.4962779,3.970223
2022-07-15 10:53:39,0,0,7.788945,0.2512563,0,84.92462,2.261307,0,4.773869
2022-07-15 10:53:38,0,0,10.025063,0.2506266,0,84.21053,2.756892,0.2506266,1.5037594
2022-07-15 10:53:37,0,0,8.457711,0.4975124,0,84.0796,3.233831,0.2487562,2.736318
2022-07-15 10:53:36,0,0,7.407407,0.4938272,0,83.20988,3.45679,0.2469136,4.444444
2022-07-15 10:53:35,0,0,7.462687,0.4975124,0,82.58706,3.482587,0.4975124,4.726368
2022-07-15 10:53:34,0,0,6.188119,1.2376238,0,79.70297,3.217822,0,7.920792
2022-07-15 10:53:33,0,0,7.769424,0.2506266,0,85.46366,2.255639,0.5012531,3.508772
2022-07-15 10:53:32,0,0,11.5,0.5,0,84.25,2.75,0.25,0.5
2022-07-15 10:53:31,0,0,6.965174,0.2487562,0,84.0796,2.238806,0.4975124,4.726368
2022-07-15 10:53:30,0,0,6.234414,1.4962594,0,80.04988,1.995012,0,7.23192
2022-07-15 10:53:29,0,0,7.711443,0.2487562,0,86.06965,3.233831,0.4975124,0.9950249
2022-07-15 10:53:28,0,0,9.701493,0.2487562,0,86.56716,2.487562,0.2487562,0.2487562
2022-07-15 10:53:27,0,0,8.542714,0.2512563,0,84.67337,3.015075,0,2.512563
2022-07-15 10:53:26,0,0,7.5,0.25,0,89.5,2,0.25,0.25
2022-07-15 10:53:25,0,0,10.75,0.5,0,85,3.25,0,0.25
2022-07-15 10:53:24,0,0,10.447761,0.2487562,0,86.31841,2.487562,0.2487562,0
2022-07-15 10:53:23,0,0,13.681592,0.2487562,0,80.84577,3.233831,0.4975124,0.9950249
2022-07-15 10:53:22,0,0,6.982544,0.7481297,0,84.28928,3.241895,0.2493766,3.241895
2022-07-15 10:53:21,0,0,7.23192,0,0,86.78304,2.493766,0.2493766,2.493766
2022-07-15 10:53:20,0,0,14.5,0.5,0,80.5,4,0.25,0
2022-07-15 10:53:19,0,0,9.52381,0.5012531,0,83.70927,2.756892,0.2506266,3.007519
2022-07-15 10:53:18,0,0,8.5,0.25,0,83.75,2.5,0.5,4.25
2022-07-15 10:53:17,0,0,7.960199,0.2487562,0,87.56219,2.487562,0,0.9950249
2022-07-15 10:53:16,0,0,7.23192,0.2493766,0,89.77556,1.995012,0.4987531,0
2022-07-15 10:53:15,0,0,10.5,0.25,0,86.5,2,0.25,0.25
2022-07-15 10:53:14,0,0,10.972569,0.2493766,0,82.79302,2.493766,0,2.743142
2022-07-15 10:53:13,0,0,9.5,0.25,0,82.25,3.25,0.5,3
2022-07-15 10:53:12,0,0,12.311558,0.2512563,0,83.66834,2.512563,0.2512563,0.7537688
2022-07-15 10:53:11,0,0,7.481297,0.4987531,0,83.54115,3.241895,0.2493766,3.241895
2022-07-15 10:53:10,0,0,7.444169,0.4962779,0,84.11911,3.970223,0.4962779,2.729529
2022-07-15 10:53:09,0,0,9.59596,0,0,87.37374,2.777778,0,0
2022-07-15 10:53:08,0,0,11.809045,0.2512563,0,84.67337,2.261307,0.2512563,0.5025126
2022-07-15 10:53:07,0,0,13.647643,0.248139,0,82.134,2.729529,0,0.9925558
2022-07-15 10:53:06,0,0,4.738155,0.2493766,0,88.77805,2.244389,0.2493766,2.992519
2022-07-15 10:53:05,0,0,9.5,0.5,0,87,2.25,0,0.25
2022-07-15 10:53:04,0,0,10.25,0.25,0,85.25,3,0,0.75
2022-07-15 10:53:03,0,0,10.972569,0,0,85.78554,2.743142,0.2493766,0
2022-07-15 10:53:02,0,0,10.050251,0.2512563,0,86.1809,2.261307,0.5025126,0.2512563
2022-07-15 10:53:01,0,0,11.5,0.5,0,84.25,2.5,0,0.25
2022-07-15 10:53:00,0,0,9.5,0.25,0,86.5,2.75,0.25,0.25
2022-07-15 10:52:59,0,0,12.655087,0.248139,0,79.65261,4.218362,0,1.985112
2022-07-15 10:52:58,0,0,8.040201,0.2512563,0,88.44221,2.261307,0.2512563,0
2022-07-15 10:52:57,0,0,9.725686,0.2493766,0,87.2818,2.244389,0.2493766,0
2022-07-15 10:52:56,0,0,10.526316,0.2506266,0,85.71429,2.506266,0.5012531,0
2022-07-15 10:52:55,0,0,10.447761,0.2487562,0,86.06965,2.736318,0.2487562,0
2022-07-15 10:52:54,0,0,10.473815,0.4987531,0,84.28928,2.743142,0.4987531,0.7481297
2022-07-15 10:52:53,0,0,10.5,0.5,0,85.5,3,0.25,0
2022-07-15 10:52:52,0,0,10.75,0.25,0,85.5,2.5,0.25,0.25
2022-07-15 10:52:51,0,0,10.75,0.25,0,84.75,3,0.25,0
2022-07-15 10:52:50,0,0,11.970075,0.4987531,0,84.78803,2.493766,0,0
2022-07-15 10:52:49,0,0,8.77193,0.2506266,0,86.71679,2.255639,0.2506266,1.2531328
2022-07-15 10:52:48,0,0,10.552764,0,0,86.43216,2.01005,0.5025126,0
2022-07-15 10:52:47,0,0,15.9601,0.4987531,0,78.30424,3.990025,0.4987531,0.4987531
2022-07-15 10:52:46,0,0,6.75,0.75,0,82.75,3.5,0.25,4.75
2022-07-15 10:52:45,0,0,9.52381,0,0,86.46617,2.506266,0.2506266,0.7518797
2022-07-15 10:52:44,0,0,10.224439,0.4987531,0,86.03491,1.995012,0.2493766,0.7481297
2022-07-15 10:52:43,0,0,7.25,0.5,0,84.75,3,0,4
2022-07-15 10:52:42,0,0,9.226933,0.4987531,0,84.53865,2.493766,0.2493766,2.493766
2022-07-15 10:52:41,0,0,6.313131,0,0,88.13131,2.020202,0.2525253,2.525253
2022-07-15 10:52:40,0,0,12.5,0.5,0,83.75,2.75,0.25,0
2022-07-15 10:52:39,0,0,9.701493,0.4975124,0,83.33333,2.985075,0.4975124,2.736318
2022-07-15 10:52:38,0,0,5.955335,0.248139,0,82.38213,2.48139,0.248139,6.947891
2022-07-15 10:52:37,0,0,7.017544,0.5012531,0,81.95489,3.508772,0.2506266,5.263158
2022-07-15 10:52:36,0,0,7.142857,0.2463054,0,82.0197,3.20197,0.4926108,5.665025
2022-07-15 10:52:35,0,0,3.722084,1.2406948,0,79.15633,2.48139,0,9.677419
2022-07-15 10:52:34,0,0,7.828283,0.5050505,0,80.30303,3.282828,0,6.818182
2022-07-15 10:52:33,0,0,4.726368,0.7462687,0,78.35821,2.487562,0.7462687,11.442786
2022-07-15 10:52:32,0,0,8.270677,0.5012531,0,86.71679,1.5037594,0.2506266,2.005013
2022-07-15 10:52:31,0,0,6.483791,0.2493766,0,87.03242,3.241895,0.2493766,2.493766
2022-07-15 10:52:30,0,0,10.552764,0,0,86.43216,2.512563,0.2512563,0
2022-07-15 10:52:29,0,0,10.696517,0.7462687,0,81.09453,3.233831,0,3.233831
2022-07-15 10:52:28,0,0,9.022556,0,0,85.46366,3.258145,0.5012531,1.0025063
2022-07-15 10:52:27,0,0,10.327456,0.5037783,0,84.38287,2.770781,0,2.015113
2022-07-15 10:52:26,0,0,7.960199,0.4975124,0,83.83085,2.736318,0.2487562,3.731343
2022-07-15 10:52:25,0,0,6.403941,0.9852217,0,80.04926,2.70936,0.2463054,7.881773
2022-07-15 10:52:24,0,0,5.432099,1.4814815,0,80.24691,2.716049,0.2469136,8.888889
2022-07-15 10:52:23,0,0,7.304786,0.2518892,0,79.84887,3.526448,0.5037783,7.808564
2022-07-15 10:52:22,0,0,9.725686,0.2493766,0,86.03491,2.244389,0,1.2468828
2022-07-15 10:52:21,0,0,7.920792,0.4950495,0,82.67327,2.970297,0.2475248,4.207921
2022-07-15 10:52:20,0,0,7.017544,0.2506266,0,83.20802,2.005013,0.5012531,6.015038
2022-07-15 10:52:19,0,0,8.910891,1.2376238,0,80.94059,2.475248,0.2475248,4.950495
2022-07-15 10:52:18,0,0,5.513784,0.5012531,0,79.44862,2.506266,0.5012531,8.02005
2022-07-15 10:52:17,0,0,5.365854,1.4634146,0,78.53659,2.195122,0.2439024,9.02439
2022-07-15 10:52:16,0,0,6.982544,0.4987531,0,83.29177,3.241895,0.2493766,4.488778
2022-07-15 10:52:15,0,0,7.518797,0.2506266,0,88.22055,2.506266,0.2506266,1.0025063
2022-07-15 10:52:14,0,0,7.940447,0.248139,0,85.3598,2.233251,0,3.970223
2022-07-15 10:52:13,0,0,10.224439,0.4987531,0,79.05237,3.241895,0,4.738155
2022-07-15 10:52:12,0,0,7.75,0.75,0,83.5,2.5,0.25,4
2022-07-15 10:52:11,0,0,7.23192,0.7481297,0,83.04239,3.241895,0.2493766,3.491272
2022-07-15 10:52:10,0,0,4.477612,0.7462687,0,87.06468,1.4925373,0.2487562,5.223881
2022-07-15 10:52:09,0,0,9.226933,0.2493766,0,86.53367,2.992519,0.2493766,0.2493766
2022-07-15 10:52:08,0,0,11.779449,0.2506266,0,84.71178,2.506266,0.2506266,0
2022-07-15 10:52:07,0,0,10.526316,0.5012531,0,84.71178,3.508772,0,0
2022-07-15 10:52:06,0,0,10.75,0.25,0,86.25,2.25,0.25,0
2022-07-15 10:52:05,0,0,10.696517,0,0,84.82587,3.233831,0.4975124,0
2022-07-15 10:52:04,0,0,10.526316,0.5012531,0,85.96491,2.255639,0,0.2506266
2022-07-15 10:52:03,0,0,10.723192,0.2493766,0,86.28429,2.244389,0.2493766,0
2022-07-15 10:52:02,0,0,11.779449,0.5012531,0,83.20802,3.258145,0.2506266,0.2506266
2022-07-15 10:52:01,0,0,9.226933,0,0,87.03242,2.743142,0,0.2493766
2022-07-15 10:52:00,0,0,11.5,0.5,0,84.25,3,0.5,0
2022-07-15 10:51:59,0,0,9.476309,0.2493766,0,86.03491,2.493766,0.2493766,0.4987531
2022-07-15 10:51:58,0,0,10.025063,0,0,85.96491,2.506266,0.2506266,1.0025063
2022-07-15 10:51:57,0,0,10.275689,0.2506266,0,84.21053,3.759398,0.2506266,0.5012531
2022-07-15 10:51:56,0,0,10.224439,0.2493766,0,86.78304,1.745636,0.4987531,0
2022-07-15 10:51:55,0,0,10.473815,0.4987531,0,86.03491,2.743142,0.2493766,0
2022-07-15 10:51:54,0,0,9.547739,0,0,84.42211,2.261307,0,0.2512563
2022-07-15 10:51:53,0,0,10.918114,0.248139,0,85.85608,2.233251,0.248139,0.248139
2022-07-15 10:51:52,0,0,10.301508,0.2512563,0,86.68342,2.261307,0.2512563,0
2022-07-15 10:51:51,0,0,11,0.5,0,84,2.75,0.5,0.5
2022-07-15 10:51:50,0,0,9.701493,0.2487562,0,84.0796,2.487562,0.4975124,2.238806
2022-07-15 10:51:49,0,0,9.5,0.25,0,87.25,2.25,0.25,0.25
2022-07-15 10:51:48,0,0,12.468828,0.2493766,0,80.54863,3.740648,0.2493766,1.995012
2022-07-15 10:51:47,0,0,11.616162,0.2525253,0,79.79798,4.545455,0,3.030303
2022-07-15 10:51:46,0,0,7.160494,0.2469136,0,85.67901,2.962963,0.4938272,3.209877
2022-07-15 10:51:45,0,0,8.72818,0.7481297,0,78.80299,3.740648,0.7481297,6.234414
2022-07-15 10:51:44,0,0,7.960199,0.2487562,0,84.82587,2.736318,0.2487562,2.985075
2022-07-15 10:51:43,0,0,9.653465,0.2475248,0,83.41584,2.722772,0.4950495,2.970297
2022-07-15 10:51:42,0,0,5.707196,0.7444169,0,82.134,2.48139,0.248139,8.188586
2022-07-15 10:51:41,0,0,5.012531,0.2506266,0,92.73183,1.0025063,0.2506266,0.5012531
2022-07-15 10:51:40,0,0,9.975062,0.2493766,0,85.53616,3.241895,0.2493766,0.2493766
2022-07-15 10:51:39,0,0,10.75,0.75,0,85.25,2.5,0.25,0.25
2022-07-15 10:51:38,0,0,11.25,0.25,0,80,3.75,0.25,4
2022-07-15 10:51:37,0,0,10.526316,0.2506266,0,82.20551,3.759398,0.5012531,2.005013
2022-07-15 10:51:36,0,0,8.229426,0.4987531,0,84.0399,3.491272,0.2493766,2.743142
2022-07-15 10:51:35,0,0,11,0.25,0,85.75,2.5,0.25,0.25
2022-07-15 10:51:34,0,0,12.468828,0,0,80.04988,3.241895,0.7481297,2.244389
2022-07-15 10:51:33,0,0,8.457711,0.2487562,0,81.8408,3.233831,0.2487562,4.726368
2022-07-15 10:51:32,0,0,6.467662,0.4975124,0,83.33333,2.736318,0.4975124,4.726368
2022-07-15 10:51:31,0,0,7.98005,0.2493766,0,81.29676,3.491272,0.4987531,4.987531
2022-07-15 10:51:30,0,0,5.721393,0.9950249,0,81.09453,2.985075,0.2487562,6.965174
2022-07-15 10:51:29,0,0,9.20398,0.7462687,0,85.8209,2.238806,0,1.741294
2022-07-15 10:51:28,0,0,6.203474,0.7444169,0,81.14144,4.71464,0.248139,5.955335
2022-07-15 10:51:27,0,0,10.173697,0.248139,0,83.87097,3.722084,0.4962779,1.2406948
2022-07-15 10:51:26,0,0,6.733167,0.2493766,0,85.28678,2.743142,0.2493766,3.990025
2022-07-15 10:51:25,0,0,9.296482,0.2512563,0,80.65327,5.276382,0.2512563,3.768844
2022-07-15 10:51:24,0,0,7.730673,0.2493766,0,81.54613,4.488778,0.2493766,4.239401
2022-07-15 10:51:23,0,0,9.20398,0,0,82.08955,3.233831,0.4975124,3.9801
2022-07-15 10:51:22,0,0,6.5,0.5,0,85,3,0,4
2022-07-15 10:51:21,0,0,8.955224,0,0,83.58209,3.482587,0.2487562,2.985075
2022-07-15 10:51:20,0,0,4.75,0.25,0,88.25,2.25,0,3.75
2022-07-15 10:51:19,0,0,9.20398,0.2487562,0,87.06468,2.736318,0.4975124,0
2022-07-15 10:51:18,0,0,10.025063,0.2506266,0,85.71429,2.756892,0.2506266,0.5012531
2022-07-15 10:51:17,0,0,11.055276,0.2512563,0,85.67839,2.261307,0.2512563,0
2022-07-15 10:51:16,0,0,10.25,0.5,0,86,2.25,0.5,0.25
2022-07-15 10:51:15,0,0,10.696517,0.2487562,0,85.07463,3.233831,0.2487562,0
2022-07-15 10:51:14,0,0,10.526316,0,0,85.21303,3.258145,0.2506266,0.2506266
2022-07-15 10:51:13,0,0,11.335013,0.5037783,0,84.63476,2.518892,0,0.2518892
2022-07-15 10:51:12,0,0,10.945274,0,0,83.08458,3.233831,0,1.4925373
2022-07-15 10:51:11,0,0,10.75,0.5,0,85.75,2,0.5,0
2022-07-15 10:51:10,0,0,11.91067,0.248139,0,79.90074,3.722084,0.248139,3.722084
2022-07-15 10:51:09,0,0,6.25,0.5,0,85,2,0,4.25
2022-07-15 10:51:08,0,0,10.526316,0.2506266,0,85.96491,2.506266,0,0.2506266
2022-07-15 10:51:07,0,0,7.920792,0.4950495,0,77.72277,2.970297,0.4950495,9.405941
2022-07-15 10:51:06,0,0,4.207921,0.4950495,0,88.61386,1.732673,0.2475248,4.207921
2022-07-15 10:51:05,0,0,9.823678,0.2518892,0,86.90176,2.518892,0,0.2518892
2022-07-15 10:51:04,0,0,10.723192,0.4987531,0,85.28678,2.743142,0.2493766,0
2022-07-15 10:51:03,0,0,10.5,0.25,0,86.25,2.5,0.25,0.25
2022-07-15 10:51:02,0,0,10.5,0.25,0,86.75,1.75,0,0.25
2022-07-15 10:51:01,0,0,12.75,0,0,82,3.75,0.25,0.5
2022-07-15 10:51:00,0,0,9.547739,0.2512563,0,78.64322,10.301508,0.2512563,0.5025126
2022-07-15 10:50:59,0,0,11.720698,0.4987531,0,83.04239,3.990025,0.2493766,0.2493766
2022-07-15 10:50:58,0,0,9.653465,0.4950495,0,82.92079,2.722772,0.2475248,3.217822
2022-07-15 10:50:57,0,0,6.451613,0.4962779,0,84.11911,2.729529,0.248139,5.210918
2022-07-15 10:50:56,0,0,8,0.25,0,89.25,1.75,0.25,0.25
2022-07-15 10:50:55,0,0,10.526316,0.5012531,0,85.71429,2.756892,0,0
2022-07-15 10:50:54,0,0,10.447761,0.4975124,0,85.57214,2.736318,0.2487562,0.2487562
2022-07-15 10:50:53,0,0,10.050251,0,0,85.92965,3.517588,0,0
2022-07-15 10:50:52,0,0,10.473815,0.4987531,0,84.0399,3.241895,0.2493766,0.7481297
2022-07-15 10:50:51,0,0,10.643564,0.2475248,0,85.14851,2.722772,0.4950495,0.2475248
2022-07-15 10:50:50,0,0,10.80402,0,0,85.67839,2.763819,0,0.2512563
2022-07-15 10:50:49,0,0,13,0.25,0,82.75,3.25,0.25,0.5
2022-07-15 10:50:48,0,0,8.955224,0.4975124,0,85.8209,2.985075,0.2487562,0.7462687
2022-07-15 10:50:47,0,0,9.319899,0.5037783,0,87.90932,1.763224,0.2518892,0
2022-07-15 10:50:46,0,0,11.720698,0.2493766,0,84.0399,2.992519,0.4987531,0.2493766
2022-07-15 10:50:45,0,0,9.319899,0.2518892,0,86.1461,3.02267,0.2518892,0.2518892
2022-07-15 10:50:44,0,0,10.473815,0.4987531,0,85.28678,2.493766,0.4987531,0.2493766
2022-07-15 10:50:43,0,0,10.945274,0,0,85.8209,2.487562,0.2487562,0
2022-07-15 10:50:42,0,0,10.301508,0.2512563,0,86.43216,2.512563,0,0
2022-07-15 10:50:41,0,0,9.975062,0.4987531,0,85.03741,2.244389,0.4987531,0
2022-07-15 10:50:40,0,0,10.353535,0,0,85.35354,2.020202,0,0.2525253
2022-07-15 10:50:39,0,0,10.891089,0,0,85.39604,2.722772,0.2475248,0.2475248
2022-07-15 10:50:38,0,0,10.606061,0.5050505,0,86.11111,2.020202,0.5050505,0
2022-07-15 10:50:37,0,0,13.5,0,0,81.75,3.5,0.25,0.75
2022-07-15 10:50:36,0,0,8.75,0.5,0,86.25,2.75,0.25,0.75
2022-07-15 10:50:35,0,0,8.79397,0,0,87.18593,3.015075,0.2512563,0
2022-07-15 10:50:34,0,0,11.471322,0.2493766,0,84.28928,2.992519,0.2493766,0.2493766
2022-07-15 10:50:33,0,0,9.5,0.25,0,85.25,3,0.25,1.25
2022-07-15 10:50:32,0,0,10.25,0.5,0,86,2.75,0.25,0
2022-07-15 10:50:31,0,0,10.579345,0.2518892,0,85.39043,2.267003,0.2518892,0.5037783
2022-07-15 10:50:30,0,0,10.526316,0.5012531,0,85.46366,2.756892,0.2506266,0
2022-07-15 10:50:29,0,0,10.526316,0,0,86.46617,2.255639,0.2506266,0.2506266
2022-07-15 10:50:28,0,0,11.940299,0.4975124,0,84.32836,1.741294,0.2487562,0.4975124
2022-07-15 10:50:27,0,0,13.965087,0.2493766,0,79.8005,3.990025,0.2493766,1.745636
2022-07-15 10:50:26,0,0,5.778894,0.2512563,0,90.20101,2.01005,0.2512563,1.0050251
2022-07-15 10:50:25,0,0,11.75,0,0,84.25,3.25,0,0.25
2022-07-15 10:50:24,0,0,8.040201,0.5025126,0,85.92965,3.015075,0.2512563,0.7537688
2022-07-15 10:50:23,0,0,7.537688,0,0,85.92965,3.015075,0,2.261307
2022-07-15 10:50:22,0,0,11.75,0.25,0,83.5,3.25,0.25,0.75
2022-07-15 10:50:21,0,0,8.977556,0.4987531,0,86.78304,2.244389,0.2493766,0.2493766
2022-07-15 10:50:20,0,0,10.473815,0,0,86.28429,2.244389,0.2493766,0.2493766
2022-07-15 10:50:19,0,0,10.972569,0.4987531,0,86.03491,1.745636,0.4987531,0
2022-07-15 10:50:18,0,0,10.5,0.25,0,86.25,2.5,0.25,0
2022-07-15 10:50:17,0,0,10.75,0.5,0,86,2,0.25,0
2022-07-15 10:50:16,0,0,10.473815,0,0,85.28678,2.743142,0.7481297,0.2493766
2022-07-15 10:50:15,0,0,11.25,0.5,0,85.25,2.5,0.25,0
2022-07-15 10:50:14,0,0,15.920398,0.4975124,0,77.61194,3.731343,0.4975124,1.4925373
2022-07-15 10:50:13,0,0,6.733167,0.2493766,0,83.54115,2.493766,0,5.486284
2022-07-15 10:50:12,0,0,7.407407,0.7407407,0,84.19753,2.716049,0.2469136,3.950617
2022-07-15 10:50:11,0,0,8.060453,0.5037783,0,82.61965,2.770781,0.5037783,4.534005
2022-07-15 10:50:10,0,0,5.970149,0.4975124,0,82.83582,2.238806,0,5.970149
2022-07-15 10:50:09,0,0,9.59596,0.2525253,0,83.58586,2.777778,0.2525253,2.777778
2022-07-15 10:50:08,0,0,5.513784,0.5012531,0,82.95739,2.255639,0,7.017544
2022-07-15 10:50:07,0,0,5.985037,0.4987531,0,78.30424,2.743142,0.2493766,9.226933
2022-07-15 10:50:06,0,0,8.25,0.75,0,85.75,2.5,0.25,2.25
2022-07-15 10:50:05,0,0,10.075567,0.2518892,0,85.39043,2.518892,0,1.511335
2022-07-15 10:50:04,0,0,8.478803,0.2493766,0,86.53367,2.244389,0.2493766,1.995012
2022-07-15 10:50:03,0,0,9.975062,0.2493766,0,87.03242,2.244389,0,0.2493766
2022-07-15 10:50:02,0,0,6.015038,0.5012531,0,84.21053,2.005013,0.5012531,6.015038
2022-07-15 10:50:01,0,0,11,0.25,0,83.25,3,0,1.25
2022-07-15 10:50:00,0,0,8.521303,0.2506266,0,87.7193,2.255639,0.2506266,0.2506266
2022-07-15 10:49:59,0,0,9.022556,0.2506266,0,86.21554,3.007519,0,0.5012531
2022-07-15 10:49:58,0,0,12.311558,0.5025126,0,84.17085,2.512563,0.2512563,0
2022-07-15 10:49:57,0,0,8.888889,0,0,87.65432,2.222222,0.2469136,0.2469136
2022-07-15 10:49:56,0,0,9.798995,0,0,86.68342,2.512563,0.5025126,0.2512563
2022-07-15 10:49:55,0,0,10.473815,0.7481297,0,85.03741,2.493766,0.2493766,0.2493766
2022-07-15 10:49:54,0,0,11.027569,0,0,85.21303,3.007519,0.5012531,0
2022-07-15 10:49:53,0,0,10.301508,0.2512563,0,86.1809,2.261307,0,0.2512563
2022-07-15 10:49:52,0,0,11.221945,0,0,85.53616,2.493766,0.2493766,0
2022-07-15 10:49:51,0,0,10.25,0.25,0,84.25,2.75,0.25,0.25
2022-07-15 10:49:50,0,0,10.776942,0.2506266,0,86.71679,2.005013,0,0
2022-07-15 10:49:49,0,0,12.839506,0.2469136,0,81.7284,3.45679,0.2469136,0.7407407
2022-07-15 10:49:48,0,0,8.291457,0.2512563,0,86.93467,3.517588,0.2512563,0.2512563
2022-07-15 10:49:47,0,0,9.045226,0.2512563,0,85.92965,3.266332,0,0.2512563
2022-07-15 10:49:46,0,0,15.920398,0.7462687,0,77.8607,3.9801,0.2487562,0.9950249
2022-07-15 10:49:45,0,0,8.291457,0.2512563,0,85.17588,2.512563,0.2512563,1.758794
2022-07-15 10:49:44,0,0,8.521303,0,0,86.96742,3.007519,0,1.0025063
2022-07-15 10:49:43,0,0,9.950249,0.2487562,0,82.83582,2.487562,0.2487562,3.731343
2022-07-15 10:49:42,0,0,7.960199,0.4975124,0,79.35323,3.233831,0.2487562,6.965174
2022-07-15 10:49:41,0,0,2.729529,0.7444169,0,92.30769,0.9925558,0.248139,2.729529
2022-07-15 10:49:40,0,0,10.776942,0.2506266,0,85.46366,2.255639,0,0.2506266
2022-07-15 10:49:39,0,0,10.776942,0,0,85.71429,2.506266,0.2506266,0.2506266
2022-07-15 10:49:38,0,0,11.557789,0.5025126,0,84.92462,2.512563,0.2512563,0
2022-07-15 10:49:37,0,0,9.950249,0.2487562,0,84.57711,3.482587,0.2487562,0.7462687
2022-07-15 10:49:36,0,0,12.060302,0.2512563,0,80.65327,3.517588,0.2512563,2.512563
2022-07-15 10:49:35,0,0,8.040201,0.2512563,0,88.94472,2.01005,0,0
2022-07-15 10:49:34,0,0,12.219451,0.2493766,0,84.53865,2.244389,0,0.4987531
2022-07-15 10:49:33,0,0,8.478803,0.2493766,0,87.03242,2.743142,0.2493766,0.4987531
2022-07-15 10:49:32,0,0,11.055276,0.2512563,0,86.1809,1.758794,0.5025126,0.2512563
2022-07-15 10:49:31,0,0,10.526316,0.2506266,0,85.96491,2.005013,0.2506266,0
2022-07-15 10:49:30,0,0,9.75,0.25,0,82.75,3.25,0.25,0.25
2022-07-15 10:49:29,0,0,10.526316,0.5012531,0,85.96491,2.255639,0.2506266,0
2022-07-15 10:49:28,0,0,11.027569,0,0,86.21554,1.754386,0.2506266,0.2506266
2022-07-15 10:49:27,0,0,10.526316,0,0,85.46366,3.508772,0.2506266,0
2022-07-15 10:49:26,0,0,12.030075,0.7518797,0,79.69925,3.258145,0.2506266,3.759398
2022-07-15 10:49:25,0,0,8.816121,0.2518892,0,86.64987,2.518892,0.2518892,0.2518892
2022-07-15 10:49:24,0,0,12.25,0.5,0,83.25,3.25,0.25,0.25
2022-07-15 10:49:23,0,0,8.040201,0.2512563,0,87.18593,3.266332,0,0.2512563
2022-07-15 10:49:22,0,0,11.720698,0.2493766,0,84.53865,2.992519,0.2493766,0
2022-07-15 10:49:21,0,0,8.478803,0.2493766,0,82.04489,2.992519,0.2493766,3.740648
2022-07-15 10:49:20,0,0,10.25,0.5,0,86,2.25,0.25,0.25
2022-07-15 10:49:19,0,0,10.25,0.5,0,86.5,2,0.25,0
2022-07-15 10:49:18,0,0,10.723192,0.2493766,0,86.28429,2.244389,0.2493766,0
2022-07-15 10:49:17,0,0,10.301508,0.2512563,0,85.17588,3.015075,0,0.2512563
2022-07-15 10:49:16,0,0,10.669975,0.248139,0,84.86352,2.729529,0.4962779,0.4962779
2022-07-15 10:49:15,0,0,12.030075,0.5012531,0,84.46115,2.506266,0.2506266,0
2022-07-15 10:49:14,0,0,9.725686,0.4987531,0,85.28678,2.244389,0.2493766,1.4962594
2022-07-15 10:49:13,0,0,11.5,0.25,0,83.25,3.25,0.25,0.75
2022-07-15 10:49:12,0,0,6.699752,0.7444169,0,84.11911,2.48139,0,5.210918
2022-07-15 10:49:11,0,0,11.557789,0,0,80.90452,4.020101,0.2512563,3.015075
2022-07-15 10:49:10,0,0,7.425743,0.4950495,0,78.9604,2.970297,0.2475248,7.920792
2022-07-15 10:49:09,0,0,6.188119,0.2475248,0,81.43564,3.960396,0.2475248,6.435644
2022-07-15 10:49:08,0,0,6.982544,0.2493766,0,82.79302,2.743142,0.2493766,5.985037
2022-07-15 10:49:07,0,0,8.933002,0.248139,0,87.84119,1.985112,0.248139,0.248139
2022-07-15 10:49:06,0,0,8.333333,0,0,83.83838,2.777778,0.2525253,4.292929
2022-07-15 10:49:05,0,0,6.683168,0.7425743,0,81.18812,2.475248,0.4950495,7.178218
2022-07-15 10:49:04,0,0,10.25,0.25,0,85.25,3,0.25,0.75
2022-07-15 10:49:03,0,0,6.435644,0.2475248,0,78.21782,3.217822,0.2475248,9.653465
2022-07-15 10:49:02,0,0,4.938272,0.7407407,0,79.25926,4.197531,0.2469136,8.641975
2022-07-15 10:49:01,0,0,8.436725,0.4962779,0,82.134,2.48139,0.4962779,4.962779
2022-07-15 10:49:00,0,0,5.707196,0.7444169,0,78.90819,4.466501,0.4962779,8.188586
2022-07-15 10:48:59,0,0,7.920792,0.2475248,0,83.16832,1.980198,0.4950495,4.950495
2022-07-15 10:48:58,0,0,6.516291,0.5012531,0,82.45614,2.005013,0.5012531,7.26817
2022-07-15 10:48:57,0,0,6.188119,0.4950495,0,86.38614,2.722772,0,3.712871
2022-07-15 10:48:56,0,0,8.291457,0.2512563,0,81.65829,3.266332,0.7537688,5.025126
2022-07-15 10:48:55,0,0,6.483791,0.4987531,0,85.53616,1.995012,0,4.738155
2022-07-15 10:48:54,0,0,10.199005,0.2487562,0,82.08955,2.736318,0.2487562,3.731343
2022-07-15 10:48:53,0,0,6.733167,0.2493766,0,87.78055,1.745636,0.4987531,2.244389
2022-07-15 10:48:52,0,0,11.083123,0,0,83.12343,3.02267,0.2518892,2.267003
2022-07-15 10:48:51,0,0,7.711443,0.4975124,0,82.83582,2.736318,0,5.223881
2022-07-15 10:48:50,0,0,6.467662,0.7462687,0,80.59701,2.736318,0.4975124,6.716418
2022-07-15 10:48:49,0,0,7.142857,1.2315271,0,82.0197,2.955665,0.4926108,5.172414
2022-07-15 10:48:48,0,0,7.901235,1.2345679,0,81.7284,3.950617,0,3.45679
2022-07-15 10:48:47,0,0,9.547739,0.2512563,0,84.92462,2.261307,0.5025126,1.758794
2022-07-15 10:48:46,0,0,6.982544,0.2493766,0,82.54364,2.992519,0.4987531,4.987531
2022-07-15 10:48:45,0,0,7.425743,0.990099,0,81.93069,3.712871,0.2475248,4.207921
2022-07-15 10:48:44,0,0,9.158416,0.2475248,0,84.15842,2.475248,0.4950495,2.475248
2022-07-15 10:48:43,0,0,9.59596,0.2525253,0,86.36364,2.777778,0.2525253,0.5050505
2022-07-15 10:48:42,0,0,7.537688,0.2512563,0,85.92965,2.261307,0,3.517588
2022-07-15 10:48:41,0,0,7.425743,0.2475248,0,87.37624,2.722772,0.2475248,1.2376238
2022-07-15 10:48:40,0,0,9.975062,0.4987531,0,83.54115,2.743142,0.2493766,2.493766
2022-07-15 10:48:39,0,0,7.26817,0,0,87.7193,2.756892,0.5012531,1.2531328
2022-07-15 10:48:38,0,0,10.25,0.5,0,85.5,1.75,0.5,0.5
2022-07-15 10:48:37,0,0,10.972569,0.2493766,0,86.53367,1.995012,0,0
2022-07-15 10:48:36,0,0,10.579345,0.2518892,0,84.38287,3.526448,0.2518892,0.5037783
2022-07-15 10:48:35,0,0,12.718204,0,0,81.54613,3.740648,0.2493766,1.4962594
2022-07-15 10:48:34,0,0,6.467662,0.9950249,0,86.31841,2.487562,0.2487562,2.736318
2022-07-15 10:48:33,0,0,12.128713,0.4950495,0,83.66337,2.722772,0.4950495,0
2022-07-15 10:48:32,0,0,8.270677,0,0,85.21303,3.007519,0.2506266,2.255639
2022-07-15 10:48:31,0,0,7.940447,0.248139,0,82.38213,2.977667,0.4962779,4.466501
2022-07-15 10:48:30,0,0,4.975124,0.4975124,0,81.59204,2.736318,0,8.457711
2022-07-15 10:48:29,0,0,10.918114,0,0,82.87841,2.729529,0.248139,2.233251
2022-07-15 10:48:28,0,0,8.5,0.75,0,84.5,2.5,0.5,3
2022-07-15 10:48:27,0,0,8.977556,0.2493766,0,83.29177,2.992519,0.4987531,3.241895
2022-07-15 10:48:26,0,0,6.188119,0.2475248,0,85.89109,3.217822,0,3.465347
2022-07-15 10:48:25,0,0,9.798995,0.2512563,0,84.92462,2.763819,0.2512563,1.758794
2022-07-15 10:48:24,0,0,4.466501,0.4962779,0,82.134,3.225806,0.248139,8.188586
2022-07-15 10:48:23,0,0,8.02005,0.2506266,0,88.47118,2.255639,0.2506266,0
2022-07-15 10:48:22,0,0,10.224439,0.2493766,0,83.04239,2.493766,0.4987531,0.4987531
2022-07-15 10:48:21,0,0,11.111111,0.2525253,0,84.34343,3.282828,0,0.5050505
2022-07-15 10:48:20,0,0,9.725686,0,0,87.2818,2.244389,0.2493766,0
2022-07-15 10:48:19,0,0,10.5,0.25,0,84.75,3.25,0,0.25
2022-07-15 10:48:18,0,0,10.526316,0.7518797,0,85.96491,2.255639,0.2506266,0.2506266
2022-07-15 10:48:17,0,0,10.831234,0,0,86.39798,2.015113,0.2518892,0
2022-07-15 10:48:16,0,0,9.774436,0.2506266,0,85.46366,3.258145,0.2506266,0.5012531
2022-07-15 10:48:15,0,0,11.940299,0.4975124,0,81.59204,2.985075,0.2487562,2.238806
2022-07-15 10:48:14,0,0,12.468828,0.4987531,0,84.28928,2.244389,0.2493766,0
2022-07-15 10:48:13,0,0,7,0,0,89.75,2,0.25,0.25
2022-07-15 10:48:12,0,0,11.604938,0.4938272,0,80.98765,5.679012,0.2469136,0.4938272
2022-07-15 10:48:11,0,0,7.518797,0.2506266,0,88.7218,2.255639,0.5012531,0
2022-07-15 10:48:10,0,0,11.306533,0,0,84.67337,2.763819,0.2512563,0.7537688
2022-07-15 10:48:09,0,0,10.858586,0.2525253,0,83.58586,3.282828,0,0.5050505
2022-07-15 10:48:08,0,0,9.925558,0.4962779,0,85.60794,2.977667,0.248139,0.248139
2022-07-15 10:48:07,0,0,14.46384,0.2493766,0,81.54613,2.992519,0.2493766,0.2493766
2022-07-15 10:48:06,0,0,9.452736,0.4975124,0,82.33831,2.736318,0.2487562,3.233831
2022-07-15 10:48:05,0,0,7.692308,0.4962779,0,81.88586,2.233251,0.4962779,6.451613
2022-07-15 10:48:04,0,0,9.022556,0.2506266,0,84.96241,3.258145,0.2506266,2.005013
2022-07-15 10:48:03,0,0,8.955224,0.4975124,0,82.58706,3.731343,0.4975124,2.487562
2022-07-15 10:48:02,0,0,7,0.5,0,88.25,2.25,0.25,1.5
2022-07-15 10:48:01,0,0,9.701493,0.2487562,0,85.8209,2.736318,0.2487562,0.4975124
2022-07-15 10:48:00,0,0,9.950249,0.2487562,0,85.57214,2.238806,0,1.4925373
2022-07-15 10:47:59,0,0,7.21393,0.2487562,0,87.06468,3.9801,0.2487562,0.7462687
2022-07-15 10:47:58,0,0,11.809045,0.2512563,0,83.9196,3.015075,0.2512563,0.2512563
2022-07-15 10:47:57,0,0,9.620253,0.2531646,0,86.32911,3.037975,0.2531646,0.2531646
2022-07-15 10:47:56,0,0,10.173697,0.4962779,0,85.85608,2.729529,0.248139,0
2022-07-15 10:47:55,0,0,10.526316,0.5012531,0,84.71178,2.255639,0.2506266,1.2531328
2022-07-15 10:47:54,0,0,10.723192,0,0,85.53616,2.992519,0.4987531,0
2022-07-15 10:47:53,0,0,10.831234,0.2518892,0,85.64232,2.518892,0,0.5037783
2022-07-15 10:47:52,0,0,11.278195,0.2506266,0,84.46115,3.007519,0.7518797,0
2022-07-15 10:47:51,0,0,9.725686,0.2493766,0,85.28678,3.491272,0.2493766,0.2493766
2022-07-15 10:47:50,0,0,9.5,0.5,0,85.25,2.25,0.25,2
2022-07-15 10:47:49,0,0,13.715711,0,0,82.79302,2.992519,0,0.2493766
2022-07-15 10:47:48,0,0,10.344828,0.4926108,0,78.32512,2.463054,0.7389163,6.403941
2022-07-15 10:47:47,0,0,7.481297,0.7481297,0,84.28928,3.241895,0.2493766,2.992519
2022-07-15 10:47:46,0,0,5.486284,0.2493766,0,88.2793,1.995012,0.2493766,3.241895
2022-07-15 10:47:45,0,0,9.62963,0.2469136,0,82.22222,3.209877,0,4.197531
2022-07-15 10:47:44,0,0,9.725686,0.9975062,0,77.05736,2.992519,0,6.982544
2022-07-15 10:47:43,0,0,9.42928,0.248139,0,85.3598,2.729529,0.248139,1.2406948
2022-07-15 10:47:42,0,0,7.692308,0.4962779,0,85.3598,2.977667,0.4962779,2.48139
2022-07-15 10:47:41,0,0,8.521303,0.2506266,0,82.45614,3.508772,0.2506266,4.511278
2022-07-15 10:47:40,0,0,7.537688,0.2512563,0,89.19598,2.01005,0.2512563,0.5025126
2022-07-15 10:47:39,0,0,10.25,0.25,0,84.5,2.75,0.5,1.25
2022-07-15 10:47:38,0,0,7.769424,0.5012531,0,87.46867,2.506266,0,1.2531328
2022-07-15 10:47:37,0,0,10.918114,0.248139,0,83.62283,2.233251,0.248139,1.985112
2022-07-15 10:47:36,0,0,10.5,0,0,84.5,3.75,0,0.75
2022-07-15 10:47:35,0,0,6.965174,0.4975124,0,81.59204,2.985075,0.2487562,6.467662
2022-07-15 10:47:34,0,0,5.985037,0.7481297,0,81.54613,1.745636,0,8.229426
2022-07-15 10:47:33,0,0,5.185185,0.7407407,0,78.2716,2.469136,0.4938272,9.135802
2022-07-15 10:47:32,0,0,4.738155,0.4987531,0,79.30175,2.493766,0.2493766,10.723192
2022-07-15 10:47:31,0,0,7.160494,0.7407407,0,83.20988,3.209877,0.2469136,4.938272
2022-07-15 10:47:30,0,0,8.040201,0.2512563,0,85.17588,2.261307,0.2512563,3.015075
2022-07-15 10:47:29,0,0,7.692308,0.248139,0,85.60794,3.225806,0.248139,2.729529
2022-07-15 10:47:28,0,0,9.343434,0,0,83.58586,3.030303,0,3.030303
2022-07-15 10:47:27,0,0,6.982544,0.7481297,0,82.79302,2.244389,0.2493766,4.738155
2022-07-15 10:47:26,0,0,8.663366,0.2475248,0,84.65347,3.217822,0,2.475248
2022-07-15 10:47:25,0,0,7.035176,0.7537688,0,86.1809,2.01005,0.5025126,2.512563
2022-07-15 10:47:24,0,0,10,0,0,84.75,2.75,0.25,1.5
2022-07-15 10:47:23,0,0,8,0.75,0,84.5,3.25,0,3
2022-07-15 10:47:22,0,0,8.457711,0,0,80.34826,3.482587,0.4975124,5.721393
2022-07-15 10:47:21,0,0,5.472637,0.9950249,0,79.60199,2.487562,0.2487562,8.955224
2022-07-15 10:47:20,0,0,6.516291,0.5012531,0,82.70677,2.506266,0.2506266,6.265664
2022-07-15 10:47:19,0,0,8.229426,0,0,82.54364,2.493766,0.4987531,5.735661
2022-07-15 10:47:18,0,0,5.75,0.5,0,82.5,2,0.25,8.25
2022-07-15 10:47:17,0,0,7.25,0.25,0,88.25,2,0.5,1.25
2022-07-15 10:47:16,0,0,10.696517,0.4975124,0,81.8408,2.736318,0.2487562,3.482587
2022-07-15 10:47:15,0,0,7.444169,0.9925558,0,79.90074,3.225806,0.248139,7.444169
2022-07-15 10:47:14,0,0,8.436725,0.7444169,0,82.87841,3.473945,0.248139,3.722084
2022-07-15 10:47:13,0,0,7.98005,0.2493766,0,84.0399,2.244389,0,4.738155
2022-07-15 10:47:12,0,0,7.371007,0.982801,0,76.65848,3.931204,0.2457002,7.125307
2022-07-15 10:47:11,0,0,5.721393,0.7462687,0,81.09453,2.238806,0.2487562,7.711443
2022-07-15 10:47:10,0,0,7.711443,0.4975124,0,80.0995,2.985075,0.2487562,7.21393
2022-07-15 10:47:09,0,0,6.467662,0.9950249,0,80.84577,2.736318,0,7.462687
2022-07-15 10:47:08,0,0,7.481297,0.2493766,0,85.03741,2.244389,0,4.239401
2022-07-15 10:47:07,0,0,7.960199,0.2487562,0,84.0796,1.741294,0.4975124,3.9801
2022-07-15 10:47:06,0,0,7.960199,0.2487562,0,84.82587,2.985075,0.2487562,3.731343
2022-07-15 10:47:05,0,0,7.23192,0.2493766,0,87.53117,1.745636,0.2493766,2.743142
2022-07-15 10:47:04,0,0,8.75,0,0,86.75,2.25,0.25,1.75
2022-07-15 10:47:03,0,0,11.91067,0.248139,0,83.87097,3.225806,0.248139,0.248139
2022-07-15 10:47:02,0,0,9.950249,0.2487562,0,83.58209,3.482587,0.2487562,1.4925373
2022-07-15 10:47:01,0,0,7.035176,0.5025126,0,85.92965,2.512563,0.2512563,3.015075
2022-07-15 10:47:00,0,0,8,0.25,0,87.75,1.75,0.25,1.25
2022-07-15 10:46:59,0,0,8.35443,0.5063291,0,85.56962,3.037975,0.2531646,1.0126582
2022-07-15 10:46:58,0,0,15,0.25,0,80.5,3.25,0.25,0.25
2022-07-15 10:46:57,0,0,8.478803,0.2493766,0,81.54613,2.992519,0,5.985037
2022-07-15 10:46:56,0,0,7.444169,0.4962779,0,83.87097,2.977667,0.248139,4.218362
2022-07-15 10:46:55,0,0,7.017544,0.2506266,0,85.46366,2.506266,0.2506266,3.759398
2022-07-15 10:46:54,0,0,7.035176,0.2512563,0,85.17588,3.015075,0.2512563,3.266332
2022-07-15 10:46:53,0,0,11.940299,0,0,83.83085,3.233831,0.2487562,0.2487562
2022-07-15 10:46:52,0,0,5.037783,0.5037783,0,88.16121,2.267003,0,4.030227
2022-07-15 10:46:51,0,0,9.677419,0.248139,0,84.86352,3.225806,0.4962779,0.248139
2022-07-15 10:46:50,0,0,9.20398,0.2487562,0,85.32338,2.985075,0.2487562,1.2437811
2022-07-15 10:46:49,0,0,14.357683,0.5037783,0,79.34509,3.778338,0,1.2594458
2022-07-15 10:46:48,0,0,8.148148,0.4938272,0,82.22222,3.703704,0.4938272,4.444444
2022-07-15 10:46:47,0,0,8.521303,0.2506266,0,85.46366,3.258145,0,1.754386
2022-07-15 10:46:46,0,0,6.716418,0.4975124,0,87.56219,2.238806,0.4975124,1.741294
2022-07-15 10:46:45,0,0,10.050251,0,0,86.93467,2.261307,0.5025126,0.2512563
2022-07-15 10:46:44,0,0,10.696517,0.4975124,0,83.58209,2.238806,0.4975124,2.238806
2022-07-15 10:46:43,0,0,5.735661,0.9975062,0,81.79551,1.995012,0.4987531,6.483791
2022-07-15 10:46:42,0,0,8.148148,0.9876543,0,80.98765,2.469136,0.4938272,5.925926
2022-07-15 10:46:41,0,0,7.23192,0.2493766,0,83.79052,2.992519,0.2493766,4.239401
2022-07-15 10:46:40,0,0,7.26817,0,0,88.7218,2.756892,0,0.7518797
2022-07-15 10:46:39,0,0,9,0.25,0,85.5,2.5,0.25,2.25
2022-07-15 10:46:38,0,0,11.633663,0.2475248,0,80.19802,4.455446,0.2475248,2.970297
2022-07-15 10:46:37,0,0,6.75,0.75,0,84.75,3.25,0.25,3.5
2022-07-15 10:46:36,0,0,8.270677,0.2506266,0,86.71679,2.255639,0.2506266,1.2531328
2022-07-15 10:46:35,0,0,8.25,0.5,0,85.5,2.75,0.25,2.25
2022-07-15 10:46:34,0,0,8.75,0.25,0,87.25,2.25,0.25,0.5
2022-07-15 10:46:33,0,0,10.723192,0,0,86.28429,2.493766,0.2493766,0
2022-07-15 10:46:32,0,0,10.776942,0,0,85.96491,2.255639,0.2506266,0.2506266
2022-07-15 10:46:31,0,0,10.643564,0.4950495,0,85.89109,1.980198,0.2475248,0.2475248
2022-07-15 10:46:30,0,0,10.606061,0.2525253,0,86.11111,2.525253,0,0
2022-07-15 10:46:29,0,0,10.972569,0.4987531,0,84.0399,2.992519,0.4987531,0.4987531
2022-07-15 10:46:28,0,0,11.335013,0,0,84.63476,3.526448,0,0.2518892
2022-07-15 10:46:27,0,0,13.316583,0.5025126,0,81.90955,3.015075,0.2512563,0.5025126
2022-07-15 10:46:26,0,0,7.960199,0.4975124,0,87.06468,2.736318,0.2487562,1.4925373
2022-07-15 10:46:25,0,0,7.769424,0,0,88.7218,2.005013,0,1.0025063
2022-07-15 10:46:24,0,0,10.75,0,0,85,2.75,0.5,0.75
2022-07-15 10:46:23,0,0,10.447761,0.2487562,0,85.07463,3.233831,0,0.4975124
2022-07-15 10:46:22,0,0,10,0.5,0,85.5,2.5,0.5,0
2022-07-15 10:46:21,0,0,9.774436,0.2506266,0,85.71429,2.506266,0.5012531,0.2506266
2022-07-15 10:46:20,0,0,11.083123,0.5037783,0,85.13854,2.267003,0.5037783,0
2022-07-15 10:46:19,0,0,11.027569,0.2506266,0,85.21303,3.007519,0.2506266,0
2022-07-15 10:46:18,0,0,10.669975,0.248139,0,85.3598,2.977667,0,0.248139
2022-07-15 10:46:17,0,0,10.224439,0.2493766,0,86.03491,2.743142,0.2493766,0
2022-07-15 10:46:16,0,0,10.776942,0.2506266,0,85.96491,2.005013,0.2506266,0.2506266
2022-07-15 10:46:15,0,0,11.5,0.25,0,83.75,3,0.25,0.25
2022-07-15 10:46:14,0,0,14.25,0.5,0,78,3,0.25,4
2022-07-15 10:46:13,0,0,7.286432,0.5025126,0,82.66332,3.015075,0.5025126,5.025126
2022-07-15 10:46:12,0,0,5.940594,0,0,90.59406,2.227723,0.2475248,0.4950495
2022-07-15 10:46:11,0,0,10.80402,0.5025126,0,83.9196,3.266332,0,0.7537688
2022-07-15 10:46:10,0,0,13.5,0.25,0,82,3,0.25,0.25
2022-07-15 10:46:09,0,0,8.977556,0.2493766,0,86.28429,2.743142,0.2493766,0.9975062
2022-07-15 10:46:08,0,0,8.101266,0,0,82.78481,2.531646,0.2531646,3.797468
2022-07-15 10:46:07,0,0,8.478803,0.4987531,0,87.2818,1.995012,0,1.2468828
2022-07-15 10:46:06,0,0,6.733167,0.2493766,0,90.02494,1.995012,0.4987531,0.2493766
2022-07-15 10:46:05,0,0,10.447761,0.2487562,0,86.81592,2.238806,0.2487562,0
2022-07-15 10:46:04,0,0,12.09068,0.2518892,0,83.6272,3.526448,0.2518892,0
2022-07-15 10:46:03,0,0,10.148515,0.2475248,0,79.70297,4.207921,0.2475248,2.227723
2022-07-15 10:46:02,0,0,10.858586,0.2525253,0,85.10101,2.777778,0.2525253,0
2022-07-15 10:46:01,0,0,9.20398,0.2487562,0,86.81592,2.985075,0.2487562,0
2022-07-15 10:46:00,0,0,14.925373,0.4975124,0,79.85075,3.731343,0.2487562,0.2487562
2022-07-15 10:45:59,0,0,10,0.25,0,83.25,2.25,0.25,2.75
2022-07-15 10:45:58,0,0,8.188586,0.4962779,0,83.62283,2.48139,0.248139,4.466501
2022-07-15 10:45:57,0,0,7.160494,0.4938272,0,81.7284,3.45679,0.2469136,4.938272
2022-07-15 10:45:56,0,0,7.654321,0.7407407,0,85.18519,2.222222,0.2469136,2.716049
2022-07-15 10:45:55,0,0,8.564232,0.2518892,0,85.13854,2.518892,0.5037783,2.770781
2022-07-15 10:45:54,0,0,7.160494,0.4938272,0,84.44444,2.716049,0.4938272,4.197531
2022-07-15 10:45:53,0,0,11.75,0.5,0,83.5,2.75,0.5,0.75
2022-07-15 10:45:52,0,0,8.436725,0.7444169,0,81.88586,3.225806,0.248139,4.71464
2022-07-15 10:45:51,0,0,8.312343,0.5037783,0,84.88665,3.02267,0.5037783,2.015113
2022-07-15 10:45:50,0,0,7.673267,0.4950495,0,81.68317,3.217822,0.2475248,4.70297
2022-07-15 10:45:49,0,0,8.415842,0.7425743,0,82.92079,2.970297,0.7425743,3.465347
2022-07-15 10:45:48,0,0,6,0.5,0,80,2.75,0.25,8.25
2022-07-15 10:45:47,0,0,8.270677,0,0,86.46617,3.258145,0.2506266,1.0025063
2022-07-15 10:45:46,0,0,10,0.25,0,84,2.75,0,2.25
2022-07-15 10:45:45,0,0,9.677419,0.248139,0,83.87097,3.225806,0.7444169,0.9925558
2022-07-15 10:45:44,0,0,4.020101,0.2512563,0,87.43719,2.01005,0,4.271357
2022-07-15 10:45:43,0,0,8.910891,0.4950495,0,86.38614,2.227723,0.2475248,1.4851485
2022-07-15 10:45:42,0,0,10.579345,0,0,85.39043,2.770781,0.5037783,0.2518892
2022-07-15 10:45:41,0,0,10.80402,0.5025126,0,84.42211,3.266332,0,0.2512563
2022-07-15 10:45:40,0,0,11.278195,0.2506266,0,83.9599,3.759398,0.5012531,0
2022-07-15 10:45:39,0,0,13,0.5,0,84.25,2,0,0
2022-07-15 10:45:38,0,0,8.312343,0.7556675,0,83.37531,4.030227,0.2518892,2.518892
2022-07-15 10:45:37,0,0,11.25,0.25,0,84.75,3.25,0.25,0
2022-07-15 10:45:36,0,0,9.975062,0,0,86.28429,2.493766,0,0.4987531
2022-07-15 10:45:35,0,0,9.798995,0.2512563,0,85.92965,3.266332,0,0.2512563
2022-07-15 10:45:34,0,0,10.972569,0.4987531,0,84.78803,2.992519,0.4987531,0
2022-07-15 10:45:33,0,0,10.776942,0.7518797,0,82.20551,3.258145,0.2506266,1.754386
2022-07-15 10:45:32,0,0,9.547739,0.2512563,0,86.68342,2.763819,0.2512563,0
2022-07-15 10:45:31,0,0,10.421836,0.248139,0,85.60794,2.48139,0.4962779,0.248139
2022-07-15 10:45:30,0,0,10.552764,0,0,86.43216,2.512563,0,0
2022-07-15 10:45:29,0,0,10.552764,0.2512563,0,86.43216,2.261307,0.2512563,0
2022-07-15 10:45:28,0,0,10.945274,0.2487562,0,85.32338,2.736318,0.2487562,0
2022-07-15 10:45:27,0,0,12.219451,0.2493766,0,83.79052,2.743142,0.2493766,0.2493766
2022-07-15 10:45:26,0,0,8.75,0.5,0,87,2.25,0.25,0.5
2022-07-15 10:45:25,0,0,10.526316,0,0,85.71429,2.756892,0.5012531,0
2022-07-15 10:45:24,0,0,14.035088,0,0,81.95489,3.258145,0,0.2506266
2022-07-15 10:45:23,0,0,9.725686,0.2493766,0,81.04738,4.239401,0,4.239401
2022-07-15 10:45:22,0,0,8.977556,0.4987531,0,84.53865,2.743142,0.2493766,2.244389
2022-07-15 10:45:21,0,0,6.188119,0.4950495,0,80.94059,3.960396,0.2475248,6.930693
2022-07-15 10:45:20,0,0,9.677419,0.4962779,0,82.134,3.722084,0.248139,1.985112
2022-07-15 10:45:19,0,0,5.30303,0.5050505,0,78.78788,2.272727,0.2525253,9.090909
2022-07-15 10:45:18,0,0,5.665025,0.7389163,0,78.57143,3.20197,0.7389163,9.605911
2022-07-15 10:45:17,0,0,7.462687,0.4975124,0,82.33831,3.233831,0.2487562,5.721393
2022-07-15 10:45:16,0,0,8,0.25,0,84.75,3.5,0.25,1.5
2022-07-15 10:45:15,0,0,7.537688,0.2512563,0,87.18593,2.01005,0.2512563,2.261307
2022-07-15 10:45:14,0,0,9.273183,0.7518797,0,81.70426,3.007519,0,3.258145
2022-07-15 10:45:13,0,0,8.684864,0,0,84.61538,2.729529,0.4962779,3.225806
2022-07-15 10:45:12,0,0,6.234414,0.4987531,0,83.79052,2.743142,0.2493766,4.987531
2022-07-15 10:45:11,0,0,7.940447,0.4962779,0,82.38213,2.977667,0.4962779,5.210918
2022-07-15 10:45:10,0,0,7.98005,0,0,86.53367,2.493766,0.2493766,2.244389
2022-07-15 10:45:09,0,0,10,0.25,0,84.5,3,0.25,1.75
2022-07-15 10:45:08,0,0,8.188586,0.4962779,0,82.134,3.225806,0.248139,4.71464
2022-07-15 10:45:07,0,0,7.75,0.5,0,82.75,2.5,0.25,4.5
2022-07-15 10:45:06,0,0,7.481297,0.4987531,0,87.2818,2.244389,0.2493766,1.995012
2022-07-15 10:45:05,0,0,10.75,0,0,85.75,3,0.25,0
2022-07-15 10:45:04,0,0,10.473815,0.4987531,0,79.05237,3.491272,0.2493766,5.236908
2022-07-15 10:45:03,0,0,6.733167,0.7481297,0,78.80299,2.743142,0.2493766,8.478803
2022-07-15 10:45:02,0,0,7,0,0,82,4,0.25,6
2022-07-15 10:45:01,0,0,8.955224,0.2487562,0,84.82587,2.985075,0.4975124,1.741294
2022-07-15 10:45:00,0,0,6.5,0.25,0,84.5,3.5,0.25,4
2022-07-15 10:44:59,0,0,9.5,0.5,0,84.5,2.75,0.25,2.5
2022-07-15 10:44:58,0,0,9.950249,0.7462687,0,83.33333,3.233831,0.2487562,1.741294
2022-07-15 10:44:57,0,0,6.982544,0.2493766,0,86.53367,2.493766,0.2493766,2.743142
2022-07-15 10:44:56,0,0,6.766917,0.2506266,0,89.72431,2.255639,0,0.7518797
2022-07-15 10:44:55,0,0,13.283208,0.2506266,0,80.2005,3.007519,0.2506266,0.5012531
2022-07-15 10:44:54,0,0,9.405941,1.2376238,0,80.19802,1.980198,0.2475248,5.940594
2022-07-15 10:44:53,0,0,8.188586,0.248139,0,81.63772,2.729529,0,6.203474
2022-07-15 10:44:52,0,0,4.218362,0.7444169,0,79.65261,2.729529,0.248139,9.925558
2022-07-15 10:44:51,0,0,7,0.25,0,86.5,2.25,0,3.75
2022-07-15 10:44:50,0,0,6.947891,0.248139,0,85.85608,2.729529,0.248139,3.225806
2022-07-15 10:44:49,0,0,8.72818,0.2493766,0,88.52868,1.995012,0.2493766,0
2022-07-15 10:44:48,0,0,10.579345,0,0,83.37531,2.770781,0,2.518892
2022-07-15 10:44:47,0,0,10.224439,0.4987531,0,85.78554,2.743142,0.2493766,0
2022-07-15 10:44:46,0,0,11.083123,0.5037783,0,85.89421,1.763224,0.2518892,0
2022-07-15 10:44:45,0,0,11.75,0,0,84.75,2.25,0.5,0.25
2022-07-15 10:44:44,0,0,8.933002,0.248139,0,87.34491,2.48139,0.248139,0
2022-07-15 10:44:43,0,0,10.606061,0.2525253,0,85.85859,2.777778,0,0.2525253
2022-07-15 10:44:42,0,0,10.696517,0,0,86.06965,2.736318,0.2487562,0
2022-07-15 10:44:41,0,0,10.75,0.75,0,83.25,3.5,0.5,0.5
2022-07-15 10:44:40,0,0,10.10101,0.5050505,0,85.10101,3.787879,0,0
2022-07-15 10:44:39,0,0,10.301508,0.2512563,0,86.68342,2.512563,0.2512563,0
2022-07-15 10:44:38,0,0,11.940299,0.4975124,0,82.08955,3.233831,0.2487562,0.9950249
2022-07-15 10:44:37,0,0,11.970075,0.4987531,0,83.54115,2.743142,0.4987531,0.2493766
2022-07-15 10:44:36,0,0,6.483791,0.4987531,0,85.53616,2.743142,0.2493766,3.491272
2022-07-15 10:44:35,0,0,9,0.25,0,84.75,2.5,0.25,2.75
2022-07-15 10:44:34,0,0,9.273183,0.2506266,0,87.21805,3.007519,0.2506266,0
2022-07-15 10:44:33,0,0,9.273183,0.2506266,0,86.21554,2.756892,0.2506266,0.7518797
2022-07-15 10:44:32,0,0,8.208955,0,0,86.81592,2.736318,0.2487562,1.4925373
2022-07-15 10:44:31,0,0,10.696517,0.4975124,0,85.32338,2.736318,0.2487562,0
2022-07-15 10:44:30,0,0,10.552764,0,0,85.67839,3.015075,0,0.2512563
2022-07-15 10:44:29,0,0,11.278195,0.5012531,0,85.21303,2.506266,0,0
2022-07-15 10:44:28,0,0,10.579345,0,0,86.1461,2.015113,0.2518892,0.2518892
2022-07-15 10:44:27,0,0,9.925558,0.248139,0,85.85608,2.48139,0.4962779,0.248139
2022-07-15 10:44:26,0,0,12.658228,0.5063291,0,83.79747,2.531646,0,0.2531646
2022-07-15 10:44:25,0,0,12.406948,0.248139,0,80.14888,3.225806,0.4962779,2.729529
2022-07-15 10:44:24,0,0,6.947891,0.4962779,0,82.87841,3.970223,0.248139,3.970223
2022-07-15 10:44:23,0,0,7.444169,0.248139,0,81.88586,3.473945,0.248139,5.210918
2022-07-15 10:44:22,0,0,6.896552,0.4926108,0,82.0197,2.463054,0.4926108,6.157635
2022-07-15 10:44:21,0,0,6.716418,0.4975124,0,83.83085,2.487562,0,4.228856
2022-07-15 10:44:20,0,0,8.478803,0.4987531,0,84.0399,3.491272,0.2493766,2.493766
2022-07-15 10:44:19,0,0,6.982544,0.2493766,0,81.79551,3.491272,0.7481297,5.236908
2022-07-15 10:44:18,0,0,3.759398,0.7518797,0,67.41855,3.007519,0.2506266,15.538847
2022-07-15 10:44:17,0,0,7.98005,0.7481297,0,82.79302,2.493766,0.2493766,3.990025
2022-07-15 10:44:16,0,0,4.987531,0.2493766,0,82.29426,2.743142,0.4987531,6.483791
2022-07-15 10:44:15,0,0,7.178218,0.2475248,0,89.10891,1.4851485,0.2475248,0.990099
2022-07-15 10:44:14,0,0,11.5,0.5,0,83.25,3.5,0.25,0.75
2022-07-15 10:44:13,0,0,9.405941,0.7425743,0,78.9604,3.217822,0.4950495,5.445545
2022-07-15 10:44:12,0,0,7.035176,0.2512563,0,86.1809,2.512563,0,3.015075
2022-07-15 10:44:11,0,0,7.692308,0,0,84.61538,3.225806,0.248139,3.722084
2022-07-15 10:44:10,0,0,8,0.5,0,85.25,2.5,0.25,2.75
2022-07-15 10:44:09,0,0,6.549118,0,0,90.42821,2.015113,0.2518892,0.7556675
2022-07-15 10:44:08,0,0,14.320988,0.4938272,0,78.51852,4.197531,0.2469136,1.4814815
2022-07-15 10:44:07,0,0,8.25,0.75,0,84.5,2.75,0,3
2022-07-15 10:44:06,0,0,8.933002,0.248139,0,84.86352,2.48139,0.248139,2.48139
2022-07-15 10:44:05,0,0,9.950249,0.4975124,0,83.83085,2.487562,0.2487562,2.487562
2022-07-15 10:44:04,0,0,6.234414,0,0,85.78554,2.244389,0.2493766,4.488778
2022-07-15 10:44:03,0,0,6.218905,0.2487562,0,87.06468,2.238806,0.2487562,3.731343
2022-07-15 10:44:02,0,0,8.229426,0.2493766,0,87.53117,2.244389,0.4987531,0.7481297
2022-07-15 10:44:01,0,0,12,0.25,0,83.25,3,0.25,0.5
2022-07-15 10:44:00,0,0,9.226933,0.2493766,0,87.2818,2.743142,0.2493766,0
2022-07-15 10:43:59,0,0,10.050251,0,0,86.93467,2.512563,0.2512563,0
2022-07-15 10:43:58,0,0,10.173697,0.4962779,0,84.86352,2.729529,0.4962779,0.4962779
2022-07-15 10:43:57,0,0,11.363636,0.2525253,0,85.10101,3.030303,0.2525253,0
2022-07-15 10:43:56,0,0,10.696517,0.4975124,0,84.0796,2.736318,0,1.2437811
2022-07-15 10:43:55,0,0,8.977556,0.2493766,0,86.03491,2.743142,0.4987531,0.9975062
2022-07-15 10:43:54,0,0,10.526316,0.5012531,0,85.71429,2.506266,0.2506266,0.2506266
2022-07-15 10:43:53,0,0,11.083123,0.5037783,0,84.38287,2.267003,0.2518892,1.0075567
2022-07-15 10:43:52,0,0,9.975062,0,0,81.29676,4.488778,0.4987531,2.743142
2022-07-15 10:43:51,0,0,8.72818,0.2493766,0,83.04239,2.992519,0.2493766,1.4962594
2022-07-15 10:43:50,0,0,9.25,0.25,0,88.5,2,0,0
2022-07-15 10:43:49,0,0,11.25,0.25,0,83.75,3,0.25,0.5
2022-07-15 10:43:48,0,0,9.823678,0.2518892,0,87.40554,2.267003,0,0
2022-07-15 10:43:47,0,0,10.723192,0,0,86.03491,2.493766,0.2493766,0.2493766
2022-07-15 10:43:46,0,0,10.5,0,0,85.75,2.75,0.5,0
2022-07-15 10:43:45,0,0,11.111111,0.2525253,0,85.10101,2.525253,0.2525253,0.2525253
2022-07-15 10:43:44,0,0,11.970075,0.4987531,0,83.79052,2.992519,0.2493766,0.2493766
2022-07-15 10:43:43,0,0,9.476309,0,0,87.03242,2.743142,0,0.2493766
2022-07-15 10:43:42,0,0,14.427861,0.4975124,0,80.84577,2.487562,0.2487562,1.2437811
2022-07-15 10:43:41,0,0,8.229426,0.2493766,0,85.03741,2.493766,0.2493766,3.241895
2022-07-15 10:43:40,0,0,7.556675,0.2518892,0,86.90176,2.518892,0,2.015113
2022-07-15 10:43:39,0,0,11.471322,0.2493766,0,81.54613,3.740648,0.7481297,1.4962594
2022-07-15 10:43:38,0,0,7.75,0,0,86.5,2,0,2.75
2022-07-15 10:43:37,0,0,7.23192,0.4987531,0,81.54613,2.743142,0.4987531,5.735661
2022-07-15 10:43:36,0,0,7.692308,0.248139,0,85.60794,2.48139,0.248139,2.977667
2022-07-15 10:43:35,0,0,5.955335,0.4962779,0,79.40447,1.985112,0.248139,9.42928
2022-07-15 10:43:34,0,0,8.542714,0.5025126,0,85.67839,2.261307,0,2.01005
2022-07-15 10:43:33,0,0,8.457711,0.2487562,0,84.32836,2.487562,0.4975124,3.233831
2022-07-15 10:43:32,0,0,7.407407,0.7407407,0,80.98765,2.962963,0,6.419753
2022-07-15 10:43:31,0,0,7.444169,0.7444169,0,85.85608,2.48139,0.248139,2.729529
2022-07-15 10:43:30,0,0,11.027569,0.2506266,0,83.9599,3.007519,0,1.2531328
2022-07-15 10:43:29,0,0,5.651106,0.982801,0,76.65848,3.194103,0.4914005,11.302211
2022-07-15 10:43:28,0,0,5.764411,0.5012531,0,78.69674,3.007519,0,9.774436
2022-07-15 10:43:27,0,0,3.921569,1.715686,0,73.52941,3.431373,0.245098,13.235294
2022-07-15 10:43:26,0,0,9.925558,0.9925558,0,81.88586,2.977667,0.4962779,2.48139
2022-07-15 10:43:25,0,0,7.19603,0.4962779,0,84.36725,3.225806,0,4.218362
2022-07-15 10:43:24,0,0,8.168317,0.4950495,0,83.41584,2.475248,0.2475248,3.960396
2022-07-15 10:43:23,0,0,7.711443,0.4975124,0,84.57711,2.985075,0.2487562,3.233831
2022-07-15 10:43:22,0,0,7.960199,0,0,87.31343,2.487562,0.2487562,1.4925373
2022-07-15 10:43:21,0,0,7.769424,0.2506266,0,88.7218,2.005013,0.2506266,0.2506266
2022-07-15 10:43:20,0,0,10.723192,0.2493766,0,85.53616,2.493766,0.2493766,0
2022-07-15 10:43:19,0,0,9.52381,0.2506266,0,86.71679,2.506266,0.5012531,0.2506266
2022-07-15 10:43:18,0,0,9.975062,0.2493766,0,86.78304,1.995012,0.2493766,0.2493766
2022-07-15 10:43:17,0,0,11.139241,0,0,85.06329,2.278481,0.2531646,0.7594937
2022-07-15 10:43:16,0,0,15.632754,0.248139,0,79.40447,3.225806,0.248139,0.7444169
2022-07-15 10:43:15,0,0,5.970149,0.4975124,0,77.8607,3.731343,0.4975124,8.955224
2022-07-15 10:43:14,0,0,5.955335,0.248139,0,78.90819,3.225806,0.248139,7.444169
2022-07-15 10:43:13,0,0,3.676471,1.4705882,0,70.58824,3.431373,0.245098,13.970588
2022-07-15 10:43:12,0,0,2.736318,1.2437811,0,70.39801,1.741294,0.4975124,15.920398
2022-07-15 10:43:11,0,0,6.451613,0.4962779,0,78.90819,3.473945,0.248139,8.188586
2022-07-15 10:43:10,0,0,4.176904,1.4742015,0,73.71007,2.457002,0.2457002,13.513514
2022-07-15 10:43:09,0,0,4.938272,0.4938272,0,76.79012,2.716049,0,12.098765
2022-07-15 10:43:08,0,0,7.178218,0.7425743,0,78.9604,2.970297,0.4950495,6.435644
2022-07-15 10:43:07,0,0,5.037783,0.2518892,0,89.67254,1.511335,0.2518892,3.02267
2022-07-15 10:43:06,0,0,13.965087,0.4987531,0,78.55362,2.992519,0.2493766,1.995012
2022-07-15 10:43:05,0,0,6.188119,0.4950495,0,80.44554,2.475248,0.2475248,7.178218
2022-07-15 10:43:04,0,0,4.926108,0.7389163,0,75.86207,3.448276,0.4926108,9.605911
2022-07-15 10:43:03,0,0,6.451613,0.4962779,0,83.37469,2.48139,0.248139,5.707196
2022-07-15 10:43:02,0,0,8.291457,0,0,85.17588,3.266332,0,2.763819
2022-07-15 10:43:01,0,0,7.692308,0.4962779,0,80.64516,3.473945,0.248139,6.203474
2022-07-15 10:43:00,0,0,6.716418,1.4925373,0,81.8408,1.99005,0.2487562,6.965174
2022-07-15 10:42:59,0,0,5.985037,0.7481297,0,81.79551,1.995012,0.2493766,6.733167
2022-07-15 10:42:58,0,0,9,0.25,0,84.5,3.25,0.25,1.75
2022-07-15 10:42:57,0,0,7.75,0.25,0,81,3,0.5,6.5
2022-07-15 10:42:56,0,0,7.673267,0.990099,0,83.16832,2.722772,0.4950495,4.207921
2022-07-15 10:42:55,0,0,7.5,0.25,0,87.75,2.25,0,1.5
2022-07-15 10:42:54,0,0,11.720698,0,0,84.28928,2.493766,0.2493766,0.9975062
2022-07-15 10:42:53,0,0,6.683168,0.4950495,0,82.17822,1.732673,0.4950495,7.425743
2022-07-15 10:42:52,0,0,6.733167,0.4987531,0,80.29925,3.491272,0,6.982544
2022-07-15 10:42:51,0,0,5.541562,0.2518892,0,82.61965,2.267003,0.2518892,5.793451
2022-07-15 10:42:50,0,0,7.692308,0.7444169,0,83.12655,2.729529,0.248139,3.225806
2022-07-15 10:42:49,0,0,7.481297,0.4987531,0,88.02993,2.244389,0.4987531,0.7481297
2022-07-15 10:42:48,0,0,8.312343,0.2518892,0,85.39043,3.02267,0,2.267003
2022-07-15 10:42:47,0,0,10.669975,0.4962779,0,84.61538,3.225806,0.248139,0.4962779
2022-07-15 10:42:46,0,0,10.526316,0.2506266,0,85.71429,3.007519,0.2506266,0
2022-07-15 10:42:45,0,0,10.25,0.25,0,86.25,2.5,0.25,0.25
2022-07-15 10:42:44,0,0,10.669975,0,0,85.3598,2.977667,0,0.248139
2022-07-15 10:42:43,0,0,8.375635,0,0,85.7868,2.284264,0.2538071,0
2022-07-15 10:42:42,0,0,10.473815,0.2493766,0,84.78803,2.992519,0.2493766,0.4987531
2022-07-15 10:42:41,0,0,10.275689,0.2506266,0,85.71429,3.258145,0,0
2022-07-15 10:42:40,0,0,11.720698,0.4987531,0,83.54115,2.992519,0.2493766,0.2493766
2022-07-15 10:42:39,0,0,9.975062,0.4987531,0,82.54364,4.239401,0.2493766,1.2468828
2022-07-15 10:42:38,0,0,10.199005,0.4975124,0,85.57214,2.736318,0.2487562,0
2022-07-15 10:42:37,0,0,10.25,0.25,0,84.75,2.5,0.25,1.5
2022-07-15 10:42:36,0,0,9.25,0.25,0,86.25,2.75,0,1
2022-07-15 10:42:35,0,0,10.275689,0.2506266,0,85.21303,2.756892,0.7518797,0.2506266
2022-07-15 10:42:34,0,0,10.75,0.75,0,85.25,2.75,0.25,0
2022-07-15 10:42:33,0,0,10.552764,0.2512563,0,87.18593,1.5075377,0,0
2022-07-15 10:42:32,0,0,11.720698,0,0,83.54115,3.491272,0.2493766,0.4987531
2022-07-15 10:42:31,0,0,9.045226,0.2512563,0,87.43719,2.01005,0.2512563,0.2512563
2022-07-15 10:42:30,0,0,10.864198,0.4938272,0,84.93827,2.962963,0.2469136,0
2022-07-15 10:42:29,0,0,10.301508,0.2512563,0,86.43216,2.763819,0,0
2022-07-15 10:42:28,0,0,11.221945,0.4987531,0,83.54115,3.740648,0.2493766,0.2493766
2022-07-15 10:42:27,0,0,9.571788,0,0,85.64232,2.770781,0.2518892,1.0075567
2022-07-15 10:42:26,0,0,9.5,0.25,0,87.5,2.5,0.25,0
2022-07-15 10:42:25,0,0,11.5,0.25,0,85,2.5,0.25,0.25
2022-07-15 10:42:24,0,0,9.677419,0.248139,0,86.35236,2.729529,0.248139,0.248139
2022-07-15 10:42:23,0,0,9.798995,0,0,87.18593,1.758794,0.5025126,0.2512563
2022-07-15 10:42:22,0,0,10.5,0.25,0,85,3.25,0.5,0.25
2022-07-15 10:42:21,0,0,10.552764,0.2512563,0,86.68342,1.758794,0.2512563,0
2022-07-15 10:42:20,0,0,11,0.5,0,82,3.5,0.25,1.75
2022-07-15 10:42:19,0,0,8.79397,0.2512563,0,87.9397,2.512563,0.2512563,0
2022-07-15 10:42:18,0,0,13.466334,0.2493766,0,83.04239,2.493766,0.2493766,0.2493766
2022-07-15 10:42:17,0,0,9.42928,0.7444169,0,79.40447,2.48139,0.248139,6.947891
2022-07-15 10:42:16,0,0,8.77193,0.2506266,0,87.21805,2.756892,0.2506266,0.5012531
2022-07-15 10:42:15,0,0,7.537688,0.5025126,0,83.66834,2.763819,0.2512563,4.271357
2022-07-15 10:42:14,0,0,9.226933,0,0,87.2818,2.244389,0.2493766,0.4987531
2022-07-15 10:42:13,0,0,12.189055,0.4975124,0,82.83582,3.233831,0.4975124,0.2487562
2022-07-15 10:42:12,0,0,7.788945,0,0,87.43719,2.01005,0.2512563,2.01005
2022-07-15 10:42:11,0,0,10.473815,0.2493766,0,86.03491,1.995012,0.2493766,0.2493766
2022-07-15 10:42:10,0,0,15.136476,0.4962779,0,80.64516,3.225806,0.248139,0.248139
2022-07-15 10:42:09,0,0,6.947891,0.7444169,0,80.14888,2.977667,0.248139,7.19603
2022-07-15 10:42:08,0,0,7.389163,0.4926108,0,81.03448,2.463054,0.4926108,6.403941
2022-07-15 10:42:07,0,0,4.260652,0.5012531,0,78.69674,3.007519,0.5012531,11.027569
2022-07-15 10:42:06,0,0,8.72818,0.4987531,0,83.79052,2.743142,0.2493766,3.491272
2022-07-15 10:42:05,0,0,8.35443,0.2531646,0,87.34177,2.025316,0.2531646,1.0126582
2022-07-15 10:42:04,0,0,8.415842,0.2475248,0,88.11881,1.980198,0,0.7425743
2022-07-15 10:42:03,0,0,8.02005,0.2506266,0,85.71429,3.759398,0,1.2531328
2022-07-15 10:42:02,0,0,9.925558,0.248139,0,86.6005,2.233251,0.4962779,0.248139
2022-07-15 10:42:01,0,0,11.75,0.25,0,84.25,2.75,0.25,0.25
2022-07-15 10:42:00,0,0,8.79397,0.5025126,0,84.67337,3.015075,0.2512563,2.01005
2022-07-15 10:41:59,0,0,10.075567,0,0,86.1461,2.770781,0.2518892,0.2518892
2022-07-15 10:41:58,0,0,11.166253,0.248139,0,85.3598,2.729529,0,0.248139
2022-07-15 10:41:57,0,0,12.562814,0.5025126,0,83.16583,2.512563,0.2512563,0.7537688
2022-07-15 10:41:56,0,0,10.75,0.5,0,83.25,3.25,0,1.25
2022-07-15 10:41:55,0,0,8.521303,0.2506266,0,85.46366,3.508772,0,2.005013
2022-07-15 10:41:54,0,0,11,0.25,0,81.75,3,0.25,3
2022-07-15 10:41:53,0,0,7.425743,0.2475248,0,86.13861,2.722772,0.2475248,2.227723
2022-07-15 10:41:52,0,0,7.26817,0,0,85.21303,1.5037594,0.2506266,5.263158
2022-07-15 10:41:51,0,0,9.5,0.25,0,85.25,3.5,0,0.5
2022-07-15 10:41:50,0,0,9.62963,0.7407407,0,76.2963,2.716049,0.4938272,6.666667
2022-07-15 10:41:49,0,0,6.17284,0.7407407,0,81.48148,2.716049,0.2469136,7.407407
2022-07-15 10:41:48,0,0,7.481297,0,0,86.53367,2.992519,0.2493766,1.995012
2022-07-15 10:41:47,0,0,9.950249,0.2487562,0,84.82587,2.238806,0.2487562,2.238806
2022-07-15 10:41:46,0,0,7.19603,0.248139,0,82.87841,2.977667,0.248139,5.459057
2022-07-15 10:41:45,0,0,7.462687,0,0,86.56716,2.487562,0.2487562,2.736318
2022-07-15 10:41:44,0,0,9.273183,0,0,87.96992,1.5037594,0.2506266,0.5012531
2022-07-15 10:41:43,0,0,8.208955,0.2487562,0,83.08458,2.487562,0.2487562,4.228856
2022-07-15 10:41:42,0,0,9.181141,0.4962779,0,81.88586,3.473945,0.4962779,4.218362
2022-07-15 10:41:41,0,0,9.045226,0.2512563,0,86.43216,2.763819,0,1.2562814
2022-07-15 10:41:40,0,0,7.19603,0.4962779,0,80.8933,2.977667,0.248139,4.466501
2022-07-15 10:41:39,0,0,6.015038,0,0,88.7218,2.756892,0.2506266,1.5037594
2022-07-15 10:41:38,0,0,10.275689,0,0,86.21554,2.756892,0.2506266,0.2506266
2022-07-15 10:41:37,0,0,11,0.25,0,84.75,3,0,0.25
2022-07-15 10:41:36,0,0,9,0.25,0,87.75,2,0,0.25
2022-07-15 10:41:35,0,0,10.275689,0.2506266,0,87.21805,1.5037594,0.2506266,0
2022-07-15 10:41:34,0,0,10.972569,0.4987531,0,84.53865,3.491272,0.4987531,0
2022-07-15 10:41:33,0,0,11,0.25,0,85.25,2.25,0.25,0.5
2022-07-15 10:41:32,0,0,11.25,0.5,0,84.5,2.5,0,0.5
2022-07-15 10:41:31,0,0,9.52381,0.2506266,0,86.21554,2.756892,0.2506266,0.2506266
2022-07-15 10:41:30,0,0,10.579345,0.7556675,0,85.64232,2.267003,0.2518892,0.2518892
2022-07-15 10:41:29,0,0,10.473815,0,0,86.03491,2.493766,0.2493766,0.2493766
2022-07-15 10:41:28,0,0,12.25,0.25,0,83,3.5,0,0.5
2022-07-15 10:41:27,0,0,7.462687,0.4975124,0,87.81095,2.238806,0.4975124,0.9950249
2022-07-15 10:41:26,0,0,10.75,0.25,0,86.5,2,0,0.25
2022-07-15 10:41:25,0,0,11.691542,0.2487562,0,83.83085,3.482587,0.2487562,0.2487562
2022-07-15 10:41:24,0,0,9.045226,0.2512563,0,86.93467,2.763819,0,0.2512563
2022-07-15 10:41:23,0,0,10.224439,0.4987531,0,85.03741,3.241895,0.2493766,0.4987531
2022-07-15 10:41:22,0,0,11.720698,0.4987531,0,84.0399,2.493766,0,0.7481297
2022-07-15 10:41:21,0,0,10.5,0.25,0,86,2.25,0.25,0.25
2022-07-15 10:41:20,0,0,10.972569,0.4987531,0,85.03741,3.241895,0,0
2022-07-15 10:41:19,0,0,10.669975,0.248139,0,84.86352,2.48139,0.248139,0.4962779
2022-07-15 10:41:18,0,0,10.075567,0.2518892,0,87.40554,2.267003,0,0
2022-07-15 10:41:17,0,0,11.5,0,0,85.75,1.75,0.25,0
2022-07-15 10:41:16,0,0,10.199005,0,0,83.83085,2.985075,0,2.487562
2022-07-15 10:41:15,0,0,9.022556,0.2506266,0,86.96742,2.255639,0.2506266,0.5012531
2022-07-15 10:41:14,0,0,10.526316,0.2506266,0,85.46366,3.007519,0.2506266,0.2506266
2022-07-15 10:41:13,0,0,11.055276,0.7537688,0,84.17085,3.266332,0,0.2512563
2022-07-15 10:41:12,0,0,9.5,0.25,0,87,2.5,0.25,0
2022-07-15 10:41:11,0,0,10,0.25,0,85.5,2.75,0,0.75
2022-07-15 10:41:10,0,0,10.75,0.25,0,86,2.5,0.25,0
2022-07-15 10:41:09,0,0,10.421836,0.248139,0,85.60794,2.48139,0.4962779,0.248139
2022-07-15 10:41:08,0,0,14.89899,0.2525253,0,82.32323,2.020202,0.2525253,0.2525253
2022-07-15 10:41:07,0,0,9.158416,0.7425743,0,78.71287,3.960396,0.4950495,4.950495
2022-07-15 10:41:06,0,0,6.532663,0.2512563,0,84.92462,2.261307,0.2512563,4.271357
2022-07-15 10:41:05,0,0,9.725686,0.2493766,0,83.79052,2.743142,0.4987531,2.743142
2022-07-15 10:41:04,0,0,7,0.25,0,84.75,2.75,0.25,3.75
2022-07-15 10:41:03,0,0,7.444169,0.4962779,0,82.87841,3.473945,0.248139,4.466501
2022-07-15 10:41:02,0,0,8.75,0.25,0,86.5,2,0,2.25
2022-07-15 10:41:01,0,0,7.481297,0.2493766,0,83.79052,2.992519,0.2493766,4.488778
2022-07-15 10:41:00,0,0,6.716418,0.7462687,0,87.31343,2.487562,0,1.99005
2022-07-15 10:40:59,0,0,9.75,0.25,0,86.25,3.5,0,0
2022-07-15 10:40:58,0,0,10.447761,0.4975124,0,85.07463,2.736318,0.4975124,0
2022-07-15 10:40:57,0,0,10.5,0.25,0,86.25,2.25,0,0.25
2022-07-15 10:40:56,0,0,10.696517,0.4975124,0,84.32836,2.238806,0.2487562,1.2437811
2022-07-15 10:40:55,0,0,9.975062,0.4987531,0,84.28928,3.740648,0.4987531,0.2493766
2022-07-15 10:40:54,0,0,10.526316,0.2506266,0,86.46617,2.255639,0.2506266,0
2022-07-15 10:40:53,0,0,10.831234,0.5037783,0,85.64232,2.267003,0.2518892,0
2022-07-15 10:40:52,0,0,10.526316,0,0,84.71178,3.508772,0.2506266,0.2506266
2022-07-15 10:40:51,0,0,9.5,0.25,0,86,3,0,0.75
2022-07-15 10:40:50,0,0,9.701493,0.7462687,0,86.56716,2.238806,0.2487562,0.2487562
2022-07-15 10:40:49,0,0,10.199005,0,0,86.56716,2.487562,0.2487562,0.2487562
2022-07-15 10:40:48,0,0,10.776942,0.5012531,0,84.96241,2.506266,0,0.2506266
2022-07-15 10:40:47,0,0,9.547739,0.5025126,0,86.68342,2.763819,0.2512563,0
2022-07-15 10:40:46,0,0,10.199005,0.2487562,0,86.06965,2.487562,0.2487562,0.2487562
2022-07-15 10:40:45,0,0,10.526316,0,0,86.46617,2.255639,0,0
2022-07-15 10:40:44,0,0,10.25,0.25,0,86.5,2.5,0.25,0
2022-07-15 10:40:43,0,0,11.19403,0,0,83.83085,3.731343,0.4975124,0.2487562
2022-07-15 10:40:42,0,0,8.75,0.25,0,88.5,2,0,0
2022-07-15 10:40:41,0,0,11.838791,0.2518892,0,84.88665,2.015113,0,0.7556675
2022-07-15 10:40:40,0,0,9.226933,0.4987531,0,84.0399,3.491272,0.2493766,1.4962594
2022-07-15 10:40:39,0,0,14.214464,0.2493766,0,78.55362,4.239401,0.4987531,0.9975062
2022-07-15 10:40:38,0,0,6.766917,0.2506266,0,88.7218,2.506266,0,1.5037594
2022-07-15 10:40:37,0,0,8.706468,0.2487562,0,87.31343,2.736318,0.7462687,0
2022-07-15 10:40:36,0,0,10.75,0.25,0,82,3,0,1.5
2022-07-15 10:40:35,0,0,7.848101,0,0,86.32911,3.291139,0.2531646,1.2658228
2022-07-15 10:40:34,0,0,10.447761,0.4975124,0,85.07463,2.238806,0.2487562,0.2487562
2022-07-15 10:40:33,0,0,10.25,0.25,0,86,2.75,0.25,0
2022-07-15 10:40:32,0,0,11.306533,0.7537688,0,83.9196,3.517588,0,0
2022-07-15 10:40:31,0,0,9.58231,0.2457002,0,83.29238,3.439803,0,2.702703
2022-07-15 10:40:30,0,0,8.291457,0.5025126,0,87.9397,2.261307,0.2512563,0
2022-07-15 10:40:29,0,0,12,0.25,0,85,2.25,0.5,0
2022-07-15 10:40:28,0,0,8.77193,0.2506266,0,86.96742,2.506266,0.2506266,0.5012531
2022-07-15 10:40:27,0,0,11.278195,0.2506266,0,84.21053,2.506266,0.2506266,0.2506266
2022-07-15 10:40:26,0,0,9.725686,0.2493766,0,87.2818,2.493766,0,0
2022-07-15 10:40:25,0,0,15.189873,0.2531646,0,81.26582,2.025316,0.2531646,0.5063291
2022-07-15 10:40:24,0,0,5.472637,0.4975124,0,87.06468,1.99005,0.4975124,3.9801
2022-07-15 10:40:23,0,0,8,0.5,0,85.25,3.25,0,2.5
2022-07-15 10:40:22,0,0,9.52381,0.2506266,0,87.7193,1.5037594,0.2506266,0
2022-07-15 10:40:21,0,0,10,0.25,0,86,2.25,0.25,0.75
2022-07-15 10:40:20,0,0,10.275689,0.2506266,0,85.71429,2.756892,0.2506266,0
2022-07-15 10:40:19,0,0,11.91067,0.248139,0,83.87097,2.977667,0.248139,0.248139
2022-07-15 10:40:18,0,0,8.77193,0.5012531,0,86.71679,2.756892,0.2506266,0.5012531
2022-07-15 10:40:17,0,0,12.280702,0.2506266,0,83.9599,2.005013,0.2506266,0.2506266
2022-07-15 10:40:16,0,0,12.718204,0.2493766,0,83.04239,2.743142,0.2493766,0.7481297
2022-07-15 10:40:15,0,0,8,0.25,0,85,2.75,0.25,2.25
2022-07-15 10:40:14,0,0,6.483791,0.4987531,0,87.03242,2.244389,0.2493766,3.241895
2022-07-15 10:40:13,0,0,9.774436,0,0,78.44612,3.258145,0.2506266,6.265664
2022-07-15 10:40:12,0,0,4.975124,0.2487562,0,92.53731,1.4925373,0.2487562,0.2487562
2022-07-15 10:40:11,0,0,14.536341,0.5012531,0,80.95238,3.007519,0,0.7518797
2022-07-15 10:40:10,0,0,8.977556,0.4987531,0,84.78803,3.241895,0.2493766,1.2468828
2022-07-15 10:40:09,0,0,8.208955,0.4975124,0,83.33333,2.736318,0.2487562,3.731343
2022-07-15 10:40:08,0,0,9.876543,0.7407407,0,84.19753,2.962963,0.2469136,1.2345679
2022-07-15 10:40:07,0,0,7,0.5,0,82.25,2.5,0,6.5
2022-07-15 10:40:06,0,0,7.425743,0.2475248,0,80.94059,3.217822,0.2475248,6.435644
2022-07-15 10:40:05,0,0,6.015038,0.5012531,0,81.70426,2.756892,0,8.02005
2022-07-15 10:40:04,0,0,8.933002,0.248139,0,84.11911,2.48139,0.4962779,3.473945
2022-07-15 10:40:03,0,0,3.482587,1.2437811,0,71.39303,2.736318,0.2487562,14.179104
2022-07-15 10:40:02,0,0,6.683168,0.4950495,0,81.68317,3.465347,0.4950495,5.693069
2022-07-15 10:40:01,0,0,4.455446,0.7425743,0,75.49505,2.970297,0.4950495,11.138614
2022-07-15 10:40:00,0,0,5.764411,0.5012531,0,86.21554,1.754386,0.2506266,4.511278
2022-07-15 10:39:59,0,0,9.975062,0.2493766,0,82.54364,3.990025,0.2493766,2.244389
2022-07-15 10:39:58,0,0,9.25,0.25,0,83.75,2.5,0.25,2.75
2022-07-15 10:39:57,0,0,8.457711,0.4975124,0,87.31343,2.487562,0.4975124,0.2487562
2022-07-15 10:39:56,0,0,9.476309,0.7481297,0,84.0399,2.493766,0.4987531,2.493766
2022-07-15 10:39:55,0,0,9.701493,0.2487562,0,82.83582,2.985075,0.2487562,2.487562
2022-07-15 10:39:54,0,0,5.735661,0.4987531,0,88.2793,2.244389,0,0.9975062
2022-07-15 10:39:53,0,0,9.20398,0.2487562,0,81.34328,4.477612,0.2487562,3.731343
2022-07-15 10:39:52,0,0,7.462687,0,0,82.33831,2.238806,0.4975124,5.472637
2022-07-15 10:39:51,0,0,4.926108,1.2315271,0,76.10837,1.970443,0.2463054,10.837438
2022-07-15 10:39:50,0,0,8.291457,0.2512563,0,88.19095,2.512563,0.5025126,0
2022-07-15 10:39:49,0,0,7.711443,0.7462687,0,79.85075,2.985075,0.2487562,6.218905
2022-07-15 10:39:48,0,0,8.933002,0.4962779,0,84.36725,2.729529,0.4962779,2.48139
2022-07-15 10:39:47,0,0,5.513784,0.7518797,0,80.70175,2.756892,0,6.766917
2022-07-15 10:39:46,0,0,6.157635,0.4926108,0,80.78818,2.955665,0.4926108,7.142857
2022-07-15 10:39:45,0,0,8.457711,0.2487562,0,84.32836,2.487562,0.2487562,3.482587
2022-07-15 10:39:44,0,0,5.527638,0.5025126,0,90.70352,2.01005,0,0.7537688
2022-07-15 10:39:43,0,0,10.421836,0.248139,0,85.85608,2.48139,0.248139,0
2022-07-15 10:39:42,0,0,11.5,0.5,0,84.5,3,0,0.25
2022-07-15 10:39:41,0,0,10.050251,0,0,85.42714,3.266332,0,0.2512563
2022-07-15 10:39:40,0,0,9.20398,0.4975124,0,86.31841,2.736318,0.2487562,0.2487562
2022-07-15 10:39:39,0,0,11.586902,0,0,84.38287,3.778338,0,0.2518892
2022-07-15 10:39:38,0,0,9.273183,0.5012531,0,87.21805,2.255639,0,0.2506266
2022-07-15 10:39:37,0,0,11.25,0.5,0,85.75,2.25,0,0
2022-07-15 10:39:36,0,0,11.306533,0.2512563,0,85.42714,2.261307,0.2512563,0.2512563
2022-07-15 10:39:35,0,0,12.437811,0.7462687,0,82.33831,3.233831,0.2487562,0.4975124
2022-07-15 10:39:34,0,0,6.030151,0,0,89.94975,1.758794,0.2512563,1.758794
2022-07-15 10:39:33,0,0,10.526316,0.2506266,0,86.71679,2.255639,0,0.2506266
2022-07-15 10:39:32,0,0,11.166253,0.248139,0,82.38213,2.729529,0.248139,1.736973
2022-07-15 10:39:31,0,0,11.720698,0.2493766,0,80.04988,3.241895,0,4.239401
2022-07-15 10:39:30,0,0,7.769424,0.5012531,0,86.21554,2.756892,0.2506266,1.754386
2022-07-15 10:39:29,0,0,8.77193,0.5012531,0,83.70927,3.508772,0.2506266,2.756892
2022-07-15 10:39:28,0,0,7.940447,0.4962779,0,83.37469,3.225806,0.248139,3.473945
2022-07-15 10:39:27,0,0,8.270677,0,0,85.46366,2.255639,0.2506266,3.258145
2022-07-15 10:39:26,0,0,9,0.5,0,86,2.5,0.25,1.5
2022-07-15 10:39:25,0,0,7.286432,0.2512563,0,89.19598,2.512563,0.2512563,0.2512563
2022-07-15 10:39:24,0,0,11.25,0.25,0,85.25,2.75,0.25,0
2022-07-15 10:39:23,0,0,9.273183,0.2506266,0,86.96742,2.005013,0.2506266,0.2506266
2022-07-15 10:39:22,0,0,9.975062,0.2493766,0,86.03491,2.493766,0.2493766,0
2022-07-15 10:39:21,0,0,10.224439,0,0,85.28678,3.241895,0,0.9975062
2022-07-15 10:39:20,0,0,10.25,0.25,0,86,2.75,0.25,0.25
2022-07-15 10:39:19,0,0,10.75,0.25,0,85.75,2.75,0.25,0
2022-07-15 10:39:18,0,0,10.945274,0.4975124,0,85.32338,2.736318,0.2487562,0
2022-07-15 10:39:17,0,0,12.468828,0,0,83.04239,3.241895,0.2493766,0.4987531
2022-07-15 10:39:16,0,0,7.730673,0.2493766,0,87.53117,2.992519,0.2493766,0
2022-07-15 10:39:15,0,0,11.528822,0.5012531,0,85.71429,2.255639,0,0
2022-07-15 10:39:14,0,0,8.955224,0.2487562,0,86.81592,2.487562,0,0.4975124
2022-07-15 10:39:13,0,0,11.970075,0.2493766,0,84.28928,2.244389,0.7481297,0
2022-07-15 10:39:12,0,0,9.547739,0.2512563,0,86.93467,3.015075,0,0.2512563
2022-07-15 10:39:11,0,0,9.476309,0.2493766,0,85.28678,2.743142,0.2493766,0.4987531
2022-07-15 10:39:10,0,0,9.701493,0.2487562,0,86.31841,2.985075,0.4975124,0
2022-07-15 10:39:09,0,0,10.224439,0.2493766,0,85.78554,2.493766,0.4987531,0.2493766
2022-07-15 10:39:08,0,0,10.199005,0.7462687,0,86.31841,2.238806,0.2487562,0
2022-07-15 10:39:07,0,0,10.831234,0.5037783,0,85.89421,2.015113,0.2518892,0.2518892
2022-07-15 10:39:06,0,0,10.25,0.5,0,82.75,3,0.5,1.75
2022-07-15 10:39:05,0,0,13.75,0,0,82.5,2.5,0.25,0.25
2022-07-15 10:39:04,0,0,7.960199,0.4975124,0,86.06965,3.233831,0.4975124,0.4975124
2022-07-15 10:39:03,0,0,11.5,0.5,0,85.75,2,0,0.25
2022-07-15 10:39:02,0,0,8.977556,0,0,86.78304,2.992519,0.2493766,0.2493766
2022-07-15 10:39:01,0,0,10.301508,0.2512563,0,85.92965,2.512563,0.2512563,0.2512563
2022-07-15 10:39:00,0,0,10.526316,0.2506266,0,85.96491,2.756892,0,0.2506266
2022-07-15 10:38:59,0,0,10.669975,0.7444169,0,84.36725,2.977667,0.248139,0.248139
2022-07-15 10:38:58,0,0,9.343434,0,0,87.62626,2.020202,0.2525253,0.2525253
2022-07-15 10:38:57,0,0,10.5,0.5,0,86.25,2.25,0.25,0
2022-07-15 10:38:56,0,0,10.447761,0.2487562,0,86.06965,2.487562,0.2487562,0.2487562
2022-07-15 10:38:55,0,0,10.473815,0.2493766,0,85.28678,2.493766,0.7481297,0
2022-07-15 10:38:54,0,0,10.5,0.25,0,86,2.25,0.25,0.25
2022-07-15 10:38:53,0,0,11.42132,0,0,84.51777,3.045685,0,0.5076142
2022-07-15 10:38:52,0,0,14.356436,0,0,80.94059,3.960396,0.2475248,0.2475248
2022-07-15 10:38:51,0,0,7.960199,0.4975124,0,83.33333,2.736318,0,3.233831
2022-07-15 10:38:50,0,0,7.862408,0.4914005,0,83.04668,3.439803,0.2457002,3.685504
2022-07-15 10:38:49,0,0,7.5,0.25,0,83.25,2.5,0,5.25
2022-07-15 10:38:48,0,0,6.203474,0.7444169,0,84.61538,1.985112,0.248139,4.962779
2022-07-15 10:38:47,0,0,7.518797,0.2506266,0,86.21554,2.506266,0,3.007519
2022-07-15 10:38:46,0,0,5.955335,0.248139,0,86.10422,2.48139,0,4.218362
2022-07-15 10:38:45,0,0,9.52381,0.2506266,0,87.21805,2.255639,0.2506266,0.2506266
2022-07-15 10:38:44,0,0,10.972569,0.2493766,0,85.78554,2.244389,0,0.2493766
2022-07-15 10:38:43,0,0,10.25,0.25,0,87,2,0.25,0
2022-07-15 10:38:42,0,0,11,0.25,0,85.5,2.25,0.25,0.25
2022-07-15 10:38:41,0,0,11.720698,0.4987531,0,83.29177,2.493766,0.2493766,0.4987531
2022-07-15 10:38:40,0,0,13.533835,0.2506266,0,80.45113,3.759398,0.5012531,1.2531328
2022-07-15 10:38:39,0,0,8.395062,0.9876543,0,82.46914,2.469136,0.2469136,3.950617
2022-07-15 10:38:38,0,0,6.733167,0.2493766,0,82.04489,2.992519,0.2493766,6.234414
2022-07-15 10:38:37,0,0,5.75,0.25,0,92,1.5,0.25,0.25
2022-07-15 10:38:36,0,0,14.572864,0.5025126,0,81.65829,2.512563,0.2512563,0.2512563
2022-07-15 10:38:35,0,0,9.42928,0.248139,0,85.3598,2.48139,0.248139,1.736973
2022-07-15 10:38:34,0,0,8.75,0.25,0,85.25,3,0,2
2022-07-15 10:38:33,0,0,9.452736,0.4975124,0,81.34328,3.731343,0.2487562,4.228856
2022-07-15 10:38:32,0,0,7.481297,0.2493766,0,87.78055,2.244389,0.2493766,1.4962594
2022-07-15 10:38:31,0,0,8.229426,0.2493766,0,86.28429,2.743142,0.2493766,1.745636
2022-07-15 10:38:30,0,0,8.457711,0.2487562,0,79.85075,3.233831,0,6.467662
2022-07-15 10:38:29,0,0,8.270677,0.2506266,0,85.21303,3.759398,0.2506266,2.005013
2022-07-15 10:38:28,0,0,9.452736,0.2487562,0,81.8408,3.482587,0.2487562,3.482587
2022-07-15 10:38:27,0,0,4.726368,0.2487562,0,91.54229,1.4925373,0.2487562,1.741294
2022-07-15 10:38:26,0,0,10.945274,0,0,84.57711,2.736318,0.2487562,0.4975124
2022-07-15 10:38:25,0,0,9.226933,0.2493766,0,87.03242,2.743142,0,0.7481297
2022-07-15 10:38:24,0,0,11.838791,0.2518892,0,85.13854,1.763224,0.2518892,0.2518892
2022-07-15 10:38:23,0,0,11.970075,0.2493766,0,83.29177,3.241895,0.4987531,0.4987531
2022-07-15 10:38:22,0,0,7.052897,0.2518892,0,87.90932,2.267003,0,2.015113
2022-07-15 10:38:21,0,0,9,0,0,87.25,2.5,0.25,0.25
2022-07-15 10:38:20,0,0,10.447761,0.4975124,0,84.57711,3.233831,0.4975124,0.2487562
2022-07-15 10:38:19,0,0,15.151515,0.5050505,0,80.80808,2.777778,0,0.2525253
2022-07-15 10:38:18,0,0,6.5,0.25,0,80.5,4,0.5,7.5
2022-07-15 10:38:17,0,0,7.25,0.25,0,88.25,2.5,0.25,0.5
2022-07-15 10:38:16,0,0,7.070707,0.5050505,0,82.82828,3.535354,0.2525253,4.292929
2022-07-15 10:38:15,0,0,10.669975,0.4962779,0,85.3598,2.729529,0.248139,0.248139
2022-07-15 10:38:14,0,0,9.774436,0.2506266,0,84.71178,2.756892,0,1.754386
2022-07-15 10:38:13,0,0,9.226933,0.2493766,0,87.78055,2.244389,0,0.2493766
2022-07-15 10:38:12,0,0,10.25,0.25,0,85.25,3,0.5,0.25
2022-07-15 10:38:11,0,0,11.970075,0.2493766,0,84.0399,2.493766,0.2493766,0.4987531
2022-07-15 10:38:10,0,0,9.547739,0,0,84.67337,3.517588,0.2512563,1.5075377
2022-07-15 10:38:09,0,0,9.476309,0.2493766,0,87.03242,2.493766,0,0.2493766
2022-07-15 10:38:08,0,0,11,0.25,0,84.75,3.25,0.25,0
2022-07-15 10:38:07,0,0,9.774436,0.2506266,0,86.46617,2.506266,0.2506266,0.2506266
2022-07-15 10:38:06,0,0,13,0.25,0,83,3.25,0,0.25
2022-07-15 10:38:05,0,0,10.75,0.25,0,81.75,1.75,0.25,3.5
2022-07-15 10:38:04,0,0,13.065327,0.2512563,0,81.65829,3.768844,0,0.7537688
2022-07-15 10:38:03,0,0,7.920792,0.4950495,0,83.66337,2.227723,0.4950495,2.970297
2022-07-15 10:38:02,0,0,6.188119,0.990099,0,80.44554,2.475248,0,8.168317
2022-07-15 10:38:01,0,0,6.947891,0.248139,0,83.62283,3.225806,0.248139,4.466501
2022-07-15 10:38:00,0,0,6.483791,0.7481297,0,80.798,3.241895,0.4987531,7.481297
2022-07-15 10:37:59,0,0,9,0,0,88.25,2,0,0.25
2022-07-15 10:37:58,0,0,8.910891,0.4950495,0,79.9505,3.465347,0,6.188119
2022-07-15 10:37:57,0,0,5.527638,0,0,90.45226,1.758794,0.2512563,1.2562814
2022-07-15 10:37:56,0,0,8.706468,0.2487562,0,87.81095,1.99005,0.2487562,0.4975124
2022-07-15 10:37:55,0,0,11,0,0,85.5,2.75,0.25,0.25
2022-07-15 10:37:54,0,0,10.552764,0,0,86.68342,2.261307,0,0
2022-07-15 10:37:53,0,0,10.526316,0.5012531,0,85.46366,3.258145,0,0
2022-07-15 10:37:52,0,0,12.25,0.25,0,82.25,3.75,0.25,0.5
2022-07-15 10:37:51,0,0,7.462687,0.2487562,0,88.80597,2.736318,0.2487562,0.2487562
2022-07-15 10:37:50,0,0,9.701493,0.7462687,0,83.58209,2.985075,0,1.99005
2022-07-15 10:37:49,0,0,5.735661,0.2493766,0,90.27431,2.244389,0.4987531,0
2022-07-15 10:37:48,0,0,6.532663,0.5025126,0,89.44724,3.015075,0.2512563,0
2022-07-15 10:37:47,0,0,7.035176,0.2512563,0,88.69347,3.517588,0,0
2022-07-15 10:37:46,0,0,5.185185,0.4938272,0,88.88889,3.45679,0.4938272,0.2469136
2022-07-15 10:37:45,0,0,3.768844,0.5025126,0,92.71357,2.763819,0,0
2022-07-15 10:37:44,0,0,4.010025,0.5012531,0,91.72932,3.258145,0,0
2022-07-15 10:37:43,0,0,3.759398,0.5012531,0,91.72932,3.007519,0.5012531,0
2022-07-15 10:37:42,0,0,3.722084,0.248139,0,93.05211,2.48139,0,0
2022-07-15 10:37:41,0,0,3.990025,0.4987531,0,90.77307,3.491272,0,0
2022-07-15 10:37:40,0,0,2.756892,0.2506266,0,91.97995,3.508772,0,0.2506266
2022-07-15 10:37:39,0,0,1.4925373,0.4975124,0,94.52736,2.985075,0,0
2022-07-15 10:37:38,0,0,1.2658228,0.5063291,0,94.43038,2.531646,0.5063291,0
2022-07-15 10:37:37,0,0,1.25,0,0,94.75,3,0.25,0
2022-07-15 10:37:36,0,0,1.4962594,0.4987531,0,93.76559,3.241895,0.2493766,0
2022-07-15 10:37:35,0,0,1.2531328,0,0,94.73684,2.756892,0.2506266,0
2022-07-15 10:37:34,0,0,1.2562814,0.2512563,0,95.72864,2.261307,0,0
2022-07-15 10:37:33,0,0,1.4888337,0.4962779,0,94.2928,2.729529,0.4962779,0
2022-07-15 10:37:32,0,0,1.4962594,0.2493766,0,94.51372,3.241895,0.2493766,0
2022-07-15 10:37:31,0,0,1.2594458,0,0,90.42821,4.030227,0.2518892,0
2022-07-15 10:37:30,0,0,1.75,1,0,93.75,2.5,0.25,0
2022-07-15 10:37:29,0,0,1.758794,0.5025126,0,92.71357,3.266332,0.5025126,0
2022-07-15 10:37:28,0,0,1.2531328,0.2506266,0,94.73684,3.258145,0,0
2022-07-15 10:37:27,0,0,2.487562,0.7462687,0,89.801,5.721393,0.2487562,0.2487562
2022-07-15 10:37:26,0,0,1.5075377,0.2512563,0,94.47236,3.266332,0.2512563,0
2022-07-15 10:37:25,0,0,1.2594458,0.5037783,0,92.69521,4.785894,0.2518892,0
2022-07-15 10:37:24,0,0,1.4962594,0.4987531,0,93.51621,3.491272,0,0
2022-07-15 10:37:23,0,0,1.25,0.25,0,95,2.5,0.25,0
2022-07-15 10:37:22,0,0,1.2562814,0.5025126,0,94.97487,2.763819,0.2512563,0
2022-07-15 10:37:21,0,0,1.2594458,0,0,94.71033,2.770781,0,0
2022-07-15 10:37:20,0,0,1.975309,0.4938272,0,93.58025,3.209877,0.2469136,0
2022-07-15 10:37:19,0,0,1.25,0.5,0,92.5,3.75,0.5,0
2022-07-15 10:37:18,0,0,1.2658228,0.5063291,0,93.16456,3.544304,0,0
2022-07-15 10:37:17,0,0,1.4962594,0.4987531,0,94.26434,2.743142,0,0.2493766
2022-07-15 10:37:16,0,0,1.25,0.25,0,95.5,2.5,0.5,0
2022-07-15 10:37:15,0,0,1.5,0.5,0,93.5,4,0,0
2022-07-15 10:37:14,0,0,1.2531328,0.5012531,0,94.73684,2.756892,0.2506266,0
2022-07-15 10:37:13,0,0,1.2562814,0.2512563,0,93.96985,2.763819,0.2512563,0
2022-07-15 10:37:12,0,0,1.5,0.5,0,95.25,2.25,0.25,0
2022-07-15 10:37:11,0,0,1.2468828,0.2493766,0,95.01247,2.244389,0.2493766,0
2022-07-15 10:37:10,0,0,1.2722646,0.5089059,0,95.41985,2.544529,0,0
2022-07-15 10:37:09,0,0,1.995012,0.7481297,0,92.5187,3.491272,0.2493766,0
2022-07-15 10:37:08,0,0,1.4962594,0.4987531,0,94.26434,2.743142,0.2493766,0
2022-07-15 10:37:07,0,0,1.2562814,0,0,94.72362,2.763819,0.2512563,0
2022-07-15 10:37:06,0,0,1.2562814,0.5025126,0,94.22111,3.015075,0,0
2022-07-15 10:37:05,0,0,1.745636,0.2493766,0,94.01496,3.491272,0.2493766,0
2022-07-15 10:37:04,0,0,1.4962594,0.4987531,0,94.51372,2.743142,0.2493766,0
2022-07-15 10:37:03,0,0,1.5037594,0.5012531,0,94.23559,3.258145,0.2506266,0
2022-07-15 10:37:02,0,0,1.2468828,0,0,94.51372,3.241895,0,0
2022-07-15 10:37:01,0,0,1.5,0.5,0,94.5,2.5,0.25,0
2022-07-15 10:37:00,0,0,1.5,0.5,0,94.25,3,0,0
2022-07-15 10:36:59,0,0,1.25,0.25,0,94.75,3.25,0.25,0
2022-07-15 10:36:58,0,0,1.5037594,0.7518797,0,94.73684,2.506266,0.2506266,0
2022-07-15 10:36:57,0,0,1.25,0.75,0,94.25,2.5,0.25,0
2022-07-15 10:36:56,0,0,1.2468828,0.4987531,0,93.76559,2.992519,0.4987531,0
2022-07-15 10:36:55,0,0,1.5189873,0.2531646,0,93.41772,3.797468,0.2531646,0
2022-07-15 10:36:54,0,0,1.25,0.25,0,95,2.25,0.5,0
2022-07-15 10:36:53,0,0,1.2468828,0.2493766,0,95.26185,2.493766,0.2493766,0
2022-07-15 10:36:52,0,0,1.5,0.25,0,94.5,2.5,0.25,0
2022-07-15 10:36:51,0,0,1.75,0.5,0,93,3.25,0.25,0
2022-07-15 10:36:50,0,0,1.5,0.25,0,94,3.25,0.5,0
2022-07-15 10:36:49,0,0,1.25,0.5,0,94,3.5,0.25,0
2022-07-15 10:36:48,0,0,1.75,0.75,0,93.25,3.5,0.25,0
2022-07-15 10:36:47,0,0,1.2468828,0.4987531,0,95.7606,1.995012,0.2493766,0
2022-07-15 10:36:46,0,0,1.4888337,0.248139,0,93.30025,3.722084,0.248139,0
2022-07-15 10:36:45,0,0,1.2594458,0,0,94.71033,2.518892,0.2518892,0
2022-07-15 10:36:44,0,0,1.2531328,0.5012531,0,92.98246,3.508772,0.2506266,0
2022-07-15 10:36:43,0,0,1.2531328,0.2506266,0,95.48872,2.506266,0.2506266,0
2022-07-15 10:36:42,0,0,1.995012,0.4987531,0,93.01746,3.990025,0.2493766,0
2022-07-15 10:36:41,0,0,1.5075377,0.2512563,0,93.96985,3.266332,0,0
2022-07-15 10:36:40,0,0,1.995012,0.2493766,0,93.26683,3.491272,0.2493766,0
2022-07-15 10:36:39,0,0,1.25,0.25,0,91,3,0.25,0
2022-07-15 10:36:38,0,0,1.2594458,0.2518892,0,94.96222,2.770781,0.2518892,0
2022-07-15 10:36:37,0,0,1.4962594,0.2493766,0,94.51372,3.241895,0,0
2022-07-15 10:36:36,0,0,1.0025063,0.5012531,0,96.49123,1.754386,0,0
2022-07-15 10:36:35,0,0,1.736973,0.7444169,0,92.80397,3.225806,0.248139,0.248139
2022-07-15 10:36:34,0,0,1.0025063,0,0,93.73434,4.010025,0.2506266,0
2022-07-15 10:36:33,0,0,1.511335,0.2518892,0,93.45088,3.778338,0.2518892,0
2022-07-15 10:36:32,0,0,0.9925558,0.4962779,0,94.78908,2.729529,0.4962779,0
2022-07-15 10:36:31,0,0,2.005013,0,0,93.48371,3.759398,0,0
2022-07-15 10:36:30,0,0,1.0025063,0.2506266,0,95.48872,2.506266,0.2506266,0
2022-07-15 10:36:29,0,0,1.763224,0.7556675,0,92.44332,3.778338,0,0
2022-07-15 10:36:28,0,0,0.9975062,0.4987531,0,94.76309,2.992519,0.2493766,0
2022-07-15 10:36:27,0,0,1.741294,0,0,95.52239,2.238806,0.2487562,0
2022-07-15 10:36:26,0,0,1.0075567,0.5037783,0,95.46599,2.518892,0.2518892,0
2022-07-15 10:36:25,0,0,1.758794,0.5025126,0,93.46734,3.517588,0.2512563,0
2022-07-15 10:36:24,0,0,1.2626263,1.010101,0,91.66667,3.787879,0.2525253,0
2022-07-15 10:36:23,0,0,1.5,0.5,0,94,3,0.25,0
2022-07-15 10:36:22,0,0,1.2594458,0.2518892,0,93.45088,3.526448,0,0
2022-07-15 10:36:21,0,0,1.728395,0.4938272,0,93.33333,2.716049,0.4938272,0
2022-07-15 10:36:20,0,0,1.0152284,0.2538071,0,95.68528,2.791878,0,0
2022-07-15 10:36:19,0,0,1.741294,0.2487562,0,94.27861,2.985075,0.2487562,0
2022-07-15 10:36:18,0,0,1.0075567,0.2518892,0,95.46599,2.518892,0,0
2022-07-15 10:36:17,0,0,1.75,0.25,0,95.25,2,0.25,0
2022-07-15 10:36:16,0,0,0.9950249,0.2487562,0,95.27363,2.736318,0.2487562,0
2022-07-15 10:36:15,0,0,1.754386,0,0,94.48622,3.258145,0.2506266,0
2022-07-15 10:36:14,0,0,1.0025063,0.5012531,0,95.98997,2.005013,0,0
2022-07-15 10:36:13,0,0,1.745636,0.2493766,0,92.26933,3.740648,0,0
2022-07-15 10:36:12,0,0,1,0.25,0,94.75,3,0.5,0
2022-07-15 10:36:11,0,0,1.985112,0.248139,0,93.54839,2.48139,0.248139,0.248139
2022-07-15 10:36:10,0,0,1.4962594,0.2493766,0,95.01247,2.493766,0.2493766,0
2022-07-15 10:36:09,0,0,1.5,0.5,0,95,2.5,0.25,0
2022-07-15 10:36:08,0,0,1.2562814,0.7537688,0,94.97487,2.261307,0.2512563,0
2022-07-15 10:36:07,0,0,1.5,0,0,93.5,3.5,0.25,0
2022-07-15 10:36:06,0,0,1.2406948,0.248139,0,94.78908,3.225806,0.248139,0
2022-07-15 10:36:05,0,0,2.25,0,0,94,2.25,0.5,0
2022-07-15 10:36:04,0,0,1.2437811,0.4975124,0,93.78109,3.482587,0.2487562,0
2022-07-15 10:36:03,0,0,1.2690355,0.5076142,0,94.41624,3.045685,0,0
2022-07-15 10:36:02,0,0,1.745636,0.4987531,0,92.76808,3.491272,0.2493766,0
2022-07-15 10:36:01,0,0,2.75,0.25,0,93,3,0,0
2022-07-15 10:36:00,0,0,3.759398,0.2506266,0,91.22807,3.258145,0.5012531,0.2506266
2022-07-15 10:35:59,0,0,6.015038,0.2506266,0,90.22556,3.007519,0,0
2022-07-15 10:35:58,0,0,6.218905,0.4975124,0,89.30348,2.985075,0.4975124,0
2022-07-15 10:35:57,0,0,6.516291,0.5012531,0,89.72431,2.506266,0.5012531,0
2022-07-15 10:35:56,0,0,6.234414,0.2493766,0,90.27431,2.493766,0,0
2022-07-15 10:35:55,0,0,8.5,0.5,0,88,1.75,0.5,0.25
2022-07-15 10:35:54,0,0,8.312343,0.5037783,0,87.40554,3.274559,0,0
2022-07-15 10:35:53,0,0,9.045226,0,0,87.43719,3.266332,0,0
2022-07-15 10:35:52,0,0,8.5,0.25,0,88,2.75,0.25,0
2022-07-15 10:35:51,0,0,10.723192,0.7481297,0,82.54364,3.990025,0.2493766,0.4987531
2022-07-15 10:35:50,0,0,8.910891,0.2475248,0,82.42574,3.465347,0.2475248,3.712871
2022-07-15 10:35:49,0,0,4.773869,0.5025126,0,85.92965,2.01005,0,5.025126
2022-07-15 10:35:48,0,0,9.476309,0.2493766,0,82.79302,3.491272,0.4987531,3.241895
2022-07-15 10:35:47,0,0,9.25,0.25,0,85.25,2.5,0.25,2.25
2022-07-15 10:35:46,0,0,7.518797,0.2506266,0,89.47368,2.005013,0,0.2506266
2022-07-15 10:35:45,0,0,9.476309,0,0,86.28429,2.493766,0.2493766,1.2468828
2022-07-15 10:35:44,0,0,8.270677,0.5012531,0,86.71679,2.756892,0.2506266,0.5012531
2022-07-15 10:35:43,0,0,11.306533,0.2512563,0,86.1809,1.5075377,0.5025126,0
2022-07-15 10:35:42,0,0,10.301508,0.2512563,0,86.68342,2.01005,0,0.2512563
2022-07-15 10:35:41,0,0,10.447761,0.2487562,0,85.57214,2.985075,0.2487562,0
2022-07-15 10:35:40,0,0,10.050251,0.2512563,0,86.43216,2.512563,0.2512563,0
2022-07-15 10:35:39,0,0,12.935323,0.4975124,0,82.58706,2.985075,0,0.7462687
2022-07-15 10:35:38,0,0,6.234414,0.4987531,0,84.53865,3.491272,0.2493766,3.491272
2022-07-15 10:35:37,0,0,12.060302,0,0,83.9196,3.266332,0.2512563,0
2022-07-15 10:35:36,0,0,9.045226,0.5025126,0,85.17588,3.768844,0,0.7537688
2022-07-15 10:35:35,0,0,10.526316,0,0,86.71679,2.005013,0.5012531,0
2022-07-15 10:35:34,0,0,10.25,0.5,0,86,2.25,0.25,0.25
2022-07-15 10:35:33,0,0,12.219451,0,0,85.28678,1.745636,0.2493766,0.2493766
2022-07-15 10:35:32,0,0,8.312343,0.5037783,0,83.87909,4.030227,0.2518892,2.015113
2022-07-15 10:35:31,0,0,10.199005,0.7462687,0,85.8209,1.99005,0.4975124,0
2022-07-15 10:35:30,0,0,10.353535,0,0,85.85859,2.777778,0.5050505,0.2525253
2022-07-15 10:35:29,0,0,10.224439,0.2493766,0,84.78803,2.493766,0.2493766,1.4962594
2022-07-15 10:35:28,0,0,10.473815,0.9975062,0,85.28678,1.995012,0.4987531,0
2022-07-15 10:35:27,0,0,10.5,0.25,0,85.75,2.5,0.25,0.25
2022-07-15 10:35:26,0,0,11.691542,0.2487562,0,81.8408,3.482587,0.2487562,1.99005
2022-07-15 10:35:25,0,0,7.848101,0.2531646,0,88.35443,2.531646,0.2531646,0
2022-07-15 10:35:24,0,0,12.189055,0.4975124,0,83.33333,3.233831,0.2487562,0.2487562
2022-07-15 10:35:23,0,0,10.918114,0.4962779,0,82.63027,2.48139,0.248139,2.729529
2022-07-15 10:35:22,0,0,10.199005,0.2487562,0,83.33333,2.487562,0.2487562,2.487562
2022-07-15 10:35:21,0,0,7.23192,0.4987531,0,85.28678,2.244389,0.2493766,3.241895
2022-07-15 10:35:20,0,0,7.730673,0.2493766,0,82.04489,2.743142,0.2493766,5.985037
2022-07-15 10:35:19,0,0,6.467662,0.4975124,0,86.31841,1.99005,0.2487562,3.731343
2022-07-15 10:35:18,0,0,9.52381,0,0,86.71679,2.756892,0.5012531,0.2506266
2022-07-15 10:35:17,0,0,8.5,0.75,0,78.75,3.75,0.25,6.25
2022-07-15 10:35:16,0,0,5.985037,0.2493766,0,85.53616,2.992519,0.2493766,4.239401
2022-07-15 10:35:15,0,0,7.21393,0.2487562,0,86.56716,2.985075,0.2487562,1.741294
2022-07-15 10:35:14,0,0,10.37037,0.7407407,0,78.51852,4.444444,0.2469136,5.185185
2022-07-15 10:35:13,0,0,6.516291,0,0,83.20802,3.007519,0,4.761905
2022-07-15 10:35:12,0,0,7.25,0.25,0,88.75,1.75,0.25,1.5
2022-07-15 10:35:11,0,0,9.476309,0.2493766,0,83.29177,3.241895,0.4987531,2.493766
2022-07-15 10:35:10,0,0,10.25,0.25,0,86.75,2,0,0.5
2022-07-15 10:35:09,0,0,7.920792,0.4950495,0,81.68317,3.217822,0.2475248,5.693069
2022-07-15 10:35:08,0,0,8.374384,0.7389163,0,78.57143,3.20197,0,6.403941
2022-07-15 10:35:07,0,0,8.188586,0.248139,0,86.10422,2.977667,0.4962779,1.736973
2022-07-15 10:35:06,0,0,5.970149,0.4975124,0,78.85572,2.238806,0.4975124,9.20398
2022-07-15 10:35:05,0,0,8.478803,0.4987531,0,84.78803,1.995012,0,2.743142
2022-07-15 10:35:04,0,0,8,1,0,81.5,3.25,0.25,4.75
2022-07-15 10:35:03,0,0,3.931204,1.719902,0,75.18428,2.211302,0,12.039312
2022-07-15 10:35:02,0,0,7.98005,0,0,82.04489,3.740648,0.4987531,4.738155
2022-07-15 10:35:01,0,0,6.265664,0.7518797,0,80.95238,4.010025,0,5.263158
2022-07-15 10:35:00,0,0,7.711443,0.2487562,0,82.83582,2.985075,0.2487562,5.223881
2022-07-15 10:34:59,0,0,7,0.5,0,82.5,2,0.25,6.75
2022-07-15 10:34:58,0,0,8.75,0.5,0,84.75,2.75,0,2.5
2022-07-15 10:34:57,0,0,7.444169,0.7444169,0,84.11911,2.48139,0.4962779,3.970223
2022-07-15 10:34:56,0,0,8.72818,0.7481297,0,83.04239,2.992519,0,3.241895
2022-07-15 10:34:55,0,0,9.452736,0.4975124,0,82.33831,3.233831,0.4975124,3.233831
2022-07-15 10:34:54,0,0,8.542714,0.2512563,0,87.18593,2.261307,0.2512563,1.0050251
2022-07-15 10:34:53,0,0,9.701493,0.2487562,0,82.33831,3.9801,0.2487562,2.985075
2022-07-15 10:34:52,0,0,7.518797,0.5012531,0,84.21053,2.756892,0.2506266,4.010025
2022-07-15 10:34:51,0,0,7.425743,0.4950495,0,83.16832,3.465347,0.2475248,3.465347
2022-07-15 10:34:50,0,0,6.451613,0.7444169,0,80.64516,3.722084,0,5.459057
2022-07-15 10:34:49,0,0,7,0.5,0,86.25,2.75,0.25,2.25
2022-07-15 10:34:48,0,0,7.23192,0.2493766,0,86.53367,2.244389,0.2493766,2.493766
2022-07-15 10:34:47,0,0,10.526316,0.2506266,0,86.46617,2.005013,0.2506266,0.2506266
2022-07-15 10:34:46,0,0,10.552764,0.2512563,0,86.68342,2.261307,0,0
2022-07-15 10:34:45,0,0,12.219451,0.2493766,0,84.0399,2.493766,0.2493766,0
2022-07-15 10:34:44,0,0,8.77193,0.2506266,0,86.71679,2.506266,0.5012531,0.2506266
2022-07-15 10:34:43,0,0,10.776942,0,0,85.96491,2.756892,0,0
2022-07-15 10:34:42,0,0,10.945274,0.2487562,0,86.06965,2.238806,0.4975124,0
2022-07-15 10:34:41,0,0,10.606061,0.2525253,0,84.84848,2.777778,0.5050505,0.2525253
2022-07-15 10:34:40,0,0,10.918114,0.248139,0,85.11166,2.977667,0.248139,0.248139
2022-07-15 10:34:39,0,0,11.75,0.5,0,81.75,2.75,0.25,2.5
2022-07-15 10:34:38,0,0,9.25,0.25,0,85,3.5,0,0.75
2022-07-15 10:34:37,0,0,13.930348,0.4975124,0,83.08458,2.487562,0,0
2022-07-15 10:34:36,0,0,9.296482,0.2512563,0,80.40201,2.763819,0.5025126,5.778894
2022-07-15 10:34:35,0,0,4.5,0.5,0,91,1.75,0.25,1.25
2022-07-15 10:34:34,0,0,9.725686,0.2493766,0,85.78554,2.743142,0,1.2468828
2022-07-15 10:34:33,0,0,10.552764,0.2512563,0,82.66332,3.517588,0.2512563,2.01005
2022-07-15 10:34:32,0,0,9.5,0.25,0,86.75,2.5,0.25,0.25
2022-07-15 10:34:31,0,0,10.776942,0.2506266,0,85.46366,2.506266,0.2506266,0.2506266
2022-07-15 10:34:30,0,0,10.75,0.25,0,85.75,2.5,0,0.25
2022-07-15 10:34:29,0,0,10.669975,0.248139,0,85.11166,2.729529,0.4962779,0.248139
2022-07-15 10:34:28,0,0,10.776942,0,0,86.46617,2.005013,0.2506266,0.2506266
2022-07-15 10:34:27,0,0,14,0,0,81,4.25,0.25,0.25
2022-07-15 10:34:26,0,0,9.25,0.5,0,79,4.25,0.25,6
2022-07-15 10:34:25,0,0,8.229426,0.4987531,0,83.04239,3.241895,0,3.990025
2022-07-15 10:34:24,0,0,8.188586,0.4962779,0,81.63772,2.977667,0.4962779,5.459057
2022-07-15 10:34:23,0,0,8.270677,0.5012531,0,83.45865,2.756892,0.2506266,3.007519
2022-07-15 10:34:22,0,0,5.19802,0.7425743,0,79.20792,2.475248,0.2475248,9.90099
2022-07-15 10:34:21,0,0,8.684864,0.4962779,0,83.87097,3.225806,0.248139,2.233251
2022-07-15 10:34:20,0,0,9.701493,0.4975124,0,82.33831,2.238806,0.2487562,4.228856
2022-07-15 10:34:19,0,0,5.472637,0.2487562,0,89.55224,1.741294,0.2487562,1.99005
2022-07-15 10:34:18,0,0,11.055276,0.2512563,0,85.42714,2.261307,0.2512563,0.2512563
2022-07-15 10:34:17,0,0,9.06801,0.2518892,0,82.36776,3.02267,0.2518892,4.030227
2022-07-15 10:34:16,0,0,11.442786,0.9950249,0,82.33831,2.736318,0.2487562,1.99005
2022-07-15 10:34:15,0,0,6.435644,0.4950495,0,78.9604,3.217822,0.2475248,7.425743
2022-07-15 10:34:14,0,0,4.975124,0.9950249,0,78.10945,3.233831,0.2487562,8.208955
2022-07-15 10:34:13,0,0,7,0.25,0,85.75,2.5,0,3.25
2022-07-15 10:34:12,0,0,8.188586,0.4962779,0,83.12655,3.473945,0.248139,3.225806
2022-07-15 10:34:11,0,0,11.278195,0.7518797,0,83.20802,2.756892,0.2506266,1.2531328
2022-07-15 10:34:10,0,0,9.925558,0.4962779,0,82.63027,3.225806,0.248139,2.729529
2022-07-15 10:34:09,0,0,7.730673,0.9975062,0,82.79302,2.743142,0.2493766,4.239401
2022-07-15 10:34:08,0,0,8.478803,0,0,85.28678,2.244389,0.4987531,2.992519
2022-07-15 10:34:07,0,0,8.521303,0.2506266,0,86.21554,1.754386,0.2506266,1.754386
2022-07-15 10:34:06,0,0,6.982544,0.7481297,0,81.04738,2.244389,0.2493766,7.23192
2022-07-15 10:34:05,0,0,5.955335,0.248139,0,85.3598,2.729529,0.248139,3.970223
2022-07-15 10:34:04,0,0,9.273183,0.2506266,0,83.45865,2.756892,0.2506266,3.258145
2022-07-15 10:34:03,0,0,8.75,0.25,0,86.5,2.75,0,1.25
2022-07-15 10:34:02,0,0,10.148515,0.4950495,0,81.43564,3.960396,0.2475248,2.970297
2022-07-15 10:34:01,0,0,7.75,0.25,0,88.5,2.25,0.25,0.25
2022-07-15 10:34:00,0,0,10.199005,0.4975124,0,85.32338,2.985075,0.2487562,0
2022-07-15 10:33:59,0,0,10,0.5,0,85.5,2.25,0.25,1.25
2022-07-15 10:33:58,0,0,11.940299,0.4975124,0,82.58706,3.233831,0.4975124,0.4975124
2022-07-15 10:33:57,0,0,9.848485,0,0,87.12121,2.777778,0,0
2022-07-15 10:33:56,0,0,10.447761,0.4975124,0,86.06965,2.238806,0.2487562,0
2022-07-15 10:33:55,0,0,9.823678,0.2518892,0,84.13098,2.518892,0.2518892,0.2518892
2022-07-15 10:33:54,0,0,10.75,0.25,0,84,3.75,0.25,0.25
2022-07-15 10:33:53,0,0,13.065327,0,0,82.66332,3.266332,0.2512563,0
2022-07-15 10:33:52,0,0,12.686567,0.4975124,0,81.09453,2.487562,0.2487562,2.736318
2022-07-15 10:33:51,0,0,6.5,1,0,79.25,2.75,0.25,7.75
2022-07-15 10:33:50,0,0,7.788945,0.2512563,0,84.17085,2.763819,0,4.522613
2022-07-15 10:33:49,0,0,4.679803,0.4926108,0,72.6601,3.448276,0.2463054,12.315271
2022-07-15 10:33:48,0,0,5.735661,0.4987531,0,78.55362,1.995012,0.4987531,9.476309
2022-07-15 10:33:47,0,0,6.930693,0.2475248,0,85.39604,2.475248,0.2475248,3.960396
2022-07-15 10:33:46,0,0,8.521303,0.2506266,0,83.45865,2.506266,0.5012531,4.260652
2022-07-15 10:33:45,0,0,7.730673,0.4987531,0,81.29676,3.740648,0.2493766,4.239401
2022-07-15 10:33:44,0,0,4.962779,0.4962779,0,83.87097,2.233251,0,6.947891
2022-07-15 10:33:43,0,0,9.653465,0.2475248,0,86.38614,2.475248,0.2475248,0.7425743
2022-07-15 10:33:42,0,0,9.52381,0,0,86.71679,2.255639,0.2506266,1.0025063
2022-07-15 10:33:41,0,0,8.684864,0.4962779,0,85.60794,2.729529,0.248139,1.2406948
2022-07-15 10:33:40,0,0,7.98005,0,0,87.03242,2.992519,0,1.2468828
2022-07-15 10:33:39,0,0,12.280702,0.5012531,0,82.20551,4.010025,0.2506266,0.5012531
2022-07-15 10:33:38,0,0,8.02005,0.7518797,0,83.20802,2.005013,0.2506266,4.511278
2022-07-15 10:33:37,0,0,7.26817,0.7518797,0,82.95739,4.511278,0,3.508772
2022-07-15 10:33:36,0,0,9.25,0.25,0,88,1.75,0.5,0
2022-07-15 10:33:35,0,0,12.09068,0.2518892,0,84.13098,2.770781,0.2518892,0.2518892
2022-07-15 10:33:34,0,0,8.77193,0.5012531,0,86.71679,2.506266,0,0.5012531
2022-07-15 10:33:33,0,0,11.75,0.25,0,84.75,2.75,0.25,0.25
2022-07-15 10:33:32,0,0,10.5,0,0,85.25,3.5,0,0.25
2022-07-15 10:33:31,0,0,10.224439,0.2493766,0,85.78554,1.745636,0.4987531,0.2493766
2022-07-15 10:33:30,0,0,10.972569,0,0,86.28429,2.493766,0,0
2022-07-15 10:33:29,0,0,11.25,0.5,0,86,2,0,0
2022-07-15 10:33:28,0,0,10.224439,0.2493766,0,82.79302,3.241895,0.4987531,1.995012
2022-07-15 10:33:27,0,0,10.301508,0,0,84.92462,3.517588,0,0.5025126
2022-07-15 10:33:26,0,0,10.776942,0.2506266,0,86.21554,2.255639,0.2506266,0
2022-07-15 10:33:25,0,0,11.616162,0.2525253,0,84.09091,2.525253,0.5050505,0.5050505
2022-07-15 10:33:24,0,0,10.75,0.25,0,84,3.25,0,1.25
2022-07-15 10:33:23,0,0,9.226933,0,0,85.28678,2.493766,0,2.493766
2022-07-15 10:33:22,0,0,8.208955,0.4975124,0,77.11443,3.731343,0.2487562,8.457711
2022-07-15 10:33:21,0,0,8.457711,0.2487562,0,86.56716,1.99005,0.2487562,1.741294
2022-07-15 10:33:20,0,0,10.776942,0.2506266,0,81.70426,3.508772,0.2506266,2.506266
2022-07-15 10:33:19,0,0,9.876543,0.4938272,0,82.46914,3.209877,0.2469136,2.469136
2022-07-15 10:33:18,0,0,5.75,0.75,0,80.25,2.75,0.25,8
2022-07-15 10:33:17,0,0,9.605911,0.7389163,0,78.32512,3.694581,0.2463054,5.91133
2022-07-15 10:33:16,0,0,5.940594,0.4950495,0,79.20792,3.217822,0.2475248,7.673267
2022-07-15 10:33:15,0,0,5,1,0,77.5,2.5,0.25,10.25
2022-07-15 10:33:14,0,0,3.921569,1.2254902,0,76.47059,2.941176,0.4901961,9.558824
2022-07-15 10:33:13,0,0,6.25,0,0,84.75,2.75,0.5,5.5
2022-07-15 10:33:12,0,0,11.221945,0.2493766,0,81.29676,5.236908,0.2493766,0.9975062
2022-07-15 10:33:11,0,0,6.265664,0.2506266,0,88.47118,2.255639,0,2.005013
2022-07-15 10:33:10,0,0,9.950249,0.2487562,0,86.06965,2.487562,0.2487562,0.7462687
2022-07-15 10:33:09,0,0,9.975062,0.4987531,0,86.28429,2.493766,0.2493766,0
2022-07-15 10:33:08,0,0,10.5,0.25,0,85.25,2.25,0,1.25
2022-07-15 10:33:07,0,0,11.055276,0.2512563,0,85.67839,2.261307,0.2512563,0.2512563
2022-07-15 10:33:06,0,0,12.592593,0.2469136,0,82.46914,2.716049,0.4938272,0.7407407
2022-07-15 10:33:05,0,0,10.669975,0.248139,0,82.38213,3.225806,0.248139,0.7444169
2022-07-15 10:33:04,0,0,9.848485,0,0,85.60606,3.030303,0,0.5050505
2022-07-15 10:33:03,0,0,9.273183,0.5012531,0,85.21303,3.007519,0.5012531,1.0025063
2022-07-15 10:33:02,0,0,11.221945,0.4987531,0,85.78554,1.995012,0.2493766,0.2493766
2022-07-15 10:33:01,0,0,10.75,0.25,0,83.75,3.25,0.5,0.5
2022-07-15 10:33:00,0,0,9.571788,0.5037783,0,86.39798,2.518892,0.2518892,0.2518892
2022-07-15 10:32:59,0,0,12,0.75,0,83.25,2.75,0.25,0.25
2022-07-15 10:32:58,0,0,8.79397,0.2512563,0,87.68844,1.758794,0.2512563,0
2022-07-15 10:32:57,0,0,10.669975,0,0,86.10422,2.48139,0.248139,0
2022-07-15 10:32:56,0,0,14.285714,0.2506266,0,82.70677,2.506266,0,0.2506266
2022-07-15 10:32:55,0,0,10.837438,0.7389163,0,80.54187,2.216749,0.4926108,4.187192
2022-07-15 10:32:54,0,0,7.304786,0.5037783,0,83.37531,2.518892,0.2518892,5.037783
2022-07-15 10:32:53,0,0,7.21393,0.2487562,0,87.31343,2.487562,0.2487562,2.487562
2022-07-15 10:32:52,0,0,6.5,0.25,0,86.25,3.25,0.25,2
2022-07-15 10:32:51,0,0,12.468828,0.2493766,0,83.29177,2.743142,0.4987531,0.4987531
2022-07-15 10:32:50,0,0,11.720698,0.2493766,0,79.30175,4.987531,0.2493766,2.743142
2022-07-15 10:32:49,0,0,8.910891,0.7425743,0,85.39604,2.722772,0.2475248,1.4851485
2022-07-15 10:32:48,0,0,8.208955,0.4975124,0,82.83582,3.233831,0.2487562,3.9801
2022-07-15 10:32:47,0,0,8.75,0.25,0,83.25,3.25,0,3.75
2022-07-15 10:32:46,0,0,8.291457,0.7537688,0,86.43216,1.758794,0.2512563,1.758794
2022-07-15 10:32:45,0,0,10,0.5,0,84.5,2.75,0.25,1.25
2022-07-15 10:32:44,0,0,8.706468,0.7462687,0,83.08458,2.985075,0.2487562,3.233831
2022-07-15 10:32:43,0,0,7.788945,0.2512563,0,82.66332,2.512563,0.2512563,4.271357
2022-07-15 10:32:42,0,0,9.677419,0.248139,0,86.84864,1.736973,0.248139,0.9925558
2022-07-15 10:32:41,0,0,10,0.25,0,85.5,2.75,0.25,1
2022-07-15 10:32:40,0,0,6.5,0.75,0,79.75,3.25,0.25,7.5
2022-07-15 10:32:39,0,0,6.5,0,0,87.75,3,0.25,2.25
2022-07-15 10:32:38,0,0,10.723192,0.2493766,0,85.78554,2.244389,0,0.4987531
2022-07-15 10:32:37,0,0,10.75,0.75,0,84.25,3.5,0,0.25
2022-07-15 10:32:36,0,0,10.473815,0,0,85.53616,3.241895,0.2493766,0.2493766
2022-07-15 10:32:35,0,0,11.970075,0.2493766,0,83.79052,2.992519,0.4987531,0.2493766
2022-07-15 10:32:34,0,0,13.784461,0.5012531,0,81.70426,2.756892,0.2506266,0.5012531
2022-07-15 10:32:33,0,0,6.403941,0.9852217,0,70.93596,2.70936,0,14.778325
2022-07-15 10:32:32,0,0,6.766917,0.5012531,0,87.46867,1.754386,0.2506266,2.756892
2022-07-15 10:32:31,0,0,11.691542,0.2487562,0,82.08955,2.985075,0.2487562,2.238806
2022-07-15 10:32:30,0,0,5.236908,1.2468828,0,78.05486,1.745636,0.7481297,9.725686
2022-07-15 10:32:29,0,0,7.425743,0.990099,0,81.18812,3.960396,0.2475248,4.950495
2022-07-15 10:32:28,0,0,5.735661,0.7481297,0,79.8005,3.740648,0,7.730673
2022-07-15 10:32:27,0,0,7.462687,0.2487562,0,85.57214,2.487562,0.2487562,2.985075
2022-07-15 10:32:26,0,0,9.226933,0.2493766,0,82.04489,3.491272,0.4987531,4.239401
2022-07-15 10:32:25,0,0,7.178218,0.4950495,0,81.68317,3.960396,0.2475248,4.950495
2022-07-15 10:32:24,0,0,8.02005,0.2506266,0,85.21303,2.506266,0.2506266,2.756892
2022-07-15 10:32:23,0,0,6.699752,0.248139,0,81.63772,3.225806,0.248139,6.699752
2022-07-15 10:32:22,0,0,9.5,0.25,0,84.25,2.75,0.25,2.5
2022-07-15 10:32:21,0,0,9.20398,0.4975124,0,82.58706,3.9801,0.2487562,1.99005
2022-07-15 10:32:20,0,0,7.017544,0.2506266,0,86.21554,2.756892,0,2.255639
2022-07-15 10:32:19,0,0,6.516291,0.2506266,0,90.22556,2.005013,0.5012531,0.2506266
2022-07-15 10:32:18,0,0,10.669975,0.248139,0,84.11911,3.722084,0.248139,0.4962779
2022-07-15 10:32:17,0,0,12.562814,0.5025126,0,82.91457,3.517588,0,0.2512563
2022-07-15 10:32:16,0,0,7.711443,0.2487562,0,86.56716,2.487562,0.4975124,1.741294
2022-07-15 10:32:15,0,0,11.75,0,0,85.25,2.5,0.25,0.25
2022-07-15 10:32:14,0,0,8.291457,0.2512563,0,83.9196,3.015075,0.2512563,0.2512563
2022-07-15 10:32:13,0,0,10.275689,0,0,86.21554,2.506266,0.2506266,0.5012531
2022-07-15 10:32:12,0,0,12.219451,0.2493766,0,84.0399,2.493766,0.2493766,0.2493766
2022-07-15 10:32:11,0,0,9.774436,0,0,85.21303,2.756892,0.2506266,0.2506266
2022-07-15 10:32:10,0,0,11.528822,0.2506266,0,83.70927,3.759398,0.2506266,0.5012531
2022-07-15 10:32:09,0,0,13.399504,0.248139,0,81.14144,2.977667,0.4962779,0.9925558
2022-07-15 10:32:08,0,0,8.933002,0.248139,0,84.61538,2.48139,0,2.977667
2022-07-15 10:32:07,0,0,5.985037,0.4987531,0,85.78554,2.992519,0,4.239401
2022-07-15 10:32:06,0,0,12.280702,0.2506266,0,82.95739,3.007519,0.2506266,0.7518797
2022-07-15 10:32:05,0,0,7.920792,0.4950495,0,81.93069,2.970297,0.2475248,4.70297
2022-07-15 10:32:04,0,0,8,0.5,0,87,2.25,0.25,1.5
2022-07-15 10:32:03,0,0,10.972569,0.4987531,0,84.0399,3.241895,0.2493766,0.7481297
2022-07-15 10:32:02,0,0,8.478803,0.4987531,0,83.04239,3.740648,0.2493766,2.743142
2022-07-15 10:32:01,0,0,7.769424,0,0,86.96742,2.756892,0,2.255639
2022-07-15 10:32:00,0,0,7.21393,0.2487562,0,89.30348,1.99005,0.2487562,0.4975124
2022-07-15 10:31:59,0,0,10.552764,0.2512563,0,85.17588,2.763819,0.2512563,0.2512563
2022-07-15 10:31:58,0,0,9.975062,0.2493766,0,86.78304,2.493766,0.2493766,0
2022-07-15 10:31:57,0,0,10.972569,0.2493766,0,85.03741,2.992519,0.2493766,0.2493766
2022-07-15 10:31:56,0,0,10.776942,0.2506266,0,85.46366,3.007519,0,0
2022-07-15 10:31:55,0,0,10.75,0.25,0,85.75,2.25,0.5,0.25
2022-07-15 10:31:54,0,0,12.468828,0.2493766,0,83.79052,2.493766,0.2493766,0
2022-07-15 10:31:53,0,0,8.312343,0.2518892,0,85.89421,3.526448,0.2518892,0.2518892
2022-07-15 10:31:52,0,0,11.221945,0.4987531,0,84.28928,2.244389,0.2493766,1.2468828
2022-07-15 10:31:51,0,0,11.970075,0.2493766,0,83.79052,2.493766,0.4987531,0.2493766
2022-07-15 10:31:50,0,0,9.547739,0.5025126,0,86.93467,2.261307,0,0.2512563
2022-07-15 10:31:49,0,0,10.776942,0.2506266,0,85.96491,2.255639,0.2506266,0
2022-07-15 10:31:48,0,0,14.427861,0.7462687,0,81.09453,3.233831,0,0.2487562
2022-07-15 10:31:47,0,0,10.473815,0.2493766,0,81.29676,3.990025,0.2493766,2.992519
2022-07-15 10:31:46,0,0,8.521303,0.2506266,0,82.20551,7.518797,0.5012531,0.7518797
2022-07-15 10:31:45,0,0,6.483791,0.2493766,0,86.78304,3.241895,0,2.743142
2022-07-15 10:31:44,0,0,8.229426,0.2493766,0,87.2818,2.992519,0.2493766,0.7481297
2022-07-15 10:31:43,0,0,10.526316,0.5012531,0,85.71429,2.756892,0,0.2506266
2022-07-15 10:31:42,0,0,14.356436,0.2475248,0,75,5.940594,0.2475248,2.970297
2022-07-15 10:31:41,0,0,6.91358,0.4938272,0,78.02469,2.962963,0.2469136,9.62963
2022-07-15 10:31:40,0,0,6.982544,0.7481297,0,82.79302,1.995012,0.2493766,5.985037
2022-07-15 10:31:39,0,0,7.5,0.5,0,83,3.25,0,4.75
2022-07-15 10:31:38,0,0,8.188586,0.248139,0,86.35236,2.729529,0.248139,1.736973
2022-07-15 10:31:37,0,0,8.25,0.25,0,86,2.75,0.25,2.25
2022-07-15 10:31:36,0,0,8.060453,0,0,87.15365,2.518892,0.2518892,1.0075567
2022-07-15 10:31:35,0,0,9.181141,0,0,83.12655,3.722084,0.248139,1.985112
2022-07-15 10:31:34,0,0,12.718204,0.2493766,0,82.79302,2.743142,0.4987531,0.4987531
2022-07-15 10:31:33,0,0,9.273183,0.2506266,0,84.71178,2.756892,0,2.506266
2022-07-15 10:31:32,0,0,8.168317,0.7425743,0,80.69307,2.722772,0.2475248,6.683168
2022-07-15 10:31:31,0,0,4.239401,0.4987531,0,86.03491,2.992519,0.7481297,4.239401
2022-07-15 10:31:30,0,0,13.432836,0.4975124,0,81.59204,3.482587,0,0.4975124
2022-07-15 10:31:29,0,0,8.229426,0.7481297,0,84.78803,3.241895,0.2493766,1.2468828
2022-07-15 10:31:28,0,0,10.050251,0.2512563,0,86.43216,2.01005,0.2512563,1.0050251
2022-07-15 10:31:27,0,0,6.716418,0.7462687,0,83.58209,2.487562,0,4.975124
2022-07-15 10:31:26,0,0,8.977556,0.2493766,0,87.53117,1.995012,0.4987531,0.2493766
2022-07-15 10:31:25,0,0,11.970075,0.2493766,0,84.0399,2.743142,0.2493766,0.2493766
2022-07-15 10:31:24,0,0,13.5,0.5,0,82,3.5,0.5,0
2022-07-15 10:31:23,0,0,8.977556,0.4987531,0,81.54613,2.743142,0.2493766,4.239401
2022-07-15 10:31:22,0,0,9.52381,0.2506266,0,80.2005,3.258145,0.2506266,6.015038
2022-07-15 10:31:21,0,0,8.706468,0.4975124,0,83.33333,3.233831,0.2487562,3.233831
2022-07-15 10:31:20,0,0,8.706468,0.2487562,0,82.33831,3.731343,0.2487562,3.9801
2022-07-15 10:31:19,0,0,7.444169,0.7444169,0,78.41191,3.722084,0.248139,6.699752
2022-07-15 10:31:18,0,0,8.02005,0.5012531,0,82.95739,1.754386,0.2506266,4.260652
2022-07-15 10:31:17,0,0,4.488778,0.4987531,0,77.80549,2.493766,0,11.471322
2022-07-15 10:31:16,0,0,8.168317,0.4950495,0,84.15842,3.465347,0.2475248,2.722772
2022-07-15 10:31:15,0,0,5.764411,0.7518797,0,86.46617,2.756892,0,3.508772
2022-07-15 10:31:14,0,0,9.950249,0.2487562,0,86.56716,1.99005,0.4975124,0.2487562
2022-07-15 10:31:13,0,0,12.468828,0.2493766,0,83.29177,2.743142,0.4987531,0.2493766
2022-07-15 10:31:12,0,0,11.720698,0.2493766,0,83.04239,2.992519,0,1.4962594
2022-07-15 10:31:11,0,0,7.052897,0,0,88.16121,2.518892,0.5037783,1.511335
2022-07-15 10:31:10,0,0,13.098237,0.2518892,0,83.12343,2.518892,0.2518892,0.5037783
2022-07-15 10:31:09,0,0,8.62069,0.4926108,0,82.51232,2.216749,0.4926108,4.679803
2022-07-15 10:31:08,0,0,7.730673,0.4987531,0,84.78803,2.493766,0.2493766,3.740648
2022-07-15 10:31:07,0,0,7.730673,0,0,85.53616,2.493766,0.4987531,3.241895
2022-07-15 10:31:06,0,0,9.20398,0.4975124,0,79.85075,4.477612,0,4.975124
2022-07-15 10:31:05,0,0,6.549118,0,0,88.66499,2.015113,0.2518892,1.763224
2022-07-15 10:31:04,0,0,13.895782,0.248139,0,81.38958,2.729529,0.4962779,0.4962779
2022-07-15 10:31:03,0,0,7.960199,0.9950249,0,76.1194,1.99005,0.2487562,8.955224
2022-07-15 10:31:02,0,0,2.506266,0.2506266,0,70.17544,2.255639,0.2506266,17.54386
2022-07-15 10:31:01,0,0,4.738155,0.2493766,0,91.77057,1.745636,0.4987531,0.4987531
2022-07-15 10:31:00,0,0,12.280702,0.2506266,0,83.45865,3.007519,0,0
2022-07-15 10:30:59,0,0,8.955224,0.2487562,0,86.81592,3.233831,0.2487562,0.2487562
2022-07-15 10:30:58,0,0,10.301508,0.2512563,0,85.67839,3.015075,0,0.2512563
2022-07-15 10:30:57,0,0,10.945274,0.7462687,0,84.0796,2.736318,0.4975124,0.7462687
2022-07-15 10:30:56,0,0,11.139241,0,0,84.81013,3.037975,0,0.7594937
2022-07-15 10:30:55,0,0,11.471322,0.2493766,0,85.03741,2.493766,0.2493766,0.2493766
2022-07-15 10:30:54,0,0,10,0.25,0,84.5,3.75,0.25,0.25
2022-07-15 10:30:53,0,0,13.784461,0.5012531,0,81.70426,3.007519,0.5012531,0.2506266
2022-07-15 10:30:52,0,0,9.653465,0.990099,0,79.45545,3.712871,0,4.455446
2022-07-15 10:30:51,0,0,5.940594,0.4950495,0,82.17822,2.475248,0.4950495,5.940594
2022-07-15 10:30:50,0,0,6.5,0.25,0,82.75,2.25,0.25,7.25
2022-07-15 10:30:49,0,0,8.910891,0.4950495,0,83.66337,2.722772,0.2475248,3.960396
2022-07-15 10:30:48,0,0,6.483791,0.4987531,0,79.05237,3.241895,0.2493766,8.229426
2022-07-15 10:30:47,0,0,6.716418,0.9950249,0,84.82587,2.736318,0.2487562,3.233831
2022-07-15 10:30:46,0,0,10.696517,0.2487562,0,83.33333,3.233831,0.2487562,1.741294
2022-07-15 10:30:45,0,0,6.25,0.25,0,90.75,1.75,0.25,0.25
2022-07-15 10:30:44,0,0,10.050251,0.2512563,0,86.1809,2.763819,0.2512563,0
2022-07-15 10:30:43,0,0,12.280702,0.2506266,0,82.70677,4.010025,0,0.2506266
2022-07-15 10:30:42,0,0,8.229426,0.4987531,0,84.28928,2.992519,0.4987531,1.4962594
2022-07-15 10:30:41,0,0,10.275689,0,0,87.46867,2.005013,0,0
2022-07-15 10:30:40,0,0,10.776942,0.2506266,0,84.71178,2.506266,0.5012531,0.2506266
2022-07-15 10:30:39,0,0,9.950249,0.2487562,0,87.56219,1.741294,0.2487562,0
2022-07-15 10:30:38,0,0,12.531328,0.2506266,0,84.21053,2.255639,0.2506266,0.2506266
2022-07-15 10:30:37,0,0,13,0.5,0,82.25,2.75,0.25,1.25
2022-07-15 10:30:36,0,0,7.052897,0.5037783,0,84.38287,3.02267,0.5037783,4.030227
2022-07-15 10:30:35,0,0,12.75,0.5,0,82.75,2.5,0.25,0.75
2022-07-15 10:30:34,0,0,10.123457,0.2469136,0,85.4321,2.469136,0.4938272,0.4938272
2022-07-15 10:30:33,0,0,6.5,0.25,0,85.25,3,0,3.75
2022-07-15 10:30:32,0,0,7.25,0,0,85.75,3,0,3
2022-07-15 10:30:31,0,0,7.462687,0.2487562,0,86.56716,2.238806,0.4975124,2.238806
2022-07-15 10:30:30,0,0,13.819095,0.5025126,0,79.39698,4.271357,0.2512563,0.5025126
2022-07-15 10:30:29,0,0,6.896552,0.9852217,0,82.0197,2.216749,0.2463054,5.665025
2022-07-15 10:30:28,0,0,9.950249,0.4975124,0,80.84577,4.477612,0.2487562,3.731343
2022-07-15 10:30:27,0,0,6.75,1,0,75.5,2.75,0,10.25
2022-07-15 10:30:26,0,0,5.172414,0.2463054,0,77.83251,2.70936,0.2463054,10.344828
2022-07-15 10:30:25,0,0,6.801008,0.5037783,0,84.13098,2.267003,0.2518892,5.037783
2022-07-15 10:30:24,0,0,9.701493,0.2487562,0,85.57214,2.238806,0.4975124,1.2437811
2022-07-15 10:30:23,0,0,9.725686,0.2493766,0,85.03741,2.743142,0.2493766,1.745636
2022-07-15 10:30:22,0,0,7.25,0.5,0,83.5,2.25,0.25,5.25
2022-07-15 10:30:21,0,0,8.168317,0.4950495,0,84.15842,3.217822,0,2.722772
2022-07-15 10:30:20,0,0,7.178218,0.4950495,0,82.42574,2.475248,0.4950495,5.940594
2022-07-15 10:30:19,0,0,6.766917,0.2506266,0,84.71178,3.258145,0.5012531,4.010025
2022-07-15 10:30:18,0,0,10.723192,0.9975062,0,79.8005,3.990025,0.2493766,2.992519
2022-07-15 10:30:17,0,0,7.518797,0.2506266,0,82.70677,2.756892,0,6.265664
2022-07-15 10:30:16,0,0,7.19603,0.4962779,0,82.134,3.225806,0,4.218362
2022-07-15 10:30:15,0,0,9.476309,0.2493766,0,84.78803,2.743142,0.2493766,1.995012
2022-07-15 10:30:14,0,0,9.226933,0,0,83.29177,2.992519,0.2493766,3.491272
2022-07-15 10:30:13,0,0,6.930693,0.2475248,0,80.19802,3.465347,0.2475248,5.693069
2022-07-15 10:30:12,0,0,8.478803,0,0,84.78803,2.493766,0.4987531,2.493766
2022-07-15 10:30:11,0,0,8.955224,0.4975124,0,81.8408,3.233831,0.4975124,4.228856
2022-07-15 10:30:10,0,0,6.699752,0.7444169,0,80.8933,2.977667,0.248139,6.947891
2022-07-15 10:30:09,0,0,6.766917,0.5012531,0,85.46366,2.255639,0,4.010025
2022-07-15 10:30:08,0,0,8.542714,0.2512563,0,87.68844,2.261307,0.2512563,0.5025126
2022-07-15 10:30:07,0,0,8.457711,0.4975124,0,83.58209,3.233831,0.2487562,2.736318
2022-07-15 10:30:06,0,0,12,0.25,0,83.75,3,0,0.75
2022-07-15 10:30:05,0,0,7.25,0.25,0,84,3,0.5,3.25
2022-07-15 10:30:04,0,0,9.452736,0.2487562,0,86.56716,2.238806,0.2487562,0.2487562
2022-07-15 10:30:03,0,0,10.80402,0,0,85.92965,2.763819,0.2512563,0
2022-07-15 10:30:02,0,0,11.720698,0.2493766,0,84.53865,2.244389,0,0.9975062
2022-07-15 10:30:01,0,0,9.725686,0.2493766,0,84.28928,3.241895,0.2493766,0.9975062
2022-07-15 10:30:00,0,0,10.552764,0,0,86.43216,2.763819,0.2512563,0
2022-07-15 10:29:59,0,0,10.526316,0.5012531,0,86.21554,2.005013,0.2506266,0.2506266
2022-07-15 10:29:58,0,0,11.5,0.25,0,84.25,3.25,0.5,0.25
2022-07-15 10:29:57,0,0,10.643564,0.7425743,0,84.90099,2.722772,0,0.4950495
2022-07-15 10:29:56,0,0,11.616162,0.2525253,0,85.60606,2.020202,0.2525253,0.2525253
2022-07-15 10:29:55,0,0,12.25,0,0,83,3.25,0.25,0.5
2022-07-15 10:29:54,0,0,8.02005,0.2506266,0,86.46617,3.258145,0,1.5037594
2022-07-15 10:29:53,0,0,11.25,0.5,0,83.25,3.25,0.25,0.75
2022-07-15 10:29:52,0,0,10.891089,0,0,82.92079,2.227723,0.2475248,3.217822
2022-07-15 10:29:51,0,0,11.25,0.25,0,84.75,3,0.25,0.5
2022-07-15 10:29:50,0,0,6.549118,0.2518892,0,88.91688,1.763224,0,2.015113
2022-07-15 10:29:49,0,0,8.77193,0,0,87.21805,2.506266,0.2506266,0.2506266
2022-07-15 10:29:48,0,0,11.19403,0.2487562,0,85.57214,2.487562,0.2487562,0
2022-07-15 10:29:47,0,0,13.25,0.25,0,82.25,3,0.25,0.5
2022-07-15 10:29:46,0,0,10.918114,0.4962779,0,80.8933,3.473945,0.248139,2.729529
2022-07-15 10:29:45,0,0,5.30303,0.2525253,0,89.39394,1.767677,0,2.020202
2022-07-15 10:29:44,0,0,11,0.25,0,84.25,3.25,0.25,0.75
2022-07-15 10:29:43,0,0,9.273183,0.2506266,0,83.45865,3.258145,0.5012531,1.5037594
2022-07-15 10:29:42,0,0,9.06801,0.5037783,0,86.64987,2.518892,0.2518892,0.7556675
2022-07-15 10:29:41,0,0,12.151899,0.2531646,0,83.29114,2.78481,0.2531646,0.5063291
2022-07-15 10:29:40,0,0,8.955224,0.4975124,0,87.81095,1.99005,0.2487562,0.2487562
2022-07-15 10:29:39,0,0,11.306533,0.2512563,0,85.17588,2.512563,0.2512563,0.2512563
2022-07-15 10:29:38,0,0,10.972569,0,0,84.53865,2.992519,0.2493766,0.4987531
2022-07-15 10:29:37,0,0,9.547739,0.5025126,0,85.67839,3.266332,0,0.7537688
2022-07-15 10:29:36,0,0,10.696517,0.4975124,0,85.8209,1.99005,0.2487562,0.2487562
2022-07-15 10:29:35,0,0,13.316583,0.5025126,0,82.66332,2.763819,0.2512563,0.2512563
2022-07-15 10:29:34,0,0,11.528822,0,0,82.20551,3.508772,0.2506266,2.005013
2022-07-15 10:29:33,0,0,7.75,0.25,0,88.25,2,0.25,0.5
2022-07-15 10:29:32,0,0,9.653465,0.4950495,0,82.42574,3.960396,0.4950495,2.722772
2022-07-15 10:29:31,0,0,9.226933,0.4987531,0,83.79052,2.493766,0,3.491272
2022-07-15 10:29:30,0,0,9.52381,0.5012531,0,85.71429,1.754386,0.5012531,1.5037594
2022-07-15 10:29:29,0,0,8.270677,0,0,84.21053,3.508772,0.2506266,2.255639
2022-07-15 10:29:28,0,0,10.526316,0.2506266,0,86.21554,2.506266,0.2506266,0
2022-07-15 10:29:27,0,0,11.779449,0.5012531,0,84.71178,2.756892,0,0
2022-07-15 10:29:26,0,0,9.701493,0.4975124,0,84.82587,2.985075,0,0.7462687
2022-07-15 10:29:25,0,0,14.035088,0,0,81.95489,3.258145,0.2506266,0
2022-07-15 10:29:24,0,0,8.291457,0.2512563,0,85.92965,3.015075,0.2512563,1.5075377
2022-07-15 10:29:23,0,0,11.91067,0.248139,0,80.39702,3.473945,0.248139,2.977667
2022-07-15 10:29:22,0,0,6.78392,0.7537688,0,82.1608,2.01005,0.5025126,5.778894
2022-07-15 10:29:21,0,0,7.730673,0.2493766,0,82.29426,2.244389,0.2493766,6.234414
2022-07-15 10:29:20,0,0,7.98005,0.2493766,0,84.78803,2.992519,0.2493766,3.241895
2022-07-15 10:29:19,0,0,7.462687,0.4975124,0,85.32338,2.487562,0.2487562,2.238806
2022-07-15 10:29:18,0,0,9.774436,0.5012531,0,83.9599,3.258145,0.2506266,1.5037594
2022-07-15 10:29:17,0,0,14.108911,0.4950495,0,78.71287,3.465347,0.4950495,2.227723
2022-07-15 10:29:16,0,0,5.486284,0.9975062,0,78.80299,1.995012,0.2493766,10.224439
2022-07-15 10:29:15,0,0,9.405941,0.4950495,0,80.94059,3.465347,0.2475248,4.70297
2022-07-15 10:29:14,0,0,3.217822,1.2376238,0,71.78218,3.217822,0.2475248,13.861386
2022-07-15 10:29:13,0,0,2.222222,0.2469136,0,71.11111,1.975309,0.2469136,19.01235
2022-07-15 10:29:12,0,0,6.25,0.25,0,83.75,1.75,0.5,6.75
2022-07-15 10:29:11,0,0,9.5,0,0,82.5,2.25,0,4.5
2022-07-15 10:29:10,0,0,9.452736,0.7462687,0,84.0796,2.736318,0.2487562,1.2437811
2022-07-15 10:29:09,0,0,5.651106,1.2285012,0,78.86978,2.211302,0.4914005,9.336609
2022-07-15 10:29:08,0,0,8.5,0.5,0,83.25,3.25,0.25,2.5
2022-07-15 10:29:07,0,0,5.721393,0.4975124,0,83.08458,2.736318,0,6.716418
2022-07-15 10:29:06,0,0,6.5,0.25,0,86,3,0.25,3.5
2022-07-15 10:29:05,0,0,10.75,0.25,0,85.75,2,0.25,0.25
2022-07-15 10:29:04,0,0,14.713217,0.2493766,0,80.29925,3.990025,0.2493766,0.2493766
2022-07-15 10:29:03,0,0,8.040201,0.5025126,0,84.42211,2.261307,0.2512563,3.015075
2022-07-15 10:29:02,0,0,6.75,0.5,0,81.75,3,0.25,6.5
2022-07-15 10:29:01,0,0,9.701493,0.4975124,0,84.0796,2.487562,0.7462687,2.238806
2022-07-15 10:29:00,0,0,7.178218,0.2475248,0,81.18812,2.227723,0.2475248,6.930693
2022-07-15 10:28:59,0,0,8.684864,0.9925558,0,80.8933,3.722084,0.4962779,3.473945
2022-07-15 10:28:58,0,0,7.5,0.25,0,85.5,2.25,0.25,3.75
2022-07-15 10:28:57,0,0,7,0.25,0,87.25,2.25,0.25,2.25
2022-07-15 10:28:56,0,0,9.452736,0,0,82.83582,2.736318,0.2487562,4.228856
2022-07-15 10:28:55,0,0,8.436725,0.7444169,0,85.3598,2.48139,0,1.985112
2022-07-15 10:28:54,0,0,10.75,0.25,0,84.25,2.75,0.25,0.25
2022-07-15 10:28:53,0,0,10,0.25,0,86.5,2.5,0.25,0
2022-07-15 10:28:52,0,0,10.643564,0,0,85.39604,2.970297,0.2475248,0.2475248
2022-07-15 10:28:51,0,0,11.720698,0.7481297,0,82.54364,2.992519,0.2493766,0.7481297
2022-07-15 10:28:50,0,0,8.816121,0,0,87.40554,2.770781,0.2518892,0.2518892
2022-07-15 10:28:49,0,0,11.5,0.25,0,85.5,2,0.5,0
2022-07-15 10:28:48,0,0,10.579345,0.2518892,0,85.13854,3.526448,0,0.2518892
2022-07-15 10:28:47,0,0,11.278195,0.2506266,0,84.46115,3.508772,0,0.2506266
2022-07-15 10:28:46,0,0,10.75,0.25,0,83.75,3.5,0.5,1
2022-07-15 10:28:45,0,0,13.75,0.5,0,82,2.75,0.25,0.25
2022-07-15 10:28:44,0,0,8.75,0.5,0,85.5,3,0,1.5
2022-07-15 10:28:43,0,0,9.1133,0.2463054,0,84.48276,2.463054,0.2463054,2.70936
2022-07-15 10:28:42,0,0,11.528822,0.2506266,0,82.20551,2.756892,0,2.756892
2022-07-15 10:28:41,0,0,8.02005,0.5012531,0,88.47118,1.754386,0.2506266,0.7518797
2022-07-15 10:28:40,0,0,14.39206,0,0,78.90819,3.225806,0.248139,2.48139
2022-07-15 10:28:39,0,0,4.176904,1.4742015,0,74.69287,2.948403,0.2457002,12.039312
2022-07-15 10:28:38,0,0,5.693069,0.4950495,0,81.68317,2.722772,0.7425743,7.425743
2022-07-15 10:28:37,0,0,9,0,0,85.75,2.25,0,2.5
2022-07-15 10:28:36,0,0,8.229426,0.7481297,0,82.54364,2.244389,0.2493766,5.236908
2022-07-15 10:28:35,0,0,8.663366,0.2475248,0,82.67327,2.722772,0.4950495,4.455446
2022-07-15 10:28:34,0,0,7.556675,0.5037783,0,83.37531,2.770781,0.2518892,3.778338
2022-07-15 10:28:33,0,0,8.77193,0.7518797,0,81.95489,2.255639,0.5012531,3.508772
2022-07-15 10:28:32,0,0,6.203474,0,0,83.12655,3.970223,0.248139,5.707196
2022-07-15 10:28:31,0,0,6.699752,0.4962779,0,85.11166,2.233251,0.248139,4.218362
2022-07-15 10:28:30,0,0,9.273183,0.2506266,0,80.95238,3.508772,0.2506266,5.012531
2022-07-15 10:28:29,0,0,9,0.5,0,83.75,2.75,0.25,3.25
2022-07-15 10:28:28,0,0,6.435644,1.732673,0,78.46535,2.722772,0.2475248,6.930693
2022-07-15 10:28:27,0,0,3.667482,1.2224939,0,73.83863,2.689487,0.4889976,13.202934
2022-07-15 10:28:26,0,0,6.030151,0,0,87.68844,2.01005,0,3.517588
2022-07-15 10:28:25,0,0,12.25,0.5,0,83.75,2.5,0.25,0.25
2022-07-15 10:28:24,0,0,9.950249,0,0,80.84577,2.985075,0.2487562,4.726368
2022-07-15 10:28:23,0,0,3.731343,0.7462687,0,74.62687,2.238806,0.2487562,12.686567
2022-07-15 10:28:22,0,0,4.156479,1.711491,0,69.92665,2.444988,0.2444988,15.647922
2022-07-15 10:28:21,0,0,4.207921,0.7425743,0,75.49505,2.722772,0,15.09901
2022-07-15 10:28:20,0,0,8.040201,0.2512563,0,81.65829,3.015075,0.2512563,5.276382
2022-07-15 10:28:19,0,0,4.726368,0.2487562,0,92.78607,1.2437811,0.2487562,0.4975124
2022-07-15 10:28:18,0,0,10.224439,0.2493766,0,80.798,3.740648,0.2493766,2.992519
2022-07-15 10:28:17,0,0,12.781955,0,0,82.45614,3.508772,0,0.5012531
2022-07-15 10:28:16,0,0,9.226933,0.2493766,0,84.53865,2.743142,0.2493766,2.743142
2022-07-15 10:28:15,0,0,10.025063,0.7518797,0,80.45113,4.260652,0.2506266,3.258145
2022-07-15 10:28:14,0,0,5.5,0.25,0,86,1.75,0.25,4.75
2022-07-15 10:28:13,0,0,8.521303,0.7518797,0,87.46867,2.255639,0,0.5012531
2022-07-15 10:28:12,0,0,12.718204,0.2493766,0,83.79052,2.743142,0.2493766,0
2022-07-15 10:28:11,0,0,8.02005,0.2506266,0,86.21554,2.255639,0.5012531,2.005013
2022-07-15 10:28:10,0,0,13.75,0.25,0,81.25,3.5,0.25,0.25
2022-07-15 10:28:09,0,0,8.564232,0.2518892,0,87.40554,2.518892,0,1.0075567
2022-07-15 10:28:08,0,0,7.692308,0.248139,0,84.86352,3.473945,0.248139,2.48139
2022-07-15 10:28:07,0,0,13.715711,0.2493766,0,82.79302,2.493766,0.4987531,0
2022-07-15 10:28:06,0,0,7.21393,1.2437811,0,82.33831,2.736318,0.2487562,5.721393
2022-07-15 10:28:05,0,0,10.25,0.25,0,86.25,2.5,0.25,0.25
2022-07-15 10:28:04,0,0,9,0,0,84.5,3,0.25,2.5
2022-07-15 10:28:03,0,0,10.473815,0.2493766,0,86.03491,2.493766,0.4987531,0
2022-07-15 10:28:02,0,0,11,0,0,84.75,2.5,0.25,0.25
2022-07-15 10:28:01,0,0,10.972569,0.2493766,0,84.28928,2.992519,0.2493766,0.9975062
2022-07-15 10:28:00,0,0,11.278195,0,0,85.46366,2.756892,0,0.2506266
2022-07-15 10:27:59,0,0,10.723192,0,0,86.53367,1.995012,0.2493766,0
2022-07-15 10:27:58,0,0,10.25,0.25,0,85.75,2.5,0.25,0.25
2022-07-15 10:27:57,0,0,13.75,0.25,0,82.5,3,0,0.25
2022-07-15 10:27:56,0,0,6.852792,0.2538071,0,83.24873,3.553299,0.2538071,2.538071
2022-07-15 10:27:55,0,0,10.526316,0.5012531,0,85.21303,2.756892,0.5012531,0
2022-07-15 10:27:54,0,0,11.471322,0.2493766,0,84.53865,2.493766,0.2493766,0.2493766
2022-07-15 10:27:53,0,0,11.528822,0.5012531,0,83.70927,3.007519,0,0.2506266
2022-07-15 10:27:52,0,0,12.75,0.25,0,82.5,3.5,0.25,0.5
2022-07-15 10:27:51,0,0,9.336609,0.7371007,0,77.88698,2.702703,0.4914005,6.388206
2022-07-15 10:27:50,0,0,8.478803,0.7481297,0,83.29177,2.244389,0.2493766,3.740648
2022-07-15 10:27:49,0,0,8.521303,0.2506266,0,83.20802,3.258145,0,4.511278
2022-07-15 10:27:48,0,0,8,0.5,0,82.5,2.5,0.25,4.5
2022-07-15 10:27:47,0,0,6.403941,0.9852217,0,83.00493,2.463054,0.2463054,5.665025
2022-07-15 10:27:46,0,0,7.304786,0,0,84.88665,2.267003,0.5037783,4.785894
2022-07-15 10:27:45,0,0,10.972569,0.7481297,0,81.54613,3.740648,0,1.745636
2022-07-15 10:27:44,0,0,8.168317,0.7425743,0,80.94059,3.217822,0.4950495,4.950495
2022-07-15 10:27:43,0,0,6.965174,0.2487562,0,81.59204,2.985075,0.2487562,6.218905
2022-07-15 10:27:42,0,0,5.955335,0.7444169,0,78.66005,2.977667,0.248139,8.436725
2022-07-15 10:27:41,0,0,6.483791,0.7481297,0,79.8005,2.992519,0.2493766,6.483791
2022-07-15 10:27:40,0,0,7.21393,0.2487562,0,86.31841,1.741294,0,3.482587
2022-07-15 10:27:39,0,0,8.478803,0.4987531,0,84.53865,3.241895,0,2.244389
2022-07-15 10:27:38,0,0,8.706468,0.4975124,0,83.58209,2.736318,0.4975124,3.233831
2022-07-15 10:27:37,0,0,8.436725,0.248139,0,84.86352,2.48139,0.248139,2.48139
2022-07-15 10:27:36,0,0,7.286432,0.5025126,0,84.92462,2.512563,0,4.020101
2022-07-15 10:27:35,0,0,7.98005,0.4987531,0,88.52868,2.244389,0.2493766,0.2493766
2022-07-15 10:27:34,0,0,11.528822,0.5012531,0,84.46115,3.258145,0,0
2022-07-15 10:27:33,0,0,12.718204,0.2493766,0,78.30424,4.239401,0.4987531,1.2468828
2022-07-15 10:27:32,0,0,9.42928,0.4962779,0,83.62283,3.225806,0.4962779,2.233251
2022-07-15 10:27:31,0,0,6.313131,0,0,85.85859,2.525253,0.2525253,4.292929
2022-07-15 10:27:30,0,0,9.42928,0.248139,0,86.10422,2.977667,0.248139,0.248139
2022-07-15 10:27:29,0,0,8.542714,0.2512563,0,85.92965,2.763819,0.2512563,2.01005
2022-07-15 10:27:28,0,0,10.39604,0.4950495,0,78.9604,4.950495,0.4950495,3.712871
2022-07-15 10:27:27,0,0,13,0.25,0,80.75,5.25,0.25,0.25
2022-07-15 10:27:26,0,0,11.083123,0,0,86.1461,2.267003,0.2518892,0
2022-07-15 10:27:25,0,0,10.75,0.25,0,84.5,3.5,0.25,0.25
2022-07-15 10:27:24,0,0,12.718204,0.4987531,0,83.54115,2.743142,0,0
2022-07-15 10:27:23,0,0,9.950249,0.2487562,0,82.58706,3.731343,0,2.985075
2022-07-15 10:27:22,0,0,9.476309,0,0,85.78554,2.244389,0.2493766,1.745636
2022-07-15 10:27:21,0,0,9.925558,0.4962779,0,80.8933,3.970223,0.248139,3.473945
2022-07-15 10:27:20,0,0,6.982544,0.4987531,0,88.2793,2.493766,0,1.4962594
2022-07-15 10:27:19,0,0,9.798995,0.2512563,0,83.9196,4.271357,0.2512563,0.7537688
2022-07-15 10:27:18,0,0,9.701493,0.4975124,0,85.57214,2.736318,0.4975124,0.2487562
2022-07-15 10:27:17,0,0,12.5,0.25,0,83.25,3,0,0.75
2022-07-15 10:27:16,0,0,8.816121,0.2518892,0,86.39798,2.770781,0.2518892,1.0075567
2022-07-15 10:27:15,0,0,9.975062,0,0,85.28678,2.743142,0.4987531,0.4987531
2022-07-15 10:27:14,0,0,10.80402,0.2512563,0,86.43216,1.758794,0,0.5025126
2022-07-15 10:27:13,0,0,10.421836,0.248139,0,83.62283,3.473945,0.248139,0.9925558
2022-07-15 10:27:12,0,0,10.945274,0.2487562,0,85.8209,1.99005,0.4975124,0
2022-07-15 10:27:11,0,0,10.723192,0.2493766,0,85.03741,2.992519,0.2493766,0.2493766
2022-07-15 10:27:10,0,0,12.25,0.5,0,80.5,2.5,0.25,3.5
2022-07-15 10:27:09,0,0,8.79397,0.5025126,0,85.17588,3.517588,0.5025126,0.5025126
2022-07-15 10:27:08,0,0,11.221945,0.2493766,0,85.78554,2.244389,0.2493766,0
2022-07-15 10:27:07,0,0,10.526316,0.2506266,0,83.45865,3.759398,0.2506266,1.0025063
2022-07-15 10:27:06,0,0,15.174129,0.4975124,0,78.10945,3.482587,0.4975124,1.4925373
2022-07-15 10:27:05,0,0,7.711443,0.4975124,0,80.0995,3.482587,0.2487562,6.467662
2022-07-15 10:27:04,0,0,9.476309,0.2493766,0,84.0399,2.743142,0.2493766,2.743142
2022-07-15 10:27:03,0,0,4.975124,0.7462687,0,78.60697,2.487562,0.2487562,9.452736
2022-07-15 10:27:02,0,0,7.178218,0.990099,0,79.9505,2.475248,0.2475248,7.425743
2022-07-15 10:27:01,0,0,5.405405,0.982801,0,75.18428,2.457002,0.2457002,9.82801
2022-07-15 10:27:00,0,0,7.98005,0.4987531,0,82.29426,2.743142,0,4.488778
2022-07-15 10:26:59,0,0,7.940447,0.4962779,0,82.38213,2.48139,0.4962779,5.459057
2022-07-15 10:26:58,0,0,6.234414,0.4987531,0,80.798,3.990025,0,5.985037
2022-07-15 10:26:57,0,0,8.436725,0.248139,0,84.36725,3.970223,0,2.233251
2022-07-15 10:26:56,0,0,7.23192,0,0,88.52868,2.244389,0.2493766,1.4962594
2022-07-15 10:26:55,0,0,9.42928,0.248139,0,84.36725,3.722084,0,1.2406948
2022-07-15 10:26:54,0,0,11.528822,0.5012531,0,84.46115,3.007519,0.2506266,0
2022-07-15 10:26:53,0,0,8.706468,0,0,88.0597,1.99005,0.2487562,0.4975124
2022-07-15 10:26:52,0,0,11.055276,0.5025126,0,85.42714,2.261307,0.2512563,0.2512563
2022-07-15 10:26:51,0,0,12.219451,0.2493766,0,79.8005,3.491272,0.2493766,1.2468828
2022-07-15 10:26:50,0,0,11.5,0.25,0,83.25,3,0.25,1
2022-07-15 10:26:49,0,0,7.017544,0.5012531,0,88.7218,3.007519,0.2506266,0.2506266
2022-07-15 10:26:48,0,0,10.25,0,0,87,2.25,0.25,0
2022-07-15 10:26:47,0,0,11.138614,0.2475248,0,84.15842,2.970297,0,0.2475248
2022-07-15 10:26:46,0,0,10.224439,0,0,86.03491,2.493766,0.2493766,0.2493766
2022-07-15 10:26:45,0,0,10.831234,0.5037783,0,83.37531,3.02267,0,1.763224
2022-07-15 10:26:44,0,0,9.226933,0.2493766,0,86.53367,2.743142,0.2493766,0.2493766
2022-07-15 10:26:43,0,0,10.5,0.25,0,82.75,3,0.25,2.25
2022-07-15 10:26:42,0,0,8.933002,0.248139,0,84.11911,2.48139,0,2.233251
2022-07-15 10:26:41,0,0,8.816121,0.2518892,0,86.64987,2.267003,0.2518892,0.5037783
2022-07-15 10:26:40,0,0,10.972569,0.2493766,0,86.03491,1.995012,0,0
2022-07-15 10:26:39,0,0,10.275689,0,0,85.46366,3.007519,0.2506266,0.2506266
2022-07-15 10:26:38,0,0,11.335013,0,0,86.1461,1.763224,0.2518892,0
2022-07-15 10:26:37,0,0,16.209476,0.2493766,0,78.55362,3.740648,0.2493766,0.2493766
2022-07-15 10:26:36,0,0,5.970149,0.2487562,0,86.31841,1.99005,0,4.975124
2022-07-15 10:26:35,0,0,10.579345,0,0,80.85642,3.778338,0.2518892,3.778338
2022-07-15 10:26:34,0,0,7.407407,0.4938272,0,82.46914,3.703704,0.2469136,4.197531
2022-07-15 10:26:33,0,0,6.467662,0.2487562,0,84.57711,2.238806,0,5.472637
2022-07-15 10:26:32,0,0,12.280702,0,0,83.20802,3.508772,0.2506266,0
2022-07-15 10:26:31,0,0,3.91198,1.2224939,0,74.32763,2.689487,0.2444988,13.93643
2022-07-15 10:26:30,0,0,3.722084,0.7444169,0,78.90819,2.729529,0.248139,10.421836
2022-07-15 10:26:29,0,0,7.444169,0.248139,0,89.8263,1.736973,0.248139,0.248139
2022-07-15 10:26:28,0,0,13.032581,0.2506266,0,83.20802,3.007519,0,0.5012531
2022-07-15 10:26:27,0,0,10.25,0.25,0,84.75,2.5,0.25,1.75
2022-07-15 10:26:26,0,0,7.788945,0.2512563,0,89.19598,1.758794,0,0.5025126
2022-07-15 10:26:25,0,0,10.972569,0.2493766,0,85.28678,2.244389,0.4987531,0.2493766
2022-07-15 10:26:24,0,0,11,0.5,0,85.75,2,0,0
2022-07-15 10:26:23,0,0,11.278195,0,0,84.71178,3.007519,0.2506266,0.2506266
2022-07-15 10:26:22,0,0,11.166253,0.7444169,0,81.14144,3.970223,0.248139,1.4888337
2022-07-15 10:26:21,0,0,8,0.25,0,86.75,3,0,0.75
2022-07-15 10:26:20,0,0,12.189055,0.2487562,0,82.83582,2.487562,0.4975124,1.2437811
2022-07-15 10:26:19,0,0,9.725686,0.4987531,0,86.28429,2.493766,0.2493766,0.2493766
2022-07-15 10:26:18,0,0,9.5,0.5,0,86.75,2,0.5,0
2022-07-15 10:26:17,0,0,10.579345,0.2518892,0,86.39798,2.267003,0,0.2518892
2022-07-15 10:26:16,0,0,10.972569,0.2493766,0,85.03741,2.992519,0,0.2493766
2022-07-15 10:26:15,0,0,13.432836,0.4975124,0,81.59204,2.736318,0.2487562,1.2437811
2022-07-15 10:26:14,0,0,10.473815,0.4987531,0,82.79302,2.743142,0,2.743142
2022-07-15 10:26:13,0,0,6.766917,0.5012531,0,87.21805,1.754386,0,2.756892
2022-07-15 10:26:12,0,0,7.673267,0.4950495,0,82.17822,2.227723,0.2475248,6.188119
2022-07-15 10:26:11,0,0,8.542714,0.5025126,0,83.9196,2.512563,0,2.763819
2022-07-15 10:26:10,0,0,9.547739,0.2512563,0,79.39698,3.266332,0.5025126,5.778894
2022-07-15 10:26:09,0,0,7.425743,0.2475248,0,81.93069,2.475248,0.2475248,5.940594
2022-07-15 10:26:08,0,0,3.768844,0.7537688,0,83.41709,2.01005,0,8.291457
2022-07-15 10:26:07,0,0,9.950249,0.4975124,0,80.59701,2.487562,0.2487562,4.228856
2022-07-15 10:26:06,0,0,3.740648,0.2493766,0,90.77307,1.995012,0.2493766,1.745636
2022-07-15 10:26:05,0,0,10.776942,0.5012531,0,86.71679,1.2531328,0.2506266,0.2506266
2022-07-15 10:26:04,0,0,10.723192,0,0,87.2818,1.2468828,0.2493766,0
2022-07-15 10:26:03,0,0,10.80402,0.2512563,0,86.1809,1.758794,0.2512563,0.2512563
2022-07-15 10:26:02,0,0,10.5,0.25,0,87.25,1.75,0.25,0
2022-07-15 10:26:01,0,0,11.25,0.5,0,85,2.25,0,0.25
2022-07-15 10:26:00,0,0,9.975062,0.4987531,0,83.79052,1.745636,0,2.743142
2022-07-15 10:25:59,0,0,10.776942,0.2506266,0,85.96491,2.005013,0.2506266,0.2506266
2022-07-15 10:25:58,0,0,12.151899,0.2531646,0,83.03797,3.544304,0.2531646,0.2531646
2022-07-15 10:25:57,0,0,7.940447,0.4962779,0,85.85608,2.48139,0,1.736973
2022-07-15 10:25:56,0,0,9.75,0,0,86.25,2.5,0.25,1
2022-07-15 10:25:55,0,0,10.526316,0.5012531,0,83.9599,2.506266,0.2506266,1.5037594
2022-07-15 10:25:54,0,0,9.5,0,0,87.25,2.5,0.25,0
2022-07-15 10:25:53,0,0,10.552764,0.2512563,0,87.43719,1.5075377,0,0
2022-07-15 10:25:52,0,0,10.5,0,0,87,1.75,0.25,0
2022-07-15 10:25:51,0,0,10.447761,0.2487562,0,86.06965,2.238806,0.2487562,0.2487562
2022-07-15 10:25:50,0,0,10.75,0.25,0,86.5,1.75,0.25,0.25
2022-07-15 10:25:49,0,0,10.301508,0.2512563,0,86.43216,2.512563,0.2512563,0
2022-07-15 10:25:48,0,0,10.473815,0.2493766,0,85.78554,2.743142,0,0.2493766
2022-07-15 10:25:47,0,0,10.776942,0,0,85.71429,2.506266,0,0.2506266
2022-07-15 10:25:46,0,0,12.718204,0.2493766,0,82.29426,2.992519,0.4987531,0.4987531
2022-07-15 10:25:45,0,0,9.701493,0.7462687,0,83.58209,2.238806,0.2487562,2.487562
2022-07-15 10:25:44,0,0,8.933002,0.4962779,0,84.61538,2.729529,0.248139,2.233251
2022-07-15 10:25:43,0,0,12.75,0.75,0,81.75,2.75,0,1.25
2022-07-15 10:25:42,0,0,7.352941,0.7352941,0,83.33333,1.960784,0.245098,3.431373
2022-07-15 10:25:41,0,0,8,0.25,0,82,2.75,0.25,5.75
2022-07-15 10:25:40,0,0,8.415842,0.4950495,0,84.15842,2.475248,0.2475248,2.475248
2022-07-15 10:25:39,0,0,6.947891,0.9925558,0,85.3598,2.233251,0.248139,3.225806
2022-07-15 10:25:38,0,0,8.977556,0.2493766,0,87.2818,1.745636,0,1.4962594
2022-07-15 10:25:37,0,0,8.933002,0.248139,0,84.86352,2.977667,0,2.48139
2022-07-15 10:25:36,0,0,9.798995,0.2512563,0,83.66834,2.763819,0.2512563,2.763819
2022-07-15 10:25:35,0,0,5.882353,1.2254902,0,78.92157,2.45098,0.4901961,9.558824
2022-07-15 10:25:34,0,0,3.902439,0.4878049,0,74.39024,3.414634,0.4878049,12.682927
2022-07-15 10:25:33,0,0,4.271357,0.5025126,0,88.44221,2.01005,0,3.015075
2022-07-15 10:25:32,0,0,8.208955,0,0,86.81592,1.741294,0.4975124,1.2437811
2022-07-15 10:25:31,0,0,8.270677,0.2506266,0,85.96491,3.508772,0,1.0025063
2022-07-15 10:25:30,0,0,9.25,0.25,0,87.75,2,0.25,0.25
2022-07-15 10:25:29,0,0,10.696517,0.7462687,0,86.31841,1.4925373,0,0
2022-07-15 10:25:28,0,0,10.552764,0,0,86.93467,1.758794,0.2512563,0.2512563
2022-07-15 10:25:27,0,0,14.962594,0.2493766,0,80.54863,3.241895,0.2493766,0.2493766
2022-07-15 10:25:26,0,0,9.774436,0.5012531,0,83.45865,3.007519,0.2506266,2.506266
2022-07-15 10:25:25,0,0,7.75,0.5,0,85,1.75,0,3.5
2022-07-15 10:25:24,0,0,8.888889,0.7407407,0,84.19753,2.469136,0,2.469136
2022-07-15 10:25:23,0,0,6.75,0.75,0,82.5,1.75,0.25,6.5
2022-07-15 10:25:22,0,0,6.699752,0.9925558,0,83.12655,1.985112,0,5.955335
2022-07-15 10:25:21,0,0,5.276382,0.2512563,0,88.69347,2.512563,0,1.5075377
2022-07-15 10:25:20,0,0,10.199005,0.2487562,0,82.08955,3.233831,0.4975124,2.487562
2022-07-15 10:25:19,0,0,10.025063,0.5012531,0,85.71429,2.756892,0.2506266,0.2506266
2022-07-15 10:25:18,0,0,9.20398,0.2487562,0,83.83085,1.99005,0.4975124,2.985075
2022-07-15 10:25:17,0,0,10.148515,0.4950495,0,84.40594,1.980198,0.4950495,2.227723
2022-07-15 10:25:16,0,0,8.208955,0.2487562,0,85.57214,2.487562,0,3.233831
2022-07-15 10:25:15,0,0,5.30303,0,0,90.90909,1.5151515,0,1.5151515
2022-07-15 10:25:14,0,0,12.219451,0.2493766,0,84.28928,2.244389,0.2493766,0.4987531
2022-07-15 10:25:13,0,0,9.950249,0.2487562,0,82.58706,2.985075,0.2487562,3.482587
2022-07-15 10:25:12,0,0,6.78392,0.2512563,0,83.66834,1.758794,0.2512563,5.276382
2022-07-15 10:25:11,0,0,7.25,0.5,0,88.25,1.5,0.25,1.5
2022-07-15 10:25:10,0,0,9.547739,0,0,87.68844,2.01005,0.2512563,0.2512563
2022-07-15 10:25:09,0,0,10.723192,0.7481297,0,81.29676,3.241895,0,2.992519
2022-07-15 10:25:08,0,0,9.359606,0.2463054,0,83.49754,1.2315271,0.4926108,3.20197
2022-07-15 10:25:07,0,0,5.985037,0.9975062,0,82.29426,3.241895,0,4.987531
2022-07-15 10:25:06,0,0,6.733167,0.4987531,0,88.2793,1.995012,0.2493766,1.995012
2022-07-15 10:25:05,0,0,10.723192,0.2493766,0,87.03242,1.2468828,0.2493766,0
2022-07-15 10:25:04,0,0,10.5,0.25,0,86.25,2.25,0.25,0.25
2022-07-15 10:25:03,0,0,10.552764,0.2512563,0,86.43216,2.261307,0.2512563,0
2022-07-15 10:25:02,0,0,10.552764,0,0,85.42714,3.015075,0,0.2512563
2022-07-15 10:25:01,0,0,10.696517,0.7462687,0,85.32338,2.487562,0,0.2487562
2022-07-15 10:25:00,0,0,10.199005,0.2487562,0,86.81592,1.4925373,0.2487562,0
2022-07-15 10:24:59,0,0,10.5,0,0,85.75,3,0.5,0
2022-07-15 10:24:58,0,0,11.027569,0.5012531,0,81.95489,3.007519,0,1.2531328
2022-07-15 10:24:57,0,0,9.774436,0.2506266,0,85.96491,3.007519,0.2506266,0
2022-07-15 10:24:56,0,0,11.278195,0.5012531,0,83.9599,2.756892,0.2506266,0.5012531
2022-07-15 10:24:55,0,0,7.75,0.25,0,87.5,3.25,0.25,0.25
2022-07-15 10:24:54,0,0,10,0.25,0,87,2,0,0.25
2022-07-15 10:24:53,0,0,10.696517,0.4975124,0,85.32338,2.238806,0.4975124,0.2487562
2022-07-15 10:24:52,0,0,10.025063,0.2506266,0,87.46867,1.754386,0,0
2022-07-15 10:24:51,0,0,10.945274,0.2487562,0,85.57214,2.238806,0.4975124,0.2487562
2022-07-15 10:24:50,0,0,10.075567,0.5037783,0,86.39798,2.267003,0,0.2518892
2022-07-15 10:24:49,0,0,10.552764,0,0,84.42211,2.261307,0.2512563,1.758794
2022-07-15 10:24:48,0,0,10.224439,0.2493766,0,87.2818,1.745636,0,0.2493766
2022-07-15 10:24:47,0,0,13.25,0.25,0,83.75,2,0.25,0.25
2022-07-15 10:24:46,0,0,9.677419,0.4962779,0,83.62283,2.48139,0,2.48139
2022-07-15 10:24:45,0,0,7.19603,0,0,83.62283,3.225806,0.248139,4.962779
2022-07-15 10:24:44,0,0,12.219451,0.2493766,0,81.04738,2.743142,0.4987531,2.992519
2022-07-15 10:24:43,0,0,5.012531,0.5012531,0,80.2005,2.756892,0.2506266,9.774436
2022-07-15 10:24:42,0,0,5.940594,1.2376238,0,83.66337,1.980198,0,5.445545
2022-07-15 10:24:41,0,0,8.25,0.5,0,87,2.5,0,1
2022-07-15 10:24:40,0,0,8.374384,0.4926108,0,81.52709,2.70936,0.2463054,3.940887
2022-07-15 10:24:39,0,0,9.725686,0,0,82.54364,2.244389,0,4.239401
2022-07-15 10:24:38,0,0,6.483791,0.4987531,0,81.29676,1.745636,0.2493766,6.483791
2022-07-15 10:24:37,0,0,6.483791,0.9975062,0,83.54115,2.493766,0.4987531,4.738155
2022-07-15 10:24:36,0,0,6.297229,0.2518892,0,90.17632,1.763224,0,0.7556675
2022-07-15 10:24:35,0,0,9.226933,0.2493766,0,87.53117,2.244389,0.2493766,0.2493766
2022-07-15 10:24:34,0,0,14.536341,0.5012531,0,79.19799,3.508772,0.2506266,1.754386
2022-07-15 10:24:33,0,0,9.5,0.5,0,83.5,3,0,2.5
2022-07-15 10:24:32,0,0,4.726368,0.2487562,0,85.57214,2.238806,0.2487562,5.472637
2022-07-15 10:24:31,0,0,10.37037,0.7407407,0,80.98765,3.950617,0,3.45679
2022-07-15 10:24:30,0,0,7.901235,0.4938272,0,84.69136,2.469136,0.2469136,3.209877
2022-07-15 10:24:29,0,0,6.733167,0.2493766,0,86.53367,2.244389,0,3.990025
2022-07-15 10:24:28,0,0,9.476309,0.2493766,0,85.78554,1.745636,0.2493766,2.244389
2022-07-15 10:24:27,0,0,8.910891,0.7425743,0,82.67327,2.475248,0.2475248,3.960396
2022-07-15 10:24:26,0,0,7.808564,0.5037783,0,84.63476,2.015113,0.5037783,3.02267
2022-07-15 10:24:25,0,0,6.483791,0.2493766,0,84.0399,1.995012,0,5.985037
2022-07-15 10:24:24,0,0,4.25,0.5,0,83.75,1.75,0.5,8
2022-07-15 10:24:23,0,0,11.414392,0.248139,0,85.11166,2.233251,0.248139,0.248139
2022-07-15 10:24:22,0,0,7.21393,0.7462687,0,81.8408,2.985075,0.4975124,4.726368
2022-07-15 10:24:21,0,0,8.270677,0,0,86.21554,2.506266,0,1.754386
2022-07-15 10:24:20,0,0,6.483791,0.4987531,0,86.78304,2.244389,0.4987531,2.493766
2022-07-15 10:24:19,0,0,10.050251,0.2512563,0,83.9196,3.517588,0,1.758794
2022-07-15 10:24:18,0,0,7.711443,0.4975124,0,86.56716,1.4925373,0.2487562,2.238806
2022-07-15 10:24:17,0,0,10.80402,0.2512563,0,86.43216,1.758794,0.2512563,0.2512563
2022-07-15 10:24:16,0,0,10.526316,0.7518797,0,85.46366,2.005013,0,0.2506266
2022-07-15 10:24:15,0,0,11.221945,0,0,85.53616,2.493766,0.2493766,0
2022-07-15 10:24:14,0,0,11.027569,0.2506266,0,86.46617,2.005013,0,0
2022-07-15 10:24:13,0,0,10.353535,0.5050505,0,86.36364,1.5151515,0.2525253,0.2525253
2022-07-15 10:24:12,0,0,10.25,0,0,86.5,2,0.5,0.25
2022-07-15 10:24:11,0,0,10.473815,0,0,86.03491,2.493766,0.2493766,0.2493766
2022-07-15 10:24:10,0,0,10.5,0.5,0,85.5,2.75,0.25,0
2022-07-15 10:24:09,0,0,12.903226,0,0,82.38213,2.48139,0.248139,1.4888337
2022-07-15 10:24:08,0,0,10,0.25,0,80,3.5,0.25,5
2022-07-15 10:24:07,0,0,9.181141,0.4962779,0,83.87097,1.4888337,0,3.473945
2022-07-15 10:24:06,0,0,7.23192,0.2493766,0,84.78803,1.995012,0,4.738155
2022-07-15 10:24:05,0,0,8,0.5,0,82.75,2.5,0.25,4.75
2022-07-15 10:24:04,0,0,6.218905,0.4975124,0,78.60697,2.736318,0.4975124,8.457711
2022-07-15 10:24:03,0,0,6.483791,0.2493766,0,87.03242,1.745636,0.2493766,2.493766
2022-07-15 10:24:02,0,0,8.977556,0.4987531,0,84.0399,2.743142,0,2.992519
2022-07-15 10:24:01,0,0,7.960199,0.4975124,0,81.09453,2.487562,0.2487562,5.472637
2022-07-15 10:24:00,0,0,6.218905,0.2487562,0,82.83582,1.99005,0.2487562,7.21393
2022-07-15 10:23:59,0,0,8.188586,0.4962779,0,82.134,2.48139,0.248139,4.962779
2022-07-15 10:23:58,0,0,6.75,1,0,82.75,2.25,0,5.25
2022-07-15 10:23:57,0,0,8.684864,0.9925558,0,82.63027,1.985112,0.248139,4.962779
2022-07-15 10:23:56,0,0,4.228856,0.4975124,0,78.60697,2.985075,0,8.457711
2022-07-15 10:23:55,0,0,7.017544,0.5012531,0,81.45363,2.756892,0.5012531,6.516291
2022-07-15 10:23:54,0,0,6.281407,0.2512563,0,89.44724,2.01005,0.2512563,1.5075377
2022-07-15 10:23:53,0,0,13.366337,0.2475248,0,83.66337,1.732673,0,0.7425743
2022-07-15 10:23:52,0,0,6.015038,0,0,89.22306,1.754386,0.2506266,2.756892
2022-07-15 10:23:51,0,0,12.967581,0.2493766,0,83.54115,2.244389,0.2493766,0.2493766
2022-07-15 10:23:50,0,0,8.977556,0.4987531,0,81.79551,2.743142,0.2493766,5.236908
2022-07-15 10:23:49,0,0,8.457711,0.2487562,0,86.56716,1.99005,0.4975124,1.99005
2022-07-15 10:23:48,0,0,7.286432,0.2512563,0,85.42714,2.512563,0.2512563,2.763819
2022-07-15 10:23:47,0,0,6.516291,0.2506266,0,89.47368,2.255639,0.5012531,0.2506266
2022-07-15 10:23:46,0,0,12.5,0.25,0,83.5,3.25,0,0.25
2022-07-15 10:23:45,0,0,10.696517,0.7462687,0,81.09453,2.238806,0,3.9801
2022-07-15 10:23:44,0,0,8.977556,0.7481297,0,85.78554,2.493766,0.2493766,0.9975062
2022-07-15 10:23:43,0,0,7.940447,0.248139,0,77.91563,3.225806,0,8.684864
2022-07-15 10:23:42,0,0,6.879607,0.4914005,0,82.06388,2.457002,0.4914005,5.896806
2022-07-15 10:23:41,0,0,8.040201,0.2512563,0,86.93467,1.758794,0,2.01005
2022-07-15 10:23:40,0,0,9.925558,0.4962779,0,81.38958,2.729529,0.4962779,4.218362
2022-07-15 10:23:39,0,0,8.415842,0.4950495,0,84.15842,2.475248,0,3.217822
2022-07-15 10:23:38,0,0,5.735661,0.4987531,0,74.56359,2.493766,0.4987531,10.972569
2022-07-15 10:23:37,0,0,6.965174,0.4975124,0,84.0796,1.99005,0.2487562,4.975124
2022-07-15 10:23:36,0,0,7.692308,0.4962779,0,84.61538,2.233251,0.4962779,2.729529
2022-07-15 10:23:35,0,0,7.26817,0.7518797,0,85.71429,1.754386,0,3.759398
2022-07-15 10:23:34,0,0,8.888889,0.2469136,0,82.22222,2.469136,0.2469136,4.938272
2022-07-15 10:23:33,0,0,6.281407,0,0,83.41709,2.261307,0,5.778894
2022-07-15 10:23:32,0,0,4.71464,0.9925558,0,78.66005,3.473945,0.248139,9.925558
2022-07-15 10:23:31,0,0,7.940447,0.4962779,0,81.38958,3.473945,0.248139,4.962779
2022-07-15 10:23:30,0,0,4.522613,0.5025126,0,89.94975,2.01005,0,2.512563
2022-07-15 10:23:29,0,0,9.75,0,0,87.5,2.25,0,0.25
2022-07-15 10:23:28,0,0,11.111111,0.2469136,0,85.92593,1.728395,0.2469136,0
2022-07-15 10:23:27,0,0,10.886076,0.2531646,0,85.82278,2.278481,0,0.2531646
2022-07-15 10:23:26,0,0,10.421836,0.248139,0,86.6005,1.736973,0.248139,0.248139
2022-07-15 10:23:25,0,0,10.723192,0,0,85.28678,2.743142,0.4987531,0.2493766
2022-07-15 10:23:24,0,0,10.526316,0.2506266,0,86.71679,2.005013,0,0
2022-07-15 10:23:23,0,0,10.25,0,0,84.5,2.75,0,0
2022-07-15 10:23:22,0,0,10.526316,0.2506266,0,85.46366,3.007519,0.2506266,0.2506266
2022-07-15 10:23:21,0,0,11.471322,0.2493766,0,84.28928,2.992519,0.2493766,0.2493766
2022-07-15 10:23:20,0,0,10.75,0.25,0,84,3,0,0.75
2022-07-15 10:23:19,0,0,9.045226,0.2512563,0,85.67839,2.512563,0,1.758794
2022-07-15 10:23:18,0,0,9.022556,0.2506266,0,87.21805,2.005013,0,0.2506266
2022-07-15 10:23:17,0,0,9.774436,0.2506266,0,87.21805,1.754386,0.2506266,0.2506266
2022-07-15 10:23:16,0,0,12.121212,0,0,84.84848,2.272727,0.2525253,0.2525253
2022-07-15 10:23:15,0,0,14.676617,0.4975124,0,82.33831,1.4925373,0.2487562,0.4975124
2022-07-15 10:23:14,0,0,6.733167,0.7481297,0,84.0399,1.995012,0.2493766,4.987531
2022-07-15 10:23:13,0,0,7.23192,0.2493766,0,81.29676,2.743142,0.2493766,6.982544
2022-07-15 10:23:12,0,0,7.19603,0.9925558,0,79.40447,2.48139,0.4962779,6.451613
2022-07-15 10:23:11,0,0,5.459057,0.7444169,0,85.11166,1.985112,0.248139,4.962779
2022-07-15 10:23:10,0,0,13,0.25,0,82.25,3.5,0.25,0.25
2022-07-15 10:23:09,0,0,7,0,0,86.25,2.25,0.5,2.75
2022-07-15 10:23:08,0,0,8.25,0.25,0,86,2.25,0.5,2.25
2022-07-15 10:23:07,0,0,9.405941,0.7425743,0,81.68317,2.970297,0.2475248,3.960396
2022-07-15 10:23:06,0,0,6.483791,0.2493766,0,80.29925,2.743142,0.2493766,7.23192
2022-07-15 10:23:05,0,0,7.19603,0.248139,0,84.11911,2.729529,0.248139,4.218362
2022-07-15 10:23:04,0,0,6.015038,0,0,90.47619,1.5037594,0.2506266,1.5037594
2022-07-15 10:23:03,0,0,9.547739,0,0,87.43719,2.261307,0.2512563,0
2022-07-15 10:23:02,0,0,10.526316,0,0,84.96241,1.754386,0,1.754386
2022-07-15 10:23:01,0,0,10.25,0.5,0,85.5,2.25,0.25,0.25
2022-07-15 10:23:00,0,0,11,0.5,0,85.5,2,0.25,0.5
2022-07-15 10:22:59,0,0,9.975062,0.2493766,0,86.28429,2.992519,0,0
2022-07-15 10:22:58,0,0,10.5,0.5,0,82.5,3.5,0.25,0.25
2022-07-15 10:22:57,0,0,10.723192,0,0,85.28678,2.244389,0.2493766,0.7481297
2022-07-15 10:22:56,0,0,11.25,0.25,0,84,2.75,0.5,0.75
2022-07-15 10:22:55,0,0,7.769424,0.2506266,0,88.22055,2.756892,0,0.2506266
2022-07-15 10:22:54,0,0,11.442786,0.7462687,0,82.33831,3.731343,0.2487562,0.4975124
2022-07-15 10:22:53,0,0,7.21393,0.2487562,0,90.04975,1.741294,0,0.2487562
2022-07-15 10:22:52,0,0,10.126582,0.2531646,0,86.58228,2.278481,0,0.2531646
2022-07-15 10:22:51,0,0,10.224439,0.2493766,0,86.28429,2.244389,0.2493766,0.2493766
2022-07-15 10:22:50,0,0,10.5,0.5,0,86.5,1.75,0,0.25
2022-07-15 10:22:49,0,0,10.25,0.25,0,87.25,1.75,0.25,0
2022-07-15 10:22:48,0,0,10.75,0.25,0,85.75,2.25,0.25,0.25
2022-07-15 10:22:47,0,0,10.275689,0.5012531,0,86.46617,2.005013,0.5012531,0
2022-07-15 10:22:46,0,0,10.275689,0.2506266,0,83.9599,2.506266,0,2.506266
2022-07-15 10:22:45,0,0,12.158809,0.4962779,0,82.87841,3.225806,0.4962779,0.248139
2022-07-15 10:22:44,0,0,10.526316,0.2506266,0,83.70927,2.756892,0,2.255639
2022-07-15 10:22:43,0,0,5.707196,0.4962779,0,85.11166,1.985112,0.4962779,4.962779
2022-07-15 10:22:42,0,0,11.779449,0.2506266,0,81.95489,3.258145,0,1.5037594
2022-07-15 10:22:41,0,0,10.473815,0.2493766,0,80.29925,3.241895,0.7481297,3.740648
2022-07-15 10:22:40,0,0,4.207921,1.2376238,0,73.0198,1.4851485,0.2475248,16.089109
2022-07-15 10:22:39,0,0,5.955335,1.2406948,0,81.63772,1.736973,0.248139,6.699752
2022-07-15 10:22:38,0,0,6.930693,0.2475248,0,81.18812,1.980198,0,7.425743
2022-07-15 10:22:37,0,0,7.25,0.25,0,83.25,2,0.25,4.25
2022-07-15 10:22:36,0,0,5.925926,0.9876543,0,82.46914,1.975309,0,5.679012
2022-07-15 10:22:35,0,0,6.801008,0,0,87.40554,2.518892,0.2518892,2.267003
2022-07-15 10:22:34,0,0,7.769424,0,0,86.71679,2.506266,0,2.255639
2022-07-15 10:22:33,0,0,7.692308,0.4962779,0,83.12655,1.985112,0.4962779,3.970223
2022-07-15 10:22:32,0,0,7.75,0.25,0,87.25,2,0,2
2022-07-15 10:22:31,0,0,10.199005,0.2487562,0,82.08955,2.736318,0.2487562,2.985075
2022-07-15 10:22:30,0,0,7.407407,0.2469136,0,81.48148,3.703704,0.4938272,4.444444
2022-07-15 10:22:29,0,0,8.838384,0.2525253,0,84.09091,3.787879,0,1.010101
2022-07-15 10:22:28,0,0,8.457711,0.7462687,0,83.58209,2.736318,0,3.233831
2022-07-15 10:22:27,0,0,7.178218,0.4950495,0,83.91089,2.970297,0.2475248,4.207921
2022-07-15 10:22:26,0,0,9.181141,0.7444169,0,84.11911,2.233251,0,2.729529
2022-07-15 10:22:25,0,0,7.19603,0.248139,0,88.08933,1.985112,0.248139,1.4888337
2022-07-15 10:22:24,0,0,12.718204,0.4987531,0,82.29426,2.743142,0,1.2468828
2022-07-15 10:22:23,0,0,6.483791,0,0,82.29426,2.992519,0.2493766,5.985037
2022-07-15 10:22:22,0,0,7.21393,0.4975124,0,83.83085,2.238806,0.2487562,4.975124
2022-07-15 10:22:21,0,0,7.19603,0.4962779,0,88.58561,2.48139,0,0.4962779
2022-07-15 10:22:20,0,0,10.301508,0,0,82.66332,3.266332,0,3.015075
2022-07-15 10:22:19,0,0,10.972569,0.4987531,0,83.79052,3.990025,0.4987531,0
2022-07-15 10:22:18,0,0,9.798995,0.2512563,0,83.9196,4.773869,0,0
2022-07-15 10:22:17,0,0,2.736318,0.4975124,0,63.68159,3.482587,0.2487562,5.721393
2022-07-15 10:22:16,0,0,1.2406948,0.9925558,0,47.1464,3.970223,0.248139,14.39206
2022-07-15 10:22:15,0,0,0.2518892,0.2518892,0,62.97229,3.02267,0.2518892,0.5037783
2022-07-15 10:22:14,0,0,0,0,0,9.823678,1.2594458,0.2518892,0.2518892
2022-07-15 10:22:13,0,0,0,0.2493766,0,0,0.4987531,0.2493766,0
2022-07-15 10:22:12,0,0,0.25,0,0,0.5,0.5,0.5,0.5
2022-07-15 10:22:11,0,0,0,0,0,0,0.75,0,0
2022-07-15 10:22:10,0,0,0.2518892,0,0,0,1.511335,0.5037783,4.534005
2022-07-15 10:22:09,0,0,0,0,0,0.248139,0.7444169,0.4962779,0.248139
2022-07-15 10:22:08,0,0,0,0,0,0.2493766,0.4987531,0.4987531,0.4987531
2022-07-15 10:22:07,0,0,0,0.75,0,16.25,1.5,0.25,0.5
2022-07-15 10:22:06,0,0,0.248139,0.7444169,0,46.89826,2.233251,0.4962779,0.248139
2022-07-15 10:22:05,0,0,0.4987531,0.7481297,0,42.64339,4.239401,0.2493766,1.995012
2022-07-15 10:22:04,0,0,1.4814815,2.222222,0,10.123457,14.074074,0.4938272,1.4814815
2022-07-15 10:22:03,0,0,0.4987531,1.2468828,0,8.977556,14.46384,0.7481297,0.2493766
2022-07-15 10:22:02,0,0,0,0,0,0,0.7481297,0.2493766,0.2493766
2022-07-15 10:22:01,0,0,0,0,0,0.2487562,0.4975124,0.4975124,0
2022-07-15 10:22:00,0,0,0.25,0,0,0.25,0.5,0.25,0.25
2022-07-15 10:21:59,0,0,0,0,0,0.25,0.5,0.5,0.25
2022-07-15 10:21:58,0,0,0,0.2475248,0,0.2475248,0.7425743,0.2475248,0.4950495
2022-07-15 10:21:57,0,0,0,0,0,0,0.7537688,0,0.5025126
2022-07-15 10:21:56,0,0,0.7444169,0.248139,0,0.4962779,1.985112,0.4962779,0.248139
2022-07-15 10:21:55,0,0,0,0,0,0,0.2506266,0.2506266,0
2022-07-15 10:21:54,0,0,0,0,0,0,0.4987531,0.2493766,0.2493766
2022-07-15 10:21:53,0,0,0,0,0,0,0.5,0.25,0.25
2022-07-15 10:21:52,0,0,0,0,0,0.2493766,0.2493766,0.7481297,0.4987531
2022-07-15 10:21:51,0,0,0,0,0,0,0.5012531,0,0
2022-07-15 10:21:50,0,0,0.2487562,0,0,0.2487562,0.4975124,0.4975124,0.2487562
2022-07-15 10:21:49,0,0,0,0,0,0,0.5,0.25,0
2022-07-15 10:21:48,0,0,0,0,0,0,0.4987531,0.4987531,0.7481297
2022-07-15 10:21:47,0,0,0,0,0,0,0.5,0.25,0
2022-07-15 10:21:46,0,0,0,0,0,0.248139,0.4962779,0.4962779,0.4962779
2022-07-15 10:21:45,0,0,0,0,0,0.25,0.5,0,0
2022-07-15 10:21:44,0,0,0.25,0,0,0,0.5,0.5,0
2022-07-15 10:21:43,0,0,0,0,0,0,0.4987531,0.2493766,0.9975062
2022-07-15 10:21:42,0,0,0,0,0,0.2487562,0.4975124,0.2487562,0.4975124
2022-07-15 10:21:41,0,0,0,0,0,0,0.5,0.5,0.5
2022-07-15 10:21:40,0,0,0,0,0,0.2493766,0.4987531,0.2493766,0.4987531
2022-07-15 10:21:39,0,0,0,0,0,0.2487562,0.4975124,0.2487562,0.7462687
2022-07-15 10:21:38,0,0,0.25,0,0,0.25,0.5,0,0.25
2022-07-15 10:21:37,0,0,0,0,0,0,0.4975124,0.4975124,0.7462687
2022-07-15 10:21:36,0,0,0,0,0,0,0.2506266,0.2506266,0.5012531
