time,guest_nice,guest,steal,softirq,irq,user,system,nice,iowait
2022-06-17 02:15:12,0,0,0,0,0,0,0.2506266,0,0
2022-06-17 02:15:11,0,0,0,0,0,0.2525253,0.7575758,0.2525253,0.5050505
2022-06-17 02:15:10,0,0,0.2512563,1.758794,0,17.8392,8.79397,0,2.763819
2022-06-17 02:15:09,0,0,0,0,0,24.06015,1.2531328,0,0
2022-06-17 02:15:08,0,0,0,0.2506266,0,17.54386,4.761905,0,3.007519
2022-06-17 02:15:07,0,0,0,0.7462687,0,15.174129,2.985075,0.2487562,1.4925373
2022-06-17 02:15:06,0,0,0,0,0,5.75,13.25,0,1.5
2022-06-17 02:15:05,0,0,0,0,0,6.801008,19.14358,0.5037783,0
2022-06-17 02:15:04,0,0,0,0,0,36.20253,24.05063,0,0
2022-06-17 02:15:03,0,0,0,0,0,93.98496,5.764411,0.2506266,0
2022-06-17 02:15:02,0,0,0.25,0,0,84.5,15,0.25,0
2022-06-17 02:15:01,0,0,0,0,0,88.25,11.75,0,0
2022-06-17 02:15:00,0,0,0,0,0,92.25,7.75,0,0
2022-06-17 02:14:59,0,0,0,0,0,86.46617,13.533835,0,0
2022-06-17 02:14:58,0,0,0.4975124,0,0,89.30348,9.950249,0.2487562,0
2022-06-17 02:14:57,0,0,0,0,0,64.66165,35.33835,0,0
2022-06-17 02:14:56,0,0,1.985112,0,0,51.86104,45.16129,0.248139,0
2022-06-17 02:14:55,0,0,8.955224,0.2487562,0,66.91542,21.89055,0.2487562,0
2022-06-17 02:14:54,0,0,3.517588,0,0,69.59799,25.62814,0.2512563,0.2512563
2022-06-17 02:14:53,0,0,0,0,0,92.21106,7.788945,0,0
2022-06-17 02:14:52,0,0,0,0,0,87.96992,11.779449,0.2506266,0
2022-06-17 02:14:51,0,0,0,0,0,90.25,9.5,0.25,0
2022-06-17 02:14:50,0,0,0,0,0,89.75,10.25,0,0
2022-06-17 02:14:49,0,0,0,0,0,89.5,10.25,0.25,0
2022-06-17 02:14:48,0,0,0.2493766,0,0,88.52868,11.221945,0,0
2022-06-17 02:14:47,0,0,0,0,0,60.75,39,0.25,0
2022-06-17 02:14:46,0,0,2.743142,0,0,56.3591,40.399,0,0
2022-06-17 02:14:45,0,0,9.273183,0.2506266,0,63.40852,25.06266,0.2506266,0
2022-06-17 02:14:44,0,0,2.244389,0,0,72.56858,24.68828,0,0
2022-06-17 02:14:43,0,0,0,0,0,92.44332,7.556675,0,0
2022-06-17 02:14:42,0,0,0,0,0,89.52618,10.224439,0.2493766,0
2022-06-17 02:14:41,0,0,0,0,0,89.72431,10.275689,0,0
2022-06-17 02:14:40,0,0,0,0,0,91,8.75,0,0
2022-06-17 02:14:39,0,0,0,0,0,90,9.75,0.25,0
2022-06-17 02:14:38,0,0,0.2493766,0,0,85.03741,14.713217,0,0
2022-06-17 02:14:37,0,0,0,0,0,53,47,0,0
2022-06-17 02:14:36,0,0,3.9801,0.2487562,0,57.9602,37.31343,0.4975124,0
2022-06-17 02:14:35,0,0,9.022556,0.2506266,0,62.90727,26.06516,0.2506266,0.5012531
2022-06-17 02:14:34,0,0,1.4925373,0,0,80.34826,17.66169,0.2487562,0
2022-06-17 02:14:33,0,0,0.2506266,0,0,89.72431,9.774436,0.2506266,0
2022-06-17 02:14:32,0,0,0,0,0,87.9397,12.060302,0,0
2022-06-17 02:14:31,0,0,0,0,0,87.78055,11.970075,0.2493766,0
2022-06-17 02:14:30,0,0,0,0,0,92.73183,7.26817,0,0
2022-06-17 02:14:29,0,0,0,0,0,87.53117,12.219451,0.2493766,0
2022-06-17 02:14:28,0,0,0,0,0,89.22306,10.776942,0,0
2022-06-17 02:14:27,0,0,0,0,0,46.25,53.5,0.25,0
2022-06-17 02:14:26,0,0,5.210918,0.4962779,0,59.55335,33.25062,0,0
2022-06-17 02:14:25,0,0,9.319899,0.2518892,0,58.94207,29.72292,0.2518892,0.2518892
2022-06-17 02:14:24,0,0,0.5,0.25,0,85.25,13.5,0.25,0
2022-06-17 02:14:23,0,0,0.5,0.25,0,89.25,10,0,0
2022-06-17 02:14:22,0,0,0,0,0,89.52618,10.224439,0.2493766,0
2022-06-17 02:14:21,0,0,0,0,0,88.97243,11.027569,0,0
2022-06-17 02:14:20,0,0,0,0,0,90.75,9,0.25,0
2022-06-17 02:14:19,0,0,0,0,0,90.25,9.75,0,0
2022-06-17 02:14:18,0,0,0,0,0,83.29177,16.458853,0.2493766,0
2022-06-17 02:14:17,0,0,0,0,0,49.62406,50.37594,0,0
2022-06-17 02:14:16,0,0,6.733167,0,0,63.09227,28.42893,0.2493766,0
2022-06-17 02:14:15,0,0,7.98005,0.2493766,0,62.09476,28.6783,0.4987531,0
2022-06-17 02:14:14,0,0,0.2518892,0,0,87.90932,11.586902,0,0
2022-06-17 02:14:13,0,0,0.25,0,0,89,10.25,0.25,0
2022-06-17 02:14:12,0,0,0,0,0,89.52618,10.473815,0,0
2022-06-17 02:14:11,0,0,0,0,0,90.47619,9.52381,0,0
2022-06-17 02:14:10,0,0,0,0,0,90.52369,9.226933,0.2493766,0
2022-06-17 02:14:09,0,0,0,0,0,88.47118,11.528822,0,0
2022-06-17 02:14:08,0,0,0,0,0,79.75,20.25,0,0
2022-06-17 02:14:07,0,0,0.4987531,0,0,52.36908,46.88279,0.2493766,0
2022-06-17 02:14:06,0,0,7.730673,0.2493766,0,64.33915,26.43392,0.2493766,0
2022-06-17 02:14:05,0,0,6.75,0.25,0,62.25,29.25,0,0.25
2022-06-17 02:14:04,0,0,0.25,0,0,91,8.75,0,0
2022-06-17 02:14:03,0,0,0.2506266,0,0,88.22055,11.278195,0.2506266,0
2022-06-17 02:14:02,0,0,0,0,0,90.72682,9.273183,0,0
2022-06-17 02:14:01,0,0,0,0.2493766,0,89.52618,9.975062,0.2493766,0
2022-06-17 02:14:00,0,0,0,0,0,90.5,9.5,0,0
2022-06-17 02:13:59,0,0,0,0,0,92.75,7,0.25,0
2022-06-17 02:13:58,0,0,0.5012531,0,0,77.44361,22.05514,0,0
2022-06-17 02:13:57,0,0,0.7462687,0,0,50.99502,48.00995,0.2487562,0
2022-06-17 02:13:56,0,0,7.75,0,0,63,27.5,0,0.25
2022-06-17 02:13:55,0,0,5.513784,0.5012531,0,60.90226,31.57895,0.2506266,0
2022-06-17 02:13:54,0,0,0.2512563,0,0,93.71859,6.030151,0,0
2022-06-17 02:13:53,0,0,0,0,0,88.75,11.25,0,0
2022-06-17 02:13:52,0,0,0,0,0,88.47118,11.528822,0,0
2022-06-17 02:13:51,0,0,0,0,0,89.77556,9.975062,0.2493766,0
2022-06-17 02:13:50,0,0,0,0,0,89.75,10.25,0,0
2022-06-17 02:13:49,0,0,0.25,0,0,89.5,10,0.25,0
2022-06-17 02:13:48,0,0,0,0,0,71.5,28.5,0,0
2022-06-17 02:13:47,0,0,0.9975062,0,0,44.13965,54.86284,0,0
2022-06-17 02:13:46,0,0,9.25,0.5,0,68.5,20.75,0,0
2022-06-17 02:13:45,0,0,3.990025,0.2493766,0,66.83292,27.93017,0.2493766,0
2022-06-17 02:13:44,0,0,0,0,0,91.68766,8.312343,0,0
2022-06-17 02:13:43,0,0,0.2493766,0,0,87.03242,12.468828,0.2493766,0
2022-06-17 02:13:42,0,0,0,0,0,90.72682,9.273183,0,0
2022-06-17 02:13:41,0,0,0,0,0,89.52618,10.224439,0.2493766,0
2022-06-17 02:13:40,0,0,0,0,0,90.5,9.5,0,0
2022-06-17 02:13:39,0,0,0,0,0,88.52868,11.221945,0.2493766,0
2022-06-17 02:13:38,0,0,0,0,0,67.16792,32.83208,0,0
2022-06-17 02:13:37,0,0,2.25,0.25,0,48.5,48.25,0,0
2022-06-17 02:13:36,0,0,8.521303,0.5012531,0,61.90476,26.56642,0.2506266,0.2506266
2022-06-17 02:13:35,0,0,3.75,0,0,70.75,24.5,0,0
2022-06-17 02:13:34,0,0,0,0,0,92.9471,7.052897,0,0
2022-06-17 02:13:33,0,0,0.2493766,0,0,87.2818,12.219451,0.2493766,0
2022-06-17 02:13:32,0,0,0,0,0,89.5,10.5,0,0
2022-06-17 02:13:31,0,0,0,0,0,90.72682,9.273183,0,0
2022-06-17 02:13:30,0,0,0,0,0,90.5,9.5,0,0
2022-06-17 02:13:29,0,0,0,0,0,89.5,10.25,0.25,0
2022-06-17 02:13:28,0,0,0,0,0,59.35162,40.399,0.2493766,0
2022-06-17 02:13:27,0,0,3.473945,0.248139,0,58.06452,37.22084,0,0
2022-06-17 02:13:26,0,0,8.79397,0,0,65.07538,24.37186,0.2512563,0.2512563
2022-06-17 02:13:25,0,0,2.25,0.25,0,74,22.5,0.25,0
2022-06-17 02:13:24,0,0,0.2512563,0,0,91.20603,8.542714,0,0
2022-06-17 02:13:23,0,0,0,0,0,87.78055,11.970075,0.2493766,0
2022-06-17 02:13:22,0,0,0,0,0,89.25,10.75,0,0
2022-06-17 02:13:21,0,0,0,0,0,91,9,0,0
2022-06-17 02:13:20,0,0,0.25,0,0,87.5,12.25,0,0
2022-06-17 02:13:19,0,0,0,0,0,87,13,0,0
2022-06-17 02:13:18,0,0,0,0,0,54,45.75,0.25,0
2022-06-17 02:13:17,0,0,5.210918,0.248139,0,58.06452,35.73201,0.248139,0
2022-06-17 02:13:16,0,0,8.79397,0.2512563,0,63.56784,26.13065,0.2512563,0.2512563
2022-06-17 02:13:15,0,0,1.2468828,0.2493766,0,82.04489,15.9601,0.2493766,0
2022-06-17 02:13:14,0,0,0.2506266,0,0,89.22306,10.526316,0,0
2022-06-17 02:13:13,0,0,0,0,0,89.5,10.25,0.25,0
2022-06-17 02:13:12,0,0,0,0,0,90.25,9.5,0.25,0
2022-06-17 02:13:11,0,0,0,0,0,90.77307,9.226933,0,0
2022-06-17 02:13:10,0,0,0,0,0,88.44221,11.557789,0,0
2022-06-17 02:13:09,0,0,0,0,0,83.04239,16.708229,0.2493766,0
2022-06-17 02:13:08,0,0,0.5025126,0,0,53.26633,46.23116,0,0
2022-06-17 02:13:07,0,0,5.486284,0,0,57.35661,34.91272,0.2493766,0
2022-06-17 02:13:06,0,0,7.730673,0.4987531,0,61.84539,27.93017,0.2493766,0.2493766
2022-06-17 02:13:05,0,0,0.9975062,0.2493766,0,82.29426,15.710723,0.2493766,0
2022-06-17 02:13:04,0,0,0.2512563,0,0,90.95477,8.79397,0,0
2022-06-17 02:13:03,0,0,0,0,0,87.75,12.25,0,0
2022-06-17 02:13:02,0,0,0,0,0,90,9.75,0.25,0
2022-06-17 02:13:01,0,0,0,0,0,91,9,0,0
2022-06-17 02:13:00,0,0,0,0,0,86.53367,13.216958,0.2493766,0
2022-06-17 02:12:59,0,0,0,0,0,78.19549,21.80451,0,0
2022-06-17 02:12:58,0,0,1.75,0,0,53.25,45,0,0
2022-06-17 02:12:57,0,0,6.716418,0.7462687,0,61.9403,28.85572,0.2487562,0
2022-06-17 02:12:56,0,0,6.75,0,0,62.75,29,0.25,0.25
2022-06-17 02:12:55,0,0,0,0,0,88.52868,10.972569,0.4987531,0
2022-06-17 02:12:54,0,0,0.2506266,0,0,89.47368,10.025063,0,0
2022-06-17 02:12:53,0,0,0,0,0,89,10.75,0.25,0
2022-06-17 02:12:52,0,0,0,0,0,91,9,0,0
2022-06-17 02:12:51,0,0,0,0,0,91.25,8.75,0,0
2022-06-17 02:12:50,0,0,0.25,0,0,88.75,10.75,0.25,0
2022-06-17 02:12:49,0,0,0,0,0,71.57107,28.17955,0.2493766,0
2022-06-17 02:12:48,0,0,2.015113,0,0,50.88161,46.5995,0,0
2022-06-17 02:12:47,0,0,7.98005,0.4987531,0,65.58603,24.93766,0.2493766,0
2022-06-17 02:12:46,0,0,4.738155,0.2493766,0,66.58354,27.6808,0,0
2022-06-17 02:12:45,0,0,0.2512563,0,0,91.70854,8.040201,0,0
2022-06-17 02:12:44,0,0,0,0.2506266,0,77.44361,22.05514,0.2506266,0
2022-06-17 02:12:43,0,0,0,0,0,89.5,10.5,0,0
2022-06-17 02:12:42,0,0,0,0,0,90.27431,9.476309,0.2493766,0
2022-06-17 02:12:41,0,0,0,0,0,89.75,10.25,0,0
2022-06-17 02:12:40,0,0,0,0,0,89,11,0,0
2022-06-17 02:12:39,0,0,0,0,0,74.25,25.5,0.25,0
2022-06-17 02:12:38,0,0,1.5,0,0,50.5,48,0,0
2022-06-17 02:12:37,0,0,8.684864,0.4962779,0,65.01241,24.56576,0.248139,0.248139
2022-06-17 02:12:36,0,0,4.785894,0,0,64.23174,29.97481,0,0
2022-06-17 02:12:35,0,0,0,0,0,93.46734,6.281407,0.2512563,0
2022-06-17 02:12:34,0,0,0.25,0,0,88.75,10.75,0,0
2022-06-17 02:12:33,0,0,0,0,0,89.5,10.25,0.25,0
2022-06-17 02:12:32,0,0,0,0,0,90.5,9.5,0,0
2022-06-17 02:12:31,0,0,0,0,0,90.25,9.75,0,0
2022-06-17 02:12:30,0,0,0,0,0,87.75,12,0.25,0
2022-06-17 02:12:29,0,0,0.2493766,0,0,68.32918,31.17207,0.2493766,0
2022-06-17 02:12:28,0,0,1.5075377,0.2512563,0,48.99497,49.24623,0,0
2022-06-17 02:12:27,0,0,9.273183,0.5012531,0,64.41103,22.80702,0.5012531,0
2022-06-17 02:12:26,0,0,3.491272,0,0,68.0798,26.43392,0,0.2493766
2022-06-17 02:12:25,0,0,0,0,0,94.25,5.5,0.25,0
2022-06-17 02:12:24,0,0,0.2506266,0,0,86.71679,13.032581,0,0
2022-06-17 02:12:23,0,0,0,0,0,88.52868,11.221945,0.2493766,0
2022-06-17 02:12:22,0,0,0,0,0,92.4812,7.518797,0,0
2022-06-17 02:12:21,0,0,0,0,0,90.5,9.5,0,0
2022-06-17 02:12:20,0,0,0,0,0,88.77805,10.972569,0.2493766,0
2022-06-17 02:12:19,0,0,0,0,0,61,38.75,0.25,0
2022-06-17 02:12:18,0,0,2.244389,0.2493766,0,52.1197,44.88778,0,0
2022-06-17 02:12:17,0,0,9.5,0.5,0,62.75,23.75,0.5,0
2022-06-17 02:12:16,0,0,2.75,0.25,0,69.75,26.25,0.25,0
2022-06-17 02:12:15,0,0,0,0,0,92.73183,7.017544,0.2506266,0
2022-06-17 02:12:14,0,0,0.2506266,0,0,85.46366,14.285714,0,0
2022-06-17 02:12:13,0,0,0,0,0,89.05473,10.696517,0.2487562,0
2022-06-17 02:12:12,0,0,0,0,0,93.48371,6.516291,0,0
2022-06-17 02:12:11,0,0,0,0,0,87.5,12.5,0,0
2022-06-17 02:12:10,0,0,0,0,0,90.97744,9.022556,0,0
2022-06-17 02:12:09,0,0,0,0,0,56.85786,42.89277,0.2493766,0
2022-06-17 02:12:08,0,0,3,0.25,0,55.75,39,0,0
2022-06-17 02:12:07,0,0,9.898477,0,0,63.45178,23.85787,0.2538071,0.2538071
2022-06-17 02:12:06,0,0,1.741294,0,0,75.37313,21.89055,0,0
2022-06-17 02:12:05,0,0,0.2512563,0,0,91.9598,7.537688,0.2512563,0
2022-06-17 02:12:04,0,0,0,0,0,89.75,10,0.25,0
2022-06-17 02:12:03,0,0,0,0,0,90.02494,9.725686,0.2493766,0
2022-06-17 02:12:02,0,0,0,0,0,92,8,0,0
2022-06-17 02:12:01,0,0,0,0,0,86.96742,13.032581,0,0
2022-06-17 02:12:00,0,0,0.2493766,0,0,87.53117,11.970075,0.2493766,0
2022-06-17 02:11:59,0,0,0,0,0,53.25,46.5,0.25,0
2022-06-17 02:11:58,0,0,4.726368,0.4975124,0,57.71144,36.31841,0,0
2022-06-17 02:11:57,0,0,10.075567,0.5037783,0,66.24685,22.16625,0.2518892,0.2518892
2022-06-17 02:11:56,0,0,0.7444169,0,0,76.67494,22.08437,0,0.248139
2022-06-17 02:11:55,0,0,0.2512563,0,0,91.45729,7.788945,0.5025126,0
2022-06-17 02:11:54,0,0,0.25,0,0,89,10.75,0,0
2022-06-17 02:11:53,0,0,0,0,0,88.75,11.25,0,0
2022-06-17 02:11:52,0,0,0,0,0,92.25,7.75,0,0
2022-06-17 02:11:51,0,0,0,0,0,87.7193,12.280702,0,0
2022-06-17 02:11:50,0,0,0,0,0,88.52868,11.221945,0.2493766,0
2022-06-17 02:11:49,0,0,0,0,0,47.36842,52.63158,0,0
2022-06-17 02:11:48,0,0,4.738155,0,0,60.09975,32.66833,0,0
2022-06-17 02:11:47,0,0,9.848485,0.5050505,0,59.34343,28.0303,0.2525253,0.2525253
2022-06-17 02:11:46,0,0,0.4987531,0,0,82.04489,16.95761,0.2493766,0
2022-06-17 02:11:45,0,0,0.2506266,0,0,90.47619,9.022556,0.2506266,0
2022-06-17 02:11:44,0,0,0,0,0,88.25,11.5,0.25,0
2022-06-17 02:11:43,0,0,0,0,0,89.25,10.5,0.25,0
2022-06-17 02:11:42,0,0,0,0,0,91.97995,7.769424,0,0
2022-06-17 02:11:41,0,0,0,0,0,90.5,9.5,0,0
2022-06-17 02:11:40,0,0,0,0,0,89.5,10.5,0,0
2022-06-17 02:11:39,0,0,0,0,0,47.8803,51.87032,0.2493766,0
2022-06-17 02:11:38,0,0,5.721393,0,0,58.70647,35.07463,0.2487562,0
2022-06-17 02:11:37,0,0,9.06801,0.7556675,0,59.19395,28.96725,0,0.2518892
2022-06-17 02:11:36,0,0,0.4987531,0,0,85.03741,13.715711,0.2493766,0
2022-06-17 02:11:35,0,0,0.2512563,0,0,89.94975,9.547739,0.2512563,0
2022-06-17 02:11:34,0,0,0,0,0,88.75,11.25,0,0
2022-06-17 02:11:33,0,0,0,0,0,88.75,11,0.25,0
2022-06-17 02:11:32,0,0,0,0,0,90.97744,9.022556,0,0
2022-06-17 02:11:31,0,0,0.2493766,0,0,87.53117,12.219451,0,0
2022-06-17 02:11:30,0,0,0,0,0,83.5,16.25,0.25,0
2022-06-17 02:11:29,0,0,0,0,0,47.26368,52.73632,0,0
2022-06-17 02:11:28,0,0,7.035176,0,0,62.31156,29.64824,0,0
2022-06-17 02:11:27,0,0,7.25,0.5,0,59.75,30.25,0.25,0
2022-06-17 02:11:26,0,0,0.75,0.25,0,88.25,10.5,0,0
2022-06-17 02:11:25,0,0,0.2487562,0,0,90.04975,8.955224,0.4975124,0
2022-06-17 02:11:24,0,0,0,0,0,88.5,11.5,0,0
2022-06-17 02:11:23,0,0,0,0,0,90.47619,9.52381,0,0
2022-06-17 02:11:22,0,0,0,0,0,91.77057,7.98005,0.2493766,0
2022-06-17 02:11:21,0,0,0,0,0,88.47118,11.528822,0,0
2022-06-17 02:11:20,0,0,0,0,0,80.25,19.5,0.25,0
2022-06-17 02:11:19,0,0,0.5,0,0,49,50.5,0,0
2022-06-17 02:11:18,0,0,7.481297,0.2493766,0,62.59352,29.17706,0,0.2493766
2022-06-17 02:11:17,0,0,6.5,0,0,64,28.25,0.25,0
2022-06-17 02:11:16,0,0,0.2512563,0,0,91.20603,8.291457,0,0
2022-06-17 02:11:15,0,0,0.2493766,0,0,87.53117,11.970075,0.2493766,0
2022-06-17 02:11:14,0,0,0.5,0,0,87.25,12.25,0,0
2022-06-17 02:11:13,0,0,0,0,0,91.22807,8.77193,0,0
2022-06-17 02:11:12,0,0,0,0,0,87.25,12.75,0,0
2022-06-17 02:11:11,0,0,0.2493766,0,0,88.77805,10.723192,0.2493766,0
2022-06-17 02:11:10,0,0,0,0,0,72.81796,26.93267,0.2493766,0
2022-06-17 02:11:09,0,0,1,0.25,0,54,44.75,0,0
2022-06-17 02:11:08,0,0,8.436725,0.4962779,0,63.0273,25.06203,0.4962779,0
2022-06-17 02:11:07,0,0,5.276382,0,0,68.09045,25.8794,0,0.2512563
2022-06-17 02:11:06,0,0,0.25,0,0,90.25,9,0.5,0
2022-06-17 02:11:05,0,0,0,0,0,87.96992,11.779449,0.2506266,0
2022-06-17 02:11:04,0,0,0,0,0,90.25,9.5,0.25,0
2022-06-17 02:11:03,0,0,0,0,0,92.25,7.75,0,0
2022-06-17 02:11:02,0,0,0,0,0,88.7218,11.278195,0,0
2022-06-17 02:11:01,0,0,0,0,0,89.75,10.25,0,0
2022-06-17 02:11:00,0,0,0,0,0,70,29.75,0.25,0
2022-06-17 02:10:59,0,0,1.741294,0,0,56.21891,41.79104,0.2487562,0
2022-06-17 02:10:58,0,0,9.022556,0.5012531,0,64.1604,23.5589,0,0
2022-06-17 02:10:57,0,0,4.010025,0,0,67.9198,26.81704,0.2506266,0
2022-06-17 02:10:56,0,0,0,0,0,93.95466,5.793451,0.2518892,0
2022-06-17 02:10:55,0,0,0.2493766,0,0,87.03242,12.219451,0.2493766,0
2022-06-17 02:10:54,0,0,0,0,0,89.27681,10.473815,0.2493766,0
2022-06-17 02:10:53,0,0,0,0,0,89,10.75,0,0
2022-06-17 02:10:52,0,0,0,0,0,90,10,0,0
2022-06-17 02:10:51,0,0,0,0,0,88.47118,11.528822,0,0
2022-06-17 02:10:50,0,0,0,0,0,63.8404,35.91022,0.2493766,0
2022-06-17 02:10:49,0,0,2.5,0,0,52,45.25,0.25,0
2022-06-17 02:10:48,0,0,9.5,0.75,0,65.75,23.5,0,0
2022-06-17 02:10:47,0,0,2.493766,0,0,73.06733,23.94015,0.2493766,0
2022-06-17 02:10:46,0,0,0.2512563,0,0,93.71859,6.030151,0,0
2022-06-17 02:10:45,0,0,0,0,0,87.03242,12.718204,0.2493766,0
2022-06-17 02:10:44,0,0,0,0,0,88.44221,11.557789,0,0
2022-06-17 02:10:43,0,0,0,0,0,90.27431,9.476309,0.2493766,0
2022-06-17 02:10:42,0,0,0,0,0,88.5,11.5,0,0
2022-06-17 02:10:41,0,0,0.2493766,0,0,87.53117,12.219451,0,0
2022-06-17 02:10:40,0,0,0,0,0,54.38596,45.61404,0,0
2022-06-17 02:10:39,0,0,3.722084,0.4962779,0,57.56824,37.46898,0.248139,0.248139
2022-06-17 02:10:38,0,0,10.025063,0.7518797,0,60.401,28.57143,0,0
2022-06-17 02:10:37,0,0,1.5,0,0,81.25,16.75,0.25,0
2022-06-17 02:10:36,0,0,0,0,0,90.72682,8.77193,0.2506266,0
2022-06-17 02:10:35,0,0,0.25,0,0,89,10.5,0.25,0
2022-06-17 02:10:34,0,0,0,0,0,88.52868,11.471322,0,0
2022-06-17 02:10:33,0,0,0,0,0,91.75,8,0.25,0
2022-06-17 02:10:32,0,0,0,0,0,87.75,12.25,0,0
2022-06-17 02:10:31,0,0,0,0,0,86.46617,13.533835,0,0
2022-06-17 02:10:30,0,0,0,0,0,52.25,47.75,0,0
2022-06-17 02:10:29,0,0,5.486284,0,0,61.84539,31.17207,0.4987531,0
2022-06-17 02:10:28,0,0,8.75,0.5,0,61.75,28.75,0,0
2022-06-17 02:10:27,0,0,0.5012531,0,0,83.70927,15.037594,0.5012531,0
2022-06-17 02:10:26,0,0,0.2506266,0,0,89.97494,9.774436,0,0
2022-06-17 02:10:25,0,0,0,0,0,88.02993,11.720698,0.2493766,0
2022-06-17 02:10:24,0,0,0,0,0,90.25,9.75,0,0
2022-06-17 02:10:23,0,0,0,0,0,89.97494,10.025063,0,0
2022-06-17 02:10:22,0,0,0,0,0,88.25,11.75,0,0
2022-06-17 02:10:21,0,0,0.2487562,0,0,85.07463,14.427861,0.2487562,0
2022-06-17 02:10:20,0,0,0,0,0,49.87469,50.12531,0,0
2022-06-17 02:10:19,0,0,6.218905,0.2487562,0,62.18905,29.60199,0.2487562,0
2022-06-17 02:10:18,0,0,8.270677,0.5012531,0,62.90727,27.3183,0.2506266,0
2022-06-17 02:10:17,0,0,0.2512563,0,0,85.17588,14.321608,0,0
2022-06-17 02:10:16,0,0,0.25,0,0,88.75,10.75,0.25,0
2022-06-17 02:10:15,0,0,0,0,0,89.5,10.5,0,0
2022-06-17 02:10:14,0,0,0,0,0,91,8.75,0.25,0
2022-06-17 02:10:13,0,0,0,0,0,89.75,10.25,0,0
2022-06-17 02:10:12,0,0,0,0,0,91,9,0,0
2022-06-17 02:10:11,0,0,0,0,0,80,19.75,0.25,0
2022-06-17 02:10:10,0,0,0.7481297,0,0,52.61845,46.38404,0,0
2022-06-17 02:10:09,0,0,6.766917,0.2506266,0,56.39098,34.08521,0.2506266,0
2022-06-17 02:10:08,0,0,6.75,0.25,0,67.5,24.5,0,0
2022-06-17 02:10:07,0,0,1.2531328,0,0,82.20551,15.789474,0.2506266,0
2022-06-17 02:10:06,0,0,0.2506266,0,0,88.97243,10.526316,0.2506266,0
2022-06-17 02:10:05,0,0,0,0,0,91,8.75,0.25,0
2022-06-17 02:10:04,0,0,0,0,0,90.5,9.5,0,0
2022-06-17 02:10:03,0,0,0,0,0,90,10,0,0
2022-06-17 02:10:02,0,0,0,0,0,88.5,11.5,0,0
2022-06-17 02:10:01,0,0,0,0,0,76.5,23.5,0,0
2022-06-17 02:10:00,0,0,1.2531328,0,0,54.88722,43.85965,0,0
2022-06-17 02:09:59,0,0,6.733167,0.4987531,0,60.09975,30.17456,0.2493766,0
2022-06-17 02:09:58,0,0,6.947891,0,0,63.27543,26.05459,0.248139,0.248139
2022-06-17 02:09:57,0,0,0.5025126,0,0,87.18593,11.809045,0,0.2512563
2022-06-17 02:09:56,0,0,0.25,0,0,87.75,11.75,0.25,0
2022-06-17 02:09:55,0,0,0,0,0,89.5,10.25,0.25,0
2022-06-17 02:09:54,0,0,0,0,0,88.25,11.5,0.25,0
2022-06-17 02:09:53,0,0,0,0,0,88.5,11.5,0,0
2022-06-17 02:09:52,0,0,0,0,0,89.5,10.25,0.25,0
2022-06-17 02:09:51,0,0,0,0,0,72.75,27.25,0,0
2022-06-17 02:09:50,0,0,1.745636,0,0,53.61596,44.13965,0.2493766,0
2022-06-17 02:09:49,0,0,7.730673,0.2493766,0,64.08978,26.68329,0.2493766,0
2022-06-17 02:09:48,0,0,5.5,0,0,62.25,32,0,0.25
2022-06-17 02:09:47,0,0,0.25,0,0,91.75,7.5,0.5,0
2022-06-17 02:09:46,0,0,0,0,0,91.9598,7.788945,0,0
2022-06-17 02:09:45,0,0,0,0,0,88,11.75,0.25,0
2022-06-17 02:09:44,0,0,0,0,0,90.52369,9.226933,0.2493766,0
2022-06-17 02:09:43,0,0,0,0,0,89.47368,10.526316,0,0
2022-06-17 02:09:42,0,0,0,0,0,88.75,11,0.25,0
2022-06-17 02:09:41,0,0,0,0,0,67.75,32.25,0,0
2022-06-17 02:09:40,0,0,2.5,0.25,0,47.25,47.5,0.25,0
2022-06-17 02:09:39,0,0,8.229426,0.4987531,0,63.34165,23.19202,0,0.2493766
2022-06-17 02:09:38,0,0,3.990025,0.2493766,0,68.82793,25.93516,0.2493766,0
2022-06-17 02:09:37,0,0,0.2518892,0,0,93.95466,5.793451,0,0
2022-06-17 02:09:36,0,0,0.2493766,0,0,87.53117,11.970075,0.2493766,0
2022-06-17 02:09:35,0,0,0,0,0,88.22055,11.779449,0,0
2022-06-17 02:09:34,0,0,0,0,0,88.77805,10.972569,0.2493766,0
2022-06-17 02:09:33,0,0,0,0,0,88.97243,11.027569,0,0
2022-06-17 02:09:32,0,0,0,0,0,87.46867,12.280702,0.2506266,0
2022-06-17 02:09:31,0,0,0,0,0,63.34165,36.40898,0.2493766,0
2022-06-17 02:09:30,0,0,2.5,0,0,51.75,45.5,0.25,0
2022-06-17 02:09:29,0,0,9.653465,0.2475248,0,59.90099,26.48515,0,0.2475248
2022-06-17 02:09:28,0,0,3.233831,0.2487562,0,73.13433,22.38806,0.2487562,0
2022-06-17 02:09:27,0,0,0,0,0,93.19899,6.801008,0,0
2022-06-17 02:09:26,0,0,0,0,0,89.22306,10.776942,0,0
2022-06-17 02:09:25,0,0,0,0,0,87.03242,12.718204,0.2493766,0
2022-06-17 02:09:24,0,0,0,0,0,90.5,9.5,0,0
2022-06-17 02:09:23,0,0,0.2493766,0,0,88.77805,10.972569,0,0
2022-06-17 02:09:22,0,0,0,0,0,88.75,10.75,0.25,0
2022-06-17 02:09:21,0,0,0,0,0,56.5,43.25,0.25,0
2022-06-17 02:09:20,0,0,3.241895,0,0,55.61097,41.14713,0,0
2022-06-17 02:09:19,0,0,9.25,0,0,61.25,27.75,0,0
2022-06-17 02:09:18,0,0,2.005013,0,0,77.44361,20.05013,0,0
2022-06-17 02:09:17,0,0,0.25,0,0,90.75,8.5,0.25,0
2022-06-17 02:09:16,0,0,0,0.2493766,0,88.77805,10.723192,0.2493766,0
2022-06-17 02:09:15,0,0,0,0,0,89.22306,10.776942,0,0
2022-06-17 02:09:14,0,0,0,0,0,91.75,8,0.25,0
2022-06-17 02:09:13,0,0,0.2493766,0,0,88.02993,11.720698,0,0
2022-06-17 02:09:12,0,0,0,0,0,89.25,10.75,0,0
2022-06-17 02:09:11,0,0,0,0,0,51.25,48.5,0.25,0
2022-06-17 02:09:10,0,0,4.239401,0.2493766,0,59.35162,33.91521,0.2493766,0
2022-06-17 02:09:09,0,0,8.79397,0.2512563,0,60.05025,28.1407,0.2512563,0.2512563
2022-06-17 02:09:08,0,0,0.9975062,0,0,81.79551,16.458853,0.2493766,0
2022-06-17 02:09:07,0,0,0.2512563,0,0,90.45226,9.296482,0,0
2022-06-17 02:09:06,0,0,0,0,0,87.25,12.75,0,0
2022-06-17 02:09:05,0,0,0,0,0,90,10,0,0
2022-06-17 02:09:04,0,0,0,0,0,91.5,8.5,0,0
2022-06-17 02:09:03,0,0,0,0,0,87.75,12.25,0,0
2022-06-17 02:09:02,0,0,0,0,0,88.47118,11.528822,0,0
2022-06-17 02:09:01,0,0,0,0,0,48.87781,51.12219,0,0
2022-06-17 02:09:00,0,0,5.19802,0.2475248,0,59.65347,33.66337,0.2475248,0
2022-06-17 02:08:59,0,0,9.022556,0.5012531,0,59.89975,27.56892,0,0.2506266
2022-06-17 02:08:58,0,0,0.9975062,0,0,84.0399,14.46384,0.2493766,0.2493766
2022-06-17 02:08:57,0,0,0,0,0,91.9598,7.788945,0.2512563,0
2022-06-17 02:08:56,0,0,0,0,0,90.02494,9.725686,0.2493766,0
2022-06-17 02:08:55,0,0,0,0,0,88.47118,11.528822,0,0
2022-06-17 02:08:54,0,0,0,0,0,92.25,7.75,0,0
2022-06-17 02:08:53,0,0,0.2493766,0,0,87.78055,11.720698,0.2493766,0
2022-06-17 02:08:52,0,0,0,0,0,86.28429,13.466334,0.2493766,0
2022-06-17 02:08:51,0,0,0,0,0,45.36341,54.63659,0,0
2022-06-17 02:08:50,0,0,6.75,0,0,62.75,29.5,0.25,0
2022-06-17 02:08:49,0,0,8,0.5,0,58.25,30.75,0,0.25
2022-06-17 02:08:48,0,0,0,0,0,88.52868,10.972569,0.4987531,0
2022-06-17 02:08:47,0,0,0,0,0,87.7193,12.280702,0,0
2022-06-17 02:08:46,0,0,0,0,0,88.22055,11.779449,0,0
2022-06-17 02:08:45,0,0,0,0,0,87.78055,11.970075,0.2493766,0
2022-06-17 02:08:44,0,0,0.2493766,0,0,90.02494,9.725686,0,0
2022-06-17 02:08:43,0,0,0,0,0,88.47118,11.528822,0,0
2022-06-17 02:08:42,0,0,0,0,0,79.75,20.25,0,0
2022-06-17 02:08:41,0,0,0,0,0,48.5,51.25,0.25,0
2022-06-17 02:08:40,0,0,7.730673,0,0,65.58603,24.68828,0.2493766,0
2022-06-17 02:08:39,0,0,6.699752,0.4962779,0,61.53846,30.02481,0,0.248139
2022-06-17 02:08:38,0,0,0,0,0,91.9598,8.040201,0,0
2022-06-17 02:08:37,0,0,0.2506266,0,0,88.97243,10.776942,0,0
2022-06-17 02:08:36,0,0,0,0,0,89.5,10.25,0.25,0
2022-06-17 02:08:35,0,0,0,0,0,90.5,9.5,0,0
2022-06-17 02:08:34,0,0,0,0,0,89.02743,10.723192,0.2493766,0
2022-06-17 02:08:33,0,0,0,0,0,89.97494,10.025063,0,0
2022-06-17 02:08:32,0,0,0,0,0,75,25,0,0
2022-06-17 02:08:31,0,0,0.4987531,0.2493766,0,47.13217,51.87032,0,0
2022-06-17 02:08:30,0,0,8.72818,0.4987531,0,65.58603,22.44389,0.2493766,0.2493766
2022-06-17 02:08:29,0,0,5.263158,0.2506266,0,62.65664,30.82707,0,0.2506266
2022-06-17 02:08:28,0,0,0.25,0,0,95.5,4,0.25,0
2022-06-17 02:08:27,0,0,0,0,0,85.42714,14.572864,0,0
2022-06-17 02:08:26,0,0,0,0,0,90.02494,9.725686,0.2493766,0
2022-06-17 02:08:25,0,0,0,0,0,91.22807,8.77193,0,0
2022-06-17 02:08:24,0,0,0,0,0,88.5,11.5,0,0
2022-06-17 02:08:23,0,0,0,0,0,87.5,12.5,0,0
2022-06-17 02:08:22,0,0,0,0,0,71.25,28.5,0.25,0
2022-06-17 02:08:21,0,0,1.4925373,0,0,48.00995,50,0.2487562,0
2022-06-17 02:08:20,0,0,9.20398,0.4975124,0,65.17413,22.63682,0.2487562,0.2487562
2022-06-17 02:08:19,0,0,3.768844,0,0,67.08543,27.88945,0,0
2022-06-17 02:08:18,0,0,0,0,0,94.47236,5.527638,0,0
2022-06-17 02:08:17,0,0,0.25,0,0,89.25,10.5,0,0
2022-06-17 02:08:16,0,0,0,0,0,87.75,12.25,0,0
2022-06-17 02:08:15,0,0,0,0,0,89.5,10.25,0.25,0
2022-06-17 02:08:14,0,0,0,0,0,89.25,10.75,0,0
2022-06-17 02:08:13,0,0,0,0,0,89.25,10.75,0,0
2022-06-17 02:08:12,0,0,0,0,0,62.65664,37.09273,0.2506266,0
2022-06-17 02:08:11,0,0,2.729529,0.248139,0,52.60546,44.16873,0.248139,0
2022-06-17 02:08:10,0,0,9.547739,0.5025126,0,63.8191,24.87437,0,0.2512563
2022-06-17 02:08:09,0,0,2.5,0,0,75.75,21,0,0
2022-06-17 02:08:08,0,0,0,0,0,92.4812,7.017544,0.2506266,0
2022-06-17 02:08:07,0,0,0.25,0,0,88.25,11.25,0.25,0
2022-06-17 02:08:06,0,0,0,0,0,89.47368,10.526316,0,0
2022-06-17 02:08:05,0,0,0,0,0,91.75,8.25,0,0
2022-06-17 02:08:04,0,0,0,0,0,90.5,9.25,0.25,0
2022-06-17 02:08:03,0,0,0,0,0,88,11.75,0.25,0
2022-06-17 02:08:02,0,0,0,0,0,52.25,47.75,0,0
2022-06-17 02:08:01,0,0,3.703704,0.2469136,0,57.28395,37.77778,0.2469136,0
2022-06-17 02:08:00,0,0,10,0,0,63.75,24.75,0.25,0.25
2022-06-17 02:07:59,0,0,0.7462687,0.2487562,0,77.8607,20.64677,0.2487562,0
2022-06-17 02:07:58,0,0,0.5037783,0,0,90.42821,9.06801,0,0
2022-06-17 02:07:57,0,0,0,0,0,87.25,12.5,0.25,0
2022-06-17 02:07:56,0,0,0,0,0,88.25,11.75,0,0
2022-06-17 02:07:55,0,0,0,0,0,91.5,8.25,0.25,0
2022-06-17 02:07:54,0,0,0,0,0,88,12,0,0
2022-06-17 02:07:53,0,0,0,0,0,88,11.75,0.25,0
2022-06-17 02:07:52,0,0,0.25,0,0,46.5,53.25,0,0
2022-06-17 02:07:51,0,0,5.223881,0,0,63.68159,30.59701,0.2487562,0
2022-06-17 02:07:50,0,0,9.547739,0.2512563,0,59.79899,29.14573,0.2512563,0
2022-06-17 02:07:49,0,0,0.25,0,0,87,12.75,0,0
2022-06-17 02:07:48,0,0,0.2506266,0,0,90.97744,8.521303,0,0
2022-06-17 02:07:47,0,0,0,0,0,89.25,10.5,0.25,0
2022-06-17 02:07:46,0,0,0,0,0,88.7218,11.278195,0,0
2022-06-17 02:07:45,0,0,0,0,0,91.5,8.25,0.25,0
2022-06-17 02:07:44,0,0,0,0,0,89,11,0,0
2022-06-17 02:07:43,0,0,0,0,0,87,12.75,0.25,0
2022-06-17 02:07:42,0,0,0,0,0,42.60652,57.39348,0,0
2022-06-17 02:07:41,0,0,6.683168,0.4950495,0,63.61386,27.9703,0.2475248,0
2022-06-17 02:07:40,0,0,7.788945,0.5025126,0,58.0402,31.90955,0.2512563,0
2022-06-17 02:07:39,0,0,0.2506266,0,0,89.72431,9.774436,0,0
2022-06-17 02:07:38,0,0,0.2493766,0,0,89.77556,9.725686,0,0
2022-06-17 02:07:37,0,0,0,0,0,88.75,11,0.25,0
2022-06-17 02:07:36,0,0,0,0,0,89.25,10.75,0,0
2022-06-17 02:07:35,0,0,0,0,0,90.47619,9.52381,0,0
2022-06-17 02:07:34,0,0,0,0,0,88.25,11.75,0,0
2022-06-17 02:07:33,0,0,0,0,0,81.79551,17.95511,0.2493766,0
2022-06-17 02:07:32,0,0,0,0,0,42.35589,57.64411,0,0
2022-06-17 02:07:31,0,0,7.21393,0.7462687,0,63.43284,27.11443,0.2487562,0
2022-06-17 02:07:30,0,0,7.052897,1.0075567,0,59.94962,29.21914,0.2518892,0.5037783
2022-06-17 02:07:29,0,0,0,0,0,90.75,9,0.25,0
2022-06-17 02:07:28,0,0,0.5012531,0,0,87.7193,11.528822,0.2506266,0
2022-06-17 02:07:27,0,0,0,0,0,89.72431,10.275689,0,0
2022-06-17 02:07:26,0,0,0,0,0,91.04478,8.706468,0.2487562,0
2022-06-17 02:07:25,0,0,0,0,0,88.97243,11.027569,0,0
2022-06-17 02:07:24,0,0,0,0,0,89.97494,10.025063,0,0
2022-06-17 02:07:23,0,0,0,0,0,77.05736,22.69327,0.2493766,0
2022-06-17 02:07:22,0,0,0.5,0,0,51.75,47.75,0,0
2022-06-17 02:07:21,0,0,7.98005,0.2493766,0,64.58853,25.43641,0.2493766,0.2493766
2022-06-17 02:07:20,0,0,5.764411,0.2506266,0,64.66165,28.57143,0,0
2022-06-17 02:07:19,0,0,0,0,0,91.9598,8.040201,0,0
2022-06-17 02:07:18,0,0,0.25,0,0,86.5,12.75,0.25,0
2022-06-17 02:07:17,0,0,0,0,0,89.25,10.75,0,0
2022-06-17 02:07:16,0,0,0,0,0,89.72431,10.275689,0,0
2022-06-17 02:07:15,0,0,0,0,0,88.2793,11.720698,0,0
2022-06-17 02:07:14,0,0,0,0,0,89.5,10.5,0,0
2022-06-17 02:07:13,0,0,0,0,0,71.57107,27.93017,0.2493766,0
2022-06-17 02:07:12,0,0,1.0025063,0,0,49.87469,48.37093,0,0
2022-06-17 02:07:11,0,0,8.564232,0,0,64.98741,21.41058,0.2518892,0
2022-06-17 02:07:10,0,0,5.210918,0.248139,0,64.01985,29.2804,0.248139,0
2022-06-17 02:07:09,0,0,0,0,0,95.2381,4.511278,0.2506266,0
2022-06-17 02:07:08,0,0,0.25,0,0,87,12.5,0.25,0
2022-06-17 02:07:07,0,0,0,0,0,89.72431,10.275689,0,0
2022-06-17 02:07:06,0,0,0,0,0,89,10.75,0.25,0
2022-06-17 02:07:05,0,0,0,0,0,88.75,11.25,0,0
2022-06-17 02:07:04,0,0,0,0,0,89.02743,10.473815,0.2493766,0
2022-06-17 02:07:03,0,0,0,0,0,68.67168,31.32832,0,0
2022-06-17 02:07:02,0,0,1.2468828,0,0,45.88529,51.87032,0.2493766,0
2022-06-17 02:07:01,0,0,9.476309,0.4987531,0,66.58354,21.19701,0.2493766,0.2493766
2022-06-17 02:07:00,0,0,4.010025,0,0,65.91479,28.82206,0,0.2506266
2022-06-17 02:06:59,0,0,0,0,0,93.46734,6.532663,0,0
2022-06-17 02:06:58,0,0,0.5012531,0,0,86.21554,13.283208,0,0
2022-06-17 02:06:57,0,0,0,0,0,89.5,10.25,0.25,0
2022-06-17 02:06:56,0,0,0,0,0,90.75,9.25,0,0
2022-06-17 02:06:55,0,0,0,0,0,88.25,11.5,0.25,0
2022-06-17 02:06:54,0,0,0,0,0,88.25,11.75,0,0
2022-06-17 02:06:53,0,0,0,0,0,66.25,33.5,0.25,0
2022-06-17 02:06:52,0,0,0.9975062,0,0,49.87531,49.12718,0,0
2022-06-17 02:06:51,0,0,10.473815,0.4987531,0,68.0798,20.69825,0.2493766,0
2022-06-17 02:06:50,0,0,3,0.25,0,68.75,27,0.5,0
2022-06-17 02:06:49,0,0,0,0,0,95.22613,4.773869,0,0
2022-06-17 02:06:48,0,0,0,0,0,86,13.75,0.25,0
2022-06-17 02:06:47,0,0,0,0,0,89.5,10,0.25,0
2022-06-17 02:06:46,0,0,0,0,0,90.72682,9.273183,0,0
2022-06-17 02:06:45,0,0,0,0,0,87.25,12.75,0,0
2022-06-17 02:06:44,0,0,0.2487562,0,0,89.05473,10.447761,0.2487562,0
2022-06-17 02:06:43,0,0,0,0,0,63.65915,36.34085,0,0
2022-06-17 02:06:42,0,0,1.2468828,0,0,51.12219,46.88279,0,0
2022-06-17 02:06:41,0,0,10.275689,0.7518797,0,62.65664,24.06015,0.2506266,0
2022-06-17 02:06:40,0,0,3.217822,0.2475248,0,66.83168,26.48515,0.2475248,0.2475248
2022-06-17 02:06:39,0,0,0,0,0,94.72362,5.025126,0.2512563,0
2022-06-17 02:06:38,0,0,0,0,0,86.75,13.25,0,0
2022-06-17 02:06:37,0,0,0,0,0,89.47368,10.526316,0,0
2022-06-17 02:06:36,0,0,0.2493766,0,0,91.27182,8.229426,0.2493766,0
2022-06-17 02:06:35,0,0,0,0,0,87,13,0,0
2022-06-17 02:06:34,0,0,0,0,0,89.75,10,0.25,0
2022-06-17 02:06:33,0,0,0,0,0,61.5,38.5,0,0
2022-06-17 02:06:32,0,0,2.244389,0,0,53.86534,43.6409,0.2493766,0
2022-06-17 02:06:31,0,0,9.476309,0,0,65.83541,21.94514,0.2493766,0.2493766
2022-06-17 02:06:30,0,0,2.25,0.25,0,72.5,24.25,0,0
2022-06-17 02:06:29,0,0,0,0,0,92.96482,6.78392,0.2512563,0
2022-06-17 02:06:28,0,0,0.2493766,0,0,87.03242,12.468828,0,0
2022-06-17 02:06:27,0,0,0,0,0,91.5,8.5,0,0
2022-06-17 02:06:26,0,0,0,0,0,90.72682,9.022556,0.2506266,0
2022-06-17 02:06:25,0,0,0,0,0,87.25,12.5,0.25,0
2022-06-17 02:06:24,0,0,0,0,0,89.52618,10.473815,0,0
2022-06-17 02:06:23,0,0,0,0,0,55.38847,44.3609,0.2506266,0
2022-06-17 02:06:22,0,0,2.985075,0.2487562,0,56.21891,39.30348,0,0
2022-06-17 02:06:21,0,0,10.025063,0,0,67.9198,20.80201,0,0
2022-06-17 02:06:20,0,0,0.9975062,0,0,75.31172,22.44389,0.2493766,0
2022-06-17 02:06:19,0,0,0,0,0,92.46231,7.286432,0.2512563,0
2022-06-17 02:06:18,0,0,0.25,0,0,88,11.5,0.25,0
2022-06-17 02:06:17,0,0,0,0,0,88.52868,11.221945,0.2493766,0
2022-06-17 02:06:16,0,0,0,0,0,92.23058,7.518797,0,0
2022-06-17 02:06:15,0,0,0,0,0,89.75,10.25,0,0
2022-06-17 02:06:14,0,0,0,0,0,87.53117,12.219451,0.2493766,0
2022-06-17 02:06:13,0,0,0,0,0,46.86717,52.88221,0.2506266,0
2022-06-17 02:06:12,0,0,4.738155,0,0,62.09476,32.16958,0.4987531,0
2022-06-17 02:06:11,0,0,9,0.5,0,59.75,27.75,0,0.25
2022-06-17 02:06:10,0,0,0.9950249,0,0,83.08458,15.671642,0.2487562,0
2022-06-17 02:06:09,0,0,0.2518892,0,0,88.66499,11.083123,0,0
2022-06-17 02:06:08,0,0,0,0,0,90.29851,9.452736,0.2487562,0
2022-06-17 02:06:07,0,0,0,0,0,88.44221,11.557789,0,0
2022-06-17 02:06:06,0,0,0,0,0,91.5212,8.229426,0.2493766,0
2022-06-17 02:06:05,0,0,0,0,0,88.25,11.75,0,0
2022-06-17 02:06:04,0,0,0,0,0,86.25,13.75,0,0
2022-06-17 02:06:03,0,0,0,0,0,41.5,58.25,0.25,0
2022-06-17 02:06:02,0,0,5.735661,0.4987531,0,64.58853,26.93267,0.2493766,0
2022-06-17 02:06:01,0,0,8.312343,0.2518892,0,56.17128,32.99748,0,0
2022-06-17 02:06:00,0,0,0.4987531,0,0,88.52868,10.972569,0,0
2022-06-17 02:05:59,0,0,0.25,0,0,92.25,7.5,0,0
2022-06-17 02:05:58,0,0,0.25,0,0,89.75,9.75,0.25,0
2022-06-17 02:05:57,0,0,0,0,0,87,13,0,0
2022-06-17 02:05:56,0,0,0,0,0,91.5,8.5,0,0
2022-06-17 02:05:55,0,0,0,0,0,88.25,11.5,0.25,0
2022-06-17 02:05:54,0,0,0,0,0,83.9599,16.0401,0,0
2022-06-17 02:05:53,0,0,0,0,0,44.88778,54.86284,0.2493766,0
2022-06-17 02:05:52,0,0,6.947891,0.248139,0,63.27543,26.79901,0,0
2022-06-17 02:05:51,0,0,7.178218,0.4950495,0,59.90099,29.20792,0.4950495,0.4950495
2022-06-17 02:05:50,0,0,0.5012531,0,0,87.46867,11.528822,0.2506266,0
2022-06-17 02:05:49,0,0,0.2506266,0,0,87.96992,11.528822,0.2506266,0
2022-06-17 02:05:48,0,0,0,0,0,88.75,11.25,0,0
2022-06-17 02:05:47,0,0,0,0.25,0,89,10.75,0,0
2022-06-17 02:05:46,0,0,0,0,0,90.5,9.5,0,0
2022-06-17 02:05:45,0,0,0,0,0,88.5,11.25,0.25,0
2022-06-17 02:05:44,0,0,0,0,0,82.20551,17.79449,0,0
2022-06-17 02:05:43,0,0,0,0,0,47.8803,51.87032,0.2493766,0
2022-06-17 02:05:42,0,0,7.462687,0.7462687,0,62.43781,25.62189,0,0.2487562
2022-06-17 02:05:41,0,0,6.947891,0.248139,0,58.56079,31.51365,0.4962779,0.4962779
2022-06-17 02:05:40,0,0,0,0,0,89.92443,10.075567,0,0
2022-06-17 02:05:39,0,0,0.2493766,0,0,89.02743,10.723192,0,0
2022-06-17 02:05:38,0,0,0,0,0,90.22556,9.774436,0,0
2022-06-17 02:05:37,0,0,0,0,0,91.02244,8.72818,0.2493766,0
2022-06-17 02:05:36,0,0,0,0,0,90.22556,9.774436,0,0
2022-06-17 02:05:35,0,0,0,0,0,88.25,11.75,0,0
2022-06-17 02:05:34,0,0,0.2493766,0,0,77.55611,21.94514,0.2493766,0
2022-06-17 02:05:33,0,0,0.25,0,0,46.5,52.75,0,0
2022-06-17 02:05:32,0,0,8.270677,0.2506266,0,63.90977,25.81454,0,0
2022-06-17 02:05:31,0,0,5.513784,0.2506266,0,59.89975,31.57895,0.2506266,0.2506266
2022-06-17 02:05:30,0,0,0,0,0,95,4.5,0.5,0
2022-06-17 02:05:29,0,0,0.5,0,0,86.25,13,0.25,0
2022-06-17 02:05:28,0,0,0,0,0,88.7218,11.278195,0,0
2022-06-17 02:05:27,0,0,0,0,0,91,8.75,0.25,0
2022-06-17 02:05:26,0,0,0,0,0,88.25,11.75,0,0
2022-06-17 02:05:25,0,0,0,0,0,88.7218,11.027569,0.2506266,0
2022-06-17 02:05:24,0,0,0,0,0,75,24.75,0.25,0
2022-06-17 02:05:23,0,0,0.25,0,0,46.75,53,0,0
2022-06-17 02:05:22,0,0,9.022556,0.5012531,0,64.1604,22.80702,0,0.2506266
2022-06-17 02:05:21,0,0,4.975124,0.2487562,0,61.69154,30.84577,0.4975124,0.2487562
2022-06-17 02:05:20,0,0,0,0,0,94.73684,5.263158,0,0
2022-06-17 02:05:19,0,0,0.25,0,0,85.5,14,0.25,0
2022-06-17 02:05:18,0,0,0,0,0,87.7193,12.280702,0,0
2022-06-17 02:05:17,0,0,0,0,0,91,9,0,0
2022-06-17 02:05:16,0,0,0,0,0,88.02993,11.720698,0.2493766,0
2022-06-17 02:05:15,0,0,0,0,0,88.75,11,0.25,0
2022-06-17 02:05:14,0,0,0.2506266,0,0,69.92481,29.82456,0,0
2022-06-17 02:05:13,0,0,0.4975124,0,0,47.76119,51.24378,0,0
2022-06-17 02:05:12,0,0,9.296482,0.2512563,0,65.07538,21.8593,0.2512563,0
2022-06-17 02:05:11,0,0,4.522613,0.2512563,0,63.56784,30.90452,0.2512563,0
2022-06-17 02:05:10,0,0,0,0,0,93.70277,6.04534,0.2518892,0
2022-06-17 02:05:09,0,0,0.2493766,0,0,86.53367,12.967581,0,0
2022-06-17 02:05:08,0,0,0,0,0,88.75,11,0.25,0
2022-06-17 02:05:07,0,0,0,0,0,90.77307,8.977556,0.2493766,0
2022-06-17 02:05:06,0,0,0,0,0,89.72431,10.275689,0,0
2022-06-17 02:05:05,0,0,0,0,0,90.5,9.5,0,0
2022-06-17 02:05:04,0,0,0.2493766,0,0,68.57855,30.92269,0.2493766,0
2022-06-17 02:05:03,0,0,1.0025063,0,0,49.87469,49.12281,0,0
2022-06-17 02:05:02,0,0,9.677419,0.248139,0,68.73449,20.59553,0,0.248139
2022-06-17 02:05:01,0,0,3.508772,0.5012531,0,67.66917,27.56892,0.2506266,0
2022-06-17 02:05:00,0,0,0,0,0,93.71859,6.281407,0,0
2022-06-17 02:04:59,0,0,0.2493766,0,0,87.78055,11.970075,0,0
2022-06-17 02:04:58,0,0,0.5012531,0,0,89.97494,9.52381,0,0
2022-06-17 02:04:57,0,0,0,0,0,89.02743,10.723192,0.2493766,0
2022-06-17 02:04:56,0,0,0,0,0,89.5,10.25,0.25,0
2022-06-17 02:04:55,0,0,0,0,0,89.5,10.5,0,0
2022-06-17 02:04:54,0,0,0,0,0,62.31156,37.68844,0,0
2022-06-17 02:04:53,0,0,3.233831,0,0,55.22388,40.79602,0.2487562,0
2022-06-17 02:04:52,0,0,9.20398,0.2487562,0,63.68159,24.87562,0.2487562,0.4975124
2022-06-17 02:04:51,0,0,2.244389,0,0,76.05985,21.19701,0,0
2022-06-17 02:04:50,0,0,0.2512563,0,0,90.20101,9.547739,0,0
2022-06-17 02:04:49,0,0,0,0,0,89.5,10.5,0,0
2022-06-17 02:04:48,0,0,0,0,0,89.22306,10.776942,0,0
2022-06-17 02:04:47,0,0,0,0,0,91,9,0,0
2022-06-17 02:04:46,0,0,0,0,0,89.02743,10.723192,0.2493766,0
2022-06-17 02:04:45,0,0,0,0,0,88.97243,11.027569,0,0
2022-06-17 02:04:44,0,0,0.2493766,0,0,52.86783,46.88279,0,0
2022-06-17 02:04:43,0,0,4.239401,0,0,56.3591,37.90524,0.2493766,0
2022-06-17 02:04:42,0,0,8.933002,0.4962779,0,60.04963,27.54342,0.4962779,0.248139
2022-06-17 02:04:41,0,0,1,0,0,82.25,16.25,0.25,0
2022-06-17 02:04:40,0,0,0.2512563,0,0,90.70352,9.045226,0,0
2022-06-17 02:04:39,0,0,0,0,0,89.25,10.5,0.25,0
2022-06-17 02:04:38,0,0,0,0,0,89.25,10.25,0.25,0
2022-06-17 02:04:37,0,0,0,0,0,92.26933,7.730673,0,0
2022-06-17 02:04:36,0,0,0.2493766,0,0,88.2793,11.471322,0,0
2022-06-17 02:04:35,0,0,0,0,0,84.71178,15.288221,0,0
2022-06-17 02:04:34,0,0,0,0,0,51,48.75,0.25,0
2022-06-17 02:04:33,0,0,5.513784,0.5012531,0,58.64662,33.33333,0,0
2022-06-17 02:04:32,0,0,8.77193,0.5012531,0,61.15288,27.56892,0.2506266,0.2506266
2022-06-17 02:04:31,0,0,0.4975124,0,0,84.32836,13.930348,0.2487562,0
2022-06-17 02:04:30,0,0,0.2512563,0,0,88.69347,11.055276,0,0
2022-06-17 02:04:29,0,0,0,0,0,85.71429,14.285714,0,0
2022-06-17 02:04:28,0,0,0,0,0,89.47368,10.526316,0,0
2022-06-17 02:04:27,0,0,0,0,0,91.5,8.5,0,0
2022-06-17 02:04:26,0,0,0,0,0,89.5,10.5,0,0
2022-06-17 02:04:25,0,0,0,0,0,82.75,17,0.25,0
2022-06-17 02:04:24,0,0,0,0,0,47.38155,52.36908,0.2493766,0
2022-06-17 02:04:23,0,0,6.5,0.25,0,60.75,29,0,0
2022-06-17 02:04:22,0,0,7.730673,0.4987531,0,60.5985,29.17706,0.2493766,0.2493766
2022-06-17 02:04:21,0,0,0,0,0,90.72682,8.77193,0.5012531,0
2022-06-17 02:04:20,0,0,0.25,0,0,87.5,12.25,0,0
2022-06-17 02:04:19,0,0,0,0,0,90.97744,9.022556,0,0
2022-06-17 02:04:18,0,0,0,0,0,88.77805,10.972569,0.2493766,0
2022-06-17 02:04:17,0,0,0,0,0,91.4787,8.521303,0,0
2022-06-17 02:04:16,0,0,0.2493766,0,0,88.2793,11.221945,0.2493766,0
2022-06-17 02:04:15,0,0,0,0,0,80.25,19.75,0,0
2022-06-17 02:04:14,0,0,0,0,0,44,55.75,0.25,0
2022-06-17 02:04:13,0,0,7.481297,0.2493766,0,62.59352,28.17955,0.2493766,0
2022-06-17 02:04:12,0,0,6.451613,0.248139,0,61.29032,29.2804,0.248139,0.248139
2022-06-17 02:04:11,0,0,0,0,0,92.19144,7.808564,0,0
2022-06-17 02:04:10,0,0,0.2493766,0,0,89.52618,9.975062,0.2493766,0
2022-06-17 02:04:09,0,0,0,0,0,89.25,10.5,0.25,0
2022-06-17 02:04:08,0,0,0,0,0,91.25,8.75,0,0
2022-06-17 02:04:07,0,0,0,0,0,90,10,0,0
2022-06-17 02:04:06,0,0,0,0,0,90.75,9,0.25,0
2022-06-17 02:04:05,0,0,0,0,0,77.44361,22.55639,0,0
2022-06-17 02:04:04,0,0,0.4975124,0,0,48.75622,50.74627,0,0
2022-06-17 02:04:03,0,0,8.478803,0.7481297,0,62.84289,25.18703,0.2493766,0
2022-06-17 02:04:02,0,0,5.5,0.25,0,63.25,29.5,0.25,0
2022-06-17 02:04:01,0,0,0,0,0,93.71859,5.778894,0.2512563,0
2022-06-17 02:04:00,0,0,0.2493766,0,0,87.78055,11.720698,0.2493766,0
2022-06-17 02:03:59,0,0,0,0,0,89.75,10.25,0,0
2022-06-17 02:03:58,0,0,0.5,0,0,89.75,9.75,0,0
2022-06-17 02:03:57,0,0,0,0,0,89,10.75,0.25,0
2022-06-17 02:03:56,0,0,0,0,0,89,11,0,0
2022-06-17 02:03:55,0,0,0,0,0,69.09548,30.65327,0.2512563,0
2022-06-17 02:03:54,0,0,1.985112,0,0,47.89082,49.87593,0,0.248139
2022-06-17 02:03:53,0,0,9.52381,0.5012531,0,64.91228,24.81203,0,0
2022-06-17 02:03:52,0,0,3.740648,0,0,67.58105,26.93267,0.2493766,0.2493766
2022-06-17 02:03:51,0,0,0,0,0,91.9598,7.788945,0.2512563,0
2022-06-17 02:03:50,0,0,0.25,0,0,88.75,10.75,0.25,0
2022-06-17 02:03:49,0,0,0,0,0,90.27431,9.725686,0,0
2022-06-17 02:03:48,0,0,0,0,0,91,8.75,0.25,0
2022-06-17 02:03:47,0,0,0,0,0,90.75,9.25,0,0
2022-06-17 02:03:46,0,0,0,0,0,89.22306,10.776942,0,0
2022-06-17 02:03:45,0,0,0,0,0,64.5,35.25,0.25,0
2022-06-17 02:03:44,0,0,2.244389,0.2493766,0,51.62095,45.63591,0,0
2022-06-17 02:03:43,0,0,9.950249,0.2487562,0,65.17413,23.8806,0.2487562,0
2022-06-17 02:03:42,0,0,2.743142,0.2493766,0,72.06983,23.4414,0,0
2022-06-17 02:03:41,0,0,0.2506266,0,0,91.72932,8.02005,0,0
2022-06-17 02:03:40,0,0,0,0,0,87.43719,12.562814,0,0
2022-06-17 02:03:39,0,0,0,0,0,90.52369,9.226933,0.2493766,0
2022-06-17 02:03:38,0,0,0,0,0,91.5,8.5,0,0
2022-06-17 02:03:37,0,0,0,0,0,90.22556,9.774436,0,0
2022-06-17 02:03:36,0,0,0.2487562,0,0,88.55721,10.945274,0.2487562,0
2022-06-17 02:03:35,0,0,0,0,0,63.75,36.25,0,0
2022-06-17 02:03:34,0,0,2.506266,0,0,57.14286,39.599,0,0
2022-06-17 02:03:33,0,0,8.933002,0.248139,0,58.31266,25.80645,0.248139,1.985112
2022-06-17 02:03:32,0,0,2.493766,0,0,70.82294,25.18703,0,0.4987531
2022-06-17 02:03:31,0,0,0.2512563,0,0,92.71357,6.78392,0.2512563,0
2022-06-17 02:03:30,0,0,0,0,0,88.47118,11.278195,0.2506266,0
2022-06-17 02:03:29,0,0,0,0,0,87.5,12.5,0,0
2022-06-17 02:03:28,0,0,0,0,0,91.25,8.5,0.25,0
2022-06-17 02:03:27,0,0,0,0,0,88,12,0,0
2022-06-17 02:03:26,0,0,0.2487562,0,0,89.05473,10.447761,0.2487562,0
2022-06-17 02:03:25,0,0,0,0,0,54.88722,45.11278,0,0
2022-06-17 02:03:24,0,0,3.5,0,0,60.25,36,0,0
2022-06-17 02:03:23,0,0,9.547739,0.2512563,0,62.81407,26.13065,0.2512563,0
2022-06-17 02:03:22,0,0,1.5037594,0,0,78.69674,19.29825,0.2506266,0
2022-06-17 02:03:21,0,0,0.2512563,0,0,92.96482,6.532663,0.2512563,0
2022-06-17 02:03:20,0,0,0,0,0,89.25,10.75,0,0
2022-06-17 02:03:19,0,0,0,0,0,88.52868,10.972569,0.2493766,0
2022-06-17 02:03:18,0,0,0,0,0,91.75,8,0.25,0
2022-06-17 02:03:17,0,0,0,0,0,90.75,9.25,0,0
2022-06-17 02:03:16,0,0,0.2493766,0,0,88.2793,11.471322,0,0
2022-06-17 02:03:15,0,0,0,0,0,50.62657,49.37343,0,0
2022-06-17 02:03:14,0,0,3.482587,0.2487562,0,58.45771,36.06965,0,0
2022-06-17 02:03:13,0,0,10.173697,0.248139,0,59.05707,28.28784,0.248139,0.248139
2022-06-17 02:03:12,0,0,1.0025063,0,0,80.2005,18.54637,0,0
2022-06-17 02:03:11,0,0,0,0,0,91.22807,8.270677,0.2506266,0
2022-06-17 02:03:10,0,0,0.2506266,0,0,87.96992,11.528822,0.2506266,0
2022-06-17 02:03:09,0,0,0.25,0,0,88.75,11,0,0
2022-06-17 02:03:08,0,0,0,0,0,91.02244,8.72818,0.2493766,0
2022-06-17 02:03:07,0,0,0,0,0,90.25,9.75,0,0
2022-06-17 02:03:06,0,0,0,0,0,90.22556,9.52381,0.2506266,0
2022-06-17 02:03:05,0,0,0,0,0,47.5,52.25,0.25,0
2022-06-17 02:03:04,0,0,4.218362,0,0,60.54591,33.99504,0.248139,0
2022-06-17 02:03:03,0,0,9.20398,0.4975124,0,58.45771,29.35323,0,0
2022-06-17 02:03:02,0,0,0.75,0,0,84,15,0,0
2022-06-17 02:03:01,0,0,0.2512563,0.2512563,0,90.20101,9.296482,0,0
2022-06-17 02:03:00,0,0,0,0,0,88,11.75,0.25,0
2022-06-17 02:02:59,0,0,0,0,0,87.25,12.75,0,0
2022-06-17 02:02:58,0,0,0.4987531,0,0,91.27182,7.98005,0.2493766,0
2022-06-17 02:02:57,0,0,0,0,0,89.44724,10.552764,0,0
2022-06-17 02:02:56,0,0,0,0,0,89.27681,10.473815,0.2493766,0
2022-06-17 02:02:55,0,0,0,0,0,41,59,0,0
2022-06-17 02:02:54,0,0,4.938272,0.2469136,0,61.48148,31.60494,0.2469136,0.2469136
2022-06-17 02:02:53,0,0,8.75,0.5,0,57.25,30.25,0.25,0
2022-06-17 02:02:52,0,0,0.2493766,0,0,86.03491,13.715711,0,0
2022-06-17 02:02:51,0,0,0.2506266,0,0,89.97494,9.52381,0,0
2022-06-17 02:02:50,0,0,0,0,0,89.5,10.25,0.25,0
2022-06-17 02:02:49,0,0,0,0,0,88.75,11.25,0,0
2022-06-17 02:02:48,0,0,0,0,0,91.5,8.5,0,0
2022-06-17 02:02:47,0,0,0,0,0,88.47118,11.528822,0,0
2022-06-17 02:02:46,0,0,0,0,0,86.53367,13.216958,0.2493766,0
2022-06-17 02:02:45,0,0,0,0,0,48.25,51.5,0.25,0
2022-06-17 02:02:44,0,0,6.516291,0.2506266,0,62.15539,28.82206,0,0
2022-06-17 02:02:43,0,0,8.415842,0.2475248,0,58.66337,30.44554,0.2475248,0.2475248
2022-06-17 02:02:42,0,0,0,0,0,88.7218,11.027569,0.2506266,0
2022-06-17 02:02:41,0,0,0.2506266,0,0,89.47368,10.025063,0.2506266,0
2022-06-17 02:02:40,0,0,0,0,0,89.97494,10.025063,0,0
2022-06-17 02:02:39,0,0,0,0,0,89,10.75,0.25,0
2022-06-17 02:02:38,0,0,0,0,0,91.5212,8.478803,0,0
2022-06-17 02:02:37,0,0,0.25,0,0,89.25,10.5,0,0
2022-06-17 02:02:36,0,0,0,0,0,83.54115,16.209476,0.2493766,0
2022-06-17 02:02:35,0,0,0,0,0,45.86466,54.13534,0,0
2022-06-17 02:02:34,0,0,6.947891,0.248139,0,62.77916,28.0397,0,0
2022-06-17 02:02:33,0,0,7.5,0.5,0,60.75,30,0.25,0
2022-06-17 02:02:32,0,0,0.25,0,0,90,9.25,0.25,0
2022-06-17 02:02:31,0,0,0.2518892,0,0,86.64987,13.098237,0,0
2022-06-17 02:02:30,0,0,0,0,0,90.75,9.25,0,0
2022-06-17 02:02:29,0,0,0,0,0,89.52618,10.224439,0.2493766,0
2022-06-17 02:02:28,0,0,0,0,0,90.5,9.5,0,0
2022-06-17 02:02:27,0,0,0,0,0,87.7193,12.280702,0,0
2022-06-17 02:02:26,0,0,0,0,0,74.56359,25.18703,0.2493766,0
2022-06-17 02:02:25,0,0,1.25,0,0,50.75,48,0,0
2022-06-17 02:02:24,0,0,7.75,0.25,0,64.5,24.75,0.25,0
2022-06-17 02:02:23,0,0,5.764411,0.2506266,0,61.40351,31.57895,0,0
2022-06-17 02:02:22,0,0,0,0,0,91.45729,8.542714,0,0
2022-06-17 02:02:21,0,0,0.25,0,0,90.25,9.25,0.25,0
2022-06-17 02:02:20,0,0,0,0,0,90.25,9.75,0,0
2022-06-17 02:02:19,0,0,0,0,0,89.75,10.25,0,0
2022-06-17 02:02:18,0,0,0,0,0,88.75,11,0.25,0
2022-06-17 02:02:17,0,0,0,0,0,90.5,9.5,0,0
2022-06-17 02:02:16,0,0,0,0,0,65.33666,34.41397,0.2493766,0
2022-06-17 02:02:15,0,0,2,0,0,51.75,46.25,0,0
2022-06-17 02:02:14,0,0,8.663366,0.4950495,0,62.87129,24.0099,0.2475248,0.4950495
2022-06-17 02:02:13,0,0,4.239401,0.4987531,0,63.8404,29.17706,0.4987531,0.2493766
2022-06-17 02:02:12,0,0,0,0,0,93.96985,5.527638,0.5025126,0
2022-06-17 02:02:11,0,0,0,0,0,74.18546,25.56391,0,0
2022-06-17 02:02:10,0,0,0,0,0,89.5,10.25,0.25,0
2022-06-17 02:02:09,0,0,0.2493766,0,0,89.02743,10.723192,0,0
2022-06-17 02:02:08,0,0,0,0,0,88.75,11,0.25,0
2022-06-17 02:02:07,0,0,0,0,0,89.25,10.75,0,0
2022-06-17 02:02:06,0,0,0,0,0,71.75,28,0.25,0
2022-06-17 02:02:05,0,0,0.7481297,0.2493766,0,47.63092,50.37406,0,0
2022-06-17 02:02:04,0,0,9.296482,0,0,65.07538,23.61809,0,0
2022-06-17 02:02:03,0,0,4.477612,0,0,66.16915,28.10945,0.2487562,0.2487562
2022-06-17 02:02:02,0,0,0,0,0,94.45844,5.541562,0,0
2022-06-17 02:02:01,0,0,0.2493766,0,0,87.78055,11.720698,0.2493766,0
2022-06-17 02:02:00,0,0,0,0,0,89.22306,10.776942,0,0
2022-06-17 02:01:59,0,0,0,0,0,91.27182,8.478803,0.2493766,0
2022-06-17 02:01:58,0,0,0.5,0,0,87.5,11.75,0.25,0
2022-06-17 02:01:57,0,0,0,0,0,90.5,9.5,0,0
2022-06-17 02:01:56,0,0,0,0,0,63.65915,36.09023,0,0
2022-06-17 02:01:55,0,0,1.4888337,0,0,50.62035,47.39454,0.248139,0
2022-06-17 02:01:54,0,0,9.798995,0.2512563,0,64.07035,22.36181,0,0
2022-06-17 02:01:53,0,0,3.258145,0.2506266,0,68.92231,26.06516,0,0.2506266
2022-06-17 02:01:52,0,0,0,0,0,93.96985,5.778894,0.2512563,0
2022-06-17 02:01:51,0,0,0.25,0,0,87.5,12.25,0,0
2022-06-17 02:01:50,0,0,0,0,0,90.25,9.5,0.25,0
2022-06-17 02:01:49,0,0,0,0,0,91.5,8.5,0,0
2022-06-17 02:01:48,0,0,0,0,0,88.5,11.5,0,0
2022-06-17 02:01:47,0,0,0.2487562,0,0,90.04975,9.452736,0.2487562,0
2022-06-17 02:01:46,0,0,0,0,0,60.15038,39.84962,0,0
2022-06-17 02:01:45,0,0,2.244389,0.2493766,0,55.61097,40.89776,0.2493766,0
2022-06-17 02:01:44,0,0,10.447761,0,0,65.67164,21.64179,0,0
2022-06-17 02:01:43,0,0,1.754386,0.2506266,0,71.17794,25.81454,0.2506266,0
2022-06-17 02:01:42,0,0,0.2512563,0,0,92.96482,6.78392,0,0
2022-06-17 02:01:41,0,0,0,0,0,86.96742,13.032581,0,0
2022-06-17 02:01:40,0,0,0,0,0,89.02743,10.723192,0.2493766,0
2022-06-17 02:01:39,0,0,0,0,0,92.75,7,0.25,0
2022-06-17 02:01:38,0,0,0.25,0,0,87.5,12.25,0,0
2022-06-17 02:01:37,0,0,0,0,0,88.77805,11.221945,0,0
2022-06-17 02:01:36,0,0,0,0,0,58.64662,41.10276,0.2506266,0
2022-06-17 02:01:35,0,0,2.756892,0,0,59.14787,38.09524,0,0
2022-06-17 02:01:34,0,0,10.224439,0.4987531,0,62.84289,25.68579,0.2493766,0
2022-06-17 02:01:33,0,0,1.2531328,0,0,75.68922,22.30576,0,0.2506266
2022-06-17 02:01:32,0,0,0.2506266,0,0,92.23058,7.26817,0.2506266,0
2022-06-17 02:01:31,0,0,0,0,0,86.71679,13.032581,0,0
2022-06-17 02:01:30,0,0,0,0,0,89.77556,9.975062,0.2493766,0
2022-06-17 02:01:29,0,0,0,0,0,91.75,8,0.25,0
2022-06-17 02:01:28,0,0,0.25,0,0,87.25,12.5,0,0
2022-06-17 02:01:27,0,0,0,0,0,90.25,9.75,0,0
2022-06-17 02:01:26,0,0,0,0,0,51.75,48,0.25,0
2022-06-17 02:01:25,0,0,4.228856,0.4975124,0,61.9403,32.58706,0.2487562,0
2022-06-17 02:01:24,0,0,9.452736,0.4975124,0,58.20896,30.34826,0,0
2022-06-17 02:01:23,0,0,0.75,0,0,83.75,15,0.25,0
2022-06-17 02:01:22,0,0,0.2506266,0,0,89.97494,9.273183,0.2506266,0
2022-06-17 02:01:21,0,0,0,0,0,89.5,10.5,0,0
2022-06-17 02:01:20,0,0,0,0,0,88.7218,11.278195,0,0
2022-06-17 02:01:19,0,0,0,0,0,91.77057,7.98005,0.2493766,0
2022-06-17 02:01:18,0,0,0,0,0,91.5,8.5,0,0
2022-06-17 02:01:17,0,0,0,0.2506266,0,88.7218,10.776942,0.2506266,0
2022-06-17 02:01:16,0,0,0,0,0,41.39651,58.35411,0.2493766,0
2022-06-17 02:01:15,0,0,4.975124,0,0,63.93035,30.34826,0,0.2487562
2022-06-17 02:01:14,0,0,8.333333,0.2525253,0,59.09091,29.79798,0.5050505,0.2525253
2022-06-17 02:01:13,0,0,0.4975124,0.2487562,0,86.56716,11.940299,0.2487562,0
2022-06-17 02:01:12,0,0,0.2506266,0,0,89.22306,10.526316,0,0
2022-06-17 02:01:11,0,0,0,0,0,89.72431,10.025063,0.2506266,0
2022-06-17 02:01:10,0,0,0,0,0,89.47368,10.526316,0,0
2022-06-17 02:01:09,0,0,0,0,0,91.27182,8.478803,0.2493766,0
2022-06-17 02:01:08,0,0,0,0,0,89.47368,10.526316,0,0
2022-06-17 02:01:07,0,0,0,0,0,85.25,14.5,0.25,0
2022-06-17 02:01:06,0,0,0,0,0,41,59,0,0
2022-06-17 02:01:05,0,0,5.735661,0.4987531,0,61.09726,29.92519,0,0
2022-06-17 02:01:04,0,0,8.229426,0.4987531,0,57.60599,31.9202,0.2493766,0
2022-06-17 02:01:03,0,0,0.2506266,0,0,88.47118,10.776942,0.5012531,0
2022-06-17 02:01:02,0,0,0.25,0,0,87.5,12,0,0
2022-06-17 02:01:01,0,0,0,0,0,88.5,11.5,0,0
2022-06-17 02:01:00,0,0,0,0,0,89.27681,10.473815,0.2493766,0
2022-06-17 02:00:59,0,0,0,0,0,90.47619,9.52381,0,0
2022-06-17 02:00:58,0,0,0.2506266,0,0,89.72431,10.025063,0,0
2022-06-17 02:00:57,0,0,0.2493766,0,0,82.29426,17.20698,0.2493766,0
2022-06-17 02:00:56,0,0,0,0,0,43.5,56.5,0,0
2022-06-17 02:00:55,0,0,7.444169,0.248139,0,64.76427,26.05459,0,0
2022-06-17 02:00:54,0,0,7,0,0,60.5,30.25,0.25,0.25
2022-06-17 02:00:53,0,0,0,0,0,91.45729,8.291457,0.2512563,0
2022-06-17 02:00:52,0,0,0.25,0,0,87,12.75,0,0
2022-06-17 02:00:51,0,0,0,0,0,87.75,12,0.25,0
2022-06-17 02:00:50,0,0,0,0,0,90.47619,9.52381,0,0
2022-06-17 02:00:49,0,0,0,0,0,89.25,10.75,0,0
2022-06-17 02:00:48,0,0,0,0,0,91,9,0,0
2022-06-17 02:00:47,0,0,0,0,0,74.25,25.5,0.25,0
2022-06-17 02:00:46,0,0,0.7444169,0.7444169,0,49.62779,48.3871,0,0
2022-06-17 02:00:45,0,0,8.188586,0,0,62.77916,26.79901,0.248139,0
2022-06-17 02:00:44,0,0,5.486284,0.2493766,0,63.09227,29.67581,0,0
2022-06-17 02:00:43,0,0,0,0,0,92.4812,7.26817,0.2506266,0
2022-06-17 02:00:42,0,0,0.2512563,0,0,85.67839,14.070352,0,0
2022-06-17 02:00:41,0,0,0,0,0,87.53117,12.219451,0.2493766,0
2022-06-17 02:00:40,0,0,0.25,0,0,90,9.75,0,0
2022-06-17 02:00:39,0,0,0,0,0,88.77805,10.972569,0.2493766,0
2022-06-17 02:00:38,0,0,0,0,0,88.47118,11.528822,0,0
2022-06-17 02:00:37,0,0,0,0,0,66.75,33.25,0,0
2022-06-17 02:00:36,0,0,1.4962594,0,0,50.37406,47.63092,0.2493766,0
2022-06-17 02:00:35,0,0,9.677419,0.4962779,0,65.01241,23.07692,0.248139,0.248139
2022-06-17 02:00:34,0,0,3.990025,0,0,67.33167,27.93017,0,0.2493766
2022-06-17 02:00:33,0,0,0,0,0,92.46231,7.286432,0.2512563,0
2022-06-17 02:00:32,0,0,0.2493766,0,0,88.2793,11.221945,0.2493766,0
2022-06-17 02:00:31,0,0,0,0,0,89,11,0,0
2022-06-17 02:00:30,0,0,0,0,0,90.97744,9.022556,0,0
2022-06-17 02:00:29,0,0,0,0,0,89.75,10,0.25,0
2022-06-17 02:00:28,0,0,0,0,0,88,12,0,0
2022-06-17 02:00:27,0,0,0,0,0,57.25,42.5,0.25,0
2022-06-17 02:00:26,0,0,2.977667,0.248139,0,56.0794,40.19851,0,0
2022-06-17 02:00:25,0,0,9.547739,0,0,64.07035,24.37186,0.2512563,0
2022-06-17 02:00:24,0,0,2.506266,0.2506266,0,73.43358,23.05764,0,0
2022-06-17 02:00:23,0,0,0,0,0,91.68766,8.312343,0,0
2022-06-17 02:00:22,0,0,0,0,0,91,9,0,0
2022-06-17 02:00:21,0,0,0,0,0,88.2793,11.471322,0.2493766,0
2022-06-17 02:00:20,0,0,0,0,0,89.75,10,0.25,0
2022-06-17 02:00:19,0,0,0,0,0,88.97243,11.027569,0,0
2022-06-17 02:00:18,0,0,0,0,0,87.78055,12.219451,0,0
2022-06-17 02:00:17,0,0,0,0,0,54.13534,45.86466,0,0
2022-06-17 02:00:16,0,0,3.712871,0.2475248,0,57.67327,37.62376,0,0
2022-06-17 02:00:15,0,0,9.319899,0,0,60.4534,29.47103,0.2518892,0
2022-06-17 02:00:14,0,0,1.2468828,0,0,79.55112,18.20449,0,0
2022-06-17 02:00:13,0,0,0,0,0,90.72682,9.022556,0.2506266,0
2022-06-17 02:00:12,0,0,0.2493766,0,0,90.27431,9.476309,0,0
2022-06-17 02:00:11,0,0,0,0,0,88.7218,11.027569,0.2506266,0
2022-06-17 02:00:10,0,0,0,0,0,90.5,9.5,0,0
2022-06-17 02:00:09,0,0,0,0,0,88.5,11.25,0.25,0
2022-06-17 02:00:08,0,0,0,0,0,89.25,10.75,0,0
2022-06-17 02:00:07,0,0,0,0,0,48.5,51.5,0,0
2022-06-17 02:00:06,0,0,4.5,0.25,0,61,32.5,0.25,0
2022-06-17 02:00:05,0,0,8.188586,0.7444169,0,55.33499,31.26551,0.248139,0.4962779
2022-06-17 02:00:04,0,0,1.4962594,0.2493766,0,83.04239,14.962594,0,0
2022-06-17 02:00:03,0,0,0,0,0,89.72431,9.774436,0.2506266,0
2022-06-17 02:00:02,0,0,0,0,0,89.5,10.5,0,0
2022-06-17 02:00:01,0,0,0,0,0,88.97243,10.776942,0.2506266,0
2022-06-17 02:00:00,0,0,0,0,0,90,9.75,0.25,0
2022-06-17 01:59:59,0,0,0,0,0,89,11,0,0
2022-06-17 01:59:58,0,0,0.5,0,0,87.25,12,0.25,0
2022-06-17 01:59:57,0,0,0,0,0,46.25,53.75,0,0
2022-06-17 01:59:56,0,0,5.459057,0.4962779,0,63.77171,29.52854,0.4962779,0
2022-06-17 01:59:55,0,0,8.25,0,0,60,30,0.25,0.25
2022-06-17 01:59:54,0,0,0.7462687,0.2487562,0,87.31343,11.19403,0,0
2022-06-17 01:59:53,0,0,0,0,0,88.94472,10.80402,0.2512563,0
2022-06-17 01:59:52,0,0,0,0,0,88.97243,11.027569,0,0
2022-06-17 01:59:51,0,0,0,0,0,89.25,10.75,0,0
2022-06-17 01:59:50,0,0,0,0,0,90.75,9,0.25,0
2022-06-17 01:59:49,0,0,0,0,0,88.97243,11.027569,0,0
2022-06-17 01:59:48,0,0,0,0,0,81.29676,18.45387,0.2493766,0
2022-06-17 01:59:47,0,0,0.2493766,0,0,50.87282,48.87781,0,0
2022-06-17 01:59:46,0,0,6.733167,0.4987531,0,60.84788,29.42643,0,0.4987531
2022-06-17 01:59:45,0,0,7.25,0,0,62.75,29,0.25,0
2022-06-17 01:59:44,0,0,0.2518892,0,0,89.16877,10.579345,0,0
2022-06-17 01:59:43,0,0,0.2493766,0,0,88.02993,11.720698,0,0
2022-06-17 01:59:42,0,0,0,0,0,89.22306,10.526316,0.2506266,0
2022-06-17 01:59:41,0,0,0,0,0,91,9,0,0
2022-06-17 01:59:40,0,0,0,0,0,90.52369,9.226933,0,0
2022-06-17 01:59:39,0,0,0,0,0,88.22055,11.779449,0,0
2022-06-17 01:59:38,0,0,0,0,0,77.75,22,0.25,0
2022-06-17 01:59:37,0,0,0.5,0,0,49.5,50,0,0
2022-06-17 01:59:36,0,0,7.960199,0.4975124,0,62.43781,25.87065,0.2487562,0.2487562
2022-06-17 01:59:35,0,0,6.297229,0,0,61.71285,30.73048,0.5037783,0
2022-06-17 01:59:34,0,0,0,0,0,92.5187,7.23192,0.2493766,0
2022-06-17 01:59:33,0,0,0.2506266,0,0,88.97243,10.526316,0.2506266,0
2022-06-17 01:59:32,0,0,0,0,0,89,10.75,0.25,0
2022-06-17 01:59:31,0,0,0,0,0,90.22556,9.774436,0,0
2022-06-17 01:59:30,0,0,0,0,0,89.77556,10.224439,0,0
2022-06-17 01:59:29,0,0,0,0,0,87.7193,12.030075,0.2506266,0
2022-06-17 01:59:28,0,0,0,0,0,74.75,25.25,0,0
2022-06-17 01:59:27,0,0,0.2487562,0,0,44.77612,54.72637,0.2487562,0
2022-06-17 01:59:26,0,0,9.25,0.5,0,66.5,22,0.5,0
2022-06-17 01:59:25,0,0,4.773869,0.5025126,0,63.56784,29.39698,0.2512563,0.2512563
2022-06-17 01:59:24,0,0,0,0,0,93.96985,6.030151,0,0
2022-06-17 01:59:23,0,0,0.25,0,0,85,14.5,0.25,0
2022-06-17 01:59:22,0,0,0,0,0,90.25,9.75,0,0
2022-06-17 01:59:21,0,0,0,0,0,92.5,7.25,0.25,0
2022-06-17 01:59:20,0,0,0,0,0,90,10,0,0
2022-06-17 01:59:19,0,0,0,0,0,88.02993,11.720698,0.2493766,0
2022-06-17 01:59:18,0,0,0,0,0,69.17293,30.82707,0,0
2022-06-17 01:59:17,0,0,0.9925558,0,0,49.37965,49.13151,0,0
2022-06-17 01:59:16,0,0,10.10101,0.5050505,0,64.89899,22.9798,0.2525253,0
2022-06-17 01:59:15,0,0,3.5,0,0,69,26.75,0.25,0
2022-06-17 01:59:14,0,0,0,0,0,94.98747,4.511278,0.5012531,0
2022-06-17 01:59:13,0,0,0,0,0,86.96742,13.032581,0,0
2022-06-17 01:59:12,0,0,0,0,0,90.52369,9.226933,0.2493766,0
2022-06-17 01:59:11,0,0,0,0,0,93.23308,6.766917,0,0
2022-06-17 01:59:10,0,0,0.2493766,0,0,87.78055,11.970075,0,0
2022-06-17 01:59:09,0,0,0,0,0,88.77805,10.972569,0.2493766,0
2022-06-17 01:59:08,0,0,0,0,0,63.65915,36.09023,0.2506266,0
2022-06-17 01:59:07,0,0,1,0.25,0,51.25,46.5,0,0
2022-06-17 01:59:06,0,0,10.421836,0.4962779,0,64.51613,20.84367,0.248139,0.4962779
2022-06-17 01:59:05,0,0,3.258145,0,0,68.67168,27.3183,0.5012531,0
2022-06-17 01:59:04,0,0,0,0,0,94.72362,5.276382,0,0
2022-06-17 01:59:03,0,0,0,0,0,86.28429,13.216958,0.2493766,0
2022-06-17 01:59:02,0,0,0,0,0,90.45226,9.547739,0,0
2022-06-17 01:59:01,0,0,0.2493766,0,0,91.5212,8.229426,0,0
2022-06-17 01:59:00,0,0,0,0,0,86.78304,13.216958,0,0
2022-06-17 01:58:59,0,0,0,0,0,88.25,11.5,0.25,0
2022-06-17 01:58:58,0,0,0.2506266,0,0,62.15539,37.59398,0,0
2022-06-17 01:58:57,0,0,2.233251,0,0,53.10174,44.16873,0.248139,0
2022-06-17 01:58:56,0,0,10.275689,0.7518797,0,64.41103,22.80702,0.2506266,0
2022-06-17 01:58:55,0,0,2.255639,0,0,69.92481,27.06767,0.2506266,0.2506266
2022-06-17 01:58:54,0,0,0,0,0,95,4.5,0.25,0
2022-06-17 01:58:53,0,0,0,0,0,86.75,13.25,0,0
2022-06-17 01:58:52,0,0,0,0,0,90.72682,9.273183,0,0
2022-06-17 01:58:51,0,0,0,0,0,91.5,8.5,0,0
2022-06-17 01:58:50,0,0,0,0,0,88.77805,10.972569,0.2493766,0
2022-06-17 01:58:49,0,0,0,0,0,91.20603,8.79397,0,0
2022-06-17 01:58:48,0,0,0,0,0,59.5,40.5,0,0
2022-06-17 01:58:47,0,0,2.238806,0,0,53.73134,43.03483,0,0
2022-06-17 01:58:46,0,0,10.224439,0.2493766,0,63.09227,23.69077,0.4987531,0
2022-06-17 01:58:45,0,0,2.25,0,0,70,26.75,0.25,0
2022-06-17 01:58:44,0,0,0,0,0,93.71859,6.281407,0,0
2022-06-17 01:58:43,0,0,0,0,0,86.96742,13.032581,0,0
2022-06-17 01:58:42,0,0,0,0,0,90.25,9.75,0,0
2022-06-17 01:58:41,0,0,0.2493766,0,0,90.77307,8.72818,0.2493766,0
2022-06-17 01:58:40,0,0,0,0,0,87,13,0,0
2022-06-17 01:58:39,0,0,0,0,0,87.5,12.5,0,0
2022-06-17 01:58:38,0,0,0,0,0,58,41.75,0.25,0
2022-06-17 01:58:37,0,0,2.729529,0.248139,0,54.09429,42.18362,0,0
2022-06-17 01:58:36,0,0,10.669975,0.4962779,0,65.50868,21.58809,0.4962779,0.248139
2022-06-17 01:58:35,0,0,1.5037594,0,0,71.6792,26.31579,0,0
2022-06-17 01:58:34,0,0,0,0,0,93.46734,6.532663,0,0
2022-06-17 01:58:33,0,0,0,0,0,88,12,0,0
2022-06-17 01:58:32,0,0,0.2493766,0,0,88.2793,10.972569,0.2493766,0
2022-06-17 01:58:31,0,0,0,0,0,93.01746,6.982544,0,0
2022-06-17 01:58:30,0,0,0,0,0,88.44221,11.557789,0,0
2022-06-17 01:58:29,0,0,0,0,0,90.5,9.5,0,0
2022-06-17 01:58:28,0,0,0,0,0,53.36658,46.38404,0.2493766,0
2022-06-17 01:58:27,0,0,3.491272,0.2493766,0,56.3591,38.40399,0,0.2493766
2022-06-17 01:58:26,0,0,10.327456,0.5037783,0,63.47607,22.16625,0.2518892,0.2518892
2022-06-17 01:58:25,0,0,0.9950249,0,0,74.12935,23.38308,0.2487562,0.2487562
2022-06-17 01:58:24,0,0,0,0,0,92.71357,7.286432,0,0
2022-06-17 01:58:23,0,0,0.2493766,0,0,86.53367,12.967581,0.2493766,0
2022-06-17 01:58:22,0,0,0,0,0,89,11,0,0
2022-06-17 01:58:21,0,0,0,0,0,91.70854,8.291457,0,0
2022-06-17 01:58:20,0,0,0,0,0,89.30348,10.447761,0.2487562,0
2022-06-17 01:58:19,0,0,0,0,0,88.97243,11.027569,0,0
2022-06-17 01:58:18,0,0,0,0,0,54.36409,45.38653,0.2493766,0
2022-06-17 01:58:17,0,0,4,0,0,59.25,36,0,0
2022-06-17 01:58:16,0,0,10.199005,0.2487562,0,66.41791,20.89552,0,0.2487562
2022-06-17 01:58:15,0,0,0.5,0,0,76.5,22.25,0.5,0
2022-06-17 01:58:14,0,0,0,0,0,91.64557,8.35443,0,0
2022-06-17 01:58:13,0,0,0.248139,0,0,88.83375,10.918114,0,0
2022-06-17 01:58:12,0,0,0,0,0,86.5,13.25,0.25,0
2022-06-17 01:58:11,0,0,0,0,0,91.72932,8.270677,0,0
2022-06-17 01:58:10,0,0,0,0,0,89.75,10,0.25,0
2022-06-17 01:58:09,0,0,0,0,0,88.52868,11.221945,0.2493766,0
2022-06-17 01:58:08,0,0,0,0,0,47.11779,52.88221,0,0
2022-06-17 01:58:07,0,0,4.466501,0.248139,0,60.29777,33.25062,0.248139,0
2022-06-17 01:58:06,0,0,8.977556,0.2493766,0,61.84539,27.6808,0,0.2493766
2022-06-17 01:58:05,0,0,0.2487562,0,0,83.83085,14.676617,0.2487562,0.2487562
2022-06-17 01:58:04,0,0,0.2506266,0,0,88.97243,10.526316,0.2506266,0
2022-06-17 01:58:03,0,0,0,0,0,90.22556,9.774436,0,0
2022-06-17 01:58:02,0,0,0,0,0,89.27681,10.723192,0,0
2022-06-17 01:58:01,0,0,0,0,0,92.23058,7.769424,0,0
2022-06-17 01:58:00,0,0,0,0,0,87.25,12.75,0,0
2022-06-17 01:57:59,0,0,0,0,0,88.25,11.5,0.25,0
2022-06-17 01:57:58,0,0,0.4987531,0,0,48.12968,51.12219,0.2493766,0
2022-06-17 01:57:57,0,0,4.987531,0.2493766,0,61.59601,32.16958,0,0
2022-06-17 01:57:56,0,0,9,0.5,0,59.75,29,0.25,0
2022-06-17 01:57:55,0,0,0.2512563,0,0,85.92965,13.065327,0,0
2022-06-17 01:57:54,0,0,0.25,0,0,89.5,10.25,0,0
2022-06-17 01:57:53,0,0,0,0,0,87.5,12.25,0.25,0
2022-06-17 01:57:52,0,0,0,0,0,90.25,9.75,0,0
2022-06-17 01:57:51,0,0,0,0,0,92.25,7.5,0.25,0
2022-06-17 01:57:50,0,0,0,0,0,89.27681,10.473815,0.2493766,0
2022-06-17 01:57:49,0,0,0,0,0,82.5,17.5,0,0
2022-06-17 01:57:48,0,0,0.25,0,0,51.75,48,0,0
2022-06-17 01:57:47,0,0,7.26817,0.2506266,0,61.15288,30.57644,0,0
2022-06-17 01:57:46,0,0,7.017544,0.5012531,0,65.41353,26.06516,0.2506266,0
2022-06-17 01:57:45,0,0,0.4987531,0,0,88.52868,9.975062,0.2493766,0.2493766
2022-06-17 01:57:44,0,0,0,0,0,87.96992,11.779449,0.2506266,0
2022-06-17 01:57:43,0,0,0,0,0,88.5,11.5,0,0
2022-06-17 01:57:42,0,0,0,0,0,89.25,10.75,0,0
2022-06-17 01:57:41,0,0,0,0,0,91.75,8,0.25,0
2022-06-17 01:57:40,0,0,0.25,0,0,88.75,11,0,0
2022-06-17 01:57:39,0,0,0,0,0,79.25,20.75,0,0
2022-06-17 01:57:38,0,0,0,0,0,49.25,50.75,0,0
2022-06-17 01:57:37,0,0,7.730673,0,0,61.84539,26.43392,0.2493766,0
2022-06-17 01:57:36,0,0,7.052897,0.2518892,0,61.96474,29.97481,0,0
2022-06-17 01:57:35,0,0,0,0,0,90.02494,9.725686,0.2493766,0
2022-06-17 01:57:34,0,0,0.25,0,0,87.5,12,0,0
2022-06-17 01:57:33,0,0,0,0,0,88.75,11,0.25,0
2022-06-17 01:57:32,0,0,0,0,0,90.5,9.5,0,0
2022-06-17 01:57:31,0,0,0,0,0,89.47368,10.526316,0,0
2022-06-17 01:57:30,0,0,0,0,0,88,12,0,0
2022-06-17 01:57:29,0,0,0,0,0,76.30923,23.4414,0.2493766,0
2022-06-17 01:57:28,0,0,0.2512563,0,0,47.73869,52.01005,0,0
2022-06-17 01:57:27,0,0,8.457711,0.2487562,0,60.94527,28.10945,0,0
2022-06-17 01:57:26,0,0,6.265664,0.2506266,0,63.40852,27.81955,0.2506266,0.2506266
2022-06-17 01:57:25,0,0,0,0,0,93.23308,6.516291,0.2506266,0
2022-06-17 01:57:24,0,0,0,0,0,87.5,12.5,0,0
2022-06-17 01:57:23,0,0,0,0,0,89.25,10.5,0,0
2022-06-17 01:57:22,0,0,0,0,0,89.5,10.25,0.25,0
2022-06-17 01:57:21,0,0,0,0,0,88.52868,11.221945,0.2493766,0
2022-06-17 01:57:20,0,0,0,0,0,90.25,9.75,0,0
2022-06-17 01:57:19,0,0,0,0,0,76.4411,23.5589,0,0
2022-06-17 01:57:18,0,0,0.2493766,0,0,45.63591,53.86534,0.2493766,0
2022-06-17 01:57:17,0,0,8.977556,0.2493766,0,65.08728,21.44638,0,0.2493766
2022-06-17 01:57:16,0,0,5.185185,0.2469136,0,59.25926,31.85185,0.2469136,0.2469136
2022-06-17 01:57:15,0,0,0,0,0,95.22613,4.522613,0.2512563,0
2022-06-17 01:57:14,0,0,0.2493766,0,0,87.03242,12.468828,0.2493766,0
2022-06-17 01:57:13,0,0,0,0,0,86.75,13.25,0,0
2022-06-17 01:57:12,0,0,0,0,0,91.75,8,0.25,0
2022-06-17 01:57:11,0,0,0,0,0,91,9,0,0
2022-06-17 01:57:10,0,0,0,0,0,88.97243,11.027569,0,0
2022-06-17 01:57:09,0,0,0,0,0,71.57107,28.17955,0.2493766,0
2022-06-17 01:57:08,0,0,0.25,0.25,0,48.5,50.75,0,0
2022-06-17 01:57:07,0,0,9.405941,0,0,67.07921,20.0495,0.2475248,0.2475248
2022-06-17 01:57:06,0,0,4.5,0.25,0,66,28.25,0,0
2022-06-17 01:57:05,0,0,0,0,0,92.73183,6.766917,0.2506266,0
2022-06-17 01:57:04,0,0,0,0,0,86.68342,13.316583,0,0
2022-06-17 01:57:03,0,0,0,0,0,87.03242,12.718204,0.2493766,0
2022-06-17 01:57:02,0,0,0,0,0,91,9,0,0
2022-06-17 01:57:01,0,0,0.25,0,0,87.25,12.5,0,0
2022-06-17 01:57:00,0,0,0,0,0,89.77556,9.975062,0.2493766,0
2022-06-17 01:56:59,0,0,0,0,0,65.66416,34.33584,0,0
2022-06-17 01:56:58,0,0,1.4962594,0.2493766,0,49.87531,48.12968,0,0
2022-06-17 01:56:57,0,0,10.050251,0.5025126,0,65.07538,22.36181,0.2512563,0.2512563
2022-06-17 01:56:56,0,0,3.5,0.75,0,68.5,26.25,0.25,0
2022-06-17 01:56:55,0,0,0,0,0,94.73684,5.012531,0.2506266,0
2022-06-17 01:56:54,0,0,0,0,0,87.7193,12.030075,0.2506266,0
2022-06-17 01:56:53,0,0,0,0,0,90.25,9.5,0.25,0
2022-06-17 01:56:52,0,0,0,0,0,92.73183,7.26817,0,0
2022-06-17 01:56:51,0,0,0,0,0,88.02993,11.720698,0.2493766,0
2022-06-17 01:56:50,0,0,0,0,0,88.75,11.25,0,0
2022-06-17 01:56:49,0,0,0,0,0,61.75,38,0.25,0
2022-06-17 01:56:48,0,0,1.4962594,0,0,50.37406,46.13466,0,0
2022-06-17 01:56:47,0,0,9.950249,0.2487562,0,63.93035,21.64179,0.4975124,0
2022-06-17 01:56:46,0,0,2.736318,0,0,68.90547,27.11443,0,0.2487562
2022-06-17 01:56:45,0,0,0,0,0,94.97487,5.025126,0,0
2022-06-17 01:56:44,0,0,0,0,0,86.03491,13.466334,0.2493766,0
2022-06-17 01:56:43,0,0,0,0,0,90.22556,9.774436,0,0
2022-06-17 01:56:42,0,0,0,0,0,90.5,9.25,0.25,0
2022-06-17 01:56:41,0,0,0.2493766,0,0,87.2818,12.468828,0,0
2022-06-17 01:56:40,0,0,0,0,0,89.75,10.25,0,0
2022-06-17 01:56:39,0,0,0,0,0,60.75,39,0.25,0
2022-06-17 01:56:38,0,0,2.493766,0.2493766,0,54.61347,42.14464,0.2493766,0
2022-06-17 01:56:37,0,0,9.975062,0.9975062,0,64.08978,21.44638,0,0.2493766
2022-06-17 01:56:36,0,0,2.005013,0,0,72.93233,24.81203,0,0
2022-06-17 01:56:35,0,0,0,0,0,92.73183,7.26817,0,0
2022-06-17 01:56:34,0,0,0,0,0,87.21805,12.781955,0,0
2022-06-17 01:56:33,0,0,0,0,0,87.53117,12.219451,0.2493766,0
2022-06-17 01:56:32,0,0,0,0,0,92.25,7.5,0.25,0
2022-06-17 01:56:31,0,0,0,0,0,89.47368,10.526316,0,0
2022-06-17 01:56:30,0,0,0,0,0,89.47368,10.526316,0,0
2022-06-17 01:56:29,0,0,0,0,0,52.61845,47.13217,0.2493766,0
2022-06-17 01:56:28,0,0,3.722084,0.248139,0,57.56824,36.9727,0,0.248139
2022-06-17 01:56:27,0,0,9.452736,0.2487562,0,66.16915,21.64179,0.2487562,0
2022-06-17 01:56:26,0,0,0.4987531,0,0,77.05736,21.69576,0.2493766,0.2493766
2022-06-17 01:56:25,0,0,0,0,0,92.71357,7.286432,0,0
2022-06-17 01:56:24,0,0,0.25,0,0,87.5,12.25,0,0
2022-06-17 01:56:23,0,0,0,0,0,89.5,10.25,0.25,0
2022-06-17 01:56:22,0,0,0,0,0,94,6,0,0
2022-06-17 01:56:21,0,0,0,0,0,88.75,11.25,0,0
2022-06-17 01:56:20,0,0,0,0,0,88,11.75,0.25,0
2022-06-17 01:56:19,0,0,0,0,0,51.75,48.25,0,0
2022-06-17 01:56:18,0,0,4.218362,0.248139,0,58.80893,35.73201,0.248139,0
2022-06-17 01:56:17,0,0,9.319899,0.5037783,0,60.95718,26.95214,0.2518892,0.2518892
2022-06-17 01:56:16,0,0,0.7462687,0,0,81.59204,17.41294,0,0
2022-06-17 01:56:15,0,0,0,0,0,90.88608,8.860759,0.2531646,0
2022-06-17 01:56:14,0,0,0,0,0,89.30348,10.696517,0,0
2022-06-17 01:56:13,0,0,0,0,0,88.77805,11.221945,0,0
2022-06-17 01:56:12,0,0,0,0,0,92.5,7.25,0.25,0
2022-06-17 01:56:11,0,0,0,0,0,90.25,9.75,0,0
2022-06-17 01:56:10,0,0,0,0,0,88.75,11.25,0,0
2022-06-17 01:56:09,0,0,0,0,0,42,57.75,0.25,0
2022-06-17 01:56:08,0,0,5,0.25,0,61,31.75,0,0
2022-06-17 01:56:07,0,0,8.955224,0.2487562,0,55.97015,32.83582,0.2487562,0
2022-06-17 01:56:06,0,0,0.5,0,0,86.25,12.5,0.25,0
2022-06-17 01:56:05,0,0,0.2512563,0,0,91.70854,8.040201,0,0
2022-06-17 01:56:04,0,0,0,0,0,89.75,10,0.25,0
2022-06-17 01:56:03,0,0,0.2493766,0,0,86.03491,13.466334,0.2493766,0
2022-06-17 01:56:02,0,0,0,0,0,91.27182,8.478803,0.2493766,0
2022-06-17 01:56:01,0,0,0,0,0,90.5,9.5,0,0
2022-06-17 01:56:00,0,0,0,0,0,87.43719,12.562814,0,0
2022-06-17 01:55:59,0,0,0,0,0,43.89027,55.86035,0.2493766,0
2022-06-17 01:55:58,0,0,6.683168,0.4950495,0,64.60396,25.74257,0.2475248,0.2475248
2022-06-17 01:55:57,0,0,7.462687,0.2487562,0,57.46269,31.8408,0.2487562,0
2022-06-17 01:55:56,0,0,0.25,0,0,89.75,9.75,0,0
2022-06-17 01:55:55,0,0,0.2512563,0,0,88.94472,10.80402,0,0
2022-06-17 01:55:54,0,0,0,0,0,89.97494,10.025063,0,0
2022-06-17 01:55:53,0,0,0,0,0,89.27681,10.473815,0.2493766,0
2022-06-17 01:55:52,0,0,0,0,0,90,10,0,0
2022-06-17 01:55:51,0,0,0,0,0,89.22306,10.776942,0,0
2022-06-17 01:55:50,0,0,0,0,0,81.25,18.5,0.25,0
2022-06-17 01:55:49,0,0,0,0,0,42.89277,57.10723,0,0
2022-06-17 01:55:48,0,0,6.766917,0,0,64.41103,26.06516,0.2506266,0
2022-06-17 01:55:47,0,0,7.19603,0.4962779,0,60.54591,28.28784,0.248139,0.248139
2022-06-17 01:55:46,0,0,0,0,0,90.97744,9.022556,0,0
2022-06-17 01:55:45,0,0,0,0,0,88.22055,11.779449,0,0
2022-06-17 01:55:44,0,0,0,0,0,88.52868,11.221945,0.2493766,0
2022-06-17 01:55:43,0,0,0,0,0,90.72682,9.273183,0,0
2022-06-17 01:55:42,0,0,0,0,0,89.27681,10.473815,0.2493766,0
2022-06-17 01:55:41,0,0,0,0,0,89.75,10.25,0,0
2022-06-17 01:55:40,0,0,0,0,0,74.18546,25.81454,0,0
2022-06-17 01:55:39,0,0,0.9950249,0,0,49.75124,49.00498,0,0
2022-06-17 01:55:38,0,0,8.229426,0.4987531,0,61.34663,27.43142,0,0.2493766
2022-06-17 01:55:37,0,0,5.793451,0,0,61.20907,31.48615,0,0.2518892
2022-06-17 01:55:36,0,0,0,0,0,91.54229,8.208955,0.2487562,0
2022-06-17 01:55:35,0,0,0,0,0,89.67254,10.327456,0,0
2022-06-17 01:55:34,0,0,0,0,0,89.77556,9.975062,0.2493766,0
2022-06-17 01:55:33,0,0,0,0,0,90,10,0,0
2022-06-17 01:55:32,0,0,0,0,0,89.5,10.5,0,0
2022-06-17 01:55:31,0,0,0,0,0,89.22306,10.776942,0,0
2022-06-17 01:55:30,0,0,0,0,0,67.58105,32.16958,0.2493766,0
2022-06-17 01:55:29,0,0,1.745636,0,0,48.37905,48.62843,0,0
2022-06-17 01:55:28,0,0,9,0.25,0,64,23.75,0.25,0.25
2022-06-17 01:55:27,0,0,4.25,0,0,65.75,29,0.25,0
2022-06-17 01:55:26,0,0,0,0,0,93.96985,6.030151,0,0
2022-06-17 01:55:25,0,0,0.2493766,0,0,87.03242,12.468828,0.2493766,0
2022-06-17 01:55:24,0,0,0,0,0,91.5,8.25,0.25,0
2022-06-17 01:55:23,0,0,0,0,0,91,9,0,0
2022-06-17 01:55:22,0,0,0,0,0,88.5,11.5,0,0
2022-06-17 01:55:21,0,0,0,0,0,91.25,8.5,0.25,0
2022-06-17 01:55:20,0,0,0,0,0,66,34,0,0
2022-06-17 01:55:19,0,0,1.741294,0.2487562,0,50.49751,46.0199,0,0
2022-06-17 01:55:18,0,0,9.452736,0.2487562,0,68.1592,21.14428,0.2487562,0.2487562
2022-06-17 01:55:17,0,0,3.258145,0,0,68.42105,26.81704,0,0
2022-06-17 01:55:16,0,0,0,0,0,93.98496,5.764411,0.2506266,0
2022-06-17 01:55:15,0,0,0,0,0,86.25,13.5,0,0
2022-06-17 01:55:14,0,0,0,0,0,90.5,9.25,0.25,0
2022-06-17 01:55:13,0,0,0,0,0,91.77057,7.98005,0.2493766,0
2022-06-17 01:55:12,0,0,0,0,0,88.7218,11.278195,0,0
2022-06-17 01:55:11,0,0,0,0,0,87.25,12.5,0.25,0
2022-06-17 01:55:10,0,0,0,0,0,65.75,34.25,0,0
2022-06-17 01:55:09,0,0,1.736973,0,0,50.86849,46.65012,0,0
2022-06-17 01:55:08,0,0,9.950249,0.4975124,0,67.16418,20.89552,0.2487562,0.2487562
2022-06-17 01:55:07,0,0,2.756892,0,0,68.17043,27.81955,0,0
2022-06-17 01:55:06,0,0,0.2506266,0,0,93.23308,6.265664,0.2506266,0
2022-06-17 01:55:05,0,0,0,0,0,88.25,11.5,0.25,0
2022-06-17 01:55:04,0,0,0,0,0,90.72682,9.273183,0,0
2022-06-17 01:55:03,0,0,0,0,0,90,9.75,0.25,0
2022-06-17 01:55:02,0,0,0,0,0,88.02993,11.970075,0,0
2022-06-17 01:55:01,0,0,0,0,0,89.47368,10.526316,0,0
2022-06-17 01:55:00,0,0,0,0,0,59.25,40.75,0,0
2022-06-17 01:54:59,0,0,2.487562,0,0,53.73134,42.0398,0.2487562,0
2022-06-17 01:54:58,0,0,9.975062,0.2493766,0,65.33666,21.69576,0.2493766,0.2493766
2022-06-17 01:54:57,0,0,2.005013,0.2506266,0,70.42607,25.81454,0,0.2506266
2022-06-17 01:54:56,0,0,0,0,0,93.23308,6.516291,0.2506266,0
2022-06-17 01:54:55,0,0,0.25,0,0,86,13.75,0,0
2022-06-17 01:54:54,0,0,0,0,0,89.02743,10.723192,0.2493766,0
2022-06-17 01:54:53,0,0,0,0,0,90.97744,9.022556,0,0
2022-06-17 01:54:52,0,0,0,0,0,87.25,12.75,0,0
2022-06-17 01:54:51,0,0,0,0,0,89.5,10.25,0.25,0
2022-06-17 01:54:50,0,0,0,0,0,56.75,43.25,0,0
2022-06-17 01:54:49,0,0,2.736318,0,0,57.46269,38.30846,0.2487562,0.4975124
2022-06-17 01:54:48,0,0,10.275689,0.7518797,0,66.41604,20.30075,0,0.2506266
2022-06-17 01:54:47,0,0,1.5,0,0,71,26.75,0,0
2022-06-17 01:54:46,0,0,0.2512563,0,0,93.46734,6.030151,0.2512563,0
2022-06-17 01:54:45,0,0,0,0,0,86.96742,12.781955,0.2506266,0
2022-06-17 01:54:44,0,0,0,0,0,89.27681,10.473815,0.2493766,0
2022-06-17 01:54:43,0,0,0,0,0,92,8,0,0
2022-06-17 01:54:42,0,0,0.25,0,0,88.5,11,0.25,0
2022-06-17 01:54:41,0,0,0,0,0,88.77805,10.972569,0.2493766,0
2022-06-17 01:54:40,0,0,0,0,0,59.3985,40.6015,0,0
2022-06-17 01:54:39,0,0,2.493766,0,0,57.10723,39.15212,0,0
2022-06-17 01:54:38,0,0,10.301508,0,0,64.82412,22.36181,0.2512563,0
2022-06-17 01:54:37,0,0,1.4962594,0,0,71.57107,25.93516,0,0.2493766
2022-06-17 01:54:36,0,0,0.2512563,0,0,93.46734,6.281407,0,0
2022-06-17 01:54:35,0,0,0,0,0,86.46617,13.283208,0.2506266,0
2022-06-17 01:54:34,0,0,0,0,0,90.27431,9.476309,0.2493766,0
2022-06-17 01:54:33,0,0,0,0,0,91.4787,8.521303,0,0
2022-06-17 01:54:32,0,0,0,0,0,88,12,0,0
2022-06-17 01:54:31,0,0,0,0,0,89.5,10.5,0,0
2022-06-17 01:54:30,0,0,0.25,0,0,49.5,50,0.25,0
2022-06-17 01:54:29,0,0,3.233831,0,0,59.20398,35.57214,0.2487562,0
2022-06-17 01:54:28,0,0,10.025063,0.2506266,0,63.15789,23.30827,0.2506266,0.5012531
2022-06-17 01:54:27,0,0,0.7518797,0,0,77.19298,21.30326,0,0.2506266
2022-06-17 01:54:26,0,0,0.2512563,0,0,91.20603,8.542714,0,0
2022-06-17 01:54:25,0,0,0.2493766,0,0,88.52868,10.723192,0.2493766,0
2022-06-17 01:54:24,0,0,0,0,0,90.02494,9.975062,0,0
2022-06-17 01:54:23,0,0,0,0,0,93.01746,6.733167,0.2493766,0
2022-06-17 01:54:22,0,0,0,0,0,89.47368,10.526316,0,0
2022-06-17 01:54:21,0,0,0,0,0,87.7193,12.030075,0.2506266,0
2022-06-17 01:54:20,0,0,0,0,0,50.5,49.5,0,0
2022-06-17 01:54:19,0,0,3.9801,0,0,61.19403,32.83582,0,0
2022-06-17 01:54:18,0,0,9.823678,0.5037783,0,62.46851,23.92947,0.5037783,0.7556675
2022-06-17 01:54:17,0,0,0.4962779,0,0,79.15633,20.34739,0,0
2022-06-17 01:54:16,0,0,0,0,0,90.45226,9.547739,0,0
2022-06-17 01:54:15,0,0,0.25,0,0,89.75,9.75,0.25,0
2022-06-17 01:54:14,0,0,0,0,0,87.2818,12.718204,0,0
2022-06-17 01:54:13,0,0,0,0,0,91.4787,8.521303,0,0
2022-06-17 01:54:12,0,0,0,0,0,89.52618,10.224439,0.2493766,0
2022-06-17 01:54:11,0,0,0,0,0,88.97243,11.027569,0,0
2022-06-17 01:54:10,0,0,0.5012531,0,0,44.11028,55.13784,0,0
2022-06-17 01:54:09,0,0,4.70297,0,0,60.39604,32.67327,0.2475248,0
2022-06-17 01:54:08,0,0,9.25,0.25,0,56.75,32.5,0.25,0
2022-06-17 01:54:07,0,0,0.7518797,0,0,87.21805,11.528822,0.2506266,0
2022-06-17 01:54:06,0,0,0,0,0,91.22807,8.521303,0.2506266,0
2022-06-17 01:54:05,0,0,0,0,0,89.47368,10.526316,0,0
2022-06-17 01:54:04,0,0,0,0,0,88.2793,11.471322,0.2493766,0
2022-06-17 01:54:03,0,0,0,0,0,90.97744,9.022556,0,0
2022-06-17 01:54:02,0,0,0,0,0,90.47619,9.52381,0,0
2022-06-17 01:54:01,0,0,0.2487562,0,0,86.56716,12.935323,0.2487562,0
2022-06-17 01:54:00,0,0,0,0,0,48.75,51,0.25,0
2022-06-17 01:53:59,0,0,5.75,0,0,62.75,30.25,0,0
2022-06-17 01:53:58,0,0,8.108108,0.2457002,0,57.49386,29.48403,0.2457002,1.2285012
2022-06-17 01:53:57,0,0,1.0025063,0,0,87.46867,11.027569,0.2506266,0
2022-06-17 01:53:56,0,0,0.2518892,0,0,90.6801,9.06801,0,0
2022-06-17 01:53:55,0,0,0,0,0,90.27431,9.476309,0.2493766,0
2022-06-17 01:53:54,0,0,0,0,0,89.5,10.5,0,0
2022-06-17 01:53:53,0,0,0,0,0,88.97243,11.027569,0,0
2022-06-17 01:53:52,0,0,0,0,0,88.75,11.25,0,0
2022-06-17 01:53:51,0,0,0,0,0,81.75,18,0.25,0
2022-06-17 01:53:50,0,0,0.4987531,0,0,49.62594,49.62594,0.2493766,0
2022-06-17 01:53:49,0,0,6.699752,0,0,59.55335,30.02481,0,0
2022-06-17 01:53:48,0,0,7.5,0.5,0,62.75,28.75,0.25,0
2022-06-17 01:53:47,0,0,0,0,0,89.5,10.25,0.25,0
2022-06-17 01:53:46,0,0,0.2512563,0,0,88.19095,11.557789,0,0
2022-06-17 01:53:45,0,0,0,0,0,88.2793,11.471322,0.2493766,0
2022-06-17 01:53:44,0,0,0,0,0,90.97744,9.022556,0,0
2022-06-17 01:53:43,0,0,0,0,0,89.22306,10.776942,0,0
2022-06-17 01:53:42,0,0,0.2487562,0,0,90.04975,9.701493,0,0
2022-06-17 01:53:41,0,0,0,0,0,78.19549,21.80451,0,0
2022-06-17 01:53:40,0,0,0.4987531,0,0,46.13466,52.86783,0.2493766,0
2022-06-17 01:53:39,0,0,7.769424,0.2506266,0,63.15789,24.06015,0,0
2022-06-17 01:53:38,0,0,6.234414,0.4987531,0,61.59601,29.92519,0,0.2493766
2022-06-17 01:53:37,0,0,0.2506266,0,0,91.4787,8.02005,0.2506266,0
2022-06-17 01:53:36,0,0,0,0,0,87.96992,11.779449,0,0
2022-06-17 01:53:35,0,0,0,0,0,89.52618,9.975062,0.4987531,0
2022-06-17 01:53:34,0,0,0.25,0,0,90.5,9.25,0,0
2022-06-17 01:53:33,0,0,0,0,0,88,12,0,0
2022-06-17 01:53:32,0,0,0,0,0,87.96992,12.030075,0,0
2022-06-17 01:53:31,0,0,0,0,0,77.05736,22.69327,0.2493766,0
2022-06-17 01:53:30,0,0,0,0,0,44.25,55.75,0,0
2022-06-17 01:53:29,0,0,8.955224,0,0,64.92537,25.12438,0.2487562,0
2022-06-17 01:53:28,0,0,5.527638,0.2512563,0,61.30653,31.40704,0.2512563,0.2512563
2022-06-17 01:53:27,0,0,0,0,0,94.47236,5.527638,0,0
2022-06-17 01:53:26,0,0,0.25,0,0,88,11.5,0.25,0
2022-06-17 01:53:25,0,0,0,0,0,89.47368,10.526316,0,0
2022-06-17 01:53:24,0,0,0,0,0,89.25,10.5,0.25,0
2022-06-17 01:53:23,0,0,0,0,0,89.02743,10.972569,0,0
2022-06-17 01:53:22,0,0,0.2493766,0,0,89.27681,9.975062,0.2493766,0
2022-06-17 01:53:21,0,0,0,0,0,70.42607,29.57393,0,0
2022-06-17 01:53:20,0,0,1.25,0.25,0,49.25,48,0.25,0.25
2022-06-17 01:53:19,0,0,8.663366,0.7425743,0,63.36634,22.77228,0,0.4950495
2022-06-17 01:53:18,0,0,3.731343,0,0,68.40796,25.87065,0.2487562,0.2487562
2022-06-17 01:53:17,0,0,0.2512563,0,0,93.96985,5.527638,0.2512563,0
2022-06-17 01:53:16,0,0,0,0,0,87.96992,12.030075,0,0
2022-06-17 01:53:15,0,0,0,0,0,90.02494,9.725686,0.2493766,0
2022-06-17 01:53:14,0,0,0,0,0,90.5,9.25,0.25,0
2022-06-17 01:53:13,0,0,0,0,0,88.7218,11.027569,0.2506266,0
2022-06-17 01:53:12,0,0,0.2487562,0,0,89.30348,9.950249,0.2487562,0
2022-06-17 01:53:11,0,0,0,0,0,67.5,32.5,0,0
2022-06-17 01:53:10,0,0,1.25,0,0,48.75,49,0.25,0
2022-06-17 01:53:09,0,0,9.774436,0.5012531,0,64.66165,23.30827,0.2506266,0
2022-06-17 01:53:08,0,0,3.508772,0,0,66.91729,28.57143,0,0.2506266
2022-06-17 01:53:07,0,0,0,0,0,93.23308,6.265664,0.2506266,0
2022-06-17 01:53:06,0,0,0.25,0,0,85.75,13.75,0.25,0
2022-06-17 01:53:05,0,0,0,0,0,89,11,0,0
2022-06-17 01:53:04,0,0,0,0,0,90.5,9.5,0,0
2022-06-17 01:53:03,0,0,0,0,0,89.75,10,0.25,0
2022-06-17 01:53:02,0,0,0,0,0,89.02743,10.723192,0.2493766,0
2022-06-17 01:53:01,0,0,0,0,0,57.53769,42.46231,0,0
2022-06-17 01:53:00,0,0,2.729529,0.248139,0,55.83127,39.70223,0.248139,0
2022-06-17 01:52:59,0,0,9.848485,0.5050505,0,63.63636,23.9899,0,0
2022-06-17 01:52:58,0,0,2.222222,0.4938272,0,71.11111,23.95062,0.4938272,0.2469136
2022-06-17 01:52:57,0,0,0,0,0,91.18388,8.816121,0,0
2022-06-17 01:52:56,0,0,0.25,0,0,88.5,11,0.25,0
2022-06-17 01:52:55,0,0,0,0,0,88.5,11.25,0.25,0
2022-06-17 01:52:54,0,0,0,0,0,91.25,8.5,0.25,0
2022-06-17 01:52:53,0,0,0,0,0,89,11,0,0
2022-06-17 01:52:52,0,0,0,0,0,88.5,11.5,0,0
2022-06-17 01:52:51,0,0,0,0,0,56.03015,43.71859,0.2512563,0
2022-06-17 01:52:50,0,0,3.722084,0,0,57.81638,37.71712,0,0
2022-06-17 01:52:49,0,0,9.677419,0,0,58.31266,28.53598,0,0.248139
2022-06-17 01:52:48,0,0,1.0025063,0,0,80.70175,17.54386,0.2506266,0
2022-06-17 01:52:47,0,0,0.2512563,0,0,89.69849,10.050251,0,0
2022-06-17 01:52:46,0,0,0,0,0,88,11.75,0.25,0
2022-06-17 01:52:45,0,0,0,0,0,88.75,11.25,0,0
2022-06-17 01:52:44,0,0,0,0,0,92.23058,7.769424,0,0
2022-06-17 01:52:43,0,0,0.2487562,0,0,88.30846,11.442786,0,0
2022-06-17 01:52:42,0,0,0,0,0,89.25,10.5,0.25,0
2022-06-17 01:52:41,0,0,0,0,0,47.25,52.75,0,0
2022-06-17 01:52:40,0,0,5.459057,0.4962779,0,63.27543,29.52854,0.248139,0
2022-06-17 01:52:39,0,0,8.77193,0,0,59.89975,30.07519,0.2506266,0
2022-06-17 01:52:38,0,0,0.7518797,0,0,85.96491,12.781955,0,0
2022-06-17 01:52:37,0,0,0,0,0,90.75,9.25,0,0
2022-06-17 01:52:36,0,0,0.25,0,0,89,10.5,0.25,0
2022-06-17 01:52:35,0,0,0,0,0,90.75,9.25,0,0
2022-06-17 01:52:34,0,0,0,0,0,93.26683,6.483791,0.2493766,0
2022-06-17 01:52:33,0,0,0,0,0,89.72431,10.275689,0,0
2022-06-17 01:52:32,0,0,0,0,0,85.5,14.25,0.25,0
2022-06-17 01:52:31,0,0,0,0,0,47.5,52.5,0,0
2022-06-17 01:52:30,0,0,6.699752,0.248139,0,63.77171,26.05459,0.248139,0
2022-06-17 01:52:29,0,0,7.940447,0.248139,0,58.80893,31.01737,0.248139,0
2022-06-17 01:52:28,0,0,0.2512563,0,0,89.19598,10.301508,0,0
2022-06-17 01:52:27,0,0,0.25,0.25,0,88.25,10.75,0.25,0
2022-06-17 01:52:26,0,0,0,0,0,88.25,11.75,0,0
2022-06-17 01:52:25,0,0,0,0,0,90.75,9.25,0,0
2022-06-17 01:52:24,0,0,0,0,0,92.73183,7.26817,0,0
2022-06-17 01:52:23,0,0,0,0,0,89.02743,10.723192,0.2493766,0
2022-06-17 01:52:22,0,0,0,0,0,78.94737,21.05263,0,0
2022-06-17 01:52:21,0,0,0.25,0,0,44.75,54.75,0.25,0
2022-06-17 01:52:20,0,0,8.25,0.5,0,68,23.25,0,0
2022-06-17 01:52:19,0,0,6.234414,0,0,62.59352,30.17456,0,0.2493766
2022-06-17 01:52:18,0,0,0,0,0,93.71859,6.030151,0.2512563,0
2022-06-17 01:52:17,0,0,0.2506266,0,0,87.96992,11.779449,0,0
2022-06-17 01:52:16,0,0,0,0,0,89.52618,10.224439,0.2493766,0
2022-06-17 01:52:15,0,0,0,0,0,89.47368,10.526316,0,0
2022-06-17 01:52:14,0,0,0,0,0,91.02244,8.72818,0,0
2022-06-17 01:52:13,0,0,0,0,0,89.72431,10.275689,0,0
2022-06-17 01:52:12,0,0,0,0,0,73.56608,26.18454,0.2493766,0
2022-06-17 01:52:11,0,0,1.2437811,0,0,44.77612,53.73134,0.2487562,0
2022-06-17 01:52:10,0,0,9.045226,0.5025126,0,66.58291,22.36181,0.2512563,0.2512563
2022-06-17 01:52:09,0,0,5.276382,0.2512563,0,63.31658,29.14573,0,0.2512563
2022-06-17 01:52:08,0,0,0.25,0,0,93,6.5,0.25,0
2022-06-17 01:52:07,0,0,0,0,0,87.46867,12.531328,0,0
2022-06-17 01:52:06,0,0,0,0,0,89.5,10.25,0.25,0
2022-06-17 01:52:05,0,0,0,0,0,89.52618,10.224439,0.2493766,0
2022-06-17 01:52:04,0,0,0,0,0,91.72932,8.270677,0,0
2022-06-17 01:52:03,0,0,0,0,0,89.25,10.75,0,0
2022-06-17 01:52:02,0,0,0,0,0,68.32918,31.42145,0.2493766,0
2022-06-17 01:52:01,0,0,2.25,0,0,50.75,46.75,0,0
2022-06-17 01:52:00,0,0,9.547739,0.5025126,0,65.32663,22.61307,0.2512563,0
2022-06-17 01:51:59,0,0,3.5,0.25,0,69,26.25,0.25,0
2022-06-17 01:51:58,0,0,0.5037783,0,0,92.44332,7.052897,0,0
2022-06-17 01:51:57,0,0,0.25,0,0,88.75,11,0,0
2022-06-17 01:51:56,0,0,0,0,0,89.25,10.5,0.25,0
2022-06-17 01:51:55,0,0,0,0,0,92.5187,7.23192,0.2493766,0
2022-06-17 01:51:54,0,0,0,0,0,89.75,10.25,0,0
2022-06-17 01:51:53,0,0,0,0,0,88,12,0,0
2022-06-17 01:51:52,0,0,0,0,0,59.75,40.25,0,0
2022-06-17 01:51:51,0,0,1.995012,0,0,53.86534,42.39401,0,0
2022-06-17 01:51:50,0,0,9.135802,0.7407407,0,60,24.69136,0.4938272,0.7407407
2022-06-17 01:51:49,0,0,3.007519,0,0,69.67419,26.06516,0,0
2022-06-17 01:51:48,0,0,0,0,0,93.71859,6.030151,0.2512563,0
2022-06-17 01:51:47,0,0,0.25,0,0,87.75,12,0,0
2022-06-17 01:51:46,0,0,0,0,0,90.25,9.75,0,0
2022-06-17 01:51:45,0,0,0,0,0,92.5,7.25,0.25,0
2022-06-17 01:51:44,0,0,0,0,0,90.77307,8.977556,0.2493766,0
2022-06-17 01:51:43,0,0,0,0,0,88.22055,11.528822,0.2506266,0
2022-06-17 01:51:42,0,0,0,0,0,57.75,42.25,0,0
2022-06-17 01:51:41,0,0,2.506266,0.2506266,0,53.88471,42.35589,0.2506266,0
2022-06-17 01:51:40,0,0,10.421836,0.248139,0,63.52357,24.06948,0,0.248139
2022-06-17 01:51:39,0,0,2.506266,0.2506266,0,71.92982,25.06266,0.2506266,0
2022-06-17 01:51:38,0,0,0.2512563,0,0,91.20603,8.542714,0,0
2022-06-17 01:51:37,0,0,0,0,0,80.5,19,0.25,0
2022-06-17 01:51:36,0,0,0.2487562,0,0,88.80597,10.696517,0.2487562,0
2022-06-17 01:51:35,0,0,0,0,0,90.70352,9.296482,0,0
2022-06-17 01:51:34,0,0,0,0,0,89.47368,10.526316,0,0
2022-06-17 01:51:33,0,0,0,0,0,88.77805,10.972569,0.2493766,0
2022-06-17 01:51:32,0,0,0,0,0,60,40,0,0
2022-06-17 01:51:31,0,0,2.756892,0.2506266,0,56.39098,40.35088,0.2506266,0
2022-06-17 01:51:30,0,0,8.977556,0.2493766,0,64.33915,25.18703,0,0.2493766
2022-06-17 01:51:29,0,0,2.475248,0.2475248,0,73.26733,23.51485,0,0.2475248
2022-06-17 01:51:28,0,0,0,0,0,92.92929,6.818182,0.2525253,0
2022-06-17 01:51:27,0,0,0.2493766,0,0,88.2793,11.471322,0,0
2022-06-17 01:51:26,0,0,0,0,0,89.72431,10.275689,0,0
2022-06-17 01:51:25,0,0,0,0,0,93.01746,6.733167,0.2493766,0
2022-06-17 01:51:24,0,0,0,0,0,90.25,9.75,0,0
2022-06-17 01:51:23,0,0,0,0,0,89.5,10.25,0.25,0
2022-06-17 01:51:22,0,0,0,0,0,49,51,0,0
2022-06-17 01:51:21,0,0,4,0,0,57.75,36.75,0.25,0
2022-06-17 01:51:20,0,0,9.571788,0.2518892,0,59.69773,28.96725,0.2518892,0
2022-06-17 01:51:19,0,0,1.4925373,0,0,81.59204,16.41791,0.2487562,0
2022-06-17 01:51:18,0,0,0,0,0,90.93199,9.06801,0,0
2022-06-17 01:51:17,0,0,0.25,0,0,88.25,11.25,0.25,0
2022-06-17 01:51:16,0,0,0,0,0,89.25,10.75,0,0
2022-06-17 01:51:15,0,0,0,0,0,90.75,9.25,0,0
2022-06-17 01:51:14,0,0,0.2493766,0,0,90.02494,9.476309,0.2493766,0
2022-06-17 01:51:13,0,0,0,0,0,87.5,12.5,0,0
2022-06-17 01:51:12,0,0,0,0,0,47,52.75,0.25,0
2022-06-17 01:51:11,0,0,5.721393,0.4975124,0,62.18905,29.85075,0,0.2487562
2022-06-17 01:51:10,0,0,8.270677,0.5012531,0,63.90977,24.81203,0.2506266,0
2022-06-17 01:51:09,0,0,0.5012531,0,0,81.70426,16.541353,0.2506266,0
2022-06-17 01:51:08,0,0,0.2512563,0,0,90.20101,9.296482,0.2512563,0
2022-06-17 01:51:07,0,0,0,0,0,88.5,11.5,0,0
2022-06-17 01:51:06,0,0,0,0,0,88.97243,10.776942,0.2506266,0
2022-06-17 01:51:05,0,0,0,0,0,90.27431,9.476309,0.2493766,0
2022-06-17 01:51:04,0,0,0,0,0,89.75,10.25,0,0
2022-06-17 01:51:03,0,0,0,0,0,84,15.75,0.25,0
2022-06-17 01:51:02,0,0,0,0,0,41,59,0,0
2022-06-17 01:51:01,0,0,6.265664,0.2506266,0,66.41604,26.06516,0,0
2022-06-17 01:51:00,0,0,7.481297,0.4987531,0,59.10224,30.92269,0.2493766,0
2022-06-17 01:50:59,0,0,0.2512563,0,0,89.94975,9.547739,0,0.2512563
2022-06-17 01:50:58,0,0,1,0,0,87.5,11.25,0.25,0
2022-06-17 01:50:57,0,0,0,0,0,90,9.75,0,0
2022-06-17 01:50:56,0,0,0,0,0,92.23058,7.769424,0,0
2022-06-17 01:50:55,0,0,0,0,0,90,9.75,0.25,0
2022-06-17 01:50:54,0,0,0,0,0,89.25,10.5,0.25,0
2022-06-17 01:50:53,0,0,0,0,0,81.75,18.25,0,0
2022-06-17 01:50:52,0,0,0.4950495,0.2475248,0,49.0099,49.75248,0,0
2022-06-17 01:50:51,0,0,7.379135,0,0,60.30534,29.26209,0.2544529,0
2022-06-17 01:50:50,0,0,6.965174,0.4975124,0,58.45771,31.09453,0.2487562,0.2487562
2022-06-17 01:50:49,0,0,0,0,0,91.45729,8.542714,0,0
2022-06-17 01:50:48,0,0,0.2493766,0,0,88.02993,11.471322,0.2493766,0
2022-06-17 01:50:47,0,0,0,0,0,89.97494,10.025063,0,0
2022-06-17 01:50:46,0,0,0,0,0,89.77556,9.975062,0.2493766,0
2022-06-17 01:50:45,0,0,0,0,0,89.69849,10.301508,0,0
2022-06-17 01:50:44,0,0,0,0,0,88.25,11.75,0,0
2022-06-17 01:50:43,0,0,0,0,0,75.5611,24.18953,0.2493766,0
2022-06-17 01:50:42,0,0,1.0050251,0,0,46.73367,51.75879,0,0
2022-06-17 01:50:41,0,0,8.457711,0,0,59.95025,27.11443,0.2487562,0.2487562
2022-06-17 01:50:40,0,0,5.276382,0.5025126,0,60.30151,32.41206,0,0
2022-06-17 01:50:39,0,0,0,0,0,93.48371,6.265664,0.2506266,0
2022-06-17 01:50:38,0,0,0.2506266,0,0,87.96992,11.779449,0,0
2022-06-17 01:50:37,0,0,0,0,0,91,8.75,0.25,0
2022-06-17 01:50:36,0,0,0,0,0,90.5,9.5,0,0
2022-06-17 01:50:35,0,0,0,0,0,88.5,11.5,0,0
2022-06-17 01:50:34,0,0,0,0,0,89.97494,10.025063,0,0
2022-06-17 01:50:33,0,0,0,0,0,71,28.75,0.25,0
2022-06-17 01:50:32,0,0,0.4962779,0.248139,0,49.62779,48.3871,0.248139,0
2022-06-17 01:50:31,0,0,9.75,0,0,64.75,23,0,0
2022-06-17 01:50:30,0,0,3.990025,0,0,63.8404,30.92269,0.2493766,0.2493766
2022-06-17 01:50:29,0,0,0,0,0,94.71033,5.289673,0,0
2022-06-17 01:50:28,0,0,0.2493766,0,0,85.53616,13.715711,0.2493766,0
2022-06-17 01:50:27,0,0,0,0,0,89.47368,10.526316,0,0
2022-06-17 01:50:26,0,0,0,0,0,91,9,0,0
2022-06-17 01:50:25,0,0,0,0,0,87.03242,12.967581,0,0
2022-06-17 01:50:24,0,0,0,0,0,89.25,10.5,0.25,0
2022-06-17 01:50:23,0,0,0,0,0,66.25,33.75,0,0
2022-06-17 01:50:22,0,0,0.9975062,0,0,48.62843,50.12469,0,0
2022-06-17 01:50:21,0,0,9.975062,0.4987531,0,68.0798,20.44888,0.2493766,0
2022-06-17 01:50:20,0,0,3.258145,0,0,67.66917,28.07018,0,0.2506266
2022-06-17 01:50:19,0,0,0.2512563,0,0,93.46734,6.281407,0,0
2022-06-17 01:50:18,0,0,0.2493766,0,0,86.53367,12.718204,0.2493766,0
2022-06-17 01:50:17,0,0,0,0,0,89.25,10.75,0,0
2022-06-17 01:50:16,0,0,0,0,0,91.75,8,0.25,0
2022-06-17 01:50:15,0,0,0,0,0,88.52868,11.471322,0,0
2022-06-17 01:50:14,0,0,0,0,0,90.22556,9.774436,0,0
2022-06-17 01:50:13,0,0,0,0,0,60.75,39,0.25,0
2022-06-17 01:50:12,0,0,2.244389,0.2493766,0,53.11721,43.89027,0.2493766,0
2022-06-17 01:50:11,0,0,9.950249,0.2487562,0,64.67662,22.63682,0.2487562,0.2487562
2022-06-17 01:50:10,0,0,2.255639,0,0,70.67669,26.56642,0,0
2022-06-17 01:50:09,0,0,0.2493766,0,0,91.77057,7.730673,0.2493766,0
2022-06-17 01:50:08,0,0,0.2512563,0,0,86.93467,12.562814,0,0
2022-06-17 01:50:07,0,0,0,0,0,90.22556,9.774436,0,0
2022-06-17 01:50:06,0,0,0,0,0,92.5187,7.23192,0.2493766,0
2022-06-17 01:50:05,0,0,0,0,0,90.27431,9.476309,0.2493766,0
2022-06-17 01:50:04,0,0,0,0,0,90.72682,9.273183,0,0
2022-06-17 01:50:03,0,0,0,0,0,55.6391,44.3609,0,0
2022-06-17 01:50:02,0,0,2.977667,0.248139,0,55.83127,39.95037,0.248139,0
2022-06-17 01:50:01,0,0,10.696517,0.2487562,0,64.42786,23.38308,0.2487562,0.2487562
2022-06-17 01:50:00,0,0,1.2468828,0,0,76.30923,21.44638,0.2493766,0
2022-06-17 01:49:59,0,0,0.2512563,0,0,92.46231,7.286432,0,0
2022-06-17 01:49:58,0,0,0.5012531,0,0,86.96742,12.531328,0,0
2022-06-17 01:49:57,0,0,0,0,0,89.52618,10.224439,0.2493766,0
2022-06-17 01:49:56,0,0,0,0,0,91.4787,8.521303,0,0
2022-06-17 01:49:55,0,0,0,0,0,87,12.75,0.25,0
2022-06-17 01:49:54,0,0,0,0,0,89.22306,10.776942,0,0
2022-06-17 01:49:53,0,0,0,0,0,51.5,48.5,0,0
2022-06-17 01:49:52,0,0,3.9801,0.2487562,0,60.69652,34.57711,0,0
2022-06-17 01:49:51,0,0,9.571788,0.2518892,0,60.4534,27.9597,0,0.2518892
2022-06-17 01:49:50,0,0,0.9925558,0,0,83.37469,14.888337,0.248139,0
2022-06-17 01:49:49,0,0,0.5012531,0,0,89.72431,9.52381,0.2506266,0
2022-06-17 01:49:48,0,0,0,0,0,90.25,9.75,0,0
2022-06-17 01:49:47,0,0,0,0,0,88.97243,11.027569,0,0
2022-06-17 01:49:46,0,0,0,0,0,90.52369,9.226933,0.2493766,0
2022-06-17 01:49:45,0,0,0,0,0,89.72431,10.275689,0,0
2022-06-17 01:49:44,0,0,0,0,0,87.25,12.5,0.25,0
2022-06-17 01:49:43,0,0,0,0,0,42.39401,57.60599,0,0
2022-06-17 01:49:42,0,0,5.513784,0,0,62.65664,30.07519,0,0
2022-06-17 01:49:41,0,0,9.022556,0.5012531,0,59.3985,28.82206,0.2506266,0.5012531
2022-06-17 01:49:40,0,0,0,0,0,89,10.75,0.25,0
2022-06-17 01:49:39,0,0,0.2506266,0,0,90.72682,8.77193,0,0
2022-06-17 01:49:38,0,0,0,0,0,87.5,12.5,0,0
2022-06-17 01:49:37,0,0,0,0,0,89.5,10.25,0.25,0
2022-06-17 01:49:36,0,0,0,0,0,91.75,8.25,0,0
2022-06-17 01:49:35,0,0,0,0,0,88.7218,11.278195,0,0
2022-06-17 01:49:34,0,0,0,0,0,87.53117,12.219451,0.2493766,0
2022-06-17 01:49:33,0,0,0,0,0,40.75,59,0.25,0
2022-06-17 01:49:32,0,0,6.234414,0.2493766,0,64.08978,27.6808,0.2493766,0.2493766
2022-06-17 01:49:31,0,0,7.730673,1.2468828,0,56.85786,30.92269,0.2493766,0.2493766
2022-06-17 01:49:30,0,0,0.2512563,0,0,88.94472,10.301508,0,0
2022-06-17 01:49:29,0,0,0.2506266,0,0,90.47619,9.273183,0,0
2022-06-17 01:49:28,0,0,0,0,0,90,10,0,0
2022-06-17 01:49:27,0,0,0,0,0,87.2818,12.468828,0.2493766,0
2022-06-17 01:49:26,0,0,0,0,0,90.75,9,0.25,0
2022-06-17 01:49:25,0,0,0,0,0,89.75,10.25,0,0
2022-06-17 01:49:24,0,0,0,0,0,85.71429,14.285714,0,0
2022-06-17 01:49:23,0,0,0,0,0,43.25,56.5,0.25,0
2022-06-17 01:49:22,0,0,6.930693,0,0,66.33663,24.25743,0.2475248,0
2022-06-17 01:49:21,0,0,7.286432,0.2512563,0,60.80402,30.65327,0,0.2512563
2022-06-17 01:49:20,0,0,0,0,0,92.71357,7.286432,0,0
2022-06-17 01:49:19,0,0,0.25,0,0,89,10.75,0,0
2022-06-17 01:49:18,0,0,0,0,0,88.75,11.25,0,0
2022-06-17 01:49:17,0,0,0.2493766,0,0,90.52369,9.226933,0,0
2022-06-17 01:49:16,0,0,0,0,0,90,10,0,0
2022-06-17 01:49:15,0,0,0,0,0,89,10.75,0.25,0
2022-06-17 01:49:14,0,0,0,0,0,80.25,19.75,0,0
2022-06-17 01:49:13,0,0,0,0.2493766,0,41.39651,58.10474,0.2493766,0
2022-06-17 01:49:12,0,0,8,0.5,0,65.5,24.5,0,0
2022-06-17 01:49:11,0,0,6.467662,0,0,60.44776,31.09453,0,0.2487562
2022-06-17 01:49:10,0,0,0,0,0,93.73434,6.265664,0,0
2022-06-17 01:49:09,0,0,0.25,0,0,86.75,12.75,0.25,0
2022-06-17 01:49:08,0,0,0,0,0,90,10,0,0
2022-06-17 01:49:07,0,0,0,0,0,91.77057,7.98005,0.2493766,0
2022-06-17 01:49:06,0,0,0,0,0,90.47619,9.52381,0,0
2022-06-17 01:49:05,0,0,0,0,0,89.97494,10.025063,0,0
2022-06-17 01:49:04,0,0,0,0,0,75,24.75,0.25,0
2022-06-17 01:49:03,0,0,0.5,0.25,0,44,55.25,0,0
2022-06-17 01:49:02,0,0,8.478803,0.4987531,0,63.59102,24.93766,0,0
2022-06-17 01:49:01,0,0,5.223881,0,0,62.68657,30.59701,0.2487562,0.2487562
2022-06-17 01:49:00,0,0,0,0,0,94.72362,5.276382,0,0
2022-06-17 01:48:59,0,0,0.2493766,0,0,84.53865,14.713217,0.4987531,0
2022-06-17 01:48:58,0,0,0.5,0,0,89.25,10.25,0,0
2022-06-17 01:48:57,0,0,0,0,0,91,9,0,0
2022-06-17 01:48:56,0,0,0,0,0,88.5,11.25,0.25,0
2022-06-17 01:48:55,0,0,0,0,0,89.72431,10.275689,0,0
2022-06-17 01:48:54,0,0,0,0,0,68.25,31.75,0,0
2022-06-17 01:48:53,0,0,1.4925373,0,0,49.00498,49.25373,0,0
2022-06-17 01:48:52,0,0,9.296482,0.5025126,0,64.57286,24.62312,0.2512563,0
2022-06-17 01:48:51,0,0,3.990025,0.4987531,0,66.58354,27.93017,0,0
2022-06-17 01:48:50,0,0,0,0,0,94.20655,5.793451,0,0
2022-06-17 01:48:49,0,0,0,0,0,85.78554,13.965087,0.2493766,0
2022-06-17 01:48:48,0,0,0,0,0,89.97494,10.025063,0,0
2022-06-17 01:48:47,0,0,0,0,0,91.75,8,0.25,0
2022-06-17 01:48:46,0,0,0.2493766,0,0,89.02743,10.723192,0,0
2022-06-17 01:48:45,0,0,0,0,0,89,10.75,0.25,0
2022-06-17 01:48:44,0,0,0,0,0,62.5,37.5,0,0
2022-06-17 01:48:43,0,0,2.5,0,0,54.5,42.25,0,0
2022-06-17 01:48:42,0,0,9.022556,0.2506266,0,63.15789,24.5614,0.2506266,0.2506266
2022-06-17 01:48:41,0,0,2.743142,0.2493766,0,69.82544,26.43392,0,0
2022-06-17 01:48:40,0,0,0.25,0,0,92.25,7.25,0.25,0
2022-06-17 01:48:39,0,0,0,0,0,86.96742,12.781955,0,0
2022-06-17 01:48:38,0,0,0,0,0,88.52868,11.221945,0.2493766,0
2022-06-17 01:48:37,0,0,0.2493766,0,0,90.77307,8.72818,0.2493766,0
2022-06-17 01:48:36,0,0,0,0,0,87.75,12.25,0,0
2022-06-17 01:48:35,0,0,0,0,0,90,10,0,0
2022-06-17 01:48:34,0,0,0,0,0,57.64411,42.35589,0,0
2022-06-17 01:48:33,0,0,3.731343,0,0,59.45274,35.8209,0.2487562,0
2022-06-17 01:48:32,0,0,10.025063,0.5012531,0,59.3985,29.07268,0,0.2506266
2022-06-17 01:48:31,0,0,1.741294,0,0,80.59701,17.16418,0,0
2022-06-17 01:48:30,0,0,0,0,0,90.20101,9.547739,0.2512563,0
2022-06-17 01:48:29,0,0,0.25,0,0,89.25,10.5,0,0
2022-06-17 01:48:28,0,0,0,0,0,88.25,11.5,0.25,0
2022-06-17 01:48:27,0,0,0,0,0,90.77307,8.977556,0.2493766,0
2022-06-17 01:48:26,0,0,0,0,0,89.97494,10.025063,0,0
2022-06-17 01:48:25,0,0,0,0,0,88.5,11.5,0,0
2022-06-17 01:48:24,0,0,0,0,0,48.37905,51.37157,0.2493766,0
2022-06-17 01:48:23,0,0,4.726368,0.2487562,0,61.9403,31.59204,0,0
2022-06-17 01:48:22,0,0,8.816121,0.2518892,0,61.20907,28.96725,0,0
2022-06-17 01:48:21,0,0,1.2531328,0,0,82.95739,15.037594,0,0.2506266
2022-06-17 01:48:20,0,0,0.2493766,0,0,91.27182,8.229426,0.2493766,0
2022-06-17 01:48:19,0,0,0,0,0,88.75,11,0.25,0
2022-06-17 01:48:18,0,0,0,0,0,91.25,8.75,0,0
2022-06-17 01:48:17,0,0,0,0,0,91.25,8.5,0.25,0
2022-06-17 01:48:16,0,0,0,0,0,89.22306,10.776942,0,0
2022-06-17 01:48:15,0,0,0,0,0,84.78803,14.962594,0.2493766,0
2022-06-17 01:48:14,0,0,0,0,0,49.5,50.5,0,0
2022-06-17 01:48:13,0,0,6.234414,0.2493766,0,59.85037,33.41646,0,0
2022-06-17 01:48:12,0,0,8.270677,0.2506266,0,59.89975,30.82707,0,0
2022-06-17 01:48:11,0,0,0.75,0.25,0,87.25,11.25,0.25,0
2022-06-17 01:48:10,0,0,0.25,0,0,88.25,11.25,0.25,0
2022-06-17 01:48:09,0,0,0,0,0,89.5,10.5,0,0
2022-06-17 01:48:08,0,0,0,0,0,91.22807,8.77193,0,0
2022-06-17 01:48:07,0,0,0,0,0,89.5,10.25,0,0
2022-06-17 01:48:06,0,0,0,0,0,91,9,0,0
2022-06-17 01:48:05,0,0,0,0,0,80.54863,19.202,0.2493766,0
2022-06-17 01:48:04,0,0,0,0,0,47.25,52.5,0.25,0
2022-06-17 01:48:03,0,0,7.5,0,0,66.5,25.75,0.25,0
2022-06-17 01:48:02,0,0,7.017544,0.2506266,0,65.66416,26.81704,0,0
2022-06-17 01:48:01,0,0,0.2506266,0,0,89.47368,9.774436,0.2506266,0
2022-06-17 01:48:00,0,0,0.25,0,0,88.25,11.25,0.25,0
2022-06-17 01:47:59,0,0,0,0,0,88.25,11.75,0,0
2022-06-17 01:47:58,0,0,0.4987531,0,0,88.2793,10.972569,0.2493766,0
2022-06-17 01:47:57,0,0,0,0,0,88.75,11.25,0,0
2022-06-17 01:47:56,0,0,0,0,0,88.25,11.75,0,0
2022-06-17 01:47:55,0,0,0,0,0,73.75,26,0.25,0
2022-06-17 01:47:54,0,0,0.4987531,0,0,49.12718,50.12469,0,0
2022-06-17 01:47:53,0,0,7.75,0.25,0,65.5,25,0,0
2022-06-17 01:47:52,0,0,5.707196,0,0,62.03474,30.02481,0.4962779,0.248139
2022-06-17 01:47:51,0,0,0,0,0,94.97487,5.025126,0,0
2022-06-17 01:47:50,0,0,0.2506266,0,0,87.21805,12.531328,0,0
2022-06-17 01:47:49,0,0,0,0,0,90.77307,8.977556,0.2493766,0
2022-06-17 01:47:48,0,0,0,0,0,89.5,10.5,0,0
2022-06-17 01:47:47,0,0,0,0,0,89.75,10.25,0,0
2022-06-17 01:47:46,0,0,0,0,0,90.75,9,0.25,0
2022-06-17 01:47:45,0,0,0,0,0,73,27,0,0
2022-06-17 01:47:44,0,0,0.5012531,0,0,45.86466,52.63158,0.2506266,0
2022-06-17 01:47:43,0,0,9.653465,0.7425743,0,67.57426,20.79208,0.2475248,0
2022-06-17 01:47:42,0,0,5.012531,0,0,64.41103,29.32331,0,0.5012531
2022-06-17 01:47:41,0,0,0,0,0,94.72362,5.025126,0.2512563,0
2022-06-17 01:47:40,0,0,0,0.25,0,87.5,12.25,0,0
2022-06-17 01:47:39,0,0,0,0,0,88.75,11.25,0,0
2022-06-17 01:47:38,0,0,0,0,0,90.22556,9.774436,0,0
2022-06-17 01:47:37,0,0,0.2493766,0,0,90.52369,9.226933,0,0
2022-06-17 01:47:36,0,0,0,0,0,90.02494,9.725686,0.2493766,0
2022-06-17 01:47:35,0,0,0,0,0,68.42105,31.57895,0,0
2022-06-17 01:47:34,0,0,1.4962594,0,0,48.87781,48.12968,0.2493766,0
2022-06-17 01:47:33,0,0,9.476309,0.2493766,0,65.08728,22.94264,0,0
2022-06-17 01:47:32,0,0,3.740648,0,0,68.57855,26.18454,0.2493766,0.2493766
2022-06-17 01:47:31,0,0,0,0,0,92.9471,6.801008,0.2518892,0
2022-06-17 01:47:30,0,0,0.2487562,0,0,86.56716,12.935323,0.2487562,0
2022-06-17 01:47:29,0,0,0,0,0,90.22556,9.774436,0,0
2022-06-17 01:47:28,0,0,0,0,0,90.25,9.75,0,0
2022-06-17 01:47:27,0,0,0,0,0,87.96992,12.030075,0,0
2022-06-17 01:47:26,0,0,0,0,0,89.77556,9.975062,0.2493766,0
2022-06-17 01:47:25,0,0,0,0,0,61.40351,38.59649,0,0
2022-06-17 01:47:24,0,0,2.743142,0,0,53.61596,42.14464,0.2493766,0
2022-06-17 01:47:23,0,0,9.620253,0.2531646,0,63.29114,24.55696,0.2531646,0
2022-06-17 01:47:22,0,0,2.233251,0,0,73.44913,23.5732,0,0.248139
2022-06-17 01:47:21,0,0,0,0,0,93.19899,6.549118,0.2518892,0
2022-06-17 01:47:20,0,0,0.2493766,0,0,86.53367,13.216958,0,0
2022-06-17 01:47:19,0,0,0,0,0,90.27431,9.476309,0.2493766,0
2022-06-17 01:47:18,0,0,0,0,0,92.4812,7.518797,0,0
2022-06-17 01:47:17,0,0,0,0,0,88.5,11.5,0,0
2022-06-17 01:47:16,0,0,0,0,0,88.47118,11.528822,0,0
2022-06-17 01:47:15,0,0,0,0,0,57.71144,41.79104,0.2487562,0
2022-06-17 01:47:14,0,0,3,0.25,0,57.75,38.25,0,0
2022-06-17 01:47:13,0,0,10.25,0.25,0,64,23.5,0.25,0
2022-06-17 01:47:12,0,0,1.2531328,0,0,76.69173,21.80451,0,0
2022-06-17 01:47:11,0,0,0.2506266,0,0,92.4812,6.766917,0.2506266,0
2022-06-17 01:47:10,0,0,0.2493766,0,0,88.02993,11.471322,0.2493766,0
2022-06-17 01:47:09,0,0,0,0,0,89.72431,10.275689,0,0
2022-06-17 01:47:08,0,0,0,0,0,90.97744,9.022556,0,0
2022-06-17 01:47:07,0,0,0,0,0,90.5,9.5,0,0
2022-06-17 01:47:06,0,0,0,0,0,87.31343,12.437811,0.2487562,0
2022-06-17 01:47:05,0,0,0,0,0,49.12281,50.87719,0,0
2022-06-17 01:47:04,0,0,4.228856,0.2487562,0,60.94527,33.33333,0,0
2022-06-17 01:47:03,0,0,9.571788,0.2518892,0,63.72796,25.44081,0,0.2518892
2022-06-17 01:47:02,0,0,0.4987531,0,0,80.29925,18.95262,0,0
2022-06-17 01:47:01,0,0,0,0,0,91.25,8.25,0.25,0
2022-06-17 01:47:00,0,0,0,0,0,90.72682,9.273183,0,0
2022-06-17 01:46:59,0,0,0.2487562,0,0,89.05473,10.447761,0.2487562,0
2022-06-17 01:46:58,0,0,0.7518797,0,0,90.22556,9.022556,0,0
2022-06-17 01:46:57,0,0,0,0,0,89.25,10.75,0,0
2022-06-17 01:46:56,0,0,0,0,0,88,11.75,0.25,0
2022-06-17 01:46:55,0,0,0,0,0,46.25,53.75,0,0
2022-06-17 01:46:54,0,0,5.012531,0.2506266,0,63.15789,30.57644,0.2506266,0
2022-06-17 01:46:53,0,0,9.774436,0.7518797,0,58.89724,28.82206,0.2506266,0.2506266
2022-06-17 01:46:52,0,0,0,0,0,83.04239,16.95761,0,0
2022-06-17 01:46:51,0,0,0.2506266,0,0,90.97744,8.77193,0,0
2022-06-17 01:46:50,0,0,0,0,0,88.77805,10.972569,0.2493766,0
2022-06-17 01:46:49,0,0,0,0,0,88.22055,11.779449,0,0
2022-06-17 01:46:48,0,0,0,0,0,90.77307,8.72818,0.2493766,0
2022-06-17 01:46:47,0,0,0,0,0,89.97494,10.025063,0,0
2022-06-17 01:46:46,0,0,0,0,0,89,11,0,0
2022-06-17 01:46:45,0,0,0,0,0,39.75,60.25,0,0
2022-06-17 01:46:44,0,0,5.472637,0.2487562,0,64.67662,28.35821,0,0.2487562
2022-06-17 01:46:43,0,0,8.977556,0.2493766,0,55.61097,32.66833,0.2493766,0.2493766
2022-06-17 01:46:42,0,0,0,0,0,90.25,9.75,0,0
2022-06-17 01:46:41,0,0,0.2512563,0,0,89.69849,9.798995,0.2512563,0
2022-06-17 01:46:40,0,0,0,0,0,88.5,11.5,0,0
2022-06-17 01:46:39,0,0,0,0,0,87.75,12,0.25,0
2022-06-17 01:46:38,0,0,0,0,0,91.4787,8.521303,0,0
2022-06-17 01:46:37,0,0,0,0,0,90.02494,9.725686,0.2493766,0
2022-06-17 01:46:36,0,0,0,0,0,86.25,13.75,0,0
2022-06-17 01:46:35,0,0,0,0,0,42.5,57.5,0,0
2022-06-17 01:46:34,0,0,5.970149,0.2487562,0,62.18905,28.35821,0,0
2022-06-17 01:46:33,0,0,8.229426,0.7481297,0,56.3591,32.91771,0,0.2493766
2022-06-17 01:46:32,0,0,0.25,0,0,90.25,9,0.25,0
2022-06-17 01:46:31,0,0,0,0,0,90.20101,9.798995,0,0
2022-06-17 01:46:30,0,0,0,0,0,89.75,10.25,0,0
2022-06-17 01:46:29,0,0,0.25,0,0,89.75,10,0,0
2022-06-17 01:46:28,0,0,0,0,0,92.01995,7.730673,0.2493766,0
2022-06-17 01:46:27,0,0,0,0,0,90.25,9.75,0,0
2022-06-17 01:46:26,0,0,0,0,0,84.46115,15.538847,0,0
2022-06-17 01:46:25,0,0,0,0,0,41.89526,57.85536,0.2493766,0
2022-06-17 01:46:24,0,0,7.21393,0.4975124,0,62.68657,27.61194,0.2487562,0.2487562
2022-06-17 01:46:23,0,0,7.481297,0.2493766,0,59.85037,30.67332,0.2493766,0
2022-06-17 01:46:22,0,0,0,0,0,92.23058,7.769424,0,0
2022-06-17 01:46:21,0,0,0,0,0,87.7193,12.030075,0.2506266,0
2022-06-17 01:46:20,0,0,0,0,0,90,10,0,0
2022-06-17 01:46:19,0,0,0,0,0,90.27431,9.226933,0.2493766,0
2022-06-17 01:46:18,0,0,0,0,0,90.75,9.25,0,0
2022-06-17 01:46:17,0,0,0,0,0,88,12,0,0
2022-06-17 01:46:16,0,0,0,0,0,81.25,18.75,0,0
2022-06-17 01:46:15,0,0,0,0,0,46.11529,53.88471,0,0
2022-06-17 01:46:14,0,0,7.960199,0.2487562,0,66.41791,23.63184,0.2487562,0
2022-06-17 01:46:13,0,0,6.733167,0.2493766,0,58.35411,33.16708,0.2493766,0.2493766
2022-06-17 01:46:12,0,0,0,0,0,94.2928,5.459057,0.248139,0
2022-06-17 01:46:11,0,0,0.2506266,0,0,88.47118,11.027569,0.2506266,0
2022-06-17 01:46:10,0,0,0,0,0,88.97243,11.027569,0,0
2022-06-17 01:46:09,0,0,0,0,0,89.25,10.75,0,0
2022-06-17 01:46:08,0,0,0,0,0,88.77805,10.972569,0.2493766,0
2022-06-17 01:46:07,0,0,0,0,0,88.7218,11.278195,0,0
2022-06-17 01:46:06,0,0,0,0,0,78.44612,21.55388,0,0
2022-06-17 01:46:05,0,0,0,0,0,44.6384,55.11222,0.2493766,0
2022-06-17 01:46:04,0,0,8.955224,0.2487562,0,64.42786,23.8806,0.2487562,0.2487562
2022-06-17 01:46:03,0,0,5.778894,0,0,59.79899,32.91457,0.2512563,0.2512563
2022-06-17 01:46:02,0,0,0,0,0,95.48872,4.260652,0,0
2022-06-17 01:46:01,0,0,0.2493766,0,0,88.2793,11.471322,0,0
2022-06-17 01:46:00,0,0,0,0,0,88.52868,11.221945,0.2493766,0
2022-06-17 01:45:59,0,0,0,0,0,90.25,9.75,0,0
2022-06-17 01:45:58,0,0,0.5025126,0,0,89.94975,9.547739,0,0
2022-06-17 01:45:57,0,0,0.2493766,0,0,88.77805,10.723192,0.2493766,0
2022-06-17 01:45:56,0,0,0,0,0,74.5,25.5,0,0
2022-06-17 01:45:55,0,0,0.5,0,0,46.5,51.75,0.25,0
2022-06-17 01:45:54,0,0,9.181141,0.248139,0,62.03474,24.56576,0.4962779,0
2022-06-17 01:45:53,0,0,5,0.25,0,61.75,30.75,0,0.25
2022-06-17 01:45:52,0,0,0,0,0,94.72362,5.025126,0.2512563,0
2022-06-17 01:45:51,0,0,0,0,0,85.28678,14.214464,0.2493766,0
2022-06-17 01:45:50,0,0,0,0,0,90.47619,9.52381,0,0
2022-06-17 01:45:49,0,0,0,0,0,90.97744,9.022556,0,0
2022-06-17 01:45:48,0,0,0.2493766,0,0,89.52618,10.224439,0,0
2022-06-17 01:45:47,0,0,0,0,0,89.02743,10.723192,0.2493766,0
2022-06-17 01:45:46,0,0,0,0,0,69.92481,30.07519,0,0
2022-06-17 01:45:45,0,0,1,0,0,49.5,49.5,0,0
2022-06-17 01:45:44,0,0,9.452736,0.7462687,0,67.41294,21.39303,0.2487562,0.2487562
2022-06-17 01:45:43,0,0,4.010025,0.2506266,0,66.66667,28.3208,0,0
2022-06-17 01:45:42,0,0,0,0,0,92.96482,6.78392,0.2512563,0
2022-06-17 01:45:41,0,0,0.2493766,0,0,87.2818,11.970075,0.2493766,0
2022-06-17 01:45:40,0,0,0,0,0,89.25,10.75,0,0
2022-06-17 01:45:39,0,0,0,0,0,88.75,11.25,0,0
2022-06-17 01:45:38,0,0,0,0,0,91,8.75,0.25,0
2022-06-17 01:45:37,0,0,0,0,0,89.25,10.75,0,0
2022-06-17 01:45:36,0,0,0,0,0,65.5,34.25,0.25,0
2022-06-17 01:45:35,0,0,2.487562,0.2487562,0,52.98507,44.02985,0,0
2022-06-17 01:45:34,0,0,8.883249,0.5076142,0,63.95939,24.36548,0.2538071,0
2022-06-17 01:45:33,0,0,3.266332,0.5025126,0,71.60804,23.36683,0,0
2022-06-17 01:45:32,0,0,0,0,0,93.73434,6.015038,0.2506266,0
2022-06-17 01:45:31,0,0,0.2506266,0,0,87.21805,12.531328,0,0
2022-06-17 01:45:30,0,0,0,0,0,89.55224,10.199005,0.2487562,0
2022-06-17 01:45:29,0,0,0,0,0,89.27681,10.723192,0,0
2022-06-17 01:45:28,0,0,0,0,0,89.25,10.75,0,0
2022-06-17 01:45:27,0,0,0,0,0,88.97243,11.027569,0,0
2022-06-17 01:45:26,0,0,0,0,0,60.90226,39.09774,0,0
2022-06-17 01:45:25,0,0,3.491272,0,0,54.61347,41.39651,0.2493766,0
2022-06-17 01:45:24,0,0,8.168317,0.7425743,0,61.13861,28.46535,0,0.2475248
2022-06-17 01:45:23,0,0,3.02267,0.2518892,0,78.33753,17.63224,0,0
2022-06-17 01:45:22,0,0,0,0,0,91.27182,8.478803,0.2493766,0
2022-06-17 01:45:21,0,0,0,0,0,91.70854,8.040201,0.2512563,0
2022-06-17 01:45:20,0,0,0,0,0,88.25,11.5,0.25,0
2022-06-17 01:45:19,0,0,0,0,0,91.72932,8.270677,0,0
2022-06-17 01:45:18,0,0,0,0,0,91.27182,8.478803,0.2493766,0
2022-06-17 01:45:17,0,0,0,0,0,85,15,0,0
2022-06-17 01:45:16,0,0,0,0,0,60.25,39.75,0,0
2022-06-17 01:45:15,0,0,5.012531,0.2506266,0,54.88722,39.09774,0,0
2022-06-17 01:45:14,0,0,7.425743,0.4950495,0,64.85149,24.50495,0.2475248,0
2022-06-17 01:45:13,0,0,1.995012,0.2493766,0,80.04988,16.708229,0.2493766,0.2493766
2022-06-17 01:45:12,0,0,0.2506266,0,0,89.47368,10.025063,0.2506266,0
2022-06-17 01:45:11,0,0,0,0,0,88.97243,11.027569,0,0
2022-06-17 01:45:10,0,0,0,0,0,90.25,9.75,0,0
2022-06-17 01:45:09,0,0,0,0,0,90,9.75,0.25,0
2022-06-17 01:45:08,0,0,0.2493766,0,0,89.27681,10.473815,0,0
2022-06-17 01:45:07,0,0,0,0,0,87.25,12.5,0.25,0
2022-06-17 01:45:06,0,0,0,0,0,54.25,45.75,0,0
2022-06-17 01:45:05,0,0,4.260652,0,0,57.14286,36.09023,0.2506266,0
2022-06-17 01:45:04,0,0,8.75,0.25,0,61.75,27.5,0,0
2022-06-17 01:45:03,0,0,1.25,0,0,82.25,15.75,0.5,0
2022-06-17 01:45:02,0,0,0.2518892,0,0,89.92443,9.823678,0,0
2022-06-17 01:45:01,0,0,0,0,0,90.5,9.25,0.25,0
2022-06-17 01:45:00,0,0,0,0,0,88.5,11.5,0,0
2022-06-17 01:44:59,0,0,0,0,0,91.25,8.5,0.25,0
2022-06-17 01:44:58,0,0,0.7518797,0,0,86.71679,12.531328,0,0
2022-06-17 01:44:57,0,0,0.2493766,0,0,86.28429,13.216958,0.2493766,0
2022-06-17 01:44:56,0,0,0,0,0,45.88529,53.86534,0.2493766,0
2022-06-17 01:44:55,0,0,6.015038,0.5012531,0,62.40602,30.32581,0,0
2022-06-17 01:44:54,0,0,8.5,0.25,0,63.5,26,0.25,0.25
2022-06-17 01:44:53,0,0,0,0,0,87.5,12.25,0,0
2022-06-17 01:44:52,0,0,0.2518892,0,0,90.6801,8.816121,0.2518892,0
2022-06-17 01:44:51,0,0,0,0,0,89,11,0,0
2022-06-17 01:44:50,0,0,0.2493766,0,0,89.02743,10.723192,0,0
2022-06-17 01:44:49,0,0,0,0,0,90.97744,9.022556,0,0
2022-06-17 01:44:48,0,0,0,0,0,89.52618,10.224439,0.2493766,0
2022-06-17 01:44:47,0,0,0,0,0,82,17.5,0.25,0
2022-06-17 01:44:46,0,0,0,0,0,44.38903,55.61097,0,0
2022-06-17 01:44:45,0,0,7.75,0.25,0,62.25,25.5,0.25,0.25
2022-06-17 01:44:44,0,0,7,0.5,0,60.25,31,0.25,0
2022-06-17 01:44:43,0,0,0,0,0,93.48371,6.015038,0.5012531,0
2022-06-17 01:44:42,0,0,0,0,0,88.69347,11.306533,0,0
2022-06-17 01:44:41,0,0,0,0,0,91.5212,8.478803,0,0
2022-06-17 01:44:40,0,0,0,0,0,88.5,11.25,0.25,0
2022-06-17 01:44:39,0,0,0,0,0,91,9,0,0
2022-06-17 01:44:38,0,0,0,0,0,90.5,9.5,0,0
2022-06-17 01:44:37,0,0,0,0,0,80.25,19.75,0,0
2022-06-17 01:44:36,0,0,0.2487562,0,0,46.26866,53.23383,0.2487562,0
2022-06-17 01:44:35,0,0,8.25,0.25,0,67.5,23.75,0.25,0
2022-06-17 01:44:34,0,0,6.483791,0.4987531,0,61.09726,30.17456,0.2493766,0.2493766
2022-06-17 01:44:33,0,0,0,0,0,93.71859,6.281407,0,0
2022-06-17 01:44:32,0,0,0.2493766,0,0,87.53117,11.970075,0.2493766,0
2022-06-17 01:44:31,0,0,0,0,0,90.75,9.25,0,0
2022-06-17 01:44:30,0,0,0,0,0,89.25,10.75,0,0
2022-06-17 01:44:29,0,0,0,0,0,88.75,11,0.25,0
2022-06-17 01:44:28,0,0,0,0,0,90.25,9.75,0,0
2022-06-17 01:44:27,0,0,0,0,0,73.25,26.5,0.25,0
2022-06-17 01:44:26,0,0,0.9975062,0,0,47.8803,50.87282,0,0
2022-06-17 01:44:25,0,0,8.706468,0.2487562,0,67.66169,22.38806,0.4975124,0
2022-06-17 01:44:24,0,0,4.75,0.25,0,64,29.25,0,0.25
2022-06-17 01:44:23,0,0,0,0,0,94.71033,5.289673,0,0
2022-06-17 01:44:22,0,0,0.2493766,0,0,85.53616,14.214464,0,0
2022-06-17 01:44:21,0,0,0,0,0,89.75,10.25,0,0
2022-06-17 01:44:20,0,0,0,0,0,92,7.75,0.25,0
2022-06-17 01:44:19,0,0,0,0,0,87.75,12.25,0,0
2022-06-17 01:44:18,0,0,0,0,0,87.5,12.5,0,0
2022-06-17 01:44:17,0,0,0,0,0,65.5,34.5,0,0
2022-06-17 01:44:16,0,0,1.4962594,0,0,51.62095,46.63342,0.2493766,0
2022-06-17 01:44:15,0,0,10.199005,0.4975124,0,66.66667,22.38806,0,0
2022-06-17 01:44:14,0,0,3.007519,0.2506266,0,69.42356,25.81454,0.2506266,0
2022-06-17 01:44:13,0,0,0.2506266,0,0,93.48371,6.265664,0,0
2022-06-17 01:44:12,0,0,0,0,0,86.71679,13.283208,0,0
2022-06-17 01:44:11,0,0,0,0,0,90.75,9,0.25,0
2022-06-17 01:44:10,0,0,0,0,0,91.75,8.25,0,0
2022-06-17 01:44:09,0,0,0,0,0,87.75,12.25,0,0
2022-06-17 01:44:08,0,0,0,0,0,89.77556,9.975062,0.2493766,0
2022-06-17 01:44:07,0,0,0,0,0,62,37.75,0.25,0
2022-06-17 01:44:06,0,0,2.493766,0.2493766,0,55.3616,41.14713,0,0.2493766
2022-06-17 01:44:05,0,0,10.25,0.25,0,65,22.25,0.25,0.25
2022-06-17 01:44:04,0,0,1.99005,0,0,72.38806,24.87562,0.2487562,0
2022-06-17 01:44:03,0,0,0,0,0,93.43434,6.313131,0,0
2022-06-17 01:44:02,0,0,0,0,0,89.02743,10.723192,0.2493766,0
2022-06-17 01:44:01,0,0,0,0,0,90.25,9.75,0,0
2022-06-17 01:44:00,0,0,0,0,0,92.4812,7.518797,0,0
2022-06-17 01:43:59,0,0,0,0,0,87.5,12.5,0,0
2022-06-17 01:43:58,0,0,0.4987531,0,0,89.02743,10.224439,0.2493766,0
2022-06-17 01:43:57,0,0,0,0,0,52,48,0,0
2022-06-17 01:43:56,0,0,3.473945,0.248139,0,59.30521,36.47643,0.248139,0
2022-06-17 01:43:55,0,0,9.848485,1.010101,0,64.89899,22.72727,0.2525253,0
2022-06-17 01:43:54,0,0,1.25,0,0,79.25,18.75,0,0
2022-06-17 01:43:53,0,0,0,0,0,91.20603,8.542714,0,0
2022-06-17 01:43:52,0,0,0.25,0,0,88,11.75,0,0
2022-06-17 01:43:51,0,0,0,0,0,89,10.75,0.25,0
2022-06-17 01:43:50,0,0,0,0,0,93.25,6.75,0,0
2022-06-17 01:43:49,0,0,0,0,0,88.25,11.75,0,0
2022-06-17 01:43:48,0,0,0,0,0,88.02993,11.720698,0.2493766,0
2022-06-17 01:43:47,0,0,0,0,0,48.62155,51.37845,0,0
2022-06-17 01:43:46,0,0,4.5,0,0,61.75,32.5,0.25,0
2022-06-17 01:43:45,0,0,9.774436,0.2506266,0,61.15288,25.56391,0.2506266,0.2506266
2022-06-17 01:43:44,0,0,0.5,0,0,83.5,15.5,0.25,0
2022-06-17 01:43:43,0,0,0.2506266,0,0,89.22306,10.526316,0,0
2022-06-17 01:43:42,0,0,0,0,0,89.75,10.25,0,0
2022-06-17 01:43:41,0,0,0,0,0,90.72682,9.022556,0.2506266,0
2022-06-17 01:43:40,0,0,0,0,0,91.25,8.5,0.25,0
2022-06-17 01:43:39,0,0,0,0,0,89.77556,10.224439,0,0
2022-06-17 01:43:38,0,0,0,0,0,86.75,13.25,0,0
2022-06-17 01:43:37,0,0,0,0,0,47.36842,52.63158,0,0
2022-06-17 01:43:36,0,0,5.25,0,0,63,30,0.25,0
2022-06-17 01:43:35,0,0,9.547739,0.5025126,0,60.30151,26.88442,0.2512563,0.2512563
2022-06-17 01:43:34,0,0,0.2506266,0,0,83.20802,15.789474,0.2506266,0
2022-06-17 01:43:33,0,0,0,0,0,90.20101,9.798995,0,0
2022-06-17 01:43:32,0,0,0.2506266,0,0,88.22055,11.528822,0,0
2022-06-17 01:43:31,0,0,0,0,0,87.78055,12.219451,0,0
2022-06-17 01:43:30,0,0,0,0,0,91.5,8,0.5,0
2022-06-17 01:43:29,0,0,0,0,0,87.75,12.25,0,0
2022-06-17 01:43:28,0,0,0,0,0,87,13,0,0
2022-06-17 01:43:27,0,0,0,0,0,43,56.75,0.25,0
2022-06-17 01:43:26,0,0,5.721393,0.7462687,0,67.16418,25.87065,0,0
2022-06-17 01:43:25,0,0,8.060453,0.2518892,0,61.71285,28.21159,0.2518892,0
2022-06-17 01:43:24,0,0,0,0,0,91.77057,7.98005,0.2493766,0
2022-06-17 01:43:23,0,0,0.2506266,0,0,87.7193,11.779449,0.2506266,0
2022-06-17 01:43:22,0,0,0,0,0,87.68844,12.311558,0,0
2022-06-17 01:43:21,0,0,0,0,0,90.04975,9.701493,0.2487562,0
2022-06-17 01:43:20,0,0,0,0,0,89.47368,10.526316,0,0
2022-06-17 01:43:19,0,0,0,0,0,90.75,9,0.25,0
2022-06-17 01:43:18,0,0,0,0,0,79,21,0,0
2022-06-17 01:43:17,0,0,0,0,0,40.10025,59.89975,0,0
2022-06-17 01:43:16,0,0,7.960199,0.2487562,0,67.16418,22.88557,0.2487562,0
2022-06-17 01:43:15,0,0,6.218905,0.4975124,0,58.20896,33.58209,0.4975124,0.2487562
2022-06-17 01:43:14,0,0,0,0,0,92.46231,7.035176,0.5025126,0
2022-06-17 01:43:13,0,0,0.25,0,0,87.25,12.5,0,0
2022-06-17 01:43:12,0,0,0,0,0,88.5,11.5,0,0
2022-06-17 01:43:11,0,0,0,0,0,89.75,10.25,0,0
2022-06-17 01:43:10,0,0,0,0,0,89.97494,9.774436,0.2506266,0
2022-06-17 01:43:09,0,0,0,0,0,90.25,9.75,0,0
2022-06-17 01:43:08,0,0,0,0,0,75,24.75,0.25,0
2022-06-17 01:43:07,0,0,1.4888337,0,0,46.40199,52.10918,0,0
2022-06-17 01:43:06,0,0,8.291457,0.7537688,0,65.07538,23.61809,0.2512563,0
2022-06-17 01:43:05,0,0,4.75,0.25,0,62.5,31,0,0.25
2022-06-17 01:43:04,0,0,0.2506266,0,0,94.23559,5.263158,0.2506266,0
2022-06-17 01:43:03,0,0,0,0,0,87.75,12,0.25,0
2022-06-17 01:43:02,0,0,0,0,0,89.25,10.75,0,0
2022-06-17 01:43:01,0,0,0,0,0,91.22807,8.77193,0,0
2022-06-17 01:43:00,0,0,0,0,0,88.75,11.25,0,0
2022-06-17 01:42:59,0,0,0,0,0,88.75,11,0.25,0
2022-06-17 01:42:58,0,0,0.4987531,0,0,67.33167,31.9202,0.2493766,0
2022-06-17 01:42:57,0,0,1.2562814,0,0,49.24623,47.98995,0,0
2022-06-17 01:42:56,0,0,9.571788,0.2518892,0,62.97229,22.92191,0.2518892,0.5037783
2022-06-17 01:42:55,0,0,3.5,0,0,68,27.25,0.25,0.25
2022-06-17 01:42:54,0,0,0.2512563,0,0,93.71859,6.030151,0,0
2022-06-17 01:42:53,0,0,0.5,0,0,86,13.5,0,0
2022-06-17 01:42:52,0,0,0.25,0,0,89.75,9.75,0.25,0
2022-06-17 01:42:51,0,0,0.75,0,0,90.25,8.5,0,0.25
2022-06-17 01:42:50,0,0,0,0,0,88.5,11.5,0,0
2022-06-17 01:42:49,0,0,0,0,0,90.5,9.25,0.25,0
2022-06-17 01:42:48,0,0,0,0,0,65.5,34.5,0,0
2022-06-17 01:42:47,0,0,1.995012,0,0,51.37157,46.38404,0,0
2022-06-17 01:42:46,0,0,9.975062,0.2493766,0,66.83292,21.19701,0.2493766,0
2022-06-17 01:42:45,0,0,2.244389,0.2493766,0,69.57606,26.18454,0.2493766,0
2022-06-17 01:42:44,0,0,0.2512563,0,0,93.21608,6.281407,0.2512563,0
2022-06-17 01:42:43,0,0,0.25,0,0,86,13.75,0,0
2022-06-17 01:42:42,0,0,0,0,0,89.02743,10.972569,0,0
2022-06-17 01:42:41,0,0,0,0,0,91.75,8.25,0,0
2022-06-17 01:42:40,0,0,0,0,0,87,12.75,0.25,0
2022-06-17 01:42:39,0,0,0,0,0,89.25,10.75,0,0
2022-06-17 01:42:38,0,0,0,0,0,58.89724,41.10276,0,0
2022-06-17 01:42:37,0,0,2.244389,0,0,54.61347,41.89526,0,0
2022-06-17 01:42:36,0,0,9.90099,0.2475248,0,62.87129,23.51485,0.2475248,0.2475248
2022-06-17 01:42:35,0,0,1.754386,0.2506266,0,72.6817,24.5614,0,0
2022-06-17 01:42:34,0,0,0.25,0,0,93.5,6,0.25,0
2022-06-17 01:42:33,0,0,0,0,0,85.75,13.75,0.25,0
2022-06-17 01:42:32,0,0,0,0,0,90.22556,9.774436,0,0
2022-06-17 01:42:31,0,0,0,0,0,92.5,7.25,0.25,0
2022-06-17 01:42:30,0,0,0,0,0,89.77556,10.224439,0,0
2022-06-17 01:42:29,0,0,0,0,0,87.21805,12.531328,0.2506266,0
2022-06-17 01:42:28,0,0,0,0,0,51.62095,48.37905,0,0
2022-06-17 01:42:27,0,0,3.722084,0.248139,0,55.58313,38.70968,0.248139,0.248139
2022-06-17 01:42:26,0,0,9.798995,0.2512563,0,60.05025,26.38191,0.2512563,0.2512563
2022-06-17 01:42:25,0,0,1.2437811,0,0,79.10448,19.15423,0.2487562,0
2022-06-17 01:42:24,0,0,0.2512563,0,0,90.95477,8.542714,0.2512563,0
2022-06-17 01:42:23,0,0,0.2487562,0.2487562,0,88.0597,11.442786,0,0
2022-06-17 01:42:22,0,0,0,0,0,89.47368,10.526316,0,0
2022-06-17 01:42:21,0,0,2.5,0,0,87,10,0.25,0
2022-06-17 01:42:20,0,0,1.2531328,0,0,86.71679,12.030075,0,0
2022-06-17 01:42:19,0,0,0,0,0,89,11,0,0
2022-06-17 01:42:18,0,0,0,0,0,51.75,48,0.25,0
2022-06-17 01:42:17,0,0,3.703704,0.2469136,0,59.25926,34.32099,0.4938272,0
2022-06-17 01:42:16,0,0,9.343434,0.2525253,0,61.61616,25.25253,0,0.2525253
2022-06-17 01:42:15,0,0,1.2468828,0,0,79.8005,18.20449,0.2493766,0
2022-06-17 01:42:14,0,0,0,0,0,90.95477,8.79397,0.2512563,0
2022-06-17 01:42:13,0,0,0,0,0,86.25,13.5,0.25,0
2022-06-17 01:42:12,0,0,0,0,0,89.5,10.5,0,0
2022-06-17 01:42:11,0,0,0.25,0,0,90.5,9.25,0,0
2022-06-17 01:42:10,0,0,0,0,0,88.75,11,0.25,0
2022-06-17 01:42:09,0,0,0,0,0,89.52618,10.473815,0,0
2022-06-17 01:42:08,0,0,0,0,0,43.6409,56.10973,0.2493766,0
2022-06-17 01:42:07,0,0,4.75,0.25,0,62.25,31,0,0
2022-06-17 01:42:06,0,0,9.226933,0,0,59.85037,28.17955,0.2493766,0.2493766
2022-06-17 01:42:05,0,0,0.2487562,0,0,84.32836,14.676617,0.2487562,0.2487562
2022-06-17 01:42:04,0,0,0.2512563,0,0,91.20603,8.542714,0,0
2022-06-17 01:42:03,0,0,0,0,0,90.77307,8.977556,0.2493766,0
2022-06-17 01:42:02,0,0,0,0,0,87.25,12.5,0.25,0
2022-06-17 01:42:01,0,0,0,0,0,91.97995,8.02005,0,0
2022-06-17 01:42:00,0,0,0,0,0,88.02993,11.970075,0,0
2022-06-17 01:41:59,0,0,0,0,0,86.46617,13.533835,0,0
2022-06-17 01:41:58,0,0,0.4987531,0,0,39.90025,59.35162,0.2493766,0
2022-06-17 01:41:57,0,0,5.25,0,0,63.5,29.75,0,0
2022-06-17 01:41:56,0,0,8.955224,0.4975124,0,55.72139,33.33333,0.2487562,0
2022-06-17 01:41:55,0,0,0.25,0.25,0,88.25,10.5,0.25,0
2022-06-17 01:41:54,0,0,0.2506266,0,0,90.47619,9.273183,0,0
2022-06-17 01:41:53,0,0,0,0,0,89.5,10.5,0,0
2022-06-17 01:41:52,0,0,0,0,0,88,11.75,0.25,0
2022-06-17 01:41:51,0,0,0,0,0,91.72932,8.270677,0,0
2022-06-17 01:41:50,0,0,0,0,0,88.77805,11.221945,0,0
2022-06-17 01:41:49,0,0,0,0,0,83.75,16,0.25,0
2022-06-17 01:41:48,0,0,0,0,0,45.5,54.5,0,0
2022-06-17 01:41:47,0,0,6.965174,0.2487562,0,64.42786,27.61194,0,0.2487562
2022-06-17 01:41:46,0,0,7.518797,0.2506266,0,59.89975,30.07519,0.2506266,0
2022-06-17 01:41:45,0,0,0,0,0,91.20603,8.542714,0.2512563,0
2022-06-17 01:41:44,0,0,0,0,0,90,9.75,0.25,0
2022-06-17 01:41:43,0,0,0,0,0,88.75,11.25,0,0
2022-06-17 01:41:42,0,0,0,0,0,90.5,9.5,0,0
2022-06-17 01:41:41,0,0,0,0,0,90.75,9,0.25,0
2022-06-17 01:41:40,0,0,0,0,0,89.5,10.25,0.25,0
2022-06-17 01:41:39,0,0,0,0,0,78,22,0,0
2022-06-17 01:41:38,0,0,0.25,0,0,46.75,53,0,0
2022-06-17 01:41:37,0,0,8.478803,0.4987531,0,63.59102,24.93766,0.2493766,0.2493766
2022-06-17 01:41:36,0,0,5.985037,0.2493766,0,59.35162,33.16708,0.2493766,0
2022-06-17 01:41:35,0,0,0.25,0,0,94,5.5,0.25,0
2022-06-17 01:41:34,0,0,0,0.25,0,88.25,11.5,0,0
2022-06-17 01:41:33,0,0,0,0,0,89,10.75,0.25,0
2022-06-17 01:41:32,0,0,0,0,0,90,9.75,0.25,0
2022-06-17 01:41:31,0,0,0,0,0,88.97243,11.027569,0,0
2022-06-17 01:41:30,0,0,0,0,0,88.77805,10.972569,0.2493766,0
2022-06-17 01:41:29,0,0,0,0,0,74.18546,25.81454,0,0
2022-06-17 01:41:28,0,0,0.9950249,0,0,45.02488,53.48259,0.2487562,0
2022-06-17 01:41:27,0,0,8.933002,0.4962779,0,63.52357,23.82134,0.248139,0.4962779
2022-06-17 01:41:26,0,0,4.228856,0,0,67.16418,27.11443,0.2487562,0.2487562
2022-06-17 01:41:25,0,0,0,0,0,94.23559,5.513784,0.2506266,0
2022-06-17 01:41:24,0,0,0.2506266,0,0,86.46617,13.283208,0,0
2022-06-17 01:41:23,0,0,0,0,0,90.47619,9.52381,0,0
2022-06-17 01:41:22,0,0,0,0,0,91.77057,7.98005,0.2493766,0
2022-06-17 01:41:21,0,0,0,0,0,87.7193,12.280702,0,0
2022-06-17 01:41:20,0,0,0,0,0,89.77556,9.975062,0.2493766,0
2022-06-17 01:41:19,0,0,0,0,0,63.5,36.5,0,0
2022-06-17 01:41:18,0,0,1.5075377,0,0,51.25628,46.98492,0,0
2022-06-17 01:41:17,0,0,10,0.25,0,63.25,22.75,0.25,0
2022-06-17 01:41:16,0,0,2.506266,0,0,71.92982,24.81203,0,0
2022-06-17 01:41:15,0,0,0,0,0,94.45844,5.289673,0.2518892,0
2022-06-17 01:41:14,0,0,0,0,0,87,12.75,0.25,0
2022-06-17 01:41:13,0,0,0,0,0,88.52868,11.471322,0,0
2022-06-17 01:41:12,0,0,0,0,0,93,6.75,0.25,0
2022-06-17 01:41:11,0,0,0,0,0,89.25,10.75,0,0
2022-06-17 01:41:10,0,0,0,0,0,88.25,11.75,0,0
2022-06-17 01:41:09,0,0,0,0,0,60.5,39.25,0.25,0
2022-06-17 01:41:08,0,0,2.736318,0.2487562,0,55.72139,41.29353,0,0
2022-06-17 01:41:07,0,0,9.75,0.25,0,67.5,20.75,0.25,0
2022-06-17 01:41:06,0,0,1.4925373,0,0,72.38806,24.87562,0.2487562,0.2487562
2022-06-17 01:41:05,0,0,0,0,0,93.23308,6.516291,0.2506266,0
2022-06-17 01:41:04,0,0,0,0,0,87.18593,12.81407,0,0
2022-06-17 01:41:03,0,0,0,0,0,89.25,10.75,0,0
2022-06-17 01:41:02,0,0,0,0,0,92.25,7.75,0,0
2022-06-17 01:41:01,0,0,0.2493766,0,0,87.78055,11.970075,0,0
2022-06-17 01:41:00,0,0,0,0,0,88.77805,10.972569,0.2493766,0
2022-06-17 01:40:59,0,0,0,0,0,50.5,49,0.25,0
2022-06-17 01:40:58,0,0,4,0,0,59.25,36.5,0,0
2022-06-17 01:40:57,0,0,9.75,0.5,0,62.5,24,0.25,0.25
2022-06-17 01:40:56,0,0,0.990099,0,0,78.21782,20.29703,0.2475248,0
2022-06-17 01:40:55,0,0,0,0,0,90.17632,9.823678,0,0
2022-06-17 01:40:54,0,0,0,0,0,89.75,10,0.25,0
2022-06-17 01:40:53,0,0,0,0,0,89.75,10.25,0,0
2022-06-17 01:40:52,0,0,0,0,0,93,6.75,0.25,0
2022-06-17 01:40:51,0,0,0,0,0,88.77805,11.221945,0,0
2022-06-17 01:40:50,0,0,0.25,0,0,86,13.75,0,0
2022-06-17 01:40:49,0,0,0,0,0,45.61404,54.38596,0,0
2022-06-17 01:40:48,0,0,4.75,0.25,0,64.5,29.25,0.25,0
2022-06-17 01:40:47,0,0,8.977556,0.2493766,0,56.10973,31.42145,0.2493766,0.2493766
2022-06-17 01:40:46,0,0,0.5,0,0,86.75,12.5,0.25,0
2022-06-17 01:40:45,0,0,0.2512563,0,0,89.69849,9.798995,0,0
2022-06-17 01:40:44,0,0,0,0,0,89.77556,9.975062,0.2493766,0
2022-06-17 01:40:43,0,0,0,0,0,89.69849,10.301508,0,0
2022-06-17 01:40:42,0,0,0,0,0,92.5187,7.481297,0,0
2022-06-17 01:40:41,0,0,0,0,0,89.5,10.5,0,0
2022-06-17 01:40:40,0,0,0,0,0,86.71679,13.283208,0,0
2022-06-17 01:40:39,0,0,0,0,0,41.5,58.25,0.25,0
2022-06-17 01:40:38,0,0,5.940594,0.4950495,0,64.85149,27.9703,0,0
2022-06-17 01:40:37,0,0,7.98005,0.2493766,0,60.84788,28.42893,0.2493766,0.2493766
2022-06-17 01:40:36,0,0,0,0,0,87.46867,12.280702,0.2506266,0
2022-06-17 01:40:35,0,0,0.2512563,0,0,90.20101,9.296482,0.2512563,0
2022-06-17 01:40:34,0,0,0,0,0,90,10,0,0
2022-06-17 01:40:33,0,0,0,0,0,90.5,9.5,0,0
2022-06-17 01:40:32,0,0,0,0,0,91.5,8.5,0,0
2022-06-17 01:40:31,0,0,0.25,0,0,89.25,10.25,0.25,0
2022-06-17 01:40:30,0,0,0,0,0,82.04489,17.95511,0,0
2022-06-17 01:40:29,0,0,0,0,0,44,56,0,0
2022-06-17 01:40:28,0,0,7.711443,0.2487562,0,62.93532,26.86567,0,0
2022-06-17 01:40:27,0,0,6.716418,0.2487562,0,59.20398,31.34328,0,0.2487562
2022-06-17 01:40:26,0,0,0,0,0,90.97744,9.022556,0,0
2022-06-17 01:40:25,0,0,0.2493766,0,0,86.53367,12.967581,0.2493766,0
2022-06-17 01:40:24,0,0,0,0,0,90,10,0,0
2022-06-17 01:40:23,0,0,0,0,0,91.25,8.5,0.25,0
2022-06-17 01:40:22,0,0,0,0,0,90.75,9.25,0,0
2022-06-17 01:40:21,0,0,0,0,0,88.97243,11.027569,0,0
2022-06-17 01:40:20,0,0,0,0,0,77.5,22.5,0,0
2022-06-17 01:40:19,0,0,0.7481297,0,0,43.89027,54.86284,0.2493766,0
2022-06-17 01:40:18,0,0,7.98005,0.2493766,0,66.33416,22.69327,0.2493766,0
2022-06-17 01:40:17,0,0,5.25,0.5,0,62.5,30.25,0,0.25
2022-06-17 01:40:16,0,0,0,0,0,94.23559,5.513784,0.2506266,0
2022-06-17 01:40:15,0,0,0.25,0,0,88.5,11,0.25,0
2022-06-17 01:40:14,0,0,0,0,0,91,8.75,0.25,0
2022-06-17 01:40:13,0,0,0,0,0,90.02494,9.725686,0.2493766,0
2022-06-17 01:40:12,0,0,0,0,0,88.97243,11.027569,0,0
2022-06-17 01:40:11,0,0,0,0,0,90,9.75,0.25,0
2022-06-17 01:40:10,0,0,0,0,0,72.56858,27.18204,0.2493766,0
2022-06-17 01:40:09,0,0,0.4987531,0,0,46.63342,52.36908,0,0
2022-06-17 01:40:08,0,0,8.955224,0.2487562,0,63.68159,23.63184,0,0
2022-06-17 01:40:07,0,0,4.5,0.5,0,65.75,28.75,0,0.25
2022-06-17 01:40:06,0,0,0.2493766,0,0,93.51621,5.985037,0.2493766,0
2022-06-17 01:40:05,0,0,0,0,0,87.5,12,0.25,0
2022-06-17 01:40:04,0,0,0,0,0,90.97744,9.022556,0,0
2022-06-17 01:40:03,0,0,0,0,0,91.75,8,0.25,0
2022-06-17 01:40:02,0,0,0,0,0,87.2818,12.468828,0.2493766,0
2022-06-17 01:40:01,0,0,0,0,0,88.47118,11.278195,0.2506266,0
2022-06-17 01:40:00,0,0,0,0,0,65.33666,34.41397,0.2493766,0
2022-06-17 01:39:59,0,0,1.2531328,0.2506266,0,51.37845,46.11529,0,0
2022-06-17 01:39:58,0,0,9.774436,0.2506266,0,63.65915,23.05764,0.2506266,0.5012531
2022-06-17 01:39:57,0,0,3.5,0.25,0,67,27.25,0.25,0.5
2022-06-17 01:39:56,0,0,0,0,0,95.25,4.5,0.25,0
2022-06-17 01:39:55,0,0,0,0,0,88.25,11.5,0.25,0
2022-06-17 01:39:54,0,0,0,0,0,87.96992,11.779449,0.2506266,0
2022-06-17 01:39:53,0,0,0,0,0,91.25,8.5,0.25,0
2022-06-17 01:39:52,0,0,0,0,0,88,12,0,0
2022-06-17 01:39:51,0,0,0.2487562,0,0,87.56219,11.940299,0.2487562,0
2022-06-17 01:39:50,0,0,0,0,0,67.9198,31.82957,0.2506266,0
2022-06-17 01:39:49,0,0,1.4962594,0,0,51.87032,46.13466,0.2493766,0
2022-06-17 01:39:48,0,0,10.025063,1.0025063,0,66.41604,21.30326,0,0.2506266
2022-06-17 01:39:47,0,0,2.5,0.25,0,68.25,28.75,0,0
2022-06-17 01:39:46,0,0,0,0,0,93.51621,5.985037,0.4987531,0
2022-06-17 01:39:45,0,0,0.25,0,0,85.5,14.25,0,0
2022-06-17 01:39:44,0,0,0,0,0,91.22807,8.521303,0.2506266,0
2022-06-17 01:39:43,0,0,0,0,0,91.75,8,0.25,0
2022-06-17 01:39:42,0,0,0,0,0,86.75,13.25,0,0
2022-06-17 01:39:41,0,0,0,0,0,90,9.75,0.25,0
2022-06-17 01:39:40,0,0,0,0,0,61.5,38.25,0.25,0
2022-06-17 01:39:39,0,0,1.754386,0,0,52.38095,44.86216,0,0
2022-06-17 01:39:38,0,0,9.75,0.5,0,63.25,21.25,0.25,1
2022-06-17 01:39:37,0,0,3.007519,0.2506266,0,67.66917,27.06767,0,0.2506266
2022-06-17 01:39:36,0,0,0,0,0,92.01995,7.481297,0.2493766,0
2022-06-17 01:39:35,0,0,0.25,0,0,85.5,14.25,0,0
2022-06-17 01:39:34,0,0,0,0,0,88.91688,10.831234,0.2518892,0
2022-06-17 01:39:33,0,0,0,0,0,92.25,7.75,0,0
2022-06-17 01:39:32,0,0,0,0,0,89.02743,10.972569,0,0
2022-06-17 01:39:31,0,0,0,0,0,88.97243,11.027569,0,0
2022-06-17 01:39:30,0,0,0,0,0,58.60349,41.14713,0.2493766,0
2022-06-17 01:39:29,0,0,2.25,0,0,55.25,41.5,0,0
2022-06-17 01:39:28,0,0,10.025063,0,0,65.91479,22.55639,0.2506266,0.2506266
2022-06-17 01:39:27,0,0,1.995012,0.2493766,0,73.56608,23.4414,0.2493766,0
2022-06-17 01:39:26,0,0,0,0,0,92.46231,7.537688,0,0
2022-06-17 01:39:25,0,0,0.2506266,0,0,88.22055,11.278195,0.2506266,0
2022-06-17 01:39:24,0,0,0,0,0,89.27681,10.723192,0,0
2022-06-17 01:39:23,0,0,0,0,0,92,7.75,0.25,0
2022-06-17 01:39:22,0,0,0,0,0,89.22306,10.776942,0,0
2022-06-17 01:39:21,0,0,0,0,0,88.25,11.75,0,0
2022-06-17 01:39:20,0,0,0,0,0,52.61845,47.13217,0.2493766,0
2022-06-17 01:39:19,0,0,3.241895,0.2493766,0,57.10723,39.15212,0,0
2022-06-17 01:39:18,0,0,10.050251,0.2512563,0,64.32161,23.11558,0.2512563,0
2022-06-17 01:39:17,0,0,1.2468828,0.2493766,0,76.30923,20.69825,0.4987531,0
2022-06-17 01:39:16,0,0,0,0,0,91.18388,8.816121,0,0
2022-06-17 01:39:15,0,0,0,0,0,88.5,11.5,0,0
2022-06-17 01:39:14,0,0,0,0,0,89.75,10,0.25,0
2022-06-17 01:39:13,0,0,0,0,0,91.75,8.25,0,0
2022-06-17 01:39:12,0,0,0.2493766,0,0,89.02743,10.473815,0.2493766,0
2022-06-17 01:39:11,0,0,0,0,0,88.7218,11.278195,0,0
2022-06-17 01:39:10,0,0,0,0,0,46.88279,52.86783,0.2493766,0
2022-06-17 01:39:09,0,0,4.218362,0,0,59.80149,33.00248,0,0.248139
2022-06-17 01:39:08,0,0,9.547739,0.2512563,0,63.06533,26.38191,0,0
2022-06-17 01:39:07,0,0,0.248139,0,0,82.87841,16.129032,0.248139,0
2022-06-17 01:39:06,0,0,0,0,0,90.20101,9.798995,0,0
2022-06-17 01:39:05,0,0,0,0,0,90.97744,9.022556,0,0
2022-06-17 01:39:04,0,0,0,0,0,87.78055,11.970075,0.2493766,0
2022-06-17 01:39:03,0,0,0.2506266,0,0,91.22807,8.521303,0,0
2022-06-17 01:39:02,0,0,0,0,0,89.52618,10.473815,0,0
2022-06-17 01:39:01,0,0,0,0,0,87,12.75,0.25,0
2022-06-17 01:39:00,0,0,0,0,0,44.5,55.25,0.25,0
2022-06-17 01:38:59,0,0,5.5,0.5,0,65.25,26.25,0,0.25
2022-06-17 01:38:58,0,0,9,0.75,0,57.25,29.75,0.25,0.25
2022-06-17 01:38:57,0,0,0,0,0,88.2793,11.471322,0.2493766,0
2022-06-17 01:38:56,0,0,0.2512563,0,0,90.20101,9.296482,0.2512563,0
2022-06-17 01:38:55,0,0,0,0,0,90,9.75,0.25,0
2022-06-17 01:38:54,0,0,0,0,0,86.68342,13.316583,0,0
2022-06-17 01:38:53,0,0,0,0,0,90,10,0,0
2022-06-17 01:38:52,0,0,0,0,0,88.75,11.25,0,0
2022-06-17 01:38:51,0,0,0,0,0,87.75,12,0.25,0
2022-06-17 01:38:50,0,0,0,0,0,38.65337,61.09726,0.2493766,0
2022-06-17 01:38:49,0,0,6.467662,0.4975124,0,68.65672,24.12935,0,0
2022-06-17 01:38:48,0,0,8.25,0.25,0,61.5,29.75,0.25,0
2022-06-17 01:38:47,0,0,0,0,0,90.5,8.75,0.5,0
2022-06-17 01:38:46,0,0,0,0,0,89.44724,10.552764,0,0
2022-06-17 01:38:45,0,0,0,0,0,89.25,10.75,0,0
2022-06-17 01:38:44,0,0,0.2493766,0,0,89.27681,10.224439,0.2493766,0
2022-06-17 01:38:43,0,0,0,0,0,89.75,10,0.25,0
2022-06-17 01:38:42,0,0,0,0,0,89,11,0,0
2022-06-17 01:38:41,0,0,0,0,0,79.44862,20.55138,0,0
2022-06-17 01:38:40,0,0,0,0,0,45.61404,54.38596,0,0
2022-06-17 01:38:39,0,0,8.188586,0.248139,0,61.04218,28.53598,0.248139,0.4962779
2022-06-17 01:38:38,0,0,6.766917,0,0,62.90727,29.57393,0.2506266,0
2022-06-17 01:38:37,0,0,0.2493766,0,0,92.26933,6.982544,0.2493766,0
2022-06-17 01:38:36,0,0,0,0,0,88.44221,11.557789,0,0
2022-06-17 01:38:35,0,0,0,0,0,89.5,10.5,0,0
2022-06-17 01:38:34,0,0,0,0,0,91.25,8.75,0,0
2022-06-17 01:38:33,0,0,0.25,0,0,91.25,8.5,0,0
2022-06-17 01:38:32,0,0,0,0,0,88.2793,11.720698,0,0
2022-06-17 01:38:31,0,0,0,0,0,73.68421,26.06516,0.2506266,0
2022-06-17 01:38:30,0,0,0.75,0,0,47.5,51.75,0,0
2022-06-17 01:38:29,0,0,8.706468,0.2487562,0,64.1791,24.12935,0.2487562,0.4975124
2022-06-17 01:38:28,0,0,5.276382,0,0,64.32161,28.1407,0,0
2022-06-17 01:38:27,0,0,0,0,0,94.25,5.5,0.25,0
2022-06-17 01:38:26,0,0,0.2518892,0,0,88.91688,10.831234,0,0
2022-06-17 01:38:25,0,0,0,0,0,90.52369,9.226933,0.2493766,0
2022-06-17 01:38:24,0,0,0.25,0,0,88.75,11,0,0
2022-06-17 01:38:23,0,0,0,0,0,89.5,10.5,0,0
2022-06-17 01:38:22,0,0,0,0,0,90,9.75,0.25,0
2022-06-17 01:38:21,0,0,0,0,0,68.25,31.75,0,0
2022-06-17 01:38:20,0,0,1.745636,0.2493766,0,48.37905,48.87781,0,0
2022-06-17 01:38:19,0,0,9.452736,0.2487562,0,66.66667,22.1393,0.2487562,0.2487562
2022-06-17 01:38:18,0,0,3.258145,0,0,70.42607,25.56391,0,0
2022-06-17 01:38:17,0,0,0.2506266,0,0,92.73183,7.017544,0,0
2022-06-17 01:38:16,0,0,0,0,0,87,12.75,0.25,0
2022-06-17 01:38:15,0,0,0,0,0,88.94472,11.055276,0,0
2022-06-17 01:38:14,0,0,0,0,0,90.27431,9.476309,0.2493766,0
2022-06-17 01:38:13,0,0,0,0,0,89.77556,9.975062,0.2493766,0
2022-06-17 01:38:12,0,0,0,0,0,89.72431,10.275689,0,0
2022-06-17 01:38:11,0,0,0,0,0,59,40.75,0.25,0
2022-06-17 01:38:10,0,0,3.25,0,0,54,41.25,0.25,0.25
2022-06-17 01:38:09,0,0,9.476309,0.4987531,0,66.08479,22.94264,0.2493766,0
2022-06-17 01:38:08,0,0,1.5037594,0,0,75.93985,22.30576,0.2506266,0
2022-06-17 01:38:07,0,0,0.2518892,0,0,91.68766,8.060453,0,0
2022-06-17 01:38:06,0,0,0,0,0,88.77805,11.221945,0,0
2022-06-17 01:38:05,0,0,0,0,0,87.5,12.25,0.25,0
2022-06-17 01:38:04,0,0,0,0,0,92,8,0,0
2022-06-17 01:38:03,0,0,0,0,0,90.25,9.75,0,0
2022-06-17 01:38:02,0,0,0,0,0,87.5,12.25,0.25,0
2022-06-17 01:38:01,0,0,0,0,0,52,48,0,0
2022-06-17 01:38:00,0,0,4.010025,0,0,58.14536,35.08772,0.2506266,0
2022-06-17 01:37:59,0,0,9.226933,0.2493766,0,61.34663,25.68579,0,0.4987531
2022-06-17 01:37:58,0,0,1.4925373,0,0,77.8607,19.65174,0.2487562,0.2487562
2022-06-17 01:37:57,0,0,0,0,0,91.4787,8.521303,0,0
2022-06-17 01:37:56,0,0,0.25,0,0,87.75,12,0,0
2022-06-17 01:37:55,0,0,0,0,0,90,9.75,0.25,0
2022-06-17 01:37:54,0,0,0,0,0,91.25,8.75,0,0
2022-06-17 01:37:53,0,0,0,0,0,89.5,10.5,0,0
2022-06-17 01:37:52,0,0,0,0,0,90,9.75,0.25,0
2022-06-17 01:37:51,0,0,0,0,0,47.61905,52.38095,0,0
2022-06-17 01:37:50,0,0,4.197531,0.4938272,0,60.49383,32.83951,0.2469136,0.2469136
2022-06-17 01:37:49,0,0,9.571788,0.2518892,0,60.20151,28.71537,0.2518892,0
2022-06-17 01:37:48,0,0,0.4975124,0,0,82.08955,16.91542,0,0
2022-06-17 01:37:47,0,0,0,0,0,89.42065,10.579345,0,0
2022-06-17 01:37:46,0,0,0,0,0,88.2793,11.471322,0.2493766,0
2022-06-17 01:37:45,0,0,0,0,0,87.75,12.25,0,0
2022-06-17 01:37:44,0,0,0,0,0,91,9,0,0
2022-06-17 01:37:43,0,0,0,0,0,88.25,11.5,0.25,0
2022-06-17 01:37:42,0,0,0,0,0,87.46867,12.531328,0,0
2022-06-17 01:37:41,0,0,0,0,0,41.25,58.75,0,0
2022-06-17 01:37:40,0,0,5.5,0,0,63.5,28.5,0,0.25
2022-06-17 01:37:39,0,0,8.415842,0.4950495,0,57.42574,30.44554,0.2475248,0.2475248
2022-06-17 01:37:38,0,0,0,0,0,86.53367,13.216958,0.2493766,0
2022-06-17 01:37:37,0,0,0.2512563,0,0,89.94975,9.798995,0,0
2022-06-17 01:37:36,0,0,0,0,0,87.53117,12.219451,0.2493766,0
2022-06-17 01:37:35,0,0,0,0,0,89.19598,10.80402,0,0
2022-06-17 01:37:34,0,0,0,0,0,89.77556,9.975062,0.2493766,0
2022-06-17 01:37:33,0,0,0,0,0,88.75,11.25,0,0
2022-06-17 01:37:32,0,0,0,0,0,84,16,0,0
2022-06-17 01:37:31,0,0,0,0,0,41.5,58.5,0,0
2022-06-17 01:37:30,0,0,6.982544,0.2493766,0,63.34165,26.93267,0,0.2493766
2022-06-17 01:37:29,0,0,7.23192,0.2493766,0,57.85536,32.66833,0,0.2493766
2022-06-17 01:37:28,0,0,0,0,0,95.5,4.5,0,0
2022-06-17 01:37:27,0,0,0,0,0,89.69849,10.050251,0.2512563,0
2022-06-17 01:37:26,0,0,0,0,0,90.5,9.5,0,0
2022-06-17 01:37:25,0,0,0,0,0,88.5,11.5,0,0
2022-06-17 01:37:24,0,0,0,0,0,88.75,11.25,0,0
2022-06-17 01:37:23,0,0,0,0,0,90,10,0,0
2022-06-17 01:37:22,0,0,0,0,0,83,17,0,0
2022-06-17 01:37:21,0,0,0.2493766,0,0,40.14963,59.35162,0.2493766,0
2022-06-17 01:37:20,0,0,7.98005,0.2493766,0,66.83292,23.4414,0.2493766,0
2022-06-17 01:37:19,0,0,6.25,0.25,0,57.25,33.5,0.25,0
2022-06-17 01:37:18,0,0,0.2506266,0,0,94.98747,4.761905,0,0
2022-06-17 01:37:17,0,0,0,0,0,87.21805,12.781955,0,0
2022-06-17 01:37:16,0,0,0,0,0,89.22306,10.526316,0.2506266,0
2022-06-17 01:37:15,0,0,0,0,0,89.25,10.75,0,0
2022-06-17 01:37:14,0,0,0,0,0,90.5,9.5,0,0
2022-06-17 01:37:13,0,0,0,0,0,90.77307,8.977556,0.2493766,0
2022-06-17 01:37:12,0,0,0,0,0,74.68672,25.31328,0,0
2022-06-17 01:37:11,0,0,0.4987531,0.2493766,0,42.64339,56.3591,0,0
2022-06-17 01:37:10,0,0,8.706468,0.2487562,0,63.43284,24.62687,0,0.7462687
2022-06-17 01:37:09,0,0,5.25,0,0,63.5,30,0.25,0
2022-06-17 01:37:08,0,0,0,0,0,94.96222,5.037783,0,0
2022-06-17 01:37:07,0,0,0,0,0,87.25,12.5,0.25,0
2022-06-17 01:37:06,0,0,0.7462687,0.2487562,0,86.81592,11.940299,0,0
2022-06-17 01:37:05,0,0,0,0,0,91.25,8.5,0.25,0
2022-06-17 01:37:04,0,0,0,0,0,87.96992,12.030075,0,0
2022-06-17 01:37:03,0,0,0.2487562,0,0,89.55224,9.950249,0.2487562,0
2022-06-17 01:37:02,0,0,0,0,0,71.6792,28.3208,0,0
2022-06-17 01:37:01,0,0,1.0025063,0,0,47.36842,50.87719,0.2506266,0
2022-06-17 01:37:00,0,0,9.405941,0.2475248,0,67.82178,21.28713,0.2475248,0.2475248
2022-06-17 01:36:59,0,0,3.990025,0.2493766,0,69.32668,25.93516,0.2493766,0
2022-06-17 01:36:58,0,0,0.5012531,0,0,93.73434,5.513784,0.2506266,0
2022-06-17 01:36:57,0,0,0,0,0,86.25,13.25,0.25,0
2022-06-17 01:36:56,0,0,0,0,0,90,10,0,0
2022-06-17 01:36:55,0,0,0,0,0,92.75,7.25,0,0
2022-06-17 01:36:54,0,0,0,0,0,90.22556,9.52381,0.2506266,0
2022-06-17 01:36:53,0,0,0,0,0,89,11,0,0
2022-06-17 01:36:52,0,0,0.2493766,0,0,61.84539,37.65586,0.2493766,0
2022-06-17 01:36:51,0,0,2.493766,0,0,52.36908,44.88778,0,0
2022-06-17 01:36:50,0,0,9.725686,0.7481297,0,63.59102,24.93766,0,0
2022-06-17 01:36:49,0,0,3,0.25,0,73.5,22.75,0.25,0
2022-06-17 01:36:48,0,0,0,0,0,92.23058,7.26817,0.5012531,0
2022-06-17 01:36:47,0,0,0,0,0,88,12,0,0
2022-06-17 01:36:46,0,0,0,0,0,90.77307,8.977556,0.2493766,0
2022-06-17 01:36:45,0,0,0,0,0,91.4787,8.521303,0,0
2022-06-17 01:36:44,0,0,0,0,0,88.7218,11.027569,0.2506266,0
2022-06-17 01:36:43,0,0,0.2493766,0,0,89.27681,10.473815,0,0
2022-06-17 01:36:42,0,0,0,0,0,56,43.75,0.25,0
2022-06-17 01:36:41,0,0,3.233831,0,0,60.44776,35.07463,0,0
2022-06-17 01:36:40,0,0,9.343434,0,0,65.65657,23.23232,0,0
2022-06-17 01:36:39,0,0,1.99005,0,0,76.1194,20.89552,0.2487562,0.2487562
2022-06-17 01:36:38,0,0,0,0,0,92.46231,7.537688,0,0
2022-06-17 01:36:37,0,0,0,0,0,86.75,13,0.25,0
2022-06-17 01:36:36,0,0,0,0,0,88.5,11.5,0,0
2022-06-17 01:36:35,0,0,0,0,0,91.5,8.25,0.25,0
2022-06-17 01:36:34,0,0,0,0,0,88.02993,11.970075,0,0
2022-06-17 01:36:33,0,0,0,0,0,85.96491,14.035088,0,0
2022-06-17 01:36:32,0,0,0,0,0,51.25,48.5,0.25,0
2022-06-17 01:36:31,0,0,4.975124,0,0,58.20896,34.82587,0,0
2022-06-17 01:36:30,0,0,9,0.25,0,60.25,29.5,0.25,0
2022-06-17 01:36:29,0,0,1,0,0,84.25,14,0.25,0
2022-06-17 01:36:28,0,0,0.2506266,0,0,91.72932,8.02005,0,0
2022-06-17 01:36:27,0,0,0,0,0,90.02494,9.725686,0.2493766,0
2022-06-17 01:36:26,0,0,0,0,0,89.47368,10.526316,0,0
2022-06-17 01:36:25,0,0,0,0,0,90.52369,9.226933,0.2493766,0
2022-06-17 01:36:24,0,0,0,0,0,89,11,0,0
2022-06-17 01:36:23,0,0,0,0,0,86,13.75,0.25,0
2022-06-17 01:36:22,0,0,0,0,0,45.25,54.75,0,0
2022-06-17 01:36:21,0,0,6.699752,0.4962779,0,61.29032,29.03226,0.248139,0.248139
2022-06-17 01:36:20,0,0,8.291457,0.2512563,0,57.78894,32.41206,0,0.2512563
2022-06-17 01:36:19,0,0,0,0,0,91.04478,8.706468,0.2487562,0
2022-06-17 01:36:18,0,0,0,0,0,89.16877,10.831234,0,0
2022-06-17 01:36:17,0,0,0,0,0,88.97243,11.027569,0,0
2022-06-17 01:36:16,0,0,0,0,0,90.02494,9.725686,0.2493766,0
2022-06-17 01:36:15,0,0,0.2493766,0,0,93.26683,6.234414,0.2493766,0
2022-06-17 01:36:14,0,0,0,0,0,90,10,0,0
2022-06-17 01:36:13,0,0,0,0,0,85.75,14.25,0,0
2022-06-17 01:36:12,0,0,0,0,0,40.75,59.25,0,0
2022-06-17 01:36:11,0,0,6.733167,0.4987531,0,65.08728,25.93516,0.2493766,0
2022-06-17 01:36:10,0,0,7.730673,0.2493766,0,55.3616,33.91521,0.2493766,0
2022-06-17 01:36:09,0,0,0,0,0,93.5,6.25,0,0
2022-06-17 01:36:08,0,0,0.2506266,0,0,88.7218,11.027569,0,0
2022-06-17 01:36:07,0,0,0,0,0,89.72431,10.275689,0,0
2022-06-17 01:36:06,0,0,0,0,0,88.52868,11.221945,0.2493766,0
2022-06-17 01:36:05,0,0,0,0,0,91.22807,8.77193,0,0
2022-06-17 01:36:04,0,0,0,0,0,89.52618,10.224439,0.2493766,0
2022-06-17 01:36:03,0,0,0,0,0,82.75,17.25,0,0
2022-06-17 01:36:02,0,0,0,0,0,45.11278,54.88722,0,0
2022-06-17 01:36:01,0,0,8.229426,0.4987531,0,65.58603,23.94015,0.4987531,0
2022-06-17 01:36:00,0,0,6.265664,0.2506266,0,56.39098,32.83208,0.2506266,0.5012531
2022-06-17 01:35:59,0,0,0,0,0,94.47236,5.527638,0,0
2022-06-17 01:35:58,0,0,0.75,0,0,87,12,0.25,0
2022-06-17 01:35:57,0,0,0,0,0,90.5,9.25,0.25,0
2022-06-17 01:35:56,0,0,0.25,0,0,88.5,11.25,0,0
2022-06-17 01:35:55,0,0,0,0,0,90,10,0,0
2022-06-17 01:35:54,0,0,0,0,0,89,11,0,0
2022-06-17 01:35:53,0,0,0,0,0,81,18.75,0.25,0
2022-06-17 01:35:52,0,0,0,0,0,45.25,54.75,0,0
2022-06-17 01:35:51,0,0,8.188586,0.248139,0,63.77171,26.05459,0.248139,0
2022-06-17 01:35:50,0,0,6.25,0.25,0,60.75,31.5,0.25,0.25
2022-06-17 01:35:49,0,0,0,0,0,93.73434,6.015038,0.2506266,0
2022-06-17 01:35:48,0,0,0.25,0,0,88.5,11.25,0,0
2022-06-17 01:35:47,0,0,0,0,0,89.47368,10.526316,0,0
2022-06-17 01:35:46,0,0,0,0,0,89.77556,9.975062,0.2493766,0
2022-06-17 01:35:45,0,0,0,0,0,89.25,10.75,0,0
2022-06-17 01:35:44,0,0,0,0,0,89.25,10.5,0.25,0
2022-06-17 01:35:43,0,0,0,0,0,74.18546,25.81454,0,0
2022-06-17 01:35:42,0,0,1.2437811,0.2487562,0,48.25871,50.24876,0,0
2022-06-17 01:35:41,0,0,8.478803,0.4987531,0,68.32918,22.19451,0,0
2022-06-17 01:35:40,0,0,4.511278,0.2506266,0,65.41353,28.57143,0,0
2022-06-17 01:35:39,0,0,0,0,0,92.5187,6.483791,0.4987531,0
2022-06-17 01:35:38,0,0,0.25,0,0,87.75,12,0,0
2022-06-17 01:35:37,0,0,0,0,0,90.27431,9.476309,0.2493766,0
2022-06-17 01:35:36,0,0,0,0,0,90.22556,9.774436,0,0
2022-06-17 01:35:35,0,0,0,0,0,87.75,12.25,0,0
2022-06-17 01:35:34,0,0,0,0,0,90.52369,9.226933,0.2493766,0
2022-06-17 01:35:33,0,0,0,0,0,66.83417,33.16583,0,0
2022-06-17 01:35:32,0,0,2.227723,0,0,52.9703,44.55446,0.2475248,0
2022-06-17 01:35:31,0,0,9.045226,0.5025126,0,65.07538,24.1206,0.2512563,0
2022-06-17 01:35:30,0,0,3.007519,0,0,70.92732,25.31328,0.2506266,0
2022-06-17 01:35:29,0,0,0,0,0,92.69521,7.304786,0,0
2022-06-17 01:35:28,0,0,0.2493766,0,0,88.52868,10.972569,0.2493766,0
2022-06-17 01:35:27,0,0,0,0,0,89.75,10.25,0,0
2022-06-17 01:35:26,0,0,0,0,0,91.5,8.25,0.25,0
2022-06-17 01:35:25,0,0,0,0,0,89.5,10.5,0,0
2022-06-17 01:35:24,0,0,0,0,0,87.96992,12.030075,0,0
2022-06-17 01:35:23,0,0,0,0,0,55.25,44.5,0.25,0
2022-06-17 01:35:22,0,0,3.731343,0.4975124,0,58.20896,36.56716,0.2487562,0.2487562
2022-06-17 01:35:21,0,0,8.977556,0.4987531,0,61.09726,27.43142,0.2493766,0
2022-06-17 01:35:20,0,0,1.745636,0,0,80.29925,17.45636,0,0
2022-06-17 01:35:19,0,0,0.2518892,0,0,90.42821,9.06801,0,0
2022-06-17 01:35:18,0,0,0,0,0,89.25,10.5,0.25,0
2022-06-17 01:35:17,0,0,0,0,0,89.27681,10.473815,0.2493766,0
2022-06-17 01:35:16,0,0,0,0,0,89.97494,10.025063,0,0
2022-06-17 01:35:15,0,0,0,0,0,89.75,10,0.25,0
2022-06-17 01:35:14,0,0,0,0,0,86.78304,13.216958,0,0
2022-06-17 01:35:13,0,0,0,0,0,50.37594,49.62406,0,0
2022-06-17 01:35:12,0,0,5.486284,0,0,58.85287,33.16708,0,0
2022-06-17 01:35:11,0,0,8.933002,0.4962779,0,59.80149,29.03226,0.4962779,0.248139
2022-06-17 01:35:10,0,0,0.2518892,0,0,85.89421,13.098237,0.2518892,0
2022-06-17 01:35:09,0,0,0.2506266,0,0,90.22556,9.52381,0,0
2022-06-17 01:35:08,0,0,0,0,0,88,11.75,0.25,0
2022-06-17 01:35:07,0,0,0,0,0,90,10,0,0
2022-06-17 01:35:06,0,0,0,0,0,89.75,10,0.25,0
2022-06-17 01:35:05,0,0,0,0,0,89.77556,9.975062,0.2493766,0
2022-06-17 01:35:04,0,0,0,0,0,84.46115,15.538847,0,0
2022-06-17 01:35:03,0,0,0,0,0,50.74627,48.75622,0.4975124,0
2022-06-17 01:35:02,0,0,7.25,0.25,0,63.5,27.25,0,0.25
2022-06-17 01:35:01,0,0,7.323232,0.2525253,0,61.86869,28.28283,0.2525253,0.5050505
2022-06-17 01:35:00,0,0,0.2512563,0,0,90.20101,9.296482,0.2512563,0
2022-06-17 01:34:59,0,0,0.25,0,0,86.75,12.75,0.25,0
2022-06-17 01:34:58,0,0,0.2506266,0,0,89.22306,10.275689,0.2506266,0
2022-06-17 01:34:57,0,0,0,0,0,92.5,7.5,0,0
2022-06-17 01:34:56,0,0,0,0,0,89.75,10.25,0,0
2022-06-17 01:34:55,0,0,0.2493766,0,0,88.2793,11.221945,0.2493766,0
2022-06-17 01:34:54,0,0,0,0,0,77.25,22.5,0,0
2022-06-17 01:34:53,0,0,0.5012531,0,0,46.86717,51.8797,0,0
2022-06-17 01:34:52,0,0,7.940447,0.248139,0,62.28288,25.80645,0.248139,0
2022-06-17 01:34:51,0,0,6,0.25,0,63.25,29,0.25,0.25
2022-06-17 01:34:50,0,0,0,0,0,92.9471,7.052897,0,0
2022-06-17 01:34:49,0,0,0.25,0,0,87.25,12.5,0,0
2022-06-17 01:34:48,0,0,0,0,0,89.77556,9.975062,0.2493766,0
2022-06-17 01:34:47,0,0,0,0,0,90.97744,9.022556,0,0
2022-06-17 01:34:46,0,0,0,0,0,88,11.75,0.25,0
2022-06-17 01:34:45,0,0,0,0,0,89.02743,10.723192,0,0
2022-06-17 01:34:44,0,0,0,0,0,71.75,28,0.25,0
2022-06-17 01:34:43,0,0,0.9950249,0.2487562,0,49.00498,49.50249,0.2487562,0
2022-06-17 01:34:42,0,0,9.045226,0.5025126,0,62.31156,24.87437,0.5025126,0.2512563
2022-06-17 01:34:41,0,0,4.488778,0,0,62.84289,31.42145,0,0.2493766
2022-06-17 01:34:40,0,0,0,0,0,94.96222,5.037783,0,0
2022-06-17 01:34:39,0,0,0.2493766,0,0,85.53616,13.965087,0.2493766,0
2022-06-17 01:34:38,0,0,0,0,0,91,9,0,0
2022-06-17 01:34:37,0,0,0,0,0,92.01995,7.730673,0.2493766,0
2022-06-17 01:34:36,0,0,0,0.25,0,88,11.75,0,0
2022-06-17 01:34:35,0,0,0,0,0,88.22055,11.779449,0,0
2022-06-17 01:34:34,0,0,0,0,0,70.07481,29.67581,0.2493766,0
2022-06-17 01:34:33,0,0,1.2468828,0,0,50.62344,47.63092,0,0
2022-06-17 01:34:32,0,0,9.798995,0.2512563,0,65.32663,22.36181,0.2512563,0
2022-06-17 01:34:31,0,0,3.759398,0.2506266,0,66.91729,28.07018,0.2506266,0
2022-06-17 01:34:30,0,0,0,0,0,94.72362,5.025126,0.2512563,0
2022-06-17 01:34:29,0,0,0.2493766,0,0,86.53367,12.967581,0,0
2022-06-17 01:34:28,0,0,0,0,0,88.5,11.25,0.25,0
2022-06-17 01:34:27,0,0,0,0,0,91.72932,8.270677,0,0
2022-06-17 01:34:26,0,0,0,0,0,89.27681,10.473815,0.2493766,0
2022-06-17 01:34:25,0,0,0,0,0,89,11,0,0
2022-06-17 01:34:24,0,0,0,0,0,61.5,38.25,0.25,0
2022-06-17 01:34:23,0,0,1.995012,0,0,52.86783,45.13716,0,0
2022-06-17 01:34:22,0,0,10,0.25,0,70.5,18.5,0.25,0.25
2022-06-17 01:34:21,0,0,1.99005,0,0,71.39303,25.62189,0.2487562,0
2022-06-17 01:34:20,0,0,0,0,0,93.70277,6.297229,0,0
2022-06-17 01:34:19,0,0,0,0,0,85.75,14,0.25,0
2022-06-17 01:34:18,0,0,0.2487562,0,0,89.05473,10.447761,0.2487562,0
2022-06-17 01:34:17,0,0,0,0,0,91.97995,8.02005,0,0
2022-06-17 01:34:16,0,0,0,0,0,85.75,14.25,0,0
2022-06-17 01:34:15,0,0,0,0,0,89.97494,10.025063,0,0
2022-06-17 01:34:14,0,0,0,0,0,53.36658,46.38404,0.2493766,0
2022-06-17 01:34:13,0,0,3.233831,0.2487562,0,56.71642,38.30846,0,0
2022-06-17 01:34:12,0,0,10.421836,0,0,63.77171,23.07692,0.248139,0.248139
2022-06-17 01:34:11,0,0,1.25,0,0,73.75,24.25,0.25,0
2022-06-17 01:34:10,0,0,0,0,0,92.69521,6.549118,0.2518892,0
2022-06-17 01:34:09,0,0,0.2493766,0,0,86.53367,12.967581,0.2493766,0
2022-06-17 01:34:08,0,0,0,0,0,88.47118,11.528822,0,0
2022-06-17 01:34:07,0,0,0,0,0,91.77057,7.98005,0.2493766,0
2022-06-17 01:34:06,0,0,0,0,0,87.96992,12.030075,0,0
2022-06-17 01:34:05,0,0,0,0,0,86.75,13,0.25,0
2022-06-17 01:34:04,0,0,0,0,0,53.25,46.75,0,0
2022-06-17 01:34:03,0,0,3.722084,0,0,57.3201,36.9727,0.248139,0.248139
2022-06-17 01:34:02,0,0,9.547739,0.5025126,0,62.81407,24.87437,0.2512563,0
2022-06-17 01:34:01,0,0,1,0,0,76.75,22,0.25,0
2022-06-17 01:34:00,0,0,0,0,0,89.94975,9.798995,0,0
2022-06-17 01:33:59,0,0,0,0,0,87.5,12,0.25,0
2022-06-17 01:33:58,0,0,0.5,0,0,89.5,10,0,0
2022-06-17 01:33:57,0,0,0,0,0,92.75,7,0.25,0
2022-06-17 01:33:56,0,0,0,0,0,87.96992,12.030075,0,0
2022-06-17 01:33:55,0,0,0,0,0,89.25,10.75,0,0
2022-06-17 01:33:54,0,0,0,0,0,49.87531,50.12469,0,0
2022-06-17 01:33:53,0,0,4.962779,0.248139,0,60.04963,33.7469,0.4962779,0.248139
2022-06-17 01:33:52,0,0,8.955224,0.4975124,0,59.20398,29.10448,0,0
2022-06-17 01:33:51,0,0,0.25,0,0,84.5,14.5,0.25,0.25
2022-06-17 01:33:50,0,0,0.25,0,0,90.25,9.5,0,0
2022-06-17 01:33:49,0,0,0.25,0,0,90.25,9.25,0.25,0
2022-06-17 01:33:48,0,0,0,0,0,89.5,10.25,0.25,0
2022-06-17 01:33:47,0,0,0,0,0,91.75,8.25,0,0
2022-06-17 01:33:46,0,0,0,0,0,89.25,10.75,0,0
2022-06-17 01:33:45,0,0,0,0,0,87.75,12,0.25,0
2022-06-17 01:33:44,0,0,0,0,0,42.75,57,0.25,0
2022-06-17 01:33:43,0,0,6,0.25,0,63.25,28.5,0.25,0
2022-06-17 01:33:42,0,0,7.960199,0.4975124,0,57.9602,31.8408,0,0
2022-06-17 01:33:41,0,0,0,0,0,91.4787,8.270677,0.2506266,0
2022-06-17 01:33:40,0,0,0.2506266,0,0,88.47118,11.027569,0.2506266,0
2022-06-17 01:33:39,0,0,0,0,0,89.25,10.75,0,0
2022-06-17 01:33:38,0,0,0,0,0,89.25,10.5,0.25,0
2022-06-17 01:33:37,0,0,0,0,0,92.5,7.5,0,0
2022-06-17 01:33:36,0,0,0,0,0,90.25,9.5,0.25,0
2022-06-17 01:33:35,0,0,0,0,0,89.72431,10.275689,0,0
2022-06-17 01:33:34,0,0,0,0,0,37.5,62.5,0,0
2022-06-17 01:33:33,0,0,6.188119,0.2475248,0,64.85149,26.9802,0.2475248,0.2475248
2022-06-17 01:33:32,0,0,8.101266,0.2531646,0,55.6962,34.93671,0,0
2022-06-17 01:33:31,0,0,0.2487562,0,0,90.79602,8.706468,0.2487562,0
2022-06-17 01:33:30,0,0,0,0,0,88.69347,10.80402,0.2512563,0
2022-06-17 01:33:29,0,0,0,0,0,89.97494,10.025063,0,0
2022-06-17 01:33:28,0,0,0,0,0,88.77805,10.972569,0.2493766,0
2022-06-17 01:33:27,0,0,0,0,0,90.75,9.25,0,0
2022-06-17 01:33:26,0,0,0,0,0,88.97243,11.027569,0,0
2022-06-17 01:33:25,0,0,0.25,0,0,83,16.75,0,0
2022-06-17 01:33:24,0,0,0,0,0,38.90274,60.84788,0.2493766,0
2022-06-17 01:33:23,0,0,7.25,0.5,0,67.5,23.75,0,0
2022-06-17 01:33:22,0,0,7.5,0.25,0,59.75,30.5,0.25,0.25
2022-06-17 01:33:21,0,0,0,0,0,91.77057,8.229426,0,0
2022-06-17 01:33:20,0,0,0.25,0,0,88.75,10.75,0.25,0
2022-06-17 01:33:19,0,0,0,0,0,88.97243,11.027569,0,0
2022-06-17 01:33:18,0,0,0,0,0,89.27681,10.473815,0.2493766,0
2022-06-17 01:33:17,0,0,0,0,0,89.72431,10.275689,0,0
2022-06-17 01:33:16,0,0,0,0,0,88.75,11,0.25,0
2022-06-17 01:33:15,0,0,0,0,0,78,22,0,0
2022-06-17 01:33:14,0,0,0.25,0,0,46,53.5,0.25,0
2022-06-17 01:33:13,0,0,8.478803,0,0,65.08728,23.94015,0.2493766,0
2022-06-17 01:33:12,0,0,6,0.75,0,60.5,31,0.25,0.25
2022-06-17 01:33:11,0,0,0,0,0,95.01247,4.738155,0.2493766,0
2022-06-17 01:33:10,0,0,0,0,0,87.40554,12.594458,0,0
2022-06-17 01:33:09,0,0,0,0,0,88.02993,11.970075,0,0
2022-06-17 01:33:08,0,0,0,0,0,91.22807,8.77193,0,0
2022-06-17 01:33:07,0,0,0,0,0,88.75,11.25,0,0
2022-06-17 01:33:06,0,0,0.2493766,0,0,87.2818,12.468828,0,0
2022-06-17 01:33:05,0,0,0,0,0,70.82294,28.92768,0.2493766,0
2022-06-17 01:33:04,0,0,0.7518797,0,0,52.38095,45.61404,0,0
2022-06-17 01:33:03,0,0,8.888889,0.2469136,0,63.20988,24.69136,0.2469136,0.2469136
2022-06-17 01:33:02,0,0,4.511278,0.2506266,0,66.16541,28.07018,0.5012531,0
2022-06-17 01:33:01,0,0,0,0,0,94.20655,5.793451,0,0
2022-06-17 01:33:00,0,0,0.2493766,0,0,88.02993,11.720698,0,0
2022-06-17 01:32:59,0,0,0,0,0,87.75,12.25,0,0
2022-06-17 01:32:58,0,0,0.4987531,0,0,89.52618,9.725686,0.2493766,0
2022-06-17 01:32:57,0,0,0,0,0,88.5,11.5,0,0
2022-06-17 01:32:56,0,0,0,0,0,90,10,0,0
2022-06-17 01:32:55,0,0,0,0,0,68.75,31,0.25,0
2022-06-17 01:32:54,0,0,1.4962594,0.2493766,0,50.87282,46.38404,0,0
2022-06-17 01:32:53,0,0,9.975062,0,0,66.58354,21.44638,0.2493766,0.2493766
2022-06-17 01:32:52,0,0,3.241895,0.2493766,0,68.57855,26.68329,0.4987531,0
2022-06-17 01:32:51,0,0,0,0,0,94.47236,5.527638,0,0
2022-06-17 01:32:50,0,0,0.25,0,0,87.75,12,0,0
2022-06-17 01:32:49,0,0,0,0,0,89.25,10.75,0,0
2022-06-17 01:32:48,0,0,0,0,0,91.75,8,0.25,0
2022-06-17 01:32:47,0,0,0,0,0,88.75,11,0,0
2022-06-17 01:32:46,0,0,0,0,0,89.5,10.5,0,0
2022-06-17 01:32:45,0,0,0,0,0,59.89975,40.10025,0,0
2022-06-17 01:32:44,0,0,2.233251,0.4962779,0,57.07196,39.70223,0.248139,0
2022-06-17 01:32:43,0,0,10.199005,0.2487562,0,63.93035,23.38308,0.2487562,0.2487562
2022-06-17 01:32:42,0,0,1.995012,0,0,72.3192,25.18703,0,0.2493766
2022-06-17 01:32:41,0,0,0.2512563,0,0,91.45729,8.291457,0,0
2022-06-17 01:32:40,0,0,0,0.2493766,0,87.53117,11.970075,0.2493766,0
2022-06-17 01:32:39,0,0,0,0,0,88.5,11.5,0,0
2022-06-17 01:32:38,0,0,0,0,0,90.47619,9.273183,0.2506266,0
2022-06-17 01:32:37,0,0,0.2487562,0,0,87.56219,12.189055,0,0
2022-06-17 01:32:36,0,0,0,0,0,88.22055,11.779449,0,0
2022-06-17 01:32:35,0,0,0,0,0,53,46.75,0.25,0
2022-06-17 01:32:34,0,0,4.030227,0,0,58.94207,35.76826,0,0
2022-06-17 01:32:33,0,0,9,0.25,0,62,26.5,0.25,0.25
2022-06-17 01:32:32,0,0,1.5,0,0,80.25,17.75,0,0
2022-06-17 01:32:31,0,0,0.2506266,0,0,88.97243,10.526316,0.2506266,0
2022-06-17 01:32:30,0,0,0,0,0,90.72682,9.273183,0,0
2022-06-17 01:32:29,0,0,0,0,0,88.25,11.5,0.25,0
2022-06-17 01:32:28,0,0,0,0,0,92.75,7.25,0,0
2022-06-17 01:32:27,0,0,0,0,0,87.96992,12.030075,0,0
2022-06-17 01:32:26,0,0,0,0,0,87.31343,12.437811,0.2487562,0
2022-06-17 01:32:25,0,0,0,0,0,48.62155,51.37845,0,0
2022-06-17 01:32:24,0,0,5.012531,0.2506266,0,62.40602,30.82707,0,0
2022-06-17 01:32:23,0,0,8.706468,0.7462687,0,61.19403,28.35821,0.2487562,0
2022-06-17 01:32:22,0,0,0.7518797,0,0,85.71429,13.283208,0,0
2022-06-17 01:32:21,0,0,0.25,0.25,0,89.75,9.5,0.25,0
2022-06-17 01:32:20,0,0,0,0,0,91.4787,8.521303,0,0
2022-06-17 01:32:19,0,0,0,0,0,88.47118,11.528822,0,0
2022-06-17 01:32:18,0,0,0,0,0,91.77057,7.98005,0.2493766,0
2022-06-17 01:32:17,0,0,0,0,0,88.75,11.25,0,0
2022-06-17 01:32:16,0,0,0,0,0,84.71178,15.288221,0,0
2022-06-17 01:32:15,0,0,0,0,0,44.88778,54.86284,0.2493766,0
2022-06-17 01:32:14,0,0,6.716418,0.2487562,0,66.16915,26.36816,0,0
2022-06-17 01:32:13,0,0,7.808564,0,0,60.4534,29.72292,0,0.5037783
2022-06-17 01:32:12,0,0,0.25,0,0,89.25,9.75,0.25,0
2022-06-17 01:32:11,0,0,0.25,0,0,87.75,11.75,0.25,0
2022-06-17 01:32:10,0,0,0,0,0,88.75,11.25,0,0
2022-06-17 01:32:09,0,0,0,0,0,92.5,7.5,0,0
2022-06-17 01:32:08,0,0,0,0,0,89.75,10.25,0,0
2022-06-17 01:32:07,0,0,0,0,0,90.5,9.25,0.25,0
2022-06-17 01:32:06,0,0,0,0,0,82.45614,17.54386,0,0
2022-06-17 01:32:05,0,0,0.2487562,0,0,44.27861,55.47264,0,0
2022-06-17 01:32:04,0,0,7.462687,0.2487562,0,66.41791,24.37811,0.2487562,0.2487562
2022-06-17 01:32:03,0,0,6.532663,0.5025126,0,60.05025,31.65829,0.2512563,0
2022-06-17 01:32:02,0,0,0.25,0,0,93,6.25,0.25,0
2022-06-17 01:32:01,0,0,0,0,0,89,11,0,0
2022-06-17 01:32:00,0,0,0,0,0,90.47619,9.52381,0,0
2022-06-17 01:31:59,0,0,0,0,0,89.22306,10.776942,0,0
2022-06-17 01:31:58,0,0,0.4987531,0,0,89.77556,9.476309,0.2493766,0
2022-06-17 01:31:57,0,0,0,0,0,88.52868,11.221945,0.2493766,0
2022-06-17 01:31:56,0,0,0,0,0,77.19298,22.80702,0,0
2022-06-17 01:31:55,0,0,0.7518797,0,0,41.35338,57.89474,0,0
2022-06-17 01:31:54,0,0,8.684864,0.248139,0,66.50124,22.82878,0.248139,0.4962779
2022-06-17 01:31:53,0,0,5,0.25,0,65,28.25,0,0.25
2022-06-17 01:31:52,0,0,0,0,0,94.47236,5.276382,0.2512563,0
2022-06-17 01:31:51,0,0,0.25,0,0,84.75,15,0,0
2022-06-17 01:31:50,0,0,0,0,0,90.72682,9.273183,0,0
2022-06-17 01:31:49,0,0,0,0,0,91.27182,8.478803,0.2493766,0
2022-06-17 01:31:48,0,0,0.25,0,0,87.75,12,0,0
2022-06-17 01:31:47,0,0,0,0,0,88.77805,11.221945,0,0
2022-06-17 01:31:46,0,0,0,0,0,71.92982,27.81955,0.2506266,0
2022-06-17 01:31:45,0,0,0.4962779,0.248139,0,48.13896,50.62035,0.248139,0
2022-06-17 01:31:44,0,0,9.798995,0.2512563,0,62.56281,23.36683,0.2512563,0.5025126
2022-06-17 01:31:43,0,0,4.239401,0,0,66.08479,28.6783,0,0.2493766
2022-06-17 01:31:42,0,0,0,0,0,94.72362,5.025126,0.2512563,0
2022-06-17 01:31:41,0,0,0.25,0,0,85.5,14.25,0,0
2022-06-17 01:31:40,0,0,0,0,0,89.25,10.75,0,0
2022-06-17 01:31:39,0,0,0,0,0,92.25,7.5,0.25,0
2022-06-17 01:31:38,0,0,0,0,0,88,12,0,0
2022-06-17 01:31:37,0,0,0,0,0,89,11,0,0
2022-06-17 01:31:36,0,0,0,0,0,70.67669,29.07268,0.2506266,0
2022-06-17 01:31:35,0,0,0.7481297,0.2493766,0,49.12718,49.37656,0.2493766,0
2022-06-17 01:31:34,0,0,10,0,0,64.5,22.75,0,0
2022-06-17 01:31:33,0,0,3.990025,0.2493766,0,67.58105,27.6808,0,0
2022-06-17 01:31:32,0,0,0,0,0,94.22111,5.527638,0.2512563,0
2022-06-17 01:31:31,0,0,0.25,0,0,88,11.75,0,0
2022-06-17 01:31:30,0,0,0,0,0,89.75,10,0.25,0
2022-06-17 01:31:29,0,0,0,0,0,92.75,7.25,0,0
2022-06-17 01:31:28,0,0,0,0,0,88.5,11.5,0,0
2022-06-17 01:31:27,0,0,0,0,0,87.75,12,0.25,0
2022-06-17 01:31:26,0,0,0,0,0,62.75,37.25,0,0
2022-06-17 01:31:25,0,0,1.4962594,0,0,53.61596,43.6409,0,0
2022-06-17 01:31:24,0,0,10.148515,0.4950495,0,64.35644,21.0396,0.2475248,0.2475248
2022-06-17 01:31:23,0,0,2.763819,0.2512563,0,69.09548,26.88442,0,0
2022-06-17 01:31:22,0,0,0,0,0,93.98496,5.764411,0.2506266,0
2022-06-17 01:31:21,0,0,0,0,0,87.7193,12.030075,0.2506266,0
2022-06-17 01:31:20,0,0,0,0,0,88.75,11,0.25,0
2022-06-17 01:31:19,0,0,0.2487562,0,0,92.0398,7.462687,0.2487562,0
2022-06-17 01:31:18,0,0,0,0,0,89.5,10.5,0,0
2022-06-17 01:31:17,0,0,0,0,0,90.25,9.75,0,0
2022-06-17 01:31:16,0,0,0,0,0,57.5,42.5,0,0
2022-06-17 01:31:15,0,0,2.493766,0.2493766,0,54.86284,41.89526,0,0
2022-06-17 01:31:14,0,0,10.199005,0.2487562,0,66.16915,22.63682,0,0
2022-06-17 01:31:13,0,0,1.75,0.25,0,70.75,25.75,0.5,0.5
2022-06-17 01:31:12,0,0,0,0,0,94.20655,5.793451,0,0
2022-06-17 01:31:11,0,0,0.2493766,0,0,86.03491,13.216958,0.2493766,0
2022-06-17 01:31:10,0,0,0,0,0,88.2793,11.471322,0.2493766,0
2022-06-17 01:31:09,0,0,0,0,0,92.73183,7.26817,0,0
2022-06-17 01:31:08,0,0,0,0,0,88.5,11.5,0,0
2022-06-17 01:31:07,0,0,0,0,0,91.22807,8.77193,0,0
2022-06-17 01:31:06,0,0,0,0,0,57.10723,42.64339,0.2493766,0
2022-06-17 01:31:05,0,0,2.506266,0,0,54.13534,42.60652,0.2506266,0
2022-06-17 01:31:04,0,0,10.473815,0.7481297,0,65.58603,22.69327,0,0
2022-06-17 01:31:03,0,0,1.75,0,0,69.5,27.5,0.25,0.25
2022-06-17 01:31:02,0,0,0,0,0,93.48371,6.265664,0.2506266,0
2022-06-17 01:31:01,0,0,0.2493766,0,0,86.53367,13.216958,0,0
2022-06-17 01:31:00,0,0,0,0,0,90.22556,9.774436,0,0
2022-06-17 01:30:59,0,0,0,0,0,92.25,7.75,0,0
2022-06-17 01:30:58,0,0,0.5,0,0,87.25,12.25,0,0
2022-06-17 01:30:57,0,0,0,0,0,89.25,10.5,0.25,0
2022-06-17 01:30:56,0,0,0,0,0,57,43,0,0
2022-06-17 01:30:55,0,0,2.992519,0.2493766,0,55.61097,39.4015,0,0.2493766
2022-06-17 01:30:54,0,0,10.327456,0.2518892,0,66.49874,20.15113,0.2518892,0.2518892
2022-06-17 01:30:53,0,0,1.2468828,0,0,74.06484,24.4389,0,0
2022-06-17 01:30:52,0,0,0.2506266,0,0,92.98246,6.516291,0.2506266,0
2022-06-17 01:30:51,0,0,0,0.25,0,88.25,11.25,0,0
2022-06-17 01:30:50,0,0,0,0,0,89.02743,10.723192,0.2493766,0
2022-06-17 01:30:49,0,0,0,0,0,90.97744,9.022556,0,0
2022-06-17 01:30:48,0,0,0,0,0,87.5,12.5,0,0
2022-06-17 01:30:47,0,0,0,0,0,89.22306,10.526316,0.2506266,0
2022-06-17 01:30:46,0,0,0,0,0,51.25,48.75,0,0
2022-06-17 01:30:45,0,0,4.218362,0.248139,0,59.80149,35.23573,0,0
2022-06-17 01:30:44,0,0,9.873418,0,0,62.78481,26.07595,0.2531646,0
2022-06-17 01:30:43,0,0,0.7481297,0,0,82.29426,16.458853,0.2493766,0.2493766
2022-06-17 01:30:42,0,0,0.2512563,0,0,90.95477,8.79397,0,0
2022-06-17 01:30:41,0,0,0,0,0,89.5,10.5,0,0
2022-06-17 01:30:40,0,0,0,0,0,85.78554,13.715711,0.4987531,0
2022-06-17 01:30:39,0,0,0,0,0,90.47619,9.52381,0,0
2022-06-17 01:30:38,0,0,0,0,0,88.75,11,0,0
2022-06-17 01:30:37,0,0,0,0,0,86.75,13,0.25,0
2022-06-17 01:30:36,0,0,0,0,0,45.13716,54.61347,0.2493766,0
2022-06-17 01:30:35,0,0,5.25,0.25,0,60.75,32.75,0,0
2022-06-17 01:30:34,0,0,8.75,0.25,0,59.25,30,0.25,0
2022-06-17 01:30:33,0,0,0.5012531,0,0,87.46867,11.779449,0.2506266,0
2022-06-17 01:30:32,0,0,0.2506266,0,0,89.47368,10.275689,0,0
2022-06-17 01:30:31,0,0,0,0,0,89.72431,10.275689,0,0
2022-06-17 01:30:30,0,0,0,0,0,89,11,0,0
2022-06-17 01:30:29,0,0,0,0,0,91.75,8,0.25,0
2022-06-17 01:30:28,0,0,0,0,0,87.75,12.25,0,0
2022-06-17 01:30:27,0,0,0,0,0,88.22055,11.779449,0,0
2022-06-17 01:30:26,0,0,0,0,0,43.89027,55.86035,0.2493766,0
2022-06-17 01:30:25,0,0,6.25,0.25,0,66.25,26.25,0.25,0
2022-06-17 01:30:24,0,0,8.521303,0.2506266,0,59.3985,31.07769,0.2506266,0
2022-06-17 01:30:23,0,0,0,0,0,91.27182,8.72818,0,0
2022-06-17 01:30:22,0,0,0,0,0,88.47118,10.776942,0.2506266,0
2022-06-17 01:30:21,0,0,0,0,0,90.27431,9.476309,0.2493766,0
2022-06-17 01:30:20,0,0,0,0,0,89.72431,10.275689,0,0
2022-06-17 01:30:19,0,0,0.2487562,0,0,89.30348,10.447761,0,0
2022-06-17 01:30:18,0,0,0,0,0,90.97744,8.77193,0.2506266,0
2022-06-17 01:30:17,0,0,0,0,0,81,19,0,0
2022-06-17 01:30:16,0,0,0.2493766,0,0,42.64339,57.10723,0,0
2022-06-17 01:30:15,0,0,7.75,0.5,0,66,22.75,0.25,0
2022-06-17 01:30:14,0,0,6.5,0.5,0,60.25,30.5,0.25,0.5
2022-06-17 01:30:13,0,0,0,0,0,93.98496,5.764411,0.2506266,0
2022-06-17 01:30:12,0,0,0,0,0,89.44724,10.552764,0,0
2022-06-17 01:30:11,0,0,0,0,0,90,10,0,0
2022-06-17 01:30:10,0,0,0,0,0,88.52868,11.221945,0.2493766,0
2022-06-17 01:30:09,0,0,0,0,0,91,9,0,0
2022-06-17 01:30:08,0,0,0.25,0,0,88.5,11.25,0,0
2022-06-17 01:30:07,0,0,0,0,0,77.80549,21.94514,0.2493766,0
2022-06-17 01:30:06,0,0,0.75,0,0,44.25,54.75,0,0
2022-06-17 01:30:05,0,0,8.02005,0.2506266,0,64.41103,24.06015,0.2506266,0
2022-06-17 01:30:04,0,0,5.236908,0,0,62.09476,30.92269,0,0.4987531
2022-06-17 01:30:03,0,0,0,0,0,94.98747,4.511278,0.5012531,0
2022-06-17 01:30:02,0,0,0.2512563,0,0,88.44221,11.306533,0,0
2022-06-17 01:30:01,0,0,0,0,0,88.0597,11.691542,0.2487562,0
2022-06-17 01:30:00,0,0,0,0,0,92.23058,7.769424,0,0
2022-06-17 01:29:59,0,0,0,0,0,88.5,11.25,0.25,0
2022-06-17 01:29:58,0,0,0.5,0,0,89.25,10.25,0,0
2022-06-17 01:29:57,0,0,0,0,0,70.92732,29.07268,0,0
2022-06-17 01:29:56,0,0,0.9925558,0,0,48.3871,49.62779,0.4962779,0
2022-06-17 01:29:55,0,0,9.20398,0.4975124,0,67.91045,21.64179,0.2487562,0
2022-06-17 01:29:54,0,0,3.787879,0,0,65.40404,29.54545,0,0
2022-06-17 01:29:53,0,0,0,0,0,94.45844,5.541562,0,0
2022-06-17 01:29:52,0,0,0.2487562,0,0,86.31841,12.935323,0.4975124,0
2022-06-17 01:29:51,0,0,0,0,0,90.25,9.75,0,0
2022-06-17 01:29:50,0,0,0,0,0,91.4787,8.270677,0.2506266,0
2022-06-17 01:29:49,0,0,0,0,0,87.53117,12.468828,0,0
2022-06-17 01:29:48,0,0,0,0,0,87.7193,12.280702,0,0
2022-06-17 01:29:47,0,0,0,0,0,64.83791,34.91272,0.2493766,0
2022-06-17 01:29:46,0,0,2.238806,0.4975124,0,54.22886,42.53731,0,0
2022-06-17 01:29:45,0,0,9.52381,0.5012531,0,65.16291,22.80702,0.2506266,0
2022-06-17 01:29:44,0,0,3.25,0,0,69.75,26,0,0.25
2022-06-17 01:29:43,0,0,0,0,0,95.47739,4.522613,0,0
2022-06-17 01:29:42,0,0,0,0,0,86.75,13.25,0,0
2022-06-17 01:29:41,0,0,0,0,0,90.5,9.25,0.25,0
2022-06-17 01:29:40,0,0,0,0,0,91.25,8.5,0.25,0
2022-06-17 01:29:39,0,0,0,0,0,88.75,11.25,0,0
2022-06-17 01:29:38,0,0,0,0,0,89.47368,10.526316,0,0
2022-06-17 01:29:37,0,0,0.2487562,0,0,61.19403,38.30846,0.2487562,0
2022-06-17 01:29:36,0,0,2.244389,0.2493766,0,54.36409,42.89277,0.2493766,0
2022-06-17 01:29:35,0,0,10.199005,0.2487562,0,62.43781,25.87065,0.2487562,0
2022-06-17 01:29:34,0,0,2.255639,0.2506266,0,72.6817,24.06015,0,0
2022-06-17 01:29:33,0,0,0.25,0,0,91.75,7.5,0.5,0
2022-06-17 01:29:32,0,0,0,0,0,89.47368,10.526316,0,0
2022-06-17 01:29:31,0,0,0,0,0,87.5,12.5,0,0
2022-06-17 01:29:30,0,0,0,0,0,91.5,8.25,0.25,0
2022-06-17 01:29:29,0,0,0,0,0,88.25,11.75,0,0
2022-06-17 01:29:28,0,0,0,0,0,87.5,12.25,0.25,0
2022-06-17 01:29:27,0,0,0,0,0,56.75,43.25,0,0
2022-06-17 01:29:26,0,0,3.25,0,0,53.75,42.75,0.25,0
2022-06-17 01:29:25,0,0,9.975062,0.4987531,0,62.59352,24.4389,0.2493766,0.4987531
2022-06-17 01:29:24,0,0,1.5,0,0,78.5,19.75,0,0.25
2022-06-17 01:29:23,0,0,0.2512563,0,0,91.20603,8.291457,0.2512563,0
2022-06-17 01:29:22,0,0,0.25,0,0,88.5,11.25,0,0
2022-06-17 01:29:21,0,0,0,0,0,88.25,11.5,0.25,0
2022-06-17 01:29:20,0,0,0,0,0,90.5,9.25,0.25,0
2022-06-17 01:29:19,0,0,0,0,0,87,13,0,0
2022-06-17 01:29:18,0,0,0,0,0,88.5,11.5,0,0
2022-06-17 01:29:17,0,0,0,0,0,49,50.75,0,0
2022-06-17 01:29:16,0,0,4.987531,0,0,63.09227,31.67082,0.2493766,0
2022-06-17 01:29:15,0,0,8.25,0.75,0,58.75,29.5,0.25,0.25
2022-06-17 01:29:14,0,0,1.4962594,0,0,83.04239,15.21197,0.2493766,0
2022-06-17 01:29:13,0,0,0,0,0,90.20101,9.547739,0,0
2022-06-17 01:29:12,0,0,0,0,0,89.25,10.5,0.25,0
2022-06-17 01:29:11,0,0,0,0,0,90.22556,9.774436,0,0
2022-06-17 01:29:10,0,0,0,0,0,91,9,0,0
2022-06-17 01:29:09,0,0,0,0,0,89,11,0,0
2022-06-17 01:29:08,0,0,0.2487562,0,0,84.82587,14.676617,0.2487562,0
2022-06-17 01:29:07,0,0,0,0,0,45.5,54.5,0,0
2022-06-17 01:29:06,0,0,5.75,0.25,0,64.5,28.25,0,0
2022-06-17 01:29:05,0,0,8.168317,0.2475248,0,62.12871,27.47525,0.4950495,0
2022-06-17 01:29:04,0,0,0.2506266,0,0,86.21554,12.781955,0.2506266,0.2506266
2022-06-17 01:29:03,0,0,0.2506266,0,0,89.22306,10.526316,0,0
2022-06-17 01:29:02,0,0,0,0,0,91.27182,8.478803,0.2493766,0
2022-06-17 01:29:01,0,0,0,0,0,88.5,11.25,0.25,0
2022-06-17 01:29:00,0,0,0,0,0,90.22556,9.52381,0,0
2022-06-17 01:28:59,0,0,0,0,0,88.2793,11.720698,0,0
2022-06-17 01:28:58,0,0,0.5,0,0,79.75,19.75,0,0
2022-06-17 01:28:57,0,0,0.4975124,0,0,47.26368,51.74129,0.4975124,0
2022-06-17 01:28:56,0,0,7.26817,0.2506266,0,64.41103,26.06516,0,0
2022-06-17 01:28:55,0,0,7.25,0.25,0,60.75,29.5,0.5,0
2022-06-17 01:28:54,0,0,0,0.2493766,0,89.27681,9.725686,0.2493766,0.2493766
2022-06-17 01:28:53,0,0,0.2518892,0,0,87.90932,11.838791,0,0
2022-06-17 01:28:52,0,0,0,0,0,88.5,11.25,0.25,0
2022-06-17 01:28:51,0,0,0,0,0,91.75,8.25,0,0
2022-06-17 01:28:50,0,0,0,0,0,89.27681,10.473815,0.2493766,0
2022-06-17 01:28:49,0,0,0,0,0,89.67254,10.327456,0,0
2022-06-17 01:28:48,0,0,0,0,0,78.90819,20.84367,0.248139,0
2022-06-17 01:28:47,0,0,0.25,0,0,47.25,52.5,0,0
2022-06-17 01:28:46,0,0,8.75,0,0,65.25,25.25,0,0
2022-06-17 01:28:45,0,0,5.985037,0.4987531,0,60.84788,30.92269,0.2493766,0.2493766
2022-06-17 01:28:44,0,0,0,0,0,92.73183,7.017544,0.2506266,0
2022-06-17 01:28:43,0,0,0.25,0,0,87.75,12,0,0
2022-06-17 01:28:42,0,0,0,0,0,89,11,0,0
2022-06-17 01:28:41,0,0,0,0,0,88.75,11.25,0,0
2022-06-17 01:28:40,0,0,0,0,0,87.5,12.25,0.25,0
2022-06-17 01:28:39,0,0,0,0,0,90,10,0,0
2022-06-17 01:28:38,0,0,0,0,0,73,26.75,0.25,0
2022-06-17 01:28:37,0,0,1.2468828,0,0,48.87781,49.87531,0,0
2022-06-17 01:28:36,0,0,8.977556,0,0,64.08978,24.68828,0.2493766,0.2493766
2022-06-17 01:28:35,0,0,4.75,0.25,0,65.75,28,0.25,0
2022-06-17 01:28:34,0,0,0,0,0,93.96985,5.778894,0.2512563,0
2022-06-17 01:28:33,0,0,0.25,0,0,87.25,12.5,0,0
2022-06-17 01:28:32,0,0,0,0,0,88.25,11.5,0.25,0
2022-06-17 01:28:31,0,0,0,0,0,90.27431,9.476309,0.2493766,0
2022-06-17 01:28:30,0,0,0,0,0,89.97494,10.025063,0,0
2022-06-17 01:28:29,0,0,0,0,0,89.75,10.25,0,0
2022-06-17 01:28:28,0,0,0,0,0,67.5,32.25,0.25,0
2022-06-17 01:28:27,0,0,1.4962594,0,0,47.8803,50.37406,0,0
2022-06-17 01:28:26,0,0,9.25,0.5,0,64.25,22.5,0,0
2022-06-17 01:28:25,0,0,3.225806,0.248139,0,66.50124,27.79156,0.248139,0.248139
2022-06-17 01:28:24,0,0,0,0,0,94.48622,5.012531,0.5012531,0
2022-06-17 01:28:23,0,0,0.25,0,0,88.25,11.5,0,0
2022-06-17 01:28:22,0,0,0,0,0,88.25,11.5,0.25,0
2022-06-17 01:28:21,0,0,0,0,0,92.23058,7.769424,0,0
2022-06-17 01:28:20,0,0,0,0,0,88.5,11.5,0,0
2022-06-17 01:28:19,0,0,0,0,0,90.27431,9.476309,0.2493766,0
2022-06-17 01:28:18,0,0,0,0,0,63.15789,36.84211,0,0
2022-06-17 01:28:17,0,0,1.985112,0,0,49.62779,47.64268,0.248139,0
2022-06-17 01:28:16,0,0,10.552764,0.2512563,0,65.57789,22.86432,0.2512563,0
2022-06-17 01:28:15,0,0,2.487562,0.2487562,0,69.9005,25.12438,0.2487562,0.4975124
2022-06-17 01:28:14,0,0,0,0,0,93.71859,6.281407,0,0
2022-06-17 01:28:13,0,0,0.25,0,0,87.5,12,0.25,0
2022-06-17 01:28:12,0,0,0,0,0,89.5,10.5,0,0
2022-06-17 01:28:11,0,0,0,0,0,90.5,9.25,0.25,0
2022-06-17 01:28:10,0,0,0,0,0,87.75,12.25,0,0
2022-06-17 01:28:09,0,0,0,0,0,89.22306,10.776942,0,0
2022-06-17 01:28:08,0,0,0,0,0,57.35661,42.39401,0.2493766,0
2022-06-17 01:28:07,0,0,2.992519,0,0,55.3616,40.14963,0.2493766,0
2022-06-17 01:28:06,0,0,9.90099,0.4950495,0,66.83168,20.29703,0.2475248,0.2475248
2022-06-17 01:28:05,0,0,1.2531328,0,0,73.43358,24.5614,0,0
2022-06-17 01:28:04,0,0,0.2506266,0,0,92.4812,7.017544,0.2506266,0
2022-06-17 01:28:03,0,0,0,0,0,86.96742,13.032581,0,0
2022-06-17 01:28:02,0,0,0,0,0,91.5,8.5,0,0
2022-06-17 01:28:01,0,0,0.25,0,0,91.75,7.75,0.25,0
2022-06-17 01:28:00,0,0,0,0,0,89.02743,10.972569,0,0
2022-06-17 01:27:59,0,0,0,0,0,90.25,9.75,0,0
2022-06-17 01:27:58,0,0,0.25,0,0,52,47.5,0.25,0
2022-06-17 01:27:57,0,0,3.740648,0.2493766,0,58.35411,35.91022,0,0
2022-06-17 01:27:56,0,0,10.526316,0.2506266,0,64.1604,23.05764,0,0.2506266
2022-06-17 01:27:55,0,0,0.4987531,0.2493766,0,76.05985,22.44389,0.2493766,0.2493766
2022-06-17 01:27:54,0,0,0.2506266,0,0,92.23058,7.518797,0,0
2022-06-17 01:27:53,0,0,0,0,0,88.44221,11.306533,0.2512563,0
2022-06-17 01:27:52,0,0,0,0,0,89.02743,10.723192,0.2493766,0
2022-06-17 01:27:51,0,0,0,0,0,92,7.75,0.25,0
2022-06-17 01:27:50,0,0,0,0,0,89.72431,10.275689,0,0
2022-06-17 01:27:49,0,0,0,0,0,89.52618,10.224439,0.2493766,0
2022-06-17 01:27:48,0,0,0,0,0,49.5,50.25,0.25,0
2022-06-17 01:27:47,0,0,3.990025,0,0,60.5985,32.91771,0,0
2022-06-17 01:27:46,0,0,10.327456,0.7556675,0,61.46096,25.18892,0,0.2518892
2022-06-17 01:27:45,0,0,0.2493766,0,0,78.30424,20.1995,0.4987531,0.2493766
2022-06-17 01:27:44,0,0,0.2512563,0,0,91.45729,8.291457,0,0
2022-06-17 01:27:43,0,0,0,0,0,90.25,9.75,0,0
2022-06-17 01:27:42,0,0,0,0,0,87.25,12.5,0.25,0
2022-06-17 01:27:41,0,0,0,0,0,91.72932,8.270677,0,0
2022-06-17 01:27:40,0,0,0,0,0,89.27681,10.473815,0.2493766,0
2022-06-17 01:27:39,0,0,0,0,0,88,12,0,0
2022-06-17 01:27:38,0,0,0,0,0,43.5,56.25,0.25,0
2022-06-17 01:27:37,0,0,4.71464,0.4962779,0,60.54591,32.75434,0.248139,0
2022-06-17 01:27:36,0,0,9.25,0.5,0,60.5,27.75,0.25,0.25
2022-06-17 01:27:35,0,0,0,0,0,84.28928,15.710723,0,0
2022-06-17 01:27:34,0,0,0.2506266,0,0,90.97744,8.521303,0,0
2022-06-17 01:27:33,0,0,0,0,0,90.25,9.5,0.25,0
2022-06-17 01:27:32,0,0,0,0,0,87.75,12,0.25,0
2022-06-17 01:27:31,0,0,0,0,0,91.75,8,0.25,0
2022-06-17 01:27:30,0,0,0,0,0,90.27431,9.725686,0,0
2022-06-17 01:27:29,0,0,0,0,0,87.21805,12.781955,0,0
2022-06-17 01:27:28,0,0,0,0,0,44.25,55.5,0.25,0
2022-06-17 01:27:27,0,0,5.75,0,0,64.5,27.25,0,0
2022-06-17 01:27:26,0,0,8.684864,0.4962779,0,60.29777,29.52854,0.248139,0.248139
2022-06-17 01:27:25,0,0,0.25,0,0,89.5,9.75,0.25,0
2022-06-17 01:27:24,0,0,0,0,0,89.97494,10.025063,0,0
2022-06-17 01:27:23,0,0,0.25,0,0,89.75,10,0,0
2022-06-17 01:27:22,0,0,0,0,0,88.75,10.75,0.25,0
2022-06-17 01:27:21,0,0,0,0,0,90.75,9.25,0,0
2022-06-17 01:27:20,0,0,0,0,0,88.25,11.5,0.25,0
2022-06-17 01:27:19,0,0,0,0,0,85.75,14.25,0,0
2022-06-17 01:27:18,0,0,0,0,0,43.5,56.25,0.25,0
2022-06-17 01:27:17,0,0,7.594937,0,0,64.81013,25.06329,0,0
2022-06-17 01:27:16,0,0,6.982544,0.2493766,0,56.85786,32.66833,0.2493766,0.2493766
2022-06-17 01:27:15,0,0,0,0,0,93.51621,6.483791,0,0
2022-06-17 01:27:14,0,0,0.2512563,0,0,88.44221,11.055276,0.2512563,0
2022-06-17 01:27:13,0,0,0,0,0,88.7218,11.278195,0,0
2022-06-17 01:27:12,0,0,0,0,0,90.25,9.75,0,0
2022-06-17 01:27:11,0,0,0,0,0,90.27431,9.476309,0.2493766,0
2022-06-17 01:27:10,0,0,0,0,0,88,11.75,0.25,0
2022-06-17 01:27:09,0,0,0,0,0,77.75,22.25,0,0
2022-06-17 01:27:08,0,0,0.5012531,0,0,44.11028,55.38847,0,0
2022-06-17 01:27:07,0,0,8.415842,0,0,65.84158,23.76238,0.2475248,0
2022-06-17 01:27:06,0,0,5.555556,0.2525253,0,62.87879,30.05051,0,0.2525253
2022-06-17 01:27:05,0,0,0.25,0,0,92.5,7,0.25,0
2022-06-17 01:27:04,0,0,0,0.25,0,89.25,10.25,0.25,0
2022-06-17 01:27:03,0,0,0.2493766,0,0,89.52618,10.224439,0,0
2022-06-17 01:27:02,0,0,0,0,0,91.72932,8.270677,0,0
2022-06-17 01:27:01,0,0,0,0,0,89.22306,10.776942,0,0
2022-06-17 01:27:00,0,0,0,0,0,88.02993,11.471322,0.4987531,0
2022-06-17 01:26:59,0,0,0,0,0,72.75,27,0,0
2022-06-17 01:26:58,0,0,1.75,0,0,49.5,48.75,0,0
2022-06-17 01:26:57,0,0,9.226933,0.4987531,0,66.08479,23.19202,0.2493766,0
2022-06-17 01:26:56,0,0,4.239401,0.2493766,0,68.57855,26.18454,0,0.2493766
2022-06-17 01:26:55,0,0,0,0,0,91.20603,8.542714,0.2512563,0
2022-06-17 01:26:54,0,0,0.5,0,0,88.5,10.75,0.25,0
2022-06-17 01:26:53,0,0,0,0,0,86,14,0,0
2022-06-17 01:26:52,0,0,0,0,0,88.97243,11.027569,0,0
2022-06-17 01:26:51,0,0,0,0,0,89.75,10.25,0,0
2022-06-17 01:26:50,0,0,0,0,0,88.02993,11.720698,0.2493766,0
2022-06-17 01:26:49,0,0,0,0,0,65.25,34.5,0.25,0
2022-06-17 01:26:48,0,0,2.985075,0.2487562,0,51.99005,44.52736,0,0
2022-06-17 01:26:47,0,0,8.72818,0.4987531,0,66.08479,23.69077,0.2493766,0.2493766
2022-06-17 01:26:46,0,0,3.258145,0,0,71.17794,24.06015,0.5012531,0
2022-06-17 01:26:45,0,0,0.2506266,0,0,93.48371,6.015038,0.2506266,0
2022-06-17 01:26:44,0,0,0.25,0,0,88.75,11,0,0
2022-06-17 01:26:43,0,0,0,0,0,89.27681,10.473815,0.2493766,0
2022-06-17 01:26:42,0,0,0,0,0,91.45729,8.542714,0,0
2022-06-17 01:26:41,0,0,0,0,0,89.75,10.25,0,0
2022-06-17 01:26:40,0,0,0,0,0,88.02993,11.720698,0.2493766,0
2022-06-17 01:26:39,0,0,0,0,0,58.64662,41.10276,0.2506266,0
2022-06-17 01:26:38,0,0,3.233831,0.2487562,0,57.9602,38.0597,0,0
2022-06-17 01:26:37,0,0,9.725686,0.4987531,0,62.84289,25.68579,0.2493766,0.2493766
2022-06-17 01:26:36,0,0,2,0,0,76.75,20.25,0.25,0
2022-06-17 01:26:35,0,0,0,0,0,93.71859,6.030151,0.2512563,0
2022-06-17 01:26:34,0,0,0.2493766,0,0,88.52868,11.221945,0,0
2022-06-17 01:26:33,0,0,0,0,0,90.25,9.5,0.25,0
2022-06-17 01:26:32,0,0,0,0,0,93.48371,6.516291,0,0
2022-06-17 01:26:31,0,0,0,0,0,87.78055,11.970075,0.2493766,0
2022-06-17 01:26:30,0,0,0,0,0,89.97494,10.025063,0,0
2022-06-17 01:26:29,0,0,0,0,0,53.36658,46.38404,0.2493766,0
2022-06-17 01:26:28,0,0,4,0,0,61.5,32.5,0,0
2022-06-17 01:26:27,0,0,9.52381,0.5012531,0,60.90226,26.31579,0,0.5012531
2022-06-17 01:26:26,0,0,1.5,0,0,78.25,19.5,0.25,0
2022-06-17 01:26:25,0,0,0.2512563,0,0,92.71357,7.035176,0,0
2022-06-17 01:26:24,0,0,0.25,0,0,87.25,12.5,0,0
2022-06-17 01:26:23,0,0,0,0,0,88.2793,11.471322,0.2493766,0
2022-06-17 01:26:22,0,0,0,0,0,90.22556,9.52381,0.2506266,0
2022-06-17 01:26:21,0,0,0,0,0,89.47368,10.526316,0,0
2022-06-17 01:26:20,0,0,0,0,0,89.5,10.5,0,0
2022-06-17 01:26:19,0,0,0,0,0,48.62843,51.12219,0.2493766,0
2022-06-17 01:26:18,0,0,4.488778,0.2493766,0,58.10474,36.40898,0.2493766,0
2022-06-17 01:26:17,0,0,9.52381,0.2506266,0,60.401,27.06767,0,0.5012531
2022-06-17 01:26:16,0,0,1,0,0,81.5,16.25,0.5,0.25
2022-06-17 01:26:15,0,0,0.2506266,0,0,90.47619,9.022556,0.2506266,0
2022-06-17 01:26:14,0,0,0,0,0,88.25,11.5,0.25,0
2022-06-17 01:26:13,0,0,0,0,0,89.22306,10.776942,0,0
2022-06-17 01:26:12,0,0,0,0,0,91.5,8.5,0,0
2022-06-17 01:26:11,0,0,0,0,0,88.25,11.5,0,0
2022-06-17 01:26:10,0,0,0,0,0,85.28678,14.46384,0.2493766,0
2022-06-17 01:26:09,0,0,0,0,0,48.37093,51.37845,0.2506266,0
2022-06-17 01:26:08,0,0,5.263158,0,0,62.65664,31.32832,0,0
2022-06-17 01:26:07,0,0,9.25,0.25,0,60.25,28.5,0.25,0
2022-06-17 01:26:06,0,0,0.2506266,0,0,86.71679,13.032581,0,0
2022-06-17 01:26:05,0,0,0.2512563,0,0,90.45226,9.296482,0,0
2022-06-17 01:26:04,0,0,0,0,0,89.97494,10.025063,0,0
2022-06-17 01:26:03,0,0,0,0,0,88.52868,11.221945,0.2493766,0
2022-06-17 01:26:02,0,0,0,0,0,91.22807,8.77193,0,0
2022-06-17 01:26:01,0,0,0,0,0,88.75,11.25,0,0
2022-06-17 01:26:00,0,0,0,0,0,84.46115,15.538847,0,0
2022-06-17 01:25:59,0,0,0,0,0,41.79104,57.9602,0.2487562,0
2022-06-17 01:25:58,0,0,7.304786,0.2518892,0,63.47607,26.70025,0,0
2022-06-17 01:25:57,0,0,8.148148,0.4938272,0,59.01235,30.37037,0.2469136,0.4938272
2022-06-17 01:25:56,0,0,0,0,0,90.17632,9.823678,0,0
2022-06-17 01:25:55,0,0,0.25,0,0,88.75,10.75,0.25,0
2022-06-17 01:25:54,0,0,0,0,0,89.47368,10.526316,0,0
2022-06-17 01:25:53,0,0,0,0,0,89.30348,10.447761,0.2487562,0
2022-06-17 01:25:52,0,0,0,0,0,89.47368,10.526316,0,0
2022-06-17 01:25:51,0,0,0,0,0,88.75,11.25,0,0
2022-06-17 01:25:50,0,0,0,0,0,79,21,0,0
2022-06-17 01:25:49,0,0,0.75,0,0,51.25,48,0,0
2022-06-17 01:25:48,0,0,7.444169,0.248139,0,62.03474,25.80645,0,0.248139
2022-06-17 01:25:47,0,0,6.467662,0,0,62.68657,28.35821,0.2487562,0.4975124
2022-06-17 01:25:46,0,0,0,0,0,90,10,0,0
2022-06-17 01:25:45,0,0,0.2512563,0,0,89.19598,10.301508,0.2512563,0
2022-06-17 01:25:44,0,0,0,0,0,90,10,0,0
2022-06-17 01:25:43,0,0,0,0,0,90.5,9.25,0.25,0
2022-06-17 01:25:42,0,0,0,0,0,88.47118,11.528822,0,0
2022-06-17 01:25:41,0,0,0,0,0,90,10,0,0
2022-06-17 01:25:40,0,0,0,0,0,73.06733,26.68329,0.2493766,0
2022-06-17 01:25:39,0,0,0.9975062,0,0,49.87531,48.87781,0,0
2022-06-17 01:25:38,0,0,8.436725,0.4962779,0,68.98263,20.84367,0.248139,0
2022-06-17 01:25:37,0,0,5.513784,0.2506266,0,63.90977,29.07268,0,0.2506266
2022-06-17 01:25:36,0,0,0.2506266,0,0,92.98246,6.766917,0,0
2022-06-17 01:25:35,0,0,0.25,0,0,87,12.75,0,0
2022-06-17 01:25:34,0,0,0,0,0,88.2793,11.471322,0.2493766,0
2022-06-17 01:25:33,0,0,0,0,0,91.72932,8.270677,0,0
2022-06-17 01:25:32,0,0,0,0,0,88.52868,10.972569,0.2493766,0
2022-06-17 01:25:31,0,0,0,0,0,89.72431,10.275689,0,0
2022-06-17 01:25:30,0,0,0,0,0,70.82294,28.92768,0.2493766,0
2022-06-17 01:25:29,0,0,2,0,0,50.25,47.5,0.25,0
2022-06-17 01:25:28,0,0,9.5,0.5,0,66.25,22.5,0.25,0.5
2022-06-17 01:25:27,0,0,3.233831,0.2487562,0,68.65672,26.61692,0,0.2487562
2022-06-17 01:25:26,0,0,0,0,0,94.22111,5.527638,0.2512563,0
2022-06-17 01:25:25,0,0,0,0,0,88.22055,11.528822,0.2506266,0
2022-06-17 01:25:24,0,0,0,0,0,89.25,10.75,0,0
2022-06-17 01:25:23,0,0,0,0,0,92,7.75,0.25,0
2022-06-17 01:25:22,0,0,0.2487562,0,0,86.81592,12.686567,0.2487562,0
2022-06-17 01:25:21,0,0,0,0,0,91.45729,8.542714,0,0
2022-06-17 01:25:20,0,0,0,0,0,63.09227,36.65835,0.2493766,0
2022-06-17 01:25:19,0,0,2.493766,0,0,54.61347,42.89277,0,0
2022-06-17 01:25:18,0,0,9,0.5,0,62,23.5,0.25,0.25
2022-06-17 01:25:17,0,0,2.512563,0,0,69.84925,26.38191,0,0.2512563
2022-06-17 01:25:16,0,0,0,0,0,92.23058,7.518797,0.2506266,0
2022-06-17 01:25:15,0,0,0.25,0,0,88.5,11.25,0,0
2022-06-17 01:25:14,0,0,0,0,0,90.75,9,0.25,0
2022-06-17 01:25:13,0,0,0,0,0,91.25,8.75,0,0
2022-06-17 01:25:12,0,0,0,0,0,88.5,11.5,0,0
2022-06-17 01:25:11,0,0,0,0,0,89.5,10.25,0.25,0
2022-06-17 01:25:10,0,0,0,0,0,56.75,43,0.25,0
2022-06-17 01:25:09,0,0,3.491272,0.4987531,0,54.86284,40.89776,0,0
2022-06-17 01:25:08,0,0,9.5,0.25,0,62.5,27,0,0.25
2022-06-17 01:25:07,0,0,1.5037594,0,0,78.19549,20.05013,0.2506266,0
2022-06-17 01:25:06,0,0,0.25,0,0,90.5,9,0.25,0
2022-06-17 01:25:05,0,0,0,0,0,89.69849,10.301508,0,0
2022-06-17 01:25:04,0,0,0,0,0,89.25,10.5,0.25,0
2022-06-17 01:25:03,0,0,0,0,0,90.75,9.25,0,0
2022-06-17 01:25:02,0,0,0,0,0,89.75,10,0.25,0
2022-06-17 01:25:01,0,0,0,0,0,88,12,0,0
2022-06-17 01:25:00,0,0,0.2493766,0,0,51.87032,47.63092,0.2493766,0
2022-06-17 01:24:59,0,0,4.239401,0,0,59.601,34.66334,0.2493766,0
2022-06-17 01:24:58,0,0,9.701493,0.7462687,0,58.70647,26.86567,0.2487562,0.7462687
2022-06-17 01:24:57,0,0,0.9950249,0.2487562,0,80.34826,18.1592,0,0
2022-06-17 01:24:56,0,0,0,0,0,92.42424,7.575758,0,0
2022-06-17 01:24:55,0,0,0.2487562,0,0,89.30348,10.199005,0.2487562,0
2022-06-17 01:24:54,0,0,0,0,0,88.22055,11.779449,0,0
2022-06-17 01:24:53,0,0,0,0,0,92.5187,7.481297,0,0
2022-06-17 01:24:52,0,0,0,0,0,88.75,11.25,0,0
2022-06-17 01:24:51,0,0,0,0,0,88.25,11.5,0.25,0
2022-06-17 01:24:50,0,0,0,0,0,46,54,0,0
2022-06-17 01:24:49,0,0,5.486284,0.2493766,0,63.59102,30.17456,0.2493766,0
2022-06-17 01:24:48,0,0,8.77193,0.2506266,0,58.14536,31.32832,0.2506266,0
2022-06-17 01:24:47,0,0,0.2493766,0,0,88.02993,11.221945,0,0
2022-06-17 01:24:46,0,0,0.2512563,0,0,89.19598,10.552764,0,0
2022-06-17 01:24:45,0,0,0,0,0,89.52618,10.224439,0.2493766,0
2022-06-17 01:24:44,0,0,0,0,0,89.5,10.5,0,0
2022-06-17 01:24:43,0,0,0,0,0,90.75,9,0.25,0
2022-06-17 01:24:42,0,0,0,0,0,90,10,0,0
2022-06-17 01:24:41,0,0,0.2493766,0,0,84.53865,15.21197,0,0
2022-06-17 01:24:40,0,0,0,0,0,43.75,56.25,0,0
2022-06-17 01:24:39,0,0,6.75,0.25,0,65,27,0.25,0
2022-06-17 01:24:38,0,0,7.769424,0.2506266,0,61.65414,28.82206,0.2506266,0.2506266
2022-06-17 01:24:37,0,0,0,0,0,90.22556,9.52381,0.2506266,0
2022-06-17 01:24:36,0,0,0.2506266,0,0,89.72431,10.025063,0,0
2022-06-17 01:24:35,0,0,0,0,0,89.5,10.5,0,0
2022-06-17 01:24:34,0,0,0,0,0,89.75,10,0.25,0
2022-06-17 01:24:33,0,0,0,0,0,91.4787,8.521303,0,0
2022-06-17 01:24:32,0,0,0.2487562,0,0,86.81592,12.686567,0.2487562,0
2022-06-17 01:24:31,0,0,0,0,0,82.25,17.75,0,0
2022-06-17 01:24:30,0,0,0,0,0,44.86216,55.13784,0,0
2022-06-17 01:24:29,0,0,7.692308,0.248139,0,64.01985,26.30273,0.248139,0
2022-06-17 01:24:28,0,0,7,0.25,0,59.75,31.5,0.25,0
2022-06-17 01:24:27,0,0,0,0,0,94.23559,5.513784,0.2506266,0
2022-06-17 01:24:26,0,0,0.2506266,0,0,88.22055,11.278195,0.2506266,0
2022-06-17 01:24:25,0,0,0,0,0,88,12,0,0
2022-06-17 01:24:24,0,0,0,0,0,88.25,11.5,0.25,0
2022-06-17 01:24:23,0,0,0,0,0,90.25,9.75,0,0
2022-06-17 01:24:22,0,0,0,0,0,90.22556,9.774436,0,0
2022-06-17 01:24:21,0,0,0,0,0,77.30673,22.44389,0.2493766,0
2022-06-17 01:24:20,0,0,0.5,0,0,45.5,54,0,0
2022-06-17 01:24:19,0,0,8.168317,0.4950495,0,62.62376,25.24752,0,0.2475248
2022-06-17 01:24:18,0,0,6.281407,0.2512563,0,62.31156,29.39698,0,0.2512563
2022-06-17 01:24:17,0,0,0,0,0,92.98246,6.766917,0.2506266,0
2022-06-17 01:24:16,0,0,0.2506266,0,0,87.96992,11.779449,0,0
2022-06-17 01:24:15,0,0,0,0,0,88,11.75,0.25,0
2022-06-17 01:24:14,0,0,0,0,0,88.5,11.5,0,0
2022-06-17 01:24:13,0,0,0,0,0,89,11,0,0
2022-06-17 01:24:12,0,0,0,0,0,89.72431,10.025063,0.2506266,0
2022-06-17 01:24:11,0,0,0,0,0,71.82045,27.93017,0.2493766,0
2022-06-17 01:24:10,0,0,1.2437811,0.2487562,0,49.75124,48.50746,0,0
2022-06-17 01:24:09,0,0,9.022556,0,0,65.16291,24.5614,0,0.2506266
2022-06-17 01:24:08,0,0,4.975124,0.2487562,0,64.1791,28.85572,0.2487562,0.2487562
2022-06-17 01:24:07,0,0,0,0,0,91.43577,8.564232,0,0
2022-06-17 01:24:06,0,0,0.25,0,0,89,10.5,0.25,0
2022-06-17 01:24:05,0,0,0,0,0,90.25,9.75,0,0
2022-06-17 01:24:04,0,0,0,0,0,91,8.75,0.25,0
2022-06-17 01:24:03,0,0,0,0,0,90.27431,9.725686,0,0
2022-06-17 01:24:02,0,0,0,0,0,88.47118,11.278195,0.2506266,0
2022-06-17 01:24:01,0,0,0,0,0,68.75,31.25,0,0
2022-06-17 01:24:00,0,0,1.75,0,0,48.5,49.25,0.25,0
2022-06-17 01:23:59,0,0,8.977556,0.9975062,0,66.08479,22.44389,0.2493766,0
2022-06-17 01:23:58,0,0,4.218362,0,0,68.23821,26.05459,0.248139,0
2022-06-17 01:23:57,0,0,0,0,0,92.71357,7.286432,0,0
2022-06-17 01:23:56,0,0,0.2512563,0,0,87.43719,12.311558,0,0
2022-06-17 01:23:55,0,0,0,0,0,89.27681,10.473815,0.2493766,0
2022-06-17 01:23:54,0,0,0,0,0,89.25,10.75,0,0
2022-06-17 01:23:53,0,0,0,0,0,87.75,12,0.25,0
2022-06-17 01:23:52,0,0,0,0,0,89.5,10.5,0,0
2022-06-17 01:23:51,0,0,0,0,0,62,38,0,0
2022-06-17 01:23:50,0,0,3.241895,0.2493766,0,52.1197,43.6409,0,0
2022-06-17 01:23:49,0,0,8.977556,0.2493766,0,66.58354,23.69077,0.2493766,0
2022-06-17 01:23:48,0,0,2.261307,0.2512563,0,75.62814,21.10553,0.2512563,0.2512563
2022-06-17 01:23:47,0,0,0.25,0,0,91.5,8.25,0,0
2022-06-17 01:23:46,0,0,0,0,0,88.25,11.5,0.25,0
2022-06-17 01:23:45,0,0,0,0,0,89.75,10,0,0
2022-06-17 01:23:44,0,0,0,0,0,89.77556,9.975062,0.2493766,0
2022-06-17 01:23:43,0,0,0,0,0,89.47368,10.526316,0,0
2022-06-17 01:23:42,0,0,0,0,0,85.75,14.25,0,0
2022-06-17 01:23:41,0,0,0,0,0,53.5,46.5,0,0
2022-06-17 01:23:40,0,0,4.975124,0.2487562,0,58.95522,34.0796,0,0
2022-06-17 01:23:39,0,0,8.457711,0.2487562,0,58.95522,29.85075,0,0
2022-06-17 01:23:38,0,0,1.0050251,0,0,81.65829,16.83417,0.2512563,0
2022-06-17 01:23:37,0,0,0.4987531,0,0,90.27431,8.977556,0.2493766,0
2022-06-17 01:23:36,0,0,0,0,0,89,11,0,0
2022-06-17 01:23:35,0,0,0,0,0,87.7193,12.280702,0,0
2022-06-17 01:23:34,0,0,0,0,0,89.52618,10.224439,0.2493766,0
2022-06-17 01:23:33,0,0,0,0,0,89.97494,10.025063,0,0
2022-06-17 01:23:32,0,0,0,0,0,83.79052,15.9601,0.2493766,0
2022-06-17 01:23:31,0,0,0,0,0,49.62406,50.37594,0,0
2022-06-17 01:23:30,0,0,6.451613,0.248139,0,59.05707,32.00993,0.248139,0.248139
2022-06-17 01:23:29,0,0,7.769424,0.2506266,0,62.15539,28.3208,0.2506266,0.2506266
2022-06-17 01:23:28,0,0,0.2512563,0,0,89.44724,10.301508,0,0
2022-06-17 01:23:27,0,0,0.25,0,0,89.5,10,0,0
2022-06-17 01:23:26,0,0,0,0,0,91.5212,8.229426,0.2493766,0
2022-06-17 01:23:25,0,0,0,0,0,89.47368,10.526316,0,0
2022-06-17 01:23:24,0,0,0,0,0,90.52369,9.226933,0.2493766,0
2022-06-17 01:23:23,0,0,0,0,0,89.5,10.5,0,0
2022-06-17 01:23:22,0,0,0,0,0,82.45614,17.54386,0,0
2022-06-17 01:23:21,0,0,0.2493766,0,0,46.63342,52.86783,0.2493766,0
2022-06-17 01:23:20,0,0,7.75,0.25,0,65.5,25.75,0.25,0
2022-06-17 01:23:19,0,0,6.25,0.25,0,61.5,31,0.25,0.25
2022-06-17 01:23:18,0,0,0,0,0,93.46734,6.532663,0,0
2022-06-17 01:23:17,0,0,0.4987531,0.2493766,0,88.02993,11.221945,0,0
2022-06-17 01:23:16,0,0,0,0,0,91.02244,8.478803,0.2493766,0
2022-06-17 01:23:15,0,0,0,0,0,91.25,8.75,0,0
2022-06-17 01:23:14,0,0,0,0,0,89.72431,10.025063,0.2506266,0
2022-06-17 01:23:13,0,0,0,0,0,89,11,0,0
2022-06-17 01:23:12,0,0,0,0,0,75.75,24.25,0,0
2022-06-17 01:23:11,0,0,0.2493766,0,0,48.12968,51.37157,0.2493766,0
2022-06-17 01:23:10,0,0,9.5,0.5,0,65.75,24.25,0,0
2022-06-17 01:23:09,0,0,5,0,0,63.25,31,0.5,0
2022-06-17 01:23:08,0,0,0,0,0,93.98496,6.015038,0,0
2022-06-17 01:23:07,0,0,0.25,0.25,0,87.5,12,0,0
2022-06-17 01:23:06,0,0,0,0,0,89.94975,10.050251,0,0
2022-06-17 01:23:05,0,0,0,0,0,90.77307,8.977556,0.2493766,0
2022-06-17 01:23:04,0,0,0,0,0,89.77556,9.975062,0,0
2022-06-17 01:23:03,0,0,0,0,0,89.25,10.5,0.25,0
2022-06-17 01:23:02,0,0,0,0,0,68.25,31.75,0,0
2022-06-17 01:23:01,0,0,1.745636,0,0,50.37406,47.63092,0,0
2022-06-17 01:23:00,0,0,9.090909,0,0,65.40404,23.73737,0.2525253,0
2022-06-17 01:22:59,0,0,3.491272,0.2493766,0,67.58105,25.68579,0,0.2493766
2022-06-17 01:22:58,0,0,0.5025126,0,0,92.46231,6.78392,0.2512563,0
2022-06-17 01:22:57,0,0,0.2493766,0,0,87.03242,12.468828,0.2493766,0
2022-06-17 01:22:56,0,0,0,0,0,89.97494,10.025063,0,0
2022-06-17 01:22:55,0,0,0,0,0,90.25,9.75,0,0
2022-06-17 01:22:54,0,0,0,0,0,90.5,9.5,0,0
2022-06-17 01:22:53,0,0,0,0,0,90.77307,8.977556,0.2493766,0
2022-06-17 01:22:52,0,0,0,0,0,61.90476,38.09524,0,0
2022-06-17 01:22:51,0,0,2.985075,0.2487562,0,54.22886,42.28856,0,0
2022-06-17 01:22:50,0,0,9.59596,0.5050505,0,64.89899,23.9899,0,0
2022-06-17 01:22:49,0,0,2.48139,0,0,74.93797,21.09181,0.248139,0
2022-06-17 01:22:48,0,0,0.2506266,0,0,91.72932,7.769424,0,0
2022-06-17 01:22:47,0,0,0,0,0,90.75,9,0.25,0
2022-06-17 01:22:46,0,0,0,0,0,88,12,0,0
2022-06-17 01:22:45,0,0,0,0,0,91.72932,8.270677,0,0
2022-06-17 01:22:44,0,0,0,0,0,88.75,11.25,0,0
2022-06-17 01:22:43,0,0,0,0,0,87.03242,12.718204,0.2493766,0
2022-06-17 01:22:42,0,0,0,0,0,52.63158,47.36842,0,0
2022-06-17 01:22:41,0,0,3.990025,0.2493766,0,56.60848,37.90524,0.2493766,0
2022-06-17 01:22:40,0,0,8.72818,0.2493766,0,61.34663,27.6808,0.2493766,0.2493766
2022-06-17 01:22:39,0,0,1.4962594,0,0,82.79302,15.21197,0.2493766,0
2022-06-17 01:22:38,0,0,0.5012531,0,0,89.47368,10.025063,0,0
2022-06-17 01:22:37,0,0,0,0,0,90.5,9.25,0.25,0
2022-06-17 01:22:36,0,0,0,0,0,89.5,10.25,0.25,0
2022-06-17 01:22:35,0,0,0,0,0,91.25,8.75,0,0
2022-06-17 01:22:34,0,0,0,0,0,90.22556,9.774436,0,0
2022-06-17 01:22:33,0,0,0,0,0,88.52868,11.471322,0,0
2022-06-17 01:22:32,0,0,0,0,0,47.86967,51.8797,0,0
2022-06-17 01:22:31,0,0,4.987531,0.2493766,0,57.60599,34.66334,0.2493766,0
2022-06-17 01:22:30,0,0,8.478803,0.2493766,0,58.60349,30.17456,0.2493766,0
2022-06-17 01:22:29,0,0,1.0050251,0.2512563,0,85.67839,12.81407,0.2512563,0
2022-06-17 01:22:28,0,0,0.5012531,0,0,89.72431,9.52381,0.2506266,0
2022-06-17 01:22:27,0,0,0,0,0,91,9,0,0
2022-06-17 01:22:26,0,0,0,0,0,88.75,11,0.25,0
2022-06-17 01:22:25,0,0,0,0,0,91.4787,8.521303,0,0
2022-06-17 01:22:24,0,0,0,0,0,88.2793,11.720698,0,0
2022-06-17 01:22:23,0,0,0.25,0,0,84.75,14.75,0.25,0
2022-06-17 01:22:22,0,0,0,0,0,45.63591,54.11471,0.2493766,0
2022-06-17 01:22:21,0,0,6,0,0,62.25,28,0.25,0.25
2022-06-17 01:22:20,0,0,8,0.5,0,58.75,31.5,0.25,0.25
2022-06-17 01:22:19,0,0,0,0,0,89.47368,10.275689,0,0
2022-06-17 01:22:18,0,0,0.2493766,0,0,88.52868,11.221945,0,0
2022-06-17 01:22:17,0,0,0,0,0,88.7218,11.278195,0,0
2022-06-17 01:22:16,0,0,0,0,0,88.5,11.25,0.25,0
2022-06-17 01:22:15,0,0,0,0,0,89.75,10,0.25,0
2022-06-17 01:22:14,0,0,0,0,0,88.5,11.5,0,0
2022-06-17 01:22:13,0,0,0,0,0,78.75,21.25,0,0
2022-06-17 01:22:12,0,0,0,0,0,47.25,52.5,0.25,0
2022-06-17 01:22:11,0,0,8.229426,0.2493766,0,61.09726,28.42893,0.2493766,0
2022-06-17 01:22:10,0,0,6.281407,0.5025126,0,64.57286,27.88945,0.2512563,0
2022-06-17 01:22:09,0,0,0,0,0,90.72682,9.022556,0.2506266,0
2022-06-17 01:22:08,0,0,0.2493766,0.2493766,0,86.28429,12.967581,0,0
2022-06-17 01:22:07,0,0,0,0,0,90.75,9,0.25,0
2022-06-17 01:22:06,0,0,0,0,0,89.75,10.25,0,0
2022-06-17 01:22:05,0,0,0,0,0,88.5,11.25,0.25,0
2022-06-17 01:22:04,0,0,0,0,0,89.47368,10.526316,0,0
2022-06-17 01:22:03,0,0,0,0,0,74.75,25,0.25,0
2022-06-17 01:22:02,0,0,0.4975124,0,0,47.26368,51.99005,0,0
2022-06-17 01:22:01,0,0,8.585859,0.2525253,0,67.92929,20.70707,0,0.2525253
2022-06-17 01:22:00,0,0,5.236908,0.2493766,0,62.34414,30.92269,0.2493766,0
2022-06-17 01:21:59,0,0,0,0,0,94.72362,5.025126,0.2512563,0
2022-06-17 01:21:58,0,0,0.75,0,0,87.25,11.75,0,0
2022-06-17 01:21:57,0,0,0,0,0,91.02244,8.478803,0.2493766,0
2022-06-17 01:21:56,0,0,0,0,0,91.22807,8.77193,0,0
2022-06-17 01:21:55,0,0,0,0,0,89.75,10.25,0,0
2022-06-17 01:21:54,0,0,0.2487562,0,0,86.81592,12.686567,0.2487562,0
2022-06-17 01:21:53,0,0,0,0,0,72.43108,27.56892,0,0
2022-06-17 01:21:52,0,0,0.7518797,0,0,48.37093,50.37594,0.2506266,0
2022-06-17 01:21:51,0,0,9.452736,0.4975124,0,62.93532,23.38308,0.2487562,0.2487562
2022-06-17 01:21:50,0,0,4,0.5,0,66.25,27.5,0.25,0.25
2022-06-17 01:21:49,0,0,0,0,0,93.19899,6.549118,0.2518892,0
2022-06-17 01:21:48,0,0,0.25,0,0,85.5,14,0,0
2022-06-17 01:21:47,0,0,0,0,0,90.52369,9.226933,0.2493766,0
2022-06-17 01:21:46,0,0,0,0,0,92.25,7.75,0,0
2022-06-17 01:21:45,0,0,0,0,0,89.22306,10.776942,0,0
2022-06-17 01:21:44,0,0,0,0,0,90.25,9.75,0,0
2022-06-17 01:21:43,0,0,0,0,0,60.5985,39.15212,0.2493766,0
2022-06-17 01:21:42,0,0,2.5,0,0,53.25,43.75,0,0
2022-06-17 01:21:41,0,0,10.025063,0.2506266,0,64.91228,22.55639,0.2506266,0.2506266
2022-06-17 01:21:40,0,0,2.255639,0.2506266,0,70.42607,25.81454,0.2506266,0.2506266
2022-06-17 01:21:39,0,0,0,0,0,93.71859,6.281407,0,0
2022-06-17 01:21:38,0,0,0.2493766,0,0,89.02743,10.473815,0.2493766,0
2022-06-17 01:21:37,0,0,0,0,0,90.22556,9.774436,0,0
2022-06-17 01:21:36,0,0,0,0,0,92.25,7.75,0,0
2022-06-17 01:21:35,0,0,0,0,0,88.5,11.5,0,0
2022-06-17 01:21:34,0,0,0,0,0,88.5,11.25,0.25,0
2022-06-17 01:21:33,0,0,0,0,0,52.86783,47.13217,0,0
2022-06-17 01:21:32,0,0,3.465347,0.2475248,0,57.92079,36.38614,0.2475248,0
2022-06-17 01:21:31,0,0,9.52381,0,0,64.41103,22.30576,0,0
2022-06-17 01:21:30,0,0,0.9950249,0.2487562,0,74.62687,23.13433,0.2487562,0
2022-06-17 01:21:29,0,0,0.2506266,0,0,91.22807,8.521303,0,0
2022-06-17 01:21:28,0,0,0,0,0,88.22055,11.779449,0,0
2022-06-17 01:21:27,0,0,0,0,0,88.2793,11.471322,0.2493766,0
2022-06-17 01:21:26,0,0,0,0,0,91.97995,8.02005,0,0
2022-06-17 01:21:25,0,0,0,0,0,86.5,13.5,0,0
2022-06-17 01:21:24,0,0,0,0,0,90,10,0,0
2022-06-17 01:21:23,0,0,0,0,0,51.25,48.5,0.25,0
2022-06-17 01:21:22,0,0,4.020101,0,0,59.04523,35.17588,0,0
2022-06-17 01:21:21,0,0,9.405941,0.4950495,0,64.10891,23.26733,0,0.2475248
2022-06-17 01:21:20,0,0,0.4987531,0,0,79.8005,18.95262,0.2493766,0
2022-06-17 01:21:19,0,0,0.2518892,0,0,91.93955,7.556675,0.2518892,0
2022-06-17 01:21:18,0,0,0,0,0,88.5,11.5,0,0
2022-06-17 01:21:17,0,0,0,0,0,87.03242,12.718204,0.2493766,0
2022-06-17 01:21:16,0,0,0,0,0,91.97995,8.02005,0,0
2022-06-17 01:21:15,0,0,0,0,0,90.5,9.5,0,0
2022-06-17 01:21:14,0,0,0,0,0,89,10.75,0.25,0
2022-06-17 01:21:13,0,0,0,0,0,39.25,60.75,0,0
2022-06-17 01:21:12,0,0,5.735661,0.2493766,0,62.84289,29.17706,0.2493766,0
2022-06-17 01:21:11,0,0,8.977556,0.4987531,0,57.60599,30.92269,0.2493766,0.2493766
2022-06-17 01:21:10,0,0,0,0,0,88,11.75,0.25,0
2022-06-17 01:21:09,0,0,0.2506266,0,0,90.47619,9.273183,0,0
2022-06-17 01:21:08,0,0,0,0,0,89.5,10.25,0.25,0
2022-06-17 01:21:07,0,0,0,0,0,87.7193,12.280702,0,0
2022-06-17 01:21:06,0,0,0,0,0,92.5187,7.23192,0.2493766,0
2022-06-17 01:21:05,0,0,0,0,0,89.75,10.25,0,0
2022-06-17 01:21:04,0,0,0,0,0,87,12.75,0.25,0
2022-06-17 01:21:03,0,0,0,0,0,40.35088,59.64912,0,0
2022-06-17 01:21:02,0,0,6.947891,0.248139,0,64.26799,27.04715,0.248139,0
2022-06-17 01:21:01,0,0,7.788945,0.2512563,0,59.79899,30.90452,0,0
2022-06-17 01:21:00,0,0,0,0,0,90.22556,9.273183,0.5012531,0
2022-06-17 01:20:59,0,0,0.25,0,0,88.5,11.25,0,0
2022-06-17 01:20:58,0,0,0.2512563,0,0,91.70854,8.040201,0,0
2022-06-17 01:20:57,0,0,0,0,0,88.75,11.25,0,0
2022-06-17 01:20:56,0,0,0.2487562,0,0,91.79104,7.711443,0.2487562,0
2022-06-17 01:20:55,0,0,0,0,0,89.75,10.25,0,0
2022-06-17 01:20:54,0,0,0,0,0,80.5,19.25,0.25,0
2022-06-17 01:20:53,0,0,0,0,0,45.88529,54.11471,0,0
2022-06-17 01:20:52,0,0,7.920792,0.4950495,0,63.36634,25.49505,0.2475248,0.2475248
2022-06-17 01:20:51,0,0,6.281407,0,0,61.55779,30.90452,0,0
2022-06-17 01:20:50,0,0,0,0,0,93.76559,5.985037,0.2493766,0
2022-06-17 01:20:49,0,0,0.2506266,0,0,88.7218,11.027569,0,0
2022-06-17 01:20:48,0,0,0,0,0,89.72431,10.275689,0,0
2022-06-17 01:20:47,0,0,0,0,0,89.27681,10.473815,0.2493766,0
2022-06-17 01:20:46,0,0,0,0,0,90.72682,9.273183,0,0
2022-06-17 01:20:45,0,0,0,0,0,91,9,0,0
2022-06-17 01:20:44,0,0,0,0,0,77.80549,21.94514,0.2493766,0
2022-06-17 01:20:43,0,0,0.25,0,0,45,54.75,0,0
2022-06-17 01:20:42,0,0,8.75,0.25,0,65.75,23.25,0.25,0
2022-06-17 01:20:41,0,0,5.472637,0.4975124,0,60.94527,30.59701,0.2487562,0.2487562
2022-06-17 01:20:40,0,0,0,0,0,94.72362,5.276382,0,0
2022-06-17 01:20:39,0,0,0.25,0,0,86.25,13.25,0.25,0
2022-06-17 01:20:38,0,0,0,0,0,88.25,11.5,0.25,0
2022-06-17 01:20:37,0,0,0,0,0,91.97995,8.02005,0,0
2022-06-17 01:20:36,0,0,0,0,0,90,10,0,0
2022-06-17 01:20:35,0,0,0,0,0,89,10.75,0.25,0
2022-06-17 01:20:34,0,0,0,0,0,71.25,28.5,0.25,0
2022-06-17 01:20:33,0,0,0.4987531,0,0,49.12718,50.12469,0,0
2022-06-17 01:20:32,0,0,9.677419,0,0,66.74938,20.09926,0.248139,0.248139
2022-06-17 01:20:31,0,0,4.020101,0.2512563,0,67.8392,27.13568,0,0
2022-06-17 01:20:30,0,0,0,0,0,94.98747,5.012531,0,0
2022-06-17 01:20:29,0,0,0.2506266,0,0,87.46867,12.280702,0,0
2022-06-17 01:20:28,0,0,0,0,0,89.27681,10.473815,0.2493766,0
2022-06-17 01:20:27,0,0,0,0,0,90.5,9.25,0.25,0
2022-06-17 01:20:26,0,0,0,0,0,90.25,9.75,0,0
2022-06-17 01:20:25,0,0,0,0,0,88.97243,11.027569,0,0
2022-06-17 01:20:24,0,0,0,0,0,61,38.75,0.25,0
2022-06-17 01:20:23,0,0,1.995012,0,0,55.11222,42.39401,0,0
2022-06-17 01:20:22,0,0,9.90099,0.2475248,0,62.37624,23.0198,0.2475248,0.2475248
2022-06-17 01:20:21,0,0,2.512563,0,0,70.60302,24.87437,0,0
2022-06-17 01:20:20,0,0,0,0,0,93.71859,6.030151,0.2512563,0
2022-06-17 01:20:19,0,0,0.25,0,0,87,12.5,0.25,0
2022-06-17 01:20:18,0,0,0,0,0,90.5,9.5,0,0
2022-06-17 01:20:17,0,0,0,0,0,91.5,8.25,0.25,0
2022-06-17 01:20:16,0,0,0,0,0,89.47368,10.526316,0,0
2022-06-17 01:20:15,0,0,0,0,0,88.02993,11.720698,0.2493766,0
2022-06-17 01:20:14,0,0,0.2493766,0,0,55.11222,44.38903,0.2493766,0
2022-06-17 01:20:13,0,0,3.007519,0.2506266,0,54.88722,40.85213,0,0
2022-06-17 01:20:12,0,0,10.224439,0.4987531,0,63.09227,23.19202,0.2493766,0.2493766
2022-06-17 01:20:11,0,0,1.995012,0.2493766,0,74.06484,23.19202,0.2493766,0
2022-06-17 01:20:10,0,0,0,0,0,93.21608,6.532663,0.2512563,0
2022-06-17 01:20:09,0,0,0,0,0,87.7193,12.280702,0,0
2022-06-17 01:20:08,0,0,0,0,0,88.02993,11.720698,0.2493766,0
2022-06-17 01:20:07,0,0,0.25,0,0,90.25,9.5,0,0
2022-06-17 01:20:06,0,0,0,0,0,88.7218,11.027569,0.2506266,0
2022-06-17 01:20:05,0,0,0,0,0,88.75,11.25,0,0
2022-06-17 01:20:04,0,0,0,0,0,52.5,47.5,0,0
2022-06-17 01:20:03,0,0,4.239401,0,0,58.60349,35.41147,0.2493766,0
2022-06-17 01:20:02,0,0,9.950249,0,0,61.44279,25.87065,0.4975124,0.2487562
2022-06-17 01:20:01,0,0,0.7518797,0,0,78.69674,20.05013,0,0
2022-06-17 01:20:00,0,0,0.2506266,0.2506266,0,91.4787,8.02005,0,0
2022-06-17 01:19:59,0,0,0,0,0,87.5,12.25,0.25,0
2022-06-17 01:19:58,0,0,0.5,0,0,87.75,11.75,0,0
2022-06-17 01:19:57,0,0,0,0,0,92.5187,7.23192,0.2493766,0
2022-06-17 01:19:56,0,0,0,0,0,89.25,10.75,0,0
2022-06-17 01:19:55,0,0,0,0,0,87.75,12,0.25,0
2022-06-17 01:19:54,0,0,0,0,0,45.36341,54.63659,0,0
2022-06-17 01:19:53,0,0,5,0.25,0,62,31,0.25,0
2022-06-17 01:19:52,0,0,9.181141,0.4962779,0,58.06452,29.77667,0,0.248139
2022-06-17 01:19:51,0,0,0,0,0,85.28678,14.214464,0.2493766,0
2022-06-17 01:19:50,0,0,0.2512563,0,0,89.19598,10.552764,0,0
2022-06-17 01:19:49,0,0,0,0,0,90.5,9.25,0.25,0
2022-06-17 01:19:48,0,0,0,0,0,86.71679,13.283208,0,0
2022-06-17 01:19:47,0,0,0,0,0,91.75,8,0.25,0
2022-06-17 01:19:46,0,0,0,0,0,89,11,0,0
2022-06-17 01:19:45,0,0,0,0,0,87,12.75,0.25,0
2022-06-17 01:19:44,0,0,0,0,0,39.34837,60.65163,0,0
2022-06-17 01:19:43,0,0,5.985037,0,0,63.09227,28.6783,0.2493766,0
2022-06-17 01:19:42,0,0,8.229426,0.4987531,0,56.3591,33.66584,0.2493766,0.2493766
2022-06-17 01:19:41,0,0,0.2506266,0,0,88.22055,11.278195,0.2506266,0
2022-06-17 01:19:40,0,0,0.25,0,0,88,11.5,0.25,0
2022-06-17 01:19:39,0,0,0,0,0,88.5,11.5,0,0
2022-06-17 01:19:38,0,0,0,0,0,86.5,13.25,0.25,0
2022-06-17 01:19:37,0,0,0,0,0,90.75,9,0.25,0
2022-06-17 01:19:36,0,0,0,0,0,87.5,12.5,0,0
2022-06-17 01:19:35,0,0,0,0,0,87.7193,12.280702,0,0
2022-06-17 01:19:34,0,0,0,0,0,42.14464,57.60599,0.2493766,0
2022-06-17 01:19:33,0,0,6.451613,0,0,63.27543,26.55087,0.248139,0
2022-06-17 01:19:32,0,0,7.960199,0.2487562,0,58.45771,30.59701,0.4975124,0.4975124
2022-06-17 01:19:31,0,0,0,0,0,89.97494,10.025063,0,0
2022-06-17 01:19:30,0,0,0.25,0,0,89,10.75,0,0
2022-06-17 01:19:29,0,0,0,0,0,90.72682,9.273183,0,0
2022-06-17 01:19:28,0,0,0,0,0,89,10.75,0.25,0
2022-06-17 01:19:27,0,0,0,0,0,91.25,8.75,0,0
2022-06-17 01:19:26,0,0,0,0,0,89.52618,10.224439,0.2493766,0
2022-06-17 01:19:25,0,0,0,0,0,80.45113,19.54887,0,0
2022-06-17 01:19:24,0,0,0,0,0,44.25,55.75,0,0
2022-06-17 01:19:23,0,0,8,0.25,0,67.5,24,0,0
2022-06-17 01:19:22,0,0,6.297229,0.2518892,0,60.4534,30.73048,0,0
2022-06-17 01:19:21,0,0,0,0,0,94.23559,5.513784,0.2506266,0
2022-06-17 01:19:20,0,0,0.25,0,0,89.75,10,0,0
2022-06-17 01:19:19,0,0,0,0,0,90.75,9,0.25,0
2022-06-17 01:19:18,0,0,0,0,0,88.75,11.25,0,0
2022-06-17 01:19:17,0,0,0,0,0,90.5,9.25,0.25,0
2022-06-17 01:19:16,0,0,0,0,0,88.25,11.75,0,0
2022-06-17 01:19:15,0,0,0,0,0,79.75,20,0.25,0
2022-06-17 01:19:14,0,0,0,0,0,42.85714,57.14286,0,0
2022-06-17 01:19:13,0,0,8.77193,0.2506266,0,62.40602,25.31328,0.2506266,0.2506266
2022-06-17 01:19:12,0,0,5.75,0.25,0,59.5,31.75,0.25,0.25
2022-06-17 01:19:11,0,0,0,0,0,94.98747,4.761905,0.2506266,0
2022-06-17 01:19:10,0,0,0.25,0,0,86.5,13.25,0,0
2022-06-17 01:19:09,0,0,0,0,0,91.9598,8.040201,0,0
2022-06-17 01:19:08,0,0,0,0,0,90.27431,9.476309,0.2493766,0
2022-06-17 01:19:07,0,0,0,0,0,91,8.75,0.25,0
2022-06-17 01:19:06,0,0,0,0,0,90,10,0,0
2022-06-17 01:19:05,0,0,0,0,0,75.5,24.5,0,0
2022-06-17 01:19:04,0,0,0,0,0,47.75,52,0.25,0
2022-06-17 01:19:03,0,0,9.226933,0.4987531,0,67.83042,21.44638,0,0
2022-06-17 01:19:02,0,0,5,0.25,0,64.5,30,0,0
2022-06-17 01:19:01,0,0,0,0,0,94.97487,4.773869,0.2512563,0
2022-06-17 01:19:00,0,0,0.25,0,0,86.75,12.75,0,0
2022-06-17 01:18:59,0,0,0,0,0,89.52618,10.224439,0.2493766,0
2022-06-17 01:18:58,0,0,0.5,0,0,89.5,10,0,0
2022-06-17 01:18:57,0,0,0,0,0,89.72431,10.275689,0,0
2022-06-17 01:18:56,0,0,0,0,0,88.02993,11.471322,0.4987531,0
2022-06-17 01:18:55,0,0,0,0,0,73.43358,26.56642,0,0
2022-06-17 01:18:54,0,0,0.2493766,0,0,49.87531,49.62594,0,0
2022-06-17 01:18:53,0,0,9.452736,0.2487562,0,63.93035,23.38308,0.2487562,0.4975124
2022-06-17 01:18:52,0,0,4.773869,0,0,65.32663,29.14573,0.2512563,0
2022-06-17 01:18:51,0,0,0,0,0,94.47236,5.276382,0.2512563,0
2022-06-17 01:18:50,0,0,0.2493766,0,0,87.53117,12.219451,0,0
2022-06-17 01:18:49,0,0,0,0,0,88.75,11,0.25,0
2022-06-17 01:18:48,0,0,0,0,0,91.5,8.5,0,0
2022-06-17 01:18:47,0,0,0,0,0,88.75,11,0.25,0
2022-06-17 01:18:46,0,0,0,0,0,90,10,0,0
2022-06-17 01:18:45,0,0,0,0,0,66.75,33,0.25,0
2022-06-17 01:18:44,0,0,1.2406948,0.248139,0,52.10918,46.15385,0,0
2022-06-17 01:18:43,0,0,9.774436,0.2506266,0,68.92231,20.55138,0.2506266,0.2506266
2022-06-17 01:18:42,0,0,3.491272,0.2493766,0,67.83042,27.43142,0.2493766,0
2022-06-17 01:18:41,0,0,0,0,0,95.45455,4.292929,0.2525253,0
2022-06-17 01:18:40,0,0,0,0,0,85.57214,14.179104,0.2487562,0
2022-06-17 01:18:39,0,0,0,0,0,89.75,10,0.25,0
2022-06-17 01:18:38,0,0,0,0,0,93.23308,6.766917,0,0
2022-06-17 01:18:37,0,0,0.2493766,0,0,89.02743,10.723192,0,0
2022-06-17 01:18:36,0,0,0,0,0,88.75,11.25,0,0
2022-06-17 01:18:35,0,0,0,0,0,65.33666,34.41397,0.2493766,0
2022-06-17 01:18:34,0,0,1.4962594,0,0,52.86783,44.88778,0.2493766,0
2022-06-17 01:18:33,0,0,9.42928,0.248139,0,63.52357,22.58065,0,0.248139
2022-06-17 01:18:32,0,0,2.518892,0,0,70.27708,25.6927,0,0
2022-06-17 01:18:31,0,0,0.25,0,0,93.25,6.25,0.25,0
2022-06-17 01:18:30,0,0,0,0,0,85.96491,13.784461,0.2506266,0
2022-06-17 01:18:29,0,0,0,0,0,89.72431,10.275689,0,0
2022-06-17 01:18:28,0,0,0,0,0,91.77057,7.98005,0.2493766,0
2022-06-17 01:18:27,0,0,0,0,0,89.25,10.75,0,0
2022-06-17 01:18:26,0,0,0.2493766,0,0,86.78304,12.718204,0,0
2022-06-17 01:18:25,0,0,0,0,0,56.25,43.5,0.25,0
2022-06-17 01:18:24,0,0,2.763819,0,0,57.03518,39.19598,0,0
2022-06-17 01:18:23,0,0,9.25,0.25,0,63.25,26,0.25,0.25
2022-06-17 01:18:22,0,0,2,0,0,78.5,19,0,0
2022-06-17 01:18:21,0,0,0,0,0,91.22807,8.270677,0.2506266,0
2022-06-17 01:18:20,0,0,0,0,0,89.97494,10.025063,0,0
2022-06-17 01:18:19,0,0,0.2493766,0,0,89.52618,10.224439,0,0
2022-06-17 01:18:18,0,0,0,0,0,90.77307,8.977556,0.2493766,0
2022-06-17 01:18:17,0,0,0,0,0,88.47118,11.528822,0,0
2022-06-17 01:18:16,0,0,0,0,0,87.5,12.5,0,0
2022-06-17 01:18:15,0,0,0,0,0,50.62344,49.12718,0.2493766,0
2022-06-17 01:18:14,0,0,4.271357,0,0,65.82915,29.64824,0,0
2022-06-17 01:18:13,0,0,9.75,0.5,0,61.5,27.5,0.25,0
2022-06-17 01:18:12,0,0,0.9975062,0,0,82.54364,16.458853,0,0
2022-06-17 01:18:11,0,0,0,0,0,90.45226,9.296482,0.2512563,0
2022-06-17 01:18:10,0,0,0,0,0,91,9,0,0
2022-06-17 01:18:09,0,0,0,0,0,88.5,11.25,0.25,0
2022-06-17 01:18:08,0,0,0,0,0,91.5,8.5,0,0
2022-06-17 01:18:07,0,0,0,0,0,89.52618,10.224439,0.2493766,0
2022-06-17 01:18:06,0,0,0.25,0,0,87,12.75,0,0
2022-06-17 01:18:05,0,0,0,0,0,45.61404,54.38596,0,0
2022-06-17 01:18:04,0,0,5.985037,0.2493766,0,65.33666,27.18204,0.2493766,0
2022-06-17 01:18:03,0,0,8.79397,0.5025126,0,58.79397,30.90452,0.2512563,0
2022-06-17 01:18:02,0,0,0.2493766,0,0,87.03242,12.468828,0.2493766,0
2022-06-17 01:18:01,0,0,0.2512563,0,0,90.45226,9.296482,0,0
2022-06-17 01:18:00,0,0,0,0,0,88.75,11,0.25,0
2022-06-17 01:17:59,0,0,0,0,0,90,10,0,0
2022-06-17 01:17:58,0,0,0.5,0,0,90.5,9,0,0
2022-06-17 01:17:57,0,0,0,0,0,89.75,10.25,0,0
2022-06-17 01:17:56,0,0,0,0,0,82.5,17.25,0.25,0
2022-06-17 01:17:55,0,0,0,0,0,46.75,53.25,0,0
2022-06-17 01:17:54,0,0,6.982544,0.4987531,0,64.08978,26.18454,0.2493766,0.2493766
2022-06-17 01:17:53,0,0,7.788945,0.2512563,0,63.31658,27.63819,0.5025126,0
2022-06-17 01:17:52,0,0,0.5,0,0,89,10.25,0.25,0
2022-06-17 01:17:51,0,0,0,0,0,88.69347,11.055276,0.2512563,0
2022-06-17 01:17:50,0,0,0,0,0,89.27681,10.723192,0,0
2022-06-17 01:17:49,0,0,0.25,0,0,90,9.75,0,0
2022-06-17 01:17:48,0,0,0,0,0,90.47619,9.52381,0,0
2022-06-17 01:17:47,0,0,0,0,0,89.52618,10.224439,0.2493766,0
2022-06-17 01:17:46,0,0,0,0,0,76.30923,23.4414,0.2493766,0
2022-06-17 01:17:45,0,0,0.4987531,0,0,50.12469,49.37656,0,0
2022-06-17 01:17:44,0,0,7.960199,0.7462687,0,63.43284,25.12438,0.2487562,0.4975124
2022-06-17 01:17:43,0,0,5.513784,0.2506266,0,60.65163,31.82957,0,0
2022-06-17 01:17:42,0,0,0,0,0,92.46231,7.286432,0.2512563,0
2022-06-17 01:17:41,0,0,0.2493766,0,0,88.02993,11.471322,0.2493766,0
2022-06-17 01:17:40,0,0,0,0,0,89.5,10.5,0,0
2022-06-17 01:17:39,0,0,0,0,0,89.25,10.5,0.25,0
2022-06-17 01:17:38,0,0,0,0,0,91,9,0,0
2022-06-17 01:17:37,0,0,0,0,0,88.75,11.25,0,0
2022-06-17 01:17:36,0,0,0,0,0,73.5,26.25,0.25,0
2022-06-17 01:17:35,0,0,1.2531328,0,0,49.62406,49.12281,0,0
2022-06-17 01:17:34,0,0,8.77193,0.5012531,0,64.66165,23.5589,0.2506266,0
2022-06-17 01:17:33,0,0,4.228856,0.2487562,0,67.66169,26.61692,0,0.2487562
2022-06-17 01:17:32,0,0,0.2512563,0,0,94.22111,5.527638,0,0
2022-06-17 01:17:31,0,0,0,0,0,88,11.75,0.25,0
2022-06-17 01:17:30,0,0,0,0,0,89,10.75,0.25,0
2022-06-17 01:17:29,0,0,0,0,0,90.72682,9.273183,0,0
2022-06-17 01:17:28,0,0,0,0,0,88.52868,11.221945,0.2493766,0
2022-06-17 01:17:27,0,0,0.2493766,0,0,90.27431,9.476309,0,0
2022-06-17 01:17:26,0,0,0,0,0,64,36,0,0
2022-06-17 01:17:25,0,0,2,0,0,51,46.25,0.25,0
2022-06-17 01:17:24,0,0,8.77193,0.2506266,0,61.15288,25.56391,0,0.5012531
2022-06-17 01:17:23,0,0,3.740648,0.2493766,0,69.82544,25.18703,0,0
2022-06-17 01:17:22,0,0,0.2506266,0,0,91.97995,7.26817,0.2506266,0
2022-06-17 01:17:21,0,0,0,0,0,87.96992,11.779449,0.2506266,0
2022-06-17 01:17:20,0,0,0,0,0,91,9,0,0
2022-06-17 01:17:19,0,0,0.2487562,0,0,90.54726,8.955224,0.2487562,0
2022-06-17 01:17:18,0,0,0,0,0,88.7218,11.278195,0,0
2022-06-17 01:17:17,0,0,0,0,0,88.2793,11.471322,0.2493766,0
2022-06-17 01:17:16,0,0,0,0,0,59.14787,40.85213,0,0
2022-06-17 01:17:15,0,0,3,0.25,0,56.5,39.25,0.25,0
2022-06-17 01:17:14,0,0,9.452736,0.2487562,0,61.9403,26.86567,0,0.2487562
2022-06-17 01:17:13,0,0,2.493766,0,0,76.5586,20.44888,0.2493766,0
2022-06-17 01:17:12,0,0,0,0,0,92.23058,7.518797,0.2506266,0
2022-06-17 01:17:11,0,0,0.2506266,0,0,89.97494,9.774436,0,0
2022-06-17 01:17:10,0,0,0,0,0,87.75,12,0.25,0
2022-06-17 01:17:09,0,0,0,0,0,92.01995,7.730673,0.2493766,0
2022-06-17 01:17:08,0,0,0,0,0,90.20101,9.798995,0,0
2022-06-17 01:17:07,0,0,0,0,0,89.25,10.75,0,0
2022-06-17 01:17:06,0,0,0,0,0,49.25,50.5,0.25,0
2022-06-17 01:17:05,0,0,4.228856,0.4975124,0,59.20398,33.58209,0.2487562,0
2022-06-17 01:17:04,0,0,8.977556,0.2493766,0,60.34913,28.42893,0,0.2493766
2022-06-17 01:17:03,0,0,1.2594458,0,0,81.3602,16.87657,0,0
2022-06-17 01:17:02,0,0,0.7481297,0,0,90.52369,8.478803,0.2493766,0
2022-06-17 01:17:01,0,0,0,0,0,91.22807,8.77193,0,0
2022-06-17 01:17:00,0,0,0,0,0,88.77805,10.972569,0.2493766,0
2022-06-17 01:16:59,0,0,0,0,0,91.4787,8.521303,0,0
2022-06-17 01:16:58,0,0,0.9975062,0,0,87.2818,11.471322,0.2493766,0
2022-06-17 01:16:57,0,0,0,0,0,87.5,12.5,0,0
2022-06-17 01:16:56,0,0,0,0,0,46.25,53.5,0.25,0
2022-06-17 01:16:55,0,0,5.472637,0.2487562,0,63.68159,29.35323,0.2487562,0
2022-06-17 01:16:54,0,0,8.478803,0.4987531,0,56.60848,33.66584,0.2493766,0
2022-06-17 01:16:53,0,0,0.5037783,0,0,88.66499,10.579345,0,0
2022-06-17 01:16:52,0,0,0.2506266,0,0,90.22556,9.52381,0,0
2022-06-17 01:16:51,0,0,0,0,0,90.25,9.5,0.25,0
2022-06-17 01:16:50,0,0,0,0,0,88.25,11.75,0,0
2022-06-17 01:16:49,0,0,0,0,0,90.5,9.25,0.25,0
2022-06-17 01:16:48,0,0,0.2487562,0,0,87.81095,11.940299,0,0
2022-06-17 01:16:47,0,0,0,0,0,85.5,14.5,0,0
2022-06-17 01:16:46,0,0,0,0,0,45.25,54.5,0.25,0
2022-06-17 01:16:45,0,0,7.052897,0,0,63.97985,26.95214,0.2518892,0
2022-06-17 01:16:44,0,0,7.444169,0.4962779,0,55.08685,34.98759,0.248139,0.248139
2022-06-17 01:16:43,0,0,0,0,0,92.23058,7.769424,0,0
2022-06-17 01:16:42,0,0,0.2512563,0,0,88.44221,11.055276,0,0
2022-06-17 01:16:41,0,0,0,0,0,88.52868,11.221945,0.2493766,0
2022-06-17 01:16:40,0,0,0,0,0,90.72682,9.273183,0,0
2022-06-17 01:16:39,0,0,0,0,0,90.27431,9.476309,0.2493766,0
2022-06-17 01:16:38,0,0,0,0,0,87.75,12.25,0,0
2022-06-17 01:16:37,0,0,0,0,0,79.94987,20.05013,0,0
2022-06-17 01:16:36,0,0,0,0,0,44,55.75,0.25,0
2022-06-17 01:16:35,0,0,8.168317,0.4950495,0,65.59406,23.26733,0.2475248,0
2022-06-17 01:16:34,0,0,6.265664,0.2506266,0,60.65163,32.33083,0,0
2022-06-17 01:16:33,0,0,0,0,0,93.71859,6.281407,0,0
2022-06-17 01:16:32,0,0,0.2493766,0,0,86.03491,13.715711,0,0
2022-06-17 01:16:31,0,0,0,0,0,89.22306,10.776942,0,0
2022-06-17 01:16:30,0,0,0,0,0,89.5,10.25,0.25,0
2022-06-17 01:16:29,0,0,0,0,0,89.25,10.5,0.25,0
2022-06-17 01:16:28,0,0,0,0,0,88.5,11.5,0,0
2022-06-17 01:16:27,0,0,0,0,0,77.5,22.5,0,0
2022-06-17 01:16:26,0,0,0.25,0,0,49.25,50.5,0,0
2022-06-17 01:16:25,0,0,8.977556,0.2493766,0,60.5985,26.18454,0.2493766,0.2493766
2022-06-17 01:16:24,0,0,5.276382,0.5025126,0,66.0804,26.88442,0,0
2022-06-17 01:16:23,0,0,0,0,0,95.47739,4.522613,0,0
2022-06-17 01:16:22,0,0,0.2493766,0,0,88.52868,10.723192,0.2493766,0
2022-06-17 01:16:21,0,0,0,0,0,88.47118,11.528822,0,0
2022-06-17 01:16:20,0,0,0,0,0,89.97494,10.025063,0,0
2022-06-17 01:16:19,0,0,0,0,0,90,10,0,0
2022-06-17 01:16:18,0,0,0,0,0,88.02993,11.471322,0.4987531,0
2022-06-17 01:16:17,0,0,0,0,0,72.75,27.25,0,0
2022-06-17 01:16:16,0,0,0.4987531,0,0,46.13466,53.11721,0.2493766,0
2022-06-17 01:16:15,0,0,9.452736,0.4975124,0,64.42786,23.13433,0.2487562,0.2487562
2022-06-17 01:16:14,0,0,4.773869,0.2512563,0,64.82412,28.64322,0,0
2022-06-17 01:16:13,0,0,0.2506266,0,0,95.2381,4.511278,0,0
2022-06-17 01:16:12,0,0,0,0,0,85.75,13.75,0.25,0
2022-06-17 01:16:11,0,0,0,0,0,89.27681,10.473815,0.2493766,0
2022-06-17 01:16:10,0,0,0,0,0,92.25,7.75,0,0
2022-06-17 01:16:09,0,0,0,0,0,88.7218,11.278195,0,0
2022-06-17 01:16:08,0,0,0,0,0,90.25,9.75,0,0
2022-06-17 01:16:07,0,0,0.25,0,0,70.5,29.25,0,0
2022-06-17 01:16:06,0,0,0.7481297,0,0,49.87531,49.12718,0.2493766,0
2022-06-17 01:16:05,0,0,9.476309,0.4987531,0,64.83791,21.94514,0.4987531,0
2022-06-17 01:16:04,0,0,3.990025,0.2493766,0,67.08229,26.93267,0.2493766,0.2493766
2022-06-17 01:16:03,0,0,0,0,0,95.72864,4.020101,0.2512563,0
2022-06-17 01:16:02,0,0,0,0,0,87.21805,12.781955,0,0
2022-06-17 01:16:01,0,0,0,0,0,89.97494,10.025063,0,0
2022-06-17 01:16:00,0,0,0,0,0,89.5,10.25,0.25,0
2022-06-17 01:15:59,0,0,0.2493766,0,0,87.53117,11.970075,0.2493766,0
2022-06-17 01:15:58,0,0,0.25,0,0,89,10.75,0,0
2022-06-17 01:15:57,0,0,0,0,0,66.25,33.5,0.25,0
2022-06-17 01:15:56,0,0,0.9950249,0,0,48.50746,49.00498,0.2487562,0
2022-06-17 01:15:55,0,0,9.774436,0.2506266,0,62.40602,23.5589,0.2506266,0
2022-06-17 01:15:54,0,0,3.25,0.25,0,66,29,0,0.25
2022-06-17 01:15:53,0,0,0,0,0,94.47236,5.276382,0.2512563,0
2022-06-17 01:15:52,0,0,0.25,0,0,87,12.75,0,0
2022-06-17 01:15:51,0,0,0,0,0,89,10.75,0.25,0
2022-06-17 01:15:50,0,0,0,0,0,92.5,7.5,0,0
2022-06-17 01:15:49,0,0,0,0,0,86.75,13,0.25,0
2022-06-17 01:15:48,0,0,0,0,0,89.75,10,0,0
2022-06-17 01:15:47,0,0,0,0,0,67.5,32.25,0.25,0
2022-06-17 01:15:46,0,0,1.2406948,0,0,48.63524,49.37965,0,0
2022-06-17 01:15:45,0,0,9.725686,0,0,69.07731,20.1995,0.2493766,0.2493766
2022-06-17 01:15:44,0,0,2.992519,0.2493766,0,67.08229,28.42893,0,0
2022-06-17 01:15:43,0,0,0.25,0,0,94.5,5.25,0,0
2022-06-17 01:15:42,0,0,0,0,0,87.46867,12.531328,0,0
2022-06-17 01:15:41,0,0,0,0,0,89.75,10,0.25,0
2022-06-17 01:15:40,0,0,0,0,0,91.75,8,0.25,0
2022-06-17 01:15:39,0,0,0,0,0,88.47118,11.528822,0,0
2022-06-17 01:15:38,0,0,0,0,0,89.52618,10.224439,0.2493766,0
2022-06-17 01:15:37,0,0,0,0,0,64.75,35.25,0,0
2022-06-17 01:15:36,0,0,2,0,0,53.75,44.25,0,0
2022-06-17 01:15:35,0,0,9.925558,0.4962779,0,65.50868,21.09181,0.248139,0.248139
2022-06-17 01:15:34,0,0,2.743142,0,0,71.57107,24.93766,0.2493766,0
2022-06-17 01:15:33,0,0,0,0,0,93.46734,6.532663,0,0
2022-06-17 01:15:32,0,0,0.2506266,0,0,86.46617,13.032581,0.2506266,0
2022-06-17 01:15:31,0,0,0,0,0,89.52618,10.224439,0.2493766,0
2022-06-17 01:15:30,0,0,0,0,0,90.97744,9.022556,0,0
2022-06-17 01:15:29,0,0,0,0,0,88.25,11.75,0,0
2022-06-17 01:15:28,0,0,0,0,0,91.25,8.75,0,0
2022-06-17 01:15:27,0,0,0,0,0,59.5,40.25,0.25,0
2022-06-17 01:15:26,0,0,3.25,0.5,0,56.75,38.75,0.25,0
2022-06-17 01:15:25,0,0,9.20398,0.4975124,0,61.9403,24.37811,0.2487562,0.7462687
2022-06-17 01:15:24,0,0,2.227723,0.2475248,0,73.26733,22.52475,0.2475248,0
2022-06-17 01:15:23,0,0,0,0,0,92.69521,7.304786,0,0
2022-06-17 01:15:22,0,0,0,0,0,89.72431,10.275689,0,0
2022-06-17 01:15:21,0,0,0,0,0,88.77805,10.972569,0.2493766,0
2022-06-17 01:15:20,0,0,0.2493766,0,0,91.27182,8.229426,0.2493766,0
2022-06-17 01:15:19,0,0,0,0,0,88,12,0,0
2022-06-17 01:15:18,0,0,0,0,0,88.22055,11.779449,0,0
2022-06-17 01:15:17,0,0,0,0,0,54.25,45.75,0,0
2022-06-17 01:15:16,0,0,3.970223,0.248139,0,55.08685,38.95782,0.248139,0
2022-06-17 01:15:15,0,0,9.52381,0.2506266,0,58.64662,29.32331,0.2506266,0.2506266
2022-06-17 01:15:14,0,0,1.2468828,0,0,81.54613,16.209476,0.4987531,0
2022-06-17 01:15:13,0,0,0.2506266,0,0,89.97494,9.774436,0,0
2022-06-17 01:15:12,0,0,0,0,0,87.25,12.5,0.25,0
2022-06-17 01:15:11,0,0,0,0,0,88.5,11.5,0,0
2022-06-17 01:15:10,0,0,0,0,0,90.25,9.5,0.25,0
2022-06-17 01:15:09,0,0,0,0,0,88.5,11.5,0,0
2022-06-17 01:15:08,0,0,0,0,0,84.21053,15.789474,0,0
2022-06-17 01:15:07,0,0,0.2493766,0,0,52.36908,47.13217,0.2493766,0
2022-06-17 01:15:06,0,0,6.25,0.25,0,62.25,31.25,0,0
2022-06-17 01:15:05,0,0,7.711443,0.2487562,0,64.1791,26.36816,0.2487562,0.2487562
2022-06-17 01:15:04,0,0,0.7537688,0,0,85.67839,13.316583,0.2512563,0
2022-06-17 01:15:03,0,0,0.25,0,0,90.25,9.5,0,0
2022-06-17 01:15:02,0,0,0,0,0,89,11,0,0
2022-06-17 01:15:01,0,0,0,0,0,91.25,8.5,0.25,0
2022-06-17 01:15:00,0,0,0,0,0,92.25,7.75,0,0
2022-06-17 01:14:59,0,0,0,0,0,88.25,11.75,0,0
2022-06-17 01:14:58,0,0,1,0,0,82.25,16.75,0,0
2022-06-17 01:14:57,0,0,0,0,0,46.38404,53.36658,0.2493766,0
2022-06-17 01:14:56,0,0,6.234414,0.2493766,0,60.34913,29.67581,0.2493766,0
2022-06-17 01:14:55,0,0,7.286432,0.2512563,0,58.54271,30.40201,0,0.5025126
2022-06-17 01:14:54,0,0,0,0,0,89.77556,9.975062,0.2493766,0
2022-06-17 01:14:53,0,0,0.2512563,0,0,89.69849,10.050251,0,0
2022-06-17 01:14:52,0,0,0,0,0,90,9.75,0.25,0
2022-06-17 01:14:51,0,0,0,0,0,90.02494,9.725686,0.2493766,0
2022-06-17 01:14:50,0,0,0,0,0,91.22807,8.77193,0,0
2022-06-17 01:14:49,0,0,0,0,0,89.25,10.75,0,0
2022-06-17 01:14:48,0,0,0,0,0,80.5,19.5,0,0
2022-06-17 01:14:47,0,0,0,0,0,40.14963,59.601,0.2493766,0
2022-06-17 01:14:46,0,0,7.960199,0.4975124,0,63.93035,25.37313,0,0
2022-06-17 01:14:45,0,0,6.516291,0.2506266,0,60.15038,32.0802,0,0.2506266
2022-06-17 01:14:44,0,0,0,0,0,94.23559,5.513784,0.2506266,0
2022-06-17 01:14:43,0,0,0,0,0,88.47118,11.528822,0,0
2022-06-17 01:14:42,0,0,0,0,0,89.25,10.5,0.25,0
2022-06-17 01:14:41,0,0,0,0,0,90.25,9.75,0,0
2022-06-17 01:14:40,0,0,0,0,0,90.75,9.25,0,0
2022-06-17 01:14:39,0,0,0.2493766,0,0,88.2793,11.221945,0.2493766,0
2022-06-17 01:14:38,0,0,0,0,0,77.75,22.25,0,0
2022-06-17 01:14:37,0,0,0.2493766,0,0,43.89027,55.11222,0.2493766,0
2022-06-17 01:14:36,0,0,8.72818,0.2493766,0,66.08479,22.69327,0,0
2022-06-17 01:14:35,0,0,4.726368,0.2487562,0,64.67662,28.10945,0,0.4975124
2022-06-17 01:14:34,0,0,0,0,0,94.25,5.5,0.25,0
2022-06-17 01:14:33,0,0,0.2512563,0,0,88.94472,10.80402,0,0
2022-06-17 01:14:32,0,0,0,0,0,87.5,12.25,0.25,0
2022-06-17 01:14:31,0,0,0,0,0,91.27182,8.478803,0.2493766,0
2022-06-17 01:14:30,0,0,0,0,0,88.97243,11.027569,0,0
2022-06-17 01:14:29,0,0,0,0,0,90.25,9.5,0.25,0
2022-06-17 01:14:28,0,0,0,0,0,76.5586,23.4414,0,0
2022-06-17 01:14:27,0,0,0.25,0.25,0,46,53.5,0,0
2022-06-17 01:14:26,0,0,9.181141,0,0,64.51613,24.06948,0.248139,0
2022-06-17 01:14:25,0,0,5.263158,0.5012531,0,63.90977,28.82206,0.2506266,0.2506266
2022-06-17 01:14:24,0,0,0,0,0,95.21411,4.785894,0,0
2022-06-17 01:14:23,0,0,0.2493766,0,0,88.77805,10.723192,0.2493766,0
2022-06-17 01:14:22,0,0,0,0,0,88.7218,11.278195,0,0
2022-06-17 01:14:21,0,0,0,0,0,91,8.75,0.25,0
2022-06-17 01:14:20,0,0,0,0.25,0,88.25,11.25,0.25,0
2022-06-17 01:14:19,0,0,0,0,0,89.75,10.25,0,0
2022-06-17 01:14:18,0,0,0,0,0,69.07731,30.67332,0.2493766,0
2022-06-17 01:14:17,0,0,0.7481297,0,0,48.37905,50.87282,0,0
2022-06-17 01:14:16,0,0,9.774436,0.2506266,0,65.66416,22.80702,0.2506266,0
2022-06-17 01:14:15,0,0,3.491272,0.2493766,0,66.33416,28.92768,0.2493766,0
2022-06-17 01:14:14,0,0,0.25,0,0,95,4.5,0.25,0
2022-06-17 01:14:13,0,0,0,0,0,85.42714,14.572864,0,0
2022-06-17 01:14:12,0,0,0,0,0,90.25,9.75,0,0
2022-06-17 01:14:11,0,0,0,0,0,91.75,8,0.25,0
2022-06-17 01:14:10,0,0,0,0,0,87.78055,11.970075,0.2493766,0
2022-06-17 01:14:09,0,0,0,0,0,87.96992,12.030075,0,0
2022-06-17 01:14:08,0,0,0.25,0,0,65.75,34,0,0
2022-06-17 01:14:07,0,0,1.995012,0,0,51.12219,46.38404,0,0
2022-06-17 01:14:06,0,0,9.319899,0.2518892,0,62.7204,24.43325,0.2518892,0.2518892
2022-06-17 01:14:05,0,0,2.729529,0.4962779,0,70.96774,24.8139,0,0
2022-06-17 01:14:04,0,0,0.2506266,0,0,92.4812,7.017544,0.2506266,0
2022-06-17 01:14:03,0,0,0,0,0,87.75,12.25,0,0
2022-06-17 01:14:02,0,0,0,0,0,89.5,10.5,0,0
2022-06-17 01:14:01,0,0,0,0,0,91.75,8.25,0,0
2022-06-17 01:14:00,0,0,0,0,0,89.5,10.25,0.25,0
2022-06-17 01:13:59,0,0,0,0,0,87.96992,11.779449,0.2506266,0
2022-06-17 01:13:58,0,0,0.5,0,0,57.75,41.75,0,0
2022-06-17 01:13:57,0,0,3.258145,0,0,58.39599,37.34336,0.2506266,0
2022-06-17 01:13:56,0,0,9.476309,0.4987531,0,62.59352,25.93516,0,0.2493766
2022-06-17 01:13:55,0,0,2.005013,0.2506266,0,74.43609,22.80702,0,0
2022-06-17 01:13:54,0,0,0,0,0,90.5,9.25,0.25,0
2022-06-17 01:13:53,0,0,0.2493766,0,0,87.78055,11.970075,0,0
2022-06-17 01:13:52,0,0,0,0,0,90.25,9.5,0.25,0
2022-06-17 01:13:51,0,0,0,0,0,90.75,9.25,0,0
2022-06-17 01:13:50,0,0,0,0,0,88.7218,11.027569,0.2506266,0
2022-06-17 01:13:49,0,0,0,0,0,83.5,16.25,0.25,0
2022-06-17 01:13:48,0,0,0.2493766,0,0,54.36409,45.13716,0.2493766,0
2022-06-17 01:13:47,0,0,4.738155,0,0,58.10474,35.41147,0,0
2022-06-17 01:13:46,0,0,8.77193,0.2506266,0,63.65915,25.06266,0.2506266,0.2506266
2022-06-17 01:13:45,0,0,0.75,0,0,79.75,19,0.25,0
2022-06-17 01:13:44,0,0,0.2506266,0,0,90.47619,9.022556,0,0
2022-06-17 01:13:43,0,0,0,0,0,89,11,0,0
2022-06-17 01:13:42,0,0,0,0,0,88.75,11,0.25,0
2022-06-17 01:13:41,0,0,0,0,0,90.75,9.25,0,0
2022-06-17 01:13:40,0,0,0,0,0,88.75,11,0.25,0
2022-06-17 01:13:39,0,0,0,0,0,83.9599,16.0401,0,0
2022-06-17 01:13:38,0,0,0.4987531,0,0,45.88529,53.61596,0,0
2022-06-17 01:13:37,0,0,5.985037,0.7481297,0,62.09476,29.92519,0.4987531,0
2022-06-17 01:13:36,0,0,7.730673,0.4987531,0,59.85037,30.17456,0,0
2022-06-17 01:13:35,0,0,0.2506266,0,0,90.97744,8.270677,0.2506266,0
2022-06-17 01:13:34,0,0,0,0,0,88.5,11.25,0.25,0
2022-06-17 01:13:33,0,0,0,0,0,89.72431,10.275689,0,0
2022-06-17 01:13:32,0,0,0,0,0,90,9.75,0.25,0
2022-06-17 01:13:31,0,0,0,0,0,90.75,9.25,0,0
2022-06-17 01:13:30,0,0,0,0,0,88.2793,11.471322,0.2493766,0
2022-06-17 01:13:29,0,0,0,0,0,79.69925,20.30075,0,0
2022-06-17 01:13:28,0,0,0.4987531,0,0,47.8803,51.62095,0,0
2022-06-17 01:13:27,0,0,7.960199,0.2487562,0,64.92537,24.87562,0.2487562,0.2487562
2022-06-17 01:13:26,0,0,6,0.25,0,59,33,0.25,0
2022-06-17 01:13:25,0,0,0,0,0,93.95466,5.541562,0.5037783,0
2022-06-17 01:13:24,0,0,0.2493766,0,0,89.27681,10.224439,0.2493766,0
2022-06-17 01:13:23,0,0,0,0,0,90.25,9.75,0,0
2022-06-17 01:13:22,0,0,0,0,0,89.72431,10.275689,0,0
2022-06-17 01:13:21,0,0,0,0,0,90.77307,8.977556,0.2493766,0
2022-06-17 01:13:20,0,0,0,0,0,88.75,11.25,0,0
2022-06-17 01:13:19,0,0,0,0,0,81.45363,18.54637,0,0
2022-06-17 01:13:18,0,0,0,0,0,44.25,55.5,0.25,0
2022-06-17 01:13:17,0,0,8.188586,0,0,67.4938,23.32506,0.248139,0
2022-06-17 01:13:16,0,0,6.015038,0.5012531,0,60.401,32.0802,0,0
2022-06-17 01:13:15,0,0,0,0,0,94.72362,4.773869,0.5025126,0
2022-06-17 01:13:14,0,0,0.2506266,0,0,86.46617,13.283208,0,0
2022-06-17 01:13:13,0,0,0,0,0,90.75,9.25,0,0
2022-06-17 01:13:12,0,0,0,0,0,91.5,8.25,0.25,0
2022-06-17 01:13:11,0,0,0,0,0,89.25,10.75,0,0
2022-06-17 01:13:10,0,0,0.2493766,0,0,89.27681,10.224439,0.2493766,0
2022-06-17 01:13:09,0,0,0,0,0,76.69173,23.30827,0,0
2022-06-17 01:13:08,0,0,0,0,0,44.5,55.5,0,0
2022-06-17 01:13:07,0,0,9.226933,0.2493766,0,64.58853,23.19202,0.2493766,0.2493766
2022-06-17 01:13:06,0,0,5.025126,0,0,63.31658,30.15075,0.2512563,0
2022-06-17 01:13:05,0,0,0,0,0,94.22111,5.527638,0,0
2022-06-17 01:13:04,0,0,0.2487562,0,0,87.81095,11.691542,0.2487562,0
2022-06-17 01:13:03,0,0,0,0,0,90.72682,9.273183,0,0
2022-06-17 01:13:02,0,0,0,0,0,89.25,10.5,0.25,0
2022-06-17 01:13:01,0,0,0,0,0,90,10,0,0
2022-06-17 01:13:00,0,0,0,0,0,89.75,10.25,0,0
2022-06-17 01:12:59,0,0,0,0,0,68.5,31.25,0.25,0
2022-06-17 01:12:58,0,0,1.5,0,0,47.25,51,0,0
2022-06-17 01:12:57,0,0,9.798995,0.2512563,0,63.06533,23.61809,0.2512563,0.5025126
2022-06-17 01:12:56,0,0,4.5,0.25,0,66.25,28,0.25,0.25
2022-06-17 01:12:55,0,0,0,0,0,95.9799,3.768844,0.2512563,0
2022-06-17 01:12:54,0,0,0,0,0,86.46617,13.533835,0,0
2022-06-17 01:12:53,0,0,0,0,0,89.27681,10.473815,0.2493766,0
2022-06-17 01:12:52,0,0,0,0,0,90.47619,9.52381,0,0
2022-06-17 01:12:51,0,0,0,0,0,88.02993,11.720698,0.2493766,0
2022-06-17 01:12:50,0,0,0,0,0,89,10.75,0,0
2022-06-17 01:12:49,0,0,0,0,0,64.08978,35.66085,0.2493766,0
2022-06-17 01:12:48,0,0,1.5,0,0,53.5,44.75,0,0
2022-06-17 01:12:47,0,0,9.52381,0,0,67.41855,21.30326,0.2506266,0
2022-06-17 01:12:46,0,0,2.977667,0.4962779,0,68.23821,27.04715,0,0.248139
2022-06-17 01:12:45,0,0,0,0,0,93.95466,6.04534,0,0
2022-06-17 01:12:44,0,0,0,0,0,85.21303,14.786967,0,0
2022-06-17 01:12:43,0,0,0.2493766,0,0,89.77556,9.725686,0.2493766,0
2022-06-17 01:12:42,0,0,0,0,0,90.75,9.25,0,0
2022-06-17 01:12:41,0,0,0,0,0,89.27681,10.224439,0.2493766,0
2022-06-17 01:12:40,0,0,0,0,0,88.5,11.5,0,0
2022-06-17 01:12:39,0,0,0,0,0,59.64912,40.35088,0,0
2022-06-17 01:12:38,0,0,2.48139,0.248139,0,55.83127,40.19851,0.248139,0
2022-06-17 01:12:37,0,0,9.5,0.25,0,61,25.75,0.25,0
2022-06-17 01:12:36,0,0,2.261307,0,0,74.1206,22.86432,0,0
2022-06-17 01:12:35,0,0,0,0,0,92.9471,7.052897,0,0
2022-06-17 01:12:34,0,0,0,0,0,85.78554,13.965087,0.2493766,0
2022-06-17 01:12:33,0,0,0,0,0,88.22055,11.779449,0,0
2022-06-17 01:12:32,0,0,0,0,0,92.5187,7.23192,0.2493766,0
2022-06-17 01:12:31,0,0,0.2493766,0,0,88.77805,10.972569,0,0
2022-06-17 01:12:30,0,0,0,0,0,87.7193,12.280702,0,0
2022-06-17 01:12:29,0,0,0,0,0,54.61347,45.13716,0.2493766,0
2022-06-17 01:12:28,0,0,3.731343,0.2487562,0,56.21891,38.55721,0,0
2022-06-17 01:12:27,0,0,9.25,0.25,0,64.25,25.5,0,0.25
2022-06-17 01:12:26,0,0,1.5075377,0,0,78.1407,19.09548,0.5025126,0
2022-06-17 01:12:25,0,0,0,0,0,91.20603,8.79397,0,0
2022-06-17 01:12:24,0,0,0,0,0,89,11,0,0
2022-06-17 01:12:23,0,0,0,0,0,91.22807,8.77193,0,0
2022-06-17 01:12:22,0,0,0,0,0,90.02494,9.725686,0.2493766,0
2022-06-17 01:12:21,0,0,0,0,0,87.7193,12.280702,0,0
2022-06-17 01:12:20,0,0,0.2493766,0,0,84.53865,14.962594,0.2493766,0
2022-06-17 01:12:19,0,0,0.2506266,0,0,54.13534,45.61404,0,0
2022-06-17 01:12:18,0,0,5,0.25,0,59.25,34.75,0,0
2022-06-17 01:12:17,0,0,8.910891,0.2475248,0,60.89109,28.21782,0.2475248,0.2475248
2022-06-17 01:12:16,0,0,0.4987531,0,0,82.29426,16.708229,0.2493766,0
2022-06-17 01:12:15,0,0,0,0,0,90.65657,9.343434,0,0
2022-06-17 01:12:14,0,0,0,0,0,89.75,10,0.25,0
2022-06-17 01:12:13,0,0,0,0,0,89.77556,9.975062,0.2493766,0
2022-06-17 01:12:12,0,0,0,0,0,91.4787,8.521303,0,0
2022-06-17 01:12:11,0,0,0.2487562,0,0,90.54726,9.20398,0,0
2022-06-17 01:12:10,0,0,0,0,0,83,16.75,0.25,0
2022-06-17 01:12:09,0,0,0.5012531,0,0,51.62907,47.61905,0.2506266,0
2022-06-17 01:12:08,0,0,5.486284,0.2493766,0,59.10224,33.41646,0,0
2022-06-17 01:12:07,0,0,7.75,0.25,0,67.25,24,0,0
2022-06-17 01:12:06,0,0,0.7556675,0,0,85.13854,13.602015,0.2518892,0
2022-06-17 01:12:05,0,0,0.25,0,0,89.25,10.5,0,0
2022-06-17 01:12:04,0,0,0,0,0,90.02494,9.725686,0.2493766,0
2022-06-17 01:12:03,0,0,0,0,0,89.25,10.75,0,0
2022-06-17 01:12:02,0,0,0,0,0,89.25,10.75,0,0
2022-06-17 01:12:01,0,0,0,0,0,89.25,10.75,0,0
2022-06-17 01:12:00,0,0,0,0,0,81.70426,18.04511,0.2506266,0
2022-06-17 01:11:59,0,0,0,0,0,48.62843,51.12219,0.2493766,0
2022-06-17 01:11:58,0,0,7.21393,0,0,61.69154,30.34826,0.2487562,0.2487562
2022-06-17 01:11:57,0,0,7.75,0.5,0,60.25,29.5,0.25,0
2022-06-17 01:11:56,0,0,0.25,0,0,89.75,10,0,0
2022-06-17 01:11:55,0,0,0.2506266,0,0,89.72431,10.025063,0,0
2022-06-17 01:11:54,0,0,0,0,0,87.96992,11.779449,0.2506266,0
2022-06-17 01:11:53,0,0,0,0,0,89.52618,10.473815,0,0
2022-06-17 01:11:52,0,0,0,0,0,88.25,11.75,0,0
2022-06-17 01:11:51,0,0,0,0,0,90.72682,9.273183,0,0
2022-06-17 01:11:50,0,0,0,0,0,77.25,22.5,0.25,0
2022-06-17 01:11:49,0,0,0.9975062,0,0,47.38155,51.62095,0,0
2022-06-17 01:11:48,0,0,8,0.25,0,65,25.75,0,0.25
2022-06-17 01:11:47,0,0,6.015038,0.2506266,0,62.90727,29.32331,0.2506266,0
2022-06-17 01:11:46,0,0,0,0,0,89.25,10.25,0.25,0
2022-06-17 01:11:45,0,0,0,0,0,89.44724,10.552764,0,0
2022-06-17 01:11:44,0,0,0,0,0,91.75,8,0.25,0
2022-06-17 01:11:43,0,0,0,0,0,89.27681,10.473815,0.2493766,0
2022-06-17 01:11:42,0,0,0.2493766,0,0,88.77805,10.972569,0,0
2022-06-17 01:11:41,0,0,0,0,0,90.5,9.5,0,0
2022-06-17 01:11:40,0,0,0,0,0,73.25,26.5,0.25,0
2022-06-17 01:11:39,0,0,0.75,0,0,47.75,51.25,0,0
2022-06-17 01:11:38,0,0,8.229426,0.2493766,0,65.58603,24.18953,0.2493766,0
2022-06-17 01:11:37,0,0,5.513784,0.2506266,0,63.90977,29.32331,0.2506266,0
2022-06-17 01:11:36,0,0,0,0,0,94.72362,5.025126,0.2512563,0
2022-06-17 01:11:35,0,0,0.25,0,0,85.25,14.5,0,0
2022-06-17 01:11:34,0,0,0,0,0,91.27182,8.478803,0.2493766,0
2022-06-17 01:11:33,0,0,0,0,0,90.72682,9.273183,0,0
2022-06-17 01:11:32,0,0,0,0,0,89.27681,10.473815,0.2493766,0
2022-06-17 01:11:31,0,0,0,0,0,89.97494,10.025063,0,0
2022-06-17 01:11:30,0,0,0,0,0,68.42105,31.57895,0,0
2022-06-17 01:11:29,0,0,1.4925373,0,0,50.74627,47.76119,0,0
2022-06-17 01:11:28,0,0,9.452736,0.7462687,0,64.42786,24.37811,0.2487562,0.2487562
2022-06-17 01:11:27,0,0,4,0.5,0,65.5,29.25,0.25,0
2022-06-17 01:11:26,0,0,0,0,0,93.45088,6.297229,0.2518892,0
2022-06-17 01:11:25,0,0,0.25,0,0,86.25,13,0.25,0
2022-06-17 01:11:24,0,0,0,0,0,90,10,0,0
2022-06-17 01:11:23,0,0,0,0,0,90.5,9.5,0,0
2022-06-17 01:11:22,0,0,0,0,0,88.75,11,0.25,0
2022-06-17 01:11:21,0,0,0,0,0,89.75,10,0.25,0
2022-06-17 01:11:20,0,0,0,0,0,66.66667,33.33333,0,0
2022-06-17 01:11:19,0,0,2.233251,0,0,50.37221,46.65012,0.4962779,0
2022-06-17 01:11:18,0,0,9.52381,0.5012531,0,65.16291,23.5589,0,0
2022-06-17 01:11:17,0,0,3.266332,0.2512563,0,65.82915,29.14573,0.2512563,0
2022-06-17 01:11:16,0,0,0,0,0,90.47619,9.273183,0.2506266,0
2022-06-17 01:11:15,0,0,0.4987531,0.2493766,0,87.2818,11.970075,0,0
2022-06-17 01:11:14,0,0,0,0,0,90,10,0,0
2022-06-17 01:11:13,0,0,0,0,0,91.27182,8.478803,0.2493766,0
2022-06-17 01:11:12,0,0,0,0,0,88.22055,11.528822,0.2506266,0
2022-06-17 01:11:11,0,0,0,0,0,89.75,10.25,0,0
2022-06-17 01:11:10,0,0,0,0,0,59,41,0,0
2022-06-17 01:11:09,0,0,3,0.25,0,54,41.75,0.25,0
2022-06-17 01:11:08,0,0,9.90099,0.2475248,0,62.62376,24.50495,0,0.2475248
2022-06-17 01:11:07,0,0,2,0,0,72.75,23.25,0.25,0.5
2022-06-17 01:11:06,0,0,0,0,0,91.72932,7.769424,0.2506266,0
2022-06-17 01:11:05,0,0,0.2493766,0,0,90.77307,8.977556,0,0
2022-06-17 01:11:04,0,0,0,0,0,88,12,0,0
2022-06-17 01:11:03,0,0,0,0,0,91.72932,8.02005,0.2506266,0
2022-06-17 01:11:02,0,0,0,0,0,89.47368,10.526316,0,0
2022-06-17 01:11:01,0,0,0,0,0,89.02743,10.723192,0.2493766,0
2022-06-17 01:11:00,0,0,0,0,0,56.25,43.75,0,0
2022-06-17 01:10:59,0,0,3.731343,0.7462687,0,61.69154,33.08458,0.2487562,0
2022-06-17 01:10:58,0,0,10.126582,0.2531646,0,63.03797,23.29114,0,0.2531646
2022-06-17 01:10:57,0,0,1.2468828,0.2493766,0,75.5611,22.19451,0.2493766,0
2022-06-17 01:10:56,0,0,0.2506266,0,0,90.97744,8.270677,0.2506266,0
2022-06-17 01:10:55,0,0,0,0,0,89.27681,10.473815,0.2493766,0
2022-06-17 01:10:54,0,0,0,0,0,87.5,12.5,0,0
2022-06-17 01:10:53,0,0,0,0,0,91.97995,8.02005,0,0
2022-06-17 01:10:52,0,0,0,0,0,89,10.75,0.25,0
2022-06-17 01:10:51,0,0,0,0,0,86.25,13.75,0,0
2022-06-17 01:10:50,0,0,0,0,0,48.75,51,0.25,0
2022-06-17 01:10:49,0,0,4.239401,0,0,61.59601,33.41646,0,0
2022-06-17 01:10:48,0,0,9.226933,0,0,62.09476,25.43641,0.2493766,0.4987531
2022-06-17 01:10:47,0,0,0.5025126,0.2512563,0,83.16583,16.080402,0,0
2022-06-17 01:10:46,0,0,0.25,0,0,89.25,10.25,0.25,0
2022-06-17 01:10:45,0,0,0,0,0,89.97494,10.025063,0,0
2022-06-17 01:10:44,0,0,0,0,0,88.25,11.5,0.25,0
2022-06-17 01:10:43,0,0,0,0,0,89.97494,10.025063,0,0
2022-06-17 01:10:42,0,0,0,0,0,86.81592,12.935323,0,0
2022-06-17 01:10:41,0,0,0,0,0,86.21554,13.533835,0.2506266,0
2022-06-17 01:10:40,0,0,0,0,0,44.38903,55.3616,0.2493766,0
2022-06-17 01:10:39,0,0,6.25,0,0,60.25,30.75,0,0
2022-06-17 01:10:38,0,0,8.457711,0.4975124,0,59.70149,29.35323,0,0.2487562
2022-06-17 01:10:37,0,0,0,0,0,88.44221,11.557789,0,0
2022-06-17 01:10:36,0,0,0.25,0,0,89.75,10,0,0
2022-06-17 01:10:35,0,0,0,0,0,88.75,11,0.25,0
2022-06-17 01:10:34,0,0,0,0,0,88,12,0,0
2022-06-17 01:10:33,0,0,0,0,0,91.75,8,0.25,0
2022-06-17 01:10:32,0,0,0,0,0,89,11,0,0
2022-06-17 01:10:31,0,0,0,0,0,83.5,16.5,0,0
2022-06-17 01:10:30,0,0,0,0,0,39.5,60.25,0.25,0
2022-06-17 01:10:29,0,0,6.982544,0.7481297,0,67.58105,22.19451,0.2493766,0
2022-06-17 01:10:28,0,0,7.323232,0,0,56.06061,34.34343,0.2525253,0.5050505
2022-06-17 01:10:27,0,0,0,0,0,93.26683,6.483791,0.2493766,0
2022-06-17 01:10:26,0,0,0.2512563,0,0,88.69347,10.552764,0.2512563,0
2022-06-17 01:10:25,0,0,0,0,0,89.25,10.75,0,0
2022-06-17 01:10:24,0,0,0,0,0,89.75,10,0.25,0
2022-06-17 01:10:23,0,0,0,0,0,90.27431,9.725686,0,0
2022-06-17 01:10:22,0,0,0.2506266,0,0,90.47619,9.022556,0,0
2022-06-17 01:10:21,0,0,0,0,0,81.29676,18.45387,0.2493766,0
2022-06-17 01:10:20,0,0,0.5012531,0,0,42.85714,56.6416,0,0
2022-06-17 01:10:19,0,0,8.229426,0.7481297,0,65.58603,23.19202,0.2493766,0
2022-06-17 01:10:18,0,0,6.265664,0.2506266,0,61.65414,29.82456,0.5012531,0
2022-06-17 01:10:17,0,0,0,0,0,92.71357,7.286432,0,0
2022-06-17 01:10:16,0,0,0.25,0,0,89,10.75,0,0
2022-06-17 01:10:15,0,0,0,0,0,90.22556,9.774436,0,0
2022-06-17 01:10:14,0,0,0,0,0,88.77805,10.972569,0.2493766,0
2022-06-17 01:10:13,0,0,0,0,0,90,10,0,0
2022-06-17 01:10:12,0,0,0,0,0,88.5,11.5,0,0
2022-06-17 01:10:11,0,0,0,0,0,71,28.75,0.25,0
2022-06-17 01:10:10,0,0,1.4962594,0,0,51.12219,47.38155,0,0
2022-06-17 01:10:09,0,0,8.706468,0.2487562,0,67.66169,22.63682,0,0.2487562
2022-06-17 01:10:08,0,0,3.768844,0.2512563,0,66.58291,28.39196,0.2512563,0
2022-06-17 01:10:07,0,0,0.2506266,0,0,94.48622,5.263158,0,0
2022-06-17 01:10:06,0,0,0,0,0,88.22055,11.528822,0.2506266,0
2022-06-17 01:10:05,0,0,0,0,0,90,10,0,0
2022-06-17 01:10:04,0,0,0,0,0,91.5,8.5,0,0
2022-06-17 01:10:03,0,0,0.2493766,0,0,89.52618,9.975062,0.2493766,0
2022-06-17 01:10:02,0,0,0,0,0,87.53117,12.219451,0.2493766,0
2022-06-17 01:10:01,0,0,0,0,0,61.30653,38.69347,0,0
2022-06-17 01:10:00,0,0,2.238806,0,0,51.99005,45.27363,0.2487562,0
2022-06-17 01:09:59,0,0,9.42928,0.248139,0,63.52357,25.31017,0.248139,0
2022-06-17 01:09:58,0,0,2.75,0.5,0,70.5,24.5,0.5,0.5
2022-06-17 01:09:57,0,0,0,0,0,90.97744,9.022556,0,0
2022-06-17 01:09:56,0,0,0,0,0,87.75,12,0.25,0
2022-06-17 01:09:55,0,0,0.2493766,0,0,87.2818,12.468828,0,0
2022-06-17 01:09:54,0,0,0,0,0,88.77805,10.972569,0.2493766,0
2022-06-17 01:09:53,0,0,0,0,0,89.97494,10.025063,0,0
2022-06-17 01:09:52,0,0,0,0,0,88.97243,11.027569,0,0
2022-06-17 01:09:51,0,0,0,0,0,55,45,0,0
2022-06-17 01:09:50,0,0,4.691358,0,0,54.5679,38.76543,0.2469136,0
2022-06-17 01:09:49,0,0,8.291457,0.2512563,0,59.79899,30.90452,0,0
2022-06-17 01:09:48,0,0,1.99005,0.4975124,0,82.33831,14.925373,0,0
2022-06-17 01:09:47,0,0,0.2512563,0,0,90.20101,9.547739,0,0
2022-06-17 01:09:46,0,0,0,0,0,89.52618,10.224439,0.2493766,0
2022-06-17 01:09:45,0,0,0,0,0,88.7218,11.278195,0,0
2022-06-17 01:09:44,0,0,0,0,0,90.97744,9.022556,0,0
2022-06-17 01:09:43,0,0,0,0,0,90,10,0,0
2022-06-17 01:09:42,0,0,0,0,0,85,14.75,0.25,0
2022-06-17 01:09:41,0,0,0,0,0,51.62095,48.12968,0.2493766,0
2022-06-17 01:09:40,0,0,5.735661,0,0,60.09975,32.41895,0,0.2493766
2022-06-17 01:09:39,0,0,7.730673,0.2493766,0,58.10474,32.41895,0.2493766,0
2022-06-17 01:09:38,0,0,0.75,0,0,86.75,11.75,0.5,0
2022-06-17 01:09:37,0,0,0.2512563,0,0,89.94975,9.547739,0.2512563,0
2022-06-17 01:09:36,0,0,0,0,0,88.25,11.75,0,0
2022-06-17 01:09:35,0,0,0,0,0,89.47368,10.275689,0.2506266,0
2022-06-17 01:09:34,0,0,0,0,0,89.77556,10.224439,0,0
2022-06-17 01:09:33,0,0,0,0,0,87.5,12.25,0.25,0
2022-06-17 01:09:32,0,0,0,0,0,78.94737,21.05263,0,0
2022-06-17 01:09:31,0,0,0.4975124,0,0,49.50249,49.75124,0.2487562,0
2022-06-17 01:09:30,0,0,6.982544,0.2493766,0,63.34165,27.93017,0,0
2022-06-17 01:09:29,0,0,7,0.25,0,64.5,27.75,0.25,0
2022-06-17 01:09:28,0,0,0.2512563,0,0,90.20101,9.296482,0,0.2512563
2022-06-17 01:09:27,0,0,0.2493766,0,0,87.2818,11.970075,0.2493766,0
2022-06-17 01:09:26,0,0,0,0,0,87.25,12.75,0,0
2022-06-17 01:09:25,0,0,0,0,0,91.25,8.5,0.25,0
2022-06-17 01:09:24,0,0,0,0,0,89.72431,10.275689,0,0
2022-06-17 01:09:23,0,0,0,0,0,87.78055,11.970075,0.2493766,0
2022-06-17 01:09:22,0,0,0,0,0,75.93985,24.06015,0,0
2022-06-17 01:09:21,0,0,0.4975124,0,0,49.50249,49.75124,0,0
2022-06-17 01:09:20,0,0,8.77193,0.7518797,0,63.90977,25.81454,0.2506266,0
2022-06-17 01:09:19,0,0,5.778894,0.2512563,0,62.31156,29.8995,0.2512563,0
2022-06-17 01:09:18,0,0,0,0,0,91.22807,8.77193,0,0
2022-06-17 01:09:17,0,0,0.2493766,0,0,88.77805,10.723192,0.2493766,0
2022-06-17 01:09:16,0,0,0,0,0,90.22556,9.774436,0,0
2022-06-17 01:09:15,0,0,0,0,0,88.75,11.25,0,0
2022-06-17 01:09:14,0,0,0.2493766,0,0,88.77805,10.972569,0,0
2022-06-17 01:09:13,0,0,0,0,0,90.22556,9.52381,0.2506266,0
2022-06-17 01:09:12,0,0,0,0,0,72.56858,27.18204,0.2493766,0
2022-06-17 01:09:11,0,0,1.75,0,0,48.5,48.75,0,0
2022-06-17 01:09:10,0,0,8.933002,0.248139,0,67.24566,21.58809,0.248139,0.248139
2022-06-17 01:09:09,0,0,4.030227,0.2518892,0,67.75819,27.20403,0,0
2022-06-17 01:09:08,0,0,0.2506266,0,0,91.22807,8.270677,0.2506266,0
2022-06-17 01:09:07,0,0,0,0,0,88.97243,11.027569,0,0
2022-06-17 01:09:06,0,0,0,0,0,90.02494,9.725686,0.2493766,0
2022-06-17 01:09:05,0,0,0,0,0,92.4812,7.518797,0,0
2022-06-17 01:09:04,0,0,0,0,0,89.77556,9.975062,0.2493766,0
2022-06-17 01:09:03,0,0,0,0,0,88,12,0,0
2022-06-17 01:09:02,0,0,0.2493766,0,0,62.09476,37.40648,0.2493766,0
2022-06-17 01:09:01,0,0,2.985075,0.2487562,0,53.9801,42.28856,0.2487562,0
2022-06-17 01:09:00,0,0,9.25,0.25,0,62.75,25,0.25,0.25
2022-06-17 01:08:59,0,0,2.75,0,0,73.75,22.75,0,0
2022-06-17 01:08:58,0,0,0.7537688,0,0,91.9598,7.286432,0,0
2022-06-17 01:08:57,0,0,0,0,0,89.77556,9.975062,0.2493766,0
2022-06-17 01:08:56,0,0,0,0,0,87.75,12.25,0,0
2022-06-17 01:08:55,0,0,0,0,0,90.25,9.5,0.25,0
2022-06-17 01:08:54,0,0,0,0,0,88.5,11.5,0,0
2022-06-17 01:08:53,0,0,0,0,0,89.97494,10.025063,0,0
2022-06-17 01:08:52,0,0,0,0,0,53.11721,46.38404,0.2493766,0
2022-06-17 01:08:51,0,0,4.010025,0,0,56.39098,38.09524,0.2506266,0
2022-06-17 01:08:50,0,0,9.06801,0.7556675,0,60.95718,28.21159,0,0
2022-06-17 01:08:49,0,0,1.4962594,0,0,81.79551,16.209476,0,0.2493766
2022-06-17 01:08:48,0,0,0.2512563,0,0,92.21106,7.537688,0,0
2022-06-17 01:08:47,0,0,0,0,0,88.25,11.75,0,0
2022-06-17 01:08:46,0,0,0,0,0,90.25,9.5,0.25,0
2022-06-17 01:08:45,0,0,0,0,0,91.75,8,0.25,0
2022-06-17 01:08:44,0,0,0,0,0,88.7218,11.278195,0,0
2022-06-17 01:08:43,0,0,0,0,0,89.27681,10.723192,0,0
2022-06-17 01:08:42,0,0,0,0,0,47.5,52.25,0.25,0
2022-06-17 01:08:41,0,0,5.236908,0.2493766,0,58.35411,33.66584,0,0
2022-06-17 01:08:40,0,0,8.77193,0.7518797,0,57.89474,30.32581,0.2506266,0
2022-06-17 01:08:39,0,0,0.7462687,0,0,87.81095,10.696517,0.2487562,0
2022-06-17 01:08:38,0,0,0.2506266,0,0,91.22807,8.521303,0,0
2022-06-17 01:08:37,0,0,0,0,0,88.7218,11.278195,0,0
2022-06-17 01:08:36,0,0,0,0,0,90,10,0,0
2022-06-17 01:08:35,0,0,0,0,0,90.5,9.25,0.25,0
2022-06-17 01:08:34,0,0,0,0,0,89.25,10.75,0,0
2022-06-17 01:08:33,0,0,0,0,0,84.5,15.5,0,0
2022-06-17 01:08:32,0,0,0.25,0,0,47.75,52,0,0
2022-06-17 01:08:31,0,0,5.970149,0.4975124,0,63.18408,27.61194,0.2487562,0.2487562
2022-06-17 01:08:30,0,0,7.556675,0,0,62.46851,27.9597,0.5037783,0
2022-06-17 01:08:29,0,0,0.2518892,0,0,87.90932,11.335013,0,0
2022-06-17 01:08:28,0,0,0.2493766,0,0,89.02743,10.723192,0,0
2022-06-17 01:08:27,0,0,0,0,0,90.22556,9.774436,0,0
2022-06-17 01:08:26,0,0,0,0,0,88,11.75,0.25,0
2022-06-17 01:08:25,0,0,0,0,0,89.27681,10.473815,0.2493766,0
2022-06-17 01:08:24,0,0,0,0,0,89.22306,10.776942,0,0
2022-06-17 01:08:23,0,0,0,0,0,78,22,0,0
2022-06-17 01:08:22,0,0,0.5,0,0,46.5,52.75,0,0
2022-06-17 01:08:21,0,0,8.229426,0.4987531,0,61.84539,26.18454,0.2493766,0
2022-06-17 01:08:20,0,0,6.265664,0.2506266,0,59.89975,31.82957,0.2506266,0
2022-06-17 01:08:19,0,0,0.2512563,0,0,94.22111,5.527638,0,0
2022-06-17 01:08:18,0,0,0,0,0,88.25,11.5,0.25,0
2022-06-17 01:08:17,0,0,0,0,0,89.25,10.75,0,0
2022-06-17 01:08:16,0,0,0,0,0,89.75,10,0.25,0
2022-06-17 01:08:15,0,0,0,0,0,89,11,0,0
2022-06-17 01:08:14,0,0,0.2493766,0,0,88.77805,10.723192,0.2493766,0
2022-06-17 01:08:13,0,0,0,0,0,73.5,26.5,0,0
2022-06-17 01:08:12,0,0,0.7481297,0.2493766,0,45.88529,53.11721,0,0
2022-06-17 01:08:11,0,0,8.542714,0.2512563,0,67.58794,21.10553,0.2512563,0.2512563
2022-06-17 01:08:10,0,0,5.037783,0.2518892,0,63.72796,29.72292,0.2518892,0.2518892
2022-06-17 01:08:09,0,0,0,0,0,92.98246,6.766917,0.2506266,0
2022-06-17 01:08:08,0,0,0.25,0,0,87.25,12.5,0,0
2022-06-17 01:08:07,0,0,0,0,0,89.25,10.5,0.25,0
2022-06-17 01:08:06,0,0,0,0,0,92,8,0,0
2022-06-17 01:08:05,0,0,0,0,0,89,10.75,0.25,0
2022-06-17 01:08:04,0,0,0,0,0,89.5,10.25,0.25,0
2022-06-17 01:08:03,0,0,0,0,0,68.75,31,0.25,0
2022-06-17 01:08:02,0,0,1.2437811,0,0,48.00995,50.24876,0,0
2022-06-17 01:08:01,0,0,9.022556,0.5012531,0,63.40852,24.06015,0.5012531,0.2506266
2022-06-17 01:08:00,0,0,4,0,0,66.5,27.5,0,0
2022-06-17 01:07:59,0,0,0,0,0,93.21608,6.281407,0.2512563,0
2022-06-17 01:07:58,0,0,0.5,0,0,84.75,14.5,0.25,0
2022-06-17 01:07:57,0,0,0.2493766,0,0,88.77805,10.972569,0,0
2022-06-17 01:07:56,0,0,0,0,0,89.75,10,0.25,0
2022-06-17 01:07:55,0,0,0,0,0,90.25,9.75,0,0
2022-06-17 01:07:54,0,0,0,0,0,89.47368,10.275689,0.2506266,0
2022-06-17 01:07:53,0,0,0,0,0,63,37,0,0
2022-06-17 01:07:52,0,0,1.745636,0.2493766,0,51.37157,46.38404,0,0
2022-06-17 01:07:51,0,0,9.925558,0.4962779,0,63.27543,22.08437,0,0.248139
2022-06-17 01:07:50,0,0,2.743142,0,0,69.57606,26.68329,0.2493766,0
2022-06-17 01:07:49,0,0,0,0,0,93.71859,6.030151,0.2512563,0
2022-06-17 01:07:48,0,0,0.25,0,0,88.5,11.25,0,0
2022-06-17 01:07:47,0,0,0,0,0,87.75,12.25,0,0
2022-06-17 01:07:46,0,0,0,0,0,91.25,8.5,0.25,0
2022-06-17 01:07:45,0,0,0,0,0,89.5,10.25,0.25,0
2022-06-17 01:07:44,0,0,0,0,0,90.25,9.75,0,0
2022-06-17 01:07:43,0,0,0,0,0,55.38847,44.61153,0,0
2022-06-17 01:07:42,0,0,3.241895,0,0,56.60848,39.4015,0,0.2493766
2022-06-17 01:07:41,0,0,9.476309,0.2493766,0,62.84289,25.93516,0.2493766,0
2022-06-17 01:07:40,0,0,1.5075377,0,0,77.38693,20.60302,0.2512563,0
2022-06-17 01:07:39,0,0,0,0,0,91.68766,8.312343,0,0
2022-06-17 01:07:38,0,0,0.2487562,0,0,89.05473,10.447761,0.2487562,0
2022-06-17 01:07:37,0,0,0,0,0,89.97494,10.025063,0,0
2022-06-17 01:07:36,0,0,0,0,0,91,9,0,0
2022-06-17 01:07:35,0,0,0,0,0,88.22055,11.528822,0,0
2022-06-17 01:07:34,0,0,0,0,0,87.5,12.5,0,0
2022-06-17 01:07:33,0,0,0,0,0,51.37157,48.37905,0.2493766,0
2022-06-17 01:07:32,0,0,5,0.25,0,61,32.25,0,0
2022-06-17 01:07:31,0,0,9.045226,0.2512563,0,59.54774,29.39698,0.2512563,0
2022-06-17 01:07:30,0,0,0.75,0,0,85.75,13.25,0,0
2022-06-17 01:07:29,0,0,0.5025126,0,0,90.95477,8.291457,0.2512563,0
2022-06-17 01:07:28,0,0,0,0,0,88.52868,11.221945,0.2493766,0
2022-06-17 01:07:27,0,0,0,0,0,88.25,11.75,0,0
2022-06-17 01:07:26,0,0,0,0,0,89.5,10.5,0,0
2022-06-17 01:07:25,0,0,0,0,0,89.75,10.25,0,0
2022-06-17 01:07:24,0,0,0,0,0,84.96241,15.037594,0,0
2022-06-17 01:07:23,0,0,0.2493766,0,0,46.88279,52.61845,0.2493766,0
2022-06-17 01:07:22,0,0,7.23192,0.4987531,0,63.59102,27.93017,0.2493766,0
2022-06-17 01:07:21,0,0,7.730673,0.2493766,0,62.34414,28.92768,0.2493766,0.2493766
2022-06-17 01:07:20,0,0,0.2518892,0,0,90.17632,9.319899,0.2518892,0
2022-06-17 01:07:19,0,0,0,0,0,88,11.75,0.25,0
2022-06-17 01:07:18,0,0,0,0,0,89.5,10.5,0,0
2022-06-17 01:07:17,0,0,0,0,0,89.75,10,0.25,0
2022-06-17 01:07:16,0,0,0.25,0,0,89,10.75,0,0
2022-06-17 01:07:15,0,0,0,0,0,88.77805,10.972569,0.2493766,0
2022-06-17 01:07:14,0,0,0,0,0,75.5611,23.94015,0.2493766,0
2022-06-17 01:07:13,0,0,0.5025126,0,0,50.25126,49.24623,0,0
2022-06-17 01:07:12,0,0,8.229426,0.2493766,0,62.09476,27.93017,0.2493766,0
2022-06-17 01:07:11,0,0,5.985037,0,0,63.59102,29.17706,0,0
2022-06-17 01:07:10,0,0,0.2506266,0,0,92.98246,6.516291,0.2506266,0
2022-06-17 01:07:09,0,0,0,0,0,87.96992,11.779449,0.2506266,0
2022-06-17 01:07:08,0,0,0,0,0,88.52868,11.471322,0,0
2022-06-17 01:07:07,0,0,0,0,0,90.72682,9.273183,0,0
2022-06-17 01:07:06,0,0,0,0,0,90.5,9.5,0,0
2022-06-17 01:07:05,0,0,0,0,0,89.27681,10.473815,0.2493766,0
2022-06-17 01:07:04,0,0,0.25,0,0,72.5,27.25,0,0
2022-06-17 01:07:03,0,0,1.25,0.25,0,48.5,50,0,0
2022-06-17 01:07:02,0,0,9.226933,0.4987531,0,62.09476,26.18454,0.2493766,0.2493766
2022-06-17 01:07:01,0,0,4,0.25,0,67.5,27,0.25,0
2022-06-17 01:07:00,0,0,0.2506266,0,0,92.98246,6.766917,0,0
2022-06-17 01:06:59,0,0,0,0,0,90.72682,9.022556,0.2506266,0
2022-06-17 01:06:58,0,0,0.5,0,0,89.25,10.25,0,0
2022-06-17 01:06:57,0,0,0,0,0,91.27182,8.478803,0.2493766,0
2022-06-17 01:06:56,0,0,0,0,0,88.97243,11.027569,0,0
2022-06-17 01:06:55,0,0,0,0,0,87.78055,12.219451,0,0
2022-06-17 01:06:54,0,0,0,0,0,61.25,38.25,0.25,0
2022-06-17 01:06:53,0,0,2.244389,0,0,53.86534,43.89027,0,0
2022-06-17 01:06:52,0,0,9.476309,0.4987531,0,64.83791,22.94264,0,0.4987531
2022-06-17 01:06:51,0,0,2.01005,0,0,73.36683,24.1206,0.2512563,0
2022-06-17 01:06:50,0,0,0.25,0,0,92.25,7.25,0,0
2022-06-17 01:06:49,0,0,0,0,0,86.68342,13.316583,0,0
2022-06-17 01:06:48,0,0,0,0,0,88.75,11.25,0,0
2022-06-17 01:06:47,0,0,0,0,0,93.25,6.5,0.25,0
2022-06-17 01:06:46,0,0,0,0,0,88.5,11.5,0,0
2022-06-17 01:06:45,0,0,0,0,0,88.47118,11.528822,0,0
2022-06-17 01:06:44,0,0,0,0,0,53.86534,45.88529,0.2493766,0
2022-06-17 01:06:43,0,0,3.491272,0.2493766,0,59.35162,35.16209,0,0.2493766
2022-06-17 01:06:42,0,0,9.52381,0.2506266,0,61.90476,25.06266,0.2506266,0.2506266
2022-06-17 01:06:41,0,0,1.5,0,0,76.5,21.25,0.5,0
2022-06-17 01:06:40,0,0,0,0,0,92.69521,7.304786,0,0
2022-06-17 01:06:39,0,0,0.2487562,0,0,87.56219,11.940299,0.2487562,0
2022-06-17 01:06:38,0,0,0,0,0,89.75,10,0.25,0
2022-06-17 01:06:37,0,0,0,0,0,90.97744,9.022556,0,0
2022-06-17 01:06:36,0,0,0,0,0,88.5,11.5,0,0
2022-06-17 01:06:35,0,0,0,0,0,88.77805,10.972569,0.2493766,0
2022-06-17 01:06:34,0,0,0,0,0,48,51.75,0.25,0
2022-06-17 01:06:33,0,0,5.025126,0.2512563,0,61.55779,31.90955,0,0
2022-06-17 01:06:32,0,0,9.090909,0.2525253,0,60.10101,28.53535,0,0.2525253
2022-06-17 01:06:31,0,0,0.4962779,0,0,85.3598,13.895782,0.248139,0
2022-06-17 01:06:30,0,0,0.2518892,0,0,90.6801,9.06801,0,0
2022-06-17 01:06:29,0,0,0,0,0,89.5,10.25,0.25,0
2022-06-17 01:06:28,0,0,0,0,0,89,10.75,0.25,0
2022-06-17 01:06:27,0,0,0,0,0,93.26683,6.733167,0,0
2022-06-17 01:06:26,0,0,0.25,0,0,88.75,10.75,0,0
2022-06-17 01:06:25,0,0,0,0,0,85.78554,14.214464,0,0
2022-06-17 01:06:24,0,0,0,0,0,44.61153,55.38847,0,0
2022-06-17 01:06:23,0,0,5.513784,0.5012531,0,63.65915,27.3183,0.2506266,0
2022-06-17 01:06:22,0,0,8.542714,0.2512563,0,58.29146,30.40201,0,0.2512563
2022-06-17 01:06:21,0,0,0.2506266,0,0,89.97494,9.52381,0.2506266,0
2022-06-17 01:06:20,0,0,0.2493766,0,0,89.02743,10.473815,0,0
2022-06-17 01:06:19,0,0,0,0,0,88.7218,11.278195,0,0
2022-06-17 01:06:18,0,0,0,0,0,88.77805,10.723192,0.2493766,0
2022-06-17 01:06:17,0,0,0,0,0,90.72682,9.273183,0,0
2022-06-17 01:06:16,0,0,0,0,0,89.02743,10.723192,0.2493766,0
2022-06-17 01:06:15,0,0,0,0,0,82.70677,17.29323,0,0
2022-06-17 01:06:14,0,0,0,0,0,42.25,57.5,0.25,0
2022-06-17 01:06:13,0,0,7.462687,0.2487562,0,64.92537,26.1194,0,0.2487562
2022-06-17 01:06:12,0,0,7.23192,0.4987531,0,62.84289,28.17955,0.2493766,0.2493766
2022-06-17 01:06:11,0,0,0.2506266,0,0,88.47118,10.776942,0.2506266,0
2022-06-17 01:06:10,0,0,0.2506266,0,0,88.47118,11.278195,0,0
2022-06-17 01:06:09,0,0,0,0,0,88.5,11.5,0,0
2022-06-17 01:06:08,0,0,0,0,0,90.75,9,0.25,0
2022-06-17 01:06:07,0,0,0,0,0,89.27681,10.723192,0,0
2022-06-17 01:06:06,0,0,0,0,0,89.97494,9.774436,0.2506266,0
2022-06-17 01:06:05,0,0,0,0,0,76.19048,23.80952,0,0
2022-06-17 01:06:04,0,0,0,0.248139,0,49.37965,49.87593,0,0
2022-06-17 01:06:03,0,0,8.706468,0.2487562,0,62.93532,25.62189,0,0.2487562
2022-06-17 01:06:02,0,0,6,0.25,0,64,29,0.25,0
2022-06-17 01:06:01,0,0,0,0,0,89.97494,10.025063,0,0
2022-06-17 01:06:00,0,0,0.25,0,0,87.75,11.75,0.25,0
2022-06-17 01:05:59,0,0,0,0,0,89.5,10.5,0,0
2022-06-17 01:05:58,0,0,0.4987531,0,0,90.77307,8.72818,0,0
2022-06-17 01:05:57,0,0,0,0,0,88.97243,11.027569,0,0
2022-06-17 01:05:56,0,0,0,0,0,86.53367,13.216958,0.2493766,0
2022-06-17 01:05:55,0,0,0,0,0,70.67669,29.32331,0,0
2022-06-17 01:05:54,0,0,0.9950249,0.2487562,0,49.00498,49.25373,0.2487562,0
2022-06-17 01:05:53,0,0,9,0.25,0,63.5,24.5,0.5,0.25
2022-06-17 01:05:52,0,0,4.75,0.25,0,64.75,29,0,0.25
2022-06-17 01:05:51,0,0,0,0,0,94.45844,5.541562,0,0
2022-06-17 01:05:50,0,0,0.2493766,0,0,86.78304,12.718204,0.2493766,0
2022-06-17 01:05:49,0,0,0,0,0,91,9,0,0
2022-06-17 01:05:48,0,0,0,0,0,89.97494,10.025063,0,0
2022-06-17 01:05:47,0,0,0,0,0,88.25,11.75,0,0
2022-06-17 01:05:46,0,0,0,0,0,91.02244,8.72818,0.2493766,0
2022-06-17 01:05:45,0,0,0,0,0,63.5,36.5,0,0
2022-06-17 01:05:44,0,0,1.75,0,0,53.75,43.25,0.25,0
2022-06-17 01:05:43,0,0,9.273183,0.2506266,0,67.66917,21.05263,0,0
2022-06-17 01:05:42,0,0,3.75,0.25,0,67,27.75,0.25,0
2022-06-17 01:05:41,0,0,0,0,0,91.45729,8.291457,0.2512563,0
2022-06-17 01:05:40,0,0,0,0,0,91.25,8.75,0,0
2022-06-17 01:05:39,0,0,0,0,0,87.75,12.25,0,0
2022-06-17 01:05:38,0,0,0,0,0,90.25,9.5,0.25,0
2022-06-17 01:05:37,0,0,0,0,0,88.5,11.5,0,0
2022-06-17 01:05:36,0,0,0,0,0,89.75,10,0.25,0
2022-06-17 01:05:35,0,0,0,0,0,57.85536,41.89526,0.2493766,0
2022-06-17 01:05:34,0,0,4,0.25,0,59.25,36,0,0
2022-06-17 01:05:33,0,0,8.040201,0.2512563,0,62.56281,28.39196,0,0
2022-06-17 01:05:32,0,0,2.970297,0.2475248,0,76.9802,18.31683,0.4950495,0.2475248
2022-06-17 01:05:31,0,0,0,0,0,91.75,7.75,0.25,0
2022-06-17 01:05:30,0,0,0,0,0,89.47368,10.275689,0.2506266,0
2022-06-17 01:05:29,0,0,0,0,0,89.5,10.5,0,0
2022-06-17 01:05:28,0,0,0,0,0,91.5,8.5,0,0
2022-06-17 01:05:27,0,0,0,0,0,90.75,9.25,0,0
2022-06-17 01:05:26,0,0,0,0,0,87,12.75,0.25,0
2022-06-17 01:05:25,0,0,0,0,0,56.25,43.75,0,0
2022-06-17 01:05:24,0,0,5,0,0,59.75,35,0.25,0
2022-06-17 01:05:23,0,0,7.444169,0.248139,0,58.06452,30.76923,0.248139,0
2022-06-17 01:05:22,0,0,2.743142,0.2493766,0,76.5586,18.45387,0,0.2493766
2022-06-17 01:05:21,0,0,0,0,0,88.25,11.5,0.25,0
2022-06-17 01:05:20,0,0,0,0,0,90.22556,9.774436,0,0
2022-06-17 01:05:19,0,0,0,0,0,91.5,8.25,0.25,0
2022-06-17 01:05:18,0,0,0,0,0,88,12,0,0
2022-06-17 01:05:17,0,0,0,0,0,88.25,11.75,0,0
2022-06-17 01:05:16,0,0,0.2487562,0,0,79.10448,20.39801,0.2487562,0
2022-06-17 01:05:15,0,0,0.4975124,0.2487562,0,60.94527,38.0597,0.2487562,0
2022-06-17 01:05:14,0,0,6.04534,0.2518892,0,60.4534,32.99748,0,0
2022-06-17 01:05:13,0,0,7,0,0,65.75,25.75,0.25,0
2022-06-17 01:05:12,0,0,1.745636,0,0,82.54364,14.713217,0.2493766,0.2493766
2022-06-17 01:05:11,0,0,0,0,0,88.4131,11.586902,0,0
2022-06-17 01:05:10,0,0,0,0,0,88.5,11.25,0.25,0
2022-06-17 01:05:09,0,0,0,0,0,90.75,9.25,0,0
2022-06-17 01:05:08,0,0,0,0,0,90.52369,9.226933,0.2493766,0
2022-06-17 01:05:07,0,0,0,0,0,90.97744,9.022556,0,0
2022-06-17 01:05:06,0,0,0,0,0,80.04988,19.70075,0.2493766,0
2022-06-17 01:05:05,0,0,0.2493766,0,0,52.86783,46.88279,0,0
2022-06-17 01:05:04,0,0,6.467662,0.2487562,0,59.95025,31.34328,0,0
2022-06-17 01:05:03,0,0,6.78392,0.2512563,0,64.07035,27.38693,0,0.2512563
2022-06-17 01:05:02,0,0,0.5,0.25,0,89.75,9.25,0.25,0
2022-06-17 01:05:01,0,0,0.2506266,0,0,87.46867,11.779449,0.2506266,0
2022-06-17 01:05:00,0,0,0,0,0,89.22306,10.776942,0,0
2022-06-17 01:04:59,0,0,0,0,0,90,9.75,0.25,0
2022-06-17 01:04:58,0,0,0.4987531,0,0,90.02494,9.226933,0.2493766,0
2022-06-17 01:04:57,0,0,0,0,0,88.22055,11.779449,0,0
2022-06-17 01:04:56,0,0,0,0,0,78.5,21.25,0.25,0
2022-06-17 01:04:55,0,0,0.7444169,0,0,50.12407,48.88337,0.248139,0
2022-06-17 01:04:54,0,0,8.25,0.25,0,64.75,25.75,0,0
2022-06-17 01:04:53,0,0,5.513784,0,0,63.65915,29.32331,0,0.2506266
2022-06-17 01:04:52,0,0,0.2506266,0,0,91.72932,7.769424,0.2506266,0
2022-06-17 01:04:51,0,0,0,0,0,86,14,0,0
2022-06-17 01:04:50,0,0,0,0,0,89,11,0,0
2022-06-17 01:04:49,0,0,0,0,0,90.5,9.25,0.25,0
2022-06-17 01:04:48,0,0,0,0,0,87.75,12.25,0,0
2022-06-17 01:04:47,0,0,0,0,0,91,9,0,0
2022-06-17 01:04:46,0,0,0,0,0,68.42105,31.57895,0,0
2022-06-17 01:04:45,0,0,1.2437811,0,0,47.51244,51.24378,0,0
2022-06-17 01:04:44,0,0,9.25,0.5,0,67.25,21.25,0.25,0
2022-06-17 01:04:43,0,0,4.239401,0,0,65.83541,28.92768,0,0.2493766
2022-06-17 01:04:42,0,0,0,0,0,92.73183,7.017544,0.2506266,0
2022-06-17 01:04:41,0,0,0,0,0,86.96742,13.032581,0,0
2022-06-17 01:04:40,0,0,0,0,0,90.22556,9.774436,0,0
2022-06-17 01:04:39,0,0,0,0,0,89.52618,9.975062,0.2493766,0
2022-06-17 01:04:38,0,0,0,0,0,88.75,11.25,0,0
2022-06-17 01:04:37,0,0,0,0,0,90.25,9.5,0.25,0
2022-06-17 01:04:36,0,0,0,0,0,62,38,0,0
2022-06-17 01:04:35,0,0,3,0.25,0,54,42.5,0,0
2022-06-17 01:04:34,0,0,9.25,0.25,0,67,21.75,0,0.25
2022-06-17 01:04:33,0,0,2.255639,0.2506266,0,73.93484,23.05764,0.2506266,0
2022-06-17 01:04:32,0,0,0,0,0,91.20603,8.542714,0.2512563,0
2022-06-17 01:04:31,0,0,0,0,0,90.25,9.75,0,0
2022-06-17 01:04:30,0,0,0,0,0,90.22556,9.52381,0.2506266,0
2022-06-17 01:04:29,0,0,0.2493766,0,0,91.02244,8.72818,0,0
2022-06-17 01:04:28,0,0,0,0,0,89,11,0,0
2022-06-17 01:04:27,0,0,0,0,0,90,9.75,0.25,0
2022-06-17 01:04:26,0,0,0,0,0,53.13283,46.86717,0,0
2022-06-17 01:04:25,0,0,4.239401,0.2493766,0,59.35162,35.41147,0.2493766,0
2022-06-17 01:04:24,0,0,8.816121,0.2518892,0,59.69773,28.21159,0.5037783,0.2518892
2022-06-17 01:04:23,0,0,1.4925373,0,0,82.58706,15.920398,0,0
2022-06-17 01:04:22,0,0,0,0,0,92.19144,7.808564,0,0
2022-06-17 01:04:21,0,0,0,0,0,88.97243,11.027569,0,0
2022-06-17 01:04:20,0,0,0,0,0,88.2793,11.720698,0,0
2022-06-17 01:04:19,0,0,0,0,0,92,7.75,0.25,0
2022-06-17 01:04:18,0,0,0.2493766,0,0,89.77556,9.975062,0,0
2022-06-17 01:04:17,0,0,0,0,0,85.46366,14.536341,0,0
2022-06-17 01:04:16,0,0,0,0,0,48.25871,51.24378,0.2487562,0
2022-06-17 01:04:15,0,0,5.236908,0.2493766,0,61.59601,31.17207,0,0
2022-06-17 01:04:14,0,0,8.77193,0.5012531,0,61.90476,27.56892,0.2506266,0
2022-06-17 01:04:13,0,0,0.5025126,0,0,85.42714,13.316583,0.2512563,0.2512563
2022-06-17 01:04:12,0,0,0.2493766,0,0,90.02494,9.725686,0,0
2022-06-17 01:04:11,0,0,0,0,0,88.5,11.25,0.25,0
2022-06-17 01:04:10,0,0,0,0,0,90.97744,9.022556,0,0
2022-06-17 01:04:09,0,0,0,0,0,90.75,9.25,0,0
2022-06-17 01:04:08,0,0,0,0,0,88.2793,11.221945,0.2493766,0
2022-06-17 01:04:07,0,0,0,0,0,81.75,18.25,0,0
2022-06-17 01:04:06,0,0,0,0,0,49.25,50.75,0,0
2022-06-17 01:04:05,0,0,7.286432,0.5025126,0,62.0603,29.14573,0.2512563,0.2512563
2022-06-17 01:04:04,0,0,7.25,0.25,0,59.5,30.25,0.25,0.25
2022-06-17 01:04:03,0,0,0,0,0,90.27431,9.476309,0.2493766,0
2022-06-17 01:04:02,0,0,0.2506266,0,0,88.22055,11.528822,0,0
2022-06-17 01:04:01,0,0,0,0,0,91,8.75,0.25,0
2022-06-17 01:04:00,0,0,0,0,0,90.77307,9.226933,0,0
2022-06-17 01:03:59,0,0,0,0,0,89.97494,10.025063,0,0
2022-06-17 01:03:58,0,0,0.4987531,0,0,88.52868,10.723192,0.2493766,0
2022-06-17 01:03:57,0,0,0,0,0,75.4386,24.5614,0,0
2022-06-17 01:03:56,0,0,0.75,0,0,48,50.5,0,0
2022-06-17 01:03:55,0,0,8.77193,0,0,65.41353,24.5614,0.2506266,0
2022-06-17 01:03:54,0,0,5.459057,0.4962779,0,62.28288,30.27295,0.248139,0
2022-06-17 01:03:53,0,0,0,0,0,94.25,5.5,0.25,0
2022-06-17 01:03:52,0,0,0,0,0,86.71679,13.032581,0.2506266,0
2022-06-17 01:03:51,0,0,0,0,0,88.97243,11.027569,0,0
2022-06-17 01:03:50,0,0,0,0,0,91.27182,8.478803,0.2493766,0
2022-06-17 01:03:49,0,0,0,0,0,88.22055,11.779449,0,0
2022-06-17 01:03:48,0,0,0,0,0,88.97243,11.027569,0,0
2022-06-17 01:03:47,0,0,0,0,0,67.83042,31.9202,0.2493766,0
2022-06-17 01:03:46,0,0,1.75,0,0,48.5,49.75,0,0
2022-06-17 01:03:45,0,0,9.701493,0.2487562,0,67.16418,21.39303,0.4975124,0
2022-06-17 01:03:44,0,0,3.241895,0.2493766,0,69.82544,25.68579,0,0.2493766
2022-06-17 01:03:43,0,0,0,0,0,93.73434,5.764411,0.5012531,0
2022-06-17 01:03:42,0,0,0,0,0,87.5,12.5,0,0
2022-06-17 01:03:41,0,0,0,0,0,90.22556,9.774436,0,0
2022-06-17 01:03:40,0,0,0,0,0,91.25,8.5,0.25,0
2022-06-17 01:03:39,0,0,0,0,0,87.25,12.5,0.25,0
2022-06-17 01:03:38,0,0,0,0,0,89,11,0,0
2022-06-17 01:03:37,0,0,0,0,0,60.90226,39.09774,0,0
2022-06-17 01:03:36,0,0,2.227723,0,0,53.46535,43.81188,0.2475248,0
2022-06-17 01:03:35,0,0,10.526316,0.2506266,0,66.91729,22.05514,0,0
2022-06-17 01:03:34,0,0,2.244389,0,0,70.32419,26.18454,0.2493766,0.2493766
2022-06-17 01:03:33,0,0,0,0,0,94.23559,5.513784,0.2506266,0
2022-06-17 01:03:32,0,0,0,0,0,87.21805,12.781955,0,0
2022-06-17 01:03:31,0,0,0,0,0,90,10,0,0
2022-06-17 01:03:30,0,0,0,0,0,92.5,7.5,0,0
2022-06-17 01:03:29,0,0,0.25,0,0,89.5,10.25,0,0
2022-06-17 01:03:28,0,0,0,0,0,87.75,12.25,0,0
2022-06-17 01:03:27,0,0,0,0,0,56.75,43,0.25,0
2022-06-17 01:03:26,0,0,2.985075,0.4975124,0,57.21393,38.0597,0.4975124,0
2022-06-17 01:03:25,0,0,9.975062,0.2493766,0,62.59352,24.93766,0,0.2493766
2022-06-17 01:03:24,0,0,1.5037594,0.2506266,0,77.44361,20.30075,0.2506266,0
2022-06-17 01:03:23,0,0,0,0,0,92.23058,7.769424,0,0
2022-06-17 01:03:22,0,0,0,0,0,87.7193,12.030075,0,0
2022-06-17 01:03:21,0,0,0.25,0,0,88.25,11.5,0,0
2022-06-17 01:03:20,0,0,0,0,0,90.27431,9.476309,0.2493766,0
2022-06-17 01:03:19,0,0,0,0,0,89.75,10.25,0,0
2022-06-17 01:03:18,0,0,0,0,0,90,9.75,0.25,0
2022-06-17 01:03:17,0,0,0,0,0,51.5,48.5,0,0
2022-06-17 01:03:16,0,0,5.25,0.25,0,60,33.25,0,0
2022-06-17 01:03:15,0,0,8.457711,0.4975124,0,61.44279,26.86567,0.2487562,0.2487562
2022-06-17 01:03:14,0,0,0.7518797,0,0,84.21053,14.786967,0.2506266,0
2022-06-17 01:03:13,0,0,0.2506266,0,0,92.23058,7.518797,0,0
2022-06-17 01:03:12,0,0,0,0,0,89.19598,10.80402,0,0
2022-06-17 01:03:11,0,0,0,0,0,90.29851,9.452736,0.2487562,0
2022-06-17 01:03:10,0,0,0,0,0,93.25,6.5,0.25,0
2022-06-17 01:03:09,0,0,0,0,0,88.97243,11.027569,0,0
2022-06-17 01:03:08,0,0,0,0,0,88.25,11.75,0,0
2022-06-17 01:03:07,0,0,0,0,0,43.5,56.25,0.25,0
2022-06-17 01:03:06,0,0,5.223881,0.2487562,0,62.18905,30.84577,0,0
2022-06-17 01:03:05,0,0,8.933002,0.248139,0,58.06452,29.2804,0.248139,0.7444169
2022-06-17 01:03:04,0,0,0.2506266,0,0,85.21303,13.533835,0.2506266,0
2022-06-17 01:03:03,0,0,0.2512563,0,0,89.69849,10.050251,0,0
2022-06-17 01:03:02,0,0,0,0,0,91,9,0,0
2022-06-17 01:03:01,0,0,0,0,0,89,11,0,0
2022-06-17 01:03:00,0,0,0.2493766,0,0,92.26933,7.23192,0.2493766,0
2022-06-17 01:02:59,0,0,0,0,0,88.25,11.5,0.25,0
2022-06-17 01:02:58,0,0,0.7518797,0,0,86.71679,12.531328,0,0
2022-06-17 01:02:57,0,0,0.25,0,0,41.25,58.25,0.25,0
2022-06-17 01:02:56,0,0,5.445545,0.2475248,0,62.62376,29.9505,0.2475248,0
2022-06-17 01:02:55,0,0,8.270677,1.0025063,0,59.89975,30.07519,0,0
2022-06-17 01:02:54,0,0,0.2512563,0,0,87.68844,12.060302,0,0
2022-06-17 01:02:53,0,0,0,0,0,89.77556,9.725686,0.2493766,0
2022-06-17 01:02:52,0,0,0,0,0,89.5,10.25,0.25,0
2022-06-17 01:02:51,0,0,0,0,0,89.25,10.75,0,0
2022-06-17 01:02:50,0,0,0,0,0,92.75,7.25,0,0
2022-06-17 01:02:49,0,0,0,0,0,88.25,11.75,0,0
2022-06-17 01:02:48,0,0,0,0,0,86.46617,13.283208,0.2506266,0
2022-06-17 01:02:47,0,0,0,0,0,39.65087,60.09975,0.2493766,0
2022-06-17 01:02:46,0,0,6.947891,0.248139,0,66.99752,24.8139,0,0.248139
2022-06-17 01:02:45,0,0,7.788945,0.5025126,0,58.79397,31.65829,0.2512563,0.2512563
2022-06-17 01:02:44,0,0,0,0,0,93.51621,6.483791,0,0
2022-06-17 01:02:43,0,0,0.2506266,0.2506266,0,89.22306,10.275689,0,0
2022-06-17 01:02:42,0,0,0,0,0,90.29851,9.452736,0.2487562,0
2022-06-17 01:02:41,0,0,0,0,0,88.7218,11.278195,0,0
2022-06-17 01:02:40,0,0,0,0,0,92.75,7.25,0,0
2022-06-17 01:02:39,0,0,0,0,0,90.5,9.5,0,0
2022-06-17 01:02:38,0,0,0,0,0,82.25,17.5,0.25,0
2022-06-17 01:02:37,0,0,0,0,0,39.599,60.401,0,0
2022-06-17 01:02:36,0,0,7.407407,0.2469136,0,66.17284,23.7037,0.2469136,0.2469136
2022-06-17 01:02:35,0,0,7.035176,0.7537688,0,58.0402,32.66332,0.2512563,0
2022-06-17 01:02:34,0,0,0,0,0,95.5,4.25,0.25,0
2022-06-17 01:02:33,0,0,0.2512563,0,0,88.94472,10.80402,0,0
2022-06-17 01:02:32,0,0,0,0,0,88.77805,10.972569,0.2493766,0
2022-06-17 01:02:31,0,0,0,0,0,89.5,10.25,0.25,0
2022-06-17 01:02:30,0,0,0,0,0,90.5,9.5,0,0
2022-06-17 01:02:29,0,0,0,0,0,88,12,0,0
2022-06-17 01:02:28,0,0,0,0,0,81.90955,18.09045,0,0
2022-06-17 01:02:27,0,0,0,0,0,38.90274,60.84788,0.2493766,0
2022-06-17 01:02:26,0,0,8.208955,0,0,65.17413,24.12935,0.2487562,0.2487562
2022-06-17 01:02:25,0,0,6.188119,0.4950495,0,58.91089,32.17822,0.2475248,0.4950495
2022-06-17 01:02:24,0,0,0,0,0,94.20655,5.793451,0,0
2022-06-17 01:02:23,0,0,0,0,0,88.25,11.5,0.25,0
2022-06-17 01:02:22,0,0,0,0,0,90.75,9.25,0,0
2022-06-17 01:02:21,0,0,0.25,0,0,89.25,10.5,0,0
2022-06-17 01:02:20,0,0,0,0,0,90.75,9.25,0,0
2022-06-17 01:02:19,0,0,0,0,0,87.2818,12.468828,0.2493766,0
2022-06-17 01:02:18,0,0,0,0,0,76.19048,23.80952,0,0
2022-06-17 01:02:17,0,0,0.25,0,0,43,56.5,0.25,0
2022-06-17 01:02:16,0,0,9.273183,0.2506266,0,64.66165,23.80952,0,0
2022-06-17 01:02:15,0,0,5.025126,0,0,60.80402,31.65829,0.2512563,0.5025126
2022-06-17 01:02:14,0,0,0,0,0,94.22111,5.527638,0.2512563,0
2022-06-17 01:02:13,0,0,0.25,0,0,88,11.75,0,0
2022-06-17 01:02:12,0,0,0,0,0,87.78055,11.970075,0.2493766,0
2022-06-17 01:02:11,0,0,0,0,0,89,10.75,0.25,0
2022-06-17 01:02:10,0,0,0,0,0,87.75,12.25,0,0
2022-06-17 01:02:09,0,0,0,0,0,89,10.75,0.25,0
2022-06-17 01:02:08,0,0,0,0,0,73,27,0,0
2022-06-17 01:02:07,0,0,0.7462687,0,0,50.49751,48.25871,0.2487562,0
2022-06-17 01:02:06,0,0,8.955224,0.4975124,0,64.42786,21.14428,0,0.2487562
2022-06-17 01:02:05,0,0,4.511278,0.2506266,0,66.66667,27.56892,0.5012531,0
2022-06-17 01:02:04,0,0,0,0,0,95.22613,4.773869,0,0
2022-06-17 01:02:03,0,0,0.25,0,0,86.75,12.75,0.25,0
2022-06-17 01:02:02,0,0,0,0,0,89,11,0,0
2022-06-17 01:02:01,0,0,0,0,0,91.25,8.5,0.25,0
2022-06-17 01:02:00,0,0,0,0,0,88.2793,11.720698,0,0
2022-06-17 01:01:59,0,0,0,0,0,91.20603,8.79397,0,0
2022-06-17 01:01:58,0,0,0.4987531,0,0,63.8404,35.41147,0.2493766,0
2022-06-17 01:01:57,0,0,1.2437811,0,0,50.74627,47.01493,0,0
2022-06-17 01:01:56,0,0,9.571788,0.2518892,0,67.75819,20.40302,0.2518892,0
2022-06-17 01:01:55,0,0,3.233831,0,0,69.15423,26.1194,0,0.2487562
2022-06-17 01:01:54,0,0,0,0,0,94.97487,5.025126,0,0
2022-06-17 01:01:53,0,0,0,0,0,87.75,12,0.25,0
2022-06-17 01:01:52,0,0,0,0,0,89.52618,10.224439,0,0
2022-06-17 01:01:51,0,0,0,0,0,92.98246,7.017544,0,0
2022-06-17 01:01:50,0,0,0,0,0,87.75,12.25,0,0
2022-06-17 01:01:49,0,0,0,0,0,89.25,10.5,0.25,0
2022-06-17 01:01:48,0,0,0,0,0,67.75,32.25,0,0
2022-06-17 01:01:47,0,0,1.2468828,0,0,52.1197,45.63591,0.2493766,0.2493766
2022-06-17 01:01:46,0,0,10.224439,0.4987531,0,64.33915,22.94264,0.2493766,0.2493766
2022-06-17 01:01:45,0,0,3,0.25,0,66.75,29.25,0,0
2022-06-17 01:01:44,0,0,0,0,0,93.96985,6.030151,0,0
2022-06-17 01:01:43,0,0,0.2493766,0,0,85.78554,13.715711,0.2493766,0
2022-06-17 01:01:42,0,0,0,0,0,89.97494,10.025063,0,0
2022-06-17 01:01:41,0,0,0,0,0,92.73183,7.26817,0,0
2022-06-17 01:01:40,0,0,0,0,0,88.52868,11.221945,0.2493766,0
2022-06-17 01:01:39,0,0,0,0,0,90.25,9.75,0,0
2022-06-17 01:01:38,0,0,0,0,0,64.25,35.75,0,0
2022-06-17 01:01:37,0,0,1.75,0,0,52.5,45.25,0,0
2022-06-17 01:01:36,0,0,10.224439,0.2493766,0,66.33416,21.19701,0.4987531,0
2022-06-17 01:01:35,0,0,2.5,0,0,70,27,0,0
2022-06-17 01:01:34,0,0,0,0,0,95.22613,4.522613,0.2512563,0
2022-06-17 01:01:33,0,0,0,0,0,87.21805,12.531328,0.2506266,0
2022-06-17 01:01:32,0,0,0,0,0,90.77307,9.226933,0,0
2022-06-17 01:01:31,0,0,0,0,0,93.75,6,0.25,0
2022-06-17 01:01:30,0,0,0,0,0,87.96992,12.030075,0,0
2022-06-17 01:01:29,0,0,0,0,0,88.77805,10.972569,0.2493766,0
2022-06-17 01:01:28,0,0,0,0,0,58.75,41,0.25,0
2022-06-17 01:01:27,0,0,2.5,0,0,55.75,40,0,0
2022-06-17 01:01:26,0,0,9.975062,0.4987531,0,65.08728,21.69576,0.2493766,0.4987531
2022-06-17 01:01:25,0,0,1.741294,0.2487562,0,69.9005,26.1194,0,0
2022-06-17 01:01:24,0,0,0,0,0,94.47236,5.276382,0.2512563,0
2022-06-17 01:01:23,0,0,0.25,0,0,87,12.5,0.25,0
2022-06-17 01:01:22,0,0,0,0,0,90,10,0,0
2022-06-17 01:01:21,0,0,0,0,0,91.27182,8.478803,0.2493766,0
2022-06-17 01:01:20,0,0,0,0,0,86.21554,13.784461,0,0
2022-06-17 01:01:19,0,0,0,0,0,91,9,0,0
2022-06-17 01:01:18,0,0,0,0,0,58.25,41.25,0.25,0
2022-06-17 01:01:17,0,0,2.493766,0.2493766,0,52.36908,42.89277,0,0.2493766
2022-06-17 01:01:16,0,0,10.552764,0,0,67.8392,20.1005,0.2512563,0
2022-06-17 01:01:15,0,0,1.4962594,0.2493766,0,72.3192,25.43641,0.2493766,0
2022-06-17 01:01:14,0,0,0,0,0,92.23058,7.518797,0.2506266,0
2022-06-17 01:01:13,0,0,0,0,0,86.71679,13.283208,0,0
2022-06-17 01:01:12,0,0,0,0,0,89,11,0,0
2022-06-17 01:01:11,0,0,0,0,0,91.25,8.5,0.25,0
2022-06-17 01:01:10,0,0,0,0,0,89.25,10.75,0,0
2022-06-17 01:01:09,0,0,0.2493766,0,0,88.77805,10.723192,0.2493766,0
2022-06-17 01:01:08,0,0,0,0,0,53.38346,46.61654,0,0
2022-06-17 01:01:07,0,0,3.482587,0,0,57.46269,37.56219,0.2487562,0.2487562
2022-06-17 01:01:06,0,0,10.659898,0.5076142,0,65.48223,20.05076,0.2538071,0.2538071
2022-06-17 01:01:05,0,0,1.0025063,0,0,74.68672,23.80952,0,0
2022-06-17 01:01:04,0,0,0,0,0,91.25,8.5,0.25,0
2022-06-17 01:01:03,0,0,0.25,0,0,86.75,13,0,0
2022-06-17 01:01:02,0,0,0,0,0,88.75,10.75,0.25,0
2022-06-17 01:01:01,0,0,0,0,0,92.75,7.25,0,0
2022-06-17 01:01:00,0,0,0,0,0,86.25,13.75,0,0
2022-06-17 01:00:59,0,0,0,0,0,88.75,11,0.25,0
2022-06-17 01:00:58,0,0,0.2506266,0,0,48.87218,50.62657,0.2506266,0
2022-06-17 01:00:57,0,0,4.25,0.5,0,60,33.75,0,0
2022-06-17 01:00:56,0,0,9.975062,0.7481297,0,61.09726,24.68828,0.2493766,0.2493766
2022-06-17 01:00:55,0,0,0.4987531,0,0,77.55611,20.69825,0.4987531,0
2022-06-17 01:00:54,0,0,0,0,0,90.40404,9.59596,0,0
2022-06-17 01:00:53,0,0,0.2487562,0,0,90.54726,9.20398,0,0
2022-06-17 01:00:52,0,0,0,0,0,89.5,10.5,0,0
2022-06-17 01:00:51,0,0,0,0,0,90.77307,8.977556,0.2493766,0
2022-06-17 01:00:50,0,0,0,0,0,87.21805,12.781955,0,0
2022-06-17 01:00:49,0,0,0.2493766,0,0,89.27681,10.224439,0.2493766,0
2022-06-17 01:00:48,0,0,0,0,0,50.75,49.25,0,0
2022-06-17 01:00:47,0,0,3.508772,0,0,59.64912,35.58897,0,0
2022-06-17 01:00:46,0,0,10.526316,0.2506266,0,63.40852,24.5614,0,0
2022-06-17 01:00:45,0,0,0.2493766,0,0,78.05486,21.44638,0,0
2022-06-17 01:00:44,0,0,0,0,0,91.68766,8.060453,0.2518892,0
2022-06-17 01:00:43,0,0,0,0,0,88.77805,11.221945,0,0
2022-06-17 01:00:42,0,0,0.2487562,0,0,88.80597,10.696517,0.2487562,0
2022-06-17 01:00:41,0,0,0,0,0,91.25,8.75,0,0
2022-06-17 01:00:40,0,0,0,0,0,88.22055,11.779449,0,0
2022-06-17 01:00:39,0,0,0,0,0,88.52868,11.221945,0.2493766,0
2022-06-17 01:00:38,0,0,0,0,0,46.61654,53.38346,0,0
2022-06-17 01:00:37,0,0,4.726368,0.2487562,0,61.9403,31.34328,0.2487562,0.4975124
2022-06-17 01:00:36,0,0,9.319899,0,0,59.44584,30.47859,0.2518892,0.2518892
2022-06-17 01:00:35,0,0,0.2493766,0,0,86.78304,12.718204,0,0
2022-06-17 01:00:34,0,0,0.2506266,0,0,90.22556,9.273183,0.2506266,0
2022-06-17 01:00:33,0,0,0,0,0,90.27431,9.476309,0.2493766,0
2022-06-17 01:00:32,0,0,0,0,0,87.5,12.5,0,0
2022-06-17 01:00:31,0,0,0,0,0,90.97744,9.022556,0,0
2022-06-17 01:00:30,0,0,0,0,0,90,10,0,0
2022-06-17 01:00:29,0,0,0,0,0,88.5,11.25,0.25,0
2022-06-17 01:00:28,0,0,0,0,0,41.75,58.25,0,0
2022-06-17 01:00:27,0,0,5.955335,0,0,66.50124,26.05459,0.248139,0
2022-06-17 01:00:26,0,0,8.270677,0.5012531,0,59.89975,30.32581,0,0
2022-06-17 01:00:25,0,0,0,0,0,90.22556,9.52381,0.2506266,0
2022-06-17 01:00:24,0,0,0,0,0,90,9.5,0.25,0
2022-06-17 01:00:23,0,0,0,0,0,89.22306,10.776942,0,0
2022-06-17 01:00:22,0,0,0.2493766,0,0,89.27681,10.224439,0.2493766,0
2022-06-17 01:00:21,0,0,0,0,0,90.75,9.25,0,0
2022-06-17 01:00:20,0,0,0,0,0,90.25,9.75,0,0
2022-06-17 01:00:19,0,0,0,0,0,82.5,17.25,0.25,0
2022-06-17 01:00:18,0,0,0,0,0,44.25,55.75,0,0
2022-06-17 01:00:17,0,0,7.25,0,0,64.25,27.5,0.25,0
2022-06-17 01:00:16,0,0,7.25,0.25,0,59.75,31,0,0.25
2022-06-17 01:00:15,0,0,0,0,0,92.4812,7.26817,0.2506266,0
2022-06-17 01:00:14,0,0,0,0,0,91,9,0,0
2022-06-17 01:00:13,0,0,0,0,0,88.75,11,0.25,0
2022-06-17 01:00:12,0,0,0,0,0,89.52618,10.473815,0,0
2022-06-17 01:00:11,0,0,0,0,0,91.22807,8.77193,0,0
2022-06-17 01:00:10,0,0,0.2493766,0,0,87.78055,11.970075,0,0
2022-06-17 01:00:09,0,0,0,0,0,83.5,16.25,0.25,0
2022-06-17 01:00:08,0,0,0,0,0,40.25,59.75,0,0
2022-06-17 01:00:07,0,0,7.730673,0.2493766,0,65.58603,23.69077,0.2493766,0.4987531
2022-06-17 01:00:06,0,0,6.565657,0.2525253,0,57.07071,33.58586,0.2525253,0.5050505
2022-06-17 01:00:05,0,0,0,0,0,94.23559,5.513784,0.2506266,0
2022-06-17 01:00:04,0,0,0,0,0,89.22306,10.776942,0,0
2022-06-17 01:00:03,0,0,0,0,0,89.5,10.25,0.25,0
2022-06-17 01:00:02,0,0,0,0,0,88.22055,11.779449,0,0
2022-06-17 01:00:01,0,0,0,0,0,91.5212,8.229426,0.2493766,0
2022-06-17 01:00:00,0,0,0,0,0,90.25,9.75,0,0
2022-06-17 00:59:59,0,0,0,0,0,80.75,19.25,0,0
2022-06-17 00:59:58,0,0,0.5,0,0,41.75,57.5,0.25,0
2022-06-17 00:59:57,0,0,7.730673,0.2493766,0,65.83541,23.69077,0.2493766,0
2022-06-17 00:59:56,0,0,6.030151,0.5025126,0,62.0603,29.8995,0,0
2022-06-17 00:59:55,0,0,0,0,0,91.81141,7.940447,0.248139,0
2022-06-17 00:59:54,0,0,0.2512563,0,0,87.68844,11.809045,0.2512563,0
2022-06-17 00:59:53,0,0,0,0,0,88.75,11.25,0,0
2022-06-17 00:59:52,0,0,0,0,0,91.27182,8.229426,0.4987531,0
2022-06-17 00:59:51,0,0,0.2506266,0,0,89.22306,10.526316,0,0
2022-06-17 00:59:50,0,0,0.2506266,0,0,88.97243,10.526316,0.2506266,0
2022-06-17 00:59:49,0,0,0,0,0,74.81297,24.93766,0.2493766,0
2022-06-17 00:59:48,0,0,0.75,0,0,48.75,50,0,0
2022-06-17 00:59:47,0,0,8.977556,0.2493766,0,65.33666,24.18953,0.2493766,0
2022-06-17 00:59:46,0,0,4.726368,0.4975124,0,64.42786,29.85075,0,0.2487562
2022-06-17 00:59:45,0,0,0,0,0,94.48622,5.513784,0,0
2022-06-17 00:59:44,0,0,0,0,0,88.69347,11.055276,0.2512563,0
2022-06-17 00:59:43,0,0,0,0,0,89.72431,10.275689,0,0
2022-06-17 00:59:42,0,0,0,0,0,89.77556,9.975062,0.2493766,0
2022-06-17 00:59:41,0,0,0,0,0,89.5,10.25,0.25,0
2022-06-17 00:59:40,0,0,0,0,0,91.5,8.25,0.25,0
2022-06-17 00:59:39,0,0,0,0,0,69.17293,30.82707,0,0
2022-06-17 00:59:38,0,0,1.4925373,0,0,50.49751,47.01493,0.2487562,0
2022-06-17 00:59:37,0,0,9,0.25,0,67,21.5,0.25,0
2022-06-17 00:59:36,0,0,3.508772,0.5012531,0,66.91729,27.81955,0,0
2022-06-17 00:59:35,0,0,0,0,0,94.72362,5.276382,0,0
2022-06-17 00:59:34,0,0,0.2493766,0,0,87.53117,12.219451,0,0
2022-06-17 00:59:33,0,0,0,0,0,89.22306,10.776942,0,0
2022-06-17 00:59:32,0,0,0,0,0,92.25,7.75,0,0
2022-06-17 00:59:31,0,0,0,0,0,89.27681,10.723192,0,0
2022-06-17 00:59:30,0,0,0,0,0,88.75,11,0.25,0
2022-06-17 00:59:29,0,0,0,0,0,63.90977,36.09023,0,0
2022-06-17 00:59:28,0,0,1.75,0,0,52,45.75,0.25,0
2022-06-17 00:59:27,0,0,9.950249,0.7462687,0,63.18408,22.63682,0.2487562,0.2487562
2022-06-17 00:59:26,0,0,2.763819,0.5025126,0,69.59799,26.38191,0.2512563,0
2022-06-17 00:59:25,0,0,0,0,0,93.23308,6.766917,0,0
2022-06-17 00:59:24,0,0,0,0,0,88.97243,11.027569,0,0
2022-06-17 00:59:23,0,0,0,0,0,90,10,0,0
2022-06-17 00:59:22,0,0,0,0,0,89.77556,9.975062,0.2493766,0
2022-06-17 00:59:21,0,0,0,0,0,88.47118,11.528822,0,0
2022-06-17 00:59:20,0,0,0,0,0,90.5,9.5,0,0
2022-06-17 00:59:19,0,0,0,0,0,55,44.75,0.25,0
2022-06-17 00:59:18,0,0,3.482587,0,0,56.46766,38.55721,0.2487562,0
2022-06-17 00:59:17,0,0,9.5,0.25,0,62,25.75,0.25,0.25
2022-06-17 00:59:16,0,0,1.754386,0,0,77.94486,19.29825,0,0
2022-06-17 00:59:15,0,0,0,0,0,91.45729,8.291457,0.2512563,0
2022-06-17 00:59:14,0,0,0,0,0,88,11.75,0.25,0
2022-06-17 00:59:13,0,0,0,0,0,89.25,10.75,0,0
2022-06-17 00:59:12,0,0,0,0,0,92.75,7,0.25,0
2022-06-17 00:59:11,0,0,0,0,0,88.75,11.25,0,0
2022-06-17 00:59:10,0,0,0,0,0,89.25,10.75,0,0
2022-06-17 00:59:09,0,0,0,0,0,51.25,48.75,0,0
2022-06-17 00:59:08,0,0,3.5,0.25,0,57.5,36.5,0.25,0.25
2022-06-17 00:59:07,0,0,9,0,0,62.5,24.75,0.25,0.25
2022-06-17 00:59:06,0,0,1.2468828,0,0,78.55362,19.45137,0.2493766,0
2022-06-17 00:59:05,0,0,0.2506266,0,0,89.47368,10.025063,0.2506266,0
2022-06-17 00:59:04,0,0,0,0,0,89.25,10.75,0,0
2022-06-17 00:59:03,0,0,0,0,0,88.5,11.5,0,0
2022-06-17 00:59:02,0,0,0,0,0,92.4812,7.518797,0,0
2022-06-17 00:59:01,0,0,0,0,0,88.5,11.5,0,0
2022-06-17 00:59:00,0,0,0,0,0,86.5,13.5,0,0
2022-06-17 00:58:59,0,0,0,0,0,53.86534,46.13466,0,0
2022-06-17 00:58:58,0,0,6.234414,0.2493766,0,61.34663,31.42145,0,0
2022-06-17 00:58:57,0,0,8.270677,0.2506266,0,63.65915,25.81454,0.2506266,0.2506266
2022-06-17 00:58:56,0,0,0.75,0,0,85.5,13.75,0,0
2022-06-17 00:58:55,0,0,0.2506266,0,0,89.22306,10.275689,0.2506266,0
2022-06-17 00:58:54,0,0,0,0,0,87.96992,12.030075,0,0
2022-06-17 00:58:53,0,0,0,0,0,90.27431,9.476309,0.2493766,0
2022-06-17 00:58:52,0,0,0,0,0,89.5,10.5,0,0
2022-06-17 00:58:51,0,0,0,0,0,89.97494,10.025063,0,0
2022-06-17 00:58:50,0,0,0,0,0,72.75,27.25,0,0
2022-06-17 00:58:49,0,0,1.4962594,0,0,55.3616,42.89277,0.2493766,0
2022-06-17 00:58:48,0,0,6.75,0,0,61.25,29.75,0.25,0
2022-06-17 00:58:47,0,0,6.25,0.5,0,67,24.5,0,0.5
2022-06-17 00:58:46,0,0,0.5025126,0,0,86.93467,12.311558,0,0
2022-06-17 00:58:45,0,0,0,0,0,90,9.75,0.25,0
2022-06-17 00:58:44,0,0,0,0,0,91,8.75,0.25,0
2022-06-17 00:58:43,0,0,0,0,0,91.75,8.25,0,0
2022-06-17 00:58:42,0,0,0,0,0,90.25,9.5,0.25,0
2022-06-17 00:58:41,0,0,0,0,0,89.25,10.75,0,0
2022-06-17 00:58:40,0,0,0,0,0,68.5,31.25,0.25,0
2022-06-17 00:58:39,0,0,2.487562,0.2487562,0,55.47264,41.29353,0.2487562,0
2022-06-17 00:58:38,0,0,8,0.25,0,61.25,28.25,0,0.25
2022-06-17 00:58:37,0,0,5.012531,0.2506266,0,71.17794,22.55639,0.2506266,0
2022-06-17 00:58:36,0,0,0,0,0,89.02743,10.972569,0,0
2022-06-17 00:58:35,0,0,0,0,0,89.19598,10.552764,0.2512563,0
2022-06-17 00:58:34,0,0,0,0,0,89.72431,10.275689,0,0
2022-06-17 00:58:33,0,0,0,0,0,91.27182,8.478803,0.2493766,0
2022-06-17 00:58:32,0,0,0,0,0,89.5,10.5,0,0
2022-06-17 00:58:31,0,0,0,0,0,88.7218,11.027569,0.2506266,0
2022-06-17 00:58:30,0,0,0,0,0,60.25,39.75,0,0
2022-06-17 00:58:29,0,0,3.241895,0,0,56.10973,39.15212,0.2493766,0
2022-06-17 00:58:28,0,0,8.521303,0.5012531,0,62.15539,26.31579,0,0.2506266
2022-06-17 00:58:27,0,0,2.512563,0.2512563,0,73.61809,22.36181,0.2512563,0
2022-06-17 00:58:26,0,0,0.2506266,0,0,88.22055,11.278195,0.2506266,0
2022-06-17 00:58:25,0,0,0,0,0,90.5,9.5,0,0
2022-06-17 00:58:24,0,0,0,0,0,89.47368,10.526316,0,0
2022-06-17 00:58:23,0,0,0,0,0,92.01995,7.730673,0.2493766,0
2022-06-17 00:58:22,0,0,0,0,0,90.72682,9.273183,0,0
2022-06-17 00:58:21,0,0,0,0,0,86.75,13,0.25,0
2022-06-17 00:58:20,0,0,0,0,0,52.5,47.5,0,0
2022-06-17 00:58:19,0,0,4.987531,0,0,64.33915,29.42643,0.2493766,0
2022-06-17 00:58:18,0,0,7.23192,0.4987531,0,59.601,30.42394,0.2493766,0
2022-06-17 00:58:17,0,0,2.244389,0,0,79.8005,16.95761,0.2493766,0
2022-06-17 00:58:16,0,0,0,0,0,90.6801,9.319899,0,0
2022-06-17 00:58:15,0,0,0,0,0,89.27681,10.473815,0.2493766,0
2022-06-17 00:58:14,0,0,0,0,0,89.72431,10.275689,0,0
2022-06-17 00:58:13,0,0,0,0,0,89.5,10.5,0,0
2022-06-17 00:58:12,0,0,0,0,0,89.75,10.25,0,0
2022-06-17 00:58:11,0,0,0,0,0,82.70677,17.29323,0,0
2022-06-17 00:58:10,0,0,0,0,0,58.20896,41.54229,0.2487562,0
2022-06-17 00:58:09,0,0,6.25,0,0,59.75,33.5,0,0
2022-06-17 00:58:08,0,0,7.462687,0.4975124,0,64.92537,24.87562,0.2487562,0.2487562
2022-06-17 00:58:07,0,0,1.25,0.25,0,81.75,16,0.25,0
2022-06-17 00:58:06,0,0,0,0,0,90.25,9.5,0.25,0
2022-06-17 00:58:05,0,0,0,0,0,89.5,10.5,0,0
2022-06-17 00:58:04,0,0,0,0,0,89.22306,10.526316,0.2506266,0
2022-06-17 00:58:03,0,0,0,0,0,90.27431,9.725686,0,0
2022-06-17 00:58:02,0,0,0,0,0,89.5,10.25,0.25,0
2022-06-17 00:58:01,0,0,0,0,0,80.15075,19.84925,0,0
2022-06-17 00:58:00,0,0,0.7444169,0,0,53.34988,45.40943,0.248139,0
2022-06-17 00:57:59,0,0,6.516291,0.5012531,0,64.1604,28.07018,0,0
2022-06-17 00:57:58,0,0,6.716418,0.4975124,0,63.93035,25.87065,0,0.7462687
2022-06-17 00:57:57,0,0,0.7481297,0,0,88.2793,10.473815,0.2493766,0
2022-06-17 00:57:56,0,0,0,0,0,88.91688,11.083123,0,0
2022-06-17 00:57:55,0,0,0,0,0,89.27681,10.473815,0.2493766,0
2022-06-17 00:57:54,0,0,0,0,0,89.97494,10.025063,0,0
2022-06-17 00:57:53,0,0,0,0,0,91,9,0,0
2022-06-17 00:57:52,0,0,0,0,0,87.46867,12.531328,0,0
2022-06-17 00:57:51,0,0,0,0,0,75.75,24,0.25,0
2022-06-17 00:57:50,0,0,1.2437811,0,0,51.74129,46.76617,0.2487562,0
2022-06-17 00:57:49,0,0,7.75,0.5,0,65.25,26,0,0
2022-06-17 00:57:48,0,0,5.513784,0.2506266,0,64.91228,28.57143,0,0
2022-06-17 00:57:47,0,0,0,0,0,89.55224,10.199005,0.2487562,0
2022-06-17 00:57:46,0,0,0,0,0,88.91688,11.083123,0,0
2022-06-17 00:57:45,0,0,0,0,0,88.5,11.25,0.25,0
2022-06-17 00:57:44,0,0,0,0,0,89.5,10.25,0,0
2022-06-17 00:57:43,0,0,0,0,0,90,9.75,0.25,0
2022-06-17 00:57:42,0,0,0,0,0,89.25,10.75,0,0
2022-06-17 00:57:41,0,0,0,0,0,63.25,36.75,0,0
2022-06-17 00:57:40,0,0,3.007519,0.2506266,0,55.13784,41.10276,0.2506266,0
2022-06-17 00:57:39,0,0,8.415842,0.2475248,0,61.88119,28.21782,0,0.2475248
2022-06-17 00:57:38,0,0,3.491272,0.2493766,0,75.06234,20.69825,0.4987531,0
2022-06-17 00:57:37,0,0,0,0,0,92.42424,7.575758,0,0
2022-06-17 00:57:36,0,0,0.2493766,0,0,88.52868,10.972569,0.2493766,0
2022-06-17 00:57:35,0,0,0,0,0,88.02993,11.970075,0,0
2022-06-17 00:57:34,0,0,0,0,0,91.72932,8.270677,0,0
2022-06-17 00:57:33,0,0,0,0,0,90.5,9.5,0,0
2022-06-17 00:57:32,0,0,0,0,0,88.25,11.75,0,0
2022-06-17 00:57:31,0,0,0,0,0,58.85287,40.89776,0.2493766,0
2022-06-17 00:57:30,0,0,4.75,0.25,0,55.5,39.25,0,0
2022-06-17 00:57:29,0,0,7.98005,0.2493766,0,62.09476,28.6783,0.2493766,0
2022-06-17 00:57:28,0,0,2.5,0,0,78.75,17.5,0.25,0
2022-06-17 00:57:27,0,0,0.2506266,0,0,89.47368,9.774436,0.2506266,0
2022-06-17 00:57:26,0,0,0,0,0,88.75,11.25,0,0
2022-06-17 00:57:25,0,0,0,0,0,91,8.75,0.25,0
2022-06-17 00:57:24,0,0,0,0,0,90,10,0,0
2022-06-17 00:57:23,0,0,0,0,0,87.96992,12.030075,0,0
2022-06-17 00:57:22,0,0,0,0,0,79.30175,20.44888,0.2493766,0
2022-06-17 00:57:21,0,0,0.9975062,0,0,59.601,39.4015,0,0
2022-06-17 00:57:20,0,0,6.234414,0.2493766,0,57.60599,34.91272,0,0
2022-06-17 00:57:19,0,0,7.035176,0,0,66.33166,25.62814,0,0.5025126
2022-06-17 00:57:18,0,0,0.9975062,0,0,85.53616,13.216958,0.2493766,0
2022-06-17 00:57:17,0,0,0,0,0,89.72431,10.025063,0,0
2022-06-17 00:57:16,0,0,0,0,0,91.5,8.5,0,0
2022-06-17 00:57:15,0,0,0,0,0,89.5,10.25,0.25,0
2022-06-17 00:57:14,0,0,0,0,0,89.75,10.25,0,0
2022-06-17 00:57:13,0,0,0.2487562,0,0,88.55721,10.945274,0.2487562,0
2022-06-17 00:57:12,0,0,0,0,0,75.93985,24.06015,0,0
2022-06-17 00:57:11,0,0,1,0,0,49.75,48.75,0.25,0
2022-06-17 00:57:10,0,0,7.75,0.25,0,61,30,0.25,0
2022-06-17 00:57:09,0,0,5.985037,0.2493766,0,67.58105,25.43641,0,0
2022-06-17 00:57:08,0,0,0,0,0,89.94975,9.798995,0,0
2022-06-17 00:57:07,0,0,0,0,0,87.2818,12.468828,0.2493766,0
2022-06-17 00:57:06,0,0,0,0,0,91.25,8.75,0,0
2022-06-17 00:57:05,0,0,0,0,0,89.44724,10.552764,0,0
2022-06-17 00:57:04,0,0,0,0,0,88.80597,10.945274,0.2487562,0
2022-06-17 00:57:03,0,0,0,0,0,88.7218,11.278195,0,0
2022-06-17 00:57:02,0,0,0,0,0,70.5,29.25,0.25,0
2022-06-17 00:57:01,0,0,1.995012,0,0,52.86783,45.13716,0,0
2022-06-17 00:57:00,0,0,8.72818,0.4987531,0,63.59102,26.43392,0.2493766,0
2022-06-17 00:56:59,0,0,4,0.25,0,69.75,25,0.25,0
2022-06-17 00:56:58,0,0,0.7537688,0,0,91.70854,7.537688,0,0
2022-06-17 00:56:57,0,0,0,0,0,89.5,10.25,0,0
2022-06-17 00:56:56,0,0,0,0,0,87.75,12,0.25,0
2022-06-17 00:56:55,0,0,0,0,0,91.77057,7.98005,0.2493766,0
2022-06-17 00:56:54,0,0,0,0,0,88.97243,11.027569,0,0
2022-06-17 00:56:53,0,0,0.2493766,0,0,88.2793,11.471322,0,0
2022-06-17 00:56:52,0,0,0,0,0,58.60349,41.14713,0.2493766,0
2022-06-17 00:56:51,0,0,3.990025,0.2493766,0,58.60349,37.15711,0,0
2022-06-17 00:56:50,0,0,8.79397,0.2512563,0,59.79899,29.8995,0,0
2022-06-17 00:56:49,0,0,1.745636,0,0,79.8005,17.70574,0.4987531,0
2022-06-17 00:56:48,0,0,0.2512563,0,0,89.94975,9.547739,0.2512563,0
2022-06-17 00:56:47,0,0,0,0,0,90.02494,9.725686,0.2493766,0
2022-06-17 00:56:46,0,0,0,0,0,88.22055,11.779449,0,0
2022-06-17 00:56:45,0,0,0,0,0,89,10.75,0.25,0
2022-06-17 00:56:44,0,0,0,0,0,90.02494,9.725686,0.2493766,0
2022-06-17 00:56:43,0,0,0,0,0,85.46366,14.536341,0,0
2022-06-17 00:56:42,0,0,0,0,0,55.25,44.75,0,0
2022-06-17 00:56:41,0,0,5.721393,0.2487562,0,60.69652,32.58706,0.2487562,0
2022-06-17 00:56:40,0,0,7.808564,0.5037783,0,59.44584,29.97481,0,0.2518892
2022-06-17 00:56:39,0,0,0.7518797,0,0,88.97243,9.52381,0.2506266,0
2022-06-17 00:56:38,0,0,0.2506266,0,0,90.97744,8.77193,0,0
2022-06-17 00:56:37,0,0,0,0,0,88.25,11.75,0,0
2022-06-17 00:56:36,0,0,0,0,0,89.97494,9.774436,0.2506266,0
2022-06-17 00:56:35,0,0,0,0,0,89.75,10.25,0,0
2022-06-17 00:56:34,0,0,0,0,0,87.78055,11.970075,0.2493766,0
2022-06-17 00:56:33,0,0,0,0,0,80.45113,19.54887,0,0
2022-06-17 00:56:32,0,0,0.4975124,0.2487562,0,50.74627,48.25871,0,0
2022-06-17 00:56:31,0,0,7.75,0,0,64.25,27.5,0.25,0
2022-06-17 00:56:30,0,0,6.5,0.5,0,63.5,27.75,0.25,0.25
2022-06-17 00:56:29,0,0,0.5,0,0,88.75,10.5,0.25,0
2022-06-17 00:56:28,0,0,0.25,0,0,88.75,11,0,0
2022-06-17 00:56:27,0,0,0,0,0,89,11,0,0
2022-06-17 00:56:26,0,0,0,0,0,91.75,8,0.25,0
2022-06-17 00:56:25,0,0,0,0,0,88.77805,10.972569,0.2493766,0
2022-06-17 00:56:24,0,0,0,0,0,89.47368,10.526316,0,0
2022-06-17 00:56:23,0,0,0,0,0,71.25,28.5,0.25,0
2022-06-17 00:56:22,0,0,1.736973,0,0,55.58313,42.43176,0,0
2022-06-17 00:56:21,0,0,8.542714,0.5025126,0,63.31658,26.63317,0,0
2022-06-17 00:56:20,0,0,4.239401,0.2493766,0,65.33666,28.17955,0.2493766,0
2022-06-17 00:56:19,0,0,0,0,0,93.48371,6.265664,0.2506266,0
2022-06-17 00:56:18,0,0,0.25,0,0,88.75,11,0,0
2022-06-17 00:56:17,0,0,0.25,0,0,90.5,9.25,0,0
2022-06-17 00:56:16,0,0,0,0,0,90.25,9.75,0,0
2022-06-17 00:56:15,0,0,0,0,0,87.75,12.25,0,0
2022-06-17 00:56:14,0,0,0,0,0,90,10,0,0
2022-06-17 00:56:13,0,0,0,0,0,64.75,35,0.25,0
2022-06-17 00:56:12,0,0,2.512563,0.2512563,0,52.26131,43.71859,0,0
2022-06-17 00:56:11,0,0,9.045226,0.5025126,0,63.06533,25.12563,0,0
2022-06-17 00:56:10,0,0,3,0,0,70.75,25,0.25,0
2022-06-17 00:56:09,0,0,0,0,0,92.21106,7.537688,0.2512563,0
2022-06-17 00:56:08,0,0,0.25,0,0,87.75,12,0,0
2022-06-17 00:56:07,0,0,0,0,0,90.02494,9.725686,0.2493766,0
2022-06-17 00:56:06,0,0,0,0,0,91.5,8.5,0,0
2022-06-17 00:56:05,0,0,0,0,0,91.75,8,0.25,0
2022-06-17 00:56:04,0,0,0,0,0,88.75,11.25,0,0
2022-06-17 00:56:03,0,0,0,0,0,56.39098,43.60902,0,0
2022-06-17 00:56:02,0,0,4.488778,0.2493766,0,57.85536,36.40898,0,0
2022-06-17 00:56:01,0,0,7.730673,0.4987531,0,58.35411,29.67581,0.2493766,0.7481297
2022-06-17 00:56:00,0,0,1.985112,0,0,80.64516,16.87345,0.248139,0
2022-06-17 00:55:59,0,0,0.2518892,0,0,89.16877,10.579345,0,0
2022-06-17 00:55:58,0,0,1.25,0,0,89.75,9,0,0
2022-06-17 00:55:57,0,0,0,0,0,88.02993,11.720698,0.2493766,0
2022-06-17 00:55:56,0,0,0,0,0,91,9,0,0
2022-06-17 00:55:55,0,0,0,0,0,88.7218,11.278195,0,0
2022-06-17 00:55:54,0,0,0,0,0,87,12.75,0.25,0
2022-06-17 00:55:53,0,0,0,0,0,52,48,0,0
2022-06-17 00:55:52,0,0,5.940594,0.2475248,0,59.90099,32.17822,0,0
2022-06-17 00:55:51,0,0,7.711443,0.2487562,0,61.19403,28.35821,0.4975124,0
2022-06-17 00:55:50,0,0,0.7518797,0,0,85.21303,13.533835,0.2506266,0
2022-06-17 00:55:49,0,0,0.2506266,0,0,89.22306,10.275689,0.2506266,0
2022-06-17 00:55:48,0,0,0,0,0,88.5,11.5,0,0
2022-06-17 00:55:47,0,0,0,0,0,90.22556,9.774436,0,0
2022-06-17 00:55:46,0,0,0,0,0,90.27431,9.476309,0.2493766,0
2022-06-17 00:55:45,0,0,0,0,0,90.25,9.75,0,0
2022-06-17 00:55:44,0,0,0,0,0,80.45113,19.54887,0,0
2022-06-17 00:55:43,0,0,0.4987531,0,0,50.62344,48.87781,0,0
2022-06-17 00:55:42,0,0,7.178218,0,0,64.85149,26.73267,0,0
2022-06-17 00:55:41,0,0,6.716418,0.2487562,0,64.1791,27.61194,0.2487562,0.2487562
2022-06-17 00:55:40,0,0,0,0,0,92.96482,6.78392,0.2512563,0
2022-06-17 00:55:39,0,0,0,0,0,88.5,11.25,0.25,0
2022-06-17 00:55:38,0,0,0,0,0,88.47118,11.528822,0,0
2022-06-17 00:55:37,0,0,0,0,0,92.5,7.5,0,0
2022-06-17 00:55:36,0,0,0.25,0,0,90.75,9,0,0
2022-06-17 00:55:35,0,0,0,0,0,90.04975,9.452736,0.4975124,0
2022-06-17 00:55:34,0,0,0,0,0,75.4386,24.5614,0,0
2022-06-17 00:55:33,0,0,0.5,0,0,51.75,47.5,0,0
2022-06-17 00:55:32,0,0,9,0.25,0,66,24,0.25,0
2022-06-17 00:55:31,0,0,4.75,0.25,0,67,27.25,0,0
2022-06-17 00:55:30,0,0,0,0,0,93,6.5,0.25,0
2022-06-17 00:55:29,0,0,0.2493766,0,0,87.2818,12.468828,0,0
2022-06-17 00:55:28,0,0,0,0,0,88.25,11.5,0.25,0
2022-06-17 00:55:27,0,0,0,0,0,92.4812,7.518797,0,0
2022-06-17 00:55:26,0,0,0,0,0,89,11,0,0
2022-06-17 00:55:25,0,0,0,0,0,89.5,10.25,0.25,0
2022-06-17 00:55:24,0,0,0,0,0,65.91479,34.08521,0,0
2022-06-17 00:55:23,0,0,2.005013,0,0,53.88471,43.60902,0.2506266,0
2022-06-17 00:55:22,0,0,9.653465,0.2475248,0,64.85149,23.0198,0.2475248,0.2475248
2022-06-17 00:55:21,0,0,2.722772,0.4950495,0,72.77228,23.76238,0,0
2022-06-17 00:55:20,0,0,0,0,0,92.21106,7.286432,0.5025126,0
2022-06-17 00:55:19,0,0,0,0,0,89.5,10.5,0,0
2022-06-17 00:55:18,0,0,0,0,0,89.25,10.5,0.25,0
2022-06-17 00:55:17,0,0,0,0,0,91,8.75,0.25,0
2022-06-17 00:55:16,0,0,0,0,0,87.75,12.25,0,0
2022-06-17 00:55:15,0,0,0,0,0,89.75,10.25,0,0
2022-06-17 00:55:14,0,0,0,0,0,54.38596,45.61404,0,0
2022-06-17 00:55:13,0,0,4.207921,0,0,55.19802,37.87129,0.2475248,0
2022-06-17 00:55:12,0,0,9.273183,0.5012531,0,60.65163,28.82206,0.2506266,0.2506266
2022-06-17 00:55:11,0,0,1.25,0,0,83.25,15.5,0,0
2022-06-17 00:55:10,0,0,0,0,0,91.18388,8.564232,0,0
2022-06-17 00:55:09,0,0,0,0,0,89.27681,10.473815,0.2493766,0
2022-06-17 00:55:08,0,0,0,0,0,88.7218,11.278195,0,0
2022-06-17 00:55:07,0,0,0,0,0,91,9,0,0
2022-06-17 00:55:06,0,0,0.2493766,0,0,89.02743,10.473815,0.2493766,0
2022-06-17 00:55:05,0,0,0,0,0,86.28429,13.466334,0.2493766,0
2022-06-17 00:55:04,0,0,0,0,0,47.36842,52.63158,0,0
2022-06-17 00:55:03,0,0,6.015038,0.2506266,0,61.90476,29.82456,0,0
2022-06-17 00:55:02,0,0,8.607595,0,0,58.22785,31.13924,0.2531646,0
2022-06-17 00:55:01,0,0,0,0,0,89.30348,10.199005,0.2487562,0
2022-06-17 00:55:00,0,0,0.2506266,0,0,89.72431,10.025063,0,0
2022-06-17 00:54:59,0,0,0,0,0,91.22807,8.77193,0,0
2022-06-17 00:54:58,0,0,0.7481297,0,0,89.02743,9.975062,0.2493766,0
2022-06-17 00:54:57,0,0,0,0,0,92.75,7.25,0,0
2022-06-17 00:54:56,0,0,0,0,0,88.47118,11.528822,0,0
2022-06-17 00:54:55,0,0,0,0,0,80.04988,19.70075,0.2493766,0
2022-06-17 00:54:54,0,0,0,0,0,48.49246,51.50754,0,0
2022-06-17 00:54:53,0,0,8.478803,0.4987531,0,64.08978,24.68828,0.2493766,0.2493766
2022-06-17 00:54:52,0,0,6.218905,0.2487562,0,60.94527,30.84577,0.2487562,0.2487562
2022-06-17 00:54:51,0,0,0,0,0,93.21608,6.532663,0.2512563,0
2022-06-17 00:54:50,0,0,0,0,0,89.05473,10.447761,0.2487562,0
2022-06-17 00:54:49,0,0,0,0,0,88.44221,11.557789,0,0
2022-06-17 00:54:48,0,0,0,0,0,89.77556,9.975062,0.2493766,0
2022-06-17 00:54:47,0,0,0,0,0,89.97494,10.025063,0,0
2022-06-17 00:54:46,0,0,0,0,0,87.2818,12.468828,0.2493766,0
2022-06-17 00:54:45,0,0,0.2493766,0,0,74.56359,25.18703,0,0
2022-06-17 00:54:44,0,0,1,0,0,47.25,51.75,0,0
2022-06-17 00:54:43,0,0,9.20398,0.2487562,0,67.41294,20.39801,0.2487562,0.2487562
2022-06-17 00:54:42,0,0,3.990025,0.2493766,0,68.32918,26.18454,0,0.2493766
2022-06-17 00:54:41,0,0,0,0,0,93.46734,6.532663,0,0
2022-06-17 00:54:40,0,0,0.2493766,0,0,86.78304,12.468828,0.4987531,0
2022-06-17 00:54:39,0,0,0,0,0,88.5,11.5,0,0
2022-06-17 00:54:38,0,0,0,0,0,90.5,9.5,0,0
2022-06-17 00:54:37,0,0,0,0,0,89.75,10.25,0,0
2022-06-17 00:54:36,0,0,0,0,0,90.5,9.25,0.25,0
2022-06-17 00:54:35,0,0,0,0,0,64.33915,35.41147,0.2493766,0
2022-06-17 00:54:34,0,0,2.238806,0.2487562,0,54.97512,42.0398,0,0
2022-06-17 00:54:33,0,0,9.547739,0.5025126,0,64.82412,22.86432,0,0.2512563
2022-06-17 00:54:32,0,0,2.244389,0,0,73.31671,23.4414,0.4987531,0
2022-06-17 00:54:31,0,0,0,0,0,91.68766,8.312343,0,0
2022-06-17 00:54:30,0,0,0,0,0,89.02743,10.723192,0.2493766,0
2022-06-17 00:54:29,0,0,0,0,0,87.9397,12.060302,0,0
2022-06-17 00:54:28,0,0,0,0,0,90.79602,8.955224,0.2487562,0
2022-06-17 00:54:27,0,0,0,0,0,90.75,9.25,0,0
2022-06-17 00:54:26,0,0,0,0,0,87.25,12.75,0,0
2022-06-17 00:54:25,0,0,0,0,0,52.63158,47.36842,0,0
2022-06-17 00:54:24,0,0,4.466501,0,0,60.29777,33.25062,0,0
2022-06-17 00:54:23,0,0,8.542714,0.5025126,0,58.54271,30.90452,0.2512563,0.2512563
2022-06-17 00:54:22,0,0,0.9950249,0,0,86.81592,11.940299,0.2487562,0
2022-06-17 00:54:21,0,0,0.2512563,0,0,90.95477,8.79397,0,0
2022-06-17 00:54:20,0,0,0,0,0,90,9.75,0.25,0
2022-06-17 00:54:19,0,0,0,0,0,87.7193,12.280702,0,0
2022-06-17 00:54:18,0,0,0,0,0,92.5187,7.481297,0,0
2022-06-17 00:54:17,0,0,0,0,0,88.75,11.25,0,0
2022-06-17 00:54:16,0,0,0,0,0,88.47118,11.278195,0.2506266,0
2022-06-17 00:54:15,0,0,0.2493766,0,0,45.13716,54.61347,0,0
2022-06-17 00:54:14,0,0,6.483791,0.2493766,0,63.34165,27.6808,0.2493766,0
2022-06-17 00:54:13,0,0,7.518797,0.5012531,0,61.15288,29.57393,0,0.2506266
2022-06-17 00:54:12,0,0,0.2493766,0,0,89.27681,9.725686,0.2493766,0
2022-06-17 00:54:11,0,0,0,0,0,90.20101,9.798995,0,0
2022-06-17 00:54:10,0,0,0,0,0,89.25,10.75,0,0
2022-06-17 00:54:09,0,0,0,0,0,89.22306,10.526316,0.2506266,0
2022-06-17 00:54:08,0,0,0,0,0,90.5,9.5,0,0
2022-06-17 00:54:07,0,0,0,0,0,89.02743,10.723192,0.2493766,0
2022-06-17 00:54:06,0,0,0,0,0,80,20,0,0
2022-06-17 00:54:05,0,0,0.4987531,0,0,49.37656,49.87531,0.2493766,0
2022-06-17 00:54:04,0,0,8.5,0,0,66.5,24.25,0.25,0
2022-06-17 00:54:03,0,0,5.486284,0.2493766,0,64.33915,29.67581,0,0
2022-06-17 00:54:02,0,0,0,0,0,94.72362,4.773869,0.5025126,0
2022-06-17 00:54:01,0,0,0,0,0,86.96742,13.032581,0,0
2022-06-17 00:54:00,0,0,0,0,0,90,9.75,0.25,0
2022-06-17 00:53:59,0,0,0,0,0,89.75,10.25,0,0
2022-06-17 00:53:58,0,0,0.4987531,0,0,87.53117,11.970075,0,0
2022-06-17 00:53:57,0,0,0,0,0,91.5,8.25,0.25,0
2022-06-17 00:53:56,0,0,0,0,0,66.75,33.25,0,0
2022-06-17 00:53:55,0,0,1.2562814,0,0,50.75377,47.48744,0,0
2022-06-17 00:53:54,0,0,9.405941,0.2475248,0,63.61386,22.52475,0.2475248,0.4950495
2022-06-17 00:53:53,0,0,3.740648,0,0,69.32668,25.68579,0.2493766,0
2022-06-17 00:53:52,0,0,0,0,0,94.20655,5.541562,0.2518892,0
2022-06-17 00:53:51,0,0,0,0,0,88.25,11.5,0.25,0
2022-06-17 00:53:50,0,0,0,0,0,89.5,10.5,0,0
2022-06-17 00:53:49,0,0,0,0,0,90.5,9.5,0,0
2022-06-17 00:53:48,0,0,0,0,0,89.72431,10.275689,0,0
2022-06-17 00:53:47,0,0,0,0,0,86.53367,13.216958,0.2493766,0
2022-06-17 00:53:46,0,0,0,0,0,56.75,43.25,0,0
2022-06-17 00:53:45,0,0,3.482587,0.2487562,0,57.9602,38.0597,0,0
2022-06-17 00:53:44,0,0,9.547739,0,0,62.31156,26.88442,0.5025126,0
2022-06-17 00:53:43,0,0,1.995012,0.2493766,0,78.05486,18.95262,0.2493766,0
2022-06-17 00:53:42,0,0,0,0,0,90.70352,9.296482,0,0
2022-06-17 00:53:41,0,0,0,0,0,90.22556,9.774436,0,0
2022-06-17 00:53:40,0,0,0,0,0,88.77805,10.972569,0.2493766,0
2022-06-17 00:53:39,0,0,0,0,0,89.72431,10.275689,0,0
2022-06-17 00:53:38,0,0,0,0,0,89.5,10.25,0.25,0
2022-06-17 00:53:37,0,0,0,0,0,86.5,13.5,0,0
2022-06-17 00:53:36,0,0,0,0,0,49.5,50.5,0,0
2022-06-17 00:53:35,0,0,5.721393,0.4975124,0,59.70149,32.58706,0.4975124,0
2022-06-17 00:53:34,0,0,7.769424,0.2506266,0,60.15038,29.32331,0,0.2506266
2022-06-17 00:53:33,0,0,0.7518797,0,0,87.46867,11.528822,0,0
2022-06-17 00:53:32,0,0,0.2493766,0,0,87.78055,11.720698,0.2493766,0
2022-06-17 00:53:31,0,0,0,0,0,90.25,9.75,0,0
2022-06-17 00:53:30,0,0,0,0,0,88.97243,10.776942,0.2506266,0
2022-06-17 00:53:29,0,0,0,0,0,90,10,0,0
2022-06-17 00:53:28,0,0,0,0,0,88,12,0,0
2022-06-17 00:53:27,0,0,0,0,0,79.94987,20.05013,0,0
2022-06-17 00:53:26,0,0,0.2487562,0,0,48.75622,50.74627,0.2487562,0
2022-06-17 00:53:25,0,0,7.769424,0.2506266,0,66.41604,25.06266,0,0
2022-06-17 00:53:24,0,0,6.218905,0.2487562,0,65.42289,26.61692,0.2487562,0.2487562
2022-06-17 00:53:23,0,0,0,0,0,91.70854,8.291457,0,0
2022-06-17 00:53:22,0,0,0,0,0,89.22306,10.776942,0,0
2022-06-17 00:53:21,0,0,0,0,0,91.77057,7.98005,0.2493766,0
2022-06-17 00:53:20,0,0,0,0,0,89.47368,10.526316,0,0
2022-06-17 00:53:19,0,0,0,0,0,89.02743,10.723192,0.2493766,0
2022-06-17 00:53:18,0,0,0,0,0,90.25,9.5,0,0
2022-06-17 00:53:17,0,0,0,0,0,70.42607,29.57393,0,0
2022-06-17 00:53:16,0,0,1.75,0,0,49,48.75,0.25,0
2022-06-17 00:53:15,0,0,8.77193,0.2506266,0,65.91479,22.05514,0.2506266,0
2022-06-17 00:53:14,0,0,3.75,0,0,68,26.75,0.25,0
2022-06-17 00:53:13,0,0,0,0,0,91.75,8,0.25,0
2022-06-17 00:53:12,0,0,0,0,0,89.94975,9.798995,0.2512563,0
2022-06-17 00:53:11,0,0,0,0,0,89.72431,10.275689,0,0
2022-06-17 00:53:10,0,0,0,0,0,89.5,10.25,0.25,0
2022-06-17 00:53:09,0,0,0,0,0,88.25,11.75,0,0
2022-06-17 00:53:08,0,0,0,0,0,87.78055,11.970075,0.2493766,0
2022-06-17 00:53:07,0,0,0,0,0,59.14787,40.85213,0,0
2022-06-17 00:53:06,0,0,4.25,0.25,0,58.5,36,0.25,0
2022-06-17 00:53:05,0,0,8.415842,0.4950495,0,63.86139,25.49505,0.2475248,0.2475248
2022-06-17 00:53:04,0,0,2.272727,0,0,79.54545,17.17172,0.2525253,0
2022-06-17 00:53:03,0,0,0,0,0,91.25,8.5,0,0
2022-06-17 00:53:02,0,0,0,0,0,89,10.75,0.25,0
2022-06-17 00:53:01,0,0,0,0,0,90.75,9.25,0,0
2022-06-17 00:53:00,0,0,0,0,0,90.25,9.75,0,0
2022-06-17 00:52:59,0,0,0.2493766,0,0,89.52618,10.224439,0,0
2022-06-17 00:52:58,0,0,0.2506266,0,0,83.45865,16.290727,0,0
2022-06-17 00:52:57,0,0,0.2493766,0,0,56.85786,42.64339,0.2493766,0
2022-06-17 00:52:56,0,0,5.778894,0.5025126,0,61.80905,29.64824,0,0
2022-06-17 00:52:55,0,0,7.5,0,0,62,28.25,0.25,0
2022-06-17 00:52:54,0,0,1.0025063,0,0,85.46366,13.032581,0,0.2506266
2022-06-17 00:52:53,0,0,0,0,0,89.75,10,0.25,0
2022-06-17 00:52:52,0,0,0,0,0,89.75,10,0.25,0
2022-06-17 00:52:51,0,0,0,0,0,89.5,10.5,0,0
2022-06-17 00:52:50,0,0,0,0,0,90.97744,9.022556,0,0
2022-06-17 00:52:49,0,0,0,0,0,90.25,9.75,0,0
2022-06-17 00:52:48,0,0,0,0,0,73.81546,25.93516,0.2493766,0
2022-06-17 00:52:47,0,0,1.75,0,0,56.25,41.5,0,0
2022-06-17 00:52:46,0,0,8,0.25,0,66,25.25,0.25,0
2022-06-17 00:52:45,0,0,5.223881,0.4975124,0,65.9204,26.86567,0.2487562,0.2487562
2022-06-17 00:52:44,0,0,0.2493766,0,0,89.77556,8.977556,0.4987531,0
2022-06-17 00:52:43,0,0,0,0,0,88.69347,11.306533,0,0
2022-06-17 00:52:42,0,0,0.2493766,0,0,88.2793,11.221945,0.2493766,0
2022-06-17 00:52:41,0,0,0.5012531,0,0,90.97744,8.270677,0.2506266,0
2022-06-17 00:52:40,0,0,0,0,0,89.72431,10.275689,0,0
2022-06-17 00:52:39,0,0,0,0,0,89.02743,10.723192,0.2493766,0
2022-06-17 00:52:38,0,0,0,0,0,67,33,0,0
2022-06-17 00:52:37,0,0,2.493766,0.2493766,0,54.86284,41.89526,0.2493766,0
2022-06-17 00:52:36,0,0,8.955224,0.2487562,0,60.94527,26.36816,0.2487562,0.7462687
2022-06-17 00:52:35,0,0,3.25,0,0,74,22,0.25,0
2022-06-17 00:52:34,0,0,0,0,0,93.96985,6.030151,0,0
2022-06-17 00:52:33,0,0,0,0,0,89.5,10.25,0.25,0
2022-06-17 00:52:32,0,0,0,0,0,87.78055,11.970075,0.2493766,0
2022-06-17 00:52:31,0,0,0,0,0,89.22306,10.776942,0,0
2022-06-17 00:52:30,0,0,0,0,0,90,9.75,0.25,0
2022-06-17 00:52:29,0,0,0,0,0,87.5,12.5,0,0
2022-06-17 00:52:28,0,0,0,0,0,54.25,45.75,0,0
2022-06-17 00:52:27,0,0,3.9801,0.4975124,0,59.95025,33.58209,0.2487562,0
2022-06-17 00:52:26,0,0,9.273183,0.2506266,0,61.65414,27.81955,0.5012531,0
2022-06-17 00:52:25,0,0,1.75,0,0,83,14.5,0,0.25
2022-06-17 00:52:24,0,0,0,0,0,92.4812,7.26817,0.2506266,0
2022-06-17 00:52:23,0,0,0,0,0,88.97243,11.027569,0,0
2022-06-17 00:52:22,0,0,0,0,0,88.77805,11.221945,0,0
2022-06-17 00:52:21,0,0,0,0,0,91,8.5,0.5,0
2022-06-17 00:52:20,0,0,0,0,0,89.22306,10.776942,0,0
2022-06-17 00:52:19,0,0,0,0,0,82.5,17.25,0.25,0
2022-06-17 00:52:18,0,0,0,0,0,50.37594,49.62406,0,0
2022-06-17 00:52:17,0,0,7.178218,0.4950495,0,62.87129,26.9802,0.2475248,0
2022-06-17 00:52:16,0,0,7.035176,0.2512563,0,64.32161,27.13568,0.2512563,0
2022-06-17 00:52:15,0,0,0,0.2506266,0,90.22556,9.273183,0.2506266,0
2022-06-17 00:52:14,0,0,0,0,0,90.22556,9.774436,0,0
2022-06-17 00:52:13,0,0,0,0,0,88.02993,11.720698,0.2493766,0
2022-06-17 00:52:12,0,0,0.2493766,0,0,90.27431,9.476309,0,0
2022-06-17 00:52:11,0,0,0,0,0,90.47619,9.52381,0,0
2022-06-17 00:52:10,0,0,0,0,0,89.02743,10.723192,0.2493766,0
2022-06-17 00:52:09,0,0,0.2512563,0,0,72.36181,27.38693,0,0
2022-06-17 00:52:08,0,0,1.4888337,0.248139,0,48.88337,48.3871,0.248139,0
2022-06-17 00:52:07,0,0,8.79397,0.5025126,0,62.56281,25.62814,0,0.2512563
2022-06-17 00:52:06,0,0,4.25,0.25,0,68,25.75,0,0
2022-06-17 00:52:05,0,0,0,0,0,92.71357,7.286432,0,0
2022-06-17 00:52:04,0,0,0,0,0,88.25,11.5,0.25,0
2022-06-17 00:52:03,0,0,0,0,0,88.75,11.25,0,0
2022-06-17 00:52:02,0,0,0,0,0,92.5,7.25,0.25,0
2022-06-17 00:52:01,0,0,0,0,0,91.5,8.5,0,0
2022-06-17 00:52:00,0,0,0,0,0,89.22306,10.776942,0,0
2022-06-17 00:51:59,0,0,0,0,0,63,36.5,0.25,0
2022-06-17 00:51:58,0,0,3.482587,0.2487562,0,55.97015,39.801,0.2487562,0
2022-06-17 00:51:57,0,0,9,0.25,0,61.25,27,0.25,0
2022-06-17 00:51:56,0,0,2.512563,0,0,77.13568,19.34673,0.2512563,0
2022-06-17 00:51:55,0,0,0,0,0,94.23559,5.513784,0.2506266,0
2022-06-17 00:51:54,0,0,0,0,0,89.47368,10.526316,0,0
2022-06-17 00:51:53,0,0,0,0,0,88.2793,11.471322,0.2493766,0
2022-06-17 00:51:52,0,0,0,0,0,92.23058,7.769424,0,0
2022-06-17 00:51:51,0,0,0,0,0,88,12,0,0
2022-06-17 00:51:50,0,0,0,0,0,85.5,14.25,0.25,0
2022-06-17 00:51:49,0,0,0,0,0,56.75,43.25,0,0
2022-06-17 00:51:48,0,0,5.721393,0.4975124,0,56.46766,32.33831,0.2487562,0
2022-06-17 00:51:47,0,0,7.730673,0.7481297,0,63.09227,24.68828,0.2493766,0.2493766
2022-06-17 00:51:46,0,0,1.0025063,0,0,86.46617,12.280702,0,0
2022-06-17 00:51:45,0,0,0,0,0,91.22807,8.77193,0,0
2022-06-17 00:51:44,0,0,0,0,0,92.5,7.25,0.25,0
2022-06-17 00:51:43,0,0,0,0,0,90.75,9.25,0,0
2022-06-17 00:51:42,0,0,0,0,0,90.25,9.5,0.25,0
2022-06-17 00:51:41,0,0,0,0,0,89.5,10.5,0,0
2022-06-17 00:51:40,0,0,0,0,0,79.94987,20.05013,0,0
2022-06-17 00:51:39,0,0,0.5,0.25,0,54.5,44.25,0,0
2022-06-17 00:51:38,0,0,7.692308,0,0,61.7866,26.79901,0.248139,0.248139
2022-06-17 00:51:37,0,0,5.735661,0.2493766,0,62.59352,28.6783,0.2493766,0.2493766
2022-06-17 00:51:36,0,0,0,0,0,93.45088,6.549118,0,0
2022-06-17 00:51:35,0,0,0.2487562,0,0,87.31343,11.940299,0.2487562,0
2022-06-17 00:51:34,0,0,0,0,0,90.25,9.75,0,0
2022-06-17 00:51:33,0,0,0,0,0,90.25,9.5,0.25,0
2022-06-17 00:51:32,0,0,0,0,0,89.75,10.25,0,0
2022-06-17 00:51:31,0,0,0,0,0,90.5,9.5,0,0
2022-06-17 00:51:30,0,0,0,0,0,69.67419,30.32581,0,0
2022-06-17 00:51:29,0,0,2.233251,0,0,50.12407,47.1464,0,0
2022-06-17 00:51:28,0,0,8.478803,0.2493766,0,63.34165,22.94264,0,0.4987531
2022-06-17 00:51:27,0,0,3.225806,0,0,70.47146,23.5732,0.4962779,0
2022-06-17 00:51:26,0,0,0,0,0,93.95466,6.04534,0,0
2022-06-17 00:51:25,0,0,0,0,0,89.02743,10.972569,0,0
2022-06-17 00:51:24,0,0,0,0,0,89.5,10.25,0.25,0
2022-06-17 00:51:23,0,0,0,0,0,90.97744,9.022556,0,0
2022-06-17 00:51:22,0,0,0,0,0,88.75,11.25,0,0
2022-06-17 00:51:21,0,0,0.2493766,0,0,89.77556,9.975062,0,0
2022-06-17 00:51:20,0,0,0,0,0,60.34913,39.4015,0.2493766,0
2022-06-17 00:51:19,0,0,3.508772,0,0,61.15288,34.08521,0,0
2022-06-17 00:51:18,0,0,8.933002,0.4962779,0,61.7866,23.07692,0.248139,1.2406948
2022-06-17 00:51:17,0,0,1.2562814,0,0,80.15075,17.8392,0.2512563,0.2512563
2022-06-17 00:51:16,0,0,0,0,0,91.4787,8.270677,0.2506266,0
2022-06-17 00:51:15,0,0,0,0,0,89.52618,9.975062,0.2493766,0
2022-06-17 00:51:14,0,0,0,0,0,88.7218,11.278195,0,0
2022-06-17 00:51:13,0,0,0.2493766,0,0,91.02244,8.478803,0.2493766,0
2022-06-17 00:51:12,0,0,0,0,0,89.25,10.75,0,0
2022-06-17 00:51:11,0,0,0,0,0,87.46867,12.531328,0,0
2022-06-17 00:51:10,0,0,0,0,0,41.39651,58.35411,0.2493766,0
2022-06-17 00:51:09,0,0,5.955335,0.4962779,0,65.26055,24.8139,0.248139,0
2022-06-17 00:51:08,0,0,8.040201,0.2512563,0,57.28643,31.65829,0,0.2512563
2022-06-17 00:51:07,0,0,0,0,0,94.20655,5.793451,0,0
2022-06-17 00:51:06,0,0,0,0,0,91.5212,8.229426,0.2493766,0
2022-06-17 00:51:05,0,0,0.7518797,0.2506266,0,89.72431,9.273183,0,0
2022-06-17 00:51:04,0,0,0,0,0,90.27431,9.476309,0.2493766,0
2022-06-17 00:51:03,0,0,0,0,0,92,7.75,0,0
2022-06-17 00:51:02,0,0,0,0,0,87.75,12,0.25,0
2022-06-17 00:51:01,0,0,0,0,0,80.5,19.25,0.25,0
2022-06-17 00:51:00,0,0,0,0,0,47.63092,52.36908,0,0
2022-06-17 00:50:59,0,0,8.77193,0,0,63.15789,24.81203,0,0
2022-06-17 00:50:58,0,0,5.955335,0,0,61.53846,28.0397,0.248139,0.9925558
2022-06-17 00:50:57,0,0,0,0,0,95.48872,4.260652,0.2506266,0
2022-06-17 00:50:56,0,0,0,0,0,90.22556,9.774436,0,0
2022-06-17 00:50:55,0,0,0,0,0,88.75,11.25,0,0
2022-06-17 00:50:54,0,0,0,0,0,90,9.75,0.25,0
2022-06-17 00:50:53,0,0,0,0,0,87,12.75,0.25,0
2022-06-17 00:50:52,0,0,0,0,0,89.5,10.5,0,0
2022-06-17 00:50:51,0,0,0,0,0,73.75,26.25,0,0
2022-06-17 00:50:50,0,0,0.2493766,0,0,47.38155,51.62095,0,0
2022-06-17 00:50:49,0,0,9.774436,0.5012531,0,65.66416,20.55138,0.2506266,0.2506266
2022-06-17 00:50:48,0,0,3.712871,0.2475248,0,29.45545,13.118812,0,8.663366
2022-06-17 00:50:47,0,0,0,0.4975124,0,2.238806,1.4925373,0.2487562,1.99005
2022-06-17 00:50:46,0,0,0,0,0,0,0.2506266,0,0
2022-06-17 00:50:45,0,0,0,0,0,0,0.25,0.25,0
