time,guest_nice,guest,steal,softirq,irq,user,system,nice,iowait
2022-06-22 15:15:33,0,0,0,0,0,0,0.2518892,0,0
2022-06-22 15:15:32,0,0,0,0,0,0.2512563,0.2512563,0,0
2022-06-22 15:15:31,0,0,0,0.2506266,0,1.0025063,0.5012531,0,0
2022-06-22 15:15:30,0,0,0,0,0,0.25,0.5,0.25,0
2022-06-22 15:15:29,0,0,0,0.2518892,0,3.02267,1.0075567,0.2518892,0
2022-06-22 15:15:28,0,0,0,0.2506266,0,0.5012531,0.2506266,0,0
2022-06-22 15:15:27,0,0,0,0,0,0.5012531,0.2506266,0.2506266,0
2022-06-22 15:15:26,0,0,0,0,0,0.2512563,0.2512563,0.2512563,0
2022-06-22 15:15:25,0,0,0.2493766,0.9975062,0,21.69576,1.2468828,0,0
2022-06-22 15:15:24,0,0,0,0.9975062,0,61.59601,3.241895,0.4987531,0
2022-06-22 15:15:23,0,0,0,1.4814815,0,25.67901,2.962963,0,0
2022-06-22 15:15:22,0,0,1.75,1.75,0,50.25,7.75,0.5,0
2022-06-22 15:15:21,0,0,5.012531,1.0025063,0,75.68922,6.766917,0.2506266,0
2022-06-22 15:15:20,0,0,5.985037,1.2468828,0,87.03242,5.486284,0,0
2022-06-22 15:15:19,0,0,0,0.5012531,0,92.73183,6.516291,0.2506266,0
2022-06-22 15:15:18,0,0,0.9950249,0.4975124,0,93.03483,4.975124,0.4975124,0
2022-06-22 15:15:17,0,0,0,0,0,97.49373,2.255639,0.2506266,0
2022-06-22 15:15:16,0,0,0.25,0,0,96.75,2.75,0.25,0
2022-06-22 15:15:15,0,0,5.236908,0.4987531,0,90.02494,3.990025,0.2493766,0
2022-06-22 15:15:14,0,0,0.5,0.75,0,94.5,4,0.25,0
2022-06-22 15:15:13,0,0,0,0,0,95.25,4.5,0.25,0
2022-06-22 15:15:12,0,0,0.25,0,0,93.75,5.75,0.25,0
2022-06-22 15:15:11,0,0,0,0,0,95.25,4.75,0,0
2022-06-22 15:15:10,0,0,1.2468828,0.2493766,0,89.77556,8.478803,0.2493766,0
2022-06-22 15:15:09,0,0,1.0025063,0.7518797,0,91.22807,6.766917,0.2506266,0
2022-06-22 15:15:08,0,0,2.25,1.75,0,89.75,6.25,0,0
2022-06-22 15:15:07,0,0,1.745636,1.2468828,0,89.52618,6.982544,0.4987531,0
2022-06-22 15:15:06,0,0,2.756892,3.007519,0,86.71679,7.518797,0,0
2022-06-22 15:15:05,0,0,0.5,0.75,0,91.5,7,0,0
2022-06-22 15:15:04,0,0,1.745636,1.995012,0,89.02743,6.733167,0.4987531,0
2022-06-22 15:15:03,0,0,2,1.75,0,89,7,0.25,0
2022-06-22 15:15:02,0,0,2.244389,1.4962594,0,86.53367,9.476309,0.2493766,0
2022-06-22 15:15:01,0,0,0,0,0,90.93199,8.060453,0.2518892,0
2022-06-22 15:15:00,0,0,0.5,0.5,0,87.5,10.5,0,0
2022-06-22 15:14:59,0,0,1.0025063,1.0025063,0,90.47619,6.265664,0.5012531,0
2022-06-22 15:14:58,0,0,1.2437811,0.4975124,0,91.04478,6.716418,0.2487562,0
2022-06-22 15:14:57,0,0,0.5,0.5,0,92,6,0.75,0
2022-06-22 15:14:56,0,0,0.7594937,1.0126582,0,91.89873,6.075949,0,0
2022-06-22 15:14:55,0,0,0.9975062,0.7481297,0,95.7606,1.995012,0.4987531,0
2022-06-22 15:14:54,0,0,0.75,0.5,0,95.5,3.25,0,0
2022-06-22 15:14:53,0,0,0.4987531,0.4987531,0,93.76559,4.738155,0.4987531,0
2022-06-22 15:14:52,0,0,1.0050251,1.0050251,0,93.96985,4.020101,0,0
2022-06-22 15:14:51,0,0,0.9975062,0.7481297,0,94.01496,3.740648,0.4987531,0
2022-06-22 15:14:50,0,0,0.4987531,0.7481297,0,94.26434,4.488778,0,0
2022-06-22 15:14:49,0,0,0.2506266,0,0,93.98496,5.513784,0.2506266,0
2022-06-22 15:14:48,0,0,0,0,0,95.01247,4.738155,0.2493766,0
2022-06-22 15:14:47,0,0,0.5012531,0.2506266,0,93.48371,5.764411,0,0
2022-06-22 15:14:46,0,0,1.4925373,0.7462687,0,90.54726,6.467662,0.4975124,0
2022-06-22 15:14:45,0,0,2.020202,1.010101,0,87.87879,9.090909,0,0
2022-06-22 15:14:44,0,0,2.736318,1.2437811,0,88.30846,6.965174,0.4975124,0
2022-06-22 15:14:43,0,0,0,0,0,95.21411,4.534005,0.2518892,0
2022-06-22 15:14:42,0,0,1.4888337,1.2406948,0,89.8263,6.699752,0.7444169,0
2022-06-22 15:14:41,0,0,0,0.25,0,91.25,7.75,0.25,0
2022-06-22 15:14:40,0,0,2.506266,2.255639,0,87.7193,7.518797,0,0
2022-06-22 15:14:39,0,0,0,0,0,93.48371,6.015038,0.5012531,0
2022-06-22 15:14:38,0,0,1.511335,0.7556675,0,83.87909,10.831234,0.5037783,0
2022-06-22 15:14:37,0,0,1.5,0.5,0,86,9,0.5,0
2022-06-22 15:14:36,0,0,0.5025126,0.5025126,0,90.95477,7.788945,0.2512563,0
2022-06-22 15:14:35,0,0,0.5025126,0.7537688,0,93.96985,4.773869,0,0
2022-06-22 15:14:34,0,0,1.2468828,0.9975062,0,93.01746,4.488778,0.2493766,0
2022-06-22 15:14:33,0,0,0.9975062,0.7481297,0,94.01496,3.990025,0.2493766,0
2022-06-22 15:14:32,0,0,0,0,0,95.9799,4.020101,0,0
2022-06-22 15:14:31,0,0,0.4987531,0.2493766,0,94.51372,4.488778,0.2493766,0
2022-06-22 15:14:30,0,0,0.75,1,0,94.5,3.5,0.25,0
2022-06-22 15:14:29,0,0,1,1.75,0,90.5,6.5,0.25,0
2022-06-22 15:14:28,0,0,0.5,0.25,0,93.5,5.75,0,0
2022-06-22 15:14:27,0,0,0.2487562,0.2487562,0,96.26866,2.985075,0.2487562,0
2022-06-22 15:14:26,0,0,1.511335,2.015113,0,89.42065,6.801008,0.2518892,0
2022-06-22 15:14:25,0,0,1.995012,1.4962594,0,88.2793,7.98005,0.2493766,0
2022-06-22 15:14:24,0,0,0.2487562,0,0,94.02985,5.472637,0.2487562,0
2022-06-22 15:14:23,0,0,2.005013,1.5037594,0,90.22556,5.764411,0.2506266,0
2022-06-22 15:14:22,0,0,4.738155,2.743142,0,83.54115,8.72818,0.2493766,0
2022-06-22 15:14:21,0,0,0,0,0,94.73684,4.761905,0.2506266,0
2022-06-22 15:14:20,0,0,0,0.2512563,0,93.96985,5.527638,0.2512563,0
2022-06-22 15:14:19,0,0,1.75,1,0,92,5,0.25,0
2022-06-22 15:14:18,0,0,1.75,1,0,87.75,8.75,0.5,0
2022-06-22 15:14:17,0,0,0,0,0,91.75,7,0.25,0
2022-06-22 15:14:16,0,0,0,0,0,88.60759,9.873418,0,0
2022-06-22 15:14:15,0,0,0.7444169,0.9925558,0,88.08933,8.436725,0.4962779,0.248139
2022-06-22 15:14:14,0,0,0,0.2487562,0,92.53731,5.970149,0.4975124,0
2022-06-22 15:14:13,0,0,3.02267,0.2518892,0,89.92443,6.801008,0,0
2022-06-22 15:14:12,0,0,0.2493766,0,0,92.01995,6.733167,0.4987531,0
2022-06-22 15:14:11,0,0,0.2487562,2.238806,0,95.02488,2.238806,0.2487562,0
2022-06-22 15:14:10,0,0,1.0075567,7.304786,0,89.16877,2.267003,0.2518892,0
2022-06-22 15:14:09,0,0,0.2493766,0.9975062,0,92.5187,5.985037,0.2493766,0
2022-06-22 15:14:08,0,0,0.75,4.25,0,91.5,3.25,0.25,0
2022-06-22 15:14:07,0,0,0.7518797,1.0025063,0,92.4812,5.513784,0.2506266,0
2022-06-22 15:14:06,0,0,0.4987531,2.992519,0,91.27182,4.987531,0.2493766,0
2022-06-22 15:14:05,0,0,0.25,1.5,0,93.5,4.5,0.25,0
2022-06-22 15:14:04,0,0,2,1.5,0,90.75,5.5,0.25,0
2022-06-22 15:14:03,0,0,1.4925373,5.223881,0,81.34328,11.691542,0.2487562,0
2022-06-22 15:14:02,0,0,2.261307,13.316583,0,75.62814,8.542714,0.2512563,0
2022-06-22 15:14:01,0,0,5.721393,13.681592,0,67.41294,12.437811,0.2487562,0
2022-06-22 15:14:00,0,0,1.758794,1.5075377,0,88.69347,7.286432,0.2512563,0
2022-06-22 15:13:59,0,0,1.5037594,1.2531328,0,91.22807,5.764411,0.2506266,0
2022-06-22 15:13:58,0,0,2.736318,0.7462687,0,90.29851,5.970149,0.2487562,0
2022-06-22 15:13:57,0,0,0.5025126,0.2512563,0,92.71357,5.778894,0.2512563,0
2022-06-22 15:13:56,0,0,1.745636,1.2468828,0,89.27681,7.481297,0.2493766,0
2022-06-22 15:13:55,0,0,1.0025063,1.2531328,0,90.72682,6.766917,0.2506266,0
2022-06-22 15:13:54,0,0,0.5050505,0.2525253,0,85.60606,11.111111,0.2525253,0
2022-06-22 15:13:53,0,0,0.5089059,0.7633588,0,79.13486,7.633588,0.5089059,0
2022-06-22 15:13:52,0,0,0.2512563,0.5025126,0,83.16583,9.547739,0.2512563,0
2022-06-22 15:13:51,0,0,0,0.2512563,0,95.9799,3.768844,0,0
2022-06-22 15:13:50,0,0,0.25,0,0,96.75,3,0,0
2022-06-22 15:13:49,0,0,0,0,0,95,4.75,0.25,0
2022-06-22 15:13:48,0,0,0.5,0.25,0,97.75,1.25,0,0
2022-06-22 15:13:47,0,0,0,0,0,97.00748,2.493766,0.4987531,0
2022-06-22 15:13:46,0,0,0.2506266,0,0,97.24311,2.506266,0,0
2022-06-22 15:13:45,0,0,0,0,0,97.24311,2.506266,0.2506266,0
2022-06-22 15:13:44,0,0,0.4987531,0.2493766,0,93.76559,5.486284,0,0
2022-06-22 15:13:43,0,0,0.5012531,0.2506266,0,94.23559,4.761905,0.2506266,0
2022-06-22 15:13:42,0,0,0.25,0,0,93.75,6,0,0
2022-06-22 15:13:41,0,0,0.7481297,0.9975062,0,93.26683,4.738155,0.2493766,0
2022-06-22 15:13:40,0,0,0.4987531,0.7481297,0,90.02494,8.72818,0,0
2022-06-22 15:13:39,0,0,1.754386,0.5012531,0,88.7218,8.77193,0,0
2022-06-22 15:13:38,0,0,3.241895,1.4962594,0,86.28429,8.72818,0.2493766,0
2022-06-22 15:13:37,0,0,4.010025,3.007519,0,80.95238,11.278195,0.2506266,0
2022-06-22 15:13:36,0,0,0.7518797,0.2506266,0,94.23559,4.511278,0.2506266,0
2022-06-22 15:13:35,0,0,1.75,1.75,0,91.75,4.75,0,0
2022-06-22 15:13:34,0,0,1.5037594,1.2531328,0,89.47368,7.26817,0.5012531,0
2022-06-22 15:13:33,0,0,0.4962779,0.4962779,0,88.83375,9.181141,0.4962779,0
2022-06-22 15:13:32,0,0,1.0050251,0.5025126,0,90.45226,7.788945,0,0
2022-06-22 15:13:31,0,0,1.25,1.25,0,82.75,11.75,0.5,0
2022-06-22 15:13:30,0,0,1.2722646,1.78117,0,66.41221,13.740458,0.5089059,0
2022-06-22 15:13:29,0,0,1.2562814,1.2562814,0,87.18593,8.040201,0,0
2022-06-22 15:13:28,0,0,1,1,0,93.75,4,0.25,0
2022-06-22 15:13:27,0,0,3.491272,0.2493766,0,93.26683,2.743142,0.2493766,0
2022-06-22 15:13:26,0,0,1.0050251,0.5025126,0,95.72864,2.763819,0,0
2022-06-22 15:13:25,0,0,0.7462687,0.2487562,0,93.78109,4.975124,0.2487562,0
2022-06-22 15:13:24,0,0,0,0,0,98.74687,1.0025063,0.2506266,0
2022-06-22 15:13:23,0,0,0,0,0,96.25,3.5,0.25,0
2022-06-22 15:13:22,0,0,0.25,0,0,96.5,3.25,0,0
2022-06-22 15:13:21,0,0,0.5,0.75,0,92.75,5.75,0.25,0
2022-06-22 15:13:20,0,0,0,0,0,96,4,0,0
2022-06-22 15:13:19,0,0,0,0.25,0,94.5,5.25,0,0
2022-06-22 15:13:18,0,0,0.25,0.25,0,94.25,5,0.25,0
2022-06-22 15:13:17,0,0,0,0,0,91.72932,8.02005,0.2506266,0
2022-06-22 15:13:16,0,0,0.5,0,0,88.5,8,0.25,0
2022-06-22 15:13:15,0,0,1.5,3.25,0,48.75,6.5,0,0
2022-06-22 15:13:14,0,0,1.927711,5.060241,0,3.13253,3.373494,0.2409639,0
2022-06-22 15:13:13,0,0,2.163462,6.971154,0,11.538462,2.403846,0.2403846,0
2022-06-22 15:13:12,0,0,3.053435,1.78117,0,43.7659,5.852417,0.2544529,0.2544529
2022-06-22 15:13:11,0,0,0.5012531,3.508772,0,88.7218,6.265664,0.2506266,0
2022-06-22 15:13:10,0,0,2,9.25,0,79.5,8.75,0.25,0
2022-06-22 15:13:09,0,0,1,4.75,0,85.5,8.25,0.25,0
2022-06-22 15:13:08,0,0,0,0.2506266,0,92.98246,6.265664,0.5012531,0
2022-06-22 15:13:07,0,0,1.2437811,8.706468,0,83.08458,6.218905,0.4975124,0
2022-06-22 15:13:06,0,0,2.506266,8.02005,0,80.45113,7.769424,0.2506266,0
2022-06-22 15:13:05,0,0,2.777778,3.030303,0,76.26263,13.383838,0,0
2022-06-22 15:13:04,0,0,2.267003,1.2594458,0,85.64232,9.571788,0.5037783,0
2022-06-22 15:13:03,0,0,2.25,1.75,0,89.75,6.25,0,0
2022-06-22 15:13:02,0,0,0.9975062,1.2468828,0,93.51621,3.740648,0.4987531,0
2022-06-22 15:13:01,0,0,1.745636,1.745636,0,92.76808,3.740648,0,0
2022-06-22 15:13:00,0,0,0.5025126,0.2512563,0,96.73367,2.512563,0,0
2022-06-22 15:12:59,0,0,0,0.5,0,96.25,3,0.25,0
2022-06-22 15:12:58,0,0,0.9975062,0.7481297,0,95.01247,2.992519,0.2493766,0
2022-06-22 15:12:57,0,0,0.7481297,0.4987531,0,93.26683,4.987531,0.4987531,0
2022-06-22 15:12:56,0,0,0.2512563,0.5025126,0,94.97487,4.271357,0,0
2022-06-22 15:12:55,0,0,0.2487562,0,0,96.26866,3.233831,0.2487562,0
2022-06-22 15:12:54,0,0,0,0,0,94.22111,5.778894,0,0
2022-06-22 15:12:53,0,0,0.2487562,0.2487562,0,93.28358,5.970149,0.2487562,0
2022-06-22 15:12:52,0,0,0,0,0,91.72932,8.02005,0.2506266,0
2022-06-22 15:12:51,0,0,3,1.25,0,88.25,7.5,0,0
2022-06-22 15:12:50,0,0,3.007519,1.5037594,0,85.46366,9.774436,0.2506266,0
2022-06-22 15:12:49,0,0,0,0,0,94.5,5,0.5,0
2022-06-22 15:12:48,0,0,1.4962594,0.9975062,0,91.02244,6.483791,0,0
2022-06-22 15:12:47,0,0,0.25,0.25,0,92.25,6.75,0.5,0
2022-06-22 15:12:46,0,0,1.0025063,0.5012531,0,92.23058,5.764411,0.2506266,0
2022-06-22 15:12:45,0,0,0.7481297,0.4987531,0,91.27182,6.982544,0.4987531,0
2022-06-22 15:12:44,0,0,0,0,0,91.02244,8.478803,0.2493766,0
2022-06-22 15:12:43,0,0,0,0,0,83.63171,10.230179,0.2557545,0
2022-06-22 15:12:42,0,0,0,0,0,85.67839,10.552764,0.2512563,0
2022-06-22 15:12:41,0,0,0.2506266,0,0,94.73684,5.012531,0,0
2022-06-22 15:12:40,0,0,0,0.2493766,0,97.25686,2.244389,0.2493766,0
2022-06-22 15:12:39,0,0,0.4987531,0.7481297,0,96.25935,2.493766,0,0
2022-06-22 15:12:38,0,0,1,0.5,0,95,3.25,0.25,0
2022-06-22 15:12:37,0,0,1.2531328,0,0,97.24311,1.2531328,0.2506266,0
2022-06-22 15:12:36,0,0,4.987531,0.2493766,0,91.77057,2.992519,0,0
2022-06-22 15:12:35,0,0,12.686567,1.4925373,0,80.59701,4.975124,0.2487562,0
2022-06-22 15:12:34,0,0,2.756892,1.754386,0,88.97243,6.265664,0.2506266,0
2022-06-22 15:12:33,0,0,1.745636,1.995012,0,89.77556,5.985037,0.4987531,0
2022-06-22 15:12:32,0,0,1.2531328,1.0025063,0,93.98496,3.508772,0.2506266,0
2022-06-22 15:12:31,0,0,0.7481297,0.7481297,0,92.5187,5.735661,0.2493766,0
2022-06-22 15:12:30,0,0,3.740648,0.2493766,0,88.77805,6.982544,0.2493766,0
2022-06-22 15:12:29,0,0,0,0.2506266,0,92.98246,6.766917,0,0
2022-06-22 15:12:28,0,0,3.491272,2.244389,0,86.03491,7.730673,0.4987531,0
2022-06-22 15:12:27,0,0,3,2.5,0,85,9,0,0
2022-06-22 15:12:26,0,0,0,0,0,94.72362,5.025126,0,0
2022-06-22 15:12:25,0,0,1.75,0.75,0,91,6,0.5,0
2022-06-22 15:12:24,0,0,1.75,0.75,0,90.75,6.5,0.25,0
2022-06-22 15:12:23,0,0,0.4987531,0,0,90.27431,8.977556,0.2493766,0
2022-06-22 15:12:22,0,0,0,0,0,94.25,5.5,0.25,0
2022-06-22 15:12:21,0,0,0,0,0,91.9598,6.78392,0.5025126,0
2022-06-22 15:12:20,0,0,0,0.25,0,82.5,9.75,0.5,0
2022-06-22 15:12:19,0,0,0.2538071,0.7614213,0,64.2132,10.913706,0.5076142,0
2022-06-22 15:12:18,0,0,0.2512563,0,0,95.9799,3.517588,0.2512563,0
2022-06-22 15:12:17,0,0,0,0,0,97.25,2.75,0,0
2022-06-22 15:12:16,0,0,0,0,0,96.25,3.5,0.25,0
2022-06-22 15:12:15,0,0,0,0,0,97.48744,2.512563,0,0
2022-06-22 15:12:14,0,0,0.2487562,0.4975124,0,96.76617,1.99005,0.2487562,0
2022-06-22 15:12:13,0,0,0.75,1.25,0,95.25,2.5,0.25,0
2022-06-22 15:12:12,0,0,0,0,0,97.25,2.75,0,0
2022-06-22 15:12:11,0,0,0,0,0,95.25,4.5,0.25,0
2022-06-22 15:12:10,0,0,0.2506266,0.2506266,0,93.48371,6.015038,0,0
2022-06-22 15:12:09,0,0,0,0.4987531,0,92.5187,6.733167,0.2493766,0
2022-06-22 15:12:08,0,0,0.2506266,0,0,93.48371,5.764411,0.5012531,0
2022-06-22 15:12:07,0,0,0,0.2506266,0,91.72932,8.02005,0,0
2022-06-22 15:12:06,0,0,0.248139,0,0,90.32258,8.933002,0.248139,0
2022-06-22 15:12:05,0,0,0.2518892,1.0075567,0,73.29975,6.04534,0.2518892,0
2022-06-22 15:12:04,0,0,0.2493766,0.2493766,0,1.2468828,0.7481297,0.2493766,0
2022-06-22 15:12:03,0,0,0,0,0,1.2626263,1.010101,0,0
2022-06-22 15:12:02,0,0,0,0.2506266,0,1.754386,0.2506266,0.5012531,0
2022-06-22 15:12:01,0,0,0,0,0,1.0025063,0.5012531,0,0
2022-06-22 15:12:00,0,0,0,0.2531646,0,0,0.5063291,0.2531646,0
2022-06-22 15:11:59,0,0,0,0,0,1.2594458,0.7556675,0,0.2518892
2022-06-22 15:11:58,0,0,0,0,0,1.2531328,0.2506266,0.2506266,0
2022-06-22 15:11:57,0,0,0,0,0,0.2531646,0,0.2531646,0
2022-06-22 15:11:56,0,0,0.2518892,0.7556675,0,1.763224,1.0075567,0,0
2022-06-22 15:11:55,0,0,0.5012531,0,0,1.0025063,0.2506266,0.5012531,0
2022-06-22 15:11:54,0,0,0.7481297,0.2493766,0,0.7481297,0.9975062,0.2493766,3.740648
2022-06-22 15:11:53,0,0,0,0,0,1.2690355,1.0152284,0,0
2022-06-22 15:11:52,0,0,0,0.2512563,0,1.0050251,0.5025126,0.2512563,0
2022-06-22 15:11:51,0,0,0,0.25,0,0.75,0.5,0.25,0
2022-06-22 15:11:50,0,0,0,0,0,1.2562814,1.0050251,0.5025126,0
2022-06-22 15:11:49,0,0,0,0,0,1.0050251,0.2512563,0,0
2022-06-22 15:11:48,0,0,0,0,0,1,0.5,0.25,0
2022-06-22 15:11:47,0,0,0.2531646,0,0,2.025316,1.2658228,0.2531646,0
2022-06-22 15:11:46,0,0,0.5,0.5,0,1.75,0.5,0.25,0
2022-06-22 15:11:45,0,0,0,0,0,0.5037783,0.5037783,0,0
2022-06-22 15:11:44,0,0,0,0.2512563,0,1.5075377,1.0050251,0.2512563,0
2022-06-22 15:11:43,0,0,0,0,0,0.5037783,0.2518892,0.2518892,0
2022-06-22 15:11:42,0,0,0,0,0,1.2531328,1.0025063,0,0
2022-06-22 15:11:41,0,0,0,0.2512563,0,1.5075377,0.7537688,0.2512563,0
2022-06-22 15:11:40,0,0,0,0,0,0.7594937,0,0,0
2022-06-22 15:11:39,0,0,0.2512563,0.2512563,0,1.0050251,0.5025126,0.2512563,0
2022-06-22 15:11:38,0,0,0,0,0,3.282828,0.5050505,0.2525253,0
2022-06-22 15:11:37,0,0,0,0.25,0,1,0.5,0,0
2022-06-22 15:11:36,0,0,0,0,0,0.5037783,0.5037783,0,0
2022-06-22 15:11:35,0,0,0,0,0,1.5037594,1.0025063,0.5012531,0.2506266
2022-06-22 15:11:34,0,0,0,0,0,0.7556675,0.5037783,0,0
2022-06-22 15:11:33,0,0,0,0,0,1.2562814,0.5025126,0.5025126,0
2022-06-22 15:11:32,0,0,0,0,0,1.511335,1.0075567,0,0
2022-06-22 15:11:31,0,0,0.2512563,0,0,0.7537688,0.2512563,0.2512563,0
2022-06-22 15:11:30,0,0,0,0,0,0.7537688,0.5025126,0,0
2022-06-22 15:11:29,0,0,0,0.2506266,0,6.265664,2.255639,0.5012531,0.2506266
2022-06-22 15:11:28,0,0,0,0,0,0.7594937,0.5063291,0.2531646,8.607595
2022-06-22 15:11:27,0,0,0.5025126,0.2512563,0,1.0050251,1.0050251,0.2512563,15.075377
2022-06-22 15:11:26,0,0,1.2531328,1.2531328,0,22.80702,4.511278,0.2506266,0
2022-06-22 15:11:25,0,0,0,0.4987531,0,52.61845,3.491272,0.2493766,0
2022-06-22 15:11:24,0,0,0.5037783,1.0075567,0,16.372796,3.02267,0.2518892,0
2022-06-22 15:11:23,0,0,0.25,1.5,0,14.5,3,0,0
2022-06-22 15:11:22,0,0,0,3.649635,0,25.06083,2.919708,0.243309,0
2022-06-22 15:11:21,0,0,0,1.0025063,0,24.5614,3.007519,0.2506266,0
2022-06-22 15:11:20,0,0,0,1.985112,0,30.76923,2.48139,0.248139,0.248139
2022-06-22 15:11:19,0,0,0,1.728395,0,25.92593,1.975309,0,0
2022-06-22 15:11:18,0,0,0,1.4888337,0,26.05459,0.4962779,0.248139,0
2022-06-22 15:11:17,0,0,0.2444988,1.95599,0,29.33985,1.4669927,0.2444988,0
2022-06-22 15:11:16,0,0,0,2.444988,0,48.41076,0.4889976,0.2444988,0
2022-06-22 15:11:15,0,0,0.2506266,0.7518797,0,26.81704,1.0025063,0.2506266,0
2022-06-22 15:11:14,0,0,0,0.4987531,0,25.93516,2.493766,0.2493766,0
2022-06-22 15:11:13,0,0,0.2506266,0.7518797,0,28.57143,0.7518797,0,0
2022-06-22 15:11:12,0,0,0,0.4975124,0,27.11443,0.9950249,0.2487562,0
2022-06-22 15:11:11,0,0,0.2475248,1.980198,0,47.52475,1.2376238,0.2475248,0
2022-06-22 15:11:10,0,0,0.4914005,2.211302,0,29.97543,1.965602,0.2457002,0.2457002
2022-06-22 15:11:09,0,0,0.4914005,3.194103,0,25.30713,1.719902,0,0
2022-06-22 15:11:08,0,0,0.2518892,0.5037783,0,30.47859,1.763224,0.2518892,0
2022-06-22 15:11:07,0,0,0.5012531,1.0025063,0,25.56391,0.7518797,0.2506266,0
2022-06-22 15:11:06,0,0,0,2.955665,0,33.74384,0.2463054,0.2463054,0
2022-06-22 15:11:05,0,0,1.99005,2.238806,0,62.68657,3.9801,0.2487562,0
2022-06-22 15:11:04,0,0,2.244389,2.493766,0,79.30175,7.23192,0,0
2022-06-22 15:11:03,0,0,1.4962594,0.7481297,0,88.52868,6.982544,0.2493766,0
2022-06-22 15:11:02,0,0,0.7462687,0.4975124,0,82.08955,6.965174,0,0
2022-06-22 15:11:01,0,0,0.9925558,0.9925558,0,73.44913,7.19603,0,0
2022-06-22 15:11:00,0,0,0.4938272,2.222222,0,59.25926,6.17284,0.2469136,0
2022-06-22 15:10:59,0,0,0.2506266,0.5012531,0,76.94236,5.012531,0,0
2022-06-22 15:10:58,0,0,1.2345679,1.4814815,0,45.92593,7.654321,0.4938272,0.2469136
2022-06-22 15:10:57,0,0,0.4878049,3.170732,0,57.31707,9.268293,0.2439024,0
2022-06-22 15:10:56,0,0,0,1.4888337,0,75.68238,7.444169,0.248139,0
2022-06-22 15:10:55,0,0,0,0,0,73.23232,7.323232,0.2525253,0
2022-06-22 15:10:54,0,0,0,0.4987531,0,75.06234,6.483791,0.2493766,0
2022-06-22 15:10:53,0,0,0.25,0.5,0,82,6.5,0.25,0
2022-06-22 15:10:52,0,0,0,1.4851485,0,76.23762,3.465347,0,0
2022-06-22 15:10:51,0,0,0.7462687,0.4975124,0,76.1194,2.238806,0.4975124,0
2022-06-22 15:10:50,0,0,0.4938272,1.4814815,0,75.30864,3.45679,0.2469136,0
2022-06-22 15:10:49,0,0,0.9950249,0,0,76.1194,3.482587,0.4975124,0
2022-06-22 15:10:48,0,0,0.7462687,0.4975124,0,77.11443,3.482587,0.2487562,0
2022-06-22 15:10:47,0,0,0.2457002,3.194103,0,76.16708,1.719902,0.2457002,0
2022-06-22 15:10:46,0,0,2.992519,3.740648,0,89.27681,3.740648,0.2493766,0
2022-06-22 15:10:45,0,0,8.415842,0.7425743,0,74.25743,2.970297,0.2475248,7.673267
2022-06-22 15:10:44,0,0,8.25,0.75,0,87.75,3,0.25,0
2022-06-22 15:10:43,0,0,1.5,0.5,0,92.5,5,0.25,0
2022-06-22 15:10:42,0,0,1.4851485,0.7425743,0,85.14851,4.70297,0.2475248,0
2022-06-22 15:10:41,0,0,1.2531328,0.5012531,0,76.4411,3.508772,0.5012531,0
2022-06-22 15:10:40,0,0,0.4938272,1.2345679,0,77.53086,4.691358,0.2469136,0
2022-06-22 15:10:39,0,0,0,1.975309,0,76.2963,0.9876543,0.2469136,0
2022-06-22 15:10:38,0,0,0.5,0.75,0,93.75,1.5,0,0
2022-06-22 15:10:37,0,0,1.2437811,0.4975124,0,89.801,3.731343,0.2487562,0
2022-06-22 15:10:36,0,0,1.2562814,0.2512563,0,94.47236,3.768844,0.2512563,0
2022-06-22 15:10:35,0,0,1.975309,0.9876543,0,86.17284,3.950617,0.4938272,0
2022-06-22 15:10:34,0,0,1.5037594,0.7518797,0,76.69173,5.513784,0.2506266,0
2022-06-22 15:10:33,0,0,0.9925558,0.9925558,0,76.92308,3.722084,0.248139,0
2022-06-22 15:10:32,0,0,0.248139,1.2406948,0,79.40447,3.970223,0.248139,0
2022-06-22 15:10:31,0,0,0,1.995012,0,79.05237,0.7481297,0.2493766,0
2022-06-22 15:10:30,0,0,0.990099,0.2475248,0,93.56436,1.4851485,0.4950495,0
2022-06-22 15:10:29,0,0,0.9975062,0.2493766,0,83.29177,2.493766,0.4987531,0
2022-06-22 15:10:28,0,0,1.5037594,0.2506266,0,94.23559,4.010025,0,0
2022-06-22 15:10:27,0,0,2.233251,0.4962779,0,83.37469,3.970223,0.248139,0
2022-06-22 15:10:26,0,0,1.763224,0.2518892,0,93.19899,4.030227,0,0
2022-06-22 15:10:25,0,0,1.4962594,0.7481297,0,87.2818,9.226933,0.2493766,0.2493766
2022-06-22 15:10:24,0,0,1.25,0.25,0,87.75,6,0,0
2022-06-22 15:10:23,0,0,0.2506266,0,0,94.23559,3.759398,0.5012531,0
2022-06-22 15:10:22,0,0,0.25,0.25,0,90,9.5,0,0
2022-06-22 15:10:21,0,0,0.2506266,0,0,91.22807,6.265664,0.2506266,0
2022-06-22 15:10:20,0,0,0,0,0,88.19095,6.281407,0.2512563,0
2022-06-22 15:10:19,0,0,1.2690355,0.7614213,0,78.93401,8.629442,0,0
2022-06-22 15:10:18,0,0,0.7425743,1.980198,0,56.68317,8.415842,0.2475248,0
2022-06-22 15:10:17,0,0,0.486618,3.892944,0,46.71533,9.245742,0,0
2022-06-22 15:10:16,0,0,0.2457002,1.2285012,0,72.97297,7.371007,0.4914005,0
2022-06-22 15:10:15,0,0,0,2.216749,0,73.64532,8.128079,0,0
2022-06-22 15:10:14,0,0,0.248139,0.9925558,0,81.38958,7.19603,0.4962779,0
2022-06-22 15:10:13,0,0,0,0.5037783,0,78.33753,7.304786,0.2518892,0
2022-06-22 15:10:12,0,0,0.2463054,2.463054,0,78.81773,2.955665,0.4926108,0
2022-06-22 15:10:11,0,0,0,1.4814815,0,75.80247,3.209877,0.2469136,0
2022-06-22 15:10:10,0,0,0.7537688,0.7537688,0,75.12563,1.758794,0.2512563,0
2022-06-22 15:10:09,0,0,0.9876543,0.7407407,0,76.79012,4.197531,0.2469136,0
2022-06-22 15:10:08,0,0,2.962963,1.2345679,0,73.33333,3.209877,0.2469136,7.654321
2022-06-22 15:10:07,0,0,3.45679,1.975309,0,72.34568,3.703704,0.4938272,15.555556
2022-06-22 15:10:06,0,0,0.2469136,1.2345679,0,80.49383,2.716049,0.2469136,0
2022-06-22 15:10:05,0,0,0.7575758,0.2525253,0,93.43434,3.282828,0,0
2022-06-22 15:10:04,0,0,1.5,0.5,0,95,2.75,0.25,0
2022-06-22 15:10:03,0,0,1.732673,0.990099,0,82.42574,3.960396,0,0
2022-06-22 15:10:02,0,0,1.0050251,0.7537688,0,90.95477,3.517588,0.2512563,0
2022-06-22 15:10:01,0,0,1.2468828,0.2493766,0,84.53865,3.241895,0.4987531,0
2022-06-22 15:10:00,0,0,0.9950249,0.2487562,0,79.10448,4.228856,0,0
2022-06-22 15:09:59,0,0,0.4938272,1.4814815,0,73.58025,3.703704,0.4938272,0
2022-06-22 15:09:58,0,0,0.7556675,0.2518892,0,95.46599,2.267003,0.2518892,0
2022-06-22 15:09:57,0,0,0.9975062,0.4987531,0,95.51122,2.493766,0.2493766,0
2022-06-22 15:09:56,0,0,1.25,0.5,0,94,2.25,0.25,0
2022-06-22 15:09:55,0,0,1.758794,0.5025126,0,88.69347,3.768844,0.2512563,0.2512563
2022-06-22 15:09:54,0,0,1.5,0.75,0,86.25,6,0.25,0
2022-06-22 15:09:53,0,0,1.2345679,0.7407407,0,77.03704,3.703704,0.2469136,0
2022-06-22 15:09:52,0,0,0.4987531,0.4987531,0,78.05486,3.241895,0.2493766,0
2022-06-22 15:09:51,0,0,0.2475248,1.2376238,0,76.9802,3.712871,0.2475248,0
2022-06-22 15:09:50,0,0,0.5012531,0.7518797,0,92.4812,2.255639,0.2506266,0
2022-06-22 15:09:49,0,0,1.2468828,0.4987531,0,90.52369,3.241895,0.2493766,0
2022-06-22 15:09:48,0,0,1.5075377,1.0050251,0,91.45729,4.020101,0.2512563,0
2022-06-22 15:09:47,0,0,1.754386,0.5012531,0,94.98747,2.756892,0,0
2022-06-22 15:09:46,0,0,1.99005,0.4975124,0,84.82587,4.726368,0.4975124,0
2022-06-22 15:09:45,0,0,1.741294,0.2487562,0,91.04478,5.970149,0.2487562,0
2022-06-22 15:09:44,0,0,1.0025063,0.5012531,0,88.7218,5.764411,0.2506266,0
2022-06-22 15:09:43,0,0,0.9975062,0.4987531,0,88.77805,7.481297,0.2493766,0
2022-06-22 15:09:42,0,0,0,0,0,94.72362,4.522613,0.2512563,0
2022-06-22 15:09:41,0,0,0.2493766,0.2493766,0,88.02993,10.224439,0.7481297,0
2022-06-22 15:09:40,0,0,0,0.4987531,0,87.53117,6.234414,0.2493766,0
2022-06-22 15:09:39,0,0,1.2468828,0.9975062,0,69.57606,6.234414,0.2493766,0
2022-06-22 15:09:38,0,0,1.010101,1.2626263,0,64.14141,10.606061,0.2525253,0
2022-06-22 15:09:37,0,0,0.4962779,1.4888337,0,60.29777,8.188586,0.4962779,0
2022-06-22 15:09:36,0,0,0.729927,3.406326,0,70.55961,7.785888,0.243309,1.459854
2022-06-22 15:09:35,0,0,0,1.980198,0,74.0099,7.673267,0.2475248,0
2022-06-22 15:09:34,0,0,0.2475248,2.227723,0,73.51485,8.168317,0.4950495,0
2022-06-22 15:09:33,0,0,0.2487562,3.482587,0,84.32836,6.218905,0.4975124,0
2022-06-22 15:09:32,0,0,0.245098,6.372549,0,72.30392,4.656863,0,0
2022-06-22 15:09:31,0,0,0.2475248,11.138614,0,71.78218,1.4851485,0.2475248,0
2022-06-22 15:09:30,0,0,0.2398082,5.995204,0,69.06475,1.678657,0.4796163,0
2022-06-22 15:09:29,0,0,1.980198,1.980198,0,75,4.455446,0.2475248,0
2022-06-22 15:09:28,0,0,0.7481297,0.2493766,0,76.05985,6.982544,0,0
2022-06-22 15:09:27,0,0,0,2.898551,0,74.39614,2.415459,0.4830918,0
2022-06-22 15:09:26,0,0,0.7407407,1.728395,0,76.54321,0.7407407,0,1.728395
2022-06-22 15:09:25,0,0,12.280702,0.7518797,0,85.46366,1.5037594,0,0
2022-06-22 15:09:24,0,0,6.451613,0.248139,0,90.07444,2.48139,0.248139,0.248139
2022-06-22 15:09:23,0,0,1.758794,0.5025126,0,93.21608,4.271357,0.2512563,0
2022-06-22 15:09:22,0,0,1.99005,0.4975124,0,86.31841,3.731343,0,0
2022-06-22 15:09:21,0,0,1.2437811,0.4975124,0,77.61194,4.477612,0.4975124,0
2022-06-22 15:09:20,0,0,0.5,0.5,0,78.5,4.25,0.25,0
2022-06-22 15:09:19,0,0,0,2.222222,0,76.2963,1.2345679,0.2469136,0
2022-06-22 15:09:18,0,0,0.4914005,1.2285012,0,82.06388,0.982801,0.4914005,0
2022-06-22 15:09:17,0,0,0.7537688,0.7537688,0,96.23116,2.01005,0.2512563,0
2022-06-22 15:09:16,0,0,1.5,0.5,0,86.5,3,0.25,0.25
2022-06-22 15:09:15,0,0,1.754386,0.7518797,0,88.97243,4.010025,0.5012531,0
2022-06-22 15:09:14,0,0,1.736973,0.9925558,0,88.58561,5.210918,0.4962779,0
2022-06-22 15:09:13,0,0,1,0.25,0,83.25,5.5,0.25,0
2022-06-22 15:09:12,0,0,0.7518797,0.5012531,0,76.19048,1.5037594,0.2506266,0
2022-06-22 15:09:11,0,0,0,1.2437811,0,78.60697,2.487562,0.2487562,0
2022-06-22 15:09:10,0,0,0.7481297,0,0,96.7581,1.995012,0.2493766,0
2022-06-22 15:09:09,0,0,1.2468828,0.2493766,0,95.01247,2.493766,0.2493766,0
2022-06-22 15:09:08,0,0,1.4962594,0.4987531,0,75.5611,3.241895,0.4987531,0
2022-06-22 15:09:07,0,0,1.736973,0.248139,0,82.134,4.466501,0.248139,0
2022-06-22 15:09:06,0,0,1.4962594,0.2493766,0,95.01247,2.493766,0.4987531,0
2022-06-22 15:09:05,0,0,0.7556675,0.2518892,0,95.21411,3.526448,0,0
2022-06-22 15:09:04,0,0,0.9950249,0.2487562,0,90.04975,8.457711,0.2487562,0
2022-06-22 15:09:03,0,0,0.7518797,0.5012531,0,86.96742,5.513784,0.2506266,0
2022-06-22 15:09:02,0,0,0.75,0.25,0,90.75,5.5,0.25,0
2022-06-22 15:09:01,0,0,0.75,0.25,0,93,4.75,0.25,0
2022-06-22 15:09:00,0,0,0.2506266,0,0,83.20802,9.52381,0,0
2022-06-22 15:08:59,0,0,1.2315271,2.70936,0,48.52217,8.128079,0.4926108,0
2022-06-22 15:08:58,0,0,0.4987531,0.4987531,0,83.54115,7.481297,0,0
2022-06-22 15:08:57,0,0,0.2487562,0.9950249,0,74.87562,7.462687,0.4975124,0
2022-06-22 15:08:56,0,0,0.4878049,2.682927,0,48.78049,7.560976,0.2439024,0
2022-06-22 15:08:55,0,0,0,1.2468828,0,74.81297,7.98005,0.2493766,0
2022-06-22 15:08:54,0,0,0.2475248,1.4851485,0,79.9505,6.435644,0,0
2022-06-22 15:08:53,0,0,0,1.2437811,0,73.63184,6.218905,0.2487562,0
2022-06-22 15:08:52,0,0,0.2475248,1.980198,0,76.23762,3.712871,0.4950495,0
2022-06-22 15:08:51,0,0,0.2463054,2.216749,0,78.57143,2.463054,0.4926108,0
2022-06-22 15:08:50,0,0,0.9950249,0.2487562,0,74.62687,4.228856,0.2487562,0
2022-06-22 15:08:49,0,0,0.9975062,0.4987531,0,78.05486,3.740648,0.4987531,0
2022-06-22 15:08:48,0,0,4.477612,1.4925373,0,71.14428,4.975124,0.2487562,7.462687
2022-06-22 15:08:47,0,0,1.2437811,0.9950249,0,74.62687,3.233831,0.2487562,0.7462687
2022-06-22 15:08:46,0,0,0.2487562,0.7462687,0,85.8209,2.736318,0.4975124,0
2022-06-22 15:08:45,0,0,1,0.5,0,96.25,1.75,0.25,0
2022-06-22 15:08:44,0,0,1.2468828,0.4987531,0,92.01995,3.990025,0.4987531,0
2022-06-22 15:08:43,0,0,1.745636,0.4987531,0,78.30424,4.987531,0.2493766,0
2022-06-22 15:08:42,0,0,7.75,0.5,0,87.25,4,0.5,0
2022-06-22 15:08:41,0,0,0.7481297,0.2493766,0,81.79551,5.735661,0,0
2022-06-22 15:08:40,0,0,1,0,0,79.25,1.5,0.25,0
2022-06-22 15:08:39,0,0,0.9950249,0.4975124,0,88.30846,2.736318,0.4975124,0
2022-06-22 15:08:38,0,0,0.7518797,0.5012531,0,87.7193,2.506266,0,0
2022-06-22 15:08:37,0,0,1.25,0.25,0,92.5,3,0.25,0
2022-06-22 15:08:36,0,0,1.4888337,0.4962779,0,87.59305,3.473945,0.248139,0
2022-06-22 15:08:35,0,0,1,0.5,0,84,3.25,0.5,0
2022-06-22 15:08:34,0,0,1.25,0.5,0,90.75,3.25,0.25,0
2022-06-22 15:08:33,0,0,0.9950249,0.4975124,0,77.8607,2.985075,0.4975124,0.2487562
2022-06-22 15:08:32,0,0,0.7481297,0.2493766,0,83.79052,3.491272,0.2493766,0
2022-06-22 15:08:31,0,0,0.75,0.25,0,94.25,2.5,0.25,0
2022-06-22 15:08:30,0,0,0.7518797,0.7518797,0,78.94737,1.754386,0,0
2022-06-22 15:08:29,0,0,1.25,0.25,0,95.25,2.75,0.25,0
2022-06-22 15:08:28,0,0,1.4962594,0.4987531,0,80.54863,3.491272,0.2493766,0
2022-06-22 15:08:27,0,0,1.25,0.25,0,95.25,3,0,0
2022-06-22 15:08:26,0,0,1.2468828,0.7481297,0,90.02494,7.23192,0.4987531,0
2022-06-22 15:08:25,0,0,1.4962594,1.2468828,0,86.03491,4.488778,0,0
2022-06-22 15:08:24,0,0,0.7594937,0,0,92.91139,4.810127,0,0
2022-06-22 15:08:23,0,0,0.9950249,0.2487562,0,89.55224,6.716418,0.4975124,0
2022-06-22 15:08:22,0,0,0.5012531,0.2506266,0,89.22306,5.513784,0.2506266,0
2022-06-22 15:08:21,0,0,1.2594458,0.7556675,0,84.88665,8.564232,0,0
2022-06-22 15:08:20,0,0,0.25,0.75,0,81.5,8,0.5,0
2022-06-22 15:08:19,0,0,0.9975062,1.4962594,0,75.31172,6.234414,0,0
2022-06-22 15:08:18,0,0,0.7462687,0.4975124,0,78.35821,9.950249,0.4975124,0
2022-06-22 15:08:17,0,0,0.2475248,1.732673,0,60.89109,8.910891,0.7425743,0
2022-06-22 15:08:16,0,0,0,2.444988,0,77.26161,5.867971,0.2444988,0
2022-06-22 15:08:15,0,0,0,2.444988,0,72.86064,7.090465,0.2444988,0
2022-06-22 15:08:14,0,0,0,2.211302,0,80.58968,5.896806,0.4914005,0
2022-06-22 15:08:13,0,0,0.2487562,1.2437811,0,78.60697,6.218905,0.2487562,0
2022-06-22 15:08:12,0,0,0.9975062,0.7481297,0,79.55112,4.987531,0.2493766,0
2022-06-22 15:08:11,0,0,2.506266,1.754386,0,73.93484,3.508772,0.2506266,7.769424
2022-06-22 15:08:10,0,0,0.4950495,1.980198,0,74.0099,1.2376238,0.2475248,3.465347
2022-06-22 15:08:09,0,0,0.9950249,1.99005,0,72.63682,2.985075,0.2487562,0
2022-06-22 15:08:08,0,0,0.9925558,1.2406948,0,77.66749,4.71464,0.248139,0
2022-06-22 15:08:07,0,0,0.5012531,0.2506266,0,94.73684,2.756892,0,0
2022-06-22 15:08:06,0,0,1,0,0,77,3,0,0
2022-06-22 15:08:05,0,0,4.938272,0.9876543,0,80.74074,2.962963,0.4938272,2.716049
2022-06-22 15:08:04,0,0,1.2594458,0.2518892,0,94.96222,3.526448,0,0
2022-06-22 15:08:03,0,0,1.4925373,0.7462687,0,86.56716,5.223881,0.4975124,0
2022-06-22 15:08:02,0,0,1.745636,0.4987531,0,75.06234,4.488778,0.2493766,0
2022-06-22 15:08:01,0,0,0.4962779,0.9925558,0,74.68983,3.722084,0.248139,0
2022-06-22 15:08:00,0,0,0.5037783,0,0,92.69521,3.02267,0.2518892,0
2022-06-22 15:07:59,0,0,0.75,0.25,0,89.5,2,0,0
2022-06-22 15:07:58,0,0,1.2376238,1.2376238,0,79.70297,2.227723,0.2475248,0
2022-06-22 15:07:57,0,0,1.741294,0.2487562,0,94.77612,2.985075,0.2487562,0
2022-06-22 15:07:56,0,0,2.005013,1.0025063,0,85.21303,4.761905,0.2506266,0
2022-06-22 15:07:55,0,0,1.4962594,0.7481297,0,78.30424,4.488778,0.2493766,0
2022-06-22 15:07:54,0,0,0.9975062,0.2493766,0,78.30424,3.990025,0,0
2022-06-22 15:07:53,0,0,0,0.5,0,81.25,2,0.5,0
2022-06-22 15:07:52,0,0,0.5,0.75,0,90.25,1.5,0,0
2022-06-22 15:07:51,0,0,0.9876543,0.4938272,0,85.18519,2.222222,0.4938272,0
2022-06-22 15:07:50,0,0,1.5075377,0.2512563,0,94.72362,3.266332,0,0
2022-06-22 15:07:49,0,0,1.754386,0,0,93.23308,3.508772,0.2506266,0
2022-06-22 15:07:48,0,0,2,0.5,0,84,3.5,0.25,0
2022-06-22 15:07:47,0,0,1.5037594,0.5012531,0,86.46617,6.766917,0.2506266,0
2022-06-22 15:07:46,0,0,1.5037594,0.5012531,0,90.47619,6.516291,0,0
2022-06-22 15:07:45,0,0,0.9876543,0.4938272,0,90.12346,6.419753,0.2469136,0
2022-06-22 15:07:44,0,0,0.2512563,0,0,92.96482,5.778894,0.2512563,0
2022-06-22 15:07:43,0,0,0,0.25,0,91.25,8,0.25,0
2022-06-22 15:07:42,0,0,0.25,0,0,86.75,6.75,0.25,0
2022-06-22 15:07:41,0,0,1.0152284,0.7614213,0,78.93401,9.137056,0.2538071,0
2022-06-22 15:07:40,0,0,1.5,1.5,0,68.75,9.5,0.5,0
2022-06-22 15:07:39,0,0,0.4975124,1.741294,0,59.95025,9.701493,0.2487562,0.2487562
2022-06-22 15:07:38,0,0,0,1.980198,0,72.52475,7.920792,0.4950495,0
2022-06-22 15:07:37,0,0,0,2.463054,0,72.41379,7.635468,0.4926108,0
2022-06-22 15:07:36,0,0,0,1.2468828,0,76.5586,7.23192,0.2493766,0
2022-06-22 15:07:35,0,0,0,0.5025126,0,79.14573,6.78392,0.5025126,0
2022-06-22 15:07:34,0,0,0.2457002,1.965602,0,78.86978,2.211302,0.4914005,0
2022-06-22 15:07:33,0,0,0,1.975309,0,72.59259,2.716049,0.2469136,0
2022-06-22 15:07:32,0,0,0.7444169,0.4962779,0,75.93052,3.473945,0.248139,0
2022-06-22 15:07:31,0,0,0.75,0.5,0,76.25,4,0.25,0
2022-06-22 15:07:30,0,0,0.2469136,1.4814815,0,75.30864,3.209877,0.4938272,0
2022-06-22 15:07:29,0,0,1.4851485,1.4851485,0,73.26733,1.980198,0.2475248,10.891089
2022-06-22 15:07:28,0,0,7.654321,1.2345679,0,75.06173,2.962963,0.4938272,11.604938
2022-06-22 15:07:27,0,0,5.75,0.5,0,87,3.75,0.25,0
2022-06-22 15:07:26,0,0,1.2468828,0.7481297,0,91.02244,4.738155,0.2493766,0
2022-06-22 15:07:25,0,0,1.4925373,0.2487562,0,75.87065,3.482587,0.2487562,0
2022-06-22 15:07:24,0,0,0.75,0.5,0,79.25,2.25,0.25,0
2022-06-22 15:07:23,0,0,0.4987531,0.9975062,0,88.2793,2.743142,0.2493766,0
2022-06-22 15:07:22,0,0,0.75,0,0,91.25,1.75,0.25,0
2022-06-22 15:07:21,0,0,0.9975062,0.7481297,0,79.05237,1.995012,0.2493766,0
2022-06-22 15:07:20,0,0,1.2594458,0.5037783,0,95.21411,3.02267,0,0
2022-06-22 15:07:19,0,0,1.2345679,0.7407407,0,88.14815,3.950617,0.2469136,0.2469136
2022-06-22 15:07:18,0,0,1.4888337,0.4962779,0,87.59305,2.977667,0.248139,0
2022-06-22 15:07:17,0,0,1.0075567,0.2518892,0,76.07053,3.02267,0.2518892,0
2022-06-22 15:07:16,0,0,1.2468828,0.4987531,0,92.5187,3.491272,0,0
2022-06-22 15:07:15,0,0,0.7481297,0.2493766,0,90.52369,2.493766,0.2493766,0
2022-06-22 15:07:14,0,0,0.75,0.25,0,77.25,2.25,0.25,0
2022-06-22 15:07:13,0,0,1,0.25,0,88.25,1.75,0.5,0
2022-06-22 15:07:12,0,0,0.9975062,0.2493766,0,90.77307,3.491272,0.2493766,0
2022-06-22 15:07:11,0,0,1.2468828,0.7481297,0,91.5212,2.493766,0.2493766,0
2022-06-22 15:07:10,0,0,1.2531328,0,0,86.96742,3.759398,0,0
2022-06-22 15:07:09,0,0,1.745636,0.4987531,0,80.798,3.241895,0,0
2022-06-22 15:07:08,0,0,1.0025063,0.5012531,0,89.22306,5.513784,0.2506266,0
2022-06-22 15:07:07,0,0,1.0025063,0.2506266,0,91.4787,7.017544,0.2506266,0
2022-06-22 15:07:06,0,0,0.9975062,0.4987531,0,89.52618,6.483791,0,0
2022-06-22 15:07:05,0,0,1.0050251,0,0,90.95477,7.035176,0.2512563,0
2022-06-22 15:07:04,0,0,0.7462687,0.4975124,0,90.29851,5.472637,0,0
2022-06-22 15:07:03,0,0,0.7556675,0.7556675,0,87.15365,6.04534,0,0
2022-06-22 15:07:02,0,0,1.2437811,0.9950249,0,87.56219,6.467662,0.2487562,0
2022-06-22 15:07:01,0,0,0.4987531,0.7481297,0,71.57107,9.476309,0.2493766,0
2022-06-22 15:07:00,0,0,0.75,1,0,78.25,7.5,0,0
2022-06-22 15:06:59,0,0,0,0.7462687,0,83.33333,8.208955,0.4975124,0
2022-06-22 15:06:58,0,0,0.982801,1.2285012,0,54.79115,7.616708,0,0
2022-06-22 15:06:57,0,0,0.248139,1.4888337,0,65.01241,8.933002,0,0
2022-06-22 15:06:56,0,0,0,0.990099,0,74.0099,6.683168,0.4950495,0
2022-06-22 15:06:55,0,0,0,2.689487,0,76.52812,3.91198,0,0.2444988
2022-06-22 15:06:54,0,0,0.2469136,1.728395,0,77.77778,3.45679,0.2469136,0
2022-06-22 15:06:53,0,0,0,1.4925373,0,76.86567,3.731343,0.2487562,0
2022-06-22 15:06:52,0,0,0.2463054,1.4778325,0,79.55665,2.70936,0,0
2022-06-22 15:06:51,0,0,6.313131,1.5151515,0,72.22222,3.030303,0.2525253,13.383838
2022-06-22 15:06:50,0,0,1.2376238,1.2376238,0,75.9901,2.475248,0.2475248,0.2475248
2022-06-22 15:06:49,0,0,0.4975124,0.4975124,0,77.61194,2.736318,0.4975124,0
2022-06-22 15:06:48,0,0,1.0025063,0.5012531,0,76.94236,2.506266,0.2506266,0
2022-06-22 15:06:47,0,0,0.9950249,0.2487562,0,77.11443,4.228856,0.2487562,0
2022-06-22 15:06:46,0,0,1.0075567,0.2518892,0,94.45844,2.015113,0.2518892,0
2022-06-22 15:06:45,0,0,2.475248,0.2475248,0,81.43564,2.722772,0.2475248,0.990099
2022-06-22 15:06:44,0,0,0.7537688,0.5025126,0,79.14573,1.758794,0,0
2022-06-22 15:06:43,0,0,1.4851485,0.7425743,0,92.57426,3.217822,0.4950495,0
2022-06-22 15:06:42,0,0,0.7481297,0.4987531,0,80.04988,2.743142,0,0
2022-06-22 15:06:41,0,0,1.2437811,0.7462687,0,95.52239,1.99005,0.4975124,0
2022-06-22 15:06:40,0,0,1.0050251,0.2512563,0,80.40201,3.517588,0.2512563,0
2022-06-22 15:06:39,0,0,0.7518797,0,0,81.70426,2.005013,0.2506266,0
2022-06-22 15:06:38,0,0,1,0,0,95.5,3.25,0,0
2022-06-22 15:06:37,0,0,0.7481297,0.9975062,0,86.28429,1.995012,0.4987531,0
2022-06-22 15:06:36,0,0,1.2531328,0.2506266,0,94.98747,3.007519,0.2506266,0
2022-06-22 15:06:35,0,0,0.9925558,0.4962779,0,79.15633,1.985112,0.248139,0.248139
2022-06-22 15:06:34,0,0,0.7537688,0.5025126,0,88.19095,2.261307,0.2512563,0
2022-06-22 15:06:33,0,0,1.2594458,0.5037783,0,93.45088,3.02267,0.2518892,0
2022-06-22 15:06:32,0,0,0.4926108,0.9852217,0,78.07882,2.216749,0.2463054,0
2022-06-22 15:06:31,0,0,0.7481297,0.2493766,0,81.04738,2.493766,0.2493766,0
2022-06-22 15:06:30,0,0,0.9975062,0.4987531,0,93.76559,4.239401,0.2493766,0
2022-06-22 15:06:29,0,0,1.0075567,0,0,95.46599,3.274559,0.2518892,0
2022-06-22 15:06:28,0,0,1.2468828,0.4987531,0,82.79302,3.241895,0,0
2022-06-22 15:06:27,0,0,1.2531328,0.5012531,0,77.19298,3.759398,0,0
2022-06-22 15:06:26,0,0,1.2468828,0.7481297,0,93.51621,3.740648,0.4987531,0
2022-06-22 15:06:25,0,0,1.2468828,0.2493766,0,91.02244,6.982544,0.2493766,0
2022-06-22 15:06:24,0,0,1.0050251,0.5025126,0,91.20603,3.266332,0,0
2022-06-22 15:06:23,0,0,1,0.25,0,92.5,6,0.25,0
2022-06-22 15:06:22,0,0,0.7425743,0.4950495,0,87.62376,6.683168,0.2475248,0
2022-06-22 15:06:21,0,0,0.5012531,0.2506266,0,91.97995,5.764411,0.2506266,0
2022-06-22 15:06:20,0,0,0.5050505,0.5050505,0,88.38384,8.585859,0,0
2022-06-22 15:06:19,0,0,0.2493766,0,0,91.5212,4.738155,0.2493766,0
2022-06-22 15:06:18,0,0,0.2518892,0.7556675,0,77.07809,4.785894,0.2518892,0
2022-06-22 15:06:17,0,0,0.5037783,0.2518892,0,80.85642,6.549118,0.2518892,0
2022-06-22 15:06:16,0,0,0.248139,2.48139,0,58.80893,4.466501,0.248139,0
2022-06-22 15:06:15,0,0,0.4987531,0.9975062,0,70.32419,3.990025,0.2493766,0
2022-06-22 15:06:14,0,0,0.7537688,0.5025126,0,76.63317,2.261307,0.2512563,0
2022-06-22 15:06:13,0,0,0.75,0.25,0,78.75,2.75,0.25,0
2022-06-22 15:06:12,0,0,0.7518797,1.0025063,0,76.19048,3.007519,0.2506266,0
2022-06-22 15:06:11,0,0,0.7481297,0.2493766,0,79.05237,2.493766,0.2493766,0
2022-06-22 15:06:10,0,0,0.7462687,0.2487562,0,81.8408,3.233831,0.4975124,0.2487562
2022-06-22 15:06:09,0,0,0.7462687,0,0,77.8607,3.233831,0.4975124,0
2022-06-22 15:06:08,0,0,0.7537688,0.5025126,0,75.62814,2.512563,0,0
2022-06-22 15:06:07,0,0,0.7462687,0.4975124,0,77.8607,3.233831,0.2487562,0
2022-06-22 15:06:06,0,0,0.7518797,0.7518797,0,76.4411,2.756892,0.2506266,0
2022-06-22 15:06:05,0,0,0.5037783,0.7556675,0,76.57431,2.770781,0,0
2022-06-22 15:06:04,0,0,0.9950249,0.2487562,0,76.36816,2.736318,0.2487562,0
2022-06-22 15:06:03,0,0,0.5012531,0.5012531,0,78.94737,3.007519,0.2506266,0
2022-06-22 15:06:02,0,0,0.7518797,0.2506266,0,83.20802,4.260652,0.5012531,0
2022-06-22 15:06:01,0,0,0.7462687,0.7462687,0,88.0597,5.223881,0.2487562,0
2022-06-22 15:06:00,0,0,0.25,0,0,93,6.25,0,0
2022-06-22 15:05:59,0,0,0.5037783,0.7556675,0,90.17632,6.297229,0.7556675,0
2022-06-22 15:05:58,0,0,0.7481297,0.7481297,0,91.27182,5.735661,0.4987531,0
2022-06-22 15:05:57,0,0,0,0,0,95.71788,4.030227,0.2518892,0
2022-06-22 15:05:56,0,0,0.25,0.25,0,92.75,6.5,0,0
2022-06-22 15:05:55,0,0,0.2487562,0.2487562,0,89.55224,7.462687,0.4975124,0
2022-06-22 15:05:54,0,0,0,1.2531328,0,68.17043,8.521303,0,0
2022-06-22 15:05:53,0,0,0.4975124,0.7462687,0,83.58209,6.467662,0.7462687,0
2022-06-22 15:05:52,0,0,0.7537688,0.7537688,0,80.90452,4.271357,0.5025126,0
2022-06-22 15:05:51,0,0,0.7537688,0.2512563,0,87.43719,4.020101,0.2512563,0
2022-06-22 15:05:50,0,0,0.9975062,0.4987531,0,95.51122,2.743142,0.2493766,0
2022-06-22 15:05:49,0,0,1.0025063,0.7518797,0,96.49123,1.0025063,0.5012531,0
2022-06-22 15:05:48,0,0,1.25,0.25,0,94.75,3.5,0.25,0
2022-06-22 15:05:47,0,0,1,0.5,0,95.25,3.25,0,0
2022-06-22 15:05:46,0,0,1.0025063,0.7518797,0,94.73684,3.007519,0.2506266,0
2022-06-22 15:05:45,0,0,0.9975062,0.2493766,0,95.7606,2.493766,0.2493766,0
2022-06-22 15:05:44,0,0,1.0025063,1.0025063,0,94.23559,3.258145,0.2506266,0
2022-06-22 15:05:43,0,0,1,0.5,0,95.5,2.75,0.25,0
2022-06-22 15:05:42,0,0,1.0025063,0.5012531,0,94.73684,3.007519,0.2506266,0
2022-06-22 15:05:41,0,0,0.9975062,0.2493766,0,95.01247,3.241895,0.2493766,0
2022-06-22 15:05:40,0,0,0.9975062,0.7481297,0,95.51122,2.493766,0.2493766,0
2022-06-22 15:05:39,0,0,1.0025063,0.7518797,0,95.48872,2.756892,0,0
2022-06-22 15:05:38,0,0,1.0050251,0.2512563,0,94.97487,3.517588,0.2512563,0
2022-06-22 15:05:37,0,0,1.2468828,0.4987531,0,94.51372,3.491272,0.2493766,0
2022-06-22 15:05:36,0,0,0.9975062,0.7481297,0,95.7606,2.244389,0.2493766,0
2022-06-22 15:05:35,0,0,1,0.25,0,94.25,4,0.25,0
2022-06-22 15:05:34,0,0,0.7518797,0.2506266,0,95.48872,3.508772,0,0
2022-06-22 15:05:33,0,0,1,0.75,0,88.5,8.5,0,0
2022-06-22 15:05:32,0,0,0.9950249,0.4975124,0,93.78109,4.228856,0.4975124,0
2022-06-22 15:05:31,0,0,0.5012531,0.2506266,0,94.48622,4.761905,0,0
2022-06-22 15:05:30,0,0,0.2493766,0,0,96.50873,3.241895,0,0
2022-06-22 15:05:29,0,0,0.2512563,0,0,88.94472,10.80402,0,0
2022-06-22 15:05:28,0,0,0,0,0,90.5,9,0.5,0
2022-06-22 15:05:27,0,0,0.2506266,0.2506266,0,91.97995,6.516291,0.2506266,0
2022-06-22 15:05:26,0,0,0,0.25,0,93.25,5.75,0.25,0
2022-06-22 15:05:25,0,0,0.2512563,0.2512563,0,89.44724,6.532663,0.2512563,0
2022-06-22 15:05:24,0,0,0.2506266,0,0,91.97995,6.766917,0.2506266,0
2022-06-22 15:05:23,0,0,0.2487562,1.741294,0,53.48259,7.21393,0.4975124,0
2022-06-22 15:05:22,0,0,0.2487562,1.99005,0,74.12935,5.472637,0.2487562,0
2022-06-22 15:05:21,0,0,0.9975062,0.4987531,0,95.26185,2.992519,0.2493766,0
2022-06-22 15:05:20,0,0,1.0025063,0.5012531,0,95.73935,2.255639,0.2506266,0
2022-06-22 15:05:19,0,0,0.9975062,0.7481297,0,95.7606,2.244389,0.2493766,0
2022-06-22 15:05:18,0,0,1,0.75,0,95,3,0.25,0
2022-06-22 15:05:17,0,0,1.0025063,0,0,95.73935,3.258145,0,0
2022-06-22 15:05:16,0,0,0.9950249,0.4975124,0,94.77612,3.482587,0.2487562,0
2022-06-22 15:05:15,0,0,1.0075567,0.2518892,0,96.22166,2.267003,0.2518892,0
2022-06-22 15:05:14,0,0,0.9950249,0.4975124,0,94.52736,3.482587,0.2487562,0
2022-06-22 15:05:13,0,0,1.0050251,0.5025126,0,93.71859,4.271357,0.2512563,0
2022-06-22 15:05:12,0,0,0.9975062,0.4987531,0,94.76309,2.992519,0.2493766,0
2022-06-22 15:05:11,0,0,1.25,0.25,0,95,2.75,0.25,0
2022-06-22 15:05:10,0,0,1.0050251,0.5025126,0,94.22111,3.768844,0.2512563,0
2022-06-22 15:05:09,0,0,0.9975062,0.9975062,0,94.01496,3.740648,0.2493766,0
2022-06-22 15:05:08,0,0,1.4962594,0.4987531,0,95.01247,2.743142,0,0
2022-06-22 15:05:07,0,0,1.0025063,0.7518797,0,94.98747,3.007519,0.2506266,0
2022-06-22 15:05:06,0,0,1,0.75,0,94.25,4,0,0
2022-06-22 15:05:05,0,0,1,0.25,0,96,2.75,0,0
2022-06-22 15:05:04,0,0,0.9950249,0.4975124,0,94.02985,3.731343,0.2487562,0
2022-06-22 15:05:03,0,0,0.7537688,1.0050251,0,93.46734,4.773869,0,0
2022-06-22 15:05:02,0,0,0.7481297,0.2493766,0,94.76309,3.990025,0.2493766,0
2022-06-22 15:05:01,0,0,0.5012531,0.5012531,0,91.97995,6.766917,0.2506266,0
2022-06-22 15:05:00,0,0,0.4987531,0.2493766,0,93.01746,5.985037,0.2493766,0
2022-06-22 15:04:59,0,0,0.2506266,0.2506266,0,93.48371,5.764411,0.2506266,0
2022-06-22 15:04:58,0,0,0.5,0,0,93.75,5.25,0.5,0
2022-06-22 15:04:57,0,0,0.2493766,0,0,93.76559,4.987531,0.4987531,0
2022-06-22 15:04:56,0,0,0.2506266,0.5012531,0,92.98246,6.015038,0,0
2022-06-22 15:04:55,0,0,0,0,0,92.73183,6.516291,0.5012531,0
2022-06-22 15:04:54,0,0,0.2512563,0.2512563,0,90.70352,7.035176,0,0
2022-06-22 15:04:53,0,0,0,0,0,83.92857,9.438776,0.5102041,0
2022-06-22 15:04:52,0,0,0.5012531,0.5012531,0,88.97243,7.017544,0.2506266,0
2022-06-22 15:04:51,0,0,1.0075567,0.2518892,0,88.66499,7.052897,0,0
2022-06-22 15:04:50,0,0,0.7481297,0.7481297,0,94.76309,3.241895,0.2493766,0
2022-06-22 15:04:49,0,0,1.2437811,0.7462687,0,95.27363,2.487562,0.2487562,0
2022-06-22 15:04:48,0,0,1.0050251,0.2512563,0,94.97487,3.517588,0.2512563,0
2022-06-22 15:04:47,0,0,0.9975062,0.2493766,0,95.26185,3.241895,0.2493766,0
2022-06-22 15:04:46,0,0,1.0025063,0.7518797,0,95.2381,2.756892,0.2506266,0
2022-06-22 15:04:45,0,0,0.9975062,0.2493766,0,96.00998,2.743142,0,0
2022-06-22 15:04:44,0,0,1.0025063,0.5012531,0,96.2406,1.754386,0.5012531,0
2022-06-22 15:04:43,0,0,0.9950249,0.4975124,0,95.52239,2.487562,0.2487562,0
2022-06-22 15:04:42,0,0,1.2562814,0.2512563,0,94.22111,4.020101,0.2512563,0
2022-06-22 15:04:41,0,0,1.2437811,0.4975124,0,96.0199,1.99005,0.2487562,0
2022-06-22 15:04:40,0,0,1.0050251,0.5025126,0,94.97487,2.763819,0.5025126,0
2022-06-22 15:04:39,0,0,1,0.5,0,95,3.25,0.25,0
2022-06-22 15:04:38,0,0,0.9975062,0.7481297,0,94.01496,3.491272,0.4987531,0
2022-06-22 15:04:37,0,0,1.2594458,0.5037783,0,95.21411,3.02267,0,0
2022-06-22 15:04:36,0,0,0.9975062,0.4987531,0,95.01247,3.241895,0.2493766,0
2022-06-22 15:04:35,0,0,1,0,0,95.5,3.25,0.25,0
2022-06-22 15:04:34,0,0,1.0025063,1.0025063,0,93.98496,3.759398,0,0
2022-06-22 15:04:33,0,0,1,0.75,0,95.25,2.75,0.25,0
2022-06-22 15:04:32,0,0,0.9925558,0.7444169,0,94.04467,3.722084,0.4962779,0
2022-06-22 15:04:31,0,0,1.0025063,0.7518797,0,94.23559,3.508772,0.2506266,0
2022-06-22 15:04:30,0,0,1.0050251,0.5025126,0,94.97487,3.517588,0,0
2022-06-22 15:04:29,0,0,0.9950249,1.741294,0,92.78607,4.228856,0.2487562,0
2022-06-22 15:04:28,0,0,1.0025063,0.5012531,0,93.73434,4.010025,0.5012531,0
2022-06-22 15:04:27,0,0,0.7518797,0,0,95.2381,4.010025,0,0
2022-06-22 15:04:26,0,0,0.5012531,0.7518797,0,94.23559,4.260652,0.2506266,0
2022-06-22 15:04:25,0,0,0.5,0,0,88.75,10.5,0.25,0
2022-06-22 15:04:24,0,0,0.2493766,0.2493766,0,93.76559,5.486284,0.2493766,0
2022-06-22 15:04:23,0,0,0.5012531,0,0,91.22807,7.769424,0.2506266,0
2022-06-22 15:04:22,0,0,0.248139,0.248139,0,94.04467,4.71464,0.4962779,0
2022-06-22 15:04:21,0,0,0.25,0,0,94.25,5.5,0,0
2022-06-22 15:04:20,0,0,0,0,0,93.46734,6.030151,0.5025126,0
2022-06-22 15:04:19,0,0,0.2506266,0,0,88.22055,11.278195,0.2506266,0
2022-06-22 15:04:18,0,0,0,0,0,93.25,6,0.5,0
2022-06-22 15:04:17,0,0,0.248139,0,0,86.10422,9.925558,0.248139,0
2022-06-22 15:04:16,0,0,0.2506266,0.2506266,0,93.98496,4.511278,0.2506266,0
2022-06-22 15:04:15,0,0,0.7537688,0.2512563,0,92.96482,5.527638,0,0
2022-06-22 15:04:14,0,0,0.75,0,0,93.25,5.75,0,0
2022-06-22 15:04:13,0,0,1.0050251,0.2512563,0,87.43719,6.030151,0.5025126,0
2022-06-22 15:04:12,0,0,1.0025063,0.5012531,0,94.48622,3.508772,0.2506266,0
2022-06-22 15:04:11,0,0,1,0.5,0,95.25,3,0.25,0
2022-06-22 15:04:10,0,0,1.0025063,1.0025063,0,94.73684,3.007519,0.2506266,0
2022-06-22 15:04:09,0,0,0.9950249,0.9950249,0,94.27861,3.233831,0.4975124,0
2022-06-22 15:04:08,0,0,1.0025063,0.2506266,0,96.49123,2.005013,0.2506266,0
2022-06-22 15:04:07,0,0,0.9975062,0.4987531,0,94.26434,3.491272,0.7481297,0
2022-06-22 15:04:06,0,0,1.0025063,0.5012531,0,95.2381,3.007519,0.2506266,0
2022-06-22 15:04:05,0,0,1.2437811,0.4975124,0,94.02985,3.9801,0.2487562,0
2022-06-22 15:04:04,0,0,0.7518797,0.7518797,0,95.48872,3.007519,0,0
2022-06-22 15:04:03,0,0,1.0075567,0.7556675,0,95.21411,2.770781,0.2518892,0
2022-06-22 15:04:02,0,0,0.9975062,0.4987531,0,94.26434,3.990025,0.2493766,0
2022-06-22 15:04:01,0,0,3,0.5,0,91,5,0.25,0
2022-06-22 15:04:00,0,0,7.960199,1.2437811,0,87.06468,3.233831,0.2487562,0.2487562
2022-06-22 15:03:59,0,0,1.25,1,0,93.75,3.75,0.25,0
2022-06-22 15:03:58,0,0,1.25,0.5,0,94,4,0.25,0
2022-06-22 15:03:57,0,0,0.9950249,0.4975124,0,94.27861,3.731343,0.2487562,0
2022-06-22 15:03:56,0,0,1.0050251,0.7537688,0,94.97487,3.015075,0.2512563,0
2022-06-22 15:03:55,0,0,1.0025063,0.2506266,0,95.2381,3.258145,0.2506266,0
2022-06-22 15:03:54,0,0,0.9925558,0.7444169,0,94.04467,3.225806,0.9925558,0
2022-06-22 15:03:53,0,0,1.0050251,0.5025126,0,93.96985,4.271357,0.2512563,0
2022-06-22 15:03:52,0,0,0.75,0,0,95.75,3.5,0,0
2022-06-22 15:03:51,0,0,1,0.25,0,93.75,4.5,0.5,0
2022-06-22 15:03:50,0,0,0.75,0.5,0,93.75,4.75,0,0
2022-06-22 15:03:49,0,0,0.5,0.25,0,94.75,4.25,0.25,0
2022-06-22 15:03:48,0,0,0.7518797,0.2506266,0,93.48371,5.263158,0.2506266,0
2022-06-22 15:03:47,0,0,0.4975124,0.2487562,0,94.27861,4.477612,0.2487562,0
2022-06-22 15:03:46,0,0,0.5012531,0.2506266,0,94.48622,4.511278,0.2506266,0
2022-06-22 15:03:45,0,0,0,0.25,0,92.25,6.75,0.5,0
2022-06-22 15:03:44,0,0,0.5012531,0,0,91.97995,7.26817,0.2506266,0
2022-06-22 15:03:43,0,0,0.5025126,0.5025126,0,92.46231,6.030151,0.2512563,0
2022-06-22 15:03:42,0,0,0,0,0,92.25,7.5,0.25,0
2022-06-22 15:03:41,0,0,0,0,0,94.27861,5.223881,0.2487562,0
2022-06-22 15:03:40,0,0,2.005013,0,0,91.72932,6.015038,0.2506266,0
2022-06-22 15:03:39,0,0,0.75,0,0,92.25,6.5,0.25,0
2022-06-22 15:03:38,0,0,0,0,0,92.73183,6.766917,0.5012531,0
2022-06-22 15:03:37,0,0,0.2512563,0.2512563,0,89.44724,8.79397,0.2512563,0
2022-06-22 15:03:36,0,0,0.5037783,0.2518892,0,84.13098,9.571788,0,0
2022-06-22 15:03:35,0,0,0.7462687,0.4975124,0,92.53731,5.472637,0.2487562,0
2022-06-22 15:03:34,0,0,0.7537688,0,0,94.72362,4.271357,0.2512563,0
2022-06-22 15:03:33,0,0,0.7462687,0.4975124,0,93.28358,4.975124,0.4975124,0
2022-06-22 15:03:32,0,0,1.0025063,0.5012531,0,94.48622,4.010025,0,0
2022-06-22 15:03:31,0,0,0.7518797,0.2506266,0,95.48872,3.258145,0.2506266,0
2022-06-22 15:03:30,0,0,1.0025063,0.2506266,0,94.98747,3.759398,0,0
2022-06-22 15:03:29,0,0,0.75,1,0,94.75,3,0.5,0
2022-06-22 15:03:28,0,0,1,0,0,96,2.5,0.5,0
2022-06-22 15:03:27,0,0,0.7462687,0.4975124,0,94.52736,3.731343,0.4975124,0
2022-06-22 15:03:26,0,0,0.75,0.25,0,96.75,2,0.25,0
2022-06-22 15:03:25,0,0,1.0025063,0.5012531,0,96.2406,2.005013,0.2506266,0
2022-06-22 15:03:24,0,0,0.7481297,0.7481297,0,95.26185,3.241895,0,0
2022-06-22 15:03:23,0,0,1.0025063,0.5012531,0,95.48872,2.255639,0.7518797,0
2022-06-22 15:03:22,0,0,0.7537688,0.5025126,0,95.9799,2.763819,0,0
2022-06-22 15:03:21,0,0,0.9975062,0.7481297,0,95.26185,2.992519,0,0
2022-06-22 15:03:20,0,0,0.7462687,0.7462687,0,94.27861,3.9801,0.2487562,0
2022-06-22 15:03:19,0,0,3.25,0.5,0,93.75,2.25,0.25,0
2022-06-22 15:03:18,0,0,1.2531328,0.2506266,0,95.2381,3.007519,0.2506266,0
2022-06-22 15:03:17,0,0,1.2531328,0.5012531,0,93.73434,4.260652,0.2506266,0
2022-06-22 15:03:16,0,0,1.2437811,0.9950249,0,94.02985,3.731343,0,0
2022-06-22 15:03:15,0,0,1,0.25,0,95,3.5,0.25,0
2022-06-22 15:03:14,0,0,0.7537688,0.2512563,0,94.72362,3.768844,0.5025126,0
2022-06-22 15:03:13,0,0,2.743142,0.4987531,0,91.5212,4.987531,0.2493766,0
2022-06-22 15:03:12,0,0,1,1,0,95.5,2.25,0.25,0
2022-06-22 15:03:11,0,0,0.7518797,1.0025063,0,95.2381,2.756892,0.2506266,0
2022-06-22 15:03:10,0,0,0.9925558,0.248139,0,94.2928,3.722084,0.7444169,0
2022-06-22 15:03:09,0,0,1.010101,0.7575758,0,94.94949,3.282828,0,0
2022-06-22 15:03:08,0,0,3.233831,0.2487562,0,92.0398,4.228856,0.2487562,0
2022-06-22 15:03:07,0,0,1,0.25,0,95.75,2.75,0.25,0
2022-06-22 15:03:06,0,0,1,0.25,0,95.25,3,0.5,0
2022-06-22 15:03:05,0,0,0.9975062,0.2493766,0,91.77057,6.733167,0.2493766,0
2022-06-22 15:03:04,0,0,1.0050251,0.2512563,0,92.21106,6.532663,0,0
2022-06-22 15:03:03,0,0,0.75,0.25,0,90.5,8,0.5,0
2022-06-22 15:03:02,0,0,0.4987531,0,0,92.5187,6.733167,0.2493766,0
2022-06-22 15:03:01,0,0,0.2512563,0,0,93.46734,6.281407,0,0
2022-06-22 15:03:00,0,0,0.4975124,0.2487562,0,91.04478,7.960199,0.2487562,0
2022-06-22 15:02:59,0,0,0.25,0,0,92.75,6.75,0.25,0
2022-06-22 15:02:58,0,0,2.985075,0,0,90.04975,6.467662,0.2487562,0
2022-06-22 15:02:57,0,0,0.2493766,0.2493766,0,93.76559,5.486284,0.2493766,0
2022-06-22 15:02:56,0,0,0,0,0,94.97487,4.773869,0.2512563,0
2022-06-22 15:02:55,0,0,0,0,0,91.75,7.75,0.5,0
2022-06-22 15:02:54,0,0,0.2512563,0,0,90.45226,8.542714,0.5025126,0
2022-06-22 15:02:53,0,0,0.2487562,0,0,93.03483,6.218905,0.2487562,0
2022-06-22 15:02:52,0,0,0.2512563,0.2512563,0,90.45226,7.286432,0.5025126,0
2022-06-22 15:02:51,0,0,0.7556675,0.2518892,0,91.68766,6.04534,0.2518892,0
2022-06-22 15:02:50,0,0,0.7481297,0.2493766,0,96.00998,2.493766,0.2493766,0
2022-06-22 15:02:49,0,0,1.25,0.5,0,95.75,2.25,0.25,0
2022-06-22 15:02:48,0,0,1.2468828,0.9975062,0,94.26434,2.992519,0.4987531,0
2022-06-22 15:02:47,0,0,1.2562814,1.0050251,0,93.21608,4.522613,0,0
2022-06-22 15:02:46,0,0,1.25,0.75,0,94.25,3.5,0.25,0
2022-06-22 15:02:45,0,0,1.25,0,0,94.5,4,0.25,0
2022-06-22 15:02:44,0,0,0.9975062,0.7481297,0,94.76309,3.491272,0,0
2022-06-22 15:02:43,0,0,0.7481297,0,0,95.01247,3.990025,0.2493766,0
2022-06-22 15:02:42,0,0,1.2531328,0,0,96.49123,2.255639,0,0
2022-06-22 15:02:41,0,0,0.75,0.5,0,95.25,3.25,0.25,0
2022-06-22 15:02:40,0,0,0.7537688,0,0,96.98492,2.01005,0.2512563,0
2022-06-22 15:02:39,0,0,0.9950249,0.4975124,0,95.27363,2.985075,0.2487562,0
2022-06-22 15:02:38,0,0,0.7537688,0.5025126,0,95.9799,2.763819,0,0
2022-06-22 15:02:37,0,0,1.2468828,0.4987531,0,95.51122,2.493766,0.2493766,0
2022-06-22 15:02:36,0,0,1,1,0,94.5,3.25,0.25,0
2022-06-22 15:02:35,0,0,1.5,0.75,0,94.25,3.5,0,0
2022-06-22 15:02:34,0,0,1.2468828,0.9975062,0,93.51621,3.491272,0.4987531,0
2022-06-22 15:02:33,0,0,1.5037594,0.5012531,0,94.73684,3.258145,0,0
2022-06-22 15:02:32,0,0,3.740648,0.7481297,0,90.77307,3.990025,0.7481297,0
2022-06-22 15:02:31,0,0,0.9975062,0.4987531,0,95.7606,2.743142,0,0
2022-06-22 15:02:30,0,0,0.7537688,0.5025126,0,94.47236,3.768844,0.5025126,0
2022-06-22 15:02:29,0,0,0.75,0.5,0,94.75,3.75,0.25,0
2022-06-22 15:02:28,0,0,0.9975062,0.4987531,0,96.00998,1.995012,0.4987531,0
2022-06-22 15:02:27,0,0,0.75,0.5,0,95,3.5,0.25,0
2022-06-22 15:02:26,0,0,1,0.5,0,95.75,2.5,0.25,0
2022-06-22 15:02:25,0,0,1,0,0,95.75,3,0.25,0
2022-06-22 15:02:24,0,0,1.0025063,0.7518797,0,92.98246,5.263158,0,0
2022-06-22 15:02:23,0,0,1,0.75,0,93.25,4.25,0.5,0
2022-06-22 15:02:22,0,0,1.25,0.5,0,94.5,3.75,0,0
2022-06-22 15:02:21,0,0,1.25,0.75,0,92.5,5,0.5,0
2022-06-22 15:02:20,0,0,1.2531328,0.5012531,0,95.48872,2.756892,0,0
2022-06-22 15:02:19,0,0,1.2468828,0.2493766,0,92.01995,5.985037,0.4987531,0
2022-06-22 15:02:18,0,0,1.0025063,0.2506266,0,93.48371,5.263158,0,0
2022-06-22 15:02:17,0,0,1,0,0,96,2.5,0.5,0
2022-06-22 15:02:16,0,0,0,0,0,96.7581,2.992519,0,0
2022-06-22 15:02:15,0,0,0.2506266,0,0,94.98747,4.260652,0.5012531,0
2022-06-22 15:02:14,0,0,0,0,0,90,10,0,0
2022-06-22 15:02:13,0,0,0.4987531,0.2493766,0,95.26185,3.740648,0.2493766,0
2022-06-22 15:02:12,0,0,0,0,0,92.96482,6.532663,0.5025126,0
2022-06-22 15:02:11,0,0,0.2506266,0,0,93.73434,5.263158,0,0
2022-06-22 15:02:10,0,0,0.2506266,0.2506266,0,94.98747,4.010025,0.2506266,0
2022-06-22 15:02:09,0,0,0,0,0,96.00998,3.740648,0.2493766,0
2022-06-22 15:02:08,0,0,0.2493766,0,0,93.76559,4.987531,0.4987531,0
2022-06-22 15:02:07,0,0,0,0,0,93.23308,6.766917,0,0
2022-06-22 15:02:06,0,0,0.25,0,0,92,7.25,0.5,0
2022-06-22 15:02:05,0,0,0.2518892,0.2518892,0,81.86398,12.594458,0.2518892,0
2022-06-22 15:02:04,0,0,0.2544529,0.2544529,0,16.53944,0.5089059,0.2544529,0
2022-06-22 15:02:03,0,0,0,0,0,8.564232,0.7556675,0,0
2022-06-22 15:02:02,0,0,0.5050505,0.5050505,0,66.91919,3.535354,0.2525253,0.2525253
2022-06-22 15:02:01,0,0,0,0.75,0,54.25,2.75,0.25,0.5
2022-06-22 15:02:00,0,0,1.2376238,0.990099,0,40.09901,3.960396,0.2475248,1.4851485
2022-06-22 15:01:59,0,0,0.2493766,0.7481297,0,45.38653,4.488778,0.4987531,0.4987531
2022-06-22 15:01:58,0,0,0.4962779,1.4888337,0,20.09926,6.947891,0.248139,1.4888337
2022-06-22 15:01:57,0,0,0,2.463054,0,9.359606,2.216749,0.2463054,0
2022-06-22 15:01:56,0,0,0,0,0,0.7556675,1.763224,0,0
2022-06-22 15:01:55,0,0,0,0.2493766,0,0,0.2493766,0.4987531,0.2493766
2022-06-22 15:01:54,0,0,0,0,0,0,0.2512563,0,0
2022-06-22 15:01:53,0,0,0,0,0,0,0.2512563,0.2512563,0
2022-06-22 15:01:52,0,0,0,0,0,0,0.2512563,0,0
2022-06-22 15:01:51,0,0,0,0,0,0,0.5012531,0.5012531,0
2022-06-22 15:01:50,0,0,0,0,0,0.25,0.25,0.25,0
2022-06-22 15:01:49,0,0,0,0,0,0,0.5,0,0
2022-06-22 15:01:48,0,0,0,0,0,0,0.2531646,0.2531646,0
2022-06-22 15:01:47,0,0,0,0,0,0,0.5,0.25,0
2022-06-22 15:01:46,0,0,0,0,0,0,0,0,0
2022-06-22 15:01:45,0,0,0,0,0,0,0,0.2512563,0
2022-06-22 15:01:44,0,0,0.2463054,1.970443,0,0.9852217,15.517241,0.4926108,0.2463054
2022-06-22 15:01:43,0,0,0.2506266,1.0025063,0,6.516291,2.756892,0,0.2506266
